jupyter_notebooks/output.asc
NCOLS          59        
NROWS          54        
XLLCENTER      466095.00 
YLLCENTER      5181985.00
DX             10.00     
DY             10.00     
NODATA_VALUE   -999.00   
[rows 0 to 45 of 54, columns 0 to 58 of 59]
12.33 12.04 11.75 11.46 11.17 10.88 10.58 10.29 10.00 9.71 9.42 9.13 8.84 8.54 8.25 7.96 7.67 7.38 7.09 6.79 6.50 6.21 5.92 5.63 5.33 5.04 4.75 4.46 4.17 3.88 3.59 3.30 3.02 2.74 2.46 2.19 1.91 1.63 1.35 1.07 0.78 0.49 0.20 -0.11 -0.41 -0.72 -1.02 -1.33 -1.63 -1.93 -2.23 -2.53 -2.82 -3.12 -3.41 -3.70 -4.00 -4.29 -4.58
12.14 11.85 11.56 11.27 10.97 10.68 10.39 10.10 9.81 9.52 9.22 8.93 8.64 8.35 8.06 7.77 7.48 7.18 6.89 6.60 6.31 6.02 5.72 5.43 5.14 4.85 4.55 4.26 3.97 3.68 3.40 3.11 2.83 2.56 2.29 2.02 1.75 1.48 1.21 0.93 0.65 0.35 0.05 -0.25 -0.56 -0.88 -1.19 -1.50 -1.81 -2.12 -2.42 -2.72 -3.02 -3.31 -3.60 -3.90 -4.19 -4.48 -4.77
11.95 11.66 11.36 11.07 10.78 10.49 10.20 9.91 9.61 9.32 9.03 8.74 8.45 8.16 7.87 7.57 7.28 6.99 6.70 6.41 6.11 5.82 5.53 5.24 4.94 4.65 4.36 4.07 3.78 3.49 3.20 2.92 2.65 2.38 2.11 1.85 1.60 1.34 1.07 0.80 0.52 0.23 -0.08 -0.39 -0.71 -1.03 -1.35 -1.67 -1.99 -2.30 -2.60 -2.91 -3.21 -3.50 -3.80 -4.09 -4.38 -4.67 -4.97
11.75 11.46 11.17 10.88 10.59 10.30 10.00 9.71 9.42 9.13 8.84 8.55 8.25 7.96 7.67 7.38 7.09 6.80 6.50 6.21 5.92 5.63 5.33 5.04 4.75 4.45 4.16 3.87 3.57 3.29 3.00 2.73 2.46 2.20 1.94 1.70 1.45 1.20 0.95 0.68 0.41 0.11 -0.19 -0.51 -0.84 -1.17 -1.50 -1.83 -2.16 -2.48 -2.79 -3.09 -3.40 -3.69 -3.99 -4.28 -4.58 -4.87 -5.16
11.56 11.27 10.98 10.69 10.39 10.10 9.81 9.52 9.23 8.94 8.64 8.35 8.06 7.77 7.48 7.19 6.89 6.60 6.31 6.02 5.73 5.43 5.14 4.84 4.55 4.25 3.96 3.66 3.37 3.08 2.80 2.53 2.27 2.01 1.77 1.54 1.30 1.07 0.83 0.57 0.30 0.01 -0.30 -0.63 -0.97 -1.31 -1.65 -1.99 -2.33 -2.65 -2.97 -3.28 -3.58 -3.88 -4.18 -4.48 -4.77 -5.06 -5.35
11.37 11.08 10.78 10.49 10.20 9.91 9.62 9.33 9.03 8.74 8.45 8.16 7.87 7.58 7.28 6.99 6.70 6.41 6.12 5.82 5.53 5.24 4.94 4.65 4.35 4.05 3.75 3.45 3.16 2.87 2.59 2.32 2.07 1.82 1.59 1.37 1.16 0.94 0.71 0.46 0.20 -0.09 -0.41 -0.74 -1.09 -1.44 -1.80 -2.15 -2.49 -2.83 -3.15 -3.47 -3.77 -4.07 -4.37 -4.67 -4.96 -5.25 -5.55
11.17 10.88 10.59 10.30 10.01 9.72 9.42 9.13 8.84 8.55 8.26 7.97 7.67 7.38 7.09 6.80 6.51 6.22 5.92 5.63 5.34 5.04 4.74 4.44 4.14 3.84 3.54 3.24 2.94 2.65 2.37 2.10 1.85 1.62 1.40 1.20 1.00 0.80 0.58 0.35 0.09 -0.20 -0.52 -0.86 -1.22 -1.58 -1.95 -2.31 -2.66 -3.01 -3.33 -3.65 -3.96 -4.27 -4.56 -4.86 -5.15 -5.45 -5.74
10.98 10.69 10.40 10.11 9.81 9.52 9.23 8.94 8.65 8.36 8.06 7.77 7.48 7.19 6.90 6.61 6.31 6.02 5.73 5.44 5.14 4.84 4.54 4.24 3.94 3.63 3.32 3.02 2.72 2.42 2.14 1.88 1.63 1.41 1.20 1.01 0.83 0.64 0.44 0.21 -0.04 -0.33 -0.65 -0.99 -1.36 -1.73 -2.11 -2.48 -2.84 -3.18 -3.52 -3.84 -4.15 -4.46 -4.76 -5.05 -5.35 -5.64 -5.93
10.79 10.50 10.20 9.91 9.62 9.33 9.04 8.75 8.45 8.16 7.87 7.58 7.29 7.00 6.70 6.41 6.12 5.83 5.53 5.24 4.94 4.65 4.34 4.04 3.73 3.42 3.10 2.79 2.48 2.18 1.90 1.64 1.39 1.18 0.98 0.80 0.63 0.46 0.27 0.05 -0.19 -0.48 -0.80 -1.14 -1.51 -1.89 -2.28 -2.65 -3.02 -3.37 -3.71 -4.03 -4.34 -4.65 -4.95 -5.25 -5.54 -5.83 -6.13
10.59 10.30 10.01 9.72 9.43 9.14 8.84 8.55 8.26 7.97 7.68 7.39 7.09 6.80 6.51 6.22 5.93 5.63 5.34 5.04 4.75 4.45 4.14 3.83 3.52 3.20 2.88 2.56 2.24 1.94 1.65 1.39 1.15 0.93 0.75 0.58 0.42 0.25 0.07 -0.13 -0.37 -0.65 -0.97 -1.32 -1.69 -2.07 -2.46 -2.84 -3.20 -3.56 -3.90 -4.22 -4.54 -4.84 -5.14 -5.44 -5.73 -6.03 -6.32
10.40 10.11 9.82 9.53 9.23 8.94 8.65 8.36 8.07 7.78 7.48 7.19 6.90 6.61 6.32 6.03 5.73 5.44 5.15 4.85 4.55 4.25 3.94 3.63 3.31 2.98 2.66 2.33 2.00 1.69 1.40 1.13 0.89 0.68 0.50 0.33 0.18 0.02 -0.15 -0.35 -0.58 -0.86 -1.17 -1.52 -1.89 -2.27 -2.66 -3.03 -3.40 -3.75 -4.09 -4.41 -4.73 -5.04 -5.34 -5.63 -5.93 -6.22 -6.51
10.21 9.92 9.62 9.33 9.04 8.75 8.46 8.17 7.87 7.58 7.29 7.00 6.71 6.42 6.12 5.83 5.54 5.25 4.95 4.65 4.35 4.05 3.74 3.42 3.10 2.77 2.43 2.10 1.77 1.45 1.15 0.88 0.63 0.42 0.24 0.08 -0.07 -0.22 -0.39 -0.59 -0.82 -1.09 -1.40 -1.75 -2.11 -2.49 -2.87 -3.24 -3.60 -3.95 -4.29 -4.61 -4.92 -5.23 -5.53 -5.83 -6.12 -6.41 -6.71
10.01 9.72 9.43 9.14 8.85 8.56 8.26 7.97 7.68 7.39 7.10 6.81 6.51 6.22 5.93 5.64 5.34 5.05 4.76 4.46 4.16 3.85 3.54 3.22 2.89 2.55 2.21 1.87 1.53 1.21 0.91 0.63 0.38 0.17 -0.01 -0.17 -0.32 -0.48 -0.65 -0.84 -1.07 -1.34 -1.65 -1.98 -2.34 -2.71 -3.09 -3.45 -3.81 -4.16 -4.49 -4.81 -5.12 -5.42 -5.72 -6.02 -6.31 -6.61 -6.90
9.82 9.53 9.24 8.95 8.65 8.36 8.07 7.78 7.49 7.20 6.90 6.61 6.32 6.03 5.74 5.44 5.15 4.86 4.56 4.26 3.96 3.65 3.34 3.01 2.68 2.34 2.00 1.65 1.31 0.98 0.67 0.39 0.15 -0.07 -0.26 -0.42 -0.57 -0.73 -0.90 -1.10 -1.33 -1.60 -1.90 -2.23 -2.58 -2.94 -3.31 -3.67 -4.02 -4.36 -4.69 -5.01 -5.32 -5.62 -5.92 -6.21 -6.51 -6.80 -7.09
9.63 9.34 9.04 8.75 8.46 8.17 7.88 7.58 7.29 7.00 6.71 6.42 6.12 5.83 5.54 5.25 4.95 4.66 4.36 4.06 3.76 3.45 3.13 2.81 2.47 2.13 1.78 1.44 1.09 0.76 0.45 0.17 -0.08 -0.29 -0.48 -0.65 -0.81 -0.97 -1.15 -1.35 -1.58 -1.85 -2.15 -2.47 -2.82 -3.17 -3.53 -3.89 -4.23 -4.57 -4.89 -5.21 -5.51 -5.82 -6.11 -6.41 -6.70 -6.99 -7.29
9.43 9.14 8.85 8.56 8.27 7.97 7.68 7.39 7.10 6.81 6.51 6.22 5.93 5.63 5.34 5.05 4.76 4.46 4.16 3.86 3.56 3.25 2.93 2.60 2.27 1.92 1.57 1.23 0.88 0.56 0.25 -0.03 -0.28 -0.50 -0.69 -0.86 -1.02 -1.19 -1.37 -1.58 -1.81 -2.08 -2.38 -2.70 -3.05 -3.40 -3.75 -4.10 -4.44 -4.77 -5.09 -5.40 -5.71 -6.01 -6.31 -6.60 -6.90 -7.19 -7.48
9.24 8.95 8.66 8.36 8.07 7.78 7.49 7.20 6.90 6.61 6.32 6.02 5.73 5.44 5.14 4.85 4.55 4.26 3.96 3.66 3.35 3.04 2.72 2.39 2.05 1.71 1.36 1.02 0.68 0.36 0.06 -0.22 -0.46 -0.68 -0.87 -1.04 -1.21 -1.38 -1.57 -1.78 -2.02 -2.29 -2.59 -2.92 -3.26 -3.61 -3.96 -4.30 -4.64 -4.97 -5.29 -5.60 -5.90 -6.20 -6.50 -6.80 -7.09 -7.38 -7.67
9.05 8.76 8.46 8.17 7.88 7.59 7.29 7.00 6.70 6.41 6.11 5.82 5.53 5.23 4.94 4.64 4.35 4.05 3.75 3.45 3.14 2.83 2.50 2.17 1.83 1.49 1.14 0.80 0.47 0.16 -0.14 -0.40 -0.64 -0.85 -1.04 -1.21 -1.38 -1.55 -1.74 -1.96 -2.20 -2.48 -2.78 -3.11 -3.45 -3.80 -4.15 -4.50 -4.84 -5.16 -5.48 -5.79 -6.10 -6.40 -6.70 -6.99 -7.28 -7.58 -7.87
8.85 8.56 8.27 7.98 7.68 7.39 7.10 6.80 6.50 6.21 5.91 5.61 5.32 5.02 4.72 4.43 4.14 3.84 3.54 3.24 2.93 2.61 2.28 1.94 1.60 1.25 0.91 0.57 0.25 -0.06 -0.34 -0.59 -0.81 -1.01 -1.19 -1.36 -1.53 -1.70 -1.89 -2.11 -2.36 -2.65 -2.96 -3.29 -3.63 -3.99 -4.34 -4.69 -5.03 -5.36 -5.68 -5.99 -6.29 -6.59 -6.89 -7.18 -7.48 -7.77 -8.06
8.66 8.37 8.07 7.78 7.49 7.19 6.90 6.60 6.30 6.00 5.70 5.40 5.10 4.80 4.50 4.21 3.91 3.62 3.32 3.01 2.70 2.37 2.04 1.70 1.35 1.00 0.66 0.33 0.01 -0.28 -0.55 -0.79 -1.00 -1.18 -1.35 -1.51 -1.67 -1.84 -2.04 -2.26 -2.51 -2.80 -3.12 -3.45 -3.81 -4.17 -4.52 -4.88 -5.22 -5.55 -5.87 -6.18 -6.49 -6.79 -7.08 -7.38 -7.67 -7.96 -8.25
8.47 8.17 7.88 7.59 7.29 6.99 6.69 6.39 6.09 5.79 5.48 5.17 4.87 4.57 4.27 3.97 3.68 3.38 3.08 2.77 2.46 2.13 1.79 1.44 1.09 0.73 0.39 0.06 -0.25 -0.53 -0.78 -1.00 -1.20 -1.37 -1.52 -1.67 -1.82 -1.99 -2.18 -2.41 -2.66 -2.96 -3.28 -3.62 -3.98 -4.35 -4.71 -5.06 -5.41 -5.74 -6.06 -6.38 -6.68 -6.98 -7.28 -7.57 -7.86 -8.16 -8.45
8.27 7.98 7.69 7.39 7.09 6.79 6.49 6.18 5.88 5.56 5.25 4.94 4.63 4.32 4.02 3.72 3.43 3.13 2.83 2.52 2.20 1.87 1.52 1.17 0.80 0.44 0.10 -0.23 -0.53 -0.80 -1.04 -1.24 -1.41 -1.57 -1.71 -1.84 -1.99 -2.15 -2.34 -2.57 -2.83 -3.12 -3.45 -3.80 -4.16 -4.53 -4.90 -5.26 -5.60 -5.94 -6.26 -6.57 -6.88 -7.18 -7.47 -7.77 -8.06 -8.35 -8.64
8.08 7.78 7.49 7.19 6.89 6.59 6.28 5.97 5.65 5.33 5.01 4.69 4.37 4.06 3.76 3.46 3.16 2.87 2.57 2.27 1.94 1.61 1.25 0.89 0.51 0.14 -0.21 -0.54 -0.83 -1.09 -1.31 -1.50 -1.65 -1.79 -1.91 -2.04 -2.18 -2.34 -2.53 -2.75 -3.01 -3.31 -3.64 -3.99 -4.36 -4.73 -5.10 -5.46 -5.80 -6.14 -6.46 -6.77 -7.07 -7.37 -7.67 -7.96 -8.25 -8.54 -8.84
7.88 7.59 7.29 6.99 6.69 6.38 6.07 5.75 5.43 5.10 4.76 4.43 4.10 3.79 3.48 3.18 2.89 2.60 2.31 2.00 1.68 1.34 0.98 0.60 0.22 -0.15 -0.51 -0.84 -1.13 -1.38 -1.59 -1.76 -1.90 -2.03 -2.14 -2.26 -2.39 -2.55 -2.74 -2.97 -3.23 -3.53 -3.86 -4.21 -4.58 -4.95 -5.32 -5.67 -6.02 -6.35 -6.67 -6.98 -7.28 -7.57 -7.87 -8.16 -8.45 -8.74 -9.03
7.69 7.39 7.10 6.80 6.49 6.18 5.86 5.53 5.19 4.85 4.51 4.16 3.83 3.50 3.19 2.89 2.60 2.32 2.04 1.74 1.42 1.08 0.72 0.33 -0.06 -0.44 -0.80 -1.14 -1.43 -1.67 -1.87 -2.03 -2.16 -2.27 -2.38 -2.50 -2.63 -2.79 -2.98 -3.21 -3.48 -3.78 -4.11 -4.46 -4.83 -5.19 -5.55 -5.91 -6.24 -6.57 -6.88 -7.19 -7.48 -7.78 -8.07 -8.36 -8.64 -8.93 -9.22
7.49 7.20 6.90 6.60 6.29 5.97 5.64 5.31 4.96 4.60 4.25 3.89 3.55 3.22 2.90 2.61 2.33 2.05 1.78 1.49 1.17 0.84 0.47 0.09 -0.31 -0.70 -1.06 -1.40 -1.69 -1.93 -2.13 -2.28 -2.41 -2.52 -2.63 -2.75 -2.89 -3.05 -3.25 -3.49 -3.76 -4.06 -4.39 -4.74 -5.10 -5.46 -5.81 -6.16 -6.49 -6.80 -7.11 -7.41 -7.70 -7.98 -8.27 -8.56 -8.84 -9.13 -9.42
7.30 7.00 6.70 6.40 6.08 5.76 5.43 5.08 4.73 4.36 3.99 3.63 3.28 2.94 2.63 2.34 2.06 1.80 1.53 1.26 0.95 0.62 0.26 -0.12 -0.52 -0.91 -1.28 -1.62 -1.91 -2.15 -2.35 -2.50 -2.63 -2.75 -2.87 -3.00 -3.15 -3.32 -3.53 -3.78 -4.05 -4.36 -4.69 -5.04 -5.39 -5.74 -6.09 -6.42 -6.74 -7.05 -7.35 -7.63 -7.92 -8.20 -8.48 -8.76 -9.04 -9.33 -9.61
7.11 6.81 6.51 6.20 5.88 5.56 5.22 4.86 4.50 4.13 3.75 3.38 3.02 2.69 2.38 2.09 1.83 1.58 1.33 1.06 0.77 0.45 0.10 -0.28 -0.68 -1.07 -1.44 -1.78 -2.07 -2.32 -2.52 -2.69 -2.83 -2.96 -3.09 -3.24 -3.40 -3.60 -3.82 -4.08 -4.36 -4.67 -5.01 -5.35 -5.70 -6.05 -6.38 -6.71 -7.02 -7.31 -7.60 -7.87 -8.14 -8.42 -8.69 -8.96 -9.24 -9.53 -9.81
6.91 6.61 6.31 6.00 5.68 5.35 5.01 4.66 4.29 3.91 3.53 3.16 2.80 2.47 2.17 1.89 1.64 1.41 1.17 0.92 0.64 0.32 -0.02 -0.39 -0.78 -1.17 -1.54 -1.88 -2.18 -2.44 -2.65 -2.83 -2.99 -3.14 -3.30 -3.46 -3.65 -3.86 -4.10 -4.37 -4.67 -4.99 -5.32 -5.67 -6.02 -6.36 -6.69 -7.00 -7.30 -7.58 -7.85 -8.12 -8.38 -8.64 -8.90 -9.17 -9.45 -9.73 -10.01
6.72 6.42 6.12 5.81 5.49 5.16 4.81 4.46 4.09 3.71 3.33 2.96 2.62 2.29 2.00 1.75 1.51 1.29 1.06 0.82 0.56 0.25 -0.08 -0.45 -0.83 -1.21 -1.58 -1.92 -2.23 -2.50 -2.73 -2.93 -3.12 -3.29 -3.47 -3.67 -3.88 -4.11 -4.37 -4.66 -4.97 -5.30 -5.64 -5.99 -6.34 -6.68 -7.00 -7.30 -7.59 -7.86 -8.12 -8.37 -8.62 -8.87 -9.12 -9.38 -9.65 -9.93 -10.21
6.53 6.23 5.92 5.61 5.30 4.97 4.62 4.27 3.90 3.53 3.17 2.81 2.47 2.17 1.90 1.65 1.44 1.23 1.02 0.79 0.53 0.23 -0.10 -0.45 -0.82 -1.20 -1.57 -1.91 -2.23 -2.51 -2.76 -2.99 -3.21 -3.42 -3.63 -3.85 -4.09 -4.35 -4.63 -4.93 -5.26 -5.60 -5.95 -6.30 -6.65 -6.99 -7.31 -7.61 -7.88 -8.14 -8.38 -8.62 -8.86 -9.09 -9.34 -9.59 -9.86 -10.13 -10.40
6.33 6.03 5.73 5.42 5.11 4.78 4.44 4.10 3.74 3.38 3.03 2.69 2.37 2.09 1.84 1.62 1.42 1.22 1.02 0.80 0.54 0.26 -0.07 -0.41 -0.78 -1.15 -1.51 -1.86 -2.19 -2.49 -2.77 -3.02 -3.27 -3.51 -3.76 -4.01 -4.28 -4.56 -4.86 -5.18 -5.52 -5.87 -6.24 -6.60 -6.95 -7.29 -7.61 -7.90 -8.17 -8.41 -8.65 -8.87 -9.09 -9.32 -9.56 -9.80 -10.06 -10.33 -10.60
6.14 5.84 5.54 5.24 4.92 4.60 4.27 3.93 3.59 3.25 2.91 2.60 2.31 2.05 1.82 1.62 1.44 1.25 1.06 0.84 0.59 0.31 -0.01 -0.35 -0.71 -1.08 -1.44 -1.79 -2.12 -2.44 -2.75 -3.04 -3.32 -3.60 -3.88 -4.16 -4.45 -4.76 -5.08 -5.42 -5.77 -6.13 -6.50 -6.87 -7.23 -7.57 -7.89 -8.18 -8.44 -8.68 -8.90 -9.11 -9.32 -9.54 -9.77 -10.01 -10.26 -10.53 -10.80
5.95 5.65 5.35 5.05 4.74 4.42 4.10 3.78 3.45 3.13 2.82 2.53 2.26 2.03 1.83 1.65 1.48 1.30 1.12 0.90 0.65 0.37 0.05 -0.28 -0.64 -1.00 -1.35 -1.71 -2.06 -2.40 -2.73 -3.05 -3.37 -3.68 -3.99 -4.30 -4.62 -4.94 -5.28 -5.63 -5.99 -6.37 -6.74 -7.12 -7.48 -7.82 -8.14 -8.43 -8.68 -8.92 -9.13 -9.34 -9.54 -9.76 -9.98 -10.21 -10.46 -10.72 -10.99
5.75 5.46 5.16 4.86 4.56 4.25 3.94 3.62 3.31 3.01 2.72 2.46 2.22 2.01 1.83 1.67 1.51 1.35 1.16 0.95 0.70 0.41 0.10 -0.23 -0.58 -0.93 -1.29 -1.65 -2.01 -2.36 -2.72 -3.07 -3.42 -3.76 -4.10 -4.44 -4.78 -5.12 -5.47 -5.83 -6.20 -6.58 -6.96 -7.34 -7.70 -8.05 -8.36 -8.65 -8.90 -9.13 -9.35 -9.55 -9.75 -9.96 -10.18 -10.41 -10.66 -10.92 -11.19
5.56 5.27 4.97 4.67 4.37 4.07 3.77 3.47 3.17 2.89 2.62 2.38 2.17 1.98 1.82 1.67 1.52 1.36 1.18 0.96 0.71 0.42 0.12 -0.21 -0.55 -0.90 -1.26 -1.62 -1.99 -2.36 -2.74 -3.12 -3.49 -3.86 -4.22 -4.58 -4.94 -5.29 -5.65 -6.01 -6.39 -6.77 -7.15 -7.53 -7.89 -8.24 -8.55 -8.84 -9.09 -9.32 -9.54 -9.74 -9.94 -10.15 -10.37 -10.60 -10.85 -11.11 -11.38
5.37 5.08 4.78 4.49 4.19 3.89 3.60 3.31 3.02 2.76 2.51 2.28 2.09 1.92 1.77 1.62 1.48 1.32 1.13 0.91 0.66 0.38 0.07 -0.25 -0.58 -0.92 -1.28 -1.64 -2.02 -2.40 -2.80 -3.19 -3.59 -3.98 -4.36 -4.73 -5.10 -5.46 -5.82 -6.19 -6.56 -6.94 -7.32 -7.69 -8.06 -8.40 -8.71 -9.00 -9.25 -9.49 -9.70 -9.91 -10.12 -10.33 -10.55 -10.79 -11.04 -11.30 -11.57
5.18 4.89 4.59 4.30 4.00 3.71 3.42 3.14 2.87 2.61 2.37 2.16 1.98 1.81 1.67 1.52 1.38 1.22 1.02 0.80 0.55 0.27 -0.03 -0.35 -0.68 -1.01 -1.36 -1.72 -2.10 -2.50 -2.90 -3.31 -3.72 -4.13 -4.52 -4.90 -5.27 -5.64 -6.00 -6.36 -6.73 -7.10 -7.47 -7.84 -8.19 -8.53 -8.84 -9.13 -9.39 -9.63 -9.85 -10.07 -10.28 -10.50 -10.73 -10.97 -11.23 -11.49 -11.76
4.99 4.69 4.40 4.11 3.82 3.53 3.24 2.97 2.70 2.45 2.22 2.01 1.83 1.66 1.51 1.37 1.21 1.04 0.84 0.62 0.36 0.08 -0.21 -0.52 -0.84 -1.17 -1.51 -1.87 -2.25 -2.65 -3.06 -3.48 -3.90 -4.31 -4.70 -5.08 -5.45 -5.82 -6.17 -6.53 -6.89 -7.25 -7.61 -7.97 -8.31 -8.65 -8.96 -9.24 -9.51 -9.75 -9.99 -10.21 -10.44 -10.67 -10.90 -11.15 -11.41 -11.68 -11.95
4.79 4.50 4.21 3.92 3.63 3.34 3.06 2.78 2.52 2.27 2.04 1.83 1.64 1.47 1.31 1.15 0.99 0.80 0.60 0.37 0.11 -0.17 -0.46 -0.76 -1.07 -1.39 -1.73 -2.09 -2.47 -2.86 -3.27 -3.69 -4.11 -4.51 -4.91 -5.28 -5.65 -6.00 -6.35 -6.70 -7.05 -7.40 -7.75 -8.09 -8.43 -8.75 -9.06 -9.35 -9.62 -9.87 -10.11 -10.35 -10.59 -10.83 -11.07 -11.33 -11.59 -11.86 -12.14
4.60 4.31 4.02 3.73 3.44 3.15 2.87 2.59 2.33 2.08 1.84 1.63 1.43 1.24 1.07 0.89 0.71 0.52 0.30 0.06 -0.20 -0.47 -0.76 -1.05 -1.36 -1.68 -2.01 -2.36 -2.74 -3.13 -3.53 -3.94 -4.35 -4.75 -5.13 -5.50 -5.85 -6.20 -6.54 -6.87 -7.21 -7.54 -7.88 -8.21 -8.54 -8.86 -9.16 -9.45 -9.73 -9.99 -10.24 -10.49 -10.74 -10.99 -11.24 -11.51 -11.78 -12.05 -12.33
4.41 4.11 3.82 3.53 3.24 2.96 2.68 2.40 2.13 1.88 1.63 1.41 1.19 0.99 0.80 0.61 0.41 0.20 -0.03 -0.27 -0.54 -0.81 -1.10 -1.39 -1.69 -2.00 -2.33 -2.68 -3.05 -3.43 -3.83 -4.23 -4.62 -5.00 -5.37 -5.73 -6.07 -6.40 -6.72 -7.05 -7.37 -7.70 -8.02 -8.34 -8.66 -8.97 -9.27 -9.56 -9.84 -10.11 -10.37 -10.63 -10.89 -11.15 -11.41 -11.68 -11.96 -12.24 -12.52
4.21 3.92 3.63 3.34 3.05 2.76 2.48 2.20 1.93 1.67 1.42 1.18 0.95 0.73 0.52 0.31 0.09 -0.13 -0.37 -0.63 -0.89 -1.17 -1.45 -1.75 -2.05 -2.36 -2.69 -3.03 -3.39 -3.76 -4.14 -4.53 -4.90 -5.27 -5.62 -5.96 -6.29 -6.60 -6.92 -7.23 -7.54 -7.85 -8.17 -8.48 -8.79 -9.10 -9.39 -9.68 -9.97 -10.24 -10.51 -10.78 -11.05 -11.32 -11.59 -11.86 -12.14 -12.43 -12.71
4.02 3.73 3.44 3.15 2.86 2.57 2.28 2.00 1.73 1.46 1.20 0.95 0.71 0.47 0.24 0.01 -0.22 -0.46 -0.71 -0.98 -1.25 -1.53 -1.81 -2.11 -2.41 -2.72 -3.05 -3.39 -3.74 -4.10 -4.47 -4.83 -5.19 -5.54 -5.87 -6.20 -6.51 -6.81 -7.11 -7.41 -7.72 -8.02 -8.32 -8.63 -8.93 -9.23 -9.53 -9.82 -10.10 -10.38 -10.66 -10.94 -11.21 -11.49 -11.76 -12.05 -12.33 -12.61 -12.90
3.83 3.53 3.24 2.95 2.66 2.37 2.09 1.80 1.52 1.25 0.98 0.72 0.47 0.22 -0.03 -0.28 -0.53 -0.78 -1.04 -1.31 -1.59 -1.87 -2.16 -2.46 -2.76 -3.07 -3.40 -3.73 -4.08 -4.43 -4.78 -5.13 -5.47 -5.80 -6.12 -6.43 -6.73 -7.02 -7.31 -7.60 -7.90 -8.19 -8.49 -8.79 -9.09 -9.38 -9.68 -9.97 -10.26 -10.54 -10.82 -11.10 -11.38 -11.66 -11.95 -12.23 -12.52 -12.80 -13.09
3.63 3.34 3.05 2.76 2.47 2.18 1.89 1.60 1.32 1.04 0.77 0.50 0.23 -0.03 -0.29 -0.55 -0.81 -1.08 -1.35 -1.62 -1.91 -2.19 -2.49 -2.79 -3.09 -3.41 -3.73 -4.06 -4.40 -4.74 -5.08 -5.42 -5.74 -6.06 -6.36 -6.65 -6.94 -7.22 -7.51 -7.79 -8.08 -8.37 -8.66 -8.96 -9.25 -9.55 -9.84 -10.13 -10.42 -10.71 -10.99 -11.28 -11.56 -11.85 -12.13 -12.42 -12.71 -13.00 -13.28
