data/raw/EC_data/aes_spr_ec.asc
NCOLS 60 
NROWS 55 
XLLCORNER 466089.999999703 
YLLCORNER 5181969.99987879 
CELLSIZE 10 
NODATA_value -9999 
[rows 24 to 47 of 55, columns 0 to 53 of 60]
-9999 -9999 -9999 -9999 -9999 -9999 -9999 21.2883930296389 22.8945749240471 24.1998777190305 24.8469516920151 24.9261372131754 25.2556752614141 26.1096954840047 27.2108286708272 28.706900951156 30.9180433248092 33.3852283798933 36.4986339708526 39.1053450481151 40.5849767426271 39.9512543599918 37.4963736454291 34.9680957002609 32.4129587239637 29.7322920798429 27.1115905229069 23.6811166563217 19.7063784951089 18.987603164553 20.3476743924068 23.4258890838837 27.2132052206255 30.8617497873217 33.9633443383494 36.1308662223574 35.9442035572856 32.4255292038611 28.0186816208423 24.9486563200306 23.5693899478101 23.3182935808767 23.9880965748139 26.9554811348534 31.5255797850374 33.8545101066161 31.9844649506936 28.1203680595893 25.2438312680301 23.4038970401946 22.7823849562518 21.7498151853641 19.5903220674621 17.8337419062476
-9999 -9999 -9999 -9999 -9999 -9999 -9999 21.5923484267516 24.2278233245586 25.8399013960366 27.2291049436563 27.5884587663416 27.3346762883411 28.3447106817263 29.3857075843654 30.9431768571377 33.0718861710291 35.8659725890995 38.4213655677502 39.0975084269139 38.6968522308637 37.4136372809075 35.9439806186871 34.2435110983947 31.9108875891627 27.3256261556697 23.0789113690432 18.6487622738396 16.9025854203007 17.3252268797399 19.0016624789327 23.4438455490855 28.1128797620815 32.4497032589453 36.0010893606623 39.3349654455284 40.7161703702303 36.0390653818074 30.0867303174848 24.4606626047438 22.0044740716909 22.0442651085194 22.9309241042331 25.5967272418181 29.6049330587499 32.3831236093342 30.3905549727302 26.6447464391832 24.468020235166 23.416657378583 22.4984049397603 21.4507017496394 19.9289153205691 18.1264282219071
-9999 -9999 -9999 -9999 -9999 -9999 -9999 23.1684963376046 26.9132018246843 29.4524595537869 31.1026436952582 31.8229679161058 31.3210805438076 30.8142448970704 31.3942167838158 32.6728275593868 34.4224700197879 36.8462836619971 38.415507162572 37.5822726368253 35.8678905377089 34.1115330443738 33.1213078702336 31.5999004101751 29.1639098295046 25.0435106122097 20.8229717318833 16.8440795300693 16.6726780189161 17.9832032141674 21.0263539770926 24.946636491879 28.7665662927282 32.6741816027799 36.4452222614758 39.7118369282437 41.5340961527153 39.1974110982033 34.5692587892108 28.3581614594516 22.0504961408004 20.9513401381113 22.2999366126274 24.3864745721161 27.0998793653388 28.9540998091468 28.4174132198485 26.099976240795 24.4799773722437 23.5577444354859 22.6189783018132 21.919412109131 21.5159297409471 20.8865197933633
-9999 -9999 -9999 -9999 -9999 -9999 22.4713162972002 25.9044474727111 30.7773879624039 34.8732402890855 36.7704630539399 36.6409604594285 35.8527655553202 34.0279595605075 32.9737758863954 33.0917140358966 34.4481951981591 36.545609420053 37.2564127407499 35.9321164091825 32.8102721803468 30.7532279609172 29.7946542391547 28.7042364713142 26.7010067288289 23.3801729487552 19.4813248187764 17.5019689015091 18.2787936981338 20.6192155692707 23.6471975581869 26.5482761425315 28.790380116495 31.5502976709045 34.5583568175761 37.0717730130783 38.8695402407081 38.8944645958303 36.8409742172972 32.8167334314204 26.1090520532454 21.5982101023466 21.6088482328035 23.3155948692456 25.08765717263 26.3365600940591 26.716855175559 25.9166166815095 25.1488452092809 23.6739691722701 23.0803883268219 23.2870263226101 24.0226794271867 25.2400631119635
-9999 -9999 -9999 -9999 -9999 -9999 24.1294257912287 28.4182215618928 32.5485050000335 41.0382498632619 40.7550032350054 39.7800389909203 38.1312207360162 34.4618503019261 32.2731282187743 32.4161644069038 34.3837462329664 36.5671803610966 36.7514119363602 34.2285374508224 30.0248502921656 27.000416993242 26.5648916352435 25.9876865524091 24.6925074049463 22.027171959083 19.6664260916482 18.9539401673659 20.7819861762998 23.6408941020034 26.1430897552686 26.6560278871566 27.072591424618 28.4567413773243 30.435044589196 32.7085521064022 34.6807043637733 35.9234998701504 36.1667922261204 34.921671988837 29.4172631392463 23.6488001215059 21.3866876765226 22.408721845443 24.2105094259927 25.4069488793087 25.8309869293339 25.6900304083522 25.3593686867699 23.9490368940001 23.5219910907031 24.7256232633983 26.5185158093154 29.7429741075382
-9999 -9999 -9999 -9999 -9999 -9999 23.9739262778035 29.3426566283446 33.8906266389646 39.7382426847526 41.0049949371002 39.34523219464 36.1078221326902 32.0720093266413 30.0824722151825 31.4552379727294 33.9834782129883 36.6188980042508 36.4439452069212 33.1515146869101 28.6299067308609 25.0718241105511 24.015831965165 23.523611608979 22.6790819613311 21.2373951397664 20.6366134500679 21.4053990234428 23.7203946265808 26.0000842614828 27.2450041169443 26.3087367178681 24.8019840693925 23.9325515217235 24.9528409421706 26.5387868500768 28.8453333593049 31.3604036488438 33.3513509722687 33.7568838065967 30.3963997370215 25.206819177448 21.9148226681725 21.9052530399919 23.2376846887955 24.1983017279801 24.3422885034744 24.2182636402016 24.1027993708459 23.5830893038601 23.7203552466317 25.5040064054306 27.8978030700772 30.7720358154016
-9999 -9999 -9999 -9999 -9999 20.3922687129321 23.5885648226005 29.3058200454054 33.5280958407791 36.8862932292012 38.0911718219202 35.562895535703 31.5378017050868 28.3057335683146 28.0369244281124 30.3733528405452 34.258089970654 36.9583375516858 36.2709942919617 32.5403428480179 27.3788461298075 23.3659026645399 21.6661182081479 20.7810191264598 20.563769744495 22.0575053402576 23.0814519830688 24.1850114760165 25.686106494127 27.0940055868213 27.4638605395799 26.1247801567983 24.1139097679474 21.6460962220713 20.6771956287089 20.7588121243051 23.1769983512494 27.0530450096431 30.2942843138055 31.7383532232716 29.6809559797108 25.2558162918016 22.1552516251438 21.437591406967 21.9273790461535 22.8329389378206 22.6775805123756 22.3833891091704 22.6962592905016 22.7680164271942 23.2965195601176 24.866288048367 27.0517215728087 28.8370119237808
-9999 -9999 -9999 -9999 -9999 21.1853291082698 23.5747209231358 27.9251891321008 31.6835108430298 34.6003627137742 34.7393934077033 31.5989452622798 27.1517190228849 25.8504538983265 26.628417829036 29.150758546696 34.3414729021864 36.8172195765112 36.2619767472278 31.9155938234826 25.8503242536004 20.6282580975919 19.7215455758784 18.5965897812271 21.6403285602497 24.6575361727152 26.2153190982498 26.7963836785452 27.5127963970325 27.9941996898254 26.8145138147235 25.7400543917035 24.4445649213119 22.8323422656267 21.4996446591255 20.3596338291431 20.9303840312185 25.0466374056326 28.4167959189672 29.3126954160725 27.7152241949051 24.1947808270712 21.387578864781 20.490259844776 20.8439441038039 21.2399116629543 21.0298560449852 20.708252638131 20.6093472961478 21.4650763301727 22.4868836393939 24.1406348551999 25.1941110795742 25.9309546898683
-9999 -9999 -9999 -9999 19.724870453655 21.0759285051543 23.6304760421349 27.6869458096635 31.1267236988834 32.8947894934819 32.6435210810672 30.0521414143055 27.1863686077499 26.894591314466 27.6479204282503 29.8648039544333 33.060100387423 34.2027635702386 33.0877934139326 29.6405757855479 25.0201551920707 20.6926468884415 19.1398695199606 19.6706881252862 24.3308133501149 27.7630119747759 29.9378487709022 30.2124727257183 30.2218394858254 29.4746817345603 27.4022445446196 26.3275478411874 25.7517356191751 25.1468685675676 24.2309230911361 23.2741391580848 23.7808473733027 26.3028251956298 28.3054870237139 28.1327734615869 26.1802461785108 23.2600978494601 20.6009766341595 19.7328314686369 20.2202527806967 19.7871293189294 19.4640887229688 19.0913754524049 18.9750619283666 19.9895599961615 20.981762338143 22.2291984903135 23.0364643107502 23.048293165203
-9999 -9999 -9999 -9999 21.6304961677999 23.0467435208163 25.2496680023385 29.0748830624844 32.1464913892645 32.892308095991 32.1182094013769 30.7517723437618 29.4182231155196 28.8053601689212 28.9081535464438 29.6098366547245 29.8343686845689 29.3287152012085 28.0948828746433 26.1519621303023 24.0122767018675 21.8898979946291 19.9795054458195 23.3752800329216 27.560709539683 31.1197031984823 33.4323936414306 34.0567515174086 33.0778035634603 31.2474849988604 29.0774422801988 27.7976653524283 27.9012401658776 27.568624241614 27.1127659124152 27.0506714086694 27.4584108947848 28.8850348215413 29.3206136561844 27.7270047978057 25.0515953440336 22.076715324505 20.0432357906812 19.2187486439026 19.6757112731068 19.191776702499 18.72643433908 17.9679076937678 18.2267492414466 18.8226649297969 19.6110203193054 20.1098340352366 21.1254038094715 21.2202805849826
-9999 -9999 -9999 -9999 23.0173530995269 24.2566566032307 26.5014212396405 29.7333956764168 31.9870957937985 32.2379557447359 31.5641978467151 31.3424261357269 31.2176195607823 29.6810559590004 28.4383749376792 26.9490320444362 25.2643839383125 23.6937873275974 22.4309899028487 22.4278089614321 22.2335339374051 22.5538586745368 24.5586028753245 27.3568739781819 30.5152162592273 33.1280250532805 35.1717631315602 36.8017693756109 35.2305985541855 33.4991757858032 32.0124959016935 30.8766369732388 31.0522105344036 30.4162774965238 29.5720201674162 29.7742281291938 30.3222057962291 31.1787881034054 31.3589354866956 28.1886748089068 24.3282574976921 21.152776471886 19.0553606591572 18.5551533091708 18.8391528769301 18.3381635004748 18.2027080551761 17.3654340889519 17.3416782007006 17.9641728465361 18.5199063919264 18.6599870534515 19.9013052669237 20.0819217341472
-9999 -9999 -9999 25.1276205409012 24.8144117360092 25.5130864756314 26.8332551321069 28.8812420443601 30.3378308468551 30.3059634489041 29.9633774697377 29.6745060561063 29.4181742298184 28.1652435642563 26.2855073599642 23.3600230809044 21.2280547769542 19.9289018097841 19.0606652503175 18.8682968394215 20.1096970536196 24.0633635910699 27.540462299168 30.7055720116476 32.62278850643 32.8072434625967 33.455533163557 34.2871674239252 34.5858683319725 34.7016432283214 34.6274522570733 34.5237102050922 34.8142375412222 34.7347504470375 32.7038629381019 32.4446769452201 32.7156504802298 32.8692943443093 32.1759074131571 28.7302044877166 24.4199092522911 21.2648911560086 19.0662218946917 18.2468244743832 18.4522260256548 17.6956991440365 17.7383239150967 17.2360501024377 16.9412677714133 17.3984616252282 18.214259990973 18.8520924662383 19.4220748707706 -9999
-9999 -9999 -9999 28.2767661147625 27.2983895159916 25.9721354384279 25.7319878328802 26.934131295131 28.2312869833212 28.6674315562015 28.5299756831559 27.3154549298904 26.252164397657 24.9543919956098 22.9564295022285 20.681470914821 18.7940804677243 17.3931043098776 16.7062331610696 17.8142050981393 20.4932724648836 24.3109298493553 28.9758591667853 32.8985444057736 34.3522101996729 32.2378137693447 29.7468803030461 29.4405446407654 31.0098899153704 33.8769977279301 35.93829248361 36.6798423327552 36.8493818381399 35.8938865877656 34.5403229735272 34.3486853268761 34.9033101490246 35.2805968539716 34.2257216102978 30.6154555842171 25.4453218433473 21.3024250499258 19.1053295837759 18.4775628862054 18.6382657128156 17.9812017999915 17.6491422710623 16.9914351167433 16.7268847532771 17.3088430679122 18.1517480962928 18.8908845522621 -9999 -9999
-9999 -9999 -9999 31.9835258010287 28.6595235752003 25.4620771928094 24.1226997100698 26.0760557130175 27.9432332223289 28.6917625951893 27.8950639643254 25.909968230399 24.3175470353351 23.6059821530739 22.0024943534185 19.8633890160849 18.9111873001467 17.3482577969788 17.510135353662 19.2097867788015 21.1922895917954 24.4672900171091 30.2695575644122 34.9296934803391 36.3380050596254 31.7083254565558 26.3547205409878 23.2158979279962 25.7913892468583 30.7475193808809 35.3425821193937 35.828211299683 35.0971244111579 34.2516973550907 33.2988737720572 33.5706175268484 34.9448075442536 36.2534222375771 36.3633914290795 33.7823455912695 26.9581898534339 21.2663908868863 18.6018464126047 18.1487870712752 18.3708416610392 18.0184239015025 17.5138890591003 16.7695703203207 15.8236770968665 17.0656516880678 18.0419532483325 -9999 -9999 -9999
-9999 -9999 -9999 30.6897449327333 28.1390483790497 25.2961293580041 24.6168418611308 26.6738685579932 29.3457115298493 30.2776556457917 29.0121153936201 26.7747553327443 26.1242624019672 25.9475402085363 24.8840763711301 23.0248717289524 20.9737093478804 18.4468193142334 19.1339728520068 21.2832591595553 24.1882966913699 27.7974377251147 32.647477149787 35.4524886515575 34.6810488041327 30.4421508897737 24.7971231096669 20.1680942866157 20.0788601505594 25.4769755277481 29.8605074592369 31.0603874367205 29.9953965745429 29.3551750900548 29.3071024133862 30.2448288363949 32.6933585387923 35.0602039991252 35.4299614211238 33.0682806674336 27.0132858156855 21.2968026256183 18.1614076282424 17.3267800534039 17.7813218031901 17.7594135620855 17.4931016590395 17.1118238854545 16.6043900663678 -9999 -9999 -9999 -9999 -9999
-9999 -9999 27.1007113570056 27.7186183620902 26.4100624314297 24.8691568553539 25.5687963833308 28.3468956706306 31.5801071127559 32.4520713295885 31.0984889774273 29.2468152045669 29.3117554167499 30.1137744614757 29.5275576252177 27.2011527930433 23.3600672698314 19.3039790032259 21.2227061097388 24.5151576601222 28.1359887517025 32.5493222340904 36.1623993137459 37.0493770056881 35.056772106545 30.264216513827 24.5125633225001 20.0640895146969 18.0179443216459 19.5058156632245 23.0360105575489 24.5267936151427 23.982974981261 23.7098736192545 24.7649175521206 26.4090228914594 29.3404382528297 32.2176783765356 33.0573120155546 30.7247257991465 25.7242315651796 20.872410372235 17.336048230525 16.3962105764524 16.9894182488205 17.17914035309 17.4194480566783 17.1663466196028 -9999 -9999 -9999 -9999 -9999 -9999
-9999 -9999 24.5250468479588 25.1797529533236 24.8674229169833 24.7793368939522 26.8338609414681 30.7635092244132 34.2291761583465 35.0614263077336 33.2276023010834 32.267489379811 32.1354060091949 33.0129884769983 32.6078706795169 29.7726530074207 23.8307639301391 20.3233087635907 22.4356691970935 26.4424068875035 31.2288604860613 35.862580070956 38.1598869278369 38.8145066943686 36.5583104186474 30.7000701833769 25.0259059003893 20.4564162452729 19.0004908538631 18.8483011336347 19.8051968561042 21.2805521081784 20.6763719925809 20.0438635652458 22.4028079811223 24.3828917129735 26.0905257921754 29.232208481895 30.5104861309019 28.3761265471029 23.9697548708001 19.4415495009234 16.3367026589337 15.9018813696472 16.1823777246197 16.2598981059006 -9999 -9999 -9999 -9999 -9999 -9999 -9999 -9999
-9999 -9999 -9999 -9999 -9999 22.9773112428799 25.6358270997679 31.7289526788907 35.935746156564 36.3733917098676 35.1871861128753 34.3308604460854 34.0044498372728 33.7441674853263 31.867207994746 27.7138159361959 22.5450085081558 20.7108087178659 23.1393444792961 27.1609638149749 31.8522350458481 35.9974599187365 37.9952323650452 38.0511364026561 34.9429364599942 30.390284070001 26.1280085730498 22.4776729667611 20.8868372015316 21.0752846546793 21.5073964091883 21.6019185601223 20.8784277125047 20.628706495063 22.2340356837427 23.6940848233085 24.8645824263566 26.6830313314389 27.2413869346613 25.533181863562 21.789191347629 18.5467317840053 16.8777568546654 16.5369610882957 -9999 -9999 -9999 -9999 -9999 -9999 -9999 -9999 -9999 -9999
-9999 -9999 -9999 -9999 -9999 -9999 -9999 -9999 32.875001760709 37.3447390702637 36.5753422918047 35.4233113415696 34.5622806433008 32.5863586335655 28.5141764447761 24.3430934904486 20.8161230958905 19.9977783266014 23.3102151590321 26.6980711305851 29.8681439710326 33.0738426515355 36.2036575802154 37.0355164197086 34.2181139496748 29.9156339333003 26.8827427494008 24.1214183281932 23.6834147747583 24.4572078439308 24.4375873997249 23.5739152326055 22.8492492930396 22.6526127178058 23.4575377690168 24.1054779782419 24.6109752945836 24.6840811681255 23.792715464553 21.9936353036277 19.8393672923625 18.2968692521778 -9999 -9999 -9999 -9999 -9999 -9999 -9999 -9999 -9999 -9999 -9999 -9999
-9999 -9999 -9999 -9999 -9999 -9999 -9999 -9999 -9999 30.4816808753387 35.0549836953481 36.0522097995499 35.3317200027085 31.7291389452353 26.5152777300483 21.8327773521091 19.8358511637267 19.6722397191301 23.8415246756144 26.1948555119341 27.2397363394879 28.3657641618547 33.2812594703478 36.2530252875042 35.3398075672066 29.9251226320609 26.2997969280244 24.3675288405603 25.8943917259304 28.1388985541481 27.0873148982143 26.0965791901925 24.9529103631701 23.8985417923735 24.2266958384188 24.7826217145571 24.0287986733024 22.9195512891342 20.6865422927075 18.7323937275255 18.3048649694814 -9999 -9999 -9999 -9999 -9999 -9999 -9999 -9999 -9999 -9999 -9999 -9999 -9999
-9999 -9999 -9999 -9999 -9999 -9999 -9999 -9999 -9999 -9999 -9999 29.8969238238076 34.0022855073041 32.0877370542864 27.4158744357495 23.4694004866263 20.7791113809761 21.071676618868 24.1129630781014 25.7984161023211 26.4479381991601 27.325913587129 31.3136972741885 34.6170763434772 34.1688982082162 29.9976264470398 26.2550024313256 25.3393243953618 26.7477607724659 28.6601426519488 28.8121154129116 28.0563749958691 26.8475368360667 25.7034595458777 25.0007069215406 24.4766200439198 23.2215238231052 21.0469161368011 18.6703175481386 17.5633076019923 -9999 -9999 -9999 -9999 -9999 -9999 -9999 -9999 -9999 -9999 -9999 -9999 -9999 -9999
-9999 -9999 -9999 -9999 -9999 -9999 -9999 -9999 -9999 -9999 -9999 -9999 -9999 30.4913761927084 29.909995073391 26.334054299154 22.5859948679787 23.6413849037117 25.4702750950523 26.4065898237383 26.7559722262156 27.7406682436943 30.4418894984271 32.9333642741616 32.5615841022436 29.8549189016262 26.6189767963268 25.5007352198323 26.4408741695146 27.9291613656911 28.4811271001829 28.4165944972869 27.4797827675477 25.9455661502683 24.9535451582731 23.326455618254 21.7057222818922 19.4393885703818 18.1374610959891 -9999 -9999 -9999 -9999 -9999 -9999 -9999 -9999 -9999 -9999 -9999 -9999 -9999 -9999 -9999
-9999 -9999 -9999 -9999 -9999 -9999 -9999 -9999 -9999 -9999 -9999 -9999 -9999 -9999 30.2138326788093 28.9524519742009 25.2473144409031 26.4947596520982 27.3248123171608 27.4665674595252 27.4636197423392 28.0031531296412 29.932667258929 31.4629640352639 31.4361277964628 29.4814392648162 26.472312912351 25.0352518083788 25.1698324872332 26.3232206410808 27.0790755716581 27.2423154896676 26.4486031142279 25.2953172250918 23.3962340786328 21.2682380502396 20.001383696948 19.1019942491961 -9999 -9999 -9999 -9999 -9999 -9999 -9999 -9999 -9999 -9999 -9999 -9999 -9999 -9999 -9999 -9999
-9999 -9999 -9999 -9999 -9999 -9999 -9999 -9999 -9999 -9999 -9999 -9999 -9999 -9999 -9999 27.8257369968509 27.6499475897082 28.3896515860687 29.1821026359311 29.392304424759 29.0847123112598 28.6513490023438 29.1926080950864 29.6987231833454 29.4846144156778 28.179462291946 26.3687665171956 24.8262233260454 24.2871867447046 24.4408712462896 25.0592416634185 25.27347066153 24.539623518871 23.3049978820043 21.8347091640472 19.9658916023591 19.600187525198 -9999 -9999 -9999 -9999 -9999 -9999 -9999 -9999 -9999 -9999 -9999 -9999 -9999 -9999 -9999 -9999 -9999
