data/soil_depth/J_soil.depth.asc
ncols        80
nrows        71
xllcorner    516810.000000000000
yllcorner    5168960.000000000000
cellsize     10.000000000000
[rows 22 to 43 of 71, columns 0 to 49 of 80]
1.#QNAN 1.#QNAN 1.#QNAN 1.#QNAN 1.#QNAN 1.#QNAN 1.#QNAN 1.#QNAN 1.#QNAN 1.#QNAN 137.40603637695312 135.5015869140625 134.45335388183594 131.09671020507812 125.98014068603516 125.48196411132812 126.03298187255859 128.2982177734375 124.86733245849609 126.14592742919922 120.86296081542969 122.36052703857422 123.39755249023437 124.58007049560547 122.51751708984375 118.67704010009766 124.49236297607422 124.62973785400391 126.03839111328125 122.74958801269531 126.65606689453125 130.06718444824219 133.04386901855469 129.840087890625 129.19731140136719 129.13233947753906 125.9810791015625 115.84911346435547 107.96115112304687 101.44161987304687 84.922538757324219 70.616981506347656 88.379951477050781 95.243057250976563 98.058395385742188 90.635551452636719 58.830272674560547 63.635326385498047 83.057304382324219 100.82002258300781
1.#QNAN 1.#QNAN 1.#QNAN 1.#QNAN 1.#QNAN 1.#QNAN 1.#QNAN 1.#QNAN 131.87995910644531 130.02041625976562 129.64839172363281 128.94367980957031 127.41591644287109 125.32833862304687 121.28976440429687 117.365234375 116.18820953369141 117.67166137695312 104.81422424316406 110.05834197998047 115.91789245605469 119.75457763671875 121.69281768798828 121.38597869873047 120.04283142089844 115.41329193115234 111.21820068359375 122.87258148193359 124.55270385742187 120.25242614746094 122.99662017822266 125.12940216064453 127.08349609375 125.14282989501953 120.61594390869141 115.81816864013672 109.64339447021484 92.621200561523438 101.940673828125 98.686973571777344 80.775260925292969 80.000831604003906 88.566184997558594 96.431236267089844 99.811309814453125 96.79083251953125 92.517929077148438 97.928215026855469 111.51293182373047 114.67498016357422
1.#QNAN 1.#QNAN 1.#QNAN 1.#QNAN 1.#QNAN 1.#QNAN 1.#QNAN 123.93122100830078 118.98199462890625 121.99446105957031 124.72160339355469 125.54618835449219 124.03240966796875 123.09980010986328 119.70191192626953 112.19536590576172 105.99762725830078 104.14316558837891 97.228874206542969 101.41362762451172 107.63253021240234 113.70114135742187 119.01201629638672 120.64653778076172 117.57318115234375 106.91931915283203 107.24644470214844 116.12306976318359 122.45695495605469 116.01934051513672 116.74158477783203 121.33061981201172 119.17758178710937 112.96572875976562 106.77174377441406 99.473983764648438 95.120475769042969 93.908470153808594 80.760971069335937 96.550949096679688 83.009788513183594 86.262924194335938 93.473800659179688 99.195968627929688 103.55082702636719 104.48210906982422 104.55142974853516 112.85362243652344 117.80313873291016 120.79133605957031
1.#QNAN 1.#QNAN 1.#QNAN 1.#QNAN 1.#QNAN 1.#QNAN 123.72255706787109 113.06023406982422 110.37867736816406 112.99275207519531 116.84135437011719 120.21072387695312 122.23928070068359 121.58930969238281 119.26177978515625 117.10675811767578 105.58259582519531 95.8680419921875 88.14727783203125 97.176094055175781 101.35128784179687 109.38381195068359 115.55418395996094 115.92797088623047 105.04769134521484 95.816452026367188 92.308128356933594 99.251922607421875 110.98563385009766 116.18614959716797 115.47573089599609 114.72072601318359 111.88211059570312 104.66586303710937 94.60992431640625 85.913833618164063 86.25872802734375 83.159584045410156 94.719490051269531 88.983474731445313 80.200767517089844 84.992347717285156 90.767158508300781 97.159736633300781 103.73719787597656 103.04146575927734 123.12184906005859 107.21067047119141 108.33214569091797 121.95902252197266
1.#QNAN 1.#QNAN 1.#QNAN 1.#QNAN 1.#QNAN 132.77867126464844 121.12995147705078 115.02049255371094 112.85289764404297 113.29529571533203 115.25728607177734 118.68685913085937 122.34082794189453 124.25035858154297 124.81424713134766 124.07839202880859 118.81575775146484 110.85932159423828 100.00566101074219 102.71962738037109 105.40348052978516 108.62892913818359 102.22720336914062 100.12432098388672 93.10198974609375 90.183914184570313 81.983024597167969 87.559783935546875 95.926521301269531 108.977294921875 109.2431640625 109.90999603271484 105.47552490234375 99.692764282226563 92.627922058105469 82.919425964355469 82.068763732910156 91.980239868164063 91.857521057128906 73.804733276367188 75.577537536621094 75.586082458496094 76.848388671875 81.665000915527344 91.7791748046875 94.776657104492188 109.07069396972656 104.82068634033203 118.82009887695312 121.26670837402344
1.#QNAN 1.#QNAN 1.#QNAN 1.#QNAN 1.#QNAN 133.9822998046875 131.77909851074219 130.14596557617187 130.49566650390625 129.57670593261719 127.68002319335937 126.12688446044922 127.10551452636719 130.01469421386719 132.25465393066406 133.34098815917969 132.99508666992187 121.44061279296875 117.00385284423828 115.26904296875 113.98800659179687 101.99152374267578 98.001312255859375 90.892204284667969 87.217697143554688 75.282806396484375 67.832420349121094 77.442916870117188 96.406944274902344 95.178184509277344 104.26255798339844 104.84011077880859 102.79080963134766 99.275238037109375 92.469894409179687 85.835044860839844 80.071533203125 92.944869995117188 94.056007385253906 81.433990478515625 75.990242004394531 73.53094482421875 66.451789855957031 58.420791625976563 57.564598083496094 65.920135498046875 94.476943969726563 96.75152587890625 104.33338165283203 111.58021545410156
1.#QNAN 1.#QNAN 1.#QNAN 1.#QNAN 1.#QNAN 1.#QNAN 149.01840209960937 150.42280578613281 152.39999389648437 152.39999389648437 152.39999389648437 152.39999389648437 147.22140502929687 142.88433837890625 142.94462585449219 144.66633605957031 141.78169250488281 136.96672058105469 124.48047637939453 124.60419464111328 122.95765686035156 108.02945709228516 97.896278381347656 82.303321838378906 82.858726501464844 69.038497924804687 59.033737182617188 78.914566040039063 96.414321899414063 97.356536865234375 99.40380859375 106.6197509765625 104.08195495605469 100.04277038574219 92.965423583984375 88.717781066894531 91.021781921386719 90.657135009765625 95.430648803710938 86.451515197753906 81.681953430175781 76.627304077148438 77.197013854980469 68.141799926757813 50 55.427886962890625 63.77044677734375 94.618782043457031 95.193099975585938 96.517112731933594
1.#QNAN 1.#QNAN 1.#QNAN 1.#QNAN 1.#QNAN 131.50326538085937 130.548583984375 132.47329711914062 135.42579650878906 138.35543823242187 141.99142456054687 152.39999389648437 152.39999389648437 152.39999389648437 149.85971069335937 143.02117919921875 141.50497436523438 137.49955749511719 134.08767700195312 125.30513000488281 123.21888732910156 109.48849487304687 103.56867218017578 100.14723968505859 94.277503967285156 86.757766723632812 80.632713317871094 96.479225158691406 103.02369689941406 108.65453338623047 105.77407836914062 105.53607940673828 106.66676330566406 105.98809051513672 100.94151306152344 98.486572265625 101.31592559814453 102.05828094482422 105.69725799560547 100.74378204345703 100.44521331787109 68.503631591796875 71.555679321289063 64.087127685546875 59.318035125732422 59.604248046875 66.608299255371094 68.421531677246094 101.22682952880859 99.274200439453125
1.#QNAN 1.#QNAN 1.#QNAN 1.#QNAN 1.#QNAN 129.59559631347656 125.64116668701172 129.18293762207031 131.45802307128906 136.57923889160156 139.78317260742187 143.27316284179687 147.97457885742187 152.39999389648437 151.56671142578125 149.00889587402344 144.74298095703125 141.99995422363281 135.23445129394531 126.39353179931641 123.81001281738281 117.46510314941406 111.62309265136719 111.64122009277344 105.47581481933594 105.43035125732422 103.97543334960937 107.01834106445312 113.47893524169922 120.35018920898437 118.09671783447266 118.51193237304687 113.36854553222656 111.92922210693359 113.10952758789062 107.70391845703125 109.58910369873047 109.86492156982422 114.05955505371094 105.48882293701172 92.41802978515625 91.407554626464844 90.627960205078125 78.686782836914063 60.710773468017578 82.738525390625 90.832168579101563 92.978965759277344 111.90717315673828 112.71891021728516
1.#QNAN 1.#QNAN 1.#QNAN 1.#QNAN 1.#QNAN 128.22242736816406 126.899658203125 130.1226806640625 132.66485595703125 135.69349670410156 138.36518859863281 142.36445617675781 142.39094543457031 145.90943908691406 149.7900390625 149.02488708496094 149.98384094238281 143.82597351074219 131.38076782226562 126.45295715332031 120.76863098144531 117.81671905517578 119.43344879150391 122.22611236572266 118.85202789306641 115.45303344726562 113.90692138671875 116.49730682373047 122.74093627929687 129.55032348632812 123.49344635009766 125.74787139892578 129.28286743164062 124.62982940673828 121.23925018310547 117.03026580810547 117.08108520507812 117.09013366699219 126.70488739013672 119.84539031982422 106.48483276367187 107.16847229003906 104.21864318847656 100.0263671875 92.570465087890625 100.97723388671875 103.77931976318359 108.89441680908203 107.57732391357422 128.21133422851562
1.#QNAN 1.#QNAN 1.#QNAN 1.#QNAN 1.#QNAN 130.30039978027344 128.58718872070312 131.06863403320312 132.84928894042969 134.87553405761719 137.15861511230469 139.57942199707031 140.31173706054687 140.79798889160156 137.73565673828125 144.85987854003906 152.39999389648437 152.39999389648437 130.4991455078125 125.30423736572266 123.33798980712891 117.52545928955078 119.7186279296875 121.99177551269531 120.44908905029297 121.69718933105469 120.20880126953125 127.75791168212891 131.3994140625 143.94790649414062 140.5460205078125 139.36671447753906 142.87370300292969 139.23112487792969 133.55520629882813 129.39659118652344 126.09056091308594 125.66637420654297 135.70527648925781 126.07202911376953 124.26930999755859 122.57894134521484 116.38618469238281 113.53987884521484 118.02041625976562 114.89013671875 116.5469970703125 121.20859527587891 136.61183166503906 136.70223999023437
1.#QNAN 1.#QNAN 1.#QNAN 1.#QNAN 1.#QNAN 133.08062744140625 130.89515686035156 133.743896484375 135.63737487792969 136.82814025878906 139.22184753417969 140.92453002929687 141.39520263671875 136.81640625 131.88308715820313 136.38568115234375 147.68585205078125 150.9359130859375 144.31130981445312 129.57569885253906 124.40790557861328 123.47569274902344 125.72832489013672 128.75906372070312 126.66187286376953 125.10501861572266 128.3179931640625 130.70794677734375 143.83197021484375 143.60003662109375 134.493896484375 127.55015563964844 128.6771240234375 129.25680541992187 142.10243225097656 136.99998474121094 137.67076110839844 149.33439636230469 150.92729187011719 139.39691162109375 123.1966552734375 122.42543029785156 123.28237152099609 134.1820068359375 132.96086120605469 126.66400909423828 128.15908813476562 145.10847473144531 149.0128173828125 145.86820983886719
1.#QNAN 1.#QNAN 1.#QNAN 1.#QNAN 1.#QNAN 131.048095703125 128.79072570800781 131.66412353515625 135.03926086425781 136.38833618164062 137.88058471679687 138.93096923828125 140.00386047363281 139.93496704101563 134.31861877441406 134.19599914550781 140.07864379882812 142.66996765136719 140.97589111328125 127.49913024902344 121.26530456542969 125.21063995361328 129.83523559570312 132.59353637695312 130.00680541992187 131.69953918457031 125.69359588623047 135.44761657714844 134.2928466796875 117.93243408203125 113.70785522460937 118.53057861328125 120.93985748291016 129.89390563964844 131.26414489746094 138.06660461425781 138.33340454101562 139.00288391113281 143.71400451660156 150.86724853515625 140.86907958984375 142.94044494628906 142.796875 141.62368774414062 139.64768981933594 138.82804870605469 135.14564514160156 146.75675964355469 143.66297912597656 146.80247497558594
1.#QNAN 1.#QNAN 1.#QNAN 1.#QNAN 1.#QNAN 134.29458618164062 131.74311828613281 133.54473876953125 135.28970336914062 138.12791442871094 139.17652893066406 140.35903930664062 138.52326965332031 138.47024536132812 134.86396789550781 135.63084411621094 138.01327514648437 136.01866149902344 128.89813232421875 131.4404296875 127.71019744873047 128.88552856445312 122.61821746826172 127.11125946044922 127.06737518310547 128.42515563964844 138.30609130859375 130.67451477050781 108.37732696533203 106.17247009277344 106.13829803466797 111.22418975830078 117.84266662597656 130.78268432617188 132.71627807617187 134.15739440917969 132.04107666015625 130.27911376953125 131.47566223144531 132.486083984375 134.29792785644531 127.44962310791016 127.61417388916016 127.17957305908203 126.21089172363281 125.92215728759766 135.17494201660156 137.27468872070312 139.98043823242187 136.71946716308594
1.#QNAN 1.#QNAN 1.#QNAN 1.#QNAN 1.#QNAN 132.72689819335938 129.47030639648437 131.33291625976562 134.87408447265625 137.65345764160156 132.95481872558594 134.30027770996094 136.869873046875 137.94866943359375 140.21925354003906 138.37686157226562 136.96990966796875 131.53176879882812 129.15447998046875 124.79061889648437 118.28555297851562 116.91706848144531 119.1868896484375 123.5628662109375 128.31150817871094 127.10383605957031 128.73475646972656 114.00363922119141 98.571701049804687 94.286231994628906 106.95799255371094 117.55803680419922 126.84402465820312 128.46833801269531 129.75196838378906 127.39669799804687 123.09403991699219 117.69032287597656 114.71574401855469 117.50743103027344 121.82724761962891 128.0238037109375 113.82439422607422 112.16245269775391 111.36715698242187 111.7291259765625 119.84121704101562 129.07426452636719 134.3140869140625 131.89212036132812
1.#QNAN 1.#QNAN 1.#QNAN 1.#QNAN 1.#QNAN 131.86795043945312 130.01939392089844 132.67713928222656 136.30827331542969 136.54847717285156 130.61114501953125 131.07044982910156 132.72415161132812 138.52462768554687 146.47659301757812 143.11235046386719 134.73309326171875 131.99783325195312 123.83939361572266 117.58463287353516 110.03139495849609 108.85184478759766 109.10956573486328 109.15132904052734 129.08978271484375 131.6571044921875 136.63601684570312 118.90703582763672 95.080696105957031 80.938606262207031 101.22338104248047 115.80277252197266 131.86050415039062 126.91960906982422 127.17182922363281 123.85920715332031 117.35434722900391 109.47560882568359 103.39104461669922 108.69808197021484 116.85162353515625 118.87841796875 117.20847320556641 107.81563568115234 105.36283874511719 102.5609130859375 102.13423156738281 117.66056060791016 122.25564575195312 127.24428558349609
1.#QNAN 1.#QNAN 1.#QNAN 1.#QNAN 1.#QNAN 132.90020751953125 132.10263061523437 135.98057556152344 137.90333557128906 137.39694213867187 130.61183166503906 132.80679321289062 135.08624267578125 142.32997131347656 145.47802734375 140.19523620605469 133.91067504882812 130.46038818359375 122.80006408691406 112.82386016845703 106.90157318115234 106.58073425292969 107.11456298828125 119.41828918457031 119.4500732421875 126.96485137939453 128.32347106933594 116.36163330078125 108.74642181396484 104.04811096191406 110.19829559326172 111.86124420166016 124.63193511962891 125.07270812988281 122.713623046875 118.81652069091797 111.82648468017578 104.51778411865234 100.71619415283203 102.80406951904297 108.31192779541016 97.461532592773438 106.77521514892578 115.46140289306641 117.31232452392578 107.32869720458984 103.41980743408203 100.39762115478516 116.83953857421875 120.96242523193359
1.#QNAN 1.#QNAN 1.#QNAN 1.#QNAN 1.#QNAN 128.5625 130.31721496582031 137.14988708496094 139.25570678710937 132.1365966796875 134.43402099609375 135.31918334960937 140.14717102050781 141.30290222167969 140.75196838378906 134.79425048828125 133.99244689941406 132.37937927246094 124.80759429931641 114.55010223388672 108.64435577392578 107.16130065917969 121.2760009765625 125.14923858642578 120.87191009521484 123.30388641357422 129.4627685546875 120.36106109619141 113.25433349609375 108.04524993896484 110.46865081787109 117.85744476318359 117.17669677734375 121.74251556396484 123.65235900878906 122.34878540039062 114.72639465332031 106.37881469726562 101.10909271240234 102.52684783935547 106.56795501708984 96.526657104492188 107.25605773925781 111.33753204345703 115.84040069580078 106.95699310302734 105.25340270996094 104.61319732666016 106.37576293945312 133.04420471191406
1.#QNAN 1.#QNAN 1.#QNAN 1.#QNAN 1.#QNAN 129.29934692382812 127.70774078369141 134.66348266601562 134.6915283203125 140.49351501464844 145.6070556640625 145.21630859375 139.015869140625 134.66912841796875 125.40125274658203 129.03628540039062 130.26698303222656 129.73297119140625 123.25121307373047 112.64494323730469 104.71683502197266 103.07971954345703 117.82375335693359 124.44403839111328 123.64445495605469 119.93379211425781 128.51512145996094 121.80673217773437 110.48628997802734 110.48954772949219 111.56467437744141 115.77752685546875 111.98033142089844 121.10249328613281 122.52328491210937 119.76840209960937 107.88697052001953 99.586624145507813 91.571327209472656 96.698638916015625 97.333106994628906 100.43316650390625 102.55508422851562 103.75949096679687 110.45899200439453 115.88532257080078 124.69741058349609 129.16767883300781 122.74542236328125 125.63986206054687
1.#QNAN 1.#QNAN 1.#QNAN 1.#QNAN 1.#QNAN 134.18963623046875 126.48394775390625 127.05681610107422 131.41874694824219 147.77557373046875 150.86976623535156 146.23582458496094 141.07014465332031 131.43251037597656 127.63718414306641 125.86791229248047 125.31373596191406 124.38761901855469 121.43753051757813 114.83689117431641 104.80577850341797 105.89138793945312 117.60218811035156 121.27510070800781 122.28890991210937 118.46180725097656 124.78868103027344 118.44492340087891 109.01383972167969 105.60854339599609 111.37253570556641 117.14729309082031 113.46431732177734 112.98401641845703 123.13185882568359 120.83026123046875 107.0294189453125 102.51528167724609 100.12747192382812 99.418289184570313 102.54666900634766 117.16502380371094 123.49411773681641 117.47562408447266 117.19654846191406 116.79122161865234 127.267333984375 128.32730102539062 129.72735595703125 127.67074584960938
1.#QNAN 1.#QNAN 1.#QNAN 1.#QNAN 1.#QNAN 135.40606689453125 126.21714782714844 124.91996002197266 139.34024047851562 147.88117980957031 144.81663513183594 142.09222412109375 135.97090148925781 137.17549133300781 133.09820556640625 128.47441101074219 125.45970153808594 124.92127227783203 120.45867919921875 113.41849517822266 112.18496704101562 111.9993896484375 119.69425201416016 119.28443145751953 121.09912109375 119.17819976806641 116.45671081542969 116.47748565673828 109.22470092773437 106.81250762939453 108.82978057861328 113.12831115722656 120.8603515625 108.36254119873047 115.36049652099609 122.09309387207031 109.48789978027344 101.01356506347656 101.10638427734375 102.70895385742187 110.65564727783203 128.90286254882813 136.95584106445312 139.39974975585937 137.95062255859375 130.34835815429687 126.89891052246094 130.10536193847656 127.32593536376953 127.76589965820312
1.#QNAN 1.#QNAN 1.#QNAN 1.#QNAN 135.98040771484375 129.76596069335938 127.48987579345703 130.33087158203125 139.04481506347656 136.68843078613281 134.09953308105469 129.01881408691406 131.33149719238281 136.49867248535156 136.93376159667969 132.08480834960937 128.79592895507812 127.95683288574219 121.71898651123047 118.304443359375 118.45506286621094 117.69333648681641 124.53038024902344 123.49370574951172 122.75693511962891 125.10394287109375 124.58428192138672 123.21892547607422 113.28597259521484 105.98489379882812 105.67932891845703 107.62567901611328 105.87672424316406 110.00238800048828 111.41959381103516 111.23273468017578 106.79009246826172 104.28773498535156 102.17198944091797 107.50147247314453 115.20085906982422 131.53553771972656 136.43185424804687 138.57518005371094 142.14640808105469 140.35159301757812 136.22779846191406 133.47915649414062 131.42131042480469 129.84609985351562
