data/trimmed_ndre/Aes_ndre.628.2015_no_clouds.asc
NCOLS 109 
NROWS 101 
XLLCORNER 466110 
YLLCORNER 5182005 
CELLSIZE 5 
NODATA_value -3.4e+38 
[rows 60 to 79 of 101, columns 45 to 89 of 109]
0.346038669347763 0.345301777124405 0.328636825084686 0.305096536874771 0.288228929042816 0.281973034143448 0.274669975042343 0.277796268463135 0.270766824483871 0.258494526147842 0.260120898485184 0.300070077180862 0.33084437251091 0.339091867208481 0.345968961715698 0.349020570516586 0.347587555646896 0.331159710884094 0.327172011137009 0.31540858745575 0.292507916688919 0.271056711673737 0.24490088224411 0.233908325433731 0.246494174003601 0.253529995679855 0.233477160334587 0.210910081863403 0.209530621767044 0.21219003200531 0.213442996144295 0.215709671378136 0.215315222740173 0.214109569787979 0.212624028325081 0.221657127141953 0.216781944036484 0.23443740606308 0.260087877511978 0.256979435682297 0.261888682842255 0.273980021476746 0.284332305192947 0.289649397134781 0.281695872545242
0.352885246276855 0.328511595726013 0.305775612592697 0.281018882989883 0.267734318971634 0.264789551496506 0.254229962825775 0.257719755172729 0.262603580951691 0.262207746505737 0.265176326036453 0.281633794307709 0.308844059705734 0.322246521711349 0.327899247407913 0.312741786241531 0.338319838047028 0.35772231221199 0.346794784069061 0.335101813077927 0.314528971910477 0.291453093290329 0.272518485784531 0.264188855886459 0.265830338001251 0.268236994743347 0.245685040950775 0.216309353709221 0.216560319066048 0.210813775658607 0.203837648034096 0.21106980741024 0.207641705870628 0.208918914198875 0.212790802121162 0.219909816980362 0.220341354608536 0.237066477537155 0.261913567781448 0.266051113605499 0.275426149368286 0.279914140701294 0.27789831161499 0.277709931135178 0.278297990560532
0.352647840976715 0.311108380556107 0.278392255306244 0.261157423257828 0.25620374083519 0.25831401348114 0.255743414163589 0.26348876953125 0.263499587774277 0.258973836898804 0.259443670511246 0.264504194259644 0.286262899637222 0.307186514139175 0.307609349489212 0.293166726827621 0.327314108610153 0.350593894720078 0.335445463657379 0.325591534376144 0.330374658107758 0.324684083461761 0.307096749544144 0.289652198553085 0.265742212533951 0.258248507976532 0.248895317316055 0.226837635040283 0.231181606650352 0.217926576733589 0.202820539474487 0.205828532576561 0.210166946053505 0.212859630584717 0.212716728448868 0.22886161506176 0.248730227351189 0.244195833802223 0.25862792134285 0.271922320127487 0.273598283529282 0.270483464002609 0.267683923244476 0.272190779447556 0.280375599861145
0.344993591308594 0.29997119307518 0.263426631689072 0.247968778014183 0.24754810333252 0.256653934717178 0.251438140869141 0.240399405360222 0.233135119080544 0.237158104777336 0.24058036506176 0.248522832989693 0.267077147960663 0.287516891956329 0.296729981899261 0.303442984819412 0.327418118715286 0.340062439441681 0.353732526302338 0.357422828674316 0.347586542367935 0.336787283420563 0.32044130563736 0.292375206947327 0.265336900949478 0.254977375268936 0.255581319332123 0.249250113964081 0.244420140981674 0.236956804990768 0.22355355322361 0.22385835647583 0.22368885576725 0.221426859498024 0.211388662457466 0.22470435500145 0.24952806532383 0.253643721342087 0.264921486377716 0.268380582332611 0.263414561748505 0.261558890342712 0.265161126852036 0.272267252206802 0.279636293649673
0.33461794257164 0.298478722572327 0.263093769550323 0.242974355816841 0.241493478417397 0.252912014722824 0.241120904684067 0.212974980473518 0.20625838637352 0.220114916563034 0.2329311221838 0.236751586198807 0.241692572832108 0.251127272844315 0.26100692152977 0.291693419218063 0.320589035749435 0.332077741622925 0.354719877243042 0.357898861169815 0.338096380233765 0.329991102218628 0.326317638158798 0.311571031808853 0.286124020814896 0.273571759462357 0.277492493391037 0.269377738237381 0.257758587598801 0.250963747501373 0.232415974140167 0.232726395130157 0.225667715072632 0.218322724103928 0.220503285527229 0.230270534753799 0.238993719220161 0.246796503663063 0.259759277105331 0.263701766729355 0.26283922791481 0.262266635894775 0.267335921525955 0.272197902202606 0.268805980682373
0.325249373912811 0.302390813827515 0.265840858221054 0.237808912992477 0.229178637266159 0.23277522623539 0.225617468357086 0.209803715348244 0.208509132266045 0.221458107233047 0.227939322590828 0.222718492150307 0.213448032736778 0.213895544409752 0.217716485261917 0.253414422273636 0.283277571201324 0.296158164739609 0.316425949335098 0.325557559728622 0.325329303741455 0.327268362045288 0.329970985651016 0.316996574401855 0.305491983890533 0.294383764266968 0.283221662044525 0.273735642433167 0.247247114777565 0.230287924408913 0.225316047668457 0.232504472136497 0.21584078669548 0.205366939306259 0.215476274490356 0.223846793174744 0.228427395224571 0.232880398631096 0.247986286878586 0.259234994649887 0.265963107347488 0.266107738018036 0.268683016300201 0.271497458219528 0.259044200181961
0.328249454498291 0.299982964992523 0.26026064157486 0.229966580867767 0.215302482247353 0.214207664132118 0.21928445994854 0.215859785676003 0.214888364076614 0.214950785040855 0.209623083472252 0.203193664550781 0.199756070971489 0.201131165027618 0.203302145004272 0.222720474004745 0.23745758831501 0.254378020763397 0.281757593154907 0.300507128238678 0.303565323352814 0.298875033855438 0.291753083467484 0.285946518182755 0.298131942749023 0.287355542182922 0.254958152770996 0.238669320940971 0.211939990520477 0.204926356673241 0.224400207400322 0.237125843763351 0.22475366294384 0.215088248252869 0.211846724152565 0.215915113687515 0.232249662280083 0.239272564649582 0.244049608707428 0.253382712602615 0.261330813169479 0.262477695941925 0.267800867557526 0.271264433860779 0.254287123680115
0.332950681447983 0.297374874353409 0.252284407615662 0.23043167591095 0.218261033296585 0.219790190458298 0.218755424022675 0.212051972746849 0.214385986328125 0.208397895097733 0.197643786668777 0.193029448390007 0.193819135427475 0.202508494257927 0.207382172346115 0.208224251866341 0.211047276854515 0.22802260518074 0.245013535022736 0.249456495046616 0.250623673200607 0.250824183225632 0.246089965105057 0.251445680856705 0.264607429504395 0.246418043971062 0.220309734344482 0.20346288383007 0.191872388124466 0.199897944927216 0.221049398183823 0.230449110269547 0.221310317516327 0.220396086573601 0.215586155653 0.216201335191727 0.226066142320633 0.232207715511322 0.244651019573212 0.253492623567581 0.253963261842728 0.2536700963974 0.27227708697319 0.275353103876114 0.251210123300552
0.35395872592926 0.314299017190933 0.266471445560455 0.245554685592651 0.220371767878532 0.211835399270058 0.217450797557831 0.218256011605263 0.218641385436058 0.218575596809387 0.208461105823517 0.198993504047394 0.199306935071945 0.209534302353859 0.208829015493393 0.199993818998337 0.198569968342781 0.199466645717621 0.197827532887459 0.198821291327477 0.205893889069557 0.219593331217766 0.223917603492737 0.222297787666321 0.220981225371361 0.206106707453728 0.20002481341362 0.19505287706852 0.193655326962471 0.203643232584 0.218923211097717 0.222772732377052 0.217899709939957 0.220863521099091 0.221217930316925 0.222734674811363 0.231659606099129 0.241748005151749 0.254888892173767 0.25887468457222 0.251467227935791 0.247364744544029 0.262500464916229 0.269843578338623 0.25547394156456
0.366800963878632 0.332881540060043 0.291417121887207 0.260635524988174 0.22946609556675 0.213651835918427 0.217576280236244 0.226710438728333 0.227037623524666 0.231666937470436 0.217321455478668 0.209163829684258 0.208591282367706 0.205691903829575 0.200476408004761 0.191868245601654 0.189351677894592 0.191316664218903 0.18464969098568 0.184943333268166 0.194031104445457 0.199008524417877 0.196459904313087 0.200647294521332 0.199816063046455 0.191631257534027 0.194106534123421 0.183604314923286 0.182022646069527 0.19550858438015 0.208778902888298 0.211732804775238 0.21247598528862 0.216275542974472 0.218715757131577 0.227176263928413 0.238984361290932 0.24996891617775 0.256039381027222 0.25731748342514 0.249775767326355 0.245560735464096 0.253754138946533 0.26193630695343 0.265823096036911
0.350908100605011 0.33642241358757 0.316400349140167 0.285170406103134 0.253038078546524 0.233226895332336 0.217707201838493 0.215704903006554 0.219680324196815 0.226609915494919 0.21042163670063 0.207352682948112 0.211313143372536 0.207009956240654 0.210248813033104 0.206640347838402 0.202774792909622 0.204268485307693 0.199178397655487 0.195129066705704 0.194625049829483 0.193502336740494 0.189947754144669 0.196721807122231 0.19621416926384 0.191837221384048 0.188684165477753 0.176463812589645 0.174567952752113 0.185814097523689 0.197879448533058 0.199548587203026 0.202198281884193 0.207095563411713 0.215162351727486 0.229619786143303 0.242297142744064 0.240917012095451 0.240487739443779 0.247876167297363 0.25155308842659 0.249156504869461 0.249424546957016 0.255679428577423 0.258524239063263
0.338705122470856 0.340821474790573 0.346347600221634 0.322378486394882 0.281783282756805 0.245546385645866 0.225776791572571 0.227166846394539 0.229963064193726 0.22181499004364 0.206365182995796 0.202482208609581 0.21241819858551 0.20801092684269 0.202251061797142 0.210617944598198 0.209742322564125 0.207682654261589 0.205684691667557 0.201741904020309 0.199125394225121 0.200188383460045 0.200122863054276 0.202187925577164 0.196670427918434 0.197520762681961 0.197082728147507 0.187181055545807 0.182387962937355 0.187867283821106 0.193798303604126 0.195496439933777 0.202917903661728 0.209600165486336 0.217157393693924 0.229796454310417 0.239225149154663 0.230389267206192 0.232090845704079 0.248743146657944 0.258171916007996 0.251996159553528 0.249118030071259 0.25615257024765 0.261939406394958
0.303826451301575 0.336164057254791 0.349916309118271 0.326954185962677 0.291726529598236 0.237858608365059 0.207535073161125 0.224220126867294 0.227739676833153 0.224686145782471 0.21419358253479 0.208651438355446 0.215519234538078 0.20344577729702 0.189625456929207 0.203167244791985 0.207085967063904 0.21587672829628 0.220611944794655 0.213331609964371 0.201396927237511 0.201938658952713 0.208014816045761 0.207236006855965 0.203172385692596 0.206245630979538 0.206460356712341 0.20096330344677 0.19631339609623 0.197042286396027 0.199200391769409 0.205708533525467 0.213870644569397 0.2165806889534 0.218437597155571 0.228589817881584 0.23935005068779 0.231557443737984 0.237144842743874 0.257476389408112 0.264077365398407 0.245086446404457 0.242218106985092 0.257721155881882 0.264487057924271
0.274648815393448 0.3160520195961 0.346317023038864 0.335066676139832 0.32173565030098 0.268898725509644 0.230015203356743 0.226097598671913 0.209393456578255 0.213980466127396 0.208669885993004 0.198392763733864 0.203546494245529 0.212170824408531 0.214838564395905 0.219350591301918 0.220849588513374 0.228419080376625 0.236160188913345 0.230033129453659 0.217679440975189 0.213636055588722 0.211355954408646 0.206052497029305 0.205277174711227 0.208886474370956 0.209014996886253 0.200298488140106 0.199818819761276 0.208916649222374 0.205757826566696 0.206012308597565 0.214164957404137 0.217548027634621 0.210735812783241 0.222470924258232 0.238225296139717 0.235128626227379 0.240117862820625 0.26104000210762 0.261031836271286 0.235938370227814 0.236252993345261 0.253503829240799 0.261628091335297
0.260089337825775 0.271136701107025 0.311284482479095 0.333789736032486 0.32795125246048 0.299802452325821 0.276014149188995 0.250631988048553 0.217132925987244 0.216938465833664 0.210018917918205 0.202938973903656 0.205232515931129 0.212337538599968 0.224058717489243 0.223016247153282 0.218960642814636 0.222640424966812 0.230297431349754 0.228536233305931 0.217673346400261 0.213909834623337 0.210021913051605 0.20711886882782 0.200690075755119 0.200386092066765 0.204008296132088 0.198187187314034 0.197763651609421 0.206476435065269 0.201883137226105 0.188960641622543 0.192001983523369 0.208305239677429 0.215869650244713 0.224255874752998 0.233061462640762 0.228489190340042 0.224553033709526 0.247968584299088 0.25305712223053 0.236774817109108 0.23968431353569 0.247511029243469 0.257983267307281
0.272942781448364 0.279976159334183 0.301114052534103 0.320634603500366 0.315378785133362 0.299428671598434 0.284939020872116 0.255023062229156 0.231011793017387 0.233643144369125 0.228922292590141 0.237921074032784 0.230299577116966 0.209780693054199 0.220932096242905 0.216830909252167 0.207043260335922 0.207199096679688 0.208593800663948 0.210205852985382 0.214082986116409 0.215138182044029 0.210135102272034 0.218055874109268 0.207484632730484 0.198574721813202 0.208994746208191 0.208859041333199 0.19433419406414 0.192849710583687 0.20319838821888 0.206332832574844 0.210817843675613 0.222676351666451 0.230630129575729 0.22749750316143 0.238487645983696 0.230546683073044 0.222659945487976 0.239843666553497 0.244616493582726 0.244022101163864 0.245370075106621 0.247950777411461 0.25300469994545
0.252207309007645 0.271828234195709 0.291536301374435 0.309663891792297 0.330365628004074 0.331264615058899 0.316939353942871 0.293738722801208 0.266599416732788 0.246281877160072 0.229459017515182 0.221909895539284 0.215824097394943 0.209359660744667 0.222041815519333 0.221686825156212 0.221456959843636 0.214603498578072 0.205221176147461 0.202469274401665 0.217901647090912 0.224738344550133 0.217096909880638 0.21724671125412 0.207585483789444 0.214024215936661 0.228373408317566 0.220989063382149 0.196101278066635 0.186722710728645 0.203098505735397 0.218389049172401 0.218865409493446 0.217644259333611 0.217953875660896 0.222273454070091 0.235632956027985 0.23264616727829 0.230937138199806 0.23724752664566 0.2305678576231 0.237764596939087 0.250380337238312 0.249882623553276 0.242103576660156
0.222869783639908 0.241014704108238 0.270723253488541 0.287601202726364 0.323898673057556 0.351993352174759 0.355053126811981 0.346137404441833 0.309336870908737 0.27842977643013 0.256129801273346 0.237315833568573 0.229376405477524 0.232373058795929 0.234062716364861 0.232517033815384 0.233997195959091 0.226275786757469 0.215641245245934 0.214453548192978 0.229202270507812 0.220173344016075 0.212507337331772 0.219357594847679 0.214709281921387 0.222757637500763 0.230702444911003 0.219754785299301 0.203709706664085 0.202236980199814 0.212893307209015 0.207883432507515 0.191691979765892 0.19674326479435 0.210725978016853 0.225844845175743 0.232338562607765 0.225362911820412 0.236011639237404 0.24359230697155 0.237594664096832 0.236907884478569 0.240584835410118 0.239682823419571 0.229873523116112
0.241308212280273 0.253690272569656 0.257363349199295 0.271331787109375 0.313936114311218 0.345776826143265 0.369928687810898 0.365741819143295 0.324766367673874 0.306340485811234 0.296822428703308 0.278455674648285 0.25810307264328 0.244027957320213 0.233819514513016 0.229764729738235 0.237773522734642 0.234015122056007 0.222295492887497 0.223237350583076 0.233805656433105 0.219108775258064 0.22063535451889 0.229050412774086 0.221307247877121 0.218133196234703 0.21989081799984 0.22222900390625 0.221388787031174 0.220619887113571 0.218714624643326 0.205208003520966 0.198211044073105 0.210429474711418 0.205853164196014 0.21666519343853 0.227822795510292 0.228452265262604 0.245946139097214 0.247798547148705 0.237963795661926 0.236926108598709 0.234229996800423 0.235251933336258 -3.4e+38
0.228635758161545 0.22495773434639 0.215953946113586 0.247096985578537 0.308358460664749 0.342802852392197 0.383822619915009 0.399755954742432 0.372221916913986 0.346267104148865 0.328979194164276 0.299009919166565 0.275748312473297 0.261029779911041 0.249609142541885 0.24842095375061 0.250310093164444 0.240047067403793 0.225172936916351 0.232985764741898 0.247259631752968 0.232535675168037 0.231445118784904 0.229868233203888 0.217822402715683 0.210080698132515 0.20697121322155 0.220936000347137 0.225826501846313 0.212425708770752 0.201186984777451 0.195314675569534 0.210104465484619 0.218980103731155 0.197569847106934 0.206779167056084 0.224547043442726 0.232795283198357 0.239999905228615 0.235534712672234 0.23628668487072 -3.4e+38 -3.4e+38 -3.4e+38 -3.4e+38
