data/trimmed_ndre/Aes_ndre.619.2014_no_clouds.asc
NCOLS 109 
NROWS 101 
XLLCORNER 466110 
YLLCORNER 5182005 
CELLSIZE 5 
NODATA_value -3.4e+38 
[rows 40 to 59 of 101, columns 0 to 44 of 109]
-3.4e+38 -3.4e+38 -3.4e+38 -3.4e+38 -3.4e+38 -3.4e+38 -3.4e+38 -3.4e+38 -3.4e+38 -3.4e+38 -3.4e+38 -3.4e+38 0.407723128795624 0.360893875360489 0.330126941204071 0.290354251861572 0.281687706708908 0.310196429491043 0.360853940248489 0.42601352930069 0.467194110155106 0.508510410785675 0.534191906452179 0.534257054328918 0.542406022548676 0.53663182258606 0.512281358242035 0.497158020734787 0.476834684610367 0.446170508861542 0.40779572725296 0.391453355550766 0.388476938009262 0.418817400932312 0.459708690643311 0.481991827487946 0.445802450180054 0.355250328779221 0.2912318110466 0.260744571685791 0.250091880559921 0.280479490756989 0.324245154857635 0.363578230142593 0.391647577285767
-3.4e+38 -3.4e+38 -3.4e+38 -3.4e+38 -3.4e+38 -3.4e+38 -3.4e+38 -3.4e+38 -3.4e+38 -3.4e+38 -3.4e+38 -3.4e+38 0.375412464141846 0.30848890542984 0.259263277053833 0.257152050733566 0.30367249250412 0.36998650431633 0.429475635290146 0.481666952371597 0.486917972564697 0.509700775146484 0.538360714912415 0.541934967041016 0.559492409229279 0.537208497524261 0.504074811935425 0.491199493408203 0.46296638250351 0.435280472040176 0.397178024053574 0.381460219621658 0.392321527004242 0.418356746435165 0.478786408901215 0.504244863986969 0.458701938390732 0.356456786394119 0.278506278991699 0.257793247699738 0.241055205464363 0.265034645795822 0.311205863952637 0.339208632707596 0.363616615533829
-3.4e+38 -3.4e+38 -3.4e+38 -3.4e+38 -3.4e+38 -3.4e+38 -3.4e+38 -3.4e+38 -3.4e+38 -3.4e+38 -3.4e+38 0.361157566308975 0.345108866691589 0.308527588844299 0.278124541044235 0.30954983830452 0.392526119947433 0.441110908985138 0.469443023204803 0.494644641876221 0.511405289173126 0.531359553337097 0.533606290817261 0.531282901763916 0.550260484218597 0.533430278301239 0.501177072525024 0.472155153751373 0.440152883529663 0.426040083169937 0.427485108375549 0.414520025253296 0.39929473400116 0.389769047498703 0.452655911445618 0.496263295412064 0.461650371551514 0.388787686824799 0.309772163629532 0.281859934329987 0.28518733382225 0.299490511417389 0.317327052354813 0.326736390590668 0.346774280071259
-3.4e+38 -3.4e+38 -3.4e+38 -3.4e+38 -3.4e+38 -3.4e+38 -3.4e+38 -3.4e+38 -3.4e+38 -3.4e+38 -3.4e+38 0.309927135705948 0.319286942481995 0.312222599983215 0.32533523440361 0.390712529420853 0.462995111942291 0.478084594011307 0.48967644572258 0.525447070598602 0.557042896747589 0.553216576576233 0.535760700702667 0.518908143043518 0.517484724521637 0.501850247383118 0.465334504842758 0.43060439825058 0.412372052669525 0.414048731327057 0.4588782787323 0.461339950561523 0.406017631292343 0.370084434747696 0.407150119543076 0.468422025442123 0.471628963947296 0.422305524349213 0.357320934534073 0.333643078804016 0.346537172794342 0.345900923013687 0.337424486875534 0.342297554016113 0.365998923778534
-3.4e+38 -3.4e+38 -3.4e+38 -3.4e+38 -3.4e+38 -3.4e+38 -3.4e+38 -3.4e+38 -3.4e+38 -3.4e+38 -3.4e+38 0.279063850641251 0.28316855430603 0.305281460285187 0.407394707202911 0.444710433483124 0.474597007036209 0.500452518463135 0.506757318973541 0.529560506343842 0.545480608940125 0.538040935993195 0.538089871406555 0.519871175289154 0.487840086221695 0.449598997831345 0.415722638368607 0.399929821491241 0.400487810373306 0.422750443220139 0.476093143224716 0.495652288198471 0.446479827165604 0.39655727148056 0.402396768331528 0.44883868098259 0.483122020959854 0.45396226644516 0.4048210978508 0.371074706315994 0.37003281712532 0.366039931774139 0.347283720970154 0.345018267631531 0.367937237024307
-3.4e+38 -3.4e+38 -3.4e+38 -3.4e+38 -3.4e+38 -3.4e+38 -3.4e+38 -3.4e+38 -3.4e+38 -3.4e+38 -3.4e+38 0.271314412355423 0.280087620019913 0.354717582464218 0.457316309213638 0.45686063170433 0.483545660972595 0.518655300140381 0.52054226398468 0.5300173163414 0.515325665473938 0.511001765727997 0.522774875164032 0.516873300075531 0.491911709308624 0.430807560682297 0.386528819799423 0.397005617618561 0.409018993377686 0.426923245191574 0.45761451125145 0.485793769359589 0.478589236736298 0.442783892154694 0.430603623390198 0.449252605438232 0.48145991563797 0.471100926399231 0.427059322595596 0.392892271280289 0.386085331439972 0.38603138923645 0.369348287582397 0.3699811398983 0.391752660274506
-3.4e+38 -3.4e+38 -3.4e+38 -3.4e+38 -3.4e+38 -3.4e+38 -3.4e+38 -3.4e+38 -3.4e+38 -3.4e+38 0.290995508432388 0.257532507181168 0.341471016407013 0.408693343400955 0.440162479877472 0.474790662527084 0.507287621498108 0.527036011219025 0.523730039596558 0.531904637813568 0.521165013313293 0.500659763813019 0.489975064992905 0.479826033115387 0.483686059713364 0.422018259763718 0.375078976154327 0.39432767033577 0.388800323009491 0.383464336395264 0.396040081977844 0.430081188678741 0.45092985033989 0.457120805978775 0.448497623205185 0.449537724256516 0.465190470218658 0.477228850126266 0.454359471797943 0.424767643213272 0.419258862733841 0.419837266206741 0.416319936513901 0.423880010843277 0.439757138490677
-3.4e+38 -3.4e+38 -3.4e+38 -3.4e+38 -3.4e+38 -3.4e+38 -3.4e+38 -3.4e+38 -3.4e+38 -3.4e+38 0.272803038358688 0.294289827346802 0.39232936501503 0.437431246042252 0.436733037233353 0.453848600387573 0.4742391705513 0.504823446273804 0.49708753824234 0.484351098537445 0.491025120019913 0.494666039943695 0.467677295207977 0.441461175680161 0.444333225488663 0.397121340036392 0.377297192811966 0.390340924263 0.371554344892502 0.347265988588333 0.340582817792892 0.36962166428566 0.408863335847855 0.455098211765289 0.466262847185135 0.455952167510986 0.464002817869186 0.492348939180374 0.484052628278732 0.457547068595886 0.45489114522934 0.456380695104599 0.461998343467712 0.469138860702515 0.477277815341949
-3.4e+38 -3.4e+38 -3.4e+38 -3.4e+38 -3.4e+38 -3.4e+38 -3.4e+38 -3.4e+38 -3.4e+38 -3.4e+38 0.292748659849167 0.353895097970963 0.408102512359619 0.405241936445236 0.420182198286057 0.427487134933472 0.432996213436127 0.450154036283493 0.449865013360977 0.435577183961868 0.444238513708115 0.459225237369537 0.455347627401352 0.432812511920929 0.420721590518951 0.393461614847183 0.416258603334427 0.424315541982651 0.385542124509811 0.342178195714951 0.308543235063553 0.331530451774597 0.406308978796005 0.480668663978577 0.495005428791046 0.47804981470108 0.480706334114075 0.504294395446777 0.495031505823135 0.477015048265457 0.479695647954941 0.483120769262314 0.482438713312149 0.490523636341095 0.500376284122467
-3.4e+38 -3.4e+38 -3.4e+38 -3.4e+38 -3.4e+38 -3.4e+38 -3.4e+38 -3.4e+38 -3.4e+38 0.255277425050735 0.298172444105148 0.403507143259048 0.443939030170441 0.42164608836174 0.429578006267548 0.450679868459702 0.440777868032455 0.419380486011505 0.420183569192886 0.407178103923798 0.394691497087479 0.398628711700439 0.408433467149734 0.398629426956177 0.392546683549881 0.407492399215698 0.440577626228333 0.440841197967529 0.403949499130249 0.358780860900879 0.311456441879272 0.333362877368927 0.430237174034119 0.51009064912796 0.515000820159912 0.502802908420563 0.506230294704437 0.516842246055603 0.488644510507584 0.482273548841476 0.499053597450256 0.506604075431824 0.507349491119385 0.514548599720001 0.516487598419189
-3.4e+38 -3.4e+38 -3.4e+38 -3.4e+38 -3.4e+38 -3.4e+38 -3.4e+38 -3.4e+38 -3.4e+38 0.258553028106689 0.350500792264938 0.434581398963928 0.464175462722778 0.449573755264282 0.435574382543564 0.436950296163559 0.420123517513275 0.409594178199768 0.421850144863129 0.403406798839569 0.377813905477524 0.367040187120438 0.373034089803696 0.350362807512283 0.353904485702515 0.386340528726578 0.423132061958313 0.446167439222336 0.451172828674316 0.409755736589432 0.355738192796707 0.366656094789505 0.416813135147095 0.485364496707916 0.52067631483078 0.527080357074738 0.526603698730469 0.520518779754639 0.495397090911865 0.494508624076843 0.513774812221527 0.525989949703217 0.525730907917023 0.527485728263855 0.525271236896515
-3.4e+38 -3.4e+38 -3.4e+38 -3.4e+38 -3.4e+38 -3.4e+38 -3.4e+38 -3.4e+38 -3.4e+38 0.31518617272377 0.398286104202271 0.412681043148041 0.403982430696487 0.407557159662247 0.418364733457565 0.424056231975555 0.423662632703781 0.429316252470016 0.433745235204697 0.411542654037476 0.38593989610672 0.371057033538818 0.357236981391907 0.321322947740555 0.320927113294601 0.341088622808456 0.376549750566483 0.415708810091019 0.445558398962021 0.436161428689957 0.393008351325989 0.384027063846588 0.395732939243317 0.458502262830734 0.521871149539948 0.532880425453186 0.528436183929443 0.528648018836975 0.525462985038757 0.523414552211761 0.531591236591339 0.535472869873047 0.532280504703522 0.528921008110046 0.529569566249847
-3.4e+38 -3.4e+38 -3.4e+38 -3.4e+38 -3.4e+38 -3.4e+38 -3.4e+38 -3.4e+38 -3.4e+38 0.352901488542557 0.411329418420792 0.40156078338623 0.391285300254822 0.390955716371536 0.414206087589264 0.432928621768951 0.442852854728699 0.448184609413147 0.439919978380203 0.429271101951599 0.420043677091599 0.398221433162689 0.359038442373276 0.312604963779449 0.29771015048027 0.292826294898987 0.300891757011414 0.329342842102051 0.358059078454971 0.406640589237213 0.395688623189926 0.361683160066605 0.35433429479599 0.4186752140522 0.492882698774338 0.513639807701111 0.51822417974472 0.528716921806335 0.531754016876221 0.528071343898773 0.53398996591568 0.534161388874054 0.53051346540451 0.535761058330536 0.549847006797791
-3.4e+38 -3.4e+38 -3.4e+38 -3.4e+38 -3.4e+38 -3.4e+38 -3.4e+38 -3.4e+38 0.283885389566422 0.343899607658386 0.392360746860504 0.391105890274048 0.376956611871719 0.377064824104309 0.401183843612671 0.416178852319717 0.427144646644592 0.466068267822266 0.473798930644989 0.471023589372635 0.451885908842087 0.405801713466644 0.363509029150009 0.306169033050537 0.263586789369583 0.250966668128967 0.241293013095856 0.241922527551651 0.272399574518204 0.343260049819946 0.344196945428848 0.306054174900055 0.314828276634216 0.380412757396698 0.45573952794075 0.493967443704605 0.511528372764587 0.538057446479797 0.538737177848816 0.528420925140381 0.530325531959534 0.536447763442993 0.542960643768311 0.557533919811249 0.576609194278717
-3.4e+38 -3.4e+38 -3.4e+38 -3.4e+38 -3.4e+38 -3.4e+38 -3.4e+38 -3.4e+38 0.308940231800079 0.377594530582428 0.394773155450821 0.38807812333107 0.364692062139511 0.355222165584564 0.363967746496201 0.403330624103546 0.455096751451492 0.49761438369751 0.508135259151459 0.5061976313591 0.462001860141754 0.396962404251099 0.366291254758835 0.294632643461227 0.236442014575005 0.229456067085266 0.22213788330555 0.20915475487709 0.227007210254669 0.279433816671371 0.281893849372864 0.28734964132309 0.306505709886551 0.349117368459702 0.39699986577034 0.455474942922592 0.515616655349731 0.555051743984222 0.555974900722504 0.542102813720703 0.539016425609589 0.54314112663269 0.554316520690918 0.574650704860687 0.586724877357483
-3.4e+38 -3.4e+38 -3.4e+38 -3.4e+38 -3.4e+38 -3.4e+38 -3.4e+38 -3.4e+38 0.331437051296234 0.396086663007736 0.406409800052643 0.388169795274734 0.369138360023499 0.354723334312439 0.351124167442322 0.382593363523483 0.443425416946411 0.493187010288239 0.51960963010788 0.516136765480042 0.472731709480286 0.41279211640358 0.385619938373566 0.30708384513855 0.244047954678535 0.225648492574692 0.219679534435272 0.207988813519478 0.213544577360153 0.245494872331619 0.269509047269821 0.316635519266129 0.332911163568497 0.344412535429001 0.371483832597733 0.443326145410538 0.521280169487 0.559333503246307 0.561717212200165 0.55134505033493 0.543321430683136 0.550257802009583 0.563156306743622 0.575398683547974 0.581682920455933
-3.4e+38 -3.4e+38 -3.4e+38 -3.4e+38 -3.4e+38 -3.4e+38 -3.4e+38 0.282903343439102 0.35348829627037 0.408589482307434 0.417386949062347 0.394060701131821 0.384278982877731 0.374736130237579 0.367975175380707 0.374979376792908 0.404090315103531 0.47508504986763 0.518472969532013 0.502999305725098 0.479466319084167 0.446056544780731 0.402338713407516 0.338869512081146 0.276665329933167 0.244776487350464 0.232916533946991 0.224370315670967 0.211668744683266 0.239082545042038 0.300983965396881 0.363760560750961 0.386422604322433 0.389908313751221 0.420158982276917 0.47507181763649 0.524723529815674 0.551717936992645 0.552976369857788 0.546243071556091 0.54763400554657 0.560313761234283 0.568509578704834 0.568017661571503 0.564449906349182
-3.4e+38 -3.4e+38 -3.4e+38 -3.4e+38 -3.4e+38 -3.4e+38 -3.4e+38 0.343286156654358 0.397876113653183 0.414014875888824 0.388773322105408 0.35671329498291 0.373004615306854 0.402343839406967 0.406852006912231 0.405837863683701 0.420337289571762 0.47022545337677 0.493776589632034 0.477862775325775 0.485874831676483 0.470356196165085 0.421589076519012 0.360357731580734 0.300700724124908 0.26188263297081 0.241080403327942 0.224626824259758 0.213667467236519 0.244041413068771 0.331335633993149 0.415038198232651 0.434619843959808 0.457302927970886 0.488936066627502 0.521558582782745 0.539296746253967 0.548969745635986 0.550687432289124 0.551947891712189 0.557912111282349 0.570106208324432 0.569311022758484 0.553773701190948 0.544889628887177
-3.4e+38 -3.4e+38 -3.4e+38 -3.4e+38 -3.4e+38 -3.4e+38 -3.4e+38 0.397762447595596 0.426865786314011 0.405786693096161 0.372753888368607 0.353955209255219 0.382196247577667 0.419231802225113 0.424702525138855 0.417235344648361 0.436363101005554 0.452691197395325 0.467869788408279 0.479493975639343 0.499224722385406 0.495403349399567 0.443208456039429 0.380388647317886 0.3308265209198 0.285555452108383 0.242641255259514 0.231504380702972 0.250969916582108 0.281151115894318 0.362806797027588 0.443412721157074 0.466231882572174 0.497767865657806 0.532671630382538 0.553772628307343 0.554794013500214 0.55253267288208 0.562523424625397 0.570704162120819 0.56876277923584 0.572820127010345 0.564462900161743 0.547912001609802 0.540433704853058
-3.4e+38 -3.4e+38 -3.4e+38 -3.4e+38 -3.4e+38 -3.4e+38 0.293520331382751 0.390442371368408 0.434343904256821 0.405249089002609 0.368165820837021 0.371993780136108 0.397802114486694 0.422618806362152 0.448861390352249 0.44945952296257 0.446197986602783 0.451576232910156 0.484188944101334 0.501786947250366 0.504197776317596 0.497900754213333 0.464310109615326 0.412953317165375 0.365985214710236 0.306781560182571 0.267549693584442 0.264980256557465 0.292307317256927 0.320395022630692 0.384718209505081 0.462140142917633 0.503736853599548 0.540983259677887 0.554878175258636 0.553289115428925 0.556677937507629 0.55928909778595 0.575509905815125 0.587150156497955 0.580597937107086 0.571658492088318 0.566816389560699 0.555088579654694 0.543753743171692
