data/trimmed_ndre/Aes_ndre.731.2011_no_clouds.asc
NCOLS 109 
NROWS 101 
XLLCORNER 466110 
YLLCORNER 5182005 
CELLSIZE 5 
NODATA_value -3.4e+38 
[rows 40 to 59 of 101, columns 45 to 89 of 109]
0.118744179606438 0.134135976433754 0.131930515170097 0.163927361369133 0.220683544874191 0.281438767910004 0.33163383603096 0.395615488290787 0.41972690820694 0.428328514099121 0.438434183597565 0.457906514406204 0.47346755862236 0.478439509868622 0.465723842382431 0.463506430387497 0.48787733912468 0.490526586771011 0.485302418470383 0.483320772647858 0.455522775650024 0.42130970954895 0.398852527141571 0.402727514505386 0.393559873104095 0.35576131939888 0.320921927690506 0.314528226852417 0.334641367197037 0.358440011739731 0.392469048500061 0.416569322347641 0.434541672468185 0.427863478660583 0.400308549404144 0.352810144424438 0.304934293031693 0.272754788398743 0.25635901093483 0.264742761850357 0.258173078298569 0.243219465017319 0.249016761779785 0.25430291891098 0.244553402066231
0.112490259110928 0.126887306571007 0.134998708963394 0.177775546908379 0.262794315814972 0.331610530614853 0.37772598862648 0.425810724496841 0.450379759073257 0.439563065767288 0.452955663204193 0.470957070589066 0.472556799650192 0.472624808549881 0.47527888417244 0.470193445682526 0.474388897418976 0.476224929094315 0.467620491981506 0.4649977684021 0.459710508584976 0.427938342094421 0.388796627521515 0.382849842309952 0.370609939098358 0.335899591445923 0.301715910434723 0.295437067747116 0.312859565019608 0.332644075155258 0.367809236049652 0.406938672065735 0.432122647762299 0.42462095618248 0.404354721307755 0.368749767541885 0.325669318437576 0.279231637716293 0.262486577033997 0.268818020820618 0.264718174934387 0.254360526800156 0.253405511379242 0.255562424659729 0.236548334360123
0.118137411773205 0.154061794281006 0.180401712656021 0.221246853470802 0.304668933153152 0.382374554872513 0.419394642114639 0.431895673274994 0.456037789583206 0.464782208204269 0.470243573188782 0.471856951713562 0.47647425532341 0.484047293663025 0.485260188579559 0.468667238950729 0.453733146190643 0.445643305778503 0.430603593587875 0.424160659313202 0.430202454328537 0.410515785217285 0.389501988887787 0.384404987096786 0.365592002868652 0.339553236961365 0.31789755821228 0.308263957500458 0.292668581008911 0.293200552463531 0.336551457643509 0.3822021484375 0.410657703876495 0.421952992677689 0.423527806997299 0.402218252420425 0.358827650547028 0.30675345659256 0.27892404794693 0.271635383367538 0.262955904006958 0.259330242872238 0.260861963033676 0.263301759958267 0.252703845500946
0.128970816731453 0.161244511604309 0.217518642544746 0.264998078346252 0.329161822795868 0.387145459651947 0.421182423830032 0.42612287402153 0.458257079124451 0.472530215978622 0.461540520191193 0.466646552085876 0.481440514326096 0.480714708566666 0.462848246097565 0.440338611602783 0.420613914728165 0.390971720218658 0.366660833358765 0.365308821201324 0.371588945388794 0.373555511236191 0.37822088599205 0.369114607572556 0.356667190790176 0.348348945379257 0.325179040431976 0.308588176965714 0.293833285570145 0.296661883592606 0.331663876771927 0.344398885965347 0.370111167430878 0.411115169525146 0.42534139752388 0.417220115661621 0.388358771800995 0.349214881658554 0.31240901350975 0.28836727142334 0.272615849971771 0.266977965831757 0.268232703208923 0.282772928476334 0.286331653594971
0.126197695732117 0.173608064651489 0.255201131105423 0.312237292528152 0.352404564619064 0.390634655952454 0.43573847413063 0.444969415664673 0.45009908080101 0.477945804595947 0.470190227031708 0.468693137168884 0.467746794223785 0.457279622554779 0.437530368566513 0.408002197742462 0.376441806554794 0.342906296253204 0.321097701787949 0.310463845729828 0.323598444461823 0.344022810459137 0.347469657659531 0.344599723815918 0.339295774698257 0.331737607717514 0.318016678094864 0.315361380577087 0.317511856555939 0.328588008880615 0.346312701702118 0.344966739416122 0.350758224725723 0.384502470493317 0.405622541904449 0.422287404537201 0.421270877122879 0.397289872169495 0.357936501502991 0.303407430648804 0.275755017995834 0.269910961389542 0.26701220870018 0.288128018379211 0.297589600086212
0.175402715802193 0.218221813440323 0.300229370594025 0.35816678404808 0.394490391016006 0.414409279823303 0.43553552031517 0.453524142503738 0.464228421449661 0.486924916505814 0.480840891599655 0.460498213768005 0.435632199048996 0.4405797123909 0.428882956504822 0.389621078968048 0.349711000919342 0.315415799617767 0.299767851829529 0.281661808490753 0.281474500894547 0.292257308959961 0.284273564815521 0.300870627164841 0.314324766397476 0.318170934915543 0.319644272327423 0.332975029945374 0.350220590829849 0.349046021699905 0.355404019355774 0.357520490884781 0.35136279463768 0.359087526798248 0.379873752593994 0.40542671084404 0.432716429233551 0.436758279800415 0.398741066455841 0.331536412239075 0.296730250120163 0.290494531393051 0.280794739723206 0.278584092855453 0.275895535945892
0.249231994152069 0.269690901041031 0.347792983055115 0.395798087120056 0.418552368879318 0.432079583406448 0.436633288860321 0.472859561443329 0.491653710603714 0.49101534485817 0.489886701107025 0.481406390666962 0.457457363605499 0.449776917695999 0.413931459188461 0.363267064094543 0.325144976377487 0.304406046867371 0.290971964597702 0.278051853179932 0.261373728513718 0.24542735517025 0.232666581869125 0.259743839502335 0.287508994340897 0.291017204523087 0.296310067176819 0.323464065790176 0.345209449529648 0.344829827547073 0.355681300163269 0.361910700798035 0.346463799476624 0.335264503955841 0.34763503074646 0.380788952112198 0.416612505912781 0.435828864574432 0.424370646476746 0.379167944192886 0.331096053123474 0.314465671777725 0.29813688993454 0.277641773223877 0.248153865337372
0.291500747203827 0.335768342018127 0.382264196872711 0.420580208301544 0.44407519698143 0.448395580053329 0.448656588792801 0.496378183364868 0.509270429611206 0.490493595600128 0.481621593236923 0.485631376504898 0.470068275928497 0.450746148824692 0.403107136487961 0.352229714393616 0.329401105642319 0.320191591978073 0.305260688066483 0.288083791732788 0.261610597372055 0.241725638508797 0.22627654671669 0.221605524420738 0.237095668911934 0.241448476910591 0.254416227340698 0.281684368848801 0.306291162967682 0.328562825918198 0.358487635850906 0.358876883983612 0.323463797569275 0.303591102361679 0.30163049697876 0.325697183609009 0.364364057779312 0.401006728410721 0.421686172485352 0.415360063314438 0.386993765830994 0.355299025774002 0.319602966308594 0.291584134101868 0.256723910570145
0.359037131071091 0.384080052375793 0.413718074560165 0.449396222829819 0.462191343307495 0.460545808076859 0.470691949129105 0.515653133392334 0.526772499084473 0.499084830284119 0.478484332561493 0.46494659781456 0.441339075565338 0.419504225254059 0.38387742638588 0.343844056129456 0.323670864105225 0.317307859659195 0.316766023635864 0.303693145513535 0.279736340045929 0.261044502258301 0.228135123848915 0.201856657862663 0.203720286488533 0.203158602118492 0.21162636578083 0.230936124920845 0.26258447766304 0.28967073559761 0.317072182893753 0.336323946714401 0.336228936910629 0.33457025885582 0.320244699716568 0.30086824297905 0.334751456975937 0.385977298021317 0.431370407342911 0.444947123527527 0.43406668305397 0.394176214933395 0.340166389942169 0.300864458084106 0.263087004423141
0.397497713565826 0.410251915454865 0.443895399570465 0.463834464550018 0.474569052457809 0.488143682479858 0.494793891906738 0.523103475570679 0.526202976703644 0.499110490083694 0.477049738168716 0.453646093606949 0.427795946598053 0.399961858987808 0.371058225631714 0.339519143104553 0.305631667375565 0.30499529838562 0.317478388547897 0.316897988319397 0.291734635829926 0.261576771736145 0.221262216567993 0.195494398474693 0.186301156878471 0.182668343186378 0.183211833238602 0.195102855563164 0.226810276508331 0.256660908460617 0.287601143121719 0.32802277803421 0.361693114042282 0.361154764890671 0.364892333745956 0.336782544851303 0.323368698358536 0.376431435346603 0.419103533029556 0.448960840702057 0.475019782781601 0.435383766889572 0.360553562641144 0.319833666086197 0.289558589458466
0.422448337078094 0.428245782852173 0.45680895447731 0.478272289037704 0.496548622846603 0.515850603580475 0.508556723594666 0.52503502368927 0.518998384475708 0.489459276199341 0.480034410953522 0.463727504014969 0.424478650093079 0.383175492286682 0.358363687992096 0.319429397583008 0.298933923244476 0.30182471871376 0.299591988325119 0.292903929948807 0.27116870880127 0.237354949116707 0.201306685805321 0.187175542116165 0.174849778413773 0.175787255167961 0.174713894724846 0.180995434522629 0.198210150003433 0.232491314411163 0.258031785488129 0.28372710943222 0.333724230527878 0.362572938203812 0.376531839370728 0.382861644029617 0.349121868610382 0.367861539125443 0.419559001922607 0.475844651460648 0.501156806945801 0.452808916568756 0.39380943775177 0.347225844860077 0.317589044570923
0.452635020017624 0.457392632961273 0.469481229782104 0.489779382944107 0.507226884365082 0.523221492767334 0.516086280345917 0.517062485218048 0.503721714019775 0.480696827173233 0.477638006210327 0.475599437952042 0.427803039550781 0.387568414211273 0.351276129484177 0.296392053365707 0.296123802661896 0.300803810358047 0.287400037050247 0.276874542236328 0.245399385690689 0.214140132069588 0.191780015826225 0.179769963026047 0.171459257602692 0.179610595107079 0.180978342890739 0.17936484515667 0.18720930814743 0.215868145227432 0.234899416565895 0.251767247915268 0.307579010725021 0.361365854740143 0.392554610967636 0.410273283720016 0.413079023361206 0.411369949579239 0.435407370328903 0.462007462978363 0.476361751556396 0.460468620061874 0.43886935710907 0.40648752450943 0.370649933815002
0.466754913330078 0.476563662290573 0.480431258678436 0.497100561857224 0.498558700084686 0.509650349617004 0.518511533737183 0.506365299224854 0.485310763120651 0.461018890142441 0.44911989569664 0.462311923503876 0.447735339403152 0.418353378772736 0.369551777839661 0.309946537017822 0.311593383550644 0.316271603107452 0.290694534778595 0.267664581537247 0.234458357095718 0.208647772669792 0.194375023245811 0.184872522950172 0.181872099637985 0.198436185717583 0.197569161653519 0.193435564637184 0.20288273692131 0.224634096026421 0.242914393544197 0.253103107213974 0.293130666017532 0.345230609178543 0.390983134508133 0.413202702999115 0.444485187530518 0.43478199839592 0.400808870792389 0.429455369710922 0.458618611097336 0.471709161996841 0.471846073865891 0.464276522397995 0.441604435443878
0.458689898252487 0.469960331916809 0.472760319709778 0.490820229053497 0.502702832221985 0.510871291160583 0.522246658802032 0.517358899116516 0.490680366754532 0.467833936214447 0.447103232145309 0.452680617570877 0.464823544025421 0.441291242837906 0.396052062511444 0.330903321504593 0.306612700223923 0.30167293548584 0.288005501031876 0.266440659761429 0.230506554245949 0.199131101369858 0.193432629108429 0.192738622426987 0.20101672410965 0.223676204681396 0.223596513271332 0.223250135779381 0.225114166736603 0.240459352731705 0.265416830778122 0.264223605394363 0.272242784500122 0.305132359266281 0.366590291261673 0.396881937980652 0.419695317745209 0.429955214262009 0.418953388929367 0.428881347179413 0.444236665964127 0.466720193624496 0.490480154752731 0.492631047964096 0.454148977994919
0.447776526212692 0.472516745328903 0.478043556213379 0.492106795310974 0.518975377082825 0.525259733200073 0.51862359046936 0.510597348213196 0.49989527463913 0.481398701667786 0.45164230465889 0.441622078418732 0.465344041585922 0.45924037694931 0.427916079759598 0.358570426702499 0.325254380702972 0.328813195228577 0.312008917331696 0.287192940711975 0.248577922582626 0.219621077179909 0.222484067082405 0.222652763128281 0.222261190414429 0.234301254153252 0.240303546190262 0.229057535529137 0.229699224233627 0.242463245987892 0.262612253427505 0.256724238395691 0.248901143670082 0.284268081188202 0.336577594280243 0.366042524576187 0.393183290958405 0.436041474342346 0.457802623510361 0.423417627811432 0.420926064252853 0.442721903324127 0.476757973432541 0.488250821828842 0.45547291636467
0.457487195730209 0.484168887138367 0.487389355897903 0.49209526181221 0.510963022708893 0.513484239578247 0.498939901590347 0.498748362064362 0.500061273574829 0.481715232133865 0.450870394706726 0.444059282541275 0.472748070955276 0.483387380838394 0.472571551799774 0.417950063943863 0.38459187746048 0.366946190595627 0.322908937931061 0.29375559091568 0.281027942895889 0.272579520940781 0.268413096666336 0.267043620347977 0.266041547060013 0.270688623189926 0.266980588436127 0.246697321534157 0.244322687387466 0.242980360984802 0.250878483057022 0.250742822885513 0.258570939302444 0.287431478500366 0.294043153524399 0.332003027200699 0.381794661283493 0.437004894018173 0.458293169736862 0.427396029233932 0.423703253269196 0.438092052936554 0.465787261724472 0.473360687494278 0.44887176156044
0.478118628263474 0.487732976675034 0.495572328567505 0.498730272054672 0.504690647125244 0.504332959651947 0.497745901346207 0.500240325927734 0.496060103178024 0.487517178058624 0.459916323423386 0.450372248888016 0.477459132671356 0.500729978084564 0.504541993141174 0.478334039449692 0.44385290145874 0.414783746004105 0.375560879707336 0.337720543146133 0.332392305135727 0.332490891218185 0.316662698984146 0.312298536300659 0.318880140781403 0.325169622898102 0.307238876819611 0.282472968101501 0.261732578277588 0.245243221521378 0.249865099787712 0.253425121307373 0.26399090886116 0.281086534261703 0.279896765947342 0.31743860244751 0.383141845464706 0.428700625896454 0.449565857648849 0.44882807135582 0.453441500663757 0.44265803694725 0.467599600553513 0.486752986907959 0.460520356893539
0.478578805923462 0.487565010786057 0.498917907476425 0.503214955329895 0.50476485490799 0.502990126609802 0.501587450504303 0.492461979389191 0.475356847047806 0.47663426399231 0.463095992803574 0.450437009334564 0.468514084815979 0.489385694265366 0.505787134170532 0.509407460689545 0.484968990087509 0.47199934720993 0.452107280492783 0.410485655069351 0.37783345580101 0.378895074129105 0.372211098670959 0.350890964269638 0.356174349784851 0.354003936052322 0.333469033241272 0.315575808286667 0.285777896642685 0.255353599786758 0.249454334378242 0.246724650263786 0.2574822306633 0.278319180011749 0.291769355535507 0.326356023550034 0.373669534921646 0.419217616319656 0.444714814424515 0.45554992556572 0.457589030265808 0.438153743743896 0.464217633008957 0.479630291461945 0.45682480931282
0.477407306432724 0.489320397377014 0.49019455909729 0.486737787723541 0.485186904668808 0.489733964204788 0.486754566431046 0.463744252920151 0.446031719446182 0.447135269641876 0.448547005653381 0.456200331449509 0.467634826898575 0.483499884605408 0.501957535743713 0.518584549427032 0.510747849941254 0.496054887771606 0.482595026493073 0.446473389863968 0.40467369556427 0.395363956689835 0.39729979634285 0.387384563684464 0.383674800395966 0.362621277570724 0.350765615701675 0.334435135126114 0.298984080553055 0.262889742851257 0.23864534497261 0.233269706368446 0.248252183198929 0.273611277341843 0.294808924198151 0.330609560012817 0.365733742713928 0.411781877279282 0.426761150360107 0.435789316892624 0.44194820523262 0.453161120414734 0.465483099222183 0.456873744726181 0.449813485145569
0.475880473852158 0.487942099571228 0.482609033584595 0.462222963571548 0.464238673448563 0.464306563138962 0.448115944862366 0.436579197645187 0.418112009763718 0.410998106002808 0.419834613800049 0.432810246944427 0.44295197725296 0.458029121160507 0.47152653336525 0.489477455615997 0.501568734645844 0.495758473873138 0.48570391535759 0.45506626367569 0.435202986001968 0.414134234189987 0.411474823951721 0.414956271648407 0.401262700557709 0.367646276950836 0.354062259197235 0.327097505331039 0.289958834648132 0.263139992952347 0.22329580783844 0.224067136645317 0.247942835092545 0.267842531204224 0.287886202335358 0.317534983158112 0.35255691409111 0.388321429491043 0.414242029190063 0.429432779550552 0.444397509098053 0.453707277774811 0.452904671430588 0.457235544919968 0.451644569635391
