data/trimmed_ndre/Aes_ndre.626.2011_no_clouds.asc
NCOLS 109 
NROWS 101 
XLLCORNER 466110 
YLLCORNER 5182005 
CELLSIZE 5 
NODATA_value -3.4e+38 
[rows 60 to 79 of 101, columns 45 to 89 of 109]
0.54371964931488 0.554848611354828 0.548630714416504 0.531347632408142 0.510132312774658 0.472116142511368 0.438748270273209 0.424542725086212 0.431013196706772 0.426609098911285 0.426375031471252 0.444018602371216 0.445781797170639 0.464070945978165 0.504506230354309 0.548150241374969 0.542771399021149 0.547270059585571 0.561232030391693 0.566546618938446 0.565341174602509 0.551891386508942 0.521909892559052 0.493607431650162 0.468989044427872 0.454443842172623 0.416379541158676 0.339154541492462 0.280416309833527 0.275871962308884 0.284488677978516 0.311776757240295 0.332676857709885 0.369614332914352 0.404077678918839 0.437324583530426 0.460633277893066 0.49212521314621 0.522667229175568 0.533555805683136 0.546668469905853 0.575703859329224 0.601595520973206 0.605102002620697 0.591421484947205
0.560983777046204 0.566001296043396 0.541466355323792 0.502945721149445 0.488266557455063 0.4528928399086 0.401356160640717 0.378883242607117 0.399318903684616 0.421600997447968 0.421706229448318 0.407618761062622 0.4210584461689 0.453763991594315 0.491953045129776 0.529555857181549 0.527057468891144 0.545323371887207 0.568506300449371 0.580749571323395 0.57110333442688 0.557863354682922 0.533921241760254 0.484987646341324 0.469064235687256 0.444934725761414 0.364975064992905 0.307550072669983 0.29414764046669 0.261488884687424 0.273922234773636 0.325211554765701 0.354476660490036 0.379096567630768 0.403361529111862 0.426581144332886 0.443967640399933 0.463376581668854 0.498388677835464 0.528830409049988 0.552314698696136 0.56373792886734 0.57249927520752 0.591596007347107 0.582042753696442
0.574732601642609 0.559901356697083 0.511133432388306 0.476473808288574 0.435898065567017 0.393887579441071 0.367085874080658 0.365816533565521 0.389758497476578 0.410759449005127 0.419283926486969 0.404170900583267 0.421377122402191 0.455977290868759 0.46209180355072 0.481248408555984 0.508119881153107 0.53689581155777 0.559418737888336 0.568951070308685 0.555033326148987 0.536406099796295 0.505238115787506 0.477259695529938 0.456862926483154 0.409451812505722 0.314188688993454 0.268115818500519 0.269151985645294 0.263131588697433 0.302187085151672 0.334447056055069 0.346798360347748 0.367814481258392 0.409662276506424 0.433492392301559 0.448728919029236 0.463889837265015 0.506862342357635 0.535617530345917 0.550607919692993 0.543553829193115 0.526533544063568 0.561958253383636 0.564687430858612
0.562590956687927 0.513730704784393 0.4586001932621 0.431178778409958 0.393076092004776 0.349455267190933 0.342359453439713 0.364828854799271 0.384798943996429 0.388550639152527 0.388939529657364 0.3790323138237 0.38345804810524 0.413869440555573 0.431648313999176 0.435290217399597 0.456728249788284 0.488996684551239 0.513755083084106 0.529909729957581 0.516611218452454 0.501519918441772 0.477598249912262 0.470072239637375 0.43248051404953 0.367290705442429 0.300140768289566 0.257928997278214 0.248914256691933 0.287305414676666 0.332802981138229 0.331422626972198 0.344265520572662 0.395260989665985 0.44440895318985 0.45922926068306 0.468498051166534 0.477065742015839 0.499435484409332 0.525331139564514 0.537942409515381 0.524257838726044 0.506132841110229 0.544195592403412 0.543917834758759
0.548306107521057 0.478725731372833 0.410648971796036 0.397358894348145 0.384923756122589 0.338383942842484 0.315866351127625 0.335385203361511 0.343318700790405 0.339387774467468 0.34181135892868 0.347020119428635 0.351159334182739 0.378519654273987 0.406104266643524 0.417682856321335 0.432118743658066 0.457811564207077 0.462914854288101 0.46609291434288 0.472251057624817 0.481677740812302 0.478939145803452 0.453689157962799 0.394919842481613 0.329457193613052 0.281862407922745 0.259118914604187 0.275039345026016 0.315790951251984 0.353767722845078 0.360284417867661 0.380903989076614 0.433268755674362 0.469275593757629 0.479313462972641 0.493459910154343 0.499158143997192 0.502680122852325 0.530763566493988 0.540530979633331 0.527887582778931 0.516832172870636 0.5353924036026 0.530517339706421
0.523238956928253 0.453082770109177 0.395283222198486 0.377907127141953 0.357885122299194 0.327639997005463 0.304859161376953 0.306998550891876 0.312894016504288 0.311954498291016 0.32682791352272 0.357201606035233 0.355962604284286 0.363904595375061 0.389994204044342 0.420885890722275 0.441911816596985 0.463857442140579 0.458571344614029 0.437088638544083 0.435911744832993 0.461131036281586 0.47639924287796 0.441923648118973 0.385848373174667 0.344089448451996 0.320127099752426 0.318756550550461 0.339211493730545 0.350454598665237 0.358190655708313 0.370778530836105 0.407072842121124 0.452512890100479 0.481620401144028 0.48766964673996 0.475310325622559 0.502715826034546 0.512805044651031 0.538068830966949 0.561474144458771 0.544905602931976 0.530396223068237 0.533991575241089 0.526628792285919
0.484842509031296 0.432770907878876 0.396770685911179 0.364321082830429 0.333384424448013 0.309725999832153 0.303089469671249 0.305310726165771 0.307821214199066 0.318266630172729 0.320757806301117 0.325287044048309 0.337481617927551 0.351636171340942 0.367232888936996 0.389158010482788 0.403117954730988 0.420711696147919 0.435062229633331 0.410624116659164 0.399927169084549 0.419726014137268 0.412516266107559 0.405166417360306 0.413697302341461 0.413339704275131 0.415320008993149 0.390848159790039 0.375386446714401 0.369265913963318 0.364650398492813 0.390349507331848 0.434176087379456 0.460352510213852 0.489161282777786 0.501165509223938 0.4889255464077 0.509783804416656 0.509240031242371 0.527463614940643 0.577616691589355 0.570282936096191 0.547122001647949 0.538187325000763 0.531926989555359
0.446829557418823 0.423568338155746 0.404977142810822 0.368698686361313 0.321915417909622 0.302346050739288 0.311211705207825 0.317124128341675 0.30559441447258 0.314297914505005 0.342870831489563 0.341063350439072 0.342002540826797 0.346485912799835 0.360330253839493 0.37450897693634 0.375863701105118 0.38680624961853 0.398975610733032 0.389984130859375 0.399062156677246 0.423864096403122 0.402683347463608 0.414739310741425 0.441929906606674 0.436570912599564 0.454040378332138 0.429302930831909 0.390133589506149 0.381968021392822 0.397062629461288 0.432112574577332 0.476286590099335 0.489369451999664 0.500916421413422 0.510839283466339 0.510689437389374 0.500238656997681 0.523013651371002 0.557692348957062 0.582943201065063 0.588816940784454 0.570636868476868 0.542830646038055 0.535223424434662
0.431199342012405 0.408627033233643 0.403765738010406 0.383964717388153 0.355236411094666 0.33100825548172 0.318092316389084 0.314132243394852 0.312277734279633 0.329107105731964 0.367384821176529 0.375450015068054 0.366267204284668 0.361312299966812 0.362431943416595 0.366999834775925 0.372808754444122 0.387567073106766 0.403472751379013 0.425141215324402 0.447586357593536 0.461087644100189 0.449115008115768 0.457245588302612 0.453659117221832 0.434251248836517 0.435369104146957 0.411823809146881 0.383580237627029 0.398696005344391 0.437389194965363 0.452233284711838 0.476888239383698 0.500148117542267 0.506928324699402 0.506955027580261 0.495706826448441 0.489067703485489 0.524313628673553 0.562734663486481 0.56515371799469 0.588966369628906 0.588254153728485 0.534711480140686 0.516955018043518
0.454998672008514 0.435398489236832 0.435506254434586 0.428279459476471 0.410361379384995 0.398427546024323 0.367489367723465 0.336973190307617 0.328105390071869 0.338392406702042 0.359081506729126 0.365621387958527 0.363108187913895 0.366378426551819 0.373180031776428 0.380122274160385 0.378658205270767 0.380833715200424 0.383056849241257 0.415453284978867 0.47126093506813 0.49264669418335 0.491622924804688 0.499853104352951 0.495249330997467 0.473875910043716 0.449771493673325 0.418995082378387 0.395310461521149 0.43782114982605 0.469953328371048 0.448669403791428 0.464601039886475 0.501645684242249 0.530615389347076 0.542243421077728 0.524433434009552 0.511057734489441 0.529684066772461 0.548956990242004 0.551789700984955 0.565926909446716 0.568286955356598 0.523982524871826 0.498048037290573
0.480564475059509 0.482114970684052 0.485423296689987 0.465820014476776 0.424669325351715 0.420242369174957 0.402798682451248 0.358080416917801 0.335697144269943 0.340672045946121 0.363021314144135 0.367890894412994 0.359140932559967 0.360829025506973 0.377547293901443 0.396885633468628 0.397457182407379 0.374896079301834 0.341588795185089 0.375789701938629 0.462670177221298 0.508360207080841 0.51866352558136 0.523994207382202 0.523653149604797 0.513730585575104 0.502002358436584 0.470699071884155 0.437747299671173 0.45060670375824 0.448035717010498 0.409250736236572 0.435741066932678 0.513664305210114 0.544921457767487 0.546150982379913 0.526928901672363 0.521439254283905 0.539406180381775 0.551083981990814 0.545871198177338 0.536113381385803 0.531750857830048 0.508172571659088 0.494118362665176
0.482564747333527 0.49597156047821 0.522290885448456 0.519794821739197 0.478945374488831 0.456390112638474 0.418016314506531 0.374491006135941 0.348835110664368 0.342200309038162 0.349531590938568 0.354409545660019 0.36155891418457 0.360779464244843 0.363234907388687 0.373492330312729 0.36824768781662 0.351932018995285 0.329158514738083 0.353564977645874 0.446455508470535 0.496899873018265 0.521775245666504 0.534416139125824 0.535874366760254 0.524044632911682 0.526088356971741 0.518813610076904 0.474822193384171 0.467739343643188 0.445932567119598 0.378893554210663 0.401607185602188 0.495098114013672 0.514419496059418 0.504413425922394 0.506518125534058 0.514444172382355 0.536525309085846 0.545835256576538 0.54496818780899 0.53261137008667 0.522786915302277 0.487296283245087 0.477077066898346
0.453200370073318 0.478796720504761 0.540094614028931 0.563574194908142 0.535403668880463 0.497704327106476 0.444784075021744 0.389949858188629 0.354738652706146 0.348005592823029 0.343623489141464 0.34521272778511 0.36141762137413 0.366808742284775 0.371802359819412 0.374963402748108 0.363679379224777 0.349399566650391 0.348331481218338 0.347519844770432 0.387266397476196 0.438107699155807 0.488333612680435 0.524114608764648 0.537190496921539 0.525347292423248 0.515726983547211 0.50655210018158 0.484564423561096 0.504975914955139 0.506703734397888 0.420066475868225 0.411163806915283 0.469814568758011 0.455062031745911 0.458303868770599 0.501968801021576 0.516874969005585 0.524681031703949 0.534569621086121 0.54061883687973 0.542705357074738 0.537835121154785 0.498508185148239 0.494102090597153
0.431960999965668 0.465287744998932 0.532388508319855 0.565928161144257 0.547211527824402 0.515320837497711 0.485179454088211 0.443973869085312 0.396295070648193 0.372111141681671 0.368800520896912 0.368389099836349 0.36701112985611 0.367231607437134 0.376613020896912 0.389458954334259 0.38281986117363 0.365617275238037 0.360855996608734 0.348468095064163 0.354636460542679 0.387529075145721 0.438419550657272 0.48616099357605 0.509377181529999 0.497870355844498 0.466644763946533 0.46527037024498 0.482528507709503 0.502025187015533 0.512394070625305 0.457933068275452 0.43162801861763 0.460958570241928 0.438300371170044 0.43038934469223 0.477160602807999 0.491068929433823 0.491137146949768 0.503723084926605 0.519193112850189 0.542548358440399 0.557460188865662 0.534950435161591 0.519165754318237
0.426135808229446 0.457361042499542 0.503039121627808 0.53334903717041 0.528755903244019 0.513085067272186 0.504037082195282 0.482337981462479 0.431310296058655 0.396570831537247 0.389121174812317 0.389227479696274 0.383795589208603 0.378631681203842 0.383404552936554 0.387232035398483 0.380982369184494 0.380642235279083 0.389008402824402 0.380676716566086 0.392076224088669 0.398443460464478 0.415042519569397 0.444324761629105 0.468934506177902 0.470752358436584 0.4547059237957 0.458859711885452 0.466155737638474 0.482104688882828 0.514633119106293 0.496059775352478 0.452884644269943 0.468411326408386 0.457168996334076 0.454609841108322 0.478669941425323 0.47957044839859 0.46406951546669 0.450708389282227 0.4623883664608 0.498900443315506 0.541512966156006 0.544806182384491 0.524789273738861
0.408153384923935 0.436113923788071 0.482236742973328 0.508348524570465 0.515439987182617 0.508552193641663 0.500143587589264 0.481092751026154 0.452243328094482 0.439611405134201 0.440143555402756 0.430708825588226 0.418727695941925 0.409613728523254 0.407135039567947 0.41640505194664 0.414877235889435 0.422707617282867 0.433026194572449 0.416225790977478 0.412914514541626 0.402489840984344 0.406452000141144 0.435762584209442 0.459058612585068 0.476327031850815 0.459495216608047 0.437327951192856 0.435287833213806 0.443483620882034 0.478025704622269 0.495830148458481 0.469934701919556 0.488185375928879 0.493841469287872 0.481231302022934 0.487695872783661 0.478892356157303 0.445600479841232 0.416493982076645 0.419872254133224 0.447046607732773 0.498402178287506 0.537418961524963 0.539308190345764
0.384990900754929 0.402004152536392 0.456527262926102 0.497264504432678 0.51497358083725 0.518192052841187 0.519373893737793 0.503629565238953 0.490096509456635 0.48243373632431 0.476628512144089 0.468802183866501 0.455781221389771 0.440252065658569 0.426625281572342 0.436725795269012 0.447341620922089 0.459932863712311 0.457659006118774 0.439154446125031 0.442974060773849 0.451601564884186 0.451726615428925 0.45951509475708 0.464862167835236 0.464269816875458 0.447733223438263 0.426034569740295 0.409167677164078 0.396635740995407 0.406824886798859 0.43443837761879 0.450403422117233 0.482743799686432 0.486260652542114 0.483246177434921 0.502276480197906 0.496456742286682 0.462625622749329 0.439292699098587 0.422788888216019 0.417963325977325 0.469950258731842 0.524301409721375 0.545698881149292
0.355592489242554 0.375254988670349 0.425441920757294 0.468041181564331 0.496694833040237 0.520783424377441 0.55184406042099 0.539590656757355 0.521665453910828 0.503802239894867 0.478309780359268 0.47749787569046 0.483899921178818 0.475094050168991 0.448833435773849 0.439968287944794 0.459780305624008 0.473480582237244 0.448931962251663 0.447832942008972 0.478839755058289 0.49404963850975 0.489542931318283 0.475748628377914 0.474571794271469 0.468965321779251 0.430228710174561 0.410471469163895 0.395430117845535 0.381078571081161 0.380841434001923 0.399594664573669 0.412561625242233 0.444250285625458 0.457577586174011 0.489065021276474 0.530074119567871 0.511206924915314 0.48004999756813 0.460785210132599 0.417710930109024 0.394599825143814 0.447737127542496 0.496865093708038 0.524764239788055
0.328752845525742 0.348046958446503 0.372977614402771 0.398047626018524 0.448305994272232 0.4903344810009 0.533313870429993 0.550238370895386 0.543528318405151 0.532697021961212 0.50140655040741 0.498785376548767 0.518579304218292 0.509628534317017 0.473758101463318 0.456616073846817 0.475092351436615 0.496807754039764 0.481863021850586 0.473153054714203 0.490865975618362 0.48683974146843 0.493543058633804 0.479451239109039 0.461899369955063 0.448512256145477 0.403452008962631 0.375684410333633 0.344941288232803 0.341379225254059 0.376184105873108 0.405197948217392 0.409086853265762 0.432844430208206 0.46365487575531 0.509105682373047 0.536641001701355 0.506608903408051 0.472211897373199 0.442667454481125 0.406640410423279 0.390343725681305 0.430490344762802 0.475381463766098 -3.4e+38
0.305470138788223 0.311259061098099 0.326872795820236 0.327459573745728 0.390506595373154 0.455162525177002 0.50301605463028 0.540694653987885 0.566631317138672 0.566366016864777 0.549966752529144 0.544443607330322 0.550755977630615 0.529593169689178 0.499948799610138 0.494527876377106 0.520023167133331 0.529897153377533 0.511890888214111 0.490825086832047 0.507246494293213 0.501655638217926 0.467711299657822 0.434884667396545 0.414915949106216 0.409964382648468 0.397613495588303 0.349049389362335 0.301413059234619 0.33030092716217 0.388664245605469 0.414482891559601 0.435693114995956 0.456079602241516 0.476992696523666 0.506423652172089 0.521101057529449 0.501129806041718 0.467976033687592 0.446965157985687 0.430815428495407 -3.4e+38 -3.4e+38 -3.4e+38 -3.4e+38
