data/trimmed_ndre/Aes_ndre.728.2009_no_clouds.asc
NCOLS 109 
NROWS 101 
XLLCORNER 466110 
YLLCORNER 5182005 
CELLSIZE 5 
NODATA_value -3.4e+38 
[rows 40 to 59 of 101, columns 0 to 44 of 109]
-3.4e+38 -3.4e+38 -3.4e+38 -3.4e+38 -3.4e+38 -3.4e+38 -3.4e+38 -3.4e+38 -3.4e+38 -3.4e+38 -3.4e+38 -3.4e+38 0.172270283102989 0.200579077005386 0.203953981399536 0.186095625162125 0.169040948152542 0.177165523171425 0.191828027367592 0.184530794620514 0.203259125351906 0.194066748023033 0.176100745797157 0.185262858867645 0.192873656749725 0.216692313551903 0.228354126214981 0.223859176039696 0.206602841615677 0.186856284737587 0.192376837134361 0.203893065452576 0.197895288467407 0.179568454623222 0.174240052700043 0.166847616434097 0.154447242617607 0.146880060434341 0.13079996407032 0.126567035913467 0.144142910838127 0.135891035199165 0.133000656962395 0.152322739362717 0.143923595547676
-3.4e+38 -3.4e+38 -3.4e+38 -3.4e+38 -3.4e+38 -3.4e+38 -3.4e+38 -3.4e+38 -3.4e+38 -3.4e+38 -3.4e+38 -3.4e+38 0.18019363284111 0.204520225524902 0.199067234992981 0.178337216377258 0.171414345502853 0.157769963145256 0.168321833014488 0.186345756053925 0.208561807870865 0.20468458533287 0.182797163724899 0.182841613888741 0.186225369572639 0.217176213860512 0.228222325444221 0.205953404307365 0.199082389473915 0.187259912490845 0.181085899472237 0.182489514350891 0.179981082677841 0.173321738839149 0.171671703457832 0.155524268746376 0.152928620576859 0.157685995101929 0.150889605283737 0.139633983373642 0.140434935688972 0.152492746710777 0.158679366111755 0.155577406287193 0.123885527253151
-3.4e+38 -3.4e+38 -3.4e+38 -3.4e+38 -3.4e+38 -3.4e+38 -3.4e+38 -3.4e+38 -3.4e+38 -3.4e+38 -3.4e+38 0.195603102445602 0.177460014820099 0.16495281457901 0.17145448923111 0.184560880064964 0.186302661895752 0.165588945150375 0.174844086170197 0.184806123375893 0.185308277606964 0.203934252262115 0.192183956503868 0.191300511360168 0.206250980496407 0.206565871834755 0.213797137141228 0.207312852144241 0.211786717176437 0.213365495204926 0.185572743415833 0.159158945083618 0.166737973690033 0.167630583047867 0.164703190326691 0.170832052826881 0.17079870402813 0.166831344366074 0.149724319577217 0.14784899353981 0.151700705289841 0.163865283131599 0.143964007496834 0.135861471295357 0.144832402467728
-3.4e+38 -3.4e+38 -3.4e+38 -3.4e+38 -3.4e+38 -3.4e+38 -3.4e+38 -3.4e+38 -3.4e+38 -3.4e+38 -3.4e+38 0.197814792394638 0.171521842479706 0.148722887039185 0.163143053650856 0.180001705884933 0.194952934980392 0.197407573461533 0.196144312620163 0.202022343873978 0.190127015113831 0.186606958508492 0.209043085575104 0.219083324074745 0.212504759430885 0.18275848031044 0.192952692508698 0.205171585083008 0.204718872904778 0.200279101729393 0.181225448846817 0.15939474105835 0.158971354365349 0.130561053752899 0.136511921882629 0.169175177812576 0.162609070539474 0.15413111448288 0.143333300948143 0.135929465293884 0.157472252845764 0.155371725559235 0.118517063558102 0.133753880858421 0.159600213170052
-3.4e+38 -3.4e+38 -3.4e+38 -3.4e+38 -3.4e+38 -3.4e+38 -3.4e+38 -3.4e+38 -3.4e+38 -3.4e+38 -3.4e+38 0.202031433582306 0.193676486611366 0.174781695008278 0.167452812194824 0.176513195037842 0.189458340406418 0.202131852507591 0.203131586313248 0.201591312885284 0.198811739683151 0.192827716469765 0.213671088218689 0.212498024106026 0.194275483489037 0.183770105242729 0.199150025844574 0.205491349101067 0.181123420596123 0.155199453234673 0.161179333925247 0.167180344462395 0.165850400924683 0.135891422629356 0.131376966834068 0.155949667096138 0.15036940574646 0.147158533334732 0.158877596259117 0.147351428866386 0.160651385784149 0.172365918755531 0.137432873249054 0.147256523370743 0.171384155750275
-3.4e+38 -3.4e+38 -3.4e+38 -3.4e+38 -3.4e+38 -3.4e+38 -3.4e+38 -3.4e+38 -3.4e+38 -3.4e+38 -3.4e+38 0.192108124494553 0.185510516166687 0.1813894957304 0.167826622724533 0.169916421175003 0.179517835378647 0.19855709373951 0.208497405052185 0.201475873589516 0.213925868272781 0.208551228046417 0.197930410504341 0.205351456999779 0.199124574661255 0.204719886183739 0.217088848352432 0.202163636684418 0.170822843909264 0.149269863963127 0.162549898028374 0.171042740345001 0.167829766869545 0.154951766133308 0.155187219381332 0.171588316559792 0.171552315354347 0.147995054721832 0.156768932938576 0.176595568656921 0.16991414129734 0.166395947337151 0.156137868762016 0.149210214614868 0.166629284620285
-3.4e+38 -3.4e+38 -3.4e+38 -3.4e+38 -3.4e+38 -3.4e+38 -3.4e+38 -3.4e+38 -3.4e+38 -3.4e+38 0.167595088481903 0.166727259755135 0.156821310520172 0.169595316052437 0.16995145380497 0.182383805513382 0.20132851600647 0.202631995081902 0.202330127358437 0.199413105845451 0.201200678944588 0.195764973759651 0.184989556670189 0.184249773621559 0.191633433103561 0.208271563053131 0.207073330879211 0.177160203456879 0.156320184469223 0.159477785229683 0.174587860703468 0.155257746577263 0.144492387771606 0.150975853204727 0.14120315015316 0.152098923921585 0.170215085148811 0.147940844297409 0.145921766757965 0.161727160215378 0.149744853377342 0.16434608399868 0.17173270881176 0.16203773021698 0.158083602786064
-3.4e+38 -3.4e+38 -3.4e+38 -3.4e+38 -3.4e+38 -3.4e+38 -3.4e+38 -3.4e+38 -3.4e+38 -3.4e+38 0.169640272855759 0.164414674043655 0.163062423467636 0.169527485966682 0.167609825730324 0.203553184866905 0.226838156580925 0.203615874052048 0.189614832401276 0.181147113442421 0.181890025734901 0.179822579026222 0.173400089144707 0.180440604686737 0.188955456018448 0.185549333691597 0.182134687900543 0.163780733942986 0.144911646842957 0.155958250164986 0.165745913982391 0.138480946421623 0.137799382209778 0.14716799557209 0.140678405761719 0.148574233055115 0.167794466018677 0.172475665807724 0.153632372617722 0.139541134238243 0.134909078478813 0.16977147758007 0.18808351457119 0.175735652446747 0.170839384198189
-3.4e+38 -3.4e+38 -3.4e+38 -3.4e+38 -3.4e+38 -3.4e+38 -3.4e+38 -3.4e+38 -3.4e+38 -3.4e+38 0.175149515271187 0.176031246781349 0.185314849019051 0.191865757107735 0.192415535449982 0.216134503483772 0.216254159808159 0.187642782926559 0.175782725214958 0.162096500396729 0.169052809476852 0.177006036043167 0.166781887412071 0.177183777093887 0.189291402697563 0.173917084932327 0.174283817410469 0.173994854092598 0.158385068178177 0.14727920293808 0.158507853746414 0.161893904209137 0.155580103397369 0.156474307179451 0.156994506716728 0.167053014039993 0.17926362156868 0.178700715303421 0.153376653790474 0.146858125925064 0.159711971879005 0.162383005023003 0.195942163467407 0.202916696667671 0.197560399770737
-3.4e+38 -3.4e+38 -3.4e+38 -3.4e+38 -3.4e+38 -3.4e+38 -3.4e+38 -3.4e+38 -3.4e+38 0.174138024449348 0.165541812777519 0.171821281313896 0.17748712003231 0.187731102108955 0.185901507735252 0.179489895701408 0.195230826735497 0.196556717157364 0.186576575040817 0.162688866257668 0.166878685355186 0.179854899644852 0.175532296299934 0.175792023539543 0.174325585365295 0.159389272332191 0.160920664668083 0.183323100209236 0.176156833767891 0.146272256970406 0.147667974233627 0.162872582674026 0.159271314740181 0.160276293754578 0.159074410796165 0.155332684516907 0.147931858897209 0.15673816204071 0.176568195223808 0.185172662138939 0.183656543493271 0.176430925726891 0.20183290541172 0.222171023488045 0.225910574197769
-3.4e+38 -3.4e+38 -3.4e+38 -3.4e+38 -3.4e+38 -3.4e+38 -3.4e+38 -3.4e+38 -3.4e+38 0.160169675946236 0.16134649515152 0.179825723171234 0.180596858263016 0.199658334255219 0.184586003422737 0.155991271138191 0.179806932806969 0.213668420910835 0.20918208360672 0.17767558991909 0.171343877911568 0.184485137462616 0.187127575278282 0.177624806761742 0.158911257982254 0.15173676609993 0.13931879401207 0.155497431755066 0.167143106460571 0.147403374314308 0.14066806435585 0.149703398346901 0.151992917060852 0.142037406563759 0.157447218894958 0.161398231983185 0.14446072280407 0.144785732030869 0.168430358171463 0.187905445694923 0.197401434183121 0.201427921652794 0.216021135449409 0.231134027242661 0.236394748091698
-3.4e+38 -3.4e+38 -3.4e+38 -3.4e+38 -3.4e+38 -3.4e+38 -3.4e+38 -3.4e+38 -3.4e+38 0.175702035427094 0.16264308989048 0.182997554540634 0.203760161995888 0.218556210398674 0.226365566253662 0.197697296738625 0.186279594898224 0.204701140522957 0.20244237780571 0.174799457192421 0.170034274458885 0.17706885933876 0.179798811674118 0.175772860646248 0.160903871059418 0.136933609843254 0.12952633202076 0.154744356870651 0.15803861618042 0.143508493900299 0.140750408172607 0.145020350813866 0.144319623708725 0.131277307868004 0.151322051882744 0.171853244304657 0.152997747063637 0.149172887206078 0.169354349374771 0.196114465594292 0.207885980606079 0.221367701888084 0.240982934832573 0.251472026109695 0.256237655878067
-3.4e+38 -3.4e+38 -3.4e+38 -3.4e+38 -3.4e+38 -3.4e+38 -3.4e+38 -3.4e+38 -3.4e+38 0.161759063601494 0.150020703673363 0.179205164313316 0.200411185622215 0.182648599147797 0.199619576334953 0.19475294649601 0.171245783567429 0.172332838177681 0.183843389153481 0.180679425597191 0.173548147082329 0.16876594722271 0.158350825309753 0.157541811466217 0.166678994894028 0.149087995290756 0.142812803387642 0.152102291584015 0.130742385983467 0.117726400494576 0.134073659777641 0.150626465678215 0.148380354046822 0.139609053730965 0.143207460641861 0.152102917432785 0.158385872840881 0.189813449978828 0.209865063428879 0.212459281086922 0.210762962698936 0.227851912379265 0.246478646993637 0.256144672632217 0.279656380414963
-3.4e+38 -3.4e+38 -3.4e+38 -3.4e+38 -3.4e+38 -3.4e+38 -3.4e+38 -3.4e+38 0.155117034912109 0.164148986339569 0.169046074151993 0.181472450494766 0.194424867630005 0.182796016335487 0.186836391687393 0.175619632005692 0.162401586771011 0.158699676394463 0.172155424952507 0.172659948468208 0.164999648928642 0.171618074178696 0.152707099914551 0.13102014362812 0.149596646428108 0.148832395672798 0.129631593823433 0.122303150594234 0.132164537906647 0.127964466810226 0.129184737801552 0.137802064418793 0.141131326556206 0.144281223416328 0.156108394265175 0.158545106649399 0.176166236400604 0.214073315262794 0.234508782625198 0.231951951980591 0.228402629494667 0.235863775014877 0.246103644371033 0.256934136152267 0.292118668556213
-3.4e+38 -3.4e+38 -3.4e+38 -3.4e+38 -3.4e+38 -3.4e+38 -3.4e+38 -3.4e+38 0.164733663201332 0.179104074835777 0.178796097636223 0.176685765385628 0.183171004056931 0.186950892210007 0.178768634796143 0.162384957075119 0.168734565377235 0.177592918276787 0.16899785399437 0.15730032324791 0.145219683647156 0.137839242815971 0.155437275767326 0.150421664118767 0.139491304755211 0.133922785520554 0.128139525651932 0.1335059851408 0.148841291666031 0.134740427136421 0.119796216487885 0.12134812027216 0.134642720222473 0.156432509422302 0.166829392313957 0.176532462239265 0.173976629972458 0.191929414868355 0.233891695737839 0.267683267593384 0.268047600984573 0.263874232769012 0.267644703388214 0.278570383787155 0.301618665456772
-3.4e+38 -3.4e+38 -3.4e+38 -3.4e+38 -3.4e+38 -3.4e+38 -3.4e+38 -3.4e+38 0.165154233574867 0.175183922052383 0.177638113498688 0.170998334884644 0.171331182122231 0.182518675923347 0.185108155012131 0.17996509373188 0.17872379720211 0.183529123663902 0.177578777074814 0.154655545949936 0.14386048913002 0.145488545298576 0.153013437986374 0.145786926150322 0.127923756837845 0.141211718320847 0.153854742646217 0.151029378175735 0.143494307994843 0.120243906974792 0.12621483206749 0.144841313362122 0.142728462815285 0.141766220331192 0.15393540263176 0.175833955407143 0.177203476428986 0.203034326434135 0.255300462245941 0.292179614305496 0.301872134208679 0.29411256313324 0.305386543273926 0.288488864898682 0.28885692358017
-3.4e+38 -3.4e+38 -3.4e+38 -3.4e+38 -3.4e+38 -3.4e+38 -3.4e+38 0.163871049880981 0.16545657813549 0.168459460139275 0.175446227192879 0.176592364907265 0.177795454859734 0.199780330061913 0.195845857262611 0.168891176581383 0.15892419219017 0.168375685811043 0.171633452177048 0.148536056280136 0.140668243169785 0.149926856160164 0.139004245400429 0.134971439838409 0.127081125974655 0.127481892704964 0.141175836324692 0.139071762561798 0.119442038238049 0.111280709505081 0.135882392525673 0.149855867028236 0.13569600880146 0.138658717274666 0.155276134610176 0.174493685364723 0.18648873269558 0.220567062497139 0.264096707105637 0.294690281152725 0.300633996725082 0.297255516052246 0.310893565416336 0.293777763843536 0.289345681667328
-3.4e+38 -3.4e+38 -3.4e+38 -3.4e+38 -3.4e+38 -3.4e+38 -3.4e+38 0.155716255307198 0.156515628099442 0.167292192578316 0.177123293280602 0.181063205003738 0.177318319678307 0.187667071819305 0.190698593854904 0.163929238915443 0.148236334323883 0.140720173716545 0.155585736036301 0.157832384109497 0.13261154294014 0.138863891363144 0.160850822925568 0.148911386728287 0.140031427145004 0.132097244262695 0.133352413773537 0.144430503249168 0.126919150352478 0.117067709565163 0.133065894246101 0.140712291002274 0.138641253113747 0.143781140446663 0.179474130272865 0.203457042574883 0.200465574860573 0.222699791193008 0.273041725158691 0.314533591270447 0.331597179174423 0.322161883115768 0.319640517234802 0.323022603988647 0.326319128274918
-3.4e+38 -3.4e+38 -3.4e+38 -3.4e+38 -3.4e+38 -3.4e+38 -3.4e+38 0.143412098288536 0.153798550367355 0.167372092604637 0.169988363981247 0.181533917784691 0.181821584701538 0.172004193067551 0.171552568674088 0.170198306441307 0.147856652736664 0.136480137705803 0.140760719776154 0.149509876966476 0.141586378216743 0.140972435474396 0.148167341947556 0.140785649418831 0.147762805223465 0.147284597158432 0.139391288161278 0.149573966860771 0.127085879445076 0.11400031298399 0.138167440891266 0.153986021876335 0.155953496694565 0.160701707005501 0.193484500050545 0.216093048453331 0.21959887444973 0.249278753995895 0.294322848320007 0.33875697851181 0.360246956348419 0.349672496318817 0.33116427063942 0.346243888139725 0.340269535779953
-3.4e+38 -3.4e+38 -3.4e+38 -3.4e+38 -3.4e+38 -3.4e+38 0.166580364108086 0.147545993328094 0.166989728808403 0.170247033238411 0.172487735748291 0.189082652330399 0.189235582947731 0.167375162243843 0.146404385566711 0.143400102853775 0.145072847604752 0.137899324297905 0.123859487473965 0.141321673989296 0.156236350536346 0.142133697867393 0.148139670491219 0.165639042854309 0.170634835958481 0.147390946745872 0.133165806531906 0.135921224951744 0.14013497531414 0.139523804187775 0.146530225872993 0.151970058679581 0.168804749846458 0.186896294355392 0.200702115893364 0.205237731337547 0.218164801597595 0.248258247971535 0.276057362556458 0.314932972192764 0.339873492717743 0.337082147598267 0.336233794689178 0.347008913755417 0.347174674272537
