data/trimmed_ndre/Aes_ndre.626.2011_no_clouds.asc
NCOLS 109 
NROWS 101 
XLLCORNER 466110 
YLLCORNER 5182005 
CELLSIZE 5 
NODATA_value -3.4e+38 
[rows 80 to 99 of 101, columns 0 to 44 of 109]
-3.4e+38 -3.4e+38 -3.4e+38 -3.4e+38 0.496091544628143 0.513735830783844 0.523847043514252 0.51630300283432 0.488946080207825 0.463185876607895 0.428519040346146 0.319403171539307 0.199033260345459 0.17361344397068 0.17206934094429 0.156804546713829 0.149358779191971 0.155161187052727 0.176095873117447 0.186549142003059 0.179864928126335 0.173185810446739 0.197569504380226 0.240681424736977 0.285318166017532 0.336265295743942 0.37877756357193 0.406278550624847 0.466160029172897 0.50925874710083 0.525604009628296 0.507708787918091 0.4560407102108 0.396893054246902 0.376228779554367 0.373281925916672 0.352796852588654 0.33019232749939 0.330743402242661 0.353592306375504 0.34778955578804 0.31687119603157 0.320611506700516 0.320897847414017 0.301132172346115
-3.4e+38 -3.4e+38 -3.4e+38 -3.4e+38 -3.4e+38 -3.4e+38 -3.4e+38 0.52744859457016 0.490076333284378 0.458703100681305 0.420512229204178 0.309571623802185 0.201798304915428 0.165144175291061 0.155273273587227 0.156390428543091 0.149839356541634 0.157437205314636 0.177248984575272 0.181208997964859 0.182785660028458 0.172995924949646 0.214745864272118 0.277236878871918 0.296153515577316 0.34003284573555 0.395579814910889 0.433308154344559 0.48111966252327 0.524952292442322 0.532022297382355 0.507380962371826 0.441855758428574 0.378396362066269 0.365339428186417 0.354748785495758 0.335738390684128 0.325465202331543 0.340440273284912 0.348179012537003 0.327953040599823 0.301176488399506 0.308607697486877 0.321408718824387 0.322396725416183
-3.4e+38 -3.4e+38 -3.4e+38 -3.4e+38 -3.4e+38 -3.4e+38 -3.4e+38 -3.4e+38 -3.4e+38 -3.4e+38 0.393032878637314 0.269847333431244 0.171336323022842 0.137540116906166 0.138476580381393 0.15831196308136 0.160988986492157 0.150556579232216 0.162734687328339 0.167672544717789 0.169020295143127 0.166044265031815 0.234209805727005 0.30557581782341 0.319928407669067 0.370277881622314 0.432128578424454 0.464881390333176 0.508241176605225 0.540266454219818 0.523393213748932 0.484372615814209 0.41965839266777 0.358242928981781 0.340897798538208 0.349521666765213 0.353498518466949 0.346054673194885 0.356045186519623 0.351096361875534 0.328916311264038 0.314857006072998 0.30110689997673 0.303360372781754 0.283820301294327
-3.4e+38 -3.4e+38 -3.4e+38 -3.4e+38 -3.4e+38 -3.4e+38 -3.4e+38 -3.4e+38 -3.4e+38 -3.4e+38 -3.4e+38 -3.4e+38 0.168158054351807 0.136553511023521 0.138604983687401 0.147272974252701 0.145437315106392 0.146132722496986 0.147568956017494 0.139813974499702 0.140288263559341 0.175900131464005 0.258815795183182 0.319160789251328 0.344758331775665 0.41637110710144 0.469194620847702 0.493123203516006 0.518859505653381 0.524997055530548 0.50186288356781 0.467431366443634 0.404950529336929 0.349463015794754 0.331922054290771 0.356373399496078 0.36081662774086 0.348928511142731 0.355612069368362 0.350063055753708 0.324757993221283 0.311314731836319 0.312195092439651 0.289753288030624 0.26212152838707
-3.4e+38 -3.4e+38 -3.4e+38 -3.4e+38 -3.4e+38 -3.4e+38 -3.4e+38 -3.4e+38 -3.4e+38 -3.4e+38 -3.4e+38 -3.4e+38 -3.4e+38 -3.4e+38 0.154098868370056 0.146024793386459 0.138081893324852 0.156056687235832 0.157470107078552 0.140363305807114 0.138800904154778 0.181397169828415 0.259016990661621 0.312319695949554 0.35659858584404 0.430190682411194 0.482940167188644 0.504880011081696 0.504737079143524 0.495638906955719 0.490116268396378 0.463309824466705 0.412178456783295 0.358979523181915 0.345552831888199 0.376767307519913 0.376514315605164 0.358828127384186 0.360978722572327 0.359409987926483 0.348124086856842 0.328924626111984 0.303780645132065 0.283440053462982 0.292517006397247
-3.4e+38 -3.4e+38 -3.4e+38 -3.4e+38 -3.4e+38 -3.4e+38 -3.4e+38 -3.4e+38 -3.4e+38 -3.4e+38 -3.4e+38 -3.4e+38 -3.4e+38 -3.4e+38 -3.4e+38 0.156107321381569 0.159492835402489 0.162202507257462 0.157992333173752 0.152730271220207 0.158486664295197 0.202964201569557 0.253113269805908 0.294950604438782 0.351469367742538 0.429375410079956 0.494321823120117 0.530424237251282 0.519451677799225 0.482891708612442 0.475294500589371 0.463743388652802 0.425999075174332 0.393640577793121 0.390134990215302 0.403129398822784 0.404683977365494 0.391942828893661 0.386576592922211 0.367573350667953 0.339418739080429 0.321964532136917 0.303556263446808 0.277021735906601 0.27129653096199
-3.4e+38 -3.4e+38 -3.4e+38 -3.4e+38 -3.4e+38 -3.4e+38 -3.4e+38 -3.4e+38 -3.4e+38 -3.4e+38 -3.4e+38 -3.4e+38 -3.4e+38 -3.4e+38 -3.4e+38 -3.4e+38 -3.4e+38 0.153815478086472 0.147271484136581 0.155560255050659 0.174408912658691 0.221801146864891 0.267162829637527 0.311812788248062 0.361986994743347 0.452765256166458 0.517177939414978 0.544649183750153 0.528511703014374 0.480621367692947 0.463009536266327 0.459367454051971 0.445067197084427 0.438302367925644 0.414500117301941 0.410021126270294 0.413682907819748 0.393718630075455 0.389857172966003 0.374551743268967 0.353860557079315 0.334570705890656 0.315173327922821 0.283258050680161 0.255472511053085
-3.4e+38 -3.4e+38 -3.4e+38 -3.4e+38 -3.4e+38 -3.4e+38 -3.4e+38 -3.4e+38 -3.4e+38 -3.4e+38 -3.4e+38 -3.4e+38 -3.4e+38 -3.4e+38 -3.4e+38 -3.4e+38 -3.4e+38 -3.4e+38 -3.4e+38 0.169709295034409 0.182581022381783 0.24654296040535 0.29877308011055 0.337327778339386 0.402046620845795 0.482265889644623 0.538315415382385 0.538967728614807 0.520623862743378 0.490841239690781 0.462806731462479 0.463310748338699 0.475776880979538 0.465378612279892 0.409439831972122 0.404427528381348 0.411393195390701 0.39031907916069 0.385563492774963 0.395182579755783 0.39076766371727 0.335403174161911 0.273595124483109 0.263152569532394 0.263776451349258
-3.4e+38 -3.4e+38 -3.4e+38 -3.4e+38 -3.4e+38 -3.4e+38 -3.4e+38 -3.4e+38 -3.4e+38 -3.4e+38 -3.4e+38 -3.4e+38 -3.4e+38 -3.4e+38 -3.4e+38 -3.4e+38 -3.4e+38 -3.4e+38 -3.4e+38 -3.4e+38 -3.4e+38 0.265303611755371 0.299720078706741 0.34477561712265 0.423964589834213 0.498074561357498 0.547162234783173 0.538260936737061 0.504472613334656 0.492767989635468 0.478589683771133 0.482755184173584 0.500990509986877 0.475171208381653 0.420941799879074 0.420938700437546 0.415574371814728 0.392850518226624 0.396750301122665 0.412179708480835 0.38208281993866 0.312180519104004 0.267690867185593 0.278935164213181 0.290687382221222
-3.4e+38 -3.4e+38 -3.4e+38 -3.4e+38 -3.4e+38 -3.4e+38 -3.4e+38 -3.4e+38 -3.4e+38 -3.4e+38 -3.4e+38 -3.4e+38 -3.4e+38 -3.4e+38 -3.4e+38 -3.4e+38 -3.4e+38 -3.4e+38 -3.4e+38 -3.4e+38 -3.4e+38 -3.4e+38 0.324338525533676 0.365508407354355 0.446834832429886 0.507713139057159 0.552624225616455 0.529934704303741 0.472793489694595 0.481747597455978 0.495394647121429 0.504288673400879 0.511624276638031 0.476633906364441 0.447714477777481 0.434296846389771 0.407151430845261 0.389903277158737 0.394924312829971 0.391534894704819 0.346288114786148 0.297834306955338 0.282907783985138 0.295097202062607 0.302117705345154
-3.4e+38 -3.4e+38 -3.4e+38 -3.4e+38 -3.4e+38 -3.4e+38 -3.4e+38 -3.4e+38 -3.4e+38 -3.4e+38 -3.4e+38 -3.4e+38 -3.4e+38 -3.4e+38 -3.4e+38 -3.4e+38 -3.4e+38 -3.4e+38 -3.4e+38 -3.4e+38 -3.4e+38 -3.4e+38 -3.4e+38 -3.4e+38 0.475874781608582 0.500851213932037 0.507340669631958 0.479955852031708 0.448568880558014 0.477351397275925 0.503487586975098 0.519922733306885 0.514624834060669 0.481754511594772 0.471159368753433 0.436575204133987 0.399262756109238 0.392880737781525 0.40601509809494 0.390069782733917 0.333952456712723 0.298057943582535 0.286856234073639 0.288560092449188 0.289030492305756
-3.4e+38 -3.4e+38 -3.4e+38 -3.4e+38 -3.4e+38 -3.4e+38 -3.4e+38 -3.4e+38 -3.4e+38 -3.4e+38 -3.4e+38 -3.4e+38 -3.4e+38 -3.4e+38 -3.4e+38 -3.4e+38 -3.4e+38 -3.4e+38 -3.4e+38 -3.4e+38 -3.4e+38 -3.4e+38 -3.4e+38 -3.4e+38 -3.4e+38 0.470011323690414 0.446267545223236 0.448765218257904 0.459715694189072 0.479958146810532 0.507673263549805 0.518892765045166 0.502358734607697 0.475725650787354 0.477259933948517 0.448418855667114 0.424507200717926 0.431288599967957 0.443211376667023 0.411829918622971 0.345545530319214 0.307520806789398 0.306496471166611 0.308335721492767 0.30744880437851
-3.4e+38 -3.4e+38 -3.4e+38 -3.4e+38 -3.4e+38 -3.4e+38 -3.4e+38 -3.4e+38 -3.4e+38 -3.4e+38 -3.4e+38 -3.4e+38 -3.4e+38 -3.4e+38 -3.4e+38 -3.4e+38 -3.4e+38 -3.4e+38 -3.4e+38 -3.4e+38 -3.4e+38 -3.4e+38 -3.4e+38 -3.4e+38 -3.4e+38 0.449039101600647 0.439712405204773 0.461031675338745 0.470267117023468 0.473994731903076 0.501522779464722 0.508113503456116 0.479654014110565 0.457125455141068 0.464991301298141 0.453407913446426 0.44599586725235 0.457836270332336 0.455314248800278 0.412431746721268 0.351489722728729 0.332693219184875 0.338812440633774 0.327070385217667 0.337251037359238
-3.4e+38 -3.4e+38 -3.4e+38 -3.4e+38 -3.4e+38 -3.4e+38 -3.4e+38 -3.4e+38 -3.4e+38 -3.4e+38 -3.4e+38 -3.4e+38 -3.4e+38 -3.4e+38 -3.4e+38 -3.4e+38 -3.4e+38 -3.4e+38 -3.4e+38 -3.4e+38 -3.4e+38 -3.4e+38 -3.4e+38 -3.4e+38 -3.4e+38 0.450896561145782 0.464630514383316 0.481608092784882 0.463587582111359 0.461780846118927 0.491252303123474 0.491986483335495 0.449165970087051 0.434177875518799 0.460720598697662 0.455066859722137 0.446542024612427 0.452852636575699 0.438580721616745 0.40054178237915 0.369507133960724 0.370945572853088 0.361190587282181 0.337301194667816 0.34551128745079
-3.4e+38 -3.4e+38 -3.4e+38 -3.4e+38 -3.4e+38 -3.4e+38 -3.4e+38 -3.4e+38 -3.4e+38 -3.4e+38 -3.4e+38 -3.4e+38 -3.4e+38 -3.4e+38 -3.4e+38 -3.4e+38 -3.4e+38 -3.4e+38 -3.4e+38 -3.4e+38 -3.4e+38 -3.4e+38 -3.4e+38 -3.4e+38 -3.4e+38 -3.4e+38 0.462399959564209 0.472560286521912 0.456465363502502 0.461161464452744 0.466937839984894 0.458954960107803 0.423400938510895 0.422465473413467 0.454910516738892 0.4437595307827 0.438059955835342 0.452046453952789 0.428834736347198 0.395156502723694 0.386358737945557 0.391940712928772 0.368842214345932 0.345937132835388 0.346663504838943
-3.4e+38 -3.4e+38 -3.4e+38 -3.4e+38 -3.4e+38 -3.4e+38 -3.4e+38 -3.4e+38 -3.4e+38 -3.4e+38 -3.4e+38 -3.4e+38 -3.4e+38 -3.4e+38 -3.4e+38 -3.4e+38 -3.4e+38 -3.4e+38 -3.4e+38 -3.4e+38 -3.4e+38 -3.4e+38 -3.4e+38 -3.4e+38 -3.4e+38 -3.4e+38 0.436066657304764 0.435263782739639 0.451916366815567 0.463049709796906 0.444921165704727 0.425192266702652 0.401792645454407 0.40778711438179 0.430930495262146 0.430631995201111 0.436378449201584 0.457855254411697 0.425063699483871 0.386689186096191 0.374934881925583 0.378451615571976 0.368896722793579 0.349938660860062 0.341584205627441
-3.4e+38 -3.4e+38 -3.4e+38 -3.4e+38 -3.4e+38 -3.4e+38 -3.4e+38 -3.4e+38 -3.4e+38 -3.4e+38 -3.4e+38 -3.4e+38 -3.4e+38 -3.4e+38 -3.4e+38 -3.4e+38 -3.4e+38 -3.4e+38 -3.4e+38 -3.4e+38 -3.4e+38 -3.4e+38 -3.4e+38 -3.4e+38 -3.4e+38 -3.4e+38 -3.4e+38 -3.4e+38 -3.4e+38 0.442437350749969 0.414789259433746 0.387669503688812 0.379492670297623 0.386686205863953 0.397618740797043 0.398492395877838 0.415263175964355 0.436142981052399 0.400592803955078 0.365769952535629 0.361159652471542 0.372921586036682 0.36803212761879 0.343025386333466 0.342870891094208
-3.4e+38 -3.4e+38 -3.4e+38 -3.4e+38 -3.4e+38 -3.4e+38 -3.4e+38 -3.4e+38 -3.4e+38 -3.4e+38 -3.4e+38 -3.4e+38 -3.4e+38 -3.4e+38 -3.4e+38 -3.4e+38 -3.4e+38 -3.4e+38 -3.4e+38 -3.4e+38 -3.4e+38 -3.4e+38 -3.4e+38 -3.4e+38 -3.4e+38 -3.4e+38 -3.4e+38 -3.4e+38 -3.4e+38 -3.4e+38 -3.4e+38 -3.4e+38 -3.4e+38 -3.4e+38 -3.4e+38 0.377514243125916 0.393798768520355 0.384749829769135 0.348425090312958 0.334545850753784 0.353147625923157 0.385407954454422 0.36614865064621 0.345796287059784 0.356435745954514
-3.4e+38 -3.4e+38 -3.4e+38 -3.4e+38 -3.4e+38 -3.4e+38 -3.4e+38 -3.4e+38 -3.4e+38 -3.4e+38 -3.4e+38 -3.4e+38 -3.4e+38 -3.4e+38 -3.4e+38 -3.4e+38 -3.4e+38 -3.4e+38 -3.4e+38 -3.4e+38 -3.4e+38 -3.4e+38 -3.4e+38 -3.4e+38 -3.4e+38 -3.4e+38 -3.4e+38 -3.4e+38 -3.4e+38 -3.4e+38 -3.4e+38 -3.4e+38 -3.4e+38 -3.4e+38 -3.4e+38 -3.4e+38 -3.4e+38 -3.4e+38 0.315798759460449 0.311886221170425 0.355375289916992 0.388594120740891 0.384324640035629 0.379758924245834 0.393302321434021
-3.4e+38 -3.4e+38 -3.4e+38 -3.4e+38 -3.4e+38 -3.4e+38 -3.4e+38 -3.4e+38 -3.4e+38 -3.4e+38 -3.4e+38 -3.4e+38 -3.4e+38 -3.4e+38 -3.4e+38 -3.4e+38 -3.4e+38 -3.4e+38 -3.4e+38 -3.4e+38 -3.4e+38 -3.4e+38 -3.4e+38 -3.4e+38 -3.4e+38 -3.4e+38 -3.4e+38 -3.4e+38 -3.4e+38 -3.4e+38 -3.4e+38 -3.4e+38 -3.4e+38 -3.4e+38 -3.4e+38 -3.4e+38 -3.4e+38 -3.4e+38 -3.4e+38 0.302076309919357 0.34699746966362 0.369489341974258 0.399304002523422 0.402888715267181 0.406450271606445
