data/trimmed_ndre/Aes_ndre.78.2014_no_clouds.asc
NCOLS 109 
NROWS 101 
XLLCORNER 466110 
YLLCORNER 5182005 
CELLSIZE 5 
NODATA_value -3.4e+38 
[rows 80 to 99 of 101, columns 45 to 89 of 109]
0.263569176197052 0.287576109170914 0.336156278848648 0.387850135564804 0.458259791135788 0.513374626636505 0.540855467319489 0.558296501636505 0.5644291639328 0.557568728923798 0.542107284069061 0.520096778869629 0.490039348602295 0.492443203926086 0.506897985935211 0.503277719020844 0.492456942796707 0.496027678251266 0.493079960346222 0.471908509731293 0.465236723423004 0.452752828598022 0.41738548874855 0.378089725971222 0.353769987821579 0.31109955906868 0.269967406988144 0.256136447191238 0.270999997854233 0.291344374418259 0.289185017347336 0.289019852876663 0.323312640190125 0.349129199981689 0.380910903215408 0.397810399532318 0.401498138904572 0.403574854135513 0.424134343862534 -3.4e+38 -3.4e+38 -3.4e+38 -3.4e+38 -3.4e+38 -3.4e+38
0.248289555311203 0.257631957530975 0.302706360816956 0.36261785030365 0.427233904600143 0.495290398597717 0.529607892036438 0.535840034484863 0.533321022987366 0.550255239009857 0.55851286649704 0.551807463169098 0.53818017244339 0.533440589904785 0.542777538299561 0.540165543556213 0.523075819015503 0.524417519569397 0.536132097244263 0.504415810108185 0.460719615221024 0.445580214262009 0.395908534526825 0.350062668323517 0.329104214906693 0.300341844558716 0.270093530416489 0.260193049907684 0.267511665821075 0.274669080972672 0.276474952697754 0.280362993478775 0.314888745546341 0.353560745716095 0.386610805988312 0.40649089217186 0.404427945613861 0.397679805755615 -3.4e+38 -3.4e+38 -3.4e+38 -3.4e+38 -3.4e+38 -3.4e+38 -3.4e+38
0.225569427013397 0.244286313652992 0.291957944631577 0.356835305690765 0.413926362991333 0.46898165345192 0.508254647254944 0.511750221252441 0.508104503154755 0.539024233818054 0.555080473423004 0.556613147258759 0.557751059532166 0.554256975650787 0.552508234977722 0.554910123348236 0.549890637397766 0.546525299549103 0.557624518871307 0.518238186836243 0.446270436048508 0.42604786157608 0.381618797779083 0.345769941806793 0.320970207452774 0.292401254177094 0.274846106767654 0.272358506917953 0.276052683591843 0.276557981967926 0.280608355998993 0.279326766729355 0.312320411205292 0.358570456504822 0.37992125749588 0.394917875528336 0.39777410030365 -3.4e+38 -3.4e+38 -3.4e+38 -3.4e+38 -3.4e+38 -3.4e+38 -3.4e+38 -3.4e+38
0.225681588053703 0.254749983549118 0.293132424354553 0.34588211774826 0.400215148925781 0.442475199699402 0.474529802799225 0.485736221075058 0.486049324274063 0.506583571434021 0.525560319423676 0.541558504104614 0.550044178962708 0.545448482036591 0.534446060657501 0.532262027263641 0.539364099502563 0.538853883743286 0.530935823917389 0.504387140274048 0.452833086252213 0.407911658287048 0.375686824321747 0.355026304721832 0.319018393754959 0.279952466487885 0.265941232442856 0.27284449338913 0.281942546367645 0.290019452571869 0.295910358428955 0.296142190694809 0.327730983495712 0.359527051448822 0.371778547763824 -3.4e+38 -3.4e+38 -3.4e+38 -3.4e+38 -3.4e+38 -3.4e+38 -3.4e+38 -3.4e+38 -3.4e+38 -3.4e+38
0.221186563372612 0.24874159693718 0.278334528207779 0.328035175800323 0.392003357410431 0.436014652252197 0.453123509883881 0.462520122528076 0.46172034740448 0.472713559865952 0.499979853630066 0.513007462024689 0.528327524662018 0.528543710708618 0.515234172344208 0.508729219436646 0.499744534492493 0.486646473407745 0.467938423156738 0.44610533118248 0.443327873945236 0.429976433515549 0.39732626080513 0.372802495956421 0.332901656627655 0.288316339254379 0.271629989147186 0.280178159475327 0.300890952348709 0.299803346395493 0.30825012922287 0.319843739271164 0.337083131074905 0.340133666992188 -3.4e+38 -3.4e+38 -3.4e+38 -3.4e+38 -3.4e+38 -3.4e+38 -3.4e+38 -3.4e+38 -3.4e+38 -3.4e+38 -3.4e+38
0.213589534163475 0.233323082327843 0.262565672397614 0.308967262506485 0.386181175708771 0.442921549081802 0.452661782503128 0.443042010068893 0.447710871696472 0.451979339122772 0.467981934547424 0.481043189764023 0.500802755355835 0.51043826341629 0.500320374965668 0.480569571256638 0.45073676109314 0.422792345285416 0.418632805347443 0.425312638282776 0.430395275354385 0.434153884649277 0.41253188252449 0.374085456132889 0.338172107934952 0.316855281591415 0.293199479579926 0.287276685237885 0.305337488651276 0.295021295547485 0.295418262481689 0.316061079502106 0.325057655572891 -3.4e+38 -3.4e+38 -3.4e+38 -3.4e+38 -3.4e+38 -3.4e+38 -3.4e+38 -3.4e+38 -3.4e+38 -3.4e+38 -3.4e+38 -3.4e+38
0.227991133928299 0.238424152135849 0.262930065393448 0.300409555435181 0.356379389762878 0.427208572626114 0.448096692562103 0.433576971292496 0.441936939954758 0.431621968746185 0.420137196779251 0.435862898826599 0.457183539867401 0.454313516616821 0.457180559635162 0.450057357549667 0.422613114118576 0.398126602172852 0.413915246725082 0.418229818344116 0.391580253839493 0.389962166547775 0.392757624387741 0.371094882488251 0.338648974895477 0.32807657122612 0.299482882022858 0.272157311439514 0.274016857147217 0.291364401578903 0.298795998096466 0.307686239480972 -3.4e+38 -3.4e+38 -3.4e+38 -3.4e+38 -3.4e+38 -3.4e+38 -3.4e+38 -3.4e+38 -3.4e+38 -3.4e+38 -3.4e+38 -3.4e+38 -3.4e+38
0.247781872749329 0.252537220716476 0.257057875394821 0.271654903888702 0.312520503997803 0.376810044050217 0.422744959592819 0.431728571653366 0.430429577827454 0.428798586130142 0.414034128189087 0.40999573469162 0.418455630540848 0.405977755784988 0.41899049282074 0.434364944696426 0.427024722099304 0.409779101610184 0.412177175283432 0.399139225482941 0.35867166519165 0.345197111368179 0.357007324695587 0.348805040121078 0.315129578113556 0.29463917016983 0.285011738538742 0.277262091636658 0.279225021600723 0.294500529766083 0.298338115215302 -3.4e+38 -3.4e+38 -3.4e+38 -3.4e+38 -3.4e+38 -3.4e+38 -3.4e+38 -3.4e+38 -3.4e+38 -3.4e+38 -3.4e+38 -3.4e+38 -3.4e+38 -3.4e+38
0.244058907032013 0.241541057825089 0.234437137842178 0.238046035170555 0.277118504047394 0.340026944875717 0.379250913858414 0.420084297657013 0.4413743019104 0.439694046974182 0.433050334453583 0.416102409362793 0.410965174436569 0.417148977518082 0.434088408946991 0.432459354400635 0.433518081903458 0.427473664283752 0.403004795312881 0.388525933027267 0.356143444776535 0.325637310743332 0.318964719772339 0.305626630783081 0.288426786661148 0.279070913791656 0.27913698554039 0.294569283723831 0.288214206695557 0.284533202648163 -3.4e+38 -3.4e+38 -3.4e+38 -3.4e+38 -3.4e+38 -3.4e+38 -3.4e+38 -3.4e+38 -3.4e+38 -3.4e+38 -3.4e+38 -3.4e+38 -3.4e+38 -3.4e+38 -3.4e+38
0.245886921882629 0.245161652565002 0.238957032561302 0.239342004060745 0.273925602436066 0.314623147249222 0.328744679689407 0.381536155939102 0.424056321382523 0.438378751277924 0.448996752500534 0.433855682611465 0.426867038011551 0.443364590406418 0.461043268442154 0.462426662445068 0.466531097888947 0.439049363136292 0.393126010894775 0.382608115673065 0.351522356271744 0.313606858253479 0.291669607162476 0.281565934419632 0.293022066354752 0.289363443851471 0.283281028270721 0.293133199214935 0.280070930719376 -3.4e+38 -3.4e+38 -3.4e+38 -3.4e+38 -3.4e+38 -3.4e+38 -3.4e+38 -3.4e+38 -3.4e+38 -3.4e+38 -3.4e+38 -3.4e+38 -3.4e+38 -3.4e+38 -3.4e+38 -3.4e+38
0.246897965669632 0.254680037498474 0.252477526664734 0.246504798531532 0.258736699819565 0.278865486383438 0.293715626001358 0.330979287624359 0.36973163485527 0.409643024206161 0.436323076486588 0.434695512056351 0.431812316179276 0.440003663301468 0.457424253225327 0.4716677069664 0.479550838470459 0.433096587657928 0.370012015104294 0.344682335853577 0.319270819425583 0.299186021089554 0.289188891649246 0.284782916307449 0.298923820257187 0.299194127321243 0.288863182067871 0.279620110988617 -3.4e+38 -3.4e+38 -3.4e+38 -3.4e+38 -3.4e+38 -3.4e+38 -3.4e+38 -3.4e+38 -3.4e+38 -3.4e+38 -3.4e+38 -3.4e+38 -3.4e+38 -3.4e+38 -3.4e+38 -3.4e+38 -3.4e+38
0.238484084606171 0.244321241974831 0.250056177377701 0.247639551758766 0.253751933574677 0.274021714925766 0.296114444732666 0.313124418258667 0.325305342674255 0.353147506713867 0.370116144418716 0.36568820476532 0.368411421775818 0.378554850816727 0.399472296237946 0.421438813209534 0.434450775384903 0.401891529560089 0.344033479690552 0.30208432674408 0.285886764526367 0.286123305559158 0.290853321552277 0.288080453872681 0.29117339849472 0.305784404277802 -3.4e+38 -3.4e+38 -3.4e+38 -3.4e+38 -3.4e+38 -3.4e+38 -3.4e+38 -3.4e+38 -3.4e+38 -3.4e+38 -3.4e+38 -3.4e+38 -3.4e+38 -3.4e+38 -3.4e+38 -3.4e+38 -3.4e+38 -3.4e+38 -3.4e+38
0.248496115207672 0.250836223363876 0.258415013551712 0.262303113937378 0.271808862686157 0.28560483455658 0.312425643205643 0.31743797659874 0.30258783698082 0.299970120191574 0.294046372175217 0.289640843868256 0.300781011581421 0.314246028661728 0.327965646982193 0.336892157793045 0.342027753591537 0.339300006628036 0.328193217515945 0.305357158184052 0.285163700580597 0.280283093452454 0.295484632253647 0.293361395597458 0.292431771755219 -3.4e+38 -3.4e+38 -3.4e+38 -3.4e+38 -3.4e+38 -3.4e+38 -3.4e+38 -3.4e+38 -3.4e+38 -3.4e+38 -3.4e+38 -3.4e+38 -3.4e+38 -3.4e+38 -3.4e+38 -3.4e+38 -3.4e+38 -3.4e+38 -3.4e+38 -3.4e+38
0.281575113534927 0.279845207929611 0.285089999437332 0.286557763814926 0.290360242128372 0.299041241407394 0.326056122779846 0.32328999042511 0.297483265399933 0.286677658557892 0.279947340488434 0.273155987262726 0.27242112159729 0.27703520655632 0.283627718687057 0.284021735191345 0.300705879926682 0.325879722833633 0.317323386669159 0.303316116333008 0.288213849067688 0.28752264380455 0.304605454206467 -3.4e+38 -3.4e+38 -3.4e+38 -3.4e+38 -3.4e+38 -3.4e+38 -3.4e+38 -3.4e+38 -3.4e+38 -3.4e+38 -3.4e+38 -3.4e+38 -3.4e+38 -3.4e+38 -3.4e+38 -3.4e+38 -3.4e+38 -3.4e+38 -3.4e+38 -3.4e+38 -3.4e+38 -3.4e+38
0.318473368883133 0.309446662664413 0.312571257352829 0.312629550695419 0.313095033168793 0.320723205804825 0.333835422992706 0.328246384859085 0.310415148735046 0.299822121858597 0.289917379617691 0.269683927297592 0.267319530248642 0.281688988208771 0.296438902616501 0.308977037668228 0.311846941709518 0.311575502157211 0.305965214967728 0.305948495864868 0.304695963859558 -3.4e+38 -3.4e+38 -3.4e+38 -3.4e+38 -3.4e+38 -3.4e+38 -3.4e+38 -3.4e+38 -3.4e+38 -3.4e+38 -3.4e+38 -3.4e+38 -3.4e+38 -3.4e+38 -3.4e+38 -3.4e+38 -3.4e+38 -3.4e+38 -3.4e+38 -3.4e+38 -3.4e+38 -3.4e+38 -3.4e+38 -3.4e+38
0.335951536893845 0.323106497526169 0.333081662654877 0.337018340826035 0.341658622026443 0.334349542856216 0.329311937093735 0.332028746604919 0.325212121009827 0.31714391708374 0.305858969688416 0.291982293128967 0.293592661619186 0.303224235773087 0.314017593860626 0.318161189556122 0.317737400531769 0.314677655696869 -3.4e+38 -3.4e+38 -3.4e+38 -3.4e+38 -3.4e+38 -3.4e+38 -3.4e+38 -3.4e+38 -3.4e+38 -3.4e+38 -3.4e+38 -3.4e+38 -3.4e+38 -3.4e+38 -3.4e+38 -3.4e+38 -3.4e+38 -3.4e+38 -3.4e+38 -3.4e+38 -3.4e+38 -3.4e+38 -3.4e+38 -3.4e+38 -3.4e+38 -3.4e+38 -3.4e+38
0.339181572198868 0.334389209747314 0.347884446382523 0.353437900543213 0.356860369443893 0.330810219049454 0.316519111394882 0.329575270414352 0.327933132648468 0.332317650318146 0.32772359251976 0.318187147378922 0.32290244102478 0.318912744522095 0.312770575284958 -3.4e+38 -3.4e+38 -3.4e+38 -3.4e+38 -3.4e+38 -3.4e+38 -3.4e+38 -3.4e+38 -3.4e+38 -3.4e+38 -3.4e+38 -3.4e+38 -3.4e+38 -3.4e+38 -3.4e+38 -3.4e+38 -3.4e+38 -3.4e+38 -3.4e+38 -3.4e+38 -3.4e+38 -3.4e+38 -3.4e+38 -3.4e+38 -3.4e+38 -3.4e+38 -3.4e+38 -3.4e+38 -3.4e+38 -3.4e+38
0.339358627796173 0.343489676713943 0.358098298311234 0.364511609077454 0.361655354499817 0.338298469781876 0.325654327869415 0.331347197294235 0.328462451696396 0.333865791559219 0.325275272130966 0.323617309331894 -3.4e+38 -3.4e+38 -3.4e+38 -3.4e+38 -3.4e+38 -3.4e+38 -3.4e+38 -3.4e+38 -3.4e+38 -3.4e+38 -3.4e+38 -3.4e+38 -3.4e+38 -3.4e+38 -3.4e+38 -3.4e+38 -3.4e+38 -3.4e+38 -3.4e+38 -3.4e+38 -3.4e+38 -3.4e+38 -3.4e+38 -3.4e+38 -3.4e+38 -3.4e+38 -3.4e+38 -3.4e+38 -3.4e+38 -3.4e+38 -3.4e+38 -3.4e+38 -3.4e+38
0.344923347234726 0.357590943574905 0.369270652532578 0.374272733926773 0.369122564792633 0.355687886476517 0.33792719244957 0.33081978559494 0.33087757229805 0.330287605524063 -3.4e+38 -3.4e+38 -3.4e+38 -3.4e+38 -3.4e+38 -3.4e+38 -3.4e+38 -3.4e+38 -3.4e+38 -3.4e+38 -3.4e+38 -3.4e+38 -3.4e+38 -3.4e+38 -3.4e+38 -3.4e+38 -3.4e+38 -3.4e+38 -3.4e+38 -3.4e+38 -3.4e+38 -3.4e+38 -3.4e+38 -3.4e+38 -3.4e+38 -3.4e+38 -3.4e+38 -3.4e+38 -3.4e+38 -3.4e+38 -3.4e+38 -3.4e+38 -3.4e+38 -3.4e+38 -3.4e+38
0.361344158649445 0.370778381824493 0.380814373493195 0.386909753084183 0.375643372535706 0.357245147228241 0.336193323135376 0.325959622859955 -3.4e+38 -3.4e+38 -3.4e+38 -3.4e+38 -3.4e+38 -3.4e+38 -3.4e+38 -3.4e+38 -3.4e+38 -3.4e+38 -3.4e+38 -3.4e+38 -3.4e+38 -3.4e+38 -3.4e+38 -3.4e+38 -3.4e+38 -3.4e+38 -3.4e+38 -3.4e+38 -3.4e+38 -3.4e+38 -3.4e+38 -3.4e+38 -3.4e+38 -3.4e+38 -3.4e+38 -3.4e+38 -3.4e+38 -3.4e+38 -3.4e+38 -3.4e+38 -3.4e+38 -3.4e+38 -3.4e+38 -3.4e+38 -3.4e+38
