data/trimmed_ndre/Aes_ndre.530.2010_no_clouds.asc
NCOLS 109 
NROWS 101 
XLLCORNER 466110 
YLLCORNER 5182005 
CELLSIZE 5 
NODATA_value -3.4e+38 
[rows 40 to 59 of 101, columns 45 to 89 of 109]
0.584994077682495 0.593518495559692 0.598087668418884 0.604502081871033 0.606172859668732 0.601539134979248 0.598422646522522 0.591992139816284 0.584782779216766 0.594285368919373 0.590435206890106 0.58613133430481 0.602644562721252 0.604684591293335 0.597179055213928 0.599407911300659 0.602220773696899 0.589181065559387 0.596284687519073 0.600787878036499 0.587136328220367 0.568574130535126 0.562258303165436 0.567886531352997 0.571382462978363 0.565385162830353 0.565680384635925 0.548151135444641 0.541754126548767 0.555289626121521 0.562859117984772 0.579600036144257 0.570579588413239 0.550721704959869 0.546010076999664 0.537319481372833 0.535733878612518 0.53915536403656 0.538958311080933 0.538702130317688 0.539049506187439 0.549667418003082 0.569155752658844 0.583620965480804 0.594145953655243
0.564612925052643 0.583637535572052 0.603792667388916 0.599929511547089 0.598543405532837 0.595859587192535 0.585533857345581 0.580706655979156 0.58948940038681 0.595335602760315 0.594568312168121 0.579585075378418 0.578055858612061 0.588143825531006 0.594594597816467 0.591071546077728 0.588595867156982 0.581189751625061 0.585612595081329 0.598985433578491 0.594314992427826 0.572004973888397 0.562707602977753 0.5678830742836 0.572721183300018 0.567150235176086 0.558333814144135 0.533296406269073 0.534636557102203 0.5421262383461 0.544361889362335 0.569208979606628 0.565105199813843 0.555119574069977 0.555064499378204 0.54138571023941 0.544760465621948 0.546975612640381 0.543137073516846 0.545549273490906 0.548373758792877 0.559346735477448 0.573843896389008 0.588628113269806 0.601220190525055
0.566458523273468 0.593690454959869 0.611050367355347 0.594464302062988 0.585375845432281 0.597904026508331 0.598407983779907 0.587221741676331 0.58833646774292 0.589567065238953 0.576016008853912 0.563529849052429 0.586341977119446 0.597585082054138 0.58827155828476 0.579732894897461 0.575532495975494 0.574929773807526 0.569196283817291 0.567953526973724 0.569948077201843 0.568013072013855 0.557863116264343 0.552125632762909 0.555632174015045 0.564706563949585 0.554106056690216 0.528796434402466 0.54122668504715 0.537066876888275 0.535950064659119 0.5515056848526 0.546402931213379 0.554301023483276 0.551626741886139 0.535252451896667 0.542517304420471 0.539716899394989 0.531146824359894 0.535048007965088 0.541829645633698 0.564641773700714 0.586892008781433 0.599808096885681 0.60981422662735
0.58656507730484 0.601345300674438 0.610971450805664 0.614173710346222 0.602887213230133 0.594141721725464 0.589323818683624 0.579274237155914 0.577318787574768 0.584810256958008 0.579482853412628 0.555351495742798 0.566820085048676 0.587410688400269 0.58593225479126 0.582893192768097 0.559010028839111 0.541204035282135 0.545306503772736 0.556679844856262 0.552448689937592 0.560181856155396 0.552094459533691 0.534187614917755 0.534146904945374 0.536372601985931 0.543366670608521 0.540347337722778 0.549369394779205 0.529178321361542 0.534170508384705 0.550561189651489 0.534402430057526 0.543984889984131 0.548771858215332 0.542732238769531 0.546824753284454 0.532607734203339 0.517373561859131 0.519206583499908 0.528707325458527 0.56042355298996 0.587101757526398 0.594628393650055 0.597617924213409
0.595633506774902 0.590542316436768 0.593368053436279 0.600906789302826 0.59220814704895 0.582293033599854 0.574931979179382 0.570126175880432 0.565577268600464 0.564664244651794 0.557243227958679 0.543185174465179 0.552998840808868 0.581952393054962 0.582440912723541 0.563429534435272 0.540298044681549 0.529025197029114 0.544411182403564 0.562270760536194 0.552937686443329 0.533478319644928 0.518903434276581 0.513624846935272 0.512798011302948 0.509283423423767 0.537626087665558 0.550219357013702 0.549764633178711 0.555188417434692 0.559221565723419 0.550745189189911 0.531955182552338 0.534428477287292 0.539065301418304 0.538260400295258 0.530075311660767 0.518439531326294 0.517813146114349 0.521306991577148 0.532750725746155 0.55950653553009 0.575931489467621 0.572552084922791 0.583751738071442
0.589553236961365 0.581461191177368 0.581635653972626 0.585973024368286 0.581517517566681 0.581437706947327 0.585348665714264 0.58232194185257 0.563647210597992 0.550942480564117 0.537977039813995 0.549002885818481 0.571729302406311 0.584706425666809 0.568724751472473 0.542187452316284 0.536763429641724 0.546818792819977 0.534394383430481 0.538518190383911 0.535331785678864 0.512584567070007 0.498864889144897 0.504647016525269 0.513544142246246 0.524695158004761 0.546411156654358 0.541920363903046 0.537816166877747 0.561094522476196 0.554364681243896 0.526880323886871 0.507396757602692 0.521377384662628 0.536296248435974 0.530241549015045 0.514001667499542 0.508710145950317 0.518688261508942 0.520415902137756 0.5287024974823 0.54800009727478 0.5582515001297 0.559904634952545 0.581183791160583
0.596108853816986 0.593442559242249 0.584957361221313 0.577395141124725 0.577502012252808 0.575313806533813 0.56849867105484 0.553324282169342 0.543818712234497 0.548471927642822 0.543457686901093 0.552307605743408 0.570830583572388 0.57627534866333 0.563747644424438 0.529130756855011 0.535593092441559 0.552728831768036 0.520327150821686 0.522463262081146 0.529960632324219 0.514809727668762 0.501581788063049 0.511799037456512 0.525617599487305 0.535533010959625 0.544941306114197 0.532835304737091 0.521584570407867 0.528551936149597 0.529050588607788 0.519778668880463 0.527020215988159 0.536521911621094 0.535035014152527 0.528472125530243 0.521327018737793 0.521611750125885 0.528526246547699 0.527352750301361 0.527681231498718 0.534832417964935 0.548391282558441 0.561591386795044 0.575278580188751
0.588200211524963 0.59005331993103 0.583300650119781 0.563157618045807 0.55813080072403 0.566029012203217 0.565440654754639 0.546632647514343 0.538578271865845 0.556555151939392 0.565747439861298 0.572822272777557 0.575732588768005 0.571828007698059 0.559340953826904 0.517563104629517 0.517634510993958 0.544696509838104 0.536366939544678 0.54024076461792 0.530419290065765 0.517513453960419 0.518012166023254 0.536983251571655 0.540753185749054 0.529508948326111 0.528514623641968 0.531647741794586 0.529065251350403 0.538157761096954 0.541298389434814 0.541297495365143 0.552498817443848 0.546785473823547 0.529254257678986 0.518998503684998 0.518912553787231 0.528750598430634 0.534804165363312 0.533432424068451 0.535538196563721 0.534450352191925 0.553838312625885 0.576667428016663 0.576489984989166
0.568340420722961 0.572963833808899 0.582061350345612 0.564899027347565 0.560980379581451 0.565576434135437 0.569500505924225 0.563158392906189 0.553306698799133 0.551540017127991 0.569630801677704 0.587667942047119 0.581450581550598 0.566520154476166 0.547634482383728 0.523290395736694 0.532387137413025 0.554583013057709 0.562486708164215 0.553633272647858 0.520682454109192 0.513308107852936 0.51176506280899 0.518752932548523 0.529322504997253 0.514430105686188 0.517268598079681 0.533245027065277 0.542055547237396 0.569829702377319 0.580533027648926 0.568527400493622 0.557878255844116 0.554366946220398 0.541458249092102 0.517504453659058 0.512042760848999 0.526336908340454 0.537469625473022 0.533623874187469 0.531775116920471 0.524326205253601 0.549285590648651 0.590690910816193 0.598709106445312
0.57267826795578 0.567340016365051 0.568448543548584 0.569504618644714 0.572360932826996 0.562048852443695 0.547992825508118 0.548901379108429 0.55670428276062 0.562616467475891 0.58068859577179 0.595150947570801 0.576941847801208 0.566724538803101 0.563163101673126 0.559150338172913 0.565372705459595 0.558473408222198 0.556188344955444 0.547863841056824 0.514226853847504 0.509393036365509 0.503797113895416 0.501228988170624 0.517927765846252 0.517007887363434 0.549951910972595 0.577323794364929 0.581812143325806 0.600655317306519 0.601959228515625 0.59304004907608 0.580505549907684 0.570451021194458 0.565361559391022 0.544071793556213 0.527333319187164 0.531164586544037 0.552847504615784 0.550658524036407 0.532977104187012 0.534394085407257 0.552753150463104 0.60383528470993 0.632052898406982
0.569816291332245 0.574222683906555 0.572506785392761 0.569730818271637 0.567979216575623 0.566296994686127 0.550413370132446 0.547006845474243 0.560986876487732 0.578273832798004 0.591337502002716 0.592211008071899 0.579359710216522 0.582167029380798 0.585533380508423 0.577218949794769 0.568607032299042 0.55409836769104 0.541240334510803 0.534436941146851 0.518072426319122 0.501472234725952 0.511108875274658 0.51181024312973 0.506820201873779 0.503371477127075 0.549875974655151 0.586646616458893 0.595406770706177 0.604198217391968 0.594162166118622 0.591640532016754 0.601488351821899 0.602329611778259 0.601113677024841 0.580919027328491 0.553720235824585 0.541926920413971 0.558105885982513 0.562427580356598 0.551435649394989 0.562534749507904 0.575235366821289 0.605507910251617 0.635707199573517
0.569824814796448 0.577848970890045 0.576263427734375 0.558499038219452 0.547935009002686 0.555492877960205 0.548422634601593 0.546455442905426 0.56219083070755 0.577892661094666 0.580553293228149 0.579751014709473 0.586429417133331 0.597737967967987 0.586442828178406 0.564113080501556 0.560313820838928 0.5631502866745 0.545320093631744 0.537498891353607 0.523113191127777 0.495971977710724 0.5101637840271 0.519541323184967 0.502297282218933 0.493224829435349 0.533259570598602 0.561500608921051 0.577430009841919 0.597291707992554 0.607433021068573 0.616034626960754 0.619022488594055 0.620779454708099 0.617552518844604 0.585949838161469 0.558835983276367 0.548730731010437 0.558384478092194 0.565416038036346 0.56505960226059 0.574958622455597 0.594248652458191 0.604083299636841 0.625739693641663
0.563315689563751 0.559509456157684 0.565756916999817 0.55683970451355 0.550229966640472 0.559442043304443 0.555751621723175 0.553013980388641 0.564041435718536 0.577145397663116 0.569654226303101 0.573597311973572 0.595708608627319 0.599746644496918 0.576658606529236 0.563009262084961 0.559119999408722 0.564569473266602 0.557616710662842 0.552187621593475 0.532779276371002 0.513724327087402 0.513263165950775 0.522904813289642 0.512273669242859 0.505099356174469 0.54301792383194 0.573504388332367 0.586861252784729 0.60055536031723 0.613662898540497 0.619955241680145 0.611100614070892 0.622457504272461 0.62923938035965 0.60431843996048 0.586502432823181 0.572810292243958 0.565210700035095 0.559455752372742 0.565363168716431 0.578299283981323 0.602188110351562 0.616766631603241 0.628297090530396
0.561511039733887 0.557128489017487 0.557576596736908 0.553329706192017 0.558989107608795 0.570025503635406 0.57050883769989 0.567320823669434 0.565039813518524 0.565615117549896 0.566555023193359 0.583455741405487 0.604380667209625 0.593938231468201 0.570745646953583 0.563553214073181 0.563478291034698 0.569397985935211 0.57307094335556 0.577143967151642 0.547280728816986 0.524364054203033 0.531987607479095 0.541811943054199 0.530637323856354 0.523111999034882 0.539645493030548 0.557144045829773 0.562995970249176 0.587975144386292 0.592481434345245 0.595199286937714 0.600898325443268 0.625384628772736 0.628656446933746 0.614413797855377 0.61699366569519 0.602760136127472 0.580619812011719 0.572273373603821 0.574328482151031 0.583935618400574 0.615891873836517 0.638725638389587 0.636175036430359
0.562668979167938 0.558403611183167 0.548198401927948 0.545190751552582 0.555961847305298 0.56862086057663 0.569719791412354 0.568183124065399 0.566294014453888 0.569794118404388 0.58336353302002 0.601388096809387 0.613924920558929 0.600840210914612 0.578086018562317 0.570684373378754 0.575647413730621 0.585507333278656 0.593739926815033 0.591753005981445 0.567555248737335 0.549710690975189 0.566073775291443 0.561809003353119 0.53168922662735 0.534821569919586 0.544100046157837 0.542367875576019 0.537909328937531 0.567273259162903 0.58995109796524 0.585995137691498 0.590962171554565 0.616103231906891 0.609993278980255 0.610551416873932 0.626483500003815 0.621472239494324 0.605121254920959 0.60093355178833 0.605143785476685 0.612654030323029 0.625932991504669 0.637101650238037 0.63413405418396
0.54937756061554 0.549983203411102 0.542761981487274 0.540947914123535 0.554747879505157 0.56726086139679 0.575575530529022 0.57832145690918 0.580898761749268 0.589756429195404 0.603421151638031 0.615500271320343 0.618302166461945 0.610729098320007 0.594813525676727 0.580501019954681 0.58214259147644 0.592249810695648 0.597688674926758 0.589852690696716 0.57865035533905 0.569483697414398 0.58070182800293 0.568757832050323 0.544225990772247 0.549966394901276 0.557256877422333 0.550875127315521 0.531192600727081 0.53059458732605 0.558284223079681 0.562793850898743 0.574907839298248 0.603106439113617 0.597085773944855 0.612636923789978 0.634150683879852 0.626019954681396 0.613548815250397 0.623827934265137 0.637857556343079 0.633317589759827 0.62946218252182 0.636018395423889 0.631844282150269
0.536154806613922 0.543830931186676 0.539159953594208 0.544972538948059 0.562836468219757 0.577490508556366 0.589488506317139 0.591242730617523 0.585324168205261 0.591623961925507 0.606216907501221 0.610540986061096 0.610673904418945 0.613682687282562 0.606428146362305 0.597602128982544 0.603147983551025 0.611343145370483 0.607866942882538 0.59379780292511 0.578076481819153 0.573383092880249 0.588255345821381 0.575522541999817 0.564509332180023 0.562166571617126 0.560687124729156 0.546365082263947 0.516264498233795 0.507951438426971 0.528289020061493 0.533360421657562 0.56222277879715 0.607110917568207 0.613424003124237 0.61729907989502 0.620812654495239 0.616745233535767 0.615956962108612 0.632090091705322 0.658543407917023 0.653176069259644 0.63439804315567 0.639591217041016 0.62434184551239
0.547498047351837 0.559130012989044 0.552128970623016 0.549705982208252 0.561316847801208 0.57721745967865 0.588217616081238 0.585473895072937 0.57113254070282 0.574463069438934 0.591728389263153 0.58194237947464 0.592656552791595 0.613374292850494 0.613101959228516 0.615790843963623 0.627059876918793 0.631549596786499 0.627443611621857 0.614001274108887 0.603108465671539 0.602307438850403 0.597835302352905 0.574104785919189 0.571674227714539 0.568889915943146 0.56074845790863 0.547741591930389 0.518508434295654 0.500638842582703 0.508728861808777 0.527999997138977 0.546068072319031 0.565460443496704 0.583420693874359 0.597489058971405 0.606901347637177 0.620767295360565 0.631471991539001 0.637521743774414 0.654082834720612 0.648367047309875 0.636918604373932 0.639253199100494 0.612613320350647
0.549363911151886 0.565532684326172 0.564464926719666 0.560941576957703 0.557433903217316 0.561594724655151 0.573816299438477 0.57750403881073 0.569189786911011 0.558394968509674 0.56402051448822 0.551523864269257 0.562301337718964 0.591675996780396 0.606658935546875 0.614786565303802 0.62773609161377 0.635278105735779 0.634328305721283 0.624214172363281 0.612809121608734 0.610493063926697 0.590275049209595 0.559640109539032 0.558665931224823 0.555673956871033 0.552696943283081 0.550008893013 0.528329491615295 0.4993916451931 0.502317845821381 0.514297842979431 0.513142824172974 0.515585243701935 0.54379016160965 0.589010953903198 0.614810407161713 0.626163721084595 0.627266108989716 0.624971389770508 0.636973321437836 0.633269131183624 0.636961877346039 0.635511517524719 0.606862366199493
0.565140247344971 0.574010133743286 0.577860355377197 0.582353472709656 0.583652079105377 0.571794927120209 0.558353185653687 0.558058083057404 0.562323689460754 0.54262775182724 0.529646754264832 0.528203070163727 0.536855459213257 0.558027505874634 0.580125391483307 0.592919766902924 0.603860676288605 0.6179358959198 0.624596655368805 0.611942648887634 0.599902272224426 0.597151517868042 0.578001379966736 0.557820320129395 0.558113396167755 0.547182619571686 0.544912457466125 0.541989803314209 0.531443953514099 0.506378948688507 0.505821466445923 0.513161540031433 0.506998240947723 0.508842170238495 0.536547124385834 0.585923790931702 0.616619527339935 0.615257203578949 0.6076500415802 0.61263370513916 0.628550589084625 0.627894759178162 0.632335841655731 0.634485185146332 0.623796701431274
