data/trimmed_ndre/Aes_ndre.79.2011_no_clouds.asc
NCOLS 109 
NROWS 101 
XLLCORNER 466110 
YLLCORNER 5182005 
CELLSIZE 5 
NODATA_value -3.4e+38 
[rows 40 to 59 of 101, columns 0 to 44 of 109]
-3.4e+38 -3.4e+38 -3.4e+38 -3.4e+38 -3.4e+38 -3.4e+38 -3.4e+38 -3.4e+38 -3.4e+38 -3.4e+38 -3.4e+38 -3.4e+38 0.34926164150238 0.369576573371887 0.348825216293335 0.311042577028275 0.311488389968872 0.348661035299301 0.382047593593597 0.406227231025696 0.430055469274521 0.451805591583252 0.494319528341293 0.515197336673737 0.509522140026093 0.504131674766541 0.492777079343796 0.484531760215759 0.461499959230423 0.436019510030746 0.399938613176346 0.379668563604355 0.348965287208557 0.294720888137817 0.245582833886147 0.18477937579155 0.163870558142662 0.178094387054443 0.168873876333237 0.16331784427166 0.164149552583694 0.148461118340492 0.158269926905632 0.169246003031731 0.168682888150215
-3.4e+38 -3.4e+38 -3.4e+38 -3.4e+38 -3.4e+38 -3.4e+38 -3.4e+38 -3.4e+38 -3.4e+38 -3.4e+38 -3.4e+38 -3.4e+38 0.338629901409149 0.347356468439102 0.32294762134552 0.321077883243561 0.361820667982101 0.407141834497452 0.427254766225815 0.442747414112091 0.467732012271881 0.496121466159821 0.513966023921967 0.517642617225647 0.508277356624603 0.505355417728424 0.48488774895668 0.473031401634216 0.452981561422348 0.416735798120499 0.387065291404724 0.35876876115799 0.299201905727386 0.227769747376442 0.205462574958801 0.170736044645309 0.160858795046806 0.173278823494911 0.17022867500782 0.164932683110237 0.168045192956924 0.166592657566071 0.166015893220901 0.170853316783905 0.17215758562088
-3.4e+38 -3.4e+38 -3.4e+38 -3.4e+38 -3.4e+38 -3.4e+38 -3.4e+38 -3.4e+38 -3.4e+38 -3.4e+38 -3.4e+38 0.358067095279694 0.337680906057358 0.329818964004517 0.332831054925919 0.363374650478363 0.398018926382065 0.435655862092972 0.456444025039673 0.46575254201889 0.495162785053253 0.519318103790283 0.51381927728653 0.525826930999756 0.510526120662689 0.494440883398056 0.483200132846832 0.463713794946671 0.433820962905884 0.401976853609085 0.357225000858307 0.306178838014603 0.241546645760536 0.195693910121918 0.183697909116745 0.164654731750488 0.160845965147018 0.169284552335739 0.166984647512436 0.154206827282906 0.163797155022621 0.168567329645157 0.162828892469406 0.16072291135788 0.163980856537819
-3.4e+38 -3.4e+38 -3.4e+38 -3.4e+38 -3.4e+38 -3.4e+38 -3.4e+38 -3.4e+38 -3.4e+38 -3.4e+38 -3.4e+38 0.354871869087219 0.328257590532303 0.315811783075333 0.344395905733109 0.411042958498001 0.430124908685684 0.453513741493225 0.468373775482178 0.473041564226151 0.488267213106155 0.515939891338348 0.513396143913269 0.495233088731766 0.48503315448761 0.47766238451004 0.473103255033493 0.443050622940063 0.401659518480301 0.365019023418427 0.301742613315582 0.232309743762016 0.204035475850105 0.188066929578781 0.168375551700592 0.154248118400574 0.166814342141151 0.16664245724678 0.15993258357048 0.153141677379608 0.164384722709656 0.167998567223549 0.162824526429176 0.156858175992966 0.165295094251633
-3.4e+38 -3.4e+38 -3.4e+38 -3.4e+38 -3.4e+38 -3.4e+38 -3.4e+38 -3.4e+38 -3.4e+38 -3.4e+38 -3.4e+38 0.325925022363663 0.306445807218552 0.330875247716904 0.39119279384613 0.447932541370392 0.455850541591644 0.472813308238983 0.473002731800079 0.466411978006363 0.47940668463707 0.498242735862732 0.491571098566055 0.460377156734467 0.466966927051544 0.458671182394028 0.43682399392128 0.397789537906647 0.343147784471512 0.300769150257111 0.240023255348206 0.190235152840614 0.181910112500191 0.172028914093971 0.159585744142532 0.160644665360451 0.168623998761177 0.164698824286461 0.160954102873802 0.159407824277878 0.1643026471138 0.167414963245392 0.173044815659523 0.170653253793716 0.175562858581543
-3.4e+38 -3.4e+38 -3.4e+38 -3.4e+38 -3.4e+38 -3.4e+38 -3.4e+38 -3.4e+38 -3.4e+38 -3.4e+38 -3.4e+38 0.30185654759407 0.294958680868149 0.370294630527496 0.425149857997894 0.459571808576584 0.470286637544632 0.465899109840393 0.456029564142227 0.459203392267227 0.471483618021011 0.46618726849556 0.47778645157814 0.470658451318741 0.456813603639603 0.447462558746338 0.40173476934433 0.342831939458847 0.279211431741714 0.232295423746109 0.205925166606903 0.169981002807617 0.154942288994789 0.155479997396469 0.168347835540771 0.164215415716171 0.162374079227448 0.17256785929203 0.1816286444664 0.175170928239822 0.161421880125999 0.16441485285759 0.175446093082428 0.175024151802063 0.176497533917427
-3.4e+38 -3.4e+38 -3.4e+38 -3.4e+38 -3.4e+38 -3.4e+38 -3.4e+38 -3.4e+38 -3.4e+38 -3.4e+38 0.37367507815361 0.298593878746033 0.325320303440094 0.41454142332077 0.440748900175095 0.461244076490402 0.454342097043991 0.431029945611954 0.432559221982956 0.444879174232483 0.449169009923935 0.445751041173935 0.460417807102203 0.462632298469543 0.441498428583145 0.40734338760376 0.350374817848206 0.291102766990662 0.235833093523979 0.198595404624939 0.193013668060303 0.151648312807083 0.144464746117592 0.166105762124062 0.179137676954269 0.154878333210945 0.159850850701332 0.17302842438221 0.172693252563477 0.166657403111458 0.168254405260086 0.163730457425117 0.16757507622242 0.17680187523365 0.191767156124115
-3.4e+38 -3.4e+38 -3.4e+38 -3.4e+38 -3.4e+38 -3.4e+38 -3.4e+38 -3.4e+38 -3.4e+38 -3.4e+38 0.342595875263214 0.322088450193405 0.378687173128128 0.443559437990189 0.444172739982605 0.440821826457977 0.429606795310974 0.417614191770554 0.418587148189545 0.419985413551331 0.419928580522537 0.426565319299698 0.438229829072952 0.42820155620575 0.40048959851265 0.346295595169067 0.289921075105667 0.244541704654694 0.201366767287254 0.181039363145828 0.172940164804459 0.150019273161888 0.152531400322914 0.17791922390461 0.178729176521301 0.148795410990715 0.153645247220993 0.15712097287178 0.155494943261147 0.161185011267662 0.1727584451437 0.163661524653435 0.169723257422447 0.207875177264214 0.254148364067078
-3.4e+38 -3.4e+38 -3.4e+38 -3.4e+38 -3.4e+38 -3.4e+38 -3.4e+38 -3.4e+38 -3.4e+38 -3.4e+38 0.320047378540039 0.359314143657684 0.414818853139877 0.460258841514587 0.454759627580643 0.436971604824066 0.435957998037338 0.429081350564957 0.412131130695343 0.398005694150925 0.384449005126953 0.397340834140778 0.394557982683182 0.363085299730301 0.351751029491425 0.296594053506851 0.229887291789055 0.192454934120178 0.176255896687508 0.165286526083946 0.165408402681351 0.161236330866814 0.144852727651596 0.151977077126503 0.160485818982124 0.149375811219215 0.154269993305206 0.153166636824608 0.167970344424248 0.163533508777618 0.156832993030548 0.171223223209381 0.225000202655792 0.276395976543427 0.328361004590988
-3.4e+38 -3.4e+38 -3.4e+38 -3.4e+38 -3.4e+38 -3.4e+38 -3.4e+38 -3.4e+38 -3.4e+38 0.325891822576523 0.322604238986969 0.383739292621613 0.411553978919983 0.445055544376373 0.455226480960846 0.44329109787941 0.441793441772461 0.429078549146652 0.405880153179169 0.378036648035049 0.35745558142662 0.370205461978912 0.34641021490097 0.306932389736176 0.300828605890274 0.249320462346077 0.193107694387436 0.174688816070557 0.169447466731071 0.157596230506897 0.160302072763443 0.168531596660614 0.157573074102402 0.148198947310448 0.15477591753006 0.155323684215546 0.156140029430389 0.153709754347801 0.169316783547401 0.173689424991608 0.18624609708786 0.234942600131035 0.299808591604233 0.342540442943573 0.38702067732811
-3.4e+38 -3.4e+38 -3.4e+38 -3.4e+38 -3.4e+38 -3.4e+38 -3.4e+38 -3.4e+38 -3.4e+38 0.312065899372101 0.343458622694016 0.405675530433655 0.411934643983841 0.431866645812988 0.436822801828384 0.425094157457352 0.423579961061478 0.422472506761551 0.406337797641754 0.383376270532608 0.358774065971375 0.354994148015976 0.321949601173401 0.276140183210373 0.242148593068123 0.208510532975197 0.175594225525856 0.170431450009346 0.17415888607502 0.164349600672722 0.154299274086952 0.171065911650658 0.170943558216095 0.152983725070953 0.161917343735695 0.15176072716713 0.1474419683218 0.15800179541111 0.180682629346848 0.208368375897408 0.259139269590378 0.308411717414856 0.348731815814972 0.391453802585602 0.450567752122879
-3.4e+38 -3.4e+38 -3.4e+38 -3.4e+38 -3.4e+38 -3.4e+38 -3.4e+38 -3.4e+38 -3.4e+38 0.306698501110077 0.363727003335953 0.424130141735077 0.43318584561348 0.436006039381027 0.425912648439407 0.40853413939476 0.410962790250778 0.421376496553421 0.410024076700211 0.396872609853745 0.369497239589691 0.337139368057251 0.290368229150772 0.22837932407856 0.190713033080101 0.180828258395195 0.159041866660118 0.154624044895172 0.170998424291611 0.16803090274334 0.149738475680351 0.162150621414185 0.159188374876976 0.152831792831421 0.170575961470604 0.173525914549828 0.158392950892448 0.163681671023369 0.209099113941193 0.265656888484955 0.328827649354935 0.38110426068306 0.426837474107742 0.468028217554092 0.495538324117661
-3.4e+38 -3.4e+38 -3.4e+38 -3.4e+38 -3.4e+38 -3.4e+38 -3.4e+38 -3.4e+38 -3.4e+38 0.310140132904053 0.378919810056686 0.430149585008621 0.435696065425873 0.402215659618378 0.363515853881836 0.37540078163147 0.391861617565155 0.406751155853271 0.397576361894608 0.378806293010712 0.345396280288696 0.287012159824371 0.223155364394188 0.182460650801659 0.161987349390984 0.168670415878296 0.157390028238297 0.144866153597832 0.161433339118958 0.171339958906174 0.15519492328167 0.150577023625374 0.152506098151207 0.155915543437004 0.173453375697136 0.180631995201111 0.175867319107056 0.190600901842117 0.255854815244675 0.33221960067749 0.392494022846222 0.449381798505783 0.491784989833832 0.512198805809021 0.517581522464752
-3.4e+38 -3.4e+38 -3.4e+38 -3.4e+38 -3.4e+38 -3.4e+38 -3.4e+38 -3.4e+38 0.300923228263855 0.329202234745026 0.398854047060013 0.429961830377579 0.421454221010208 0.380736142396927 0.350000202655792 0.36488288640976 0.366867393255234 0.378884315490723 0.354245454072952 0.296353399753571 0.265233635902405 0.219364807009697 0.173203334212303 0.160990312695503 0.155418545007706 0.167358696460724 0.160641998052597 0.14231826364994 0.149836853146553 0.168584331870079 0.163112431764603 0.150503888726234 0.165050953626633 0.162594571709633 0.15579217672348 0.168950706720352 0.212287560105324 0.249750927090645 0.30739751458168 0.386599361896515 0.453331828117371 0.493984520435333 0.512628793716431 0.521246492862701 0.52635395526886
-3.4e+38 -3.4e+38 -3.4e+38 -3.4e+38 -3.4e+38 -3.4e+38 -3.4e+38 -3.4e+38 0.311311632394791 0.364939570426941 0.433384418487549 0.452316761016846 0.427248865365982 0.398314446210861 0.373781144618988 0.357411473989487 0.348503977060318 0.32554817199707 0.267246037721634 0.204377800226212 0.190146833658218 0.175113722681999 0.164976865053177 0.161394536495209 0.163776323199272 0.15835440158844 0.157446399331093 0.145903125405312 0.142988905310631 0.163223683834076 0.163412064313889 0.161820441484451 0.176171585917473 0.165975496172905 0.151821851730347 0.179053142666817 0.26291835308075 0.326100677251816 0.382170975208282 0.44298392534256 0.488910257816315 0.510834574699402 0.515008747577667 0.522668898105621 0.534713566303253
-3.4e+38 -3.4e+38 -3.4e+38 -3.4e+38 -3.4e+38 -3.4e+38 -3.4e+38 -3.4e+38 0.31907731294632 0.39128041267395 0.457799792289734 0.463424056768417 0.423884600400925 0.384460151195526 0.358141154050827 0.327370703220367 0.293769747018814 0.25530532002449 0.206483781337738 0.173854500055313 0.162434995174408 0.15322881937027 0.167708486318588 0.166601926088333 0.159439936280251 0.153203427791595 0.152701616287231 0.146729797124863 0.142082661390305 0.156988263130188 0.163685441017151 0.166937083005905 0.171123281121254 0.175984606146812 0.18983156979084 0.233615040779114 0.329740047454834 0.410801202058792 0.456831842660904 0.489346027374268 0.507654070854187 0.519166767597198 0.524936974048615 0.528871476650238 0.542624890804291
-3.4e+38 -3.4e+38 -3.4e+38 -3.4e+38 -3.4e+38 -3.4e+38 -3.4e+38 0.311475694179535 0.35446310043335 0.416692078113556 0.452322512865067 0.446035116910934 0.399231970310211 0.357193171977997 0.365726262331009 0.312736541032791 0.234824076294899 0.20173105597496 0.191241338849068 0.17501075565815 0.16226926445961 0.161552131175995 0.175363913178444 0.167249828577042 0.16152386367321 0.159603223204613 0.143695846199989 0.151218265295029 0.150950491428375 0.152387708425522 0.163832902908325 0.162090063095093 0.163352265954018 0.18758325278759 0.250213593244553 0.332672238349915 0.404606312513351 0.461129248142242 0.500120282173157 0.512020230293274 0.515758097171783 0.521565198898315 0.53113180398941 0.538800954818726 0.54896092414856
-3.4e+38 -3.4e+38 -3.4e+38 -3.4e+38 -3.4e+38 -3.4e+38 -3.4e+38 0.30353257060051 0.378844827413559 0.431505054235458 0.426479399204254 0.419947326183319 0.395018547773361 0.36464861035347 0.353693604469299 0.270890057086945 0.192713215947151 0.168770834803581 0.169147223234177 0.166589304804802 0.158809944987297 0.160618022084236 0.168187767267227 0.163316965103149 0.151323825120926 0.153197169303894 0.157611221075058 0.158758535981178 0.157941415905952 0.148689180612564 0.157187774777412 0.167340561747551 0.180121511220932 0.231192067265511 0.333870261907578 0.427044004201889 0.45031750202179 0.484135657548904 0.514130413532257 0.525492608547211 0.525570034980774 0.524580538272858 0.535913109779358 0.551028072834015 0.559161067008972
-3.4e+38 -3.4e+38 -3.4e+38 -3.4e+38 -3.4e+38 -3.4e+38 -3.4e+38 0.301873236894608 0.393485277891159 0.435341387987137 0.409693866968155 0.389835566282272 0.387610614299774 0.356160402297974 0.283316105604172 0.217200696468353 0.183795794844627 0.166626304388046 0.166156113147736 0.166153892874718 0.155265554785728 0.152837574481964 0.152676105499268 0.147587448358536 0.159776136279106 0.160690575838089 0.155442744493484 0.157116457819939 0.170116066932678 0.15107835829258 0.163677409291267 0.197755873203278 0.231065765023232 0.308590412139893 0.397504955530167 0.457265764474869 0.471908122301102 0.499216645956039 0.528669118881226 0.540980756282806 0.539130687713623 0.533314228057861 0.545607924461365 0.562070429325104 0.570914208889008
-3.4e+38 -3.4e+38 -3.4e+38 -3.4e+38 -3.4e+38 -3.4e+38 0.276470065116882 0.346875935792923 0.423112422227859 0.439941942691803 0.395962089300156 0.364971429109573 0.36269623041153 0.31193795800209 0.233457922935486 0.189753964543343 0.191227853298187 0.17635478079319 0.17035736143589 0.170178294181824 0.160065695643425 0.16002856194973 0.158776044845581 0.156690001487732 0.167983934283257 0.160962224006653 0.15190289914608 0.165691986680031 0.175644800066948 0.148780852556229 0.169136688113213 0.222316041588783 0.289610594511032 0.379137516021729 0.418784916400909 0.46661701798439 0.50103360414505 0.508817255496979 0.525341272354126 0.538807332515717 0.545864999294281 0.545281410217285 0.552314102649689 0.556817770004272 0.565506994724274
