data/trimmed_ndre/Aes_ndre.619.2014_no_clouds.asc
NCOLS 109 
NROWS 101 
XLLCORNER 466110 
YLLCORNER 5182005 
CELLSIZE 5 
NODATA_value -3.4e+38 
[rows 60 to 79 of 101, columns 0 to 44 of 109]
-3.4e+38 -3.4e+38 -3.4e+38 -3.4e+38 -3.4e+38 -3.4e+38 0.355489075183868 0.402092903852463 0.410024374723434 0.380799829959869 0.338646829128265 0.350235670804977 0.380201280117035 0.400538682937622 0.420357197523117 0.433385938405991 0.449769854545593 0.475461572408676 0.508287727832794 0.511580288410187 0.496888637542725 0.493273615837097 0.492386311292648 0.440937995910645 0.378795713186264 0.33788937330246 0.31596377491951 0.309259980916977 0.314906150102615 0.341463029384613 0.39239177107811 0.480088829994202 0.545937657356262 0.564872145652771 0.546407878398895 0.545317709445953 0.56066757440567 0.576388537883759 0.594912230968475 0.597674429416656 0.584530353546143 0.570744633674622 0.566911816596985 0.557523012161255 0.551850259304047
-3.4e+38 -3.4e+38 -3.4e+38 -3.4e+38 -3.4e+38 0.289915770292282 0.373919546604156 0.393594741821289 0.379245817661285 0.354207187891006 0.336346983909607 0.335963934659958 0.348828077316284 0.365359306335449 0.377835720777512 0.407292693853378 0.458957970142365 0.500235676765442 0.516218721866608 0.512388348579407 0.497317284345627 0.498198330402374 0.502173840999603 0.465725213289261 0.426820695400238 0.393621772527695 0.362453490495682 0.345756560564041 0.337326467037201 0.369073629379272 0.429852783679962 0.499479472637177 0.559402644634247 0.555095553398132 0.53363174200058 0.547369182109833 0.573341131210327 0.583187162876129 0.583349108695984 0.590073347091675 0.584118664264679 0.560310781002045 0.545186161994934 0.5536048412323 0.556816756725311
-3.4e+38 -3.4e+38 -3.4e+38 -3.4e+38 -3.4e+38 0.272177189588547 0.356799870729446 0.389331966638565 0.396735370159149 0.357256978750229 0.329457670450211 0.325522810220718 0.319870382547379 0.3406021296978 0.381262183189392 0.417208522558212 0.473108559846878 0.508819460868835 0.51570451259613 0.517016708850861 0.502269446849823 0.494491219520569 0.498616397380829 0.486067175865173 0.454725980758667 0.416359454393387 0.383779615163803 0.374531298875809 0.375456631183624 0.405527621507645 0.461497068405151 0.51040917634964 0.549087882041931 0.541948616504669 0.522529900074005 0.54069846868515 0.570497632026672 0.561157047748566 0.555080533027649 0.584146559238434 0.590552568435669 0.570866584777832 0.548143208026886 0.548301756381989 0.545238614082336
-3.4e+38 -3.4e+38 -3.4e+38 -3.4e+38 -3.4e+38 0.294959723949432 0.360310018062592 0.366130948066711 0.368160605430603 0.347560286521912 0.334337651729584 0.333854526281357 0.328221589326859 0.324030697345734 0.348536938428879 0.392839848995209 0.438015282154083 0.489460587501526 0.515623569488525 0.515839099884033 0.501390218734741 0.488088697195053 0.48712170124054 0.470618665218353 0.424322128295898 0.39950704574585 0.382783830165863 0.389668941497803 0.410863667726517 0.442257344722748 0.483436822891235 0.528076589107513 0.55528998374939 0.554459571838379 0.545435607433319 0.549564182758331 0.559228122234344 0.546513378620148 0.547034084796906 0.570049047470093 0.572887241840363 0.568933606147766 0.552861571311951 0.533654868602753 0.52515971660614
-3.4e+38 -3.4e+38 -3.4e+38 -3.4e+38 0.24840459227562 0.344624698162079 0.369932919740677 0.358884364366531 0.345578610897064 0.343417376279831 0.344875305891037 0.335569202899933 0.329967528581619 0.337217330932617 0.358193933963776 0.372904300689697 0.40683513879776 0.478699624538422 0.506716132164001 0.507421791553497 0.508462131023407 0.509564578533173 0.48327624797821 0.437306046485901 0.3955018222332 0.398068785667419 0.394610434770584 0.4098179936409 0.443471282720566 0.470848828554153 0.497232794761658 0.541979432106018 0.577163279056549 0.58052009344101 0.577008783817291 0.566018402576447 0.56225448846817 0.559017419815063 0.564465403556824 0.563572287559509 0.545553028583527 0.535951435565948 0.54480916261673 0.534528851509094 0.516919195652008
-3.4e+38 -3.4e+38 -3.4e+38 -3.4e+38 0.271409153938293 0.361264705657959 0.373386830091476 0.365475356578827 0.341859012842178 0.331121057271957 0.336557388305664 0.342882305383682 0.350300580263138 0.370383590459824 0.384935528039932 0.383961886167526 0.412041068077087 0.474217891693115 0.479535132646561 0.486376017332077 0.517541527748108 0.533651173114777 0.485448986291885 0.441061288118362 0.423212736845016 0.436232656240463 0.437245339155197 0.449052631855011 0.471365809440613 0.493573397397995 0.510369539260864 0.553710579872131 0.587798237800598 0.588290452957153 0.585663676261902 0.578728079795837 0.578644752502441 0.588349223136902 0.591708898544312 0.571437239646912 0.527976334095001 0.506054759025574 0.523077785968781 0.523253679275513 0.517602324485779
-3.4e+38 -3.4e+38 -3.4e+38 0.247028082609177 0.290459990501404 0.365354388952255 0.375228762626648 0.370649129152298 0.349009990692139 0.334034144878387 0.346318244934082 0.364755183458328 0.385725617408752 0.39982071518898 0.409355342388153 0.414142966270447 0.431904762983322 0.444970399141312 0.438535362482071 0.450176030397415 0.501137673854828 0.52992457151413 0.495609819889069 0.490266799926758 0.486961334943771 0.489392071962357 0.489173144102097 0.487359225749969 0.498452097177505 0.518665492534637 0.537924766540527 0.566022634506226 0.584594011306763 0.581556797027588 0.582423269748688 0.607410550117493 0.608445882797241 0.598838210105896 0.588333964347839 0.563885867595673 0.520192563533783 0.487665802240372 0.494350403547287 0.504099011421204 0.520823240280151
-3.4e+38 -3.4e+38 -3.4e+38 0.257259637117386 0.321861982345581 0.372354328632355 0.378392457962036 0.368366420269012 0.354710400104523 0.350424766540527 0.363460510969162 0.383709788322449 0.407413840293884 0.428591787815094 0.435894370079041 0.434434354305267 0.437611967325211 0.4283467233181 0.412639856338501 0.418620467185974 0.462919175624847 0.48889684677124 0.488085955381393 0.504761099815369 0.512525677680969 0.518335044384003 0.521922767162323 0.521324276924133 0.522255063056946 0.545646071434021 0.570411205291748 0.584117829799652 0.595227241516113 0.594069123268127 0.603143393993378 0.632355809211731 0.608541905879974 0.578217148780823 0.56321781873703 0.546903729438782 0.533473014831543 0.505369901657104 0.492039859294891 0.500747859477997 0.522692084312439
-3.4e+38 -3.4e+38 -3.4e+38 0.277994066476822 0.349144220352173 0.372326612472534 0.376998126506805 0.366593867540359 0.355535387992859 0.360650539398193 0.368992537260056 0.387531369924545 0.410941034555435 0.428118377923965 0.436147093772888 0.440225005149841 0.450914621353149 0.450605988502502 0.429975032806396 0.421340614557266 0.437407374382019 0.446892499923706 0.462503373622894 0.480771481990814 0.51293534040451 0.53837776184082 0.533446967601776 0.52815854549408 0.536760210990906 0.568751037120819 0.593169808387756 0.599870681762695 0.596126198768616 0.603626787662506 0.608527839183807 0.607614159584045 0.583369016647339 0.5682652592659 0.553550541400909 0.546678304672241 0.549286544322968 0.532023727893829 0.512302160263062 0.50886082649231 0.519314527511597
-3.4e+38 -3.4e+38 -3.4e+38 0.292311161756516 0.362585037946701 0.376289039850235 0.382406830787659 0.37234753370285 0.356803148984909 0.359167814254761 0.361282706260681 0.376502186059952 0.403322219848633 0.420947819948196 0.434965550899506 0.458359092473984 0.47490718960762 0.469913303852081 0.444547116756439 0.423946261405945 0.429209589958191 0.434213310480118 0.455241978168488 0.474885582923889 0.497443675994873 0.532682538032532 0.529369592666626 0.52930098772049 0.551943302154541 0.587422966957092 0.611320793628693 0.593291163444519 0.573582172393799 0.588666319847107 0.569402396678925 0.563739538192749 0.569543898105621 0.572365999221802 0.564770340919495 0.550600588321686 0.541005492210388 0.528956174850464 0.520109295845032 0.526794254779816 0.533819854259491
-3.4e+38 -3.4e+38 0.272932797670364 0.300707817077637 0.364311635494232 0.387045711278915 0.394317209720612 0.382495313882828 0.362125337123871 0.360469132661819 0.36513289809227 0.370816826820374 0.395309686660767 0.421775698661804 0.432417660951614 0.456912964582443 0.481028258800507 0.481370627880096 0.465801864862442 0.447747886180878 0.44263768196106 0.442612886428833 0.440267562866211 0.479742616415024 0.512531816959381 0.536059558391571 0.54107928276062 0.554471909999847 0.571750104427338 0.576620876789093 0.58261501789093 0.565520644187927 0.54189395904541 0.541690409183502 0.513492047786713 0.514178574085236 0.551226675510406 0.571625590324402 0.563754379749298 0.540416955947876 0.5218425989151 0.517533719539642 0.518540263175964 0.542435944080353 0.549578905105591
-3.4e+38 -3.4e+38 0.267205774784088 0.322829127311707 0.367464751005173 0.39564374089241 0.402933269739151 0.385856717824936 0.366020023822784 0.362967848777771 0.369792610406876 0.369857102632523 0.386453539133072 0.422709941864014 0.443516075611115 0.464760929346085 0.482199013233185 0.490834355354309 0.494340091943741 0.500150501728058 0.50157356262207 0.491706222295761 0.482905209064484 0.513314068317413 0.546229183673859 0.560443103313446 0.564664423465729 0.55461972951889 0.555925130844116 0.550035297870636 0.548792958259583 0.553673267364502 0.537834823131561 0.508317828178406 0.484779596328735 0.510435342788696 0.541009187698364 0.550143122673035 0.533569276332855 0.525421857833862 0.512953281402588 0.503490686416626 0.50379478931427 0.526069700717926 0.546704232692719
-3.4e+38 -3.4e+38 0.275067746639252 0.346791952848434 0.374039977788925 0.399829745292664 0.404183834791183 0.383382260799408 0.368207812309265 0.358648538589478 0.36527219414711 0.370634257793427 0.366258233785629 0.397026568651199 0.441959917545319 0.468603879213333 0.472746670246124 0.477382957935333 0.500934362411499 0.528607428073883 0.538488984107971 0.528354644775391 0.513695120811462 0.511676847934723 0.541794776916504 0.58411180973053 0.586813867092133 0.556423485279083 0.544280171394348 0.545545637607574 0.544004619121552 0.539320051670074 0.511140763759613 0.494018077850342 0.511445343494415 0.53698205947876 0.538924157619476 0.524442255496979 0.507696807384491 0.50841099023819 0.508652150630951 0.491969913244247 0.473632752895355 0.480932265520096 0.506931662559509
-3.4e+38 0.291780561208725 0.293852418661118 0.364896833896637 0.391178369522095 0.412898927927017 0.413518726825714 0.395595103502274 0.378635674715042 0.356099456548691 0.361834824085236 0.37106990814209 0.362872362136841 0.379921197891235 0.425554633140564 0.455287128686905 0.449979960918427 0.448087513446808 0.475811630487442 0.517564713954926 0.528819918632507 0.522080779075623 0.501240372657776 0.497466444969177 0.530665457248688 0.582525312900543 0.594554007053375 0.564187526702881 0.542702317237854 0.531269371509552 0.535410583019257 0.522501051425934 0.483536452054977 0.499650239944458 0.538875818252563 0.540842115879059 0.522408246994019 0.499819457530975 0.489282727241516 0.488425016403198 0.484703063964844 0.472355455160141 0.436841666698456 0.427460640668869 0.454534262418747
-3.4e+38 0.275550097227097 0.315791249275208 0.36853900551796 0.395217955112457 0.422981560230255 0.423826605081558 0.412528187036514 0.393326103687286 0.367841184139252 0.371404320001602 0.379365712404251 0.378793269395828 0.383128196001053 0.418700695037842 0.441863089799881 0.435470938682556 0.435962438583374 0.464284837245941 0.491235017776489 0.501118838787079 0.507289230823517 0.513446390628815 0.498408108949661 0.503602743148804 0.553523898124695 0.572729885578156 0.560391843318939 0.539375483989716 0.52145516872406 0.520921945571899 0.509540438652039 0.483168184757233 0.503954112529755 0.527528584003448 0.521694302558899 0.4916712641716 0.474380165338516 0.472271084785461 0.461341768503189 0.450658529996872 0.450795859098434 0.415324121713638 0.393437027931213 0.416201025247574
-3.4e+38 0.264415264129639 0.332887083292007 0.372851938009262 0.405533105134964 0.435101598501205 0.432011663913727 0.416325300931931 0.402178376913071 0.388739883899689 0.386128127574921 0.381822258234024 0.38752406835556 0.401359349489212 0.433963865041733 0.447178483009338 0.44322857260704 0.446601986885071 0.471321821212769 0.470037937164307 0.459580361843109 0.458648264408112 0.467392802238464 0.451531201601028 0.459444493055344 0.521511435508728 0.535440862178802 0.560965478420258 0.562835693359375 0.532705724239349 0.515788197517395 0.506961107254028 0.502471506595612 0.511672556400299 0.512324035167694 0.49700453877449 0.472065001726151 0.457435876131058 0.458436161279678 0.44189727306366 0.429634571075439 0.423821657896042 0.397626668214798 0.377151817083359 0.396704167127609
-3.4e+38 0.283168077468872 0.359280079603195 0.389545291662216 0.418425858020782 0.448069304227829 0.455917119979858 0.443849176168442 0.430026590824127 0.413139700889587 0.392691880464554 0.360470592975616 0.361986815929413 0.391447305679321 0.409912079572678 0.409823626279831 0.405020326375961 0.417336940765381 0.432623714208603 0.405708581209183 0.357291251420975 0.346411913633347 0.371346145868301 0.382984906435013 0.42368346452713 0.479218333959579 0.506342649459839 0.5572749376297 0.576154947280884 0.544489443302155 0.522558093070984 0.515850901603699 0.528348863124847 0.525863409042358 0.501261472702026 0.488055378198624 0.473478466272354 0.464285403490067 0.460737347602844 0.44781482219696 0.421366810798645 0.391944617033005 0.366934955120087 0.361451536417007 0.371346145868301
0.306533694267273 0.313677191734314 0.379501640796661 0.405441164970398 0.420206755399704 0.440121978521347 0.455121248960495 0.451098412275314 0.44516396522522 0.416550546884537 0.391971349716187 0.375670880079269 0.366225302219391 0.364884823560715 0.357946813106537 0.340602099895477 0.325898289680481 0.338076442480087 0.349170118570328 0.326765328645706 0.289209574460983 0.280768811702728 0.318465888500214 0.334571361541748 0.403685390949249 0.453419476747513 0.493794798851013 0.554355978965759 0.562581539154053 0.545163214206696 0.532987892627716 0.527403354644775 0.535300135612488 0.522498428821564 0.489773780107498 0.477221190929413 0.46793007850647 0.456336826086044 0.449701339006424 0.440900593996048 0.413209915161133 0.382907003164291 0.352555751800537 0.33403405547142 0.326684832572937
0.289184659719467 0.333289206027985 0.397406101226807 0.431362241506577 0.445648044347763 0.448318183422089 0.446764260530472 0.44632688164711 0.445807069540024 0.430807262659073 0.405359536409378 0.388212889432907 0.370033860206604 0.351125448942184 0.342282444238663 0.324775874614716 0.297075569629669 0.287052839994431 0.296198427677155 0.305847406387329 0.304535329341888 0.288985669612885 0.299625515937805 0.349235117435455 0.428677499294281 0.449293196201324 0.495254307985306 0.561485409736633 0.54881876707077 0.524124443531036 0.525252640247345 0.531501829624176 0.517965257167816 0.500096559524536 0.47850039601326 0.453312993049622 0.425793468952179 0.400973916053772 0.402668803930283 0.401560693979263 0.385697066783905 0.370204418897629 0.334080666303635 0.303765743970871 0.294173181056976
0.281086087226868 0.362480074167252 0.420743554830551 0.467235118150711 0.485933423042297 0.481098145246506 0.467255830764771 0.452923536300659 0.443408071994781 0.430400162935257 0.403667986392975 0.376830160617828 0.360405713319778 0.346929550170898 0.336832225322723 0.323630720376968 0.311302691698074 0.306250512599945 0.304458856582642 0.30853071808815 0.312052309513092 0.308507829904556 0.318130224943161 0.369822114706039 0.442580729722977 0.452343642711639 0.49362912774086 0.548138022422791 0.534870505332947 0.511050879955292 0.517234683036804 0.529737591743469 0.504687786102295 0.478014409542084 0.452952235937119 0.412855625152588 0.365148037672043 0.348568916320801 0.358727157115936 0.350085705518723 0.331678241491318 0.325239568948746 0.312729358673096 0.303788304328918 0.297454655170441
