data/trimmed_ndre/Aes_ndre.65.2015_no_clouds.asc
NCOLS 109 
NROWS 101 
XLLCORNER 466110 
YLLCORNER 5182005 
CELLSIZE 5 
NODATA_value -3.4e+38 
[rows 40 to 59 of 101, columns 45 to 89 of 109]
0.517747700214386 0.557652711868286 0.574374437332153 0.567583084106445 0.549966871738434 0.542216181755066 0.548329293727875 0.550956130027771 0.552569210529327 0.578745186328888 0.592887818813324 0.609553456306458 0.628797888755798 0.643555343151093 0.656885623931885 0.660447597503662 0.649806082248688 0.627431631088257 0.628245949745178 0.629448115825653 0.623945295810699 0.614231288433075 0.60468065738678 0.607003569602966 0.608087599277496 0.596437096595764 0.580521523952484 0.585510194301605 0.596200287342072 0.601753771305084 0.616584420204163 0.612332463264465 0.596320569515228 0.58130407333374 0.595439791679382 0.595442414283752 0.567205727100372 0.517430782318115 0.465972661972046 0.459561049938202 0.473908126354218 0.504494905471802 0.541743159294128 0.550134718418121 0.52204954624176
0.515051186084747 0.549696743488312 0.561789751052856 0.549652874469757 0.537151157855988 0.54373025894165 0.561146974563599 0.567757546901703 0.572543084621429 0.588463664054871 0.606323599815369 0.621520161628723 0.633848249912262 0.645381808280945 0.659454941749573 0.661409258842468 0.642059981822968 0.616020917892456 0.617101907730103 0.624421894550323 0.621862530708313 0.605735957622528 0.585709273815155 0.587781012058258 0.582876741886139 0.568450152873993 0.554136335849762 0.566304564476013 0.58401495218277 0.599496841430664 0.610172092914581 0.601978361606598 0.599498689174652 0.587912917137146 0.585073471069336 0.593998908996582 0.573596775531769 0.524801015853882 0.477516502141953 0.468383818864822 0.478874027729034 0.516531348228455 0.552932798862457 0.55922520160675 0.533675849437714
0.505321800708771 0.534485697746277 0.544816017150879 0.536282360553741 0.529051959514618 0.541335463523865 0.575270414352417 0.584050536155701 0.583980917930603 0.595372438430786 0.61809241771698 0.627332746982574 0.631742835044861 0.63778692483902 0.648212313652039 0.650892972946167 0.630070567131042 0.609020292758942 0.604799807071686 0.609537303447723 0.608461201190948 0.585365831851959 0.559656977653503 0.565111458301544 0.569732904434204 0.561025321483612 0.552540004253387 0.562673687934875 0.577295780181885 0.588631093502045 0.591070234775543 0.584638595581055 0.595721125602722 0.58255660533905 0.569006025791168 0.57541835308075 0.580120086669922 0.547126710414886 0.501235902309418 0.477310657501221 0.48919814825058 0.54220986366272 0.57326203584671 0.568149149417877 0.543310105800629
0.511722803115845 0.526593625545502 0.533425569534302 0.529620826244354 0.532897055149078 0.55902111530304 0.590088784694672 0.595933139324188 0.595642566680908 0.617087543010712 0.635406672954559 0.626466929912567 0.626462697982788 0.626761674880981 0.625464022159576 0.61960768699646 0.602263510227203 0.589069724082947 0.583962202072144 0.583796322345734 0.580099940299988 0.556878209114075 0.541730582714081 0.547186493873596 0.562390387058258 0.563665330410004 0.568990707397461 0.575832724571228 0.573190689086914 0.566096186637878 0.55716997385025 0.556686878204346 0.575563371181488 0.578151345252991 0.583534061908722 0.594101428985596 0.599463582038879 0.572544813156128 0.523863852024078 0.488122165203094 0.494597584009171 0.545086145401001 0.570297360420227 0.558056831359863 0.532716572284698
0.528987348079681 0.526802957057953 0.530896246433258 0.53928542137146 0.551105976104736 0.57775092124939 0.597632765769958 0.606672644615173 0.622897803783417 0.642337381839752 0.645228028297424 0.632068812847137 0.627757787704468 0.621965765953064 0.60778820514679 0.589474201202393 0.57139128446579 0.560953974723816 0.552267968654633 0.547266602516174 0.539561033248901 0.526690125465393 0.529110133647919 0.536628484725952 0.550581574440002 0.56455385684967 0.586185574531555 0.59268194437027 0.582125723361969 0.564816117286682 0.544867515563965 0.539099752902985 0.5557941198349 0.586036384105682 0.603812754154205 0.609860718250275 0.609599590301514 0.593853235244751 0.550842642784119 0.516938209533691 0.512501239776611 0.540302753448486 0.560723125934601 0.539616644382477 0.512244999408722
0.533641338348389 0.518760919570923 0.537694156169891 0.560116291046143 0.574003577232361 0.584711313247681 0.598549962043762 0.621522545814514 0.645761430263519 0.648660004138947 0.643710792064667 0.639880836009979 0.637288749217987 0.627681970596313 0.600251436233521 0.566892445087433 0.54018771648407 0.52810126543045 0.505100011825562 0.4894178211689 0.486935615539551 0.49489825963974 0.513002574443817 0.519947171211243 0.528078615665436 0.546988070011139 0.579345226287842 0.600232422351837 0.59742683172226 0.581505417823792 0.567385613918304 0.566694736480713 0.573431670665741 0.588777124881744 0.602528810501099 0.60686457157135 0.611070156097412 0.608542084693909 0.581552386283875 0.545704543590546 0.530422389507294 0.537741005420685 0.552328824996948 0.543054401874542 0.524080157279968
0.529997646808624 0.530399262905121 0.556733250617981 0.581461012363434 0.58968186378479 0.584787786006927 0.605499863624573 0.633271455764771 0.650093019008636 0.642119944095612 0.629384756088257 0.628104031085968 0.635305345058441 0.63425487279892 0.596831083297729 0.546176373958588 0.512244462966919 0.492431789636612 0.462936282157898 0.445897459983826 0.446988701820374 0.465424329042435 0.489161193370819 0.495518505573273 0.50603973865509 0.530650198459625 0.567529618740082 0.59943163394928 0.604969263076782 0.595418751239777 0.584399163722992 0.583785533905029 0.580152094364166 0.582124829292297 0.587697088718414 0.594456255435944 0.608163714408875 0.607036828994751 0.58487856388092 0.553065896034241 0.539602935314178 0.541261732578278 0.552677512168884 0.560861647129059 0.533933758735657
0.537337481975555 0.551060199737549 0.570451676845551 0.589298665523529 0.588440656661987 0.588551998138428 0.615743398666382 0.64193069934845 0.648002624511719 0.642765522003174 0.636940598487854 0.642069756984711 0.635224163532257 0.625651061534882 0.59223610162735 0.529118657112122 0.498576879501343 0.483678787946701 0.461016297340393 0.436344683170319 0.429936587810516 0.445144802331924 0.46963033080101 0.479110926389694 0.486119955778122 0.512968957424164 0.548722863197327 0.577934324741364 0.586597621440887 0.583523333072662 0.579621911048889 0.581557214260101 0.57738721370697 0.579790592193604 0.582287073135376 0.584821581840515 0.60209047794342 0.599456429481506 0.577745258808136 0.550691962242126 0.541274607181549 0.550319671630859 0.555943131446838 0.553293764591217 0.527662575244904
0.547915637493134 0.556521594524384 0.565788745880127 0.587171792984009 0.593612909317017 0.603095591068268 0.62836104631424 0.657124638557434 0.659448504447937 0.652852237224579 0.650574386119843 0.658308565616608 0.624999761581421 0.607841491699219 0.588832199573517 0.543699145317078 0.503674387931824 0.492020756006241 0.483134299516678 0.46239247918129 0.450834006071091 0.452848106622696 0.458482325077057 0.461064726114273 0.464914739131927 0.492046266794205 0.51803731918335 0.537221670150757 0.54711776971817 0.548906326293945 0.556511282920837 0.568808853626251 0.578496634960175 0.583385825157166 0.577864289283752 0.575402498245239 0.58758956193924 0.592559456825256 0.580187380313873 0.561923682689667 0.550231277942657 0.561240077018738 0.551506698131561 0.535834848880768 0.520351111888885
0.546268343925476 0.557219505310059 0.576914429664612 0.600137829780579 0.616186380386353 0.622725367546082 0.640876770019531 0.662709057331085 0.660865187644958 0.66008335351944 0.660299718379974 0.659362494945526 0.623875200748444 0.607886731624603 0.58293479681015 0.541001439094543 0.498157650232315 0.501028418540955 0.515435457229614 0.513784646987915 0.488142013549805 0.461207181215286 0.447541654109955 0.442823231220245 0.447584062814713 0.472249090671539 0.491791874170303 0.509248852729797 0.521016299724579 0.524474143981934 0.538349688053131 0.565431952476501 0.590899765491486 0.593762934207916 0.582790911197662 0.570810973644257 0.573578298091888 0.590999662876129 0.590880513191223 0.591528415679932 0.585554242134094 0.577453255653381 0.554073095321655 0.536295890808105 0.537036597728729
0.570113599300385 0.579477369785309 0.60121476650238 0.625697016716003 0.644363462924957 0.640915036201477 0.638655424118042 0.641578018665314 0.645133078098297 0.662364184856415 0.651645302772522 0.640848100185394 0.626005530357361 0.604007065296173 0.566596448421478 0.520964086055756 0.487362146377563 0.498835742473602 0.518780291080475 0.519142150878906 0.495703727006912 0.460870563983917 0.439340829849243 0.433684170246124 0.44383105635643 0.465119332075119 0.478348046541214 0.492182493209839 0.510517299175262 0.536116540431976 0.57454925775528 0.585697650909424 0.59815776348114 0.601808905601501 0.590366661548615 0.578875362873077 0.576393485069275 0.588855981826782 0.603225767612457 0.618385314941406 0.613769173622131 0.598314464092255 0.583832144737244 0.564439535140991 0.559702396392822
0.60468852519989 0.613134920597076 0.626791417598724 0.640141904354095 0.649871706962585 0.651263773441315 0.639719843864441 0.619019269943237 0.623251020908356 0.654797911643982 0.634818911552429 0.628622770309448 0.620535135269165 0.594677567481995 0.54913717508316 0.509664714336395 0.493084341287613 0.497823804616928 0.499232769012451 0.500173211097717 0.484233170747757 0.459086865186691 0.440848290920258 0.441938012838364 0.453274637460709 0.466011613607407 0.470786362886429 0.470885366201401 0.482736736536026 0.516779839992523 0.565100431442261 0.583997428417206 0.594333529472351 0.597112059593201 0.590552031993866 0.600047767162323 0.601572155952454 0.603994369506836 0.615294516086578 0.631098330020905 0.621045053005219 0.618649005889893 0.616168439388275 0.595042288303375 0.570978820323944
0.632011592388153 0.642547190189362 0.6385657787323 0.650593161582947 0.665842771530151 0.66941374540329 0.651743650436401 0.611167252063751 0.600292861461639 0.620676755905151 0.630002975463867 0.630076467990875 0.618396818637848 0.591351807117462 0.554766893386841 0.528770267963409 0.515688478946686 0.500494956970215 0.481943160295486 0.482686221599579 0.471934288740158 0.445512652397156 0.42743319272995 0.443193256855011 0.459095925092697 0.469064384698868 0.460170239210129 0.436462432146072 0.438482612371445 0.475833177566528 0.524701356887817 0.559058308601379 0.565766274929047 0.578809022903442 0.599147439002991 0.621192932128906 0.620996475219727 0.619266450405121 0.627512395381927 0.643677115440369 0.631291925907135 0.633047759532928 0.634380042552948 0.616815149784088 0.578481674194336
0.632312476634979 0.641446232795715 0.646807849407196 0.664725661277771 0.682622075080872 0.68304443359375 0.662702798843384 0.63184005022049 0.616725087165833 0.62173330783844 0.630686283111572 0.623110294342041 0.625838041305542 0.607285499572754 0.573685884475708 0.546631634235382 0.538211286067963 0.511147320270538 0.49196183681488 0.494639486074448 0.493864059448242 0.454833835363388 0.431572824716568 0.443227082490921 0.457106977701187 0.476575493812561 0.467079967260361 0.438341587781906 0.425033628940582 0.443497478961945 0.470978319644928 0.496299207210541 0.515171706676483 0.546990811824799 0.59188973903656 0.624926626682281 0.628888249397278 0.632647097110748 0.638570189476013 0.645914673805237 0.642496109008789 0.633292019367218 0.638157784938812 0.632346570491791 0.607236325740814
0.638372421264648 0.642575681209564 0.655056536197662 0.673778712749481 0.67995411157608 0.667088031768799 0.653257310390472 0.646234571933746 0.644460022449493 0.631227135658264 0.598641037940979 0.564578056335449 0.587397933006287 0.609779596328735 0.597209572792053 0.569696307182312 0.558434963226318 0.531844615936279 0.517404615879059 0.523788750171661 0.533159136772156 0.492792010307312 0.462390631437302 0.452255606651306 0.458854526281357 0.490639060735703 0.483703047037125 0.459444522857666 0.440672695636749 0.441130459308624 0.449771493673325 0.453264981508255 0.468581736087799 0.512955248355865 0.569656193256378 0.616069495677948 0.638124704360962 0.637814164161682 0.639870643615723 0.633171498775482 0.630647718906403 0.621569216251373 0.626464664936066 0.641234219074249 0.634874165058136
0.645348727703094 0.645190417766571 0.657678186893463 0.667282462120056 0.661558091640472 0.652883410453796 0.649752736091614 0.653791189193726 0.657890796661377 0.613426566123962 0.532351970672607 0.501179456710815 0.546630799770355 0.609052002429962 0.617871522903442 0.596304416656494 0.571220397949219 0.558844745159149 0.539864361286163 0.545903384685516 0.562621355056763 0.550967335700989 0.526092529296875 0.503425180912018 0.495428472757339 0.508742153644562 0.503637433052063 0.481175869703293 0.453288525342941 0.43368598818779 0.430237203836441 0.432491898536682 0.44777512550354 0.488790243864059 0.540431082248688 0.587604701519012 0.622152745723724 0.634962022304535 0.633330106735229 0.600420236587524 0.59978312253952 0.617667555809021 0.627600789070129 0.64325076341629 0.635791063308716
0.650712311267853 0.645301043987274 0.651657223701477 0.64923369884491 0.643983602523804 0.64740115404129 0.64923882484436 0.641114890575409 0.629522383213043 0.605274140834808 0.529623925685883 0.491305142641068 0.525988757610321 0.595913767814636 0.623711287975311 0.615889132022858 0.594771683216095 0.577330052852631 0.550048112869263 0.546700894832611 0.556433975696564 0.564409673213959 0.556933164596558 0.540774941444397 0.529377639293671 0.525386333465576 0.518878638744354 0.490288615226746 0.45096555352211 0.420938849449158 0.413754165172577 0.432582885026932 0.456024736166 0.491195142269135 0.53188568353653 0.560246050357819 0.597695350646973 0.62217652797699 0.621807992458344 0.595049202442169 0.615628719329834 0.634567439556122 0.634083032608032 0.624639689922333 0.617865800857544
0.647347867488861 0.643429934978485 0.647188007831573 0.637385070323944 0.635915696620941 0.644698917865753 0.648209750652313 0.642094552516937 0.639137327671051 0.621461391448975 0.56675797700882 0.51302295923233 0.52497124671936 0.574885845184326 0.615749180316925 0.634606420993805 0.61891108751297 0.590916335582733 0.560592412948608 0.550749659538269 0.55373603105545 0.563328683376312 0.568493127822876 0.564359247684479 0.552532017230988 0.545360326766968 0.534198760986328 0.502355635166168 0.466267824172974 0.421015501022339 0.401844620704651 0.419330894947052 0.455385357141495 0.495526373386383 0.525773048400879 0.542706310749054 0.573203861713409 0.601058900356293 0.614646077156067 0.610988855361938 0.621194839477539 0.639125764369965 0.626879572868347 0.596384286880493 0.597863793373108
0.642557084560394 0.639729619026184 0.641671776771545 0.630900025367737 0.629797041416168 0.634687066078186 0.636045455932617 0.627187192440033 0.640083730220795 0.634296298027039 0.596336185932159 0.543144106864929 0.547216832637787 0.576670706272125 0.612438142299652 0.642526268959045 0.634341776371002 0.625035881996155 0.608976900577545 0.585292994976044 0.556882441043854 0.554311335086823 0.568728804588318 0.580387949943542 0.566238820552826 0.553370893001556 0.538975298404694 0.516549110412598 0.495918899774551 0.434540867805481 0.395907610654831 0.400926649570465 0.440193891525269 0.486106067895889 0.521238803863525 0.544534921646118 0.568874657154083 0.597145557403564 0.613111257553101 0.612226486206055 0.60544764995575 0.626574575901031 0.610551238059998 0.592148542404175 0.592930138111115
0.635099947452545 0.63399749994278 0.631150722503662 0.61781919002533 0.610381484031677 0.615731120109558 0.615487992763519 0.607463777065277 0.62190979719162 0.629081070423126 0.608949363231659 0.573087215423584 0.566430985927582 0.580591917037964 0.601009130477905 0.619489073753357 0.629860579967499 0.654170215129852 0.647426247596741 0.618186831474304 0.574987232685089 0.552783608436584 0.563764572143555 0.586839914321899 0.590919017791748 0.573323965072632 0.547595143318176 0.524909317493439 0.497826218605042 0.440946727991104 0.404698759317398 0.40121141076088 0.427801311016083 0.470905900001526 0.522325873374939 0.562105000019073 0.585310935974121 0.59740161895752 0.603346645832062 0.59319144487381 0.590022146701813 0.613771796226501 0.602361857891083 0.598472833633423 0.591130614280701
