data/trimmed_ndre/Aes_ndre.728.2009_no_clouds.asc
NCOLS 109 
NROWS 101 
XLLCORNER 466110 
YLLCORNER 5182005 
CELLSIZE 5 
NODATA_value -3.4e+38 
[rows 60 to 79 of 101, columns 45 to 89 of 109]
0.384530335664749 0.387867838144302 0.379486113786697 0.378185600042343 0.379593759775162 0.375729471445084 0.35965970158577 0.340192496776581 0.341385126113892 0.326296091079712 0.308798640966415 0.30666121840477 0.324456125497818 0.371448040008545 0.411616206169128 0.413692981004715 0.395518690347672 0.411064267158508 0.40805795788765 0.391753852367401 0.372723013162613 0.349750757217407 0.324660867452621 0.313278555870056 0.305904775857925 0.284217774868011 0.280791014432907 0.281637221574783 0.248754233121872 0.179400756955147 0.169408515095711 0.201737955212593 0.202799037098885 0.216432675719261 0.202463567256927 0.199325084686279 0.220054432749748 0.224958255887032 0.258565247058868 0.297474592924118 0.315527439117432 0.313788563013077 0.302296996116638 0.296784520149231 0.32884469628334
0.398500204086304 0.395371109247208 0.392634660005569 0.372471660375595 0.355605214834213 0.351158380508423 0.339082986116409 0.319996774196625 0.313132494688034 0.297235250473022 0.284634858369827 0.279052019119263 0.29905292391777 0.343653947114944 0.388257920742035 0.386316984891891 0.379205524921417 0.435955017805099 0.42868384718895 0.39646115899086 0.391392290592194 0.381024807691574 0.357594847679138 0.349720746278763 0.354784846305847 0.335719555616379 0.302316814661026 0.278405100107193 0.240185052156448 0.19273553788662 0.189286813139915 0.203135758638382 0.199202343821526 0.201106294989586 0.217642709612846 0.209136188030243 0.224116489291191 0.234266877174377 0.267840683460236 0.308309286832809 0.325470685958862 0.331638127565384 0.323551088571548 0.316115766763687 0.326776593923569
0.382166743278503 0.368490964174271 0.365643858909607 0.33127024769783 0.304508060216904 0.311657845973969 0.307101488113403 0.282244771718979 0.271615922451019 0.277204871177673 0.282301872968674 0.273986130952835 0.281774014234543 0.315229594707489 0.336012750864029 0.347519278526306 0.367970317602158 0.411837667226791 0.392601728439331 0.392613619565964 0.407844483852386 0.406162142753601 0.406875163316727 0.389095395803452 0.375031501054764 0.349734932184219 0.285509884357452 0.230631709098816 0.207924276590347 0.195179909467697 0.199524059891701 0.189516395330429 0.163456484675407 0.162825375795364 0.21232096850872 0.19437001645565 0.202534317970276 0.244882076978683 0.271695464849472 0.296623200178146 0.309152364730835 0.321494609117508 0.330379456281662 0.332499623298645 0.322443336248398
0.424230992794037 0.400830179452896 0.354861497879028 0.328873246908188 0.306905090808868 0.302226841449738 0.281429141759872 0.258832275867462 0.244764551520348 0.253529787063599 0.264126926660538 0.26831516623497 0.268479555845261 0.262596249580383 0.25818657875061 0.295982003211975 0.345139652490616 0.38798576593399 0.391757041215897 0.400183618068695 0.405613601207733 0.415124773979187 0.441198706626892 0.418432146310806 0.375103354454041 0.325526088476181 0.265378266572952 0.22894275188446 0.211766228079796 0.208284705877304 0.203964725136757 0.189473927021027 0.19242562353611 0.190703004598618 0.190717339515686 0.173660203814507 0.218281909823418 0.269380897283554 0.278554111719131 0.299583554267883 0.337681770324707 0.339077562093735 0.323246687650681 0.334737598896027 0.32699453830719
0.441861659288406 0.42905193567276 0.367936283349991 0.332191079854965 0.272525042295456 0.266514092683792 0.26372230052948 0.230081915855408 0.211711227893829 0.233109578490257 0.265429884195328 0.259777545928955 0.224035143852234 0.208040595054626 0.216829344630241 0.271054238080978 0.327766507863998 0.369924515485764 0.393098503351212 0.394219726324081 0.402666836977005 0.398464322090149 0.404717981815338 0.384273082017899 0.373473197221756 0.337594449520111 0.288125097751617 0.24664281308651 0.211840718984604 0.208276405930519 0.211333736777306 0.211570203304291 0.222545281052589 0.225199967622757 0.206335842609406 0.202504545450211 0.241468772292137 0.284258991479874 0.290931075811386 0.296801418066025 0.337090075016022 0.34121698141098 0.315404683351517 0.316432803869247 0.322464406490326
0.414274781942368 0.429707437753677 0.379985064268112 0.293946653604507 0.254813611507416 0.232923611998558 0.225341394543648 0.193649604916573 0.191603735089302 0.198418036103249 0.223416224122047 0.209151074290276 0.170686066150665 0.191682428121567 0.19694784283638 0.219257771968842 0.262048304080963 0.282194077968597 0.317465007305145 0.365830928087234 0.385937005281448 0.347323179244995 0.337114900350571 0.364480942487717 0.389102756977081 0.354266732931137 0.29934373497963 0.252850562334061 0.225006639957428 0.217473417520523 0.210043236613274 0.208651095628738 0.211964085698128 0.212887316942215 0.224547833204269 0.217478781938553 0.220756873488426 0.256796300411224 0.290880888700485 0.300893604755402 0.313163101673126 0.31722629070282 0.325126677751541 0.343214273452759 0.343935459852219
0.419560164213181 0.407525449991226 0.379070192575455 0.308990895748138 0.262829810380936 0.213109776377678 0.218550264835358 0.198977217078209 0.167544275522232 0.160126626491547 0.159409031271935 0.156116142868996 0.162198856472969 0.189353764057159 0.177616834640503 0.161273151636124 0.18316462635994 0.233009323477745 0.277154088020325 0.324997246265411 0.331518799066544 0.299851149320602 0.31650710105896 0.349308460950851 0.360143095254898 0.321966260671616 0.284681916236877 0.238314986228943 0.219616651535034 0.215257123112679 0.193819060921669 0.199074983596802 0.194041788578033 0.182207241654396 0.213592603802681 0.234233185648918 0.245933517813683 0.28256019949913 0.306576043367386 0.30404406785965 0.300705552101135 0.318377524614334 0.333636224269867 0.341877371072769 0.333227336406708
0.408325135707855 0.382570743560791 0.3952896296978 0.349488317966461 0.280966907739639 0.237166553735733 0.20751990377903 0.197759434580803 0.173481822013855 0.162187814712524 0.152309149503708 0.14540259540081 0.153242394328117 0.172100633382797 0.164232730865479 0.144391596317291 0.15998974442482 0.202564552426338 0.214399471879005 0.238538041710854 0.250002294778824 0.258669823408127 0.294834583997726 0.278814762830734 0.252647817134857 0.242144182324409 0.246483564376831 0.220542654395103 0.221547409892082 0.220050498843193 0.190698876976967 0.200696066021919 0.206220895051956 0.20372511446476 0.221454665064812 0.243649438023567 0.27296507358551 0.296842634677887 0.296835988759995 0.279187887907028 0.285242259502411 0.319660186767578 0.325497925281525 0.317797273397446 0.322780072689056
0.405225694179535 0.396387130022049 0.402262032032013 0.37630757689476 0.298199504613876 0.232621133327484 0.198652103543282 0.201331973075867 0.184412375092506 0.1745725274086 0.181884303689003 0.179143264889717 0.148390591144562 0.142552703619003 0.148667722940445 0.141999185085297 0.142548337578773 0.158136114478111 0.162102147936821 0.168467566370964 0.175147101283073 0.189385324716568 0.210307866334915 0.191242694854736 0.172096461057663 0.1761634349823 0.204794898629189 0.208549410104752 0.220318883657455 0.205770760774612 0.169930383563042 0.1761384755373 0.200554147362709 0.226987615227699 0.239228889346123 0.242853924632072 0.256441503763199 0.278892248868942 0.286480456590652 0.284158706665039 0.298100918531418 0.322672545909882 0.325588822364807 0.319737374782562 0.329782575368881
0.41161897778511 0.418065220117569 0.408314228057861 0.364857971668243 0.315714687108994 0.258987307548523 0.219836667180061 0.190608724951744 0.192016065120697 0.190141081809998 0.199892938137054 0.201335996389389 0.168317720293999 0.168063253164291 0.173068702220917 0.159386679530144 0.147977650165558 0.155343875288963 0.160298600792885 0.163866683840752 0.162574291229248 0.154274582862854 0.156333744525909 0.157807394862175 0.162496954202652 0.171307981014252 0.177359864115715 0.168125733733177 0.156855642795563 0.163835987448692 0.167358085513115 0.175852999091148 0.200142204761505 0.206793591380119 0.21325658261776 0.238731116056442 0.269488602876663 0.293043524026871 0.306494683027267 0.300998330116272 0.29387429356575 0.308408826589584 0.323635458946228 0.318828076124191 0.312922716140747
0.41387090086937 0.424965530633926 0.409381330013275 0.381999760866165 0.364936798810959 0.319102883338928 0.261275589466095 0.218694150447845 0.201306313276291 0.192723274230957 0.195121675729752 0.179345682263374 0.153942078351974 0.175756201148033 0.191142305731773 0.167716413736343 0.138797968626022 0.154354944825172 0.148263543844223 0.142644137144089 0.153912663459778 0.152442291378975 0.155646458268166 0.161341533064842 0.158181414008141 0.157871469855309 0.175910338759422 0.169838175177574 0.151281893253326 0.155457645654678 0.185463160276413 0.179147765040398 0.167054682970047 0.180771082639694 0.196624800562859 0.25316110253334 0.306299477815628 0.269722610712051 0.263210475444794 0.284287452697754 0.294037878513336 0.303597271442413 0.314399182796478 0.313132673501968 0.302662283182144
0.380870133638382 0.39943066239357 0.405405014753342 0.411655604839325 0.406938374042511 0.388175070285797 0.335150748491287 0.254574358463287 0.203345105051994 0.19002066552639 0.19326876103878 0.180399164557457 0.154497236013412 0.162048548460007 0.175790667533875 0.174937412142754 0.157477274537086 0.159336879849434 0.147547915577888 0.145299896597862 0.162207737565041 0.169392094016075 0.159377455711365 0.160223603248596 0.156271666288376 0.160949841141701 0.192149043083191 0.191946342587471 0.167297065258026 0.161015257239342 0.196300968527794 0.191064685583115 0.173136606812477 0.202525198459625 0.226434275507927 0.227678045630455 0.248683288693428 0.256250649690628 0.238822057843208 0.25777480006218 0.288113325834274 0.303378164768219 0.296782195568085 0.297608256340027 0.305659711360931
0.322619199752808 0.355258077383041 0.379857629537582 0.428236126899719 0.429421752691269 0.398376047611237 0.368970930576324 0.29070183634758 0.221083700656891 0.194345399737358 0.182872295379639 0.184782311320305 0.177327632904053 0.16694350540638 0.158605694770813 0.159574970602989 0.161627262830734 0.163825273513794 0.170610770583153 0.170292913913727 0.1708844602108 0.160618096590042 0.152257665991783 0.174491047859192 0.181374251842499 0.183893173933029 0.197983533143997 0.187528431415558 0.176307395100594 0.177022024989128 0.196037694811821 0.199639171361923 0.185590490698814 0.186865240335464 0.207018673419952 0.195193409919739 0.219481080770493 0.27133697271347 0.252598702907562 0.260849177837372 0.286723643541336 0.297397911548615 0.282559305429459 0.280793845653534 0.312791675329208
0.315062791109085 0.338952124118805 0.3715840280056 0.426051706075668 0.438184261322021 0.410600274801254 0.385432988405228 0.328188180923462 0.244406446814537 0.201354071497917 0.188045665621758 0.180273085832596 0.172460585832596 0.162805199623108 0.15408730506897 0.155291274189949 0.161960750818253 0.178489297628403 0.189496293663979 0.1793612241745 0.18159943819046 0.169453963637352 0.165741711854935 0.193272575736046 0.200052589178085 0.189570635557175 0.181471779942513 0.176926881074905 0.192972168326378 0.194566965103149 0.186281651258469 0.184718504548073 0.178646430373192 0.179951354861259 0.203545331954956 0.222143813967705 0.229709804058075 0.255361467599869 0.271397143602371 0.284962147474289 0.278167963027954 0.282686620950699 0.300564855337143 0.284719586372375 0.309903681278229
0.323475539684296 0.326809525489807 0.340183854103088 0.383622378110886 0.420701295137405 0.441835433244705 0.412874639034271 0.353968977928162 0.286949932575226 0.230710029602051 0.206214591860771 0.188173666596413 0.178168594837189 0.172948583960533 0.1627147346735 0.164376229047775 0.174289658665657 0.182636812329292 0.177310064435005 0.168750613927841 0.189308300614357 0.200093954801559 0.186885371804237 0.182123571634293 0.191887557506561 0.196709603071213 0.188757374882698 0.194315329194069 0.204372555017471 0.193412661552429 0.184732377529144 0.186070621013641 0.193086981773376 0.197569563984871 0.211925148963928 0.230820178985596 0.226763844490051 0.24785104393959 0.272033482789993 0.27474918961525 0.284392327070236 0.29938617348671 0.304041504859924 0.267620712518692 0.295656800270081
0.290476024150848 0.304176419973373 0.301551222801208 0.329967707395554 0.383049517869949 0.404890596866608 0.412626385688782 0.372748285531998 0.32097265124321 0.271954268217087 0.21025313436985 0.181228443980217 0.188538804650307 0.203536033630371 0.177569553256035 0.157473400235176 0.178436025977135 0.196659505367279 0.194508463144302 0.190902993083 0.211102873086929 0.224665492773056 0.20232081413269 0.185238480567932 0.203920915722847 0.212083876132965 0.209397614002228 0.206222355365753 0.200082823634148 0.178051471710205 0.210704132914543 0.209327086806297 0.191920310258865 0.198916837573051 0.186609447002411 0.205035269260406 0.23900443315506 0.256425350904465 0.258879244327545 0.260615944862366 0.282190263271332 0.311482310295105 0.299050211906433 0.268140196800232 0.280983299016953
0.257224977016449 0.262479811906815 0.268868118524551 0.311765044927597 0.370822668075562 0.382688134908676 0.405873209238052 0.397347450256348 0.354154139757156 0.31301411986351 0.263197302818298 0.222827076911926 0.227502569556236 0.240742743015289 0.22404208779335 0.190233573317528 0.199775829911232 0.225836217403412 0.241072729229927 0.249882608652115 0.246053203940392 0.229694932699203 0.205770924687386 0.216906651854515 0.242793455719948 0.23545740544796 0.225081622600555 0.203560501337051 0.192215338349342 0.181447684764862 0.211868733167648 0.197328835725784 0.161786943674088 0.176614284515381 0.197876587510109 0.205630615353584 0.238974630832672 0.254795253276825 0.243462383747101 0.250691801309586 0.266887992620468 0.287939965724945 0.29290047287941 0.286279231309891 0.298308908939362
0.226996272802353 0.213812202215195 0.244151383638382 0.286701053380966 0.342776089906693 0.386575788259506 0.401321858167648 0.405916720628738 0.397448897361755 0.373543590307236 0.328727722167969 0.279612004756927 0.25442898273468 0.255115240812302 0.257833629846573 0.245010733604431 0.230500131845474 0.24811863899231 0.267526537179947 0.297503292560577 0.282000958919525 0.245826110243797 0.238169193267822 0.249340876936913 0.267370671033859 0.248099446296692 0.235017403960228 0.199505597352982 0.194111064076424 0.199070960283279 0.185793519020081 0.178643584251404 0.203153908252716 0.212206214666367 0.213468074798584 0.208074420690536 0.231046766042709 0.261689782142639 0.240615606307983 0.267042845487595 0.27638041973114 0.261533290147781 0.279476642608643 0.296498745679855 0.31417128443718
0.206877425312996 0.185451835393906 0.204802006483078 0.2476616948843 0.268819630146027 0.326379269361496 0.384159952402115 0.409715205430984 0.419879496097565 0.400059193372726 0.363021016120911 0.347916483879089 0.31555250287056 0.287597894668579 0.277447462081909 0.286297589540482 0.281352132558823 0.280838578939438 0.303613692522049 0.317409217357635 0.273892164230347 0.24157677590847 0.265334099531174 0.249600425362587 0.247409865260124 0.237058877944946 0.214050352573395 0.203572407364845 0.196424975991249 0.204439297318459 0.204851672053337 0.200969263911247 0.236306890845299 0.224137976765633 0.187225505709648 0.21465291082859 0.245336756110191 0.25827020406723 0.248900651931763 0.261083900928497 0.277714014053345 0.283449470996857 0.296495229005814 0.280270308256149 -3.4e+38
0.189913213253021 0.181748896837234 0.182271480560303 0.210569277405739 0.225909262895584 0.269795805215836 0.355724334716797 0.40163192152977 0.416231453418732 0.402350604534149 0.380797654390335 0.367366880178452 0.354023158550262 0.344941258430481 0.332337230443954 0.322837084531784 0.337234884500504 0.330395877361298 0.316982209682465 0.30946609377861 0.283945262432098 0.275968700647354 0.277149498462677 0.242378890514374 0.227749824523926 0.217381045222282 0.209596157073975 0.201682031154633 0.189958468079567 0.187873616814613 0.201160833239555 0.199656009674072 0.198330938816071 0.189348056912422 0.176387622952461 0.197117254137993 0.228721603751183 0.252773463726044 0.252784252166748 0.260572999715805 0.276626795530319 -3.4e+38 -3.4e+38 -3.4e+38 -3.4e+38
