data/trimmed_ndre/Aes_ndre.615.2013_no_clouds.asc
NCOLS 109 
NROWS 101 
XLLCORNER 466110 
YLLCORNER 5182005 
CELLSIZE 5 
NODATA_value -3.4e+38 
[rows 20 to 39 of 101, columns 45 to 89 of 109]
-3.4e+38 -3.4e+38 -3.4e+38 -3.4e+38 -3.4e+38 -3.4e+38 -3.4e+38 -3.4e+38 0.492595881223679 0.508751749992371 0.519028007984161 0.515374362468719 0.487518161535263 0.447896867990494 0.425211519002914 0.390431702136993 0.362142235040665 0.355000734329224 0.359815627336502 0.342530339956284 0.306670486927032 0.285104811191559 0.3080695271492 0.372254133224487 0.423604905605316 0.462387502193451 0.472035944461823 0.462576687335968 0.45536744594574 0.454638659954071 0.454421311616898 0.450091302394867 0.463620692491531 0.469419717788696 0.46107691526413 0.451071381568909 0.419258773326874 0.385995358228683 0.356811672449112 0.343011438846588 0.342736452817917 0.320956945419312 -3.4e+38 -3.4e+38 -3.4e+38
-3.4e+38 -3.4e+38 -3.4e+38 -3.4e+38 -3.4e+38 -3.4e+38 -3.4e+38 0.507836401462555 0.5037642121315 0.495989978313446 0.486748546361923 0.470534831285477 0.434177488088608 0.390217244625092 0.365186214447021 0.355615675449371 0.340317785739899 0.332825183868408 0.33475136756897 0.323357462882996 0.298972725868225 0.281839847564697 0.294894576072693 0.348402827978134 0.407217890024185 0.45085284113884 0.481262654066086 0.481262892484665 0.474003851413727 0.465468764305115 0.456143856048584 0.464305818080902 0.494390785694122 0.509447574615479 0.48285785317421 0.446008414030075 0.388215333223343 0.339895784854889 0.315553903579712 0.329104602336884 0.348218351602554 0.335902959108353 0.301993668079376 -3.4e+38 -3.4e+38
-3.4e+38 -3.4e+38 -3.4e+38 -3.4e+38 -3.4e+38 0.491675585508347 0.507228076457977 0.495389848947525 0.477766573429108 0.454939067363739 0.439652532339096 0.426065921783447 0.403036415576935 0.362505912780762 0.338809877634048 0.341150999069214 0.330421656370163 0.318239986896515 0.313399225473404 0.308768898248672 0.304136246442795 0.306196600198746 0.317116320133209 0.35521388053894 0.404491722583771 0.44678059220314 0.483544677495956 0.506437599658966 0.516122460365295 0.518438875675201 0.507504165172577 0.507044732570648 0.518281877040863 0.5213263630867 0.488297998905182 0.430859565734863 0.372030436992645 0.313317954540253 0.299918055534363 0.327836871147156 0.357402443885803 0.358997136354446 0.351357072591782 -3.4e+38 -3.4e+38
-3.4e+38 -3.4e+38 0.453461676836014 0.482686936855316 0.496081113815308 0.491698950529099 0.480559051036835 0.451943725347519 0.424764186143875 0.409048169851303 0.406936913728714 0.40880623459816 0.395054429769516 0.373113304376602 0.344264656305313 0.33292418718338 0.32466396689415 0.314444154500961 0.307961046695709 0.308617055416107 0.314232736825943 0.329023867845535 0.34615159034729 0.372744053602219 0.410830795764923 0.458362907171249 0.500357151031494 0.518312633037567 0.529307126998901 0.540302455425262 0.542381167411804 0.539391577243805 0.523513197898865 0.50081205368042 0.460199028253555 0.400949895381927 0.357479065656662 0.308292120695114 0.304308950901031 0.337386220693588 0.373880594968796 0.389822512865067 0.385179042816162 0.358332633972168 -3.4e+38
0.453105479478836 0.475737422704697 0.483724385499954 0.499576985836029 0.491312086582184 0.460546374320984 0.437263339757919 0.401919186115265 0.386236548423767 0.384718090295792 0.390069872140884 0.397702842950821 0.391756683588028 0.377428114414215 0.3488430082798 0.32911604642868 0.3272864818573 0.324253112077713 0.32522577047348 0.332789987325668 0.340762138366699 0.358789563179016 0.380878925323486 0.40193572640419 0.439186364412308 0.480576664209366 0.51061874628067 0.517949342727661 0.532468378543854 0.543243288993835 0.550113677978516 0.566293776035309 0.554531693458557 0.520076274871826 0.464965850114822 0.395285576581955 0.359537452459335 0.321420252323151 0.317829489707947 0.368003636598587 0.402837187051773 0.419065773487091 0.409287422895432 0.381573349237442 -3.4e+38
0.470813125371933 0.493955612182617 0.4907146692276 0.479575842618942 0.464719921350479 0.415240585803986 0.376275718212128 0.372099131345749 0.362655758857727 0.365458607673645 0.378759831190109 0.381479829549789 0.37408247590065 0.364523589611053 0.351893156766891 0.338038802146912 0.336606651544571 0.339629888534546 0.350405305624008 0.367282122373581 0.381790667772293 0.397567987442017 0.416244745254517 0.443221420049667 0.473273009061813 0.500034153461456 0.522459506988525 0.534148454666138 0.550954580307007 0.559501349925995 0.56824004650116 0.588739395141602 0.579283952713013 0.534668922424316 0.476758807897568 0.402734279632568 0.372234791517258 0.374724119901657 0.383421570062637 0.422794222831726 0.452628791332245 0.445125818252563 0.427898019552231 0.3963822722435 0.35491070151329
0.465730011463165 0.470061480998993 0.45229172706604 0.430218547582626 0.422823071479797 0.374154418706894 0.339070081710815 0.353896379470825 0.329298138618469 0.328494071960449 0.352084010839462 0.359212458133698 0.367333799600601 0.369391262531281 0.369563072919846 0.361691981554031 0.351580142974854 0.35134881734848 0.361832678318024 0.389612555503845 0.422512978315353 0.444853961467743 0.457813113927841 0.482137352228165 0.511727809906006 0.528611600399017 0.538492798805237 0.552977204322815 0.569130420684814 0.577554285526276 0.582931995391846 0.590811669826508 0.575149416923523 0.532568037509918 0.487466305494308 0.43343123793602 0.428913474082947 0.467408120632172 0.482097178697586 0.49930015206337 0.499415218830109 0.474851131439209 0.445335775613785 0.408119231462479 0.361920565366745
0.441112816333771 0.429846227169037 0.398880243301392 0.374399185180664 0.371531665325165 0.34885248541832 0.330165922641754 0.329919993877411 0.311970561742783 0.313433736562729 0.338973730802536 0.354165494441986 0.378230065107346 0.386975467205048 0.380613684654236 0.378625690937042 0.375550389289856 0.379247456789017 0.393405705690384 0.428653955459595 0.462146431207657 0.482950150966644 0.487187653779984 0.517530381679535 0.541869938373566 0.544036746025085 0.5424525141716 0.542502164840698 0.550116002559662 0.55701607465744 0.578039467334747 0.588456690311432 0.577725887298584 0.546558082103729 0.511895716190338 0.484131783246994 0.488478779792786 0.526354312896729 0.547057807445526 0.547403454780579 0.528337240219116 0.498910903930664 0.460042715072632 0.421370357275009 0.37524688243866
0.396698832511902 0.381616830825806 0.356852144002914 0.328988760709763 0.320634990930557 0.319652855396271 0.310351252555847 0.30703204870224 0.310212105512619 0.3094482421875 0.329411536455154 0.35626432299614 0.370487809181213 0.392079591751099 0.402292519807816 0.407201081514359 0.413795858621597 0.425146102905273 0.455545783042908 0.486613273620605 0.497899442911148 0.50736004114151 0.522156536579132 0.545256495475769 0.553932011127472 0.540185868740082 0.540030598640442 0.546669900417328 0.547750234603882 0.547541260719299 0.56610107421875 0.588132858276367 0.592120170593262 0.582222163677216 0.546920776367188 0.521420896053314 0.500761449337006 0.510515928268433 0.534092903137207 0.53484183549881 0.52690714597702 0.510019540786743 0.475280165672302 0.437950104475021 0.40619957447052
0.364149272441864 0.349009484052658 0.322816401720047 0.301228046417236 0.288757354021072 0.289029389619827 0.291646718978882 0.295242547988892 0.295360535383224 0.304663062095642 0.328957170248032 0.353267312049866 0.369851261377335 0.395088523626328 0.419877380132675 0.438919216394424 0.453079730272293 0.457280725240707 0.484172910451889 0.511761367321014 0.513453483581543 0.524457335472107 0.54554945230484 0.55566531419754 0.559933483600616 0.546754777431488 0.535436749458313 0.536523640155792 0.535012423992157 0.535542130470276 0.547109186649323 0.553025007247925 0.562178790569305 0.575539708137512 0.562068819999695 0.523423612117767 0.488042920827866 0.463619023561478 0.481622725725174 0.492227137088776 0.496221721172333 0.495817422866821 0.480646342039108 0.453363835811615 0.428729206323624
0.343359053134918 0.327408134937286 0.303241819143295 0.288148790597916 0.269578814506531 0.267401248216629 0.279610574245453 0.281829982995987 0.282238185405731 0.302483469247818 0.327828943729401 0.354718208312988 0.388446986675262 0.415140777826309 0.446016490459442 0.474561154842377 0.482792913913727 0.478525817394257 0.497029691934586 0.51600456237793 0.52382618188858 0.535075426101685 0.547643840312958 0.555073022842407 0.544394612312317 0.530226290225983 0.51916229724884 0.511216938495636 0.496638745069504 0.51758086681366 0.553094208240509 0.548833072185516 0.5438631772995 0.557263314723969 0.555814564228058 0.514694511890411 0.47031357884407 0.428538113832474 0.437650710344315 0.462020933628082 0.462272197008133 0.473813533782959 0.48532634973526 0.476469606161118 0.452678233385086
0.339947998523712 0.324077725410461 0.301502466201782 0.28130641579628 0.260980784893036 0.259710669517517 0.271956890821457 0.268522977828979 0.276313692331314 0.30127939581871 0.331090569496155 0.372665584087372 0.418064624071121 0.449905097484589 0.480216294527054 0.508510887622833 0.507743954658508 0.498252093791962 0.513152956962585 0.526071548461914 0.529667913913727 0.534905195236206 0.542884051799774 0.537845432758331 0.519119083881378 0.511780917644501 0.500144898891449 0.482046484947205 0.466092556715012 0.489191561937332 0.53007960319519 0.541708111763 0.544596433639526 0.54015588760376 0.528213322162628 0.480584621429443 0.432715088129044 0.402972757816315 0.403129667043686 0.4295434653759 0.436992466449738 0.460956007242203 0.508240938186646 0.523308157920837 0.485728591680527
0.342080175876617 0.33074277639389 0.307937175035477 0.286121070384979 0.270284205675125 0.263757288455963 0.268981754779816 0.269633740186691 0.29380014538765 0.318014353513718 0.353960603475571 0.401046335697174 0.440352499485016 0.474782854318619 0.503805756568909 0.527123093605042 0.520729601383209 0.515513241291046 0.531186640262604 0.53090512752533 0.531039178371429 0.535343885421753 0.535499632358551 0.516043305397034 0.492777824401855 0.489213675260544 0.482242494821548 0.468867182731628 0.465473353862762 0.475175648927689 0.510500371456146 0.540587484836578 0.544191777706146 0.517953991889954 0.487908571958542 0.440367072820663 0.392936587333679 0.370133072137833 0.366502195596695 0.390413820743561 0.422454386949539 0.45884096622467 0.525601029396057 0.552856922149658 0.519711077213287
0.342050045728683 0.331987470388412 0.313048034906387 0.301998376846313 0.28683665394783 0.271858215332031 0.27501705288887 0.293268412351608 0.324185937643051 0.346534550189972 0.384162932634354 0.434109419584274 0.460178911685944 0.490561097860336 0.520656406879425 0.535417139530182 0.526145935058594 0.526433408260345 0.537084341049194 0.526336669921875 0.524508118629456 0.524305462837219 0.521302163600922 0.502559661865234 0.468240082263947 0.462403744459152 0.463333129882812 0.478543311357498 0.494897842407227 0.489673882722855 0.513366401195526 0.539958477020264 0.531606137752533 0.496591746807098 0.454385876655579 0.409871727228165 0.369700878858566 0.354114264249802 0.362997889518738 0.382942467927933 0.416337609291077 0.45462492108345 0.507998704910278 0.550909519195557 0.539732217788696
0.346077740192413 0.330368787050247 0.316286623477936 0.32585597038269 0.30589571595192 0.276933401823044 0.294860422611237 0.321358859539032 0.349346399307251 0.380124598741531 0.421696096658707 0.471584349870682 0.503563523292542 0.514818727970123 0.531216442584991 0.539920747280121 0.527032613754272 0.535304844379425 0.5368812084198 0.522029638290405 0.510432302951813 0.492618352174759 0.483376950025558 0.476684778928757 0.448913246393204 0.442625313997269 0.45819154381752 0.484232038259506 0.501326501369476 0.491315931081772 0.506283700466156 0.521741151809692 0.505577564239502 0.479844987392426 0.42898616194725 0.381649076938629 0.359362870454788 0.346771866083145 0.348222434520721 0.363281637430191 0.390128701925278 0.429147660732269 0.472434878349304 0.529941916465759 0.5405632853508
0.348403751850128 0.333233445882797 0.322452515363693 0.322481840848923 0.29792794585228 0.285730719566345 0.31716200709343 0.340796887874603 0.381344020366669 0.425928741693497 0.460845708847046 0.509024620056152 0.539761245250702 0.535799205303192 0.539560914039612 0.537657558917999 0.532799899578094 0.543933987617493 0.534545421600342 0.509910821914673 0.492801368236542 0.454919129610062 0.438783437013626 0.448454827070236 0.44014436006546 0.451967507600784 0.471499502658844 0.471413433551788 0.483668625354767 0.480274200439453 0.481599777936935 0.493114590644836 0.483911484479904 0.463115394115448 0.413707077503204 0.364498287439346 0.352992027997971 0.334831923246384 0.324927568435669 0.338133871555328 0.355158299207687 0.390288949012756 0.431731194257736 0.486489176750183 0.523124635219574
0.317551583051682 0.314940929412842 0.320545315742493 0.311946272850037 0.304528653621674 0.308230996131897 0.333911448717117 0.369562387466431 0.428389638662338 0.475372284650803 0.495313197374344 0.533827900886536 0.541842877864838 0.529340505599976 0.529767274856567 0.525579392910004 0.527910113334656 0.536149978637695 0.512786269187927 0.483103424310684 0.47028261423111 0.438234210014343 0.420304000377655 0.435372024774551 0.442465335130692 0.46472093462944 0.46892049908638 0.444451004266739 0.461446762084961 0.4695003926754 0.454195022583008 0.474642425775528 0.474174082279205 0.453613460063934 0.420217663049698 0.372907102108002 0.350063741207123 0.331928730010986 0.322250455617905 0.332481384277344 0.337693154811859 0.355712801218033 0.392293006181717 0.432349741458893 0.481564223766327
0.297422140836716 0.307726263999939 0.325667053461075 0.336135059595108 0.33990603685379 0.350890129804611 0.378750115633011 0.421965092420578 0.462912201881409 0.503227949142456 0.525662481784821 0.548774361610413 0.539886236190796 0.517963111400604 0.518886864185333 0.509046614170074 0.508771479129791 0.505182206630707 0.466088801622391 0.438922971487045 0.439567178487778 0.434350997209549 0.419093728065491 0.425913035869598 0.441975742578506 0.463840663433075 0.460974127054214 0.434111952781677 0.448344171047211 0.4633709192276 0.460026621818542 0.48266389966011 0.475423812866211 0.452410459518433 0.442492067813873 0.399693548679352 0.356226623058319 0.329313516616821 0.316916733980179 0.32602733373642 0.33122530579567 0.334597170352936 0.362796664237976 0.402078360319138 0.445571213960648
0.310349702835083 0.32148066163063 0.33334618806839 0.347280502319336 0.369409441947937 0.391248285770416 0.424403935670853 0.458865970373154 0.488348126411438 0.512485206127167 0.529269993305206 0.539511978626251 0.52235621213913 0.511012256145477 0.507955133914948 0.494593858718872 0.489200860261917 0.472075253725052 0.442648977041245 0.425568729639053 0.423605978488922 0.424580901861191 0.413119912147522 0.41818505525589 0.43810847401619 0.452142834663391 0.462539434432983 0.460910856723785 0.461230993270874 0.4691501557827 0.477685302495956 0.483939588069916 0.472511142492294 0.455136388540268 0.447186052799225 0.417512834072113 0.369973242282867 0.335181593894958 0.321430563926697 0.325572788715363 0.333741784095764 0.331721514463425 0.345736682415009 0.383326172828674 0.422248154878616
0.320208162069321 0.33346962928772 0.338048666715622 0.354580253362656 0.39298951625824 0.415658354759216 0.453512042760849 0.488122284412384 0.50276130437851 0.508462250232697 0.524080634117126 0.528248131275177 0.510824263095856 0.502045273780823 0.490375101566315 0.47605288028717 0.467665761709213 0.44516909122467 0.433849662542343 0.428506672382355 0.414809972047806 0.411183267831802 0.406989246606827 0.404825985431671 0.41240981221199 0.424356609582901 0.453671008348465 0.479179561138153 0.480606973171234 0.474782437086105 0.466336041688919 0.464787364006042 0.4783815741539 0.460711777210236 0.439211964607239 0.425128221511841 0.388548403978348 0.354990690946579 0.341135054826736 0.335169523954391 0.336407244205475 0.342142730951309 0.348196536302567 0.381100535392761 0.421457558870316
