data/trimmed_ndre/Aes_ndre.629.2013_no_clouds.asc
NCOLS 109 
NROWS 101 
XLLCORNER 466110 
YLLCORNER 5182005 
CELLSIZE 5 
NODATA_value -3.4e+38 
[rows 60 to 79 of 101, columns 45 to 89 of 109]
0.506565511226654 0.504858672618866 0.552852690219879 0.56464284658432 0.559691965579987 0.588021099567413 0.549835026264191 0.521633386611938 0.537998020648956 0.516998529434204 0.513715445995331 0.526461124420166 0.510415494441986 0.497515082359314 0.532845318317413 0.567948579788208 0.613196611404419 0.648079693317413 0.652268946170807 0.651612758636475 0.648421764373779 0.596428573131561 0.511974394321442 0.482880115509033 0.491067707538605 0.465510249137878 0.43144479393959 0.385813921689987 0.323629230260849 0.267172873020172 0.252391755580902 0.279364466667175 0.316140949726105 0.391397178173065 0.447762250900269 0.465941905975342 0.528565108776093 0.581471025943756 0.602736055850983 0.631612539291382 0.648730516433716 0.661029994487762 0.65868616104126 0.663826942443848 0.675425350666046
0.549887955188751 0.539507925510406 0.564267694950104 0.569842219352722 0.556799530982971 0.570701062679291 0.52012300491333 0.487374782562256 0.510713756084442 0.499810457229614 0.511340737342834 0.523856580257416 0.519033849239349 0.510903179645538 0.540966272354126 0.56296044588089 0.58672422170639 0.640535235404968 0.637448489665985 0.639602899551392 0.643014967441559 0.60332840681076 0.539489924907684 0.514777600765228 0.497240006923676 0.446987599134445 0.407996386289597 0.367734402418137 0.310221523046494 0.260148882865906 0.243859946727753 0.272625684738159 0.317871242761612 0.392184346914291 0.459391623735428 0.489895880222321 0.537553608417511 0.570600092411041 0.604890286922455 0.639822959899902 0.644243597984314 0.650834679603577 0.648663282394409 0.65533858537674 0.674954235553741
0.554469704627991 0.550184428691864 0.562995135784149 0.568382918834686 0.548196315765381 0.545305669307709 0.521856546401978 0.496291220188141 0.491178274154663 0.495604038238525 0.508519530296326 0.494024395942688 0.508037626743317 0.540487170219421 0.555964469909668 0.572193086147308 0.600432515144348 0.633371949195862 0.617769002914429 0.63927698135376 0.633138835430145 0.581794023513794 0.554279327392578 0.518262267112732 0.480858355760574 0.43294158577919 0.401426076889038 0.353537619113922 0.301508218050003 0.267578840255737 0.270738035440445 0.294124931097031 0.34163036942482 0.41449373960495 0.460731565952301 0.49931401014328 0.55328631401062 0.582130193710327 0.622045755386353 0.640444874763489 0.635724663734436 0.646082520484924 0.641693651676178 0.644307732582092 0.666075646877289
0.550796270370483 0.55575042963028 0.550990998744965 0.551344573497772 0.522867918014526 0.499049961566925 0.484832614660263 0.478671729564667 0.477199643850327 0.499905288219452 0.522880256175995 0.503500998020172 0.505576133728027 0.520600438117981 0.515221476554871 0.552143573760986 0.578781247138977 0.572194993495941 0.570656657218933 0.606458961963654 0.59597772359848 0.563842177391052 0.556312203407288 0.512728750705719 0.467890113592148 0.437105566263199 0.398500323295593 0.328248977661133 0.273960262537003 0.270036280155182 0.295344144105911 0.312287867069244 0.362661957740784 0.428942173719406 0.457285434007645 0.510944962501526 0.569006621837616 0.591469049453735 0.614456295967102 0.627147495746613 0.633918821811676 0.660283744335175 0.65047562122345 0.646497189998627 0.6626837849617
0.554782509803772 0.567515134811401 0.535576105117798 0.508610785007477 0.485640078783035 0.4500812292099 0.436542928218842 0.441334575414658 0.467762053012848 0.507246792316437 0.51947283744812 0.487939774990082 0.466795086860657 0.461132705211639 0.478780418634415 0.525212287902832 0.550290048122406 0.545153141021729 0.547035574913025 0.563202023506165 0.555182278156281 0.580270349979401 0.583995759487152 0.509216725826263 0.481824666261673 0.440107136964798 0.37337252497673 0.31239640712738 0.257294833660126 0.263704240322113 0.294706851243973 0.312086999416351 0.377798080444336 0.447268426418304 0.490198045969009 0.5497025847435 0.603742480278015 0.60735034942627 0.611127495765686 0.626453220844269 0.655120193958282 0.6857630610466 0.67859548330307 0.668812036514282 0.673180103302002
0.564729571342468 0.568836390972137 0.502931177616119 0.458454072475433 0.437290728092194 0.416397958993912 0.400557100772858 0.400179445743561 0.429677128791809 0.452852338552475 0.427588731050491 0.388890326023102 0.373245745897293 0.390829920768738 0.458691626787186 0.52473521232605 0.552974343299866 0.549068033695221 0.546204268932343 0.562179088592529 0.566493988037109 0.590643167495728 0.569790422916412 0.502658843994141 0.496008366346359 0.451411068439484 0.351751893758774 0.29309493303299 0.272220879793167 0.271441549062729 0.291797310113907 0.315755605697632 0.393474131822586 0.482559502124786 0.548172652721405 0.612141668796539 0.663644671440125 0.643247604370117 0.620297729969025 0.647482931613922 0.667618274688721 0.684115707874298 0.685978293418884 0.677894175052643 0.682893633842468
0.569435954093933 0.550724923610687 0.468012183904648 0.42279976606369 0.402093052864075 0.382809340953827 0.366211205720901 0.347495198249817 0.344379097223282 0.345036178827286 0.330145478248596 0.295792490243912 0.27995178103447 0.301629662513733 0.35076105594635 0.432519733905792 0.496014475822449 0.520473718643188 0.53641414642334 0.559612333774567 0.554101586341858 0.520348489284515 0.508708715438843 0.5067018866539 0.487865149974823 0.427882254123688 0.320524305105209 0.279339522123337 0.287606447935104 0.27788570523262 0.320119798183441 0.375496834516525 0.444209575653076 0.514292418956757 0.57903641462326 0.629771828651428 0.672075927257538 0.643355488777161 0.632526338100433 0.659178256988525 0.660159051418304 0.66656631231308 0.677050173282623 0.668570697307587 0.680324196815491
0.566875338554382 0.52601832151413 0.448358327150345 0.424884647130966 0.383010596036911 0.349796891212463 0.339634031057358 0.319155544042587 0.295127809047699 0.28712186217308 0.296581149101257 0.275445997714996 0.242915898561478 0.246444568037987 0.261825233697891 0.324940770864487 0.408571779727936 0.435062527656555 0.445573538541794 0.470033943653107 0.464514791965485 0.435746103525162 0.448319524526596 0.455747842788696 0.40039786696434 0.339270532131195 0.297289669513702 0.252015113830566 0.257586508989334 0.297229319810867 0.36817991733551 0.435163557529449 0.489801526069641 0.546416223049164 0.61763322353363 0.624668061733246 0.620536327362061 0.625857770442963 0.639384329319 0.652905941009521 0.636561691761017 0.654595375061035 0.673960149288177 0.662459373474121 0.662194430828094
0.54121595621109 0.514136075973511 0.4709632396698 0.454025149345398 0.406944811344147 0.364982098340988 0.357988893985748 0.347160786390305 0.316307365894318 0.306706428527832 0.308127105236053 0.291801035404205 0.272696942090988 0.259247779846191 0.255178064107895 0.28789758682251 0.330738872289658 0.338310986757278 0.333103388547897 0.358849555253983 0.403528213500977 0.401932835578918 0.390257209539413 0.375834107398987 0.319112509489059 0.272846728563309 0.264092296361923 0.241301715373993 0.267521232366562 0.335280299186707 0.384398549795151 0.436537176370621 0.508660674095154 0.569493234157562 0.619711995124817 0.602057456970215 0.593653440475464 0.63885086774826 0.638335525989532 0.615517735481262 0.610172688961029 0.650027573108673 0.674467921257019 0.654867172241211 0.638490259647369
0.541463255882263 0.531942307949066 0.510592639446259 0.494842678308487 0.460419446229935 0.402616083621979 0.389841377735138 0.380750626325607 0.356844305992126 0.347873419523239 0.334922820329666 0.317099243402481 0.31109693646431 0.304974406957626 0.285884946584702 0.277374476194382 0.294332325458527 0.293090969324112 0.287416726350784 0.329739034175873 0.401966035366058 0.402465611696243 0.363244831562042 0.349287271499634 0.326474905014038 0.274700373411179 0.267004638910294 0.277853578329086 0.294388860464096 0.375144153833389 0.437399685382843 0.461729884147644 0.514902472496033 0.570414662361145 0.614366412162781 0.629051327705383 0.603583872318268 0.604441940784454 0.606614887714386 0.596719264984131 0.613456428050995 0.655290722846985 0.671479403972626 0.657546162605286 0.642308950424194
0.577532768249512 0.577281892299652 0.596474587917328 0.567700505256653 0.502610146999359 0.43553701043129 0.395963907241821 0.390729039907455 0.386730939149857 0.394600540399551 0.357836216688156 0.325440675020218 0.31420761346817 0.318993389606476 0.295652329921722 0.277096927165985 0.301416218280792 0.298497825860977 0.286630064249039 0.337174952030182 0.424580693244934 0.400705933570862 0.368091493844986 0.373809248209 0.36372584104538 0.325768947601318 0.317888766527176 0.319766193628311 0.313702344894409 0.383727103471756 0.436825066804886 0.450684428215027 0.477797359228134 0.568097174167633 0.628325343132019 0.628420948982239 0.587203323841095 0.573585689067841 0.590364754199982 0.601771533489227 0.627566516399384 0.647867619991302 0.649255037307739 0.648286521434784 0.651754140853882
0.555991888046265 0.58391660451889 0.633174479007721 0.601560115814209 0.537095665931702 0.487277388572693 0.421996980905533 0.397376358509064 0.418581277132034 0.436842799186707 0.386651873588562 0.345760852098465 0.330358743667603 0.328041344881058 0.306556910276413 0.296293616294861 0.310662418603897 0.31325089931488 0.311000257730484 0.371604681015015 0.433232724666595 0.39421021938324 0.378732919692993 0.393426328897476 0.408509463071823 0.388704031705856 0.363842129707336 0.327375113964081 0.305340349674225 0.350423365831375 0.364729940891266 0.377711892127991 0.418720483779907 0.565676093101501 0.607817947864532 0.576811850070953 0.572951436042786 0.576874732971191 0.58433598279953 0.594986975193024 0.617946445941925 0.6296027302742 0.626669049263 0.630199253559113 0.641863346099854
0.495242327451706 0.540394723415375 0.601877272129059 0.603246927261353 0.576758742332458 0.534501731395721 0.466513723134995 0.434220194816589 0.460845202207565 0.469448298215866 0.412115186452866 0.357311546802521 0.347966313362122 0.352579265832901 0.334188729524612 0.333099484443665 0.343419820070267 0.35838371515274 0.372874289751053 0.399542212486267 0.426396042108536 0.415551543235779 0.417748272418976 0.423928439617157 0.432137072086334 0.406324744224548 0.363726764917374 0.327335923910141 0.310029625892639 0.331232815980911 0.322415351867676 0.318795919418335 0.374727100133896 0.527269780635834 0.538243412971497 0.529337167739868 0.57075834274292 0.575466990470886 0.574016153812408 0.588073432445526 0.618558943271637 0.633967339992523 0.640495002269745 0.642231047153473 0.645543873310089
0.466784715652466 0.498096346855164 0.554743468761444 0.587023377418518 0.599648118019104 0.565196335315704 0.51798415184021 0.485018908977509 0.499074786901474 0.492275893688202 0.415099591016769 0.36220508813858 0.368654131889343 0.388956725597382 0.384437710046768 0.387516468763351 0.406626582145691 0.423741072416306 0.427326232194901 0.412588506937027 0.433937340974808 0.461095005273819 0.4554123878479 0.440741121768951 0.42626491189003 0.38466665148735 0.350232779979706 0.355320751667023 0.346887201070786 0.335999250411987 0.327562004327774 0.320369273424149 0.372323215007782 0.473566889762878 0.502385973930359 0.521502673625946 0.553357362747192 0.566518127918243 0.580550849437714 0.603333711624146 0.621762871742249 0.636584639549255 0.646649420261383 0.647924482822418 0.642685353755951
0.48144194483757 0.478856533765793 0.507068812847137 0.543911993503571 0.575020015239716 0.579110562801361 0.548657417297363 0.519101738929749 0.52282851934433 0.500156998634338 0.428309887647629 0.397572457790375 0.396709531545639 0.40206515789032 0.417120426893234 0.438840746879578 0.467969745397568 0.468084245920181 0.453499525785446 0.441174000501633 0.452205806970596 0.467895269393921 0.452044486999512 0.415809273719788 0.384910136461258 0.364906996488571 0.366177260875702 0.374310791492462 0.371442943811417 0.368679463863373 0.36282354593277 0.368448287248611 0.372568100690842 0.445146322250366 0.517956793308258 0.537478923797607 0.5478635430336 0.571090936660767 0.598228633403778 0.610785722732544 0.613528728485107 0.62040650844574 0.62649405002594 0.632988572120667 0.63893848657608
0.466440737247467 0.458524197340012 0.471798807382584 0.517419159412384 0.559202373027802 0.582843780517578 0.569612622261047 0.54222446680069 0.529909014701843 0.510173141956329 0.47330778837204 0.464231342077255 0.45683690905571 0.429180532693863 0.444771856069565 0.480472832918167 0.495171129703522 0.496512919664383 0.488081008195877 0.476819336414337 0.458636254072189 0.430843114852905 0.451435923576355 0.457049578428268 0.422456413507462 0.393475383520126 0.37610650062561 0.374564975500107 0.37338188290596 0.386953175067902 0.387385725975037 0.380286633968353 0.37946343421936 0.462771594524384 0.552172005176544 0.560904443264008 0.553168416023254 0.564617097377777 0.595557928085327 0.605030238628387 0.6076540350914 0.61111843585968 0.614507079124451 0.610207259654999 0.628410875797272
0.402670830488205 0.426719933748245 0.459484338760376 0.51485937833786 0.5714231133461 0.59568190574646 0.59161376953125 0.560982286930084 0.53715991973877 0.520854592323303 0.51619291305542 0.531066358089447 0.521672606468201 0.493650764226913 0.507429778575897 0.541185438632965 0.550984144210815 0.539755582809448 0.534176588058472 0.517618834972382 0.47363218665123 0.43846595287323 0.466776430606842 0.495737135410309 0.471779197454453 0.409883469343185 0.354089230298996 0.363166451454163 0.364734709262848 0.369800597429276 0.378406822681427 0.383256822824478 0.409093588590622 0.498586118221283 0.560846626758575 0.55391001701355 0.544381499290466 0.55927699804306 0.58036333322525 0.601645886898041 0.6132772564888 0.626268565654755 0.62335616350174 0.605219662189484 0.621504604816437
0.346753507852554 0.401727646589279 0.458092719316483 0.504821121692657 0.569831430912018 0.609475553035736 0.613774418830872 0.590269505977631 0.562158524990082 0.552804529666901 0.554539322853088 0.55893462896347 0.557692766189575 0.551202178001404 0.572408139705658 0.596292972564697 0.599621415138245 0.581081092357635 0.574517250061035 0.550686359405518 0.496011942625046 0.465215355157852 0.472634434700012 0.474180996417999 0.453999936580658 0.392628699541092 0.339423835277557 0.348825246095657 0.351351886987686 0.346890538930893 0.367815643548965 0.385956883430481 0.424999594688416 0.487416446208954 0.534262657165527 0.537235379219055 0.540792942047119 0.56506872177124 0.579767823219299 0.603485703468323 0.618420720100403 0.633979082107544 0.629482626914978 0.618606448173523 0.63589334487915
0.334855943918228 0.380363136529922 0.426233142614365 0.468899041414261 0.538419663906097 0.592814266681671 0.602301001548767 0.586353182792664 0.582644641399384 0.589325547218323 0.585441768169403 0.575598001480103 0.58463042974472 0.607205331325531 0.618640065193176 0.61876654624939 0.621020257472992 0.611852407455444 0.602536559104919 0.566621720790863 0.501888632774353 0.477727442979813 0.483746111392975 0.468277841806412 0.444296628236771 0.379144072532654 0.335063278675079 0.337045848369598 0.331027716398239 0.337254583835602 0.356501400470734 0.376224160194397 0.421234607696533 0.466354519128799 0.505632758140564 0.537136793136597 0.550110399723053 0.562889516353607 0.57934981584549 0.598056018352509 0.602486550807953 0.615931510925293 0.612122356891632 0.637140929698944 -3.4e+38
0.313264042139053 0.333797812461853 0.370882362127304 0.429487466812134 0.499077260494232 0.549333393573761 0.567701816558838 0.562467336654663 0.57891458272934 0.60818213224411 0.618143141269684 0.613936841487885 0.622523665428162 0.640539050102234 0.632712543010712 0.616955518722534 0.621972739696503 0.633973479270935 0.613217651844025 0.547201991081238 0.48917880654335 0.483057022094727 0.471351146697998 0.438722282648087 0.425039321184158 0.367654472589493 0.331380665302277 0.321318835020065 0.314182490110397 0.332467794418335 0.351355999708176 0.363268375396729 0.414955794811249 0.477009207010269 0.516376435756683 0.556355237960815 0.56647777557373 0.562356293201447 0.574659466743469 0.590129733085632 0.593185424804688 -3.4e+38 -3.4e+38 -3.4e+38 -3.4e+38
