data/trimmed_ndre/Aes_ndre.79.2011_no_clouds.asc
NCOLS 109 
NROWS 101 
XLLCORNER 466110 
YLLCORNER 5182005 
CELLSIZE 5 
NODATA_value -3.4e+38 
[rows 80 to 99 of 101, columns 0 to 44 of 109]
-3.4e+38 -3.4e+38 -3.4e+38 -3.4e+38 0.483141779899597 0.508979618549347 0.511167049407959 0.496071249246597 0.469850122928619 0.439093798398972 0.397392243146896 0.32668200135231 0.224713206291199 0.182430580258369 0.173194795846939 0.17335057258606 0.173702225089073 0.160465240478516 0.161790147423744 0.170694515109062 0.187115326523781 0.191976606845856 0.205459222197533 0.267403662204742 0.328560382127762 0.359155088663101 0.404265075922012 0.437988042831421 0.480654418468475 0.531074345111847 0.560890555381775 0.556365787982941 0.517397880554199 0.481758832931519 0.447783380746841 0.426417112350464 0.416985034942627 0.410482734441757 0.413284748792648 0.406502932310104 0.40375491976738 0.400706589221954 0.386737257242203 0.364893138408661 0.35319772362709
-3.4e+38 -3.4e+38 -3.4e+38 -3.4e+38 -3.4e+38 -3.4e+38 -3.4e+38 0.496553748846054 0.473186373710632 0.450090646743774 0.395767241716385 0.2996945977211 0.206829711794853 0.178038656711578 0.171780422329903 0.183501213788986 0.176657631993294 0.170808658003807 0.171295717358589 0.169412061572075 0.175664976239204 0.189355984330177 0.207300022244453 0.28178283572197 0.342143356800079 0.389640241861343 0.442591398954391 0.467376351356506 0.508259952068329 0.547532916069031 0.556697487831116 0.547320783138275 0.508676946163177 0.463833808898926 0.433739751577377 0.412029802799225 0.39685907959938 0.389144539833069 0.405702233314514 0.397208482027054 0.376998156309128 0.372350603342056 0.360776305198669 0.349759221076965 0.332967549562454
-3.4e+38 -3.4e+38 -3.4e+38 -3.4e+38 -3.4e+38 -3.4e+38 -3.4e+38 -3.4e+38 -3.4e+38 -3.4e+38 0.375592172145844 0.267882913351059 0.18130499124527 0.157913386821747 0.167065888643265 0.168996095657349 0.16740770637989 0.177150696516037 0.177503436803818 0.167271360754967 0.16926135122776 0.190365105867386 0.231653496623039 0.313683956861496 0.357238233089447 0.415901511907578 0.483223289251328 0.506999850273132 0.54203474521637 0.570920050144196 0.567775011062622 0.543810427188873 0.498258799314499 0.445907831192017 0.41706708073616 0.408668905496597 0.394900441169739 0.386618822813034 0.395782738924026 0.400471746921539 0.386569082736969 0.374352663755417 0.359541267156601 0.356847405433655 0.338354557752609
-3.4e+38 -3.4e+38 -3.4e+38 -3.4e+38 -3.4e+38 -3.4e+38 -3.4e+38 -3.4e+38 -3.4e+38 -3.4e+38 -3.4e+38 -3.4e+38 0.169906884431839 0.15630316734314 0.163567304611206 0.149203985929489 0.150927513837814 0.169972956180573 0.175521895289421 0.164085775613785 0.171158865094185 0.189156919717789 0.249342203140259 0.335041642189026 0.35397869348526 0.420857340097427 0.498971492052078 0.527102410793304 0.533786654472351 0.54506903886795 0.54671835899353 0.524621665477753 0.491234362125397 0.442069470882416 0.412944942712784 0.413016617298126 0.410961002111435 0.41610524058342 0.419697374105453 0.416513174772263 0.406399786472321 0.388014316558838 0.372653722763062 0.354486882686615 0.330991894006729
-3.4e+38 -3.4e+38 -3.4e+38 -3.4e+38 -3.4e+38 -3.4e+38 -3.4e+38 -3.4e+38 -3.4e+38 -3.4e+38 -3.4e+38 -3.4e+38 -3.4e+38 -3.4e+38 0.170422866940498 0.150976955890656 0.1637082695961 0.174190416932106 0.170176312327385 0.160594746470451 0.170340016484261 0.179736390709877 0.25124317407608 0.33328315615654 0.353731244802475 0.423553913831711 0.510294795036316 0.55126690864563 0.55180811882019 0.544114828109741 0.53532862663269 0.518910884857178 0.49504366517067 0.461911767721176 0.433082073926926 0.429640769958496 0.435077875852585 0.443414866924286 0.442705571651459 0.423035085201263 0.415594309568405 0.399547308683395 0.373619377613068 0.347169101238251 0.31851714849472
-3.4e+38 -3.4e+38 -3.4e+38 -3.4e+38 -3.4e+38 -3.4e+38 -3.4e+38 -3.4e+38 -3.4e+38 -3.4e+38 -3.4e+38 -3.4e+38 -3.4e+38 -3.4e+38 -3.4e+38 0.164403483271599 0.175536870956421 0.173563092947006 0.166873753070831 0.165379494428635 0.181108325719833 0.192978739738464 0.266138881444931 0.334850400686264 0.377036839723587 0.448809534311295 0.533303737640381 0.571757316589355 0.553951382637024 0.537164151668549 0.531287491321564 0.520879089832306 0.502298176288605 0.484997421503067 0.474539220333099 0.47586777806282 0.471552044153214 0.454187154769897 0.444035619497299 0.440118223428726 0.437793552875519 0.424867063760757 0.388824164867401 0.34637588262558 0.313534289598465
-3.4e+38 -3.4e+38 -3.4e+38 -3.4e+38 -3.4e+38 -3.4e+38 -3.4e+38 -3.4e+38 -3.4e+38 -3.4e+38 -3.4e+38 -3.4e+38 -3.4e+38 -3.4e+38 -3.4e+38 -3.4e+38 -3.4e+38 0.164616793394089 0.166486337780952 0.180971294641495 0.200962573289871 0.22869661450386 0.296560078859329 0.348205864429474 0.399152368307114 0.468898355960846 0.529179155826569 0.578274965286255 0.557382583618164 0.523285686969757 0.521768391132355 0.520584940910339 0.518747687339783 0.516080319881439 0.513419449329376 0.515642046928406 0.505628347396851 0.486531019210815 0.462377816438675 0.453371614217758 0.453215688467026 0.439865499734879 0.396202087402344 0.348677098751068 0.325635313987732
-3.4e+38 -3.4e+38 -3.4e+38 -3.4e+38 -3.4e+38 -3.4e+38 -3.4e+38 -3.4e+38 -3.4e+38 -3.4e+38 -3.4e+38 -3.4e+38 -3.4e+38 -3.4e+38 -3.4e+38 -3.4e+38 -3.4e+38 -3.4e+38 -3.4e+38 0.195839732885361 0.213162884116173 0.25297087430954 0.312085181474686 0.34407913684845 0.404345035552979 0.481184720993042 0.541001558303833 0.585542142391205 0.569982945919037 0.527015864849091 0.52013111114502 0.517506837844849 0.527672827243805 0.534373104572296 0.523446440696716 0.514383792877197 0.490973085165024 0.475339025259018 0.474577516317368 0.476632982492447 0.4641073346138 0.428921043872833 0.381756544113159 0.344225376844406 0.33480304479599
-3.4e+38 -3.4e+38 -3.4e+38 -3.4e+38 -3.4e+38 -3.4e+38 -3.4e+38 -3.4e+38 -3.4e+38 -3.4e+38 -3.4e+38 -3.4e+38 -3.4e+38 -3.4e+38 -3.4e+38 -3.4e+38 -3.4e+38 -3.4e+38 -3.4e+38 -3.4e+38 -3.4e+38 0.289358735084534 0.344303071498871 0.362246960401535 0.420678526163101 0.508956849575043 0.56175297498703 0.559955060482025 0.53321498632431 0.519589245319366 0.523601949214935 0.522617757320404 0.537818193435669 0.539538979530334 0.528235912322998 0.520264208316803 0.497910618782043 0.470415353775024 0.4738609790802 0.489737868309021 0.46545073390007 0.411344528198242 0.369779586791992 0.339359432458878 0.331835508346558
-3.4e+38 -3.4e+38 -3.4e+38 -3.4e+38 -3.4e+38 -3.4e+38 -3.4e+38 -3.4e+38 -3.4e+38 -3.4e+38 -3.4e+38 -3.4e+38 -3.4e+38 -3.4e+38 -3.4e+38 -3.4e+38 -3.4e+38 -3.4e+38 -3.4e+38 -3.4e+38 -3.4e+38 -3.4e+38 0.379844039678574 0.396862030029297 0.451040804386139 0.516766309738159 0.53794664144516 0.503887176513672 0.476278424263 0.49230295419693 0.524914085865021 0.545123696327209 0.561563014984131 0.551615178585052 0.535685241222382 0.520399332046509 0.498325556516647 0.469994723796844 0.461678087711334 0.477875620126724 0.455466777086258 0.391703397035599 0.348141610622406 0.338979989290237 0.338782757520676
-3.4e+38 -3.4e+38 -3.4e+38 -3.4e+38 -3.4e+38 -3.4e+38 -3.4e+38 -3.4e+38 -3.4e+38 -3.4e+38 -3.4e+38 -3.4e+38 -3.4e+38 -3.4e+38 -3.4e+38 -3.4e+38 -3.4e+38 -3.4e+38 -3.4e+38 -3.4e+38 -3.4e+38 -3.4e+38 -3.4e+38 -3.4e+38 0.461516946554184 0.48402726650238 0.481579601764679 0.440750449895859 0.423910230398178 0.459055423736572 0.52436625957489 0.568317294120789 0.56758850812912 0.546243488788605 0.529450714588165 0.507106006145477 0.477533966302872 0.471500873565674 0.482684314250946 0.484076946973801 0.455322653055191 0.38549131155014 0.345756977796555 0.356511533260345 0.351292818784714
-3.4e+38 -3.4e+38 -3.4e+38 -3.4e+38 -3.4e+38 -3.4e+38 -3.4e+38 -3.4e+38 -3.4e+38 -3.4e+38 -3.4e+38 -3.4e+38 -3.4e+38 -3.4e+38 -3.4e+38 -3.4e+38 -3.4e+38 -3.4e+38 -3.4e+38 -3.4e+38 -3.4e+38 -3.4e+38 -3.4e+38 -3.4e+38 -3.4e+38 0.453869193792343 0.430001467466354 0.399458587169647 0.39722529053688 0.446686595678329 0.504738032817841 0.558100759983063 0.559300363063812 0.531761944293976 0.516595959663391 0.516624093055725 0.508716106414795 0.493365377187729 0.501491189002991 0.493636608123779 0.456518739461899 0.399941474199295 0.368848770856857 0.384610950946808 0.378426402807236
-3.4e+38 -3.4e+38 -3.4e+38 -3.4e+38 -3.4e+38 -3.4e+38 -3.4e+38 -3.4e+38 -3.4e+38 -3.4e+38 -3.4e+38 -3.4e+38 -3.4e+38 -3.4e+38 -3.4e+38 -3.4e+38 -3.4e+38 -3.4e+38 -3.4e+38 -3.4e+38 -3.4e+38 -3.4e+38 -3.4e+38 -3.4e+38 -3.4e+38 0.428728938102722 0.400310963392258 0.385012298822403 0.397146761417389 0.446360319852829 0.488873362541199 0.536434650421143 0.547586500644684 0.523633182048798 0.520644247531891 0.525417745113373 0.529357433319092 0.518083870410919 0.516850590705872 0.495687395334244 0.454553753137589 0.426434278488159 0.413603782653809 0.418530583381653 0.416613429784775
-3.4e+38 -3.4e+38 -3.4e+38 -3.4e+38 -3.4e+38 -3.4e+38 -3.4e+38 -3.4e+38 -3.4e+38 -3.4e+38 -3.4e+38 -3.4e+38 -3.4e+38 -3.4e+38 -3.4e+38 -3.4e+38 -3.4e+38 -3.4e+38 -3.4e+38 -3.4e+38 -3.4e+38 -3.4e+38 -3.4e+38 -3.4e+38 -3.4e+38 0.408153712749481 0.404104501008987 0.399943739175797 0.412290155887604 0.450855016708374 0.49164029955864 0.526932537555695 0.522598922252655 0.502570688724518 0.507091820240021 0.514276742935181 0.515589952468872 0.522489547729492 0.52570641040802 0.510564863681793 0.469458311796188 0.442691832780838 0.440655440092087 0.446592926979065 0.435421168804169
-3.4e+38 -3.4e+38 -3.4e+38 -3.4e+38 -3.4e+38 -3.4e+38 -3.4e+38 -3.4e+38 -3.4e+38 -3.4e+38 -3.4e+38 -3.4e+38 -3.4e+38 -3.4e+38 -3.4e+38 -3.4e+38 -3.4e+38 -3.4e+38 -3.4e+38 -3.4e+38 -3.4e+38 -3.4e+38 -3.4e+38 -3.4e+38 -3.4e+38 -3.4e+38 0.415373474359512 0.401977300643921 0.405860871076584 0.444174885749817 0.495855867862701 0.520845949649811 0.499254792928696 0.478392422199249 0.480538487434387 0.488582521677017 0.487192213535309 0.496361166238785 0.507775723934174 0.497961550951004 0.46811455488205 0.449351936578751 0.460569798946381 0.456363469362259 0.432194739580154
-3.4e+38 -3.4e+38 -3.4e+38 -3.4e+38 -3.4e+38 -3.4e+38 -3.4e+38 -3.4e+38 -3.4e+38 -3.4e+38 -3.4e+38 -3.4e+38 -3.4e+38 -3.4e+38 -3.4e+38 -3.4e+38 -3.4e+38 -3.4e+38 -3.4e+38 -3.4e+38 -3.4e+38 -3.4e+38 -3.4e+38 -3.4e+38 -3.4e+38 -3.4e+38 0.39163202047348 0.370063364505768 0.379345208406448 0.424020737409592 0.482687711715698 0.497614800930023 0.470550686120987 0.454123497009277 0.456165820360184 0.475307285785675 0.49046915769577 0.491284072399139 0.482457339763641 0.469732761383057 0.448721379041672 0.46157506108284 0.477626711130142 0.451493352651596 0.423636227846146
-3.4e+38 -3.4e+38 -3.4e+38 -3.4e+38 -3.4e+38 -3.4e+38 -3.4e+38 -3.4e+38 -3.4e+38 -3.4e+38 -3.4e+38 -3.4e+38 -3.4e+38 -3.4e+38 -3.4e+38 -3.4e+38 -3.4e+38 -3.4e+38 -3.4e+38 -3.4e+38 -3.4e+38 -3.4e+38 -3.4e+38 -3.4e+38 -3.4e+38 -3.4e+38 -3.4e+38 -3.4e+38 -3.4e+38 0.425202339887619 0.459987998008728 0.46473428606987 0.443912893533707 0.431387782096863 0.443109035491943 0.463342905044556 0.472610145807266 0.48214191198349 0.464107394218445 0.440386325120926 0.426718950271606 0.455637812614441 0.470473349094391 0.438259452581406 0.417841494083405
-3.4e+38 -3.4e+38 -3.4e+38 -3.4e+38 -3.4e+38 -3.4e+38 -3.4e+38 -3.4e+38 -3.4e+38 -3.4e+38 -3.4e+38 -3.4e+38 -3.4e+38 -3.4e+38 -3.4e+38 -3.4e+38 -3.4e+38 -3.4e+38 -3.4e+38 -3.4e+38 -3.4e+38 -3.4e+38 -3.4e+38 -3.4e+38 -3.4e+38 -3.4e+38 -3.4e+38 -3.4e+38 -3.4e+38 -3.4e+38 -3.4e+38 -3.4e+38 -3.4e+38 -3.4e+38 -3.4e+38 0.438785344362259 0.446668893098831 0.460911989212036 0.443715393543243 0.423116117715836 0.432281911373138 0.4596808552742 0.454339265823364 0.429161727428436 0.424973994493484
-3.4e+38 -3.4e+38 -3.4e+38 -3.4e+38 -3.4e+38 -3.4e+38 -3.4e+38 -3.4e+38 -3.4e+38 -3.4e+38 -3.4e+38 -3.4e+38 -3.4e+38 -3.4e+38 -3.4e+38 -3.4e+38 -3.4e+38 -3.4e+38 -3.4e+38 -3.4e+38 -3.4e+38 -3.4e+38 -3.4e+38 -3.4e+38 -3.4e+38 -3.4e+38 -3.4e+38 -3.4e+38 -3.4e+38 -3.4e+38 -3.4e+38 -3.4e+38 -3.4e+38 -3.4e+38 -3.4e+38 -3.4e+38 -3.4e+38 -3.4e+38 0.406678408384323 0.385967165231705 0.406821936368942 0.433685809373856 0.438186049461365 0.430990993976593 0.436141848564148
-3.4e+38 -3.4e+38 -3.4e+38 -3.4e+38 -3.4e+38 -3.4e+38 -3.4e+38 -3.4e+38 -3.4e+38 -3.4e+38 -3.4e+38 -3.4e+38 -3.4e+38 -3.4e+38 -3.4e+38 -3.4e+38 -3.4e+38 -3.4e+38 -3.4e+38 -3.4e+38 -3.4e+38 -3.4e+38 -3.4e+38 -3.4e+38 -3.4e+38 -3.4e+38 -3.4e+38 -3.4e+38 -3.4e+38 -3.4e+38 -3.4e+38 -3.4e+38 -3.4e+38 -3.4e+38 -3.4e+38 -3.4e+38 -3.4e+38 -3.4e+38 -3.4e+38 0.361244082450867 0.376855939626694 0.397802114486694 0.423064321279526 0.435603022575378 0.451256603002548
