data/trimmed_ndre/Aes_ndre.629.2013_no_clouds.asc
NCOLS 109 
NROWS 101 
XLLCORNER 466110 
YLLCORNER 5182005 
CELLSIZE 5 
NODATA_value -3.4e+38 
[rows 40 to 59 of 101, columns 45 to 89 of 109]
0.35812520980835 0.410785585641861 0.418588042259216 0.442223727703094 0.477612376213074 0.521235585212708 0.565898418426514 0.602501094341278 0.606038868427277 0.600097477436066 0.618416547775269 0.623106956481934 0.599540531635284 0.581941962242126 0.579825162887573 0.5614373087883 0.55834949016571 0.567170798778534 0.502067744731903 0.466539949178696 0.486757427453995 0.479324728250504 0.471319943666458 0.474552184343338 0.490583747625351 0.505717933177948 0.544159591197968 0.572864830493927 0.539134562015533 0.551235198974609 0.591849565505981 0.590967297554016 0.573336005210876 0.534850835800171 0.478108674287796 0.428839951753616 0.396447896957397 0.364967226982117 0.35795783996582 0.356515049934387 0.351541072130203 0.344401836395264 0.343520313501358 0.36903989315033 0.410964578390121
0.367133647203445 0.400506407022476 0.416668295860291 0.464231550693512 0.523621320724487 0.555649101734161 0.5702103972435 0.605488419532776 0.62249231338501 0.611387312412262 0.626221358776093 0.635518074035645 0.591634213924408 0.537225663661957 0.513538479804993 0.517841100692749 0.54647970199585 0.55079048871994 0.492215007543564 0.452888160943985 0.474940657615662 0.466957122087479 0.456769943237305 0.442167907953262 0.452738553285599 0.470055013895035 0.512170076370239 0.541539907455444 0.534685552120209 0.569941222667694 0.600237488746643 0.586362957954407 0.573798358440399 0.563111543655396 0.528413355350494 0.473196059465408 0.426515430212021 0.385777473449707 0.376556873321533 0.365297108888626 0.360810101032257 0.354817092418671 0.350123941898346 0.380757659673691 0.408268988132477
0.373000085353851 0.390510439872742 0.438883394002914 0.517721652984619 0.561931252479553 0.56702983379364 0.573430597782135 0.618859767913818 0.656859219074249 0.641699254512787 0.613465785980225 0.61098837852478 0.559273779392242 0.496964037418365 0.49380823969841 0.516589224338531 0.504452288150787 0.492417633533478 0.510835766792297 0.485507130622864 0.47422581911087 0.471843302249908 0.452435582876205 0.423061698675156 0.432788789272308 0.459762722253799 0.476545065641403 0.510157644748688 0.535183846950531 0.567473292350769 0.57473748922348 0.563004791736603 0.559397637844086 0.558797180652618 0.553773105144501 0.52020800113678 0.454967170953751 0.39792811870575 0.378873884677887 0.365121692419052 0.364371210336685 0.359792530536652 0.374302297830582 0.412345170974731 0.419405817985535
0.379555344581604 0.408076554536819 0.47974020242691 0.551789283752441 0.580958843231201 0.570437967777252 0.578541040420532 0.628320455551147 0.665682196617126 0.635942995548248 0.585873901844025 0.569895923137665 0.517052710056305 0.488671511411667 0.50972843170166 0.525816380977631 0.498372346162796 0.482828766107559 0.511306583881378 0.485382258892059 0.457091182470322 0.452603727579117 0.430122405290604 0.39544677734375 0.412836939096451 0.466962099075317 0.487742215394974 0.533652424812317 0.568477869033813 0.569655418395996 0.571015238761902 0.550240218639374 0.541307628154755 0.546442329883575 0.559495329856873 0.546694874763489 0.480222940444946 0.414384454488754 0.387022435665131 0.375245720148087 0.370572417974472 0.360495895147324 0.382539212703705 0.431762456893921 0.44495415687561
0.403838992118835 0.460628151893616 0.523584604263306 0.582976460456848 0.602636575698853 0.58929455280304 0.602734327316284 0.639672994613647 0.658054709434509 0.620256304740906 0.547660529613495 0.509124636650085 0.480242222547531 0.492856472730637 0.525414884090424 0.515875935554504 0.47361895442009 0.449532121419907 0.441462308168411 0.433025062084198 0.440896272659302 0.430806964635849 0.406725168228149 0.378839313983917 0.390794605016708 0.438953191041946 0.477061748504639 0.514851033687592 0.559254825115204 0.574110329151154 0.578668594360352 0.550620675086975 0.552291214466095 0.561147153377533 0.543378531932831 0.541902899742126 0.49836328625679 0.433937042951584 0.410432994365692 0.405383706092834 0.388287127017975 0.366225987672806 0.372332632541656 0.414600223302841 0.447557359933853
0.444334357976913 0.513674139976501 0.56434828042984 0.605274438858032 0.621154248714447 0.618911802768707 0.6275315284729 0.640249252319336 0.635218620300293 0.59558641910553 0.515988945960999 0.465005069971085 0.46889916062355 0.502186834812164 0.519724011421204 0.47688290476799 0.419089555740356 0.390079081058502 0.359386920928955 0.358908355236053 0.375015944242477 0.364288091659546 0.353149086236954 0.342523455619812 0.377303510904312 0.432393401861191 0.470300197601318 0.508028447628021 0.559678316116333 0.575746834278107 0.569548189640045 0.548041582107544 0.53672057390213 0.547186195850372 0.528818309307098 0.521300494670868 0.500251591205597 0.461884886026382 0.4459008872509 0.43721929192543 0.408304572105408 0.376003205776215 0.365334808826447 0.386642277240753 0.435788840055466
0.492838591337204 0.555178940296173 0.59514057636261 0.609669089317322 0.628652572631836 0.633796691894531 0.631572425365448 0.613201081752777 0.586862623691559 0.563921809196472 0.500430107116699 0.451675355434418 0.479429304599762 0.511750280857086 0.500925242900848 0.445247799158096 0.378697127103806 0.355921477079391 0.324240416288376 0.303902268409729 0.304599046707153 0.301672905683517 0.311420112848282 0.341215401887894 0.368308037519455 0.403432011604309 0.449379861354828 0.520584464073181 0.578433871269226 0.592616677284241 0.574608206748962 0.539859294891357 0.498144924640656 0.527608633041382 0.533368349075317 0.503548681735992 0.502308547496796 0.503359436988831 0.486144959926605 0.450434237718582 0.405167192220688 0.381079822778702 0.382674127817154 0.394942194223404 0.432272642850876
0.54526948928833 0.578467190265656 0.599087715148926 0.604074478149414 0.625856339931488 0.637947916984558 0.614445745944977 0.575743675231934 0.545477390289307 0.539121866226196 0.503937244415283 0.469109326601028 0.5053950548172 0.530785322189331 0.486771374940872 0.427299529314041 0.382551640272141 0.359793663024902 0.335243314504623 0.309164583683014 0.281827181577682 0.279779046773911 0.298478990793228 0.32353475689888 0.32748556137085 0.337794452905655 0.384838819503784 0.468199461698532 0.546170830726624 0.570933997631073 0.57713109254837 0.540085077285767 0.498509883880615 0.517105579376221 0.519210398197174 0.499637216329575 0.511519312858582 0.519255757331848 0.504692375659943 0.483768820762634 0.453715652227402 0.428474456071854 0.430006980895996 0.428926706314087 0.434434801340103
0.566167056560516 0.584955513477325 0.603356897830963 0.605317890644073 0.619642376899719 0.630369305610657 0.607310652732849 0.559383928775787 0.515062928199768 0.520894587039948 0.521903812885284 0.4970663189888 0.533851683139801 0.541766941547394 0.487128764390945 0.432291388511658 0.400459319353104 0.380342781543732 0.346539318561554 0.336398094892502 0.301221907138824 0.266581982374191 0.270258247852325 0.277269154787064 0.293261498212814 0.308890581130981 0.342473596334457 0.394013643264771 0.464242905378342 0.519136786460876 0.557342410087585 0.556391894817352 0.538439571857452 0.531364738941193 0.503068506717682 0.501163423061371 0.521364092826843 0.521151721477509 0.509335160255432 0.514178872108459 0.499776363372803 0.466497898101807 0.443038403987885 0.417850852012634 0.41577684879303
0.57560271024704 0.598594605922699 0.621952593326569 0.644047439098358 0.650867462158203 0.633489191532135 0.587399542331696 0.542946338653564 0.489182889461517 0.51150643825531 0.525252759456635 0.515933454036713 0.560633480548859 0.540436387062073 0.47710058093071 0.433282464742661 0.409741818904877 0.401755601167679 0.369108200073242 0.348125070333481 0.306982457637787 0.258498728275299 0.250976830720901 0.24496029317379 0.256258219480515 0.289458900690079 0.315879911184311 0.344246327877045 0.386776328086853 0.457060754299164 0.532483279705048 0.563512861728668 0.578092098236084 0.555863201618195 0.515053987503052 0.507338762283325 0.538628756999969 0.55979061126709 0.555070996284485 0.546120762825012 0.509625852108002 0.466417700052261 0.454301804304123 0.433157712221146 0.416680186986923
0.603010237216949 0.626791059970856 0.645434021949768 0.667288780212402 0.662758588790894 0.621135115623474 0.529163420200348 0.483490258455276 0.492947518825531 0.505589604377747 0.514570474624634 0.537155151367188 0.563534200191498 0.517330467700958 0.459168553352356 0.428815126419067 0.411098629236221 0.403394728899002 0.37844318151474 0.341347426176071 0.305147469043732 0.272689759731293 0.247313380241394 0.24068209528923 0.243447199463844 0.260800033807755 0.285867303609848 0.314258635044098 0.344170808792114 0.398786872625351 0.467449933290482 0.535276770591736 0.585189759731293 0.584959268569946 0.551507174968719 0.522036075592041 0.542636334896088 0.58973890542984 0.594894230365753 0.582810342311859 0.534874379634857 0.504519820213318 0.50695812702179 0.475751578807831 0.431085497140884
0.637426018714905 0.646939754486084 0.646625816822052 0.643654406070709 0.611281275749207 0.547197639942169 0.461399674415588 0.450281083583832 0.506353139877319 0.499510556459427 0.513136863708496 0.585066378116608 0.597017765045166 0.522932946681976 0.443500161170959 0.403786569833755 0.392378330230713 0.389907002449036 0.366490632295609 0.333200812339783 0.289061456918716 0.257940500974655 0.250541687011719 0.248058632016182 0.243379414081573 0.246973127126694 0.262041211128235 0.282053232192993 0.307320445775986 0.340408712625504 0.390081644058228 0.478499352931976 0.560190379619598 0.629969954490662 0.632174015045166 0.590415179729462 0.561522603034973 0.568802297115326 0.577373147010803 0.575092196464539 0.556680023670197 0.570109665393829 0.55951052904129 0.51153689622879 0.470128655433655
0.65455824136734 0.641155302524567 0.616302490234375 0.59637176990509 0.545019745826721 0.472613573074341 0.435316324234009 0.45964252948761 0.497425734996796 0.495867371559143 0.506915688514709 0.588994562625885 0.599263370037079 0.505878865718842 0.419070065021515 0.387283176183701 0.384878247976303 0.380307704210281 0.348783105611801 0.318106025457382 0.274848282337189 0.240666702389717 0.25240421295166 0.268808871507645 0.25781387090683 0.25168976187706 0.251251310110092 0.255164414644241 0.287436664104462 0.320248782634735 0.339993119239807 0.404060393571854 0.508450567722321 0.604215800762177 0.654178023338318 0.631813108921051 0.580661058425903 0.550109446048737 0.555342853069305 0.583331525325775 0.603738844394684 0.621724426746368 0.596606969833374 0.54596072435379 0.514004766941071
0.65453839302063 0.625912487506866 0.569745898246765 0.530065715312958 0.499304324388504 0.465790987014771 0.460441887378693 0.484550356864929 0.490407586097717 0.479337215423584 0.486871719360352 0.546046435832977 0.545757830142975 0.469825774431229 0.41381374001503 0.41366520524025 0.413215339183807 0.401300549507141 0.362321406602859 0.335423052310944 0.298573940992355 0.264261513948441 0.277471721172333 0.307167172431946 0.309309244155884 0.302699208259583 0.289315283298492 0.277324616909027 0.302826255559921 0.339359819889069 0.356455117464066 0.389150053262711 0.466814368963242 0.555775940418243 0.610272884368896 0.631318092346191 0.605968415737152 0.561429500579834 0.545381546020508 0.594180524349213 0.628813862800598 0.634797692298889 0.616665363311768 0.579392910003662 0.545190632343292
0.645575761795044 0.602352619171143 0.525117039680481 0.490821868181229 0.486180007457733 0.48442417383194 0.497906088829041 0.513465940952301 0.491031914949417 0.464314132928848 0.470613598823547 0.516218841075897 0.525178194046021 0.483529299497604 0.461537420749664 0.475735306739807 0.462616503238678 0.425388723611832 0.388064533472061 0.363909006118774 0.327955067157745 0.309598654508591 0.311152935028076 0.323339432477951 0.343790024518967 0.362536370754242 0.346591949462891 0.318928748369217 0.312877237796783 0.328174084424973 0.336870491504669 0.362288624048233 0.427804738283157 0.497090607881546 0.57382994890213 0.643968343734741 0.659137070178986 0.625266373157501 0.584947526454926 0.586243033409119 0.620290875434875 0.645023584365845 0.641612112522125 0.61297070980072 0.572673738002777
0.623592138290405 0.581004202365875 0.520110964775085 0.487392663955688 0.495179563760757 0.508780658245087 0.532069265842438 0.545067429542542 0.512519598007202 0.47591233253479 0.457170724868774 0.478644758462906 0.507275462150574 0.524057269096375 0.532322406768799 0.526397347450256 0.504338324069977 0.48211458325386 0.448336869478226 0.404142111539841 0.34787929058075 0.334485441446304 0.337294846773148 0.358164101839066 0.380708426237106 0.393659979104996 0.361255168914795 0.314634412527084 0.295919090509415 0.312872797250748 0.326480001211166 0.330038398504257 0.368780940771103 0.424539387226105 0.494403481483459 0.581901550292969 0.659644484519958 0.666266322135925 0.646387875080109 0.645480871200562 0.658055782318115 0.66875821352005 0.662081718444824 0.636525750160217 0.591571509838104
0.590368151664734 0.573712825775146 0.532643377780914 0.506872832775116 0.524199068546295 0.551228940486908 0.565364718437195 0.573438405990601 0.546364665031433 0.497797667980194 0.446013420820236 0.437418460845947 0.489116698503494 0.553376376628876 0.581282317638397 0.57778012752533 0.566789984703064 0.561888098716736 0.524049818515778 0.453931599855423 0.397865861654282 0.389348268508911 0.371993869543076 0.395065903663635 0.422328889369965 0.416585654020309 0.385664790868759 0.333536773920059 0.296486109495163 0.30492091178894 0.3429054915905 0.357116341590881 0.367435187101364 0.382509171962738 0.431633144617081 0.517163157463074 0.599234402179718 0.644308865070343 0.662217915058136 0.686435759067535 0.682594060897827 0.682435989379883 0.672893941402435 0.64579313993454 0.612899839878082
0.574630975723267 0.566602885723114 0.54041999578476 0.525926947593689 0.559400856494904 0.597020626068115 0.597551941871643 0.590924680233002 0.569018125534058 0.523499250411987 0.460805267095566 0.430735558271408 0.474149286746979 0.549543678760529 0.593660175800323 0.61559921503067 0.622234761714935 0.62114018201828 0.581257522106171 0.520995080471039 0.496180862188339 0.468792676925659 0.400195717811584 0.40379536151886 0.429144889116287 0.427343130111694 0.421225696802139 0.372842699289322 0.309941351413727 0.275482803583145 0.293715834617615 0.330873996019363 0.372066587209702 0.394937247037888 0.439126133918762 0.493248730897903 0.565513491630554 0.6353360414505 0.669991195201874 0.688234746456146 0.683330476284027 0.684207379817963 0.666177868843079 0.641667366027832 0.62758606672287
0.563481271266937 0.554076075553894 0.525277197360992 0.524056971073151 0.577465295791626 0.621245741844177 0.613534271717072 0.586723804473877 0.573436498641968 0.539517462253571 0.485530823469162 0.439917296171188 0.460043549537659 0.531971633434296 0.579570353031158 0.616050660610199 0.645562469959259 0.654789984226227 0.628371715545654 0.614644885063171 0.597025096416473 0.523922920227051 0.43301784992218 0.415438562631607 0.432590246200562 0.445147007703781 0.444373488426208 0.393670827150345 0.315639793872833 0.282467395067215 0.279222041368484 0.303775399923325 0.366638243198395 0.410898059606552 0.449330508708954 0.486063688993454 0.557923436164856 0.630510568618774 0.652303218841553 0.675253570079803 0.693096816539764 0.698062360286713 0.66862827539444 0.649413466453552 0.639944911003113
0.51154899597168 0.505414485931396 0.521007835865021 0.539242088794708 0.57886153459549 0.612558841705322 0.593037605285645 0.559507369995117 0.561691462993622 0.540481567382812 0.512616753578186 0.484259963035583 0.477200627326965 0.512217283248901 0.55680251121521 0.601255893707275 0.641047894954681 0.663291215896606 0.658823192119598 0.664024114608765 0.646338999271393 0.564205527305603 0.472076207399368 0.445864826440811 0.455422282218933 0.466763496398926 0.450573563575745 0.396577894687653 0.325879871845245 0.282929837703705 0.279999613761902 0.301913470029831 0.347200334072113 0.406009137630463 0.448700487613678 0.469584137201309 0.543725073337555 0.613083600997925 0.635964751243591 0.654515326023102 0.674535989761353 0.685507416725159 0.666580498218536 0.663321197032928 0.661870539188385
