data/trimmed_ndre/Aes_ndre.725.2014_no_clouds.asc
NCOLS 109 
NROWS 101 
XLLCORNER 466110 
YLLCORNER 5182005 
CELLSIZE 5 
NODATA_value -3.4e+38 
[rows 20 to 39 of 101, columns 45 to 89 of 109]
-3.4e+38 -3.4e+38 -3.4e+38 -3.4e+38 -3.4e+38 -3.4e+38 -3.4e+38 -3.4e+38 0.170564606785774 0.178693324327469 0.182112708687782 0.178269892930984 0.177549973130226 0.176023572683334 0.164293378591537 0.156472265720367 0.158852383494377 0.159738913178444 0.158749788999557 0.15294474363327 0.142647698521614 0.133298695087433 0.141709238290787 0.146831199526787 0.15403838455677 0.178902849555016 0.179963394999504 0.189328387379646 0.198087573051453 0.175988912582397 0.159575030207634 0.161087423563004 0.17258508503437 0.176942214369774 0.172061443328857 0.168306514620781 0.163612306118011 0.161780118942261 0.148504450917244 0.13184554874897 0.131307780742645 0.14207760989666 -3.4e+38 -3.4e+38 -3.4e+38
-3.4e+38 -3.4e+38 -3.4e+38 -3.4e+38 -3.4e+38 -3.4e+38 -3.4e+38 0.171798527240753 0.170187026262283 0.180255740880966 0.18249985575676 0.174774318933487 0.165834873914719 0.160401582717896 0.149268105626106 0.148194774985313 0.156810209155083 0.159472346305847 0.154942154884338 0.151142150163651 0.142103716731071 0.132469937205315 0.134715646505356 0.130086705088615 0.150048926472664 0.178409427404404 0.177804201841354 0.192257165908813 0.198464035987854 0.188183903694153 0.180439293384552 0.183016836643219 0.182790860533714 0.175400868058205 0.169070526957512 0.17619751393795 0.1747957020998 0.165859773755074 0.159780129790306 0.145684361457825 0.144383028149605 0.152342423796654 0.152101159095764 -3.4e+38 -3.4e+38
-3.4e+38 -3.4e+38 -3.4e+38 -3.4e+38 -3.4e+38 0.179323121905327 0.181720986962318 0.178390100598335 0.175392389297485 0.176116764545441 0.17221774160862 0.166395395994186 0.159923642873764 0.153937518596649 0.145813137292862 0.152412176132202 0.16019307076931 0.158774524927139 0.152712136507034 0.153169512748718 0.151150718331337 0.143147855997086 0.138966232538223 0.131259024143219 0.154344543814659 0.178451791405678 0.177845150232315 0.182998776435852 0.182193636894226 0.182934701442719 0.187659904360771 0.194287598133087 0.192017674446106 0.179284021258354 0.171376913785934 0.173323065042496 0.166972503066063 0.153795957565308 0.143711373209953 0.139680489897728 0.143806025385857 0.156087577342987 0.158837825059891 -3.4e+38 -3.4e+38
-3.4e+38 -3.4e+38 0.150665014982224 0.15618172287941 0.159238308668137 0.162969514727592 0.167005136609077 0.176453173160553 0.175171077251434 0.162531822919846 0.155627876520157 0.162652522325516 0.16468933224678 0.156544655561447 0.151546880602837 0.16175089776516 0.164833903312683 0.158654019236565 0.151573553681374 0.152671083807945 0.158891692757607 0.15342578291893 0.143161684274673 0.140590205788612 0.162400856614113 0.175827816128731 0.177185624837875 0.181281358003616 0.179348215460777 0.188575103878975 0.191455021500587 0.183486461639404 0.183963224291801 0.177084669470787 0.175029203295708 0.175176665186882 0.159999072551727 0.142815619707108 0.132806345820427 0.131779924035072 0.131871044635773 0.145243182778358 0.158371582627296 0.160034403204918 -3.4e+38
0.162839591503143 0.155601337552071 0.15291266143322 0.158405512571335 0.1657704859972 0.158015236258507 0.156383857131004 0.164433658123016 0.167837768793106 0.157239302992821 0.151949316263199 0.161735221743584 0.165286272764206 0.15833854675293 0.156214728951454 0.164834558963776 0.16479417681694 0.157641813158989 0.148804053664207 0.150788366794586 0.160956040024757 0.156129091978073 0.147412464022636 0.152620747685432 0.167787402868271 0.169073477387428 0.175338923931122 0.182365328073502 0.182208195328712 0.188145115971565 0.187049627304077 0.17703852057457 0.174636647105217 0.168086498975754 0.17070797085762 0.166520118713379 0.149685859680176 0.140074536204338 0.135767310857773 0.139149338006973 0.145609974861145 0.1461321413517 0.150743216276169 0.163567423820496 -3.4e+38
0.148533686995506 0.160533964633942 0.169860854744911 0.176847666501999 0.188896507024765 0.171321794390678 0.158871322870255 0.163782745599747 0.163717150688171 0.15507085621357 0.151035472750664 0.155933544039726 0.158051922917366 0.152502506971359 0.154948756098747 0.161635592579842 0.161408692598343 0.157825455069542 0.150629669427872 0.149318262934685 0.156663030385971 0.157618001103401 0.155506625771523 0.162056520581245 0.169489368796349 0.164721563458443 0.173030257225037 0.178073182702065 0.175653874874115 0.175851374864578 0.179806873202324 0.180016234517097 0.173069298267365 0.166206941008568 0.169360086321831 0.161629050970078 0.148912459611893 0.142806872725487 0.137556806206703 0.141423940658569 0.14937350153923 0.147284522652626 0.15383768081665 0.170090943574905 0.175861567258835
0.141391813755035 0.164256915450096 0.178017184138298 0.185917764902115 0.185285702347755 0.165191859006882 0.157746031880379 0.155801728367805 0.150356516242027 0.146676555275917 0.153519734740257 0.163171052932739 0.163098528981209 0.152655526995659 0.148548632860184 0.154889270663261 0.1617251932621 0.159178882837296 0.152221873402596 0.150600403547287 0.156794935464859 0.164257079362869 0.165145039558411 0.173156544566154 0.176490277051926 0.17242231965065 0.179808974266052 0.175346702337265 0.167147949337959 0.166169136762619 0.168257087469101 0.177050933241844 0.171188816428185 0.160606414079666 0.162571370601654 0.155070215463638 0.148246347904205 0.151151329278946 0.157968029379845 0.162059217691422 0.170131504535675 0.174178063869476 0.172355651855469 0.169852197170258 0.166086465120316
0.159220293164253 0.165570452809334 0.160944953560829 0.166972264647484 0.167617365717888 0.153997883200645 0.150935038924217 0.148594364523888 0.144315674901009 0.141786098480225 0.150799944996834 0.159154951572418 0.162627443671227 0.155928283929825 0.14800301194191 0.152163043618202 0.167862042784691 0.175689235329628 0.168654963374138 0.160970494151115 0.160243645310402 0.16774508357048 0.173739343881607 0.178303986787796 0.174567371606827 0.177365407347679 0.186886146664619 0.177095040678978 0.170252397656441 0.172610014677048 0.17825636267662 0.189196690917015 0.181954964995384 0.170087456703186 0.162571623921394 0.14685645699501 0.143853515386581 0.158312499523163 0.175418227910995 0.179986417293549 0.18897907435894 0.197362795472145 0.193002864718437 0.176626771688461 0.160311639308929
0.181040063500404 0.165292173624039 0.151756063103676 0.15531325340271 0.154330462217331 0.147447779774666 0.149039566516876 0.154683664441109 0.153237015008926 0.150889232754707 0.151169672608376 0.152380585670471 0.160075500607491 0.165219888091087 0.165254160761833 0.167202278971672 0.169539615511894 0.17355777323246 0.169788360595703 0.160854026675224 0.163462787866592 0.173697233200073 0.180964753031731 0.176602765917778 0.164937034249306 0.179592102766037 0.18873006105423 0.172628626227379 0.164509996771812 0.171916052699089 0.184774413704872 0.193051561713219 0.188458248972893 0.187575548887253 0.180298298597336 0.16660949587822 0.164613887667656 0.171706423163414 0.183010473847389 0.187957391142845 0.188977733254433 0.20112943649292 0.197670146822929 0.176979809999466 0.159150570631027
0.164101108908653 0.153331264853477 0.149820744991302 0.1489437520504 0.148757487535477 0.14165124297142 0.141898408532143 0.149918854236603 0.141538545489311 0.144151121377945 0.151257783174515 0.15792615711689 0.167765274643898 0.171376332640648 0.169597953557968 0.168313235044479 0.164865344762802 0.168442502617836 0.165304109454155 0.164324685931206 0.178326576948166 0.181136816740036 0.176126971840858 0.173522382974625 0.176036447286606 0.19192473590374 0.197569787502289 0.176348656415939 0.167280644178391 0.18089534342289 0.185998767614365 0.183619290590286 0.182748064398766 0.195453211665154 0.197800874710083 0.188810706138611 0.183881714940071 0.180025726556778 0.183509692549706 0.188275307416916 0.183574363589287 0.188539370894432 0.200003638863564 0.186909645795822 0.163008183240891
0.138034537434578 0.148129686713219 0.150181844830513 0.14459553360939 0.148943856358528 0.139817863702774 0.138539835810661 0.144573643803596 0.135836720466614 0.145844325423241 0.154289349913597 0.156587705016136 0.161373093724251 0.16204309463501 0.162546291947365 0.163565382361412 0.170237153768539 0.184917196631432 0.186364695429802 0.182319596409798 0.187268152832985 0.186741709709167 0.178276628255844 0.176679864525795 0.185761243104935 0.190828785300255 0.199419394135475 0.191043376922607 0.1843451410532 0.194282174110413 0.189723536372185 0.188587725162506 0.193604439496994 0.197294890880585 0.200073972344398 0.193521171808243 0.185113906860352 0.180014103651047 0.173363417387009 0.168019384145737 0.165159896016121 0.172291144728661 0.198925495147705 0.199848026037216 0.176064699888229
0.138989329338074 0.155233234167099 0.150963976979256 0.146952822804451 0.153998732566833 0.146783664822578 0.145075634121895 0.149955973029137 0.154560029506683 0.163325905799866 0.165374934673309 0.159386456012726 0.153936237096786 0.153060525655746 0.160931527614594 0.166314795613289 0.172438874840736 0.183535605669022 0.18388931453228 0.187015905976295 0.193528532981873 0.197836473584175 0.189227283000946 0.181347206234932 0.178662344813347 0.183183699846268 0.195315420627594 0.194266363978386 0.190261155366898 0.197284236550331 0.200887009501457 0.210431769490242 0.202085629105568 0.187421023845673 0.194171160459518 0.191938757896423 0.188152998685837 0.181026056408882 0.161585360765457 0.154609337449074 0.160120695829391 0.171352073550224 0.188371554017067 0.182800635695457 0.166334196925163
0.158194899559021 0.164454445242882 0.146241813898087 0.143519625067711 0.151514485478401 0.151087731122971 0.152190551161766 0.161001563072205 0.164167955517769 0.164912432432175 0.170780122280121 0.169269353151321 0.161455884575844 0.163410857319832 0.17819732427597 0.185054123401642 0.190498933196068 0.190885603427887 0.185152813792229 0.183849439024925 0.20046803355217 0.206440106034279 0.199543371796608 0.206670835614204 0.201504215598106 0.190204709768295 0.190042123198509 0.193358719348907 0.196642816066742 0.204580172896385 0.212257966399193 0.216283187270164 0.196642845869064 0.181984513998032 0.187991663813591 0.182647094130516 0.173957362771034 0.166039809584618 0.158270075917244 0.16030490398407 0.154897674918175 0.158042520284653 0.169428482651711 0.169895172119141 0.163694798946381
0.154927626252174 0.150759026408195 0.136485919356346 0.142924919724464 0.145968094468117 0.147410944104195 0.153340503573418 0.158873558044434 0.159279614686966 0.164326086640358 0.180157974362373 0.187352880835533 0.18094302713871 0.179117634892464 0.187294885516167 0.188395440578461 0.190351650118828 0.196223020553589 0.194212898612022 0.181770846247673 0.195844501256943 0.204283565282822 0.197936967015266 0.205514341592789 0.211023613810539 0.198495030403137 0.192108944058418 0.206886470317841 0.211182743310928 0.217028021812439 0.215731978416443 0.207961276173592 0.19152843952179 0.189755916595459 0.188356071710587 0.172650501132011 0.159017667174339 0.152663215994835 0.157485082745552 0.155683353543282 0.140383169054985 0.151912465691566 0.174294516444206 0.176644638180733 0.167904287576675
0.149920612573624 0.146349772810936 0.150822222232819 0.157010436058044 0.149486869573593 0.156416147947311 0.162488624453545 0.157961308956146 0.157895848155022 0.162128835916519 0.183146804571152 0.200427711009979 0.201233625411987 0.198674574494362 0.192443281412125 0.185690879821777 0.184794336557388 0.193883076310158 0.203783556818962 0.202533185482025 0.202472642064095 0.194197297096252 0.189269870519638 0.189688041806221 0.201392292976379 0.217698901891708 0.22453585267067 0.233756482601166 0.240983337163925 0.237707063555717 0.220763564109802 0.201173290610313 0.187426775693893 0.192509040236473 0.184969142079353 0.16301965713501 0.154715925455093 0.143167674541473 0.145666942000389 0.147788420319557 0.137399062514305 0.157855957746506 0.181404083967209 0.176127225160599 0.166712075471878
0.156688570976257 0.159797623753548 0.167079403996468 0.162599757313728 0.150317534804344 0.160314694046974 0.169444024562836 0.164802953600883 0.167107611894608 0.163335934281349 0.174459487199783 0.192439034581184 0.196934625506401 0.198972314596176 0.194481194019318 0.189533114433289 0.191356852650642 0.198427930474281 0.202604487538338 0.203999102115631 0.204209849238396 0.20046092569828 0.209152266383171 0.221987992525101 0.228979513049126 0.242288276553154 0.256434977054596 0.267381727695465 0.270825833082199 0.258372753858566 0.238174840807915 0.20863638818264 0.191921010613441 0.19234724342823 0.176872879266739 0.158729508519173 0.147342890501022 0.138300642371178 0.140596941113472 0.137206062674522 0.127889394760132 0.145285487174988 0.161340415477753 0.17112147808075 0.171082109212875
0.167285442352295 0.16038852930069 0.161661639809608 0.163408324122429 0.161920174956322 0.167841106653214 0.171637535095215 0.163944408297539 0.171624109148979 0.196617469191551 0.188527315855026 0.182820424437523 0.188526049256325 0.199847415089607 0.20605157315731 0.213394924998283 0.221908763051033 0.223352536559105 0.221865057945251 0.213867276906967 0.218939214944839 0.234861880540848 0.23895999789238 0.237980961799622 0.243650883436203 0.256772041320801 0.262449502944946 0.278833597898483 0.287083953619003 0.275560826063156 0.259731471538544 0.229340091347694 0.204780340194702 0.19229756295681 0.172474056482315 0.16010969877243 0.149782046675682 0.139591559767723 0.131466537714005 0.138805627822876 0.140678003430367 0.145693957805634 0.137095257639885 0.1430374532938 0.16433972120285
0.164188414812088 0.16395391523838 0.167230904102325 0.167982593178749 0.168171033263206 0.167435675859451 0.161848738789558 0.148189052939415 0.163387954235077 0.193750083446503 0.173716530203819 0.173990994691849 0.179690405726433 0.198111712932587 0.217558026313782 0.210806503891945 0.228943824768066 0.246201053261757 0.242183491587639 0.235944017767906 0.233007296919823 0.246800452470779 0.252651691436768 0.239427760243416 0.238285139203072 0.246961027383804 0.241295963525772 0.258435636758804 0.277679622173309 0.276763617992401 0.262615472078323 0.238527491688728 0.215562954545021 0.193999782204628 0.172359675168991 0.168433383107185 0.156315356492996 0.137103363871574 0.125628456473351 0.142724096775055 0.145796030759811 0.134153574705124 0.130521833896637 0.129069775342941 0.149019315838814
0.146246954798698 0.152677163481712 0.1609917730093 0.164223402738571 0.164290964603424 0.160413920879364 0.156909480690956 0.160517066717148 0.161941632628441 0.168250024318695 0.165530204772949 0.178782686591148 0.180659085512161 0.200439587235451 0.224063187837601 0.199469670653343 0.225211158394814 0.246115654706955 0.243904292583466 0.252897441387177 0.241809442639351 0.239041864871979 0.241387441754341 0.229842081665993 0.222423374652863 0.231578797101974 0.235224261879921 0.230688542127609 0.247795775532722 0.257464200258255 0.247736364603043 0.234621718525887 0.224743023514748 0.197957962751389 0.177478730678558 0.176549047231674 0.159768909215927 0.140609622001648 0.135858312249184 0.140827208757401 0.143468126654625 0.143189862370491 0.153060153126717 0.158743366599083 0.163562655448914
0.145116463303566 0.151691064238548 0.162478342652321 0.169475317001343 0.17667393386364 0.168450176715851 0.168787524104118 0.185419753193855 0.172966882586479 0.182387754321098 0.193139120936394 0.193402215838432 0.191324666142464 0.209996104240417 0.238319337368011 0.238448679447174 0.258643925189972 0.268111944198608 0.260771989822388 0.254371374845505 0.229351535439491 0.228383585810661 0.229940488934517 0.22275285422802 0.219029635190964 0.211063742637634 0.209643796086311 0.208553314208984 0.228357657790184 0.237832173705101 0.238877519965172 0.235406756401062 0.231554538011551 0.200568839907646 0.183531433343887 0.183090522885323 0.173573106527328 0.151323184370995 0.140038356184959 0.141852885484695 0.14419162273407 0.150339394807816 0.149021312594414 0.155527845025063 0.169146344065666
