data/trimmed_ndre/Aes_ndre.713.2012_no_clouds.asc
NCOLS 109 
NROWS 101 
XLLCORNER 466110 
YLLCORNER 5182005 
CELLSIZE 5 
NODATA_value -3.4e+38 
[rows 40 to 59 of 101, columns 45 to 89 of 109]
0.276742488145828 0.278737813234329 0.277815580368042 0.284353703260422 0.29625216126442 0.311370462179184 0.321272611618042 0.326031088829041 0.342009574174881 0.361918359994888 0.366225302219391 0.386036932468414 0.390696585178375 0.368509978055954 0.363391906023026 0.394749194383621 0.400796860456467 0.398585498332977 0.38862618803978 0.386692583560944 0.392917364835739 0.395033985376358 0.392001628875732 0.398497879505157 0.407256871461868 0.394561618566513 0.368016213178635 0.359936118125916 0.374566942453384 0.370951920747757 0.362022459506989 0.378233671188354 0.389866769313812 0.390144109725952 0.367709010839462 0.341839879751205 0.318817406892776 0.308359563350677 0.303163111209869 0.316086411476135 0.330223172903061 0.328907787799835 0.359170079231262 0.375216782093048 0.353825032711029
0.281292825937271 0.291535705327988 0.29571732878685 0.303679347038269 0.313648462295532 0.332747370004654 0.350866407155991 0.352732688188553 0.348788321018219 0.379304826259613 0.387581825256348 0.373348623514175 0.367051154375076 0.365534067153931 0.371330678462982 0.398218095302582 0.392604321241379 0.390028208494186 0.392764657735825 0.393563777208328 0.399895459413528 0.391403615474701 0.387164175510406 0.396727234125137 0.404205411672592 0.382786512374878 0.350191414356232 0.347116857767105 0.373689591884613 0.378425598144531 0.358389258384705 0.364147156476974 0.363384425640106 0.371507495641708 0.375287055969238 0.356129109859467 0.32086780667305 0.310695141553879 0.322237372398376 0.32681530714035 0.322757393121719 0.336491227149963 0.374895960092545 0.373976916074753 0.346603780984879
0.302215546369553 0.299942195415497 0.307906776666641 0.319742321968079 0.329984039068222 0.3334059715271 0.340966045856476 0.356949061155319 0.367932200431824 0.382032215595245 0.379933059215546 0.36048212647438 0.361337900161743 0.389155983924866 0.372048854827881 0.363311260938644 0.377111852169037 0.376140892505646 0.38375848531723 0.392343878746033 0.395083039999008 0.377112150192261 0.365345299243927 0.374961078166962 0.385147094726562 0.367942214012146 0.354827493429184 0.357028633356094 0.365971386432648 0.366692930459976 0.359197676181793 0.351398110389709 0.343522250652313 0.34906068444252 0.365557283163071 0.363449275493622 0.332768678665161 0.315812945365906 0.316166520118713 0.318495035171509 0.316401481628418 0.329052150249481 0.361361682415009 0.370387375354767 0.356942534446716
0.315174251794815 0.301530361175537 0.304630041122437 0.326549530029297 0.328336596488953 0.323773831129074 0.328831702470779 0.366128146648407 0.379763901233673 0.354561686515808 0.365400522947311 0.375681132078171 0.383430182933807 0.395324200391769 0.371719509363174 0.354401648044586 0.363465577363968 0.359131127595901 0.368394315242767 0.385068416595459 0.382769614458084 0.357185572385788 0.345908731222153 0.359981536865234 0.377630114555359 0.37135773897171 0.374809861183167 0.367367208003998 0.353856772184372 0.351531654596329 0.367611974477768 0.367306441068649 0.346925497055054 0.349765479564667 0.366602331399918 0.368775099515915 0.346721559762955 0.339199423789978 0.321259915828705 0.311243563890457 0.316389352083206 0.323028236627579 0.350435584783554 0.381576329469681 0.387803137302399
0.307398915290833 0.305004626512527 0.297082424163818 0.319297224283218 0.32877916097641 0.330942124128342 0.342350751161575 0.361756026744843 0.366063833236694 0.34667956829071 0.367257177829742 0.388695478439331 0.388959854841232 0.385273456573486 0.390533357858658 0.360466450452805 0.349936783313751 0.356359243392944 0.358697861433029 0.363596379756927 0.355753809213638 0.339968383312225 0.343995302915573 0.366418927907944 0.387569755315781 0.381875783205032 0.382017135620117 0.378620058298111 0.364214718341827 0.362816542387009 0.38659143447876 0.392993360757828 0.3731749355793 0.365210056304932 0.369522541761398 0.364500313997269 0.352052688598633 0.347770243883133 0.338689774274826 0.329913258552551 0.331349939107895 0.331401854753494 0.345703691244125 0.362708121538162 0.370725035667419
0.315175771713257 0.317304521799088 0.311728417873383 0.320964992046356 0.328963279724121 0.335889488458633 0.356753706932068 0.366644144058228 0.38992765545845 0.383574515581131 0.363057434558868 0.369991898536682 0.388929218053818 0.391066253185272 0.39452999830246 0.368701905012131 0.352388709783554 0.353290528059006 0.342188060283661 0.333197385072708 0.322725892066956 0.327100574970245 0.350723475217819 0.372840762138367 0.384788334369659 0.38069161772728 0.384051710367203 0.391815721988678 0.382459104061127 0.372028648853302 0.381015837192535 0.377566605806351 0.370269119739532 0.367601871490479 0.373657196760178 0.365272492170334 0.369838774204254 0.37119334936142 0.348644942045212 0.332476317882538 0.331409215927124 0.342635184526443 0.354431718587875 0.35951840877533 0.356102555990219
0.330284953117371 0.329534500837326 0.328165501356125 0.334885507822037 0.336989969015121 0.332366287708282 0.359695792198181 0.391019731760025 0.401893079280853 0.394420146942139 0.374835103750229 0.372315019369125 0.397830873727798 0.377667278051376 0.363244771957397 0.371013045310974 0.354508072137833 0.334456294775009 0.325282722711563 0.321918189525604 0.307288885116577 0.311232417821884 0.336254984140396 0.351499229669571 0.354619473218918 0.365239024162292 0.380258351564407 0.388648450374603 0.387288898229599 0.378382503986359 0.368215501308441 0.356456875801086 0.357753902673721 0.366991430521011 0.370767444372177 0.366629064083099 0.382946610450745 0.373866409063339 0.3336101770401 0.31680828332901 0.319539964199066 0.343849241733551 0.361794203519821 0.367187470197678 0.359997391700745
0.328034490346909 0.322797328233719 0.339655786752701 0.353446751832962 0.35396808385849 0.340957820415497 0.362968325614929 0.408542156219482 0.425738960504532 0.416794508695602 0.401150792837143 0.382375448942184 0.377313017845154 0.360823482275009 0.349018335342407 0.365237653255463 0.371020138263702 0.344157725572586 0.327145457267761 0.320102274417877 0.30376261472702 0.296536713838577 0.308125287294388 0.322068244218826 0.320800572633743 0.346755713224411 0.371217340230942 0.369594544172287 0.369787454605103 0.386036932468414 0.389300107955933 0.374943912029266 0.370328575372696 0.37323185801506 0.367907285690308 0.357450664043427 0.371408700942993 0.370584785938263 0.34647074341774 0.342820852994919 0.344251960515976 0.360646903514862 0.371791660785675 0.371219336986542 0.368184417486191
0.321318358182907 0.325954228639603 0.347273409366608 0.362917423248291 0.370940268039703 0.36819988489151 0.38371142745018 0.422265321016312 0.444760620594025 0.43059703707695 0.406644552946091 0.388659566640854 0.375689566135406 0.356591761112213 0.333073973655701 0.348121047019958 0.368520766496658 0.34685230255127 0.330147206783295 0.309587180614471 0.300355941057205 0.313721984624863 0.321492791175842 0.307454198598862 0.302575618028641 0.329233169555664 0.353129148483276 0.353459924459457 0.349931180477142 0.384280562400818 0.401403337717056 0.398265361785889 0.387133926153183 0.380634754896164 0.37115278840065 0.357356786727905 0.359160780906677 0.384571403264999 0.395124346017838 0.39196851849556 0.389602810144424 0.381617307662964 0.369745582342148 0.362919718027115 0.363019466400146
0.338568657636642 0.342105209827423 0.352973788976669 0.362259417772293 0.37996718287468 0.397457897663116 0.413532197475433 0.431822776794434 0.440343946218491 0.419990599155426 0.390979707241058 0.383868396282196 0.383246958255768 0.360655844211578 0.325624287128448 0.325040429830551 0.334447175264359 0.324767142534256 0.327990561723709 0.318014442920685 0.314791738986969 0.331705152988434 0.337397575378418 0.303670585155487 0.281737118959427 0.301613211631775 0.313207775354385 0.320299208164215 0.334874004125595 0.362007677555084 0.35222727060318 0.361861437559128 0.382476150989532 0.387173563241959 0.375882536172867 0.373942106962204 0.376907795667648 0.382931351661682 0.394733309745789 0.39671066403389 0.393594413995743 0.380372941493988 0.363375902175903 0.355973243713379 0.355302691459656
0.355855703353882 0.351735323667526 0.361083179712296 0.370424449443817 0.393107622861862 0.415668666362762 0.428201079368591 0.43119290471077 0.42535138130188 0.403306633234024 0.378942757844925 0.37784269452095 0.385068207979202 0.360884338617325 0.33146733045578 0.328134298324585 0.32269150018692 0.320611923933029 0.328429967164993 0.332094609737396 0.323523759841919 0.318022787570953 0.314401537179947 0.286020040512085 0.273206830024719 0.283184379339218 0.28483572602272 0.296338468790054 0.323843866586685 0.341318935155869 0.332785576581955 0.345338076353073 0.366373896598816 0.376045852899551 0.36804211139679 0.387537837028503 0.393177926540375 0.375736445188522 0.380571365356445 0.380254656076431 0.374182432889938 0.372290313243866 0.363279700279236 0.362520545721054 0.353275328874588
0.350335538387299 0.356430947780609 0.376777470111847 0.3930524289608 0.409866601228714 0.418966352939606 0.423903346061707 0.421137690544128 0.412921160459518 0.404221326112747 0.386560916900635 0.375033676624298 0.366681545972824 0.343402475118637 0.334855854511261 0.338735401630402 0.340656220912933 0.327692359685898 0.321134954690933 0.329075485467911 0.313270717859268 0.29241555929184 0.28614005446434 0.28558737039566 0.278142690658569 0.278918445110321 0.278489857912064 0.27916356921196 0.292151987552643 0.317175716161728 0.335325866937637 0.35335037112236 0.368595361709595 0.373960047960281 0.374116659164429 0.382189154624939 0.389779388904572 0.391323089599609 0.403060615062714 0.417190670967102 0.412452071905136 0.387204319238663 0.365025281906128 0.35839432477951 0.351598173379898
0.349357753992081 0.361107170581818 0.385493457317352 0.413172990083694 0.424481630325317 0.418590128421783 0.409193247556686 0.408000260591507 0.413323074579239 0.418195009231567 0.405894637107849 0.373587250709534 0.341252207756042 0.321558088064194 0.326455801725388 0.341105610132217 0.353758186101913 0.326537609100342 0.31263068318367 0.321658372879028 0.313178837299347 0.288722991943359 0.288155317306519 0.300239592790604 0.286865532398224 0.29927983880043 0.309586346149445 0.296496003866196 0.289495021104813 0.308284938335419 0.328005194664001 0.335776716470718 0.352488607168198 0.360007524490356 0.371392726898193 0.374630481004715 0.381790578365326 0.387640774250031 0.388734519481659 0.399633884429932 0.416442602872849 0.404632300138474 0.368384778499603 0.340044558048248 0.330724328756332
0.35754182934761 0.369818419218063 0.388121336698532 0.418268412351608 0.427378922700882 0.413659274578094 0.400752127170563 0.407043367624283 0.419388473033905 0.416885763406754 0.407394051551819 0.380094259977341 0.347699612379074 0.337744265794754 0.333466172218323 0.343153089284897 0.351625323295593 0.326583653688431 0.325181752443314 0.334928035736084 0.327279299497604 0.302534133195877 0.304511785507202 0.314686179161072 0.308679848909378 0.317400693893433 0.334104746580124 0.323463380336761 0.30608081817627 0.315157175064087 0.317913204431534 0.32550385594368 0.336092382669449 0.34724286198616 0.371948957443237 0.393502742052078 0.392846167087555 0.393654227256775 0.383083790540695 0.378244191408157 0.39923483133316 0.411565661430359 0.388740092515945 0.358987748622894 0.342199325561523
0.368060052394867 0.374377578496933 0.386169254779816 0.399761468172073 0.40468892455101 0.40669110417366 0.40557399392128 0.410453468561172 0.419129610061646 0.412176549434662 0.404687374830246 0.402906149625778 0.390942960977554 0.383018672466278 0.370258867740631 0.363437503576279 0.36309888958931 0.348132133483887 0.352448552846909 0.354387432336807 0.337126493453979 0.310800492763519 0.312670201063156 0.318662583827972 0.310519069433212 0.306530505418777 0.320192873477936 0.319362431764603 0.308459997177124 0.31219494342804 0.297157466411591 0.305007189512253 0.321932882070541 0.331871807575226 0.354290872812271 0.37831974029541 0.387678325176239 0.392714023590088 0.382501274347305 0.376346468925476 0.393866121768951 0.409577548503876 0.402701646089554 0.380270421504974 0.371790796518326
0.373281747102737 0.382098436355591 0.395482659339905 0.413996696472168 0.408408552408218 0.403355866670609 0.406219303607941 0.413018763065338 0.424169450998306 0.418397396802902 0.413976013660431 0.419102042913437 0.430305451154709 0.427294969558716 0.412038415670395 0.404776096343994 0.396963328123093 0.386892020702362 0.378012508153915 0.364284813404083 0.336457163095474 0.313864886760712 0.315586715936661 0.304797023534775 0.295983463525772 0.297277927398682 0.305703848600388 0.313484579324722 0.322730958461761 0.316936314105988 0.291353970766068 0.293931782245636 0.312863945960999 0.32819989323616 0.344253599643707 0.369989603757858 0.38323774933815 0.377242565155029 0.367630451917648 0.364571154117584 0.384160548448563 0.399513691663742 0.398149043321609 0.387991577386856 0.380218356847763
0.357822060585022 0.358720898628235 0.376715183258057 0.399289846420288 0.391330361366272 0.389865279197693 0.391441971063614 0.404240250587463 0.423285573720932 0.410579741001129 0.407596230506897 0.421084433794022 0.439846366643906 0.437800675630569 0.429645776748657 0.432233870029449 0.430008947849274 0.413731008768082 0.390422970056534 0.375930100679398 0.360207110643387 0.328498005867004 0.308872073888779 0.298161685466766 0.302986323833466 0.310808598995209 0.31511464715004 0.326800286769867 0.350208908319473 0.341984361410141 0.312682926654816 0.305797785520554 0.313718289136887 0.334243029356003 0.349238604307175 0.37057301402092 0.381196022033691 0.374344736337662 0.362346321344376 0.364819228649139 0.38748100399971 0.397617906332016 0.392541766166687 0.388980358839035 0.389153212308884
0.349141418933868 0.362946748733521 0.364388287067413 0.363448113203049 0.369365036487579 0.382470697164536 0.383032888174057 0.385884046554565 0.400769472122192 0.37753614783287 0.395649015903473 0.43991431593895 0.453163176774979 0.439595907926559 0.427421897649765 0.433930158615112 0.444978266954422 0.430256307125092 0.40738770365715 0.406151711940765 0.403667807579041 0.34695103764534 0.311003893613815 0.312669575214386 0.310492724180222 0.315465569496155 0.318554103374481 0.331101536750793 0.356067657470703 0.355006158351898 0.335948139429092 0.327999860048294 0.332575261592865 0.342600733041763 0.353404521942139 0.366151541471481 0.378441751003265 0.382254093885422 0.376051396131516 0.37862890958786 0.396658182144165 0.401077210903168 0.393345922231674 0.392214953899384 0.393436640501022
0.354839652776718 0.372428178787231 0.363960027694702 0.360774010419846 0.372783482074738 0.385442316532135 0.378742396831512 0.378473699092865 0.384479820728302 0.375456660985947 0.410986870527267 0.449236214160919 0.460159182548523 0.46542826294899 0.440210491418839 0.427580326795578 0.445350378751755 0.457078069448471 0.444082736968994 0.427573651075363 0.410153865814209 0.348561465740204 0.311093598604202 0.312055319547653 0.306255489587784 0.300518095493317 0.306769877672195 0.321212947368622 0.336226999759674 0.341600120067596 0.335212975740433 0.327441483736038 0.328557550907135 0.341508686542511 0.348972737789154 0.352713406085968 0.366525709629059 0.385226279497147 0.384439647197723 0.383805930614471 0.39827436208725 0.396878212690353 0.392628997564316 0.397686272859573 0.393325716257095
0.356050759553909 0.369442164897919 0.359697759151459 0.36347758769989 0.367111504077911 0.37055891752243 0.375129461288452 0.392334491014481 0.402118682861328 0.411928832530975 0.452099919319153 0.436614066362381 0.446552842855453 0.480632692575455 0.455369621515274 0.429464101791382 0.433755069971085 0.452302008867264 0.450534164905548 0.419006675481796 0.384602844715118 0.355886340141296 0.334387987852097 0.328195959329605 0.325419574975967 0.316009849309921 0.323882550001144 0.343593060970306 0.355266034603119 0.353788465261459 0.340013265609741 0.32868093252182 0.332387268543243 0.349984467029572 0.35146227478981 0.344502985477448 0.358812093734741 0.377940714359283 0.378708869218826 0.379795700311661 0.38512796163559 0.37691405415535 0.384055018424988 0.396243572235107 0.391004294157028
