data/trimmed_ndre/Aes_ndre.625.2012.asc
NCOLS 110 
NROWS 101 
XLLCORNER 466108.994684553 
YLLCORNER 5182003.52273903 
CELLSIZE 4.99993558117951 
NODATA_value -3.4e+38 
[rows 60 to 79 of 101, columns 0 to 44 of 110]
-3.4e+38 -3.4e+38 -3.4e+38 -3.4e+38 -3.4e+38 -3.4e+38 0.333492338657379 0.408591985702515 0.449305176734924 0.480332970619202 0.50008100271225 0.516728401184082 0.545889496803284 0.564570546150208 0.583309650421143 0.600962817668915 0.620374619960785 0.618494272232056 0.608209788799286 0.61833393573761 0.606965780258179 0.581324636936188 0.555771887302399 0.523521900177002 0.500244736671448 0.493557453155518 0.483502447605133 0.460525929927826 0.450940817594528 0.4762122631073 0.521245718002319 0.556199014186859 0.550416052341461 0.544669449329376 0.545514583587646 0.523589670658112 0.505146265029907 0.504643380641937 0.50781774520874 0.49562281370163 0.481399357318878 0.491329044103622 0.504854440689087 0.492177218198776 0.467791318893433
-3.4e+38 -3.4e+38 -3.4e+38 -3.4e+38 -3.4e+38 0.365236461162567 0.393145024776459 0.4619520008564 0.483296155929565 0.493075132369995 0.498558104038239 0.521004140377045 0.545211374759674 0.550998389720917 0.564190685749054 0.589742481708527 0.618506550788879 0.617244482040405 0.616303741931915 0.625439941883087 0.608892440795898 0.590587615966797 0.56017678976059 0.520912110805511 0.491075783967972 0.499976128339767 0.500799775123596 0.490479618310928 0.497654259204865 0.516682386398315 0.548581540584564 0.5898277759552 0.577328562736511 0.542468845844269 0.545836985111237 0.528948068618774 0.504709839820862 0.502427935600281 0.512171804904938 0.513857126235962 0.498344391584396 0.49549987912178 0.497297465801239 0.489692866802216 0.466942310333252
-3.4e+38 -3.4e+38 -3.4e+38 -3.4e+38 -3.4e+38 0.357818275690079 0.427957653999329 0.493885934352875 0.508553922176361 0.499224990606308 0.504265964031219 0.526399672031403 0.529411017894745 0.530351936817169 0.55381715297699 0.582013487815857 0.611263334751129 0.61163592338562 0.617767512798309 0.624479234218597 0.60746306180954 0.596096038818359 0.568324089050293 0.532577872276306 0.512658357620239 0.527647078037262 0.530370652675629 0.521828234195709 0.527792155742645 0.539958775043488 0.565175414085388 0.589428842067719 0.570076406002045 0.532996118068695 0.535726487636566 0.548114776611328 0.524389624595642 0.489479303359985 0.485455393791199 0.494721978902817 0.497146904468536 0.485773712396622 0.474653661251068 0.470146030187607 0.454673677682877
-3.4e+38 -3.4e+38 -3.4e+38 -3.4e+38 -3.4e+38 0.356599152088165 0.44819587469101 0.513236165046692 0.522153675556183 0.505890607833862 0.522005021572113 0.533881545066833 0.519443273544312 0.517679035663605 0.545256614685059 0.574840426445007 0.598992705345154 0.598651945590973 0.608213663101196 0.619044959545135 0.613321006298065 0.604889154434204 0.579766571521759 0.554785549640656 0.536078214645386 0.540491282939911 0.546229898929596 0.547844290733337 0.540962040424347 0.538155615329742 0.567957997322083 0.586755633354187 0.556662023067474 0.525070488452911 0.514178872108459 0.527523100376129 0.523890554904938 0.498185157775879 0.479253649711609 0.476445347070694 0.483747571706772 0.480106323957443 0.472244888544083 0.472319513559341 0.46690559387207
-3.4e+38 -3.4e+38 -3.4e+38 -3.4e+38 0.376546293497086 0.374071389436722 0.47014781832695 0.527715802192688 0.516538679599762 0.518319964408875 0.541367292404175 0.536731839179993 0.522493422031403 0.526269733905792 0.548819124698639 0.574119448661804 0.585734367370605 0.587554812431335 0.604409754276276 0.612206876277924 0.613318145275116 0.60593855381012 0.586351990699768 0.567435741424561 0.551662862300873 0.550624549388885 0.555986702442169 0.563388407230377 0.551986873149872 0.539438605308533 0.559650897979736 0.562423825263977 0.526207625865936 0.511304914951324 0.483126819133759 0.471012741327286 0.486637681722641 0.490806072950363 0.476635694503784 0.461846053600311 0.471028685569763 0.479793876409531 0.47433814406395 0.456620991230011 0.43941330909729
-3.4e+38 -3.4e+38 -3.4e+38 -3.4e+38 0.381377071142197 0.405882835388184 0.485569059848785 0.528234541416168 0.510204017162323 0.536210000514984 0.559283137321472 0.538314402103424 0.545011460781097 0.547057509422302 0.559387743473053 0.579580783843994 0.579532742500305 0.581834435462952 0.598042070865631 0.596179604530334 0.596998274326324 0.595000267028809 0.583946228027344 0.577616155147552 0.555589377880096 0.546296060085297 0.55528324842453 0.56915283203125 0.567268431186676 0.55787605047226 0.562718510627747 0.537375509738922 0.495859056711197 0.487454771995544 0.473677158355713 0.447908073663712 0.456396788358688 0.472277492284775 0.464708477258682 0.448904722929001 0.457878470420837 0.470259666442871 0.466936498880386 0.426873385906219 0.404549032449722
-3.4e+38 -3.4e+38 -3.4e+38 -3.4e+38 0.367809742689133 0.435156226158142 0.48821035027504 0.529115915298462 0.537494540214539 0.530265986919403 0.535704493522644 0.543378293514252 0.559232831001282 0.558969557285309 0.571163475513458 0.588002562522888 0.578576147556305 0.580865800380707 0.582485258579254 0.57000344991684 0.574001967906952 0.575929403305054 0.574952840805054 0.575315773487091 0.546412408351898 0.536045789718628 0.545546472072601 0.559809327125549 0.56060665845871 0.552416861057281 0.551053404808044 0.516997516155243 0.481818288564682 0.483408480882645 0.49129793047905 0.460137009620667 0.449027866125107 0.464456647634506 0.463913142681122 0.455147445201874 0.458223789930344 0.460305511951447 0.463600903749466 0.449013233184814 0.438289165496826
-3.4e+38 -3.4e+38 -3.4e+38 0.387126833200455 0.370936810970306 0.458870530128479 0.50515478849411 0.554771840572357 0.557518064975739 0.512053549289703 0.527674973011017 0.545931875705719 0.547345161437988 0.562460899353027 0.577294647693634 0.58529257774353 0.583549857139587 0.584325969219208 0.56358277797699 0.541205942630768 0.548987627029419 0.557744085788727 0.565809905529022 0.563981533050537 0.538537383079529 0.532775044441223 0.536316096782684 0.539870619773865 0.527800559997559 0.525831460952759 0.528971612453461 0.497508823871613 0.476872861385345 0.486969590187073 0.497451394796371 0.47394385933876 0.455035388469696 0.459229826927185 0.466489940881729 0.471523195505142 0.469276756048203 0.471783608198166 0.479548811912537 0.480341136455536 0.487782120704651
-3.4e+38 -3.4e+38 -3.4e+38 0.382486790418625 0.39581510424614 0.47720018029213 0.523327350616455 0.567477762699127 0.548327386379242 0.524869501590729 0.547871828079224 0.563034892082214 0.567353546619415 0.578023314476013 0.576404094696045 0.580034255981445 0.593838930130005 0.59222674369812 0.560219824314117 0.531922042369843 0.538426697254181 0.549467265605927 0.555068492889404 0.552184879779816 0.535117149353027 0.539473593235016 0.539031326770782 0.525674521923065 0.507378876209259 0.516279220581055 0.526843309402466 0.508339583873749 0.504611849784851 0.494338780641556 0.483195602893829 0.479148358106613 0.474820643663406 0.4759321808815 0.490615785121918 0.50264847278595 0.504054307937622 0.51162201166153 0.514319062232971 0.516481399536133 0.527978479862213
-3.4e+38 -3.4e+38 -3.4e+38 0.374982386827469 0.415392845869064 0.48940122127533 0.538926124572754 0.562930762767792 0.530429840087891 0.518886208534241 0.538168609142303 0.548240780830383 0.569444477558136 0.58381712436676 0.579519271850586 0.580856621265411 0.5909304022789 0.591022670269012 0.567075908184052 0.541860222816467 0.540171384811401 0.540614664554596 0.552215933799744 0.557358384132385 0.539915502071381 0.532369911670685 0.539466798305511 0.52106237411499 0.508662939071655 0.531896650791168 0.530920326709747 0.519509553909302 0.522504508495331 0.508516192436218 0.49517610669136 0.505531489849091 0.509950220584869 0.504043519496918 0.508205771446228 0.525502145290375 0.53951358795166 0.563370585441589 0.558004915714264 0.542698919773102 0.547534346580505
-3.4e+38 -3.4e+38 0.428021520376205 0.375099033117294 0.439595997333527 0.501667976379395 0.542771100997925 0.561103880405426 0.534696698188782 0.52930074930191 0.534806787967682 0.539457321166992 0.561967551708221 0.577150881290436 0.580710411071777 0.588226318359375 0.596316933631897 0.598161160945892 0.580069005489349 0.554855167865753 0.54532378911972 0.542033851146698 0.552589416503906 0.557072162628174 0.5289466381073 0.506002008914948 0.517317652702332 0.51740974187851 0.502764344215393 0.514724671840668 0.523847699165344 0.520338237285614 0.519217133522034 0.526045918464661 0.50683319568634 0.510268688201904 0.522078156471252 0.514657974243164 0.508610427379608 0.517168700695038 0.539187252521515 0.565979659557343 0.561671733856201 0.547359228134155 0.551477193832397
-3.4e+38 -3.4e+38 0.412763178348541 0.387133151292801 0.460949003696442 0.50222772359848 0.532443404197693 0.555528819561005 0.542466998100281 0.535776972770691 0.548437416553497 0.557574808597565 0.572699546813965 0.575803518295288 0.583152115345001 0.596495747566223 0.610779643058777 0.610209047794342 0.59390252828598 0.578392744064331 0.564070105552673 0.554090738296509 0.546086549758911 0.539633333683014 0.518754243850708 0.502307116985321 0.507157862186432 0.507333815097809 0.47844198346138 0.472870707511902 0.51709121465683 0.545263528823853 0.533236801624298 0.510598540306091 0.491356134414673 0.492483854293823 0.504130244255066 0.513672947883606 0.527586042881012 0.529895782470703 0.528069853782654 0.537991166114807 0.5340576171875 0.541525602340698 0.55060076713562
-3.4e+38 -3.4e+38 0.398515313863754 0.401562333106995 0.468127101659775 0.490877598524094 0.500578999519348 0.514745473861694 0.509407162666321 0.511343598365784 0.544435977935791 0.563479661941528 0.565515875816345 0.559601962566376 0.569621741771698 0.590472102165222 0.608081817626953 0.604510962963104 0.591447353363037 0.582583487033844 0.566302597522736 0.55651068687439 0.537609577178955 0.52288556098938 0.503361940383911 0.487905591726303 0.495491951704025 0.491549968719482 0.462112635374069 0.458278238773346 0.500453174114227 0.534221768379211 0.509216070175171 0.476187586784363 0.486598521471024 0.49544221162796 0.502135574817657 0.507160604000092 0.5161954164505 0.52972936630249 0.531217515468597 0.542553424835205 0.539971649646759 0.532019197940826 0.532923638820648
-3.4e+38 -3.4e+38 0.384267926216125 0.413614511489868 0.472261756658554 0.485822558403015 0.479684710502625 0.479718208312988 0.472009390592575 0.481250643730164 0.524556279182434 0.548631966114044 0.543536126613617 0.537185668945312 0.546711087226868 0.56769335269928 0.596209108829498 0.603956162929535 0.595268130302429 0.572108209133148 0.547706544399261 0.545787036418915 0.528462707996368 0.496370673179626 0.473808437585831 0.468150436878204 0.481876522302628 0.482601821422577 0.453512102365494 0.45184651017189 0.485724300146103 0.508335173130035 0.494509845972061 0.481739670038223 0.49002993106842 0.496433615684509 0.50851982831955 0.500619471073151 0.494091242551804 0.514895439147949 0.522182106971741 0.525801062583923 0.520678997039795 0.509659290313721 0.5150306224823
-3.4e+38 0.448532730340958 0.389652341604233 0.437798351049423 0.486546635627747 0.497317105531693 0.493852406740189 0.491592288017273 0.480853676795959 0.476602584123611 0.50550764799118 0.533770561218262 0.531550288200378 0.527833342552185 0.537175536155701 0.555320143699646 0.578970432281494 0.593720555305481 0.592635035514832 0.565677285194397 0.545449733734131 0.545747041702271 0.529313325881958 0.497335463762283 0.470150083303452 0.462591648101807 0.471432685852051 0.479976385831833 0.459968537092209 0.45368629693985 0.484397441148758 0.50596034526825 0.506883800029755 0.500222027301788 0.501834273338318 0.504922449588776 0.514145016670227 0.511017620563507 0.510341763496399 0.509737014770508 0.49801567196846 0.489642888307571 0.489844471216202 0.500450193881989 0.497172117233276
-3.4e+38 0.415179461240768 0.388916403055191 0.453240871429443 0.498644262552261 0.508178055286407 0.503302156925201 0.496308863162994 0.481866985559464 0.472551077604294 0.497909814119339 0.534755349159241 0.536684572696686 0.531932055950165 0.541466116905212 0.549096345901489 0.550203204154968 0.560500681400299 0.572021007537842 0.558992564678192 0.551235675811768 0.544867753982544 0.534358203411102 0.516932725906372 0.489006161689758 0.473646253347397 0.477688908576965 0.485946476459503 0.487168699502945 0.490634024143219 0.504433810710907 0.511258959770203 0.527178585529327 0.525151371955872 0.514533936977386 0.510468423366547 0.514869332313538 0.51393723487854 0.512796401977539 0.503232836723328 0.493002861738205 0.482347935438156 0.47798365354538 0.501293122768402 0.505025029182434
-3.4e+38 0.387768924236298 0.395390450954437 0.457984656095505 0.502091825008392 0.51580423116684 0.517841160297394 0.499991148710251 0.484003812074661 0.477294415235519 0.493445873260498 0.522449374198914 0.523823618888855 0.521754801273346 0.525887489318848 0.519476890563965 0.505781888961792 0.503283739089966 0.500522017478943 0.494821727275848 0.512079119682312 0.520127058029175 0.52273690700531 0.527505576610565 0.504960834980011 0.489276051521301 0.487390846014023 0.495003402233124 0.513921916484833 0.528568923473358 0.531401634216309 0.521031737327576 0.521349549293518 0.51674485206604 0.503508746623993 0.499277532100677 0.500427067279816 0.50961434841156 0.515587866306305 0.515597999095917 0.509499251842499 0.497704774141312 0.48831045627594 0.513636529445648 0.523479521274567
0.434791684150696 0.37205496430397 0.413391888141632 0.470629453659058 0.505709648132324 0.523080408573151 0.527173817157745 0.507790744304657 0.496797114610672 0.49413475394249 0.502249240875244 0.518554449081421 0.522515535354614 0.514157712459564 0.488740593194962 0.475548505783081 0.460268676280975 0.450016736984253 0.425981253385544 0.418872237205505 0.452096611261368 0.486249506473541 0.514649093151093 0.535616636276245 0.521900653839111 0.503464758396149 0.495044857263565 0.500694394111633 0.518276393413544 0.542824745178223 0.550081551074982 0.510349154472351 0.489992558956146 0.485381513834 0.477937906980515 0.468438029289246 0.47852897644043 0.498061656951904 0.513684213161469 0.521418273448944 0.515376687049866 0.512810111045837 0.511654198169708 0.51764041185379 0.516944408416748
0.408721506595612 0.370994359254837 0.424002766609192 0.477176010608673 0.505765795707703 0.529026985168457 0.530324697494507 0.502356886863708 0.49272546172142 0.497136950492859 0.502383530139923 0.530530869960785 0.544785022735596 0.518202006816864 0.450025171041489 0.421808302402496 0.420523077249527 0.413247525691986 0.402896523475647 0.393571496009827 0.414880812168121 0.456141501665115 0.514468789100647 0.546998858451843 0.532252371311188 0.511821031570435 0.49999064207077 0.501277267932892 0.510872423648834 0.541142284870148 0.545517861843109 0.499060958623886 0.47857677936554 0.475867569446564 0.45760703086853 0.444539159536362 0.466921925544739 0.482044905424118 0.494603753089905 0.510619103908539 0.517006635665894 0.530708193778992 0.522794604301453 0.50759220123291 0.497435867786407
-3.4e+38 -3.4e+38 0.449256092309952 0.482672810554504 0.512079536914825 0.537026822566986 0.540251195430756 0.506428241729736 0.486594319343567 0.496154308319092 0.512165784835815 0.55122697353363 0.556371629238129 0.517735123634338 0.483497023582458 0.442629426717758 0.424105733633041 0.418200135231018 0.415180116891861 0.409718751907349 0.41827529668808 0.457807242870331 0.520074784755707 0.555410027503967 0.537782251834869 0.518791198730469 0.507852733135223 0.494991421699524 0.490755885839462 0.519357323646545 0.52768874168396 0.502077639102936 0.486125886440277 0.476975321769714 0.451449573040009 0.448227047920227 0.477703779935837 0.475223869085312 0.481260746717453 0.496437579393387 0.507830619812012 0.521832644939423 0.519266724586487 0.501158177852631 0.486788600683212
