data/trimmed_ndre/Aes_ndre.713.2012_no_clouds.asc
NCOLS 109 
NROWS 101 
XLLCORNER 466110 
YLLCORNER 5182005 
CELLSIZE 5 
NODATA_value -3.4e+38 
[rows 60 to 79 of 101, columns 0 to 44 of 109]
-3.4e+38 -3.4e+38 -3.4e+38 -3.4e+38 -3.4e+38 -3.4e+38 0.265798568725586 0.298784464597702 0.315197885036469 0.315360426902771 0.319437175989151 0.302500545978546 0.291552871465683 0.306655734777451 0.308503568172455 0.327817916870117 0.347928911447525 0.363248407840729 0.374925583600998 0.395654261112213 0.376948714256287 0.325785428285599 0.301815122365952 0.28787624835968 0.274140417575836 0.275384068489075 0.251130402088165 0.248142883181572 0.277161866426468 0.278729051351547 0.297488510608673 0.32700526714325 0.330843865871429 0.348618537187576 0.370288193225861 0.36964026093483 0.370187193155289 0.36999174952507 0.385880768299103 0.383767873048782 0.364494681358337 0.375036269426346 0.393279999494553 0.391992062330246 0.368088960647583
-3.4e+38 -3.4e+38 -3.4e+38 -3.4e+38 -3.4e+38 0.251185655593872 0.285812973976135 0.317644476890564 0.325511634349823 0.31807467341423 0.317135155200958 0.29649406671524 0.283094316720963 0.282400578260422 0.270372301340103 0.29781585931778 0.338471978902817 0.352155476808548 0.361890852451324 0.396146386861801 0.37254211306572 0.31858691573143 0.298608541488647 0.277782440185547 0.272895723581314 0.282044112682343 0.271689265966415 0.268242806196213 0.295282870531082 0.297297239303589 0.301357537508011 0.329991579055786 0.351045161485672 0.359267503023148 0.367536544799805 0.369175463914871 0.35860875248909 0.350580662488937 0.373699307441711 0.373052209615707 0.366375774145126 0.384213984012604 0.396999180316925 0.397795468568802 0.372388660907745
-3.4e+38 -3.4e+38 -3.4e+38 -3.4e+38 -3.4e+38 0.255569964647293 0.299936711788177 0.326340526342392 0.323758661746979 0.315263271331787 0.310385674238205 0.292975276708603 0.286803841590881 0.278090059757233 0.27273029088974 0.304487675428391 0.341619879007339 0.351668208837509 0.354945689439774 0.382582604885101 0.360136181116104 0.316679418087006 0.296666145324707 0.279480516910553 0.271895378828049 0.281251609325409 0.297821700572968 0.276894241571426 0.288613945245743 0.320369362831116 0.323813408613205 0.335949033498764 0.336582630872726 0.334502071142197 0.338338881731033 0.350450932979584 0.346211731433868 0.337038636207581 0.369903326034546 0.392209410667419 0.379571348428726 0.375662177801132 0.387214332818985 0.396842688322067 0.371992319822311
-3.4e+38 -3.4e+38 -3.4e+38 -3.4e+38 -3.4e+38 0.26198872923851 0.304805666208267 0.32172891497612 0.309884130954742 0.306976288557053 0.303657591342926 0.292032450437546 0.283151686191559 0.277769416570663 0.290934592485428 0.323217242956161 0.348731487989426 0.34864330291748 0.34425961971283 0.36037677526474 0.356415033340454 0.33658167719841 0.308119714260101 0.279764205217361 0.258197516202927 0.280888557434082 0.313345432281494 0.295280396938324 0.304148465394974 0.32929939031601 0.332929670810699 0.335377037525177 0.310455620288849 0.325494140386581 0.366089463233948 0.369056344032288 0.363145291805267 0.365284085273743 0.387973099946976 0.401983201503754 0.381793767213821 0.359944313764572 0.3767429292202 0.395765453577042 0.382347881793976
-3.4e+38 -3.4e+38 -3.4e+38 -3.4e+38 0.246022164821625 0.270655900239944 0.309663832187653 0.317171931266785 0.299667000770569 0.30081245303154 0.294019728899002 0.286033779382706 0.282204538583755 0.274269431829453 0.290978789329529 0.322939455509186 0.336566030979156 0.336460411548615 0.32994419336319 0.34136551618576 0.349396914243698 0.340079069137573 0.317326307296753 0.291815161705017 0.272014051675797 0.294096529483795 0.329390168190002 0.326077818870544 0.326686352491379 0.324657142162323 0.339000850915909 0.359731942415237 0.342516243457794 0.356790035963058 0.378658264875412 0.367581933736801 0.390213131904602 0.396007597446442 0.380970537662506 0.362680554389954 0.354323625564575 0.349012613296509 0.366207659244537 0.386479020118713 0.389696389436722
-3.4e+38 -3.4e+38 -3.4e+38 -3.4e+38 0.25432676076889 0.291680604219437 0.320179879665375 0.328867137432098 0.317407101392746 0.306881070137024 0.285496920347214 0.281685322523117 0.291459411382675 0.295888602733612 0.308656185865402 0.321317613124847 0.322947233915329 0.320582062005997 0.314608573913574 0.323133677244186 0.332429111003876 0.332145750522614 0.333114087581635 0.327084690332413 0.317210584878922 0.327282190322876 0.350473076105118 0.349605679512024 0.343093395233154 0.336460769176483 0.352894335985184 0.375599086284637 0.369654476642609 0.373794376850128 0.377543359994888 0.377515584230423 0.389975905418396 0.390750259160995 0.380860418081284 0.360580563545227 0.344413578510284 0.355768531560898 0.358060032129288 0.359009861946106 0.368903368711472
-3.4e+38 -3.4e+38 -3.4e+38 0.247209534049034 0.273301035165787 0.315972596406937 0.329465925693512 0.33763974905014 0.328657329082489 0.307882100343704 0.284176826477051 0.276660799980164 0.290913164615631 0.31050056219101 0.321935027837753 0.326490849256516 0.31214115023613 0.299179226160049 0.293272614479065 0.280800074338913 0.285919994115829 0.307924628257751 0.33339661359787 0.356832355260849 0.363226860761642 0.35396808385849 0.355922132730484 0.351421266794205 0.350082755088806 0.347497850656509 0.351225227117538 0.362262368202209 0.373411655426025 0.386805564165115 0.398953348398209 0.40070652961731 0.393238484859467 0.396414220333099 0.375522613525391 0.371317028999329 0.376981675624847 0.382421910762787 0.366627037525177 0.358709752559662 0.370021939277649
-3.4e+38 -3.4e+38 -3.4e+38 0.238472178578377 0.270811796188354 0.313805192708969 0.331109464168549 0.339049994945526 0.33565154671669 0.312628328800201 0.287009924650192 0.285018175840378 0.289739638566971 0.30841252207756 0.322304159402847 0.329312652349472 0.316773533821106 0.311255574226379 0.305507570505142 0.262476712465286 0.261046081781387 0.288692653179169 0.31502890586853 0.351847589015961 0.358105629682541 0.347932428121567 0.352535367012024 0.347659438848495 0.358394742012024 0.36287847161293 0.355934143066406 0.360070258378983 0.386674970388412 0.412043750286102 0.420782446861267 0.429254770278931 0.404569417238235 0.378544360399246 0.373769760131836 0.379236489534378 0.391704171895981 0.385157883167267 0.377386510372162 0.36303985118866 0.366951555013657
-3.4e+38 -3.4e+38 -3.4e+38 0.250194787979126 0.274446368217468 0.307240009307861 0.330105245113373 0.333559900522232 0.330598324537277 0.31184583902359 0.29330313205719 0.294351011514664 0.28385916352272 0.289443105459213 0.311195135116577 0.323093056678772 0.33268791437149 0.335331976413727 0.315286785364151 0.272106975317001 0.271570920944214 0.282817512750626 0.30301496386528 0.329631090164185 0.329081326723099 0.338648408651352 0.3493931889534 0.342305243015289 0.364168554544449 0.382323145866394 0.385666161775589 0.39350038766861 0.414504766464233 0.43207585811615 0.425204545259476 0.412294089794159 0.393655121326447 0.373877108097076 0.376318097114563 0.370367795228958 0.387040346860886 0.38688787817955 0.371021240949631 0.378627121448517 0.379782974720001
-3.4e+38 -3.4e+38 -3.4e+38 0.2649946808815 0.290075421333313 0.313178479671478 0.33426034450531 0.332557946443558 0.321620315313339 0.312169998884201 0.29133877158165 0.284762024879456 0.294622033834457 0.304150521755219 0.318632066249847 0.330278664827347 0.341883450746536 0.3395114839077 0.319628000259399 0.294745564460754 0.290568768978119 0.293805301189423 0.310874342918396 0.329346865415573 0.323685646057129 0.343379586935043 0.347787290811539 0.335572957992554 0.360545307397842 0.377868950366974 0.400779902935028 0.416476309299469 0.418047040700912 0.406011402606964 0.38419708609581 0.375184804201126 0.378576248884201 0.378966242074966 0.372700750827789 0.372036457061768 0.370952844619751 0.375940680503845 0.382301270961761 0.399302065372467 0.419608116149902
-3.4e+38 -3.4e+38 0.25791010260582 0.264475852251053 0.290766626596451 0.305502563714981 0.321495175361633 0.322921544313431 0.31510055065155 0.307905107736588 0.280104249715805 0.277075439691544 0.305697053670883 0.316142022609711 0.334391832351685 0.350451052188873 0.350634813308716 0.33848312497139 0.336187660694122 0.326449871063232 0.317924380302429 0.318959265947342 0.33592364192009 0.348161935806274 0.340725809335709 0.35551455616951 0.351656228303909 0.34014704823494 0.35729444026947 0.369625836610794 0.390033513307571 0.398601710796356 0.378846645355225 0.372733861207962 0.368476748466492 0.366443306207657 0.365320682525635 0.386459231376648 0.380047112703323 0.362687289714813 0.362973093986511 0.388358473777771 0.396775275468826 0.392363488674164 0.398333549499512
-3.4e+38 -3.4e+38 0.260889381170273 0.271113216876984 0.292259216308594 0.3027623295784 0.306340336799622 0.308822691440582 0.312077254056931 0.310271561145782 0.298866033554077 0.292948961257935 0.306337893009186 0.318379610776901 0.336254388093948 0.36101296544075 0.361164540052414 0.346129298210144 0.356929570436478 0.345340251922607 0.327925622463226 0.33694851398468 0.362680613994598 0.35798642039299 0.343715757131577 0.363622039556503 0.360917270183563 0.347467035055161 0.368420541286469 0.379993259906769 0.382905244827271 0.381081461906433 0.365724831819534 0.370955020189285 0.380621284246445 0.382076650857925 0.374077826738358 0.381331473588943 0.378250509500504 0.369765639305115 0.378575891256332 0.39534005522728 0.391757696866989 0.384853065013885 0.384578883647919
-3.4e+38 -3.4e+38 0.259107023477554 0.277993828058243 0.300110369920731 0.309875220060349 0.304457068443298 0.296782165765762 0.30017551779747 0.311488717794418 0.318221122026443 0.306889563798904 0.306497573852539 0.325751423835754 0.340660035610199 0.367414057254791 0.371673673391342 0.360910981893539 0.368667542934418 0.347840547561646 0.332115769386292 0.348392933607101 0.365625947713852 0.352119356393814 0.345632553100586 0.367837756872177 0.370198607444763 0.351227998733521 0.370322942733765 0.387983500957489 0.372312366962433 0.379138052463531 0.373166501522064 0.370464116334915 0.386813551187515 0.392955601215363 0.382884442806244 0.375942677259445 0.378227770328522 0.381173878908157 0.378225773572922 0.381593734025955 0.380558013916016 0.381571888923645 0.395373165607452
-3.4e+38 0.268580466508865 0.256413489580154 0.277480036020279 0.299437612295151 0.31827113032341 0.311200588941574 0.294726759195328 0.293542832136154 0.305410146713257 0.31098198890686 0.301076322793961 0.299271881580353 0.313893914222717 0.336070150136948 0.360811978578568 0.366139739751816 0.366392016410828 0.372837662696838 0.351584553718567 0.328544735908508 0.335740447044373 0.348889976739883 0.353923201560974 0.348358005285263 0.35961127281189 0.366749495267868 0.356104820966721 0.384601920843124 0.396977663040161 0.363369077444077 0.366326034069061 0.370076924562454 0.370887786149979 0.381374418735504 0.388692587614059 0.383673667907715 0.375056982040405 0.37156343460083 0.374995648860931 0.372506886720657 0.37763124704361 0.387759983539581 0.363842934370041 0.35545626282692
-3.4e+38 0.271564096212387 0.255643397569656 0.270247727632523 0.290019512176514 0.315462201833725 0.319790929555893 0.300924211740494 0.291926801204681 0.301325887441635 0.302558928728104 0.290363371372223 0.290365159511566 0.300845265388489 0.328253746032715 0.349048316478729 0.348930329084396 0.359786927700043 0.35790953040123 0.333115667104721 0.316602289676666 0.318446278572083 0.337373286485672 0.353704810142517 0.333605825901031 0.337911605834961 0.356402426958084 0.361365020275116 0.38058066368103 0.392313539981842 0.381996482610703 0.375560849905014 0.376108855009079 0.36352950334549 0.364130645990372 0.382690370082855 0.387311607599258 0.37774246931076 0.373679131269455 0.382733970880508 0.384129583835602 0.386703848838806 0.393489450216293 0.389478981494904 0.353229463100433
-3.4e+38 0.271172255277634 0.266843318939209 0.272585809230804 0.288372069597244 0.309317409992218 0.324349254369736 0.312624782323837 0.296673059463501 0.29819455742836 0.297074139118195 0.294365078210831 0.296907097101212 0.302336841821671 0.324121981859207 0.337520360946655 0.328951209783554 0.337811708450317 0.322870582342148 0.304477363824844 0.309556186199188 0.305399060249329 0.325315773487091 0.341283857822418 0.314150750637054 0.320029079914093 0.339939057826996 0.354806959629059 0.365462958812714 0.387464076280594 0.392318665981293 0.377715796232224 0.37449911236763 0.357101857662201 0.354086399078369 0.36266815662384 0.364774525165558 0.375290513038635 0.38775509595871 0.399245530366898 0.403616845607758 0.388001441955566 0.375422894954681 0.383955746889114 0.352589815855026
-3.4e+38 0.256578743457794 0.278369456529617 0.287366151809692 0.293599486351013 0.302241772413254 0.313120990991592 0.307094097137451 0.289943963289261 0.280268222093582 0.299474149942398 0.31026291847229 0.306230098009109 0.307007551193237 0.312648564577103 0.303558081388474 0.291917830705643 0.301197081804276 0.28747084736824 0.290577739477158 0.30226331949234 0.283566325902939 0.299536019563675 0.321393996477127 0.314212530851364 0.312525659799576 0.325331211090088 0.348686158657074 0.365322828292847 0.384558618068695 0.379133582115173 0.365185350179672 0.361151099205017 0.354978263378143 0.35610494017601 0.347618579864502 0.347154170274734 0.373512595891953 0.398777604103088 0.40693861246109 0.404400885105133 0.383630990982056 0.369632959365845 0.37450048327446 0.363348096609116
0.256055861711502 0.252097964286804 0.280737578868866 0.291695952415466 0.29522967338562 0.30302506685257 0.310727804899216 0.304380416870117 0.294562816619873 0.287020146846771 0.306417644023895 0.315573036670685 0.306943118572235 0.298689246177673 0.288548797369003 0.264392256736755 0.262062966823578 0.277056932449341 0.269162982702255 0.271437406539917 0.271444737911224 0.262864619493484 0.27856433391571 0.317005306482315 0.324131786823273 0.311484932899475 0.322803735733032 0.348672479391098 0.370522290468216 0.374425530433655 0.366482853889465 0.359365254640579 0.354194819927216 0.357246935367584 0.364473342895508 0.348900854587555 0.350160360336304 0.372098118066788 0.386259317398071 0.392257869243622 0.386004269123077 0.380607157945633 0.384281545877457 0.392730236053467 0.383528828620911
0.253326088190079 0.255694150924683 0.282230794429779 0.296508312225342 0.307154655456543 0.314670324325562 0.311329782009125 0.304345101118088 0.314915120601654 0.305116474628448 0.301520437002182 0.310381919145584 0.299659073352814 0.292750895023346 0.281939148902893 0.25826632976532 0.268396019935608 0.27726212143898 0.262066870927811 0.252255380153656 0.255993753671646 0.267950743436813 0.287030160427094 0.3239506483078 0.323912501335144 0.309734642505646 0.323150217533112 0.353006720542908 0.367058277130127 0.366962969303131 0.371324270963669 0.372425526380539 0.365077167749405 0.36500957608223 0.364658802747726 0.353001266717911 0.361959338188171 0.375657469034195 0.370041042566299 0.36444753408432 0.368865758180618 0.378132730722427 0.378875494003296 0.374023497104645 0.373648077249527
0.259044319391251 0.275439530611038 0.292065620422363 0.305416822433472 0.3126420378685 0.318889707326889 0.310945004224777 0.302739322185516 0.309896230697632 0.302168279886246 0.297665417194366 0.303240299224854 0.299665331840515 0.294583916664124 0.28274741768837 0.274172335863113 0.299674302339554 0.29460945725441 0.263001978397369 0.248121649026871 0.256017297506332 0.27790242433548 0.302405923604965 0.324151575565338 0.319916754961014 0.315365701913834 0.329932123422623 0.353018134832382 0.35394474864006 0.360065102577209 0.379340022802353 0.374879688024521 0.37013703584671 0.361440002918243 0.352176010608673 0.351166576147079 0.374714612960815 0.378829091787338 0.359061270952225 0.348582923412323 0.356551945209503 0.366026729345322 0.355830997228622 0.343650311231613 0.353696376085281
