data/trimmed_ndre/Aes_ndre.65.2015_no_clouds.asc
NCOLS 109 
NROWS 101 
XLLCORNER 466110 
YLLCORNER 5182005 
CELLSIZE 5 
NODATA_value -3.4e+38 
[rows 80 to 99 of 101, columns 0 to 44 of 109]
-3.4e+38 -3.4e+38 -3.4e+38 -3.4e+38 0.508475363254547 0.522506594657898 0.528665542602539 0.530734837055206 0.523888945579529 0.4981310069561 0.465444564819336 0.439627230167389 0.410339891910553 0.372907906770706 0.351221174001694 0.341271847486496 0.330086797475815 0.304257571697235 0.271987110376358 0.260204046964645 0.31017741560936 0.421059340238571 0.484900087118149 0.515602648258209 0.536540865898132 0.544954419136047 0.56121814250946 0.594885110855103 0.635248124599457 0.62964141368866 0.625694632530212 0.626892268657684 0.628464162349701 0.634350597858429 0.607592284679413 0.567356050014496 0.526028156280518 0.481287211179733 0.474648952484131 0.472608864307404 0.459248244762421 0.460007876157761 0.469911694526672 0.460104525089264 0.435145974159241
-3.4e+38 -3.4e+38 -3.4e+38 -3.4e+38 -3.4e+38 -3.4e+38 -3.4e+38 0.533253133296967 0.526502251625061 0.500717401504517 0.461298257112503 0.438628315925598 0.415506988763809 0.374026209115982 0.34257498383522 0.331001609563828 0.321170061826706 0.292345464229584 0.269342303276062 0.300860434770584 0.381865561008453 0.483887255191803 0.518007457256317 0.538277804851532 0.546388566493988 0.552412927150726 0.561850488185883 0.595521330833435 0.627209007740021 0.626627027988434 0.627544760704041 0.633453965187073 0.636805534362793 0.626457273960114 0.570048153400421 0.523156583309174 0.49012479186058 0.469468921422958 0.475239902734756 0.484517216682434 0.480224579572678 0.464363574981689 0.452687740325928 0.443407595157623 0.433996737003326
-3.4e+38 -3.4e+38 -3.4e+38 -3.4e+38 -3.4e+38 -3.4e+38 -3.4e+38 -3.4e+38 -3.4e+38 -3.4e+38 0.458816975355148 0.435983568429947 0.406507015228271 0.369956701993942 0.341832786798477 0.30855992436409 0.284996569156647 0.263636946678162 0.24954329431057 0.308590620756149 0.423420637845993 0.525152862071991 0.545043408870697 0.568491280078888 0.580630540847778 0.57283741235733 0.547349691390991 0.586006760597229 0.618578135967255 0.624302089214325 0.620032608509064 0.62793356180191 0.630365312099457 0.607376515865326 0.539291441440582 0.493735700845718 0.479479640722275 0.47865042090416 0.485903084278107 0.493899166584015 0.497635006904602 0.481875896453857 0.457072138786316 0.455006033182144 0.450039029121399
-3.4e+38 -3.4e+38 -3.4e+38 -3.4e+38 -3.4e+38 -3.4e+38 -3.4e+38 -3.4e+38 -3.4e+38 -3.4e+38 -3.4e+38 -3.4e+38 0.40304559469223 0.372063428163528 0.33386218547821 0.284168541431427 0.24689057469368 0.231259316205978 0.243603274226189 0.315086305141449 0.439490050077438 0.530406653881073 0.558462858200073 0.587413668632507 0.600099802017212 0.586983859539032 0.558708369731903 0.588975489139557 0.613694846630096 0.616687536239624 0.603237271308899 0.611871302127838 0.623467683792114 0.595444798469543 0.531554341316223 0.484624445438385 0.495225250720978 0.509036839008331 0.51010537147522 0.504180490970612 0.515371799468994 0.508329093456268 0.488408535718918 0.470348507165909 0.45769402384758
-3.4e+38 -3.4e+38 -3.4e+38 -3.4e+38 -3.4e+38 -3.4e+38 -3.4e+38 -3.4e+38 -3.4e+38 -3.4e+38 -3.4e+38 -3.4e+38 -3.4e+38 -3.4e+38 0.322345465421677 0.282619804143906 0.238292142748833 0.218712657690048 0.245140209794044 0.326139032840729 0.436369746923447 0.498991310596466 0.538939714431763 0.580040097236633 0.593782722949982 0.588742673397064 0.581249475479126 0.595922768115997 0.60465008020401 0.606947839260101 0.604708969593048 0.609796822071075 0.623562097549438 0.594731748104095 0.547505021095276 0.514647603034973 0.529243052005768 0.542219519615173 0.533659815788269 0.519186615943909 0.527193129062653 0.519899427890778 0.49963304400444 0.477158904075623 0.464729845523834
-3.4e+38 -3.4e+38 -3.4e+38 -3.4e+38 -3.4e+38 -3.4e+38 -3.4e+38 -3.4e+38 -3.4e+38 -3.4e+38 -3.4e+38 -3.4e+38 -3.4e+38 -3.4e+38 -3.4e+38 0.275480061769485 0.242817774415016 0.235362604260445 0.281285017728806 0.363067805767059 0.446379214525223 0.479364961385727 0.515613317489624 0.553966403007507 0.574791431427002 0.583529353141785 0.59227579832077 0.601316213607788 0.605154752731323 0.608984231948853 0.611161410808563 0.616785228252411 0.62293004989624 0.589228570461273 0.56180202960968 0.549990236759186 0.559164822101593 0.567686021327972 0.553366720676422 0.541884124279022 0.543680548667908 0.543450951576233 0.533267617225647 0.505533158779144 0.488155335187912
-3.4e+38 -3.4e+38 -3.4e+38 -3.4e+38 -3.4e+38 -3.4e+38 -3.4e+38 -3.4e+38 -3.4e+38 -3.4e+38 -3.4e+38 -3.4e+38 -3.4e+38 -3.4e+38 -3.4e+38 -3.4e+38 -3.4e+38 0.292324393987656 0.367728680372238 0.434564083814621 0.473341763019562 0.478091806173325 0.507564961910248 0.535700857639313 0.560145854949951 0.575410008430481 0.593725442886353 0.604624271392822 0.608169198036194 0.610933661460876 0.613130748271942 0.62367844581604 0.626677632331848 0.601174771785736 0.585795223712921 0.581792294979095 0.583857536315918 0.581666767597198 0.56802374124527 0.568740963935852 0.571174919605255 0.572765350341797 0.579009771347046 0.559769332408905 0.523896396160126
-3.4e+38 -3.4e+38 -3.4e+38 -3.4e+38 -3.4e+38 -3.4e+38 -3.4e+38 -3.4e+38 -3.4e+38 -3.4e+38 -3.4e+38 -3.4e+38 -3.4e+38 -3.4e+38 -3.4e+38 -3.4e+38 -3.4e+38 -3.4e+38 -3.4e+38 0.480339348316193 0.487866967916489 0.49350380897522 0.519998073577881 0.541129350662231 0.560318887233734 0.578925490379333 0.594573140144348 0.601398825645447 0.604109168052673 0.605248868465424 0.610157430171967 0.632368564605713 0.637553572654724 0.62130343914032 0.606059432029724 0.60432356595993 0.603853285312653 0.603595435619354 0.602613806724548 0.608892560005188 0.600794851779938 0.592078804969788 0.582487046718597 0.546052217483521 0.498342365026474
-3.4e+38 -3.4e+38 -3.4e+38 -3.4e+38 -3.4e+38 -3.4e+38 -3.4e+38 -3.4e+38 -3.4e+38 -3.4e+38 -3.4e+38 -3.4e+38 -3.4e+38 -3.4e+38 -3.4e+38 -3.4e+38 -3.4e+38 -3.4e+38 -3.4e+38 -3.4e+38 -3.4e+38 0.516828060150146 0.531890869140625 0.559924602508545 0.570808172225952 0.578811049461365 0.586064040660858 0.58431476354599 0.587349236011505 0.595031797885895 0.608512103557587 0.638815581798553 0.644958674907684 0.632421433925629 0.614092588424683 0.614593923091888 0.61548376083374 0.615383625030518 0.620890974998474 0.632312655448914 0.614796280860901 0.586484611034393 0.550926387310028 0.507330477237701 0.461990833282471
-3.4e+38 -3.4e+38 -3.4e+38 -3.4e+38 -3.4e+38 -3.4e+38 -3.4e+38 -3.4e+38 -3.4e+38 -3.4e+38 -3.4e+38 -3.4e+38 -3.4e+38 -3.4e+38 -3.4e+38 -3.4e+38 -3.4e+38 -3.4e+38 -3.4e+38 -3.4e+38 -3.4e+38 -3.4e+38 0.558892607688904 0.568768799304962 0.566572070121765 0.562982976436615 0.560474753379822 0.552908658981323 0.553739905357361 0.577313244342804 0.610221683979034 0.641743421554565 0.639206767082214 0.626561641693115 0.618859231472015 0.622991442680359 0.621309340000153 0.609187662601471 0.604488134384155 0.603675961494446 0.590444207191467 0.564349055290222 0.522570967674255 0.478832095861435 0.445584177970886
-3.4e+38 -3.4e+38 -3.4e+38 -3.4e+38 -3.4e+38 -3.4e+38 -3.4e+38 -3.4e+38 -3.4e+38 -3.4e+38 -3.4e+38 -3.4e+38 -3.4e+38 -3.4e+38 -3.4e+38 -3.4e+38 -3.4e+38 -3.4e+38 -3.4e+38 -3.4e+38 -3.4e+38 -3.4e+38 -3.4e+38 -3.4e+38 0.543739676475525 0.519260346889496 0.503885447978973 0.500816881656647 0.511469781398773 0.554132997989655 0.610266208648682 0.641112327575684 0.626350402832031 0.61851042509079 0.617088854312897 0.620852410793304 0.617120385169983 0.591547727584839 0.580638825893402 0.58260715007782 0.58154684305191 0.559693872928619 0.519768714904785 0.483004003763199 0.463338106870651
-3.4e+38 -3.4e+38 -3.4e+38 -3.4e+38 -3.4e+38 -3.4e+38 -3.4e+38 -3.4e+38 -3.4e+38 -3.4e+38 -3.4e+38 -3.4e+38 -3.4e+38 -3.4e+38 -3.4e+38 -3.4e+38 -3.4e+38 -3.4e+38 -3.4e+38 -3.4e+38 -3.4e+38 -3.4e+38 -3.4e+38 -3.4e+38 -3.4e+38 0.478091597557068 0.463330149650574 0.457682281732559 0.471281796693802 0.517025530338287 0.591224849224091 0.623996615409851 0.61749404668808 0.609040319919586 0.608898043632507 0.609583914279938 0.607478618621826 0.596215128898621 0.595242440700531 0.590642273426056 0.588579177856445 0.575527429580688 0.543547034263611 0.504025638103485 0.48444539308548
-3.4e+38 -3.4e+38 -3.4e+38 -3.4e+38 -3.4e+38 -3.4e+38 -3.4e+38 -3.4e+38 -3.4e+38 -3.4e+38 -3.4e+38 -3.4e+38 -3.4e+38 -3.4e+38 -3.4e+38 -3.4e+38 -3.4e+38 -3.4e+38 -3.4e+38 -3.4e+38 -3.4e+38 -3.4e+38 -3.4e+38 -3.4e+38 -3.4e+38 0.472731739282608 0.458263993263245 0.434388816356659 0.436040073633194 0.481635361909866 0.573582768440247 0.609928369522095 0.609411239624023 0.599494695663452 0.606345117092133 0.606262564659119 0.602828979492188 0.602169096469879 0.611064314842224 0.606356680393219 0.59911847114563 0.585736334323883 0.558616042137146 0.530906319618225 0.50909036397934
-3.4e+38 -3.4e+38 -3.4e+38 -3.4e+38 -3.4e+38 -3.4e+38 -3.4e+38 -3.4e+38 -3.4e+38 -3.4e+38 -3.4e+38 -3.4e+38 -3.4e+38 -3.4e+38 -3.4e+38 -3.4e+38 -3.4e+38 -3.4e+38 -3.4e+38 -3.4e+38 -3.4e+38 -3.4e+38 -3.4e+38 -3.4e+38 -3.4e+38 0.488117575645447 0.476948976516724 0.434872150421143 0.428763568401337 0.480554759502411 0.569642543792725 0.605904638767242 0.602637708187103 0.59864354133606 0.60979825258255 0.612123370170593 0.60185295343399 0.597470998764038 0.606523513793945 0.618103682994843 0.601470053195953 0.578886270523071 0.563940525054932 0.557270050048828 0.526494324207306
-3.4e+38 -3.4e+38 -3.4e+38 -3.4e+38 -3.4e+38 -3.4e+38 -3.4e+38 -3.4e+38 -3.4e+38 -3.4e+38 -3.4e+38 -3.4e+38 -3.4e+38 -3.4e+38 -3.4e+38 -3.4e+38 -3.4e+38 -3.4e+38 -3.4e+38 -3.4e+38 -3.4e+38 -3.4e+38 -3.4e+38 -3.4e+38 -3.4e+38 -3.4e+38 0.462306827306747 0.425812184810638 0.443999350070953 0.510213196277618 0.581559598445892 0.611799001693726 0.604719340801239 0.59121185541153 0.595024704933167 0.606328010559082 0.594935834407806 0.580091416835785 0.589362502098083 0.608267486095428 0.59772264957428 0.581662356853485 0.577776610851288 0.572928428649902 0.538268804550171
-3.4e+38 -3.4e+38 -3.4e+38 -3.4e+38 -3.4e+38 -3.4e+38 -3.4e+38 -3.4e+38 -3.4e+38 -3.4e+38 -3.4e+38 -3.4e+38 -3.4e+38 -3.4e+38 -3.4e+38 -3.4e+38 -3.4e+38 -3.4e+38 -3.4e+38 -3.4e+38 -3.4e+38 -3.4e+38 -3.4e+38 -3.4e+38 -3.4e+38 -3.4e+38 0.432448416948318 0.426690727472305 0.477129489183426 0.554915547370911 0.602098107337952 0.614601612091064 0.603689968585968 0.588854134082794 0.579103469848633 0.582601189613342 0.582749545574188 0.572078287601471 0.595648944377899 0.602782011032104 0.591361045837402 0.595288336277008 0.598752379417419 0.58154433965683 0.553906083106995
-3.4e+38 -3.4e+38 -3.4e+38 -3.4e+38 -3.4e+38 -3.4e+38 -3.4e+38 -3.4e+38 -3.4e+38 -3.4e+38 -3.4e+38 -3.4e+38 -3.4e+38 -3.4e+38 -3.4e+38 -3.4e+38 -3.4e+38 -3.4e+38 -3.4e+38 -3.4e+38 -3.4e+38 -3.4e+38 -3.4e+38 -3.4e+38 -3.4e+38 -3.4e+38 -3.4e+38 -3.4e+38 -3.4e+38 0.591347634792328 0.613880336284637 0.605672419071198 0.5901158452034 0.58704000711441 0.563769340515137 0.538070440292358 0.537987470626831 0.563872516155243 0.598431944847107 0.589405000209808 0.568129301071167 0.560231804847717 0.562954545021057 0.563414096832275 0.566248059272766
-3.4e+38 -3.4e+38 -3.4e+38 -3.4e+38 -3.4e+38 -3.4e+38 -3.4e+38 -3.4e+38 -3.4e+38 -3.4e+38 -3.4e+38 -3.4e+38 -3.4e+38 -3.4e+38 -3.4e+38 -3.4e+38 -3.4e+38 -3.4e+38 -3.4e+38 -3.4e+38 -3.4e+38 -3.4e+38 -3.4e+38 -3.4e+38 -3.4e+38 -3.4e+38 -3.4e+38 -3.4e+38 -3.4e+38 -3.4e+38 -3.4e+38 -3.4e+38 -3.4e+38 -3.4e+38 -3.4e+38 0.518722534179688 0.533088564872742 0.557864725589752 0.571851909160614 0.569420754909515 0.562173426151276 0.549435317516327 0.541340470314026 0.550359487533569 0.575934827327728
-3.4e+38 -3.4e+38 -3.4e+38 -3.4e+38 -3.4e+38 -3.4e+38 -3.4e+38 -3.4e+38 -3.4e+38 -3.4e+38 -3.4e+38 -3.4e+38 -3.4e+38 -3.4e+38 -3.4e+38 -3.4e+38 -3.4e+38 -3.4e+38 -3.4e+38 -3.4e+38 -3.4e+38 -3.4e+38 -3.4e+38 -3.4e+38 -3.4e+38 -3.4e+38 -3.4e+38 -3.4e+38 -3.4e+38 -3.4e+38 -3.4e+38 -3.4e+38 -3.4e+38 -3.4e+38 -3.4e+38 -3.4e+38 -3.4e+38 -3.4e+38 0.504218459129333 0.517749667167664 0.549771428108215 0.544425904750824 0.536232531070709 0.547768533229828 0.5732701420784
-3.4e+38 -3.4e+38 -3.4e+38 -3.4e+38 -3.4e+38 -3.4e+38 -3.4e+38 -3.4e+38 -3.4e+38 -3.4e+38 -3.4e+38 -3.4e+38 -3.4e+38 -3.4e+38 -3.4e+38 -3.4e+38 -3.4e+38 -3.4e+38 -3.4e+38 -3.4e+38 -3.4e+38 -3.4e+38 -3.4e+38 -3.4e+38 -3.4e+38 -3.4e+38 -3.4e+38 -3.4e+38 -3.4e+38 -3.4e+38 -3.4e+38 -3.4e+38 -3.4e+38 -3.4e+38 -3.4e+38 -3.4e+38 -3.4e+38 -3.4e+38 -3.4e+38 0.487608909606934 0.540921688079834 0.540406048297882 0.537904679775238 0.551499307155609 0.574087619781494
