data/trimmed_ndre/Aes_ndre.78.2014_no_clouds.asc
NCOLS 109 
NROWS 101 
XLLCORNER 466110 
YLLCORNER 5182005 
CELLSIZE 5 
NODATA_value -3.4e+38 
[rows 80 to 99 of 101, columns 0 to 44 of 109]
-3.4e+38 -3.4e+38 -3.4e+38 -3.4e+38 0.381091266870499 0.393223464488983 0.386255770921707 0.389740586280823 0.378725469112396 0.36076495051384 0.35768124461174 0.333402246236801 0.314915478229523 0.31298753619194 0.292268693447113 0.274607539176941 0.265410244464874 0.264514178037643 0.262615293264389 0.242371708154678 0.238020390272141 0.254339575767517 0.2714484333992 0.322557687759399 0.388204574584961 0.418627142906189 0.43061551451683 0.466378897428513 0.478297650814056 0.477324783802032 0.484123975038528 0.503390550613403 0.496706873178482 0.466075152158737 0.430536955595016 0.392737805843353 0.350598514080048 0.312830448150635 0.297311246395111 0.310163050889969 0.31771257519722 0.285239517688751 0.246442303061485 0.25267305970192 0.263591408729553
-3.4e+38 -3.4e+38 -3.4e+38 -3.4e+38 -3.4e+38 -3.4e+38 -3.4e+38 0.401601701974869 0.381501436233521 0.355669319629669 0.350738704204559 0.342540055513382 0.324700087308884 0.307395547628403 0.301609069108963 0.300552994012833 0.297869056463242 0.304954767227173 0.300665199756622 0.275547116994858 0.271058052778244 0.288140445947647 0.313697338104248 0.345093280076981 0.390710681676865 0.420154184103012 0.44359016418457 0.483667343854904 0.470194876194 0.474920272827148 0.493335843086243 0.496084243059158 0.473407566547394 0.442349016666412 0.393083810806274 0.342396527528763 0.309320271015167 0.271491765975952 0.253287374973297 0.263582646846771 0.274017184972763 0.253491550683975 0.227791890501976 0.235413640737534 0.254159837961197
-3.4e+38 -3.4e+38 -3.4e+38 -3.4e+38 -3.4e+38 -3.4e+38 -3.4e+38 -3.4e+38 -3.4e+38 -3.4e+38 0.353389471769333 0.338691353797913 0.333428382873535 0.310957968235016 0.29652065038681 0.305000633001328 0.313096672296524 0.33937656879425 0.352938771247864 0.338538229465485 0.339031308889389 0.337585061788559 0.349283963441849 0.375090688467026 0.393286287784576 0.413654416799545 0.457719922065735 0.497104167938232 0.477642148733139 0.485707730054855 0.497978210449219 0.485831201076508 0.45782208442688 0.414388537406921 0.35687044262886 0.309463113546371 0.282729595899582 0.255381941795349 0.239180013537407 0.247490003705025 0.253680318593979 0.245472237467766 0.227398902177811 0.220451965928078 0.227453052997589
-3.4e+38 -3.4e+38 -3.4e+38 -3.4e+38 -3.4e+38 -3.4e+38 -3.4e+38 -3.4e+38 -3.4e+38 -3.4e+38 -3.4e+38 -3.4e+38 0.33134400844574 0.305201172828674 0.272347390651703 0.273161828517914 0.296233475208282 0.318996965885162 0.336507856845856 0.35216960310936 0.376914441585541 0.385841906070709 0.389526814222336 0.406439214944839 0.421986818313599 0.425564348697662 0.472321063280106 0.501510322093964 0.494345545768738 0.496008992195129 0.49670684337616 0.484266519546509 0.445377975702286 0.386222451925278 0.327644169330597 0.286507874727249 0.270931661128998 0.265406101942062 0.257009148597717 0.256787359714508 0.253346592187881 0.238522380590439 0.221993654966354 0.217783346772194 0.217066720128059
-3.4e+38 -3.4e+38 -3.4e+38 -3.4e+38 -3.4e+38 -3.4e+38 -3.4e+38 -3.4e+38 -3.4e+38 -3.4e+38 -3.4e+38 -3.4e+38 -3.4e+38 -3.4e+38 0.253388524055481 0.249585762619972 0.265119165182114 0.266613334417343 0.26631036400795 0.28565776348114 0.334826171398163 0.380609810352325 0.391222357749939 0.415600478649139 0.43857416510582 0.443379163742065 0.487336099147797 0.499682605266571 0.484764039516449 0.488977402448654 0.490944266319275 0.485884696245193 0.448739409446716 0.378988593816757 0.324110716581345 0.296242088079453 0.295934468507767 0.29735141992569 0.281552761793137 0.263678580522537 0.245643734931946 0.231180563569069 0.228123143315315 0.223285973072052 0.214212775230408
-3.4e+38 -3.4e+38 -3.4e+38 -3.4e+38 -3.4e+38 -3.4e+38 -3.4e+38 -3.4e+38 -3.4e+38 -3.4e+38 -3.4e+38 -3.4e+38 -3.4e+38 -3.4e+38 -3.4e+38 0.247367233037949 0.246107056736946 0.235689535737038 0.228463545441628 0.235123947262764 0.276544988155365 0.33195099234581 0.358447223901749 0.408558219671249 0.457815527915955 0.465632319450378 0.466419458389282 0.477195352315903 0.48799055814743 0.490480691194534 0.485366225242615 0.478389084339142 0.462996393442154 0.394931972026825 0.332003444433212 0.328706294298172 0.338843494653702 0.335727125406265 0.311314076185226 0.275163948535919 0.263487160205841 0.241718217730522 0.227133959531784 0.223390638828278 0.211936965584755
-3.4e+38 -3.4e+38 -3.4e+38 -3.4e+38 -3.4e+38 -3.4e+38 -3.4e+38 -3.4e+38 -3.4e+38 -3.4e+38 -3.4e+38 -3.4e+38 -3.4e+38 -3.4e+38 -3.4e+38 -3.4e+38 -3.4e+38 0.225299715995789 0.211101576685905 0.215614482760429 0.245123013854027 0.29249507188797 0.343925178050995 0.397959142923355 0.447336822748184 0.457259982824326 0.450757801532745 0.481620579957962 0.513446033000946 0.501428246498108 0.485178232192993 0.496535837650299 0.497219800949097 0.434917718172073 0.372423052787781 0.373434990644455 0.391195118427277 0.390876024961472 0.362735420465469 0.327450454235077 0.310110807418823 0.272418975830078 0.245502755045891 0.245156019926071 0.23042394220829
-3.4e+38 -3.4e+38 -3.4e+38 -3.4e+38 -3.4e+38 -3.4e+38 -3.4e+38 -3.4e+38 -3.4e+38 -3.4e+38 -3.4e+38 -3.4e+38 -3.4e+38 -3.4e+38 -3.4e+38 -3.4e+38 -3.4e+38 -3.4e+38 -3.4e+38 0.232503801584244 0.253698766231537 0.284264385700226 0.340684533119202 0.398004591464996 0.430924266576767 0.451073706150055 0.468639045953751 0.495627671480179 0.513269305229187 0.498587191104889 0.490271687507629 0.509937763214111 0.508309245109558 0.469439566135406 0.428032159805298 0.420637637376785 0.425576150417328 0.411630481481552 0.403100371360779 0.375379741191864 0.342708170413971 0.337998598814011 0.297947645187378 0.268534123897552 0.255639463663101
-3.4e+38 -3.4e+38 -3.4e+38 -3.4e+38 -3.4e+38 -3.4e+38 -3.4e+38 -3.4e+38 -3.4e+38 -3.4e+38 -3.4e+38 -3.4e+38 -3.4e+38 -3.4e+38 -3.4e+38 -3.4e+38 -3.4e+38 -3.4e+38 -3.4e+38 -3.4e+38 -3.4e+38 0.286543995141983 0.344580292701721 0.407765477895737 0.439654320478439 0.461003065109253 0.479461789131165 0.496646285057068 0.500114798545837 0.493383884429932 0.478794097900391 0.495088130235672 0.501086592674255 0.470774203538895 0.454734534025192 0.448892802000046 0.431744486093521 0.405916005373001 0.411640971899033 0.406256675720215 0.379179745912552 0.356701582670212 0.315067946910858 0.284000366926193 0.260814249515533
-3.4e+38 -3.4e+38 -3.4e+38 -3.4e+38 -3.4e+38 -3.4e+38 -3.4e+38 -3.4e+38 -3.4e+38 -3.4e+38 -3.4e+38 -3.4e+38 -3.4e+38 -3.4e+38 -3.4e+38 -3.4e+38 -3.4e+38 -3.4e+38 -3.4e+38 -3.4e+38 -3.4e+38 -3.4e+38 0.36892357468605 0.421232283115387 0.449680984020233 0.470589458942413 0.474631935358047 0.471411794424057 0.479311853647232 0.48680317401886 0.46903121471405 0.49464625120163 0.496569335460663 0.457048535346985 0.448326170444489 0.451482564210892 0.448569118976593 0.430969893932343 0.426276922225952 0.418149352073669 0.371155083179474 0.321412235498428 0.296011000871658 0.276076942682266 0.25557941198349
-3.4e+38 -3.4e+38 -3.4e+38 -3.4e+38 -3.4e+38 -3.4e+38 -3.4e+38 -3.4e+38 -3.4e+38 -3.4e+38 -3.4e+38 -3.4e+38 -3.4e+38 -3.4e+38 -3.4e+38 -3.4e+38 -3.4e+38 -3.4e+38 -3.4e+38 -3.4e+38 -3.4e+38 -3.4e+38 -3.4e+38 -3.4e+38 0.45042359828949 0.457174241542816 0.439691573381424 0.427913308143616 0.461716681718826 0.49121230840683 0.478133469820023 0.498453110456467 0.483233034610748 0.43650084733963 0.417023420333862 0.420132517814636 0.430935382843018 0.4329594373703 0.423901081085205 0.410310029983521 0.350872159004211 0.29912605881691 0.272470027208328 0.255721181631088 0.245533674955368
-3.4e+38 -3.4e+38 -3.4e+38 -3.4e+38 -3.4e+38 -3.4e+38 -3.4e+38 -3.4e+38 -3.4e+38 -3.4e+38 -3.4e+38 -3.4e+38 -3.4e+38 -3.4e+38 -3.4e+38 -3.4e+38 -3.4e+38 -3.4e+38 -3.4e+38 -3.4e+38 -3.4e+38 -3.4e+38 -3.4e+38 -3.4e+38 -3.4e+38 0.401493608951569 0.379703223705292 0.387783855199814 0.447769492864609 0.505112111568451 0.506802380084991 0.497736483812332 0.476085662841797 0.43452587723732 0.401404917240143 0.398628950119019 0.410962373018265 0.412583142518997 0.415213286876678 0.402317523956299 0.345666289329529 0.306647330522537 0.276920974254608 0.252730965614319 0.242642536759377
-3.4e+38 -3.4e+38 -3.4e+38 -3.4e+38 -3.4e+38 -3.4e+38 -3.4e+38 -3.4e+38 -3.4e+38 -3.4e+38 -3.4e+38 -3.4e+38 -3.4e+38 -3.4e+38 -3.4e+38 -3.4e+38 -3.4e+38 -3.4e+38 -3.4e+38 -3.4e+38 -3.4e+38 -3.4e+38 -3.4e+38 -3.4e+38 -3.4e+38 0.354174643754959 0.329279124736786 0.351403117179871 0.419017136096954 0.501852452754974 0.518486857414246 0.484800577163696 0.468044191598892 0.439395189285278 0.417970597743988 0.419055998325348 0.429487347602844 0.423770487308502 0.4355209171772 0.425655722618103 0.375868022441864 0.350439101457596 0.317000031471252 0.283268451690674 0.260381877422333
-3.4e+38 -3.4e+38 -3.4e+38 -3.4e+38 -3.4e+38 -3.4e+38 -3.4e+38 -3.4e+38 -3.4e+38 -3.4e+38 -3.4e+38 -3.4e+38 -3.4e+38 -3.4e+38 -3.4e+38 -3.4e+38 -3.4e+38 -3.4e+38 -3.4e+38 -3.4e+38 -3.4e+38 -3.4e+38 -3.4e+38 -3.4e+38 -3.4e+38 0.33079531788826 0.302061647176743 0.315489143133163 0.384760588407516 0.468037158250809 0.492391884326935 0.464674800634384 0.44469428062439 0.427443742752075 0.423737049102783 0.44053789973259 0.458819210529327 0.461461275815964 0.464951634407043 0.460617154836655 0.434564799070358 0.401496857404709 0.366753876209259 0.328614741563797 0.298764824867249
-3.4e+38 -3.4e+38 -3.4e+38 -3.4e+38 -3.4e+38 -3.4e+38 -3.4e+38 -3.4e+38 -3.4e+38 -3.4e+38 -3.4e+38 -3.4e+38 -3.4e+38 -3.4e+38 -3.4e+38 -3.4e+38 -3.4e+38 -3.4e+38 -3.4e+38 -3.4e+38 -3.4e+38 -3.4e+38 -3.4e+38 -3.4e+38 -3.4e+38 -3.4e+38 0.309547960758209 0.304141044616699 0.358379900455475 0.436627000570297 0.456328213214874 0.443234354257584 0.418629348278046 0.407128483057022 0.412743151187897 0.430765569210052 0.461228132247925 0.470518916845322 0.458163172006607 0.450187653303146 0.455606311559677 0.434119135141373 0.398332148790359 0.380032032728195 0.348854929208755
-3.4e+38 -3.4e+38 -3.4e+38 -3.4e+38 -3.4e+38 -3.4e+38 -3.4e+38 -3.4e+38 -3.4e+38 -3.4e+38 -3.4e+38 -3.4e+38 -3.4e+38 -3.4e+38 -3.4e+38 -3.4e+38 -3.4e+38 -3.4e+38 -3.4e+38 -3.4e+38 -3.4e+38 -3.4e+38 -3.4e+38 -3.4e+38 -3.4e+38 -3.4e+38 0.299466460943222 0.306041449308395 0.353712171316147 0.421182721853256 0.432327955961227 0.422127991914749 0.395404279232025 0.385166347026825 0.398346692323685 0.416980057954788 0.445881962776184 0.460650235414505 0.451431274414062 0.444808602333069 0.454245120286942 0.453732758760452 0.426083236932755 0.412853717803955 0.378147482872009
-3.4e+38 -3.4e+38 -3.4e+38 -3.4e+38 -3.4e+38 -3.4e+38 -3.4e+38 -3.4e+38 -3.4e+38 -3.4e+38 -3.4e+38 -3.4e+38 -3.4e+38 -3.4e+38 -3.4e+38 -3.4e+38 -3.4e+38 -3.4e+38 -3.4e+38 -3.4e+38 -3.4e+38 -3.4e+38 -3.4e+38 -3.4e+38 -3.4e+38 -3.4e+38 -3.4e+38 -3.4e+38 -3.4e+38 0.424025803804398 0.420629233121872 0.398769676685333 0.375470101833344 0.366745352745056 0.384373486042023 0.405148297548294 0.423027485609055 0.438754737377167 0.456623435020447 0.457595944404602 0.43691286444664 0.441050976514816 0.434677213430405 0.405491888523102 0.369622707366943
-3.4e+38 -3.4e+38 -3.4e+38 -3.4e+38 -3.4e+38 -3.4e+38 -3.4e+38 -3.4e+38 -3.4e+38 -3.4e+38 -3.4e+38 -3.4e+38 -3.4e+38 -3.4e+38 -3.4e+38 -3.4e+38 -3.4e+38 -3.4e+38 -3.4e+38 -3.4e+38 -3.4e+38 -3.4e+38 -3.4e+38 -3.4e+38 -3.4e+38 -3.4e+38 -3.4e+38 -3.4e+38 -3.4e+38 -3.4e+38 -3.4e+38 -3.4e+38 -3.4e+38 -3.4e+38 -3.4e+38 0.398310780525208 0.403780847787857 0.403931558132172 0.442820459604263 0.448253810405731 0.408016979694366 0.417901873588562 0.414757549762726 0.385107070207596 0.348836451768875
-3.4e+38 -3.4e+38 -3.4e+38 -3.4e+38 -3.4e+38 -3.4e+38 -3.4e+38 -3.4e+38 -3.4e+38 -3.4e+38 -3.4e+38 -3.4e+38 -3.4e+38 -3.4e+38 -3.4e+38 -3.4e+38 -3.4e+38 -3.4e+38 -3.4e+38 -3.4e+38 -3.4e+38 -3.4e+38 -3.4e+38 -3.4e+38 -3.4e+38 -3.4e+38 -3.4e+38 -3.4e+38 -3.4e+38 -3.4e+38 -3.4e+38 -3.4e+38 -3.4e+38 -3.4e+38 -3.4e+38 -3.4e+38 -3.4e+38 -3.4e+38 0.40795561671257 0.398307263851166 0.375067502260208 0.389289230108261 0.386891454458237 0.366734236478806 0.345352381467819
-3.4e+38 -3.4e+38 -3.4e+38 -3.4e+38 -3.4e+38 -3.4e+38 -3.4e+38 -3.4e+38 -3.4e+38 -3.4e+38 -3.4e+38 -3.4e+38 -3.4e+38 -3.4e+38 -3.4e+38 -3.4e+38 -3.4e+38 -3.4e+38 -3.4e+38 -3.4e+38 -3.4e+38 -3.4e+38 -3.4e+38 -3.4e+38 -3.4e+38 -3.4e+38 -3.4e+38 -3.4e+38 -3.4e+38 -3.4e+38 -3.4e+38 -3.4e+38 -3.4e+38 -3.4e+38 -3.4e+38 -3.4e+38 -3.4e+38 -3.4e+38 -3.4e+38 0.347162276506424 0.349224865436554 0.348987132310867 0.351312428712845 0.349632620811462 0.352430522441864
