data/trimmed_ndre/Aes_ndre.65.2015_no_clouds.asc
NCOLS 109 
NROWS 101 
XLLCORNER 466110 
YLLCORNER 5182005 
CELLSIZE 5 
NODATA_value -3.4e+38 
[rows 40 to 59 of 101, columns 0 to 44 of 109]
-3.4e+38 -3.4e+38 -3.4e+38 -3.4e+38 -3.4e+38 -3.4e+38 -3.4e+38 -3.4e+38 -3.4e+38 -3.4e+38 -3.4e+38 -3.4e+38 0.344182074069977 0.332702070474625 0.296406924724579 0.2496417760849 0.231569483876228 0.245699107646942 0.288530886173248 0.344652712345123 0.40742039680481 0.460759222507477 0.499160140752792 0.536087274551392 0.549158275127411 0.534089624881744 0.514838457107544 0.504205346107483 0.483469635248184 0.459941178560257 0.44371509552002 0.423585951328278 0.420478463172913 0.435168325901031 0.448439031839371 0.468175381422043 0.467639327049255 0.417254030704498 0.337096363306046 0.278250753879547 0.250434517860413 0.255874067544937 0.325260549783707 0.42771652340889 0.49338886141777
-3.4e+38 -3.4e+38 -3.4e+38 -3.4e+38 -3.4e+38 -3.4e+38 -3.4e+38 -3.4e+38 -3.4e+38 -3.4e+38 -3.4e+38 -3.4e+38 0.350155413150787 0.343668639659882 0.278351008892059 0.239604085683823 0.258726537227631 0.306216150522232 0.364029198884964 0.414240092039108 0.463614404201508 0.501709461212158 0.523628950119019 0.534786939620972 0.528516948223114 0.515226125717163 0.502860069274902 0.495482057332993 0.460634022951126 0.429008573293686 0.419426590204239 0.421802341938019 0.422242045402527 0.430362075567245 0.445891052484512 0.461160361766815 0.46283820271492 0.412781625986099 0.316409409046173 0.250423580408096 0.271396607160568 0.324470102787018 0.395891577005386 0.461577206850052 0.491222083568573
-3.4e+38 -3.4e+38 -3.4e+38 -3.4e+38 -3.4e+38 -3.4e+38 -3.4e+38 -3.4e+38 -3.4e+38 -3.4e+38 -3.4e+38 0.325415879487991 0.363539934158325 0.332527220249176 0.272660285234451 0.27234348654747 0.330919951200485 0.384469747543335 0.436793029308319 0.490154385566711 0.51823765039444 0.52337372303009 0.523284792900085 0.517126262187958 0.499734103679657 0.487951576709747 0.481446743011475 0.475091636180878 0.441502153873444 0.40952867269516 0.415060609579086 0.454041957855225 0.457671374082565 0.434362590312958 0.424389511346817 0.432767152786255 0.433781325817108 0.397305458784103 0.34103712439537 0.301799774169922 0.345920026302338 0.41339436173439 0.46386593580246 0.4710952937603 0.478006958961487
-3.4e+38 -3.4e+38 -3.4e+38 -3.4e+38 -3.4e+38 -3.4e+38 -3.4e+38 -3.4e+38 -3.4e+38 -3.4e+38 -3.4e+38 0.284307956695557 0.306994706392288 0.286292523145676 0.284969478845596 0.322810858488083 0.387104988098145 0.442548751831055 0.496407210826874 0.534326016902924 0.539738357067108 0.524912536144257 0.517818868160248 0.515575468540192 0.499284774065018 0.487710863351822 0.467067539691925 0.448951780796051 0.433346003293991 0.420837759971619 0.444720923900604 0.475053578615189 0.467764616012573 0.416472196578979 0.387490719556808 0.387436032295227 0.404545336961746 0.408328980207443 0.400274127721786 0.396858632564545 0.42899814248085 0.465352535247803 0.484566539525986 0.486775428056717 0.491310566663742
-3.4e+38 -3.4e+38 -3.4e+38 -3.4e+38 -3.4e+38 -3.4e+38 -3.4e+38 -3.4e+38 -3.4e+38 -3.4e+38 -3.4e+38 0.261723637580872 0.253916025161743 0.261405915021896 0.317521810531616 0.382184743881226 0.436949014663696 0.481700390577316 0.518226623535156 0.53518009185791 0.53007584810257 0.524221241474152 0.518247723579407 0.509705543518066 0.498225331306458 0.488865822553635 0.449514448642731 0.414243191480637 0.399158388376236 0.410905689001083 0.446769326925278 0.463938653469086 0.444859862327576 0.388273388147354 0.360039860010147 0.363280683755875 0.396165758371353 0.444746613502502 0.476770251989365 0.485460042953491 0.488329946994781 0.496901243925095 0.508682370185852 0.514222919940948 0.5187708735466
-3.4e+38 -3.4e+38 -3.4e+38 -3.4e+38 -3.4e+38 -3.4e+38 -3.4e+38 -3.4e+38 -3.4e+38 -3.4e+38 -3.4e+38 0.253371387720108 0.240762144327164 0.275572240352631 0.335500359535217 0.416723757982254 0.468888878822327 0.490244001150131 0.504043459892273 0.505773186683655 0.502573609352112 0.501833379268646 0.506945252418518 0.502629935741425 0.489995449781418 0.472873240709305 0.429741382598877 0.400177270174026 0.391035050153732 0.402592599391937 0.423299521207809 0.425421088933945 0.413420826196671 0.386854588985443 0.362633556127548 0.377676397562027 0.424340754747391 0.490185678005219 0.535210788249969 0.528953492641449 0.519164621829987 0.52465695142746 0.540531098842621 0.541165828704834 0.538747191429138
-3.4e+38 -3.4e+38 -3.4e+38 -3.4e+38 -3.4e+38 -3.4e+38 -3.4e+38 -3.4e+38 -3.4e+38 -3.4e+38 0.301557034254074 0.251951366662979 0.272489041090012 0.319289356470108 0.35768386721611 0.429986745119095 0.462232977151871 0.469312518835068 0.476242303848267 0.469706803560257 0.465993404388428 0.473755240440369 0.490701138973236 0.492037117481232 0.464975625276566 0.438321501016617 0.423396348953247 0.414756059646606 0.403740227222443 0.39359250664711 0.38555645942688 0.373711794614792 0.375228255987167 0.385091364383698 0.395870447158813 0.426186203956604 0.471803843975067 0.523409247398376 0.559021234512329 0.55350536108017 0.544213950634003 0.547001242637634 0.560351431369781 0.549042046070099 0.535257756710052
-3.4e+38 -3.4e+38 -3.4e+38 -3.4e+38 -3.4e+38 -3.4e+38 -3.4e+38 -3.4e+38 -3.4e+38 -3.4e+38 0.261007308959961 0.240818411111832 0.304648995399475 0.354332327842712 0.378388226032257 0.410579562187195 0.419297277927399 0.427745908498764 0.433263510465622 0.425426721572876 0.427798807621002 0.447407692670822 0.468025267124176 0.466201841831207 0.431643486022949 0.410919398069382 0.415370106697083 0.431330323219299 0.415380328893661 0.378853917121887 0.34003958106041 0.323835283517838 0.33870130777359 0.392949342727661 0.44751763343811 0.480647057294846 0.505980789661407 0.543908715248108 0.570115387439728 0.565834701061249 0.556802332401276 0.548657894134521 0.549886345863342 0.553774058818817 0.536518752574921
-3.4e+38 -3.4e+38 -3.4e+38 -3.4e+38 -3.4e+38 -3.4e+38 -3.4e+38 -3.4e+38 -3.4e+38 -3.4e+38 0.243047997355461 0.24440298974514 0.3407923579216 0.388666480779648 0.389230996370316 0.375023305416107 0.380622565746307 0.39587813615799 0.399839490652084 0.395859003067017 0.405106961727142 0.422380417585373 0.433333814144135 0.426516711711884 0.397064805030823 0.392671138048172 0.408139318227768 0.422997027635574 0.393427670001984 0.369904011487961 0.336734682321548 0.314411878585815 0.327842235565186 0.41307333111763 0.487196415662766 0.524955928325653 0.538383364677429 0.563343703746796 0.57350617647171 0.565176248550415 0.556563079357147 0.542078256607056 0.541953504085541 0.551162302494049 0.54260665178299
-3.4e+38 -3.4e+38 -3.4e+38 -3.4e+38 -3.4e+38 -3.4e+38 -3.4e+38 -3.4e+38 -3.4e+38 0.254781305789948 0.240747064352036 0.28233876824379 0.376713424921036 0.421020030975342 0.390631288290024 0.361307471990585 0.369743913412094 0.387794375419617 0.390855997800827 0.39951166510582 0.41523352265358 0.409226506948471 0.393375247716904 0.379796743392944 0.368842273950577 0.385713040828705 0.409149736166 0.41985759139061 0.402004957199097 0.375495195388794 0.355677723884583 0.343054503202438 0.36347284913063 0.454579204320908 0.518583655357361 0.550560414791107 0.560229241847992 0.576284050941467 0.573654353618622 0.56430846452713 0.556121468544006 0.542778849601746 0.547397553920746 0.554395735263824 0.554666697978973
-3.4e+38 -3.4e+38 -3.4e+38 -3.4e+38 -3.4e+38 -3.4e+38 -3.4e+38 -3.4e+38 -3.4e+38 0.229988694190979 0.263628363609314 0.334517151117325 0.403891324996948 0.433887362480164 0.392374634742737 0.371903628110886 0.379958897829056 0.399255454540253 0.408442109823227 0.423366516828537 0.427562922239304 0.406295895576477 0.37515315413475 0.354463905096054 0.34470534324646 0.348320990800858 0.368631809949875 0.385562717914581 0.388140887022018 0.373058617115021 0.375118881464005 0.376829236745834 0.409934133291245 0.488812208175659 0.534966111183167 0.556278169155121 0.568122863769531 0.58135724067688 0.578183054924011 0.568367779254913 0.558754920959473 0.552687644958496 0.566102266311646 0.571504414081573 0.571410119533539
-3.4e+38 -3.4e+38 -3.4e+38 -3.4e+38 -3.4e+38 -3.4e+38 -3.4e+38 -3.4e+38 -3.4e+38 0.222133532166481 0.282587498426437 0.357189267873764 0.405818849802017 0.419181674718857 0.391884654760361 0.386643767356873 0.394645541906357 0.410125255584717 0.423969775438309 0.434419423341751 0.433560729026794 0.417683988809586 0.396498739719391 0.369677037000656 0.335017919540405 0.316456407308578 0.326019018888474 0.332427531480789 0.343957722187042 0.358936935663223 0.376825630664825 0.406939774751663 0.444190680980682 0.495568037033081 0.531204402446747 0.550400257110596 0.566321611404419 0.576440632343292 0.571540355682373 0.561109900474548 0.55962598323822 0.564423739910126 0.577291071414948 0.584177792072296 0.594328224658966
-3.4e+38 -3.4e+38 -3.4e+38 -3.4e+38 -3.4e+38 -3.4e+38 -3.4e+38 -3.4e+38 -3.4e+38 0.224605605006218 0.296110600233078 0.359346061944962 0.386931031942368 0.389482855796814 0.380422443151474 0.384446531534195 0.393550455570221 0.408062517642975 0.42385932803154 0.433794051408768 0.438180536031723 0.434375792741776 0.414802014827728 0.372644335031509 0.331963181495667 0.299942761659622 0.287819772958755 0.279241263866425 0.282013893127441 0.324407458305359 0.386533945798874 0.446001440286636 0.450969457626343 0.474500149488449 0.514272630214691 0.557009279727936 0.57658576965332 0.571696519851685 0.556340396404266 0.54370242357254 0.554568648338318 0.569045543670654 0.584006607532501 0.598722279071808 0.613968372344971
-3.4e+38 -3.4e+38 -3.4e+38 -3.4e+38 -3.4e+38 -3.4e+38 -3.4e+38 -3.4e+38 0.213913589715958 0.252488851547241 0.312394291162491 0.352685034275055 0.362318783998489 0.357474744319916 0.360427767038345 0.377858310937881 0.39216673374176 0.401195645332336 0.417777419090271 0.433323711156845 0.439485311508179 0.431833058595657 0.407771557569504 0.36639603972435 0.325971096754074 0.283340901136398 0.253389269113541 0.242375299334526 0.241595536470413 0.319039344787598 0.407791018486023 0.46929594874382 0.440223604440689 0.454634189605713 0.505368292331696 0.561859369277954 0.577284157276154 0.562380909919739 0.542857229709625 0.53744238615036 0.557738482952118 0.568058371543884 0.583236157894135 0.605558574199677 0.620213985443115
-3.4e+38 -3.4e+38 -3.4e+38 -3.4e+38 -3.4e+38 -3.4e+38 -3.4e+38 -3.4e+38 0.22502875328064 0.293704122304916 0.335655748844147 0.351269751787186 0.350230723619461 0.349843293428421 0.363612502813339 0.381297022104263 0.39345771074295 0.395771503448486 0.421327382326126 0.442887902259827 0.442697137594223 0.431409627199173 0.404719620943069 0.355314433574677 0.294771373271942 0.25165468454361 0.211850300431252 0.207713648676872 0.240443527698517 0.339923202991486 0.412686616182327 0.450765520334244 0.449081748723984 0.470563977956772 0.513660252094269 0.555236756801605 0.564580380916595 0.557704150676727 0.552936971187592 0.550906717777252 0.558143556118011 0.564412534236908 0.579398334026337 0.605157852172852 0.634501338005066
-3.4e+38 -3.4e+38 -3.4e+38 -3.4e+38 -3.4e+38 -3.4e+38 -3.4e+38 -3.4e+38 0.253371506929398 0.339659214019775 0.367894530296326 0.361314505338669 0.348051637411118 0.352627843618393 0.372122257947922 0.386196494102478 0.394542932510376 0.401673972606659 0.417982518672943 0.431096196174622 0.431215554475784 0.421899974346161 0.408276230096817 0.346222728490829 0.277032762765884 0.239127680659294 0.207960307598114 0.221048936247826 0.279642939567566 0.362056225538254 0.398846417665482 0.444816023111343 0.481896638870239 0.507371962070465 0.524513125419617 0.542079508304596 0.555352628231049 0.5649573802948 0.574796319007874 0.567450761795044 0.561186790466309 0.570728361606598 0.593195497989655 0.617797017097473 0.640285611152649
-3.4e+38 -3.4e+38 -3.4e+38 -3.4e+38 -3.4e+38 -3.4e+38 -3.4e+38 0.236104741692543 0.292584359645844 0.369246244430542 0.381136655807495 0.359017759561539 0.348400205373764 0.357698321342468 0.375672817230225 0.383544087409973 0.381307631731033 0.379499852657318 0.388742089271545 0.39752408862114 0.394856065511703 0.387337684631348 0.392047852277756 0.351274818181992 0.295799225568771 0.260722815990448 0.255694478750229 0.279269069433212 0.331983923912048 0.391552090644836 0.41929966211319 0.473952770233154 0.522950112819672 0.545459687709808 0.540223240852356 0.548565566539764 0.564937233924866 0.582596182823181 0.595968902111053 0.582962810993195 0.578455328941345 0.591248214244843 0.61345648765564 0.62124103307724 0.639009714126587
-3.4e+38 -3.4e+38 -3.4e+38 -3.4e+38 -3.4e+38 -3.4e+38 -3.4e+38 0.256554514169693 0.328036069869995 0.376421630382538 0.378117680549622 0.357939213514328 0.354369819164276 0.362451165914536 0.374600380659103 0.379501551389694 0.370530426502228 0.360728293657303 0.356776028871536 0.351280510425568 0.339350938796997 0.347001820802689 0.374039262533188 0.376348793506622 0.341964215040207 0.321344792842865 0.326799124479294 0.333038181066513 0.372699737548828 0.421336740255356 0.463454812765121 0.514659345149994 0.554194748401642 0.571039617061615 0.56635183095932 0.565485775470734 0.584082961082458 0.598621010780334 0.60487174987793 0.596708238124847 0.599777221679688 0.609940886497498 0.621740162372589 0.61669385433197 0.637119829654694
-3.4e+38 -3.4e+38 -3.4e+38 -3.4e+38 -3.4e+38 -3.4e+38 -3.4e+38 0.257111549377441 0.338658571243286 0.370873838663101 0.371524065732956 0.364873856306076 0.368870228528976 0.370321094989777 0.370663404464722 0.369732618331909 0.362940639257431 0.355796068906784 0.350438147783279 0.345517575740814 0.337933570146561 0.355178564786911 0.38902884721756 0.419696539640427 0.412059187889099 0.406909734010696 0.394248962402344 0.374080955982208 0.404210984706879 0.456171721220016 0.509246230125427 0.548008620738983 0.572313725948334 0.586790442466736 0.586512982845306 0.580334544181824 0.596220672130585 0.600565910339355 0.597564578056335 0.597833156585693 0.610774219036102 0.618724763393402 0.620876491069794 0.619754612445831 0.642307579517365
-3.4e+38 -3.4e+38 -3.4e+38 -3.4e+38 -3.4e+38 -3.4e+38 0.235322162508965 0.271589368581772 0.351452350616455 0.368864715099335 0.366026312112808 0.36014997959137 0.364063173532486 0.365755558013916 0.359942197799683 0.356032282114029 0.356312036514282 0.350261390209198 0.349582076072693 0.349763631820679 0.352613657712936 0.391979545354843 0.432692527770996 0.47017428278923 0.490798592567444 0.467918783426285 0.441021949052811 0.419577986001968 0.438288480043411 0.490027159452438 0.532371580600739 0.559306621551514 0.57731020450592 0.593457937240601 0.59296053647995 0.581543207168579 0.574117302894592 0.585650742053986 0.589749157428741 0.597043931484222 0.61537766456604 0.623031914234161 0.624921560287476 0.629727840423584 0.644251763820648
