data/trimmed_ndre/Aes_ndre.731.2011_no_clouds.asc
NCOLS 109 
NROWS 101 
XLLCORNER 466110 
YLLCORNER 5182005 
CELLSIZE 5 
NODATA_value -3.4e+38 
[rows 60 to 79 of 101, columns 0 to 44 of 109]
-3.4e+38 -3.4e+38 -3.4e+38 -3.4e+38 -3.4e+38 -3.4e+38 0.19228033721447 0.240612015128136 0.258078217506409 0.236956715583801 0.221658736467361 0.208916932344437 0.202137485146523 0.149766892194748 0.131547629833221 0.136742293834686 0.128755375742912 0.135893866419792 0.134428128600121 0.123045347630978 0.12896816432476 0.132025346159935 0.115065239369869 0.112922668457031 0.117254391312599 0.111001253128052 0.128239557147026 0.127946779131889 0.123159863054752 0.1318149715662 0.18103888630867 0.269604623317719 0.361791849136353 0.390603542327881 0.397574782371521 0.410546094179153 0.419492363929749 0.424417436122894 0.438225895166397 0.455808252096176 0.465332806110382 0.466533333063126 0.462472766637802 0.470349699258804 0.472034186124802
-3.4e+38 -3.4e+38 -3.4e+38 -3.4e+38 -3.4e+38 0.166725605726242 0.205166876316071 0.243288144469261 0.239776372909546 0.228443384170532 0.226599127054214 0.201395317912102 0.192953169345856 0.13766385614872 0.122020617127419 0.127489179372787 0.117624677717686 0.116678148508072 0.122205220162868 0.112894520163536 0.125742092728615 0.137481614947319 0.12962244451046 0.118487693369389 0.120206117630005 0.128823503851891 0.138471499085426 0.132115855813026 0.15095928311348 0.182879090309143 0.237627178430557 0.297511100769043 0.359742194414139 0.402797400951385 0.414513379335403 0.42194077372551 0.423573285341263 0.425023972988129 0.432754278182983 0.46085649728775 0.477991282939911 0.468488931655884 0.461955487728119 0.467571228742599 0.467281073331833
-3.4e+38 -3.4e+38 -3.4e+38 -3.4e+38 -3.4e+38 0.167841643095016 0.197982862591743 0.225372925400734 0.227286130189896 0.221842184662819 0.213972136378288 0.200449407100677 0.165844067931175 0.115625031292439 0.123166657984257 0.12182355672121 0.122958339750767 0.125564649701118 0.12474262714386 0.106841199100018 0.108917877078056 0.120866417884827 0.136288344860077 0.134181067347527 0.131459146738052 0.13621774315834 0.14822493493557 0.160069271922112 0.187554463744164 0.246536046266556 0.297973245382309 0.327239513397217 0.376128911972046 0.412792772054672 0.417594850063324 0.426927179098129 0.422573298215866 0.417149692773819 0.434740155935287 0.464176118373871 0.479969650506973 0.46635103225708 0.462256848812103 0.468265444040298 0.472730696201324
-3.4e+38 -3.4e+38 -3.4e+38 -3.4e+38 -3.4e+38 0.169024243950844 0.212326496839523 0.234965592622757 0.223121121525764 0.202742084860802 0.202657774090767 0.214141294360161 0.151594534516335 0.114916980266571 0.133947223424911 0.133728623390198 0.136129200458527 0.132557466626167 0.129786819219589 0.125823318958282 0.116994291543961 0.110159002244473 0.130081906914711 0.141238987445831 0.137733787298203 0.148204192519188 0.178614795207977 0.211996704339981 0.244117826223373 0.306457936763763 0.339026212692261 0.359379947185516 0.393563002347946 0.430360049009323 0.436647653579712 0.437036335468292 0.428578585386276 0.420777916908264 0.445247560739517 0.464837610721588 0.474409192800522 0.468537092208862 0.465272814035416 0.461513429880142 0.471319168806076
-3.4e+38 -3.4e+38 -3.4e+38 -3.4e+38 0.167109876871109 0.180183112621307 0.22379258275032 0.252925515174866 0.227097690105438 0.200169965624809 0.206305772066116 0.192038491368294 0.132588386535645 0.127185046672821 0.139590665698051 0.144218072295189 0.122611969709396 0.116224586963654 0.126018837094307 0.138357177376747 0.132947832345963 0.112228132784367 0.125990852713585 0.157510206103325 0.186425104737282 0.223563432693481 0.259153097867966 0.29713374376297 0.307885468006134 0.331284940242767 0.367346674203873 0.398017913103104 0.425283074378967 0.468421459197998 0.46342596411705 0.445350140333176 0.448821008205414 0.464630216360092 0.473419338464737 0.45815110206604 0.457049608230591 0.458313077688217 0.454237937927246 0.460534483194351 0.477175235748291
-3.4e+38 -3.4e+38 -3.4e+38 -3.4e+38 0.178539946675301 0.197043865919113 0.230384305119514 0.253731787204742 0.234790116548538 0.219246074557304 0.21640832722187 0.183337837457657 0.137548238039017 0.125526502728462 0.125111863017082 0.135146945714951 0.116466842591763 0.115320071578026 0.114626966416836 0.140315786004066 0.141373544931412 0.124295018613338 0.143017053604126 0.198313444852829 0.261068552732468 0.304831445217133 0.338995933532715 0.363825887441635 0.358274817466736 0.361130863428116 0.399806559085846 0.43929061293602 0.454965591430664 0.469046205282211 0.474990129470825 0.471528470516205 0.468910276889801 0.472425639629364 0.464382201433182 0.450895488262177 0.4613396525383 0.468234777450562 0.461992472410202 0.481088161468506 0.4848912358284
-3.4e+38 -3.4e+38 -3.4e+38 0.186185106635094 0.18894836306572 0.222156763076782 0.239849403500557 0.239792004227638 0.232194155454636 0.219670444726944 0.209932595491409 0.178673654794693 0.145953193306923 0.131236016750336 0.122116252779961 0.127497479319572 0.118222460150719 0.128572434186935 0.120357692241669 0.140978083014488 0.132356032729149 0.125843212008476 0.165104597806931 0.262402832508087 0.331474155187607 0.367477536201477 0.383561849594116 0.387994259595871 0.395551294088364 0.403881311416626 0.429669409990311 0.464146882295609 0.476696610450745 0.476555079221725 0.491476356983185 0.491236329078674 0.462129890918732 0.449461609125137 0.460448443889618 0.471155136823654 0.487094968557358 0.497054785490036 0.487199008464813 0.482044726610184 0.473404467105865
-3.4e+38 -3.4e+38 -3.4e+38 0.173935815691948 0.195011138916016 0.237469434738159 0.249508634209633 0.241402998566628 0.233217507600784 0.222662955522537 0.220051974058151 0.175778687000275 0.138234600424767 0.146435141563416 0.145853638648987 0.131524696946144 0.127671435475349 0.139237970113754 0.131160125136375 0.135844275355339 0.125474959611893 0.140193924307823 0.206426829099655 0.307389229536057 0.363930225372314 0.395737498998642 0.398019909858704 0.383494317531586 0.412658274173737 0.433476835489273 0.451860368251801 0.486248433589935 0.503720104694366 0.497747331857681 0.499974995851517 0.494189649820328 0.468253672122955 0.456478029489517 0.471960812807083 0.489129573106766 0.488989174365997 0.490580499172211 0.473960071802139 0.460034519433975 0.464870363473892
-3.4e+38 -3.4e+38 -3.4e+38 0.172528877854347 0.206262722611427 0.238424986600876 0.257116973400116 0.254036873579025 0.235712081193924 0.239143624901772 0.217328414320946 0.163234204053879 0.143025904893875 0.152247533202171 0.143598586320877 0.118535436689854 0.128938913345337 0.132740184664726 0.132641896605492 0.126530095934868 0.124078668653965 0.164390295743942 0.250657379627228 0.338772088289261 0.362566649913788 0.385751068592072 0.399008810520172 0.388904213905334 0.407547146081924 0.448114424943924 0.479079753160477 0.499450355768204 0.508682310581207 0.501318454742432 0.491136878728867 0.488569229841232 0.484079718589783 0.467085748910904 0.47086900472641 0.486085444688797 0.47077551484108 0.451499700546265 0.434528529644012 0.451744914054871 0.475766748189926
-3.4e+38 -3.4e+38 -3.4e+38 0.179670870304108 0.219940811395645 0.237453296780586 0.241242364048958 0.241543054580688 0.238124713301659 0.247717186808586 0.214433938264847 0.169025242328644 0.149868071079254 0.11904676258564 0.116829462349415 0.128302842378616 0.136508762836456 0.128159150481224 0.150244981050491 0.145513102412224 0.142186895012856 0.185269057750702 0.269831001758575 0.343209892511368 0.363711267709732 0.392702102661133 0.412600934505463 0.416008472442627 0.421303570270538 0.452193230390549 0.484373658895493 0.488511770963669 0.481489419937134 0.485703229904175 0.484849870204926 0.466238737106323 0.458903402090073 0.465458244085312 0.475699007511139 0.479937463998795 0.452795416116714 0.424959391355515 0.428712487220764 0.4587482213974 0.478190720081329
-3.4e+38 -3.4e+38 0.182865455746651 0.180791452527046 0.229065656661987 0.242584735155106 0.228866428136826 0.227562516927719 0.222460001707077 0.236153528094292 0.222101107239723 0.173399582505226 0.144279345870018 0.110083401203156 0.123046040534973 0.151776492595673 0.131702125072479 0.105248302221298 0.132685154676437 0.150289967656136 0.155817076563835 0.186023503541946 0.295347213745117 0.383292078971863 0.406305998563766 0.433283120393753 0.451185762882233 0.444936275482178 0.44596403837204 0.454522490501404 0.465499460697174 0.47844997048378 0.482327669858932 0.486631155014038 0.482284337282181 0.452260375022888 0.451438039541245 0.474026143550873 0.479794234037399 0.474160104990005 0.454521805047989 0.445978164672852 0.447402209043503 0.436495512723923 0.44437175989151
-3.4e+38 -3.4e+38 0.18261231482029 0.189141005277634 0.237657994031906 0.250917196273804 0.235032618045807 0.223167687654495 0.218228876590729 0.232637301087379 0.218674942851067 0.157539397478104 0.132026135921478 0.122858300805092 0.13061711192131 0.145697712898254 0.13690359890461 0.113254986703396 0.109165117144585 0.139548599720001 0.161941707134247 0.204047113656998 0.331096678972244 0.439426958560944 0.434895426034927 0.453782975673676 0.47979211807251 0.470948398113251 0.469753742218018 0.461633503437042 0.453736305236816 0.474019020795822 0.501412093639374 0.493831932544708 0.478928625583649 0.468449532985687 0.463321208953857 0.473754584789276 0.483876198530197 0.475048303604126 0.468552857637405 0.462049067020416 0.435098052024841 0.392082095146179 0.394427925348282
-3.4e+38 -3.4e+38 0.179429322481155 0.206139504909515 0.233979478478432 0.248061463236809 0.251250237226486 0.238149106502533 0.233932316303253 0.219082549214363 0.209315747022629 0.16303277015686 0.126236945390701 0.122213967144489 0.130639016628265 0.132042422890663 0.152245715260506 0.147739142179489 0.113934151828289 0.127874374389648 0.14866903424263 0.189414232969284 0.307846307754517 0.423525720834732 0.43414181470871 0.466246843338013 0.488453298807144 0.486036151647568 0.485300928354263 0.474206686019897 0.461401611566544 0.474552780389786 0.503840148448944 0.490826487541199 0.478215038776398 0.468359649181366 0.469530075788498 0.477611005306244 0.480339646339417 0.461841255426407 0.456945806741714 0.438734412193298 0.409774273633957 0.382773697376251 0.374082893133163
-3.4e+38 0.194438993930817 0.181229397654533 0.21355539560318 0.237697154283524 0.255070596933365 0.262470066547394 0.245951786637306 0.225140675902367 0.201651364564896 0.211570456624031 0.18800100684166 0.135564744472504 0.128874823451042 0.141930028796196 0.125760704278946 0.13928858935833 0.146900236606598 0.113411411643028 0.125155180692673 0.131437197327614 0.157067894935608 0.256860256195068 0.38486585021019 0.436235219240189 0.455280423164368 0.468380838632584 0.473271042108536 0.482180744409561 0.486016422510147 0.474383443593979 0.466628640890121 0.482399612665176 0.477043002843857 0.47555685043335 0.470201820135117 0.472322076559067 0.467828929424286 0.45499512553215 0.437092065811157 0.422550290822983 0.418957084417343 0.409701198339462 0.392667144536972 0.377267062664032
-3.4e+38 0.184401616454124 0.191508516669273 0.2296062707901 0.252861768007278 0.263678073883057 0.268516302108765 0.237520441412926 0.22262367606163 0.236308470368385 0.228299498558044 0.19647453725338 0.152425900101662 0.134695693850517 0.14255864918232 0.128575444221497 0.125325173139572 0.133158102631569 0.121528670191765 0.122452937066555 0.137475296854973 0.155226513743401 0.208161696791649 0.318012803792953 0.385113477706909 0.40600061416626 0.42737865447998 0.453723728656769 0.474638402462006 0.490439206361771 0.481925070285797 0.466510653495789 0.471186339855194 0.46554884314537 0.467419117689133 0.467058688402176 0.461858123540878 0.446657299995422 0.43404358625412 0.423460930585861 0.402190536260605 0.406591087579727 0.409926772117615 0.398073941469193 0.39056059718132
-3.4e+38 0.183453887701035 0.205334365367889 0.246869221329689 0.269148141145706 0.272862762212753 0.274247705936432 0.258188456296921 0.250222861766815 0.26566943526268 0.228851526975632 0.182386696338654 0.142930075526237 0.115637168288231 0.120991207659245 0.13109715282917 0.123459078371525 0.137161120772362 0.136539295315742 0.117095679044724 0.138264983892441 0.150320157408714 0.176735579967499 0.245523750782013 0.316672831773758 0.364387810230255 0.39510190486908 0.445750057697296 0.482453435659409 0.493254244327545 0.482943534851074 0.468005657196045 0.459762275218964 0.459449887275696 0.454030185937881 0.452796787023544 0.452569127082825 0.431513160467148 0.425691872835159 0.424864947795868 0.407425433397293 0.4022116959095 0.401334136724472 0.385368138551712 0.37298783659935
-3.4e+38 0.183358862996101 0.222254663705826 0.260124623775482 0.288958609104156 0.291762351989746 0.287795424461365 0.291932225227356 0.28003141283989 0.278480350971222 0.250122666358948 0.181563302874565 0.136023014783859 0.112758561968803 0.118990920484066 0.145560815930367 0.131174072623253 0.138964995741844 0.144648790359497 0.119304411113262 0.130788937211037 0.149333268404007 0.165390506386757 0.208229765295982 0.289787471294403 0.346651971340179 0.388968676328659 0.442560732364655 0.477646052837372 0.478182584047318 0.465076357126236 0.459695488214493 0.460538893938065 0.465496420860291 0.455407321453094 0.443392395973206 0.437029480934143 0.423169106245041 0.420976310968399 0.427439302206039 0.421715021133423 0.405585497617722 0.389819949865341 0.363683611154556 0.333295285701752
0.18999670445919 0.188915133476257 0.239192873239517 0.276836901903152 0.306368768215179 0.309645295143127 0.296202600002289 0.287244737148285 0.284724593162537 0.288998246192932 0.273056626319885 0.197617843747139 0.160510614514351 0.141365677118301 0.130131170153618 0.136409416794777 0.122450597584248 0.131802156567574 0.134951949119568 0.117654979228973 0.129539638757706 0.150163382291794 0.16127522289753 0.200609371066093 0.284234315156937 0.352589219808578 0.397412687540054 0.421177446842194 0.447926163673401 0.460888832807541 0.443901687860489 0.455020397901535 0.464712560176849 0.47147724032402 0.459665834903717 0.418202877044678 0.4044389128685 0.409264326095581 0.410176634788513 0.413692116737366 0.410583585500717 0.394092381000519 0.36906036734581 0.339288353919983 0.304690062999725
0.179324895143509 0.201521441340446 0.256260901689529 0.289871990680695 0.313629239797592 0.31477814912796 0.3010213971138 0.289350718259811 0.289374083280563 0.287160843610764 0.274252831935883 0.211665123701096 0.158341780304909 0.128570169210434 0.125972673296928 0.121135599911213 0.11500883102417 0.132249355316162 0.13116417825222 0.125518381595612 0.146934151649475 0.139638051390648 0.153177514672279 0.228879302740097 0.304508447647095 0.352337062358856 0.394710302352905 0.403868705034256 0.429941922426224 0.454330116510391 0.447739690542221 0.464673846960068 0.469421625137329 0.458286821842194 0.432951331138611 0.384571105241776 0.370263755321503 0.371568113565445 0.367406249046326 0.368200153112411 0.361384212970734 0.351170361042023 0.337991833686829 0.304012447595596 0.268023580312729
0.176328405737877 0.218879863619804 0.275233805179596 0.300650954246521 0.321998238563538 0.322641521692276 0.308402538299561 0.290261626243591 0.280865430831909 0.275449603796005 0.255940914154053 0.204700008034706 0.145565345883369 0.121803879737854 0.126020833849907 0.118973471224308 0.116848811507225 0.135631963610649 0.116582952439785 0.123777791857719 0.147875547409058 0.133615329861641 0.166535556316376 0.262292981147766 0.317933350801468 0.347899228334427 0.388229519128799 0.402709037065506 0.429460257291794 0.45526534318924 0.458202749490738 0.46519610285759 0.458467662334442 0.423675268888474 0.397108912467957 0.363595128059387 0.336814552545547 0.321139752864838 0.308813780546188 0.312508195638657 0.30588710308075 0.300397485494614 0.297084629535675 0.271584928035736 0.244200870394707
