data/trimmed_ndre/Aes_ndre.629.2013_no_clouds.asc
NCOLS 109 
NROWS 101 
XLLCORNER 466110 
YLLCORNER 5182005 
CELLSIZE 5 
NODATA_value -3.4e+38 
[rows 80 to 99 of 101, columns 45 to 89 of 109]
0.265490859746933 0.291976422071457 0.346318811178207 0.418945968151093 0.479774326086044 0.528042852878571 0.553040146827698 0.549566328525543 0.56171989440918 0.592176496982574 0.629213154315948 0.633597433567047 0.635679602622986 0.664363980293274 0.653190314769745 0.63403856754303 0.638861536979675 0.64497834444046 0.591520488262177 0.507095158100128 0.460922181606293 0.471247434616089 0.432781249284744 0.398793071508408 0.397873371839523 0.344859004020691 0.312425792217255 0.295216202735901 0.305562704801559 0.338291496038437 0.355782210826874 0.371785074472427 0.427229821681976 0.480967015028 0.527166187763214 0.573342978954315 0.573693931102753 0.564199864864349 0.571350276470184 -3.4e+38 -3.4e+38 -3.4e+38 -3.4e+38 -3.4e+38 -3.4e+38
0.243528038263321 0.28685399889946 0.37272921204567 0.433900862932205 0.494913995265961 0.545144975185394 0.56633985042572 0.550543010234833 0.534766495227814 0.547934353351593 0.601656913757324 0.606598496437073 0.625446319580078 0.675318658351898 0.660404086112976 0.642653048038483 0.643821120262146 0.627809286117554 0.557514250278473 0.46271613240242 0.4381502866745 0.456448286771774 0.412466257810593 0.388494461774826 0.37496230006218 0.319783926010132 0.285630345344543 0.27572837471962 0.307979226112366 0.34457728266716 0.362308144569397 0.400343656539917 0.457542032003403 0.47995600104332 0.524163067340851 0.565176904201508 0.564921021461487 0.551388800144196 -3.4e+38 -3.4e+38 -3.4e+38 -3.4e+38 -3.4e+38 -3.4e+38 -3.4e+38
0.274180859327316 0.301916718482971 0.369386583566666 0.431630581617355 0.48623064160347 0.529738426208496 0.542830407619476 0.517453193664551 0.51357501745224 0.53843492269516 0.564353942871094 0.551852464675903 0.601179957389832 0.651745498180389 0.63559353351593 0.616518437862396 0.598751842975616 0.574636697769165 0.516440987586975 0.461612492799759 0.449034929275513 0.450336694717407 0.407538950443268 0.381061613559723 0.348467886447906 0.298226147890091 0.279486507177353 0.282057285308838 0.323212027549744 0.352143466472626 0.37191978096962 0.434975951910019 0.48811861872673 0.503122508525848 0.534919917583466 0.558686912059784 0.557438552379608 -3.4e+38 -3.4e+38 -3.4e+38 -3.4e+38 -3.4e+38 -3.4e+38 -3.4e+38 -3.4e+38
0.265079617500305 0.260985970497131 0.31247267127037 0.405018955469131 0.443468689918518 0.488462775945663 0.520551025867462 0.525932848453522 0.545617461204529 0.557840347290039 0.54967337846756 0.518904566764832 0.547755300998688 0.580273926258087 0.58914977312088 0.574638187885284 0.536417722702026 0.506516754627228 0.498762220144272 0.493866562843323 0.469045579433441 0.45493295788765 0.420444458723068 0.392777800559998 0.334220081567764 0.297111213207245 0.290392488241196 0.293844699859619 0.336741328239441 0.365839928388596 0.394056439399719 0.452660918235779 0.495574474334717 0.510381102561951 0.529313504695892 -3.4e+38 -3.4e+38 -3.4e+38 -3.4e+38 -3.4e+38 -3.4e+38 -3.4e+38 -3.4e+38 -3.4e+38 -3.4e+38
0.256897211074829 0.236158475279808 0.281666934490204 0.38067901134491 0.425795614719391 0.465071618556976 0.529398679733276 0.556929051876068 0.542072117328644 0.536185026168823 0.554926335811615 0.56226259469986 0.560458719730377 0.562126696109772 0.549483954906464 0.535604536533356 0.511972367763519 0.500425040721893 0.50665682554245 0.498179167509079 0.461027354001999 0.460579425096512 0.443798273801804 0.406625181436539 0.345818370580673 0.302054107189178 0.291680961847305 0.308880418539047 0.360081434249878 0.393144458532333 0.418859720230103 0.458437383174896 0.487668752670288 0.497253090143204 -3.4e+38 -3.4e+38 -3.4e+38 -3.4e+38 -3.4e+38 -3.4e+38 -3.4e+38 -3.4e+38 -3.4e+38 -3.4e+38 -3.4e+38
0.271226048469543 0.264669209718704 0.279293984174728 0.321330338716507 0.378027051687241 0.431325703859329 0.500243544578552 0.533089816570282 0.516281962394714 0.518119871616364 0.571166515350342 0.603326261043549 0.588037133216858 0.572601020336151 0.552217245101929 0.539703667163849 0.536669671535492 0.534142136573792 0.505265414714813 0.463596343994141 0.435244828462601 0.430273145437241 0.403686672449112 0.365350246429443 0.331804871559143 0.318343281745911 0.309995204210281 0.329173803329468 0.386763602495193 0.419247150421143 0.439495861530304 0.462368577718735 0.487067073583603 -3.4e+38 -3.4e+38 -3.4e+38 -3.4e+38 -3.4e+38 -3.4e+38 -3.4e+38 -3.4e+38 -3.4e+38 -3.4e+38 -3.4e+38 -3.4e+38
0.274755656719208 0.272107124328613 0.264238834381104 0.281545698642731 0.339801043272018 0.396954655647278 0.437672525644302 0.475604742765427 0.526797473430634 0.550985395908356 0.564155757427216 0.584273219108582 0.579389691352844 0.567432582378387 0.553918957710266 0.544863939285278 0.553092539310455 0.556375682353973 0.529961943626404 0.488200396299362 0.442487984895706 0.398804903030396 0.35088923573494 0.309029817581177 0.308195948600769 0.329429149627686 0.337798714637756 0.36159360408783 0.403394460678101 0.424587845802307 0.432736873626709 0.451897770166397 -3.4e+38 -3.4e+38 -3.4e+38 -3.4e+38 -3.4e+38 -3.4e+38 -3.4e+38 -3.4e+38 -3.4e+38 -3.4e+38 -3.4e+38 -3.4e+38 -3.4e+38
0.285385698080063 0.263437151908875 0.243646994233131 0.287397652864456 0.355514168739319 0.379932224750519 0.381530702114105 0.423797309398651 0.533153533935547 0.576806604862213 0.55294805765152 0.575655281543732 0.584873259067535 0.571401178836823 0.551056861877441 0.552012264728546 0.57378077507019 0.580463767051697 0.55277556180954 0.514971971511841 0.447289705276489 0.37810030579567 0.316748082637787 0.278935700654984 0.30290612578392 0.336457997560501 0.369165599346161 0.400830149650574 0.426529794931412 0.430106341838837 0.429740458726883 -3.4e+38 -3.4e+38 -3.4e+38 -3.4e+38 -3.4e+38 -3.4e+38 -3.4e+38 -3.4e+38 -3.4e+38 -3.4e+38 -3.4e+38 -3.4e+38 -3.4e+38 -3.4e+38
0.300690919160843 0.26354444026947 0.240018531680107 0.296877652406693 0.372326970100403 0.370444744825363 0.364847809076309 0.410000145435333 0.493506640195847 0.550031185150146 0.564420640468597 0.588377177715302 0.600264012813568 0.588440954685211 0.568271636962891 0.575151085853577 0.599523723125458 0.591504871845245 0.542159914970398 0.48726025223732 0.413885802030563 0.337059885263443 0.278704553842545 0.27938586473465 0.324954301118851 0.358738660812378 0.388160049915314 0.418868333101273 0.443388640880585 0.444648742675781 -3.4e+38 -3.4e+38 -3.4e+38 -3.4e+38 -3.4e+38 -3.4e+38 -3.4e+38 -3.4e+38 -3.4e+38 -3.4e+38 -3.4e+38 -3.4e+38 -3.4e+38 -3.4e+38 -3.4e+38
0.27978727221489 0.268251568078995 0.237483993172646 0.26984828710556 0.352702736854553 0.376508951187134 0.392178326845169 0.405044764280319 0.442884981632233 0.494998514652252 0.537507295608521 0.561556160449982 0.576797485351562 0.574355840682983 0.563392639160156 0.573363840579987 0.589491724967957 0.573194086551666 0.514187276363373 0.443209022283554 0.366230309009552 0.316201269626617 0.291198641061783 0.305088043212891 0.353499621152878 0.397511214017868 0.425248265266418 0.447304576635361 0.464839279651642 -3.4e+38 -3.4e+38 -3.4e+38 -3.4e+38 -3.4e+38 -3.4e+38 -3.4e+38 -3.4e+38 -3.4e+38 -3.4e+38 -3.4e+38 -3.4e+38 -3.4e+38 -3.4e+38 -3.4e+38 -3.4e+38
0.293627560138702 0.32001006603241 0.292621940374374 0.290713280439377 0.349619477987289 0.415197521448135 0.442987382411957 0.449014246463776 0.427242457866669 0.428509205579758 0.448199212551117 0.473671138286591 0.479475736618042 0.482157289981842 0.485869467258453 0.508641004562378 0.532171785831451 0.52316278219223 0.475626826286316 0.400622218847275 0.350199162960052 0.342317432165146 0.347308665513992 0.367700785398483 0.412248432636261 0.457618564367294 0.474316567182541 0.475430339574814 -3.4e+38 -3.4e+38 -3.4e+38 -3.4e+38 -3.4e+38 -3.4e+38 -3.4e+38 -3.4e+38 -3.4e+38 -3.4e+38 -3.4e+38 -3.4e+38 -3.4e+38 -3.4e+38 -3.4e+38 -3.4e+38 -3.4e+38
0.350522458553314 0.355606824159622 0.348793387413025 0.351138830184937 0.403157591819763 0.459560334682465 0.476171493530273 0.470604985952377 0.420754194259644 0.37766444683075 0.38593453168869 0.386064976453781 0.379718065261841 0.389659196138382 0.402032524347305 0.430659890174866 0.458158820867538 0.444490283727646 0.425010085105896 0.390575677156448 0.379021495580673 0.397174596786499 0.41775107383728 0.447095781564713 0.473324805498123 0.494969338178635 -3.4e+38 -3.4e+38 -3.4e+38 -3.4e+38 -3.4e+38 -3.4e+38 -3.4e+38 -3.4e+38 -3.4e+38 -3.4e+38 -3.4e+38 -3.4e+38 -3.4e+38 -3.4e+38 -3.4e+38 -3.4e+38 -3.4e+38 -3.4e+38 -3.4e+38
0.358502924442291 0.357166528701782 0.363055229187012 0.389959931373596 0.426784098148346 0.469532072544098 0.484197169542313 0.466071635484695 0.431604981422424 0.404318541288376 0.394184470176697 0.383222162723541 0.381528943777084 0.382361024618149 0.383434504270554 0.396338909864426 0.410558581352234 0.413717240095139 0.409647047519684 0.407275319099426 0.424294680356979 0.454470723867416 0.478409439325333 0.490861713886261 0.492461830377579 -3.4e+38 -3.4e+38 -3.4e+38 -3.4e+38 -3.4e+38 -3.4e+38 -3.4e+38 -3.4e+38 -3.4e+38 -3.4e+38 -3.4e+38 -3.4e+38 -3.4e+38 -3.4e+38 -3.4e+38 -3.4e+38 -3.4e+38 -3.4e+38 -3.4e+38 -3.4e+38
0.370968878269196 0.38622659444809 0.399172246456146 0.415345281362534 0.440152555704117 0.476199895143509 0.490566045045853 0.490277588367462 0.463827610015869 0.441650986671448 0.433263778686523 0.427947342395782 0.424697488546371 0.422746449708939 0.415753096342087 0.416653841733932 0.428352624177933 0.439122498035431 0.449638307094574 0.458864986896515 0.476726770401001 0.495568007230759 0.502527892589569 -3.4e+38 -3.4e+38 -3.4e+38 -3.4e+38 -3.4e+38 -3.4e+38 -3.4e+38 -3.4e+38 -3.4e+38 -3.4e+38 -3.4e+38 -3.4e+38 -3.4e+38 -3.4e+38 -3.4e+38 -3.4e+38 -3.4e+38 -3.4e+38 -3.4e+38 -3.4e+38 -3.4e+38 -3.4e+38
0.401636868715286 0.41521617770195 0.450052976608276 0.452199190855026 0.452812850475311 0.468546718358994 0.442636877298355 0.48127007484436 0.517004013061523 0.484948873519897 0.457016885280609 0.456999152898788 0.464000374078751 0.462068438529968 0.457265228033066 0.464972227811813 0.478476852178574 0.488433986902237 0.522363722324371 0.54293167591095 0.527994692325592 -3.4e+38 -3.4e+38 -3.4e+38 -3.4e+38 -3.4e+38 -3.4e+38 -3.4e+38 -3.4e+38 -3.4e+38 -3.4e+38 -3.4e+38 -3.4e+38 -3.4e+38 -3.4e+38 -3.4e+38 -3.4e+38 -3.4e+38 -3.4e+38 -3.4e+38 -3.4e+38 -3.4e+38 -3.4e+38 -3.4e+38 -3.4e+38
0.465086936950684 0.479613810777664 0.490931212902069 0.480084598064423 0.455524772405624 0.44179493188858 0.43703818321228 0.494592487812042 0.537858664989471 0.50948292016983 0.490386098623276 0.478327065706253 0.480902403593063 0.486319184303284 0.490581333637238 0.514485657215118 0.545137345790863 0.562971889972687 -3.4e+38 -3.4e+38 -3.4e+38 -3.4e+38 -3.4e+38 -3.4e+38 -3.4e+38 -3.4e+38 -3.4e+38 -3.4e+38 -3.4e+38 -3.4e+38 -3.4e+38 -3.4e+38 -3.4e+38 -3.4e+38 -3.4e+38 -3.4e+38 -3.4e+38 -3.4e+38 -3.4e+38 -3.4e+38 -3.4e+38 -3.4e+38 -3.4e+38 -3.4e+38 -3.4e+38
0.475612133741379 0.510175168514252 0.494743645191193 0.487487733364105 0.501165270805359 0.482048481702805 0.473436683416367 0.496817380189896 0.511476755142212 0.50693267583847 0.506659924983978 0.49641877412796 0.492894411087036 0.507484495639801 0.524511337280273 -3.4e+38 -3.4e+38 -3.4e+38 -3.4e+38 -3.4e+38 -3.4e+38 -3.4e+38 -3.4e+38 -3.4e+38 -3.4e+38 -3.4e+38 -3.4e+38 -3.4e+38 -3.4e+38 -3.4e+38 -3.4e+38 -3.4e+38 -3.4e+38 -3.4e+38 -3.4e+38 -3.4e+38 -3.4e+38 -3.4e+38 -3.4e+38 -3.4e+38 -3.4e+38 -3.4e+38 -3.4e+38 -3.4e+38 -3.4e+38
0.468113332986832 0.530096232891083 0.550857067108154 0.523765444755554 0.524760544300079 0.514802634716034 0.488638758659363 0.502338647842407 0.513346672058105 0.519167184829712 0.526480972766876 0.524623692035675 -3.4e+38 -3.4e+38 -3.4e+38 -3.4e+38 -3.4e+38 -3.4e+38 -3.4e+38 -3.4e+38 -3.4e+38 -3.4e+38 -3.4e+38 -3.4e+38 -3.4e+38 -3.4e+38 -3.4e+38 -3.4e+38 -3.4e+38 -3.4e+38 -3.4e+38 -3.4e+38 -3.4e+38 -3.4e+38 -3.4e+38 -3.4e+38 -3.4e+38 -3.4e+38 -3.4e+38 -3.4e+38 -3.4e+38 -3.4e+38 -3.4e+38 -3.4e+38 -3.4e+38
0.520600318908691 0.530423879623413 0.535144984722137 0.530741095542908 0.52374130487442 0.53128057718277 0.518677294254303 0.51468163728714 0.523499548435211 0.530829608440399 -3.4e+38 -3.4e+38 -3.4e+38 -3.4e+38 -3.4e+38 -3.4e+38 -3.4e+38 -3.4e+38 -3.4e+38 -3.4e+38 -3.4e+38 -3.4e+38 -3.4e+38 -3.4e+38 -3.4e+38 -3.4e+38 -3.4e+38 -3.4e+38 -3.4e+38 -3.4e+38 -3.4e+38 -3.4e+38 -3.4e+38 -3.4e+38 -3.4e+38 -3.4e+38 -3.4e+38 -3.4e+38 -3.4e+38 -3.4e+38 -3.4e+38 -3.4e+38 -3.4e+38 -3.4e+38 -3.4e+38
0.53391569852829 0.52342301607132 0.498589336872101 0.526854634284973 0.543497681617737 0.52228444814682 0.511775255203247 0.506425857543945 -3.4e+38 -3.4e+38 -3.4e+38 -3.4e+38 -3.4e+38 -3.4e+38 -3.4e+38 -3.4e+38 -3.4e+38 -3.4e+38 -3.4e+38 -3.4e+38 -3.4e+38 -3.4e+38 -3.4e+38 -3.4e+38 -3.4e+38 -3.4e+38 -3.4e+38 -3.4e+38 -3.4e+38 -3.4e+38 -3.4e+38 -3.4e+38 -3.4e+38 -3.4e+38 -3.4e+38 -3.4e+38 -3.4e+38 -3.4e+38 -3.4e+38 -3.4e+38 -3.4e+38 -3.4e+38 -3.4e+38 -3.4e+38 -3.4e+38
