data/trimmed_ndre/Aes_ndre.625.2012.asc
NCOLS 110 
NROWS 101 
XLLCORNER 466108.994684553 
YLLCORNER 5182003.52273903 
CELLSIZE 4.99993558117951 
NODATA_value -3.4e+38 
[rows 60 to 79 of 101, columns 45 to 89 of 110]
0.437760591506958 0.458262294530869 0.495376944541931 0.516971111297607 0.555239379405975 0.568252384662628 0.545610189437866 0.529130101203918 0.526666760444641 0.526335477828979 0.522117912769318 0.529104828834534 0.529838442802429 0.492010325193405 0.476913958787918 0.510887145996094 0.570621848106384 0.608752965927124 0.613919079303741 0.586227893829346 0.545188426971436 0.4989013671875 0.45816308259964 0.466591596603394 0.482306987047195 0.468650549650192 0.465386480093002 0.474965870380402 0.476175308227539 0.491050124168396 0.502065658569336 0.483623713254929 0.466867566108704 0.472878307104111 0.49011692404747 0.486412674188614 0.507501780986786 0.538954436779022 0.539052248001099 0.554919242858887 0.597879707813263 0.604158818721771 0.584531486034393 0.577379405498505 0.576446354389191
0.451213598251343 0.484557837247849 0.513995707035065 0.543759047985077 0.569668292999268 0.554925620555878 0.531164526939392 0.51960027217865 0.515098452568054 0.509037494659424 0.516291439533234 0.531904220581055 0.53440648317337 0.510211586952209 0.491978615522385 0.502351641654968 0.528327107429504 0.549609959125519 0.559580206871033 0.537806928157806 0.505691707134247 0.478816330432892 0.463976472616196 0.469012349843979 0.474187731742859 0.467729359865189 0.478931695222855 0.48758989572525 0.479990154504776 0.488161653280258 0.490018010139465 0.474467188119888 0.475799798965454 0.493500024080276 0.49432647228241 0.500864803791046 0.517904818058014 0.525756537914276 0.523617088794708 0.539792239665985 0.57662695646286 0.592289805412292 0.586259126663208 0.581448256969452 0.552182614803314
0.45944145321846 0.498733937740326 0.513155579566956 0.538304626941681 0.54762876033783 0.525247037410736 0.510459721088409 0.514115631580353 0.520977139472961 0.522007882595062 0.530628204345703 0.544886231422424 0.556236565113068 0.543751955032349 0.532447755336761 0.519962310791016 0.51925390958786 0.523765206336975 0.521040916442871 0.501082420349121 0.49344339966774 0.49517285823822 0.504244208335876 0.505241334438324 0.500869333744049 0.498491734266281 0.506618678569794 0.503512680530548 0.493224382400513 0.507894575595856 0.50983738899231 0.499043166637421 0.495695382356644 0.495334327220917 0.492008179426193 0.49503168463707 0.505425810813904 0.511779248714447 0.525948524475098 0.544150590896606 0.557970821857452 0.570054292678833 0.567495763301849 0.573252737522125 0.551008522510529
0.467891067266464 0.494831532239914 0.51485937833786 0.540568053722382 0.539520442485809 0.516899585723877 0.516445398330688 0.534823775291443 0.551227986812592 0.568503379821777 0.574966847896576 0.560280382633209 0.555520534515381 0.564585208892822 0.56928688287735 0.554590046405792 0.546953439712524 0.542562544345856 0.534274280071259 0.524384200572968 0.530281007289886 0.537591814994812 0.544469356536865 0.541004002094269 0.53362512588501 0.535238802433014 0.534593343734741 0.509902715682983 0.501434326171875 0.521431446075439 0.518859207630157 0.523931682109833 0.515346944332123 0.495386034250259 0.502189993858337 0.501590073108673 0.50182181596756 0.510857820510864 0.535387456417084 0.558199942111969 0.554672062397003 0.54679012298584 0.536347448825836 0.562746822834015 0.554915547370911
0.457046806812286 0.492963314056396 0.524399161338806 0.531009197235107 0.526371419429779 0.518197655677795 0.524850428104401 0.545662701129913 0.555854380130768 0.580102503299713 0.599405288696289 0.571521401405334 0.548322796821594 0.565386474132538 0.589523434638977 0.595367550849915 0.589895129203796 0.577495992183685 0.573440074920654 0.572344541549683 0.575265169143677 0.57097315788269 0.560096621513367 0.549307227134705 0.548162817955017 0.559605002403259 0.557704746723175 0.527702331542969 0.514250695705414 0.521650612354279 0.510731637477875 0.516408264636993 0.514123380184174 0.495983958244324 0.511051058769226 0.521839201450348 0.514989256858826 0.521413207054138 0.551789104938507 0.576135277748108 0.559433341026306 0.535752177238464 0.528197884559631 0.536673367023468 0.510828912258148
0.468454539775848 0.517248868942261 0.525096595287323 0.51963609457016 0.523073136806488 0.509040951728821 0.503221213817596 0.526053607463837 0.540109872817993 0.558447659015656 0.580476343631744 0.566131472587585 0.54165381193161 0.562396287918091 0.589471518993378 0.602306246757507 0.598907947540283 0.585742354393005 0.585126996040344 0.590012192726135 0.587428748607635 0.579839646816254 0.562569260597229 0.556956827640533 0.561746418476105 0.585036873817444 0.583188533782959 0.545356631278992 0.528674006462097 0.524083495140076 0.511262953281403 0.515800654888153 0.508221566677094 0.516317844390869 0.540922820568085 0.546903848648071 0.535984039306641 0.542187452316284 0.559283852577209 0.569792687892914 0.561433970928192 0.549144923686981 0.536188781261444 0.52867466211319 0.494709193706512
0.493019163608551 0.515710711479187 0.496836543083191 0.502196967601776 0.518109142780304 0.501155376434326 0.480417996644974 0.471104115247726 0.485358715057373 0.521783053874969 0.552548885345459 0.544291615486145 0.513044476509094 0.521531164646149 0.547793984413147 0.560622453689575 0.571393966674805 0.576742231845856 0.574689447879791 0.573796510696411 0.571132659912109 0.574748396873474 0.577248990535736 0.573140442371368 0.581306576728821 0.592350482940674 0.567593097686768 0.525903642177582 0.521028697490692 0.520315647125244 0.523269236087799 0.530599117279053 0.526326894760132 0.545755982398987 0.555885195732117 0.560532748699188 0.562409102916718 0.567588269710541 0.572480082511902 0.566579401493073 0.563248157501221 0.561830222606659 0.548946380615234 0.531803548336029 0.508507370948792
0.51056843996048 0.501494586467743 0.462162226438522 0.463557481765747 0.485442250967026 0.472568511962891 0.456061184406281 0.438091248273849 0.462564289569855 0.512005031108856 0.51991218328476 0.498611927032471 0.470425486564636 0.465949088335037 0.482185870409012 0.502714991569519 0.516337096691132 0.527702629566193 0.532195150852203 0.535508513450623 0.535220861434937 0.543227195739746 0.558453619480133 0.558116495609283 0.557869017124176 0.547091484069824 0.495782881975174 0.460059851408005 0.46526113152504 0.468193203210831 0.490812748670578 0.525493741035461 0.538396000862122 0.553487360477448 0.54783034324646 0.551590740680695 0.56669956445694 0.583774745464325 0.594104588031769 0.573740601539612 0.558582961559296 0.572559654712677 0.551559507846832 0.519630610942841 0.510110139846802
0.545925855636597 0.517716765403748 0.465313047170639 0.449351817369461 0.458651393651962 0.471394956111908 0.476747363805771 0.467905431985855 0.481090068817139 0.513933598995209 0.517897665500641 0.504538834095001 0.480891168117523 0.448543071746826 0.436814516782761 0.433336853981018 0.436499804258347 0.454987645149231 0.470437854528427 0.482370316982269 0.480347245931625 0.475720942020416 0.485171437263489 0.478621184825897 0.479348540306091 0.46807461977005 0.419788181781769 0.390644669532776 0.391800254583359 0.398327082395554 0.435462027788162 0.499523192644119 0.533346951007843 0.537084102630615 0.530931651592255 0.529715240001678 0.558398425579071 0.591978013515472 0.600907504558563 0.574582457542419 0.548045933246613 0.558640599250793 0.529100835323334 0.488790214061737 0.495045900344849
0.576055884361267 0.564475655555725 0.51113349199295 0.479907751083374 0.464368879795074 0.490720152854919 0.512407124042511 0.49918931722641 0.493199676275253 0.505898118019104 0.527711629867554 0.529553413391113 0.522002339363098 0.479333907365799 0.439482748508453 0.418174743652344 0.39915269613266 0.41880863904953 0.419276416301727 0.399941325187683 0.379037141799927 0.372490435838699 0.380872309207916 0.394522398710251 0.407108455896378 0.383458852767944 0.346598893404007 0.333179801702499 0.351725816726685 0.374689072370529 0.421209037303925 0.476369470357895 0.51028037071228 0.523075878620148 0.52701324224472 0.52812260389328 0.555621206760406 0.587325990200043 0.586580514907837 0.558042764663696 0.529959619045258 0.526134133338928 0.509087145328522 0.484094828367233 0.502476274967194
0.570343136787415 0.566996157169342 0.534127533435822 0.502170026302338 0.478599965572357 0.485348373651505 0.504674851894379 0.50247323513031 0.500007092952728 0.495088905096054 0.505327701568604 0.516841769218445 0.535727262496948 0.529429912567139 0.496739894151688 0.460235357284546 0.437406033277512 0.448097050189972 0.423964947462082 0.373550653457642 0.342730671167374 0.35339429974556 0.362190872430801 0.379032641649246 0.394829124212265 0.378934413194656 0.358258038759232 0.344503819942474 0.361979752779007 0.37985971570015 0.410482734441757 0.470869064331055 0.519611716270447 0.543942630290985 0.55488246679306 0.550079166889191 0.556250929832458 0.558348178863525 0.548635303974152 0.531876385211945 0.516513764858246 0.505165696144104 0.498476952314377 0.493836462497711 0.510414361953735
0.544635772705078 0.531377792358398 0.521766662597656 0.507428884506226 0.4915412068367 0.48569455742836 0.47347092628479 0.479031711816788 0.49380362033844 0.483823299407959 0.475877493619919 0.48908132314682 0.515633761882782 0.540965735912323 0.530388057231903 0.508649051189423 0.49415448307991 0.490770787000656 0.472255229949951 0.436182528734207 0.420189172029495 0.42577862739563 0.424566447734833 0.434690684080124 0.442837238311768 0.436468839645386 0.424231588840485 0.39801824092865 0.3891960978508 0.374386608600616 0.403561472892761 0.496940433979034 0.547334253787994 0.581902205944061 0.603643894195557 0.586383521556854 0.559093356132507 0.531995058059692 0.523141086101532 0.516063272953033 0.509945631027222 0.480749100446701 0.469118535518646 0.485301613807678 0.507685422897339
0.522417068481445 0.50634753704071 0.51446521282196 0.528437197208405 0.522667825222015 0.508566498756409 0.476089775562286 0.473837107419968 0.487514287233353 0.488820463418961 0.471943438053131 0.469188898801804 0.493846029043198 0.520965456962585 0.525071442127228 0.519940853118896 0.516591787338257 0.51429671049118 0.507282197475433 0.500296175479889 0.500565111637115 0.506549537181854 0.516278922557831 0.519962549209595 0.493858635425568 0.463200062513351 0.43923556804657 0.417098671197891 0.410958290100098 0.398062884807587 0.422141253948212 0.497669607400894 0.545553624629974 0.588068425655365 0.61525297164917 0.594238758087158 0.553623020648956 0.52973997592926 0.53080540895462 0.525752007961273 0.518621265888214 0.495094001293182 0.472013026475906 0.479816347360611 0.501139521598816
0.516120970249176 0.495648950338364 0.502778232097626 0.513105928897858 0.526438653469086 0.528775155544281 0.509253323078156 0.50370329618454 0.502054512500763 0.489737421274185 0.469855546951294 0.471000701189041 0.500851273536682 0.524373173713684 0.525801718235016 0.518286228179932 0.512257874011993 0.509186565876007 0.498087137937546 0.508618116378784 0.522367298603058 0.527199983596802 0.539400935173035 0.529416263103485 0.502823650836945 0.461087316274643 0.430926561355591 0.441058248281479 0.450315028429031 0.446584731340408 0.452021330595016 0.49123877286911 0.538953840732574 0.575825452804565 0.587960839271545 0.56988114118576 0.541957795619965 0.526963293552399 0.534306526184082 0.534368753433228 0.538060128688812 0.548663794994354 0.52082347869873 0.48743537068367 0.478581249713898
0.491311490535736 0.477982580661774 0.47326523065567 0.475490033626556 0.494447976350784 0.511845350265503 0.516800403594971 0.529679298400879 0.513046741485596 0.489595502614975 0.475500911474228 0.483420789241791 0.508548498153687 0.53157502412796 0.530595302581787 0.520395040512085 0.514020085334778 0.507077038288116 0.501923561096191 0.504690289497375 0.496802717447281 0.49001532793045 0.488065838813782 0.483357787132263 0.484364926815033 0.464584052562714 0.444809824228287 0.461097329854965 0.473870277404785 0.475102841854095 0.482804387807846 0.513623595237732 0.543236255645752 0.560935318470001 0.562865018844604 0.551071166992188 0.531598925590515 0.521388232707977 0.529978334903717 0.533738851547241 0.542595207691193 0.555449068546295 0.537928998470306 0.503670930862427 0.474561184644699
0.496358096599579 0.480531573295593 0.471836119890213 0.471530914306641 0.466402649879456 0.462956577539444 0.481468707323074 0.509695827960968 0.511491358280182 0.501988351345062 0.500112116336823 0.5117267370224 0.527805089950562 0.535175681114197 0.528273284435272 0.517831265926361 0.51343446969986 0.503040909767151 0.497858732938766 0.487285733222961 0.470281213521957 0.47271317243576 0.464867055416107 0.461340874433517 0.476839035749435 0.478797793388367 0.462766975164413 0.46612349152565 0.473377794027328 0.491005808115005 0.522772967815399 0.537791609764099 0.545794367790222 0.553204596042633 0.559008896350861 0.556857645511627 0.542614281177521 0.534257352352142 0.532607555389404 0.529405832290649 0.534512877464294 0.553835451602936 0.548670887947083 0.524436950683594 0.495498955249786
0.520239591598511 0.502966940402985 0.492677479982376 0.496865749359131 0.471454590559006 0.443403571844101 0.449271947145462 0.476238757371902 0.521263778209686 0.544887483119965 0.536334693431854 0.532563984394073 0.5347660779953 0.53216290473938 0.519754528999329 0.514467298984528 0.513151526451111 0.490214318037033 0.486697405576706 0.482999861240387 0.468197971582413 0.471438497304916 0.457278549671173 0.455921351909637 0.474426746368408 0.477044641971588 0.466649502515793 0.470123559236526 0.471689343452454 0.499975442886353 0.533362448215485 0.534597039222717 0.541120946407318 0.551967680454254 0.565642535686493 0.574997246265411 0.570020198822021 0.559781670570374 0.540101230144501 0.521652936935425 0.523007690906525 0.548751413822174 0.550981283187866 0.530001223087311 0.50495058298111
0.519890129566193 0.517804086208344 0.52038836479187 0.53240567445755 0.522617816925049 0.500816524028778 0.490677237510681 0.459575861692429 0.487695902585983 0.542477369308472 0.559376120567322 0.545631110668182 0.535512745380402 0.536371827125549 0.523642122745514 0.507839560508728 0.508191168308258 0.504645109176636 0.492635548114777 0.476864397525787 0.447885662317276 0.444154620170593 0.441770166158676 0.451880931854248 0.46944060921669 0.472431361675262 0.473934710025787 0.478138327598572 0.472292602062225 0.491858690977097 0.51074343919754 0.510918319225311 0.514738023281097 0.528324544429779 0.555592060089111 0.581634342670441 0.589692413806915 0.580472886562347 0.559589743614197 0.540741443634033 0.539760053157806 0.552671074867249 0.552904188632965 0.529526710510254 0.504304230213165
0.489085406064987 0.498575776815414 0.521449089050293 0.541150271892548 0.558104813098907 0.553097665309906 0.535238742828369 0.480266630649567 0.469307512044907 0.522152364253998 0.552873134613037 0.574445784091949 0.582151770591736 0.571929931640625 0.534095644950867 0.50406688451767 0.530802965164185 0.568680703639984 0.52894538640976 0.483538836240768 0.442702323198318 0.420893758535385 0.430136889219284 0.453353077173233 0.48597264289856 0.499099105596542 0.508200347423553 0.493624180555344 0.471173793077469 0.475450277328491 0.491321861743927 0.490762710571289 0.486210644245148 0.497406840324402 0.534452736377716 0.573927760124207 0.593042194843292 0.588717520236969 0.570939183235168 0.552368879318237 0.551101624965668 0.558462381362915 0.554948508739471 -3.4e+38 -3.4e+38
0.473053932189941 0.477348476648331 0.499738723039627 0.516356825828552 0.538516998291016 0.558289706707001 0.557125449180603 0.534211099147797 0.508706092834473 0.502387762069702 0.514889538288116 0.542804062366486 0.576033771038055 0.571379721164703 0.540802657604218 0.522834241390228 0.549326062202454 0.593218326568604 0.561310231685638 0.512671053409576 0.458953857421875 0.433094173669815 0.453082889318466 0.449362963438034 0.491363734006882 0.541215360164642 0.540151178836823 0.492547512054443 0.471104979515076 0.484671652317047 0.490168124437332 0.485408633947372 0.476489514112473 0.48378399014473 0.521089851856232 0.560860157012939 0.581504762172699 0.579770922660828 0.556240320205688 0.534251928329468 -3.4e+38 -3.4e+38 -3.4e+38 -3.4e+38 -3.4e+38
