data/trimmed_ndre/Aes_ndre.514.2014_no_clouds.asc
NCOLS 109 
NROWS 101 
XLLCORNER 466110 
YLLCORNER 5182005 
CELLSIZE 5 
NODATA_value -3.4e+38 
[rows 60 to 79 of 101, columns 0 to 44 of 109]
-3.4e+38 -3.4e+38 -3.4e+38 -3.4e+38 -3.4e+38 -3.4e+38 0.193539202213287 0.228528156876564 0.223890870809555 0.198956444859505 0.176403686404228 0.179456204175949 0.171047672629356 0.172916948795319 0.183317601680756 0.194907695055008 0.190383404493332 0.18993416428566 0.202451825141907 0.206553295254707 0.200495302677155 0.189801841974258 0.193724542856216 0.190991640090942 0.183473974466324 0.175256490707397 0.164233714342117 0.158037751913071 0.161820754408836 0.174915760755539 0.175963133573532 0.183992460370064 0.199091210961342 0.200228497385979 0.202269956469536 0.20798896253109 0.220583066344261 0.230125978589058 0.239211037755013 0.240541696548462 0.244642063975334 0.248797252774239 0.252671301364899 0.242857813835144 0.233209148049355
-3.4e+38 -3.4e+38 -3.4e+38 -3.4e+38 -3.4e+38 0.171557769179344 0.206333473324776 0.234871447086334 0.219475626945496 0.194124385714531 0.179932862520218 0.176338478922844 0.15721096098423 0.162626966834068 0.181070700287819 0.196884527802467 0.185005962848663 0.189653143286705 0.207617282867432 0.207449361681938 0.192392215132713 0.185544714331627 0.199256405234337 0.199626356363297 0.191019043326378 0.180577337741852 0.17603063583374 0.17364339530468 0.18175807595253 0.197027862071991 0.189435854554176 0.191148445010185 0.200656235218048 0.203400865197182 0.19922548532486 0.203541874885559 0.215745016932487 0.215229675173759 0.233162045478821 0.248223945498466 0.252819329500198 0.240947306156158 0.237103819847107 0.235280424356461 0.229390785098076
-3.4e+38 -3.4e+38 -3.4e+38 -3.4e+38 -3.4e+38 0.19067819416523 0.223632514476776 0.23010165989399 0.211188390851021 0.19404473900795 0.191743642091751 0.182946532964706 0.15883307158947 0.156487286090851 0.172454044222832 0.187980204820633 0.179060310125351 0.192906513810158 0.207836285233498 0.204055622220039 0.183694034814835 0.186905145645142 0.205230414867401 0.206353515386581 0.194024637341499 0.187898814678192 0.191629230976105 0.188643023371696 0.193796455860138 0.201252490282059 0.197345584630966 0.19554029405117 0.201177135109901 0.209250509738922 0.202915623784065 0.202404916286469 0.206688225269318 0.208972930908203 0.238850057125092 0.259318649768829 0.258538335561752 0.235572218894958 0.238177731633186 0.237335577607155 0.228730902075768
-3.4e+38 -3.4e+38 -3.4e+38 -3.4e+38 -3.4e+38 0.190923824906349 0.223233953118324 0.21770678460598 0.201667204499245 0.190009966492653 0.183971077203751 0.176893264055252 0.163541734218597 0.154314339160919 0.164570540189743 0.178605854511261 0.185362413525581 0.198448017239571 0.203960493206978 0.198464184999466 0.181251227855682 0.193455204367638 0.209411829710007 0.209891363978386 0.191892772912979 0.1962029337883 0.205627769231796 0.199734345078468 0.197704672813416 0.196041643619537 0.194763883948326 0.197123244404793 0.20487068593502 0.210989147424698 0.209776267409325 0.212140500545502 0.215614646673203 0.222565606236458 0.246748432517052 0.262034684419632 0.255996882915497 0.234879598021507 0.241994187235832 0.243644773960114 0.239101678133011
-3.4e+38 -3.4e+38 -3.4e+38 -3.4e+38 0.174236461520195 0.19632850587368 0.217860177159309 0.204327568411827 0.188533306121826 0.178740203380585 0.174670726060867 0.170513495802879 0.166887357831001 0.163332939147949 0.174280405044556 0.182638064026833 0.189460322260857 0.195810124278069 0.196578875184059 0.195244431495667 0.193745791912079 0.204338565468788 0.211140856146812 0.208343893289566 0.190887376666069 0.203069925308228 0.210239425301552 0.203628897666931 0.192516162991524 0.189385443925858 0.190431162714958 0.199532374739647 0.216675624251366 0.228906482458115 0.232934147119522 0.235215395689011 0.242561280727386 0.250605314970016 0.257766395807266 0.255693435668945 0.239744275808334 0.228338405489922 0.237692281603813 0.25188085436821 0.257173717021942
-3.4e+38 -3.4e+38 -3.4e+38 -3.4e+38 0.191292896866798 0.213959842920303 0.223595052957535 0.200745865702629 0.174397274851799 0.169084995985031 0.17177352309227 0.165006846189499 0.164425790309906 0.171581253409386 0.184022754430771 0.184652924537659 0.186811193823814 0.188515737652779 0.190241619944572 0.194719851016998 0.199620053172112 0.205609619617462 0.209054529666901 0.207913473248482 0.20583738386631 0.223594024777412 0.219891667366028 0.204451024532318 0.187734186649323 0.195489600300789 0.206284835934639 0.216864287853241 0.226630866527557 0.246743753552437 0.259276866912842 0.261421710252762 0.260283052921295 0.25372251868248 0.248255774378777 0.240107372403145 0.221191257238388 0.215186506509781 0.231056466698647 0.261501580476761 0.274203538894653
-3.4e+38 -3.4e+38 -3.4e+38 0.19146466255188 0.194903910160065 0.20649853348732 0.21550615131855 0.204196408390999 0.171335473656654 0.168403372168541 0.178321778774261 0.18026140332222 0.169868960976601 0.171476364135742 0.181169524788857 0.181316792964935 0.186575725674629 0.192654445767403 0.195955172181129 0.195758447051048 0.198971286416054 0.203015401959419 0.210014045238495 0.218270048499107 0.227127954363823 0.237631916999817 0.222502216696739 0.203991860151291 0.194165855646133 0.215068072080612 0.2281254529953 0.234141677618027 0.2381881326437 0.261943876743317 0.276044756174088 0.279609203338623 0.271655112504959 0.246720284223557 0.233037233352661 0.226923853158951 0.219057261943817 0.218780487775803 0.238921850919724 0.268653631210327 0.281705141067505
-3.4e+38 -3.4e+38 -3.4e+38 0.186230674386024 0.19113801419735 0.20647805929184 0.214572995901108 0.20595782995224 0.181365430355072 0.170810297131538 0.179686710238457 0.185670465230942 0.172369703650475 0.165657564997673 0.170023992657661 0.18184295296669 0.194408148527145 0.1986213773489 0.198679432272911 0.194938123226166 0.199284568428993 0.209476351737976 0.22133332490921 0.22411821782589 0.232549726963043 0.236282393336296 0.217259392142296 0.207980006933212 0.205716356635094 0.217768430709839 0.233665138483047 0.248027056455612 0.259462863206863 0.279741257429123 0.284255594015121 0.282693356275558 0.26841276884079 0.236372247338295 0.221893340349197 0.22573347389698 0.234538435935974 0.235554873943329 0.252463519573212 0.2702257335186 0.274260938167572
-3.4e+38 -3.4e+38 -3.4e+38 0.192976146936417 0.204809546470642 0.21607694029808 0.211281210184097 0.19193933904171 0.172245606780052 0.168125078082085 0.183402433991432 0.186374589800835 0.176258206367493 0.169397175312042 0.173881605267525 0.18735483288765 0.203673735260963 0.200682386755943 0.19635434448719 0.196034356951714 0.202055737376213 0.203240767121315 0.210064545273781 0.218893095850945 0.229527771472931 0.227935865521431 0.218645110726357 0.217185258865356 0.212883055210114 0.216150984168053 0.23210945725441 0.266277581453323 0.288103073835373 0.289060980081558 0.268071740865707 0.26099556684494 0.250439673662186 0.230724006891251 0.219928443431854 0.237034901976585 0.250164300203323 0.250156134366989 0.25755175948143 0.262607902288437 0.256427347660065
-3.4e+38 -3.4e+38 -3.4e+38 0.205875217914581 0.218240514397621 0.221981942653656 0.205096408724785 0.181576311588287 0.169925406575203 0.170906975865364 0.183990657329559 0.183254942297935 0.180184185504913 0.180666536092758 0.188589572906494 0.196922585368156 0.206190183758736 0.199485719203949 0.189184054732323 0.186910465359688 0.19681778550148 0.199651256203651 0.206135377287865 0.222710475325584 0.248741462826729 0.2433230727911 0.228892952203751 0.223948866128922 0.223771408200264 0.227572649717331 0.245336890220642 0.280261605978012 0.292761236429214 0.272451490163803 0.235925436019897 0.223356053233147 0.225763663649559 0.235335037112236 0.244620755314827 0.256595551967621 0.25519186258316 0.246829941868782 0.240302756428719 0.254393398761749 0.253482043743134
-3.4e+38 -3.4e+38 0.211098715662956 0.209365904331207 0.208549648523331 0.214166238903999 0.209532514214516 0.190711244940758 0.178553715348244 0.174363479018211 0.175194934010506 0.169885188341141 0.178588166832924 0.191223412752151 0.201987236738205 0.198094412684441 0.19931448996067 0.20443631708622 0.196740821003914 0.194153890013695 0.203201591968536 0.219087481498718 0.233427107334137 0.250217258930206 0.267368406057358 0.259385734796524 0.244858458638191 0.23725289106369 0.250278949737549 0.257352948188782 0.265684485435486 0.277814596891403 0.272666990756989 0.241856843233109 0.213645085692406 0.211750075221062 0.230743184685707 0.254230558872223 0.266751289367676 0.261399537324905 0.239132225513458 0.216492727398872 0.216857060790062 0.247849613428116 0.255017399787903
-3.4e+38 -3.4e+38 0.212864056229591 0.199177533388138 0.189879447221756 0.215786099433899 0.220793977379799 0.205398380756378 0.186070963740349 0.174303710460663 0.166542336344719 0.162444457411766 0.181738421320915 0.198791787028313 0.204860955476761 0.188250541687012 0.183840841054916 0.192930087447166 0.203126594424248 0.208941742777824 0.22638276219368 0.252925038337708 0.259854108095169 0.265861719846725 0.274758577346802 0.276102602481842 0.270504385232925 0.267458915710449 0.27105513215065 0.269306153059006 0.262434303760529 0.253267467021942 0.23858642578125 0.225200191140175 0.23000667989254 0.239864021539688 0.250281870365143 0.25696074962616 0.25849375128746 0.242357909679413 0.218326196074486 0.206077963113785 0.211863532662392 0.234678730368614 0.245893955230713
-3.4e+38 -3.4e+38 0.205649986863136 0.19682614505291 0.193862214684486 0.223912715911865 0.226598739624023 0.205258250236511 0.175566956400871 0.167228236794472 0.164855167269707 0.167652174830437 0.186933785676956 0.199120849370956 0.199986726045609 0.186866104602814 0.180838957428932 0.190971821546555 0.209925547242165 0.221714630723 0.239503815770149 0.259380161762238 0.269610732793808 0.271310597658157 0.277935177087784 0.289626061916351 0.293839454650879 0.282949507236481 0.273457229137421 0.265291094779968 0.243961945176125 0.217440575361252 0.204804986715317 0.216635212302208 0.250646233558655 0.266648948192596 0.256841421127319 0.221288204193115 0.223610296845436 0.225819572806358 0.21980082988739 0.218107327818871 0.211088284850121 0.206489503383636 0.215134888887405
-3.4e+38 0.195618823170662 0.199348166584969 0.202772065997124 0.208347246050835 0.222439229488373 0.222266480326653 0.204484924674034 0.181432604789734 0.17069511115551 0.17384546995163 0.180353134870529 0.185118272900581 0.180660724639893 0.1783656924963 0.179157733917236 0.18596151471138 0.201632544398308 0.21486721932888 0.221016466617584 0.225493758916855 0.238568305969238 0.255132853984833 0.267259836196899 0.275566846132278 0.278948068618774 0.280455619096756 0.280842691659927 0.270652174949646 0.259110540151596 0.24600487947464 0.221843391656876 0.208127930760384 0.218985706567764 0.255540460348129 0.268889456987381 0.248387396335602 0.213916227221489 0.215185955166817 0.215390264987946 0.22351011633873 0.227634787559509 0.211285442113876 0.187919989228249 0.198780804872513
-3.4e+38 0.19465796649456 0.199570044875145 0.211978927254677 0.216110736131668 0.218159973621368 0.218540593981743 0.205389633774757 0.188585743308067 0.177953124046326 0.183040827512741 0.193080976605415 0.192383155226707 0.177262902259827 0.162896990776062 0.172099605202675 0.191314339637756 0.20702275633812 0.212008729577065 0.211848020553589 0.206344664096832 0.203419029712677 0.212079852819443 0.228406444191933 0.244649007916451 0.256957918405533 0.266083627939224 0.279998153448105 0.27231228351593 0.251710772514343 0.23262520134449 0.223701596260071 0.220228224992752 0.223946928977966 0.239115670323372 0.253044098615646 0.23604641854763 0.211012110114098 0.204374298453331 0.199741065502167 0.206018805503845 0.210243061184883 0.201555415987968 0.180270671844482 0.196807816624641
-3.4e+38 0.200185343623161 0.203889414668083 0.21470795571804 0.221098065376282 0.219036996364594 0.212145894765854 0.199918448925018 0.189787030220032 0.177425414323807 0.174782484769821 0.192524135112762 0.197890236973763 0.184276163578033 0.16024611890316 0.179878681898117 0.205990254878998 0.217685982584953 0.202374562621117 0.19908344745636 0.195943206548691 0.182271495461464 0.184068232774734 0.199863702058792 0.22211180627346 0.240714251995087 0.261940151453018 0.274873077869415 0.263837099075317 0.238541603088379 0.222250804305077 0.224803432822227 0.237057402729988 0.23746158182621 0.236313313245773 0.236616864800453 0.224437043070793 0.205528885126114 0.194529831409454 0.197966054081917 0.205962315201759 0.203474134206772 0.193803817033768 0.183814093470573 0.197404578328133
-3.4e+38 0.205052077770233 0.209620475769043 0.216357976198196 0.220990911126137 0.216267958283424 0.201682403683662 0.18727408349514 0.194098725914955 0.18815216422081 0.181087672710419 0.187543004751205 0.198332741856575 0.19202621281147 0.175145849585533 0.183521598577499 0.200615555047989 0.207997113466263 0.188140392303467 0.182357981801033 0.176249280571938 0.16903629899025 0.176091566681862 0.194092646241188 0.21275420486927 0.22283111512661 0.250688582658768 0.27311310172081 0.272063344717026 0.239998117089272 0.223469421267509 0.229847565293312 0.253937572240829 0.250580847263336 0.234215766191483 0.22112101316452 0.214620277285576 0.209254741668701 0.210197314620018 0.209314286708832 0.204251423478127 0.195685714483261 0.187234044075012 0.185806125402451 0.192216172814369
0.192806035280228 0.202671989798546 0.205095514655113 0.211145892739296 0.216583847999573 0.213999509811401 0.200585067272186 0.190915986895561 0.193001717329025 0.190390944480896 0.182474970817566 0.177014783024788 0.180600881576538 0.180021435022354 0.179074436426163 0.182627215981483 0.187767073512077 0.191871717572212 0.188820153474808 0.183507189154625 0.174887120723724 0.172230631113052 0.182886049151421 0.202812373638153 0.209255009889603 0.211638957262039 0.248467043042183 0.286406099796295 0.288775086402893 0.253181487321854 0.241909489035606 0.24193362891674 0.24789947271347 0.241573303937912 0.223260343074799 0.208142772316933 0.203577756881714 0.204006835818291 0.207757160067558 0.203522384166718 0.195684164762497 0.187145531177521 0.177600905299187 0.178952008485794 0.178875550627708
0.187015071511269 0.20638370513916 0.205763474106789 0.206423684954643 0.215757876634598 0.22316612303257 0.208072707056999 0.186999753117561 0.17950028181076 0.181390538811684 0.176626771688461 0.174653977155685 0.175361946225166 0.172623977065086 0.17654150724411 0.183021456003189 0.18895198404789 0.201247185468674 0.199530154466629 0.18666784465313 0.178392931818962 0.180745258927345 0.189115896821022 0.198944643139839 0.197464346885681 0.204664766788483 0.240151718258858 0.296288371086121 0.289474546909332 0.249197855591774 0.24046902358532 0.239160358905792 0.233242303133011 0.22180849313736 0.209656536579132 0.189930275082588 0.184921726584435 0.191914334893227 0.197856307029724 0.189166933298111 0.190972790122032 0.1905437707901 0.18021148443222 0.179848924279213 0.175321370363235
0.198505774140358 0.212554767727852 0.211990043520927 0.205871164798737 0.210668697953224 0.214007556438446 0.201771393418312 0.173377066850662 0.165514096617699 0.172166585922241 0.177472621202469 0.183563068509102 0.180347219109535 0.170208632946014 0.169584557414055 0.176905855536461 0.185805782675743 0.197042316198349 0.194970846176147 0.185494005680084 0.179322779178619 0.183693006634712 0.188714057207108 0.19229231774807 0.189801976084709 0.197646796703339 0.223836332559586 0.271127671003342 0.268488705158234 0.255401164293289 0.247162863612175 0.236898154020309 0.223202303051949 0.214590415358543 0.20627860724926 0.182981476187706 0.17591068148613 0.182553052902222 0.189455062150955 0.181689709424973 0.190761044621468 0.19085593521595 0.182292282581329 0.178915202617645 0.18324987590313
