data/trimmed_ndre/Aes_ndre.530.2010_no_clouds.asc
NCOLS 109 
NROWS 101 
XLLCORNER 466110 
YLLCORNER 5182005 
CELLSIZE 5 
NODATA_value -3.4e+38 
[rows 60 to 79 of 101, columns 45 to 89 of 109]
0.577406108379364 0.583540081977844 0.583113968372345 0.581688344478607 0.579291462898254 0.566600382328033 0.540838420391083 0.527325212955475 0.530543982982635 0.534485459327698 0.532595992088318 0.530334413051605 0.531686007976532 0.529363036155701 0.543323576450348 0.575396776199341 0.588748395442963 0.594535648822784 0.604533851146698 0.599315822124481 0.59363579750061 0.592531085014343 0.571305096149445 0.560704469680786 0.556474328041077 0.541993618011475 0.537642061710358 0.528142809867859 0.512177586555481 0.482765763998032 0.469995081424713 0.497255027294159 0.51485812664032 0.50584864616394 0.51693457365036 0.551689684391022 0.58674430847168 0.589818954467773 0.599106073379517 0.607126593589783 0.619485080242157 0.628236472606659 0.625123798847198 0.629470825195312 0.632986128330231
0.574241518974304 0.571052610874176 0.567848980426788 0.563041687011719 0.557466566562653 0.551456689834595 0.536023855209351 0.528986215591431 0.518784701824188 0.515847384929657 0.545036315917969 0.551595568656921 0.52758377790451 0.511116743087769 0.509512066841125 0.535462021827698 0.555014610290527 0.554733872413635 0.578432440757751 0.601855993270874 0.602037250995636 0.588004767894745 0.556171834468842 0.543113350868225 0.537014245986938 0.533718287944794 0.529291689395905 0.506892383098602 0.466746747493744 0.440866142511368 0.440194457769394 0.467675358057022 0.510917842388153 0.529416263103485 0.536231219768524 0.54590630531311 0.564365744590759 0.584129154682159 0.602692127227783 0.618944108486176 0.620966255664825 0.619603931903839 0.614072799682617 0.615258693695068 0.612758755683899
0.583217144012451 0.572663307189941 0.559584319591522 0.553560853004456 0.548331797122955 0.544463276863098 0.536260545253754 0.53814709186554 0.53462016582489 0.526962518692017 0.549066543579102 0.558333694934845 0.523842692375183 0.486481457948685 0.486607372760773 0.511587142944336 0.515670001506805 0.513822138309479 0.534489572048187 0.568625628948212 0.584670186042786 0.56366628408432 0.530087351799011 0.522180378437042 0.507242918014526 0.501085698604584 0.498505026102066 0.485807240009308 0.450478464365005 0.447999358177185 0.474043607711792 0.472757190465927 0.509978294372559 0.554219305515289 0.568327486515045 0.567634105682373 0.572648763656616 0.580908954143524 0.593670129776001 0.604960739612579 0.601591885089874 0.603674948215485 0.611174583435059 0.614609718322754 0.608003675937653
0.592418968677521 0.585507035255432 0.561545610427856 0.559824645519257 0.551363885402679 0.53598564863205 0.530141174793243 0.533939599990845 0.564680933952332 0.553081333637238 0.5234614610672 0.517862975597382 0.508005976676941 0.498455137014389 0.505938589572906 0.516896069049835 0.505210638046265 0.485282182693481 0.497898727655411 0.535637080669403 0.562938272953033 0.544592022895813 0.524625599384308 0.526779592037201 0.503429532051086 0.481545925140381 0.478518396615982 0.488756388425827 0.474892914295197 0.469625055789948 0.482606500387192 0.483484774827957 0.518317997455597 0.557747006416321 0.567766964435577 0.563499689102173 0.564316153526306 0.574005424976349 0.586168110370636 0.585446774959564 0.585278987884521 0.600970149040222 0.615931570529938 0.613181173801422 0.595052778720856
0.59624570608139 0.58457213640213 0.556662321090698 0.568990886211395 0.557175755500793 0.537850320339203 0.527649700641632 0.529090762138367 0.558746039867401 0.553088426589966 0.520037889480591 0.51288115978241 0.525744020938873 0.535272479057312 0.522905230522156 0.495207011699677 0.482719838619232 0.480936706066132 0.499361962080002 0.536783397197723 0.559298753738403 0.536119878292084 0.500756084918976 0.495217740535736 0.496836692094803 0.495797663927078 0.480936080217361 0.481671869754791 0.470407873392105 0.454560965299606 0.475342601537704 0.506005525588989 0.53499174118042 0.564415395259857 0.573729395866394 0.566641926765442 0.562165915966034 0.573550343513489 0.589707791805267 0.593964099884033 0.592398703098297 0.605013310909271 0.613786041736603 0.597206830978394 0.569728493690491
0.590123355388641 0.569432616233826 0.550630033016205 0.559586226940155 0.550753831863403 0.54122132062912 0.538282692432404 0.536438524723053 0.547357261180878 0.547562122344971 0.54710328578949 0.547713816165924 0.552691698074341 0.542519986629486 0.528745174407959 0.498220890760422 0.488059461116791 0.499573230743408 0.517753481864929 0.528730690479279 0.521718978881836 0.507251083850861 0.492481410503387 0.488016754388809 0.503004193305969 0.515574395656586 0.48165374994278 0.456871926784515 0.454654783010483 0.445812612771988 0.473803818225861 0.522089004516602 0.548600256443024 0.560234427452087 0.558904469013214 0.562080442905426 0.570411562919617 0.574898362159729 0.581573963165283 0.598464369773865 0.610123932361603 0.612150132656097 0.610751032829285 0.581048130989075 0.551508963108063
0.586092293262482 0.558151066303253 0.553872466087341 0.546624779701233 0.537024021148682 0.529602468013763 0.532065749168396 0.544550478458405 0.543153166770935 0.542489469051361 0.567151486873627 0.577561914920807 0.561609387397766 0.543714225292206 0.536957383155823 0.518187344074249 0.504737198352814 0.51230251789093 0.518065810203552 0.513764560222626 0.502389550209045 0.503779947757721 0.509036302566528 0.517655670642853 0.498791843652725 0.476690888404846 0.44316765666008 0.421189814805984 0.439302980899811 0.459961414337158 0.468190670013428 0.514609098434448 0.555152416229248 0.560485601425171 0.550685048103333 0.563303232192993 0.579949259757996 0.585267543792725 0.585679888725281 0.598248183727264 0.611962676048279 0.617031157016754 0.616167902946472 0.590297639369965 0.57291442155838
0.586758434772491 0.566389262676239 0.572100698947906 0.545711934566498 0.523992896080017 0.534728765487671 0.540734469890594 0.556339204311371 0.545085906982422 0.536888659000397 0.567964434623718 0.597442388534546 0.589015007019043 0.564739525318146 0.555258393287659 0.536597490310669 0.523896038532257 0.524366557598114 0.522608637809753 0.517205357551575 0.515642702579498 0.510484158992767 0.508545398712158 0.51988297700882 0.472360402345657 0.414388597011566 0.406558364629745 0.404649466276169 0.419811367988586 0.463823586702347 0.487201690673828 0.513693153858185 0.550471067428589 0.567231774330139 0.565918266773224 0.579483449459076 0.580001413822174 0.588428795337677 0.592450261116028 0.588378429412842 0.596977651119232 0.614242851734161 0.612253367900848 0.592081487178802 0.588530242443085
0.597245872020721 0.58845716714859 0.580652952194214 0.55050802230835 0.546770572662354 0.564061999320984 0.560776472091675 0.564512073993683 0.551385939121246 0.544633150100708 0.574996113777161 0.603217601776123 0.608125507831573 0.590903103351593 0.571241319179535 0.559433698654175 0.550614476203918 0.533761084079742 0.528578519821167 0.528359770774841 0.525291562080383 0.512374222278595 0.499160677194595 0.496679037809372 0.459347009658813 0.418165564537048 0.409054219722748 0.416961193084717 0.432960003614426 0.475522816181183 0.513391554355621 0.526215374469757 0.54950875043869 0.568690419197083 0.568303287029266 0.576426267623901 0.589584112167358 0.590034544467926 0.593239605426788 0.584920883178711 0.58732396364212 0.612485587596893 0.606869339942932 0.579217255115509 0.568772494792938
0.601373076438904 0.5986687541008 0.579520046710968 0.56192421913147 0.566954851150513 0.574272751808167 0.574021935462952 0.570972084999084 0.569168865680695 0.563910067081451 0.57231593132019 0.588860511779785 0.596985995769501 0.595127880573273 0.581932544708252 0.579780459403992 0.575390875339508 0.548329472541809 0.537156879901886 0.528211832046509 0.513191759586334 0.510783791542053 0.501743495464325 0.492707252502441 0.489671170711517 0.466289609670639 0.441040128469467 0.447970688343048 0.46825498342514 0.499076068401337 0.530874252319336 0.555434584617615 0.567848682403564 0.592581033706665 0.581231653690338 0.587604641914368 0.61066073179245 0.583716571331024 0.596685469150543 0.598597347736359 0.584842085838318 0.599750638008118 0.599659442901611 0.57238507270813 0.549055814743042
0.594550430774689 0.597266018390656 0.584179580211639 0.572942554950714 0.565809607505798 0.55786007642746 0.578341245651245 0.590614140033722 0.584549009799957 0.570811331272125 0.560512244701385 0.56892192363739 0.579762101173401 0.591389536857605 0.585669219493866 0.586162924766541 0.589379251003265 0.565445780754089 0.556244790554047 0.545989096164703 0.528095483779907 0.535546362400055 0.522902488708496 0.517479181289673 0.520432531833649 0.507603704929352 0.495273947715759 0.479968786239624 0.491608113050461 0.526578724384308 0.53822386264801 0.5698561668396 0.60046774148941 0.60551792383194 0.596606552600861 0.605881333351135 0.61306631565094 0.591389894485474 0.58822363615036 0.596411347389221 0.593705058097839 0.591602802276611 0.60104364156723 0.594151020050049 0.56768012046814
0.576236486434937 0.585683286190033 0.589204251766205 0.588171064853668 0.574532806873322 0.569276690483093 0.593881189823151 0.599364638328552 0.579781413078308 0.566584348678589 0.555117130279541 0.558771312236786 0.566956281661987 0.574437916278839 0.572969198226929 0.585943877696991 0.594086527824402 0.582935392856598 0.579882681369781 0.565204083919525 0.560504674911499 0.568087041378021 0.542737007141113 0.539031445980072 0.54111236333847 0.533377707004547 0.541853010654449 0.492987334728241 0.488939017057419 0.541170001029968 0.561633467674255 0.595017910003662 0.598258554935455 0.591865181922913 0.604643046855927 0.61042720079422 0.602749526500702 0.583712041378021 0.576711177825928 0.589759647846222 0.601825594902039 0.598022282123566 0.594939529895782 0.582117319107056 0.568506181240082
0.559204995632172 0.575236022472382 0.582594633102417 0.605294167995453 0.601269483566284 0.588976204395294 0.600368976593018 0.589816689491272 0.580178737640381 0.582601249217987 0.580141663551331 0.5545454621315 0.560599088668823 0.566088736057281 0.563140034675598 0.595241069793701 0.596525132656097 0.575527906417847 0.573073744773865 0.573417067527771 0.581092655658722 0.58951598405838 0.569699585437775 0.556184709072113 0.543043375015259 0.542528867721558 0.553282678127289 0.500016391277313 0.479276239871979 0.531516849994659 0.565052330493927 0.57928067445755 0.568192899227142 0.580793678760529 0.612424671649933 0.60608172416687 0.594982147216797 0.574593544006348 0.573678314685822 0.57620495557785 0.576897621154785 0.593145251274109 0.591632008552551 0.566631495952606 0.550593376159668
0.546038627624512 0.566018223762512 0.571143448352814 0.591024339199066 0.610295236110687 0.599724531173706 0.595469772815704 0.584154307842255 0.57455986738205 0.585155487060547 0.586645722389221 0.557470679283142 0.580479681491852 0.574773788452148 0.553052008152008 0.582558631896973 0.58432525396347 0.570125818252563 0.567883908748627 0.580232381820679 0.587281107902527 0.596260786056519 0.583322703838348 0.562527716159821 0.55040055513382 0.538441121578217 0.534839987754822 0.525372385978699 0.500721454620361 0.516163229942322 0.538959980010986 0.546777665615082 0.557612240314484 0.578294515609741 0.596096277236938 0.589901566505432 0.593157231807709 0.567115485668182 0.567291557788849 0.5787153840065 0.570758283138275 0.579074323177338 0.582832276821136 0.560065507888794 0.533916115760803
0.523751258850098 0.525182485580444 0.545602738857269 0.568182826042175 0.598481774330139 0.607620120048523 0.600222647190094 0.600153386592865 0.582651615142822 0.586132168769836 0.586140811443329 0.578016102313995 0.596005320549011 0.577915191650391 0.56337183713913 0.583491325378418 0.591402649879456 0.594305634498596 0.587193071842194 0.590757012367249 0.600956618785858 0.598507165908813 0.584770143032074 0.571393549442291 0.556777119636536 0.543114840984344 0.523848354816437 0.525582730770111 0.521178901195526 0.513790249824524 0.533867120742798 0.545924782752991 0.548306524753571 0.555462777614594 0.562656402587891 0.575188279151917 0.586163401603699 0.572727024555206 0.571660459041595 0.57135283946991 0.563961446285248 0.568117141723633 0.565451800823212 0.557976186275482 0.550810515880585
0.505346596240997 0.499012529850006 0.527586281299591 0.564744293689728 0.565464198589325 0.583496809005737 0.601395845413208 0.607726037502289 0.595014095306396 0.600273251533508 0.595753312110901 0.582603096961975 0.589233219623566 0.591280102729797 0.592352092266083 0.602164268493652 0.601469874382019 0.592493414878845 0.592445075511932 0.589210629463196 0.593942821025848 0.590456604957581 0.582835018634796 0.577718675136566 0.568476617336273 0.553204715251923 0.52811074256897 0.517159521579742 0.526259481906891 0.502343475818634 0.533296704292297 0.543182492256165 0.536759853363037 0.543065667152405 0.546259343624115 0.557048201560974 0.56562328338623 0.557567238807678 0.573307931423187 0.568272113800049 0.566813886165619 0.583057105541229 0.573876142501831 0.551090061664581 0.55382889509201
0.498138755559921 0.491179376840591 0.506391048431396 0.532036185264587 0.540575444698334 0.556274473667145 0.577112674713135 0.593358516693115 0.594605624675751 0.598706185817719 0.598112940788269 0.58350932598114 0.586070775985718 0.602285087108612 0.605803668498993 0.602159321308136 0.598217010498047 0.596374571323395 0.60283499956131 0.585251867771149 0.571514785289764 0.584665477275848 0.588886559009552 0.589248597621918 0.574791848659515 0.551750481128693 0.548758625984192 0.539438009262085 0.523581027984619 0.511822938919067 0.528955161571503 0.523912310600281 0.533441007137299 0.554438471794128 0.558311104774475 0.553839147090912 0.556315004825592 0.559622645378113 0.577854812145233 0.576461017131805 0.573622286319733 0.577271103858948 0.563401341438293 0.548454105854034 0.549088001251221
0.476546615362167 0.48557248711586 0.512363791465759 0.518388330936432 0.527974188327789 0.536131620407104 0.545386373996735 0.574568152427673 0.582291781902313 0.58057701587677 0.594295918941498 0.59296041727066 0.594539880752563 0.598756551742554 0.596130967140198 0.601236701011658 0.614996373653412 0.618405938148499 0.611029148101807 0.600164592266083 0.579927265644073 0.585861504077911 0.600358724594116 0.584985077381134 0.555162191390991 0.524604856967926 0.523763179779053 0.549760282039642 0.541158437728882 0.512599885463715 0.50561386346817 0.505668997764587 0.517500340938568 0.541657567024231 0.55907154083252 0.562088310718536 0.566166579723358 0.571119844913483 0.567341566085815 0.56232476234436 0.568158805370331 0.57025158405304 0.562247455120087 0.566527485847473 0.565430521965027
0.475440353155136 0.476348549127579 0.510086953639984 0.52073335647583 0.531045615673065 0.531903862953186 0.523226678371429 0.549314498901367 0.552645444869995 0.5622279047966 0.588601291179657 0.600909948348999 0.606155455112457 0.602819561958313 0.604777157306671 0.62193638086319 0.641797304153442 0.62681770324707 0.611169636249542 0.617093682289124 0.590297043323517 0.578176915645599 0.584719240665436 0.563341200351715 0.525016605854034 0.507912039756775 0.50604635477066 0.522784054279327 0.524115562438965 0.502228975296021 0.495746701955795 0.507564544677734 0.531198620796204 0.545920610427856 0.557968378067017 0.565996825695038 0.559218049049377 0.563748836517334 0.570260524749756 0.564646899700165 0.560755670070648 0.565957903862 0.572914183139801 0.576591849327087 -3.4e+38
0.480444997549057 0.476558953523636 0.508248329162598 0.536259114742279 0.545730590820312 0.535664558410645 0.51975154876709 0.526930272579193 0.527743935585022 0.549707651138306 0.585581064224243 0.603972971439362 0.615552186965942 0.618027448654175 0.622664511203766 0.634262204170227 0.643086671829224 0.611489474773407 0.601206302642822 0.613562226295471 0.585867464542389 0.553672790527344 0.558794140815735 0.559130370616913 0.525907754898071 0.496721148490906 0.493566423654556 0.499618083238602 0.507999062538147 0.518335580825806 0.512457430362701 0.512855648994446 0.534238219261169 0.551220834255219 0.551958084106445 0.556307435035706 0.561317086219788 0.558862328529358 0.570968091487885 0.571623980998993 0.558388948440552 -3.4e+38 -3.4e+38 -3.4e+38 -3.4e+38
