data/trimmed_ndre/Aes_ndre.713.2012_no_clouds.asc
NCOLS 109 
NROWS 101 
XLLCORNER 466110 
YLLCORNER 5182005 
CELLSIZE 5 
NODATA_value -3.4e+38 
[rows 60 to 79 of 101, columns 45 to 89 of 109]
0.357345908880234 0.36640328168869 0.36942720413208 0.374932408332825 0.366721868515015 0.365023344755173 0.383595943450928 0.406410306692123 0.416325032711029 0.421410501003265 0.440716654062271 0.416501641273499 0.427175581455231 0.448774039745331 0.42463082075119 0.405597656965256 0.394704103469849 0.401658833026886 0.406111031770706 0.392765879631042 0.377680212259293 0.365577906370163 0.352652937173843 0.347515136003494 0.335389584302902 0.330254852771759 0.344217866659164 0.364929586648941 0.374869018793106 0.368734389543533 0.35088974237442 0.34299772977829 0.339213341474533 0.32917332649231 0.329520165920258 0.339129954576492 0.356659322977066 0.36689630150795 0.372341513633728 0.381879866123199 0.378413379192352 0.362920701503754 0.376603841781616 0.385906308889389 0.385416716337204
0.354144752025604 0.36294886469841 0.375034540891647 0.374096632003784 0.371492385864258 0.375990629196167 0.393116444349289 0.417470902204514 0.416713178157806 0.417573183774948 0.421805500984192 0.413445830345154 0.410446912050247 0.407159358263016 0.398757100105286 0.395331084728241 0.389225333929062 0.387730777263641 0.382237404584885 0.368867307901382 0.360255002975464 0.360374599695206 0.35662853717804 0.359780609607697 0.354353159666061 0.34745067358017 0.360377311706543 0.373988270759583 0.375251173973083 0.369181871414185 0.360347777605057 0.347638070583344 0.343520253896713 0.338882386684418 0.337092518806458 0.349285125732422 0.367302089929581 0.367404699325562 0.367168068885803 0.374583959579468 0.370184868574142 0.357521176338196 0.370763212442398 0.364790081977844 0.353511929512024
0.349068820476532 0.36434742808342 0.37443882226944 0.36761263012886 0.368307262659073 0.371502190828323 0.384457260370255 0.406720638275146 0.412513136863708 0.440964668989182 0.434790402650833 0.408197671175003 0.404719591140747 0.395061552524567 0.40403687953949 0.417870938777924 0.417075902223587 0.408879429101944 0.397915095090866 0.391379117965698 0.389844417572021 0.395955562591553 0.396448254585266 0.389512121677399 0.380481213331223 0.363513827323914 0.36762923002243 0.380030483007431 0.375476896762848 0.377627402544022 0.374119311571121 0.358071208000183 0.359428584575653 0.361277222633362 0.357524991035461 0.34929358959198 0.344595313072205 0.349693924188614 0.361427634954453 0.373545289039612 0.36689630150795 0.355815976858139 0.363954365253448 0.35960578918457 0.344699829816818
0.35736283659935 0.362938463687897 0.371610641479492 0.366039603948593 0.373698592185974 0.385301619768143 0.38593664765358 0.394351929426193 0.419240206480026 0.458536475896835 0.446420133113861 0.417249023914337 0.410026431083679 0.406628876924515 0.415323197841644 0.426681458950043 0.426013946533203 0.423010587692261 0.424636125564575 0.431400328874588 0.433387458324432 0.425108730792999 0.412991136312485 0.403617560863495 0.393702626228333 0.375763058662415 0.381636559963226 0.389435350894928 0.383160889148712 0.390585988759995 0.387127190828323 0.369065314531326 0.37049275636673 0.341370493173599 0.322628438472748 0.331964105367661 0.33622419834137 0.340584605932236 0.360784262418747 0.382553160190582 0.378583014011383 0.358649700880051 0.352506577968597 0.350678235292435 0.352599859237671
0.364707052707672 0.35261482000351 0.371777385473251 0.38046333193779 0.378571033477783 0.379570990800858 0.387636095285416 0.380161046981812 0.399566829204559 0.439434200525284 0.439068704843521 0.396034628152847 0.376250445842743 0.387927651405334 0.40203520655632 0.419949680566788 0.430002689361572 0.430481910705566 0.439077317714691 0.445576936006546 0.437636375427246 0.417892068624496 0.410576969385147 0.402535051107407 0.391692608594894 0.388088524341583 0.397402197122574 0.396918147802353 0.390669316053391 0.397909879684448 0.388727694749832 0.377043634653091 0.378573328256607 0.342071741819382 0.323744207620621 0.35544228553772 0.374208718538284 0.371088147163391 0.372087091207504 0.383592784404755 0.383570462465286 0.364872425794601 0.355546712875366 0.357705444097519 0.355676025152206
0.363481163978577 0.355867832899094 0.378601133823395 0.390423655509949 0.371063441038132 0.358794212341309 0.35857155919075 0.333169311285019 0.347906589508057 0.383562684059143 0.386483907699585 0.333988606929779 0.301210075616837 0.323979467153549 0.354314893484116 0.396189868450165 0.422091156244278 0.436776757240295 0.447915762662888 0.439932018518448 0.419977247714996 0.401593953371048 0.406621634960175 0.406822204589844 0.400872886180878 0.407443672418594 0.406429648399353 0.390167653560638 0.383704870939255 0.392588555812836 0.382203221321106 0.381683796644211 0.382821261882782 0.364162921905518 0.349502205848694 0.375615000724792 0.398773342370987 0.389299660921097 0.372253805398941 0.365319311618805 0.376322507858276 0.382923066616058 0.374945819377899 0.37052595615387 0.357999950647354
0.382852703332901 0.373001217842102 0.370787292718887 0.377990871667862 0.359628260135651 0.348672240972519 0.332625597715378 0.307687282562256 0.324125170707703 0.330648511648178 0.314955353736877 0.288660824298859 0.259930819272995 0.272658675909042 0.312732398509979 0.357352733612061 0.387430399656296 0.402207314968109 0.410441190004349 0.403136104345322 0.386499047279358 0.38642281293869 0.401022464036942 0.40256130695343 0.399450868368149 0.39668545126915 0.385336846113205 0.365969955921173 0.367300868034363 0.376341611146927 0.371020138263702 0.375504076480865 0.377910852432251 0.365057408809662 0.340470671653748 0.353985697031021 0.384963482618332 0.385229825973511 0.36428827047348 0.345424294471741 0.35970002412796 0.375045925378799 0.357419431209564 0.360870242118835 0.369747161865234
0.389902204275131 0.373684048652649 0.352813929319382 0.346952617168427 0.335862845182419 0.342657953500748 0.324563175439835 0.304535627365112 0.323438942432404 0.328456044197083 0.308250188827515 0.281218886375427 0.258985847234726 0.259230077266693 0.276645481586456 0.293928653001785 0.310671418905258 0.3186374604702 0.327056646347046 0.338680863380432 0.346542418003082 0.348588407039642 0.354800194501877 0.363413274288177 0.369307845830917 0.358443140983582 0.343617230653763 0.336898565292358 0.333319991827011 0.340483993291855 0.349776387214661 0.364895075559616 0.37300968170166 0.355009883642197 0.328540533781052 0.338748306035995 0.374573349952698 0.384840190410614 0.362792372703552 0.347563087940216 0.357837796211243 0.379281550645828 0.371907383203506 0.366931080818176 0.36792466044426
0.384121000766754 0.382363110780716 0.381277322769165 0.364050328731537 0.349851429462433 0.358884304761887 0.343571811914444 0.316654980182648 0.316656559705734 0.319514691829681 0.318677812814713 0.29607167840004 0.279048711061478 0.273832619190216 0.269932806491852 0.268061250448227 0.265548884868622 0.259191691875458 0.264163136482239 0.274517178535461 0.278757572174072 0.280738592147827 0.278981924057007 0.291761726140976 0.318981111049652 0.322658538818359 0.304787993431091 0.297291457653046 0.296427100896835 0.30776783823967 0.330053180456161 0.353622525930405 0.368105083703995 0.364748001098633 0.356850922107697 0.366242319345474 0.384841054677963 0.389366328716278 0.36626935005188 0.351785093545914 0.353237748146057 0.375637590885162 0.3828364610672 0.36605516076088 0.35028275847435
0.418510049581528 0.405208617448807 0.41423562169075 0.398577749729156 0.374545633792877 0.362296462059021 0.338399529457092 0.325043380260468 0.320816665887833 0.315826147794724 0.318518787622452 0.310386836528778 0.291850000619888 0.289598494768143 0.282583147287369 0.279930651187897 0.273321509361267 0.260565429925919 0.250329285860062 0.230296120047569 0.226173579692841 0.251549541950226 0.252725541591644 0.261345207691193 0.283078223466873 0.287505745887756 0.277161210775375 0.282052278518677 0.295411825180054 0.300215840339661 0.319135367870331 0.338693499565125 0.349964886903763 0.372996509075165 0.39064547419548 0.388901114463806 0.381054401397705 0.367863744497299 0.34694892168045 0.341678202152252 0.344923347234726 0.35855770111084 0.363160014152527 0.354753941297531 0.349260568618774
0.403702706098557 0.398177027702332 0.394599467515945 0.378334105014801 0.377149522304535 0.375070363283157 0.349477261304855 0.326923996210098 0.325579464435577 0.330498158931732 0.31855908036232 0.305080652236938 0.295869320631027 0.291807144880295 0.289079070091248 0.290429979562759 0.289195001125336 0.279082328081131 0.26932755112648 0.24624128639698 0.251932829618454 0.286315739154816 0.278874963521957 0.284917801618576 0.296138226985931 0.291864216327667 0.287938147783279 0.296812623739243 0.304852306842804 0.298000574111938 0.308879911899567 0.319628357887268 0.330631732940674 0.351654082536697 0.372829526662827 0.369152277708054 0.346145629882812 0.331907331943512 0.328807681798935 0.337601989507675 0.345779985189438 0.347026288509369 0.344272196292877 0.339613944292068 0.33744004368782
0.388951480388641 0.412565499544144 0.419165849685669 0.401046574115753 0.398339748382568 0.401155233383179 0.381468027830124 0.352550834417343 0.310861825942993 0.309946626424789 0.324058681726456 0.316013097763062 0.302769780158997 0.292016535997391 0.288915783166885 0.289390653371811 0.295357257127762 0.298071771860123 0.297264009714127 0.291277647018433 0.289800316095352 0.294908583164215 0.291221171617508 0.313504159450531 0.322701334953308 0.317421525716782 0.31848132610321 0.320580780506134 0.314795643091202 0.307958513498306 0.309862285852432 0.323317140340805 0.337518513202667 0.343002885580063 0.355055898427963 0.354005694389343 0.339869320392609 0.334594547748566 0.341623485088348 0.354329973459244 0.361545920372009 0.35608097910881 0.346993058919907 0.33913180232048 0.336297035217285
0.395489424467087 0.41031339764595 0.420035570859909 0.405608206987381 0.401110678911209 0.390459150075912 0.381832867860794 0.372749477624893 0.34394708275795 0.325727969408035 0.332127302885056 0.325056314468384 0.314418882131577 0.309689313173294 0.307101160287857 0.303630143404007 0.308854073286057 0.309936910867691 0.304792523384094 0.299028724431992 0.300199270248413 0.29408785700798 0.297127693891525 0.322735965251923 0.326328217983246 0.321845591068268 0.323377937078476 0.324559450149536 0.324256062507629 0.324237763881683 0.322582483291626 0.33247584104538 0.333487987518311 0.336959332227707 0.352808237075806 0.358358561992645 0.361569553613663 0.35980686545372 0.355251342058182 0.345204740762711 0.35800901055336 0.36783304810524 0.34884113073349 0.343819886445999 0.34907528758049
0.387843698263168 0.422638177871704 0.431403547525406 0.408190846443176 0.396755993366241 0.392941653728485 0.38677915930748 0.387774795293808 0.383259356021881 0.350102216005325 0.3226697742939 0.309392958879471 0.300965696573257 0.303047925233841 0.30265411734581 0.306474030017853 0.315917551517487 0.31568518280983 0.304321229457855 0.296795129776001 0.300473242998123 0.291660606861115 0.288254290819168 0.304422587156296 0.31131649017334 0.321567475795746 0.328251898288727 0.328625649213791 0.328883498907089 0.333328038454056 0.344889909029007 0.358593761920929 0.338263839483261 0.337111115455627 0.359992444515228 0.365892261266708 0.370091557502747 0.357251852750778 0.347016096115112 0.343649417161942 0.350461483001709 0.356388330459595 0.343317091464996 0.347074955701828 0.36180579662323
0.352420032024384 0.392539441585541 0.41064327955246 0.394190162420273 0.362399101257324 0.35463672876358 0.363726824522018 0.38636040687561 0.386470586061478 0.365002036094666 0.349165886640549 0.329556792974472 0.314642697572708 0.308596402406693 0.293592423200607 0.291142791509628 0.29438841342926 0.295745998620987 0.289277374744415 0.280437827110291 0.285566508769989 0.285534769296646 0.280078560113907 0.294623523950577 0.309383511543274 0.323492854833603 0.337841272354126 0.338742196559906 0.330471992492676 0.32772770524025 0.350463002920151 0.368622958660126 0.345619946718216 0.346298366785049 0.357711553573608 0.366306871175766 0.376341789960861 0.361223131418228 0.353787630796432 0.361229985952377 0.360381782054901 0.363582104444504 0.355819165706635 0.351864755153656 0.35266125202179
0.324804931879044 0.334896147251129 0.358878791332245 0.400517970323563 0.375144839286804 0.348647326231003 0.367763459682465 0.390966653823853 0.390043258666992 0.370246291160583 0.380584806203842 0.373492509126663 0.359829902648926 0.340014278888702 0.310400635004044 0.308732450008392 0.314337283372879 0.306461066007614 0.293904572725296 0.27354171872139 0.271881967782974 0.280494689941406 0.288434594869614 0.305873483419418 0.316934257745743 0.32085856795311 0.335933327674866 0.334362775087357 0.325259566307068 0.326673835515976 0.340282022953033 0.352538615465164 0.3431735932827 0.356304556131363 0.369978785514832 0.377963125705719 0.37863090634346 0.364425510168076 0.362148493528366 0.358442962169647 0.346008121967316 0.355135709047318 0.367260903120041 0.362723618745804 0.350057810544968
0.366697013378143 0.352803558111191 0.353648275136948 0.394767880439758 0.395252525806427 0.37930104136467 0.385224372148514 0.365184396505356 0.368943005800247 0.377865105867386 0.388279587030411 0.386927604675293 0.373843818902969 0.350385665893555 0.334051012992859 0.342759519815445 0.349091619253159 0.346167951822281 0.335006386041641 0.302597254514694 0.279301136732101 0.283722996711731 0.296235680580139 0.309493005275726 0.314380258321762 0.316488057374954 0.325005531311035 0.32819539308548 0.331564277410507 0.338638156652451 0.334833323955536 0.338619738817215 0.342654824256897 0.356679260730743 0.37661600112915 0.378139495849609 0.364288300275803 0.353144228458405 0.360660016536713 0.365976691246033 0.355797231197357 0.354738503694534 0.37143948674202 0.374299705028534 0.358909010887146
0.381021440029144 0.344722092151642 0.33346700668335 0.35623425245285 0.357208251953125 0.364517688751221 0.38789176940918 0.400929421186447 0.383210867643356 0.391538560390472 0.397732764482498 0.395533502101898 0.38787505030632 0.382325649261475 0.379529535770416 0.380083113908768 0.373009353876114 0.363058418035507 0.34648597240448 0.324561446905136 0.291816890239716 0.280088186264038 0.291563898324966 0.295619636774063 0.315202325582504 0.325632274150848 0.32862776517868 0.334210008382797 0.346154898405075 0.35350489616394 0.345112353563309 0.334601610898972 0.32426181435585 0.335813641548157 0.359095871448517 0.362927228212357 0.35508793592453 0.352435022592545 0.360276252031326 0.375598162412643 0.372019559144974 0.35606724023819 0.365688592195511 0.366250663995743 0.350625663995743
0.366577118635178 0.323392897844315 0.327709287405014 0.34949392080307 0.338660717010498 0.350445628166199 0.39120414853096 0.414970546960831 0.376578837633133 0.368813157081604 0.380000591278076 0.385634332895279 0.389916628599167 0.394875586032867 0.404996335506439 0.409133434295654 0.398274809122086 0.382899582386017 0.353907495737076 0.326799511909485 0.306311368942261 0.291007429361343 0.294729709625244 0.304194033145905 0.335488438606262 0.347560942173004 0.344644755125046 0.346286594867706 0.345134556293488 0.349581032991409 0.343209832906723 0.327266305685043 0.310840994119644 0.315880626440048 0.339776486158371 0.355719476938248 0.360304534435272 0.355739504098892 0.356506407260895 0.366842836141586 0.363461315631866 0.349355041980743 0.35434478521347 0.346609383821487 -3.4e+38
0.345011323690414 0.310314536094666 0.329216361045837 0.343426167964935 0.330600410699844 0.329382747411728 0.35798642039299 0.3797886967659 0.367880284786224 0.370879471302032 0.378265678882599 0.387429714202881 0.391648799180984 0.392157584428787 0.389997035264969 0.395962715148926 0.402323514223099 0.402237147092819 0.370811253786087 0.328986406326294 0.316842675209045 0.309421449899673 0.322712421417236 0.339006245136261 0.352220386266708 0.363052546977997 0.352964788675308 0.339354574680328 0.336123079061508 0.336817145347595 0.330667197704315 0.321755051612854 0.322795391082764 0.317710757255554 0.333923310041428 0.351760864257812 0.357383877038956 0.354421645402908 0.348267883062363 0.345187038183212 0.338406056165695 -3.4e+38 -3.4e+38 -3.4e+38 -3.4e+38
