data/trimmed_ndre/Aes_ndre.731.2011_no_clouds.asc
NCOLS 109 
NROWS 101 
XLLCORNER 466110 
YLLCORNER 5182005 
CELLSIZE 5 
NODATA_value -3.4e+38 
[rows 80 to 99 of 101, columns 0 to 44 of 109]
-3.4e+38 -3.4e+38 -3.4e+38 -3.4e+38 0.31924107670784 0.316164076328278 0.307399213314056 0.289034605026245 0.278239250183105 0.272938191890717 0.244646579027176 0.186271235346794 0.133699804544449 0.121473707258701 0.127887547016144 0.126491814851761 0.120243333280087 0.119719050824642 0.124457761645317 0.136843040585518 0.146278336644173 0.147712633013725 0.191953927278519 0.273673713207245 0.323789030313492 0.357122182846069 0.391896545886993 0.414294272661209 0.438971728086472 0.453109085559845 0.453545063734055 0.458186239004135 0.444855332374573 0.402579337358475 0.371999382972717 0.342517495155334 0.305878311395645 0.283903360366821 0.272467166185379 0.261527270078659 0.261875152587891 0.263249903917313 0.26154637336731 0.254382342100143 0.242226645350456
-3.4e+38 -3.4e+38 -3.4e+38 -3.4e+38 -3.4e+38 -3.4e+38 -3.4e+38 0.301253288984299 0.288171708583832 0.274344444274902 0.234992325305939 0.173937365412712 0.121623001992702 0.114188581705093 0.126789733767509 0.132299900054932 0.111934699118137 0.116690799593925 0.148535147309303 0.148217171430588 0.154125288128853 0.152243167161942 0.201177671551704 0.285326331853867 0.346773684024811 0.390716135501862 0.417471021413803 0.436404585838318 0.436115562915802 0.429155766963959 0.443185836076736 0.451010912656784 0.435707986354828 0.401552647352219 0.347472429275513 0.316062361001968 0.293940633535385 0.268881350755692 0.266568094491959 0.257516145706177 0.248470634222031 0.242684811353683 0.245686262845993 0.243335396051407 0.206845432519913
-3.4e+38 -3.4e+38 -3.4e+38 -3.4e+38 -3.4e+38 -3.4e+38 -3.4e+38 -3.4e+38 -3.4e+38 -3.4e+38 0.219049513339996 0.163732036948204 0.11933933198452 0.12429641187191 0.135492593050003 0.134650692343712 0.114577271044254 0.123675540089607 0.134430631995201 0.126948654651642 0.135624706745148 0.147015988826752 0.212332665920258 0.300893217325211 0.367749750614166 0.417575687170029 0.439577549695969 0.447010189294815 0.432515889406204 0.418248653411865 0.440512210130692 0.453056812286377 0.431345462799072 0.399517893791199 0.346316337585449 0.307128190994263 0.291400521993637 0.277416497468948 0.277139246463776 0.263201713562012 0.246037349104881 0.250956654548645 0.249702632427216 0.234256193041801 0.198092043399811
-3.4e+38 -3.4e+38 -3.4e+38 -3.4e+38 -3.4e+38 -3.4e+38 -3.4e+38 -3.4e+38 -3.4e+38 -3.4e+38 -3.4e+38 -3.4e+38 0.114419110119343 0.127680018544197 0.126520365476608 0.12950673699379 0.138258621096611 0.128564402461052 0.12083525955677 0.132339999079704 0.129905819892883 0.154741302132607 0.227587088942528 0.312725335359573 0.383502274751663 0.429853111505508 0.447934120893478 0.446442276239395 0.430475801229477 0.415660053491592 0.435919433832169 0.45281720161438 0.429977208375931 0.387651532888412 0.349022090435028 0.3272745013237 0.31871572136879 0.30129936337471 0.289657175540924 0.282363951206207 0.274165213108063 0.269277781248093 0.257890701293945 0.236827686429024 0.21938581764698
-3.4e+38 -3.4e+38 -3.4e+38 -3.4e+38 -3.4e+38 -3.4e+38 -3.4e+38 -3.4e+38 -3.4e+38 -3.4e+38 -3.4e+38 -3.4e+38 -3.4e+38 -3.4e+38 0.113322518765926 0.115944966673851 0.134965553879738 0.113249711692333 0.119644857943058 0.150671914219856 0.133041054010391 0.172555968165398 0.239928916096687 0.321821451187134 0.389375060796738 0.427187085151672 0.442484796047211 0.442021429538727 0.430241286754608 0.418669283390045 0.433858752250671 0.450515031814575 0.445091724395752 0.403412371873856 0.367489516735077 0.365267515182495 0.356082707643509 0.347851395606995 0.33632105588913 0.324976950883865 0.30730602145195 0.284203201532364 0.263610601425171 0.241229951381683 0.228046163916588
-3.4e+38 -3.4e+38 -3.4e+38 -3.4e+38 -3.4e+38 -3.4e+38 -3.4e+38 -3.4e+38 -3.4e+38 -3.4e+38 -3.4e+38 -3.4e+38 -3.4e+38 -3.4e+38 -3.4e+38 0.120772399008274 0.124686390161514 0.122913703322411 0.133030563592911 0.13925364613533 0.123773477971554 0.179535314440727 0.250204116106033 0.333438903093338 0.389557659626007 0.417306661605835 0.439106106758118 0.446484208106995 0.439681619405746 0.434390753507614 0.44370448589325 0.457610785961151 0.461513757705688 0.431233167648315 0.40554291009903 0.405374258756638 0.392001509666443 0.386287420988083 0.37199729681015 0.341705858707428 0.322820335626602 0.301138997077942 0.27907121181488 0.252249330282211 0.244082644581795
-3.4e+38 -3.4e+38 -3.4e+38 -3.4e+38 -3.4e+38 -3.4e+38 -3.4e+38 -3.4e+38 -3.4e+38 -3.4e+38 -3.4e+38 -3.4e+38 -3.4e+38 -3.4e+38 -3.4e+38 -3.4e+38 -3.4e+38 0.127321809530258 0.135827213525772 0.138940304517746 0.148492112755775 0.203485682606697 0.276209354400635 0.343731045722961 0.38294193148613 0.411607921123505 0.44540399312973 0.454020798206329 0.439696133136749 0.436684787273407 0.448615968227386 0.462036997079849 0.460566610097885 0.446802258491516 0.430006772279739 0.423344016075134 0.417794197797775 0.40026068687439 0.379977643489838 0.359961718320847 0.354700148105621 0.346050024032593 0.325179606676102 0.293664902448654 0.279565751552582
-3.4e+38 -3.4e+38 -3.4e+38 -3.4e+38 -3.4e+38 -3.4e+38 -3.4e+38 -3.4e+38 -3.4e+38 -3.4e+38 -3.4e+38 -3.4e+38 -3.4e+38 -3.4e+38 -3.4e+38 -3.4e+38 -3.4e+38 -3.4e+38 -3.4e+38 0.145827025175095 0.170851767063141 0.239729568362236 0.293070465326309 0.35867115855217 0.396065920591354 0.42015066742897 0.44837561249733 0.452277332544327 0.427661657333374 0.42764875292778 0.443230867385864 0.458412349224091 0.458764731884003 0.458885431289673 0.448202699422836 0.427461475133896 0.41239008307457 0.388937801122665 0.384204357862473 0.379637330770493 0.368046402931213 0.357865303754807 0.33683779835701 0.313026398420334 0.292849689722061
-3.4e+38 -3.4e+38 -3.4e+38 -3.4e+38 -3.4e+38 -3.4e+38 -3.4e+38 -3.4e+38 -3.4e+38 -3.4e+38 -3.4e+38 -3.4e+38 -3.4e+38 -3.4e+38 -3.4e+38 -3.4e+38 -3.4e+38 -3.4e+38 -3.4e+38 -3.4e+38 -3.4e+38 0.273675322532654 0.318105041980743 0.38008576631546 0.411616653203964 0.419356942176819 0.428982347249985 0.415846675634384 0.400656670331955 0.41962406039238 0.444166898727417 0.462849378585815 0.464209496974945 0.460800796747208 0.4450364112854 0.42004531621933 0.403894245624542 0.395244538784027 0.396663993597031 0.387809306383133 0.358513653278351 0.320718914270401 0.301452308893204 0.295407712459564 0.278971821069717
-3.4e+38 -3.4e+38 -3.4e+38 -3.4e+38 -3.4e+38 -3.4e+38 -3.4e+38 -3.4e+38 -3.4e+38 -3.4e+38 -3.4e+38 -3.4e+38 -3.4e+38 -3.4e+38 -3.4e+38 -3.4e+38 -3.4e+38 -3.4e+38 -3.4e+38 -3.4e+38 -3.4e+38 -3.4e+38 0.344303041696548 0.380966186523438 0.406057626008987 0.392443388700485 0.350735485553741 0.329072415828705 0.346393465995789 0.402067571878433 0.451937526464462 0.467124760150909 0.463302224874496 0.454929530620575 0.429272443056107 0.414350509643555 0.407459199428558 0.397867828607559 0.38583043217659 0.386456519365311 0.353049576282501 0.293543577194214 0.276115953922272 0.278698831796646 0.272913247346878
-3.4e+38 -3.4e+38 -3.4e+38 -3.4e+38 -3.4e+38 -3.4e+38 -3.4e+38 -3.4e+38 -3.4e+38 -3.4e+38 -3.4e+38 -3.4e+38 -3.4e+38 -3.4e+38 -3.4e+38 -3.4e+38 -3.4e+38 -3.4e+38 -3.4e+38 -3.4e+38 -3.4e+38 -3.4e+38 -3.4e+38 -3.4e+38 0.385959774255753 0.3321533203125 0.258649945259094 0.236191749572754 0.279602438211441 0.368660658597946 0.438264757394791 0.460606813430786 0.457064658403397 0.441220343112946 0.407501339912415 0.398706555366516 0.399073511362076 0.394386887550354 0.38070148229599 0.388425409793854 0.367025703191757 0.320122897624969 0.287141501903534 0.281236797571182 0.287405252456665
-3.4e+38 -3.4e+38 -3.4e+38 -3.4e+38 -3.4e+38 -3.4e+38 -3.4e+38 -3.4e+38 -3.4e+38 -3.4e+38 -3.4e+38 -3.4e+38 -3.4e+38 -3.4e+38 -3.4e+38 -3.4e+38 -3.4e+38 -3.4e+38 -3.4e+38 -3.4e+38 -3.4e+38 -3.4e+38 -3.4e+38 -3.4e+38 -3.4e+38 0.267502784729004 0.212291106581688 0.194644093513489 0.245341971516609 0.33952271938324 0.422052621841431 0.448436439037323 0.451553702354431 0.432271599769592 0.394711583852768 0.393326878547668 0.392845332622528 0.39082270860672 0.381511747837067 0.380805224180222 0.375200629234314 0.358153730630875 0.322759300470352 0.302078872919083 0.303200602531433
-3.4e+38 -3.4e+38 -3.4e+38 -3.4e+38 -3.4e+38 -3.4e+38 -3.4e+38 -3.4e+38 -3.4e+38 -3.4e+38 -3.4e+38 -3.4e+38 -3.4e+38 -3.4e+38 -3.4e+38 -3.4e+38 -3.4e+38 -3.4e+38 -3.4e+38 -3.4e+38 -3.4e+38 -3.4e+38 -3.4e+38 -3.4e+38 -3.4e+38 0.224332645535469 0.200273096561432 0.195462211966515 0.239676296710968 0.335917472839355 0.410252928733826 0.422267109155655 0.42045333981514 0.415863275527954 0.392868310213089 0.389829784631729 0.396545231342316 0.396283060312271 0.392159163951874 0.385438978672028 0.372530877590179 0.366050392389297 0.341274052858353 0.33637523651123 0.329996228218079
-3.4e+38 -3.4e+38 -3.4e+38 -3.4e+38 -3.4e+38 -3.4e+38 -3.4e+38 -3.4e+38 -3.4e+38 -3.4e+38 -3.4e+38 -3.4e+38 -3.4e+38 -3.4e+38 -3.4e+38 -3.4e+38 -3.4e+38 -3.4e+38 -3.4e+38 -3.4e+38 -3.4e+38 -3.4e+38 -3.4e+38 -3.4e+38 -3.4e+38 0.204819932579994 0.207352533936501 0.22491255402565 0.283674865961075 0.365980803966522 0.413527429103851 0.416310369968414 0.392639398574829 0.388910204172134 0.376404255628586 0.357201516628265 0.373783856630325 0.388894528150558 0.389388620853424 0.376290798187256 0.351768910884857 0.351805418729782 0.35876652598381 0.370540499687195 0.348051309585571
-3.4e+38 -3.4e+38 -3.4e+38 -3.4e+38 -3.4e+38 -3.4e+38 -3.4e+38 -3.4e+38 -3.4e+38 -3.4e+38 -3.4e+38 -3.4e+38 -3.4e+38 -3.4e+38 -3.4e+38 -3.4e+38 -3.4e+38 -3.4e+38 -3.4e+38 -3.4e+38 -3.4e+38 -3.4e+38 -3.4e+38 -3.4e+38 -3.4e+38 -3.4e+38 0.203641936182976 0.261117339134216 0.344924807548523 0.405600637197495 0.421979814767838 0.402390688657761 0.371943354606628 0.362199872732162 0.353131830692291 0.346171349287033 0.360283583402634 0.357734829187393 0.371488630771637 0.368417084217072 0.353348851203918 0.370606869459152 0.379608333110809 0.364928901195526 0.327779859304428
-3.4e+38 -3.4e+38 -3.4e+38 -3.4e+38 -3.4e+38 -3.4e+38 -3.4e+38 -3.4e+38 -3.4e+38 -3.4e+38 -3.4e+38 -3.4e+38 -3.4e+38 -3.4e+38 -3.4e+38 -3.4e+38 -3.4e+38 -3.4e+38 -3.4e+38 -3.4e+38 -3.4e+38 -3.4e+38 -3.4e+38 -3.4e+38 -3.4e+38 -3.4e+38 0.223189875483513 0.311211705207825 0.381755769252777 0.418183952569962 0.406330913305283 0.373136192560196 0.347961455583572 0.342219829559326 0.333352714776993 0.343020528554916 0.354237675666809 0.337610244750977 0.346926987171173 0.349877625703812 0.359947323799133 0.395747691392899 0.386660188436508 0.343574076890945 0.310922682285309
-3.4e+38 -3.4e+38 -3.4e+38 -3.4e+38 -3.4e+38 -3.4e+38 -3.4e+38 -3.4e+38 -3.4e+38 -3.4e+38 -3.4e+38 -3.4e+38 -3.4e+38 -3.4e+38 -3.4e+38 -3.4e+38 -3.4e+38 -3.4e+38 -3.4e+38 -3.4e+38 -3.4e+38 -3.4e+38 -3.4e+38 -3.4e+38 -3.4e+38 -3.4e+38 -3.4e+38 -3.4e+38 -3.4e+38 0.399262428283691 0.389304906129837 0.359264373779297 0.333066135644913 0.325569987297058 0.320133537054062 0.335447013378143 0.348370641469955 0.331594228744507 0.327035039663315 0.342260956764221 0.34651181101799 0.362593770027161 0.36533710360527 0.325336366891861 0.301738888025284
-3.4e+38 -3.4e+38 -3.4e+38 -3.4e+38 -3.4e+38 -3.4e+38 -3.4e+38 -3.4e+38 -3.4e+38 -3.4e+38 -3.4e+38 -3.4e+38 -3.4e+38 -3.4e+38 -3.4e+38 -3.4e+38 -3.4e+38 -3.4e+38 -3.4e+38 -3.4e+38 -3.4e+38 -3.4e+38 -3.4e+38 -3.4e+38 -3.4e+38 -3.4e+38 -3.4e+38 -3.4e+38 -3.4e+38 -3.4e+38 -3.4e+38 -3.4e+38 -3.4e+38 -3.4e+38 -3.4e+38 0.305027365684509 0.31699725985527 0.317716151475906 0.312892436981201 0.330530643463135 0.327006667852402 0.31240251660347 0.32301452755928 0.292272448539734 0.29086908698082
-3.4e+38 -3.4e+38 -3.4e+38 -3.4e+38 -3.4e+38 -3.4e+38 -3.4e+38 -3.4e+38 -3.4e+38 -3.4e+38 -3.4e+38 -3.4e+38 -3.4e+38 -3.4e+38 -3.4e+38 -3.4e+38 -3.4e+38 -3.4e+38 -3.4e+38 -3.4e+38 -3.4e+38 -3.4e+38 -3.4e+38 -3.4e+38 -3.4e+38 -3.4e+38 -3.4e+38 -3.4e+38 -3.4e+38 -3.4e+38 -3.4e+38 -3.4e+38 -3.4e+38 -3.4e+38 -3.4e+38 -3.4e+38 -3.4e+38 -3.4e+38 0.270182490348816 0.286226511001587 0.296932369470596 0.276127487421036 0.288652122020721 0.283966422080994 0.299064427614212
-3.4e+38 -3.4e+38 -3.4e+38 -3.4e+38 -3.4e+38 -3.4e+38 -3.4e+38 -3.4e+38 -3.4e+38 -3.4e+38 -3.4e+38 -3.4e+38 -3.4e+38 -3.4e+38 -3.4e+38 -3.4e+38 -3.4e+38 -3.4e+38 -3.4e+38 -3.4e+38 -3.4e+38 -3.4e+38 -3.4e+38 -3.4e+38 -3.4e+38 -3.4e+38 -3.4e+38 -3.4e+38 -3.4e+38 -3.4e+38 -3.4e+38 -3.4e+38 -3.4e+38 -3.4e+38 -3.4e+38 -3.4e+38 -3.4e+38 -3.4e+38 -3.4e+38 0.261621117591858 0.268702656030655 0.265271961688995 0.276390135288239 0.295968651771545 0.31978440284729
