data/trimmed_ndre/Aes_ndre.713.2012_no_clouds.asc
NCOLS 109 
NROWS 101 
XLLCORNER 466110 
YLLCORNER 5182005 
CELLSIZE 5 
NODATA_value -3.4e+38 
[rows 80 to 99 of 101, columns 45 to 89 of 109]
0.32851853966713 0.30985951423645 0.332226693630219 0.343498140573502 0.335104376077652 0.33208042383194 0.353033244609833 0.379556983709335 0.380081921815872 0.369324505329132 0.368141502141953 0.379957139492035 0.391196399927139 0.391233772039413 0.389959931373596 0.393690019845963 0.400985538959503 0.403191030025482 0.390165627002716 0.35511189699173 0.326726585626602 0.325893461704254 0.341002881526947 0.353840470314026 0.356276780366898 0.359024941921234 0.33783695101738 0.32756844162941 0.334811121225357 0.327538430690765 0.323116689920425 0.323888808488846 0.327348858118057 0.318932980298996 0.329602956771851 0.342709898948669 0.341783046722412 0.345067530870438 0.347027271986008 -3.4e+38 -3.4e+38 -3.4e+38 -3.4e+38 -3.4e+38 -3.4e+38
0.303995817899704 0.30202928185463 0.336808443069458 0.348869144916534 0.351669758558273 0.345504492521286 0.351673632860184 0.374372541904449 0.372079998254776 0.347288876771927 0.346446812152863 0.357138514518738 0.368334710597992 0.375740826129913 0.3801648914814 0.387407302856445 0.397057712078094 0.393864512443542 0.366157621145248 0.352719873189926 0.345804840326309 0.350913435220718 0.356612622737885 0.361313700675964 0.371253401041031 0.375395983457565 0.346276164054871 0.325978636741638 0.333032995462418 0.332837820053101 0.324097603559494 0.313044250011444 0.310951918363571 0.315712094306946 0.323548167943954 0.326310455799103 0.327065348625183 0.334223955869675 -3.4e+38 -3.4e+38 -3.4e+38 -3.4e+38 -3.4e+38 -3.4e+38 -3.4e+38
0.293338388204575 0.307890564203262 0.347538858652115 0.358797997236252 0.368366807699203 0.36257791519165 0.355880171060562 0.357146918773651 0.351127564907074 0.336503654718399 0.338374823331833 0.350658595561981 0.355504810810089 0.359238356351852 0.36877229809761 0.383276075124741 0.389930546283722 0.387734234333038 0.372130036354065 0.367197692394257 0.367058962583542 0.375199735164642 0.377766340970993 0.371069580316544 0.372726291418076 0.36852565407753 0.342063754796982 0.305255264043808 0.309465944766998 0.333490133285522 0.315735429525375 0.293492913246155 0.29100501537323 0.305085092782974 0.31535467505455 0.323416531085968 0.325517416000366 -3.4e+38 -3.4e+38 -3.4e+38 -3.4e+38 -3.4e+38 -3.4e+38 -3.4e+38 -3.4e+38
0.31515035033226 0.339060008525848 0.368355274200439 0.372907131910324 0.371840626001358 0.386233180761337 0.377226442098618 0.355009764432907 0.349123179912567 0.339845389127731 0.34521621465683 0.358415246009827 0.36071440577507 0.36451467871666 0.374448120594025 0.387896031141281 0.382322788238525 0.390327960252762 0.398639649152756 0.390030026435852 0.375668257474899 0.37933760881424 0.38529434800148 0.383209645748138 0.374136716127396 0.347823798656464 0.323096662759781 0.312911689281464 0.319771081209183 0.332600504159927 0.313691079616547 0.294219970703125 0.294672727584839 0.307080656290054 0.315349847078323 -3.4e+38 -3.4e+38 -3.4e+38 -3.4e+38 -3.4e+38 -3.4e+38 -3.4e+38 -3.4e+38 -3.4e+38 -3.4e+38
0.34292283654213 0.36454176902771 0.378964394330978 0.374533832073212 0.370420426130295 0.374673217535019 0.382072299718857 0.36934307217598 0.352792263031006 0.339469790458679 0.339516431093216 0.355146795511246 0.370449066162109 0.380056351423264 0.38167804479599 0.384275496006012 0.38173434138298 0.391698092222214 0.409987837076187 0.39929473400116 0.381326496601105 0.373622268438339 0.383770257234573 0.39130499958992 0.379609704017639 0.338192403316498 0.320453673601151 0.330310076475143 0.319926589727402 0.310107380151749 0.302047163248062 0.297809392213821 0.306433260440826 0.314431399106979 -3.4e+38 -3.4e+38 -3.4e+38 -3.4e+38 -3.4e+38 -3.4e+38 -3.4e+38 -3.4e+38 -3.4e+38 -3.4e+38 -3.4e+38
0.331261307001114 0.354361981153488 0.374177008867264 0.36468380689621 0.355534940958023 0.355947554111481 0.374676197767258 0.382557332515717 0.376484304666519 0.370130509138107 0.357144385576248 0.353406667709351 0.368134409189224 0.380957692861557 0.383449047803879 0.390364110469818 0.390508085489273 0.3833347260952 0.404720395803452 0.41235676407814 0.397933334112167 0.383912891149521 0.38291797041893 0.381181687116623 0.360813736915588 0.320668578147888 0.314915388822556 0.322500228881836 0.299769222736359 0.287682622671127 0.278588384389877 0.280900925397873 0.295544445514679 -3.4e+38 -3.4e+38 -3.4e+38 -3.4e+38 -3.4e+38 -3.4e+38 -3.4e+38 -3.4e+38 -3.4e+38 -3.4e+38 -3.4e+38 -3.4e+38
0.350190937519073 0.362931847572327 0.368357241153717 0.358454465866089 0.365107804536819 0.37399497628212 0.378241568803787 0.378598749637604 0.378883630037308 0.37901571393013 0.369216024875641 0.363554030656815 0.374798983335495 0.396566033363342 0.405559569597244 0.406887531280518 0.39249187707901 0.376804560422897 0.393216729164124 0.409616768360138 0.404753714799881 0.387627214193344 0.374139755964279 0.351307541131973 0.315992414951324 0.290261268615723 0.304842501878738 0.309808015823364 0.296707183122635 0.295052945613861 0.284713298082352 0.283728152513504 -3.4e+38 -3.4e+38 -3.4e+38 -3.4e+38 -3.4e+38 -3.4e+38 -3.4e+38 -3.4e+38 -3.4e+38 -3.4e+38 -3.4e+38 -3.4e+38 -3.4e+38
0.369079053401947 0.369268655776978 0.356173813343048 0.341757953166962 0.350497871637344 0.364845544099808 0.361756473779678 0.356539934873581 0.362390071153641 0.357307970523834 0.358539044857025 0.380832642316818 0.397394508123398 0.412552058696747 0.416337907314301 0.402419805526733 0.388304829597473 0.376043140888214 0.37617364525795 0.380717217922211 0.380564332008362 0.364733904600143 0.352700650691986 0.325082153081894 0.283194750547409 0.277815103530884 0.317393690347672 0.309314727783203 0.293114542961121 0.298487961292267 0.296811491250992 -3.4e+38 -3.4e+38 -3.4e+38 -3.4e+38 -3.4e+38 -3.4e+38 -3.4e+38 -3.4e+38 -3.4e+38 -3.4e+38 -3.4e+38 -3.4e+38 -3.4e+38 -3.4e+38
0.346127450466156 0.350349873304367 0.349806070327759 0.342392802238464 0.347074925899506 0.350903958082199 0.347397804260254 0.346628695726395 0.356560468673706 0.373990774154663 0.382021069526672 0.386031806468964 0.403587609529495 0.415719896554947 0.402896881103516 0.376475840806961 0.366904646158218 0.370490729808807 0.367084741592407 0.363849610090256 0.351265013217926 0.33493384718895 0.322352021932602 0.311621963977814 0.281814426183701 0.291036009788513 0.327368587255478 0.305782377719879 0.291274160146713 0.293939679861069 -3.4e+38 -3.4e+38 -3.4e+38 -3.4e+38 -3.4e+38 -3.4e+38 -3.4e+38 -3.4e+38 -3.4e+38 -3.4e+38 -3.4e+38 -3.4e+38 -3.4e+38 -3.4e+38 -3.4e+38
0.327327460050583 0.341593027114868 0.362123340368271 0.365500718355179 0.357280552387238 0.337526649236679 0.320786207914352 0.329746723175049 0.351098418235779 0.383690744638443 0.381954252719879 0.35714653134346 0.376463502645493 0.394913136959076 0.393103629350662 0.376347839832306 0.374313116073608 0.379785448312759 0.384896457195282 0.380654394626617 0.345785290002823 0.298536777496338 0.288417398929596 0.305397212505341 0.293037712574005 0.295062512159348 0.317669212818146 0.322104901075363 0.313652217388153 -3.4e+38 -3.4e+38 -3.4e+38 -3.4e+38 -3.4e+38 -3.4e+38 -3.4e+38 -3.4e+38 -3.4e+38 -3.4e+38 -3.4e+38 -3.4e+38 -3.4e+38 -3.4e+38 -3.4e+38 -3.4e+38
0.326954573392868 0.348230719566345 0.367353796958923 0.359868258237839 0.345200300216675 0.339904308319092 0.326447248458862 0.333364486694336 0.349813014268875 0.354096472263336 0.361923187971115 0.342658221721649 0.339141100645065 0.347264021635056 0.355602383613586 0.375219970941544 0.396894305944443 0.403268188238144 0.37637323141098 0.349427729845047 0.327859312295914 0.289273172616959 0.285563826560974 0.300540655851364 0.302667200565338 0.310488224029541 0.320600688457489 0.331276893615723 -3.4e+38 -3.4e+38 -3.4e+38 -3.4e+38 -3.4e+38 -3.4e+38 -3.4e+38 -3.4e+38 -3.4e+38 -3.4e+38 -3.4e+38 -3.4e+38 -3.4e+38 -3.4e+38 -3.4e+38 -3.4e+38 -3.4e+38
0.333508789539337 0.355029195547104 0.363492131233215 0.353323966264725 0.349120825529099 0.36576321721077 0.35897621512413 0.355953216552734 0.342445105314255 0.326964765787125 0.341904193162918 0.327398031949997 0.304992258548737 0.305081814527512 0.300467997789383 0.317735552787781 0.334938675165176 0.331051528453827 0.316745936870575 0.298207074403763 0.30794632434845 0.309547811746597 0.32268151640892 0.312624663114548 0.2955002784729 0.308627188205719 -3.4e+38 -3.4e+38 -3.4e+38 -3.4e+38 -3.4e+38 -3.4e+38 -3.4e+38 -3.4e+38 -3.4e+38 -3.4e+38 -3.4e+38 -3.4e+38 -3.4e+38 -3.4e+38 -3.4e+38 -3.4e+38 -3.4e+38 -3.4e+38 -3.4e+38
0.331334352493286 0.347586393356323 0.355043202638626 0.351082801818848 0.347563117742538 0.368310749530792 0.374166876077652 0.365851521492004 0.333482384681702 0.316941797733307 0.34090182185173 0.326801240444183 0.311810314655304 0.303859800100327 0.28689432144165 0.29428705573082 0.291689693927765 0.282186657190323 0.299400687217712 0.279423952102661 0.282633662223816 0.304829210042953 0.31966108083725 0.306908756494522 0.286803334951401 -3.4e+38 -3.4e+38 -3.4e+38 -3.4e+38 -3.4e+38 -3.4e+38 -3.4e+38 -3.4e+38 -3.4e+38 -3.4e+38 -3.4e+38 -3.4e+38 -3.4e+38 -3.4e+38 -3.4e+38 -3.4e+38 -3.4e+38 -3.4e+38 -3.4e+38 -3.4e+38
0.32975110411644 0.344047397375107 0.353477954864502 0.349414706230164 0.328702092170715 0.350014984607697 0.364971071481705 0.350148856639862 0.335144460201263 0.330573379993439 0.346150696277618 0.341466546058655 0.330596327781677 0.313795745372772 0.299201130867004 0.310266762971878 0.310041069984436 0.310318678617477 0.319570660591125 0.288518458604813 0.290562003850937 0.310223519802094 0.305740654468536 -3.4e+38 -3.4e+38 -3.4e+38 -3.4e+38 -3.4e+38 -3.4e+38 -3.4e+38 -3.4e+38 -3.4e+38 -3.4e+38 -3.4e+38 -3.4e+38 -3.4e+38 -3.4e+38 -3.4e+38 -3.4e+38 -3.4e+38 -3.4e+38 -3.4e+38 -3.4e+38 -3.4e+38 -3.4e+38
0.340063601732254 0.350880414247513 0.359731286764145 0.348674297332764 0.324297547340393 0.346838653087616 0.347350090742111 0.330353677272797 0.342149794101715 0.330102413892746 0.339810192584991 0.343099892139435 0.323771625757217 0.316106915473938 0.315321147441864 0.32025933265686 0.328566342592239 0.324354082345963 0.31351038813591 0.303036332130432 0.304796189069748 -3.4e+38 -3.4e+38 -3.4e+38 -3.4e+38 -3.4e+38 -3.4e+38 -3.4e+38 -3.4e+38 -3.4e+38 -3.4e+38 -3.4e+38 -3.4e+38 -3.4e+38 -3.4e+38 -3.4e+38 -3.4e+38 -3.4e+38 -3.4e+38 -3.4e+38 -3.4e+38 -3.4e+38 -3.4e+38 -3.4e+38 -3.4e+38
0.340911448001862 0.349073767662048 0.365939974784851 0.364499360322952 0.345184057950974 0.353939205408096 0.333190709352493 0.327352613210678 0.334968358278275 0.314300030469894 0.327562183141708 0.329024404287338 0.307382553815842 0.315510869026184 0.312612354755402 0.30710381269455 0.314685642719269 0.311989605426788 -3.4e+38 -3.4e+38 -3.4e+38 -3.4e+38 -3.4e+38 -3.4e+38 -3.4e+38 -3.4e+38 -3.4e+38 -3.4e+38 -3.4e+38 -3.4e+38 -3.4e+38 -3.4e+38 -3.4e+38 -3.4e+38 -3.4e+38 -3.4e+38 -3.4e+38 -3.4e+38 -3.4e+38 -3.4e+38 -3.4e+38 -3.4e+38 -3.4e+38 -3.4e+38 -3.4e+38
0.328988283872604 0.331009447574615 0.347766011953354 0.374327272176743 0.363888829946518 0.342253804206848 0.334337592124939 0.333280235528946 0.328094959259033 0.30783998966217 0.319957882165909 0.31567969918251 0.30408051609993 0.314870208501816 0.315967530012131 -3.4e+38 -3.4e+38 -3.4e+38 -3.4e+38 -3.4e+38 -3.4e+38 -3.4e+38 -3.4e+38 -3.4e+38 -3.4e+38 -3.4e+38 -3.4e+38 -3.4e+38 -3.4e+38 -3.4e+38 -3.4e+38 -3.4e+38 -3.4e+38 -3.4e+38 -3.4e+38 -3.4e+38 -3.4e+38 -3.4e+38 -3.4e+38 -3.4e+38 -3.4e+38 -3.4e+38 -3.4e+38 -3.4e+38 -3.4e+38
0.333637297153473 0.327679544687271 0.337202310562134 0.364874005317688 0.357369691133499 0.33645823597908 0.353704303503036 0.348534345626831 0.333039730787277 0.315439403057098 0.310088336467743 0.308498173952103 -3.4e+38 -3.4e+38 -3.4e+38 -3.4e+38 -3.4e+38 -3.4e+38 -3.4e+38 -3.4e+38 -3.4e+38 -3.4e+38 -3.4e+38 -3.4e+38 -3.4e+38 -3.4e+38 -3.4e+38 -3.4e+38 -3.4e+38 -3.4e+38 -3.4e+38 -3.4e+38 -3.4e+38 -3.4e+38 -3.4e+38 -3.4e+38 -3.4e+38 -3.4e+38 -3.4e+38 -3.4e+38 -3.4e+38 -3.4e+38 -3.4e+38 -3.4e+38 -3.4e+38
0.325222432613373 0.323996692895889 0.336356073617935 0.347680330276489 0.359503984451294 0.354274123907089 0.354274123907089 0.348098307847977 0.345465391874313 0.322728097438812 -3.4e+38 -3.4e+38 -3.4e+38 -3.4e+38 -3.4e+38 -3.4e+38 -3.4e+38 -3.4e+38 -3.4e+38 -3.4e+38 -3.4e+38 -3.4e+38 -3.4e+38 -3.4e+38 -3.4e+38 -3.4e+38 -3.4e+38 -3.4e+38 -3.4e+38 -3.4e+38 -3.4e+38 -3.4e+38 -3.4e+38 -3.4e+38 -3.4e+38 -3.4e+38 -3.4e+38 -3.4e+38 -3.4e+38 -3.4e+38 -3.4e+38 -3.4e+38 -3.4e+38 -3.4e+38 -3.4e+38
0.315047442913055 0.324091106653214 0.330641180276871 0.337859004735947 0.349972993135452 0.34981980919838 0.343925923109055 0.341925203800201 -3.4e+38 -3.4e+38 -3.4e+38 -3.4e+38 -3.4e+38 -3.4e+38 -3.4e+38 -3.4e+38 -3.4e+38 -3.4e+38 -3.4e+38 -3.4e+38 -3.4e+38 -3.4e+38 -3.4e+38 -3.4e+38 -3.4e+38 -3.4e+38 -3.4e+38 -3.4e+38 -3.4e+38 -3.4e+38 -3.4e+38 -3.4e+38 -3.4e+38 -3.4e+38 -3.4e+38 -3.4e+38 -3.4e+38 -3.4e+38 -3.4e+38 -3.4e+38 -3.4e+38 -3.4e+38 -3.4e+38 -3.4e+38 -3.4e+38
