data/trimmed_ndre/Aes_ndre.530.2010_no_clouds.asc
NCOLS 109 
NROWS 101 
XLLCORNER 466110 
YLLCORNER 5182005 
CELLSIZE 5 
NODATA_value -3.4e+38 
[rows 80 to 99 of 101, columns 45 to 89 of 109]
0.485816448926926 0.49034520983696 0.51193642616272 0.537328481674194 0.552270770072937 0.549139380455017 0.51977813243866 0.513756513595581 0.521989583969116 0.532510697841644 0.553255379199982 0.576355457305908 0.599823951721191 0.615167737007141 0.617137372493744 0.62025374174118 0.629752695560455 0.617270529270172 0.602527022361755 0.590354561805725 0.570819973945618 0.543841302394867 0.559344887733459 0.573783338069916 0.536664307117462 0.490405768156052 0.515244960784912 0.540767133235931 0.518049955368042 0.512994706630707 0.520035922527313 0.519526064395905 0.527316093444824 0.549634158611298 0.567219734191895 0.567830443382263 0.564363658428192 0.558143556118011 0.567343354225159 -3.4e+38 -3.4e+38 -3.4e+38 -3.4e+38 -3.4e+38 -3.4e+38
0.490325301885605 0.487135499715805 0.504948139190674 0.526798009872437 0.540083765983582 0.547087728977203 0.514650940895081 0.507384657859802 0.520007133483887 0.504817426204681 0.485009163618088 0.514254808425903 0.558265030384064 0.585813403129578 0.612975478172302 0.621870577335358 0.629599511623383 0.628534555435181 0.599908590316772 0.569108605384827 0.556099593639374 0.543088555335999 0.546098530292511 0.556266725063324 0.525277495384216 0.492815434932709 0.504427671432495 0.529651403427124 0.521593511104584 0.506053566932678 0.515610039234161 0.536747395992279 0.538638651371002 0.542503118515015 0.562192142009735 0.583488166332245 0.571252703666687 0.562501132488251 -3.4e+38 -3.4e+38 -3.4e+38 -3.4e+38 -3.4e+38 -3.4e+38 -3.4e+38
0.506622731685638 0.506126403808594 0.508704960346222 0.518568992614746 0.527802884578705 0.539063215255737 0.533808767795563 0.516769587993622 0.496122717857361 0.467240899801254 0.444340586662292 0.467621803283691 0.505810379981995 0.535232067108154 0.577113330364227 0.598154306411743 0.60454922914505 0.597751498222351 0.578986585140228 0.555036664009094 0.54186886548996 0.533658623695374 0.521804511547089 0.523971438407898 0.49742391705513 0.470275640487671 0.486896187067032 0.490679830312729 0.506249666213989 0.50844794511795 0.498938530683517 0.528981506824493 0.557390987873077 0.550621688365936 0.55112236738205 0.586829960346222 0.570850133895874 -3.4e+38 -3.4e+38 -3.4e+38 -3.4e+38 -3.4e+38 -3.4e+38 -3.4e+38 -3.4e+38
0.52759450674057 0.526623070240021 0.521685063838959 0.533057332038879 0.532699286937714 0.527588725090027 0.530295848846436 0.519856691360474 0.485518395900726 0.464596301317215 0.462867051362991 0.454141587018967 0.455273032188416 0.476658195257187 0.513648331165314 0.546586155891418 0.553316235542297 0.554068744182587 0.555584132671356 0.549912929534912 0.527649402618408 0.527120113372803 0.53305447101593 0.531214952468872 0.497887492179871 0.476309895515442 0.486804187297821 0.4735386967659 0.485426485538483 0.515433609485626 0.523072004318237 0.530541241168976 0.557307779788971 0.563254415988922 0.547675430774689 -3.4e+38 -3.4e+38 -3.4e+38 -3.4e+38 -3.4e+38 -3.4e+38 -3.4e+38 -3.4e+38 -3.4e+38 -3.4e+38
0.540613532066345 0.534159421920776 0.531237125396729 0.540021657943726 0.527908086776733 0.518428444862366 0.522669732570648 0.524948954582214 0.504286170005798 0.482904642820358 0.478156983852386 0.46397602558136 0.459717124700546 0.461397677659988 0.487558394670486 0.517617642879486 0.510106921195984 0.522129654884338 0.537363409996033 0.531516015529633 0.508311569690704 0.527972340583801 0.519451260566711 0.503308117389679 0.499544739723206 0.489086598157883 0.501636505126953 0.505082845687866 0.509361207485199 0.517606019973755 0.536259651184082 0.545320093631744 0.552347242832184 0.579340398311615 -3.4e+38 -3.4e+38 -3.4e+38 -3.4e+38 -3.4e+38 -3.4e+38 -3.4e+38 -3.4e+38 -3.4e+38 -3.4e+38 -3.4e+38
0.544397354125977 0.533893525600433 0.528134226799011 0.541592121124268 0.541618287563324 0.537106573581696 0.527321219444275 0.512115120887756 0.504217088222504 0.50121682882309 0.496190369129181 0.487074553966522 0.485730707645416 0.488087177276611 0.499936491250992 0.497386991977692 0.481795251369476 0.50444483757019 0.513923525810242 0.490824490785599 0.476957678794861 0.499631226062775 0.481483310461044 0.462958216667175 0.48118531703949 0.483593940734863 0.483562290668488 0.506444215774536 0.528112530708313 0.527761101722717 0.544585406780243 0.570414304733276 0.57294887304306 -3.4e+38 -3.4e+38 -3.4e+38 -3.4e+38 -3.4e+38 -3.4e+38 -3.4e+38 -3.4e+38 -3.4e+38 -3.4e+38 -3.4e+38 -3.4e+38
0.541028559207916 0.531253159046173 0.523040294647217 0.538679778575897 0.559647560119629 0.560805857181549 0.547620832920074 0.526719927787781 0.52155214548111 0.524768769741058 0.514046311378479 0.488839626312256 0.482606112957001 0.495276391506195 0.499671250581741 0.486150115728378 0.481419771909714 0.498757660388947 0.503230810165405 0.471180945634842 0.448796391487122 0.469264298677444 0.462160229682922 0.44365394115448 0.46833273768425 0.504439353942871 0.492364227771759 0.508587598800659 0.543712496757507 0.548955202102661 0.547586143016815 0.561538457870483 -3.4e+38 -3.4e+38 -3.4e+38 -3.4e+38 -3.4e+38 -3.4e+38 -3.4e+38 -3.4e+38 -3.4e+38 -3.4e+38 -3.4e+38 -3.4e+38 -3.4e+38
0.530846059322357 0.529743552207947 0.529139518737793 0.528392255306244 0.537278056144714 0.545679569244385 0.552641928195953 0.545175969600677 0.535053730010986 0.538997888565063 0.530259668827057 0.502378165721893 0.483840733766556 0.489871799945831 0.488469034433365 0.483392596244812 0.496029704809189 0.510332107543945 0.501665413379669 0.466762840747833 0.448370546102524 0.464768886566162 0.468427419662476 0.471008867025375 0.478901356458664 0.49973800778389 0.501991152763367 0.526703774929047 0.545745968818665 0.562685132026672 0.560836553573608 -3.4e+38 -3.4e+38 -3.4e+38 -3.4e+38 -3.4e+38 -3.4e+38 -3.4e+38 -3.4e+38 -3.4e+38 -3.4e+38 -3.4e+38 -3.4e+38 -3.4e+38 -3.4e+38
0.52020525932312 0.533035695552826 0.542346894741058 0.539596915245056 0.538169026374817 0.547788679599762 0.562208354473114 0.555729806423187 0.531987965106964 0.51727694272995 0.513064563274384 0.510019361972809 0.497684568166733 0.492822080850601 0.487390965223312 0.479395717382431 0.504015266895294 0.527281522750854 0.512575507164001 0.480889707803726 0.46675580739975 0.466336309909821 0.477878928184509 0.485337674617767 0.483676433563232 0.497492790222168 0.52774965763092 0.553816974163055 0.555190980434418 0.556914985179901 -3.4e+38 -3.4e+38 -3.4e+38 -3.4e+38 -3.4e+38 -3.4e+38 -3.4e+38 -3.4e+38 -3.4e+38 -3.4e+38 -3.4e+38 -3.4e+38 -3.4e+38 -3.4e+38 -3.4e+38
0.512046873569489 0.529103219509125 0.537631988525391 0.544353067874908 0.550355970859528 0.563989818096161 0.576440215110779 0.569402396678925 0.542278826236725 0.513543486595154 0.507872939109802 0.515487492084503 0.514825999736786 0.512551665306091 0.497563719749451 0.488343626260757 0.509702503681183 0.5325608253479 0.524635553359985 0.495778948068619 0.481445252895355 0.470393151044846 0.498896718025208 0.513780057430267 0.501241147518158 0.523296177387238 0.548955023288727 0.548154234886169 0.54097193479538 -3.4e+38 -3.4e+38 -3.4e+38 -3.4e+38 -3.4e+38 -3.4e+38 -3.4e+38 -3.4e+38 -3.4e+38 -3.4e+38 -3.4e+38 -3.4e+38 -3.4e+38 -3.4e+38 -3.4e+38 -3.4e+38
0.501311004161835 0.524583637714386 0.536546111106873 0.54426497220993 0.552764177322388 0.569502532482147 0.57738196849823 0.571402311325073 0.547154784202576 0.522361695766449 0.510529041290283 0.507034301757812 0.512565493583679 0.519653558731079 0.508994340896606 0.499994248151779 0.512297987937927 0.525226950645447 0.526418805122375 0.518145382404327 0.513899207115173 0.497417956590652 0.525653600692749 0.539979338645935 0.510404467582703 0.5244180560112 0.562632024288177 0.570558488368988 -3.4e+38 -3.4e+38 -3.4e+38 -3.4e+38 -3.4e+38 -3.4e+38 -3.4e+38 -3.4e+38 -3.4e+38 -3.4e+38 -3.4e+38 -3.4e+38 -3.4e+38 -3.4e+38 -3.4e+38 -3.4e+38 -3.4e+38
0.506460964679718 0.520664811134338 0.539086401462555 0.549542844295502 0.556123852729797 0.592674732208252 0.604363620281219 0.578154325485229 0.546494781970978 0.526923596858978 0.504054248332977 0.491989403963089 0.504416406154633 0.509962379932404 0.510555148124695 0.508510649204254 0.514543414115906 0.521160900592804 0.527339220046997 0.539466023445129 0.545951426029205 0.528620660305023 0.526307344436646 0.535998046398163 0.536066710948944 0.553542196750641 -3.4e+38 -3.4e+38 -3.4e+38 -3.4e+38 -3.4e+38 -3.4e+38 -3.4e+38 -3.4e+38 -3.4e+38 -3.4e+38 -3.4e+38 -3.4e+38 -3.4e+38 -3.4e+38 -3.4e+38 -3.4e+38 -3.4e+38 -3.4e+38 -3.4e+38
0.52578592300415 0.522259652614594 0.546530783176422 0.577310681343079 0.585562288761139 0.605180561542511 0.616707384586334 0.591090500354767 0.551213383674622 0.54238098859787 0.542466282844543 0.517827868461609 0.502898395061493 0.505463540554047 0.509983241558075 0.508780717849731 0.513281285762787 0.522560060024261 0.535099864006042 0.550234258174896 0.56221616268158 0.54443484544754 0.525554955005646 0.545448660850525 0.578896760940552 -3.4e+38 -3.4e+38 -3.4e+38 -3.4e+38 -3.4e+38 -3.4e+38 -3.4e+38 -3.4e+38 -3.4e+38 -3.4e+38 -3.4e+38 -3.4e+38 -3.4e+38 -3.4e+38 -3.4e+38 -3.4e+38 -3.4e+38 -3.4e+38 -3.4e+38 -3.4e+38
0.545972347259521 0.546282052993774 0.559603273868561 0.59279853105545 0.594923615455627 0.594122529029846 0.610305368900299 0.608612239360809 0.588897109031677 0.57646381855011 0.575112581253052 0.548643708229065 0.52264004945755 0.519244134426117 0.524933874607086 0.523049592971802 0.527239978313446 0.540189206600189 0.552169263362885 0.55871444940567 0.568722784519196 0.569817304611206 0.555853009223938 -3.4e+38 -3.4e+38 -3.4e+38 -3.4e+38 -3.4e+38 -3.4e+38 -3.4e+38 -3.4e+38 -3.4e+38 -3.4e+38 -3.4e+38 -3.4e+38 -3.4e+38 -3.4e+38 -3.4e+38 -3.4e+38 -3.4e+38 -3.4e+38 -3.4e+38 -3.4e+38 -3.4e+38 -3.4e+38
0.549714505672455 0.568680822849274 0.571075141429901 0.591714262962341 0.590775012969971 0.591200947761536 0.599891304969788 0.599603116512299 0.592425882816315 0.587149024009705 0.581038534641266 0.569086492061615 0.55261617898941 0.549697995185852 0.559858500957489 0.562807977199554 0.562188506126404 0.563062965869904 0.56834864616394 0.575014889240265 0.586399137973785 -3.4e+38 -3.4e+38 -3.4e+38 -3.4e+38 -3.4e+38 -3.4e+38 -3.4e+38 -3.4e+38 -3.4e+38 -3.4e+38 -3.4e+38 -3.4e+38 -3.4e+38 -3.4e+38 -3.4e+38 -3.4e+38 -3.4e+38 -3.4e+38 -3.4e+38 -3.4e+38 -3.4e+38 -3.4e+38 -3.4e+38 -3.4e+38
0.538133561611176 0.559062719345093 0.582655847072601 0.596771836280823 0.597423613071442 0.603952169418335 0.596624970436096 0.57892894744873 0.575359404087067 0.590323090553284 0.596151113510132 0.583510756492615 0.577690243721008 0.577581107616425 0.589649498462677 0.599655628204346 0.595834910869598 0.588573157787323 -3.4e+38 -3.4e+38 -3.4e+38 -3.4e+38 -3.4e+38 -3.4e+38 -3.4e+38 -3.4e+38 -3.4e+38 -3.4e+38 -3.4e+38 -3.4e+38 -3.4e+38 -3.4e+38 -3.4e+38 -3.4e+38 -3.4e+38 -3.4e+38 -3.4e+38 -3.4e+38 -3.4e+38 -3.4e+38 -3.4e+38 -3.4e+38 -3.4e+38 -3.4e+38 -3.4e+38
0.529666781425476 0.549859821796417 0.591023862361908 0.611712574958801 0.608450949192047 0.612786591053009 0.596983134746552 0.575249671936035 0.580165684223175 0.587364435195923 0.597903251647949 0.597273588180542 0.593337118625641 0.591315984725952 0.597252786159515 -3.4e+38 -3.4e+38 -3.4e+38 -3.4e+38 -3.4e+38 -3.4e+38 -3.4e+38 -3.4e+38 -3.4e+38 -3.4e+38 -3.4e+38 -3.4e+38 -3.4e+38 -3.4e+38 -3.4e+38 -3.4e+38 -3.4e+38 -3.4e+38 -3.4e+38 -3.4e+38 -3.4e+38 -3.4e+38 -3.4e+38 -3.4e+38 -3.4e+38 -3.4e+38 -3.4e+38 -3.4e+38 -3.4e+38 -3.4e+38
0.559308111667633 0.57283228635788 0.601323246955872 0.615823984146118 0.610950946807861 0.609809756278992 0.600700378417969 0.58651876449585 0.57575249671936 0.58050400018692 0.597566664218903 0.602384090423584 -3.4e+38 -3.4e+38 -3.4e+38 -3.4e+38 -3.4e+38 -3.4e+38 -3.4e+38 -3.4e+38 -3.4e+38 -3.4e+38 -3.4e+38 -3.4e+38 -3.4e+38 -3.4e+38 -3.4e+38 -3.4e+38 -3.4e+38 -3.4e+38 -3.4e+38 -3.4e+38 -3.4e+38 -3.4e+38 -3.4e+38 -3.4e+38 -3.4e+38 -3.4e+38 -3.4e+38 -3.4e+38 -3.4e+38 -3.4e+38 -3.4e+38 -3.4e+38 -3.4e+38
0.573509871959686 0.584791481494904 0.59600430727005 0.607458710670471 0.612614512443542 0.608427047729492 0.604289591312408 0.604812622070312 0.588057041168213 0.578575670719147 -3.4e+38 -3.4e+38 -3.4e+38 -3.4e+38 -3.4e+38 -3.4e+38 -3.4e+38 -3.4e+38 -3.4e+38 -3.4e+38 -3.4e+38 -3.4e+38 -3.4e+38 -3.4e+38 -3.4e+38 -3.4e+38 -3.4e+38 -3.4e+38 -3.4e+38 -3.4e+38 -3.4e+38 -3.4e+38 -3.4e+38 -3.4e+38 -3.4e+38 -3.4e+38 -3.4e+38 -3.4e+38 -3.4e+38 -3.4e+38 -3.4e+38 -3.4e+38 -3.4e+38 -3.4e+38 -3.4e+38
0.579635798931122 0.583339691162109 0.585236847400665 0.604073584079742 0.623519778251648 0.620786726474762 0.61542546749115 0.617957293987274 -3.4e+38 -3.4e+38 -3.4e+38 -3.4e+38 -3.4e+38 -3.4e+38 -3.4e+38 -3.4e+38 -3.4e+38 -3.4e+38 -3.4e+38 -3.4e+38 -3.4e+38 -3.4e+38 -3.4e+38 -3.4e+38 -3.4e+38 -3.4e+38 -3.4e+38 -3.4e+38 -3.4e+38 -3.4e+38 -3.4e+38 -3.4e+38 -3.4e+38 -3.4e+38 -3.4e+38 -3.4e+38 -3.4e+38 -3.4e+38 -3.4e+38 -3.4e+38 -3.4e+38 -3.4e+38 -3.4e+38 -3.4e+38 -3.4e+38
