data/trimmed_ndre/Aes_ndre.626.2011_no_clouds.asc
NCOLS 109 
NROWS 101 
XLLCORNER 466110 
YLLCORNER 5182005 
CELLSIZE 5 
NODATA_value -3.4e+38 
[rows 40 to 59 of 101, columns 0 to 44 of 109]
-3.4e+38 -3.4e+38 -3.4e+38 -3.4e+38 -3.4e+38 -3.4e+38 -3.4e+38 -3.4e+38 -3.4e+38 -3.4e+38 -3.4e+38 -3.4e+38 0.331985116004944 0.347058296203613 0.354952901601791 0.324475169181824 0.293340921401978 0.325632303953171 0.372650533914566 0.398719727993011 0.422430157661438 0.461540669202805 0.486608177423477 0.499531775712967 0.503037691116333 0.505240559577942 0.503477036952972 0.490301042795181 0.476782470941544 0.442530125379562 0.395463138818741 0.367219805717468 0.343043893575668 0.322263360023499 0.244728147983551 0.176165387034416 0.16144748032093 0.166486144065857 0.167805776000023 0.146414443850517 0.143709063529968 0.144347831606865 0.138418063521385 0.127299144864082 0.130772024393082
-3.4e+38 -3.4e+38 -3.4e+38 -3.4e+38 -3.4e+38 -3.4e+38 -3.4e+38 -3.4e+38 -3.4e+38 -3.4e+38 -3.4e+38 -3.4e+38 0.36282679438591 0.340595424175262 0.322772204875946 0.315075159072876 0.346597284078598 0.413739681243896 0.436369895935059 0.426446408033371 0.453582227230072 0.493553102016449 0.506443858146667 0.51508229970932 0.521624326705933 0.522931277751923 0.519243955612183 0.491514384746552 0.458735555410385 0.41934871673584 0.387930512428284 0.35597962141037 0.297069728374481 0.228882700204849 0.182572856545448 0.164378464221954 0.153444454073906 0.151640206575394 0.159672453999519 0.135224044322968 0.132223874330521 0.14506958425045 0.16409082710743 0.162952423095703 0.136984929442406
-3.4e+38 -3.4e+38 -3.4e+38 -3.4e+38 -3.4e+38 -3.4e+38 -3.4e+38 -3.4e+38 -3.4e+38 -3.4e+38 -3.4e+38 0.380050987005234 0.378342986106873 0.336304217576981 0.324506819248199 0.368852198123932 0.421357542276382 0.450374215841293 0.464523047208786 0.448898077011108 0.465165287256241 0.499227344989777 0.509947240352631 0.522260785102844 0.514913558959961 0.503174602985382 0.501019060611725 0.475830614566803 0.436204880475998 0.394798547029495 0.365022778511047 0.322479546070099 0.232194736599922 0.172660112380981 0.171852454543114 0.156705766916275 0.148898601531982 0.152150213718414 0.155450165271759 0.135438904166222 0.131459876894951 0.147854208946228 0.140900805592537 0.142008647322655 0.145328745245934
-3.4e+38 -3.4e+38 -3.4e+38 -3.4e+38 -3.4e+38 -3.4e+38 -3.4e+38 -3.4e+38 -3.4e+38 -3.4e+38 -3.4e+38 0.373039722442627 0.351399600505829 0.331519246101379 0.35839569568634 0.407285243272781 0.463643342256546 0.485311627388 0.474276393651962 0.465404748916626 0.480804264545441 0.504383981227875 0.513534843921661 0.51627790927887 0.500504016876221 0.481709688901901 0.460895389318466 0.444732755422592 0.423689782619476 0.377632409334183 0.307163208723068 0.237091213464737 0.192354798316956 0.172828614711761 0.180585324764252 0.170780256390572 0.152981832623482 0.152527645230293 0.146810010075569 0.139484018087387 0.133836463093758 0.16324670612812 0.16251303255558 0.153662487864494 0.162949681282043
-3.4e+38 -3.4e+38 -3.4e+38 -3.4e+38 -3.4e+38 -3.4e+38 -3.4e+38 -3.4e+38 -3.4e+38 -3.4e+38 -3.4e+38 0.32637745141983 0.308998793363571 0.347503304481506 0.404827386140823 0.456373304128647 0.495094984769821 0.492852568626404 0.47429484128952 0.476418823003769 0.499638348817825 0.507928669452667 0.494605928659439 0.492872148752213 0.490383446216583 0.474046498537064 0.438437521457672 0.422560274600983 0.380303293466568 0.305217981338501 0.223435521125793 0.170862153172493 0.187652572989464 0.178078547120094 0.150942474603653 0.153570383787155 0.154997080564499 0.161097526550293 0.145699396729469 0.140152424573898 0.143138363957405 0.157716855406761 0.171685591340065 0.166620597243309 0.165597766637802
-3.4e+38 -3.4e+38 -3.4e+38 -3.4e+38 -3.4e+38 -3.4e+38 -3.4e+38 -3.4e+38 -3.4e+38 -3.4e+38 -3.4e+38 0.290772557258606 0.316073417663574 0.38979896903038 0.453920692205429 0.49441334605217 0.492200702428818 0.476511299610138 0.466183245182037 0.468035697937012 0.490208208560944 0.492530763149261 0.47297877073288 0.476390808820724 0.465319246053696 0.449351131916046 0.414322465658188 0.359609574079514 0.291687458753586 0.225045517086983 0.190833076834679 0.173400774598122 0.189914211630821 0.171473532915115 0.133900910615921 0.139218375086784 0.170077085494995 0.17344269156456 0.152070969343185 0.161784663796425 0.160989627242088 0.145662352442741 0.145865306258202 0.159375786781311 0.182379633188248
-3.4e+38 -3.4e+38 -3.4e+38 -3.4e+38 -3.4e+38 -3.4e+38 -3.4e+38 -3.4e+38 -3.4e+38 -3.4e+38 0.379611700773239 0.313382774591446 0.352949053049088 0.414174616336823 0.459875851869583 0.49185186624527 0.472337663173676 0.447978228330612 0.43565958738327 0.44165775179863 0.458386868238449 0.459643483161926 0.46248072385788 0.46036896109581 0.43748876452446 0.417680650949478 0.366130948066711 0.280106365680695 0.223079055547714 0.187117278575897 0.170997142791748 0.15215876698494 0.160365134477615 0.160736039280891 0.145526960492134 0.150695353746414 0.168342411518097 0.162458375096321 0.160501435399055 0.169927164912224 0.163729906082153 0.15852078795433 0.152394503355026 0.164469256997108 0.202492862939835
-3.4e+38 -3.4e+38 -3.4e+38 -3.4e+38 -3.4e+38 -3.4e+38 -3.4e+38 -3.4e+38 -3.4e+38 -3.4e+38 0.349632978439331 0.31809014081955 0.387507885694504 0.443530231714249 0.44784015417099 0.46755114197731 0.457936108112335 0.425019770860672 0.405144244432449 0.41031351685524 0.422062456607819 0.43077740073204 0.450251281261444 0.43475615978241 0.399123936891556 0.371428906917572 0.300247877836227 0.236952304840088 0.193734019994736 0.175866827368736 0.167236223816872 0.146731466054916 0.151518553495407 0.151730164885521 0.14765140414238 0.150487899780273 0.157738402485847 0.15256367623806 0.155380994081497 0.156619891524315 0.150841280817986 0.159770369529724 0.166474804282188 0.183315590023994 0.232872068881989
-3.4e+38 -3.4e+38 -3.4e+38 -3.4e+38 -3.4e+38 -3.4e+38 -3.4e+38 -3.4e+38 -3.4e+38 -3.4e+38 0.319525927305222 0.336593359708786 0.434829711914062 0.481966853141785 0.464970260858536 0.466042339801788 0.453963577747345 0.409720331430435 0.381267070770264 0.387280941009521 0.398443341255188 0.396830558776855 0.402469128370285 0.386646300554276 0.357159197330475 0.311386078596115 0.250226765871048 0.187222093343735 0.176349624991417 0.168169572949409 0.149300441145897 0.154666036367416 0.157032713294029 0.139507904648781 0.138078704476357 0.148230955004692 0.154850795865059 0.142157196998596 0.143231466412544 0.153628155589104 0.145638644695282 0.163637727499008 0.189804226160049 0.217091962695122 0.270730078220367
-3.4e+38 -3.4e+38 -3.4e+38 -3.4e+38 -3.4e+38 -3.4e+38 -3.4e+38 -3.4e+38 -3.4e+38 0.351976305246353 0.330023258924484 0.390749484300613 0.460724592208862 0.497632682323456 0.478608548641205 0.455924510955811 0.444176405668259 0.40016183257103 0.372905492782593 0.383549928665161 0.374787598848343 0.351219922304153 0.346698939800262 0.345480501651764 0.314728975296021 0.252265125513077 0.19746507704258 0.164756938815117 0.165564775466919 0.156960159540176 0.139016538858414 0.138313949108124 0.14761146903038 0.133498027920723 0.141280367970467 0.158346727490425 0.162311226129532 0.149664089083672 0.157411947846413 0.158934280276299 0.165921628475189 0.206090405583382 0.243652403354645 0.277818262577057 0.320873975753784
-3.4e+38 -3.4e+38 -3.4e+38 -3.4e+38 -3.4e+38 -3.4e+38 -3.4e+38 -3.4e+38 -3.4e+38 0.331703543663025 0.361640363931656 0.426488220691681 0.441747695207596 0.471339285373688 0.458354651927948 0.429158240556717 0.433239549398422 0.412681251764297 0.386371701955795 0.384023278951645 0.368127226829529 0.335987240076065 0.323567777872086 0.301299870014191 0.237839832901955 0.206462576985359 0.186664909124374 0.162906095385551 0.150544911623001 0.149369478225708 0.151287391781807 0.141691207885742 0.144822865724564 0.144444614648819 0.15364433825016 0.162766754627228 0.157367184758186 0.156880408525467 0.170694723725319 0.187644615769386 0.225344866514206 0.268076181411743 0.311602622270584 0.350448966026306 0.384080052375793
-3.4e+38 -3.4e+38 -3.4e+38 -3.4e+38 -3.4e+38 -3.4e+38 -3.4e+38 -3.4e+38 -3.4e+38 0.318088501691818 0.380481243133545 0.462060034275055 0.461502194404602 0.433985352516174 0.401015520095825 0.405823409557343 0.419496536254883 0.420094758272171 0.412355661392212 0.393468588590622 0.37035858631134 0.345734089612961 0.295277833938599 0.239616364240646 0.183040231466293 0.191888988018036 0.182355150580406 0.14893439412117 0.13800522685051 0.151447862386703 0.167327091097832 0.154929876327515 0.154701605439186 0.153410792350769 0.159622505307198 0.167631283402443 0.157304018735886 0.170520946383476 0.198991253972054 0.235172346234322 0.292964786291122 0.34212937951088 0.389766961336136 0.4215167760849 0.432217866182327
-3.4e+38 -3.4e+38 -3.4e+38 -3.4e+38 -3.4e+38 -3.4e+38 -3.4e+38 -3.4e+38 -3.4e+38 0.328230381011963 0.406680047512054 0.464576780796051 0.454209119081497 0.39802423119545 0.36576184630394 0.389346599578857 0.403392732143402 0.408957242965698 0.420406311750412 0.380998462438583 0.333772361278534 0.300595015287399 0.224297896027565 0.178666800260544 0.164391651749611 0.166908264160156 0.170196682214737 0.15126259624958 0.145850852131844 0.149515748023987 0.153715386986732 0.16383883357048 0.173660323023796 0.15183025598526 0.134981602430344 0.138949573040009 0.164295583963394 0.193925574421883 0.233709260821342 0.28258228302002 0.343260794878006 0.408382624387741 0.452490866184235 0.463963985443115 0.454135745763779
-3.4e+38 -3.4e+38 -3.4e+38 -3.4e+38 -3.4e+38 -3.4e+38 -3.4e+38 -3.4e+38 0.320788860321045 0.3453768491745 0.427973657846451 0.452485889196396 0.42749235033989 0.393470495939255 0.38016077876091 0.38816037774086 0.393831193447113 0.39488685131073 0.388701945543289 0.337386578321457 0.264580011367798 0.197778895497322 0.157170444726944 0.162750035524368 0.156716734170914 0.14008192718029 0.152490124106407 0.142586186528206 0.145272582769394 0.157695516943932 0.138688743114471 0.148819401860237 0.162146061658859 0.157480686903 0.129165515303612 0.127510443329811 0.18258698284626 0.219633877277374 0.266284793615341 0.335102289915085 0.389611184597015 0.448486924171448 0.479783326387405 0.479920476675034 0.469933658838272
-3.4e+38 -3.4e+38 -3.4e+38 -3.4e+38 -3.4e+38 -3.4e+38 -3.4e+38 -3.4e+38 0.325683921575546 0.390339136123657 0.458699703216553 0.470979183912277 0.441407591104507 0.397674560546875 0.378891915082932 0.375099986791611 0.374221056699753 0.355749905109406 0.303666591644287 0.237907811999321 0.188134014606476 0.158669173717499 0.155663996934891 0.170121058821678 0.156495332717896 0.133897826075554 0.147641643881798 0.138077914714813 0.141590043902397 0.167613252997398 0.14811272919178 0.143798545002937 0.154776722192764 0.172586932778358 0.168079063296318 0.154481664299965 0.204373046755791 0.274521052837372 0.33949014544487 0.390465557575226 0.42640420794487 0.462177097797394 0.482537716627121 0.488985300064087 0.489682376384735
-3.4e+38 -3.4e+38 -3.4e+38 -3.4e+38 -3.4e+38 -3.4e+38 -3.4e+38 -3.4e+38 0.357990562915802 0.439114898443222 0.47093939781189 0.454794704914093 0.413458615541458 0.379659414291382 0.370926588773727 0.346197038888931 0.306688725948334 0.259439080953598 0.206206247210503 0.170451059937477 0.174269944429398 0.167882800102234 0.148305654525757 0.141415014863014 0.135060206055641 0.138359487056732 0.145778477191925 0.155056923627853 0.150009527802467 0.157339423894882 0.158313542604446 0.158662155270576 0.161689877510071 0.17580634355545 0.188587635755539 0.203370705246925 0.288817673921585 0.369329780340195 0.412762761116028 0.437890112400055 0.451370388269424 0.469590753316879 0.485403418540955 0.490402579307556 0.509591579437256
-3.4e+38 -3.4e+38 -3.4e+38 -3.4e+38 -3.4e+38 -3.4e+38 -3.4e+38 0.303569197654724 0.38869246840477 0.461749345064163 0.467783778905869 0.438086986541748 0.397968113422394 0.383239656686783 0.359966933727264 0.310438871383667 0.254241347312927 0.198406457901001 0.166680797934532 0.156583607196808 0.169044226408005 0.16645322740078 0.151021227240562 0.142364427447319 0.13779616355896 0.135597497224808 0.132561877369881 0.141205877065659 0.150481805205345 0.147323206067085 0.151358872652054 0.161299422383308 0.166836634278297 0.174831867218018 0.220409914851189 0.303156971931458 0.382401049137115 0.425628215074539 0.448121070861816 0.475805133581161 0.482664108276367 0.477565735578537 0.484810799360275 0.501319885253906 0.52355432510376
-3.4e+38 -3.4e+38 -3.4e+38 -3.4e+38 -3.4e+38 -3.4e+38 -3.4e+38 0.309175491333008 0.396604031324387 0.462924063205719 0.462916135787964 0.431330561637878 0.401074886322021 0.398779958486557 0.33622345328331 0.250806987285614 0.205218702554703 0.175262555480003 0.167325243353844 0.155928984284401 0.168829813599586 0.162383869290352 0.142825275659561 0.146233201026917 0.149122178554535 0.139018446207047 0.120674133300781 0.135807380080223 0.150821283459663 0.14368087053299 0.140698045492172 0.150468021631241 0.169606596231461 0.208938866853714 0.304118007421494 0.371134996414185 0.417820632457733 0.44670695066452 0.473996639251709 0.496890991926193 0.501361548900604 0.484603077173233 0.494451612234116 0.521056652069092 0.538590312004089
-3.4e+38 -3.4e+38 -3.4e+38 -3.4e+38 -3.4e+38 -3.4e+38 -3.4e+38 0.333960473537445 0.420706987380981 0.461692422628403 0.45173192024231 0.419769018888474 0.376325130462646 0.353508651256561 0.308207333087921 0.210773080587387 0.178384006023407 0.159225702285767 0.158761367201805 0.157614827156067 0.16277377307415 0.15197579562664 0.135422259569168 0.142294749617577 0.162320330739021 0.165246456861496 0.153612285852432 0.152056902647018 0.151939585804939 0.15209536254406 0.155816942453384 0.167780503630638 0.217719480395317 0.30435112118721 0.377984762191772 0.402705550193787 0.434763431549072 0.480095863342285 0.488466829061508 0.491277128458023 0.49754524230957 0.498014032840729 0.502191424369812 0.514065206050873 0.5292147397995
-3.4e+38 -3.4e+38 -3.4e+38 -3.4e+38 -3.4e+38 -3.4e+38 0.275968492031097 0.371259540319443 0.444258183240891 0.444348007440567 0.416281849145889 0.394999414682388 0.379623293876648 0.326128572225571 0.252704411745071 0.178140491247177 0.152271941304207 0.164377868175507 0.175233662128448 0.155535578727722 0.148076325654984 0.142809107899666 0.1383016705513 0.162322074174881 0.173121720552444 0.162007823586464 0.165426537394524 0.152930483222008 0.151205852627754 0.163311034440994 0.17121721804142 0.189677834510803 0.275600790977478 0.357520133256912 0.415201336145401 0.445920795202255 0.463118433952332 0.490664750337601 0.484102666378021 0.478335618972778 0.496763110160828 0.511216998100281 0.510105192661285 0.508690237998962 0.524489998817444
