data/trimmed_ndre/Aes_ndre.514.2014_no_clouds.asc
NCOLS 109 
NROWS 101 
XLLCORNER 466110 
YLLCORNER 5182005 
CELLSIZE 5 
NODATA_value -3.4e+38 
[rows 60 to 79 of 101, columns 45 to 89 of 109]
0.233342304825783 0.2418043166399 0.249908193945885 0.226009577512741 0.214195668697357 0.209895074367523 0.195262774825096 0.193639770150185 0.202212452888489 0.215428858995438 0.228954523801804 0.250135332345963 0.265600085258484 0.271818906068802 0.268613189458847 0.274464905261993 0.279219090938568 0.27972075343132 0.273622870445251 0.247561097145081 0.239826932549477 0.25763139128685 0.29233381152153 0.290804386138916 0.25288251042366 0.206768363714218 0.181162729859352 0.180477023124695 0.173547893762589 0.168903827667236 0.16924923658371 0.175708428025246 0.180662453174591 0.186395704746246 0.188348665833473 0.185856252908707 0.208027511835098 0.207378327846527 0.191945135593414 0.199481621384621 0.208706274628639 0.209549531340599 0.209960341453552 0.231143042445183 0.241243839263916
0.228931963443756 0.235827252268791 0.236545488238335 0.209757134318352 0.197671785950661 0.201086610555649 0.204603105783463 0.204946205019951 0.206314831972122 0.209963157773018 0.217801153659821 0.232666492462158 0.240814715623856 0.240411207079887 0.242889925837517 0.260419338941574 0.277586340904236 0.286117047071457 0.281553685665131 0.260377943515778 0.253745228052139 0.27110630273819 0.293062329292297 0.285926848649979 0.244601935148239 0.204198956489563 0.182695239782333 0.183796167373657 0.175269588828087 0.170052736997604 0.166210234165192 0.164824455976486 0.168894737958908 0.186983555555344 0.192430719733238 0.190537914633751 0.210772678256035 0.214656367897987 0.203332915902138 0.194038137793541 0.208889156579971 0.210610523819923 0.211450353264809 0.223831579089165 0.230757057666779
0.22069288790226 0.214581325650215 0.214185610413551 0.207045704126358 0.195857211947441 0.20651650428772 0.220594272017479 0.219206318259239 0.197931081056595 0.18526354432106 0.191178560256958 0.206738919019699 0.219886019825935 0.228716179728508 0.24356846511364 0.260835438966751 0.273960530757904 0.279585748910904 0.281662702560425 0.275903284549713 0.273581564426422 0.289543837308884 0.291266322135925 0.268766522407532 0.224603056907654 0.191851496696472 0.179075822234154 0.178876832127571 0.174666717648506 0.171478673815727 0.167718678712845 0.160426989197731 0.160445734858513 0.187320858240128 0.195821225643158 0.195255354046822 0.198524981737137 0.201069980859756 0.199023842811584 0.199405193328857 0.211582079529762 0.213033199310303 0.206850916147232 0.201447665691376 0.204502433538437
0.230931803584099 0.205831944942474 0.202031627297401 0.203080236911774 0.198891535401344 0.202296212315559 0.208334356546402 0.200769826769829 0.179729714989662 0.164800226688385 0.169986546039581 0.184791535139084 0.20098602771759 0.213045015931129 0.230666607618332 0.247390940785408 0.256290823221207 0.257185220718384 0.279347330331802 0.296069651842117 0.29939267039299 0.298606276512146 0.281010389328003 0.250040918588638 0.212472677230835 0.188768371939659 0.183991819620132 0.177381992340088 0.170871734619141 0.167138084769249 0.174005195498466 0.169415876269341 0.168736606836319 0.186143934726715 0.19542732834816 0.195274218916893 0.191134244203568 0.191778630018234 0.202565923333168 0.205448895692825 0.208923786878586 0.210290282964706 0.209441855549812 0.200026094913483 0.195568516850471
0.242913648486137 0.208202719688416 0.197504013776779 0.197450652718544 0.195537596940994 0.191432222723961 0.197406604886055 0.186433389782906 0.17223271727562 0.164767786860466 0.171102777123451 0.183683723211288 0.188440352678299 0.19142185151577 0.204220354557037 0.219173759222031 0.223031014204025 0.22553476691246 0.252142548561096 0.283138662576675 0.291654288768768 0.27708974480629 0.248188361525536 0.21491514146328 0.192713424563408 0.186087653040886 0.189602613449097 0.176925256848335 0.170308902859688 0.172613307833672 0.18145689368248 0.17355552315712 0.175308421254158 0.182173490524292 0.188696041703224 0.20082588493824 0.205297604203224 0.205162778496742 0.211506143212318 0.204952031373978 0.198329523205757 0.199844866991043 0.210000619292259 0.198710784316063 0.195700854063034
0.251754879951477 0.216386213898659 0.198733106255531 0.196994677186012 0.195406913757324 0.193191081285477 0.193964689970016 0.183167293667793 0.181307032704353 0.179963633418083 0.17861770093441 0.184508383274078 0.179231137037277 0.175169661641121 0.180709004402161 0.194869235157967 0.201386034488678 0.203072115778923 0.213405832648277 0.235573217272758 0.230730146169662 0.21852158010006 0.206555053591728 0.190027996897697 0.183185636997223 0.183266058564186 0.185909897089005 0.178748056292534 0.183006167411804 0.181844145059586 0.179517075419426 0.171344861388206 0.177544340491295 0.184786707162857 0.191990286111832 0.202286213636398 0.2171281427145 0.218204542994499 0.214201003313065 0.209412559866905 0.197665229439735 0.198864877223969 0.20732906460762 0.193863615393639 0.197671011090279
0.25289648771286 0.219477847218513 0.199776619672775 0.199044302105904 0.199006572365761 0.196514874696732 0.191706672310829 0.182663753628731 0.184243306517601 0.18385848402977 0.184168562293053 0.186128064990044 0.179831758141518 0.177733108401299 0.178674057126045 0.182756423950195 0.184647396206856 0.187146753072739 0.185121774673462 0.185309290885925 0.178132012486458 0.186393544077873 0.193104043602943 0.190071865916252 0.182412832975388 0.173549503087997 0.169722318649292 0.172038942575455 0.187528297305107 0.180258229374886 0.174690082669258 0.176641389727592 0.188468530774117 0.188021212816238 0.188595995306969 0.19581837952137 0.213466182351112 0.203154727816582 0.206188648939133 0.215066835284233 0.204860791563988 0.206074208021164 0.201931938529015 0.186692252755165 0.192876026034355
0.246279701590538 0.220248103141785 0.205122455954552 0.201615795493126 0.199367001652718 0.191385135054588 0.181782096624374 0.177653670310974 0.18319208920002 0.18617194890976 0.189689204096794 0.190808042883873 0.188062846660614 0.189934745430946 0.18456594645977 0.176851972937584 0.172660082578659 0.186149954795837 0.191967397928238 0.181773781776428 0.164909839630127 0.178006827831268 0.198195278644562 0.199251338839531 0.17754639685154 0.152814269065857 0.157067835330963 0.168784394860268 0.181008234620094 0.176104813814163 0.18246853351593 0.191260859370232 0.196901515126228 0.188142165541649 0.183794975280762 0.192788705229759 0.207028046250343 0.189727619290352 0.202450424432755 0.214712023735046 0.213834583759308 0.220049872994423 0.207992866635323 0.192479357123375 0.192554160952568
0.239469721913338 0.227417096495628 0.214965730905533 0.202928647398949 0.191909611225128 0.180535987019539 0.16807496547699 0.172027096152306 0.183627292513847 0.190397068858147 0.194844543933868 0.194727197289467 0.1933783441782 0.195214629173279 0.185798525810242 0.173626065254211 0.166181311011314 0.172541409730911 0.181468695402145 0.178180441260338 0.170645773410797 0.176645174622536 0.190872579813004 0.182389974594116 0.161596179008484 0.144213303923607 0.161914244294167 0.167501702904701 0.174040332436562 0.179861813783646 0.186305731534958 0.197079017758369 0.200023502111435 0.192575931549072 0.193017274141312 0.205553576350212 0.207853049039841 0.19084258377552 0.201425790786743 0.206143856048584 0.215171203017235 0.235451593995094 0.225859299302101 0.206334292888641 0.197370395064354
0.247019082307816 0.242312043905258 0.227288395166397 0.201890766620636 0.184469535946846 0.176251530647278 0.165560737252235 0.171512544155121 0.185918748378754 0.193414628505707 0.188952192664146 0.186983168125153 0.187415152788162 0.18816964328289 0.180183246731758 0.174495756626129 0.167421281337738 0.167605742812157 0.177534580230713 0.181864142417908 0.183453112840652 0.186252593994141 0.188213095068932 0.177461862564087 0.16665130853653 0.159633323550224 0.172084003686905 0.167435392737389 0.174001649022102 0.182164043188095 0.187104865908623 0.196365848183632 0.203762114048004 0.206999152898788 0.208044916391373 0.211502715945244 0.209554865956306 0.200119897723198 0.201149836182594 0.204126432538033 0.221733704209328 0.240420043468475 0.233787074685097 0.21564644575119 0.202172219753265
0.260040074586868 0.258627116680145 0.242260962724686 0.209844574332237 0.196442782878876 0.187396928668022 0.176077648997307 0.169294789433479 0.177209451794624 0.182720169425011 0.178083941340446 0.176082164049149 0.175810664892197 0.172923505306244 0.171352207660675 0.174251243472099 0.172201886773109 0.174844905734062 0.184484973549843 0.19371597468853 0.194582015275955 0.194637805223465 0.193183019757271 0.187446296215057 0.191517472267151 0.176508724689484 0.161499947309494 0.161144942045212 0.172281667590141 0.181250795722008 0.186526924371719 0.192321196198463 0.200305834412575 0.211342856287956 0.215412750840187 0.209752753376961 0.212313294410706 0.203184798359871 0.195392176508904 0.207829996943474 0.224775522947311 0.232440307736397 0.226483106613159 0.21771028637886 0.202504247426987
0.258784800767899 0.267125844955444 0.258981287479401 0.231696456670761 0.223559856414795 0.20923262834549 0.188334226608276 0.170851305127144 0.163496196269989 0.165008917450905 0.168423444032669 0.172704681754112 0.183862134814262 0.180117696523666 0.172838047146797 0.172132208943367 0.176935195922852 0.189056679606438 0.198604553937912 0.20042085647583 0.195276543498039 0.195935443043709 0.19876055419445 0.2004184871912 0.200764656066895 0.178562715649605 0.162943303585052 0.161789029836655 0.170173496007919 0.177213042974472 0.17857052385807 0.182770475745201 0.198656365275383 0.211812406778336 0.212973400950432 0.207672536373138 0.211568117141724 0.209876790642738 0.197617471218109 0.198953986167908 0.216798901557922 0.221858575940132 0.226436212658882 0.232551217079163 0.213153913617134
0.245247736573219 0.273883491754532 0.277296274900436 0.262475311756134 0.250830471515656 0.237907588481903 0.21426297724247 0.186895906925201 0.165951669216156 0.161061853170395 0.16852231323719 0.17930543422699 0.184984520077705 0.18095138669014 0.175469994544983 0.168791651725769 0.169326633214951 0.179853364825249 0.191635563969612 0.195009127259254 0.189372479915619 0.189256116747856 0.192223697900772 0.195243969559669 0.193900406360626 0.180500254034996 0.168473422527313 0.166917234659195 0.169796958565712 0.167714387178421 0.172881513834 0.183858469128609 0.200227797031403 0.208468496799469 0.20243738591671 0.197555720806122 0.201669603586197 0.213917046785355 0.19582611322403 0.187026634812355 0.207743212580681 0.232961744070053 0.238769203424454 0.233391031622887 0.216136679053307
0.23603717982769 0.274058222770691 0.290016770362854 0.281166672706604 0.263145983219147 0.248391330242157 0.232458084821701 0.213336929678917 0.200083017349243 0.200672149658203 0.194585680961609 0.191421389579773 0.188877984881401 0.183622971177101 0.18363082408905 0.173754453659058 0.164603769779205 0.172998234629631 0.18276047706604 0.188200294971466 0.184664413332939 0.180122882127762 0.171807244420052 0.174568802118301 0.179553613066673 0.179951623082161 0.170346453785896 0.17059063911438 0.170106515288353 0.167838305234909 0.181823045015335 0.190981552004814 0.202939748764038 0.208723992109299 0.196555837988853 0.191926583647728 0.194636836647987 0.208007782697678 0.207133129239082 0.211690381169319 0.219685643911362 0.229929864406586 0.236821815371513 0.222284495830536 0.208325430750847
0.225928574800491 0.257333517074585 0.285724759101868 0.28159973025322 0.261762022972107 0.243726179003716 0.239588692784309 0.235547125339508 0.224695101380348 0.215126633644104 0.211399555206299 0.202334865927696 0.198816046118736 0.195998549461365 0.186543986201286 0.176961824297905 0.177033334970474 0.183518514037132 0.182860523462296 0.194431215524673 0.191556587815285 0.178888887166977 0.167592361569405 0.163210466504097 0.167597442865372 0.172713905572891 0.173973262310028 0.175712391734123 0.177044034004211 0.182559683918953 0.197523295879364 0.193461835384369 0.204342320561409 0.211789086461067 0.203490763902664 0.195210754871368 0.187699362635612 0.190519079566002 0.210473492741585 0.221420466899872 0.223570764064789 0.22244681417942 0.231865063309669 0.224598154425621 0.213596642017365
0.2058926820755 0.234913542866707 0.271064043045044 0.269087314605713 0.246745049953461 0.229262545704842 0.224863544106483 0.22544763982296 0.219518899917603 0.216558158397675 0.219727069139481 0.208236396312714 0.206693887710571 0.205103993415833 0.195214167237282 0.187089025974274 0.199073389172554 0.206642612814903 0.19849656522274 0.20630918443203 0.194892913103104 0.18605774641037 0.180658057332039 0.167318761348724 0.170616775751114 0.175486713647842 0.175962716341019 0.174171507358551 0.189907357096672 0.202470108866692 0.20338062942028 0.186211407184601 0.196666195988655 0.212890535593033 0.213943272829056 0.201394945383072 0.202915772795677 0.199454233050346 0.204660147428513 0.21685865521431 0.225508689880371 0.22337706387043 0.222331494092941 0.224791646003723 0.21759694814682
0.187630325555801 0.216959476470947 0.246723338961601 0.248087614774704 0.22569914162159 0.213959619402885 0.213968336582184 0.218488067388535 0.211903363466263 0.214290931820869 0.218234375119209 0.211448103189468 0.204590246081352 0.207600340247154 0.20495979487896 0.196721836924553 0.204818725585938 0.210897386074066 0.205671012401581 0.201360136270523 0.195371821522713 0.198288723826408 0.195257097482681 0.179395362734795 0.181874930858612 0.182472214102745 0.174926176667213 0.171460643410683 0.19931635260582 0.209845215082169 0.207294434309006 0.194550231099129 0.194497972726822 0.213169485330582 0.210902824997902 0.19675050675869 0.20425708591938 0.199957937002182 0.198524013161659 0.207850784063339 0.224128425121307 0.210754007101059 0.20512929558754 0.217400804162025 0.225133985280991
0.173296377062798 0.19295808672905 0.217496693134308 0.229067295789719 0.2239840477705 0.222311973571777 0.223036170005798 0.222575008869171 0.212886840105057 0.210662394762039 0.209833562374115 0.208031505346298 0.205628603696823 0.211690425872803 0.209553629159927 0.200762093067169 0.202465370297432 0.219832137227058 0.212904840707779 0.199754565954208 0.202053606510162 0.197309747338295 0.18432742357254 0.176879048347473 0.18529748916626 0.188336774706841 0.177810937166214 0.177587494254112 0.194739863276482 0.201466500759125 0.206377074122429 0.205326318740845 0.202654585242271 0.207803979516029 0.201935514807701 0.194024816155434 0.19629979133606 0.198629230260849 0.200077921152115 0.200932681560516 0.204117074608803 0.204744502902031 0.209196195006371 0.217969849705696 0.234205976128578
0.166434034705162 0.165084347128868 0.187084913253784 0.206543445587158 0.220773205161095 0.234638258814812 0.239381074905396 0.237060099840164 0.227250277996063 0.215432286262512 0.21016825735569 0.210414454340935 0.213880896568298 0.212907254695892 0.205080837011337 0.199742764234543 0.206386283040047 0.234308257699013 0.228340864181519 0.226193025708199 0.226872116327286 0.205864638090134 0.177464634180069 0.175359964370728 0.18531422317028 0.191037401556969 0.183947756886482 0.17640346288681 0.178377106785774 0.184781432151794 0.194167971611023 0.200707957148552 0.204824522137642 0.208364114165306 0.207054451107979 0.193772673606873 0.188158512115479 0.193934217095375 0.195418775081635 0.203867226839066 0.206085294485092 0.209690853953362 0.228107556700706 0.227487787604332 -3.4e+38
0.178645342588425 0.16994920372963 0.1686140447855 0.186196893453598 0.212419524788857 0.234757393598557 0.24222095310688 0.244956344366074 0.23789918422699 0.224776208400726 0.218633234500885 0.216946169734001 0.215143963694572 0.211867466568947 0.208488389849663 0.203105553984642 0.21480867266655 0.242470934987068 0.247177913784981 0.245924204587936 0.232233926653862 0.203753218054771 0.172135353088379 0.184126287698746 0.189253821969032 0.183746382594109 0.175334215164185 0.167747884988785 0.162990361452103 0.167492985725403 0.177683711051941 0.194020241498947 0.206303477287292 0.213378518819809 0.21464841067791 0.196683347225189 0.188150227069855 0.191952645778656 0.202272355556488 0.215838834643364 0.210616454482079 -3.4e+38 -3.4e+38 -3.4e+38 -3.4e+38
