data/trimmed_ndre/Aes_ndre.728.2009_no_clouds.asc
NCOLS 109 
NROWS 101 
XLLCORNER 466110 
YLLCORNER 5182005 
CELLSIZE 5 
NODATA_value -3.4e+38 
[rows 60 to 79 of 101, columns 0 to 44 of 109]
-3.4e+38 -3.4e+38 -3.4e+38 -3.4e+38 -3.4e+38 -3.4e+38 0.172669127583504 0.169893994927406 0.192097887396812 0.188062459230423 0.1812614351511 0.185467883944511 0.184580594301224 0.180413365364075 0.166846096515656 0.158079653978348 0.152433484792709 0.138998597860336 0.119870603084564 0.140071243047714 0.166371867060661 0.152054980397224 0.144216284155846 0.155378863215446 0.168470859527588 0.154658958315849 0.121641546487808 0.12454991787672 0.160046055912971 0.169737920165062 0.150447592139244 0.145405456423759 0.16558925807476 0.195044085383415 0.216240033507347 0.222267866134644 0.223673313856125 0.239114373922348 0.254729181528091 0.305226236581802 0.342608124017715 0.338720113039017 0.335731655359268 0.338897436857224 0.360715717077255
-3.4e+38 -3.4e+38 -3.4e+38 -3.4e+38 -3.4e+38 0.169706374406815 0.155345395207405 0.161716237664223 0.188484609127045 0.187474593520164 0.175257697701454 0.168750554323196 0.16886593401432 0.171398982405663 0.165901198983192 0.154503256082535 0.148164287209511 0.136552587151527 0.12291294336319 0.131727635860443 0.158537983894348 0.146888002753258 0.127963915467262 0.134946227073669 0.142201885581017 0.134353622794151 0.123888209462166 0.132199555635452 0.145567536354065 0.13761131465435 0.15128618478775 0.164238601922989 0.182365477085114 0.198973253369331 0.214533895254135 0.230621114373207 0.247098103165627 0.259115844964981 0.275029450654984 0.311806112527847 0.341675132513046 0.347868680953979 0.362355202436447 0.351071447134018 0.366675496101379
-3.4e+38 -3.4e+38 -3.4e+38 -3.4e+38 -3.4e+38 0.172205924987793 0.159034386277199 0.151067703962326 0.166404664516449 0.175226107239723 0.168950274586678 0.174828961491585 0.182103708386421 0.176016449928284 0.158221870660782 0.138209909200668 0.1263248026371 0.139110952615738 0.142763271927834 0.130517423152924 0.152755558490753 0.152163967490196 0.126128733158112 0.143213674426079 0.155435755848885 0.138654112815857 0.12297373265028 0.149430304765701 0.177528738975525 0.163281515240669 0.169792413711548 0.183050915598869 0.190809980034828 0.217311397194862 0.231546223163605 0.241032838821411 0.257155418395996 0.268196880817413 0.284384161233902 0.314568519592285 0.329154998064041 0.343789160251617 0.368817508220673 0.357604384422302 0.365666180849075
-3.4e+38 -3.4e+38 -3.4e+38 -3.4e+38 -3.4e+38 0.18508292734623 0.161116406321526 0.140747934579849 0.16228449344635 0.182645708322525 0.174289435148239 0.170141771435738 0.184976845979691 0.192704156041145 0.168551459908485 0.13750684261322 0.131051301956177 0.145548045635223 0.155649363994598 0.133575141429901 0.134676203131676 0.135310143232346 0.115986287593842 0.131820753216743 0.161129146814346 0.169851556420326 0.156876936554909 0.166268482804298 0.185440763831139 0.180511772632599 0.173492804169655 0.183337703347206 0.198433309793472 0.221214979887009 0.263085633516312 0.281892597675323 0.27674862742424 0.27016818523407 0.29020830988884 0.322868794202805 0.334943771362305 0.34641832113266 0.357077568769455 0.367733329534531 0.395328760147095
-3.4e+38 -3.4e+38 -3.4e+38 -3.4e+38 0.172398552298546 0.176876306533813 0.15731817483902 0.154060646891594 0.193923816084862 0.195579588413239 0.163298219442368 0.155872792005539 0.176065117120743 0.191724836826324 0.163525447249413 0.134257405996323 0.13285468518734 0.137273773550987 0.143250957131386 0.131567597389221 0.109574608504772 0.141787454485893 0.145296975970268 0.127537354826927 0.140769004821777 0.16368268430233 0.178622350096703 0.17877496778965 0.174834340810776 0.180530026555061 0.188915446400642 0.209450721740723 0.234239146113396 0.244033515453339 0.282454937696457 0.326175779104233 0.324201107025146 0.300451695919037 0.304673194885254 0.32016709446907 0.327347964048386 0.367211908102036 0.382442265748978 0.390502631664276 0.421019643545151
-3.4e+38 -3.4e+38 -3.4e+38 -3.4e+38 0.176382094621658 0.182206079363823 0.178398564457893 0.172763228416443 0.187708303332329 0.183647751808167 0.153047636151314 0.151137605309486 0.167711436748505 0.169076398015022 0.142369031906128 0.124268911778927 0.128385722637177 0.137643575668335 0.129292726516724 0.132869720458984 0.127511277794838 0.148059785366058 0.151063203811646 0.131236135959625 0.174552485346794 0.202059060335159 0.20058299601078 0.198805138468742 0.204175874590874 0.195840835571289 0.192996069788933 0.221829310059547 0.269653171300888 0.294229507446289 0.295549482107162 0.314215451478958 0.333214551210403 0.327991843223572 0.329699754714966 0.325557708740234 0.338484227657318 0.374776870012283 0.390000492334366 0.404454916715622 0.424907207489014
-3.4e+38 -3.4e+38 -3.4e+38 0.173716858029366 0.186942934989929 0.177710473537445 0.164350494742393 0.160612806677818 0.165160402655602 0.176652356982231 0.168972596526146 0.154871895909309 0.169207707047462 0.166718482971191 0.143778502941132 0.13794007897377 0.145667508244514 0.148642137646675 0.118927739560604 0.135471254587173 0.149319723248482 0.121170341968536 0.140173628926277 0.169861346483231 0.199814185500145 0.226638332009315 0.230457752943039 0.222611099481583 0.220875695347786 0.224691212177277 0.231152877211571 0.257419407367706 0.300038993358612 0.338494956493378 0.346368044614792 0.343556195497513 0.351435244083405 0.362697124481201 0.365899085998535 0.348946809768677 0.374806493520737 0.415477633476257 0.421222031116486 0.41558575630188 0.422564059495926
-3.4e+38 -3.4e+38 -3.4e+38 0.170384094119072 0.168096169829369 0.154552236199379 0.145268946886063 0.164692208170891 0.175254225730896 0.163781449198723 0.172371074557304 0.17253914475441 0.171985164284706 0.175468236207962 0.157771453261375 0.143064767122269 0.145779073238373 0.144482031464577 0.131846576929092 0.148261323571205 0.157515227794647 0.140558183193207 0.146337553858757 0.179402902722359 0.202887818217278 0.239408656954765 0.263469338417053 0.249795615673065 0.230195090174675 0.250241696834564 0.285805851221085 0.307556748390198 0.329751461744308 0.359279245138168 0.378073185682297 0.38503822684288 0.368143618106842 0.36432221531868 0.364400625228882 0.346370458602905 0.373202443122864 0.422828316688538 0.429361879825592 0.408459305763245 0.409559339284897
-3.4e+38 -3.4e+38 -3.4e+38 0.156912162899971 0.154604375362396 0.15954053401947 0.158259481191635 0.174215957522392 0.181213796138763 0.166649997234344 0.176223769783974 0.173067435622215 0.164931416511536 0.178678527474403 0.167777225375175 0.14152492582798 0.134552463889122 0.135635197162628 0.137857139110565 0.143362939357758 0.147873818874359 0.142701029777527 0.143375039100647 0.182379454374313 0.223454967141151 0.235541611909866 0.244489446282387 0.2479218095541 0.252592474222183 0.265777260065079 0.302248001098633 0.329999387264252 0.33265408873558 0.365854829549789 0.383401840925217 0.382729113101959 0.372179865837097 0.376428186893463 0.37704673409462 0.37087619304657 0.388721525669098 0.395387500524521 0.394222259521484 0.391658782958984 0.410236746072769
-3.4e+38 -3.4e+38 -3.4e+38 0.168992206454277 0.170034348964691 0.175597354769707 0.169117733836174 0.165810495615005 0.181373164057732 0.186700880527496 0.186744257807732 0.18217034637928 0.163438573479652 0.15486516058445 0.155570238828659 0.156206682324409 0.152845725417137 0.148380935192108 0.137319102883339 0.133346751332283 0.141427546739578 0.146048858761787 0.146331340074539 0.16143174469471 0.197514981031418 0.228299871087074 0.25235515832901 0.247894957661629 0.26219430565834 0.286122471094131 0.287720263004303 0.320216298103333 0.357195645570755 0.394386231899261 0.402474254369736 0.386741995811462 0.390389889478683 0.407852411270142 0.403496950864792 0.396309942007065 0.41669437289238 0.3963982462883 0.36756893992424 0.371828943490982 0.396420985460281
-3.4e+38 -3.4e+38 0.167619273066521 0.177643015980721 0.170952662825584 0.169245705008507 0.169055134057999 0.165775716304779 0.171313494443893 0.184843465685844 0.180400118231773 0.178950786590576 0.166524589061737 0.143981084227562 0.141350969672203 0.14440082013607 0.142170116305351 0.135186120867729 0.126318037509918 0.134684935212135 0.155012637376785 0.163933873176575 0.166154429316521 0.167374074459076 0.193280875682831 0.244842737913132 0.276540279388428 0.25837704539299 0.256815612316132 0.28895691037178 0.303340703248978 0.330458551645279 0.373220354318619 0.398918390274048 0.414094835519791 0.399620801210403 0.388592064380646 0.405094683170319 0.426213711500168 0.403815895318985 0.385536998510361 0.38690584897995 0.370887637138367 0.358847916126251 0.378100246191025
-3.4e+38 -3.4e+38 0.159980937838554 0.160238683223724 0.173747166991234 0.180751159787178 0.169962167739868 0.162409543991089 0.163321733474731 0.193257510662079 0.183433204889297 0.16300655901432 0.17942750453949 0.191846206784248 0.181604206562042 0.153282165527344 0.13434973359108 0.129156783223152 0.133727103471756 0.152164503931999 0.160426154732704 0.148565694689751 0.156562313437462 0.200155809521675 0.251609355211258 0.283139377832413 0.307638645172119 0.302931308746338 0.303397387266159 0.318747192621231 0.33058774471283 0.316194355487823 0.346148520708084 0.376236796379089 0.384120672941208 0.378136903047562 0.378186941146851 0.383228868246078 0.393293142318726 0.401272267103195 0.412485897541046 0.416347563266754 0.382589042186737 0.344270944595337 0.343299061059952
-3.4e+38 -3.4e+38 0.186724424362183 0.184397205710411 0.175149530172348 0.176340818405151 0.17277729511261 0.176313623785973 0.189074814319611 0.204986274242401 0.189150556921959 0.155228897929192 0.164439603686333 0.179931491613388 0.169151365756989 0.146358773112297 0.144868493080139 0.15171305835247 0.160336077213287 0.161738052964211 0.147070810198784 0.130140826106071 0.14808101952076 0.220646798610687 0.292026728391647 0.310872852802277 0.33362078666687 0.352432429790497 0.358467042446136 0.337719112634659 0.316158622503281 0.305203199386597 0.342716127634048 0.3819819688797 0.380125433206558 0.36542472243309 0.379287928342819 0.384071379899979 0.37860232591629 0.407021194696426 0.440232127904892 0.433079063892365 0.379591047763824 0.339499592781067 0.307052910327911
-3.4e+38 0.181445553898811 0.178430527448654 0.183953270316124 0.165397375822067 0.149531602859497 0.166906848549843 0.193548113107681 0.198346734046936 0.18459889292717 0.181189313530922 0.151416063308716 0.131197407841682 0.140784546732903 0.134430199861526 0.127514645457268 0.14229279756546 0.152947083115578 0.153906092047691 0.156688839197159 0.159889817237854 0.154057383537292 0.161096751689911 0.202085942029953 0.280183881521225 0.322655349969864 0.335472166538239 0.343650728464127 0.35153728723526 0.33161249756813 0.33319365978241 0.345843464136124 0.360239267349243 0.376387536525726 0.394329249858856 0.385145515203476 0.380235910415649 0.3836390376091 0.385720700025558 0.385692596435547 0.389691054821014 0.386881470680237 0.370205491781235 0.345061302185059 0.308762073516846
-3.4e+38 0.177917256951332 0.157928273081779 0.163219437003136 0.179898977279663 0.164174616336823 0.154830500483513 0.172678157687187 0.181218549609184 0.170240968465805 0.171759992837906 0.167621776461601 0.157815754413605 0.15818178653717 0.157614260911942 0.143923088908195 0.142897233366966 0.160523176193237 0.150093674659729 0.149493113160133 0.171585872769356 0.171133697032928 0.156185895204544 0.162566512823105 0.218501552939415 0.287784457206726 0.30155611038208 0.294817298650742 0.324789255857468 0.364162057638168 0.392252832651138 0.377892911434174 0.348547697067261 0.348587214946747 0.380546271800995 0.405901074409485 0.398534327745438 0.393334358930588 0.391663789749146 0.391514927148819 0.383021950721741 0.357884496450424 0.339828729629517 0.342797309160233 0.337744921445847
-3.4e+38 0.186752632260323 0.167369544506073 0.159984320402145 0.179093584418297 0.181105732917786 0.158892616629601 0.160143047571182 0.188415750861168 0.192442744970322 0.184431374073029 0.191436961293221 0.177400141954422 0.159925296902657 0.165272548794746 0.138336881995201 0.127267703413963 0.154121443629265 0.146329045295715 0.133456006646156 0.146993145346642 0.146692484617233 0.15669521689415 0.165690094232559 0.171213626861572 0.218010604381561 0.264345109462738 0.26461660861969 0.307088732719421 0.379756152629852 0.399514526128769 0.382411539554596 0.359395831823349 0.364516586065292 0.373406648635864 0.384047329425812 0.385287135839462 0.37663134932518 0.378293931484222 0.375351697206497 0.360422343015671 0.333730280399323 0.326882869005203 0.328938692808151 0.316980540752411
-3.4e+38 0.190709248185158 0.174641877412796 0.15380634367466 0.163005262613297 0.187608048319817 0.192395970225334 0.181103974580765 0.19031897187233 0.192441195249557 0.188542157411575 0.183950185775757 0.169140204787254 0.142255187034607 0.132392168045044 0.126923948526382 0.12177599221468 0.133985072374344 0.148437976837158 0.153338581323624 0.150996014475822 0.153588354587555 0.163428753614426 0.173119306564331 0.161801546812057 0.177696317434311 0.230913504958153 0.256893634796143 0.283312261104584 0.343948066234589 0.377923399209976 0.391857087612152 0.375050961971283 0.379450917243958 0.390182048082352 0.368794471025467 0.355975210666656 0.36468830704689 0.382066279649734 0.372161597013474 0.355362951755524 0.329470038414001 0.310111492872238 0.290676683187485 0.274365246295929
0.177251115441322 0.174451097846031 0.168597266077995 0.155450657010078 0.156952604651451 0.189669445157051 0.211940988898277 0.189900085330009 0.183359175920486 0.20279461145401 0.186994165182114 0.167954877018929 0.159998327493668 0.142287269234657 0.141948565840721 0.158163890242577 0.156602114439011 0.150464907288551 0.152046576142311 0.156652495265007 0.14577728509903 0.148997992277145 0.15960718691349 0.162522912025452 0.168439999222755 0.16747635602951 0.225019156932831 0.293312132358551 0.292043149471283 0.328629851341248 0.376113057136536 0.387769818305969 0.378591775894165 0.401686131954193 0.421736419200897 0.387851029634476 0.375492334365845 0.365927129983902 0.351589918136597 0.332368105649948 0.342029094696045 0.304802387952805 0.267678081989288 0.256579488515854 0.250193446874619
0.178586006164551 0.157044515013695 0.158165469765663 0.178335264325142 0.176085457205772 0.184999644756317 0.205306440591812 0.196213737130165 0.206921547651291 0.224060475826263 0.19627334177494 0.178668603301048 0.173661023378372 0.172395765781403 0.168950632214546 0.164575487375259 0.149137794971466 0.140149608254433 0.142710968852043 0.155311927199364 0.134429648518562 0.136814504861832 0.16602298617363 0.165370136499405 0.171965762972832 0.194626718759537 0.235095337033272 0.286199033260345 0.306005656719208 0.328746795654297 0.38042825460434 0.40957498550415 0.403644412755966 0.40647479891777 0.403120070695877 0.372965067625046 0.345941454172134 0.315960556268692 0.286067426204681 0.278721213340759 0.299549996852875 0.293830543756485 0.251222431659698 0.231040820479393 0.217128574848175
0.187351733446121 0.155698105692863 0.165703982114792 0.203699067234993 0.199067085981369 0.192123934626579 0.205841362476349 0.221610695123672 0.217647448182106 0.213053107261658 0.19707202911377 0.197990506887436 0.192187622189522 0.177238985896111 0.149903059005737 0.127683982253075 0.125638335943222 0.132121413946152 0.139457300305367 0.142030462622643 0.125348553061485 0.12673108279705 0.158565312623978 0.175081044435501 0.194722533226013 0.219338700175285 0.237670600414276 0.260554045438766 0.310106813907623 0.366987138986588 0.384592920541763 0.400465101003647 0.394429683685303 0.389423429965973 0.377683967351913 0.342522919178009 0.291171044111252 0.263248354196548 0.252090215682983 0.243328914046288 0.249011695384979 0.252271711826324 0.208992570638657 0.201256215572357 0.198703646659851
