data/trimmed_ndre/Aes_ndre.728.2009_no_clouds.asc
NCOLS 109 
NROWS 101 
XLLCORNER 466110 
YLLCORNER 5182005 
CELLSIZE 5 
NODATA_value -3.4e+38 
[rows 80 to 99 of 101, columns 45 to 89 of 109]
0.162824675440788 0.177322253584862 0.171629220247269 0.199003353714943 0.238352626562119 0.254513800144196 0.334087640047073 0.405701369047165 0.414004981517792 0.390680879354477 0.38749772310257 0.395239144563675 0.398744523525238 0.414892166852951 0.389795660972595 0.344496726989746 0.350612729787827 0.365414053201675 0.35513436794281 0.338736087083817 0.318277567625046 0.290091246366501 0.27957347035408 0.258359760046005 0.234057486057281 0.210746452212334 0.199673697352409 0.186549618840218 0.170353174209595 0.163730785250664 0.185313522815704 0.19058732688427 0.179030194878578 0.187603384256363 0.199653625488281 0.207537934184074 0.231136545538902 0.269543170928955 0.264410883188248 -3.4e+38 -3.4e+38 -3.4e+38 -3.4e+38 -3.4e+38 -3.4e+38
0.154971107840538 0.154096350073814 0.169828057289124 0.195624217391014 0.236996605992317 0.277391165494919 0.344448208808899 0.393716514110565 0.40959420800209 0.41892609000206 0.444487571716309 0.433957695960999 0.409361779689789 0.405477464199066 0.384135872125626 0.368076652288437 0.371517360210419 0.392120957374573 0.392187416553497 0.361756831407547 0.321955233812332 0.28706282377243 0.278303951025009 0.288521647453308 0.257092475891113 0.20551110804081 0.206621050834656 0.182899415493011 0.174423515796661 0.182974055409431 0.196121752262115 0.204810112714767 0.196792319417 0.201700940728188 0.216034173965454 0.210421413183212 0.212288305163383 0.23952454328537 -3.4e+38 -3.4e+38 -3.4e+38 -3.4e+38 -3.4e+38 -3.4e+38 -3.4e+38
0.172062590718269 0.162345692515373 0.179707005620003 0.195556983351707 0.218247339129448 0.285143285989761 0.372310966253281 0.405634790658951 0.407340735197067 0.411435455083847 0.422801733016968 0.381521075963974 0.379273802042007 0.404786169528961 0.389805525541306 0.399202406406403 0.391709744930267 0.36004576086998 0.353548973798752 0.342668622732162 0.322229027748108 0.305478602647781 0.291286885738373 0.304116904735565 0.278589636087418 0.224258333444595 0.223027646541595 0.192971453070641 0.197872042655945 0.207238808274269 0.192461922764778 0.203076064586639 0.206218868494034 0.200410604476929 0.198635295033455 0.198600307106972 0.218743354082108 -3.4e+38 -3.4e+38 -3.4e+38 -3.4e+38 -3.4e+38 -3.4e+38 -3.4e+38 -3.4e+38
0.174526020884514 0.156513333320618 0.153231665492058 0.184452131390572 0.231716901063919 0.287520557641983 0.347151637077332 0.367974400520325 0.376121342182159 0.385639011859894 0.389139920473099 0.361632078886032 0.39497634768486 0.402900278568268 0.376442104578018 0.388543486595154 0.376988589763641 0.325762301683426 0.310325384140015 0.338725090026855 0.333615779876709 0.31998747587204 0.30302107334137 0.306811571121216 0.2963045835495 0.243963092565536 0.210942521691322 0.208173111081123 0.213223114609718 0.208536684513092 0.189368456602097 0.192061126232147 0.190644085407257 0.194706335663795 0.196805238723755 -3.4e+38 -3.4e+38 -3.4e+38 -3.4e+38 -3.4e+38 -3.4e+38 -3.4e+38 -3.4e+38 -3.4e+38 -3.4e+38
0.168308675289154 0.155790373682976 0.161696374416351 0.185690611600876 0.226912885904312 0.258507966995239 0.318390399217606 0.348565757274628 0.345281064510345 0.384955197572708 0.369676351547241 0.330225020647049 0.353515684604645 0.375358819961548 0.353525578975677 0.346786558628082 0.349188715219498 0.323200255632401 0.321788638830185 0.344288885593414 0.311607509851456 0.319122076034546 0.321240663528442 0.301623612642288 0.28045853972435 0.247027575969696 0.22290350496769 0.214154645800591 0.196551352739334 0.206948071718216 0.183439835906029 0.178573757410049 0.200056135654449 0.197765156626701 -3.4e+38 -3.4e+38 -3.4e+38 -3.4e+38 -3.4e+38 -3.4e+38 -3.4e+38 -3.4e+38 -3.4e+38 -3.4e+38 -3.4e+38
0.171768009662628 0.168386057019234 0.17432926595211 0.179104328155518 0.187925115227699 0.217581138014793 0.291308224201202 0.320882081985474 0.304910182952881 0.327993303537369 0.339672535657883 0.309805154800415 0.307818293571472 0.366362452507019 0.356728971004486 0.331215232610703 0.346844971179962 0.355936199426651 0.33721798658371 0.339326858520508 0.324150443077087 0.32960507273674 0.315769642591476 0.286799162626266 0.264057606458664 0.249630212783813 0.240826144814491 0.210988372564316 0.188392832875252 0.216706067323685 0.195946857333183 0.186629801988602 0.208552718162537 -3.4e+38 -3.4e+38 -3.4e+38 -3.4e+38 -3.4e+38 -3.4e+38 -3.4e+38 -3.4e+38 -3.4e+38 -3.4e+38 -3.4e+38 -3.4e+38
0.183301463723183 0.174053177237511 0.168398857116699 0.167774498462677 0.148835554718971 0.168895035982132 0.239318951964378 0.289762109518051 0.316317141056061 0.331160336732864 0.345048397779465 0.355346590280533 0.338489830493927 0.35169118642807 0.358184397220612 0.385198265314102 0.396809577941895 0.382422596216202 0.332093894481659 0.344793081283569 0.368476212024689 0.33578684926033 0.301563590764999 0.282575756311417 0.273423403501511 0.25595811009407 0.237180352210999 0.214397355914116 0.196976915001869 0.194903746247292 0.186961814761162 0.193770706653595 -3.4e+38 -3.4e+38 -3.4e+38 -3.4e+38 -3.4e+38 -3.4e+38 -3.4e+38 -3.4e+38 -3.4e+38 -3.4e+38 -3.4e+38 -3.4e+38 -3.4e+38
0.198016807436943 0.173191413283348 0.168148383498192 0.171782404184341 0.150075227022171 0.15514375269413 0.198064416646957 0.236929789185524 0.278386652469635 0.303112417459488 0.334791243076324 0.37425971031189 0.374048352241516 0.368890017271042 0.382822126150131 0.411900639533997 0.391727209091187 0.383739054203033 0.374211549758911 0.357029318809509 0.353515863418579 0.335236102342606 0.288568675518036 0.249937862157822 0.24926221370697 0.241950020194054 0.213916197419167 0.195498183369637 0.199418276548386 0.196037366986275 0.19481660425663 -3.4e+38 -3.4e+38 -3.4e+38 -3.4e+38 -3.4e+38 -3.4e+38 -3.4e+38 -3.4e+38 -3.4e+38 -3.4e+38 -3.4e+38 -3.4e+38 -3.4e+38 -3.4e+38
0.193688482046127 0.173585996031761 0.172432526946068 0.180060505867004 0.167920485138893 0.172510951757431 0.1742874532938 0.190636739134789 0.221428632736206 0.252471297979355 0.314209669828415 0.357549399137497 0.353071391582489 0.359576612710953 0.353435814380646 0.360121458768845 0.361239016056061 0.384633094072342 0.392366826534271 0.345362693071365 0.30940842628479 0.293439596891403 0.245158314704895 0.199696972966194 0.215679556131363 0.220960050821304 0.209812864661217 0.194328889250755 0.207951039075851 0.20818218588829 -3.4e+38 -3.4e+38 -3.4e+38 -3.4e+38 -3.4e+38 -3.4e+38 -3.4e+38 -3.4e+38 -3.4e+38 -3.4e+38 -3.4e+38 -3.4e+38 -3.4e+38 -3.4e+38 -3.4e+38
0.192827269434929 0.188794642686844 0.183177083730698 0.182061657309532 0.17213736474514 0.17002160847187 0.172437816858292 0.184273824095726 0.212340816855431 0.22748364508152 0.290372103452682 0.316038846969604 0.308277487754822 0.325472235679626 0.295291244983673 0.286751061677933 0.310588240623474 0.328584283590317 0.347299426794052 0.336620301008224 0.294445693492889 0.277010887861252 0.241569101810455 0.204723998904228 0.203878700733185 0.196392506361008 0.183115422725677 0.190087765455246 0.20715369284153 -3.4e+38 -3.4e+38 -3.4e+38 -3.4e+38 -3.4e+38 -3.4e+38 -3.4e+38 -3.4e+38 -3.4e+38 -3.4e+38 -3.4e+38 -3.4e+38 -3.4e+38 -3.4e+38 -3.4e+38 -3.4e+38
0.200538963079453 0.192924335598946 0.180230468511581 0.177213042974472 0.174193844199181 0.177191972732544 0.197953164577484 0.207018479704857 0.192931622266769 0.196699008345604 0.249750554561615 0.255044549703598 0.263480484485626 0.286746293306351 0.264093816280365 0.243643507361412 0.261279582977295 0.295564770698547 0.328171879053116 0.351809531450272 0.313168048858643 0.254792720079422 0.22498482465744 0.203846573829651 0.20537331700325 0.199263483285904 0.18193194270134 0.189289003610611 -3.4e+38 -3.4e+38 -3.4e+38 -3.4e+38 -3.4e+38 -3.4e+38 -3.4e+38 -3.4e+38 -3.4e+38 -3.4e+38 -3.4e+38 -3.4e+38 -3.4e+38 -3.4e+38 -3.4e+38 -3.4e+38 -3.4e+38
0.212087944149971 0.19203445315361 0.181668430566788 0.1850655823946 0.192570894956589 0.200469836592674 0.211491972208023 0.209698155522346 0.190288960933685 0.179687991738319 0.206236347556114 0.209601074457169 0.215602219104767 0.223229795694351 0.213944002985954 0.203142955899239 0.214220464229584 0.253472566604614 0.280105590820312 0.292840123176575 0.262049287557602 0.210245683789253 0.195036128163338 0.185051396489143 0.200410664081573 0.212333962321281 -3.4e+38 -3.4e+38 -3.4e+38 -3.4e+38 -3.4e+38 -3.4e+38 -3.4e+38 -3.4e+38 -3.4e+38 -3.4e+38 -3.4e+38 -3.4e+38 -3.4e+38 -3.4e+38 -3.4e+38 -3.4e+38 -3.4e+38 -3.4e+38 -3.4e+38
0.226937234401703 0.210963010787964 0.211407601833344 0.2242421656847 0.227298855781555 0.208598002791405 0.197144076228142 0.199819654226303 0.201280653476715 0.19204469025135 0.192263647913933 0.205083653330803 0.196772918105125 0.184005737304688 0.188879176974297 0.197189897298813 0.185455158352852 0.17917512357235 0.188766837120056 0.201022952795029 0.207810416817665 0.19242262840271 0.175797879695892 0.177917957305908 0.189524367451668 -3.4e+38 -3.4e+38 -3.4e+38 -3.4e+38 -3.4e+38 -3.4e+38 -3.4e+38 -3.4e+38 -3.4e+38 -3.4e+38 -3.4e+38 -3.4e+38 -3.4e+38 -3.4e+38 -3.4e+38 -3.4e+38 -3.4e+38 -3.4e+38 -3.4e+38 -3.4e+38
0.236269980669022 0.219483092427254 0.229555442929268 0.24043832719326 0.230253502726555 0.202041417360306 0.195303499698639 0.203143119812012 0.209172427654266 0.201360940933228 0.19370448589325 0.191379696130753 0.191408917307854 0.189063593745232 0.17901536822319 0.186460182070732 0.186837404966354 0.18665337562561 0.188519969582558 0.184446930885315 0.176182314753532 0.18769134581089 0.195789441466331 -3.4e+38 -3.4e+38 -3.4e+38 -3.4e+38 -3.4e+38 -3.4e+38 -3.4e+38 -3.4e+38 -3.4e+38 -3.4e+38 -3.4e+38 -3.4e+38 -3.4e+38 -3.4e+38 -3.4e+38 -3.4e+38 -3.4e+38 -3.4e+38 -3.4e+38 -3.4e+38 -3.4e+38 -3.4e+38
0.261322915554047 0.243094354867935 0.261888712644577 0.23684273660183 0.209857642650604 0.201708853244781 0.211183026432991 0.203689113259315 0.210511073470116 0.221466422080994 0.20991376042366 0.200745418667793 0.199466571211815 0.198977753520012 0.173301964998245 0.168200701475143 0.183441966772079 0.186875998973846 0.201339513063431 0.203791782259941 0.187544837594032 -3.4e+38 -3.4e+38 -3.4e+38 -3.4e+38 -3.4e+38 -3.4e+38 -3.4e+38 -3.4e+38 -3.4e+38 -3.4e+38 -3.4e+38 -3.4e+38 -3.4e+38 -3.4e+38 -3.4e+38 -3.4e+38 -3.4e+38 -3.4e+38 -3.4e+38 -3.4e+38 -3.4e+38 -3.4e+38 -3.4e+38 -3.4e+38
0.259251236915588 0.250395506620407 0.253876477479935 0.218580797314644 0.204340204596519 0.214092373847961 0.221028059720993 0.202549487352371 0.201676174998283 0.207513481378555 0.205343723297119 0.218182295560837 0.198212176561356 0.197472602128983 0.213837459683418 0.210219070315361 0.203796580433846 0.190331324934959 -3.4e+38 -3.4e+38 -3.4e+38 -3.4e+38 -3.4e+38 -3.4e+38 -3.4e+38 -3.4e+38 -3.4e+38 -3.4e+38 -3.4e+38 -3.4e+38 -3.4e+38 -3.4e+38 -3.4e+38 -3.4e+38 -3.4e+38 -3.4e+38 -3.4e+38 -3.4e+38 -3.4e+38 -3.4e+38 -3.4e+38 -3.4e+38 -3.4e+38 -3.4e+38 -3.4e+38
0.237195193767548 0.241664245724678 0.247934073209763 0.23056161403656 0.229855373501778 0.226789325475693 0.217286854982376 0.204197943210602 0.205205947160721 0.190929725766182 0.186651691794395 0.206011563539505 0.195669278502464 0.201028496026993 0.231355085968971 -3.4e+38 -3.4e+38 -3.4e+38 -3.4e+38 -3.4e+38 -3.4e+38 -3.4e+38 -3.4e+38 -3.4e+38 -3.4e+38 -3.4e+38 -3.4e+38 -3.4e+38 -3.4e+38 -3.4e+38 -3.4e+38 -3.4e+38 -3.4e+38 -3.4e+38 -3.4e+38 -3.4e+38 -3.4e+38 -3.4e+38 -3.4e+38 -3.4e+38 -3.4e+38 -3.4e+38 -3.4e+38 -3.4e+38 -3.4e+38
0.217151671648026 0.233854487538338 0.24594883620739 0.237770453095436 0.233774825930595 0.225910887122154 0.216257661581039 0.212398990988731 0.218583837151527 0.196661621332169 0.17998081445694 0.199095994234085 -3.4e+38 -3.4e+38 -3.4e+38 -3.4e+38 -3.4e+38 -3.4e+38 -3.4e+38 -3.4e+38 -3.4e+38 -3.4e+38 -3.4e+38 -3.4e+38 -3.4e+38 -3.4e+38 -3.4e+38 -3.4e+38 -3.4e+38 -3.4e+38 -3.4e+38 -3.4e+38 -3.4e+38 -3.4e+38 -3.4e+38 -3.4e+38 -3.4e+38 -3.4e+38 -3.4e+38 -3.4e+38 -3.4e+38 -3.4e+38 -3.4e+38 -3.4e+38 -3.4e+38
0.210147768259048 0.228917524218559 0.233109876513481 0.224505543708801 0.216327995061874 0.215144544839859 0.219293713569641 0.217172384262085 0.211314335465431 0.206692188978195 -3.4e+38 -3.4e+38 -3.4e+38 -3.4e+38 -3.4e+38 -3.4e+38 -3.4e+38 -3.4e+38 -3.4e+38 -3.4e+38 -3.4e+38 -3.4e+38 -3.4e+38 -3.4e+38 -3.4e+38 -3.4e+38 -3.4e+38 -3.4e+38 -3.4e+38 -3.4e+38 -3.4e+38 -3.4e+38 -3.4e+38 -3.4e+38 -3.4e+38 -3.4e+38 -3.4e+38 -3.4e+38 -3.4e+38 -3.4e+38 -3.4e+38 -3.4e+38 -3.4e+38 -3.4e+38 -3.4e+38
0.204287648200989 0.212069809436798 0.227306917309761 0.227245673537254 0.21740360558033 0.215225383639336 0.223229438066483 0.20517235994339 -3.4e+38 -3.4e+38 -3.4e+38 -3.4e+38 -3.4e+38 -3.4e+38 -3.4e+38 -3.4e+38 -3.4e+38 -3.4e+38 -3.4e+38 -3.4e+38 -3.4e+38 -3.4e+38 -3.4e+38 -3.4e+38 -3.4e+38 -3.4e+38 -3.4e+38 -3.4e+38 -3.4e+38 -3.4e+38 -3.4e+38 -3.4e+38 -3.4e+38 -3.4e+38 -3.4e+38 -3.4e+38 -3.4e+38 -3.4e+38 -3.4e+38 -3.4e+38 -3.4e+38 -3.4e+38 -3.4e+38 -3.4e+38 -3.4e+38
