data/trimmed_ndre/Aes_ndre.615.2013_no_clouds.asc
NCOLS 109 
NROWS 101 
XLLCORNER 466110 
YLLCORNER 5182005 
CELLSIZE 5 
NODATA_value -3.4e+38 
[rows 80 to 99 of 101, columns 0 to 44 of 109]
-3.4e+38 -3.4e+38 -3.4e+38 -3.4e+38 0.530760884284973 0.520104110240936 0.50882476568222 0.494304835796356 0.466478377580643 0.426266372203827 0.394022911787033 0.362333029508591 0.313495546579361 0.301846832036972 0.322553098201752 0.317037880420685 0.291473120450974 0.271948546171188 0.268283724784851 0.262843936681747 0.261798977851868 0.273113787174225 0.300547182559967 0.335201740264893 0.38177102804184 0.423266470432281 0.438744902610779 0.463664770126343 0.477713257074356 0.472678810358047 0.467402040958405 0.462174445390701 0.443955957889557 0.418374985456467 0.404990643262863 0.379291266202927 0.350970059633255 0.332779765129089 0.302484065294266 0.291835755109787 0.300976186990738 0.286579936742783 0.265762239694595 0.263058185577393 0.246358171105385
-3.4e+38 -3.4e+38 -3.4e+38 -3.4e+38 -3.4e+38 -3.4e+38 -3.4e+38 0.481177359819412 0.453187227249146 0.419781625270844 0.383466482162476 0.351734071969986 0.317514628171921 0.287119746208191 0.295176327228546 0.298867225646973 0.281145811080933 0.262762069702148 0.254482805728912 0.255038380622864 0.260026633739471 0.274362325668335 0.313385039567947 0.370215684175491 0.412067234516144 0.449805736541748 0.465542376041412 0.474120825529099 0.469987332820892 0.462031036615372 0.465154767036438 0.470127314329147 0.462990880012512 0.424592226743698 0.386521875858307 0.362244725227356 0.346528649330139 0.330220222473145 0.307459473609924 0.290915012359619 0.287846177816391 0.280535101890564 0.272188723087311 0.264970868825912 0.250566124916077
-3.4e+38 -3.4e+38 -3.4e+38 -3.4e+38 -3.4e+38 -3.4e+38 -3.4e+38 -3.4e+38 -3.4e+38 -3.4e+38 0.372889906167984 0.336928457021713 0.314791530370712 0.279331088066101 0.280082255601883 0.283590465784073 0.25941264629364 0.237869694828987 0.225917026400566 0.231833890080452 0.248129665851593 0.275929272174835 0.315811574459076 0.36658900976181 0.416101843118668 0.459989219903946 0.482281297445297 0.479018211364746 0.466041624546051 0.456607222557068 0.465166717767715 0.477212458848953 0.475121110677719 0.423016756772995 0.368483304977417 0.355436533689499 0.355828911066055 0.346812278032303 0.329496324062347 0.315253913402557 0.300356775522232 0.289688378572464 0.281369805335999 0.265757113695145 0.257965952157974
-3.4e+38 -3.4e+38 -3.4e+38 -3.4e+38 -3.4e+38 -3.4e+38 -3.4e+38 -3.4e+38 -3.4e+38 -3.4e+38 -3.4e+38 -3.4e+38 0.290346264839172 0.283519357442856 0.283523112535477 0.266021281480789 0.234663411974907 0.217625007033348 0.211553156375885 0.215080693364143 0.233397364616394 0.270726233720779 0.317231267690659 0.386184275150299 0.439207762479782 0.462890028953552 0.48435851931572 0.474726021289825 0.455566048622131 0.449027329683304 0.464220374822617 0.479266107082367 0.474131971597672 0.431314200162888 0.386634916067123 0.373856127262115 0.375323981046677 0.366612762212753 0.355350494384766 0.348735690116882 0.330338031053543 0.309540212154388 0.294027984142303 0.264524549245834 0.255241900682449
-3.4e+38 -3.4e+38 -3.4e+38 -3.4e+38 -3.4e+38 -3.4e+38 -3.4e+38 -3.4e+38 -3.4e+38 -3.4e+38 -3.4e+38 -3.4e+38 -3.4e+38 -3.4e+38 0.279628962278366 0.257873922586441 0.232636839151382 0.22441790997982 0.221524775028229 0.208190590143204 0.223306015133858 0.269572854042053 0.321103394031525 0.401020258665085 0.459724456071854 0.479219317436218 0.500468254089355 0.492379516363144 0.467836946249008 0.454337596893311 0.473085463047028 0.488360285758972 0.476537466049194 0.442131638526917 0.403393864631653 0.399543136358261 0.409881085157394 0.398008316755295 0.382908642292023 0.375436305999756 0.352280646562576 0.330763548612595 0.314892292022705 0.280921757221222 0.26007342338562
-3.4e+38 -3.4e+38 -3.4e+38 -3.4e+38 -3.4e+38 -3.4e+38 -3.4e+38 -3.4e+38 -3.4e+38 -3.4e+38 -3.4e+38 -3.4e+38 -3.4e+38 -3.4e+38 -3.4e+38 0.261488109827042 0.24135023355484 0.238862961530685 0.244931250810623 0.224665179848671 0.233365163207054 0.280887335538864 0.332569986581802 0.402698338031769 0.469478011131287 0.496409267187119 0.50823837518692 0.49676701426506 0.47233247756958 0.46292906999588 0.491664171218872 0.500895977020264 0.474244564771652 0.442643404006958 0.413529068231583 0.404830098152161 0.412627816200256 0.414554864168167 0.408068895339966 0.399351596832275 0.378205448389053 0.351936340332031 0.331539452075958 0.302038460969925 0.273494184017181
-3.4e+38 -3.4e+38 -3.4e+38 -3.4e+38 -3.4e+38 -3.4e+38 -3.4e+38 -3.4e+38 -3.4e+38 -3.4e+38 -3.4e+38 -3.4e+38 -3.4e+38 -3.4e+38 -3.4e+38 -3.4e+38 -3.4e+38 0.26786857843399 0.267168313264847 0.244393914937973 0.257061988115311 0.30302906036377 0.36756819486618 0.430569112300873 0.478514403104782 0.50505805015564 0.506157040596008 0.487343788146973 0.463382929563522 0.46945783495903 0.501699566841125 0.504739880561829 0.464393138885498 0.427511483430862 0.411056190729141 0.389533460140228 0.3824562728405 0.39780205488205 0.412130534648895 0.406544357538223 0.383942574262619 0.356261670589447 0.324840068817139 0.295519024133682 0.269330650568008
-3.4e+38 -3.4e+38 -3.4e+38 -3.4e+38 -3.4e+38 -3.4e+38 -3.4e+38 -3.4e+38 -3.4e+38 -3.4e+38 -3.4e+38 -3.4e+38 -3.4e+38 -3.4e+38 -3.4e+38 -3.4e+38 -3.4e+38 -3.4e+38 -3.4e+38 0.263096213340759 0.28961768746376 0.335343062877655 0.403095752000809 0.458541721105576 0.48415133357048 0.502735435962677 0.494378298521042 0.472753286361694 0.456403374671936 0.474132418632507 0.501889109611511 0.499512434005737 0.453382432460785 0.408667147159576 0.403421521186829 0.397276520729065 0.391865074634552 0.397169947624207 0.402954429388046 0.388976722955704 0.362841188907623 0.339926987886429 0.306091129779816 0.282987147569656 0.276564806699753
-3.4e+38 -3.4e+38 -3.4e+38 -3.4e+38 -3.4e+38 -3.4e+38 -3.4e+38 -3.4e+38 -3.4e+38 -3.4e+38 -3.4e+38 -3.4e+38 -3.4e+38 -3.4e+38 -3.4e+38 -3.4e+38 -3.4e+38 -3.4e+38 -3.4e+38 -3.4e+38 -3.4e+38 0.380186349153519 0.434591889381409 0.474009424448013 0.485202580690384 0.490968406200409 0.476619035005569 0.455709189176559 0.449551701545715 0.471505790948868 0.489737331867218 0.480665951967239 0.44694796204567 0.404559940099716 0.390698075294495 0.386265635490417 0.386977791786194 0.388579457998276 0.390083402395248 0.373402297496796 0.344030231237411 0.315565019845963 0.285029530525208 0.279631197452545 0.293570756912231
-3.4e+38 -3.4e+38 -3.4e+38 -3.4e+38 -3.4e+38 -3.4e+38 -3.4e+38 -3.4e+38 -3.4e+38 -3.4e+38 -3.4e+38 -3.4e+38 -3.4e+38 -3.4e+38 -3.4e+38 -3.4e+38 -3.4e+38 -3.4e+38 -3.4e+38 -3.4e+38 -3.4e+38 -3.4e+38 0.457890689373016 0.477072149515152 0.474325150251389 0.469665467739105 0.452445477247238 0.43725323677063 0.441068768501282 0.460977375507355 0.470436096191406 0.455088943243027 0.439363270998001 0.401051044464111 0.375062793493271 0.37349870800972 0.370228111743927 0.373152732849121 0.377188503742218 0.371198564767838 0.341475516557693 0.30976328253746 0.281874984502792 0.285704851150513 0.301393628120422
-3.4e+38 -3.4e+38 -3.4e+38 -3.4e+38 -3.4e+38 -3.4e+38 -3.4e+38 -3.4e+38 -3.4e+38 -3.4e+38 -3.4e+38 -3.4e+38 -3.4e+38 -3.4e+38 -3.4e+38 -3.4e+38 -3.4e+38 -3.4e+38 -3.4e+38 -3.4e+38 -3.4e+38 -3.4e+38 -3.4e+38 -3.4e+38 0.457147657871246 0.44265541434288 0.423902958631516 0.422158628702164 0.436850845813751 0.450563162565231 0.456340342760086 0.439488768577576 0.422900706529617 0.392899960279465 0.380403965711594 0.381113857030869 0.36881884932518 0.366390883922577 0.371968656778336 0.375085055828094 0.350213557481766 0.316015243530273 0.300481647253036 0.302265256643295 0.305233508348465
-3.4e+38 -3.4e+38 -3.4e+38 -3.4e+38 -3.4e+38 -3.4e+38 -3.4e+38 -3.4e+38 -3.4e+38 -3.4e+38 -3.4e+38 -3.4e+38 -3.4e+38 -3.4e+38 -3.4e+38 -3.4e+38 -3.4e+38 -3.4e+38 -3.4e+38 -3.4e+38 -3.4e+38 -3.4e+38 -3.4e+38 -3.4e+38 -3.4e+38 0.417690724134445 0.401858597993851 0.411446094512939 0.434266149997711 0.440739333629608 0.445574939250946 0.430637836456299 0.409676164388657 0.391349881887436 0.391585439443588 0.391865700483322 0.373801440000534 0.362721145153046 0.365241289138794 0.367450058460236 0.342018723487854 0.318210244178772 0.309765011072159 0.315322309732437 0.322345763444901
-3.4e+38 -3.4e+38 -3.4e+38 -3.4e+38 -3.4e+38 -3.4e+38 -3.4e+38 -3.4e+38 -3.4e+38 -3.4e+38 -3.4e+38 -3.4e+38 -3.4e+38 -3.4e+38 -3.4e+38 -3.4e+38 -3.4e+38 -3.4e+38 -3.4e+38 -3.4e+38 -3.4e+38 -3.4e+38 -3.4e+38 -3.4e+38 -3.4e+38 0.399524062871933 0.391009628772736 0.405479103326797 0.423088282346725 0.424675107002258 0.429126411676407 0.422198832035065 0.398444324731827 0.380680620670319 0.38221338391304 0.382818698883057 0.366456776857376 0.361138552427292 0.358518421649933 0.355806767940521 0.33346563577652 0.322771936655045 0.328521728515625 0.339625000953674 0.35311833024025
-3.4e+38 -3.4e+38 -3.4e+38 -3.4e+38 -3.4e+38 -3.4e+38 -3.4e+38 -3.4e+38 -3.4e+38 -3.4e+38 -3.4e+38 -3.4e+38 -3.4e+38 -3.4e+38 -3.4e+38 -3.4e+38 -3.4e+38 -3.4e+38 -3.4e+38 -3.4e+38 -3.4e+38 -3.4e+38 -3.4e+38 -3.4e+38 -3.4e+38 0.396011769771576 0.388180166482925 0.397901237010956 0.400288105010986 0.401773482561111 0.40680867433548 0.40548774600029 0.382870852947235 0.361728101968765 0.360990017652512 0.361764788627625 0.361713469028473 0.368738561868668 0.361850708723068 0.351015210151672 0.33809107542038 0.342523455619812 0.360977083444595 0.361564189195633 0.368210554122925
-3.4e+38 -3.4e+38 -3.4e+38 -3.4e+38 -3.4e+38 -3.4e+38 -3.4e+38 -3.4e+38 -3.4e+38 -3.4e+38 -3.4e+38 -3.4e+38 -3.4e+38 -3.4e+38 -3.4e+38 -3.4e+38 -3.4e+38 -3.4e+38 -3.4e+38 -3.4e+38 -3.4e+38 -3.4e+38 -3.4e+38 -3.4e+38 -3.4e+38 -3.4e+38 0.396916002035141 0.392143577337265 0.387722373008728 0.385910600423813 0.386084526777267 0.384313464164734 0.368929624557495 0.350321680307388 0.349713772535324 0.353332459926605 0.360560357570648 0.370349258184433 0.3588847219944 0.347476959228516 0.348874062299728 0.358875244855881 0.376299202442169 0.372983425855637 0.377417355775833
-3.4e+38 -3.4e+38 -3.4e+38 -3.4e+38 -3.4e+38 -3.4e+38 -3.4e+38 -3.4e+38 -3.4e+38 -3.4e+38 -3.4e+38 -3.4e+38 -3.4e+38 -3.4e+38 -3.4e+38 -3.4e+38 -3.4e+38 -3.4e+38 -3.4e+38 -3.4e+38 -3.4e+38 -3.4e+38 -3.4e+38 -3.4e+38 -3.4e+38 -3.4e+38 0.40008071064949 0.389109671115875 0.386279553174973 0.378574848175049 0.362848550081253 0.357553839683533 0.359330028295517 0.347746908664703 0.345781952142715 0.354100435972214 0.356677323579788 0.35368999838829 0.338397324085236 0.342660576105118 0.360735893249512 0.365986615419388 0.380510151386261 0.388823330402374 0.395909368991852
-3.4e+38 -3.4e+38 -3.4e+38 -3.4e+38 -3.4e+38 -3.4e+38 -3.4e+38 -3.4e+38 -3.4e+38 -3.4e+38 -3.4e+38 -3.4e+38 -3.4e+38 -3.4e+38 -3.4e+38 -3.4e+38 -3.4e+38 -3.4e+38 -3.4e+38 -3.4e+38 -3.4e+38 -3.4e+38 -3.4e+38 -3.4e+38 -3.4e+38 -3.4e+38 -3.4e+38 -3.4e+38 -3.4e+38 0.364432364702225 0.349094122648239 0.344650477170944 0.347314357757568 0.33170872926712 0.320861518383026 0.326500684022903 0.332809448242188 0.338701248168945 0.340117990970612 0.348486870527267 0.366031855344772 0.375920623540878 0.393036991357803 0.410963147878647 0.419675171375275
-3.4e+38 -3.4e+38 -3.4e+38 -3.4e+38 -3.4e+38 -3.4e+38 -3.4e+38 -3.4e+38 -3.4e+38 -3.4e+38 -3.4e+38 -3.4e+38 -3.4e+38 -3.4e+38 -3.4e+38 -3.4e+38 -3.4e+38 -3.4e+38 -3.4e+38 -3.4e+38 -3.4e+38 -3.4e+38 -3.4e+38 -3.4e+38 -3.4e+38 -3.4e+38 -3.4e+38 -3.4e+38 -3.4e+38 -3.4e+38 -3.4e+38 -3.4e+38 -3.4e+38 -3.4e+38 -3.4e+38 0.313558220863342 0.318262010812759 0.326890915632248 0.346059232950211 0.35852724313736 0.365469515323639 0.38385808467865 0.413056194782257 0.43233984708786 0.445480018854141
-3.4e+38 -3.4e+38 -3.4e+38 -3.4e+38 -3.4e+38 -3.4e+38 -3.4e+38 -3.4e+38 -3.4e+38 -3.4e+38 -3.4e+38 -3.4e+38 -3.4e+38 -3.4e+38 -3.4e+38 -3.4e+38 -3.4e+38 -3.4e+38 -3.4e+38 -3.4e+38 -3.4e+38 -3.4e+38 -3.4e+38 -3.4e+38 -3.4e+38 -3.4e+38 -3.4e+38 -3.4e+38 -3.4e+38 -3.4e+38 -3.4e+38 -3.4e+38 -3.4e+38 -3.4e+38 -3.4e+38 -3.4e+38 -3.4e+38 -3.4e+38 0.314999997615814 0.342272400856018 0.362764328718185 0.389259338378906 0.415375113487244 0.441279709339142 0.459308803081512
-3.4e+38 -3.4e+38 -3.4e+38 -3.4e+38 -3.4e+38 -3.4e+38 -3.4e+38 -3.4e+38 -3.4e+38 -3.4e+38 -3.4e+38 -3.4e+38 -3.4e+38 -3.4e+38 -3.4e+38 -3.4e+38 -3.4e+38 -3.4e+38 -3.4e+38 -3.4e+38 -3.4e+38 -3.4e+38 -3.4e+38 -3.4e+38 -3.4e+38 -3.4e+38 -3.4e+38 -3.4e+38 -3.4e+38 -3.4e+38 -3.4e+38 -3.4e+38 -3.4e+38 -3.4e+38 -3.4e+38 -3.4e+38 -3.4e+38 -3.4e+38 -3.4e+38 0.337354570627213 0.365573763847351 0.387597620487213 0.401542246341705 0.433616608381271 0.46185827255249
