data/trimmed_ndre/Aes_ndre.725.2014_no_clouds.asc
NCOLS 109 
NROWS 101 
XLLCORNER 466110 
YLLCORNER 5182005 
CELLSIZE 5 
NODATA_value -3.4e+38 
[rows 40 to 59 of 101, columns 45 to 89 of 109]
0.157516345381737 0.162823081016541 0.169531911611557 0.17505294084549 0.180019333958626 0.17213648557663 0.174644157290459 0.182677790522575 0.171940073370934 0.192433685064316 0.204756736755371 0.201243415474892 0.207335069775581 0.216372147202492 0.244402825832367 0.258691191673279 0.255350112915039 0.255914628505707 0.256602436304092 0.244774416089058 0.223389968276024 0.228695213794708 0.210132464766502 0.192673221230507 0.194840982556343 0.182620719075203 0.183907523751259 0.187039017677307 0.191953212022781 0.204715862870216 0.223593667149544 0.239070639014244 0.233985707163811 0.198288068175316 0.185940653085709 0.194229394197464 0.18615597486496 0.163643315434456 0.141393333673477 0.128861233592033 0.124858312308788 0.14788892865181 0.157082080841064 0.148100107908249 0.146976098418236
0.15200911462307 0.155756413936615 0.161736100912094 0.167093530297279 0.170515030622482 0.170015826821327 0.172191828489304 0.178162127733231 0.178652703762054 0.190614506602287 0.20034721493721 0.209951624274254 0.222417697310448 0.232327774167061 0.258985608816147 0.257879108190536 0.233061015605927 0.233503505587578 0.243252202868462 0.242290765047073 0.231729969382286 0.231446832418442 0.200008258223534 0.174878537654877 0.171314269304276 0.168506771326065 0.180250287055969 0.179471671581268 0.170227527618408 0.179840594530106 0.199703589081764 0.225987210869789 0.234987422823906 0.222003504633904 0.209594190120697 0.201861843466759 0.188097417354584 0.16581055521965 0.154101446270943 0.139720439910889 0.137808054685593 0.150172531604767 0.152856990695 0.151422142982483 0.147608906030655
0.13555134832859 0.139173164963722 0.15073761343956 0.161359071731567 0.170792266726494 0.178339242935181 0.17567740380764 0.187208846211433 0.187735855579376 0.187346637248993 0.206772223114967 0.225518226623535 0.249330669641495 0.260797888040543 0.257443845272064 0.24198092520237 0.220487296581268 0.217751398682594 0.227136999368668 0.218730479478836 0.213316023349762 0.21122370660305 0.193989634513855 0.183051958680153 0.171036034822464 0.162355229258537 0.167338132858276 0.175052300095558 0.174511104822159 0.179177194833755 0.192673996090889 0.214201331138611 0.234468773007393 0.234349951148033 0.215728342533112 0.199083358049393 0.180161699652672 0.163156375288963 0.160338461399078 0.151046261191368 0.145321235060692 0.143673926591873 0.137156322598457 0.150853753089905 0.159352406859398
0.143337070941925 0.141935631632805 0.15384230017662 0.166756525635719 0.183439269661903 0.185765966773033 0.178212836384773 0.194527685642242 0.191500082612038 0.196040615439415 0.228103622794151 0.249150976538658 0.278820008039474 0.267426550388336 0.231942921876907 0.225591823458672 0.208866223692894 0.198568969964981 0.195285275578499 0.180313482880592 0.176401674747467 0.185028076171875 0.187447190284729 0.186933293938637 0.170336663722992 0.155492573976517 0.159496068954468 0.176953211426735 0.180641889572144 0.180544495582581 0.189657613635063 0.201370015740395 0.217379227280617 0.220173269510269 0.207883715629578 0.199003010988235 0.18988461792469 0.175965517759323 0.163970023393631 0.155113518238068 0.148938626050949 0.148392230272293 0.145774975419044 0.148599863052368 0.156152352690697
0.156484335660934 0.153602346777916 0.162166029214859 0.170133292675018 0.17874176800251 0.18464221060276 0.18084804713726 0.190289959311485 0.192344605922699 0.209915518760681 0.248884662985802 0.272104531526566 0.285221219062805 0.250026941299438 0.209916725754738 0.208405926823616 0.189294874668121 0.180881887674332 0.175487250089645 0.161970123648643 0.157492935657501 0.164666712284088 0.177717074751854 0.185130417346954 0.178973123431206 0.162010595202446 0.16693751513958 0.188404425978661 0.186162382364273 0.179614692926407 0.180437386035919 0.189614966511726 0.201308697462082 0.208505645394325 0.209645062685013 0.21125353872776 0.208894982933998 0.197383105754852 0.179067835211754 0.162059366703033 0.1543899923563 0.161083623766899 0.165198937058449 0.158640325069427 0.154650047421455
0.147904321551323 0.14997860789299 0.158712133765221 0.168503046035767 0.177997678518295 0.193591415882111 0.19437064230442 0.194496214389801 0.215174466371536 0.226050019264221 0.260051488876343 0.280249148607254 0.271108329296112 0.239033401012421 0.210530012845993 0.199596986174583 0.174473017454147 0.174265563488007 0.177173882722855 0.16662435233593 0.155272737145424 0.15647891163826 0.166053295135498 0.173936918377876 0.17598631978035 0.175972938537598 0.176161929965019 0.182868346571922 0.178850039839745 0.175471648573875 0.175490468740463 0.184973329305649 0.196728855371475 0.204635307192802 0.214043214917183 0.220744207501411 0.21929731965065 0.211215674877167 0.191067457199097 0.172466114163399 0.164473995566368 0.166654109954834 0.169778794050217 0.165382876992226 0.157927855849266
0.153484687209129 0.152020454406738 0.159701809287071 0.180895313620567 0.200420796871185 0.193972557783127 0.198355451226234 0.215443477034569 0.242591023445129 0.24246908724308 0.265857070684433 0.270631104707718 0.244605556130409 0.23088638484478 0.210117474198341 0.18806266784668 0.167029187083244 0.171636775135994 0.172972738742828 0.166032150387764 0.157508075237274 0.161462873220444 0.160033121705055 0.159613639116287 0.164897441864014 0.17729626595974 0.179322049021721 0.178267255425453 0.180984988808632 0.183122560381889 0.184534654021263 0.18593955039978 0.187183171510696 0.186859175562859 0.195487782359123 0.207210600376129 0.216890543699265 0.220572978258133 0.211877733469009 0.193067133426666 0.17726731300354 0.169168740510941 0.162126123905182 0.160606890916824 0.162403017282486
0.166026905179024 0.169853344559669 0.174649462103844 0.186399161815643 0.195885553956032 0.192148193717003 0.208415761590004 0.228464037179947 0.247777238488197 0.258757144212723 0.269363671541214 0.255785197019577 0.233177945017815 0.22658608853817 0.200919657945633 0.184506595134735 0.172930315136909 0.163412094116211 0.156661123037338 0.152847126126289 0.158356010913849 0.165651187300682 0.158757522702217 0.149053767323494 0.143522754311562 0.150031715631485 0.157946586608887 0.171427994966507 0.18605175614357 0.191931828856468 0.193203374743462 0.191431924700737 0.181471839547157 0.174746081233025 0.183202758431435 0.191215038299561 0.210653156042099 0.228020653128624 0.223869860172272 0.214328601956367 0.194619357585907 0.172216460108757 0.158717542886734 0.152083814144135 0.154422074556351
0.173369392752647 0.180218905210495 0.181179076433182 0.183635666966438 0.186112836003304 0.198372393846512 0.216778576374054 0.226646095514297 0.243614956736565 0.264104753732681 0.272092759609222 0.260202288627625 0.238515719771385 0.222724363207817 0.205447405576706 0.193410694599152 0.178051427006721 0.159189671278 0.148816019296646 0.145317986607552 0.156565606594086 0.164515271782875 0.155038341879845 0.149523794651031 0.130111277103424 0.126890957355499 0.146941900253296 0.160642102360725 0.170093595981598 0.173380583524704 0.17617255449295 0.1770329028368 0.17208306491375 0.173570334911346 0.18254129588604 0.182282745838165 0.19833217561245 0.218458697199821 0.221615016460419 0.222847029566765 0.21094822883606 0.187648981809616 0.168868005275726 0.159005597233772 0.155408501625061
0.171912506222725 0.173503339290619 0.174866825342178 0.186090886592865 0.192367926239967 0.214201733469963 0.229588717222214 0.227390825748444 0.245898544788361 0.269566923379898 0.275870203971863 0.263920903205872 0.239640593528748 0.2178835272789 0.198567405343056 0.175411403179169 0.164117202162743 0.154478892683983 0.149874359369278 0.152294933795929 0.155998796224594 0.146940022706985 0.136461213231087 0.141017585992813 0.129529446363449 0.130112037062645 0.148846551775932 0.151383563876152 0.155770346522331 0.158130139112473 0.159727230668068 0.162540376186371 0.160552635788918 0.162910744547844 0.171389043331146 0.17595149576664 0.184189453721046 0.196800544857979 0.211153671145439 0.221389070153236 0.220019400119781 0.204524263739586 0.185671016573906 0.174001902341843 0.166392594575882
0.183931395411491 0.172469988465309 0.180111601948738 0.204323589801788 0.204509094357491 0.234496623277664 0.249731466174126 0.243592470884323 0.256863206624985 0.265133708715439 0.265441864728928 0.252551227807999 0.235282346606255 0.211511492729187 0.181871980428696 0.160570681095123 0.163964033126831 0.160653054714203 0.147551104426384 0.140322223305702 0.142983585596085 0.135864779353142 0.130835205316544 0.141239374876022 0.150183826684952 0.149470627307892 0.143664538860321 0.14108794927597 0.147315144538879 0.153150796890259 0.160078212618828 0.160778746008873 0.157088965177536 0.174344182014465 0.180618703365326 0.173736840486526 0.178882136940956 0.182633742690086 0.199134543538094 0.216784760355949 0.218712344765663 0.212723627686501 0.199287980794907 0.183119550347328 0.173401892185211
0.193827167153358 0.180961310863495 0.193620845675468 0.211951538920403 0.214875712990761 0.248809322714806 0.258226484060287 0.247660979628563 0.252589344978333 0.248940482735634 0.251123905181885 0.23824043571949 0.21379454433918 0.200218424201012 0.175748988986015 0.166308537125587 0.17409360408783 0.173248618841171 0.156970202922821 0.142617851495743 0.143405094742775 0.144164115190506 0.142447501420975 0.137826785445213 0.142017111182213 0.15087778866291 0.144249513745308 0.140313670039177 0.148792520165443 0.152380883693695 0.159205764532089 0.163543149828911 0.164106786251068 0.18001364171505 0.187704116106033 0.184567794203758 0.187811896204948 0.182875066995621 0.19227409362793 0.207235023379326 0.210875168442726 0.209538012742996 0.204664960503578 0.190769359469414 0.178422376513481
0.199900045990944 0.191563248634338 0.197400063276291 0.208256736397743 0.223925366997719 0.25268766283989 0.25477135181427 0.242363095283508 0.238656729459763 0.240633726119995 0.252036839723587 0.246936947107315 0.221588954329491 0.204386159777641 0.177014246582985 0.160461783409119 0.162954226136208 0.164717525243759 0.157384917140007 0.150434538722038 0.150462254881859 0.152203589677811 0.155749097466469 0.133712813258171 0.119304716587067 0.134346947073936 0.139153882861137 0.14050367474556 0.144200935959816 0.147285833954811 0.147258624434471 0.160281509160995 0.167769089341164 0.168948486447334 0.180828854441643 0.188095793128014 0.187171086668968 0.1834956407547 0.187740296125412 0.194967806339264 0.201610997319221 0.204667836427689 0.208105534315109 0.200880765914917 0.190512165427208
0.201660394668579 0.201329335570335 0.201338514685631 0.210068553686142 0.232101425528526 0.25615331530571 0.257809102535248 0.251665890216827 0.245476290583611 0.252907067537308 0.266570001840591 0.268856167793274 0.24359729886055 0.207856073975563 0.180124074220657 0.162679865956306 0.15667724609375 0.157542884349823 0.15444903075695 0.151170819997787 0.143134489655495 0.139302551746368 0.143234103918076 0.133120194077492 0.123342476785183 0.12939016520977 0.134461954236031 0.138843670487404 0.146890133619308 0.151153683662415 0.145772680640221 0.156643897294998 0.167033925652504 0.166775956749916 0.172224506735802 0.178581014275551 0.178896561264992 0.177047669887543 0.179931446909904 0.181602835655212 0.190476939082146 0.203530490398407 0.207264184951782 0.197941839694977 0.200417250394821
0.186073392629623 0.1994469165802 0.21150965988636 0.226381972432137 0.242189675569534 0.264971107244492 0.277777642011642 0.273436665534973 0.270946532487869 0.273151278495789 0.278427243232727 0.277120441198349 0.249607563018799 0.208619564771652 0.185164675116539 0.181235462427139 0.173910215497017 0.166890501976013 0.164353132247925 0.16263410449028 0.14871571958065 0.138407096266747 0.140381217002869 0.141320705413818 0.144158154726028 0.147554382681847 0.151247322559357 0.149090796709061 0.15246357023716 0.158720314502716 0.159131720662117 0.159651845693588 0.158192902803421 0.161049693822861 0.168815061450005 0.172777578234673 0.176556065678596 0.17525440454483 0.176024287939072 0.18178428709507 0.183542728424072 0.195020943880081 0.199108988046646 0.188180297613144 0.19584658741951
0.190035983920097 0.203084275126457 0.226781845092773 0.247047185897827 0.256023645401001 0.257717460393906 0.269821614027023 0.28027805685997 0.285490900278091 0.281396001577377 0.282334119081497 0.282439887523651 0.263529688119888 0.22871458530426 0.214142054319382 0.214366361498833 0.202596336603165 0.183212354779243 0.172039493918419 0.171642601490021 0.165637105703354 0.163830265402794 0.154778927564621 0.14884614944458 0.159734815359116 0.166298523545265 0.163608446717262 0.155163556337357 0.151384025812149 0.156430751085281 0.158050313591957 0.153201833367348 0.149505242705345 0.163011968135834 0.172663733363152 0.171596616506577 0.174449846148491 0.172876462340355 0.17762553691864 0.186375796794891 0.18215574324131 0.19152820110321 0.198769465088844 0.197470024228096 0.203586265444756
0.199819803237915 0.212387546896935 0.235132217407227 0.259873986244202 0.26494225859642 0.246237263083458 0.251172959804535 0.27309986948967 0.280445009469986 0.284283339977264 0.296925663948059 0.30106046795845 0.284549862146378 0.262898415327072 0.246828764677048 0.241918653249741 0.223036423325539 0.194027155637741 0.173719361424446 0.174572378396988 0.178335130214691 0.18481756746769 0.168392896652222 0.159806594252586 0.174383163452148 0.170058056712151 0.163043230772018 0.152960523962975 0.149487033486366 0.158432006835938 0.16220061480999 0.158611983060837 0.160812944173813 0.170390278100967 0.176095902919769 0.177439376711845 0.185271546244621 0.185934394598007 0.189795628190041 0.191095545887947 0.18636916577816 0.193054899573326 0.192061707377434 0.20304699242115 0.219583109021187
0.202181965112686 0.228566557168961 0.252482324838638 0.267770767211914 0.262870132923126 0.242019981145859 0.240690812468529 0.25154173374176 0.25669065117836 0.261413395404816 0.275095403194427 0.289420694112778 0.288519740104675 0.288315534591675 0.276537597179413 0.260337918996811 0.237347602844238 0.20978581905365 0.187439784407616 0.175142794847488 0.179039746522903 0.186739608645439 0.174685776233673 0.177675843238831 0.182867646217346 0.164779365062714 0.166339516639709 0.162718817591667 0.159796491265297 0.165875166654587 0.171795442700386 0.172510847449303 0.168318420648575 0.15973524749279 0.159289807081223 0.172429665923119 0.187905088067055 0.192509725689888 0.19833305478096 0.195579007267952 0.188246443867683 0.189266115427017 0.182735607028008 0.196681916713715 0.212196081876755
0.214675262570381 0.237579122185707 0.252130538225174 0.262891590595245 0.254453927278519 0.237150996923447 0.230540066957474 0.230484813451767 0.227486044168472 0.224893748760223 0.229755192995071 0.262083113193512 0.281707465648651 0.280832767486572 0.276181221008301 0.267516851425171 0.250484436750412 0.229505807161331 0.213869020342827 0.19642399251461 0.190187275409698 0.188639760017395 0.180088713765144 0.191436484456062 0.187666654586792 0.174254730343819 0.18625071644783 0.185766220092773 0.180517256259918 0.179128006100655 0.180263012647629 0.170846775174141 0.164649799466133 0.163112536072731 0.164856612682343 0.175609976053238 0.183050259947777 0.185177773237228 0.194893464446068 0.196293771266937 0.198609694838524 0.20223605632782 0.198995307087898 0.204631716012955 0.206648766994476
0.2172462195158 0.230127245187759 0.238187879323959 0.244928568601608 0.23778036236763 0.221991211175919 0.216049894690514 0.216280683875084 0.208159446716309 0.196071267127991 0.198314249515533 0.223221480846405 0.245424285531044 0.249640837311745 0.255304038524628 0.263903141021729 0.256515026092529 0.247767552733421 0.241702377796173 0.222787693142891 0.210116162896156 0.201605871319771 0.191295325756073 0.19344188272953 0.185660138726234 0.185002073645592 0.200003236532211 0.195573106408119 0.192145124077797 0.187645122408867 0.182073295116425 0.162605077028275 0.154224142432213 0.161067560315132 0.170169472694397 0.181103974580765 0.179780051112175 0.178274095058441 0.184849426150322 0.184908822178841 0.19120566546917 0.199557155370712 0.203162685036659 0.20049175620079 0.19885690510273
