data/trimmed_ndre/Aes_ndre.619.2014_no_clouds.asc
NCOLS 109 
NROWS 101 
XLLCORNER 466110 
YLLCORNER 5182005 
CELLSIZE 5 
NODATA_value -3.4e+38 
[rows 80 to 99 of 101, columns 45 to 89 of 109]
0.280508607625961 0.292838543653488 0.321907728910446 0.377445042133331 0.443086832761765 0.498538553714752 0.541878819465637 0.555827558040619 0.565197944641113 0.584573745727539 0.59764564037323 0.609120547771454 0.610882937908173 0.605478405952454 0.598772168159485 0.598165214061737 0.607696950435638 0.606271088123322 0.601647436618805 0.576349318027496 0.519864618778229 0.453579723834991 0.403593599796295 0.372588068246841 0.339700788259506 0.309576272964478 0.28056389093399 0.270051121711731 0.275536268949509 0.298565864562988 0.327550381422043 0.364915788173676 0.425721794366837 0.459541201591492 0.458821058273315 0.456828325986862 0.42137935757637 0.435472428798676 0.475297540426254 -3.4e+38 -3.4e+38 -3.4e+38 -3.4e+38 -3.4e+38 -3.4e+38
0.261544555425644 0.286816477775574 0.32719886302948 0.376054704189301 0.424487143754959 0.47992131114006 0.528331518173218 0.531714022159576 0.536982238292694 0.556021392345428 0.570648014545441 0.59122097492218 0.613870143890381 0.612804174423218 0.599173069000244 0.595574617385864 0.604708850383759 0.590553939342499 0.553687870502472 0.522288799285889 0.468397974967957 0.40487802028656 0.358233869075775 0.330041080713272 0.302488267421722 0.285553872585297 0.278598189353943 0.279959797859192 0.283535599708557 0.308030694723129 0.341312617063522 0.380476862192154 0.42724820971489 0.460195451974869 0.458178788423538 0.438065707683563 0.411857962608337 0.442760199308395 -3.4e+38 -3.4e+38 -3.4e+38 -3.4e+38 -3.4e+38 -3.4e+38 -3.4e+38
0.255806863307953 0.276883363723755 0.334103643894196 0.387073755264282 0.422553569078445 0.465015709400177 0.50052535533905 0.504599928855896 0.509163916110992 0.525376379489899 0.53619796037674 0.549458026885986 0.580631613731384 0.593951940536499 0.582285523414612 0.569613397121429 0.570187270641327 0.554654657840729 0.51424765586853 0.478056192398071 0.43630388379097 0.388003468513489 0.352260202169418 0.334388077259064 0.311191856861115 0.288547217845917 0.279384881258011 0.283300578594208 0.29684767127037 0.32243612408638 0.353651165962219 0.397655040025711 0.443203091621399 0.464383721351624 0.451108455657959 0.433797806501389 0.432684361934662 -3.4e+38 -3.4e+38 -3.4e+38 -3.4e+38 -3.4e+38 -3.4e+38 -3.4e+38 -3.4e+38
0.285932689905167 0.270228743553162 0.314562439918518 0.383859723806381 0.421956807374954 0.446995466947556 0.472513765096664 0.484848707914352 0.491428047418594 0.506401777267456 0.515073478221893 0.535194993019104 0.558088183403015 0.563711941242218 0.547824740409851 0.530546307563782 0.525234758853912 0.539182007312775 0.511632025241852 0.462008625268936 0.426690667867661 0.399380326271057 0.369748681783676 0.359649240970612 0.33544397354126 0.292615175247192 0.278284966945648 0.280591547489166 0.303240656852722 0.340173304080963 0.368907332420349 0.411690652370453 0.44769075512886 0.453167498111725 0.434604048728943 -3.4e+38 -3.4e+38 -3.4e+38 -3.4e+38 -3.4e+38 -3.4e+38 -3.4e+38 -3.4e+38 -3.4e+38 -3.4e+38
0.283234357833862 0.273163259029388 0.302396923303604 0.358401715755463 0.399677485227585 0.42124280333519 0.445782959461212 0.470523178577423 0.47548171877861 0.47169092297554 0.468611150979996 0.490066587924957 0.514216482639313 0.514188706874847 0.507341802120209 0.506954431533813 0.509118139743805 0.509093582630157 0.471649259328842 0.430305153131485 0.414118587970734 0.398053735494614 0.381015092134476 0.375883549451828 0.340027868747711 0.29069709777832 0.287330269813538 0.29130756855011 0.316532403230667 0.360678285360336 0.389051645994186 0.412403136491776 0.431692063808441 0.425799995660782 -3.4e+38 -3.4e+38 -3.4e+38 -3.4e+38 -3.4e+38 -3.4e+38 -3.4e+38 -3.4e+38 -3.4e+38 -3.4e+38 -3.4e+38
0.28063178062439 0.306776165962219 0.326392352581024 0.354247570037842 0.37857112288475 0.402216404676437 0.435777515172958 0.466469436883926 0.460128486156464 0.436732590198517 0.429753690958023 0.454903155565262 0.469074159860611 0.473149985074997 0.484774589538574 0.507462859153748 0.483229130506516 0.435901045799255 0.407304257154465 0.396281152963638 0.397067993879318 0.391957938671112 0.370844602584839 0.357580184936523 0.317455530166626 0.296155989170074 0.314016819000244 0.335000842809677 0.356092870235443 0.386404097080231 0.402445644140244 0.412854015827179 0.422476947307587 -3.4e+38 -3.4e+38 -3.4e+38 -3.4e+38 -3.4e+38 -3.4e+38 -3.4e+38 -3.4e+38 -3.4e+38 -3.4e+38 -3.4e+38 -3.4e+38
0.302133619785309 0.305784672498703 0.30000051856041 0.32633638381958 0.344745486974716 0.379447758197784 0.428573280572891 0.448777467012405 0.438031077384949 0.413994759321213 0.414854675531387 0.437791615724564 0.442652344703674 0.438064754009247 0.451465666294098 0.474837869405746 0.447365194559097 0.409014314413071 0.401950508356094 0.3982834815979 0.395133167505264 0.373276442289352 0.343385845422745 0.321985006332397 0.30069899559021 0.304707407951355 0.342575490474701 0.378967344760895 0.394619643688202 0.407203108072281 0.410393536090851 0.41104844212532 -3.4e+38 -3.4e+38 -3.4e+38 -3.4e+38 -3.4e+38 -3.4e+38 -3.4e+38 -3.4e+38 -3.4e+38 -3.4e+38 -3.4e+38 -3.4e+38 -3.4e+38
0.311579704284668 0.289484292268753 0.281315624713898 0.310051560401917 0.327182620763779 0.357014447450638 0.394879311323166 0.421393722295761 0.429823875427246 0.430814921855927 0.416526407003403 0.414962947368622 0.422566652297974 0.425379365682602 0.432812571525574 0.450120389461517 0.457302123308182 0.443984091281891 0.418075203895569 0.391371220350266 0.367227435112 0.343283981084824 0.317351311445236 0.308899641036987 0.307528764009476 0.321455210447311 0.361900895833969 0.390432000160217 0.403639316558838 0.41169273853302 0.406766921281815 -3.4e+38 -3.4e+38 -3.4e+38 -3.4e+38 -3.4e+38 -3.4e+38 -3.4e+38 -3.4e+38 -3.4e+38 -3.4e+38 -3.4e+38 -3.4e+38 -3.4e+38 -3.4e+38
0.275289982557297 0.281537592411041 0.293981999158859 0.321606427431107 0.337005436420441 0.344789385795593 0.363423258066177 0.400751441717148 0.430877864360809 0.454927414655685 0.447409093379974 0.433585286140442 0.438846290111542 0.444448977708817 0.452096790075302 0.476968437433243 0.495745420455933 0.471588551998138 0.436105281114578 0.387049645185471 0.340796053409576 0.319410353899002 0.28934109210968 0.294472515583038 0.317362785339355 0.340663284063339 0.36921751499176 0.383173167705536 0.38677254319191 0.395156145095825 -3.4e+38 -3.4e+38 -3.4e+38 -3.4e+38 -3.4e+38 -3.4e+38 -3.4e+38 -3.4e+38 -3.4e+38 -3.4e+38 -3.4e+38 -3.4e+38 -3.4e+38 -3.4e+38 -3.4e+38
0.252189129590988 0.293643981218338 0.295951992273331 0.307866007089615 0.327495455741882 0.33543798327446 0.357138246297836 0.389096558094025 0.434868603944778 0.463605791330338 0.457294315099716 0.436847627162933 0.432618141174316 0.443769037723541 0.463925004005432 0.485257834196091 0.497875154018402 0.472063452005386 0.431393802165985 0.383581668138504 0.346949309110641 0.314888656139374 0.288034677505493 0.308050721883774 0.331761747598648 0.356372952461243 0.384454548358917 0.396254569292068 0.388601511716843 -3.4e+38 -3.4e+38 -3.4e+38 -3.4e+38 -3.4e+38 -3.4e+38 -3.4e+38 -3.4e+38 -3.4e+38 -3.4e+38 -3.4e+38 -3.4e+38 -3.4e+38 -3.4e+38 -3.4e+38 -3.4e+38
0.268334060907364 0.319030791521072 0.315647333860397 0.312978774309158 0.324229419231415 0.352669388055801 0.37158790230751 0.38164284825325 0.404028564691544 0.419396668672562 0.409101754426956 0.389919459819794 0.384106934070587 0.408600598573685 0.441789895296097 0.445821166038513 0.469558775424957 0.462795048952103 0.40960755944252 0.352342247962952 0.32577857375145 0.327578246593475 0.329679846763611 0.332575976848602 0.33944445848465 0.367277771234512 0.400554835796356 0.407388061285019 -3.4e+38 -3.4e+38 -3.4e+38 -3.4e+38 -3.4e+38 -3.4e+38 -3.4e+38 -3.4e+38 -3.4e+38 -3.4e+38 -3.4e+38 -3.4e+38 -3.4e+38 -3.4e+38 -3.4e+38 -3.4e+38 -3.4e+38
0.287244290113449 0.318367749452591 0.324935764074326 0.324607491493225 0.33962082862854 0.37662735581398 0.39131435751915 0.375221878290176 0.359138548374176 0.356472432613373 0.359617471694946 0.355179965496063 0.35651096701622 0.36443293094635 0.382606148719788 0.398901075124741 0.443309336900711 0.459813237190247 0.400344610214233 0.33271250128746 0.323353558778763 0.35515296459198 0.377352982759476 0.365993112325668 0.361655235290527 0.392955482006073 -3.4e+38 -3.4e+38 -3.4e+38 -3.4e+38 -3.4e+38 -3.4e+38 -3.4e+38 -3.4e+38 -3.4e+38 -3.4e+38 -3.4e+38 -3.4e+38 -3.4e+38 -3.4e+38 -3.4e+38 -3.4e+38 -3.4e+38 -3.4e+38 -3.4e+38
0.297196179628372 0.307430356740952 0.326698988676071 0.341021984815598 0.361259013414383 0.399280697107315 0.415710955858231 0.391994059085846 0.365434527397156 0.340654045343399 0.312765389680862 0.306124031543732 0.320550352334976 0.335672348737717 0.3537657558918 0.369627952575684 0.385961920022964 0.393356829881668 0.368122309446335 0.347144156694412 0.361679434776306 0.386668503284454 0.411539942026138 0.402943700551987 0.392392992973328 -3.4e+38 -3.4e+38 -3.4e+38 -3.4e+38 -3.4e+38 -3.4e+38 -3.4e+38 -3.4e+38 -3.4e+38 -3.4e+38 -3.4e+38 -3.4e+38 -3.4e+38 -3.4e+38 -3.4e+38 -3.4e+38 -3.4e+38 -3.4e+38 -3.4e+38 -3.4e+38
0.313042253255844 0.321081280708313 0.345971822738647 0.371266394853592 0.385856121778488 0.406414061784744 0.422641664743423 0.421356856822968 0.396646559238434 0.364447176456451 0.330133080482483 0.318409413099289 0.331580698490143 0.350654870271683 0.365547806024551 0.36517134308815 0.35798978805542 0.364045232534409 0.37620821595192 0.382796823978424 0.386709809303284 0.399826765060425 0.41800057888031 -3.4e+38 -3.4e+38 -3.4e+38 -3.4e+38 -3.4e+38 -3.4e+38 -3.4e+38 -3.4e+38 -3.4e+38 -3.4e+38 -3.4e+38 -3.4e+38 -3.4e+38 -3.4e+38 -3.4e+38 -3.4e+38 -3.4e+38 -3.4e+38 -3.4e+38 -3.4e+38 -3.4e+38 -3.4e+38
0.342426985502243 0.353730857372284 0.371397197246552 0.380363881587982 0.383681088685989 0.392464369535446 0.404521614313126 0.428063869476318 0.425755709409714 0.403070747852325 0.384061217308044 0.363938629627228 0.360425561666489 0.367510229349136 0.378316521644592 0.38031217455864 0.385271787643433 0.404431492090225 0.419037848711014 0.416353613138199 0.395406484603882 -3.4e+38 -3.4e+38 -3.4e+38 -3.4e+38 -3.4e+38 -3.4e+38 -3.4e+38 -3.4e+38 -3.4e+38 -3.4e+38 -3.4e+38 -3.4e+38 -3.4e+38 -3.4e+38 -3.4e+38 -3.4e+38 -3.4e+38 -3.4e+38 -3.4e+38 -3.4e+38 -3.4e+38 -3.4e+38 -3.4e+38 -3.4e+38
0.362666815519333 0.366953760385513 0.36676549911499 0.369651198387146 0.370130568742752 0.377717286348343 0.380362719297409 0.421884059906006 0.445016235113144 0.434342831373215 0.412968665361404 0.391477167606354 0.386023372411728 0.396255612373352 0.409732222557068 0.417167603969574 0.424881130456924 0.435119360685349 -3.4e+38 -3.4e+38 -3.4e+38 -3.4e+38 -3.4e+38 -3.4e+38 -3.4e+38 -3.4e+38 -3.4e+38 -3.4e+38 -3.4e+38 -3.4e+38 -3.4e+38 -3.4e+38 -3.4e+38 -3.4e+38 -3.4e+38 -3.4e+38 -3.4e+38 -3.4e+38 -3.4e+38 -3.4e+38 -3.4e+38 -3.4e+38 -3.4e+38 -3.4e+38 -3.4e+38
0.358531206846237 0.357535988092422 0.368921846151352 0.398067265748978 0.383207648992538 0.378893673419952 0.391900897026062 0.41959086060524 0.441563218832016 0.441942870616913 0.421567440032959 0.410448491573334 0.408903896808624 0.420538991689682 0.432087242603302 -3.4e+38 -3.4e+38 -3.4e+38 -3.4e+38 -3.4e+38 -3.4e+38 -3.4e+38 -3.4e+38 -3.4e+38 -3.4e+38 -3.4e+38 -3.4e+38 -3.4e+38 -3.4e+38 -3.4e+38 -3.4e+38 -3.4e+38 -3.4e+38 -3.4e+38 -3.4e+38 -3.4e+38 -3.4e+38 -3.4e+38 -3.4e+38 -3.4e+38 -3.4e+38 -3.4e+38 -3.4e+38 -3.4e+38 -3.4e+38
0.368284434080124 0.374442607164383 0.404011964797974 0.429981350898743 0.396049976348877 0.402809083461761 0.422609031200409 0.42515555024147 0.4389788210392 0.459239929914474 0.439988166093826 0.415071725845337 -3.4e+38 -3.4e+38 -3.4e+38 -3.4e+38 -3.4e+38 -3.4e+38 -3.4e+38 -3.4e+38 -3.4e+38 -3.4e+38 -3.4e+38 -3.4e+38 -3.4e+38 -3.4e+38 -3.4e+38 -3.4e+38 -3.4e+38 -3.4e+38 -3.4e+38 -3.4e+38 -3.4e+38 -3.4e+38 -3.4e+38 -3.4e+38 -3.4e+38 -3.4e+38 -3.4e+38 -3.4e+38 -3.4e+38 -3.4e+38 -3.4e+38 -3.4e+38 -3.4e+38
0.396098107099533 0.39136153459549 0.422100216150284 0.435540318489075 0.417847782373428 0.440422087907791 0.445921033620834 0.437100768089294 0.43249499797821 0.441067606210709 -3.4e+38 -3.4e+38 -3.4e+38 -3.4e+38 -3.4e+38 -3.4e+38 -3.4e+38 -3.4e+38 -3.4e+38 -3.4e+38 -3.4e+38 -3.4e+38 -3.4e+38 -3.4e+38 -3.4e+38 -3.4e+38 -3.4e+38 -3.4e+38 -3.4e+38 -3.4e+38 -3.4e+38 -3.4e+38 -3.4e+38 -3.4e+38 -3.4e+38 -3.4e+38 -3.4e+38 -3.4e+38 -3.4e+38 -3.4e+38 -3.4e+38 -3.4e+38 -3.4e+38 -3.4e+38 -3.4e+38
0.416748374700546 0.410325676202774 0.423451393842697 0.431259393692017 0.44035878777504 0.461792171001434 0.452589452266693 0.433910489082336 -3.4e+38 -3.4e+38 -3.4e+38 -3.4e+38 -3.4e+38 -3.4e+38 -3.4e+38 -3.4e+38 -3.4e+38 -3.4e+38 -3.4e+38 -3.4e+38 -3.4e+38 -3.4e+38 -3.4e+38 -3.4e+38 -3.4e+38 -3.4e+38 -3.4e+38 -3.4e+38 -3.4e+38 -3.4e+38 -3.4e+38 -3.4e+38 -3.4e+38 -3.4e+38 -3.4e+38 -3.4e+38 -3.4e+38 -3.4e+38 -3.4e+38 -3.4e+38 -3.4e+38 -3.4e+38 -3.4e+38 -3.4e+38 -3.4e+38
