data/trimmed_ndre/Aes_ndre.69.2009_no_clouds.asc
NCOLS 109 
NROWS 101 
XLLCORNER 466110 
YLLCORNER 5182005 
CELLSIZE 5 
NODATA_value -3.4e+38 
[rows 60 to 79 of 101, columns 0 to 44 of 109]
-3.4e+38 -3.4e+38 -3.4e+38 -3.4e+38 -3.4e+38 -3.4e+38 0.251131981611252 0.323474317789078 0.357395231723785 0.307894855737686 0.280961811542511 0.292420238256454 0.29163733124733 0.244120076298714 0.187285616993904 0.16163595020771 0.15806870162487 0.160047546029091 0.148474007844925 0.142357736825943 0.156962424516678 0.160172984004021 0.17804791033268 0.168890833854675 0.143435046076775 0.14765590429306 0.158304184675217 0.165325343608856 0.174155339598656 0.179321393370628 0.19077356159687 0.225335612893105 0.279417216777802 0.295601844787598 0.320397228002548 0.373055577278137 0.400239855051041 0.39455446600914 0.395218759775162 0.383524775505066 0.359357208013535 0.337737858295441 0.324366986751556 0.334127485752106 0.347916603088379
-3.4e+38 -3.4e+38 -3.4e+38 -3.4e+38 -3.4e+38 0.221057265996933 0.271910130977631 0.335674256086349 0.337866276502609 0.291583627462387 0.281400084495544 0.285801321268082 0.263715147972107 0.209383398294449 0.176133394241333 0.152642294764519 0.153041690587997 0.160449683666229 0.160629406571388 0.163853004574776 0.157915264368057 0.146484881639481 0.157605767250061 0.170989766716957 0.152852401137352 0.151131257414818 0.168751254677773 0.174751147627831 0.192019984126091 0.223312109708786 0.231053084135056 0.246791943907738 0.280286848545074 0.317656725645065 0.342867761850357 0.385563313961029 0.409037262201309 0.39617058634758 0.382920324802399 0.368573427200317 0.351278364658356 0.3380047082901 0.343527287244797 0.357196033000946 0.354317665100098
-3.4e+38 -3.4e+38 -3.4e+38 -3.4e+38 -3.4e+38 0.224280029535294 0.284957706928253 0.311083763837814 0.298867225646973 0.274075150489807 0.271136522293091 0.27042481303215 0.235379055142403 0.185916125774384 0.168979942798615 0.15236921608448 0.155893266201019 0.165411978960037 0.154621973633766 0.15878900885582 0.158182203769684 0.154573008418083 0.150157377123833 0.168315812945366 0.169305071234703 0.170618787407875 0.182778030633926 0.200907796621323 0.238047927618027 0.257973402738571 0.25708019733429 0.278687685728073 0.294351100921631 0.332677781581879 0.373424649238586 0.397069483995438 0.402558296918869 0.384889602661133 0.35888335108757 0.341004580259323 0.335284382104874 0.343388110399246 0.357532531023026 0.363848716020584 0.356682658195496
-3.4e+38 -3.4e+38 -3.4e+38 -3.4e+38 -3.4e+38 0.238074153661728 0.301364749670029 0.295057058334351 0.281482607126236 0.276193886995316 0.265220671892166 0.267613351345062 0.234480798244476 0.187451839447021 0.16863152384758 0.150726497173309 0.158867910504341 0.155962616205215 0.139320462942123 0.166963666677475 0.154228374361992 0.147520557045937 0.151115015149117 0.163120359182358 0.171138733625412 0.202671512961388 0.231515884399414 0.240936130285263 0.267268806695938 0.270722806453705 0.27453139424324 0.315165221691132 0.337134718894958 0.365382730960846 0.391013652086258 0.38992765545845 0.391470730304718 0.370197147130966 0.338900715112686 0.314001739025116 0.317807257175446 0.337584853172302 0.35207262635231 0.358610183000565 0.366866141557693
-3.4e+38 -3.4e+38 -3.4e+38 -3.4e+38 0.240656957030296 0.262901693582535 0.308122366666794 0.299149006605148 0.283544331789017 0.288968116044998 0.280677020549774 0.251510262489319 0.219222173094749 0.178735479712486 0.155384600162506 0.147794470191002 0.152789935469627 0.166002616286278 0.155148789286613 0.15796971321106 0.142433986067772 0.149921491742134 0.158957734704018 0.175174415111542 0.188664227724075 0.248735427856445 0.27897122502327 0.264729112386703 0.280003666877747 0.293521583080292 0.295427083969116 0.325375229120255 0.35836061835289 0.377864569425583 0.39845198392868 0.397901237010956 0.394550621509552 0.369961827993393 0.330174267292023 0.31206813454628 0.315488338470459 0.32789409160614 0.342788517475128 0.354855597019196 0.371519267559052
-3.4e+38 -3.4e+38 -3.4e+38 -3.4e+38 0.257491707801819 0.289069652557373 0.31402251124382 0.299386471509933 0.279003143310547 0.275273263454437 0.270342856645584 0.234367489814758 0.197825059294701 0.160529807209969 0.147732526063919 0.151861593127251 0.157880038022995 0.162191450595856 0.15630416572094 0.150587543845177 0.15004388988018 0.163959965109825 0.154767408967018 0.193020075559616 0.255593329668045 0.287864953279495 0.291284888982773 0.280676603317261 0.299961149692535 0.322211861610413 0.309258311986923 0.333551079034805 0.380892276763916 0.389371335506439 0.425304025411606 0.42007315158844 0.374364644289017 0.362847298383713 0.344954878091812 0.331831306219101 0.32994133234024 0.332361698150635 0.34261879324913 0.352393984794617 0.366562277078629
-3.4e+38 -3.4e+38 -3.4e+38 0.277877002954483 0.260709315538406 0.310499370098114 0.30937334895134 0.286911576986313 0.268618255853653 0.262139588594437 0.271040797233582 0.226916372776031 0.171155214309692 0.156859204173088 0.157160952687263 0.15629468858242 0.154483795166016 0.152505367994308 0.158211007714272 0.160915702581406 0.155283704400063 0.161969184875488 0.16271810233593 0.247788861393929 0.319622218608856 0.303030967712402 0.294105112552643 0.296895563602448 0.319411903619766 0.332845598459244 0.329910725355148 0.365619152784348 0.405451416969299 0.40381383895874 0.40882796049118 0.403402745723724 0.377282232046127 0.366758525371552 0.358281373977661 0.345842003822327 0.35221853852272 0.356616258621216 0.369555592536926 0.368625581264496 0.368731111288071
-3.4e+38 -3.4e+38 -3.4e+38 0.270191311836243 0.269647359848022 0.319663345813751 0.289519608020782 0.268506795167923 0.269461929798126 0.27282127737999 0.27493017911911 0.212013423442841 0.15547588467598 0.155926525592804 0.15922549366951 0.15046301484108 0.155752509832382 0.159001693129539 0.158847734332085 0.158195868134499 0.156884208321571 0.167459845542908 0.194689184427261 0.283847749233246 0.330085337162018 0.325597524642944 0.341391026973724 0.357846587896347 0.350964367389679 0.348436713218689 0.371047079563141 0.387126505374908 0.406202733516693 0.399669259786606 0.392092853784561 0.400023341178894 0.394135475158691 0.367946296930313 0.365153819322586 0.354400843381882 0.363634377717972 0.383691281080246 0.391167014837265 0.377909332513809 0.383473575115204
-3.4e+38 -3.4e+38 -3.4e+38 0.27424693107605 0.287081032991409 0.304033160209656 0.278915524482727 0.273611783981323 0.282216429710388 0.286889642477036 0.258057594299316 0.187418267130852 0.153811767697334 0.159416496753693 0.153751403093338 0.151036366820335 0.166803494095802 0.164262071251869 0.160566821694374 0.164242282509804 0.17394183576107 0.180373355746269 0.217929735779762 0.28349781036377 0.294749885797501 0.325686305761337 0.377710461616516 0.381237238645554 0.359587788581848 0.365410953760147 0.392393499612808 0.383003413677216 0.397541701793671 0.40348756313324 0.395898759365082 0.390287160873413 0.390123128890991 0.366890400648117 0.344824522733688 0.341679781675339 0.358570337295532 0.381845533847809 0.372855931520462 0.357877850532532 0.408334136009216
-3.4e+38 -3.4e+38 -3.4e+38 0.258432149887085 0.270667046308517 0.289752334356308 0.297146320343018 0.297225028276443 0.281065195798874 0.286146312952042 0.254434645175934 0.177545785903931 0.172521397471428 0.164587453007698 0.155720859766006 0.165155529975891 0.168440237641335 0.149935737252235 0.156493186950684 0.176159858703613 0.181425407528877 0.180515214800835 0.249965578317642 0.318816661834717 0.300244569778442 0.331953555345535 0.368685632944107 0.354609549045563 0.345177501440048 0.343464106321335 0.37476921081543 0.386436343193054 0.391290664672852 0.400090992450714 0.385561555624008 0.359768152236938 0.361847877502441 0.343657195568085 0.32915198802948 0.338967084884644 0.354438692331314 0.364470690488815 0.347143083810806 0.32935231924057 0.383505314588547
-3.4e+38 -3.4e+38 0.297978073358536 0.260978430509567 0.276296824216843 0.290903449058533 0.312978863716125 0.309828102588654 0.274849116802216 0.268188178539276 0.250847220420837 0.198420271277428 0.186512261629105 0.171753868460655 0.158032611012459 0.160252094268799 0.159289479255676 0.146546095609665 0.160843268036842 0.174279734492302 0.171386152505875 0.167640224099159 0.28227311372757 0.358803629875183 0.325187534093857 0.339424222707748 0.357902050018311 0.351409494876862 0.355440527200699 0.357507109642029 0.376799821853638 0.388918489217758 0.374914258718491 0.373541712760925 0.376361280679703 0.358772754669189 0.338379681110382 0.340235888957977 0.339701771736145 0.352956414222717 0.369432866573334 0.357147246599197 0.328915148973465 0.317408442497253 0.339900553226471
-3.4e+38 -3.4e+38 0.272040754556656 0.255735725164413 0.283666670322418 0.286193042993546 0.298360973596573 0.298557013273239 0.275996744632721 0.265812397003174 0.258296221494675 0.214823335409164 0.17319792509079 0.163439482450485 0.153483182191849 0.158255875110626 0.169718652963638 0.168743193149567 0.163365960121155 0.16897976398468 0.170511484146118 0.184969678521156 0.284921169281006 0.355226993560791 0.339341342449188 0.354073703289032 0.396061062812805 0.395789593458176 0.379905581474304 0.380823373794556 0.374844491481781 0.374106347560883 0.369924187660217 0.37408384680748 0.360831737518311 0.362021416425705 0.352536171674728 0.356246948242188 0.342006325721741 0.340416133403778 0.358727842569351 0.354615122079849 0.336686611175537 0.318304300308228 0.322317719459534
-3.4e+38 -3.4e+38 0.249605417251587 0.241807267069817 0.272318452596664 0.281002521514893 0.29608353972435 0.295646458864212 0.286016762256622 0.275595456361771 0.259520053863525 0.189511209726334 0.159084543585777 0.179502859711647 0.168227910995483 0.16702564060688 0.182736396789551 0.17923167347908 0.153576657176018 0.16013890504837 0.168891414999962 0.187891274690628 0.246479719877243 0.326254665851593 0.353550314903259 0.365455001592636 0.39626607298851 0.414307683706284 0.393254071474075 0.372171014547348 0.364094585180283 0.373213559389114 0.386216074228287 0.383778840303421 0.350786089897156 0.363390356302261 0.365138709545135 0.338181465864182 0.326251834630966 0.326543003320694 0.337737947702408 0.341209381818771 0.33228862285614 0.311202764511108 0.316519349813461
-3.4e+38 0.300566554069519 0.264291614294052 0.256500154733658 0.266122549772263 0.287307560443878 0.311373174190521 0.307467937469482 0.286583840847015 0.277614176273346 0.270055890083313 0.203299403190613 0.162583187222481 0.181138172745705 0.175769552588463 0.163107112050056 0.155912950634956 0.165657237172127 0.164219945669174 0.165938973426819 0.168381825089455 0.17229850590229 0.224446430802345 0.302111625671387 0.335987091064453 0.345055848360062 0.3620565533638 0.402022898197174 0.391935229301453 0.347722500562668 0.350691348314285 0.37489327788353 0.401706904172897 0.392406851053238 0.351842045783997 0.328268885612488 0.334605664014816 0.328714817762375 0.315371215343475 0.32649964094162 0.318448066711426 0.312045395374298 0.320125579833984 0.32234588265419 0.330647647380829
-3.4e+38 0.29909735918045 0.271293580532074 0.274726569652557 0.255065053701401 0.277844160795212 0.321841150522232 0.32812711596489 0.311643362045288 0.299153387546539 0.283655196428299 0.228573426604271 0.166058957576752 0.158414989709854 0.168283596634865 0.158201903104782 0.159685507416725 0.180295526981354 0.179994568228722 0.166403338313103 0.179508343338966 0.176921263337135 0.214448034763336 0.285029709339142 0.309028297662735 0.320523232221603 0.340878844261169 0.382603973150253 0.403456389904022 0.367234736680984 0.358191609382629 0.382999151945114 0.403156757354736 0.38751208782196 0.34214723110199 0.31829246878624 0.318662464618683 0.316206216812134 0.309460341930389 0.328274339437485 0.32560008764267 0.322523921728134 0.325404644012451 0.320943772792816 0.315232843160629
-3.4e+38 0.297604441642761 0.265479862689972 0.273223072290421 0.244818195700645 0.257250845432281 0.305775165557861 0.333203256130219 0.338234305381775 0.315719485282898 0.287179201841354 0.24085621535778 0.178332552313805 0.167467817664146 0.172795057296753 0.167395979166031 0.177363723516464 0.188189566135406 0.169826462864876 0.156274244189262 0.174949988722801 0.164909079670906 0.199195086956024 0.269844174385071 0.301199793815613 0.310367524623871 0.319730997085571 0.359836935997009 0.408707976341248 0.39185243844986 0.385035872459412 0.396884679794312 0.394528537988663 0.379594296216965 0.34184604883194 0.314821034669876 0.309863656759262 0.298916906118393 0.301695495843887 0.310887366533279 0.299321711063385 0.301054388284683 0.303552240133286 0.29494446516037 0.282720267772675
-3.4e+38 0.268922656774521 0.253417462110519 0.266511976718903 0.258024871349335 0.269500762224197 0.295526921749115 0.324640780687332 0.337155699729919 0.310137331485748 0.291654288768768 0.251736879348755 0.195254236459732 0.190365687012672 0.173999086022377 0.162005633115768 0.171607747673988 0.17678439617157 0.173777207732201 0.174540624022484 0.176347464323044 0.163868471980095 0.187939643859863 0.259000837802887 0.298129320144653 0.301169663667679 0.304038435220718 0.345092713832855 0.399083614349365 0.39867427945137 0.411948651075363 0.406566977500916 0.37249094247818 0.347832500934601 0.322564214468002 0.303668975830078 0.302622050046921 0.289322972297668 0.289501577615738 0.29876372218132 0.291408151388168 0.276900231838226 0.282075643539429 0.297289222478867 0.291002184152603
0.286614775657654 0.253123015165329 0.259818196296692 0.26537498831749 0.262990891933441 0.27683687210083 0.307569295167923 0.325612604618073 0.324127018451691 0.30705338716507 0.308331698179245 0.263475745916367 0.195867374539375 0.171857163310051 0.161912098526955 0.146450623869896 0.163991689682007 0.189378544688225 0.201290771365166 0.195048078894615 0.174597427248955 0.168311819434166 0.185653194785118 0.239197105169296 0.269350439310074 0.279288858175278 0.301673144102097 0.340309113264084 0.385641634464264 0.396059393882751 0.408849000930786 0.398513615131378 0.35946923494339 0.328634291887283 0.307114034891129 0.294489353895187 0.292467176914215 0.284035235643387 0.298899173736572 0.302506029605865 0.298311948776245 0.284375697374344 0.280205130577087 0.280224621295929 0.270880877971649
0.270989328622818 0.262357711791992 0.276495575904846 0.267137408256531 0.268789798021317 0.297886461019516 0.335035443305969 0.348545849323273 0.330745607614517 0.311943650245667 0.312599450349808 0.281183391809464 0.193539008498192 0.143998757004738 0.157895237207413 0.158717766404152 0.165653318166733 0.18194080889225 0.195054844021797 0.181200042366982 0.166404560208321 0.171260446310043 0.197529762983322 0.244391873478889 0.247444733977318 0.264140397310257 0.309362530708313 0.339846402406693 0.38411483168602 0.403904736042023 0.40126097202301 0.397540837526321 0.374415427446365 0.344450056552887 0.322956502437592 0.317114979028702 0.296614676713943 0.287124812602997 0.301255255937576 0.282636374235153 0.265035808086395 0.270035117864609 0.279521048069 0.287341296672821 0.270021319389343
0.2569659948349 0.263251930475235 0.28533411026001 0.27172577381134 0.285223662853241 0.314210951328278 0.334232091903687 0.34149044752121 0.335549503564835 0.320387899875641 0.308464467525482 0.297777891159058 0.213645532727242 0.152418330311775 0.167293414473534 0.177763104438782 0.16159625351429 0.159849166870117 0.170785054564476 0.161202132701874 0.160700857639313 0.17524254322052 0.219135597348213 0.269400119781494 0.244835987687111 0.265648424625397 0.318617939949036 0.350279182195663 0.386609256267548 0.394396364688873 0.395916551351547 0.404338210821152 0.378477275371552 0.340931445360184 0.317711442708969 0.313922464847565 0.302722305059433 0.280052751302719 0.277269721031189 0.271169245243073 0.271103143692017 0.289696574211121 0.300542265176773 0.304251939058304 0.294965773820877
