data/trimmed_ndre/Aes_ndre.628.2015_no_clouds.asc
NCOLS 109 
NROWS 101 
XLLCORNER 466110 
YLLCORNER 5182005 
CELLSIZE 5 
NODATA_value -3.4e+38 
[rows 80 to 99 of 101, columns 0 to 44 of 109]
-3.4e+38 -3.4e+38 -3.4e+38 -3.4e+38 0.443070292472839 0.457204252481461 0.4690001308918 0.467403531074524 0.456735759973526 0.441560745239258 0.419543892145157 0.392241925001144 0.374037086963654 0.357727110385895 0.339154064655304 0.3191077709198 0.304866760969162 0.291700214147568 0.272965610027313 0.253468215465546 0.241766139864922 0.227563574910164 0.216979593038559 0.211743712425232 0.213303878903389 0.221043556928635 0.235180333256721 0.247257813811302 0.281584888696671 0.323591023683548 0.331476330757141 0.325174391269684 0.31689390540123 0.308609753847122 0.265513390302658 0.239394173026085 0.220202565193176 0.20317554473877 0.209574744105339 0.223844915628433 0.218638807535172 0.220808506011963 0.232175841927528 0.203628435730934 0.200940266251564
-3.4e+38 -3.4e+38 -3.4e+38 -3.4e+38 -3.4e+38 -3.4e+38 -3.4e+38 0.458755135536194 0.438042044639587 0.421442896127701 0.404064416885376 0.394028186798096 0.381913781166077 0.35372918844223 0.316874176263809 0.296266824007034 0.299107044935226 0.299199342727661 0.280691623687744 0.260230928659439 0.255771040916443 0.234281286597252 0.215566202998161 0.211995303630829 0.224936321377754 0.237458378076553 0.239494696259499 0.248941481113434 0.29323798418045 0.333127021789551 0.335599601268768 0.330573707818985 0.328426659107208 0.302692532539368 0.256062060594559 0.232249870896339 0.222221329808235 0.208162844181061 0.203839316964149 0.208518475294113 0.199488505721092 0.219458997249603 0.23178319633007 0.211260914802551 0.197538375854492
-3.4e+38 -3.4e+38 -3.4e+38 -3.4e+38 -3.4e+38 -3.4e+38 -3.4e+38 -3.4e+38 -3.4e+38 -3.4e+38 0.395221024751663 0.392731100320816 0.383050680160522 0.349611192941666 0.302302002906799 0.269701361656189 0.26778519153595 0.272629916667938 0.256841689348221 0.24281907081604 0.248015627264977 0.234143972396851 0.228660374879837 0.238001376390457 0.24794827401638 0.243052959442139 0.241023808717728 0.261739760637283 0.300418972969055 0.330372661352158 0.334417998790741 0.330883800983429 0.32300591468811 0.287083774805069 0.241666287183762 0.223502308130264 0.227850168943405 0.222690373659134 0.212624505162239 0.208398327231407 0.203034967184067 0.219593420624733 0.221631616353989 0.207742303609848 0.202318504452705
-3.4e+38 -3.4e+38 -3.4e+38 -3.4e+38 -3.4e+38 -3.4e+38 -3.4e+38 -3.4e+38 -3.4e+38 -3.4e+38 -3.4e+38 -3.4e+38 0.380847632884979 0.343676745891571 0.302274107933044 0.262870699167252 0.247903391718864 0.247579723596573 0.23021200299263 0.213976934552193 0.22044238448143 0.225302070379257 0.236956417560577 0.242129072546959 0.239317625761032 0.230627745389938 0.236801251769066 0.271352082490921 0.297002524137497 0.314665406942368 0.328466892242432 0.322859346866608 0.30318757891655 0.267026096582413 0.243495211005211 0.231015995144844 0.221264854073524 0.225433439016342 0.224211499094963 0.217095583677292 0.214149370789528 0.224979355931282 0.209732204675674 0.207847267389297 0.21159665286541
-3.4e+38 -3.4e+38 -3.4e+38 -3.4e+38 -3.4e+38 -3.4e+38 -3.4e+38 -3.4e+38 -3.4e+38 -3.4e+38 -3.4e+38 -3.4e+38 -3.4e+38 -3.4e+38 0.293270200490952 0.27353510260582 0.255453735589981 0.240443781018257 0.226089209318161 0.199089676141739 0.198157146573067 0.21760518848896 0.226270914077759 0.21426722407341 0.20530292391777 0.221986055374146 0.234742969274521 0.272578120231628 0.30543327331543 0.314967185258865 0.330020070075989 0.318489223718643 0.286173164844513 0.263654738664627 0.262640535831451 0.239775955677032 0.214256092905998 0.228657215833664 0.23550783097744 0.226581856608391 0.227108657360077 0.231746673583984 0.2138811647892 0.216164410114288 0.213584408164024
-3.4e+38 -3.4e+38 -3.4e+38 -3.4e+38 -3.4e+38 -3.4e+38 -3.4e+38 -3.4e+38 -3.4e+38 -3.4e+38 -3.4e+38 -3.4e+38 -3.4e+38 -3.4e+38 -3.4e+38 0.277534306049347 0.253484278917313 0.228069365024567 0.211093604564667 0.199749365448952 0.207575306296349 0.220121279358864 0.215417519211769 0.215112447738647 0.216407954692841 0.231325194239616 0.232180193066597 0.268802762031555 0.317260652780533 0.32995593547821 0.33649805188179 0.318999230861664 0.286794036626816 0.271671146154404 0.270154684782028 0.244825556874275 0.23243111371994 0.245896279811859 0.248330354690552 0.232235640287399 0.23161269724369 0.236518561840057 0.225170135498047 0.215406864881516 0.217575564980507
-3.4e+38 -3.4e+38 -3.4e+38 -3.4e+38 -3.4e+38 -3.4e+38 -3.4e+38 -3.4e+38 -3.4e+38 -3.4e+38 -3.4e+38 -3.4e+38 -3.4e+38 -3.4e+38 -3.4e+38 -3.4e+38 -3.4e+38 0.236532226204872 0.228644177317619 0.223983272910118 0.22637178003788 0.224332600831985 0.217523351311684 0.23073947429657 0.243973731994629 0.244446069002151 0.246174603700638 0.275047689676285 0.315036535263062 0.336917817592621 0.339129149913788 0.32438999414444 0.3009073138237 0.282691717147827 0.269749015569687 0.249022006988525 0.241956472396851 0.249238923192024 0.24771523475647 0.229038625955582 0.226435095071793 0.231476664543152 0.225468769669533 0.217844069004059 0.227038010954857
-3.4e+38 -3.4e+38 -3.4e+38 -3.4e+38 -3.4e+38 -3.4e+38 -3.4e+38 -3.4e+38 -3.4e+38 -3.4e+38 -3.4e+38 -3.4e+38 -3.4e+38 -3.4e+38 -3.4e+38 -3.4e+38 -3.4e+38 -3.4e+38 -3.4e+38 0.234972283244133 0.229278713464737 0.229215785861015 0.224991485476494 0.228541165590286 0.244662031531334 0.243833914399147 0.254865348339081 0.291540294885635 0.312981754541397 0.333985954523087 0.342231571674347 0.332667231559753 0.314982771873474 0.298523485660553 0.272520065307617 0.244462043046951 0.242914766073227 0.248540475964546 0.247159644961357 0.238337621092796 0.231249108910561 0.225732296705246 0.230049386620522 0.229877918958664 0.223122105002403
-3.4e+38 -3.4e+38 -3.4e+38 -3.4e+38 -3.4e+38 -3.4e+38 -3.4e+38 -3.4e+38 -3.4e+38 -3.4e+38 -3.4e+38 -3.4e+38 -3.4e+38 -3.4e+38 -3.4e+38 -3.4e+38 -3.4e+38 -3.4e+38 -3.4e+38 -3.4e+38 -3.4e+38 0.215355008840561 0.217143014073372 0.223598539829254 0.235402300953865 0.232837155461311 0.252874732017517 0.288570523262024 0.300790935754776 0.31861287355423 0.337407380342484 0.334345132112503 0.318333595991135 0.29854553937912 0.269055187702179 0.245562225580215 0.250441491603851 0.260718643665314 0.254360020160675 0.24139866232872 0.234878480434418 0.231838196516037 0.226120576262474 0.23246955871582 0.229720383882523
-3.4e+38 -3.4e+38 -3.4e+38 -3.4e+38 -3.4e+38 -3.4e+38 -3.4e+38 -3.4e+38 -3.4e+38 -3.4e+38 -3.4e+38 -3.4e+38 -3.4e+38 -3.4e+38 -3.4e+38 -3.4e+38 -3.4e+38 -3.4e+38 -3.4e+38 -3.4e+38 -3.4e+38 -3.4e+38 0.222108617424965 0.242709085345268 0.24260875582695 0.237275838851929 0.24652698636055 0.269693076610565 0.289494335651398 0.303300470113754 0.324199378490448 0.326012283563614 0.306466996669769 0.284201771020889 0.265544593334198 0.250629514455795 0.251046180725098 0.262067645788193 0.256540507078171 0.241881176829338 0.242506384849548 0.239678889513016 0.212660655379295 0.225440919399261 0.232295215129852
-3.4e+38 -3.4e+38 -3.4e+38 -3.4e+38 -3.4e+38 -3.4e+38 -3.4e+38 -3.4e+38 -3.4e+38 -3.4e+38 -3.4e+38 -3.4e+38 -3.4e+38 -3.4e+38 -3.4e+38 -3.4e+38 -3.4e+38 -3.4e+38 -3.4e+38 -3.4e+38 -3.4e+38 -3.4e+38 -3.4e+38 -3.4e+38 0.241152882575989 0.232821077108383 0.232206583023071 0.250107228755951 0.274528473615646 0.292804479598999 0.316971808671951 0.323491215705872 0.300598472356796 0.273136973381042 0.258562654256821 0.248404920101166 0.249835610389709 0.258237689733505 0.258687347173691 0.246743813157082 0.245372086763382 0.246881306171417 0.232304453849792 0.230460792779922 0.225154861807823
-3.4e+38 -3.4e+38 -3.4e+38 -3.4e+38 -3.4e+38 -3.4e+38 -3.4e+38 -3.4e+38 -3.4e+38 -3.4e+38 -3.4e+38 -3.4e+38 -3.4e+38 -3.4e+38 -3.4e+38 -3.4e+38 -3.4e+38 -3.4e+38 -3.4e+38 -3.4e+38 -3.4e+38 -3.4e+38 -3.4e+38 -3.4e+38 -3.4e+38 0.218428924679756 0.218941226601601 0.236495986580849 0.253960371017456 0.283384472131729 0.314038574695587 0.321391642093658 0.302250862121582 0.277655899524689 0.266256004571915 0.253076076507568 0.24836254119873 0.25479519367218 0.259927153587341 0.259125679731369 0.25881364941597 0.261558949947357 0.245342597365379 0.220083251595497 0.217862606048584
-3.4e+38 -3.4e+38 -3.4e+38 -3.4e+38 -3.4e+38 -3.4e+38 -3.4e+38 -3.4e+38 -3.4e+38 -3.4e+38 -3.4e+38 -3.4e+38 -3.4e+38 -3.4e+38 -3.4e+38 -3.4e+38 -3.4e+38 -3.4e+38 -3.4e+38 -3.4e+38 -3.4e+38 -3.4e+38 -3.4e+38 -3.4e+38 -3.4e+38 0.213413789868355 0.216907441616058 0.239965066313744 0.251724451780319 0.282475650310516 0.307875603437424 0.306563466787338 0.294519573450089 0.281139492988586 0.269597411155701 0.256288021802902 0.256213217973709 0.261538088321686 0.270986139774323 0.272577881813049 0.268319755792618 0.266266226768494 0.247554793953896 0.226659193634987 0.227730825543404
-3.4e+38 -3.4e+38 -3.4e+38 -3.4e+38 -3.4e+38 -3.4e+38 -3.4e+38 -3.4e+38 -3.4e+38 -3.4e+38 -3.4e+38 -3.4e+38 -3.4e+38 -3.4e+38 -3.4e+38 -3.4e+38 -3.4e+38 -3.4e+38 -3.4e+38 -3.4e+38 -3.4e+38 -3.4e+38 -3.4e+38 -3.4e+38 -3.4e+38 0.214636147022247 0.229485139250755 0.262535691261292 0.271896779537201 0.292328178882599 0.296202063560486 0.280183613300323 0.271575540304184 0.268547058105469 0.258089274168015 0.254230499267578 0.264285922050476 0.273519277572632 0.283342897891998 0.280303537845612 0.271149694919586 0.266179442405701 0.259269863367081 0.252102732658386 0.244098722934723
-3.4e+38 -3.4e+38 -3.4e+38 -3.4e+38 -3.4e+38 -3.4e+38 -3.4e+38 -3.4e+38 -3.4e+38 -3.4e+38 -3.4e+38 -3.4e+38 -3.4e+38 -3.4e+38 -3.4e+38 -3.4e+38 -3.4e+38 -3.4e+38 -3.4e+38 -3.4e+38 -3.4e+38 -3.4e+38 -3.4e+38 -3.4e+38 -3.4e+38 -3.4e+38 0.245164588093758 0.281223088502884 0.28781670331955 0.297253489494324 0.280449062585831 0.260031849145889 0.254924178123474 0.255947649478912 0.244809314608574 0.252398550510406 0.266493171453476 0.274353265762329 0.283068835735321 0.277868658304214 0.272268712520599 0.26917764544487 0.26529335975647 0.259900391101837 0.241706475615501
-3.4e+38 -3.4e+38 -3.4e+38 -3.4e+38 -3.4e+38 -3.4e+38 -3.4e+38 -3.4e+38 -3.4e+38 -3.4e+38 -3.4e+38 -3.4e+38 -3.4e+38 -3.4e+38 -3.4e+38 -3.4e+38 -3.4e+38 -3.4e+38 -3.4e+38 -3.4e+38 -3.4e+38 -3.4e+38 -3.4e+38 -3.4e+38 -3.4e+38 -3.4e+38 0.252053737640381 0.289599061012268 0.303447544574738 0.295454353094101 0.275678396224976 0.261057794094086 0.257952213287354 0.255052447319031 0.243081197142601 0.252671778202057 0.258052617311478 0.263195365667343 0.273658931255341 0.2688028216362 0.275858283042908 0.274408042430878 0.258865177631378 0.251139461994171 0.234373494982719
-3.4e+38 -3.4e+38 -3.4e+38 -3.4e+38 -3.4e+38 -3.4e+38 -3.4e+38 -3.4e+38 -3.4e+38 -3.4e+38 -3.4e+38 -3.4e+38 -3.4e+38 -3.4e+38 -3.4e+38 -3.4e+38 -3.4e+38 -3.4e+38 -3.4e+38 -3.4e+38 -3.4e+38 -3.4e+38 -3.4e+38 -3.4e+38 -3.4e+38 -3.4e+38 -3.4e+38 -3.4e+38 -3.4e+38 0.292759925127029 0.282208323478699 0.25931304693222 0.246512323617935 0.237943157553673 0.234263688325882 0.248986437916756 0.246376290917397 0.253085821866989 0.257462620735168 0.256551742553711 0.275586485862732 0.269692063331604 0.260635882616043 0.256595104932785 0.245108336210251
-3.4e+38 -3.4e+38 -3.4e+38 -3.4e+38 -3.4e+38 -3.4e+38 -3.4e+38 -3.4e+38 -3.4e+38 -3.4e+38 -3.4e+38 -3.4e+38 -3.4e+38 -3.4e+38 -3.4e+38 -3.4e+38 -3.4e+38 -3.4e+38 -3.4e+38 -3.4e+38 -3.4e+38 -3.4e+38 -3.4e+38 -3.4e+38 -3.4e+38 -3.4e+38 -3.4e+38 -3.4e+38 -3.4e+38 -3.4e+38 -3.4e+38 -3.4e+38 -3.4e+38 -3.4e+38 -3.4e+38 0.244998902082443 0.24210761487484 0.251702308654785 0.248832136392593 0.249607294797897 0.263893127441406 0.251157820224762 0.246267810463905 0.244481280446053 0.242131918668747
-3.4e+38 -3.4e+38 -3.4e+38 -3.4e+38 -3.4e+38 -3.4e+38 -3.4e+38 -3.4e+38 -3.4e+38 -3.4e+38 -3.4e+38 -3.4e+38 -3.4e+38 -3.4e+38 -3.4e+38 -3.4e+38 -3.4e+38 -3.4e+38 -3.4e+38 -3.4e+38 -3.4e+38 -3.4e+38 -3.4e+38 -3.4e+38 -3.4e+38 -3.4e+38 -3.4e+38 -3.4e+38 -3.4e+38 -3.4e+38 -3.4e+38 -3.4e+38 -3.4e+38 -3.4e+38 -3.4e+38 -3.4e+38 -3.4e+38 -3.4e+38 0.238891035318375 0.234077677130699 0.240772321820259 0.241498619318008 0.241760313510895 0.234242543578148 0.233408555388451
-3.4e+38 -3.4e+38 -3.4e+38 -3.4e+38 -3.4e+38 -3.4e+38 -3.4e+38 -3.4e+38 -3.4e+38 -3.4e+38 -3.4e+38 -3.4e+38 -3.4e+38 -3.4e+38 -3.4e+38 -3.4e+38 -3.4e+38 -3.4e+38 -3.4e+38 -3.4e+38 -3.4e+38 -3.4e+38 -3.4e+38 -3.4e+38 -3.4e+38 -3.4e+38 -3.4e+38 -3.4e+38 -3.4e+38 -3.4e+38 -3.4e+38 -3.4e+38 -3.4e+38 -3.4e+38 -3.4e+38 -3.4e+38 -3.4e+38 -3.4e+38 -3.4e+38 0.205401450395584 0.206954777240753 0.226881757378578 0.241283893585205 0.239544749259949 0.231777787208557
