data/trimmed_ndre/Aes_ndre.628.2015_no_clouds.asc
NCOLS 109 
NROWS 101 
XLLCORNER 466110 
YLLCORNER 5182005 
CELLSIZE 5 
NODATA_value -3.4e+38 
[rows 40 to 59 of 101, columns 45 to 89 of 109]
0.212337598204613 0.221402317285538 0.225228011608124 0.218203023076057 0.224428087472916 0.235722094774246 0.224602952599525 0.213047042489052 0.214491590857506 0.223702654242516 0.223522305488586 0.243875712156296 0.281724035739899 0.310721576213837 0.3163922727108 0.330580800771713 0.355057060718536 0.346324384212494 0.332590311765671 0.326633989810944 0.312136113643646 0.285324394702911 0.293416082859039 0.279974758625031 0.256987184286118 0.252190619707108 0.246462732553482 0.249416053295135 0.282788544893265 0.326571732759476 0.354678630828857 0.377730488777161 0.357707947492599 0.302128672599792 0.280558049678802 0.248402521014214 0.214093774557114 0.202554896473885 0.191111475229263 0.203610494732857 0.214877367019653 0.21734020113945 0.227186307311058 0.213036999106407 0.206620633602142
0.204543814063072 0.216107353568077 0.223649755120277 0.217242524027824 0.221726253628731 0.228004530072212 0.216550692915916 0.221931517124176 0.227812752127647 0.235702201724052 0.243930324912071 0.260823875665665 0.313585638999939 0.348533689975739 0.34150230884552 0.348232626914978 0.344603776931763 0.327808141708374 0.321209579706192 0.329090297222137 0.308245748281479 0.283404171466827 0.288667023181915 0.268462836742401 0.248427152633667 0.237361684441566 0.233788430690765 0.234797924757004 0.253910779953003 0.293150335550308 0.331086874008179 0.359777897596359 0.362942844629288 0.324596375226974 0.28872349858284 0.267739713191986 0.215093985199928 0.195174306631088 0.201548203825951 0.203739330172539 0.21081218123436 0.209396362304688 0.217018634080887 0.223140135407448 0.214339405298233
0.208279654383659 0.217359274625778 0.223814964294434 0.217217534780502 0.212307006120682 0.209532931447029 0.210863575339317 0.228297770023346 0.238707974553108 0.248148337006569 0.268582284450531 0.282227724790573 0.328245311975479 0.361821323633194 0.348942369222641 0.337291121482849 0.317826807498932 0.291676312685013 0.282046258449554 0.299108892679214 0.282880693674088 0.26669904589653 0.267412483692169 0.260146647691727 0.259778410196304 0.246593117713928 0.230295673012733 0.226449757814407 0.22843810915947 0.251274585723877 0.295603454113007 0.33681783080101 0.35276797413826 0.335735410451889 0.302371740341187 0.277626782655716 0.225388988852501 0.214376643300056 0.214805498719215 0.203356593847275 0.216263756155968 0.201395586133003 0.210176795721054 0.226634651422501 0.213813424110413
0.207275599241257 0.210242748260498 0.213345795869827 0.211055904626846 0.202311247587204 0.206561118364334 0.219335541129112 0.236182615160942 0.249633520841599 0.260075449943542 0.287232726812363 0.316091895103455 0.350096702575684 0.353581696748734 0.321225047111511 0.299169480800629 0.287986516952515 0.267638385295868 0.261606842279434 0.262124449014664 0.242893993854523 0.239675506949425 0.245435535907745 0.252205848693848 0.257223159074783 0.247151866555214 0.235817581415176 0.230144008994102 0.230220377445221 0.242136374115944 0.275803238153458 0.315048843622208 0.332973778247833 0.337557017803192 0.317822873592377 0.283452332019806 0.251255124807358 0.247430875897408 0.228497534990311 0.213460445404053 0.22453798353672 0.211406603455544 0.207109332084656 0.212831065058708 0.211709514260292
0.207956030964851 0.209737882018089 0.203944683074951 0.202031567692757 0.206908985972404 0.221320405602455 0.227786913514137 0.239718094468117 0.259934842586517 0.272844791412354 0.312738835811615 0.357545971870422 0.356768518686295 0.327434420585632 0.291680514812469 0.275620311498642 0.266718208789825 0.244093015789986 0.234001904726028 0.232651114463806 0.226707398891449 0.227575287222862 0.231060355901718 0.240835323929787 0.247164234519005 0.240588173270226 0.238764941692352 0.236588895320892 0.235906377434731 0.241884157061577 0.263777136802673 0.285175979137421 0.308590173721313 0.330060482025146 0.333479076623917 0.315251737833023 0.291215658187866 0.276892751455307 0.246318012475967 0.218584448099136 0.218108296394348 0.219130218029022 0.205753728747368 0.196237534284592 0.210840657353401
0.211824789643288 0.221689760684967 0.207748666405678 0.20633852481842 0.215125694870949 0.219806745648384 0.22563262283802 0.245094031095505 0.282898396253586 0.308922052383423 0.335272014141083 0.357264190912247 0.336519658565521 0.303172051906586 0.279559880495071 0.264378219842911 0.245071426033974 0.215970516204834 0.211941614747047 0.218662783503532 0.221032813191414 0.215616673231125 0.218024536967278 0.22948294878006 0.234427839517593 0.232670605182648 0.239126160740852 0.240379586815834 0.238031879067421 0.24417507648468 0.26005032658577 0.265309512615204 0.278391748666763 0.307331055402756 0.320572227239609 0.321195751428604 0.312763571739197 0.295739710330963 0.261253923177719 0.229546338319778 0.223318487405777 0.228103816509247 0.212908312678337 0.196067363023758 0.211627244949341
0.213788613677025 0.215406432747841 0.206150114536285 0.205300062894821 0.209088504314423 0.216438040137291 0.230758607387543 0.242493882775307 0.287501484155655 0.335847407579422 0.343840807676315 0.342676848173141 0.315478295087814 0.278695166110992 0.259594559669495 0.247258797287941 0.226282507181168 0.205326437950134 0.206252247095108 0.208099767565727 0.21079258620739 0.212933734059334 0.218178912997246 0.226867035031319 0.227894648909569 0.229703396558762 0.235494762659073 0.237386792898178 0.238139644265175 0.25034087896347 0.26316225528717 0.268192529678345 0.271828204393387 0.274815022945404 0.289718836545944 0.303860425949097 0.320619702339172 0.32043319940567 0.296005874872208 0.267320096492767 0.230196550488472 0.221773356199265 0.222293436527252 0.214662924408913 0.232793346047401
0.217426866292953 0.217817053198814 0.213297188282013 0.204319536685944 0.217403516173363 0.239417806267738 0.25564906001091 0.266207814216614 0.300253659486771 0.345169097185135 0.36157363653183 0.350151866674423 0.313181012868881 0.272523045539856 0.250283122062683 0.235949814319611 0.223493576049805 0.218938887119293 0.216066271066666 0.210033729672432 0.204741567373276 0.209413185715675 0.218059673905373 0.226815387606621 0.22424790263176 0.223018705844879 0.224686667323112 0.227498531341553 0.231390029191971 0.251873254776001 0.248612061142921 0.233799487352371 0.242813646793365 0.244305998086929 0.266129791736603 0.304850608110428 0.339416801929474 0.358675062656403 0.33864814043045 0.295550942420959 0.245527356863022 0.225015759468079 0.214795246720314 0.212288826704025 0.230187937617302
0.218507394194603 0.221231147646904 0.218184038996696 0.217854544520378 0.242408916354179 0.258647829294205 0.278190761804581 0.305199980735779 0.324656248092651 0.348581254482269 0.357943415641785 0.345018416643143 0.317259401082993 0.275241255760193 0.243938133120537 0.229379326105118 0.222222253680229 0.223894193768501 0.213174343109131 0.202721461653709 0.205463454127312 0.207165166735649 0.214297905564308 0.214988693594933 0.211284264922142 0.215983867645264 0.219399824738503 0.222277253866196 0.227889657020569 0.237111315131187 0.230172917246819 0.223090887069702 0.234866186976433 0.239032626152039 0.252789378166199 0.285147905349731 0.320831954479218 0.33866411447525 0.342605978250504 0.320156335830688 0.285264849662781 0.260321617126465 0.231945872306824 0.219536855816841 0.22061687707901
0.224419087171555 0.219585359096527 0.221462219953537 0.232278406620026 0.254235565662384 0.277952075004578 0.315487384796143 0.342634797096252 0.347616523504257 0.368527233600616 0.367345869541168 0.334374070167542 0.299869149923325 0.258655846118927 0.231625109910965 0.223456546664238 0.219488978385925 0.21905629336834 0.207262739539146 0.206139594316483 0.221180707216263 0.214350834488869 0.21236152946949 0.204255223274231 0.203865304589272 0.215854600071907 0.221434965729713 0.220695778727531 0.219688475131989 0.223578855395317 0.230694651603699 0.238661766052246 0.248449683189392 0.249198630452156 0.252606391906738 0.26109904050827 0.272650927305222 0.285986125469208 0.30684033036232 0.321086853742599 0.305814445018768 0.277726888656616 0.253526210784912 0.240230098366737 0.226296812295914
0.230794325470924 0.220950558781624 0.233656615018845 0.2489333152771 0.273956716060638 0.311522006988525 0.347474098205566 0.360123872756958 0.364182233810425 0.387742400169373 0.384535044431686 0.328415334224701 0.270449727773666 0.239549815654755 0.227478519082069 0.222843617200851 0.215190753340721 0.21201166510582 0.226974293589592 0.231689125299454 0.228018373250961 0.217477887868881 0.212622821331024 0.202239111065865 0.205249682068825 0.217705756425858 0.217833891510963 0.210222765803337 0.207487806677818 0.210656091570854 0.217893183231354 0.225121095776558 0.223808482289314 0.228755131363869 0.242030501365662 0.253540486097336 0.257909208536148 0.27664190530777 0.303736180067062 0.330357670783997 0.32677960395813 0.294344782829285 0.270040661096573 0.25692218542099 0.236150696873665
0.227920114994049 0.224969401955605 0.255747735500336 0.27337172627449 0.308878481388092 0.348038583993912 0.359037667512894 0.365133285522461 0.377622783184052 0.393597155809402 0.383892953395844 0.332393705844879 0.26376348733902 0.230909988284111 0.225223675370216 0.230338469147682 0.214569076895714 0.204434856772423 0.214411079883575 0.21331250667572 0.211154833436012 0.206054657697678 0.202276617288589 0.199780285358429 0.199981644749641 0.204356715083122 0.206199437379837 0.204581722617149 0.199741393327713 0.192211166024208 0.201014995574951 0.220933184027672 0.219693407416344 0.219431445002556 0.233838632702827 0.251371711492538 0.251415699720383 0.258681535720825 0.28936442732811 0.317878693342209 0.333705753087997 0.307212203741074 0.275604516267776 0.262738138437271 0.240926548838615
0.222978577017784 0.239213094115257 0.284934878349304 0.297510325908661 0.341712594032288 0.381186127662659 0.380749106407166 0.382691234350204 0.390239208936691 0.392765194177628 0.373797059059143 0.344080984592438 0.27382680773735 0.230970114469528 0.230166092514992 0.232285156846046 0.212182730436325 0.196441143751144 0.200653076171875 0.199380844831467 0.202901870012283 0.202108114957809 0.197497457265854 0.197062745690346 0.194514647126198 0.193436622619629 0.203298807144165 0.21551713347435 0.211703643202782 0.199048414826393 0.201994106173515 0.220945045351982 0.225081354379654 0.224636226892471 0.236661329865456 0.249809801578522 0.247310593724251 0.251349300146103 0.266044050455093 0.296068012714386 0.331909269094467 0.321535855531693 0.296192526817322 0.276336491107941 0.252034902572632
0.230088636279106 0.255909651517868 0.301538527011871 0.325914055109024 0.376654833555222 0.404393404722214 0.405097126960754 0.408033400774002 0.409381955862045 0.408037006855011 0.386141002178192 0.349807590246201 0.293479412794113 0.248914241790771 0.233271881937981 0.218761906027794 0.213680356740952 0.205962404608727 0.203749850392342 0.206485375761986 0.209077060222626 0.211437091231346 0.207304567098618 0.204138293862343 0.202832102775574 0.195685416460037 0.201893046498299 0.204242005944252 0.203077554702759 0.204309552907944 0.202532663941383 0.201593980193138 0.20426207780838 0.20615142583847 0.216101944446564 0.23096427321434 0.244461342692375 0.257598876953125 0.267045170068741 0.281754612922668 0.30318021774292 0.304458141326904 0.310340583324432 0.296224504709244 0.267939388751984
0.246013715863228 0.262916505336761 0.307247281074524 0.356952995061874 0.399623870849609 0.410700708627701 0.416178613901138 0.42912557721138 0.430313527584076 0.4208063185215 0.38234931230545 0.334614992141724 0.299029141664505 0.253023773431778 0.234380587935448 0.229545429348946 0.227191925048828 0.221884563565254 0.211999282240868 0.207809716463089 0.207456290721893 0.207945227622986 0.208493486046791 0.212856397032738 0.212826430797577 0.201695516705513 0.210733994841576 0.193750873208046 0.184908866882324 0.199039444327354 0.199297815561295 0.196810975670815 0.200683653354645 0.209399998188019 0.217392221093178 0.220935687422752 0.240371882915497 0.261969059705734 0.264550864696503 0.257338315248489 0.265431344509125 0.286221295595169 0.305683434009552 0.303947389125824 0.285574018955231
0.268323749303818 0.271874874830246 0.315519124269485 0.374723166227341 0.404109567403793 0.404872685670853 0.414465576410294 0.427427560091019 0.421324878931046 0.395655512809753 0.363114893436432 0.322635293006897 0.28738209605217 0.258277922868729 0.261487126350403 0.255430549383163 0.237980246543884 0.226929143071175 0.219782799482346 0.214922353625298 0.215068027377129 0.214761272072792 0.214626893401146 0.216105908155441 0.209165707230568 0.202111184597015 0.211723104119301 0.189776092767715 0.188463091850281 0.207772195339203 0.205798849463463 0.20562270283699 0.211851432919502 0.221097260713577 0.227537587285042 0.229306414723396 0.244891256093979 0.270362466573715 0.273257434368134 0.253501981496811 0.259378790855408 0.283793985843658 0.295439749956131 0.296721309423447 0.295750886201859
0.291901856660843 0.307367533445358 0.340177536010742 0.38186514377594 0.403319478034973 0.40502992272377 0.401790022850037 0.390192091464996 0.373730838298798 0.357306122779846 0.350311726331711 0.326136857271194 0.308016538619995 0.299329072237015 0.299003601074219 0.283857077360153 0.24981752038002 0.229780808091164 0.233846232295036 0.230469062924385 0.226339340209961 0.225285694003105 0.224132046103477 0.221741437911987 0.20978245139122 0.208525642752647 0.21356064081192 0.194697007536888 0.194269746541977 0.203476816415787 0.209245786070824 0.212685957551003 0.211278170347214 0.21031753718853 0.217071071267128 0.229869171977043 0.239912092685699 0.250145465135574 0.265556633472443 0.271885812282562 0.278900563716888 0.289940297603607 0.299531698226929 0.302056342363358 0.304057776927948
0.321105509996414 0.355703800916672 0.375956356525421 0.395996630191803 0.3964484333992 0.382862120866776 0.366480618715286 0.338371932506561 0.331459879875183 0.336224436759949 0.346755236387253 0.348101109266281 0.344318360090256 0.336445212364197 0.326310336589813 0.321363478899002 0.286558538675308 0.256776750087738 0.25212562084198 0.243954867124557 0.230325102806091 0.224851965904236 0.225100994110107 0.224273875355721 0.215156987309456 0.222233310341835 0.222046554088593 0.202859327197075 0.207346245646477 0.204638302326202 0.207847222685814 0.208126112818718 0.196661487221718 0.198933750391006 0.207658559083939 0.222496435046196 0.232595264911652 0.232173442840576 0.250926703214645 0.274473667144775 0.275683909654617 0.277896225452423 0.288734197616577 0.30275821685791 0.304364770650864
0.324244678020477 0.359653413295746 0.379785269498825 0.378387480974197 0.354828864336014 0.337938904762268 0.329612791538239 0.310611695051193 0.315510869026184 0.312575370073318 0.332343518733978 0.355452239513397 0.347304672002792 0.348645269870758 0.358021229505539 0.355858951807022 0.328445881605148 0.290154755115509 0.268470525741577 0.251074016094208 0.229565531015396 0.216770157217979 0.216847896575928 0.22241099178791 0.22295081615448 0.231547877192497 0.22415466606617 0.21546283364296 0.222877204418182 0.212330713868141 0.209175065159798 0.202821865677834 0.196728721261024 0.208999186754227 0.211786046624184 0.227181151509285 0.244438096880913 0.245157927274704 0.255709826946259 0.263636916875839 0.262042433023453 0.263322651386261 0.276143848896027 0.302548736333847 0.304025918245316
0.329862356185913 0.354864478111267 0.356769979000092 0.334665089845657 0.312632292509079 0.29926922917366 0.303971886634827 0.305218935012817 0.301307648420334 0.281241238117218 0.296062052249908 0.3336021900177 0.339635521173477 0.353812456130981 0.362293422222137 0.360951781272888 0.338917642831802 0.302752703428268 0.288383901119232 0.275187522172928 0.251572251319885 0.237678155303001 0.225095853209496 0.223758935928345 0.228980481624603 0.238090574741364 0.225319162011147 0.220412388443947 0.226626560091972 0.216187223792076 0.214018493890762 0.210028558969498 0.210815474390984 0.222840055823326 0.218144372105598 0.230371817946434 0.238653436303139 0.244140237569809 0.256544768810272 0.255318492650986 0.254924356937408 0.26341313123703 0.280022084712982 0.300859123468399 0.293739438056946
