data/trimmed_ndre/Aes_ndre.78.2014_no_clouds.asc
NCOLS 109 
NROWS 101 
XLLCORNER 466110 
YLLCORNER 5182005 
CELLSIZE 5 
NODATA_value -3.4e+38 
[rows 20 to 39 of 101, columns 45 to 89 of 109]
-3.4e+38 -3.4e+38 -3.4e+38 -3.4e+38 -3.4e+38 -3.4e+38 -3.4e+38 -3.4e+38 0.253255099058151 0.299788028001785 0.372136890888214 0.39818662405014 0.397262990474701 0.383761644363403 0.381337016820908 0.377816826105118 0.342223018407822 0.309527277946472 0.277198165655136 0.275363236665726 0.292935460805893 0.302393525838852 0.340477257966995 0.413872003555298 0.447855263948441 0.415519952774048 0.409996837377548 0.393224954605103 0.371155232191086 0.377138435840607 0.372517764568329 0.383905827999115 0.406964272260666 0.407697290182114 0.414705276489258 0.442425757646561 0.427014589309692 0.369719594717026 0.348109394311905 0.287196904420853 0.224478617310524 0.206217274069786 -3.4e+38 -3.4e+38 -3.4e+38
-3.4e+38 -3.4e+38 -3.4e+38 -3.4e+38 -3.4e+38 -3.4e+38 -3.4e+38 0.266459703445435 0.308719575405121 0.370756149291992 0.430881947278976 0.420800358057022 0.383746802806854 0.383029758930206 0.350842505693436 0.32919305562973 0.315856277942657 0.309748262166977 0.304996639490128 0.278045475482941 0.251687556505203 0.253437727689743 0.29127636551857 0.371453851461411 0.446115165948868 0.444645941257477 0.436584800481796 0.403918951749802 0.369445592164993 0.37158066034317 0.381777405738831 0.388904601335526 0.39226770401001 0.40248629450798 0.423719108104706 0.437402337789536 0.408149808645248 0.327538758516312 0.274728268384933 0.258450895547867 0.230701833963394 0.21865738928318 0.205882593989372 -3.4e+38 -3.4e+38
-3.4e+38 -3.4e+38 -3.4e+38 -3.4e+38 -3.4e+38 0.240955606102943 0.265594482421875 0.334931939840317 0.373124718666077 0.384393393993378 0.392930865287781 0.376774489879608 0.348684817552567 0.340441256761551 0.30981034040451 0.298648834228516 0.307130664587021 0.304814279079437 0.297616481781006 0.263776063919067 0.214516460895538 0.215263813734055 0.270023196935654 0.324860990047455 0.416693031787872 0.471156924962997 0.455644875764847 0.431647419929504 0.400421291589737 0.397058606147766 0.407327264547348 0.400512516498566 0.394840449094772 0.416554540395737 0.443688541650772 0.422418653964996 0.365228474140167 0.263179689645767 0.209526941180229 0.241122007369995 0.229787394404411 0.207674324512482 0.201372668147087 -3.4e+38 -3.4e+38
-3.4e+38 -3.4e+38 0.331263065338135 0.26671290397644 0.247999995946884 0.283939212560654 0.320698976516724 0.375383645296097 0.389441132545471 0.352662533521652 0.341704279184341 0.356933951377869 0.338803052902222 0.318514078855515 0.303334206342697 0.277561515569687 0.28021964430809 0.294375777244568 0.283040553331375 0.25020506978035 0.212032541632652 0.208124235272408 0.255379378795624 0.29984986782074 0.393134355545044 0.469427287578583 0.475538492202759 0.458525151014328 0.431822448968887 0.436840802431107 0.444557011127472 0.421094626188278 0.411247789859772 0.423316150903702 0.426883637905121 0.38456067442894 0.317652195692062 0.233051016926765 0.200942754745483 0.224423512816429 0.232677444815636 0.226395964622498 0.229984655976295 0.222364410758018 -3.4e+38
0.322285354137421 0.246468544006348 0.245565697550774 0.262684613466263 0.320237070322037 0.360087245702744 0.35723078250885 0.358682841062546 0.364952892065048 0.340604931116104 0.327348947525024 0.346669793128967 0.338519543409348 0.323721379041672 0.303049445152283 0.27281853556633 0.26936736702919 0.28643012046814 0.284638613462448 0.2587770819664 0.248984694480896 0.263041198253632 0.274700611829758 0.303147315979004 0.379397600889206 0.438086628913879 0.463510125875473 0.46857014298439 0.461364328861237 0.457987695932388 0.457547605037689 0.438924044370651 0.424944877624512 0.437418580055237 0.409691095352173 0.342835277318954 0.279776692390442 0.220888555049896 0.197383314371109 0.21593177318573 0.245527878403664 0.26036736369133 0.251030117273331 0.228115126490593 -3.4e+38
0.253189742565155 0.233803063631058 0.262601971626282 0.298113882541656 0.338446050882339 0.367116242647171 0.339296907186508 0.309162735939026 0.326671153306961 0.326391994953156 0.303636193275452 0.301475286483765 0.316068798303604 0.326174259185791 0.310659378767014 0.285300016403198 0.28273543715477 0.295575141906738 0.302964806556702 0.297657817602158 0.300156980752945 0.318844735622406 0.299062877893448 0.316864341497421 0.398675680160522 0.439332693815231 0.460498869419098 0.454080611467361 0.44353261590004 0.431042969226837 0.438232719898224 0.438742011785507 0.433764517307281 0.438880652189255 0.379027128219604 0.303146958351135 0.249221622943878 0.215629264712334 0.212481066584587 0.219446539878845 0.241132944822311 0.261536777019501 0.263821363449097 0.257756888866425 0.243046581745148
0.245990112423897 0.290369629859924 0.321699142456055 0.329964637756348 0.338002681732178 0.335675686597824 0.313421458005905 0.283679723739624 0.285812109708786 0.289373010396957 0.28377690911293 0.284895688295364 0.306127518415451 0.316345781087875 0.319715559482574 0.307045936584473 0.305405110120773 0.315364867448807 0.322699457406998 0.320850074291229 0.326739072799683 0.346034795045853 0.339920967817307 0.374595791101456 0.43214550614357 0.4445541203022 0.449563503265381 0.429171204566956 0.410751909017563 0.409367799758911 0.416473388671875 0.412122875452042 0.414685189723969 0.403822273015976 0.342753827571869 0.270691722631454 0.228327333927155 0.230430766940117 0.249923124909401 0.244318544864655 0.248463496565819 0.279451251029968 0.30555334687233 0.316935211420059 0.299645960330963
0.286279559135437 0.317262589931488 0.338396310806274 0.336932897567749 0.317241877317429 0.2989242374897 0.298881977796555 0.280593007802963 0.266677618026733 0.273356169462204 0.282823890447617 0.300370126962662 0.313921004533768 0.324874609708786 0.341589629650116 0.33406189084053 0.314502149820328 0.314173668622971 0.324310421943665 0.327453881502151 0.344569504261017 0.379174411296844 0.396460592746735 0.421598553657532 0.440277874469757 0.436269879341125 0.432448714971542 0.410401701927185 0.393056780099869 0.399282068014145 0.408487141132355 0.411788523197174 0.403308063745499 0.372692465782166 0.311003476381302 0.259725093841553 0.241669252514839 0.273334711790085 0.302709460258484 0.296297580003738 0.30565357208252 0.337702572345734 0.365845263004303 0.362889647483826 0.329331547021866
0.309717297554016 0.313476860523224 0.333856523036957 0.323545128107071 0.291556805372238 0.275698930025101 0.281082659959793 0.268560916185379 0.259881764650345 0.270644545555115 0.286219716072083 0.317479282617569 0.328075617551804 0.334890902042389 0.350764811038971 0.345092445611954 0.320109128952026 0.314231932163239 0.337730139493942 0.356423914432526 0.383737415075302 0.412325590848923 0.433413147926331 0.435948491096497 0.433471530675888 0.415962100028992 0.395975083112717 0.390300959348679 0.390589505434036 0.417216837406158 0.436097800731659 0.42694428563118 0.403923004865646 0.363892763853073 0.317683964967728 0.287020742893219 0.291405946016312 0.320846766233444 0.365936845541 0.39050281047821 0.399532496929169 0.406837701797485 0.391306042671204 0.354150354862213 0.322424411773682
0.30812481045723 0.303169816732407 0.318769812583923 0.308688908815384 0.274139404296875 0.25486433506012 0.25898677110672 0.254125952720642 0.255736023187637 0.26536950469017 0.289998739957809 0.323423087596893 0.335241436958313 0.341537863016129 0.354177623987198 0.356788218021393 0.35091444849968 0.354524821043015 0.377461642026901 0.400357514619827 0.421275615692139 0.42667618393898 0.436011880636215 0.452142328023911 0.442734390497208 0.42045658826828 0.39347517490387 0.386587679386139 0.391267478466034 0.43196514248848 0.456883639097214 0.438282608985901 0.413956254720688 0.386911481618881 0.36100235581398 0.349007904529572 0.36598014831543 0.39364430308342 0.432963579893112 0.456566542387009 0.452553153038025 0.438509583473206 0.387605339288712 0.325418502092361 0.286376595497131
0.287527740001678 0.282593965530396 0.292664051055908 0.280482292175293 0.254243612289429 0.246407777070999 0.249382078647614 0.249331131577492 0.259251981973648 0.268882662057877 0.291565358638763 0.323591202497482 0.340427756309509 0.359306246042252 0.373287081718445 0.378332048654556 0.379449725151062 0.394106239080429 0.409235864877701 0.419842690229416 0.42774885892868 0.431955456733704 0.438945829868317 0.445432394742966 0.439600646495819 0.432441622018814 0.411760091781616 0.394997447729111 0.406136840581894 0.447438448667526 0.485426813364029 0.48270919919014 0.451685935258865 0.422448456287384 0.414363235235214 0.42957666516304 0.448730558156967 0.453658372163773 0.447427004575729 0.438860684633255 0.438635885715485 0.433864235877991 0.399068832397461 0.326631546020508 0.267962127923965
0.280931383371353 0.263995796442032 0.255663156509399 0.249453783035278 0.241974249482155 0.249357432126999 0.249498665332794 0.255600899457932 0.276024132966995 0.284785836935043 0.300882011651993 0.32959908246994 0.356071650981903 0.375155597925186 0.395715802907944 0.410047173500061 0.417236477136612 0.424030900001526 0.429413914680481 0.435704529285431 0.44124773144722 0.44176396727562 0.445587754249573 0.44075745344162 0.43122124671936 0.424024522304535 0.406505316495895 0.40483483672142 0.439128994941711 0.485791236162186 0.516274273395538 0.52301287651062 0.490482270717621 0.463146150112152 0.478377729654312 0.486532777547836 0.465837955474854 0.425977617502213 0.395711541175842 0.384732484817505 0.400034248828888 0.412110865116119 0.391545414924622 0.337937474250793 0.269769996404648
0.274109572172165 0.246118992567062 0.234312936663628 0.23215639591217 0.241198435425758 0.256719797849655 0.255506694316864 0.268291145563126 0.294863879680634 0.309436142444611 0.324378997087479 0.351656407117844 0.380658119916916 0.401815265417099 0.418996781110764 0.43524694442749 0.442614674568176 0.441051989793777 0.435252487659454 0.440864354372025 0.450051814317703 0.455411225557327 0.463051378726959 0.448634207248688 0.432509511709213 0.420276820659637 0.405593007802963 0.416498214006424 0.460063964128494 0.504642963409424 0.518782317638397 0.515263080596924 0.504079878330231 0.487276971340179 0.476472049951553 0.456357449293137 0.412042856216431 0.366969406604767 0.345951735973358 0.338634461164474 0.347610503435135 0.370213985443115 0.371680915355682 0.338840693235397 0.293857753276825
0.262203991413116 0.256300777196884 0.24572716653347 0.236785918474197 0.249287843704224 0.271093457937241 0.270983517169952 0.282038241624832 0.307404518127441 0.335452437400818 0.355123341083527 0.383562058210373 0.414700716733932 0.431507885456085 0.439984440803528 0.444458335638046 0.448639690876007 0.448411762714386 0.444955945014954 0.449946939945221 0.456629663705826 0.467711001634598 0.473992824554443 0.455504685640335 0.441047996282578 0.426041126251221 0.419867694377899 0.439371526241302 0.475319743156433 0.510192453861237 0.512098908424377 0.493021637201309 0.480532675981522 0.45041036605835 0.40812686085701 0.3772332072258 0.356897950172424 0.32318913936615 0.294035464525223 0.287959665060043 0.303731173276901 0.32032784819603 0.343925684690475 0.35131111741066 0.333417445421219
0.294605076313019 0.29108464717865 0.27520364522934 0.265792816877365 0.269869536161423 0.282268315553665 0.290062129497528 0.306868731975555 0.334398597478867 0.367289841175079 0.397148966789246 0.416898101568222 0.445038765668869 0.460096508264542 0.458529472351074 0.453034609556198 0.457100450992584 0.461716145277023 0.462814003229141 0.465581566095352 0.465741902589798 0.468541949987411 0.469951897859573 0.461954772472382 0.457361489534378 0.450331687927246 0.457773208618164 0.480569243431091 0.506877601146698 0.525114357471466 0.515423238277435 0.475851893424988 0.436413884162903 0.40534919500351 0.358555436134338 0.316992223262787 0.301464945077896 0.281669706106186 0.254911154508591 0.257086902856827 0.295933991670609 0.326491415500641 0.353886634111404 0.377612382173538 0.374653369188309
0.327534466981888 0.320565640926361 0.310940265655518 0.301144689321518 0.306625366210938 0.313087105751038 0.325565040111542 0.34569263458252 0.373246192932129 0.401152044534683 0.426581501960754 0.446459114551544 0.461495965719223 0.468217343091965 0.466064959764481 0.464762330055237 0.46891987323761 0.479666978120804 0.488858282566071 0.484992206096649 0.474272698163986 0.465867221355438 0.471202373504639 0.479110985994339 0.48129341006279 0.482333868741989 0.491430968046188 0.516575872898102 0.535658836364746 0.536142230033875 0.518986284732819 0.470966845750809 0.41391259431839 0.384619057178497 0.334596633911133 0.284336596727371 0.263240396976471 0.25995397567749 0.248688086867332 0.245122641324997 0.265237033367157 0.299310117959976 0.339592099189758 0.37939515709877 0.39554089307785
0.331654727458954 0.337226659059525 0.335303038358688 0.334296017885208 0.34136775135994 0.342338800430298 0.355813264846802 0.374923706054688 0.393267780542374 0.422872871160507 0.439400404691696 0.452360808849335 0.463467925786972 0.461301147937775 0.458510339260101 0.474122941493988 0.498643934726715 0.506029665470123 0.509233415126801 0.498686373233795 0.486205577850342 0.478638112545013 0.487751066684723 0.498576104640961 0.50266832113266 0.510222613811493 0.516831696033478 0.532865703105927 0.534752428531647 0.518420815467834 0.497325450181961 0.467865645885468 0.42056605219841 0.375749260187149 0.330307245254517 0.282181054353714 0.256014972925186 0.244798183441162 0.226773276925087 0.220747485756874 0.23082023859024 0.257584780454636 0.30028560757637 0.34314626455307 0.388297468423843
0.32922038435936 0.355145007371902 0.362669378519058 0.34769806265831 0.34010174870491 0.343744397163391 0.359504699707031 0.393673837184906 0.416600823402405 0.430656045675278 0.435490965843201 0.451856315135956 0.473253965377808 0.478036463260651 0.491155803203583 0.519198954105377 0.537369608879089 0.530763328075409 0.528139293193817 0.511366009712219 0.505258798599243 0.512704432010651 0.51134729385376 0.512459278106689 0.520121872425079 0.528738260269165 0.527031779289246 0.532277166843414 0.518158614635468 0.490046083927155 0.473607093095779 0.48037925362587 0.447126984596252 0.384900748729706 0.329856216907501 0.290314346551895 0.254519104957581 0.228438541293144 0.212045952677727 0.214382767677307 0.227700993418694 0.241990596055984 0.268632799386978 0.307900637388229 0.359245419502258
0.337454408407211 0.364972293376923 0.373973309993744 0.362174093723297 0.355453073978424 0.36959120631218 0.374083429574966 0.403769373893738 0.43448144197464 0.445006012916565 0.451679229736328 0.464849710464478 0.478970229625702 0.494936168193817 0.518083572387695 0.544997096061707 0.563173055648804 0.558309257030487 0.542534291744232 0.524275958538055 0.522308886051178 0.5255366563797 0.513561427593231 0.512705445289612 0.506411075592041 0.496168047189713 0.495009392499924 0.509514451026917 0.50880753993988 0.496541231870651 0.493922144174576 0.501590430736542 0.470116823911667 0.406451821327209 0.337086021900177 0.288278937339783 0.25478059053421 0.227581009268761 0.215924277901649 0.218022674322128 0.222706183791161 0.225323885679245 0.241511657834053 0.283897489309311 0.322353601455688
0.338410884141922 0.37135174870491 0.391473293304443 0.395299792289734 0.388127446174622 0.389100968837738 0.397231370210648 0.40793776512146 0.434396713972092 0.457874864339828 0.465407192707062 0.468132048845291 0.488698810338974 0.506782412528992 0.525427639484406 0.551141083240509 0.571100652217865 0.567299664020538 0.540561974048615 0.527082026004791 0.523686170578003 0.513807237148285 0.492278158664703 0.47124981880188 0.451555192470551 0.436834424734116 0.451845288276672 0.484378427267075 0.504796504974365 0.519060134887695 0.526232719421387 0.516362309455872 0.477490365505219 0.42578986287117 0.355953603982925 0.293695986270905 0.257779181003571 0.234488621354103 0.230319887399673 0.226452261209488 0.217957735061646 0.220679491758347 0.230969607830048 0.263631999492645 0.297661960124969
