data/trimmed_ndre/Aes_ndre.69.2009_no_clouds.asc
NCOLS 109 
NROWS 101 
XLLCORNER 466110 
YLLCORNER 5182005 
CELLSIZE 5 
NODATA_value -3.4e+38 
[rows 80 to 99 of 101, columns 45 to 89 of 109]
0.254054129123688 0.263997256755829 0.275837033987045 0.289184868335724 0.284960627555847 0.294975370168686 0.319468259811401 0.325286418199539 0.320132166147232 0.329118758440018 0.364203631877899 0.379467725753784 0.386364847421646 0.398034930229187 0.407715320587158 0.395207583904266 0.399440497159958 0.408540219068527 0.391161561012268 0.400346159934998 0.405073612928391 0.365726739168167 0.323952794075012 0.295732468366623 0.277466654777527 0.260882437229156 0.28358867764473 0.26881667971611 0.254038602113724 0.271677583456039 0.286132901906967 0.283488541841507 0.282293766736984 0.272838294506073 0.303140729665756 0.330383598804474 0.327427893877029 0.372349470853806 0.352822959423065 -3.4e+38 -3.4e+38 -3.4e+38 -3.4e+38 -3.4e+38 -3.4e+38
0.228185400366783 0.232337176799774 0.257802098989487 0.291618555784225 0.300079315900803 0.311552196741104 0.332004994153976 0.331649929285049 0.324047297239304 0.32984071969986 0.351773351430893 0.353850156068802 0.366134732961655 0.378665030002594 0.382216185331345 0.365537077188492 0.370495676994324 0.378583490848541 0.361966907978058 0.367212921380997 0.373915374279022 0.349808603525162 0.308194845914841 0.287757724523544 0.27495950460434 0.258628010749817 0.260606825351715 0.267363160848618 0.256016433238983 0.271227389574051 0.279494971036911 0.282200276851654 0.280800759792328 0.290328770875931 0.295884132385254 0.306603044271469 0.324821293354034 0.358834594488144 -3.4e+38 -3.4e+38 -3.4e+38 -3.4e+38 -3.4e+38 -3.4e+38 -3.4e+38
0.245981365442276 0.250401169061661 0.256326586008072 0.274652898311615 0.315710425376892 0.327257424592972 0.329633444547653 0.336027443408966 0.337223827838898 0.336756229400635 0.337614506483078 0.329383581876755 0.328658729791641 0.333878695964813 0.347961813211441 0.352008461952209 0.360492795705795 0.362747251987457 0.356571674346924 0.362239181995392 0.366983950138092 0.341952115297318 0.30961599946022 0.305056095123291 0.301547229290009 0.270288616418839 0.243393525481224 0.284168064594269 0.284916579723358 0.27234935760498 0.274072229862213 0.289612203836441 0.295319229364395 0.291241049766541 0.299312233924866 0.304877936840057 0.314788728952408 -3.4e+38 -3.4e+38 -3.4e+38 -3.4e+38 -3.4e+38 -3.4e+38 -3.4e+38 -3.4e+38
0.260400801897049 0.259050875902176 0.260852336883545 0.275543063879013 0.314101457595825 0.313366234302521 0.315519213676453 0.325968354940414 0.33049938082695 0.334846884012222 0.328498899936676 0.315494179725647 0.30214536190033 0.295975685119629 0.32369327545166 0.35901603102684 0.36370438337326 0.371884793043137 0.378949135541916 0.381318807601929 0.370170027017593 0.320129603147507 0.294829040765762 0.304355651140213 0.289836525917053 0.264216840267181 0.256241977214813 0.297349870204926 0.295023113489151 0.277992904186249 0.281745314598083 0.296381413936615 0.302626311779022 0.302411943674088 0.30275371670723 -3.4e+38 -3.4e+38 -3.4e+38 -3.4e+38 -3.4e+38 -3.4e+38 -3.4e+38 -3.4e+38 -3.4e+38 -3.4e+38
0.25069859623909 0.253223329782486 0.265379130840302 0.277959108352661 0.295786619186401 0.300871700048447 0.296173810958862 0.310877233743668 0.322523057460785 0.32200887799263 0.317128598690033 0.318430483341217 0.321026295423508 0.312157213687897 0.320822536945343 0.345632076263428 0.35164886713028 0.359826892614365 0.37191241979599 0.360092222690582 0.327855497598648 0.291348457336426 0.272359132766724 0.278476774692535 0.264585733413696 0.276457071304321 0.284434050321579 0.298237353563309 0.303364753723145 0.288811653852463 0.288746118545532 0.30012184381485 0.302322328090668 0.306302130222321 -3.4e+38 -3.4e+38 -3.4e+38 -3.4e+38 -3.4e+38 -3.4e+38 -3.4e+38 -3.4e+38 -3.4e+38 -3.4e+38 -3.4e+38
0.241830632090569 0.248943373560905 0.257570147514343 0.265221565961838 0.276449829339981 0.283156752586365 0.285492926836014 0.300767451524734 0.311779290437698 0.306634038686752 0.314463526010513 0.306395828723907 0.323499768972397 0.338208198547363 0.319074124097824 0.314468502998352 0.313762247562408 0.308439970016479 0.321084082126617 0.314070045948029 0.292393714189529 0.282933861017227 0.277434945106506 0.27115073800087 0.260829746723175 0.274713009595871 0.27925717830658 0.296315759420395 0.312999695539474 0.297198534011841 0.285818159580231 0.286575317382812 0.292210012674332 -3.4e+38 -3.4e+38 -3.4e+38 -3.4e+38 -3.4e+38 -3.4e+38 -3.4e+38 -3.4e+38 -3.4e+38 -3.4e+38 -3.4e+38 -3.4e+38
0.237968653440475 0.255623012781143 0.270806193351746 0.274099975824356 0.283189982175827 0.294709712266922 0.296332061290741 0.292301386594772 0.295685857534409 0.308126538991928 0.32241553068161 0.306981116533279 0.320248395204544 0.342181265354156 0.325865209102631 0.313468754291534 0.287882566452026 0.272801697254181 0.286075472831726 0.301865041255951 0.294494181871414 0.278930097818375 0.289808064699173 0.280008167028427 0.254385471343994 0.251707196235657 0.256533861160278 0.284269332885742 0.30308672785759 0.295474827289581 0.280682235956192 0.280318737030029 -3.4e+38 -3.4e+38 -3.4e+38 -3.4e+38 -3.4e+38 -3.4e+38 -3.4e+38 -3.4e+38 -3.4e+38 -3.4e+38 -3.4e+38 -3.4e+38 -3.4e+38
0.234156027436256 0.25128561258316 0.255894780158997 0.252424627542496 0.28052806854248 0.309130668640137 0.315337687730789 0.312315911054611 0.30129262804985 0.315444737672806 0.338248878717422 0.330270171165466 0.328402251005173 0.337013334035873 0.331332713365555 0.314868688583374 0.291999846696854 0.285530358552933 0.29461082816124 0.298416346311569 0.298507302999496 0.286688834428787 0.281839847564697 0.264639914035797 0.244629114866257 0.247875615954399 0.25958314538002 0.273361593484879 0.287161022424698 0.290560990571976 0.287835329771042 -3.4e+38 -3.4e+38 -3.4e+38 -3.4e+38 -3.4e+38 -3.4e+38 -3.4e+38 -3.4e+38 -3.4e+38 -3.4e+38 -3.4e+38 -3.4e+38 -3.4e+38 -3.4e+38
0.252080202102661 0.241730287671089 0.231103032827377 0.235080644488335 0.262217700481415 0.298866540193558 0.339275479316711 0.354033648967743 0.339258670806885 0.338305592536926 0.349619120359421 0.342956453561783 0.334483295679092 0.332845717668533 0.336819797754288 0.326161235570908 0.309123128652573 0.304917305707932 0.306684702634811 0.297380566596985 0.30574169754982 0.291760623455048 0.255800694227219 0.23548336327076 0.246382296085358 0.261448442935944 0.269961327314377 0.278554439544678 0.28632515668869 0.296368509531021 -3.4e+38 -3.4e+38 -3.4e+38 -3.4e+38 -3.4e+38 -3.4e+38 -3.4e+38 -3.4e+38 -3.4e+38 -3.4e+38 -3.4e+38 -3.4e+38 -3.4e+38 -3.4e+38 -3.4e+38
0.253154695034027 0.243243172764778 0.248335614800453 0.256232559680939 0.266628235578537 0.29214546084404 0.319423466920853 0.343977272510529 0.35441729426384 0.359178751707077 0.359008193016052 0.367020785808563 0.37221285700798 0.348943114280701 0.346204906702042 0.33917361497879 0.318157613277435 0.319549232721329 0.31389045715332 0.289575159549713 0.283303529024124 0.286547064781189 0.256060898303986 0.236079543828964 0.26661479473114 0.270983308553696 0.277611643075943 0.294747710227966 0.300220876932144 -3.4e+38 -3.4e+38 -3.4e+38 -3.4e+38 -3.4e+38 -3.4e+38 -3.4e+38 -3.4e+38 -3.4e+38 -3.4e+38 -3.4e+38 -3.4e+38 -3.4e+38 -3.4e+38 -3.4e+38 -3.4e+38
0.249315738677979 0.265568673610687 0.272175252437592 0.269445776939392 0.264962315559387 0.279071688652039 0.284188896417618 0.296577513217926 0.317496091127396 0.332531183958054 0.346100211143494 0.357873857021332 0.367435961961746 0.348011821508408 0.349162250757217 0.355878889560699 0.341053247451782 0.325850814580917 0.31135368347168 0.275123834609985 0.253599464893341 0.266823470592499 0.25979882478714 0.261936843395233 0.2847860455513 0.267627477645874 0.279474943876266 0.300549387931824 -3.4e+38 -3.4e+38 -3.4e+38 -3.4e+38 -3.4e+38 -3.4e+38 -3.4e+38 -3.4e+38 -3.4e+38 -3.4e+38 -3.4e+38 -3.4e+38 -3.4e+38 -3.4e+38 -3.4e+38 -3.4e+38 -3.4e+38
0.26486074924469 0.286178052425385 0.274027824401855 0.271304607391357 0.270934492349625 0.289303332567215 0.309421449899673 0.307986527681351 0.301877439022064 0.304898142814636 0.312972366809845 0.305282324552536 0.301627963781357 0.301257371902466 0.301231682300568 0.324684619903564 0.329793512821198 0.309506148099899 0.305688768625259 0.295009702444077 0.281932085752487 0.298652470111847 0.310199856758118 0.297268807888031 0.284271061420441 0.268712490797043 -3.4e+38 -3.4e+38 -3.4e+38 -3.4e+38 -3.4e+38 -3.4e+38 -3.4e+38 -3.4e+38 -3.4e+38 -3.4e+38 -3.4e+38 -3.4e+38 -3.4e+38 -3.4e+38 -3.4e+38 -3.4e+38 -3.4e+38 -3.4e+38 -3.4e+38
0.283025056123734 0.278997004032135 0.263796210289001 0.290702402591705 0.302370667457581 0.321308881044388 0.338568687438965 0.332803875207901 0.316844493150711 0.298978328704834 0.292699992656708 0.288735300302505 0.282578110694885 0.278076678514481 0.273406118154526 0.291696757078171 0.303655683994293 0.298029839992523 0.305943876504898 0.325893729925156 0.330763936042786 0.335895955562592 0.343254178762436 0.309598475694656 0.29065266251564 -3.4e+38 -3.4e+38 -3.4e+38 -3.4e+38 -3.4e+38 -3.4e+38 -3.4e+38 -3.4e+38 -3.4e+38 -3.4e+38 -3.4e+38 -3.4e+38 -3.4e+38 -3.4e+38 -3.4e+38 -3.4e+38 -3.4e+38 -3.4e+38 -3.4e+38 -3.4e+38
0.302575767040253 0.275150865316391 0.282706320285797 0.329338073730469 0.343577861785889 0.357126623392105 0.366274982690811 0.362846165895462 0.342022061347961 0.308248847723007 0.291028320789337 0.288137167692184 0.295789748430252 0.298583507537842 0.293959438800812 0.299720525741577 0.297667682170868 0.298361152410507 0.313100725412369 0.332671463489532 0.341793328523636 0.332452088594437 0.32092809677124 -3.4e+38 -3.4e+38 -3.4e+38 -3.4e+38 -3.4e+38 -3.4e+38 -3.4e+38 -3.4e+38 -3.4e+38 -3.4e+38 -3.4e+38 -3.4e+38 -3.4e+38 -3.4e+38 -3.4e+38 -3.4e+38 -3.4e+38 -3.4e+38 -3.4e+38 -3.4e+38 -3.4e+38 -3.4e+38
0.314103603363037 0.292772382497787 0.310024291276932 0.352775633335114 0.35994079709053 0.357001781463623 0.372377067804337 0.376918077468872 0.351842433214188 0.316740274429321 0.292488157749176 0.294376343488693 0.304801046848297 0.307449668645859 0.311041742563248 0.315705627202988 0.304947257041931 0.301940977573395 0.309998780488968 0.317335903644562 0.32920229434967 -3.4e+38 -3.4e+38 -3.4e+38 -3.4e+38 -3.4e+38 -3.4e+38 -3.4e+38 -3.4e+38 -3.4e+38 -3.4e+38 -3.4e+38 -3.4e+38 -3.4e+38 -3.4e+38 -3.4e+38 -3.4e+38 -3.4e+38 -3.4e+38 -3.4e+38 -3.4e+38 -3.4e+38 -3.4e+38 -3.4e+38 -3.4e+38
0.305855840444565 0.309297978878021 0.329149097204208 0.351295679807663 0.348198413848877 0.338099926710129 0.366235911846161 0.384281635284424 0.355270713567734 0.312628716230392 0.300703018903732 0.298322200775146 0.286405950784683 0.281831622123718 0.294035255908966 0.30611464381218 0.303647041320801 0.306696593761444 -3.4e+38 -3.4e+38 -3.4e+38 -3.4e+38 -3.4e+38 -3.4e+38 -3.4e+38 -3.4e+38 -3.4e+38 -3.4e+38 -3.4e+38 -3.4e+38 -3.4e+38 -3.4e+38 -3.4e+38 -3.4e+38 -3.4e+38 -3.4e+38 -3.4e+38 -3.4e+38 -3.4e+38 -3.4e+38 -3.4e+38 -3.4e+38 -3.4e+38 -3.4e+38 -3.4e+38
0.30777171254158 0.308277398347855 0.321515798568726 0.346257328987122 0.346197992563248 0.332291036844254 0.349049896001816 0.364765733480453 0.345026701688766 0.310345321893692 0.311334103345871 0.314036548137665 0.296785473823547 0.285316228866577 0.289582341909409 -3.4e+38 -3.4e+38 -3.4e+38 -3.4e+38 -3.4e+38 -3.4e+38 -3.4e+38 -3.4e+38 -3.4e+38 -3.4e+38 -3.4e+38 -3.4e+38 -3.4e+38 -3.4e+38 -3.4e+38 -3.4e+38 -3.4e+38 -3.4e+38 -3.4e+38 -3.4e+38 -3.4e+38 -3.4e+38 -3.4e+38 -3.4e+38 -3.4e+38 -3.4e+38 -3.4e+38 -3.4e+38 -3.4e+38 -3.4e+38
0.305405974388123 0.301305890083313 0.316947370767593 0.351707428693771 0.36307093501091 0.338927417993546 0.321635156869888 0.324617087841034 0.333179742097855 0.316144198179245 0.305174052715302 0.327301412820816 -3.4e+38 -3.4e+38 -3.4e+38 -3.4e+38 -3.4e+38 -3.4e+38 -3.4e+38 -3.4e+38 -3.4e+38 -3.4e+38 -3.4e+38 -3.4e+38 -3.4e+38 -3.4e+38 -3.4e+38 -3.4e+38 -3.4e+38 -3.4e+38 -3.4e+38 -3.4e+38 -3.4e+38 -3.4e+38 -3.4e+38 -3.4e+38 -3.4e+38 -3.4e+38 -3.4e+38 -3.4e+38 -3.4e+38 -3.4e+38 -3.4e+38 -3.4e+38 -3.4e+38
0.317180991172791 0.313229769468307 0.318131774663925 0.347999215126038 0.360911846160889 0.338857114315033 0.306670576334 0.307020038366318 0.324520319700241 0.315535098314285 -3.4e+38 -3.4e+38 -3.4e+38 -3.4e+38 -3.4e+38 -3.4e+38 -3.4e+38 -3.4e+38 -3.4e+38 -3.4e+38 -3.4e+38 -3.4e+38 -3.4e+38 -3.4e+38 -3.4e+38 -3.4e+38 -3.4e+38 -3.4e+38 -3.4e+38 -3.4e+38 -3.4e+38 -3.4e+38 -3.4e+38 -3.4e+38 -3.4e+38 -3.4e+38 -3.4e+38 -3.4e+38 -3.4e+38 -3.4e+38 -3.4e+38 -3.4e+38 -3.4e+38 -3.4e+38 -3.4e+38
0.328513711690903 0.317984580993652 0.31557422876358 0.329811602830887 0.337544023990631 0.333147406578064 0.32553830742836 0.318123817443848 -3.4e+38 -3.4e+38 -3.4e+38 -3.4e+38 -3.4e+38 -3.4e+38 -3.4e+38 -3.4e+38 -3.4e+38 -3.4e+38 -3.4e+38 -3.4e+38 -3.4e+38 -3.4e+38 -3.4e+38 -3.4e+38 -3.4e+38 -3.4e+38 -3.4e+38 -3.4e+38 -3.4e+38 -3.4e+38 -3.4e+38 -3.4e+38 -3.4e+38 -3.4e+38 -3.4e+38 -3.4e+38 -3.4e+38 -3.4e+38 -3.4e+38 -3.4e+38 -3.4e+38 -3.4e+38 -3.4e+38 -3.4e+38 -3.4e+38
