data/trimmed_ndre/Aes_ndre.79.2011_no_clouds.asc
NCOLS 109 
NROWS 101 
XLLCORNER 466110 
YLLCORNER 5182005 
CELLSIZE 5 
NODATA_value -3.4e+38 
[rows 40 to 59 of 101, columns 45 to 89 of 109]
0.162388026714325 0.156361043453217 0.151505827903748 0.177534461021423 0.23723728954792 0.318841278553009 0.387400895357132 0.43551179766655 0.483916670084 0.519776880741119 0.534156978130341 0.565110504627228 0.598320305347443 0.593804478645325 0.569660305976868 0.559287846088409 0.537910640239716 0.51996785402298 0.523284196853638 0.527206897735596 0.516205012798309 0.498700827360153 0.478667765855789 0.463805139064789 0.464170575141907 0.472597897052765 0.470439612865448 0.470302283763885 0.473232120275497 0.486431211233139 0.49801167845726 0.519411623477936 0.527996957302094 0.517339646816254 0.498587638139725 0.472429513931274 0.445606708526611 0.410858601331711 0.378944545984268 0.378845602273941 0.38580110669136 0.385632127523422 0.391943901777267 0.403490245342255 0.416700482368469
0.164464086294174 0.158533066511154 0.173821523785591 0.217450022697449 0.28244161605835 0.357016295194626 0.427026748657227 0.46451410651207 0.496158093214035 0.526970326900482 0.557513892650604 0.580930948257446 0.610674619674683 0.603641867637634 0.558806538581848 0.533458709716797 0.511117100715637 0.498877942562103 0.50821715593338 0.528777182102203 0.515673160552979 0.484558552503586 0.466754615306854 0.454006999731064 0.455675423145294 0.455664217472076 0.438239395618439 0.422708600759506 0.439283788204193 0.464038074016571 0.462658494710922 0.488681107759476 0.526025295257568 0.53245335817337 0.521156549453735 0.486253172159195 0.435606598854065 0.399672299623489 0.380216777324677 0.382435083389282 0.393123120069504 0.393285244703293 0.401545643806458 0.405162334442139 0.409477204084396
0.174008592963219 0.179604306817055 0.212309956550598 0.2754165828228 0.356937050819397 0.419464141130447 0.470337688922882 0.49951359629631 0.522932350635529 0.545713245868683 0.57096529006958 0.588485240936279 0.591953158378601 0.584262251853943 0.546731770038605 0.5107302069664 0.49368342757225 0.484784007072449 0.487992137670517 0.501527786254883 0.496010482311249 0.479337722063065 0.471700459718704 0.461516529321671 0.454919695854187 0.454462289810181 0.443235844373703 0.416047841310501 0.433616369962692 0.46810644865036 0.469597399234772 0.481198966503143 0.511592745780945 0.540054440498352 0.541698336601257 0.505081832408905 0.435911595821381 0.391635745763779 0.38521209359169 0.383797377347946 0.390392750501633 0.394575446844101 0.401351034641266 0.398340135812759 0.391203641891479
0.188857585191727 0.197262316942215 0.252728670835495 0.345000505447388 0.419480293989182 0.45887079834938 0.495694756507874 0.525775372982025 0.544320046901703 0.566993951797485 0.593531548976898 0.592770159244537 0.564839422702789 0.549426257610321 0.529393494129181 0.50321900844574 0.48500394821167 0.470511466264725 0.456822127103806 0.452924907207489 0.461099922657013 0.459668934345245 0.460808485746384 0.46212512254715 0.467986404895782 0.461619198322296 0.452862620353699 0.43846794962883 0.448921859264374 0.463548392057419 0.472740888595581 0.487714886665344 0.490340143442154 0.514464795589447 0.534000098705292 0.512875080108643 0.464200168848038 0.416601836681366 0.400409519672394 0.394548535346985 0.392650336027145 0.392807602882385 0.400474220514297 0.404452979564667 0.400471478700638
0.203726038336754 0.22322541475296 0.303005129098892 0.406742036342621 0.462508261203766 0.47060289978981 0.504319131374359 0.537669062614441 0.554429590702057 0.566964030265808 0.584676206111908 0.582515954971313 0.547269582748413 0.515645146369934 0.501520574092865 0.48455411195755 0.459412962198257 0.442637473344803 0.426672399044037 0.416367679834366 0.426125884056091 0.434748768806458 0.45107701420784 0.458783060312271 0.460913747549057 0.449757277965546 0.441281825304031 0.453760981559753 0.473292410373688 0.466367185115814 0.47326648235321 0.491451740264893 0.470378994941711 0.477199733257294 0.510078370571136 0.517056703567505 0.49583375453949 0.448763817548752 0.417836576700211 0.412447184324265 0.40505912899971 0.39761283993721 0.399964362382889 0.412543594837189 0.421803146600723
0.213834136724472 0.277076959609985 0.367785394191742 0.447021842002869 0.470738023519516 0.474031627178192 0.498173505067825 0.528811693191528 0.545147776603699 0.551902115345001 0.565043747425079 0.571338355541229 0.538787543773651 0.502144575119019 0.493766784667969 0.464895069599152 0.429954200983047 0.415899842977524 0.415374636650085 0.399108052253723 0.391624063253403 0.404600262641907 0.420854568481445 0.426861673593521 0.428474754095078 0.444558709859848 0.457736968994141 0.469079196453094 0.477871358394623 0.482047557830811 0.479890793561935 0.483758330345154 0.461181372404099 0.476057291030884 0.489869266748428 0.506707727909088 0.510386765003204 0.468059360980988 0.432958960533142 0.420579582452774 0.406659662723541 0.389802604913712 0.391931235790253 0.409061044454575 0.4179707467556
0.253711968660355 0.347279340028763 0.429884016513824 0.46095284819603 0.470100700855255 0.479224234819412 0.501412451267242 0.523549914360046 0.545272469520569 0.559035360813141 0.568973541259766 0.568656504154205 0.54029780626297 0.509019553661346 0.496788859367371 0.455538004636765 0.422212719917297 0.41244187951088 0.405700385570526 0.387523949146271 0.372633695602417 0.375383138656616 0.377285122871399 0.392728477716446 0.403865933418274 0.413793951272964 0.441311329603195 0.4651879966259 0.478880435228348 0.505992770195007 0.489522039890289 0.472154647111893 0.473886013031006 0.475466519594193 0.469335377216339 0.484751641750336 0.507889151573181 0.487954348325729 0.467381715774536 0.438751071691513 0.410437762737274 0.398968160152435 0.390807688236237 0.386297911405563 0.388489753007889
0.319974482059479 0.40861764550209 0.470010757446289 0.4684077501297 0.471648871898651 0.493303537368774 0.518443405628204 0.538508415222168 0.565964639186859 0.581134378910065 0.580375373363495 0.569627404212952 0.547550857067108 0.523281514644623 0.49725130200386 0.459663987159729 0.430529981851578 0.420146375894547 0.412351042032242 0.400200814008713 0.377763271331787 0.35685658454895 0.351158320903778 0.363251179456711 0.372751593589783 0.383306443691254 0.412645548582077 0.459230780601501 0.493413269519806 0.497602611780167 0.500352323055267 0.490428596735001 0.483646869659424 0.467600792646408 0.466311126947403 0.459642887115479 0.471358686685562 0.484505325555801 0.484564244747162 0.466665685176849 0.443063616752625 0.427745759487152 0.399902105331421 0.36318165063858 0.35545140504837
0.382153451442719 0.433391630649567 0.475660115480423 0.485586196184158 0.500960886478424 0.528525650501251 0.542968809604645 0.5605708360672 0.583125948905945 0.593882620334625 0.584738850593567 0.563112616539001 0.544065177440643 0.525060296058655 0.497428476810455 0.461543560028076 0.430989891290665 0.429812759160995 0.430080860853195 0.413547813892365 0.390198349952698 0.351895362138748 0.332977414131165 0.341864794492722 0.338457226753235 0.358259439468384 0.402885437011719 0.441825538873672 0.486610323190689 0.50171434879303 0.502473115921021 0.511407792568207 0.505956828594208 0.488816738128662 0.459494352340698 0.426973223686218 0.433256894350052 0.471024572849274 0.488605886697769 0.494003176689148 0.480202049016953 0.446373999118805 0.404107183218002 0.362496435642242 0.364579409360886
0.45129007101059 0.467240005731583 0.49373197555542 0.524004757404327 0.54638797044754 0.560413837432861 0.560868382453918 0.564877808094025 0.579900324344635 0.588686406612396 0.576852858066559 0.5571648478508 0.538362920284271 0.526010692119598 0.495491981506348 0.453667819499969 0.425247222185135 0.430159151554108 0.433967858552933 0.413957178592682 0.39426851272583 0.353599041700363 0.321809083223343 0.320412635803223 0.315572112798691 0.329136520624161 0.377199709415436 0.414742708206177 0.440139681100845 0.470549434423447 0.494051933288574 0.535593807697296 0.548115491867065 0.534938275814056 0.502861320972443 0.460190922021866 0.43366277217865 0.455828696489334 0.495313614606857 0.515375673770905 0.50288200378418 0.452827215194702 0.405659049749374 0.393352806568146 0.414309859275818
0.492355734109879 0.500884294509888 0.52398157119751 0.557620942592621 0.571504473686218 0.571863889694214 0.571581602096558 0.564986288547516 0.568608343601227 0.576232254505157 0.567512154579163 0.567617058753967 0.553289294242859 0.524300813674927 0.491618633270264 0.448637425899506 0.420266211032867 0.419079959392548 0.42924365401268 0.411081790924072 0.379315942525864 0.351347476243973 0.311046540737152 0.302554965019226 0.315751075744629 0.298796534538269 0.323364526033401 0.36454701423645 0.365493774414062 0.423602700233459 0.488796979188919 0.522879362106323 0.552284836769104 0.573318302631378 0.565503120422363 0.520729601383209 0.467260599136353 0.449079692363739 0.4835364818573 0.501890301704407 0.480184733867645 0.447810113430023 0.429469406604767 0.434884667396545 0.455606818199158
0.506315946578979 0.518866956233978 0.541155695915222 0.567565619945526 0.58862042427063 0.592771470546722 0.587139844894409 0.572391271591187 0.5654456615448 0.56882381439209 0.566936671733856 0.572107374668121 0.565146863460541 0.527305781841278 0.492614239454269 0.450400084257126 0.421835631132126 0.419470548629761 0.422896265983582 0.402145177125931 0.362990260124207 0.338513284921646 0.299983948469162 0.29009085893631 0.305357724428177 0.290293604135513 0.296493768692017 0.318943828344345 0.333081603050232 0.387450605630875 0.446664482355118 0.490779459476471 0.535514116287231 0.562117874622345 0.58365398645401 0.563516080379486 0.505067825317383 0.456494569778442 0.445403605699539 0.457878887653351 0.456456124782562 0.458490878343582 0.478097856044769 0.501727163791656 0.512179970741272
0.512890100479126 0.527253270149231 0.56003725528717 0.581578969955444 0.589002847671509 0.599600374698639 0.59441077709198 0.571986258029938 0.555624425411224 0.555584669113159 0.566959500312805 0.571166336536407 0.563910722732544 0.53202348947525 0.4863440990448 0.451090186834335 0.42824050784111 0.422714114189148 0.414990127086639 0.397785246372223 0.362606465816498 0.328586280345917 0.30641296505928 0.301093757152557 0.309546589851379 0.308561354875565 0.306810587644577 0.313542574644089 0.341849207878113 0.376946359872818 0.4239262342453 0.459944128990173 0.492576718330383 0.525014042854309 0.563863277435303 0.577124416828156 0.543585598468781 0.501374244689941 0.460596710443497 0.457678854465485 0.480051040649414 0.502703487873077 0.536167562007904 0.560851871967316 0.56352823972702
0.52680641412735 0.538758158683777 0.569268524646759 0.587046504020691 0.580155432224274 0.585061132907867 0.5829998254776 0.570247530937195 0.564003050327301 0.559482336044312 0.561232507228851 0.559511423110962 0.545790791511536 0.520906209945679 0.478198736906052 0.447721719741821 0.440873980522156 0.438822329044342 0.421592026948929 0.392681926488876 0.37511020898819 0.344281494617462 0.323541343212128 0.32858669757843 0.328380674123764 0.328984618186951 0.3405601978302 0.33017686009407 0.34740886092186 0.385019302368164 0.424956530332565 0.43248650431633 0.450027942657471 0.496231228113174 0.524031102657318 0.568776667118073 0.585917890071869 0.562211692333221 0.523837149143219 0.508082985877991 0.524860560894012 0.552371025085449 0.571595966815948 0.586592257022858 0.59615683555603
0.546703577041626 0.549285411834717 0.567994773387909 0.587164878845215 0.584505379199982 0.584696471691132 0.580042898654938 0.579659342765808 0.579422533512115 0.567182600498199 0.539651155471802 0.523027539253235 0.525849938392639 0.523070633411407 0.50107741355896 0.479721426963806 0.472205489873886 0.46923291683197 0.449995130300522 0.417949825525284 0.401058226823807 0.370826661586761 0.349070817232132 0.355779379606247 0.363932460546494 0.368830502033234 0.366355538368225 0.346364378929138 0.34780079126358 0.382615923881531 0.405851125717163 0.408808380365372 0.423105776309967 0.464572072029114 0.500676810741425 0.548084259033203 0.594162404537201 0.590251564979553 0.565940737724304 0.575180053710938 0.575301110744476 0.574644386768341 0.583118140697479 0.594255745410919 0.616841733455658
0.559648931026459 0.561151683330536 0.567442953586578 0.579480290412903 0.579542279243469 0.577282965183258 0.581852555274963 0.584897756576538 0.582232177257538 0.567634582519531 0.536390364170074 0.502850472927094 0.509336292743683 0.533035576343536 0.546639025211334 0.540524005889893 0.526838719844818 0.52697479724884 0.501926004886627 0.461856335401535 0.436250597238541 0.408892780542374 0.377416908740997 0.373927026987076 0.382681787014008 0.386029273271561 0.386363953351974 0.371153324842453 0.340112954378128 0.365183413028717 0.396334439516068 0.392875522375107 0.413679301738739 0.443221211433411 0.48468416929245 0.527381181716919 0.577604115009308 0.599719405174255 0.602816700935364 0.613539516925812 0.603352665901184 0.588627755641937 0.591123759746552 0.60882580280304 0.62169885635376
0.569121599197388 0.582131326198578 0.58080792427063 0.576976597309113 0.573980391025543 0.578478455543518 0.585871160030365 0.581615090370178 0.577527046203613 0.563548147678375 0.535869061946869 0.500090539455414 0.502901196479797 0.544467270374298 0.572160959243774 0.581483960151672 0.584258556365967 0.582426309585571 0.542573809623718 0.504721581935883 0.47783637046814 0.449625760316849 0.414959788322449 0.39712381362915 0.401197224855423 0.404559075832367 0.42439392209053 0.397203087806702 0.346526116132736 0.356886088848114 0.370010733604431 0.372466832399368 0.403392404317856 0.422576785087585 0.451082438230515 0.505313098430634 0.558320999145508 0.596477806568146 0.611676216125488 0.616425454616547 0.613987267017365 0.612729430198669 0.613653182983398 0.622265040874481 0.622620224952698
0.573069930076599 0.598541259765625 0.60423731803894 0.592159152030945 0.586824178695679 0.587343573570251 0.591916859149933 0.590673267841339 0.583121299743652 0.560295939445496 0.532124221324921 0.51219654083252 0.516812443733215 0.556235373020172 0.586549937725067 0.602253079414368 0.610065162181854 0.595879375934601 0.555364608764648 0.534211158752441 0.520201623439789 0.495951890945435 0.466259151697159 0.441321223974228 0.440164804458618 0.443754345178604 0.453999370336533 0.415709853172302 0.351978749036789 0.33892610669136 0.334649324417114 0.342195838689804 0.37265944480896 0.41356286406517 0.446478337049484 0.493109613656998 0.544951021671295 0.586535394191742 0.60377299785614 0.61023885011673 0.619244754314423 0.626238524913788 0.622855365276337 0.623014450073242 0.627805888652802
0.56894326210022 0.593484461307526 0.613803565502167 0.604776740074158 0.597306370735168 0.588767290115356 0.584350407123566 0.581289410591125 0.570492446422577 0.549527585506439 0.527240037918091 0.523417115211487 0.530228793621063 0.554293155670166 0.578901827335358 0.589436769485474 0.599593579769135 0.590081572532654 0.56650710105896 0.566311120986938 0.562796533107758 0.548549354076385 0.524160385131836 0.491679936647415 0.478839725255966 0.484847456216812 0.478621780872345 0.431536018848419 0.35951566696167 0.319461196660995 0.315093994140625 0.327459126710892 0.360017150640488 0.406417071819305 0.443980485200882 0.480810075998306 0.526014566421509 0.575669884681702 0.593160629272461 0.599563717842102 0.610103011131287 0.616929292678833 0.617948591709137 0.613960385322571 0.621795773506165
0.569749712944031 0.58587771654129 0.60192596912384 0.58982652425766 0.571485340595245 0.56418377161026 0.544474124908447 0.535436034202576 0.537872612476349 0.538128435611725 0.527174353599548 0.518767595291138 0.521872222423553 0.535304248332977 0.547538757324219 0.562200963497162 0.584790110588074 0.584763705730438 0.585303604602814 0.600360989570618 0.598043739795685 0.590234756469727 0.560576200485229 0.525289237499237 0.513002514839172 0.508666634559631 0.480426102876663 0.428612262010574 0.359116345643997 0.309142172336578 0.312315493822098 0.326386094093323 0.357880085706711 0.39775162935257 0.431621819734573 0.4613396525383 0.50483113527298 0.548337996006012 0.561667263507843 0.578500509262085 0.593187510967255 0.602615773677826 0.61266827583313 0.615054666996002 0.629324197769165
