data/trimmed_ndre/Aes_ndre.628.2015_no_clouds.asc
NCOLS 109 
NROWS 101 
XLLCORNER 466110 
YLLCORNER 5182005 
CELLSIZE 5 
NODATA_value -3.4e+38 
[rows 40 to 59 of 101, columns 0 to 44 of 109]
-3.4e+38 -3.4e+38 -3.4e+38 -3.4e+38 -3.4e+38 -3.4e+38 -3.4e+38 -3.4e+38 -3.4e+38 -3.4e+38 -3.4e+38 -3.4e+38 0.278110265731812 0.290556699037552 0.260273486375809 0.233501762151718 0.246357023715973 0.24868842959404 0.278307437896729 0.32993483543396 0.368133544921875 0.385815292596817 0.388336151838303 0.387602269649506 0.395276427268982 0.403112679719925 0.416976541280746 0.418348789215088 0.410630375146866 0.387152314186096 0.368920534849167 0.36339271068573 0.34203764796257 0.32526358962059 0.357383370399475 0.402436465024948 0.412721306085587 0.356721580028534 0.278969466686249 0.238042384386063 0.228656858205795 0.203754156827927 0.189582467079163 0.201556816697121 0.20389698445797
-3.4e+38 -3.4e+38 -3.4e+38 -3.4e+38 -3.4e+38 -3.4e+38 -3.4e+38 -3.4e+38 -3.4e+38 -3.4e+38 -3.4e+38 -3.4e+38 0.267979115247726 0.27894714474678 0.254248678684235 0.257539868354797 0.284230887889862 0.294978588819504 0.329148441553116 0.372188359498978 0.386347472667694 0.38540905714035 0.395556032657623 0.395457953214645 0.400385499000549 0.408788442611694 0.42079570889473 0.414253890514374 0.395131558179855 0.382356584072113 0.365658789873123 0.34856116771698 0.332326650619507 0.320130318403244 0.337568432092667 0.383524954319 0.395788431167603 0.353776514530182 0.279984354972839 0.224983960390091 0.208818733692169 0.186986893415451 0.188428401947021 0.205049633979797 0.202129945158958
-3.4e+38 -3.4e+38 -3.4e+38 -3.4e+38 -3.4e+38 -3.4e+38 -3.4e+38 -3.4e+38 -3.4e+38 -3.4e+38 -3.4e+38 0.273162484169006 0.260054737329483 0.266570746898651 0.252165824174881 0.282151490449905 0.32697457075119 0.360091537237167 0.388976514339447 0.400199621915817 0.401058048009872 0.403561621904373 0.415455222129822 0.409868597984314 0.412341475486755 0.419436872005463 0.415635049343109 0.397836834192276 0.378643035888672 0.376096546649933 0.364759057760239 0.358900845050812 0.343653917312622 0.327512562274933 0.321401834487915 0.355517029762268 0.369634389877319 0.33571857213974 0.295654892921448 0.243838101625443 0.217538684606552 0.201970294117928 0.206653416156769 0.211703434586525 0.202266648411751
-3.4e+38 -3.4e+38 -3.4e+38 -3.4e+38 -3.4e+38 -3.4e+38 -3.4e+38 -3.4e+38 -3.4e+38 -3.4e+38 -3.4e+38 0.261690109968185 0.252468109130859 0.260343998670578 0.277204781770706 0.316430628299713 0.357101798057556 0.392087250947952 0.410293489694595 0.40433794260025 0.404908001422882 0.412373185157776 0.422638803720474 0.418563812971115 0.417591512203217 0.409465432167053 0.389497429132462 0.373974978923798 0.358569115400314 0.362091839313507 0.372552454471588 0.391088992357254 0.388871759176254 0.360639125108719 0.337589025497437 0.339205533266068 0.337692588567734 0.309844434261322 0.292879402637482 0.249551981687546 0.218752160668373 0.214146986603737 0.217920958995819 0.205740079283714 0.196256995201111
-3.4e+38 -3.4e+38 -3.4e+38 -3.4e+38 -3.4e+38 -3.4e+38 -3.4e+38 -3.4e+38 -3.4e+38 -3.4e+38 -3.4e+38 0.244952574372292 0.247911006212234 0.270044445991516 0.312664002180099 0.350664228200912 0.370400309562683 0.390677571296692 0.399637788534164 0.396042048931122 0.400181740522385 0.407343983650208 0.412856668233871 0.412106662988663 0.413423508405685 0.397124290466309 0.373137205839157 0.360377341508865 0.346893131732941 0.347337752580643 0.367488890886307 0.392910361289978 0.399367183446884 0.38516891002655 0.355160176753998 0.325842589139938 0.302236884832382 0.274449020624161 0.255796402692795 0.230465412139893 0.207628026604652 0.205607831478119 0.215869784355164 0.212444394826889 0.203471958637238
-3.4e+38 -3.4e+38 -3.4e+38 -3.4e+38 -3.4e+38 -3.4e+38 -3.4e+38 -3.4e+38 -3.4e+38 -3.4e+38 -3.4e+38 0.248010993003845 0.257114470005035 0.28822335600853 0.331949532032013 0.365898758172989 0.380061388015747 0.381037205457687 0.375584363937378 0.377985924482346 0.390145093202591 0.398030906915665 0.399763524532318 0.404078304767609 0.412122219800949 0.383826106786728 0.369725316762924 0.359554052352905 0.341025620698929 0.327582091093063 0.334842532873154 0.348006069660187 0.349422246217728 0.366887032985687 0.3509261906147 0.313690990209579 0.291111320257187 0.254031926393509 0.228577196598053 0.222157001495361 0.210561543703079 0.208177402615547 0.215196132659912 0.216693952679634 0.210002571344376
-3.4e+38 -3.4e+38 -3.4e+38 -3.4e+38 -3.4e+38 -3.4e+38 -3.4e+38 -3.4e+38 -3.4e+38 -3.4e+38 0.277639597654343 0.255658388137817 0.269017934799194 0.307833224534988 0.331361949443817 0.360597968101501 0.369203060865402 0.356506288051605 0.353381454944611 0.364732891321182 0.383325576782227 0.393767148256302 0.396317392587662 0.409994870424271 0.40943518280983 0.369859576225281 0.378144681453705 0.358247309923172 0.315686851739883 0.302057385444641 0.301228851079941 0.305953294038773 0.313438922166824 0.343019157648087 0.331290185451508 0.288465678691864 0.272145330905914 0.247027739882469 0.226066514849663 0.218461155891418 0.209307685494423 0.209914743900299 0.215934216976166 0.218562379479408 0.216244205832481
-3.4e+38 -3.4e+38 -3.4e+38 -3.4e+38 -3.4e+38 -3.4e+38 -3.4e+38 -3.4e+38 -3.4e+38 -3.4e+38 0.268514394760132 0.259419441223145 0.286876261234283 0.32431572675705 0.32364284992218 0.344158202409744 0.347742468118668 0.339340627193451 0.346656531095505 0.355878740549088 0.373386859893799 0.38502898812294 0.3865787088871 0.399245321750641 0.391146570444107 0.366116493940353 0.391425371170044 0.36183899641037 0.310826689004898 0.301571637392044 0.294687330722809 0.29119485616684 0.291336506605148 0.30467164516449 0.290342956781387 0.263171553611755 0.249870285391808 0.239335238933563 0.226765707135201 0.219446539878845 0.214777335524559 0.216730460524559 0.223938465118408 0.22295555472374 0.218487858772278
-3.4e+38 -3.4e+38 -3.4e+38 -3.4e+38 -3.4e+38 -3.4e+38 -3.4e+38 -3.4e+38 -3.4e+38 -3.4e+38 0.261706590652466 0.268084526062012 0.316338509321213 0.335612624883652 0.318102955818176 0.333554476499557 0.333476185798645 0.338891535997391 0.353197515010834 0.358909010887146 0.361346751451492 0.364137530326843 0.366241812705994 0.372066408395767 0.36676761507988 0.367432206869125 0.391866236925125 0.370976090431213 0.344994336366653 0.324678301811218 0.300155222415924 0.282660186290741 0.269409030675888 0.263996303081512 0.258303761482239 0.249732613563538 0.237137600779533 0.226629123091698 0.223983004689217 0.229285717010498 0.232309937477112 0.230626866221428 0.230567187070847 0.221074908971786 0.211359649896622
-3.4e+38 -3.4e+38 -3.4e+38 -3.4e+38 -3.4e+38 -3.4e+38 -3.4e+38 -3.4e+38 -3.4e+38 0.256349354982376 0.265084892511368 0.285035490989685 0.329653680324554 0.339832216501236 0.323858678340912 0.332534641027451 0.326787620782852 0.352643430233002 0.379576086997986 0.37068447470665 0.350015938282013 0.345031142234802 0.348294705152512 0.347142845392227 0.347308933734894 0.352073073387146 0.369012832641602 0.376738041639328 0.388156861066818 0.359818935394287 0.31351575255394 0.293107867240906 0.260543674230576 0.24211049079895 0.241966798901558 0.237413048744202 0.227567061781883 0.220926076173782 0.225192278623581 0.23996713757515 0.244252771139145 0.232248082756996 0.223661452531815 0.212918683886528 0.212756052613258
-3.4e+38 -3.4e+38 -3.4e+38 -3.4e+38 -3.4e+38 -3.4e+38 -3.4e+38 -3.4e+38 -3.4e+38 0.235917896032333 0.266089081764221 0.313208311796188 0.334256231784821 0.344002574682236 0.342816650867462 0.34281387925148 0.344245791435242 0.371797740459442 0.39156785607338 0.375138998031616 0.347814530134201 0.335843235254288 0.337356388568878 0.333408415317535 0.328336358070374 0.314694494009018 0.328139245510101 0.354847878217697 0.367803871631622 0.347012609243393 0.303951531648636 0.284198403358459 0.25686252117157 0.229523986577988 0.222587272524834 0.22457167506218 0.223651260137558 0.222871541976929 0.227534353733063 0.238035276532173 0.240849435329437 0.227047070860863 0.208624795079231 0.209101468324661 0.222261309623718
-3.4e+38 -3.4e+38 -3.4e+38 -3.4e+38 -3.4e+38 -3.4e+38 -3.4e+38 -3.4e+38 -3.4e+38 0.241345301270485 0.290294975042343 0.334505707025528 0.344445288181305 0.346223145723343 0.345927983522415 0.347678065299988 0.358668506145477 0.372333467006683 0.374642938375473 0.375051707029343 0.362241983413696 0.341814607381821 0.32907247543335 0.315773367881775 0.298296928405762 0.281656891107559 0.282673120498657 0.287611037492752 0.282704621553421 0.292728692293167 0.274487763643265 0.254055976867676 0.241525933146477 0.221051394939423 0.212220013141632 0.218028113245964 0.225800275802612 0.22559280693531 0.225309103727341 0.231812208890915 0.231915891170502 0.217403635382652 0.206444755196571 0.217844158411026 0.231912031769753
-3.4e+38 -3.4e+38 -3.4e+38 -3.4e+38 -3.4e+38 -3.4e+38 -3.4e+38 -3.4e+38 -3.4e+38 0.26231586933136 0.304131984710693 0.327798962593079 0.341352730989456 0.342368334531784 0.332194954156876 0.333146661520004 0.355780869722366 0.377284944057465 0.378591418266296 0.399998068809509 0.392092227935791 0.350625693798065 0.320597231388092 0.292688459157944 0.268686592578888 0.247194066643715 0.234210729598999 0.221182346343994 0.224670052528381 0.256523162126541 0.247731566429138 0.224052131175995 0.223789349198341 0.218538776040077 0.211132377386093 0.217769399285316 0.227535158395767 0.22313417494297 0.221980273723602 0.224190875887871 0.220101177692413 0.217290341854095 0.218974158167839 0.231648117303848 0.236249715089798
-3.4e+38 -3.4e+38 -3.4e+38 -3.4e+38 -3.4e+38 -3.4e+38 -3.4e+38 -3.4e+38 0.248987302184105 0.26666721701622 0.300110846757889 0.319588333368301 0.332714676856995 0.331523358821869 0.324571877717972 0.32830747961998 0.35799703001976 0.393000781536102 0.407193392515182 0.435275822877884 0.415180861949921 0.35006707906723 0.316895514726639 0.293898016214371 0.256051331758499 0.217032834887505 0.197619035840034 0.19307416677475 0.202549174427986 0.221049055457115 0.226542964577675 0.222813710570335 0.219240382313728 0.216747060418129 0.21386082470417 0.220500856637955 0.226474702358246 0.217592686414719 0.21895931661129 0.21952523291111 0.216738149523735 0.22247651219368 0.228522092103958 0.235192835330963 0.239192694425583
-3.4e+38 -3.4e+38 -3.4e+38 -3.4e+38 -3.4e+38 -3.4e+38 -3.4e+38 -3.4e+38 0.238879233598709 0.264446824789047 0.307759612798691 0.329319834709167 0.333815425634384 0.33130419254303 0.327455699443817 0.331913620233536 0.355646014213562 0.395178705453873 0.426040291786194 0.444581657648087 0.437058806419373 0.388778120279312 0.334927380084991 0.301456302404404 0.249333843588829 0.202443033456802 0.181500598788261 0.177813306450844 0.169991970062256 0.185178846120834 0.214752212166786 0.221796333789825 0.217228725552559 0.209434777498245 0.207969814538956 0.215461149811745 0.212519496679306 0.204457998275757 0.217053905129433 0.222323015332222 0.218504697084427 0.218558728694916 0.225101754069328 0.237448915839195 0.247626706957817
-3.4e+38 -3.4e+38 -3.4e+38 -3.4e+38 -3.4e+38 -3.4e+38 -3.4e+38 -3.4e+38 0.257358372211456 0.28683066368103 0.329335898160934 0.351118296384811 0.347887426614761 0.345101863145828 0.338327437639236 0.341053366661072 0.354784727096558 0.384361177682877 0.416539520025253 0.429013878107071 0.417914807796478 0.390027701854706 0.339913964271545 0.290231168270111 0.239555224776268 0.194528713822365 0.171515375375748 0.165557846426964 0.165907487273216 0.183111876249313 0.20366607606411 0.20297509431839 0.207174986600876 0.206498727202415 0.20954455435276 0.21808859705925 0.19970229268074 0.192354157567024 0.21120448410511 0.221484333276749 0.221452236175537 0.21767920255661 0.225054070353508 0.24208502471447 0.260592818260193
-3.4e+38 -3.4e+38 -3.4e+38 -3.4e+38 -3.4e+38 -3.4e+38 -3.4e+38 0.264717012643814 0.293622046709061 0.326000928878784 0.348959296941757 0.366668939590454 0.370582103729248 0.367587864398956 0.360612779855728 0.356903374195099 0.362971901893616 0.376142591238022 0.391639441251755 0.392815709114075 0.376299172639847 0.365872651338577 0.336394906044006 0.286739319562912 0.240602180361748 0.208740010857582 0.190644025802612 0.184978947043419 0.189892426133156 0.205110281705856 0.209017693996429 0.20022913813591 0.207952484488487 0.222367033362389 0.226140052080154 0.221556231379509 0.207056552171707 0.20699904859066 0.225801363587379 0.224677786231041 0.222768738865852 0.225171685218811 0.23058520257473 0.239441394805908 0.265895456075668
-3.4e+38 -3.4e+38 -3.4e+38 -3.4e+38 -3.4e+38 -3.4e+38 -3.4e+38 0.264889597892761 0.311641871929169 0.351246953010559 0.362800449132919 0.38127589225769 0.38641756772995 0.381509155035019 0.378071516752243 0.379964679479599 0.380834519863129 0.379057288169861 0.375718474388123 0.37517985701561 0.36503329873085 0.353715151548386 0.341160535812378 0.299600720405579 0.251917004585266 0.229334726929665 0.208224713802338 0.201143532991409 0.20223194360733 0.205170273780823 0.21268367767334 0.209754526615143 0.212913766503334 0.236609786748886 0.228533521294594 0.212731748819351 0.223332956433296 0.220137566328049 0.231186389923096 0.235749095678329 0.219540804624557 0.230031788349152 0.245096951723099 0.256799936294556 0.283070981502533
-3.4e+38 -3.4e+38 -3.4e+38 -3.4e+38 -3.4e+38 -3.4e+38 -3.4e+38 0.254493474960327 0.311628937721252 0.357299119234085 0.365285575389862 0.377779364585876 0.372497826814651 0.369624882936478 0.380246847867966 0.396334558725357 0.400904148817062 0.39553239941597 0.391078442335129 0.399666160345078 0.383539468050003 0.345876961946487 0.323286265134811 0.279139220714569 0.236753523349762 0.218925774097443 0.202644050121307 0.199390962719917 0.205214455723763 0.205226480960846 0.212190702557564 0.219122007489204 0.219176441431046 0.234284609556198 0.223701536655426 0.211488008499146 0.225763604044914 0.225228473544121 0.23375403881073 0.245074421167374 0.232510358095169 0.240429610013962 0.256687223911285 0.275980770587921 0.299988240003586
-3.4e+38 -3.4e+38 -3.4e+38 -3.4e+38 -3.4e+38 -3.4e+38 0.230139926075935 0.274663329124451 0.322277456521988 0.348766207695007 0.347601860761642 0.352400302886963 0.347754418849945 0.3461654484272 0.368862450122833 0.394973814487457 0.401418775320053 0.405360490083694 0.408919453620911 0.406372994184494 0.371299982070923 0.31671079993248 0.283992677927017 0.24643886089325 0.223813474178314 0.215988084673882 0.210844919085503 0.213525131344795 0.21892112493515 0.21666955947876 0.21223483979702 0.217731803655624 0.218632444739342 0.2173732817173 0.224460005760193 0.231163069605827 0.231263652443886 0.229379907250404 0.231632843613625 0.238340824842453 0.246832951903343 0.255515933036804 0.266552746295929 0.286647379398346 0.308851212263107
