data/trimmed_ndre/Aes_ndre.65.2015_no_clouds.asc
NCOLS 109 
NROWS 101 
XLLCORNER 466110 
YLLCORNER 5182005 
CELLSIZE 5 
NODATA_value -3.4e+38 
[rows 20 to 39 of 101, columns 45 to 89 of 109]
-3.4e+38 -3.4e+38 -3.4e+38 -3.4e+38 -3.4e+38 -3.4e+38 -3.4e+38 -3.4e+38 0.380138337612152 0.479314118623734 0.527633965015411 0.526207089424133 0.531983554363251 0.540450930595398 0.512922048568726 0.475480079650879 0.457827538251877 0.445468097925186 0.429227083921432 0.414464771747589 0.408451944589615 0.422254085540771 0.468884348869324 0.517943441867828 0.549196600914001 0.559920370578766 0.556474685668945 0.535614013671875 0.546964883804321 0.558388411998749 0.531419396400452 0.523592293262482 0.528221011161804 0.540414273738861 0.551434338092804 0.549961984157562 0.536770582199097 0.507051944732666 0.459440976381302 0.421030104160309 0.370115339756012 0.338822782039642 -3.4e+38 -3.4e+38 -3.4e+38
-3.4e+38 -3.4e+38 -3.4e+38 -3.4e+38 -3.4e+38 -3.4e+38 -3.4e+38 0.383547991514206 0.465417593717575 0.5189448595047 0.512776494026184 0.495989263057709 0.509510338306427 0.510454893112183 0.474198371171951 0.430720210075378 0.422603577375412 0.433533787727356 0.437770694494247 0.435726910829544 0.43664163351059 0.445565462112427 0.472202152013779 0.514966607093811 0.551489651203156 0.565080761909485 0.559962332248688 0.545684576034546 0.559801518917084 0.571694672107697 0.564672231674194 0.554923892021179 0.548335552215576 0.552047669887543 0.554995954036713 0.541588723659515 0.50556355714798 0.466517448425293 0.436461687088013 0.418103933334351 0.386093765497208 0.377204418182373 0.369022071361542 -3.4e+38 -3.4e+38
-3.4e+38 -3.4e+38 -3.4e+38 -3.4e+38 -3.4e+38 0.352525442838669 0.403114229440689 0.451087355613708 0.488693863153458 0.496648132801056 0.487094312906265 0.48612454533577 0.462352305650711 0.450646936893463 0.435644716024399 0.418383479118347 0.414458304643631 0.44818988442421 0.476511478424072 0.477036833763123 0.472588717937469 0.476787507534027 0.487110614776611 0.504056870937347 0.531094312667847 0.551796317100525 0.562048196792603 0.564846932888031 0.569402635097504 0.573158144950867 0.571973085403442 0.564681708812714 0.551970720291138 0.55842787027359 0.560431659221649 0.536572635173798 0.47966256737709 0.429416209459305 0.40940997004509 0.403770327568054 0.401151597499847 0.415666162967682 0.425355017185211 -3.4e+38 -3.4e+38
-3.4e+38 -3.4e+38 0.329048663377762 0.318232327699661 0.374745875597 0.426772356033325 0.459522366523743 0.471804976463318 0.468615472316742 0.476896911859512 0.458286285400391 0.432035714387894 0.404513835906982 0.413856565952301 0.429018825292587 0.44498610496521 0.46004331111908 0.48805370926857 0.507088005542755 0.510084986686707 0.502870798110962 0.504854083061218 0.518343448638916 0.530822932720184 0.54105681180954 0.560290992259979 0.573891282081604 0.58258980512619 0.584112286567688 0.589062809944153 0.58372575044632 0.56611430644989 0.544583559036255 0.554483771324158 0.56911826133728 0.545087933540344 0.478202700614929 0.410705357789993 0.391419023275375 0.385342508554459 0.385441213846207 0.411948412656784 0.469814479351044 0.476699411869049 -3.4e+38
0.36924135684967 0.30926838517189 0.33229723572731 0.384521931409836 0.444087564945221 0.464869052171707 0.464065372943878 0.45434445142746 0.440674334764481 0.430122554302216 0.40502941608429 0.390150606632233 0.3943952023983 0.436964690685272 0.474646717309952 0.495400726795197 0.507608890533447 0.523389577865601 0.526338398456573 0.52903825044632 0.529825389385223 0.530161499977112 0.550910115242004 0.564235210418701 0.570986807346344 0.58708131313324 0.589871883392334 0.594356894493103 0.602647602558136 0.612030386924744 0.59750109910965 0.564247906208038 0.536342084407806 0.540287494659424 0.556685984134674 0.525494754314423 0.467324554920197 0.408390432596207 0.386814445257187 0.389348298311234 0.413921743631363 0.455238521099091 0.509919583797455 0.518431842327118 -3.4e+38
0.326761603355408 0.34831914305687 0.410639822483063 0.455881893634796 0.472133785486221 0.451656609773636 0.435799300670624 0.43382528424263 0.416264683008194 0.389676958322525 0.376026719808578 0.403977900743484 0.446482092142105 0.486362129449844 0.511498749256134 0.527994930744171 0.53477543592453 0.540902078151703 0.538505792617798 0.544225335121155 0.547399044036865 0.551110208034515 0.573315680027008 0.589723527431488 0.597458779811859 0.598880589008331 0.597103834152222 0.595235705375671 0.605467140674591 0.618655443191528 0.605865597724915 0.571164309978485 0.542442858219147 0.532117784023285 0.531805694103241 0.492317795753479 0.452148765325546 0.420523285865784 0.404531896114349 0.431020438671112 0.466957151889801 0.499054580926895 0.514766693115234 0.494921028614044 0.472064971923828
0.379209876060486 0.41916212439537 0.461554914712906 0.477671712636948 0.46592715382576 0.432796895503998 0.399208933115005 0.389766991138458 0.381063312292099 0.373552173376083 0.386965036392212 0.435134619474411 0.48271256685257 0.518253207206726 0.534521996974945 0.539552986621857 0.528571724891663 0.522342383861542 0.534779131412506 0.562849700450897 0.568648874759674 0.568647563457489 0.577846527099609 0.588166058063507 0.597957730293274 0.601832687854767 0.598222076892853 0.583960890769958 0.583535313606262 0.591447591781616 0.594489514827728 0.583139657974243 0.566457569599152 0.541635453701019 0.513140439987183 0.475501894950867 0.452829450368881 0.466762840747833 0.480165898799896 0.488978862762451 0.50977098941803 0.507384896278381 0.493540287017822 0.484974592924118 0.473209917545319
0.434106260538101 0.445999890565872 0.449944019317627 0.45200651884079 0.43884402513504 0.396411806344986 0.352948725223541 0.336001098155975 0.352298110723495 0.377985268831253 0.419136792421341 0.483445376157761 0.522126793861389 0.541616976261139 0.544539749622345 0.529779493808746 0.512233436107635 0.520406126976013 0.547273397445679 0.581609487533569 0.586752235889435 0.580744624137878 0.573212862014771 0.573171377182007 0.589998722076416 0.602393746376038 0.598046660423279 0.574065268039703 0.559380531311035 0.574072122573853 0.592662334442139 0.599741578102112 0.597334563732147 0.567558944225311 0.524464547634125 0.486547917127609 0.479483038187027 0.518445014953613 0.535367071628571 0.526548027992249 0.537049114704132 0.550002634525299 0.534257233142853 0.50327342748642 0.469053834676743
0.434183925390244 0.417581290006638 0.409546226263046 0.402294486761093 0.380828410387039 0.344801932573318 0.314707189798355 0.311959534883499 0.347268104553223 0.41543173789978 0.478749960660934 0.532455623149872 0.557776093482971 0.552277803421021 0.533357441425323 0.516285181045532 0.525049984455109 0.544618487358093 0.566845655441284 0.586049020290375 0.585361063480377 0.580087125301361 0.575714349746704 0.575846791267395 0.589882791042328 0.607702076435089 0.612498760223389 0.598780572414398 0.573930859565735 0.586047828197479 0.599344551563263 0.611117959022522 0.614763081073761 0.588161647319794 0.555403172969818 0.525227665901184 0.516381442546844 0.542304813861847 0.531906545162201 0.532399356365204 0.553867936134338 0.556756317615509 0.542461395263672 0.517388999462128 0.471747815608978
0.40885865688324 0.397810697555542 0.383232861757278 0.356418371200562 0.321288257837296 0.305661827325821 0.309227913618088 0.342354387044907 0.405050337314606 0.481074303388596 0.531837821006775 0.564946532249451 0.570192039012909 0.532146632671356 0.522922575473785 0.533333837985992 0.559374392032623 0.574409127235413 0.5780308842659 0.577884197235107 0.576960861682892 0.578916192054749 0.585261821746826 0.591483414173126 0.600775718688965 0.61966335773468 0.617618203163147 0.604523122310638 0.591372907161713 0.604596078395844 0.607189893722534 0.613416254520416 0.618118703365326 0.602934777736664 0.592028617858887 0.564008772373199 0.54993611574173 0.567784249782562 0.572100937366486 0.553616642951965 0.544215857982635 0.534403264522552 0.523922502994537 0.517996788024902 0.478853732347488
0.3963443338871 0.387482851743698 0.361549258232117 0.325618416070938 0.302082031965256 0.306282490491867 0.348850786685944 0.414787232875824 0.485197007656097 0.537336945533752 0.551513254642487 0.558356821537018 0.552715241909027 0.530613243579865 0.545636713504791 0.570572078227997 0.589406192302704 0.587455749511719 0.582648456096649 0.580089211463928 0.580876410007477 0.586107492446899 0.594533801078796 0.602669060230255 0.607724249362946 0.611915290355682 0.602795124053955 0.597176194190979 0.600877046585083 0.618626892566681 0.638107299804688 0.643328547477722 0.631316959857941 0.612463891506195 0.609872281551361 0.581924617290497 0.571400880813599 0.581618905067444 0.589511513710022 0.549348175525665 0.523114442825317 0.526532351970673 0.544181525707245 0.504293262958527 0.452849894762039
0.392120510339737 0.373522818088531 0.336171865463257 0.298841297626495 0.310134202241898 0.35785961151123 0.429824322462082 0.492853283882141 0.545556902885437 0.565517723560333 0.548928916454315 0.552067577838898 0.554768800735474 0.558332324028015 0.582924842834473 0.599856376647949 0.601260304450989 0.594517648220062 0.592600286006927 0.592011630535126 0.598049461841583 0.601879775524139 0.601599156856537 0.609347462654114 0.606401860713959 0.598508954048157 0.588323652744293 0.590614914894104 0.606198728084564 0.632966876029968 0.659885168075562 0.661835730075836 0.637466490268707 0.604681730270386 0.579781413078308 0.563023030757904 0.569329261779785 0.578781306743622 0.575166165828705 0.534187078475952 0.513012886047363 0.518869638442993 0.529289364814758 0.499358028173447 0.436441421508789
0.383709192276001 0.35041818022728 0.317039310932159 0.307364851236343 0.369374752044678 0.448406398296356 0.516081273555756 0.534975945949554 0.56904536485672 0.58021205663681 0.565490365028381 0.562461793422699 0.577297866344452 0.589810729026794 0.598780453205109 0.605060636997223 0.60470974445343 0.602139174938202 0.604545116424561 0.607678532600403 0.620520770549774 0.623640060424805 0.618858456611633 0.61816269159317 0.607179999351501 0.599928677082062 0.599113643169403 0.605549335479736 0.624389231204987 0.64474093914032 0.663010358810425 0.662431716918945 0.632619380950928 0.597040414810181 0.565343201160431 0.54831850528717 0.556651771068573 0.558263838291168 0.544892728328705 0.50866711139679 0.473391830921173 0.48215040564537 0.517988085746765 0.51493901014328 0.446180611848831
0.377562165260315 0.356587886810303 0.345978856086731 0.366303890943527 0.4558025598526 0.53437602519989 0.56285947561264 0.545100092887878 0.566941618919373 0.581744492053986 0.582289159297943 0.579515278339386 0.593573093414307 0.595239758491516 0.598558008670807 0.606075644493103 0.612160682678223 0.611198663711548 0.616027653217316 0.627757728099823 0.638867259025574 0.641730487346649 0.63637113571167 0.629484534263611 0.622590720653534 0.623003244400024 0.624968826770782 0.630583107471466 0.64396071434021 0.645227611064911 0.653324544429779 0.652703881263733 0.629313409328461 0.602211058139801 0.56134557723999 0.535936534404755 0.535248279571533 0.526148974895477 0.51468300819397 0.479910463094711 0.445208966732025 0.461589992046356 0.52924656867981 0.543389678001404 0.496363133192062
0.380645573139191 0.375383108854294 0.404804527759552 0.450985103845596 0.513896346092224 0.555201768875122 0.572320699691772 0.565569937229156 0.567631304264069 0.576409816741943 0.584388911724091 0.589897036552429 0.599641561508179 0.595951080322266 0.602238714694977 0.613649189472198 0.623990118503571 0.62566876411438 0.632692992687225 0.64134019613266 0.648192763328552 0.652301490306854 0.648701369762421 0.645872294902802 0.64810436964035 0.649943292140961 0.645709753036499 0.651510119438171 0.657529890537262 0.64252108335495 0.654590547084808 0.652244031429291 0.630770742893219 0.605977833271027 0.554277658462524 0.524075090885162 0.513261318206787 0.503056943416595 0.498182624578476 0.460089474916458 0.442173928022385 0.474451065063477 0.537813067436218 0.551365971565247 0.521839559078217
0.385898232460022 0.408115446567535 0.472085356712341 0.513013541698456 0.537832021713257 0.556085407733917 0.577948987483978 0.581354379653931 0.573749125003815 0.567428886890411 0.57782506942749 0.586045265197754 0.592388689517975 0.595395565032959 0.613537788391113 0.625395774841309 0.63033527135849 0.630743443965912 0.641472995281219 0.649445414543152 0.652162730693817 0.652032256126404 0.653596580028534 0.655695199966431 0.659199893474579 0.660982668399811 0.652112424373627 0.664297759532928 0.665346741676331 0.646816968917847 0.652783274650574 0.650162935256958 0.631787002086639 0.598388195037842 0.541680097579956 0.518454492092133 0.511784553527832 0.504298388957977 0.491955757141113 0.452197432518005 0.450770676136017 0.483895868062973 0.53123939037323 0.543798983097076 0.528926610946655
0.408170819282532 0.469765484333038 0.530564606189728 0.546100914478302 0.553440868854523 0.56154865026474 0.576315701007843 0.574276328086853 0.566469848155975 0.562838494777679 0.575350761413574 0.578802883625031 0.586624145507812 0.598551750183105 0.62161386013031 0.628673195838928 0.631942629814148 0.636554181575775 0.648939490318298 0.657319962978363 0.657542526721954 0.654812514781952 0.655381500720978 0.654541671276093 0.655889928340912 0.653857469558716 0.646200895309448 0.660951018333435 0.657445669174194 0.648592829704285 0.650849044322968 0.650932848453522 0.632610380649567 0.596497774124146 0.54983788728714 0.521215558052063 0.518945097923279 0.511673510074615 0.486432045698166 0.447068572044373 0.450093954801559 0.486546158790588 0.521421313285828 0.527167975902557 0.525002181529999
0.464732676744461 0.529520988464355 0.549421966075897 0.555696547031403 0.566366076469421 0.569753468036652 0.564662754535675 0.556308567523956 0.551609098911285 0.558364152908325 0.5750772356987 0.578582465648651 0.60290801525116 0.623769223690033 0.633554577827454 0.634046316146851 0.636786758899689 0.644584357738495 0.657192945480347 0.663994133472443 0.65345299243927 0.644503235816956 0.642468869686127 0.64144378900528 0.642432510852814 0.638043880462646 0.633008658885956 0.640847623348236 0.640478193759918 0.645582556724548 0.653680384159088 0.655195355415344 0.639220714569092 0.604958236217499 0.562713980674744 0.528749465942383 0.523401498794556 0.511254608631134 0.480983734130859 0.451478749513626 0.463450878858566 0.495637595653534 0.515901982784271 0.510793924331665 0.492919653654099
0.506931602954865 0.546855747699738 0.553503811359406 0.561065852642059 0.568794012069702 0.561947464942932 0.550267815589905 0.542466878890991 0.53808605670929 0.556283593177795 0.578072130680084 0.588569760322571 0.608565628528595 0.629603445529938 0.641775488853455 0.644396007061005 0.644912123680115 0.645469009876251 0.650657594203949 0.65468430519104 0.642066180706024 0.628997027873993 0.621378362178802 0.62160724401474 0.624929249286652 0.62540990114212 0.61958372592926 0.617286860942841 0.622202038764954 0.631400585174561 0.645857095718384 0.652578175067902 0.641178369522095 0.609302163124084 0.574621379375458 0.545062899589539 0.529671669006348 0.509032011032104 0.473634958267212 0.459236770868301 0.479525804519653 0.505119502544403 0.518566489219666 0.510943949222565 0.489640533924103
0.520738005638123 0.548728704452515 0.566116631031036 0.574817717075348 0.565007090568542 0.5493323802948 0.542922258377075 0.539345324039459 0.533501625061035 0.558740377426147 0.579942107200623 0.596714675426483 0.617081224918365 0.635401666164398 0.650758862495422 0.657374203205109 0.652301013469696 0.639541208744049 0.639797747135162 0.640614569187164 0.632011651992798 0.622991323471069 0.614488303661346 0.615123212337494 0.619680821895599 0.615045070648193 0.603183507919312 0.602789282798767 0.611326277256012 0.611187398433685 0.629205226898193 0.636777758598328 0.627396762371063 0.601181089878082 0.589291155338287 0.57506662607193 0.550923764705658 0.512679994106293 0.468356788158417 0.461365729570389 0.478953987360001 0.505382299423218 0.530554890632629 0.529065072536469 0.503172814846039
