data/trimmed_ndre/Aes_ndre.530.2010_no_clouds.asc
NCOLS 109 
NROWS 101 
XLLCORNER 466110 
YLLCORNER 5182005 
CELLSIZE 5 
NODATA_value -3.4e+38 
[rows 40 to 59 of 101, columns 0 to 44 of 109]
-3.4e+38 -3.4e+38 -3.4e+38 -3.4e+38 -3.4e+38 -3.4e+38 -3.4e+38 -3.4e+38 -3.4e+38 -3.4e+38 -3.4e+38 -3.4e+38 0.486492127180099 0.455707043409348 0.407970130443573 0.38900962471962 0.410571336746216 0.470635235309601 0.519332885742188 0.541969299316406 0.579899370670319 0.570010244846344 0.577853977680206 0.586767435073853 0.580265939235687 0.563725352287292 0.561823844909668 0.581942975521088 0.587048292160034 0.58128035068512 0.568700969219208 0.560510635375977 0.558667480945587 0.569929718971252 0.582468092441559 0.58768892288208 0.59094649553299 0.573463141918182 0.538542926311493 0.511184215545654 0.502995550632477 0.493847221136093 0.511153876781464 0.553606569766998 0.576995432376862
-3.4e+38 -3.4e+38 -3.4e+38 -3.4e+38 -3.4e+38 -3.4e+38 -3.4e+38 -3.4e+38 -3.4e+38 -3.4e+38 -3.4e+38 -3.4e+38 0.489829838275909 0.466654717922211 0.426078736782074 0.431496918201447 0.486078172922134 0.545948028564453 0.585172176361084 0.586386859416962 0.589623212814331 0.584342956542969 0.581259310245514 0.577501177787781 0.566049516201019 0.57569146156311 0.571587383747101 0.573740243911743 0.578679740428925 0.573743045330048 0.561785638332367 0.550149321556091 0.544638991355896 0.551625669002533 0.571397125720978 0.586713194847107 0.587230801582336 0.57446151971817 0.544598042964935 0.514595210552216 0.510648727416992 0.515440046787262 0.520170390605927 0.550719857215881 0.566248893737793
-3.4e+38 -3.4e+38 -3.4e+38 -3.4e+38 -3.4e+38 -3.4e+38 -3.4e+38 -3.4e+38 -3.4e+38 -3.4e+38 -3.4e+38 0.480616301298141 0.486765623092651 0.470978319644928 0.457897841930389 0.501047372817993 0.56014358997345 0.580909311771393 0.586677670478821 0.577114224433899 0.575710773468018 0.587926685810089 0.573950409889221 0.574026346206665 0.572832345962524 0.567680299282074 0.559933185577393 0.564474642276764 0.572246551513672 0.571322321891785 0.568105280399323 0.565962255001068 0.555994093418121 0.553831458091736 0.566598832607269 0.576619327068329 0.58819317817688 0.581788063049316 0.556895017623901 0.541133940219879 0.538757562637329 0.536766171455383 0.5401930809021 0.55745542049408 0.558475732803345
-3.4e+38 -3.4e+38 -3.4e+38 -3.4e+38 -3.4e+38 -3.4e+38 -3.4e+38 -3.4e+38 -3.4e+38 -3.4e+38 -3.4e+38 0.49411752820015 0.460789412260056 0.462871789932251 0.48193296790123 0.537937700748444 0.58797287940979 0.599903345108032 0.590028584003448 0.582003533840179 0.573753297328949 0.575932025909424 0.570645928382874 0.569582223892212 0.572028875350952 0.568749129772186 0.561972260475159 0.567819237709045 0.569803714752197 0.570716083049774 0.577908217906952 0.589838564395905 0.580427169799805 0.567478656768799 0.56619268655777 0.569173991680145 0.587505698204041 0.59054708480835 0.577486038208008 0.573081433773041 0.559268832206726 0.549245774745941 0.560814559459686 0.577907562255859 0.576692581176758
-3.4e+38 -3.4e+38 -3.4e+38 -3.4e+38 -3.4e+38 -3.4e+38 -3.4e+38 -3.4e+38 -3.4e+38 -3.4e+38 -3.4e+38 0.445143550634384 0.428935825824738 0.475460350513458 0.530577480792999 0.578522801399231 0.613302290439606 0.60431319475174 0.582351922988892 0.585960805416107 0.57344126701355 0.571420192718506 0.575445592403412 0.575900435447693 0.58014327287674 0.57889986038208 0.571397721767426 0.565254390239716 0.559457361698151 0.553637206554413 0.572859168052673 0.59133106470108 0.585070073604584 0.573343396186829 0.556398153305054 0.552090525627136 0.57155853509903 0.587759256362915 0.58961808681488 0.580186426639557 0.564430296421051 0.558845579624176 0.576649248600006 0.592622935771942 0.594231367111206
-3.4e+38 -3.4e+38 -3.4e+38 -3.4e+38 -3.4e+38 -3.4e+38 -3.4e+38 -3.4e+38 -3.4e+38 -3.4e+38 -3.4e+38 0.412086009979248 0.444630801677704 0.52103978395462 0.584478437900543 0.611660122871399 0.608447968959808 0.592213273048401 0.570208430290222 0.561595916748047 0.554847300052643 0.567160785198212 0.57885730266571 0.581335425376892 0.579871416091919 0.574495553970337 0.570437490940094 0.563879787921906 0.548550307750702 0.545516669750214 0.558396995067596 0.572762310504913 0.57296746969223 0.578584790229797 0.563835382461548 0.551425158977509 0.564683139324188 0.585723102092743 0.583711326122284 0.569893538951874 0.564023971557617 0.574529469013214 0.585656523704529 0.593733906745911 0.59514707326889
-3.4e+38 -3.4e+38 -3.4e+38 -3.4e+38 -3.4e+38 -3.4e+38 -3.4e+38 -3.4e+38 -3.4e+38 -3.4e+38 0.494192361831665 0.429587185382843 0.481084048748016 0.54726779460907 0.598997056484222 0.605048716068268 0.591195464134216 0.585006415843964 0.588315963745117 0.583587050437927 0.568988025188446 0.571955561637878 0.574449419975281 0.572674810886383 0.568771362304688 0.568861365318298 0.559424936771393 0.548829615116119 0.546592473983765 0.555194437503815 0.550701975822449 0.545981287956238 0.545796275138855 0.5567986369133 0.565771162509918 0.567417502403259 0.576129496097565 0.594442009925842 0.580888330936432 0.565736293792725 0.579175710678101 0.598323166370392 0.594764411449432 0.598355770111084 0.597187399864197
-3.4e+38 -3.4e+38 -3.4e+38 -3.4e+38 -3.4e+38 -3.4e+38 -3.4e+38 -3.4e+38 -3.4e+38 -3.4e+38 0.488965481519699 0.469891399145126 0.546021461486816 0.587222874164581 0.59476637840271 0.594248473644257 0.592036366462708 0.583554089069366 0.582885265350342 0.585830330848694 0.58244913816452 0.576381921768188 0.569567084312439 0.566338539123535 0.573164880275726 0.573508381843567 0.551039636135101 0.548612534999847 0.556823968887329 0.562896370887756 0.550694704055786 0.5365030169487 0.536971390247345 0.548435866832733 0.566869080066681 0.583326518535614 0.582005083560944 0.584497451782227 0.58398163318634 0.584125399589539 0.601479411125183 0.612863063812256 0.608733355998993 0.613894045352936 0.599954068660736
-3.4e+38 -3.4e+38 -3.4e+38 -3.4e+38 -3.4e+38 -3.4e+38 -3.4e+38 -3.4e+38 -3.4e+38 -3.4e+38 0.467275738716125 0.514457106590271 0.595990002155304 0.612479746341705 0.596144199371338 0.59067690372467 0.584298610687256 0.575998783111572 0.568302869796753 0.568076372146606 0.578814685344696 0.582939922809601 0.57159036397934 0.558243155479431 0.56273490190506 0.567814767360687 0.554734885692596 0.567161738872528 0.572242856025696 0.555617988109589 0.536527991294861 0.529010236263275 0.546565055847168 0.564782738685608 0.573072850704193 0.581717848777771 0.581419408321381 0.587525308132172 0.600600957870483 0.605215668678284 0.606277108192444 0.605006873607635 0.602716684341431 0.604697167873383 0.587314009666443
-3.4e+38 -3.4e+38 -3.4e+38 -3.4e+38 -3.4e+38 -3.4e+38 -3.4e+38 -3.4e+38 -3.4e+38 0.493856698274612 0.478584945201874 0.539168775081635 0.598016798496246 0.59796416759491 0.575310528278351 0.587960362434387 0.59137898683548 0.584772348403931 0.572017133235931 0.561482667922974 0.564347863197327 0.583309590816498 0.580493092536926 0.553788661956787 0.54442024230957 0.55317497253418 0.562780261039734 0.574835062026978 0.582620978355408 0.555990695953369 0.52703458070755 0.524904191493988 0.545556366443634 0.563953042030334 0.575848400592804 0.588227450847626 0.598714888095856 0.600125670433044 0.605514705181122 0.611335039138794 0.612492382526398 0.601967036724091 0.589103996753693 0.583009779453278 0.576315820217133
-3.4e+38 -3.4e+38 -3.4e+38 -3.4e+38 -3.4e+38 -3.4e+38 -3.4e+38 -3.4e+38 -3.4e+38 0.480737775564194 0.502663671970367 0.550445020198822 0.577639281749725 0.597535908222198 0.595168471336365 0.595732390880585 0.597333550453186 0.595332205295563 0.588249623775482 0.5750732421875 0.562917709350586 0.575259327888489 0.576566576957703 0.553867995738983 0.541935622692108 0.544444859027863 0.555675327777863 0.56666225194931 0.57322084903717 0.556703388690948 0.538745582103729 0.541155576705933 0.556827664375305 0.560802042484283 0.571306467056274 0.598346948623657 0.612338781356812 0.600753426551819 0.598203241825104 0.603543102741241 0.605332136154175 0.592493236064911 0.58345502614975 0.577973127365112 0.573010563850403
-3.4e+38 -3.4e+38 -3.4e+38 -3.4e+38 -3.4e+38 -3.4e+38 -3.4e+38 -3.4e+38 -3.4e+38 0.473649471998215 0.516796588897705 0.563822627067566 0.564455986022949 0.579793512821198 0.594112932682037 0.587090253829956 0.584648609161377 0.580821692943573 0.585666179656982 0.582054913043976 0.568942129611969 0.5657799243927 0.55825537443161 0.552752673625946 0.546830415725708 0.542578399181366 0.532972395420074 0.528045356273651 0.534233093261719 0.537474751472473 0.54493260383606 0.554504752159119 0.558182001113892 0.552678763866425 0.560531616210938 0.595716953277588 0.614457964897156 0.598138272762299 0.587557971477509 0.588733196258545 0.591637790203094 0.586809992790222 0.583033382892609 0.577632009983063 0.572217047214508
-3.4e+38 -3.4e+38 -3.4e+38 -3.4e+38 -3.4e+38 -3.4e+38 -3.4e+38 -3.4e+38 -3.4e+38 0.490353167057037 0.532049179077148 0.56044864654541 0.553478419780731 0.558080673217773 0.568253457546234 0.575987339019775 0.577937602996826 0.578392565250397 0.589596688747406 0.587702810764313 0.577494561672211 0.565958976745605 0.544878721237183 0.534528851509094 0.532904982566833 0.521860420703888 0.499938070774078 0.483944147825241 0.480039000511169 0.489640235900879 0.521676182746887 0.545216858386993 0.54747861623764 0.545880138874054 0.559201061725616 0.585228979587555 0.603143334388733 0.597486913204193 0.590642929077148 0.588899254798889 0.592693328857422 0.592208087444305 0.588306248188019 0.579114615917206 0.571898400783539
-3.4e+38 -3.4e+38 -3.4e+38 -3.4e+38 -3.4e+38 -3.4e+38 -3.4e+38 -3.4e+38 0.462448745965958 0.495866775512695 0.542567133903503 0.555472016334534 0.56413996219635 0.577307820320129 0.56842315196991 0.563720464706421 0.561797261238098 0.578032493591309 0.599333643913269 0.59045422077179 0.579334855079651 0.563702762126923 0.547255277633667 0.542758524417877 0.51757675409317 0.490271210670471 0.473606765270233 0.461331129074097 0.44696432352066 0.4614497423172 0.500576794147491 0.526483654975891 0.542175471782684 0.554089248180389 0.568388521671295 0.576497972011566 0.590054571628571 0.598366618156433 0.59872031211853 0.600561082363129 0.595618009567261 0.592121601104736 0.585797965526581 0.574733972549438 0.566228628158569
-3.4e+38 -3.4e+38 -3.4e+38 -3.4e+38 -3.4e+38 -3.4e+38 -3.4e+38 -3.4e+38 0.482512176036835 0.531115651130676 0.561812996864319 0.561127126216888 0.578264772891998 0.587629914283752 0.573608934879303 0.564631879329681 0.555704891681671 0.579711437225342 0.609952211380005 0.599305510520935 0.589809358119965 0.575040757656097 0.570161521434784 0.563909888267517 0.511192739009857 0.472379386425018 0.467613458633423 0.462022066116333 0.45158064365387 0.460277110338211 0.4976646900177 0.524229347705841 0.543122529983521 0.563657522201538 0.57807719707489 0.581475615501404 0.586839437484741 0.585183024406433 0.584749758243561 0.586055874824524 0.583519458770752 0.583042800426483 0.577069580554962 0.566490769386292 0.560195982456207
-3.4e+38 -3.4e+38 -3.4e+38 -3.4e+38 -3.4e+38 -3.4e+38 -3.4e+38 -3.4e+38 0.526273667812347 0.567671000957489 0.570738673210144 0.555566847324371 0.576886713504791 0.57910019159317 0.570767283439636 0.572603702545166 0.577312111854553 0.580097317695618 0.600565314292908 0.608165442943573 0.600617706775665 0.594588458538055 0.577262580394745 0.544241845607758 0.499846369028091 0.482978045940399 0.477416187524796 0.468629688024521 0.461437046527863 0.457305371761322 0.480764120817184 0.523107409477234 0.563094794750214 0.588114559650421 0.591325521469116 0.592190444469452 0.583748817443848 0.56235545873642 0.551731109619141 0.560643672943115 0.572216629981995 0.573743402957916 0.570163071155548 0.564794957637787 0.554379165172577
-3.4e+38 -3.4e+38 -3.4e+38 -3.4e+38 -3.4e+38 -3.4e+38 -3.4e+38 0.502618432044983 0.536852955818176 0.574269592761993 0.572056174278259 0.55848491191864 0.573910892009735 0.575107872486115 0.567916333675385 0.575363218784332 0.589269936084747 0.591994822025299 0.605219602584839 0.61083459854126 0.601839601993561 0.603555262088776 0.564064562320709 0.526636004447937 0.5202876329422 0.507487714290619 0.483212798833847 0.467611193656921 0.468773037195206 0.471935480833054 0.492382973432541 0.545886099338531 0.592675447463989 0.610487520694733 0.594424843788147 0.595817029476166 0.58857798576355 0.558459639549255 0.544100165367126 0.559350311756134 0.570824146270752 0.563389122486115 0.556498408317566 0.555325984954834 0.542032837867737
-3.4e+38 -3.4e+38 -3.4e+38 -3.4e+38 -3.4e+38 -3.4e+38 -3.4e+38 0.498381972312927 0.553060173988342 0.571844696998596 0.570687651634216 0.569857120513916 0.579749882221222 0.592381536960602 0.596505641937256 0.592981517314911 0.60415905714035 0.611348748207092 0.610257685184479 0.600575983524323 0.598367810249329 0.605526447296143 0.58513605594635 0.557734787464142 0.546576499938965 0.524857759475708 0.491690576076508 0.476351886987686 0.486179381608963 0.504854381084442 0.527360498905182 0.574256181716919 0.599662601947784 0.599575579166412 0.594225406646729 0.599960148334503 0.592824101448059 0.569092750549316 0.560197949409485 0.572619259357452 0.568551957607269 0.539587497711182 0.529761135578156 0.543114602565765 0.538073897361755
-3.4e+38 -3.4e+38 -3.4e+38 -3.4e+38 -3.4e+38 -3.4e+38 -3.4e+38 0.527859628200531 0.57298481464386 0.567237913608551 0.572157919406891 0.578655600547791 0.568774938583374 0.564312517642975 0.592694163322449 0.594736993312836 0.604420006275177 0.611173450946808 0.6004758477211 0.597760200500488 0.593083441257477 0.598605751991272 0.604235291481018 0.581445217132568 0.561821520328522 0.544610917568207 0.518245160579681 0.508562386035919 0.519350528717041 0.539326965808868 0.558747053146362 0.58963680267334 0.607220649719238 0.601595282554626 0.593063473701477 0.591678142547607 0.577068209648132 0.56261682510376 0.554033517837524 0.557216644287109 0.554058194160461 0.539182186126709 0.529225885868073 0.543153882026672 0.537818253040314
-3.4e+38 -3.4e+38 -3.4e+38 -3.4e+38 -3.4e+38 -3.4e+38 0.501542925834656 0.55735456943512 0.584175229072571 0.56822544336319 0.574577033519745 0.574214935302734 0.554952144622803 0.558922469615936 0.593357443809509 0.592012882232666 0.596371471881866 0.599500596523285 0.597960233688354 0.614402711391449 0.607531011104584 0.597006380558014 0.594520032405853 0.587415754795074 0.577252864837646 0.562616467475891 0.549402177333832 0.547304034233093 0.55267745256424 0.563829839229584 0.581851541996002 0.599865972995758 0.603454768657684 0.599576771259308 0.589657068252563 0.578713059425354 0.553705871105194 0.547477602958679 0.557500898838043 0.563862383365631 0.561109721660614 0.563863396644592 0.544001162052155 0.54040265083313 0.557799160480499
