data/trimmed_ndre/Aes_ndre.625.2012.asc
NCOLS 110 
NROWS 101 
XLLCORNER 466108.994684553 
YLLCORNER 5182003.52273903 
CELLSIZE 4.99993558117951 
NODATA_value -3.4e+38 
[rows 40 to 59 of 101, columns 0 to 44 of 110]
-3.4e+38 -3.4e+38 -3.4e+38 -3.4e+38 -3.4e+38 -3.4e+38 -3.4e+38 -3.4e+38 -3.4e+38 -3.4e+38 -3.4e+38 -3.4e+38 0.435812026262283 0.435407698154449 0.391985982656479 0.351890742778778 0.33303290605545 0.329057395458221 0.380867421627045 0.452989429235458 0.489310771226883 0.530894041061401 0.553528964519501 0.53017270565033 0.499797284603119 0.4987673163414 0.524623155593872 0.540281116962433 0.516310811042786 0.509417951107025 0.520871162414551 0.519535064697266 0.529974400997162 0.552975952625275 0.586069166660309 0.603712737560272 0.572059869766235 0.495725631713867 0.436113983392715 0.400391459465027 0.399662852287292 0.409610956907272 0.425853610038757 0.445837110280991 0.469570249319077
-3.4e+38 -3.4e+38 -3.4e+38 -3.4e+38 -3.4e+38 -3.4e+38 -3.4e+38 -3.4e+38 -3.4e+38 -3.4e+38 -3.4e+38 -3.4e+38 0.427385360002518 0.424173384904861 0.381723940372467 0.332764208316803 0.352830976247787 0.399653285741806 0.471326738595963 0.525177896022797 0.524020791053772 0.541569173336029 0.542660415172577 0.527586758136749 0.521042585372925 0.535330712795258 0.555423974990845 0.550513744354248 0.517053425312042 0.511682510375977 0.528682231903076 0.527952551841736 0.529161036014557 0.535353243350983 0.561698317527771 0.588290750980377 0.579644501209259 0.529473066329956 0.455554246902466 0.400795340538025 0.3949334025383 0.431931108236313 0.448612779378891 0.451427429914474 0.454379588365555
-3.4e+38 -3.4e+38 -3.4e+38 -3.4e+38 -3.4e+38 -3.4e+38 -3.4e+38 -3.4e+38 -3.4e+38 -3.4e+38 -3.4e+38 -3.4e+38 0.426737874746323 0.408471912145615 0.368987530469894 0.369331628084183 0.444370925426483 0.509777247905731 0.526082694530487 0.539707183837891 0.541898965835571 0.548302531242371 0.543645083904266 0.540074229240417 0.538610756397247 0.547808647155762 0.557333290576935 0.541736602783203 0.515036165714264 0.510658860206604 0.529281973838806 0.537406444549561 0.516383111476898 0.494460910558701 0.504512012004852 0.550236821174622 0.574499130249023 0.553401231765747 0.487175613641739 0.433022797107697 0.426835536956787 0.454617738723755 0.462869673967361 0.461744964122772 0.486880123615265
-3.4e+38 -3.4e+38 -3.4e+38 -3.4e+38 -3.4e+38 -3.4e+38 -3.4e+38 -3.4e+38 -3.4e+38 -3.4e+38 -3.4e+38 0.407112598419189 0.39455458521843 0.378393620252609 0.381218761205673 0.42842161655426 0.49313884973526 0.535672724246979 0.538706481456757 0.545013666152954 0.550321698188782 0.556074798107147 0.555595993995667 0.554177522659302 0.5422403216362 0.531038701534271 0.527303159236908 0.521710991859436 0.517219603061676 0.524055123329163 0.549006640911102 0.55918025970459 0.527812659740448 0.482491821050644 0.483587116003036 0.534483671188354 0.578506469726562 0.567281067371368 0.511712074279785 0.468110352754593 0.469534367322922 0.487652838230133 0.496902167797089 0.50909823179245 0.541081488132477
-3.4e+38 -3.4e+38 -3.4e+38 -3.4e+38 -3.4e+38 -3.4e+38 -3.4e+38 -3.4e+38 -3.4e+38 -3.4e+38 -3.4e+38 0.360442668199539 0.326652616262436 0.355750858783722 0.428640782833099 0.483800202608109 0.527896165847778 0.545916736125946 0.542697608470917 0.543199360370636 0.542734086513519 0.54178923368454 0.542048454284668 0.544553697109222 0.531491935253143 0.519097089767456 0.515895664691925 0.518344223499298 0.532303333282471 0.548283278942108 0.570383012294769 0.582163572311401 0.556437432765961 0.514659464359283 0.496962577104568 0.518035888671875 0.553688526153564 0.554923176765442 0.520232141017914 0.486758470535278 0.489085853099823 0.509468495845795 0.521186470985413 0.543787181377411 0.578157246112823
-3.4e+38 -3.4e+38 -3.4e+38 -3.4e+38 -3.4e+38 -3.4e+38 -3.4e+38 -3.4e+38 -3.4e+38 -3.4e+38 -3.4e+38 0.322149962186813 0.30504509806633 0.383706331253052 0.48554402589798 0.544532477855682 0.547774791717529 0.554902315139771 0.543662786483765 0.52986341714859 0.521173775196075 0.513844788074493 0.514310717582703 0.525713622570038 0.531856060028076 0.530891835689545 0.525940716266632 0.523799180984497 0.530557990074158 0.542668879032135 0.564492225646973 0.586729645729065 0.573800981044769 0.544202268123627 0.522861361503601 0.5147425532341 0.52876615524292 0.539406836032867 0.528062999248505 0.507682204246521 0.510944068431854 0.528782427310944 0.545082092285156 0.565667867660522 0.585611283779144
-3.4e+38 -3.4e+38 -3.4e+38 -3.4e+38 -3.4e+38 -3.4e+38 -3.4e+38 -3.4e+38 -3.4e+38 -3.4e+38 0.405279338359833 0.326372444629669 0.358546733856201 0.459111928939819 0.527837872505188 0.567945718765259 0.570563197135925 0.558506667613983 0.541034936904907 0.527980506420135 0.525738298892975 0.523390650749207 0.515536665916443 0.522264719009399 0.525415897369385 0.525256156921387 0.529557228088379 0.521975457668304 0.510642945766449 0.511792957782745 0.536799728870392 0.572662055492401 0.583480298519135 0.571438252925873 0.551240861415863 0.527067184448242 0.52663266658783 0.544331908226013 0.545558452606201 0.536171615123749 0.544025838375092 0.559939861297607 0.574343919754028 0.582268953323364 0.590512216091156
-3.4e+38 -3.4e+38 -3.4e+38 -3.4e+38 -3.4e+38 -3.4e+38 -3.4e+38 -3.4e+38 -3.4e+38 -3.4e+38 0.393362939357758 0.350390911102295 0.418346792459488 0.512269973754883 0.529558658599854 0.571793973445892 0.582921206951141 0.541197121143341 0.522516012191772 0.522471308708191 0.536068141460419 0.544976770877838 0.535791516304016 0.523743450641632 0.507522106170654 0.512772440910339 0.535287916660309 0.537053108215332 0.512472152709961 0.494687378406525 0.507787048816681 0.548080086708069 0.582875430583954 0.589678704738617 0.572178483009338 0.542948544025421 0.532156705856323 0.553318619728088 0.564970314502716 0.562977612018585 0.572918176651001 0.584185063838959 0.588707745075226 0.583162486553192 0.586080849170685
-3.4e+38 -3.4e+38 -3.4e+38 -3.4e+38 -3.4e+38 -3.4e+38 -3.4e+38 -3.4e+38 -3.4e+38 -3.4e+38 0.390120387077332 0.404274165630341 0.47421857714653 0.514793574810028 0.527065575122833 0.565679311752319 0.568446576595306 0.537227690219879 0.522566914558411 0.521294176578522 0.530012428760529 0.532387256622314 0.525453865528107 0.512228488922119 0.499697625637054 0.518234729766846 0.550383985042572 0.569785833358765 0.542640864849091 0.497449040412903 0.487629234790802 0.520541667938232 0.571799397468567 0.594715595245361 0.583834171295166 0.559754431247711 0.549474656581879 0.560766756534576 0.579414963722229 0.584536492824554 0.586236715316772 0.592169880867004 0.590710759162903 0.57966423034668 0.581098318099976
-3.4e+38 -3.4e+38 -3.4e+38 -3.4e+38 -3.4e+38 -3.4e+38 -3.4e+38 -3.4e+38 -3.4e+38 -3.4e+38 0.395998805761337 0.466210573911667 0.50959986448288 0.51904821395874 0.525854766368866 0.556691825389862 0.548710286617279 0.530231356620789 0.517208099365234 0.513446986675262 0.521567463874817 0.522098302841187 0.51580810546875 0.507399559020996 0.508145391941071 0.526865065097809 0.560345768928528 0.598331332206726 0.581592619419098 0.532847285270691 0.514082491397858 0.516621112823486 0.558750987052917 0.596108734607697 0.597120583057404 0.588888943195343 0.582661926746368 0.581241011619568 0.599970579147339 0.607466876506805 0.600057184696198 0.604179322719574 0.59302145242691 0.583835244178772 0.580406844615936
-3.4e+38 -3.4e+38 -3.4e+38 -3.4e+38 -3.4e+38 -3.4e+38 -3.4e+38 -3.4e+38 -3.4e+38 0.388082534074783 0.429204672574997 0.511803925037384 0.527123510837555 0.532125353813171 0.524937331676483 0.538695096969604 0.537235796451569 0.509363889694214 0.493814498186111 0.488237351179123 0.491517841815948 0.4931301176548 0.491702228784561 0.4934101998806 0.500634551048279 0.524745464324951 0.557165563106537 0.587291121482849 0.588769674301147 0.582085967063904 0.5660480260849 0.526531517505646 0.539334952831268 0.58819717168808 0.613939821720123 0.612890899181366 0.616024792194366 0.612844049930573 0.611435890197754 0.604844927787781 0.599594235420227 0.605939745903015 0.589901983737946 0.592280626296997 0.583052635192871
-3.4e+38 -3.4e+38 -3.4e+38 -3.4e+38 -3.4e+38 -3.4e+38 -3.4e+38 -3.4e+38 -3.4e+38 0.37710565328598 0.457538098096848 0.527525961399078 0.536689162254333 0.537420809268951 0.539034783840179 0.545142650604248 0.537408649921417 0.500707864761353 0.474918514490128 0.468027859926224 0.47294083237648 0.48199138045311 0.478720754384995 0.470678389072418 0.470880180597305 0.478133141994476 0.497590780258179 0.532921850681305 0.569563686847687 0.591739237308502 0.576903879642487 0.532877087593079 0.52942168712616 0.573220670223236 0.612561106681824 0.60863584280014 0.623751759529114 0.639090776443481 0.626260042190552 0.597424864768982 0.583290994167328 0.584466636180878 0.573892593383789 0.590704917907715 0.567970097064972
-3.4e+38 -3.4e+38 -3.4e+38 -3.4e+38 -3.4e+38 -3.4e+38 -3.4e+38 -3.4e+38 -3.4e+38 0.381695151329041 0.466044574975967 0.515062153339386 0.546064555644989 0.560496032238007 0.559933066368103 0.553031861782074 0.538396775722504 0.502827346324921 0.468296349048615 0.473265051841736 0.487949848175049 0.496720105409622 0.493123143911362 0.468199968338013 0.437414765357971 0.41325518488884 0.430553138256073 0.479685574769974 0.535288691520691 0.571354508399963 0.571842074394226 0.541202425956726 0.519130349159241 0.545045852661133 0.59085339307785 0.61582088470459 0.634572207927704 0.637003004550934 0.618830919265747 0.586927711963654 0.565151393413544 0.558724045753479 0.563090980052948 0.580591320991516 0.559003710746765
-3.4e+38 -3.4e+38 -3.4e+38 -3.4e+38 -3.4e+38 -3.4e+38 -3.4e+38 -3.4e+38 0.360943675041199 0.412518441677094 0.49343067407608 0.526231408119202 0.566257297992706 0.572451829910278 0.560667276382446 0.538014829158783 0.518097281455994 0.511880218982697 0.506649076938629 0.512694358825684 0.507592976093292 0.501109778881073 0.489830911159515 0.451914876699448 0.398761689662933 0.371263444423676 0.396787077188492 0.426199018955231 0.454172313213348 0.50233119726181 0.545493841171265 0.536729454994202 0.497658282518387 0.500799357891083 0.557567179203033 0.617269992828369 0.62800008058548 0.607661604881287 0.58465439081192 0.56665301322937 0.559135556221008 0.552861094474792 0.55735170841217 0.573969185352325 0.575333476066589
-3.4e+38 -3.4e+38 -3.4e+38 -3.4e+38 -3.4e+38 -3.4e+38 -3.4e+38 -3.4e+38 0.374481707811356 0.441768705844879 0.515864133834839 0.543548285961151 0.566010534763336 0.558065593242645 0.541276693344116 0.517547011375427 0.516876876354218 0.5532266497612 0.567119121551514 0.55954122543335 0.538532257080078 0.509077608585358 0.470607280731201 0.431627005338669 0.394860237836838 0.365537017583847 0.382502257823944 0.383186042308807 0.406868606805801 0.476313769817352 0.525913298130035 0.527730286121368 0.494321197271347 0.478634417057037 0.524756252765656 0.59027898311615 0.605849504470825 0.590771198272705 0.571180045604706 0.557453155517578 0.550944924354553 0.547995269298553 0.550563335418701 0.558918833732605 0.557511985301971
-3.4e+38 -3.4e+38 -3.4e+38 -3.4e+38 -3.4e+38 -3.4e+38 -3.4e+38 -3.4e+38 0.377035647630692 0.454096555709839 0.522098481655121 0.543417096138 0.543099284172058 0.517295837402344 0.508122682571411 0.523904085159302 0.54571795463562 0.585399270057678 0.611053705215454 0.605516374111176 0.576453924179077 0.525763511657715 0.478722214698792 0.448432713747025 0.42806339263916 0.401843458414078 0.388649702072144 0.369313418865204 0.412989497184753 0.488130956888199 0.521913945674896 0.526049911975861 0.515392899513245 0.51376885175705 0.52765291929245 0.556788086891174 0.578611433506012 0.569614589214325 0.545533120632172 0.53542160987854 0.537351310253143 0.535839140415192 0.544397115707397 0.547505021095276 0.538185179233551
-3.4e+38 -3.4e+38 -3.4e+38 -3.4e+38 -3.4e+38 -3.4e+38 -3.4e+38 0.355200231075287 0.375372231006622 0.453597098588943 0.514823079109192 0.538046836853027 0.531818091869354 0.508606016635895 0.512172281742096 0.545662581920624 0.554907441139221 0.573246419429779 0.60229367017746 0.601198971271515 0.579979419708252 0.548757195472717 0.520160257816315 0.497312247753143 0.482515811920166 0.447064191102982 0.401665598154068 0.378863155841827 0.418936848640442 0.466551601886749 0.49258628487587 0.522749722003937 0.569609403610229 0.578214943408966 0.54970121383667 0.534167587757111 0.547911584377289 0.548223197460175 0.526046097278595 0.517123639583588 0.525342106819153 0.536572813987732 0.551027297973633 0.552620887756348 0.521757781505585
-3.4e+38 -3.4e+38 -3.4e+38 -3.4e+38 -3.4e+38 -3.4e+38 -3.4e+38 0.350024372339249 0.394979178905487 0.469499617815018 0.509549975395203 0.528023719787598 0.530937790870667 0.53490138053894 0.545684337615967 0.560844242572784 0.566770136356354 0.575049102306366 0.577457427978516 0.57010293006897 0.566430509090424 0.559872210025787 0.544593691825867 0.528258800506592 0.508390247821808 0.464138001203537 0.416434437036514 0.40222379565239 0.430198311805725 0.439823895692825 0.463829785585403 0.527753949165344 0.597194969654083 0.60715389251709 0.554189741611481 0.516488552093506 0.530575454235077 0.541128933429718 0.519947171211243 0.506332755088806 0.506538569927216 0.516373991966248 0.529864609241486 0.52474445104599 0.495213180780411
-3.4e+38 -3.4e+38 -3.4e+38 -3.4e+38 -3.4e+38 -3.4e+38 -3.4e+38 0.34655636548996 0.405417203903198 0.471531271934509 0.500625789165497 0.512202680110931 0.521167755126953 0.538049161434174 0.56307452917099 0.578144013881683 0.593348920345306 0.597710192203522 0.58364737033844 0.583815395832062 0.585780322551727 0.567912518978119 0.549871444702148 0.532323479652405 0.505252659320831 0.466553211212158 0.433275580406189 0.421856164932251 0.426667600870132 0.437066495418549 0.469048231840134 0.527703821659088 0.587076127529144 0.59628164768219 0.557937979698181 0.525488018989563 0.539228558540344 0.539432406425476 0.513139426708221 0.49314284324646 0.483359664678574 0.490529805421829 0.495173811912537 0.485293298959732 0.466737866401672
-3.4e+38 -3.4e+38 -3.4e+38 -3.4e+38 -3.4e+38 -3.4e+38 0.311624884605408 0.360592067241669 0.420493304729462 0.468411356210709 0.49548926949501 0.5103839635849 0.534385085105896 0.553379654884338 0.582542300224304 0.599357008934021 0.612699806690216 0.612159490585327 0.599341869354248 0.605887591838837 0.599555432796478 0.571640908718109 0.551761388778687 0.529878795146942 0.509371101856232 0.488186031579971 0.463740885257721 0.436090677976608 0.431276321411133 0.460207998752594 0.502170920372009 0.533568501472473 0.55342161655426 0.563555657863617 0.555534720420837 0.539857864379883 0.538797914981842 0.5240238904953 0.50334906578064 0.485170781612396 0.472789585590363 0.483283489942551 0.491456478834152 0.478535503149033 0.459351062774658
