data/trimmed_ndre/Aes_ndre.731.2011_no_clouds.asc
NCOLS 109 
NROWS 101 
XLLCORNER 466110 
YLLCORNER 5182005 
CELLSIZE 5 
NODATA_value -3.4e+38 
[rows 20 to 39 of 101, columns 45 to 89 of 109]
-3.4e+38 -3.4e+38 -3.4e+38 -3.4e+38 -3.4e+38 -3.4e+38 -3.4e+38 -3.4e+38 0.27004873752594 0.297423154115677 0.284098863601685 0.23388035595417 0.182810962200165 0.141563206911087 0.12968410551548 0.116724222898483 0.12242317199707 0.132659748196602 0.120404049754143 0.107408002018929 0.111910469830036 0.132492795586586 0.13017749786377 0.128591597080231 0.130356416106224 0.127968519926071 0.12563568353653 0.11131302267313 0.1174456179142 0.118313752114773 0.112081207334995 0.122317500412464 0.13092939555645 0.134247303009033 0.125954136252403 0.126035824418068 0.123337902128696 0.113716848194599 0.118124738335609 0.13462221622467 0.118601270020008 0.131017506122589 -3.4e+38 -3.4e+38 -3.4e+38
-3.4e+38 -3.4e+38 -3.4e+38 -3.4e+38 -3.4e+38 -3.4e+38 -3.4e+38 0.278264462947845 0.264575958251953 0.241682946681976 0.188871338963509 0.153631985187531 0.149996876716614 0.134940296411514 0.119418188929558 0.108240082859993 0.119352363049984 0.13042625784874 0.127859577536583 0.125475883483887 0.108152367174625 0.119148589670658 0.125926211476326 0.121732048690319 0.117791391909122 0.110081672668457 0.117953859269619 0.107924230396748 0.112992182374001 0.114495560526848 0.117155849933624 0.125942260026932 0.133025273680687 0.1349276304245 0.131017252802849 0.134712591767311 0.124857440590858 0.116609252989292 0.108906581997871 0.122052356600761 0.129050523042679 0.130214214324951 0.135548546910286 -3.4e+38 -3.4e+38
-3.4e+38 -3.4e+38 -3.4e+38 -3.4e+38 -3.4e+38 0.298468708992004 0.300316274166107 0.256802082061768 0.19581313431263 0.170742243528366 0.136986494064331 0.105357527732849 0.118555851280689 0.121836006641388 0.118102602660656 0.111877582967281 0.114020362496376 0.127739369869232 0.140393301844597 0.13234169781208 0.108588650822639 0.122206218540668 0.135869264602661 0.121535189449787 0.116148360073566 0.144930690526962 0.158866092562675 0.155659943819046 0.167776465415955 0.171677485108376 0.173463717103004 0.158657133579254 0.13745379447937 0.126072004437447 0.119181573390961 0.129069417715073 0.122298948466778 0.120297200977802 0.106185093522072 0.112043343484402 0.146447077393532 0.149278745055199 0.160100445151329 -3.4e+38 -3.4e+38
-3.4e+38 -3.4e+38 0.249119997024536 0.268725246191025 0.298409074544907 0.285940259695053 0.249783635139465 0.196122646331787 0.153880432248116 0.144964173436165 0.123833008110523 0.105102762579918 0.115861222147942 0.114465467631817 0.11557675153017 0.118962578475475 0.117108933627605 0.121779516339302 0.122357860207558 0.124720491468906 0.124043621122837 0.13525053858757 0.142440542578697 0.147769674658775 0.172826156020164 0.225583225488663 0.264315754175186 0.273772716522217 0.287601739168167 0.283592194318771 0.271625846624374 0.23239903151989 0.194575369358063 0.171309128403664 0.139869645237923 0.135300979018211 0.131552025675774 0.130932286381721 0.13095834851265 0.115646257996559 0.140721783041954 0.174333333969116 0.197517365217209 0.238594189286232 -3.4e+38
0.250589340925217 0.254340082406998 0.272900432348251 0.278526872396469 0.24780085682869 0.206028565764427 0.188055947422981 0.157692462205887 0.128422424197197 0.124073632061481 0.133579105138779 0.129751145839691 0.124101363122463 0.125753074884415 0.119550928473473 0.133063763380051 0.131813570857048 0.119277909398079 0.121002562344074 0.13651479780674 0.132727965712547 0.137151300907135 0.162136897444725 0.201211914420128 0.266698509454727 0.32576110959053 0.360081344842911 0.370174318552017 0.368800073862076 0.366362541913986 0.368275582790375 0.346242606639862 0.322073668241501 0.288232535123825 0.210034906864166 0.158155336976051 0.130831435322762 0.115785472095013 0.126230970025063 0.125154405832291 0.158008217811584 0.195700585842133 0.230113640427589 0.281783133745193 -3.4e+38
0.256061673164368 0.268666833639145 0.267940521240234 0.237590685486794 0.188045844435692 0.152996316552162 0.140644818544388 0.134725123643875 0.121062092483044 0.118697769939899 0.135444611310959 0.128151595592499 0.114005759358406 0.130098432302475 0.137445762753487 0.134148985147476 0.133250921964645 0.137719437479973 0.14046984910965 0.150086551904678 0.16136671602726 0.176770076155663 0.223288595676422 0.287622600793839 0.35132223367691 0.399213254451752 0.418287813663483 0.401499837636948 0.373008608818054 0.380152344703674 0.40723130106926 0.406140506267548 0.407355576753616 0.381684541702271 0.290572434663773 0.206591233611107 0.17630960047245 0.139567866921425 0.149211645126343 0.175678580999374 0.210067614912987 0.236676916480064 0.272684097290039 0.324630379676819 0.3180151283741
0.257953524589539 0.251109302043915 0.214697763323784 0.174436494708061 0.147381618618965 0.129958152770996 0.123007602989674 0.125015899538994 0.118487067520618 0.113616801798344 0.118930742144585 0.129494726657867 0.128721997141838 0.134592264890671 0.136142298579216 0.120030649006367 0.12287338078022 0.136736854910851 0.139606565237045 0.161482736468315 0.22362332046032 0.286465764045715 0.331421792507172 0.376381814479828 0.402677237987518 0.419900268316269 0.430743902921677 0.409877449274063 0.378206342458725 0.381717950105667 0.410331130027771 0.416477531194687 0.436749815940857 0.413103878498077 0.332822859287262 0.257161140441895 0.247933983802795 0.250007301568985 0.235511094331741 0.243322536349297 0.29217055439949 0.327345311641693 0.336037248373032 0.353199809789658 0.328996360301971
0.221588224172592 0.191922664642334 0.154273211956024 0.124385252594948 0.127062365412712 0.122361399233341 0.108204379677773 0.112757958471775 0.113440461456776 0.113254189491272 0.1216661632061 0.136057019233704 0.138982117176056 0.131295531988144 0.125517666339874 0.122676938772202 0.126001834869385 0.149362176656723 0.178867593407631 0.223719358444214 0.311093181371689 0.377594351768494 0.391735404729843 0.40812948346138 0.413871705532074 0.409060657024384 0.406855672597885 0.399606287479401 0.383752465248108 0.387479692697525 0.405964195728302 0.427569091320038 0.449068188667297 0.431034594774246 0.371734708547592 0.321693897247314 0.312222868204117 0.339176535606384 0.349634408950806 0.344172418117523 0.360011756420135 0.386785805225372 0.404468983411789 0.378587782382965 0.338894963264465
0.172675415873528 0.147668495774269 0.127953216433525 0.107081718742847 0.118958823382854 0.125852212309837 0.0996111407876015 0.0920130535960197 0.120561212301254 0.138343200087547 0.12033473700285 0.119578279554844 0.131029635667801 0.125313103199005 0.126711383461952 0.131144940853119 0.151846274733543 0.195659786462784 0.264856308698654 0.322602391242981 0.378979176282883 0.413407415151596 0.42193329334259 0.428669989109039 0.427386790513992 0.411077290773392 0.409034967422485 0.410371840000153 0.406691372394562 0.415878862142563 0.4281065762043 0.440012395381927 0.445646613836288 0.439864754676819 0.405761867761612 0.361476272344589 0.350607872009277 0.392273336648941 0.4341821372509 0.420309245586395 0.392818719148636 0.400789350271225 0.426916569471359 0.384600818157196 0.327874511480331
0.147502273321152 0.140411674976349 0.134539261460304 0.111215643584728 0.122476071119308 0.12578934431076 0.0978363677859306 0.0988885685801506 0.133259743452072 0.13746702671051 0.115174353122711 0.123114347457886 0.13628177344799 0.129545390605927 0.142989590764046 0.158205777406693 0.200982570648193 0.267026305198669 0.334981292486191 0.377447426319122 0.403805941343307 0.432248502969742 0.43836984038353 0.437108665704727 0.438500225543976 0.426351368427277 0.426769882440567 0.423292398452759 0.41860830783844 0.433035403490067 0.442383170127869 0.456348270177841 0.467426985502243 0.454577893018723 0.427944302558899 0.406342953443527 0.409236758947372 0.432624220848083 0.448076397180557 0.436847627162933 0.403000801801682 0.398109048604965 0.419056057929993 0.399698346853256 0.34262228012085
0.133002281188965 0.116245232522488 0.116195313632488 0.107935912907124 0.109349258244038 0.120593562722206 0.118916548788548 0.126378253102303 0.144406244158745 0.130645111203194 0.124628238379955 0.133622750639915 0.145607069134712 0.142448469996452 0.176745712757111 0.241074532270432 0.307899177074432 0.349914699792862 0.383055478334427 0.408832013607025 0.428206264972687 0.438351929187775 0.436306089162827 0.43700760602951 0.44102218747139 0.437557399272919 0.432102084159851 0.417958825826645 0.429525524377823 0.455679297447205 0.462693989276886 0.478828758001328 0.48503103852272 0.46038892865181 0.431469559669495 0.422626256942749 0.421455711126328 0.429019391536713 0.418123602867126 0.399800419807434 0.366352766752243 0.359793037176132 0.39090770483017 0.405481666326523 0.364199995994568
0.124092310667038 0.105534456670284 0.116414278745651 0.108951330184937 0.101112708449364 0.129293084144592 0.130685359239578 0.124323546886444 0.133094489574432 0.134346023201942 0.13443349301815 0.125091418623924 0.149727419018745 0.180289655923843 0.247419163584709 0.340628266334534 0.393029987812042 0.416798293590546 0.432930082082748 0.4369116127491 0.43436661362648 0.43508717417717 0.438826858997345 0.442903399467468 0.440099805593491 0.431508630514145 0.420365035533905 0.412661850452423 0.434334337711334 0.463587045669556 0.474791198968887 0.483506232500076 0.471771329641342 0.438886314630508 0.396984457969666 0.379195481538773 0.381829887628555 0.379774957895279 0.348737895488739 0.322587519884109 0.302556753158569 0.299143731594086 0.342570811510086 0.394331365823746 0.365176379680634
0.132480084896088 0.116569317877293 0.113115772604942 0.118633382022381 0.12001646310091 0.14075955748558 0.128050163388252 0.112885400652885 0.125240594148636 0.14073446393013 0.140841647982597 0.134385466575623 0.187391683459282 0.273240894079208 0.342323958873749 0.393429428339005 0.425187259912491 0.44859379529953 0.455939471721649 0.448424726724625 0.439663529396057 0.442414849996567 0.442856758832932 0.44258177280426 0.439154624938965 0.426737993955612 0.431582182645798 0.434430509805679 0.440526366233826 0.461308300495148 0.468434870243073 0.469755083322525 0.449449896812439 0.4060218334198 0.367475092411041 0.344450920820236 0.333187460899353 0.317639917135239 0.277282506227493 0.26823553442955 0.253291189670563 0.246949806809425 0.28719687461853 0.354265749454498 0.358351320028305
0.12921978533268 0.119420729577541 0.106084577739239 0.126977980136871 0.129646524786949 0.140373736619949 0.13507091999054 0.116608038544655 0.12883922457695 0.144760057330132 0.159988418221474 0.200601443648338 0.29294615983963 0.369145959615707 0.409906506538391 0.416028887033463 0.424409449100494 0.438198983669281 0.44835177063942 0.4475437104702 0.43853697180748 0.44242051243782 0.443745076656342 0.450145989656448 0.455168873071671 0.443896144628525 0.458853453397751 0.464446157217026 0.464266180992126 0.489189505577087 0.48772782087326 0.474095046520233 0.444861203432083 0.382594674825668 0.349206745624542 0.321108520030975 0.285218626260757 0.264548748731613 0.252277106046677 0.243308797478676 0.223314076662064 0.22433914244175 0.277497053146362 0.35853523015976 0.403054147958755
0.121149107813835 0.114374078810215 0.106533072888851 0.124838627874851 0.123327568173409 0.133684128522873 0.135216191411018 0.130420029163361 0.143055811524391 0.163077235221863 0.218491435050964 0.322421550750732 0.387653112411499 0.424247652292252 0.437121272087097 0.435091555118561 0.427984327077866 0.434169918298721 0.445553511381149 0.440749794244766 0.439152002334595 0.447401344776154 0.453146994113922 0.461794674396515 0.462887853384018 0.459544152021408 0.478600084781647 0.48635259270668 0.493560671806335 0.510336220264435 0.498356103897095 0.480242729187012 0.448954045772552 0.386973410844803 0.328515082597733 0.302865117788315 0.264561772346497 0.241121232509613 0.234747841954231 0.224349409341812 0.215597584843636 0.220413655042648 0.275660634040833 0.356379240751266 0.399333596229553
0.118423767387867 0.11894328892231 0.11465322971344 0.127481564879417 0.128807350993156 0.127733945846558 0.125676289200783 0.129201725125313 0.164827615022659 0.227331295609474 0.307361990213394 0.391284942626953 0.421194970607758 0.436682164669037 0.44392991065979 0.455697596073151 0.454245358705521 0.440008103847504 0.435681521892548 0.441598564386368 0.45417907834053 0.463192462921143 0.462807685136795 0.467246621847153 0.473032057285309 0.485539078712463 0.505291163921356 0.507942259311676 0.505164086818695 0.502927780151367 0.49037304520607 0.480536252260208 0.452467411756516 0.401981681585312 0.339952766895294 0.302640557289124 0.272750198841095 0.249574393033981 0.22300498187542 0.207914754748344 0.210644766688347 0.214610233902931 0.245195522904396 0.299853533506393 0.355475574731827
0.113434746861458 0.125166147947311 0.12932975590229 0.138271525502205 0.129978835582733 0.126591950654984 0.122181929647923 0.139155656099319 0.230437397956848 0.308735638856888 0.35744571685791 0.413487434387207 0.428518980741501 0.436932891607285 0.451568782329559 0.468212872743607 0.462043583393097 0.441931456327438 0.440367698669434 0.456297785043716 0.463431358337402 0.483840316534042 0.491245985031128 0.479225128889084 0.488014817237854 0.497731566429138 0.507519245147705 0.508855938911438 0.503763377666473 0.501411855220795 0.49303674697876 0.480872929096222 0.453114777803421 0.422104865312576 0.362945765256882 0.303049474954605 0.2730353474617 0.246437892317772 0.218206509947777 0.206115275621414 0.216117531061172 0.221835404634476 0.230106502771378 0.281508564949036 0.309490293264389
0.116483479738235 0.131223946809769 0.136926457285881 0.136806532740593 0.118192180991173 0.126018807291985 0.151685684919357 0.204469725489616 0.284469366073608 0.357628792524338 0.397943466901779 0.433687657117844 0.447374701499939 0.454071909189224 0.456311404705048 0.466427713632584 0.463228464126587 0.453162580728531 0.46266981959343 0.470765113830566 0.472339689731598 0.495686888694763 0.505411267280579 0.48273628950119 0.470041662454605 0.4620640873909 0.468906134366989 0.480062574148178 0.491506934165955 0.494505643844604 0.494125992059708 0.484802007675171 0.451027750968933 0.42900151014328 0.390443205833435 0.32940337061882 0.291562438011169 0.251439779996872 0.214403256773949 0.204737290740013 0.213856503367424 0.220738902688026 0.216144025325775 0.247057065367699 0.269425541162491
0.13171249628067 0.134549364447594 0.112106122076511 0.123100653290749 0.122660592198372 0.157270014286041 0.232296392321587 0.273430109024048 0.329403817653656 0.405971169471741 0.42851185798645 0.448056638240814 0.472020655870438 0.474366992712021 0.465068221092224 0.475948184728622 0.478924691677094 0.464132994413376 0.471681833267212 0.481594324111938 0.483696967363358 0.483647763729095 0.475110709667206 0.46524104475975 0.446193039417267 0.41835030913353 0.407920807600021 0.418062776327133 0.446468770503998 0.462162971496582 0.463274329900742 0.472847253084183 0.462360739707947 0.443470895290375 0.412869274616241 0.34944686293602 0.299622535705566 0.253579765558243 0.224814131855965 0.230014234781265 0.227199614048004 0.21800896525383 0.203892797231674 0.23223951458931 0.2786965072155
0.125793680548668 0.131637617945671 0.116884432733059 0.134912386536598 0.168081432580948 0.215710535645485 0.285332888364792 0.351447194814682 0.379751682281494 0.425514280796051 0.435271352529526 0.451522260904312 0.475340813398361 0.482511311769485 0.47113886475563 0.472639411687851 0.484847515821457 0.481967359781265 0.487577766180038 0.492930829524994 0.473861068487167 0.451446831226349 0.438571751117706 0.44194421172142 0.420576632022858 0.37806248664856 0.350231468677521 0.35212042927742 0.382393538951874 0.40679070353508 0.420465558767319 0.447622358798981 0.46015790104866 0.445648401975632 0.416472643613815 0.355413228273392 0.29902458190918 0.259902775287628 0.242894530296326 0.250154137611389 0.242334350943565 0.222739830613136 0.219422534108162 0.23894327878952 0.26287317276001
