data/trimmed_ndre/Aes_ndre.725.2014_no_clouds.asc
NCOLS 109 
NROWS 101 
XLLCORNER 466110 
YLLCORNER 5182005 
CELLSIZE 5 
NODATA_value -3.4e+38 
[rows 80 to 99 of 101, columns 45 to 89 of 109]
0.146921783685684 0.148447468876839 0.159352406859398 0.162159740924835 0.174547836184502 0.200727537274361 0.221240416169167 0.251816272735596 0.278917253017426 0.272742867469788 0.246433883905411 0.233820304274559 0.222261771559715 0.214376583695412 0.213069796562195 0.208099082112312 0.215620473027229 0.214008420705795 0.201501965522766 0.213238015770912 0.214304134249687 0.197334736585617 0.181984856724739 0.175866186618805 0.183028191328049 0.182440176606178 0.169376999139786 0.162901774048805 0.153318986296654 0.146385923027992 0.148450314998627 0.144497260451317 0.152888685464859 0.163835868239403 0.159769803285599 0.165597602725029 0.164578646421432 0.164042592048645 0.171312481164932 -3.4e+38 -3.4e+38 -3.4e+38 -3.4e+38 -3.4e+38 -3.4e+38
0.147140651941299 0.151678174734116 0.158883675932884 0.16026397049427 0.173568576574326 0.204020142555237 0.232081383466721 0.25056853890419 0.272278636693954 0.269373089075089 0.25068274140358 0.245267450809479 0.238581016659737 0.228370621800423 0.220185533165932 0.215499073266983 0.210710689425468 0.22523820400238 0.228105321526527 0.220251888036728 0.206714555621147 0.193905353546143 0.188693225383759 0.187782272696495 0.179753422737122 0.174020424485207 0.165938198566437 0.170120164752007 0.157538592815399 0.143889054656029 0.1407370865345 0.138579100370407 0.148715376853943 0.163448885083199 0.165375575423241 0.163642823696136 0.161582335829735 0.16873537003994 -3.4e+38 -3.4e+38 -3.4e+38 -3.4e+38 -3.4e+38 -3.4e+38 -3.4e+38
0.140777215361595 0.149306893348694 0.159178197383881 0.168231442570686 0.18556335568428 0.220209434628487 0.236868053674698 0.23506672680378 0.243728086352348 0.240404799580574 0.234935685992241 0.238941475749016 0.247084185481071 0.251024067401886 0.241800993680954 0.229440614581108 0.219276160001755 0.247025161981583 0.25266632437706 0.231234163045883 0.224832639098167 0.213405311107635 0.203802943229675 0.196271941065788 0.176395416259766 0.166463285684586 0.169114604592323 0.171365529298782 0.160717844963074 0.155803859233856 0.153114929795265 0.153374403715134 0.159048020839691 0.177715614438057 0.1758723706007 0.163539066910744 0.166380524635315 -3.4e+38 -3.4e+38 -3.4e+38 -3.4e+38 -3.4e+38 -3.4e+38 -3.4e+38 -3.4e+38
0.141842007637024 0.15047687292099 0.15807044506073 0.171539038419724 0.19533184170723 0.226863533258438 0.237141743302345 0.229910328984261 0.233530327677727 0.222568303346634 0.218707904219627 0.229778945446014 0.246196672320366 0.254197806119919 0.248853206634521 0.234846845269203 0.227642998099327 0.247619017958641 0.241219192743301 0.221359252929688 0.225593656301498 0.223055467009544 0.206070736050606 0.194681987166405 0.191679269075394 0.183896735310555 0.171813070774078 0.161220014095306 0.158567652106285 0.164429754018784 0.157804876565933 0.152669191360474 0.16218926012516 0.177232950925827 0.175568029284477 -3.4e+38 -3.4e+38 -3.4e+38 -3.4e+38 -3.4e+38 -3.4e+38 -3.4e+38 -3.4e+38 -3.4e+38 -3.4e+38
0.145672723650932 0.150179833173752 0.155048817396164 0.162540197372437 0.187969669699669 0.220420598983765 0.235282614827156 0.246080309152603 0.248344272375107 0.228911161422729 0.216112032532692 0.212919816374779 0.222340166568756 0.232922345399857 0.238097086548805 0.228743106126785 0.220788300037384 0.222769886255264 0.217117607593536 0.206653043627739 0.210980355739594 0.214821830391884 0.20639206469059 0.20647020637989 0.20565727353096 0.186107665300369 0.168486520648003 0.156607896089554 0.158162176609039 0.163750872015953 0.163329526782036 0.159602761268616 0.159164369106293 0.161016047000885 -3.4e+38 -3.4e+38 -3.4e+38 -3.4e+38 -3.4e+38 -3.4e+38 -3.4e+38 -3.4e+38 -3.4e+38 -3.4e+38 -3.4e+38
0.143782764673233 0.147652626037598 0.154568701982498 0.159455597400665 0.171970516443253 0.200746104121208 0.227784067392349 0.248342588543892 0.248134553432465 0.227569952607155 0.213161543011665 0.200427621603012 0.203108206391335 0.217208608984947 0.227076411247253 0.212809294462204 0.212455660104752 0.214840233325958 0.202122956514359 0.204560622572899 0.212131142616272 0.221203073859215 0.223416388034821 0.213960066437721 0.198973163962364 0.177577823400497 0.163991808891296 0.153676703572273 0.158745914697647 0.165820553898811 0.165241613984108 0.165571287274361 0.163047105073929 -3.4e+38 -3.4e+38 -3.4e+38 -3.4e+38 -3.4e+38 -3.4e+38 -3.4e+38 -3.4e+38 -3.4e+38 -3.4e+38 -3.4e+38 -3.4e+38
0.132353812456131 0.143936589360237 0.160224616527557 0.159323647618294 0.154250025749207 0.176952585577965 0.210477203130722 0.224179968237877 0.225615710020065 0.220638990402222 0.216802328824997 0.211494714021683 0.208462223410606 0.213341742753983 0.220407739281654 0.220801949501038 0.217851847410202 0.21612460911274 0.19988477230072 0.212635263800621 0.227404907345772 0.223814815282822 0.213807597756386 0.209538698196411 0.190730363130569 0.176454126834869 0.161155566573143 0.145488917827606 0.157712712883949 0.166916966438293 0.160937085747719 0.161732688546181 -3.4e+38 -3.4e+38 -3.4e+38 -3.4e+38 -3.4e+38 -3.4e+38 -3.4e+38 -3.4e+38 -3.4e+38 -3.4e+38 -3.4e+38 -3.4e+38 -3.4e+38
0.152871936559677 0.155765488743782 0.162487283349037 0.153093308210373 0.143521875143051 0.16252364218235 0.193966671824455 0.196277782320976 0.19551357626915 0.210116267204285 0.224315077066422 0.221124351024628 0.211748614907265 0.20822112262249 0.222015455365181 0.236381590366364 0.220895364880562 0.216561391949654 0.214987426996231 0.206520766019821 0.209328413009644 0.203773632645607 0.19227360188961 0.197398766875267 0.178522348403931 0.158467084169388 0.145633652806282 0.13617205619812 0.157939970493317 0.162418037652969 0.160186246037483 -3.4e+38 -3.4e+38 -3.4e+38 -3.4e+38 -3.4e+38 -3.4e+38 -3.4e+38 -3.4e+38 -3.4e+38 -3.4e+38 -3.4e+38 -3.4e+38 -3.4e+38 -3.4e+38
0.168612405657768 0.164036765694618 0.153854370117188 0.146774604916573 0.155850976705551 0.165983811020851 0.176732629537582 0.176810547709465 0.179476499557495 0.202605009078979 0.221865147352219 0.214277133345604 0.201304033398628 0.197548523545265 0.214172467589378 0.231464505195618 0.227229684591293 0.214332073926926 0.209037661552429 0.199007019400597 0.187090590596199 0.185857594013214 0.177491515874863 0.166371136903763 0.16486956179142 0.148043543100357 0.136607706546783 0.142785593867302 0.159566402435303 0.152949184179306 -3.4e+38 -3.4e+38 -3.4e+38 -3.4e+38 -3.4e+38 -3.4e+38 -3.4e+38 -3.4e+38 -3.4e+38 -3.4e+38 -3.4e+38 -3.4e+38 -3.4e+38 -3.4e+38 -3.4e+38
0.14472396671772 0.16080416738987 0.165816158056259 0.159474462270737 0.163063362240791 0.158697053790092 0.167500868439674 0.176555827260017 0.176253035664558 0.173227027058601 0.190159544348717 0.200082421302795 0.187741100788116 0.18439020216465 0.199061140418053 0.203913345932961 0.200069069862366 0.207971796393394 0.209517776966095 0.203254908323288 0.18489071726799 0.163686692714691 0.164463043212891 0.163691639900208 0.1607955545187 0.153068214654922 0.148481428623199 0.154023319482803 0.159734010696411 -3.4e+38 -3.4e+38 -3.4e+38 -3.4e+38 -3.4e+38 -3.4e+38 -3.4e+38 -3.4e+38 -3.4e+38 -3.4e+38 -3.4e+38 -3.4e+38 -3.4e+38 -3.4e+38 -3.4e+38 -3.4e+38
0.135319992899895 0.151399552822113 0.161506444215775 0.159049525856972 0.149492710828781 0.148822739720345 0.157788917422295 0.15647229552269 0.149671316146851 0.147064074873924 0.150205984711647 0.188156738877296 0.188297674059868 0.161001518368721 0.163500905036926 0.177036434412003 0.186731263995171 0.200237765908241 0.202368393540382 0.194015711545944 0.178119540214539 0.163087263703346 0.16015762090683 0.166258826851845 0.168711915612221 0.168348401784897 0.158849284052849 0.158950865268707 -3.4e+38 -3.4e+38 -3.4e+38 -3.4e+38 -3.4e+38 -3.4e+38 -3.4e+38 -3.4e+38 -3.4e+38 -3.4e+38 -3.4e+38 -3.4e+38 -3.4e+38 -3.4e+38 -3.4e+38 -3.4e+38 -3.4e+38
0.149322554469109 0.150935426354408 0.157471165060997 0.161981046199799 0.165979295969009 0.163483962416649 0.158233046531677 0.150968596339226 0.148506596684456 0.15010966360569 0.143726125359535 0.174969047307968 0.171251699328423 0.141311332583427 0.146773055195808 0.167990773916245 0.184164389967918 0.181974157691002 0.174722358584404 0.166336253285408 0.160269662737846 0.156686395406723 0.15320560336113 0.166049733757973 0.165425330400467 0.159935668110847 -3.4e+38 -3.4e+38 -3.4e+38 -3.4e+38 -3.4e+38 -3.4e+38 -3.4e+38 -3.4e+38 -3.4e+38 -3.4e+38 -3.4e+38 -3.4e+38 -3.4e+38 -3.4e+38 -3.4e+38 -3.4e+38 -3.4e+38 -3.4e+38 -3.4e+38
0.159844726324081 0.155773803591728 0.165860652923584 0.174707993865013 0.181002199649811 0.176591247320175 0.16787688434124 0.17042663693428 0.164466187357903 0.157888606190681 0.151764675974846 0.160747036337852 0.148066103458405 0.15144307911396 0.166688501834869 0.164930790662766 0.163838893175125 0.160783961415291 0.155072838068008 0.150030419230461 0.154601037502289 0.15937377512455 0.158491909503937 0.156734824180603 0.155414804816246 -3.4e+38 -3.4e+38 -3.4e+38 -3.4e+38 -3.4e+38 -3.4e+38 -3.4e+38 -3.4e+38 -3.4e+38 -3.4e+38 -3.4e+38 -3.4e+38 -3.4e+38 -3.4e+38 -3.4e+38 -3.4e+38 -3.4e+38 -3.4e+38 -3.4e+38 -3.4e+38
0.168962702155113 0.158547699451447 0.161049410700798 0.172345414757729 0.176014468073845 0.171438738703728 0.168966114521027 0.171498253941536 0.158805727958679 0.154980689287186 0.152355492115021 0.146702378988266 0.137183830142021 0.152243196964264 0.163886293768883 0.148634523153305 0.147981002926826 0.159441232681274 0.162798017263412 0.160377964377403 0.167485371232033 0.162216424942017 0.159707620739937 -3.4e+38 -3.4e+38 -3.4e+38 -3.4e+38 -3.4e+38 -3.4e+38 -3.4e+38 -3.4e+38 -3.4e+38 -3.4e+38 -3.4e+38 -3.4e+38 -3.4e+38 -3.4e+38 -3.4e+38 -3.4e+38 -3.4e+38 -3.4e+38 -3.4e+38 -3.4e+38 -3.4e+38 -3.4e+38
0.182595536112785 0.169309183955193 0.161432072520256 0.166289687156677 0.169567316770554 0.168555170297623 0.171737685799599 0.1672602891922 0.152038022875786 0.157558113336563 0.157898634672165 0.150464907288551 0.14447708427906 0.147881418466568 0.154905021190643 0.15286922454834 0.151134505867958 0.163510948419571 0.167940407991409 0.161465674638748 0.163783729076385 -3.4e+38 -3.4e+38 -3.4e+38 -3.4e+38 -3.4e+38 -3.4e+38 -3.4e+38 -3.4e+38 -3.4e+38 -3.4e+38 -3.4e+38 -3.4e+38 -3.4e+38 -3.4e+38 -3.4e+38 -3.4e+38 -3.4e+38 -3.4e+38 -3.4e+38 -3.4e+38 -3.4e+38 -3.4e+38 -3.4e+38 -3.4e+38
0.173977181315422 0.164904326200485 0.165942385792732 0.175049304962158 0.183804571628571 0.184321358799934 0.187574446201324 0.173299863934517 0.157029584050179 0.161238759756088 0.15982973575592 0.154885813593864 0.154593795537949 0.160068765282631 0.157952174544334 0.160210058093071 0.160055264830589 0.159174695611 -3.4e+38 -3.4e+38 -3.4e+38 -3.4e+38 -3.4e+38 -3.4e+38 -3.4e+38 -3.4e+38 -3.4e+38 -3.4e+38 -3.4e+38 -3.4e+38 -3.4e+38 -3.4e+38 -3.4e+38 -3.4e+38 -3.4e+38 -3.4e+38 -3.4e+38 -3.4e+38 -3.4e+38 -3.4e+38 -3.4e+38 -3.4e+38 -3.4e+38 -3.4e+38 -3.4e+38
0.169343501329422 0.163714095950127 0.174630358815193 0.180019333958626 0.181668937206268 0.184420868754387 0.186485916376114 0.176444053649902 0.165299192070961 0.16274182498455 0.160642147064209 0.165251687169075 0.159207671880722 0.157646298408508 0.162461772561073 -3.4e+38 -3.4e+38 -3.4e+38 -3.4e+38 -3.4e+38 -3.4e+38 -3.4e+38 -3.4e+38 -3.4e+38 -3.4e+38 -3.4e+38 -3.4e+38 -3.4e+38 -3.4e+38 -3.4e+38 -3.4e+38 -3.4e+38 -3.4e+38 -3.4e+38 -3.4e+38 -3.4e+38 -3.4e+38 -3.4e+38 -3.4e+38 -3.4e+38 -3.4e+38 -3.4e+38 -3.4e+38 -3.4e+38 -3.4e+38
0.181188136339188 0.169256344437599 0.1656853556633 0.18036051094532 0.170960009098053 0.166726365685463 0.172529622912407 0.168091043829918 0.166588857769966 0.165396675467491 0.165571659803391 0.1727105230093 -3.4e+38 -3.4e+38 -3.4e+38 -3.4e+38 -3.4e+38 -3.4e+38 -3.4e+38 -3.4e+38 -3.4e+38 -3.4e+38 -3.4e+38 -3.4e+38 -3.4e+38 -3.4e+38 -3.4e+38 -3.4e+38 -3.4e+38 -3.4e+38 -3.4e+38 -3.4e+38 -3.4e+38 -3.4e+38 -3.4e+38 -3.4e+38 -3.4e+38 -3.4e+38 -3.4e+38 -3.4e+38 -3.4e+38 -3.4e+38 -3.4e+38 -3.4e+38 -3.4e+38
0.166205108165741 0.165361970663071 0.168316140770912 0.187109187245369 0.166042730212212 0.16199104487896 0.166402265429497 0.160808607935905 0.170734897255898 0.163901463150978 -3.4e+38 -3.4e+38 -3.4e+38 -3.4e+38 -3.4e+38 -3.4e+38 -3.4e+38 -3.4e+38 -3.4e+38 -3.4e+38 -3.4e+38 -3.4e+38 -3.4e+38 -3.4e+38 -3.4e+38 -3.4e+38 -3.4e+38 -3.4e+38 -3.4e+38 -3.4e+38 -3.4e+38 -3.4e+38 -3.4e+38 -3.4e+38 -3.4e+38 -3.4e+38 -3.4e+38 -3.4e+38 -3.4e+38 -3.4e+38 -3.4e+38 -3.4e+38 -3.4e+38 -3.4e+38 -3.4e+38
0.16086058318615 0.17768195271492 0.182289317250252 0.183522611856461 0.176156312227249 0.181664332747459 0.176395237445831 0.165819525718689 -3.4e+38 -3.4e+38 -3.4e+38 -3.4e+38 -3.4e+38 -3.4e+38 -3.4e+38 -3.4e+38 -3.4e+38 -3.4e+38 -3.4e+38 -3.4e+38 -3.4e+38 -3.4e+38 -3.4e+38 -3.4e+38 -3.4e+38 -3.4e+38 -3.4e+38 -3.4e+38 -3.4e+38 -3.4e+38 -3.4e+38 -3.4e+38 -3.4e+38 -3.4e+38 -3.4e+38 -3.4e+38 -3.4e+38 -3.4e+38 -3.4e+38 -3.4e+38 -3.4e+38 -3.4e+38 -3.4e+38 -3.4e+38 -3.4e+38
