data/trimmed_ndre/Aes_ndre.514.2014_no_clouds.asc
NCOLS 109 
NROWS 101 
XLLCORNER 466110 
YLLCORNER 5182005 
CELLSIZE 5 
NODATA_value -3.4e+38 
[rows 40 to 59 of 101, columns 45 to 89 of 109]
0.183884426951408 0.196006715297699 0.200543746352196 0.191162094473839 0.201634168624878 0.208755150437355 0.206214725971222 0.207088440656662 0.219733491539955 0.235658451914787 0.252066344022751 0.245313227176666 0.25228288769722 0.271425038576126 0.297702789306641 0.27313968539238 0.244470506906509 0.222236543893814 0.212334796786308 0.203358545899391 0.205449178814888 0.212409541010857 0.212267100811005 0.208734855055809 0.214702844619751 0.219898015260696 0.209698602557182 0.197328582406044 0.218125104904175 0.245337978005409 0.241317346692085 0.219579383730888 0.212455913424492 0.210142716765404 0.189569383859634 0.193635761737823 0.190213456749916 0.179155305027962 0.168497502803802 0.179519414901733 0.183471873402596 0.180955424904823 0.178427144885063 0.200865045189857 0.225078165531158
0.177887320518494 0.193156316876411 0.200237154960632 0.197993189096451 0.195746690034866 0.207492023706436 0.212859779596329 0.21206146478653 0.231496915221214 0.241995617747307 0.246422499418259 0.248610123991966 0.263611197471619 0.282807290554047 0.290627300739288 0.250620782375336 0.224686786532402 0.210137248039246 0.204911336302757 0.210564136505127 0.221780315041542 0.216772362589836 0.204556360840797 0.200485020875931 0.205973565578461 0.210169523954391 0.203297883272171 0.185104519128799 0.196490556001663 0.213356822729111 0.21908001601696 0.205085560679436 0.196742281317711 0.19228757917881 0.186913564801216 0.19223715364933 0.191344738006592 0.1807661652565 0.167952135205269 0.168933764100075 0.175368368625641 0.175813898444176 0.180580496788025 0.202863454818726 0.22193931043148
0.171943336725235 0.190652012825012 0.199341833591461 0.195526480674744 0.185815736651421 0.207052379846573 0.218491151928902 0.221851110458374 0.229742586612701 0.238871306180954 0.252696394920349 0.266116231679916 0.275748878717422 0.278422325849533 0.265501081943512 0.232011079788208 0.207559511065483 0.203062936663628 0.206768527626991 0.215510383248329 0.220559597015381 0.211041763424873 0.199690088629723 0.19520328938961 0.195599749684334 0.195258364081383 0.184379249811172 0.17091977596283 0.176248997449875 0.18377411365509 0.198387816548347 0.21014615893364 0.206815555691719 0.199474677443504 0.188462555408478 0.18148572742939 0.180352464318275 0.176348999142647 0.169457599520683 0.166924312710762 0.173872724175453 0.183829367160797 0.204719498753548 0.224267914891243 0.227109774947166
0.180889502167702 0.19162480533123 0.192043632268906 0.191303268074989 0.189569786190987 0.210233613848686 0.215037003159523 0.218665555119514 0.227769836783409 0.245950177311897 0.273635566234589 0.288240730762482 0.278644502162933 0.261686205863953 0.2425587028265 0.217149898409843 0.196732252836227 0.205397292971611 0.20634226500988 0.203404814004898 0.203082829713821 0.205954045057297 0.198776975274086 0.196102187037468 0.196846812963486 0.190721556544304 0.173326939344406 0.164295792579651 0.169742047786713 0.181025668978691 0.203573614358902 0.217197805643082 0.212907448410988 0.201339423656464 0.187770903110504 0.179200455546379 0.184224903583527 0.193278804421425 0.186788931488991 0.177431628108025 0.177235677838326 0.187749698758125 0.209693014621735 0.220780119299889 0.21955993771553
0.180326536297798 0.18617832660675 0.185380503535271 0.202425882220268 0.212304577231407 0.218456342816353 0.220051154494286 0.221917077898979 0.236061707139015 0.261880546808243 0.285088181495667 0.288573890924454 0.267912447452545 0.235655814409256 0.223240584135056 0.20326566696167 0.190081015229225 0.196669414639473 0.19960318505764 0.189148783683777 0.190407812595367 0.203991159796715 0.200831472873688 0.196324467658997 0.188523456454277 0.179258748888969 0.168903395533562 0.165271282196045 0.17690147459507 0.194172650575638 0.205015063285828 0.206705316901207 0.19887238740921 0.187399074435234 0.196247234940529 0.198996275663376 0.203138560056686 0.21162112057209 0.20577946305275 0.190956249833107 0.179700210690498 0.183667793869972 0.207155525684357 0.218095362186432 0.215376496315002
0.184229031205177 0.185243427753448 0.192437380552292 0.225457340478897 0.224500715732574 0.217803567647934 0.221324697136879 0.233703225851059 0.25465989112854 0.275128871202469 0.284484475851059 0.272133052349091 0.241882473230362 0.210777655243874 0.204214602708817 0.187735810875893 0.178884923458099 0.182910904288292 0.190284907817841 0.180981382727623 0.187817692756653 0.194497764110565 0.189921975135803 0.184898853302002 0.171685785055161 0.166996702551842 0.168646365404129 0.163850590586662 0.180192902684212 0.192246526479721 0.190972328186035 0.18444912135601 0.173715233802795 0.177878201007843 0.205131962895393 0.221422016620636 0.221866294741631 0.218211993575096 0.208108112215996 0.193137124180794 0.182868212461472 0.188896015286446 0.211282521486282 0.227481961250305 0.226340875029564
0.199258074164391 0.198457702994347 0.206135794520378 0.229293882846832 0.217455446720123 0.20972765982151 0.221905171871185 0.259237200021744 0.291739076375961 0.292739480733871 0.273684859275818 0.247256100177765 0.215505033731461 0.200093060731888 0.19698965549469 0.183941453695297 0.173915594816208 0.175602585077286 0.180592998862267 0.17752905189991 0.186284184455872 0.184694707393646 0.178958505392075 0.173669293522835 0.161347091197968 0.168109014630318 0.17465004324913 0.171769216656685 0.178153902292252 0.178355157375336 0.177927315235138 0.181690350174904 0.182040736079216 0.18559505045414 0.207391694188118 0.234370008111 0.22686205804348 0.220471888780594 0.210299536585808 0.192486375570297 0.186215177178383 0.200739324092865 0.221865266561508 0.232051521539688 0.230755493044853
0.215059354901314 0.211214125156403 0.215189695358276 0.221292495727539 0.208840847015381 0.209385216236115 0.244813963770866 0.297188431024551 0.32178208231926 0.292620718479156 0.257565706968307 0.228848844766617 0.201473489403725 0.196252569556236 0.19555988907814 0.188305795192719 0.178697019815445 0.18019038438797 0.180265873670578 0.180402532219887 0.187644302845001 0.183452188968658 0.175173282623291 0.173984557390213 0.177732303738594 0.189230173826218 0.185680568218231 0.176448315382004 0.170030996203423 0.170548334717751 0.182282283902168 0.189418017864227 0.18588499724865 0.182167947292328 0.200182542204857 0.22104312479496 0.212110623717308 0.217042416334152 0.205687806010246 0.189444333314896 0.189779505133629 0.209113389253616 0.223149195313454 0.230096504092216 0.230043992400169
0.225244000554085 0.221073865890503 0.217204928398132 0.216150432825089 0.219992563128471 0.248527094721794 0.29397377371788 0.32567822933197 0.324823886156082 0.276329189538956 0.246669352054596 0.227357938885689 0.208716064691544 0.205049514770508 0.201807841658592 0.19532535970211 0.187542647123337 0.189360126852989 0.184332057833672 0.182869955897331 0.186903163790703 0.188292935490608 0.176288649439812 0.174868047237396 0.185027122497559 0.198317974805832 0.186532616615295 0.174064755439758 0.169443607330322 0.1789760440588 0.196329265832901 0.190675020217896 0.178683385252953 0.175415799021721 0.188539490103722 0.197254851460457 0.197451546788216 0.208455115556717 0.197785884141922 0.188559308648109 0.196264132857323 0.220368698239326 0.227068409323692 0.22988860309124 0.223024949431419
0.227665677666664 0.227959871292114 0.216162487864494 0.22333362698555 0.253632962703705 0.301141083240509 0.334708094596863 0.329874008893967 0.302266150712967 0.26054173707962 0.227634504437447 0.212742835283279 0.211212202906609 0.216128021478653 0.209232583642006 0.195636972784996 0.187494367361069 0.188125804066658 0.183232605457306 0.177542209625244 0.175715193152428 0.175867184996605 0.173487022519112 0.185058459639549 0.195766985416412 0.197708532214165 0.180700927972794 0.180459156632423 0.18447133898735 0.194096848368645 0.205779895186424 0.186688601970673 0.176211535930634 0.180130243301392 0.189123153686523 0.192062065005302 0.193387374281883 0.198684900999069 0.198211476206779 0.197295024991035 0.214910387992859 0.240334331989288 0.238852843642235 0.230268940329552 0.212664797902107
0.22822929918766 0.231471166014671 0.219987347722054 0.241039857268333 0.288146317005157 0.334727108478546 0.349442094564438 0.318755447864532 0.283605456352234 0.245370775461197 0.20646820962429 0.195389896631241 0.207014366984367 0.217211022973061 0.204145595431328 0.183255806565285 0.179363414645195 0.182488039135933 0.178900673985481 0.163786202669144 0.157800734043121 0.160922318696976 0.171431213617325 0.195871263742447 0.207655593752861 0.200368598103523 0.188324749469757 0.199372038245201 0.201284423470497 0.202452287077904 0.205218225717545 0.197351813316345 0.195580437779427 0.194777622818947 0.196629345417023 0.200811669230461 0.197428360581398 0.199693277478218 0.207328096032143 0.210734635591507 0.241912037134171 0.266564130783081 0.259500682353973 0.226221174001694 0.202733084559441
0.232050284743309 0.235775053501129 0.237168326973915 0.263197273015976 0.308766186237335 0.331670671701431 0.326404690742493 0.291371703147888 0.259043991565704 0.229865998029709 0.19982598721981 0.189831495285034 0.206419542431831 0.215458616614342 0.20379002392292 0.179337173700333 0.17375086247921 0.183521047234535 0.189049005508423 0.176911875605583 0.164399117231369 0.160268202424049 0.170133903622627 0.191088914871216 0.20149864256382 0.19291016459465 0.194778203964233 0.211637526750565 0.209080457687378 0.194121673703194 0.187588378787041 0.193640694022179 0.211347356438637 0.212123394012451 0.210368156433105 0.209837883710861 0.195640027523041 0.202360302209854 0.215571656823158 0.227751463651657 0.267638325691223 0.298290878534317 0.287662208080292 0.233785524964333 0.208088651299477
0.238066881895065 0.238706678152084 0.255257129669189 0.284089177846909 0.318818360567093 0.305813312530518 0.282739877700806 0.25653150677681 0.235062226653099 0.229419708251953 0.217501252889633 0.202470332384109 0.204121202230453 0.213757693767548 0.209002420306206 0.190146520733833 0.176566138863564 0.183865055441856 0.18764229118824 0.183765143156052 0.17787578701973 0.170176327228546 0.169150501489639 0.175983056426048 0.182529777288437 0.176109507679939 0.191000014543533 0.208224251866341 0.205380395054817 0.184348747134209 0.182771265506744 0.199149265885353 0.224691167473793 0.228137984871864 0.230631813406944 0.222901001572609 0.203762292861938 0.208864197134972 0.220521867275238 0.241737067699432 0.278782814741135 0.309020131826401 0.291021347045898 0.246151611208916 0.221107333898544
0.23958882689476 0.239967793226242 0.268005669116974 0.306078940629959 0.328298002481461 0.282286912202835 0.251445084810257 0.233503639698029 0.227222919464111 0.235368505120277 0.223473384976387 0.208258733153343 0.203896164894104 0.218003481626511 0.218539774417877 0.201137617230415 0.177768364548683 0.177442133426666 0.175427287817001 0.180324420332909 0.184427529573441 0.177845478057861 0.168847903609276 0.166069984436035 0.165233880281448 0.158784285187721 0.17306761443615 0.187917485833168 0.193235322833061 0.185256227850914 0.190263941884041 0.207518562674522 0.226105719804764 0.226965680718422 0.230349108576775 0.221725314855576 0.208615258336067 0.20884807407856 0.218724653124809 0.240253493189812 0.268416047096252 0.290087729692459 0.278057605028152 0.25460484623909 0.23426054418087
0.240483924746513 0.245405256748199 0.273713290691376 0.303512990474701 0.307923346757889 0.265300720930099 0.242910578846931 0.242344677448273 0.243261456489563 0.239056691527367 0.229072824120522 0.219275444746017 0.217446193099022 0.228583812713623 0.224817633628845 0.204808726906776 0.183980122208595 0.175583615899086 0.164825767278671 0.174477145075798 0.184103116393089 0.180969834327698 0.169281840324402 0.165395513176918 0.160024046897888 0.155577212572098 0.166420161724091 0.177113756537437 0.186074405908585 0.191103383898735 0.197795987129211 0.200773224234581 0.211673483252525 0.220935896039009 0.224056974053383 0.215996786952019 0.203971743583679 0.200892269611359 0.218023404479027 0.235650435090065 0.249020621180534 0.256639361381531 0.254742830991745 0.248361393809319 0.237587556242943
0.239262893795967 0.248201236128807 0.267948716878891 0.280581146478653 0.276269882917404 0.256191164255142 0.24369153380394 0.259737223386765 0.256758689880371 0.242580443620682 0.236560836434364 0.242325976490974 0.246024236083031 0.243772700428963 0.230996400117874 0.211134195327759 0.198147118091583 0.191097408533096 0.184865936636925 0.192317858338356 0.194328308105469 0.18867127597332 0.177901580929756 0.177035987377167 0.169874057173729 0.165678203105927 0.17049565911293 0.174439564347267 0.182030633091927 0.186456114053726 0.186351716518402 0.186590939760208 0.196245610713959 0.21118175983429 0.217645168304443 0.211588025093079 0.202234834432602 0.204550623893738 0.217945516109467 0.226052671670914 0.227227225899696 0.229459702968597 0.234936729073524 0.240589752793312 0.239689826965332
0.234468027949333 0.245223999023438 0.257104963064194 0.254992127418518 0.255899161100388 0.249625772237778 0.247090324759483 0.267206966876984 0.257455229759216 0.239838570356369 0.231163308024406 0.241573348641396 0.249317720532417 0.248517856001854 0.238418266177177 0.224229723215103 0.215263575315475 0.207508191466331 0.202329024672508 0.204245060682297 0.20300504565239 0.201494425535202 0.198768973350525 0.196342185139656 0.182797595858574 0.175840497016907 0.175864920020103 0.175842434167862 0.175256699323654 0.177080184221268 0.177171036601067 0.176500037312508 0.181700959801674 0.202063798904419 0.212417393922806 0.205338090658188 0.191482692956924 0.206540271639824 0.218255087733269 0.215941146016121 0.20634001493454 0.203939005732536 0.214622214436531 0.233391940593719 0.245910733938217
0.226940587162971 0.240317687392235 0.251427590847015 0.253564596176147 0.259062349796295 0.253569662570953 0.250451147556305 0.255690544843674 0.241990402340889 0.217532217502594 0.214119926095009 0.23433218896389 0.253568291664124 0.258450120687485 0.253367006778717 0.245322465896606 0.238850325345993 0.227088913321495 0.216078564524651 0.208386570215225 0.203173354268074 0.208306908607483 0.215245336294174 0.214609056711197 0.197488054633141 0.181952983140945 0.17691670358181 0.176856994628906 0.175064608454704 0.174062952399254 0.17570561170578 0.173607259988785 0.173710599541664 0.189451605081558 0.193647980690002 0.191490441560745 0.187358513474464 0.209301188588142 0.22238564491272 0.220792636275291 0.207342058420181 0.198794111609459 0.207355141639709 0.23041832447052 0.254611492156982
0.223030939698219 0.234588235616684 0.247656509280205 0.255369871854782 0.259098768234253 0.254045486450195 0.239500567317009 0.231872692704201 0.226451382040977 0.210199773311615 0.213469684123993 0.237648248672485 0.270096570253372 0.288475453853607 0.286075294017792 0.275267988443375 0.262915521860123 0.246127635240555 0.229467779397964 0.212384566664696 0.20428803563118 0.217296376824379 0.238041400909424 0.238884836435318 0.216340556740761 0.187653437256813 0.179322794079781 0.178339809179306 0.177378341555595 0.175916329026222 0.181851103901863 0.179886102676392 0.175961554050446 0.182571679353714 0.185644000768661 0.188537135720253 0.193932607769966 0.201221346855164 0.208310335874557 0.218528166413307 0.217026248574257 0.206600785255432 0.208195134997368 0.225815191864967 0.243860363960266
0.22878797352314 0.238404214382172 0.251222670078278 0.248012259602547 0.244390353560448 0.238638818264008 0.209498792886734 0.202149838209152 0.207623913884163 0.212187752127647 0.222970649600029 0.249383836984634 0.278652846813202 0.294626772403717 0.29001522064209 0.285590499639511 0.27775964140892 0.265402257442474 0.255085021257401 0.231757640838623 0.220598101615906 0.234699085354805 0.268028289079666 0.26986563205719 0.240859687328339 0.199514806270599 0.181367814540863 0.179274663329124 0.178985893726349 0.177883788943291 0.176469594240189 0.180911064147949 0.18137800693512 0.18354806303978 0.190600454807281 0.19193696975708 0.200112760066986 0.201560899615288 0.19421075284481 0.213406682014465 0.221623748540878 0.215373426675797 0.21007476747036 0.228730261325836 0.241322070360184
