data/trimmed_ndre/Aes_ndre.78.2014_no_clouds.asc
NCOLS 109 
NROWS 101 
XLLCORNER 466110 
YLLCORNER 5182005 
CELLSIZE 5 
NODATA_value -3.4e+38 
[rows 40 to 59 of 101, columns 0 to 44 of 109]
-3.4e+38 -3.4e+38 -3.4e+38 -3.4e+38 -3.4e+38 -3.4e+38 -3.4e+38 -3.4e+38 -3.4e+38 -3.4e+38 -3.4e+38 -3.4e+38 0.294833689928055 0.28327876329422 0.273357570171356 0.241325318813324 0.203538134694099 0.199992209672928 0.232031553983688 0.266297847032547 0.302261173725128 0.337559729814529 0.369370996952057 0.392470926046371 0.396071940660477 0.409562826156616 0.419397920370102 0.405817002058029 0.405013114213943 0.385711908340454 0.359522879123688 0.346464365720749 0.328680723905563 0.344337671995163 0.352246165275574 0.333669096231461 0.323867678642273 0.291715800762177 0.260195404291153 0.240892738103867 0.226898729801178 0.230901598930359 0.25046044588089 0.277355015277863 0.30306750535965
-3.4e+38 -3.4e+38 -3.4e+38 -3.4e+38 -3.4e+38 -3.4e+38 -3.4e+38 -3.4e+38 -3.4e+38 -3.4e+38 -3.4e+38 -3.4e+38 0.249755635857582 0.234385147690773 0.207480207085609 0.184112265706062 0.191809207201004 0.232857435941696 0.288721829652786 0.332222938537598 0.36600798368454 0.380182445049286 0.38673922419548 0.403927087783813 0.408428221940994 0.428104639053345 0.427775800228119 0.407289236783981 0.391355663537979 0.361718505620956 0.342063426971436 0.326174765825272 0.308561980724335 0.325800865888596 0.347342818975449 0.359213620424271 0.347644478082657 0.289415687322617 0.232361733913422 0.202671781182289 0.205673351883888 0.222298368811607 0.239062443375587 0.269905000925064 0.304103553295135
-3.4e+38 -3.4e+38 -3.4e+38 -3.4e+38 -3.4e+38 -3.4e+38 -3.4e+38 -3.4e+38 -3.4e+38 -3.4e+38 -3.4e+38 0.266135513782501 0.254277050495148 0.215692237019539 0.194215834140778 0.207956194877625 0.242510452866554 0.301003515720367 0.355320662260056 0.38258883357048 0.398883044719696 0.396024823188782 0.387613415718079 0.39427775144577 0.410991251468658 0.428182333707809 0.423510432243347 0.40153095126152 0.374489098787308 0.340702086687088 0.312395721673965 0.288811802864075 0.282189399003983 0.300320088863373 0.320802867412567 0.370532929897308 0.359592378139496 0.281325846910477 0.233334183692932 0.207640588283539 0.217994332313538 0.234658107161522 0.234801694750786 0.256623208522797 0.289120525121689
-3.4e+38 -3.4e+38 -3.4e+38 -3.4e+38 -3.4e+38 -3.4e+38 -3.4e+38 -3.4e+38 -3.4e+38 -3.4e+38 -3.4e+38 0.257887989282608 0.249468013644218 0.21296438574791 0.209443613886833 0.24894717335701 0.314044237136841 0.364852368831635 0.389103263616562 0.401800036430359 0.411210894584656 0.408180803060532 0.394710838794708 0.406533271074295 0.421817183494568 0.419047713279724 0.416440039873123 0.403775095939636 0.364526927471161 0.327785819768906 0.317713677883148 0.298093646764755 0.279675036668777 0.285310655832291 0.300314754247665 0.3675816655159 0.364000082015991 0.290326803922653 0.255427211523056 0.228411197662354 0.239439055323601 0.254914045333862 0.246366962790489 0.252472639083862 0.275008767843246
-3.4e+38 -3.4e+38 -3.4e+38 -3.4e+38 -3.4e+38 -3.4e+38 -3.4e+38 -3.4e+38 -3.4e+38 -3.4e+38 -3.4e+38 0.218664646148682 0.217369943857193 0.206079348921776 0.241329297423363 0.298803865909576 0.360243707895279 0.387330204248428 0.391077935695648 0.389451742172241 0.398621082305908 0.414733618497849 0.422527343034744 0.446416884660721 0.442124485969543 0.406094580888748 0.377433806657791 0.369099140167236 0.344914644956589 0.3415707051754 0.358611702919006 0.348929136991501 0.311029046773911 0.283195197582245 0.296212673187256 0.341650515794754 0.346204251050949 0.297551184892654 0.258042275905609 0.24528443813324 0.260103285312653 0.268714636564255 0.259314864873886 0.261032849550247 0.274708598852158
-3.4e+38 -3.4e+38 -3.4e+38 -3.4e+38 -3.4e+38 -3.4e+38 -3.4e+38 -3.4e+38 -3.4e+38 -3.4e+38 -3.4e+38 0.198749527335167 0.183517619967461 0.230728283524513 0.303032726049423 0.339793384075165 0.369068890810013 0.387943714857101 0.39245143532753 0.384519279003143 0.400557935237885 0.424934506416321 0.446276277303696 0.466801077127457 0.45044806599617 0.390452802181244 0.338935434818268 0.331179767847061 0.317897200584412 0.340519487857819 0.372451215982437 0.369832396507263 0.34431380033493 0.315316766500473 0.306764543056488 0.31766214966774 0.33270463347435 0.323921859264374 0.29565367102623 0.280906856060028 0.288558036088943 0.288296222686768 0.276922076940536 0.280086725950241 0.299954473972321
-3.4e+38 -3.4e+38 -3.4e+38 -3.4e+38 -3.4e+38 -3.4e+38 -3.4e+38 -3.4e+38 -3.4e+38 -3.4e+38 0.223370492458344 0.197194322943687 0.214374229311943 0.289960920810699 0.352554529905319 0.362414389848709 0.366717994213104 0.378720134496689 0.384409159421921 0.389501094818115 0.415456771850586 0.425718456506729 0.435783177614212 0.440685421228409 0.417141407728195 0.37128359079361 0.334468305110931 0.313898384571075 0.294134706258774 0.311730116605759 0.336849689483643 0.351316869258881 0.356116890907288 0.344056993722916 0.325905531644821 0.32509633898735 0.336214333772659 0.339079916477203 0.32709613442421 0.31447559595108 0.315405189990997 0.309981048107147 0.304169863462448 0.302461445331573 0.324842512607574
-3.4e+38 -3.4e+38 -3.4e+38 -3.4e+38 -3.4e+38 -3.4e+38 -3.4e+38 -3.4e+38 -3.4e+38 -3.4e+38 0.202161222696304 0.211666584014893 0.270964413881302 0.33260178565979 0.365346521139145 0.346403390169144 0.33403491973877 0.350155591964722 0.366189867258072 0.383067786693573 0.407623767852783 0.421552240848541 0.425878465175629 0.406096220016479 0.375777125358582 0.357733845710754 0.347568184137344 0.308357983827591 0.271076500415802 0.276123583316803 0.289824843406677 0.321948230266571 0.353829234838486 0.356499642133713 0.344005823135376 0.337159246206284 0.34260481595993 0.345820337533951 0.34444198012352 0.336530834436417 0.327728033065796 0.3206507563591 0.331314444541931 0.324040353298187 0.340743780136108
-3.4e+38 -3.4e+38 -3.4e+38 -3.4e+38 -3.4e+38 -3.4e+38 -3.4e+38 -3.4e+38 -3.4e+38 -3.4e+38 0.205070838332176 0.237611413002014 0.299061059951782 0.332706481218338 0.341436415910721 0.316757142543793 0.303592026233673 0.320428222417831 0.34092390537262 0.359974801540375 0.379595577716827 0.394736975431442 0.406507313251495 0.387648910284042 0.35679030418396 0.346319377422333 0.350035935640335 0.305621296167374 0.261296987533569 0.263412594795227 0.278601169586182 0.298673450946808 0.337396711111069 0.361155658960342 0.355980485677719 0.350932240486145 0.357973277568817 0.368258088827133 0.370577186346054 0.365404814481735 0.353415787220001 0.350687563419342 0.361957848072052 0.347388058900833 0.366819769144058
-3.4e+38 -3.4e+38 -3.4e+38 -3.4e+38 -3.4e+38 -3.4e+38 -3.4e+38 -3.4e+38 -3.4e+38 0.217002794146538 0.223499476909637 0.275999277830124 0.317015647888184 0.314035892486572 0.310430258512497 0.310301870107651 0.310360074043274 0.320359587669373 0.336187094449997 0.350729912519455 0.336570620536804 0.338528245687485 0.368243098258972 0.368877649307251 0.347938120365143 0.3409603536129 0.345461875200272 0.313074916601181 0.282115459442139 0.2723448574543 0.278059750795364 0.279374271631241 0.327904164791107 0.373988449573517 0.378110706806183 0.375086039304733 0.376809507608414 0.385753303766251 0.389870226383209 0.386263966560364 0.389172166585922 0.390742719173431 0.386147350072861 0.372180461883545 0.391945362091064
-3.4e+38 -3.4e+38 -3.4e+38 -3.4e+38 -3.4e+38 -3.4e+38 -3.4e+38 -3.4e+38 -3.4e+38 0.20687247812748 0.232431843876839 0.294043779373169 0.325105965137482 0.316400945186615 0.318102598190308 0.328917801380157 0.33189994096756 0.338065534830093 0.341730326414108 0.335325509309769 0.296830207109451 0.289269894361496 0.324198693037033 0.323913365602493 0.318909615278244 0.325036644935608 0.344166159629822 0.345071911811829 0.331746220588684 0.299431562423706 0.274563819169998 0.271925032138824 0.324101388454437 0.380447030067444 0.404814600944519 0.407652586698532 0.405429989099503 0.401326566934586 0.39372256398201 0.390724420547485 0.40288120508194 0.411192387342453 0.402772039175034 0.397767394781113 0.414741665124893
-3.4e+38 -3.4e+38 -3.4e+38 -3.4e+38 -3.4e+38 -3.4e+38 -3.4e+38 -3.4e+38 -3.4e+38 0.202459037303925 0.250099241733551 0.308734208345413 0.330347448587418 0.329543918371201 0.335621297359467 0.352136045694351 0.342519968748093 0.336107581853867 0.327074587345123 0.309285223484039 0.305406510829926 0.305262953042984 0.306823998689651 0.296753287315369 0.288694888353348 0.298752278089523 0.33457025885582 0.367075055837631 0.373554021120071 0.33627524971962 0.276356250047684 0.269308835268021 0.319725126028061 0.377780377864838 0.430330961942673 0.446605950593948 0.437417715787888 0.423028141260147 0.398789882659912 0.391183346509933 0.405442148447037 0.421528905630112 0.421224027872086 0.420300304889679 0.435077339410782
-3.4e+38 -3.4e+38 -3.4e+38 -3.4e+38 -3.4e+38 -3.4e+38 -3.4e+38 -3.4e+38 -3.4e+38 0.220051124691963 0.277022927999496 0.317192316055298 0.322874933481216 0.331727385520935 0.350998401641846 0.358548611402512 0.334372341632843 0.325367152690887 0.334613889455795 0.319625198841095 0.295853614807129 0.301712155342102 0.293116271495819 0.270809799432755 0.261476010084152 0.282568216323853 0.295153141021729 0.327655613422394 0.351894170045853 0.332932949066162 0.288703173398972 0.266800105571747 0.307281017303467 0.355524122714996 0.41804575920105 0.450281530618668 0.444276124238968 0.432362467050552 0.406609863042831 0.396919697523117 0.411864221096039 0.427487313747406 0.434887647628784 0.440850049257278 0.448626458644867
-3.4e+38 -3.4e+38 -3.4e+38 -3.4e+38 -3.4e+38 -3.4e+38 -3.4e+38 -3.4e+38 0.201506420969963 0.250300168991089 0.291954576969147 0.309323877096176 0.314138680696487 0.330329328775406 0.349405348300934 0.346282124519348 0.334120273590088 0.339392334222794 0.361729860305786 0.342795878648758 0.300161421298981 0.297068983316422 0.277001708745956 0.249303594231606 0.237345889210701 0.244307994842529 0.233809277415276 0.24999788403511 0.287657767534256 0.298456937074661 0.293617486953735 0.268027991056442 0.271088540554047 0.314601123332977 0.368697315454483 0.413362264633179 0.435118615627289 0.430939972400665 0.412956357002258 0.40335875749588 0.419568538665771 0.436921447515488 0.438745647668839 0.456113696098328 0.468730121850967
-3.4e+38 -3.4e+38 -3.4e+38 -3.4e+38 -3.4e+38 -3.4e+38 -3.4e+38 -3.4e+38 0.217217668890953 0.275693714618683 0.294938325881958 0.300893545150757 0.308279663324356 0.321443170309067 0.331122070550919 0.329848885536194 0.339575558900833 0.368591219186783 0.396001905202866 0.372548878192902 0.329224169254303 0.295243501663208 0.262138247489929 0.232519775629044 0.214009895920753 0.206915184855461 0.196294143795967 0.199626445770264 0.237978726625443 0.262444615364075 0.254152864217758 0.235107004642487 0.23198527097702 0.274119883775711 0.336182177066803 0.379167526960373 0.422351449728012 0.438764870166779 0.428616672754288 0.418704867362976 0.425827652215958 0.435138911008835 0.441169381141663 0.471243143081665 0.477934926748276
-3.4e+38 -3.4e+38 -3.4e+38 -3.4e+38 -3.4e+38 -3.4e+38 -3.4e+38 -3.4e+38 0.228864252567291 0.286174267530441 0.297465831041336 0.302935600280762 0.307153671979904 0.308588653802872 0.308870941400528 0.306514918804169 0.339372098445892 0.389532566070557 0.409754544496536 0.38719967007637 0.348179996013641 0.302313417196274 0.260563969612122 0.239600703120232 0.212356194853783 0.192308247089386 0.184604912996292 0.185570552945137 0.197200745344162 0.214741557836533 0.224803149700165 0.23242475092411 0.246963694691658 0.264052838087082 0.310318857431412 0.368313163518906 0.412934929132462 0.44742152094841 0.446277290582657 0.430964976549149 0.423580318689346 0.427664488554001 0.455334573984146 0.485026955604553 0.477885901927948
-3.4e+38 -3.4e+38 -3.4e+38 -3.4e+38 -3.4e+38 -3.4e+38 -3.4e+38 0.204711616039276 0.247522383928299 0.29266768693924 0.306364059448242 0.306882530450821 0.308899253606796 0.3043113052845 0.297996789216995 0.305318385362625 0.34502911567688 0.383681505918503 0.40495690703392 0.403179228305817 0.375302076339722 0.326465010643005 0.287439495325089 0.263187617063522 0.219417095184326 0.189047500491142 0.179433077573776 0.181208953261375 0.195487007498741 0.183673948049545 0.211361974477768 0.260265916585922 0.288379669189453 0.291694581508636 0.318900376558304 0.378108233213425 0.409583002328873 0.444528490304947 0.446633726358414 0.437812089920044 0.441853851079941 0.443693488836288 0.474246174097061 0.493526071310043 0.480501264333725
-3.4e+38 -3.4e+38 -3.4e+38 -3.4e+38 -3.4e+38 -3.4e+38 -3.4e+38 0.230802968144417 0.267046183347702 0.304184108972549 0.31544017791748 0.313247442245483 0.314127683639526 0.31833016872406 0.323371201753616 0.337582498788834 0.363372772932053 0.367979884147644 0.391500502824783 0.4076307117939 0.386289894580841 0.353454291820526 0.318010747432709 0.272425413131714 0.218961164355278 0.193276196718216 0.180887699127197 0.187660694122314 0.205043256282806 0.187725454568863 0.222445279359818 0.299992978572845 0.339051365852356 0.339783579111099 0.349643290042877 0.387473046779633 0.426153659820557 0.44853812456131 0.443630278110504 0.455150097608566 0.4801045358181 0.472733348608017 0.490998148918152 0.490119487047195 0.477746367454529
-3.4e+38 -3.4e+38 -3.4e+38 -3.4e+38 -3.4e+38 -3.4e+38 -3.4e+38 0.274307906627655 0.304895430803299 0.325816988945007 0.327195078134537 0.319826245307922 0.322709381580353 0.33144024014473 0.350672453641891 0.373789578676224 0.38344731926918 0.363090336322784 0.372935861349106 0.39518803358078 0.38794469833374 0.361869841814041 0.322921425104141 0.27851727604866 0.2320936024189 0.20611497759819 0.185365870594978 0.177628085017204 0.195745185017586 0.218003675341606 0.272174060344696 0.349631130695343 0.389855593442917 0.382069766521454 0.368336081504822 0.397203207015991 0.447869598865509 0.473631113767624 0.473760515451431 0.481060594320297 0.485634565353394 0.482382774353027 0.499011904001236 0.493332326412201 0.488834917545319
-3.4e+38 -3.4e+38 -3.4e+38 -3.4e+38 -3.4e+38 -3.4e+38 0.237332984805107 0.308231294155121 0.351902008056641 0.352263391017914 0.330817371606827 0.31693771481514 0.325121372938156 0.33955380320549 0.362516969442368 0.397165566682816 0.397930175065994 0.37675815820694 0.388052970170975 0.399969041347504 0.391598582267761 0.360696971416473 0.327393382787704 0.301010936498642 0.261694073677063 0.216165468096733 0.185995444655418 0.168828934431076 0.193674743175507 0.250413864850998 0.304510772228241 0.364269971847534 0.407026529312134 0.399947285652161 0.38462033867836 0.411903262138367 0.455246895551682 0.48450568318367 0.491933256387711 0.487790495157242 0.475148290395737 0.472714066505432 0.48509693145752 0.483932763338089 0.493221819400787
