data/trimmed_ndre/Aes_ndre.626.2011_no_clouds.asc
NCOLS 109 
NROWS 101 
XLLCORNER 466110 
YLLCORNER 5182005 
CELLSIZE 5 
NODATA_value -3.4e+38 
[rows 40 to 59 of 101, columns 45 to 89 of 109]
0.158960670232773 0.16774395108223 0.159118607640266 0.150204285979271 0.199799165129662 0.270640283823013 0.337550222873688 0.40177509188652 0.450014919042587 0.472906321287155 0.495406717061996 0.536544322967529 0.57041072845459 0.567306995391846 0.540743947029114 0.523133814334869 0.490100353956223 0.455703139305115 0.458213150501251 0.453559130430222 0.424759566783905 0.394808143377304 0.383811354637146 0.396440446376801 0.418960750102997 0.437232941389084 0.423445463180542 0.412346601486206 0.436647653579712 0.470501869916916 0.490774512290955 0.496230840682983 0.475195556879044 0.463765263557434 0.446266770362854 0.412208795547485 0.385362327098846 0.368024885654449 0.347862541675568 0.338935554027557 0.354216277599335 0.341632843017578 0.348072499036789 0.393511056900024 0.427905380725861
0.139347314834595 0.164026573300362 0.173251777887344 0.182454362511635 0.247369155287743 0.320268303155899 0.369963943958282 0.414727807044983 0.462621122598648 0.495668053627014 0.519207715988159 0.551855444908142 0.57769912481308 0.561901390552521 0.502910912036896 0.467030227184296 0.459147363901138 0.431172519922256 0.422876507043839 0.411420732736588 0.399764269590378 0.387463867664337 0.370028614997864 0.36347034573555 0.376547604799271 0.398029088973999 0.386294454336166 0.369758009910583 0.381883770227432 0.413292050361633 0.449584037065506 0.476159155368805 0.481096476316452 0.470272839069366 0.436417698860168 0.396056741476059 0.362379193305969 0.339081794023514 0.344209402799606 0.352780133485794 0.364415794610977 0.324230939149857 0.345598667860031 0.388789087533951 0.387085795402527
0.146344095468521 0.16693739593029 0.199776485562325 0.24141551554203 0.30978336930275 0.349418371915817 0.401573181152344 0.452280104160309 0.490027576684952 0.527873635292053 0.558571517467499 0.564759075641632 0.555737257003784 0.526540338993073 0.484931945800781 0.437450110912323 0.407579988241196 0.410410553216934 0.410905480384827 0.403473407030106 0.403936594724655 0.388881266117096 0.376599133014679 0.374582350254059 0.369286894798279 0.369448155164719 0.367800623178482 0.366275757551193 0.389364212751389 0.422957390546799 0.446809530258179 0.472956418991089 0.484871745109558 0.478352397680283 0.452196091413498 0.409985810518265 0.355081856250763 0.317328661680222 0.319227635860443 0.342650443315506 0.357559949159622 0.338373780250549 0.350115597248077 0.330278128385544 0.328815191984177
0.176188096404076 0.178734362125397 0.237472042441368 0.329555034637451 0.404914438724518 0.422268241643906 0.444723784923553 0.482138216495514 0.508245348930359 0.547680258750916 0.568790435791016 0.559573769569397 0.535348474979401 0.498559564352036 0.465263217687607 0.419988751411438 0.381353914737701 0.38986137509346 0.409018278121948 0.404465854167938 0.386331051588058 0.379951596260071 0.388425916433334 0.393995821475983 0.381934434175491 0.371914654970169 0.382290869951248 0.398548573255539 0.428660035133362 0.451350033283234 0.449846774339676 0.465249270200729 0.463051170110703 0.46568837761879 0.471232235431671 0.431161612272263 0.378471970558167 0.339040875434875 0.319940030574799 0.329648047685623 0.338814079761505 0.350977778434753 0.332519173622131 0.293070465326309 0.31214103102684
0.174077838659286 0.205627903342247 0.301839679479599 0.398350954055786 0.464287638664246 0.47602054476738 0.45920142531395 0.491076916456223 0.519779145717621 0.541549146175385 0.552821695804596 0.543114423751831 0.51536351442337 0.466975778341293 0.429633617401123 0.391727477312088 0.36451056599617 0.363303989171982 0.379994243383408 0.372281700372696 0.356800585985184 0.372486144304276 0.38811269402504 0.387108474969864 0.382743149995804 0.381704837083817 0.403879582881927 0.421598315238953 0.438370019197464 0.437885820865631 0.415676265954971 0.429233491420746 0.443313449621201 0.453862011432648 0.464418530464172 0.437587350606918 0.388222306966782 0.35273477435112 0.337747782468796 0.339148849248886 0.326588481664658 0.329966634511948 0.31872746348381 0.320144712924957 0.360753506422043
0.22352409362793 0.288651794195175 0.355877071619034 0.412286013364792 0.435053497552872 0.436837673187256 0.453050673007965 0.497812360525131 0.516855955123901 0.523674726486206 0.530429780483246 0.51299786567688 0.472086042165756 0.423444807529449 0.388611823320389 0.36318027973175 0.36339271068573 0.369928121566772 0.357839792966843 0.336038798093796 0.3372563123703 0.366250216960907 0.374803483486176 0.371421039104462 0.372617304325104 0.375956147909164 0.400695770978928 0.415137022733688 0.426788240671158 0.41913303732872 0.401618838310242 0.414625257253647 0.423092246055603 0.425055146217346 0.429241389036179 0.431250095367432 0.415033519268036 0.375130832195282 0.351529836654663 0.355531424283981 0.329162359237671 0.314209818840027 0.323653697967529 0.350478708744049 0.378768891096115
0.277252495288849 0.348350584506989 0.395008355379105 0.414693266153336 0.417918831110001 0.427829802036285 0.462955594062805 0.49627286195755 0.513216912746429 0.520121872425079 0.521086931228638 0.499497711658478 0.458039194345474 0.416569948196411 0.379081726074219 0.361237436532974 0.355525970458984 0.348215579986572 0.333853006362915 0.33167490363121 0.333428800106049 0.336380779743195 0.329693347215652 0.333176642656326 0.352625101804733 0.375731378793716 0.39688429236412 0.421325504779816 0.423170506954193 0.407866448163986 0.416408389806747 0.424496620893478 0.407245874404907 0.404098719358444 0.41935595870018 0.429379880428314 0.425939649343491 0.390868037939072 0.34732586145401 0.319798648357391 0.309104472398758 0.307396531105042 0.323217749595642 0.314378201961517 0.330711126327515
0.300857484340668 0.370577841997147 0.412696570158005 0.41320013999939 0.415494561195374 0.450520008802414 0.480425983667374 0.49045193195343 0.505650162696838 0.513604164123535 0.522707939147949 0.521441996097565 0.484764844179153 0.437151253223419 0.390045583248138 0.370747238397598 0.354369252920151 0.336942851543427 0.334350943565369 0.351888060569763 0.348811626434326 0.323820918798447 0.30074805021286 0.311123996973038 0.340088754892349 0.383889615535736 0.409156829118729 0.435206145048141 0.443062901496887 0.431518942117691 0.43440642952919 0.425129055976868 0.405870944261551 0.403549492359161 0.424355149269104 0.426550567150116 0.418047040700912 0.407475113868713 0.380622744560242 0.355289995670319 0.349263966083527 0.328871190547943 0.298896580934525 0.264147847890854 0.288761764764786
0.338665246963501 0.404063820838928 0.419890016317368 0.435094237327576 0.450218439102173 0.466644167900085 0.486475616693497 0.5135737657547 0.5484619140625 0.543853402137756 0.525899350643158 0.522506535053253 0.50458687543869 0.450101554393768 0.388667970895767 0.365357428789139 0.358166068792343 0.357449114322662 0.361763507127762 0.357178896665573 0.330039083957672 0.300352215766907 0.295104444026947 0.314604133367538 0.325168550014496 0.36462327837944 0.424794793128967 0.469572365283966 0.472349792718887 0.458527237176895 0.462776452302933 0.457083284854889 0.447087049484253 0.437117964029312 0.43204939365387 0.431000590324402 0.43365415930748 0.448131650686264 0.447087168693542 0.427835494279861 0.401228785514832 0.342034369707108 0.26751634478569 0.236175164580345 0.28412452340126
0.37849035859108 0.424200177192688 0.443543702363968 0.476561635732651 0.487581133842468 0.485447615385056 0.5098916888237 0.536995112895966 0.564621388912201 0.551760971546173 0.506463885307312 0.478820443153381 0.473275929689407 0.444040656089783 0.391119003295898 0.367532193660736 0.357992023229599 0.375075489282608 0.384838551282883 0.35818800330162 0.312698036432266 0.288787484169006 0.290006369352341 0.318935841321945 0.331889420747757 0.354765743017197 0.425852417945862 0.478274047374725 0.483310490846634 0.485639065504074 0.498320430517197 0.506165444850922 0.504951775074005 0.483897745609283 0.442579507827759 0.421868532896042 0.416110336780548 0.439814507961273 0.464112550020218 0.44227546453476 0.393328636884689 0.320908933877945 0.265618681907654 0.296084314584732 0.369317203760147
0.414341241121292 0.449609637260437 0.478537231683731 0.509970188140869 0.520990014076233 0.518149971961975 0.528494715690613 0.528161406517029 0.526578068733215 0.531937718391418 0.513563513755798 0.485601991415024 0.473679900169373 0.443597912788391 0.40973424911499 0.38158968091011 0.359395623207092 0.371582210063934 0.373006522655487 0.341301500797272 0.312948435544968 0.297458916902542 0.288097620010376 0.305552184581757 0.325075477361679 0.337082475423813 0.382681638002396 0.445335984230042 0.459794551134109 0.469567835330963 0.493871182203293 0.527677476406097 0.545843362808228 0.530940771102905 0.495879739522934 0.445723623037338 0.395936608314514 0.396650075912476 0.426178574562073 0.412284523248672 0.368567109107971 0.317570865154266 0.321609348058701 0.393469601869583 0.464352548122406
0.44520491361618 0.477827161550522 0.510694086551666 0.541008174419403 0.553997755050659 0.547422528266907 0.531412303447723 0.503412127494812 0.495653390884399 0.521993517875671 0.529265880584717 0.521117150783539 0.500846862792969 0.434868663549423 0.409555494785309 0.401378452777863 0.373363584280014 0.356167435646057 0.349781632423401 0.318254113197327 0.291291922330856 0.272186249494553 0.278279334306717 0.298980206251144 0.307637631893158 0.306367963552475 0.342019081115723 0.389362692832947 0.402326136827469 0.418918013572693 0.462552666664124 0.515468776226044 0.552259743213654 0.551038265228271 0.534786999225616 0.496816992759705 0.419733226299286 0.358182013034821 0.34388992190361 0.330575674772263 0.34708696603775 0.379422724246979 0.402581870555878 0.442239910364151 0.486434549093246
0.454743325710297 0.488315135240555 0.521659314632416 0.548806071281433 0.567753314971924 0.557181060314178 0.524691104888916 0.487070888280869 0.489499658346176 0.529827773571014 0.541648685932159 0.529227614402771 0.497400909662247 0.431937992572784 0.385521620512009 0.385023236274719 0.372869670391083 0.355183333158493 0.357423007488251 0.333896636962891 0.297700464725494 0.275267064571381 0.283470660448074 0.308043777942657 0.306172251701355 0.289190024137497 0.313567638397217 0.343176335096359 0.357045829296112 0.389810472726822 0.433269053697586 0.477030605077744 0.509171009063721 0.521163702011108 0.534508049488068 0.543102264404297 0.473733305931091 0.365402519702911 0.34774112701416 0.361895859241486 0.407694548368454 0.458486318588257 0.474941462278366 0.486967623233795 0.502508044242859
0.474198281764984 0.510796964168549 0.527877986431122 0.546356797218323 0.566551983356476 0.556254982948303 0.522162139415741 0.494573175907135 0.517047941684723 0.545916140079498 0.545468032360077 0.524671673774719 0.491160601377487 0.431522846221924 0.376315206289291 0.365111321210861 0.371770262718201 0.365559458732605 0.353812962770462 0.331243455410004 0.318939208984375 0.303869962692261 0.288961708545685 0.292441576719284 0.308204978704453 0.311023533344269 0.307784557342529 0.313841074705124 0.339036494493484 0.373661369085312 0.400602996349335 0.421785026788712 0.435977816581726 0.465087682008743 0.518094658851624 0.57083922624588 0.545795917510986 0.464860767126083 0.450896412134171 0.46902671456337 0.480473458766937 0.491898030042648 0.511736690998077 0.545526206493378 0.547048985958099
0.509270787239075 0.536019682884216 0.538968443870544 0.540856063365936 0.546671450138092 0.538363933563232 0.522109866142273 0.515379667282104 0.53070205450058 0.536858201026917 0.517403841018677 0.491109073162079 0.46161949634552 0.446207910776138 0.415252864360809 0.390054702758789 0.403543025255203 0.402411431074142 0.372015863656998 0.342509686946869 0.341848611831665 0.325528204441071 0.31174647808075 0.313625335693359 0.333632051944733 0.338660597801208 0.309252262115479 0.300877273082733 0.335314363241196 0.372967928647995 0.383405536413193 0.384976446628571 0.3945332467556 0.434877425432205 0.502716541290283 0.556946635246277 0.577791035175323 0.546459436416626 0.511143624782562 0.504208862781525 0.513509929180145 0.514197528362274 0.543702185153961 0.595422089099884 0.599391937255859
0.530561327934265 0.536655426025391 0.533217906951904 0.525647580623627 0.52237206697464 0.52363395690918 0.528588473796844 0.529949545860291 0.534444093704224 0.521315634250641 0.473900884389877 0.435560256242752 0.434881389141083 0.479839086532593 0.466468691825867 0.451466143131256 0.47985252737999 0.467802107334137 0.42313876748085 0.381090641021729 0.369779795408249 0.339674860239029 0.320139080286026 0.33294153213501 0.354076534509659 0.348589420318604 0.327337622642517 0.310675740242004 0.316021978855133 0.355846226215363 0.369821965694427 0.362040370702744 0.370015978813171 0.404316663742065 0.457802683115005 0.528935372829437 0.576389908790588 0.569922804832458 0.559830665588379 0.554184436798096 0.546532154083252 0.542666018009186 0.561167120933533 0.588640868663788 0.590233206748962
0.533649146556854 0.524223387241364 0.522802412509918 0.522061705589294 0.520854473114014 0.530942976474762 0.548507392406464 0.548739552497864 0.534123420715332 0.503682553768158 0.444389343261719 0.40764719247818 0.437767416238785 0.501482784748077 0.518333315849304 0.524095177650452 0.540661692619324 0.512734353542328 0.467272222042084 0.429188758134842 0.41380712389946 0.369311183691025 0.333020597696304 0.338926702737808 0.361024379730225 0.350081145763397 0.341525048017502 0.317402303218842 0.297178894281387 0.33335953950882 0.354785144329071 0.368906944990158 0.384127795696259 0.389582216739655 0.430174201726913 0.513827741146088 0.573009192943573 0.569537401199341 0.586701810359955 0.588654100894928 0.571614563465118 0.573025047779083 0.577005863189697 0.588274121284485 0.585243999958038
0.538894295692444 0.524761855602264 0.535778164863586 0.540153443813324 0.536953210830688 0.547143399715424 0.557551562786102 0.558196127414703 0.529017746448517 0.498692840337753 0.457466930150986 0.422351717948914 0.462648808956146 0.529615998268127 0.557014167308807 0.555610537528992 0.547359108924866 0.520923614501953 0.487873673439026 0.473088651895523 0.467248886823654 0.431360244750977 0.377535194158554 0.356680303812027 0.362029403448105 0.375706821680069 0.37299907207489 0.333330154418945 0.312173128128052 0.323797643184662 0.316787034273148 0.348191291093826 0.378793269395828 0.376795768737793 0.409952759742737 0.483778595924377 0.549404203891754 0.572441577911377 0.586029350757599 0.583785593509674 0.580508351325989 0.604045033454895 0.596949517726898 0.590605497360229 0.589571356773376
0.552887260913849 0.556313455104828 0.56408828496933 0.565286993980408 0.553414046764374 0.560262382030487 0.56011164188385 0.542139947414398 0.521536648273468 0.499604880809784 0.460007011890411 0.446605384349823 0.490803241729736 0.542418241500854 0.560886144638062 0.561468005180359 0.532677114009857 0.504292964935303 0.498744875192642 0.506416797637939 0.516297817230225 0.495658397674561 0.436186611652374 0.386141628026962 0.393307536840439 0.425672143697739 0.401044636964798 0.344394624233246 0.309502303600311 0.28619721531868 0.279343843460083 0.311794936656952 0.336897641420364 0.363572359085083 0.403303176164627 0.465408742427826 0.532318711280823 0.565335810184479 0.565593838691711 0.576538443565369 0.577243328094482 0.582895696163177 0.587494373321533 0.584663093090057 0.594028234481812
0.56453800201416 0.577507615089417 0.563392400741577 0.55891352891922 0.53959995508194 0.534462988376617 0.514846682548523 0.48745658993721 0.479432106018066 0.462181985378265 0.442439049482346 0.458070129156113 0.484343320131302 0.518415689468384 0.540317356586456 0.552882790565491 0.528823614120483 0.50988632440567 0.526325821876526 0.538045167922974 0.54228287935257 0.529945254325867 0.480871349573135 0.442815780639648 0.439806759357452 0.454079687595367 0.42465415596962 0.360341876745224 0.286525070667267 0.266982167959213 0.27887436747551 0.30675682425499 0.320487231016159 0.355835676193237 0.404744386672974 0.453496247529984 0.502125799655914 0.536615788936615 0.558710873126984 0.565068662166595 0.5512735247612 0.561630845069885 0.581729114055634 0.583692491054535 0.590714275836945
