data/trimmed_ndre/Aes_ndre.615.2013_no_clouds.asc
NCOLS 109 
NROWS 101 
XLLCORNER 466110 
YLLCORNER 5182005 
CELLSIZE 5 
NODATA_value -3.4e+38 
[rows 80 to 99 of 101, columns 45 to 89 of 109]
0.258576035499573 0.3050676882267 0.331887900829315 0.359288036823273 0.382826030254364 0.420403629541397 0.458723306655884 0.468766987323761 0.474339693784714 0.476020485162735 0.489759862422943 0.516693949699402 0.5330810546875 0.538033902645111 0.554180443286896 0.546597301959991 0.522533476352692 0.500676095485687 0.475913643836975 0.444481581449509 0.409854531288147 0.376152276992798 0.353282868862152 0.335165321826935 0.303924918174744 0.286858975887299 0.277426213026047 0.285218715667725 0.31101405620575 0.330780446529388 0.358350545167923 0.400579750537872 0.44190838932991 0.471024394035339 0.476646184921265 0.47504734992981 0.488968551158905 0.489499509334564 0.491253644227982 -3.4e+38 -3.4e+38 -3.4e+38 -3.4e+38 -3.4e+38 -3.4e+38
0.255562782287598 0.289293438196182 0.318481355905533 0.373196810483932 0.41015350818634 0.420150250196457 0.435991913080215 0.443015605211258 0.444063067436218 0.445561826229095 0.44817253947258 0.46228614449501 0.482227474451065 0.506923377513885 0.528617560863495 0.525562167167664 0.497820317745209 0.473715662956238 0.450274527072906 0.400842696428299 0.36126834154129 0.358519375324249 0.35361522436142 0.330605536699295 0.297630965709686 0.274467706680298 0.272269159555435 0.284976452589035 0.319536507129669 0.349063903093338 0.381641000509262 0.418918669223785 0.449145287275314 0.462080866098404 0.462578177452087 0.460707068443298 0.470954567193985 0.476018160581589 -3.4e+38 -3.4e+38 -3.4e+38 -3.4e+38 -3.4e+38 -3.4e+38 -3.4e+38
0.252286374568939 0.276090979576111 0.312150329351425 0.357589900493622 0.403388679027557 0.41010582447052 0.41672819852829 0.42751157283783 0.436710566282272 0.446383506059647 0.442330300807953 0.443652510643005 0.449773639440536 0.464854717254639 0.480358570814133 0.472023129463196 0.45137032866478 0.431541949510574 0.420259118080139 0.381741493940353 0.356318712234497 0.368406385183334 0.357572138309479 0.330796509981155 0.306576669216156 0.282163441181183 0.279815673828125 0.29409384727478 0.323028653860092 0.36247044801712 0.393497467041016 0.428174316883087 0.450494259595871 0.456472605466843 0.454080045223236 0.45516711473465 0.463107317686081 -3.4e+38 -3.4e+38 -3.4e+38 -3.4e+38 -3.4e+38 -3.4e+38 -3.4e+38 -3.4e+38
0.25556743144989 0.26773601770401 0.303770810365677 0.334822982549667 0.375315189361572 0.389551967382431 0.401461690664291 0.427417099475861 0.442926734685898 0.445347130298615 0.434406459331512 0.433250665664673 0.436093777418137 0.441214829683304 0.449321001768112 0.44411101937294 0.429125666618347 0.407431274652481 0.388599067926407 0.361899107694626 0.356656342744827 0.368367522954941 0.344131737947464 0.319274634122849 0.300980865955353 0.27507472038269 0.278135538101196 0.303356230258942 0.331663370132446 0.370732069015503 0.402035385370255 0.433649331331253 0.4568050801754 0.45409944653511 0.446694284677505 -3.4e+38 -3.4e+38 -3.4e+38 -3.4e+38 -3.4e+38 -3.4e+38 -3.4e+38 -3.4e+38 -3.4e+38 -3.4e+38
0.265861868858337 0.268878906965256 0.298678547143936 0.326994836330414 0.344900786876678 0.357448190450668 0.368178576231003 0.409536123275757 0.447593361139297 0.449355155229568 0.434049397706985 0.435064494609833 0.437092155218124 0.432569772005081 0.433074444532394 0.429851174354553 0.430444240570068 0.419258296489716 0.387003272771835 0.357828259468079 0.342478364706039 0.333575457334518 0.316403657197952 0.313515335321426 0.308192759752274 0.287667214870453 0.295962244272232 0.326921164989471 0.354937165975571 0.384235173463821 0.406414240598679 0.422634810209274 0.439349323511124 0.442097216844559 -3.4e+38 -3.4e+38 -3.4e+38 -3.4e+38 -3.4e+38 -3.4e+38 -3.4e+38 -3.4e+38 -3.4e+38 -3.4e+38 -3.4e+38
0.27157062292099 0.267495959997177 0.288027495145798 0.319193691015244 0.323626518249512 0.33124703168869 0.346856117248535 0.387911140918732 0.445231467485428 0.462394654750824 0.456207185983658 0.456012338399887 0.446550011634827 0.432089298963547 0.429272949695587 0.427428781986237 0.435958355665207 0.446440130472183 0.411184310913086 0.359927952289581 0.323343724012375 0.308071285486221 0.303925424814224 0.30073469877243 0.310382872819901 0.318718135356903 0.331132352352142 0.355481266975403 0.382652401924133 0.39900416135788 0.414316594600677 0.421626418828964 0.429043263196945 -3.4e+38 -3.4e+38 -3.4e+38 -3.4e+38 -3.4e+38 -3.4e+38 -3.4e+38 -3.4e+38 -3.4e+38 -3.4e+38 -3.4e+38 -3.4e+38
0.259404957294464 0.255780637264252 0.270590752363205 0.307601302862167 0.320363491773605 0.322847038507462 0.340154856443405 0.37043958902359 0.425767868757248 0.460132420063019 0.462190181016922 0.465217709541321 0.45393294095993 0.449384987354279 0.455017536878586 0.447901219129562 0.439533412456512 0.44341316819191 0.409121870994568 0.352166652679443 0.316906809806824 0.300650060176849 0.295322120189667 0.280638843774796 0.306908428668976 0.345196187496185 0.357980102300644 0.375359773635864 0.395747512578964 0.403288125991821 0.41989877820015 0.434041917324066 -3.4e+38 -3.4e+38 -3.4e+38 -3.4e+38 -3.4e+38 -3.4e+38 -3.4e+38 -3.4e+38 -3.4e+38 -3.4e+38 -3.4e+38 -3.4e+38 -3.4e+38
0.264927685260773 0.258832812309265 0.272002607584 0.311193197965622 0.332935959100723 0.323608726263046 0.33549240231514 0.365175545215607 0.407995492219925 0.434976905584335 0.444339334964752 0.461169391870499 0.456483006477356 0.46309620141983 0.480096846818924 0.463417142629623 0.438926577568054 0.429609060287476 0.398600190877914 0.353558748960495 0.316462844610214 0.294631838798523 0.291806846857071 0.293001592159271 0.328451901674271 0.368288666009903 0.380157917737961 0.393887370824814 0.409951120615005 0.422600150108337 0.432719707489014 -3.4e+38 -3.4e+38 -3.4e+38 -3.4e+38 -3.4e+38 -3.4e+38 -3.4e+38 -3.4e+38 -3.4e+38 -3.4e+38 -3.4e+38 -3.4e+38 -3.4e+38 -3.4e+38
0.280684024095535 0.274706661701202 0.293877303600311 0.326731860637665 0.347593247890472 0.338931977748871 0.340257793664932 0.36287322640419 0.384459435939789 0.398469746112823 0.405947595834732 0.423584163188934 0.410983145236969 0.426187992095947 0.457786291837692 0.454683929681778 0.438898712396622 0.423877775669098 0.396384358406067 0.354701936244965 0.315001368522644 0.296822309494019 0.31466156244278 0.341267913579941 0.36677747964859 0.390655159950256 0.40209549665451 0.412788450717926 0.425960451364517 0.43878960609436 -3.4e+38 -3.4e+38 -3.4e+38 -3.4e+38 -3.4e+38 -3.4e+38 -3.4e+38 -3.4e+38 -3.4e+38 -3.4e+38 -3.4e+38 -3.4e+38 -3.4e+38 -3.4e+38 -3.4e+38
0.286499321460724 0.285136610269547 0.313271582126617 0.344427078962326 0.369718581438065 0.371556639671326 0.362013638019562 0.35172101855278 0.353174328804016 0.362318396568298 0.36542084813118 0.365757137537003 0.35651171207428 0.369310349225998 0.401287794113159 0.411008328199387 0.421678602695465 0.405538022518158 0.375236809253693 0.340221047401428 0.332085609436035 0.33660563826561 0.357569605112076 0.383039653301239 0.395926803350449 0.408960938453674 0.420950382947922 0.432364881038666 0.441463679075241 -3.4e+38 -3.4e+38 -3.4e+38 -3.4e+38 -3.4e+38 -3.4e+38 -3.4e+38 -3.4e+38 -3.4e+38 -3.4e+38 -3.4e+38 -3.4e+38 -3.4e+38 -3.4e+38 -3.4e+38 -3.4e+38
0.297389030456543 0.309480518102646 0.340934187173843 0.366184413433075 0.399679899215698 0.415982335805893 0.409617274999619 0.380228281021118 0.354171067476273 0.347152173519135 0.333169132471085 0.332546800374985 0.342505782842636 0.345600247383118 0.353310942649841 0.364284604787827 0.38210454583168 0.380367249250412 0.354751735925674 0.337326973676682 0.356643676757812 0.38078373670578 0.390658885240555 0.411607980728149 0.425099074840546 0.427545070648193 0.428224056959152 0.434376329183578 -3.4e+38 -3.4e+38 -3.4e+38 -3.4e+38 -3.4e+38 -3.4e+38 -3.4e+38 -3.4e+38 -3.4e+38 -3.4e+38 -3.4e+38 -3.4e+38 -3.4e+38 -3.4e+38 -3.4e+38 -3.4e+38 -3.4e+38
0.32610610127449 0.34492427110672 0.364061892032623 0.384153336286545 0.412173867225647 0.437745034694672 0.439775705337524 0.416851252317429 0.382830619812012 0.357630670070648 0.34227779507637 0.34471333026886 0.35065433382988 0.351889610290527 0.358684033155441 0.363827735185623 0.368510872125626 0.389468163251877 0.394094407558441 0.391567826271057 0.401370614767075 0.411825180053711 0.412264317274094 0.432139039039612 0.447238057851791 0.442529737949371 -3.4e+38 -3.4e+38 -3.4e+38 -3.4e+38 -3.4e+38 -3.4e+38 -3.4e+38 -3.4e+38 -3.4e+38 -3.4e+38 -3.4e+38 -3.4e+38 -3.4e+38 -3.4e+38 -3.4e+38 -3.4e+38 -3.4e+38 -3.4e+38 -3.4e+38
0.355863988399506 0.373346090316772 0.388584554195404 0.394962280988693 0.406550854444504 0.428768575191498 0.438918232917786 0.427310109138489 0.408359825611115 0.392948925495148 0.381344228982925 0.379243105649948 0.385440200567245 0.389578878879547 0.398285865783691 0.406174331903458 0.407591462135315 0.425551652908325 0.440089225769043 0.438407272100449 0.43457043170929 0.433309018611908 0.433907330036163 0.433197259902954 0.439431607723236 -3.4e+38 -3.4e+38 -3.4e+38 -3.4e+38 -3.4e+38 -3.4e+38 -3.4e+38 -3.4e+38 -3.4e+38 -3.4e+38 -3.4e+38 -3.4e+38 -3.4e+38 -3.4e+38 -3.4e+38 -3.4e+38 -3.4e+38 -3.4e+38 -3.4e+38 -3.4e+38
0.380245506763458 0.39751061797142 0.406084060668945 0.401046127080917 0.404807448387146 0.425050467252731 0.442408323287964 0.439920485019684 0.437914371490479 0.434621334075928 0.424192130565643 0.418451815843582 0.428653448820114 0.435596764087677 0.446599096059799 0.447691977024078 0.444768697023392 0.463400691747665 0.470534235239029 0.463560849428177 0.461071759462357 0.463779360055923 0.457965046167374 -3.4e+38 -3.4e+38 -3.4e+38 -3.4e+38 -3.4e+38 -3.4e+38 -3.4e+38 -3.4e+38 -3.4e+38 -3.4e+38 -3.4e+38 -3.4e+38 -3.4e+38 -3.4e+38 -3.4e+38 -3.4e+38 -3.4e+38 -3.4e+38 -3.4e+38 -3.4e+38 -3.4e+38 -3.4e+38
0.400367230176926 0.414180636405945 0.421410083770752 0.41657167673111 0.415313214063644 0.431809633970261 0.449799239635468 0.453766405582428 0.460497498512268 0.462973028421402 0.45261025428772 0.448533952236176 0.456510484218597 0.468587875366211 0.479534894227982 0.471685469150543 0.4635209441185 0.482115983963013 0.492617815732956 0.486737430095673 0.477836459875107 -3.4e+38 -3.4e+38 -3.4e+38 -3.4e+38 -3.4e+38 -3.4e+38 -3.4e+38 -3.4e+38 -3.4e+38 -3.4e+38 -3.4e+38 -3.4e+38 -3.4e+38 -3.4e+38 -3.4e+38 -3.4e+38 -3.4e+38 -3.4e+38 -3.4e+38 -3.4e+38 -3.4e+38 -3.4e+38 -3.4e+38 -3.4e+38
0.424958348274231 0.438795357942581 0.446694254875183 0.445212662220001 0.440151691436768 0.454011559486389 0.463649928569794 0.461925089359283 0.465666741132736 0.473261207342148 0.467576712369919 0.463014453649521 0.466227889060974 0.477174311876297 0.486001074314117 0.482046097517014 0.479125648736954 0.489891409873962 -3.4e+38 -3.4e+38 -3.4e+38 -3.4e+38 -3.4e+38 -3.4e+38 -3.4e+38 -3.4e+38 -3.4e+38 -3.4e+38 -3.4e+38 -3.4e+38 -3.4e+38 -3.4e+38 -3.4e+38 -3.4e+38 -3.4e+38 -3.4e+38 -3.4e+38 -3.4e+38 -3.4e+38 -3.4e+38 -3.4e+38 -3.4e+38 -3.4e+38 -3.4e+38 -3.4e+38
0.449612587690353 0.468240141868591 0.465200304985046 0.457775145769119 0.457763671875 0.472494453191757 0.472975254058838 0.464091300964355 0.466751158237457 0.481927156448364 0.48332667350769 0.475301504135132 0.475767076015472 0.483308285474777 0.490247040987015 -3.4e+38 -3.4e+38 -3.4e+38 -3.4e+38 -3.4e+38 -3.4e+38 -3.4e+38 -3.4e+38 -3.4e+38 -3.4e+38 -3.4e+38 -3.4e+38 -3.4e+38 -3.4e+38 -3.4e+38 -3.4e+38 -3.4e+38 -3.4e+38 -3.4e+38 -3.4e+38 -3.4e+38 -3.4e+38 -3.4e+38 -3.4e+38 -3.4e+38 -3.4e+38 -3.4e+38 -3.4e+38 -3.4e+38 -3.4e+38
0.469911456108093 0.479971379041672 0.464164197444916 0.45297560095787 0.452455550432205 0.463171869516373 0.461093813180923 0.457463592290878 0.466305404901505 0.485997229814529 0.489852339029312 0.483967691659927 -3.4e+38 -3.4e+38 -3.4e+38 -3.4e+38 -3.4e+38 -3.4e+38 -3.4e+38 -3.4e+38 -3.4e+38 -3.4e+38 -3.4e+38 -3.4e+38 -3.4e+38 -3.4e+38 -3.4e+38 -3.4e+38 -3.4e+38 -3.4e+38 -3.4e+38 -3.4e+38 -3.4e+38 -3.4e+38 -3.4e+38 -3.4e+38 -3.4e+38 -3.4e+38 -3.4e+38 -3.4e+38 -3.4e+38 -3.4e+38 -3.4e+38 -3.4e+38 -3.4e+38
0.467357695102692 0.463977843523026 0.458101689815521 0.457579553127289 0.443768262863159 0.440071135759354 0.442513912916183 0.452106386423111 0.46176740527153 0.46614083647728 -3.4e+38 -3.4e+38 -3.4e+38 -3.4e+38 -3.4e+38 -3.4e+38 -3.4e+38 -3.4e+38 -3.4e+38 -3.4e+38 -3.4e+38 -3.4e+38 -3.4e+38 -3.4e+38 -3.4e+38 -3.4e+38 -3.4e+38 -3.4e+38 -3.4e+38 -3.4e+38 -3.4e+38 -3.4e+38 -3.4e+38 -3.4e+38 -3.4e+38 -3.4e+38 -3.4e+38 -3.4e+38 -3.4e+38 -3.4e+38 -3.4e+38 -3.4e+38 -3.4e+38 -3.4e+38 -3.4e+38
0.462205559015274 0.450327664613724 0.456715494394302 0.465341418981552 0.444949716329575 0.431183755397797 0.437401503324509 0.443264961242676 -3.4e+38 -3.4e+38 -3.4e+38 -3.4e+38 -3.4e+38 -3.4e+38 -3.4e+38 -3.4e+38 -3.4e+38 -3.4e+38 -3.4e+38 -3.4e+38 -3.4e+38 -3.4e+38 -3.4e+38 -3.4e+38 -3.4e+38 -3.4e+38 -3.4e+38 -3.4e+38 -3.4e+38 -3.4e+38 -3.4e+38 -3.4e+38 -3.4e+38 -3.4e+38 -3.4e+38 -3.4e+38 -3.4e+38 -3.4e+38 -3.4e+38 -3.4e+38 -3.4e+38 -3.4e+38 -3.4e+38 -3.4e+38 -3.4e+38
