data/trimmed_ndre/Aes_ndre.615.2013_no_clouds.asc
NCOLS 109 
NROWS 101 
XLLCORNER 466110 
YLLCORNER 5182005 
CELLSIZE 5 
NODATA_value -3.4e+38 
[rows 40 to 59 of 101, columns 45 to 89 of 109]
0.303546100854874 0.333481878042221 0.351173043251038 0.376082986593246 0.409571081399918 0.434828221797943 0.459958434104919 0.494935244321823 0.505479395389557 0.50531679391861 0.525074422359467 0.525588393211365 0.504073798656464 0.487556576728821 0.466880083084106 0.451106935739517 0.444311261177063 0.423155158758163 0.412434190511703 0.409366965293884 0.403006553649902 0.406979948282242 0.406831443309784 0.401061952114105 0.390620172023773 0.393668383359909 0.41707056760788 0.454686939716339 0.479865163564682 0.47507905960083 0.459658771753311 0.465314626693726 0.478897273540497 0.457220077514648 0.434238731861115 0.42888867855072 0.40401566028595 0.372351318597794 0.357296317815781 0.350787281990051 0.344337582588196 0.351881355047226 0.357225775718689 0.385444462299347 0.436245203018188
0.296928942203522 0.336438864469528 0.375778168439865 0.408592045307159 0.430184453725815 0.445226579904556 0.461310178041458 0.496519446372986 0.516641080379486 0.516109824180603 0.525869071483612 0.521284461021423 0.492073059082031 0.465342104434967 0.438898205757141 0.42644128203392 0.418247848749161 0.402947783470154 0.399976342916489 0.405497014522552 0.4056795835495 0.404633462429047 0.401660591363907 0.407050281763077 0.400918155908585 0.39659309387207 0.411726742982864 0.430339515209198 0.45860880613327 0.471113175153732 0.466695427894592 0.457623451948166 0.446520268917084 0.442054003477097 0.439396440982819 0.430065721273422 0.407963156700134 0.38034200668335 0.364812940359116 0.361461907625198 0.351038187742233 0.349699586629868 0.360247761011124 0.38641557097435 0.4341179728508
0.313981056213379 0.339949011802673 0.390142381191254 0.43104088306427 0.451894849538803 0.458497226238251 0.473159164190292 0.505570471286774 0.523974418640137 0.52112877368927 0.514926612377167 0.50083726644516 0.46557292342186 0.433448493480682 0.415224581956863 0.407669365406036 0.406878411769867 0.397814154624939 0.399696975946426 0.405125349760056 0.398340195417404 0.389187127351761 0.388313323259354 0.397245287895203 0.399203956127167 0.406191259622574 0.420409649610519 0.424315869808197 0.4418765604496 0.454362660646439 0.447499632835388 0.437229514122009 0.425199627876282 0.426230520009995 0.437511593103409 0.428353756666183 0.40703096985817 0.38401585817337 0.359259635210037 0.351578176021576 0.346571505069733 0.3492791056633 0.366601765155792 0.388946413993835 0.415912091732025
0.340375900268555 0.355439811944962 0.405567228794098 0.461876630783081 0.483144313097 0.482468694448471 0.495226323604584 0.514705896377563 0.51841002702713 0.511020243167877 0.486619174480438 0.457817494869232 0.42370867729187 0.402318358421326 0.403273314237595 0.404340207576752 0.402084738016129 0.390369653701782 0.385321497917175 0.378451257944107 0.365875393152237 0.361436307430267 0.366143316030502 0.374735563993454 0.386277854442596 0.404238790273666 0.423437267541885 0.431293457746506 0.448386132717133 0.454807281494141 0.44358617067337 0.435841292142868 0.429234147071838 0.424170911312103 0.424183368682861 0.413591593503952 0.399005860090256 0.387634515762329 0.366110771894455 0.3510881960392 0.351089805364609 0.360588848590851 0.381698310375214 0.398016303777695 0.396576434373856
0.370578587055206 0.388650894165039 0.445616245269775 0.497927904129028 0.511679708957672 0.503408133983612 0.511735916137695 0.512314081192017 0.502183258533478 0.49093222618103 0.455411285161972 0.415586024522781 0.391096651554108 0.399175226688385 0.413139641284943 0.408730953931808 0.397224009037018 0.36965474486351 0.352778702974319 0.337633788585663 0.332857996225357 0.335132718086243 0.336672157049179 0.346817076206207 0.370896458625793 0.40042906999588 0.429470330476761 0.44852340221405 0.462646633386612 0.461465060710907 0.449402749538422 0.435897409915924 0.429041564464569 0.425604045391083 0.413587599992752 0.403045773506165 0.397231251001358 0.394113540649414 0.391645312309265 0.375059396028519 0.365767180919647 0.366756439208984 0.378166228532791 0.389567494392395 0.389558285474777
0.413708478212357 0.443219870328903 0.480924755334854 0.510643243789673 0.513497233390808 0.508621037006378 0.522023677825928 0.514271557331085 0.492600530385971 0.478588044643402 0.43895012140274 0.393569648265839 0.387188822031021 0.41870641708374 0.432909429073334 0.411329686641693 0.389117062091827 0.34812918305397 0.319680899381638 0.306423723697662 0.30537024140358 0.308867454528809 0.307597070932388 0.313107997179031 0.343548536300659 0.389220535755157 0.420283377170563 0.452177196741104 0.468152463436127 0.465911895036697 0.454178929328918 0.437198728322983 0.42258495092392 0.420925199985504 0.414354711771011 0.410760164260864 0.410577178001404 0.405460059642792 0.400317192077637 0.385569542646408 0.376494079828262 0.376598119735718 0.380532294511795 0.388305813074112 0.396722167730331
0.45404589176178 0.479855298995972 0.48569118976593 0.489788949489594 0.501198053359985 0.514036297798157 0.524097144603729 0.517471551895142 0.485564380884171 0.462614595890045 0.436818659305573 0.400916367769241 0.404552549123764 0.441884934902191 0.442681074142456 0.410212069749832 0.384251981973648 0.341569989919662 0.308044344186783 0.295583844184875 0.291605770587921 0.286969751119614 0.282866269350052 0.286322087049484 0.315357983112335 0.355627685785294 0.382118135690689 0.423847734928131 0.455683559179306 0.462592214345932 0.455576539039612 0.438730895519257 0.425602704286575 0.41653037071228 0.414533317089081 0.415144026279449 0.42242231965065 0.415684193372726 0.402953058481216 0.389868080615997 0.383768886327744 0.390411019325256 0.402726411819458 0.402822256088257 0.393669366836548
0.482588618993759 0.493602246046066 0.496594071388245 0.50131744146347 0.516595840454102 0.520218372344971 0.509451925754547 0.500861346721649 0.457578718662262 0.422885954380035 0.418858706951141 0.41861429810524 0.430847078561783 0.44973349571228 0.439217031002045 0.412711560726166 0.384270071983337 0.346295326948166 0.32232740521431 0.307205736637115 0.286660999059677 0.274572432041168 0.267589151859283 0.270388007164001 0.284179002046585 0.312120169401169 0.337261974811554 0.380584359169006 0.428549528121948 0.459112614393234 0.462594568729401 0.456621795892715 0.44775578379631 0.42556294798851 0.413671553134918 0.411940962076187 0.420916229486465 0.425333052873611 0.413346260786057 0.400399029254913 0.394718050956726 0.414124608039856 0.427821964025497 0.413689732551575 0.389864206314087
0.505650162696838 0.509530067443848 0.511857032775879 0.519951999187469 0.529382109642029 0.513909935951233 0.480362981557846 0.45955416560173 0.429836988449097 0.409503579139709 0.418377250432968 0.439634025096893 0.447847753763199 0.440327733755112 0.427284091711044 0.411348402500153 0.379047632217407 0.348548322916031 0.340622663497925 0.319831877946854 0.28885605931282 0.275096833705902 0.261283069849014 0.260918706655502 0.268061608076096 0.287986546754837 0.317380517721176 0.347283124923706 0.397155523300171 0.438653528690338 0.455979317426682 0.473275393247604 0.476345658302307 0.454034149646759 0.436880767345428 0.431600868701935 0.431695818901062 0.439745306968689 0.43650758266449 0.429989248514175 0.419452905654907 0.429187953472137 0.445537447929382 0.427737951278687 0.403030604124069
0.519536077976227 0.520179212093353 0.518959820270538 0.519065856933594 0.521000504493713 0.498532176017761 0.457423180341721 0.426411420106888 0.41349384188652 0.411891281604767 0.424472898244858 0.442817687988281 0.453037559986115 0.440762996673584 0.422995656728745 0.407387852668762 0.377486228942871 0.350981146097183 0.347556620836258 0.316442370414734 0.280206710100174 0.271935999393463 0.262058854103088 0.263071745634079 0.267430037260056 0.277969002723694 0.302977532148361 0.321610987186432 0.354227632284164 0.401647537946701 0.436283946037292 0.482403010129929 0.503525733947754 0.493923604488373 0.47855469584465 0.464590013027191 0.459659308195114 0.467085152864456 0.470723390579224 0.460221529006958 0.449800461530685 0.443326532840729 0.457351624965668 0.451326549053192 0.425591468811035
0.524182379245758 0.521594047546387 0.518823504447937 0.514551877975464 0.501609683036804 0.477956920862198 0.443601042032242 0.408509194850922 0.395173788070679 0.402587056159973 0.422796279191971 0.446670919656754 0.463974326848984 0.453764170408249 0.426603108644485 0.405016720294952 0.381379097700119 0.362930238246918 0.352848619222641 0.324254274368286 0.284366548061371 0.269159942865372 0.266348600387573 0.268370866775513 0.265449106693268 0.260290920734406 0.280917644500732 0.309179544448853 0.326945155858994 0.366467177867889 0.417365223169327 0.475565165281296 0.515907764434814 0.522932767868042 0.512431502342224 0.487396895885468 0.47176992893219 0.474692314863205 0.48815593123436 0.490173041820526 0.480912744998932 0.466072142124176 0.46703252196312 0.474767327308655 0.45296835899353
0.520813405513763 0.514287829399109 0.512545645236969 0.50436669588089 0.47701969742775 0.450202912092209 0.423748254776001 0.397654831409454 0.386438369750977 0.395947515964508 0.41358146071434 0.447103053331375 0.47618043422699 0.468936800956726 0.430801033973694 0.403444737195969 0.384942173957825 0.372705191373825 0.359860390424728 0.335926443338394 0.290626615285873 0.26634356379509 0.270865231752396 0.270516484975815 0.269303858280182 0.269711673259735 0.279651880264282 0.303144156932831 0.31739929318428 0.336643010377884 0.397422015666962 0.458900094032288 0.502273678779602 0.531416177749634 0.537117600440979 0.512657284736633 0.481373012065887 0.476831406354904 0.491113662719727 0.506334066390991 0.502232909202576 0.504229068756104 0.503564357757568 0.494453579187393 0.47487485408783
0.52355295419693 0.508471846580505 0.493355810642242 0.474028915166855 0.452482461929321 0.420795232057571 0.404216200113297 0.398998767137527 0.395965337753296 0.398678481578827 0.398249238729477 0.440432369709015 0.479512304067612 0.472559243440628 0.433151185512543 0.404908448457718 0.399869322776794 0.389858156442642 0.367803364992142 0.337563037872314 0.297041535377502 0.281092464923859 0.293114304542542 0.289062410593033 0.30099281668663 0.315139591693878 0.299608498811722 0.297712832689285 0.308778494596481 0.312810719013214 0.360807925462723 0.427171617746353 0.46817210316658 0.527963936328888 0.558261513710022 0.55035412311554 0.523472309112549 0.501654624938965 0.495433688163757 0.51115095615387 0.52960866689682 0.53710550069809 0.53581029176712 0.515893876552582 0.495806008577347
0.525636315345764 0.49791094660759 0.465115934610367 0.440757900476456 0.430381834506989 0.414992451667786 0.406020790338516 0.412562161684036 0.415550112724304 0.407812118530273 0.397497951984406 0.421262562274933 0.455997169017792 0.459340065717697 0.441508382558823 0.434020787477493 0.434420853853226 0.417100131511688 0.379231452941895 0.33926910161972 0.316734075546265 0.317740648984909 0.332420825958252 0.318964779376984 0.335132241249084 0.343741863965988 0.311689466238022 0.302239269018173 0.309172838926315 0.31159970164299 0.332092106342316 0.377026855945587 0.424127668142319 0.501060485839844 0.557943224906921 0.56433379650116 0.556955337524414 0.534803688526154 0.518639385700226 0.523033022880554 0.540837466716766 0.553212285041809 0.565329134464264 0.550840973854065 0.519879937171936
0.519124746322632 0.481459975242615 0.442186564207077 0.423052102327347 0.42599618434906 0.425836175680161 0.428838551044464 0.435150295495987 0.43315976858139 0.416483104228973 0.39366215467453 0.391677767038345 0.412737548351288 0.441976368427277 0.45954042673111 0.48361799120903 0.478278607130051 0.4432452917099 0.407697021961212 0.379556030035019 0.367049038410187 0.36239355802536 0.363400667905807 0.353896707296371 0.368908822536469 0.364489525556564 0.330519586801529 0.321468859910965 0.313506573438644 0.311012715101242 0.315153390169144 0.341308683156967 0.39079162478447 0.449996948242188 0.520562827587128 0.546111881732941 0.555365979671478 0.556843340396881 0.55328381061554 0.55409437417984 0.564448595046997 0.577045500278473 0.582784652709961 0.570729315280914 0.5396888256073
0.500632405281067 0.474493592977524 0.442694455385208 0.423745214939117 0.430808007717133 0.439974993467331 0.458667576313019 0.456079483032227 0.440484315156937 0.422460347414017 0.392040818929672 0.377892076969147 0.390784949064255 0.439634680747986 0.482609152793884 0.521661281585693 0.514478802680969 0.47608271241188 0.465085834264755 0.446441471576691 0.42071744799614 0.395426899194717 0.37269452214241 0.367047965526581 0.377836376428604 0.379820048809052 0.356868147850037 0.337380349636078 0.314449280500412 0.306274473667145 0.310557842254639 0.325358241796494 0.364961177110672 0.408590346574783 0.464849203824997 0.515933692455292 0.54243391752243 0.567037224769592 0.583728671073914 0.590000212192535 0.585814476013184 0.586323261260986 0.586453318595886 0.576996564865112 0.551287114620209
0.459553629159927 0.443006575107574 0.447764486074448 0.439095437526703 0.44192636013031 0.456555247306824 0.481596857309341 0.472676903009415 0.44447124004364 0.434803485870361 0.413532376289368 0.401491850614548 0.410731494426727 0.454809367656708 0.506459414958954 0.53713047504425 0.539048552513123 0.521608948707581 0.517821550369263 0.502995789051056 0.465437829494476 0.422463208436966 0.387350738048553 0.369497150182724 0.369618356227875 0.393126517534256 0.38262528181076 0.341202288866043 0.30465292930603 0.29421392083168 0.305410265922546 0.316375643014908 0.349470973014832 0.385438293218613 0.428237348794937 0.489288002252579 0.535028338432312 0.565143287181854 0.595197737216949 0.604579925537109 0.59719306230545 0.599240362644196 0.59919399023056 0.591080725193024 0.565180361270905
0.434674382209778 0.424522995948792 0.446305125951767 0.443072646856308 0.450611680746078 0.466591447591782 0.485101640224457 0.481854230165482 0.462810635566711 0.456523776054382 0.437085002660751 0.430961072444916 0.437084794044495 0.467260807752609 0.505524218082428 0.527415931224823 0.556776165962219 0.557913064956665 0.544291257858276 0.534300804138184 0.505729079246521 0.461909890174866 0.414911657571793 0.382100641727448 0.389538764953613 0.413382530212402 0.401722282171249 0.341463834047318 0.299603968858719 0.281530231237411 0.295843303203583 0.311597615480423 0.344287872314453 0.384236305952072 0.420314282178879 0.4702388048172 0.526729106903076 0.56111741065979 0.592169225215912 0.598994255065918 0.595329701900482 0.604601800441742 0.607280492782593 0.598731756210327 0.571491122245789
0.435920774936676 0.428184807300568 0.431338667869568 0.431740343570709 0.446302652359009 0.468656212091446 0.483936965465546 0.480670928955078 0.476105064153671 0.464203327894211 0.435988664627075 0.429943054914474 0.44151371717453 0.455256938934326 0.484721451997757 0.522237598896027 0.563719511032104 0.568777918815613 0.548579335212708 0.544535875320435 0.541219770908356 0.497278839349747 0.438221007585526 0.407596230506897 0.41082900762558 0.419555753469467 0.400342702865601 0.339635461568832 0.29713699221611 0.271453976631165 0.281915158033371 0.312428295612335 0.344391494989395 0.386872619390488 0.418779730796814 0.458934038877487 0.507635951042175 0.54371589422226 0.570480406284332 0.578440248966217 0.581665575504303 0.598873138427734 0.604191601276398 0.593719959259033 0.574143826961517
0.438001692295074 0.432396501302719 0.428081482648849 0.436093837022781 0.449243277311325 0.463311165571213 0.468292713165283 0.457873702049255 0.460502773523331 0.45547816157341 0.437376022338867 0.430751413106918 0.42982479929924 0.439344614744186 0.471662431955338 0.508756756782532 0.538006603717804 0.559905409812927 0.55654376745224 0.548218429088593 0.55689662694931 0.512442350387573 0.446035832166672 0.425478279590607 0.406590491533279 0.39190137386322 0.375596880912781 0.326091736555099 0.287930369377136 0.267330020666122 0.272666543722153 0.306833744049072 0.339422345161438 0.383964061737061 0.423739075660706 0.452062040567398 0.484850823879242 0.516699194908142 0.539382576942444 0.556060791015625 0.571156442165375 0.587903201580048 0.593020677566528 0.58651739358902 0.57701849937439
