data/trimmed_ndre/Aes_ndre.619.2014_no_clouds.asc
NCOLS 109 
NROWS 101 
XLLCORNER 466110 
YLLCORNER 5182005 
CELLSIZE 5 
NODATA_value -3.4e+38 
[rows 20 to 39 of 101, columns 45 to 89 of 109]
-3.4e+38 -3.4e+38 -3.4e+38 -3.4e+38 -3.4e+38 -3.4e+38 -3.4e+38 -3.4e+38 0.389752119779587 0.449810415506363 0.517361044883728 0.534199595451355 0.540364861488342 0.521442711353302 0.487336039543152 0.465691655874252 0.442821979522705 0.409241378307343 0.379887670278549 0.372635215520859 0.340898662805557 0.35086327791214 0.421484559774399 0.511422514915466 0.551690757274628 0.521386742591858 0.482592344284058 0.43655651807785 0.409071683883667 0.415785223245621 0.418916314840317 0.440673619508743 0.462307035923004 0.470713198184967 0.486207753419876 0.520370185375214 0.489718347787857 0.409724205732346 0.353096097707748 0.337868481874466 0.32058247923851 0.294856995344162 -3.4e+38 -3.4e+38 -3.4e+38
-3.4e+38 -3.4e+38 -3.4e+38 -3.4e+38 -3.4e+38 -3.4e+38 -3.4e+38 0.430672198534012 0.487573176622391 0.519289910793304 0.525904357433319 0.51370632648468 0.511132717132568 0.479656338691711 0.44177719950676 0.43291711807251 0.429323673248291 0.41625702381134 0.378809034824371 0.35556760430336 0.300390750169754 0.290896356105804 0.347966372966766 0.434960782527924 0.508090555667877 0.526356875896454 0.495159864425659 0.457711786031723 0.429310113191605 0.455469846725464 0.485073834657669 0.485233277082443 0.47153377532959 0.470791280269623 0.487375259399414 0.489149868488312 0.433536738157272 0.337199866771698 0.272692024707794 0.266342669725418 0.281167328357697 0.294324219226837 0.308044880628586 -3.4e+38 -3.4e+38
-3.4e+38 -3.4e+38 -3.4e+38 -3.4e+38 -3.4e+38 0.397894263267517 0.439603865146637 0.484960466623306 0.5197474360466 0.502559304237366 0.477333396673203 0.475235104560852 0.472164124250412 0.41980105638504 0.399270355701447 0.417044013738632 0.404778808355331 0.399650543928146 0.376621335744858 0.330628663301468 0.27906009554863 0.279984474182129 0.321006715297699 0.385262370109558 0.470436811447144 0.524407207965851 0.534211695194244 0.513615250587463 0.483451187610626 0.51266872882843 0.539495468139648 0.523763537406921 0.500333547592163 0.492900252342224 0.496508657932281 0.470241338014603 0.408733308315277 0.340513110160828 0.261714488267899 0.247653916478157 0.281658053398132 0.314165681600571 0.322296857833862 -3.4e+38 -3.4e+38
-3.4e+38 -3.4e+38 0.385261118412018 0.367058664560318 0.424287885427475 0.474079310894012 0.499888569116592 0.491684228181839 0.469972044229507 0.4420405626297 0.427242696285248 0.43526902794838 0.432038515806198 0.404558092355728 0.405859231948853 0.411084622144699 0.384810239076614 0.381095737218857 0.382066279649734 0.350012898445129 0.316171586513519 0.327508002519608 0.353824228048325 0.41115614771843 0.481878340244293 0.525895178318024 0.565719366073608 0.555643439292908 0.524046659469604 0.538267016410828 0.561950027942657 0.571303606033325 0.56185919046402 0.54249107837677 0.500347673892975 0.421356618404388 0.343720525503159 0.303804576396942 0.266663491725922 0.268420279026031 0.320698946714401 0.361485123634338 0.323234617710114 0.323191910982132 -3.4e+38
0.395246058702469 0.369343250989914 0.401879489421844 0.457553178071976 0.508675038814545 0.523340404033661 0.503348767757416 0.455116242170334 0.424420148134232 0.422809153795242 0.412701040506363 0.410312443971634 0.41797661781311 0.426460146903992 0.426226377487183 0.407483547925949 0.385429501533508 0.385287195444107 0.402667790651321 0.395851373672485 0.371807426214218 0.372798442840576 0.370990127325058 0.406457096338272 0.491540729999542 0.554431915283203 0.571379780769348 0.571744441986084 0.567356705665588 0.585767924785614 0.592305719852448 0.595963895320892 0.600193560123444 0.576691806316376 0.51924192905426 0.41509485244751 0.321999967098236 0.291046321392059 0.281081825494766 0.288754492998123 0.338136196136475 0.394638448953629 0.390979886054993 0.397152125835419 -3.4e+38
0.369086503982544 0.413349121809006 0.481939136981964 0.528307378292084 0.518914639949799 0.474535912275314 0.446991890668869 0.423207342624664 0.411987245082855 0.408874988555908 0.403033077716827 0.417211174964905 0.427494913339615 0.433802783489227 0.436340808868408 0.414306879043579 0.391246646642685 0.394845128059387 0.416883856058121 0.421477645635605 0.397955060005188 0.402693599462509 0.431595951318741 0.462838292121887 0.53976047039032 0.588842689990997 0.575569987297058 0.57451194524765 0.565634429454803 0.569291889667511 0.578841507434845 0.569769382476807 0.579230666160583 0.568557977676392 0.501117050647736 0.407386511564255 0.335553646087646 0.32061967253685 0.326795935630798 0.340021878480911 0.399163693189621 0.454661875963211 0.460661202669144 0.436573266983032 0.433211773633957
0.435404300689697 0.478414326906204 0.502053141593933 0.496839046478271 0.452520787715912 0.410510390996933 0.401257783174515 0.390802890062332 0.376278311014175 0.384880393743515 0.408716052770615 0.437796115875244 0.451334893703461 0.456363350152969 0.449985593557358 0.420467734336853 0.393169820308685 0.398629665374756 0.430067598819733 0.449618071317673 0.446230828762054 0.459828525781631 0.507160544395447 0.538486540317535 0.568471610546112 0.579112112522125 0.561851799488068 0.552386999130249 0.528588771820068 0.522227585315704 0.538966238498688 0.537379562854767 0.541549921035767 0.527567446231842 0.457774877548218 0.381415247917175 0.354025840759277 0.362999230623245 0.413647651672363 0.457092702388763 0.486733227968216 0.493683189153671 0.488127708435059 0.475866854190826 0.459883183240891
0.487027227878571 0.470382422208786 0.440389543771744 0.425902187824249 0.410759836435318 0.390847504138947 0.356848329305649 0.329969048500061 0.331109046936035 0.374619752168655 0.41976335644722 0.439499348402023 0.444740951061249 0.447565257549286 0.435990273952484 0.414504170417786 0.400038003921509 0.399957150220871 0.429081708192825 0.46633106470108 0.492651343345642 0.517516493797302 0.538659751415253 0.561340570449829 0.572064757347107 0.563390016555786 0.543319880962372 0.527079820632935 0.518799602985382 0.523534715175629 0.525150895118713 0.518369913101196 0.513197481632233 0.492062240839005 0.436863243579865 0.37570920586586 0.372885048389435 0.412430703639984 0.493727922439575 0.541552782058716 0.530951023101807 0.506707370281219 0.49521392583847 0.481872588396072 0.429171860218048
0.460070610046387 0.406241536140442 0.396554201841354 0.403510808944702 0.387723863124847 0.357078015804291 0.314796775579453 0.301324099302292 0.327801138162613 0.380072802305222 0.411571532487869 0.409233242273331 0.409322053194046 0.415641963481903 0.416217446327209 0.415994137525558 0.41929104924202 0.432284533977509 0.452810049057007 0.491837412118912 0.52545166015625 0.550004601478577 0.569167256355286 0.576963722705841 0.568988025188446 0.550810694694519 0.535209357738495 0.518921852111816 0.515070140361786 0.53802227973938 0.546927452087402 0.546507120132446 0.534749448299408 0.501467823982239 0.466462463140488 0.441397994756699 0.457479655742645 0.494052082300186 0.535718202590942 0.566508233547211 0.561472713947296 0.529958009719849 0.495255321264267 0.443722546100616 0.384391278028488
0.397000104188919 0.370523244142532 0.385814309120178 0.377865999937057 0.334132313728333 0.303212195634842 0.306721240282059 0.326574265956879 0.353409647941589 0.370433866977692 0.372912168502808 0.371506482362747 0.391899913549423 0.417033076286316 0.430775582790375 0.451789349317551 0.47701159119606 0.49617475271225 0.505666971206665 0.524958729743958 0.551693081855774 0.567399740219116 0.582731306552887 0.582617402076721 0.566533386707306 0.547636687755585 0.538151204586029 0.529836237430573 0.535832643508911 0.559806704521179 0.57490211725235 0.583128094673157 0.575468182563782 0.552078783512115 0.542473137378693 0.536476612091064 0.54178375005722 0.549087405204773 0.541317343711853 0.558417737483978 0.558288633823395 0.517400979995728 0.463740885257721 0.402977257966995 0.352327018976212
0.384191542863846 0.385276824235916 0.366638541221619 0.320482969284058 0.283301174640656 0.289858400821686 0.32854351401329 0.354049146175385 0.362087607383728 0.347832947969437 0.344789177179337 0.362223327159882 0.410841792821884 0.45497664809227 0.4757159948349 0.508701860904694 0.532047152519226 0.538651406764984 0.53525847196579 0.539102435112 0.555384576320648 0.57014536857605 0.577970683574677 0.577841520309448 0.562973082065582 0.54520571231842 0.53916734457016 0.53770524263382 0.556763112545013 0.576851844787598 0.587116777896881 0.586060523986816 0.592506289482117 0.598034739494324 0.593456745147705 0.579505801200867 0.553702592849731 0.528235137462616 0.50327730178833 0.498751252889633 0.490078508853912 0.459107995033264 0.42239448428154 0.397943645715714 0.352787673473358
0.372693210840225 0.347338497638702 0.304661363363266 0.285369753837585 0.285032093524933 0.327326208353043 0.362125933170319 0.35503488779068 0.365507930517197 0.359489768743515 0.358887851238251 0.37541127204895 0.436279594898224 0.501054883003235 0.527757167816162 0.542246282100677 0.546622753143311 0.538337171077728 0.533675014972687 0.538659155368805 0.550849795341492 0.564690411090851 0.568777441978455 0.565594911575317 0.552869558334351 0.535506188869476 0.529339730739594 0.537921369075775 0.565292298793793 0.593102037906647 0.599894344806671 0.588184535503387 0.597502470016479 0.598118484020233 0.581600248813629 0.563578605651855 0.535003960132599 0.482974261045456 0.421191036701202 0.396876454353333 0.406670421361923 0.421342194080353 0.436559319496155 0.421308070421219 0.374632447957993
0.368988960981369 0.309814929962158 0.285310715436935 0.310765594244003 0.314813375473022 0.33279886841774 0.341709017753601 0.34250396490097 0.388268053531647 0.403096318244934 0.407006740570068 0.434164822101593 0.48072475194931 0.538507521152496 0.558795511722565 0.550315260887146 0.547922551631927 0.541388332843781 0.538769662380219 0.54775071144104 0.550013422966003 0.564481973648071 0.566254258155823 0.555578231811523 0.544776797294617 0.533299148082733 0.533740699291229 0.546187937259674 0.564064562320709 0.591737687587738 0.605436146259308 0.593248188495636 0.588538587093353 0.560912132263184 0.5389643907547 0.509745836257935 0.451198369264603 0.408521503210068 0.348041206598282 0.341653913259506 0.374961763620377 0.410954058170319 0.465128779411316 0.460548460483551 0.405083894729614
0.399997234344482 0.342866122722626 0.320956915616989 0.34856054186821 0.348120391368866 0.336599618196487 0.337229609489441 0.368969142436981 0.413021922111511 0.443354696035385 0.471128046512604 0.503631055355072 0.53077894449234 0.562635958194733 0.573394060134888 0.554742097854614 0.536191642284393 0.540040969848633 0.556751191616058 0.56559944152832 0.553181707859039 0.566973268985748 0.570509076118469 0.564392507076263 0.564104080200195 0.559592008590698 0.558536529541016 0.568045198917389 0.578073263168335 0.592451512813568 0.613478720188141 0.603414177894592 0.569104254245758 0.520997226238251 0.4870285987854 0.428110718727112 0.366297394037247 0.352363646030426 0.319312930107117 0.323009073734283 0.358435779809952 0.402974903583527 0.464162915945053 0.477679878473282 0.445737600326538
0.430861592292786 0.400009155273438 0.394940435886383 0.396951884031296 0.386394858360291 0.376991629600525 0.385040462017059 0.418512433767319 0.461988210678101 0.487292259931564 0.516745865345001 0.542711913585663 0.555353462696075 0.561057984828949 0.562396645545959 0.550117671489716 0.541117548942566 0.55237090587616 0.563514828681946 0.566363871097565 0.556020677089691 0.565483331680298 0.570585906505585 0.574785709381104 0.582743763923645 0.584712147712708 0.575796186923981 0.574966669082642 0.576589941978455 0.579062759876251 0.597695112228394 0.597307860851288 0.545752227306366 0.475743144750595 0.433677166700363 0.373439311981201 0.337571442127228 0.325866639614105 0.298944920301437 0.315549433231354 0.335291236639023 0.381962388753891 0.449577987194061 0.478604525327682 0.49375194311142
0.44918829202652 0.453014403581619 0.455366164445877 0.433312296867371 0.409075558185577 0.413088202476501 0.435786634683609 0.463523030281067 0.492217242717743 0.515864014625549 0.53530353307724 0.565323412418365 0.57434219121933 0.566756069660187 0.558491885662079 0.564215838909149 0.578051865100861 0.585585236549377 0.578858494758606 0.583243668079376 0.576007843017578 0.562724053859711 0.561722218990326 0.55912721157074 0.563592851161957 0.570501208305359 0.563502728939056 0.555000066757202 0.547325789928436 0.539093852043152 0.544784307479858 0.545730412006378 0.508503973484039 0.444097727537155 0.394019424915314 0.354230403900146 0.316533505916595 0.296777814626694 0.287950605154037 0.302898496389389 0.310690581798553 0.3580322265625 0.430589824914932 0.474242001771927 0.529708206653595
0.455104500055313 0.48009067773819 0.474429070949554 0.441570371389389 0.418415784835815 0.434061318635941 0.468749761581421 0.477142423391342 0.506943225860596 0.534781575202942 0.549944162368774 0.576399683952332 0.585276663303375 0.575947403907776 0.570601582527161 0.581589221954346 0.594539523124695 0.594000220298767 0.580685019493103 0.588241755962372 0.578966856002808 0.558544516563416 0.55400562286377 0.558648467063904 0.542574405670166 0.527944326400757 0.519800305366516 0.511468946933746 0.518180847167969 0.493795841932297 0.47568142414093 0.492256373167038 0.491897374391556 0.443605929613113 0.381168633699417 0.34326708316803 0.311985194683075 0.285806566476822 0.274126529693604 0.281053870916367 0.288536667823792 0.323580235242844 0.380163043737411 0.448403209447861 0.515720069408417
0.445111751556396 0.480907142162323 0.484960615634918 0.464261442422867 0.451471507549286 0.457617104053497 0.480770140886307 0.48589813709259 0.525803923606873 0.554569602012634 0.564009547233582 0.577854931354523 0.582507848739624 0.579069137573242 0.577131032943726 0.587147235870361 0.600909888744354 0.585919618606567 0.564317941665649 0.563355326652527 0.550717890262604 0.537057518959045 0.531078457832336 0.53144508600235 0.501762390136719 0.488304227590561 0.47946909070015 0.478150486946106 0.507039427757263 0.485509932041168 0.477047801017761 0.506309568881989 0.509954333305359 0.448563516139984 0.388022154569626 0.350636571645737 0.311549544334412 0.280811995267868 0.261636435985565 0.255270749330521 0.264335364103317 0.287013500928879 0.316567540168762 0.397673606872559 0.474183708429337
0.436129480600357 0.468960076570511 0.489376157522202 0.486250311136246 0.476450502872467 0.479950755834579 0.494285821914673 0.513273358345032 0.556545913219452 0.572061479091644 0.569973051548004 0.573136687278748 0.577270269393921 0.579730987548828 0.577232837677002 0.579983294010162 0.584745168685913 0.561193645000458 0.543395936489105 0.540356755256653 0.513730227947235 0.495552748441696 0.482369482517242 0.471220374107361 0.45819678902626 0.467160135507584 0.448935717344284 0.445329815149307 0.495669633150101 0.51658433675766 0.536325097084045 0.558113932609558 0.551455914974213 0.496616512537003 0.423720091581345 0.362204015254974 0.307266801595688 0.27982223033905 0.279437839984894 0.263589531183243 0.251323789358139 0.264577805995941 0.284610629081726 0.351472944021225 0.421525567770004
0.432650446891785 0.461356669664383 0.502432227134705 0.503741383552551 0.483699917793274 0.498994618654251 0.517571866512299 0.543024480342865 0.573435366153717 0.574749946594238 0.569993674755096 0.572983682155609 0.581240892410278 0.582612752914429 0.573694050312042 0.569667160511017 0.558763980865479 0.531337022781372 0.527676343917847 0.498108834028244 0.453572630882263 0.445008963346481 0.442365616559982 0.428584635257721 0.422784835100174 0.442280828952789 0.440057635307312 0.444420099258423 0.489532113075256 0.537277162075043 0.565008163452148 0.579496920108795 0.561632394790649 0.508742570877075 0.438661962747574 0.369959324598312 0.313014060258865 0.28449958562851 0.282867193222046 0.273614287376404 0.253356128931046 0.266115665435791 0.296662449836731 0.332799404859543 0.390014469623566
