data/trimmed_ndre/Aes_ndre.629.2013_no_clouds.asc
NCOLS 109 
NROWS 101 
XLLCORNER 466110 
YLLCORNER 5182005 
CELLSIZE 5 
NODATA_value -3.4e+38 
[rows 80 to 99 of 101, columns 0 to 44 of 109]
-3.4e+38 -3.4e+38 -3.4e+38 -3.4e+38 0.618671596050262 0.615230917930603 0.603262782096863 0.567367672920227 0.545050501823425 0.536260306835175 0.530518889427185 0.484099239110947 0.416314601898193 0.373748004436493 0.385465741157532 0.404642909765244 0.36915585398674 0.317332059144974 0.30161115527153 0.291052758693695 0.250118136405945 0.253580659627914 0.322026938199997 0.427193284034729 0.511277914047241 0.525210857391357 0.547977328300476 0.57413250207901 0.56596177816391 0.537786841392517 0.530970871448517 0.537861466407776 0.549985826015472 0.535440683364868 0.46152475476265 0.394743323326111 0.370928972959518 0.362731486558914 0.355184465646744 0.342645347118378 0.306410253047943 0.282404869794846 0.269579112529755 0.27204504609108 0.265009582042694
-3.4e+38 -3.4e+38 -3.4e+38 -3.4e+38 -3.4e+38 -3.4e+38 -3.4e+38 0.588760018348694 0.551408767700195 0.53580504655838 0.522852718830109 0.452940344810486 0.380473405122757 0.353296130895615 0.374596923589706 0.40257129073143 0.385460466146469 0.342917144298553 0.320016026496887 0.31662580370903 0.286266714334488 0.300528466701508 0.357493489980698 0.44224414229393 0.526949465274811 0.549051761627197 0.575894057750702 0.590104818344116 0.5688356757164 0.541872084140778 0.545372128486633 0.558043122291565 0.544245839118958 0.496242642402649 0.423363566398621 0.384291589260101 0.370568662881851 0.350065261125565 0.333050727844238 0.314125329256058 0.281555950641632 0.258821308612823 0.256907790899277 0.256858259439468 0.254772245883942
-3.4e+38 -3.4e+38 -3.4e+38 -3.4e+38 -3.4e+38 -3.4e+38 -3.4e+38 -3.4e+38 -3.4e+38 -3.4e+38 0.496247172355652 0.435037761926651 0.36305096745491 0.336140513420105 0.342745184898376 0.360201060771942 0.344379246234894 0.316963672637939 0.30021670460701 0.31410813331604 0.320692330598831 0.354267627000809 0.42101064324379 0.469074815511703 0.536039352416992 0.578228712081909 0.596136331558228 0.593392968177795 0.569996356964111 0.559906363487244 0.576980471611023 0.584430813789368 0.534013688564301 0.465869605541229 0.394310235977173 0.363015383481979 0.35212168097496 0.345858633518219 0.329314380884171 0.303588658571243 0.275985866785049 0.262677520513535 0.258889764547348 0.247206553816795 0.264117389917374
-3.4e+38 -3.4e+38 -3.4e+38 -3.4e+38 -3.4e+38 -3.4e+38 -3.4e+38 -3.4e+38 -3.4e+38 -3.4e+38 -3.4e+38 -3.4e+38 0.358116418123245 0.337047129869461 0.333537071943283 0.332532852888107 0.297875106334686 0.255104154348373 0.247779384255409 0.283954918384552 0.321673601865768 0.36113628745079 0.434431254863739 0.486534118652344 0.546028196811676 0.594104170799255 0.601879417896271 0.584206998348236 0.561302721500397 0.572898745536804 0.602463006973267 0.604981899261475 0.533095479011536 0.445568203926086 0.380537331104279 0.364790976047516 0.369304686784744 0.364850223064423 0.342207938432693 0.307957708835602 0.293784290552139 0.287248343229294 0.278211832046509 0.255742818117142 0.256682157516479
-3.4e+38 -3.4e+38 -3.4e+38 -3.4e+38 -3.4e+38 -3.4e+38 -3.4e+38 -3.4e+38 -3.4e+38 -3.4e+38 -3.4e+38 -3.4e+38 -3.4e+38 -3.4e+38 0.328106075525284 0.292280077934265 0.248770028352737 0.216093212366104 0.213550865650177 0.25083190202713 0.296877145767212 0.321049153804779 0.415606170892715 0.512582659721375 0.567508816719055 0.606766760349274 0.602111577987671 0.570552408695221 0.543111503124237 0.574274122714996 0.619396448135376 0.609782457351685 0.527814626693726 0.451775908470154 0.42266371846199 0.419832676649094 0.425175666809082 0.409903943538666 0.376157820224762 0.34144800901413 0.333317756652832 0.321863949298859 0.311043292284012 0.287582486867905 0.270761638879776
-3.4e+38 -3.4e+38 -3.4e+38 -3.4e+38 -3.4e+38 -3.4e+38 -3.4e+38 -3.4e+38 -3.4e+38 -3.4e+38 -3.4e+38 -3.4e+38 -3.4e+38 -3.4e+38 -3.4e+38 0.276162475347519 0.249540597200394 0.221237197518349 0.203364998102188 0.226617813110352 0.268050462007523 0.309866547584534 0.421877026557922 0.547380447387695 0.603341579437256 0.628300786018372 0.606823801994324 0.55567991733551 0.534330070018768 0.578013837337494 0.631320655345917 0.608386278152466 0.532928884029388 0.486588031053543 0.477226346731186 0.462405383586884 0.465030580759048 0.46408087015152 0.433226108551025 0.401403546333313 0.369360119104385 0.337414652109146 0.328423291444778 0.321103036403656 0.29573467373848
-3.4e+38 -3.4e+38 -3.4e+38 -3.4e+38 -3.4e+38 -3.4e+38 -3.4e+38 -3.4e+38 -3.4e+38 -3.4e+38 -3.4e+38 -3.4e+38 -3.4e+38 -3.4e+38 -3.4e+38 -3.4e+38 -3.4e+38 0.267284750938416 0.235076695680618 0.249063983559608 0.279128134250641 0.346576541662216 0.444367289543152 0.560709238052368 0.629320085048676 0.640660166740417 0.604507505893707 0.547676980495453 0.538051724433899 0.583447158336639 0.642430126667023 0.619627356529236 0.54210364818573 0.498485863208771 0.458065867424011 0.437243580818176 0.447300314903259 0.478170126676559 0.487273752689362 0.467405527830124 0.42159366607666 0.373295485973358 0.350175499916077 0.32680082321167 0.28261986374855
-3.4e+38 -3.4e+38 -3.4e+38 -3.4e+38 -3.4e+38 -3.4e+38 -3.4e+38 -3.4e+38 -3.4e+38 -3.4e+38 -3.4e+38 -3.4e+38 -3.4e+38 -3.4e+38 -3.4e+38 -3.4e+38 -3.4e+38 -3.4e+38 -3.4e+38 0.285186201334 0.303700715303421 0.383877694606781 0.498581647872925 0.58645111322403 0.641336679458618 0.631804645061493 0.592507600784302 0.553307771682739 0.563195765018463 0.608193635940552 0.646635413169861 0.614185094833374 0.535881221294403 0.498213022947311 0.454494178295135 0.426348894834518 0.425179690122604 0.456479549407959 0.497094690799713 0.502560377120972 0.460201233625412 0.407230615615845 0.355895787477493 0.31077367067337 0.266245305538177
-3.4e+38 -3.4e+38 -3.4e+38 -3.4e+38 -3.4e+38 -3.4e+38 -3.4e+38 -3.4e+38 -3.4e+38 -3.4e+38 -3.4e+38 -3.4e+38 -3.4e+38 -3.4e+38 -3.4e+38 -3.4e+38 -3.4e+38 -3.4e+38 -3.4e+38 -3.4e+38 -3.4e+38 0.423034310340881 0.541208863258362 0.615914463996887 0.640618920326233 0.611864447593689 0.567262887954712 0.549880087375641 0.577990770339966 0.61540824174881 0.630207717418671 0.589844644069672 0.497567176818848 0.458821296691895 0.450737237930298 0.4391248524189 0.442574471235275 0.473378688097 0.502170205116272 0.495057791471481 0.443471372127533 0.388811141252518 0.335817784070969 0.30943775177002 0.295523673295975
-3.4e+38 -3.4e+38 -3.4e+38 -3.4e+38 -3.4e+38 -3.4e+38 -3.4e+38 -3.4e+38 -3.4e+38 -3.4e+38 -3.4e+38 -3.4e+38 -3.4e+38 -3.4e+38 -3.4e+38 -3.4e+38 -3.4e+38 -3.4e+38 -3.4e+38 -3.4e+38 -3.4e+38 -3.4e+38 0.566119730472565 0.634955108165741 0.626765429973602 0.575550973415375 0.53365558385849 0.541964173316956 0.572352290153503 0.603638112545013 0.60242748260498 0.554758727550507 0.457544833421707 0.42052635550499 0.438552796840668 0.43347355723381 0.45717978477478 0.49180081486702 0.489561408758163 0.478825002908707 0.418172508478165 0.349530667066574 0.311196267604828 0.317532449960709 0.295991599559784
-3.4e+38 -3.4e+38 -3.4e+38 -3.4e+38 -3.4e+38 -3.4e+38 -3.4e+38 -3.4e+38 -3.4e+38 -3.4e+38 -3.4e+38 -3.4e+38 -3.4e+38 -3.4e+38 -3.4e+38 -3.4e+38 -3.4e+38 -3.4e+38 -3.4e+38 -3.4e+38 -3.4e+38 -3.4e+38 -3.4e+38 -3.4e+38 0.571395337581635 0.515160441398621 0.500945031642914 0.52802437543869 0.553883135318756 0.576129198074341 0.575631320476532 0.538448810577393 0.457450568675995 0.413830995559692 0.418215155601501 0.406833648681641 0.440861970186234 0.471283048391342 0.469434350728989 0.478523641824722 0.413646131753922 0.332693755626678 0.312258303165436 0.31993368268013 0.293295353651047
-3.4e+38 -3.4e+38 -3.4e+38 -3.4e+38 -3.4e+38 -3.4e+38 -3.4e+38 -3.4e+38 -3.4e+38 -3.4e+38 -3.4e+38 -3.4e+38 -3.4e+38 -3.4e+38 -3.4e+38 -3.4e+38 -3.4e+38 -3.4e+38 -3.4e+38 -3.4e+38 -3.4e+38 -3.4e+38 -3.4e+38 -3.4e+38 -3.4e+38 0.467032551765442 0.481520593166351 0.517138242721558 0.535408318042755 0.549175441265106 0.563564121723175 0.533122479915619 0.47128289937973 0.439231932163239 0.423023879528046 0.418795466423035 0.437863856554031 0.4473777115345 0.453452557325363 0.445732206106186 0.393926501274109 0.345484554767609 0.331449747085571 0.33531054854393 0.352992087602615
-3.4e+38 -3.4e+38 -3.4e+38 -3.4e+38 -3.4e+38 -3.4e+38 -3.4e+38 -3.4e+38 -3.4e+38 -3.4e+38 -3.4e+38 -3.4e+38 -3.4e+38 -3.4e+38 -3.4e+38 -3.4e+38 -3.4e+38 -3.4e+38 -3.4e+38 -3.4e+38 -3.4e+38 -3.4e+38 -3.4e+38 -3.4e+38 -3.4e+38 0.440550446510315 0.474562495946884 0.521456480026245 0.53767329454422 0.533063948154449 0.530655205249786 0.50224095582962 0.469691753387451 0.4570532143116 0.44125896692276 0.455343216657639 0.46849325299263 0.467131227254868 0.468702286481857 0.439187854528427 0.399660706520081 0.37362739443779 0.364270687103271 0.360766023397446 0.360081136226654
-3.4e+38 -3.4e+38 -3.4e+38 -3.4e+38 -3.4e+38 -3.4e+38 -3.4e+38 -3.4e+38 -3.4e+38 -3.4e+38 -3.4e+38 -3.4e+38 -3.4e+38 -3.4e+38 -3.4e+38 -3.4e+38 -3.4e+38 -3.4e+38 -3.4e+38 -3.4e+38 -3.4e+38 -3.4e+38 -3.4e+38 -3.4e+38 -3.4e+38 0.449089735746384 0.472661197185516 0.512897849082947 0.537735342979431 0.518287122249603 0.493591845035553 0.481015920639038 0.468653351068497 0.454630523920059 0.444330900907516 0.45376443862915 0.468497395515442 0.469578683376312 0.462040781974792 0.431979209184647 0.404364377260208 0.388586729764938 0.375260561704636 0.392126441001892 0.3790622651577
-3.4e+38 -3.4e+38 -3.4e+38 -3.4e+38 -3.4e+38 -3.4e+38 -3.4e+38 -3.4e+38 -3.4e+38 -3.4e+38 -3.4e+38 -3.4e+38 -3.4e+38 -3.4e+38 -3.4e+38 -3.4e+38 -3.4e+38 -3.4e+38 -3.4e+38 -3.4e+38 -3.4e+38 -3.4e+38 -3.4e+38 -3.4e+38 -3.4e+38 -3.4e+38 0.449378341436386 0.483394384384155 0.513976633548737 0.502610623836517 0.487339437007904 0.48307329416275 0.452971816062927 0.42633906006813 0.421059548854828 0.427444666624069 0.440744578838348 0.441043227910995 0.423716753721237 0.407000005245209 0.388592958450317 0.399459451436996 0.420517027378082 0.428917616605759 0.424713015556335
-3.4e+38 -3.4e+38 -3.4e+38 -3.4e+38 -3.4e+38 -3.4e+38 -3.4e+38 -3.4e+38 -3.4e+38 -3.4e+38 -3.4e+38 -3.4e+38 -3.4e+38 -3.4e+38 -3.4e+38 -3.4e+38 -3.4e+38 -3.4e+38 -3.4e+38 -3.4e+38 -3.4e+38 -3.4e+38 -3.4e+38 -3.4e+38 -3.4e+38 -3.4e+38 0.447097808122635 0.477701723575592 0.488981634378433 0.48545441031456 0.479849576950073 0.464201003313065 0.427163064479828 0.409689337015152 0.418005347251892 0.420538544654846 0.428537756204605 0.414651870727539 0.400602906942368 0.400994569063187 0.401975959539413 0.438014775514603 0.46490940451622 0.425222784280777 0.430285930633545
-3.4e+38 -3.4e+38 -3.4e+38 -3.4e+38 -3.4e+38 -3.4e+38 -3.4e+38 -3.4e+38 -3.4e+38 -3.4e+38 -3.4e+38 -3.4e+38 -3.4e+38 -3.4e+38 -3.4e+38 -3.4e+38 -3.4e+38 -3.4e+38 -3.4e+38 -3.4e+38 -3.4e+38 -3.4e+38 -3.4e+38 -3.4e+38 -3.4e+38 -3.4e+38 -3.4e+38 -3.4e+38 -3.4e+38 0.438987493515015 0.435581535100937 0.416424691677094 0.398370385169983 0.393656134605408 0.408970713615417 0.419878631830215 0.437049329280853 0.41619685292244 0.404194861650467 0.419954866170883 0.430696308612823 0.469779223203659 0.4902483522892 0.458020180463791 0.436804890632629
-3.4e+38 -3.4e+38 -3.4e+38 -3.4e+38 -3.4e+38 -3.4e+38 -3.4e+38 -3.4e+38 -3.4e+38 -3.4e+38 -3.4e+38 -3.4e+38 -3.4e+38 -3.4e+38 -3.4e+38 -3.4e+38 -3.4e+38 -3.4e+38 -3.4e+38 -3.4e+38 -3.4e+38 -3.4e+38 -3.4e+38 -3.4e+38 -3.4e+38 -3.4e+38 -3.4e+38 -3.4e+38 -3.4e+38 -3.4e+38 -3.4e+38 -3.4e+38 -3.4e+38 -3.4e+38 -3.4e+38 0.403429806232452 0.41844379901886 0.390612006187439 0.38566517829895 0.406074374914169 0.436265766620636 0.494993507862091 0.489410817623138 0.453187793493271 0.441572457551956
-3.4e+38 -3.4e+38 -3.4e+38 -3.4e+38 -3.4e+38 -3.4e+38 -3.4e+38 -3.4e+38 -3.4e+38 -3.4e+38 -3.4e+38 -3.4e+38 -3.4e+38 -3.4e+38 -3.4e+38 -3.4e+38 -3.4e+38 -3.4e+38 -3.4e+38 -3.4e+38 -3.4e+38 -3.4e+38 -3.4e+38 -3.4e+38 -3.4e+38 -3.4e+38 -3.4e+38 -3.4e+38 -3.4e+38 -3.4e+38 -3.4e+38 -3.4e+38 -3.4e+38 -3.4e+38 -3.4e+38 -3.4e+38 -3.4e+38 -3.4e+38 0.353050947189331 0.36891096830368 0.399160623550415 0.457290649414062 0.468010663986206 0.465752989053726 0.488341212272644
-3.4e+38 -3.4e+38 -3.4e+38 -3.4e+38 -3.4e+38 -3.4e+38 -3.4e+38 -3.4e+38 -3.4e+38 -3.4e+38 -3.4e+38 -3.4e+38 -3.4e+38 -3.4e+38 -3.4e+38 -3.4e+38 -3.4e+38 -3.4e+38 -3.4e+38 -3.4e+38 -3.4e+38 -3.4e+38 -3.4e+38 -3.4e+38 -3.4e+38 -3.4e+38 -3.4e+38 -3.4e+38 -3.4e+38 -3.4e+38 -3.4e+38 -3.4e+38 -3.4e+38 -3.4e+38 -3.4e+38 -3.4e+38 -3.4e+38 -3.4e+38 -3.4e+38 0.363994270563126 0.380057096481323 0.416496634483337 0.453281939029694 0.47695180773735 0.507725417613983
