data/trimmed_ndre/Aes_ndre.69.2009_no_clouds.asc
NCOLS 109 
NROWS 101 
XLLCORNER 466110 
YLLCORNER 5182005 
CELLSIZE 5 
NODATA_value -3.4e+38 
[rows 80 to 99 of 101, columns 0 to 44 of 109]
-3.4e+38 -3.4e+38 -3.4e+38 -3.4e+38 0.298562854528427 0.320924282073975 0.338691025972366 0.340672820806503 0.345112681388855 0.326858162879944 0.305808991193771 0.281792759895325 0.203936606645584 0.162989154458046 0.173893928527832 0.180336192250252 0.160191148519516 0.169351533055305 0.177805304527283 0.165796399116516 0.1627327054739 0.171218112111092 0.23519791662693 0.277639865875244 0.249580308794975 0.27145779132843 0.321693807840347 0.368773639202118 0.398905545473099 0.383143544197083 0.391351372003555 0.401561707258224 0.365871608257294 0.33039602637291 0.296452790498734 0.288278669118881 0.302044123411179 0.271991580724716 0.261808693408966 0.27948385477066 0.280084133148193 0.295498132705688 0.292208194732666 0.267162531614304 0.258809745311737
-3.4e+38 -3.4e+38 -3.4e+38 -3.4e+38 -3.4e+38 -3.4e+38 -3.4e+38 0.348282635211945 0.345158457756042 0.328190892934799 0.316257685422897 0.270753264427185 0.188456192612648 0.170454353094101 0.171686559915543 0.172997400164604 0.169265106320381 0.18101866543293 0.182499438524246 0.170360997319221 0.165059864521027 0.171356245875359 0.239674523472786 0.275748431682587 0.261957436800003 0.284401804208755 0.330895066261292 0.380651146173477 0.408350676298141 0.388206511735916 0.392858356237411 0.38620787858963 0.340782523155212 0.31091645359993 0.282710939645767 0.269887626171112 0.276503950357437 0.250753581523895 0.26438045501709 0.28850045800209 0.267807155847549 0.260847747325897 0.258663803339005 0.247691497206688 0.240566059947014
-3.4e+38 -3.4e+38 -3.4e+38 -3.4e+38 -3.4e+38 -3.4e+38 -3.4e+38 -3.4e+38 -3.4e+38 -3.4e+38 0.312371850013733 0.25950962305069 0.179095029830933 0.166009455919266 0.173757404088974 0.169001907110214 0.16383084654808 0.169306933879852 0.164111360907555 0.16243788599968 0.168441876769066 0.195168569684029 0.256752341985703 0.272100269794464 0.275397658348083 0.308268666267395 0.342742651700974 0.367379635572433 0.378066509962082 0.3757044672966 0.388678520917892 0.37835693359375 0.331630378961563 0.294956833124161 0.278980731964111 0.271048903465271 0.275559842586517 0.270565927028656 0.280125319957733 0.289141297340393 0.268426865339279 0.254374951124191 0.254038780927658 0.255843609571457 0.253264427185059
-3.4e+38 -3.4e+38 -3.4e+38 -3.4e+38 -3.4e+38 -3.4e+38 -3.4e+38 -3.4e+38 -3.4e+38 -3.4e+38 -3.4e+38 -3.4e+38 0.171851515769958 0.156581282615662 0.170211791992188 0.17483389377594 0.169592529535294 0.157878577709198 0.147654592990875 0.153300017118454 0.163416102528572 0.210235387086868 0.269531965255737 0.264561265707016 0.280359178781509 0.325735092163086 0.34562361240387 0.367151319980621 0.378260344266891 0.37516063451767 0.377597004175186 0.375945240259171 0.341327846050262 0.295067697763443 0.2764952480793 0.260818153619766 0.273885458707809 0.291146904230118 0.28530615568161 0.294356346130371 0.278489202260971 0.254054516553879 0.253313511610031 0.258034080266953 0.261418372392654
-3.4e+38 -3.4e+38 -3.4e+38 -3.4e+38 -3.4e+38 -3.4e+38 -3.4e+38 -3.4e+38 -3.4e+38 -3.4e+38 -3.4e+38 -3.4e+38 -3.4e+38 -3.4e+38 0.167225897312164 0.177446529269218 0.184091866016388 0.166744992136955 0.153335496783257 0.169275179505348 0.166477084159851 0.212230369448662 0.263129860162735 0.256813019514084 0.27313706278801 0.322062373161316 0.363682240247726 0.398557394742966 0.39886674284935 0.372377872467041 0.357800543308258 0.350345343351364 0.323660373687744 0.28416234254837 0.265141427516937 0.253228753805161 0.265382766723633 0.266744822263718 0.254963934421539 0.280748456716537 0.269992798566818 0.245237603783607 0.243637323379517 0.243139564990997 0.246948644518852
-3.4e+38 -3.4e+38 -3.4e+38 -3.4e+38 -3.4e+38 -3.4e+38 -3.4e+38 -3.4e+38 -3.4e+38 -3.4e+38 -3.4e+38 -3.4e+38 -3.4e+38 -3.4e+38 -3.4e+38 0.16959935426712 0.181745946407318 0.169242337346077 0.152523875236511 0.168165802955627 0.169969543814659 0.219806700944901 0.252548515796661 0.256791234016418 0.280252516269684 0.315045028924942 0.380806297063828 0.419752448797226 0.395968466997147 0.364801973104477 0.357739627361298 0.3498595058918 0.322079628705978 0.287069231271744 0.268167853355408 0.273299962282181 0.291141986846924 0.284953743219376 0.263302475214005 0.264320135116577 0.250426113605499 0.247213155031204 0.256178259849548 0.261297255754471 0.252478152513504
-3.4e+38 -3.4e+38 -3.4e+38 -3.4e+38 -3.4e+38 -3.4e+38 -3.4e+38 -3.4e+38 -3.4e+38 -3.4e+38 -3.4e+38 -3.4e+38 -3.4e+38 -3.4e+38 -3.4e+38 -3.4e+38 -3.4e+38 0.160158008337021 0.157467186450958 0.169232055544853 0.188514590263367 0.253511399030685 0.253064960241318 0.249688163399696 0.289429754018784 0.324917376041412 0.387895822525024 0.410172075033188 0.37379390001297 0.346865683794022 0.367990285158157 0.369537025690079 0.335630685091019 0.306531518697739 0.277289718389511 0.272370427846909 0.286364078521729 0.285227209329605 0.268414884805679 0.254163503646851 0.251131981611252 0.261737167835236 0.271917015314102 0.266595602035522 0.243248656392097
-3.4e+38 -3.4e+38 -3.4e+38 -3.4e+38 -3.4e+38 -3.4e+38 -3.4e+38 -3.4e+38 -3.4e+38 -3.4e+38 -3.4e+38 -3.4e+38 -3.4e+38 -3.4e+38 -3.4e+38 -3.4e+38 -3.4e+38 -3.4e+38 -3.4e+38 0.183248072862625 0.205308586359024 0.273146569728851 0.248368516564369 0.257847934961319 0.308335065841675 0.354502856731415 0.397665500640869 0.40800216794014 0.378803491592407 0.361999899148941 0.389770209789276 0.381979525089264 0.338626444339752 0.310402542352676 0.291370242834091 0.284569174051285 0.279694795608521 0.263976752758026 0.253729581832886 0.251487076282501 0.254840672016144 0.268064796924591 0.273863285779953 0.247844949364662 0.218839824199677
-3.4e+38 -3.4e+38 -3.4e+38 -3.4e+38 -3.4e+38 -3.4e+38 -3.4e+38 -3.4e+38 -3.4e+38 -3.4e+38 -3.4e+38 -3.4e+38 -3.4e+38 -3.4e+38 -3.4e+38 -3.4e+38 -3.4e+38 -3.4e+38 -3.4e+38 -3.4e+38 -3.4e+38 0.279782116413116 0.25464192032814 0.281254589557648 0.323155105113983 0.366488754749298 0.405868023633957 0.415704369544983 0.405267655849457 0.394637554883957 0.399053663015366 0.381883919239044 0.34771192073822 0.316579908132553 0.300134241580963 0.298626452684402 0.284013628959656 0.255529850721359 0.24300791323185 0.248998954892159 0.262775033712387 0.26852411031723 0.265409052371979 0.248150393366814 0.235708445310593
-3.4e+38 -3.4e+38 -3.4e+38 -3.4e+38 -3.4e+38 -3.4e+38 -3.4e+38 -3.4e+38 -3.4e+38 -3.4e+38 -3.4e+38 -3.4e+38 -3.4e+38 -3.4e+38 -3.4e+38 -3.4e+38 -3.4e+38 -3.4e+38 -3.4e+38 -3.4e+38 -3.4e+38 -3.4e+38 0.264812231063843 0.281564354896545 0.319784730672836 0.361506372690201 0.394000351428986 0.409548372030258 0.411700457334518 0.40534907579422 0.393769979476929 0.369971096515656 0.34527114033699 0.315544962882996 0.296782940626144 0.291114032268524 0.271344631910324 0.251389652490616 0.248987928032875 0.265826553106308 0.279568880796432 0.276926040649414 0.260579705238342 0.264090269804001 0.261104464530945
-3.4e+38 -3.4e+38 -3.4e+38 -3.4e+38 -3.4e+38 -3.4e+38 -3.4e+38 -3.4e+38 -3.4e+38 -3.4e+38 -3.4e+38 -3.4e+38 -3.4e+38 -3.4e+38 -3.4e+38 -3.4e+38 -3.4e+38 -3.4e+38 -3.4e+38 -3.4e+38 -3.4e+38 -3.4e+38 -3.4e+38 -3.4e+38 0.351630002260208 0.364874988794327 0.374191790819168 0.389924287796021 0.391340225934982 0.394262462854385 0.378642737865448 0.352411866188049 0.335599690675735 0.316126048564911 0.301141917705536 0.289314270019531 0.276377528905869 0.262521296739578 0.269743919372559 0.290412336587906 0.294615417718887 0.277115643024445 0.259495496749878 0.271128952503204 0.255910009145737
-3.4e+38 -3.4e+38 -3.4e+38 -3.4e+38 -3.4e+38 -3.4e+38 -3.4e+38 -3.4e+38 -3.4e+38 -3.4e+38 -3.4e+38 -3.4e+38 -3.4e+38 -3.4e+38 -3.4e+38 -3.4e+38 -3.4e+38 -3.4e+38 -3.4e+38 -3.4e+38 -3.4e+38 -3.4e+38 -3.4e+38 -3.4e+38 -3.4e+38 0.379555344581604 0.376522481441498 0.382839947938919 0.376327484846115 0.379229247570038 0.36970978975296 0.348163902759552 0.332631200551987 0.325985848903656 0.313263684511185 0.296893388032913 0.289463549852371 0.273443400859833 0.285129964351654 0.308489590883255 0.304321736097336 0.2860067486763 0.262812852859497 0.25811755657196 0.246763274073601
-3.4e+38 -3.4e+38 -3.4e+38 -3.4e+38 -3.4e+38 -3.4e+38 -3.4e+38 -3.4e+38 -3.4e+38 -3.4e+38 -3.4e+38 -3.4e+38 -3.4e+38 -3.4e+38 -3.4e+38 -3.4e+38 -3.4e+38 -3.4e+38 -3.4e+38 -3.4e+38 -3.4e+38 -3.4e+38 -3.4e+38 -3.4e+38 -3.4e+38 0.38105171918869 0.378470063209534 0.380511820316315 0.37612184882164 0.377052128314972 0.371489018201828 0.346681416034698 0.325215756893158 0.322362869977951 0.319389909505844 0.305746734142303 0.295581579208374 0.285677403211594 0.305972665548325 0.327246308326721 0.313056319952011 0.303435951471329 0.270822137594223 0.256951570510864 0.267172396183014
-3.4e+38 -3.4e+38 -3.4e+38 -3.4e+38 -3.4e+38 -3.4e+38 -3.4e+38 -3.4e+38 -3.4e+38 -3.4e+38 -3.4e+38 -3.4e+38 -3.4e+38 -3.4e+38 -3.4e+38 -3.4e+38 -3.4e+38 -3.4e+38 -3.4e+38 -3.4e+38 -3.4e+38 -3.4e+38 -3.4e+38 -3.4e+38 -3.4e+38 0.383410036563873 0.385879307985306 0.381732434034348 0.378394573926926 0.379510074853897 0.373159497976303 0.344317257404327 0.323657393455505 0.323036879301071 0.314390480518341 0.309674352407455 0.301292717456818 0.29938992857933 0.317911416292191 0.322102874517441 0.315415114164352 0.313920438289642 0.287628978490829 0.282065600156784 0.30415216088295
-3.4e+38 -3.4e+38 -3.4e+38 -3.4e+38 -3.4e+38 -3.4e+38 -3.4e+38 -3.4e+38 -3.4e+38 -3.4e+38 -3.4e+38 -3.4e+38 -3.4e+38 -3.4e+38 -3.4e+38 -3.4e+38 -3.4e+38 -3.4e+38 -3.4e+38 -3.4e+38 -3.4e+38 -3.4e+38 -3.4e+38 -3.4e+38 -3.4e+38 -3.4e+38 0.383070409297943 0.372341185808182 0.368827164173126 0.364293575286865 0.348520755767822 0.33287701010704 0.326387703418732 0.323931008577347 0.306878238916397 0.319848954677582 0.333792805671692 0.333291321992874 0.323049694299698 0.319348156452179 0.31226047873497 0.310662657022476 0.300614506006241 0.313909560441971 0.32775866985321
-3.4e+38 -3.4e+38 -3.4e+38 -3.4e+38 -3.4e+38 -3.4e+38 -3.4e+38 -3.4e+38 -3.4e+38 -3.4e+38 -3.4e+38 -3.4e+38 -3.4e+38 -3.4e+38 -3.4e+38 -3.4e+38 -3.4e+38 -3.4e+38 -3.4e+38 -3.4e+38 -3.4e+38 -3.4e+38 -3.4e+38 -3.4e+38 -3.4e+38 -3.4e+38 0.369269490242004 0.361264586448669 0.358542948961258 0.347649395465851 0.327286154031754 0.317528605461121 0.317395865917206 0.323510378599167 0.3271224796772 0.335298210382462 0.338473498821259 0.344492644071579 0.335943222045898 0.348834872245789 0.337096154689789 0.307132959365845 0.301584631204605 0.320201814174652 0.322668880224228
-3.4e+38 -3.4e+38 -3.4e+38 -3.4e+38 -3.4e+38 -3.4e+38 -3.4e+38 -3.4e+38 -3.4e+38 -3.4e+38 -3.4e+38 -3.4e+38 -3.4e+38 -3.4e+38 -3.4e+38 -3.4e+38 -3.4e+38 -3.4e+38 -3.4e+38 -3.4e+38 -3.4e+38 -3.4e+38 -3.4e+38 -3.4e+38 -3.4e+38 -3.4e+38 -3.4e+38 -3.4e+38 -3.4e+38 0.340494602918625 0.319474935531616 0.301293462514877 0.305725991725922 0.313826441764832 0.324408769607544 0.320706129074097 0.309210330247879 0.336526483297348 0.354639828205109 0.330559343099594 0.330666184425354 0.320187240839005 0.305888384580612 0.313996195793152 0.322233349084854
-3.4e+38 -3.4e+38 -3.4e+38 -3.4e+38 -3.4e+38 -3.4e+38 -3.4e+38 -3.4e+38 -3.4e+38 -3.4e+38 -3.4e+38 -3.4e+38 -3.4e+38 -3.4e+38 -3.4e+38 -3.4e+38 -3.4e+38 -3.4e+38 -3.4e+38 -3.4e+38 -3.4e+38 -3.4e+38 -3.4e+38 -3.4e+38 -3.4e+38 -3.4e+38 -3.4e+38 -3.4e+38 -3.4e+38 -3.4e+38 -3.4e+38 -3.4e+38 -3.4e+38 -3.4e+38 -3.4e+38 0.304589152336121 0.310772716999054 0.308124303817749 0.337490022182465 0.334273427724838 0.326908886432648 0.345206826925278 0.334641605615616 0.314975261688232 0.307382017374039
-3.4e+38 -3.4e+38 -3.4e+38 -3.4e+38 -3.4e+38 -3.4e+38 -3.4e+38 -3.4e+38 -3.4e+38 -3.4e+38 -3.4e+38 -3.4e+38 -3.4e+38 -3.4e+38 -3.4e+38 -3.4e+38 -3.4e+38 -3.4e+38 -3.4e+38 -3.4e+38 -3.4e+38 -3.4e+38 -3.4e+38 -3.4e+38 -3.4e+38 -3.4e+38 -3.4e+38 -3.4e+38 -3.4e+38 -3.4e+38 -3.4e+38 -3.4e+38 -3.4e+38 -3.4e+38 -3.4e+38 -3.4e+38 -3.4e+38 -3.4e+38 0.335037857294083 0.351780027151108 0.313519567251205 0.331009656190872 0.32072451710701 0.298564344644547 0.303478837013245
-3.4e+38 -3.4e+38 -3.4e+38 -3.4e+38 -3.4e+38 -3.4e+38 -3.4e+38 -3.4e+38 -3.4e+38 -3.4e+38 -3.4e+38 -3.4e+38 -3.4e+38 -3.4e+38 -3.4e+38 -3.4e+38 -3.4e+38 -3.4e+38 -3.4e+38 -3.4e+38 -3.4e+38 -3.4e+38 -3.4e+38 -3.4e+38 -3.4e+38 -3.4e+38 -3.4e+38 -3.4e+38 -3.4e+38 -3.4e+38 -3.4e+38 -3.4e+38 -3.4e+38 -3.4e+38 -3.4e+38 -3.4e+38 -3.4e+38 -3.4e+38 -3.4e+38 0.31015545129776 0.285764634609222 0.299837231636047 0.292577981948853 0.297779679298401 0.317645251750946
