data/trimmed_ndre/Aes_ndre.69.2009_no_clouds.asc
NCOLS 109 
NROWS 101 
XLLCORNER 466110 
YLLCORNER 5182005 
CELLSIZE 5 
NODATA_value -3.4e+38 
[rows 60 to 79 of 101, columns 45 to 89 of 109]
0.349186688661575 0.342438966035843 0.351533204317093 0.369883418083191 0.366046518087387 0.356015980243683 0.348024666309357 0.353658646345139 0.351651340723038 0.348972618579865 0.360032141208649 0.370812118053436 0.349968403577805 0.345840454101562 0.35236719250679 0.358956038951874 0.365026652812958 0.359308660030365 0.379547446966171 0.414903789758682 0.402862221002579 0.373495757579803 0.375920683145523 0.360394477844238 0.359110325574875 0.354950457811356 0.314827352762222 0.279481291770935 0.256305247545242 0.243328124284744 0.246520474553108 0.239779159426689 0.244781360030174 0.271276473999023 0.285671055316925 0.284725874662399 0.302421987056732 0.330030173063278 0.36386650800705 0.358380079269409 0.350178748369217 0.364809155464172 0.342726081609726 0.368072688579559 0.407577127218246
0.347962111234665 0.356970220804214 0.373171359300613 0.377025216817856 0.355007708072662 0.334115743637085 0.311776220798492 0.313427865505219 0.33365136384964 0.320591419935226 0.307301938533783 0.312448114156723 0.306776165962219 0.336090207099915 0.370289027690887 0.380621016025543 0.4178366959095 0.395030319690704 0.396682053804398 0.430616438388824 0.424559205770493 0.398084342479706 0.382153749465942 0.37105530500412 0.362474113702774 0.358533352613449 0.315848231315613 0.261306136846542 0.256554841995239 0.249154627323151 0.237409666180611 0.243306577205658 0.244414389133453 0.274908185005188 0.299583613872528 0.28821462392807 0.295098096132278 0.32760614156723 0.351776689291 0.341803908348083 0.323552042245865 0.324929177761078 0.32826828956604 0.351989775896072 0.3915855884552
0.348812133073807 0.348727226257324 0.366688579320908 0.362225413322449 0.332294493913651 0.327061861753464 0.306160032749176 0.299549549818039 0.30526340007782 0.2945955991745 0.271315634250641 0.27289816737175 0.292101621627808 0.30832913517952 0.345315307378769 0.381644427776337 0.408123135566711 0.403923600912094 0.428750723600388 0.463840961456299 0.4478420317173 0.408411234617233 0.382664442062378 0.373998016119003 0.347553879022598 0.33985424041748 0.309953212738037 0.257739901542664 0.251175582408905 0.244903057813644 0.251721113920212 0.277139633893967 0.271934270858765 0.275415450334549 0.288772761821747 0.287271708250046 0.306606262922287 0.337353110313416 0.36244809627533 0.370122402906418 0.352389603853226 0.329821437597275 0.326518416404724 0.338341444730759 0.375114947557449
0.354647159576416 0.339698493480682 0.344899564981461 0.332999497652054 0.319844931364059 0.323418408632278 0.301531970500946 0.297846883535385 0.303832620382309 0.293282121419907 0.266973167657852 0.284963846206665 0.320428252220154 0.352227449417114 0.344843000173569 0.345083564519882 0.357822924852371 0.38215184211731 0.416333436965942 0.437165528535843 0.429415762424469 0.417869538068771 0.396972507238388 0.378190964460373 0.348988771438599 0.318105012178421 0.297620207071304 0.273827731609344 0.255041211843491 0.253407508134842 0.26335883140564 0.271505385637283 0.279213577508926 0.284353375434875 0.279345273971558 0.289400696754456 0.326959282159805 0.341212570667267 0.349430114030838 0.367711424827576 0.383476257324219 0.362863212823868 0.339667499065399 0.353256940841675 0.379952609539032
0.36522701382637 0.335781842470169 0.321069091558456 0.318521112203598 0.314802497625351 0.313422977924347 0.295148134231567 0.292578667402267 0.297548919916153 0.280483692884445 0.243921041488647 0.274968236684799 0.322139173746109 0.344679027795792 0.32690018415451 0.331247806549072 0.364616096019745 0.37175977230072 0.383883565664291 0.387334078550339 0.386678874492645 0.401223331689835 0.398107528686523 0.357752978801727 0.321283906698227 0.304983764886856 0.2934809923172 0.279611259698868 0.27038186788559 0.269661754369736 0.272450685501099 0.27401003241539 0.282160133123398 0.293219178915024 0.281203001737595 0.292737811803818 0.332693666219711 0.343430191278458 0.344219297170639 0.366777211427689 0.392514824867249 0.37659677863121 0.367345154285431 0.382989943027496 0.394269496202469
0.371650725603104 0.343520313501358 0.314953356981277 0.312441855669022 0.297260195016861 0.29505380988121 0.284295469522476 0.270549029111862 0.27142196893692 0.262480705976486 0.246753215789795 0.261266082525253 0.293676823377609 0.307895302772522 0.321847766637802 0.326567739248276 0.358146250247955 0.364051878452301 0.342967063188553 0.351400792598724 0.348000228404999 0.344875991344452 0.363010197877884 0.359590500593185 0.315963834524155 0.288845211267471 0.276921629905701 0.266608059406281 0.274944543838501 0.297070175409317 0.282192438840866 0.276109158992767 0.280333608388901 0.29097917675972 0.283968329429626 0.29760816693306 0.334368675947189 0.350256025791168 0.354600638151169 0.369855463504791 0.378077179193497 0.363757878541946 0.36552819609642 0.387003391981125 0.3994160592556
0.378567665815353 0.365255355834961 0.325354665517807 0.301332622766495 0.293332129716873 0.296875 0.274047583341599 0.256287693977356 0.261233299970627 0.251846104860306 0.26271191239357 0.276652872562408 0.28262323141098 0.29588708281517 0.315291404724121 0.334486424922943 0.355759501457214 0.354063242673874 0.331421703100204 0.344141513109207 0.369864344596863 0.347632974386215 0.326166182756424 0.341154754161835 0.315479844808578 0.276632070541382 0.277104467153549 0.301590085029602 0.299219131469727 0.292668372392654 0.289642721414566 0.291947454214096 0.280464798212051 0.289589911699295 0.3009033203125 0.301329433917999 0.320513993501663 0.346777766942978 0.362379282712936 0.362487465143204 0.36822235584259 0.36191600561142 0.347286641597748 0.369222432374954 0.391381412744522
0.397607296705246 0.396869897842407 0.354946941137314 0.319896906614304 0.313312441110611 0.305147886276245 0.268132656812668 0.244065091013908 0.266416937112808 0.262896031141281 0.279564380645752 0.28997465968132 0.269051402807236 0.28836527466774 0.30483615398407 0.312411189079285 0.323704987764359 0.343074679374695 0.336878746747971 0.329933792352676 0.338979363441467 0.318058997392654 0.297429114580154 0.314348340034485 0.32315519452095 0.316212177276611 0.283357799053192 0.275883972644806 0.280333995819092 0.273810178041458 0.29868757724762 0.313124060630798 0.283412575721741 0.292390555143356 0.312212437391281 0.305059343576431 0.304807901382446 0.338784277439117 0.36843541264534 0.367086917161942 0.372089833021164 0.365186512470245 0.344155102968216 0.35882505774498 0.379307180643082
0.429115831851959 0.399041384458542 0.360962063074112 0.345561027526855 0.309607028961182 0.271454006433487 0.276980400085449 0.264914005994797 0.274818688631058 0.283832132816315 0.267424613237381 0.269844949245453 0.273738265037537 0.289597749710083 0.272070378065109 0.266768485307693 0.296340674161911 0.324323952198029 0.314070820808411 0.30217307806015 0.314676702022552 0.321492791175842 0.320058077573776 0.304677546024323 0.289835542440414 0.285101532936096 0.262499004602432 0.24903792142868 0.27631738781929 0.269092172384262 0.287319511175156 0.304778754711151 0.283216655254364 0.299005001783371 0.313685774803162 0.311739921569824 0.309415370225906 0.341628074645996 0.382608830928802 0.382956266403198 0.363598704338074 0.367804050445557 0.360550701618195 0.366726249456406 0.383685231208801
0.409516274929047 0.364751130342484 0.335805386304855 0.356155425310135 0.343783497810364 0.300146222114563 0.298390060663223 0.292168289422989 0.290634304285049 0.293051034212112 0.258588671684265 0.257349759340286 0.279782384634018 0.286231815814972 0.25450125336647 0.26216447353363 0.291537225246429 0.293865263462067 0.296792477369308 0.301815688610077 0.329794347286224 0.35183110833168 0.345381259918213 0.310201078653336 0.272807270288467 0.260507166385651 0.266449630260468 0.277573883533478 0.272973090410233 0.241004884243011 0.288207352161407 0.311751306056976 0.288773059844971 0.308203667402267 0.305205106735229 0.309309542179108 0.332336753606796 0.353356868028641 0.390228033065796 0.381533652544022 0.34141880273819 0.346929967403412 0.337960779666901 0.349537670612335 0.382822036743164
0.364706307649612 0.344951182603836 0.325863093137741 0.36192324757576 0.380103826522827 0.338571012020111 0.302294433116913 0.325555205345154 0.3283831179142 0.305656373500824 0.277843534946442 0.265754878520966 0.283456861972809 0.294008433818817 0.262790739536285 0.259696781635284 0.2733074426651 0.282218188047409 0.30163636803627 0.302947103977203 0.322363168001175 0.344204992055893 0.341394454240799 0.313706785440445 0.280706197023392 0.270693629980087 0.270279973745346 0.290547102689743 0.283738613128662 0.263176441192627 0.325070112943649 0.328745812177658 0.299099653959274 0.322758197784424 0.328014642000198 0.34299823641777 0.364295482635498 0.369341462850571 0.380103141069412 0.37395566701889 0.35014808177948 0.342769920825958 0.319885104894638 0.336080431938171 0.376651078462601
0.336994051933289 0.333977341651917 0.342876374721527 0.370236128568649 0.383836656808853 0.354627341032028 0.317760169506073 0.332578241825104 0.340619832277298 0.325398653745651 0.299929916858673 0.281763046979904 0.292749851942062 0.29497218132019 0.285766303539276 0.292932212352753 0.284160852432251 0.282316863536835 0.288648635149002 0.285867720842361 0.303509891033173 0.321441173553467 0.31708437204361 0.299253731966019 0.287544220685959 0.264550119638443 0.244665801525116 0.289256244897842 0.278212994337082 0.281395643949509 0.350352555513382 0.337076604366302 0.323040634393692 0.349796503782272 0.362698405981064 0.375631272792816 0.380400419235229 0.372659862041473 0.360322624444962 0.321289539337158 0.315791964530945 0.333108425140381 0.324556231498718 0.340636819601059 0.364688605070114
0.340239405632019 0.346098035573959 0.349295556545258 0.362746059894562 0.38096222281456 0.385133475065231 0.362136274576187 0.341636210680008 0.337334781885147 0.340059369802475 0.304115653038025 0.282314836978912 0.306651562452316 0.310491114854813 0.309522032737732 0.314397782087326 0.296101778745651 0.269658476114273 0.268149793148041 0.274064570665359 0.283601641654968 0.297491043806076 0.293379873037338 0.280433386564255 0.28431710600853 0.260767042636871 0.238636523485184 0.273571372032166 0.249724566936493 0.274444669485092 0.356409996747971 0.347955167293549 0.34016278386116 0.354110091924667 0.368883579969406 0.381937980651855 0.369691640138626 0.353093981742859 0.337096214294434 0.311027675867081 0.30631098151207 0.3300861120224 0.330622911453247 0.343650043010712 0.355538666248322
0.336755603551865 0.331274747848511 0.320838779211044 0.336380541324615 0.382194727659225 0.418065756559372 0.395153969526291 0.353794425725937 0.34179276227951 0.357685148715973 0.338159292936325 0.308716207742691 0.308543354272842 0.301898002624512 0.294491201639175 0.293023496866226 0.294328540563583 0.273447513580322 0.260854750871658 0.267274409532547 0.275513023138046 0.285556882619858 0.292647272348404 0.285593628883362 0.283017724752426 0.263291418552399 0.247208088636398 0.256694108247757 0.268195688724518 0.278932690620422 0.314881682395935 0.328260451555252 0.322441756725311 0.329739540815353 0.351917326450348 0.364390432834625 0.329668372869492 0.320935547351837 0.33934885263443 0.345918089151382 0.32841357588768 0.328075051307678 0.335433751344681 0.34314814209938 0.356650114059448
0.302639275789261 0.299068838357925 0.31489023566246 0.339607775211334 0.377179205417633 0.400904506444931 0.389151573181152 0.370211720466614 0.367457687854767 0.366934359073639 0.349783569574356 0.332232773303986 0.309732139110565 0.293130397796631 0.297310590744019 0.305633336305618 0.310968667268753 0.3011234998703 0.281245201826096 0.273330867290497 0.271232753992081 0.262531340122223 0.283152759075165 0.292018681764603 0.281494051218033 0.269718766212463 0.253820270299911 0.265811443328857 0.285553216934204 0.269690543413162 0.272242426872253 0.293976217508316 0.298806667327881 0.302936434745789 0.325405269861221 0.333422034978867 0.312518447637558 0.323365390300751 0.346835374832153 0.348139315843582 0.329265832901001 0.323877066373825 0.323817759752274 0.33926659822464 0.370819330215454
0.291235983371735 0.306854963302612 0.318663269281387 0.32575312256813 0.342863440513611 0.358631730079651 0.37116613984108 0.360705643892288 0.34822490811348 0.351292818784714 0.353117555379868 0.355983883142471 0.357027977705002 0.335643768310547 0.322221368551254 0.330998986959457 0.345379889011383 0.339842140674591 0.31309500336647 0.297686457633972 0.281921893358231 0.269801259040833 0.291738003492355 0.299102634191513 0.293742656707764 0.281675398349762 0.255553126335144 0.269255667924881 0.293345183134079 0.286093592643738 0.270973801612854 0.284587353467941 0.298765271902084 0.275012075901031 0.295394152402878 0.317646354436874 0.33137720823288 0.34739026427269 0.361187249422073 0.355441331863403 0.332276284694672 0.321730554103851 0.311001837253571 0.341058790683746 0.384272307157516
0.284800469875336 0.291790336370468 0.298858016729355 0.298241049051285 0.329192250967026 0.350616931915283 0.354080140590668 0.354745388031006 0.346341490745544 0.363914787769318 0.375305831432343 0.365031003952026 0.372276037931442 0.365468263626099 0.351849853992462 0.357303708791733 0.369965106248856 0.360573887825012 0.34261879324913 0.338116526603699 0.324245125055313 0.309799283742905 0.315155655145645 0.314453482627869 0.309839159250259 0.301058918237686 0.280651837587357 0.267866998910904 0.300912469625473 0.311183542013168 0.281738430261612 0.279349744319916 0.285787135362625 0.279578030109406 0.291999369859695 0.306284874677658 0.323807179927826 0.352364897727966 0.370096355676651 0.373229950666428 0.346192896366119 0.322627663612366 0.318919658660889 0.345116883516312 0.376449763774872
0.259313821792603 0.266974359750748 0.283944994211197 0.311214178800583 0.342464923858643 0.335727214813232 0.330609738826752 0.352386027574539 0.368615835905075 0.387445628643036 0.372020125389099 0.351496964693069 0.372631192207336 0.379669964313507 0.37010332942009 0.359438389539719 0.379689335823059 0.381706088781357 0.367353826761246 0.362906754016876 0.360199123620987 0.337053686380386 0.328527927398682 0.331663846969604 0.330267786979675 0.317712754011154 0.292476385831833 0.264482617378235 0.30743870139122 0.321541279554367 0.267255753278732 0.266179710626602 0.280125230550766 0.298545658588409 0.290791600942612 0.304292351007462 0.3104088306427 0.33524551987648 0.368659466505051 0.381416469812393 0.350336194038391 0.318816691637039 0.32013738155365 0.335920304059982 0.368705332279205
0.258748024702072 0.277434587478638 0.288657516241074 0.309640824794769 0.330959856510162 0.3211390376091 0.313311219215393 0.327642500400543 0.355335891246796 0.374890595674515 0.385573446750641 0.374987840652466 0.377645641565323 0.382239878177643 0.377768099308014 0.364944010972977 0.374348789453506 0.379232853651047 0.37632805109024 0.373761624097824 0.364707171916962 0.327463805675507 0.314546167850494 0.328686147928238 0.332691103219986 0.31286147236824 0.286146134138107 0.273500472307205 0.283486485481262 0.282228767871857 0.256024450063705 0.265129566192627 0.27288231253624 0.292605489492416 0.306286126375198 0.306408226490021 0.305885016918182 0.332377374172211 0.3635233938694 0.360452979803085 0.332056760787964 0.311256885528564 0.317040354013443 0.326793730258942 -3.4e+38
0.286990910768509 0.29888117313385 0.296472758054733 0.296441912651062 0.304713368415833 0.313018351793289 0.314025044441223 0.323953121900558 0.337298601865768 0.350627928972244 0.393645644187927 0.397775709629059 0.382766574621201 0.39158970117569 0.394881337881088 0.387280404567719 0.383623421192169 0.390008360147476 0.38706648349762 0.407965481281281 0.407815426588058 0.353781253099442 0.316294699907303 0.311652392148972 0.315465927124023 0.309337019920349 0.29767769575119 0.274127393960953 0.250327855348587 0.262638360261917 0.269798576831818 0.270386010408401 0.290993392467499 0.279969483613968 0.303805321455002 0.322854906320572 0.324355632066727 0.353016436100006 0.356548517942429 0.345140486955643 0.342061817646027 -3.4e+38 -3.4e+38 -3.4e+38 -3.4e+38
