data/trimmed_ndre/Aes_ndre.625.2012.asc
NCOLS 110 
NROWS 101 
XLLCORNER 466108.994684553 
YLLCORNER 5182003.52273903 
CELLSIZE 4.99993558117951 
NODATA_value -3.4e+38 
[rows 80 to 99 of 101, columns 0 to 44 of 110]
-3.4e+38 -3.4e+38 -3.4e+38 -3.4e+38 -3.4e+38 0.542792558670044 0.54604709148407 0.520350933074951 0.493212103843689 0.504240691661835 0.523535788059235 0.528721034526825 0.548397183418274 0.536297619342804 0.511586666107178 0.478884369134903 0.467785716056824 0.46382537484169 0.447414636611938 0.440733164548874 0.446552723646164 0.483454495668411 0.53098601102829 0.558230817317963 0.549761414527893 0.525610685348511 0.496695190668106 0.481160312891006 0.482841849327087 0.500941574573517 0.5056032538414 0.498647481203079 0.483189344406128 0.470143228769302 0.444169849157333 0.459584891796112 0.496035158634186 0.482261121273041 0.486781656742096 0.4928098320961 0.499425232410431 0.503060579299927 0.513496339321136 0.518728137016296 0.504450023174286
-3.4e+38 -3.4e+38 -3.4e+38 -3.4e+38 -3.4e+38 -3.4e+38 -3.4e+38 -3.4e+38 -3.4e+38 0.496438562870026 0.519491314888 0.524656414985657 0.534267246723175 0.520141005516052 0.491240620613098 0.50146484375 0.499502271413803 0.494855374097824 0.496247321367264 0.490180313587189 0.485167443752289 0.512758374214172 0.552814960479736 0.569752275943756 0.562248647212982 0.518669188022614 0.47112962603569 0.486983776092529 0.505276679992676 0.500415146350861 0.497185111045837 0.490504890680313 0.465240091085434 0.449456781148911 0.423833101987839 0.454241663217545 0.496045649051666 0.485613197088242 0.493200778961182 0.495568156242371 0.49303725361824 0.49042272567749 0.519253015518188 0.541124284267426 0.520180523395538
-3.4e+38 -3.4e+38 -3.4e+38 -3.4e+38 -3.4e+38 -3.4e+38 -3.4e+38 -3.4e+38 -3.4e+38 -3.4e+38 -3.4e+38 0.54737401008606 0.527141094207764 0.519890785217285 0.495849370956421 0.479337483644485 0.481476664543152 0.496709227561951 0.508456885814667 0.514091551303864 0.51867938041687 0.540551662445068 0.567565083503723 0.567888200283051 0.554228782653809 0.498696774244308 0.466375678777695 0.495060563087463 0.504391729831696 0.501582503318787 0.498378694057465 0.481725364923477 0.445387959480286 0.440132170915604 0.441298842430115 0.451537638902664 0.475988686084747 0.48147389292717 0.483918726444244 0.482896089553833 0.49529641866684 0.503446400165558 0.523145496845245 0.534234166145325 0.513342380523682
-3.4e+38 -3.4e+38 -3.4e+38 -3.4e+38 -3.4e+38 -3.4e+38 -3.4e+38 -3.4e+38 -3.4e+38 -3.4e+38 -3.4e+38 -3.4e+38 -3.4e+38 0.534586668014526 0.485251158475876 0.452411979436874 0.449204325675964 0.447128534317017 0.464238405227661 0.496634513139725 0.521117687225342 0.548214316368103 0.568841397762299 0.560929954051971 0.536335051059723 0.483690202236176 0.473549157381058 0.506748378276825 0.50842696428299 0.51165372133255 0.49889063835144 0.472805470228195 0.437617510557175 0.447260677814484 0.464052230119705 0.452814310789108 0.468165010213852 0.485675275325775 0.488694339990616 0.492779165506363 0.512398302555084 0.516935348510742 0.513697385787964 0.514722049236298 0.497336745262146
-3.4e+38 -3.4e+38 -3.4e+38 -3.4e+38 -3.4e+38 -3.4e+38 -3.4e+38 -3.4e+38 -3.4e+38 -3.4e+38 -3.4e+38 -3.4e+38 -3.4e+38 -3.4e+38 0.486608117818832 0.455189824104309 0.41662260890007 0.397690713405609 0.415935128927231 0.446617305278778 0.489643841981888 0.536248087882996 0.565488755702972 0.564803957939148 0.526487708091736 0.47203454375267 0.489127308130264 0.526589035987854 0.52909255027771 0.521413385868073 0.49652510881424 0.462978303432465 0.433736115694046 0.446315705776215 0.46158692240715 0.463523417711258 0.475350141525269 0.494836539030075 0.502028942108154 0.511360049247742 0.512677133083344 0.511351227760315 0.506254851818085 0.499211937189102 0.493643999099731
-3.4e+38 -3.4e+38 -3.4e+38 -3.4e+38 -3.4e+38 -3.4e+38 -3.4e+38 -3.4e+38 -3.4e+38 -3.4e+38 -3.4e+38 -3.4e+38 -3.4e+38 -3.4e+38 -3.4e+38 -3.4e+38 0.414526075124741 0.396182298660278 0.396312326192856 0.411865592002869 0.4696946144104 0.534653306007385 0.565354526042938 0.569741427898407 0.523489713668823 0.477384328842163 0.505433976650238 0.539320647716522 0.537102997303009 0.51203715801239 0.48579928278923 0.460455298423767 0.440389156341553 0.453634291887283 0.467115491628647 0.48062664270401 0.493012577295303 0.503656923770905 0.505243897438049 0.513148486614227 0.514267027378082 0.509039878845215 0.502374112606049 0.494395017623901 0.500110864639282
-3.4e+38 -3.4e+38 -3.4e+38 -3.4e+38 -3.4e+38 -3.4e+38 -3.4e+38 -3.4e+38 -3.4e+38 -3.4e+38 -3.4e+38 -3.4e+38 -3.4e+38 -3.4e+38 -3.4e+38 -3.4e+38 -3.4e+38 -3.4e+38 0.430225372314453 0.43784299492836 0.485426127910614 0.538663685321808 0.562632262706757 0.567888617515564 0.524725735187531 0.491558015346527 0.518381416797638 0.538900136947632 0.530735552310944 0.498082101345062 0.478958964347839 0.460055112838745 0.452585160732269 0.466786235570908 0.467681348323822 0.477588087320328 0.489037215709686 0.50166654586792 0.504720091819763 0.512070059776306 0.514872968196869 0.511378765106201 0.508527636528015 0.499313205480576 0.504109561443329
-3.4e+38 -3.4e+38 -3.4e+38 -3.4e+38 -3.4e+38 -3.4e+38 -3.4e+38 -3.4e+38 -3.4e+38 -3.4e+38 -3.4e+38 -3.4e+38 -3.4e+38 -3.4e+38 -3.4e+38 -3.4e+38 -3.4e+38 -3.4e+38 -3.4e+38 -3.4e+38 0.500067174434662 0.528288185596466 0.544681549072266 0.546413660049438 0.513244926929474 0.51151043176651 0.541781902313232 0.537298977375031 0.508996486663818 0.488923698663712 0.479760676622391 0.45208877325058 0.445041090250015 0.460121333599091 0.465344190597534 0.469404757022858 0.47321543097496 0.492941588163376 0.501829147338867 0.50586986541748 0.510981380939484 0.516977906227112 0.518058657646179 0.508613288402557 0.52332478761673
-3.4e+38 -3.4e+38 -3.4e+38 -3.4e+38 -3.4e+38 -3.4e+38 -3.4e+38 -3.4e+38 -3.4e+38 -3.4e+38 -3.4e+38 -3.4e+38 -3.4e+38 -3.4e+38 -3.4e+38 -3.4e+38 -3.4e+38 -3.4e+38 -3.4e+38 -3.4e+38 -3.4e+38 0.528925359249115 0.532411813735962 0.524275839328766 0.501814663410187 0.524707555770874 0.542720913887024 0.513101875782013 0.481151849031448 0.48395848274231 0.485632479190826 0.458446949720383 0.449862390756607 0.461356103420258 0.470769464969635 0.47083643078804 0.468235075473785 0.48589763045311 0.492792427539825 0.492633283138275 0.499440252780914 0.512390851974487 0.519859492778778 0.521699666976929 0.543488621711731
-3.4e+38 -3.4e+38 -3.4e+38 -3.4e+38 -3.4e+38 -3.4e+38 -3.4e+38 -3.4e+38 -3.4e+38 -3.4e+38 -3.4e+38 -3.4e+38 -3.4e+38 -3.4e+38 -3.4e+38 -3.4e+38 -3.4e+38 -3.4e+38 -3.4e+38 -3.4e+38 -3.4e+38 -3.4e+38 -3.4e+38 0.52673614025116 0.50667816400528 0.516321063041687 0.501367390155792 0.47383576631546 0.4654740691185 0.478343307971954 0.486361920833588 0.473184883594513 0.472781360149384 0.475093334913254 0.472710371017456 0.476203233003616 0.476491361856461 0.484479576349258 0.484791189432144 0.477921217679977 0.484001398086548 0.502634525299072 0.506580770015717 0.513499557971954 0.538118660449982
-3.4e+38 -3.4e+38 -3.4e+38 -3.4e+38 -3.4e+38 -3.4e+38 -3.4e+38 -3.4e+38 -3.4e+38 -3.4e+38 -3.4e+38 -3.4e+38 -3.4e+38 -3.4e+38 -3.4e+38 -3.4e+38 -3.4e+38 -3.4e+38 -3.4e+38 -3.4e+38 -3.4e+38 -3.4e+38 -3.4e+38 -3.4e+38 0.483664274215698 0.490778535604477 0.44982373714447 0.439321547746658 0.465646058320999 0.478991955518723 0.475530296564102 0.484204679727554 0.496284455060959 0.482373118400574 0.472808390855789 0.486351430416107 0.489584118127823 0.48211595416069 0.482440054416656 0.475459486246109 0.489850163459778 0.509392619132996 0.505704045295715 0.505751430988312 0.524138689041138
-3.4e+38 -3.4e+38 -3.4e+38 -3.4e+38 -3.4e+38 -3.4e+38 -3.4e+38 -3.4e+38 -3.4e+38 -3.4e+38 -3.4e+38 -3.4e+38 -3.4e+38 -3.4e+38 -3.4e+38 -3.4e+38 -3.4e+38 -3.4e+38 -3.4e+38 -3.4e+38 -3.4e+38 -3.4e+38 -3.4e+38 -3.4e+38 -3.4e+38 0.491683930158615 0.466004848480225 0.457883298397064 0.460407108068466 0.454330652952194 0.455853074789047 0.48994854092598 0.506910741329193 0.487457424402237 0.478333503007889 0.49246010184288 0.487517535686493 0.476124078035355 0.483778238296509 0.486910462379456 0.509458422660828 0.529715418815613 0.523812532424927 0.513658344745636 0.511736929416656
-3.4e+38 -3.4e+38 -3.4e+38 -3.4e+38 -3.4e+38 -3.4e+38 -3.4e+38 -3.4e+38 -3.4e+38 -3.4e+38 -3.4e+38 -3.4e+38 -3.4e+38 -3.4e+38 -3.4e+38 -3.4e+38 -3.4e+38 -3.4e+38 -3.4e+38 -3.4e+38 -3.4e+38 -3.4e+38 -3.4e+38 -3.4e+38 -3.4e+38 0.499472141265869 0.482949048280716 0.46813091635704 0.430869430303574 0.416612565517426 0.454099535942078 0.494979918003082 0.505205273628235 0.490572363138199 0.486790001392365 0.488077521324158 0.47731277346611 0.474237650632858 0.494762182235718 0.504792511463165 0.524414122104645 0.542008697986603 0.535045564174652 0.519760608673096 0.507650196552277
-3.4e+38 -3.4e+38 -3.4e+38 -3.4e+38 -3.4e+38 -3.4e+38 -3.4e+38 -3.4e+38 -3.4e+38 -3.4e+38 -3.4e+38 -3.4e+38 -3.4e+38 -3.4e+38 -3.4e+38 -3.4e+38 -3.4e+38 -3.4e+38 -3.4e+38 -3.4e+38 -3.4e+38 -3.4e+38 -3.4e+38 -3.4e+38 -3.4e+38 -3.4e+38 0.47082731127739 0.451074063777924 0.427811980247498 0.42629662156105 0.470460057258606 0.490699857473373 0.495055258274078 0.494313687086105 0.496938347816467 0.490547567605972 0.467698663473129 0.468021303415298 0.505348920822144 0.515656173229218 0.526324868202209 0.550243854522705 0.538188993930817 0.519763231277466 0.517714262008667
-3.4e+38 -3.4e+38 -3.4e+38 -3.4e+38 -3.4e+38 -3.4e+38 -3.4e+38 -3.4e+38 -3.4e+38 -3.4e+38 -3.4e+38 -3.4e+38 -3.4e+38 -3.4e+38 -3.4e+38 -3.4e+38 -3.4e+38 -3.4e+38 -3.4e+38 -3.4e+38 -3.4e+38 -3.4e+38 -3.4e+38 -3.4e+38 -3.4e+38 -3.4e+38 0.453274011611938 0.449880927801132 0.44426155090332 0.463253200054169 0.494660556316376 0.498329371213913 0.494329333305359 0.500316619873047 0.51749974489212 0.515500724315643 0.488341569900513 0.471937984228134 0.520343363285065 0.54047304391861 0.532430648803711 0.535928547382355 0.529983818531036 0.524622142314911 0.529068112373352
-3.4e+38 -3.4e+38 -3.4e+38 -3.4e+38 -3.4e+38 -3.4e+38 -3.4e+38 -3.4e+38 -3.4e+38 -3.4e+38 -3.4e+38 -3.4e+38 -3.4e+38 -3.4e+38 -3.4e+38 -3.4e+38 -3.4e+38 -3.4e+38 -3.4e+38 -3.4e+38 -3.4e+38 -3.4e+38 -3.4e+38 -3.4e+38 -3.4e+38 -3.4e+38 -3.4e+38 0.420740485191345 0.445920616388321 0.492071539163589 0.518174052238464 0.515026271343231 0.511854112148285 0.51264101266861 0.519558310508728 0.534674406051636 0.521566331386566 0.487486600875854 0.530355513095856 0.565226912498474 0.551058292388916 0.528243184089661 0.533683478832245 0.553141951560974 0.548929154872894
-3.4e+38 -3.4e+38 -3.4e+38 -3.4e+38 -3.4e+38 -3.4e+38 -3.4e+38 -3.4e+38 -3.4e+38 -3.4e+38 -3.4e+38 -3.4e+38 -3.4e+38 -3.4e+38 -3.4e+38 -3.4e+38 -3.4e+38 -3.4e+38 -3.4e+38 -3.4e+38 -3.4e+38 -3.4e+38 -3.4e+38 -3.4e+38 -3.4e+38 -3.4e+38 -3.4e+38 -3.4e+38 -3.4e+38 -3.4e+38 -3.4e+38 0.521655261516571 0.520972073078156 0.516192317008972 0.507814586162567 0.518181979656219 0.508245229721069 0.488017827272415 0.525753378868103 0.567258059978485 0.570221364498138 0.542840540409088 0.537927329540253 0.54897141456604 0.549263477325439
-3.4e+38 -3.4e+38 -3.4e+38 -3.4e+38 -3.4e+38 -3.4e+38 -3.4e+38 -3.4e+38 -3.4e+38 -3.4e+38 -3.4e+38 -3.4e+38 -3.4e+38 -3.4e+38 -3.4e+38 -3.4e+38 -3.4e+38 -3.4e+38 -3.4e+38 -3.4e+38 -3.4e+38 -3.4e+38 -3.4e+38 -3.4e+38 -3.4e+38 -3.4e+38 -3.4e+38 -3.4e+38 -3.4e+38 -3.4e+38 -3.4e+38 -3.4e+38 -3.4e+38 -3.4e+38 -3.4e+38 -3.4e+38 0.520148873329163 0.519299983978271 0.523445129394531 0.546057462692261 0.554448008537292 0.539166867733002 0.535884916782379 0.540875554084778 0.546845316886902
-3.4e+38 -3.4e+38 -3.4e+38 -3.4e+38 -3.4e+38 -3.4e+38 -3.4e+38 -3.4e+38 -3.4e+38 -3.4e+38 -3.4e+38 -3.4e+38 -3.4e+38 -3.4e+38 -3.4e+38 -3.4e+38 -3.4e+38 -3.4e+38 -3.4e+38 -3.4e+38 -3.4e+38 -3.4e+38 -3.4e+38 -3.4e+38 -3.4e+38 -3.4e+38 -3.4e+38 -3.4e+38 -3.4e+38 -3.4e+38 -3.4e+38 -3.4e+38 -3.4e+38 -3.4e+38 -3.4e+38 -3.4e+38 -3.4e+38 -3.4e+38 0.532109141349792 0.539477467536926 0.546413242816925 0.54279351234436 0.537029623985291 0.539477705955505 0.549205124378204
-3.4e+38 -3.4e+38 -3.4e+38 -3.4e+38 -3.4e+38 -3.4e+38 -3.4e+38 -3.4e+38 -3.4e+38 -3.4e+38 -3.4e+38 -3.4e+38 -3.4e+38 -3.4e+38 -3.4e+38 -3.4e+38 -3.4e+38 -3.4e+38 -3.4e+38 -3.4e+38 -3.4e+38 -3.4e+38 -3.4e+38 -3.4e+38 -3.4e+38 -3.4e+38 -3.4e+38 -3.4e+38 -3.4e+38 -3.4e+38 -3.4e+38 -3.4e+38 -3.4e+38 -3.4e+38 -3.4e+38 -3.4e+38 -3.4e+38 -3.4e+38 -3.4e+38 -3.4e+38 0.544403731822968 0.539257287979126 0.531327307224274 0.531772613525391 0.538975775241852
