data/trimmed_ndre/Aes_ndre.79.2011_no_clouds.asc
NCOLS 109 
NROWS 101 
XLLCORNER 466110 
YLLCORNER 5182005 
CELLSIZE 5 
NODATA_value -3.4e+38 
[rows 20 to 39 of 101, columns 45 to 89 of 109]
-3.4e+38 -3.4e+38 -3.4e+38 -3.4e+38 -3.4e+38 -3.4e+38 -3.4e+38 -3.4e+38 0.379138886928558 0.40903502702713 0.429541170597076 0.402394145727158 0.331907838582993 0.258926153182983 0.216297954320908 0.166538223624229 0.151550263166428 0.167359590530396 0.162828102707863 0.15228682756424 0.156265661120415 0.167632892727852 0.164047554135323 0.165898934006691 0.174625441431999 0.181289553642273 0.17058376967907 0.167225673794746 0.165566667914391 0.164314344525337 0.164087057113647 0.165222153067589 0.174920454621315 0.175210252404213 0.168807983398438 0.16098128259182 0.156402915716171 0.153487458825111 0.151709750294685 0.164591863751411 0.181706443428993 0.186140671372414 -3.4e+38 -3.4e+38 -3.4e+38
-3.4e+38 -3.4e+38 -3.4e+38 -3.4e+38 -3.4e+38 -3.4e+38 -3.4e+38 0.401732325553894 0.433650821447372 0.419161856174469 0.378446996212006 0.316944152116776 0.237948164343834 0.183611139655113 0.169024065136909 0.16528794169426 0.164658054709435 0.162600889801979 0.147852227091789 0.155884146690369 0.173726156353951 0.175579145550728 0.161235094070435 0.156764417886734 0.159654453396797 0.168699532747269 0.169980973005295 0.167335003614426 0.168856978416443 0.175347596406937 0.173669680953026 0.166053414344788 0.168988198041916 0.168405875563622 0.157857775688171 0.149114996194839 0.155546143651009 0.163617238402367 0.165833696722984 0.169714137911797 0.167861714959145 0.194939821958542 0.252678692340851 -3.4e+38 -3.4e+38
-3.4e+38 -3.4e+38 -3.4e+38 -3.4e+38 -3.4e+38 0.372244358062744 0.420931398868561 0.437745481729507 0.409236222505569 0.341760456562042 0.26477175951004 0.206277042627335 0.166764497756958 0.159699216485023 0.166247189044952 0.162906214594841 0.144435405731201 0.156069725751877 0.165452122688293 0.16928406059742 0.174168348312378 0.173058614134789 0.171553567051888 0.162927985191345 0.168590635061264 0.175254598259926 0.193894743919373 0.213969260454178 0.225069969892502 0.221407562494278 0.206060275435448 0.187354251742363 0.180353447794914 0.173759594559669 0.165820926427841 0.15958346426487 0.168712690472603 0.171881809830666 0.167516335844994 0.16541376709938 0.162287086248398 0.19487164914608 0.250726193189621 -3.4e+38 -3.4e+38
-3.4e+38 -3.4e+38 0.379413098096848 0.387457460165024 0.398210644721985 0.411236017942429 0.413690328598022 0.379497498273849 0.315046221017838 0.248279765248299 0.18003548681736 0.15054327249527 0.157270535826683 0.15913499891758 0.168127223849297 0.172244235873222 0.161009967327118 0.172460407018661 0.184117898344994 0.180599227547646 0.175028935074806 0.163477644324303 0.185385912656784 0.201406806707382 0.209593400359154 0.245242387056351 0.287892043590546 0.321917712688446 0.335953146219254 0.324998259544373 0.323564678430557 0.298633694648743 0.262078046798706 0.240493699908257 0.206505194306374 0.181212455034256 0.177723944187164 0.162142604589462 0.151635944843292 0.166254296898842 0.179915457963943 0.215381771326065 0.2862948179245 0.356561690568924 -3.4e+38
0.381320238113403 0.371343195438385 0.386890649795532 0.415229082107544 0.41339322924614 0.379926055669785 0.33760142326355 0.266927897930145 0.19560295343399 0.181569814682007 0.167242407798767 0.161001637578011 0.171485334634781 0.169124618172646 0.170919314026833 0.179537385702133 0.178209155797958 0.174837186932564 0.187387257814407 0.192231863737106 0.17726194858551 0.16267566382885 0.196153029799461 0.261733680963516 0.324974238872528 0.371982276439667 0.402421921491623 0.447365075349808 0.470573931932449 0.472026526927948 0.476410120725632 0.441021382808685 0.381302535533905 0.343212455511093 0.288214176893234 0.243533834815025 0.20879602432251 0.165223777294159 0.156472906470299 0.182409405708313 0.209144577383995 0.240462735295296 0.328576385974884 0.410522043704987 -3.4e+38
0.366133332252502 0.387647211551666 0.412386357784271 0.39567443728447 0.344496071338654 0.288067787885666 0.229472085833549 0.174108251929283 0.154138207435608 0.169073015451431 0.175152808427811 0.164334028959274 0.172098085284233 0.174589216709137 0.165374934673309 0.171915501356125 0.169868901371956 0.163224816322327 0.173425421118736 0.177049592137337 0.191177487373352 0.234696507453918 0.297282546758652 0.376001119613647 0.440638363361359 0.47596275806427 0.500525534152985 0.515145301818848 0.531667530536652 0.548327445983887 0.549086034297943 0.527582943439484 0.504442751407623 0.479344695806503 0.426801413297653 0.360059142112732 0.28023824095726 0.218851953744888 0.20325793325901 0.21172034740448 0.25763350725174 0.316644877195358 0.374304562807083 0.429625898599625 0.438337355852127
0.377458602190018 0.39476078748703 0.384437412023544 0.326143860816956 0.25723072886467 0.197519272565842 0.164753615856171 0.164991393685341 0.173982337117195 0.167402178049088 0.165430694818497 0.156896665692329 0.16718915104866 0.169000864028931 0.160285815596581 0.167902514338493 0.169813752174377 0.166534796357155 0.180321782827377 0.205231577157974 0.258165329694748 0.351551204919815 0.43418276309967 0.476292610168457 0.509968459606171 0.535801827907562 0.542927265167236 0.531311631202698 0.52868264913559 0.534524977207184 0.54817408323288 0.561284601688385 0.563575685024261 0.549324035644531 0.509074628353119 0.448017001152039 0.363209635019302 0.298865526914597 0.287413656711578 0.305133938789368 0.364022344350815 0.41527071595192 0.413676798343658 0.444083720445633 0.446975260972977
0.377973884344101 0.353638857603073 0.297591745853424 0.238309860229492 0.193928599357605 0.175150215625763 0.17191618680954 0.172398790717125 0.180477783083916 0.175376981496811 0.164873391389847 0.163458973169327 0.164855405688286 0.16199067234993 0.169547408819199 0.178984776139259 0.172248959541321 0.177264139056206 0.223147720098495 0.294388443231583 0.353450030088425 0.43391016125679 0.496337592601776 0.525836110115051 0.535935282707214 0.547475397586823 0.552718877792358 0.542495489120483 0.53124588727951 0.511372268199921 0.529248774051666 0.567890703678131 0.566032707691193 0.554381370544434 0.533469438552856 0.500197410583496 0.464841723442078 0.438546359539032 0.436930060386658 0.453949958086014 0.475066006183624 0.474759966135025 0.456255972385406 0.461849808692932 0.434464335441589
0.350332379341125 0.28502157330513 0.211639538407326 0.177599877119064 0.181758940219879 0.182453036308289 0.174709230661392 0.161634415388107 0.167496636509895 0.17459873855114 0.169932126998901 0.165160238742828 0.162804871797562 0.16406224668026 0.176009327173233 0.184013947844505 0.186929956078529 0.216829717159271 0.28857034444809 0.375567674636841 0.444433182477951 0.496304214000702 0.539097487926483 0.54726380109787 0.539200663566589 0.54237687587738 0.557112276554108 0.543380856513977 0.51313441991806 0.504162609577179 0.52640038728714 0.567638337612152 0.572409212589264 0.562644422054291 0.557639181613922 0.555239856243134 0.548180162906647 0.555477559566498 0.55571973323822 0.530412077903748 0.517946183681488 0.512947499752045 0.496465712785721 0.473843604326248 0.425909370183945
0.252937614917755 0.214836031198502 0.172567009925842 0.165703684091568 0.176501899957657 0.164537876844406 0.167529836297035 0.173487395048141 0.169221922755241 0.174388542771339 0.16984261572361 0.157138273119926 0.160799086093903 0.173370897769928 0.179852843284607 0.204192876815796 0.240738123655319 0.290789276361465 0.357604086399078 0.438269525766373 0.50142115354538 0.52623462677002 0.549586534500122 0.550769567489624 0.54239559173584 0.544193685054779 0.555075764656067 0.526512384414673 0.502952218055725 0.528740048408508 0.541307866573334 0.572909653186798 0.587640643119812 0.57444554567337 0.577702462673187 0.59099280834198 0.593153774738312 0.592014491558075 0.583455920219421 0.557153344154358 0.536336362361908 0.525660455226898 0.515280842781067 0.483497798442841 0.431631714105606
0.180072337388992 0.180728226900101 0.170549258589745 0.155636504292488 0.155671879649162 0.159017026424408 0.16841559112072 0.176857486367226 0.175586238503456 0.182526111602783 0.181941151618958 0.176914021372795 0.175436422228813 0.182626873254776 0.206793606281281 0.265497475862503 0.315509289503098 0.37538406252861 0.443128615617752 0.486625492572784 0.520268738269806 0.535938918590546 0.545268297195435 0.544256925582886 0.542856395244598 0.542398035526276 0.539905190467834 0.513301432132721 0.512313008308411 0.549000680446625 0.556642234325409 0.586630463600159 0.605374395847321 0.590134382247925 0.586457073688507 0.598523736000061 0.593411922454834 0.57211571931839 0.563950479030609 0.531538903713226 0.502220392227173 0.501034080982208 0.508820533752441 0.488513708114624 0.445657134056091
0.171663075685501 0.165913090109825 0.162282541394234 0.153532519936562 0.156713023781776 0.172795563936234 0.172998249530792 0.159904211759567 0.178283214569092 0.195159673690796 0.178427204489708 0.172609552741051 0.175910919904709 0.205425962805748 0.273201256990433 0.328492254018784 0.382131427526474 0.450481355190277 0.498562902212143 0.512772798538208 0.531256198883057 0.543948829174042 0.549874544143677 0.549089193344116 0.541997134685516 0.535489737987518 0.531481623649597 0.519914209842682 0.520025849342346 0.549580872058868 0.571806073188782 0.589250445365906 0.611331224441528 0.601431012153625 0.580842196941376 0.580460786819458 0.553492665290833 0.510057926177979 0.503140270709991 0.480233520269394 0.461397141218185 0.468883126974106 0.491721093654633 0.50074028968811 0.47467240691185
0.176207825541496 0.164009407162666 0.164274871349335 0.167280182242393 0.164457648992538 0.183005973696709 0.192760676145554 0.173957645893097 0.175639986991882 0.17334471642971 0.167828872799873 0.181842833757401 0.208193644881248 0.269100904464722 0.3450867831707 0.417227149009705 0.464931488037109 0.495185256004333 0.516332030296326 0.533360838890076 0.544300198554993 0.548774600028992 0.559832990169525 0.567717790603638 0.554609835147858 0.546797037124634 0.543488204479218 0.538866221904755 0.542479455471039 0.569477438926697 0.590747117996216 0.591408908367157 0.610283136367798 0.603020250797272 0.56418389081955 0.533019423484802 0.487342238426208 0.448404014110565 0.451154768466949 0.456263214349747 0.459761947393417 0.461402624845505 0.468916207551956 0.485151797533035 0.475160717964172
0.168197557330132 0.165506452322006 0.174963474273682 0.180035576224327 0.165768533945084 0.174593731760979 0.181715086102486 0.173126399517059 0.164884179830551 0.159866094589233 0.191138744354248 0.242234215140343 0.293383121490479 0.360875070095062 0.440044701099396 0.479969888925552 0.493825793266296 0.507816791534424 0.526082515716553 0.551377713680267 0.563966453075409 0.56992781162262 0.5748131275177 0.579586088657379 0.574983894824982 0.572798013687134 0.566696345806122 0.571312189102173 0.582224190235138 0.592832267284393 0.60601806640625 0.603115320205688 0.607143640518188 0.595163822174072 0.534533381462097 0.472287446260452 0.447100400924683 0.424799591302872 0.426302284002304 0.437573373317719 0.457880198955536 0.454913347959518 0.445314407348633 0.455079317092896 0.462803184986115
0.16106453537941 0.166793316602707 0.181518539786339 0.183211281895638 0.165435940027237 0.161250099539757 0.165886238217354 0.168829172849655 0.170962363481522 0.190107867121696 0.228704527020454 0.289609581232071 0.373271405696869 0.457823038101196 0.514189124107361 0.490454912185669 0.473133236169815 0.518356323242188 0.537615299224854 0.564343452453613 0.583194494247437 0.585742473602295 0.575519382953644 0.567250072956085 0.572923183441162 0.583702325820923 0.590877175331116 0.596480250358582 0.603527009487152 0.600478887557983 0.616105794906616 0.619967699050903 0.599366545677185 0.575503945350647 0.522653579711914 0.457067489624023 0.435344636440277 0.420742988586426 0.414584219455719 0.426294416189194 0.446665525436401 0.441976457834244 0.433048844337463 0.453671842813492 0.482127606868744
0.163429588079453 0.171191364526749 0.178979754447937 0.180935844779015 0.169674932956696 0.164066806435585 0.165121451020241 0.170039236545563 0.198434561491013 0.249952435493469 0.302187979221344 0.373136878013611 0.454928994178772 0.522026658058167 0.545263648033142 0.513749241828918 0.505079865455627 0.547115981578827 0.553370296955109 0.571932196617126 0.58069783449173 0.577266812324524 0.574028670787811 0.569416403770447 0.577406466007233 0.591518640518188 0.600381195545197 0.594052851200104 0.60291600227356 0.616210699081421 0.615226686000824 0.611514985561371 0.590053975582123 0.563292860984802 0.527472913265228 0.463247805833817 0.418729603290558 0.413927167654037 0.42455518245697 0.427294969558716 0.424476653337479 0.425427317619324 0.425769627094269 0.447988361120224 0.48574236035347
0.170269891619682 0.174888223409653 0.166633233428001 0.170552745461464 0.170628324151039 0.170348823070526 0.176399990916252 0.186584278941154 0.238095849752426 0.318158626556396 0.400942087173462 0.468985170125961 0.516584932804108 0.540629863739014 0.54674631357193 0.538636684417725 0.551130294799805 0.56880909204483 0.568008244037628 0.569085836410522 0.567727744579315 0.565883576869965 0.566240906715393 0.566225945949554 0.577904403209686 0.589085340499878 0.594823718070984 0.592136919498444 0.607818186283112 0.624739646911621 0.609129965305328 0.599287390708923 0.595121383666992 0.564946830272675 0.514446139335632 0.441300481557846 0.410891026258469 0.428525894880295 0.436127543449402 0.420539438724518 0.405700951814651 0.410653710365295 0.410721033811569 0.407800555229187 0.445712804794312
0.172641292214394 0.172678261995316 0.161118492484093 0.162549003958702 0.162128686904907 0.169450640678406 0.195240020751953 0.23897922039032 0.312943428754807 0.389977633953094 0.467949599027634 0.522874891757965 0.543000161647797 0.542578995227814 0.546192586421967 0.569385766983032 0.581289410591125 0.581770837306976 0.571322202682495 0.56611430644989 0.568095982074738 0.564792037010193 0.560228943824768 0.557477056980133 0.560921907424927 0.565199315547943 0.574150741100311 0.580324590206146 0.594642579555511 0.60636830329895 0.600748419761658 0.589033961296082 0.576131701469421 0.54622757434845 0.494217395782471 0.442238628864288 0.425331264734268 0.432022035121918 0.412818819284439 0.388162553310394 0.377120226621628 0.391312032938004 0.397356480360031 0.371410042047501 0.396328091621399
0.164045974612236 0.169437482953072 0.159836962819099 0.16002431511879 0.164689898490906 0.186210811138153 0.229070767760277 0.316980123519897 0.411253273487091 0.450912654399872 0.485866010189056 0.528948187828064 0.554671347141266 0.556554973125458 0.569155395030975 0.585851550102234 0.583187937736511 0.573666512966156 0.561108410358429 0.552668571472168 0.553930401802063 0.550645470619202 0.547870457172394 0.542941570281982 0.532623946666718 0.52614814043045 0.530959606170654 0.543959856033325 0.548496067523956 0.559863984584808 0.569775938987732 0.568785488605499 0.564342558383942 0.541529357433319 0.500794649124146 0.461653053760529 0.427900373935699 0.407646387815475 0.390593111515045 0.372411251068115 0.367228329181671 0.382046669721603 0.391540825366974 0.369043499231339 0.374305039644241
0.15691614151001 0.161661386489868 0.153020441532135 0.155528903007507 0.189988642930984 0.246285274624825 0.30298987030983 0.39453974366188 0.47495836019516 0.505423069000244 0.51113623380661 0.540555655956268 0.576396107673645 0.585193872451782 0.587667167186737 0.581966698169708 0.564182877540588 0.54943722486496 0.543325901031494 0.535114467144012 0.527383744716644 0.521662414073944 0.516537249088287 0.506185352802277 0.492117434740067 0.490211337804794 0.493775308132172 0.500027716159821 0.504191935062408 0.525000810623169 0.545992016792297 0.553962111473083 0.550192534923553 0.535472631454468 0.505345106124878 0.469841957092285 0.447390049695969 0.40971565246582 0.380882740020752 0.373829036951065 0.375080049037933 0.381312847137451 0.386697620153427 0.381220787763596 0.390987068414688
