data/trimmed_ndre/Aes_ndre.725.2014_no_clouds.asc
NCOLS 109 
NROWS 101 
XLLCORNER 466110 
YLLCORNER 5182005 
CELLSIZE 5 
NODATA_value -3.4e+38 
[rows 80 to 99 of 101, columns 0 to 44 of 109]
-3.4e+38 -3.4e+38 -3.4e+38 -3.4e+38 0.179429903626442 0.179319724440575 0.173659220337868 0.174464151263237 0.17591093480587 0.166231229901314 0.172067120671272 0.161315605044365 0.14603553712368 0.149528667330742 0.161121264100075 0.152804926037788 0.148937374353409 0.158374235033989 0.162575349211693 0.150335162878036 0.144548565149307 0.154960066080093 0.162682756781578 0.148495063185692 0.166803956031799 0.182326093316078 0.18253880739212 0.200497090816498 0.213957414031029 0.228213712573051 0.237779721617699 0.237396910786629 0.238037526607513 0.227265849709511 0.204352080821991 0.186727195978165 0.186007365584373 0.171943187713623 0.147317692637444 0.137561500072479 0.156612142920494 0.164740160107613 0.149926334619522 0.149809643626213 0.149396106600761
-3.4e+38 -3.4e+38 -3.4e+38 -3.4e+38 -3.4e+38 -3.4e+38 -3.4e+38 0.174807608127594 0.169078186154366 0.168269708752632 0.168792963027954 0.155789256095886 0.151292338967323 0.156684383749962 0.162035405635834 0.153898984193802 0.156207382678986 0.163779556751251 0.164682939648628 0.159619450569153 0.170644298195839 0.179223597049713 0.170742362737656 0.158828914165497 0.185517653822899 0.191489905118942 0.193805232644081 0.2073113322258 0.206260696053505 0.215768232941628 0.244779542088509 0.256363838911057 0.237967431545258 0.219280287623405 0.190498977899551 0.171074837446213 0.172451078891754 0.164553761482239 0.147754073143005 0.141184225678444 0.151006996631622 0.149970144033432 0.139548227190971 0.137915506958961 0.142253965139389
-3.4e+38 -3.4e+38 -3.4e+38 -3.4e+38 -3.4e+38 -3.4e+38 -3.4e+38 -3.4e+38 -3.4e+38 -3.4e+38 0.17158867418766 0.153407782316208 0.153631120920181 0.155341804027557 0.154037684202194 0.151270598173141 0.151942044496536 0.15006148815155 0.156536743044853 0.158011823892593 0.164135754108429 0.173662170767784 0.166384845972061 0.164004504680634 0.186170548200607 0.187080964446068 0.198733389377594 0.2112767547369 0.206623733043671 0.213558524847031 0.249638602137566 0.260782986879349 0.227064371109009 0.211809724569321 0.181567206978798 0.15771795809269 0.15386663377285 0.15450045466423 0.143755227327347 0.142847657203674 0.154055312275887 0.152391120791435 0.139046475291252 0.131469786167145 0.138456419110298
-3.4e+38 -3.4e+38 -3.4e+38 -3.4e+38 -3.4e+38 -3.4e+38 -3.4e+38 -3.4e+38 -3.4e+38 -3.4e+38 -3.4e+38 -3.4e+38 0.151902511715889 0.147735863924026 0.145455837249756 0.14184957742691 0.134305387735367 0.122183680534363 0.145098060369492 0.157452031970024 0.147198796272278 0.158134207129478 0.157965183258057 0.163165703415871 0.18364642560482 0.198129743337631 0.199725136160851 0.202880382537842 0.213470309972763 0.227626726031303 0.242168352007866 0.236325666308403 0.211190417408943 0.203190535306931 0.176885992288589 0.153612732887268 0.146893680095673 0.14715650677681 0.143073990941048 0.153969898819923 0.165705725550652 0.158386915922165 0.142842814326286 0.131082773208618 0.134458243846893
-3.4e+38 -3.4e+38 -3.4e+38 -3.4e+38 -3.4e+38 -3.4e+38 -3.4e+38 -3.4e+38 -3.4e+38 -3.4e+38 -3.4e+38 -3.4e+38 -3.4e+38 -3.4e+38 0.147822111845016 0.146323099732399 0.136609524488449 0.123816043138504 0.139338433742523 0.142337471246719 0.141250982880592 0.15612006187439 0.148266524076462 0.153345495462418 0.176880806684494 0.198454067111015 0.195815563201904 0.191564574837685 0.206448093056679 0.226734861731529 0.225286170840263 0.224118307232857 0.215339452028275 0.200242325663567 0.176538378000259 0.164730548858643 0.155299976468086 0.156185403466225 0.162093684077263 0.16491462290287 0.167269363999367 0.161442175507545 0.150759294629097 0.143676623702049 0.142923459410667
-3.4e+38 -3.4e+38 -3.4e+38 -3.4e+38 -3.4e+38 -3.4e+38 -3.4e+38 -3.4e+38 -3.4e+38 -3.4e+38 -3.4e+38 -3.4e+38 -3.4e+38 -3.4e+38 -3.4e+38 0.157012134790421 0.150540724396706 0.141627803444862 0.143321231007576 0.130079373717308 0.133568987250328 0.150725692510605 0.155975133180618 0.168032586574554 0.176044389605522 0.188161075115204 0.20038029551506 0.196359649300575 0.209508970379829 0.23138339817524 0.23521876335144 0.237307369709015 0.22107070684433 0.204229086637497 0.190162166953087 0.185166656970978 0.170151591300964 0.172492280602455 0.183254599571228 0.167296022176743 0.156679064035416 0.157483950257301 0.159433394670486 0.158472120761871 0.148299142718315
-3.4e+38 -3.4e+38 -3.4e+38 -3.4e+38 -3.4e+38 -3.4e+38 -3.4e+38 -3.4e+38 -3.4e+38 -3.4e+38 -3.4e+38 -3.4e+38 -3.4e+38 -3.4e+38 -3.4e+38 -3.4e+38 -3.4e+38 0.145839929580688 0.141376674175262 0.130745738744736 0.134297102689743 0.151362136006355 0.169389232993126 0.182814985513687 0.179137766361237 0.184195622801781 0.195120751857758 0.200463384389877 0.210767522454262 0.231166407465935 0.23890782892704 0.226051464676857 0.207518935203552 0.211692810058594 0.207963928580284 0.192418500781059 0.184511482715607 0.182845219969749 0.188230484724045 0.179235100746155 0.181459933519363 0.170958131551743 0.166122630238533 0.164496943354607 0.144876435399055
-3.4e+38 -3.4e+38 -3.4e+38 -3.4e+38 -3.4e+38 -3.4e+38 -3.4e+38 -3.4e+38 -3.4e+38 -3.4e+38 -3.4e+38 -3.4e+38 -3.4e+38 -3.4e+38 -3.4e+38 -3.4e+38 -3.4e+38 -3.4e+38 -3.4e+38 0.14475904405117 0.145594835281372 0.151530057191849 0.168796166777611 0.181793183088303 0.177103042602539 0.184829026460648 0.200637146830559 0.212182521820068 0.216515645384789 0.226317673921585 0.229883268475533 0.217351913452148 0.204916998744011 0.21656845510006 0.206936225295067 0.190162017941475 0.193626999855042 0.189145132899284 0.193573534488678 0.196998864412308 0.19769324362278 0.179008811712265 0.159069836139679 0.163348078727722 0.162538886070251
-3.4e+38 -3.4e+38 -3.4e+38 -3.4e+38 -3.4e+38 -3.4e+38 -3.4e+38 -3.4e+38 -3.4e+38 -3.4e+38 -3.4e+38 -3.4e+38 -3.4e+38 -3.4e+38 -3.4e+38 -3.4e+38 -3.4e+38 -3.4e+38 -3.4e+38 -3.4e+38 -3.4e+38 0.151889443397522 0.163542091846466 0.173783272504807 0.174980670213699 0.188462257385254 0.204033777117729 0.215844169259071 0.220556393265724 0.223437204957008 0.226113304495811 0.218348398804665 0.211743965744972 0.21628126502037 0.199279204010963 0.19071900844574 0.195884302258492 0.192470073699951 0.195412874221802 0.188780263066292 0.179589316248894 0.185482606291771 0.173200607299805 0.169973954558372 0.177250608801842
-3.4e+38 -3.4e+38 -3.4e+38 -3.4e+38 -3.4e+38 -3.4e+38 -3.4e+38 -3.4e+38 -3.4e+38 -3.4e+38 -3.4e+38 -3.4e+38 -3.4e+38 -3.4e+38 -3.4e+38 -3.4e+38 -3.4e+38 -3.4e+38 -3.4e+38 -3.4e+38 -3.4e+38 -3.4e+38 0.172644004225731 0.17720964550972 0.180972442030907 0.190074548125267 0.197543323040009 0.205438256263733 0.216478168964386 0.226579383015633 0.230980753898621 0.229499295353889 0.222266986966133 0.214520335197449 0.198125168681145 0.198082342743874 0.19999535381794 0.19497087597847 0.192406415939331 0.188081175088882 0.182622566819191 0.183276548981667 0.175953343510628 0.16097392141819 0.148253306746483
-3.4e+38 -3.4e+38 -3.4e+38 -3.4e+38 -3.4e+38 -3.4e+38 -3.4e+38 -3.4e+38 -3.4e+38 -3.4e+38 -3.4e+38 -3.4e+38 -3.4e+38 -3.4e+38 -3.4e+38 -3.4e+38 -3.4e+38 -3.4e+38 -3.4e+38 -3.4e+38 -3.4e+38 -3.4e+38 -3.4e+38 -3.4e+38 0.185285404324532 0.186024695634842 0.189500540494919 0.189313679933548 0.204102322459221 0.224609613418579 0.234487012028694 0.239089503884315 0.233285784721375 0.215038731694221 0.197208747267723 0.19677722454071 0.198094233870506 0.19509282708168 0.193461537361145 0.193757936358452 0.183615550398827 0.173630818724632 0.168196216225624 0.151395991444588 0.134911596775055
-3.4e+38 -3.4e+38 -3.4e+38 -3.4e+38 -3.4e+38 -3.4e+38 -3.4e+38 -3.4e+38 -3.4e+38 -3.4e+38 -3.4e+38 -3.4e+38 -3.4e+38 -3.4e+38 -3.4e+38 -3.4e+38 -3.4e+38 -3.4e+38 -3.4e+38 -3.4e+38 -3.4e+38 -3.4e+38 -3.4e+38 -3.4e+38 -3.4e+38 0.182189255952835 0.178613692522049 0.174171939492226 0.191352814435959 0.215580239892006 0.232566565275192 0.237793833017349 0.231356114149094 0.209952190518379 0.19096052646637 0.189132690429688 0.19228483736515 0.198390543460846 0.198867648839951 0.198004096746445 0.192242905497551 0.183092057704926 0.174524754285812 0.164190664887428 0.15676936507225
-3.4e+38 -3.4e+38 -3.4e+38 -3.4e+38 -3.4e+38 -3.4e+38 -3.4e+38 -3.4e+38 -3.4e+38 -3.4e+38 -3.4e+38 -3.4e+38 -3.4e+38 -3.4e+38 -3.4e+38 -3.4e+38 -3.4e+38 -3.4e+38 -3.4e+38 -3.4e+38 -3.4e+38 -3.4e+38 -3.4e+38 -3.4e+38 -3.4e+38 0.178921595215797 0.170762956142426 0.172754123806953 0.194817781448364 0.208419546484947 0.222168624401093 0.225770354270935 0.216070085763931 0.202120706439018 0.186458379030228 0.187227949500084 0.195120617747307 0.208028510212898 0.210506185889244 0.208493053913116 0.214693933725357 0.208688125014305 0.192644134163857 0.175984755158424 0.169361472129822
-3.4e+38 -3.4e+38 -3.4e+38 -3.4e+38 -3.4e+38 -3.4e+38 -3.4e+38 -3.4e+38 -3.4e+38 -3.4e+38 -3.4e+38 -3.4e+38 -3.4e+38 -3.4e+38 -3.4e+38 -3.4e+38 -3.4e+38 -3.4e+38 -3.4e+38 -3.4e+38 -3.4e+38 -3.4e+38 -3.4e+38 -3.4e+38 -3.4e+38 0.175218909978867 0.168740823864937 0.184762388467789 0.211146891117096 0.210889667272568 0.217534899711609 0.213782787322998 0.202989622950554 0.198933735489845 0.188283666968346 0.189870923757553 0.200863122940063 0.208935350179672 0.212376788258553 0.216025546193123 0.225095182657242 0.221252053976059 0.21486584842205 0.194805383682251 0.176566511392593
-3.4e+38 -3.4e+38 -3.4e+38 -3.4e+38 -3.4e+38 -3.4e+38 -3.4e+38 -3.4e+38 -3.4e+38 -3.4e+38 -3.4e+38 -3.4e+38 -3.4e+38 -3.4e+38 -3.4e+38 -3.4e+38 -3.4e+38 -3.4e+38 -3.4e+38 -3.4e+38 -3.4e+38 -3.4e+38 -3.4e+38 -3.4e+38 -3.4e+38 -3.4e+38 0.173433318734169 0.199008703231812 0.22997835278511 0.230106443166733 0.222142443060875 0.208598718047142 0.20000633597374 0.200019747018814 0.188308209180832 0.189861953258514 0.199520960450172 0.202586263418198 0.205105677247047 0.205359071493149 0.201904773712158 0.198723703622818 0.216565206646919 0.207404658198357 0.187231823801994
-3.4e+38 -3.4e+38 -3.4e+38 -3.4e+38 -3.4e+38 -3.4e+38 -3.4e+38 -3.4e+38 -3.4e+38 -3.4e+38 -3.4e+38 -3.4e+38 -3.4e+38 -3.4e+38 -3.4e+38 -3.4e+38 -3.4e+38 -3.4e+38 -3.4e+38 -3.4e+38 -3.4e+38 -3.4e+38 -3.4e+38 -3.4e+38 -3.4e+38 -3.4e+38 0.187744095921516 0.213969513773918 0.248751670122147 0.249710083007812 0.218879893422127 0.201328605413437 0.186259016394615 0.18081022799015 0.179826304316521 0.188330546021461 0.193268463015556 0.199570372700691 0.205000028014183 0.210806086659431 0.197368443012238 0.186903029680252 0.203388631343842 0.197344422340393 0.182117626070976
-3.4e+38 -3.4e+38 -3.4e+38 -3.4e+38 -3.4e+38 -3.4e+38 -3.4e+38 -3.4e+38 -3.4e+38 -3.4e+38 -3.4e+38 -3.4e+38 -3.4e+38 -3.4e+38 -3.4e+38 -3.4e+38 -3.4e+38 -3.4e+38 -3.4e+38 -3.4e+38 -3.4e+38 -3.4e+38 -3.4e+38 -3.4e+38 -3.4e+38 -3.4e+38 -3.4e+38 -3.4e+38 -3.4e+38 0.258564293384552 0.217990979552269 0.187628418207169 0.169755056500435 0.16838327050209 0.181438788771629 0.194655224680901 0.184437155723572 0.182734876871109 0.197419926524162 0.20980229973793 0.216314405202866 0.196307197213173 0.179251700639725 0.170465335249901 0.173182055354118
-3.4e+38 -3.4e+38 -3.4e+38 -3.4e+38 -3.4e+38 -3.4e+38 -3.4e+38 -3.4e+38 -3.4e+38 -3.4e+38 -3.4e+38 -3.4e+38 -3.4e+38 -3.4e+38 -3.4e+38 -3.4e+38 -3.4e+38 -3.4e+38 -3.4e+38 -3.4e+38 -3.4e+38 -3.4e+38 -3.4e+38 -3.4e+38 -3.4e+38 -3.4e+38 -3.4e+38 -3.4e+38 -3.4e+38 -3.4e+38 -3.4e+38 -3.4e+38 -3.4e+38 -3.4e+38 -3.4e+38 0.174111276865005 0.167376130819321 0.175346255302429 0.179032862186432 0.177443385124207 0.186317443847656 0.181350886821747 0.162041530013084 0.159141391515732 0.172041013836861
-3.4e+38 -3.4e+38 -3.4e+38 -3.4e+38 -3.4e+38 -3.4e+38 -3.4e+38 -3.4e+38 -3.4e+38 -3.4e+38 -3.4e+38 -3.4e+38 -3.4e+38 -3.4e+38 -3.4e+38 -3.4e+38 -3.4e+38 -3.4e+38 -3.4e+38 -3.4e+38 -3.4e+38 -3.4e+38 -3.4e+38 -3.4e+38 -3.4e+38 -3.4e+38 -3.4e+38 -3.4e+38 -3.4e+38 -3.4e+38 -3.4e+38 -3.4e+38 -3.4e+38 -3.4e+38 -3.4e+38 -3.4e+38 -3.4e+38 -3.4e+38 0.178259909152985 0.168935626745224 0.163399890065193 0.179553553462029 0.178417578339577 0.163802325725555 0.158936634659767
-3.4e+38 -3.4e+38 -3.4e+38 -3.4e+38 -3.4e+38 -3.4e+38 -3.4e+38 -3.4e+38 -3.4e+38 -3.4e+38 -3.4e+38 -3.4e+38 -3.4e+38 -3.4e+38 -3.4e+38 -3.4e+38 -3.4e+38 -3.4e+38 -3.4e+38 -3.4e+38 -3.4e+38 -3.4e+38 -3.4e+38 -3.4e+38 -3.4e+38 -3.4e+38 -3.4e+38 -3.4e+38 -3.4e+38 -3.4e+38 -3.4e+38 -3.4e+38 -3.4e+38 -3.4e+38 -3.4e+38 -3.4e+38 -3.4e+38 -3.4e+38 -3.4e+38 0.151723250746727 0.148227363824844 0.17196099460125 0.174755245447159 0.161414042115211 0.154461860656738
