data/trimmed_ndre/Aes_ndre.514.2014_no_clouds.asc
NCOLS 109 
NROWS 101 
XLLCORNER 466110 
YLLCORNER 5182005 
CELLSIZE 5 
NODATA_value -3.4e+38 
[rows 80 to 99 of 101, columns 0 to 44 of 109]
-3.4e+38 -3.4e+38 -3.4e+38 -3.4e+38 0.206632718443871 0.203239530324936 0.190518423914909 0.170661196112633 0.171660512685776 0.177758246660233 0.184562176465988 0.194576576352119 0.189017862081528 0.174241721630096 0.163741707801819 0.177466735243797 0.188950598239899 0.191840335726738 0.1848995834589 0.181399241089821 0.18339729309082 0.193475395441055 0.194900318980217 0.193094730377197 0.190880283713341 0.200768575072289 0.23050032556057 0.264766335487366 0.2591752409935 0.264285981655121 0.258035957813263 0.238451078534126 0.217769488692284 0.21853843331337 0.210163101553917 0.185291945934296 0.1734599173069 0.176151618361473 0.168184623122215 0.158968776464462 0.174616143107414 0.189388692378998 0.17906765639782 0.169723153114319 0.177801907062531
-3.4e+38 -3.4e+38 -3.4e+38 -3.4e+38 -3.4e+38 -3.4e+38 -3.4e+38 0.188826873898506 0.183043345808983 0.181173384189606 0.186785593628883 0.196766301989555 0.194826647639275 0.183052152395248 0.171245738863945 0.182127192616463 0.190313160419464 0.189598515629768 0.177277594804764 0.172424554824829 0.181236371397972 0.197567403316498 0.200741916894913 0.200474172830582 0.204587504267693 0.221300050616264 0.250997930765152 0.26614972949028 0.257151782512665 0.267812252044678 0.260523617267609 0.236604616045952 0.209782674908638 0.214700073003769 0.207082763314247 0.187910512089729 0.175639018416405 0.18792062997818 0.171412065625191 0.157745882868767 0.166784003376961 0.191829815506935 0.18120713531971 0.178808480501175 0.178869113326073
-3.4e+38 -3.4e+38 -3.4e+38 -3.4e+38 -3.4e+38 -3.4e+38 -3.4e+38 -3.4e+38 -3.4e+38 -3.4e+38 0.179917827248573 0.184456288814545 0.184069126844406 0.182527929544449 0.179574400186539 0.182214885950089 0.182862043380737 0.181489109992981 0.176903694868088 0.173612520098686 0.183670878410339 0.19615238904953 0.199814647436142 0.20006887614727 0.20672595500946 0.225696295499802 0.258400321006775 0.266405314207077 0.26063597202301 0.264675557613373 0.260909646749496 0.240156590938568 0.214249283075333 0.206610202789307 0.196424975991249 0.187430173158646 0.182801991701126 0.189122453331947 0.176418706774712 0.169952481985092 0.173696935176849 0.185297816991806 0.179451376199722 0.184076428413391 0.176062896847725
-3.4e+38 -3.4e+38 -3.4e+38 -3.4e+38 -3.4e+38 -3.4e+38 -3.4e+38 -3.4e+38 -3.4e+38 -3.4e+38 -3.4e+38 -3.4e+38 0.17777556180954 0.183743953704834 0.18484503030777 0.182878836989403 0.177661433815956 0.172903046011925 0.172412663698196 0.175948083400726 0.187668368220329 0.190881803631783 0.189811423420906 0.194500625133514 0.206172451376915 0.22641658782959 0.254373401403427 0.265207350254059 0.267209023237228 0.264802843332291 0.259680449962616 0.24939788877964 0.231302186846733 0.213933393359184 0.197679087519646 0.190811172127724 0.182571545243263 0.179163172841072 0.176564335823059 0.179553374648094 0.171315401792526 0.169593706727028 0.174475833773613 0.185152903199196 0.170752748847008
-3.4e+38 -3.4e+38 -3.4e+38 -3.4e+38 -3.4e+38 -3.4e+38 -3.4e+38 -3.4e+38 -3.4e+38 -3.4e+38 -3.4e+38 -3.4e+38 -3.4e+38 -3.4e+38 0.187042281031609 0.18331341445446 0.176573798060417 0.167484596371651 0.166101828217506 0.17263126373291 0.184591352939606 0.185552015900612 0.186323806643486 0.194412633776665 0.212812796235085 0.238572925329208 0.263175994157791 0.265428185462952 0.261987656354904 0.262228071689606 0.26040980219841 0.25965604186058 0.245135128498077 0.220860734581947 0.198068901896477 0.191771179437637 0.177591994404793 0.172107145190239 0.180416494607925 0.193177103996277 0.180173516273499 0.168008744716644 0.174778625369072 0.189097449183464 0.169917553663254
-3.4e+38 -3.4e+38 -3.4e+38 -3.4e+38 -3.4e+38 -3.4e+38 -3.4e+38 -3.4e+38 -3.4e+38 -3.4e+38 -3.4e+38 -3.4e+38 -3.4e+38 -3.4e+38 -3.4e+38 0.17564894258976 0.175702676177025 0.169666916131973 0.164002910256386 0.172208905220032 0.187233954668045 0.189475476741791 0.192105457186699 0.203004255890846 0.227270603179932 0.243970334529877 0.259658426046371 0.266682267189026 0.261582225561142 0.265748769044876 0.270454823970795 0.260389536619186 0.229855343699455 0.209354713559151 0.197983294725418 0.194550976157188 0.188870415091515 0.189596682786942 0.194742575287819 0.200035437941551 0.191609814763069 0.17635141313076 0.185803845524788 0.195650562644005 0.180065855383873
-3.4e+38 -3.4e+38 -3.4e+38 -3.4e+38 -3.4e+38 -3.4e+38 -3.4e+38 -3.4e+38 -3.4e+38 -3.4e+38 -3.4e+38 -3.4e+38 -3.4e+38 -3.4e+38 -3.4e+38 -3.4e+38 -3.4e+38 0.184999659657478 0.174064949154854 0.179197564721107 0.189043983817101 0.194832563400269 0.203075975179672 0.21033801138401 0.224624589085579 0.244854241609573 0.259744882583618 0.269903510808945 0.273690402507782 0.264775842428207 0.260265439748764 0.2492995262146 0.220747157931328 0.202625125646591 0.207643195986748 0.213503554463387 0.20383694767952 0.197077766060829 0.199207365512848 0.197605833411217 0.188279837369919 0.174869775772095 0.185142904520035 0.192664355039597 0.184165447950363
-3.4e+38 -3.4e+38 -3.4e+38 -3.4e+38 -3.4e+38 -3.4e+38 -3.4e+38 -3.4e+38 -3.4e+38 -3.4e+38 -3.4e+38 -3.4e+38 -3.4e+38 -3.4e+38 -3.4e+38 -3.4e+38 -3.4e+38 -3.4e+38 -3.4e+38 0.183258086442947 0.183971047401428 0.188343673944473 0.203488945960999 0.21025462448597 0.224229544401169 0.246819570660591 0.259070605039597 0.255903899669647 0.249728336930275 0.248851463198662 0.251021474599838 0.244442775845528 0.230731159448624 0.214390620589256 0.216374546289444 0.217467650771141 0.209042713046074 0.197326526045799 0.199730813503265 0.196037113666534 0.191947117447853 0.185309901833534 0.182051837444305 0.182616695761681 0.185127347707748
-3.4e+38 -3.4e+38 -3.4e+38 -3.4e+38 -3.4e+38 -3.4e+38 -3.4e+38 -3.4e+38 -3.4e+38 -3.4e+38 -3.4e+38 -3.4e+38 -3.4e+38 -3.4e+38 -3.4e+38 -3.4e+38 -3.4e+38 -3.4e+38 -3.4e+38 -3.4e+38 -3.4e+38 0.184048846364021 0.198063105344772 0.206063613295555 0.226258009672165 0.244226977229118 0.25055256485939 0.246941268444061 0.23944628238678 0.235005035996437 0.237672060728073 0.239830195903778 0.231416702270508 0.218577951192856 0.212784841656685 0.213611885905266 0.209348738193512 0.205197244882584 0.212177917361259 0.199667826294899 0.198520734906197 0.192821487784386 0.178730040788651 0.169703960418701 0.183435499668121
-3.4e+38 -3.4e+38 -3.4e+38 -3.4e+38 -3.4e+38 -3.4e+38 -3.4e+38 -3.4e+38 -3.4e+38 -3.4e+38 -3.4e+38 -3.4e+38 -3.4e+38 -3.4e+38 -3.4e+38 -3.4e+38 -3.4e+38 -3.4e+38 -3.4e+38 -3.4e+38 -3.4e+38 -3.4e+38 0.198623225092888 0.202461317181587 0.228338167071342 0.242564886808395 0.244391113519669 0.240495428442955 0.232276946306229 0.216794833540916 0.204966425895691 0.223346188664436 0.233127951622009 0.224482581019402 0.210271075367928 0.210958033800125 0.215474843978882 0.217366084456444 0.214197769761086 0.196709856390953 0.198076441884041 0.191744357347488 0.1812664270401 0.174710690975189 0.180304765701294
-3.4e+38 -3.4e+38 -3.4e+38 -3.4e+38 -3.4e+38 -3.4e+38 -3.4e+38 -3.4e+38 -3.4e+38 -3.4e+38 -3.4e+38 -3.4e+38 -3.4e+38 -3.4e+38 -3.4e+38 -3.4e+38 -3.4e+38 -3.4e+38 -3.4e+38 -3.4e+38 -3.4e+38 -3.4e+38 -3.4e+38 -3.4e+38 0.224355697631836 0.237876996397972 0.237269446253777 0.229702681303024 0.222322642803192 0.212886452674866 0.211391732096672 0.226971253752708 0.236430063843727 0.22475478053093 0.21533776819706 0.219185546040535 0.227901846170425 0.218224287033081 0.206331074237823 0.191794872283936 0.186546877026558 0.179453834891319 0.180839344859123 0.180429473519325 0.178115546703339
-3.4e+38 -3.4e+38 -3.4e+38 -3.4e+38 -3.4e+38 -3.4e+38 -3.4e+38 -3.4e+38 -3.4e+38 -3.4e+38 -3.4e+38 -3.4e+38 -3.4e+38 -3.4e+38 -3.4e+38 -3.4e+38 -3.4e+38 -3.4e+38 -3.4e+38 -3.4e+38 -3.4e+38 -3.4e+38 -3.4e+38 -3.4e+38 -3.4e+38 0.233770772814751 0.225404620170593 0.214742198586464 0.214867293834686 0.228667736053467 0.226502493023872 0.227845966815948 0.228393539786339 0.206792652606964 0.200569793581963 0.208978906273842 0.219671368598938 0.204609289765358 0.201440021395683 0.193907633423805 0.182145312428474 0.173200041055679 0.186527013778687 0.184611186385155 0.182363778352737
-3.4e+38 -3.4e+38 -3.4e+38 -3.4e+38 -3.4e+38 -3.4e+38 -3.4e+38 -3.4e+38 -3.4e+38 -3.4e+38 -3.4e+38 -3.4e+38 -3.4e+38 -3.4e+38 -3.4e+38 -3.4e+38 -3.4e+38 -3.4e+38 -3.4e+38 -3.4e+38 -3.4e+38 -3.4e+38 -3.4e+38 -3.4e+38 -3.4e+38 0.22818711400032 0.217804476618767 0.220311790704727 0.225342229008675 0.232968866825104 0.220248818397522 0.216220706701279 0.214025631546974 0.203784868121147 0.203355133533478 0.203170344233513 0.200747713446617 0.192397505044937 0.204685509204865 0.201727941632271 0.187515467405319 0.178162157535553 0.193785473704338 0.183417975902557 0.192121639847755
-3.4e+38 -3.4e+38 -3.4e+38 -3.4e+38 -3.4e+38 -3.4e+38 -3.4e+38 -3.4e+38 -3.4e+38 -3.4e+38 -3.4e+38 -3.4e+38 -3.4e+38 -3.4e+38 -3.4e+38 -3.4e+38 -3.4e+38 -3.4e+38 -3.4e+38 -3.4e+38 -3.4e+38 -3.4e+38 -3.4e+38 -3.4e+38 -3.4e+38 0.23791791498661 0.218064695596695 0.210743695497513 0.215945780277252 0.211344555020332 0.19679568707943 0.213331431150436 0.219565406441689 0.211166664958 0.205844640731812 0.200181350111961 0.189074099063873 0.183626025915146 0.19565649330616 0.200521722435951 0.193343132734299 0.188672423362732 0.194802090525627 0.193754866719246 0.205868855118752
-3.4e+38 -3.4e+38 -3.4e+38 -3.4e+38 -3.4e+38 -3.4e+38 -3.4e+38 -3.4e+38 -3.4e+38 -3.4e+38 -3.4e+38 -3.4e+38 -3.4e+38 -3.4e+38 -3.4e+38 -3.4e+38 -3.4e+38 -3.4e+38 -3.4e+38 -3.4e+38 -3.4e+38 -3.4e+38 -3.4e+38 -3.4e+38 -3.4e+38 -3.4e+38 0.223624348640442 0.196504205465317 0.200137808918953 0.210480019450188 0.208234444260597 0.205793261528015 0.209159344434738 0.202529698610306 0.192065462470055 0.19400492310524 0.197572529315948 0.195659294724464 0.193574726581573 0.193463027477264 0.19577893614769 0.196286335587502 0.195020765066147 0.195091873407364 0.202506199479103
-3.4e+38 -3.4e+38 -3.4e+38 -3.4e+38 -3.4e+38 -3.4e+38 -3.4e+38 -3.4e+38 -3.4e+38 -3.4e+38 -3.4e+38 -3.4e+38 -3.4e+38 -3.4e+38 -3.4e+38 -3.4e+38 -3.4e+38 -3.4e+38 -3.4e+38 -3.4e+38 -3.4e+38 -3.4e+38 -3.4e+38 -3.4e+38 -3.4e+38 -3.4e+38 0.241582229733467 0.222123548388481 0.213237226009369 0.212337747216225 0.206531167030334 0.190117195248604 0.184288591146469 0.175506606698036 0.168319657444954 0.17446394264698 0.19652783870697 0.203531697392464 0.192639097571373 0.183654740452766 0.190438389778137 0.199187606573105 0.193401798605919 0.18949918448925 0.192420139908791
-3.4e+38 -3.4e+38 -3.4e+38 -3.4e+38 -3.4e+38 -3.4e+38 -3.4e+38 -3.4e+38 -3.4e+38 -3.4e+38 -3.4e+38 -3.4e+38 -3.4e+38 -3.4e+38 -3.4e+38 -3.4e+38 -3.4e+38 -3.4e+38 -3.4e+38 -3.4e+38 -3.4e+38 -3.4e+38 -3.4e+38 -3.4e+38 -3.4e+38 -3.4e+38 -3.4e+38 -3.4e+38 -3.4e+38 0.203266486525536 0.195858404040337 0.186814442276955 0.179647639393806 0.17729364335537 0.164742484688759 0.166231572628021 0.185256823897362 0.19528166949749 0.18213564157486 0.18138812482357 0.188969895243645 0.194363072514534 0.187185600399971 0.187807440757751 0.197999969124794
-3.4e+38 -3.4e+38 -3.4e+38 -3.4e+38 -3.4e+38 -3.4e+38 -3.4e+38 -3.4e+38 -3.4e+38 -3.4e+38 -3.4e+38 -3.4e+38 -3.4e+38 -3.4e+38 -3.4e+38 -3.4e+38 -3.4e+38 -3.4e+38 -3.4e+38 -3.4e+38 -3.4e+38 -3.4e+38 -3.4e+38 -3.4e+38 -3.4e+38 -3.4e+38 -3.4e+38 -3.4e+38 -3.4e+38 -3.4e+38 -3.4e+38 -3.4e+38 -3.4e+38 -3.4e+38 -3.4e+38 0.168370187282562 0.178860798478127 0.187063440680504 0.180420786142349 0.192743256688118 0.190474316477776 0.181935295462608 0.177544355392456 0.177371934056282 0.19103966653347
-3.4e+38 -3.4e+38 -3.4e+38 -3.4e+38 -3.4e+38 -3.4e+38 -3.4e+38 -3.4e+38 -3.4e+38 -3.4e+38 -3.4e+38 -3.4e+38 -3.4e+38 -3.4e+38 -3.4e+38 -3.4e+38 -3.4e+38 -3.4e+38 -3.4e+38 -3.4e+38 -3.4e+38 -3.4e+38 -3.4e+38 -3.4e+38 -3.4e+38 -3.4e+38 -3.4e+38 -3.4e+38 -3.4e+38 -3.4e+38 -3.4e+38 -3.4e+38 -3.4e+38 -3.4e+38 -3.4e+38 -3.4e+38 -3.4e+38 -3.4e+38 0.183601245284081 0.199396073818207 0.190204903483391 0.178349912166595 0.173531875014305 0.177675485610962 0.190494373440742
-3.4e+38 -3.4e+38 -3.4e+38 -3.4e+38 -3.4e+38 -3.4e+38 -3.4e+38 -3.4e+38 -3.4e+38 -3.4e+38 -3.4e+38 -3.4e+38 -3.4e+38 -3.4e+38 -3.4e+38 -3.4e+38 -3.4e+38 -3.4e+38 -3.4e+38 -3.4e+38 -3.4e+38 -3.4e+38 -3.4e+38 -3.4e+38 -3.4e+38 -3.4e+38 -3.4e+38 -3.4e+38 -3.4e+38 -3.4e+38 -3.4e+38 -3.4e+38 -3.4e+38 -3.4e+38 -3.4e+38 -3.4e+38 -3.4e+38 -3.4e+38 -3.4e+38 0.175998792052269 0.164274826645851 0.172841578722 0.181078314781189 0.18801973760128 0.197641313076019
