data/trimmed_ndre/J_ndre.77.2014_no_clouds.asc
NCOLS 141 
NROWS 118 
XLLCORNER 516845 
YLLCORNER 5169015 
CELLSIZE 5 
NODATA_value -3.4e+38 
[rows 80 to 99 of 118, columns 90 to 134 of 141]
0.295600563287735 0.300351709127426 0.302873462438583 0.284737378358841 0.273317962884903 0.261378020048141 0.255180180072784 0.255482345819473 0.279750823974609 0.302376627922058 0.321309626102448 0.333806723356247 0.306881308555603 0.289168804883957 0.28328064084053 0.272118777036667 0.272631525993347 0.272710740566254 0.266911327838898 0.24730059504509 0.232307776808739 0.221294090151787 0.227637439966202 0.261181324720383 0.262502640485764 0.246220499277115 0.223250359296799 0.201396062970161 0.207405209541321 0.212759405374527 0.223620474338531 0.242010474205017 0.275054156780243 0.298066288232803 0.299036085605621 0.277548670768738 0.231478899717331 0.219009146094322 0.226038813591003 0.237524569034576 0.244566515088081 0.270753562450409 -3.4e+38 -3.4e+38 -3.4e+38
0.304110199213028 0.304200261831284 0.299277067184448 0.283577561378479 0.280077517032623 0.262682437896729 0.261873126029968 0.277595609426498 0.305614411830902 0.31423956155777 0.327052414417267 0.336895138025284 0.314507663249969 0.298708826303482 0.286591768264771 0.274359881877899 0.266261488199234 0.26602777838707 0.263561904430389 0.255117803812027 0.241781562566757 0.220241189002991 0.219540357589722 0.241632401943207 0.254502087831497 0.243231698870659 0.218994110822678 0.203484892845154 0.221209362149239 0.215039297938347 0.221714675426483 0.242991223931313 0.273210078477859 0.302090734243393 0.299953490495682 0.279190719127655 0.249824687838554 0.241739585995674 0.24688346683979 0.248673796653748 0.245554432272911 0.261711806058884 -3.4e+38 -3.4e+38 -3.4e+38
0.313752353191376 0.304073125123978 0.293878704309464 0.281206578016281 0.275570303201675 0.267547219991684 0.292154639959335 0.320899963378906 0.33851882815361 0.339817970991135 0.341338157653809 0.338116258382797 0.320860147476196 0.296395897865295 0.271709203720093 0.257612138986588 0.253392487764359 0.254416286945343 0.255679100751877 0.247348353266716 0.229242816567421 0.205053463578224 0.217516556382179 0.240510523319244 0.254583448171616 0.243257343769073 0.229529783129692 0.218389943242073 0.221748068928719 0.223865240812302 0.227593824267387 0.247775256633759 0.282852739095688 0.323595523834229 0.317644447088242 0.288936227560043 0.264201134443283 0.258352756500244 0.260431468486786 0.253008008003235 0.248490005731583 0.256728559732437 -3.4e+38 -3.4e+38 -3.4e+38
0.289983630180359 0.281502038240433 0.282569020986557 0.271853059530258 0.265029102563858 0.279802143573761 0.32789146900177 0.350869953632355 0.3590207695961 0.359882652759552 0.352987140417099 0.338341474533081 0.319997906684875 0.299729466438293 0.273652672767639 0.257615149021149 0.248977720737457 0.245341271162033 0.253466755151749 0.249627992510796 0.233322188258171 0.213537663221359 0.227189898490906 0.251463443040848 0.259905517101288 0.247057303786278 0.254517376422882 0.249069646000862 0.241078451275826 0.240418404340744 0.240851059556007 0.264882296323776 0.292584359645844 0.317366242408752 0.322849988937378 0.297524005174637 0.271511286497116 0.260103523731232 0.259605258703232 0.248913556337357 0.249410286545753 0.259700238704681 -3.4e+38 -3.4e+38 -3.4e+38
0.279007136821747 0.272546201944351 0.274697095155716 0.271390080451965 0.27007269859314 0.290239632129669 0.337914735078812 0.357886373996735 0.366314709186554 0.367179393768311 0.359810620546341 0.344394087791443 0.3329117000103 0.318658441305161 0.293023109436035 0.267468303442001 0.252812266349792 0.24664244055748 0.256589978933334 0.269676893949509 0.262877821922302 0.242358088493347 0.233416989445686 0.259547799825668 0.267787098884583 0.264669477939606 0.274178594350815 0.275193691253662 0.265832126140594 0.250234067440033 0.241523236036301 0.262307107448578 0.287902325391769 0.311601787805557 0.323651671409607 0.308836728334427 0.2838354408741 0.26563948392868 0.256069362163544 0.245675265789032 0.253304690122604 0.268797039985657 -3.4e+38 -3.4e+38 -3.4e+38
0.294905662536621 0.283942610025406 0.28123876452446 0.301356762647629 0.298036009073257 0.311789602041245 0.342410296201706 0.359495878219604 0.365744739770889 0.366495251655579 0.364603847265244 0.360388606786728 0.353114813566208 0.340977698564529 0.313791751861572 0.265288412570953 0.256982415914536 0.254625022411346 0.262363344430923 0.291190266609192 0.293726593255997 0.263077825307846 0.231105402112007 0.270447194576263 0.2857606112957 0.28289133310318 0.280589491128922 0.284624874591827 0.284931778907776 0.273202180862427 0.261702060699463 0.266458779573441 0.28209114074707 0.309459745883942 0.321358144283295 0.308184891939163 0.286128044128418 0.271035432815552 0.256723403930664 0.248336926102638 0.259397238492966 0.271228075027466 0.28663495182991 -3.4e+38 -3.4e+38
0.32865908741951 0.307687789201736 0.305776536464691 0.330645650625229 0.329019248485565 0.336599558591843 0.353814691305161 0.368830114603043 0.369279533624649 0.365123778581619 0.36937353014946 0.375206112861633 0.364526242017746 0.350738972425461 0.314258724451065 0.263277262449265 0.258511781692505 0.254740744829178 0.265937805175781 0.291066437959671 0.28974062204361 0.256070256233215 0.240260481834412 0.275007635354996 0.301525622606277 0.287984639406204 0.275197684764862 0.270622134208679 0.265365689992905 0.262138515710831 0.265583038330078 0.270266801118851 0.274791806936264 0.294807881116867 0.305454611778259 0.299268871545792 0.282738715410233 0.274388819932938 0.261882305145264 0.25821927189827 0.268668413162231 0.277057111263275 0.293345719575882 0.306950479745865 -3.4e+38
0.347161412239075 0.325393855571747 0.321472346782684 0.339481592178345 0.352493703365326 0.356447666883469 0.363079309463501 0.373425483703613 0.378783315420151 0.367171287536621 0.376072138547897 0.379129886627197 0.360248118638992 0.340363651514053 0.296942502260208 0.256745129823685 0.249701976776123 0.250887900590897 0.259980529546738 0.272186458110809 0.274874597787857 0.257592082023621 0.254224538803101 0.277062743902206 0.30289825797081 0.275579869747162 0.265690505504608 0.261114835739136 0.253811806440353 0.24984422326088 0.260698258876801 0.272179692983627 0.284855276346207 0.305675089359283 0.312421947717667 0.301878094673157 0.283540546894073 0.273643434047699 0.268167793750763 0.275679081678391 0.284570962190628 0.28851792216301 0.304469108581543 0.318754076957703 0.320392847061157
0.355607390403748 0.347898840904236 0.328330367803574 0.333841234445572 0.34953647851944 0.354045927524567 0.36358654499054 0.377102196216583 0.383269280195236 0.371863007545471 0.381231486797333 0.380567610263824 0.366944849491119 0.345458030700684 0.293907880783081 0.251083999872208 0.23901954293251 0.250205188989639 0.254682958126068 0.263808339834213 0.270606398582458 0.268921285867691 0.26441153883934 0.278519064188004 0.292426913976669 0.278223037719727 0.274685740470886 0.267548680305481 0.260686308145523 0.260504752397537 0.274882197380066 0.287735342979431 0.301653623580933 0.316823035478592 0.323559075593948 0.314871221780777 0.294926106929779 0.275754362344742 0.273524582386017 0.289827704429626 0.298490136861801 0.30282860994339 0.314437419176102 0.329178959131241 0.332595586776733
0.359890282154083 0.368964612483978 0.351104855537415 0.351776748895645 0.360683590173721 0.365424573421478 0.367269814014435 0.372948408126831 0.377149313688278 0.374611556529999 0.374542415142059 0.379614770412445 0.373245596885681 0.349983066320419 0.299640357494354 0.250320017337799 0.240964323282242 0.255279123783112 0.258006185293198 0.264757871627808 0.272154986858368 0.272668272256851 0.26153177022934 0.268740892410278 0.27875280380249 0.278789222240448 0.278256416320801 0.278076827526093 0.270822942256927 0.272955119609833 0.289006948471069 0.294025778770447 0.307972848415375 0.317696660757065 0.318094521760941 0.303360909223557 0.289963275194168 0.27730867266655 0.276042550802231 0.294968962669373 0.30638399720192 0.319144427776337 0.332373976707458 0.340666592121124 0.338162779808044
0.353016823530197 0.368854135274887 0.365089505910873 0.360080868005753 0.362573772668839 0.364956706762314 0.361150711774826 0.353275835514069 0.3569675385952 0.364084273576736 0.369650602340698 0.376389175653458 0.37090665102005 0.336427390575409 0.280960470438004 0.240882113575935 0.246664226055145 0.260571956634521 0.265193581581116 0.265017151832581 0.264830380678177 0.257179170846939 0.243300035595894 0.243703365325928 0.257826864719391 0.264113366603851 0.259818494319916 0.267411381006241 0.266264885663986 0.280789017677307 0.295083492994308 0.292408347129822 0.30658420920372 0.313982367515564 0.312169581651688 0.300679475069046 0.287677228450775 0.273721575737 0.272575408220291 0.28743389248848 0.302798986434937 0.321608513593674 0.337065696716309 0.342343688011169 0.333030253648758
0.334914654493332 0.364366322755814 0.367643237113953 0.351487219333649 0.346286803483963 0.336634039878845 0.322030305862427 0.311991304159164 0.33686837553978 0.361177831888199 0.370806783437729 0.368383526802063 0.365659147500992 0.338466137647629 0.288173228502274 0.242659255862236 0.254371523857117 0.26378932595253 0.26752781867981 0.266923397779465 0.266536265611649 0.256705671548843 0.237097501754761 0.223138108849525 0.233288273215294 0.258841633796692 0.272947937250137 0.274843215942383 0.271153181791306 0.286193370819092 0.295533865690231 0.297281563282013 0.310054808855057 0.320763558149338 0.324417114257812 0.312207460403442 0.287662655115128 0.264699190855026 0.262825459241867 0.27676248550415 0.29622745513916 0.317208141088486 0.333407044410706 0.336692065000534 0.324142098426819
0.320884317159653 0.356967687606812 0.355154484510422 0.335152894258499 0.329140067100525 0.315376967191696 0.302272945642471 0.307313710451126 0.343614190816879 0.372181326150894 0.375750303268433 0.369591325521469 0.3646020591259 0.343020081520081 0.289986729621887 0.248689383268356 0.259022057056427 0.262072056531906 0.25703364610672 0.255445718765259 0.262840628623962 0.26796680688858 0.249356016516685 0.231269538402557 0.240353316068649 0.273203819990158 0.282615572214127 0.282927274703979 0.281722515821457 0.286642163991928 0.293611466884613 0.296166121959686 0.304712295532227 0.32602459192276 0.338087916374207 0.323955804109573 0.292785733938217 0.268104314804077 0.267371237277985 0.275476694107056 0.29112297296524 0.310935795307159 0.32885155081749 0.335314184427261 0.327692180871964
0.317516058683395 0.347848981618881 0.345147043466568 0.340859562158585 0.338492602109909 0.327535957098007 0.317143261432648 0.336523652076721 0.37097504734993 0.387444645166397 0.376776695251465 0.373090654611588 0.369432657957077 0.34765961766243 0.287544310092926 0.252732068300247 0.25080406665802 0.246884360909462 0.238264113664627 0.24121068418026 0.258153408765793 0.281263053417206 0.272366523742676 0.249915733933449 0.243548229336739 0.266934335231781 0.279895126819611 0.289503246545792 0.291117310523987 0.28743988275528 0.297158479690552 0.301341742277145 0.309825390577316 0.327639043331146 0.331487417221069 0.310749441385269 0.289575397968292 0.278340607881546 0.283981621265411 0.28171119093895 0.290240496397018 0.307112216949463 0.323985278606415 0.328959286212921 0.325663179159164
0.329880565404892 0.352016478776932 0.359390258789062 0.365545570850372 0.361927837133408 0.352478057146072 0.346153050661087 0.362781256437302 0.374783039093018 0.377347469329834 0.373176604509354 0.375627309083939 0.375259220600128 0.354055792093277 0.302517652511597 0.263995081186295 0.24616251885891 0.239976957440376 0.234805047512054 0.236757174134254 0.255115866661072 0.278936177492142 0.279095053672791 0.251109093427658 0.241503477096558 0.254119873046875 0.277204900979996 0.298736095428467 0.302984774112701 0.300956934690475 0.308114618062973 0.313797146081924 0.322139501571655 0.334451496601105 0.337885588407516 0.301875352859497 0.293320596218109 0.296661794185638 0.303168594837189 0.291722416877747 0.299963235855103 0.313983708620071 0.324323892593384 0.322168588638306 0.319401264190674
0.343802839517593 0.363511621952057 0.379083931446075 0.386649638414383 0.376984357833862 0.365726053714752 0.363159537315369 0.378033429384232 0.378024190664291 0.373650223016739 0.372593581676483 0.37198132276535 0.379110634326935 0.361200332641602 0.313709139823914 0.272427439689636 0.252944380044937 0.252073794603348 0.257949233055115 0.255562245845795 0.256119579076767 0.272577106952667 0.28236135840416 0.251325607299805 0.25499701499939 0.275511652231216 0.299316614866257 0.321512579917908 0.313599526882172 0.314485907554626 0.319664508104324 0.318189978599548 0.312626868486404 0.315640568733215 0.316727578639984 0.294923216104507 0.296603202819824 0.309255659580231 0.305704683065414 0.283960849046707 0.296192109584808 0.314516097307205 0.322141200304031 0.316607177257538 0.314797729253769
0.338128834962845 0.361382365226746 0.38397628068924 0.3904789686203 0.373517662286758 0.363999336957932 0.369332581758499 0.385183751583099 0.383514851331711 0.376915514469147 0.371425837278366 0.367687463760376 0.374462395906448 0.352362990379333 0.313432335853577 0.279137641191483 0.266522914171219 0.273842394351959 0.279261857271194 0.273065805435181 0.269864082336426 0.280429273843765 0.287193566560745 0.269798666238785 0.276913523674011 0.287228882312775 0.30838868021965 0.329419136047363 0.315679401159286 0.322522670030594 0.325368344783783 0.322105407714844 0.32496103644371 0.317062020301819 0.304767489433289 0.289774745702744 0.273840129375458 0.289248019456863 0.295188814401627 0.291121304035187 0.301113903522491 0.312381744384766 0.313531011343002 0.312329471111298 0.315712362527847
0.324130713939667 0.345647215843201 0.37025648355484 0.383141100406647 0.371073305606842 0.361844003200531 0.366649150848389 0.379999727010727 0.383921056985855 0.374788820743561 0.367617189884186 0.364088922739029 0.363299190998077 0.340656757354736 0.306548357009888 0.277370721101761 0.266958236694336 0.281046330928802 0.284675359725952 0.283497661352158 0.289919793605804 0.291555613279343 0.299198716878891 0.29258868098259 0.277968138456345 0.286389827728271 0.308373659849167 0.323078960180283 0.317972511053085 0.326611399650574 0.331558018922806 0.336117327213287 0.342756330966949 0.332710474729538 0.308437943458557 0.275155961513519 0.252050697803497 0.269064724445343 0.289549708366394 0.305841982364655 0.314785063266754 0.30827334523201 0.296150773763657 0.30119514465332 0.31269446015358
0.313102215528488 0.33078607916832 0.349663585424423 0.364156603813171 0.366096615791321 0.359507471323013 0.356772840023041 0.357379853725433 0.359124571084976 0.356858223676682 0.357182681560516 0.355194956064224 0.34938645362854 0.33420741558075 0.300674766302109 0.265888005495071 0.252844929695129 0.274013787508011 0.280552566051483 0.285113602876663 0.289412260055542 0.286182373762131 0.314220935106277 0.328074604272842 0.313609302043915 0.301446467638016 0.313699394464493 0.324661880731583 0.331549674272537 0.340084791183472 0.341460824012756 0.347982585430145 0.347407668828964 0.334342539310455 0.31405246257782 0.280057549476624 0.256616860628128 0.262576997280121 0.286602735519409 0.309108078479767 0.316114902496338 0.306803554296494 0.294594794511795 0.304922670125961 0.316585510969162
0.300242245197296 0.308769434690475 0.331941545009613 0.350996971130371 0.361012786626816 0.361397266387939 0.360689848661423 0.357258379459381 0.35209995508194 0.346557557582855 0.344029724597931 0.341015189886093 0.333973616361618 0.320384293794632 0.29394993185997 0.260332703590393 0.250574946403503 0.268649309873581 0.280388802289963 0.285738050937653 0.294006943702698 0.306492477655411 0.338042348623276 0.371367573738098 0.370374917984009 0.346210807561874 0.345295369625092 0.332527875900269 0.335314333438873 0.344947993755341 0.345167130231857 0.35036712884903 0.338618963956833 0.323214501142502 0.316551983356476 0.290614515542984 0.273176997900009 0.269863396883011 0.279538929462433 0.297002285718918 0.307527989149094 0.307972341775894 0.306504279375076 -3.4e+38 -3.4e+38
