data/trimmed_ndre/J_ndre.84.2012_no_clouds.asc
NCOLS 141 
NROWS 118 
XLLCORNER 516845 
YLLCORNER 5169015 
CELLSIZE 5 
NODATA_value -3.4e+38 
[rows 60 to 79 of 118, columns 45 to 89 of 141]
0.414512902498245 0.412237554788589 0.398723661899567 0.372234731912613 0.312050312757492 0.292673975229263 0.278517842292786 0.296875894069672 0.362350106239319 0.414545208215714 0.429740071296692 0.435425400733948 0.416923761367798 0.370473384857178 0.299414932727814 0.25877457857132 0.273151338100433 0.293709278106689 0.353486806154251 0.423566877841949 0.425852954387665 0.382261544466019 0.333560854196548 0.281825065612793 0.24856886267662 0.278244853019714 0.317240178585052 0.349955141544342 0.368106782436371 0.378499120473862 0.373174726963043 0.338134944438934 0.320345461368561 0.320622980594635 0.336979329586029 0.367282658815384 0.389864236116409 0.397783696651459 0.413698524236679 0.427061945199966 0.416469693183899 0.39977177977562 0.413693368434906 0.426021754741669 0.415516197681427
0.411638498306274 0.416632801294327 0.393582671880722 0.374162584543228 0.339950919151306 0.31550270318985 0.305305421352386 0.32461154460907 0.368215411901474 0.40802401304245 0.418035387992859 0.41564729809761 0.417056322097778 0.393787056207657 0.333958685398102 0.292768776416779 0.271992415189743 0.292575597763062 0.363171368837357 0.433260470628738 0.451653182506561 0.423927456140518 0.374043226242065 0.311239987611771 0.254025459289551 0.279555857181549 0.344056278467178 0.381556242704391 0.391531765460968 0.38335245847702 0.354621142148972 0.33399099111557 0.339030116796494 0.355332255363464 0.374450325965881 0.385059118270874 0.389788091182709 0.384704411029816 0.393702477216721 0.404196679592133 0.389396727085114 0.379682600498199 0.405452936887741 0.429442256689072 0.438205927610397
0.405654042959213 0.39007768034935 0.34826847910881 0.346224397420883 0.344549715518951 0.33063617348671 0.312835723161697 0.327685385942459 0.354385554790497 0.378959000110626 0.377478420734406 0.37723708152771 0.391494065523148 0.383975565433502 0.339485675096512 0.306374609470367 0.281196177005768 0.286467045545578 0.358452677726746 0.419505625963211 0.448611468076706 0.433981657028198 0.383310079574585 0.319645702838898 0.269212126731873 0.291670888662338 0.353754639625549 0.376566976308823 0.388483494520187 0.387859433889389 0.342441260814667 0.328689157962799 0.35192933678627 0.355140775442123 0.375818908214569 0.3949955701828 0.391876012086868 0.377814710140228 0.392231732606888 0.423036485910416 0.411231637001038 0.387203812599182 0.392265439033508 0.410007297992706 0.421131521463394
0.388219028711319 0.343720227479935 0.314285188913345 0.330798894166946 0.335182845592499 0.311864346265793 0.303248286247253 0.327303558588028 0.349535197019577 0.381651759147644 0.377589643001556 0.35081759095192 0.363478124141693 0.358752012252808 0.330019474029541 0.314781874418259 0.300588071346283 0.300665646791458 0.361568421125412 0.411280184984207 0.434251546859741 0.439329534769058 0.398663491010666 0.335660606622696 0.303440570831299 0.325986325740814 0.362471640110016 0.358963489532471 0.374019861221313 0.387104988098145 0.346446067094803 0.322179883718491 0.338878095149994 0.358600646257401 0.381565719842911 0.40317890048027 0.40094992518425 0.38029009103775 0.381819009780884 0.406292527914047 0.403003424406052 0.381704866886139 0.374618291854858 0.381712168455124 0.412435740232468
0.362261682748795 0.350083470344543 0.319728136062622 0.308001399040222 0.316145896911621 0.301860153675079 0.309259027242661 0.336874097585678 0.344401508569717 0.372768670320511 0.383521318435669 0.365341007709503 0.374207466840744 0.355902642011642 0.323858022689819 0.3260498046875 0.33661812543869 0.348297446966171 0.390316486358643 0.415458977222443 0.432269722223282 0.43522784113884 0.398637145757675 0.343978703022003 0.318001240491867 0.340825647115707 0.368207454681396 0.361775279045105 0.373634606599808 0.372232347726822 0.348132312297821 0.339100748300552 0.354113191366196 0.365864753723145 0.374377727508545 0.385040611028671 0.381972640752792 0.378819137811661 0.375457227230072 0.367816597223282 0.362464874982834 0.361382037401199 0.378511220216751 0.399408608675003 0.424638450145721
0.348168730735779 0.373637735843658 0.330433547496796 0.301503241062164 0.317049562931061 0.324787646532059 0.327259689569473 0.322943419218063 0.320137202739716 0.342624336481094 0.371123641729355 0.37940701842308 0.390605568885803 0.367107152938843 0.340335875749588 0.355190187692642 0.377185553312302 0.396863669157028 0.417794704437256 0.424251228570938 0.425645440816879 0.386996477842331 0.348700523376465 0.32686060667038 0.333176970481873 0.365273356437683 0.380521446466446 0.382246345281601 0.398966521024704 0.389031767845154 0.36406809091568 0.36172679066658 0.371322900056839 0.37016487121582 0.36643373966217 0.368692755699158 0.368505418300629 0.384740561246872 0.384504199028015 0.369641304016113 0.368115335702896 0.374638587236404 0.394982188940048 0.413385778665543 0.425986051559448
0.346175730228424 0.371277660131454 0.35151681303978 0.336300075054169 0.347772300243378 0.364616215229034 0.370916783809662 0.365159630775452 0.339487105607986 0.329247742891312 0.344093233346939 0.365495771169662 0.377340108156204 0.361584544181824 0.352836340665817 0.365897834300995 0.388968467712402 0.419387549161911 0.429481565952301 0.432075411081314 0.416115760803223 0.354490906000137 0.320952713489532 0.312707990407944 0.331698477268219 0.366496294736862 0.370903164148331 0.364739537239075 0.375959903001785 0.376931428909302 0.372024655342102 0.369489878416061 0.378044873476028 0.381842941045761 0.375586360692978 0.37486520409584 0.375741481781006 0.389963924884796 0.396878838539124 0.382030189037323 0.375858724117279 0.383631139993668 0.398431926965714 0.418527960777283 0.444719046354294
0.346309751272202 0.35115048289299 0.364133983850479 0.374526262283325 0.384296983480453 0.403824388980865 0.41263884305954 0.412241101264954 0.391120284795761 0.354752033948898 0.337653636932373 0.351721674203873 0.36978942155838 0.359416842460632 0.351923644542694 0.353303283452988 0.370604366064072 0.399403750896454 0.414102435112 0.424943774938583 0.426118552684784 0.373578041791916 0.319957762956619 0.29093211889267 0.297377914190292 0.332279205322266 0.349147796630859 0.346410393714905 0.348725080490112 0.359307497739792 0.374366521835327 0.379104405641556 0.385213434696198 0.388099610805511 0.386835306882858 0.387622326612473 0.387990087270737 0.394877672195435 0.395035088062286 0.378964275121689 0.373552769422531 0.381555587053299 0.393574208021164 0.4155453145504 0.430449545383453
0.353490233421326 0.348269283771515 0.36404025554657 0.390565425157547 0.387313723564148 0.414821535348892 0.413328647613525 0.385191172361374 0.398335933685303 0.386397570371628 0.364472508430481 0.378256469964981 0.382199823856354 0.371734470129013 0.353969275951385 0.339545696973801 0.335721582174301 0.346254467964172 0.387012809514999 0.414284020662308 0.422275871038437 0.403148114681244 0.346492201089859 0.295816212892532 0.277924746274948 0.305932283401489 0.339966326951981 0.349110960960388 0.352822154760361 0.366312444210052 0.377642273902893 0.386622339487076 0.390108019113541 0.384308755397797 0.384348124265671 0.384202688932419 0.382542312145233 0.385862857103348 0.377913117408752 0.367954552173615 0.374012619256973 0.389093160629272 0.41017273068428 0.422645270824432 0.411683410406113
0.349153697490692 0.369872659444809 0.400628566741943 0.414535224437714 0.383670210838318 0.404544353485107 0.409988164901733 0.395300686359406 0.424401134252548 0.421313613653183 0.410233378410339 0.419134914875031 0.401957899332047 0.395406901836395 0.369015604257584 0.346419990062714 0.349631160497665 0.343133002519608 0.364698499441147 0.394544124603271 0.422800868749619 0.434339106082916 0.393238812685013 0.339979082345963 0.302378058433533 0.306566089391708 0.339358031749725 0.356987804174423 0.374262928962708 0.37843319773674 0.377570658922195 0.390149354934692 0.392741799354553 0.37944620847702 0.373113453388214 0.370121568441391 0.376511007547379 0.385677725076675 0.376203745603561 0.367798417806625 0.380696922540665 0.396360337734222 0.412708014249802 0.418106913566589 0.410762906074524
0.366928428411484 0.402187258005142 0.427827805280685 0.427074313163757 0.394896656274796 0.40089151263237 0.40857395529747 0.410636484622955 0.425082087516785 0.420465558767319 0.418836861848831 0.439431250095367 0.439646244049072 0.442919105291367 0.412371963262558 0.377763748168945 0.369085967540741 0.374164968729019 0.392236441373825 0.421718090772629 0.453262358903885 0.454707264900208 0.427073448896408 0.374444633722305 0.338848888874054 0.332179844379425 0.332099467515945 0.34226131439209 0.372007101774216 0.386646240949631 0.386947810649872 0.396094262599945 0.398195266723633 0.393681287765503 0.382929861545563 0.37722709774971 0.387906074523926 0.399683505296707 0.390773952007294 0.38372415304184 0.390897065401077 0.396257370710373 0.403156578540802 0.411145031452179 0.40798944234848
0.380499392747879 0.400952756404877 0.422042369842529 0.428980082273483 0.421098351478577 0.410911440849304 0.390665799379349 0.37993448972702 0.390050530433655 0.408183455467224 0.434792637825012 0.459374994039536 0.465083956718445 0.46454045176506 0.448419213294983 0.406856089830399 0.370489716529846 0.389454960823059 0.411509603261948 0.447816878557205 0.473692089319229 0.451324760913849 0.435040682554245 0.391530007123947 0.357942759990692 0.357815891504288 0.34333935379982 0.34387594461441 0.380717605352402 0.399786621332169 0.404351353645325 0.408657521009445 0.417415857315063 0.418675035238266 0.406804919242859 0.396997451782227 0.403048992156982 0.405373454093933 0.397711992263794 0.395552277565002 0.402505338191986 0.408274292945862 0.414803832769394 0.414722591638565 0.399167895317078
0.376981765031815 0.381883978843689 0.400551021099091 0.42054495215416 0.427059531211853 0.399027556180954 0.341606646776199 0.319534868001938 0.346329510211945 0.386359483003616 0.409021109342575 0.418523520231247 0.422084480524063 0.432963907718658 0.440781891345978 0.413947701454163 0.37300831079483 0.363988280296326 0.373413324356079 0.434815406799316 0.474205106496811 0.453752517700195 0.432068079710007 0.400742202997208 0.376423329114914 0.371639221906662 0.368989616632462 0.371399313211441 0.392840802669525 0.403786391019821 0.415511906147003 0.425123423337936 0.434145539999008 0.434872150421143 0.420132219791412 0.410621404647827 0.407666653394699 0.400120943784714 0.396627724170685 0.40091273188591 0.415955394506454 0.428636699914932 0.432854294776917 0.413981407880783 0.391598433256149
0.379788935184479 0.394474476575851 0.391522526741028 0.394677251577377 0.399583727121353 0.373778790235519 0.310393005609512 0.285140931606293 0.311002880334854 0.32866570353508 0.335847407579422 0.339525610208511 0.349982649087906 0.383517146110535 0.405230283737183 0.390612304210663 0.354351609945297 0.329464077949524 0.360367268323898 0.429005414247513 0.458073437213898 0.451041877269745 0.43082183599472 0.405168980360031 0.380404770374298 0.361831963062286 0.369730025529861 0.37904417514801 0.395593464374542 0.414593607187271 0.43084442615509 0.449079960584641 0.448430359363556 0.43071049451828 0.414296209812164 0.416613131761551 0.410257488489151 0.400961011648178 0.396671921014786 0.403099656105042 0.420210123062134 0.425306737422943 0.427103161811829 0.408806920051575 0.393048703670502
0.40147852897644 0.421537846326828 0.397000998258591 0.382186025381088 0.393777877092361 0.381469249725342 0.325287789106369 0.28053006529808 0.274507254362106 0.270590335130692 0.28685861825943 0.305486917495728 0.320447683334351 0.346289187669754 0.368745118379593 0.367423057556152 0.350767552852631 0.345822721719742 0.368734359741211 0.396293461322784 0.41494545340538 0.432807981967926 0.432968735694885 0.414593875408173 0.37873637676239 0.346544146537781 0.352502584457397 0.377566814422607 0.405220955610275 0.418141424655914 0.432516813278198 0.456822454929352 0.459422707557678 0.434756845235825 0.415385574102402 0.420799732208252 0.414154440164566 0.410960733890533 0.40357232093811 0.39837521314621 0.417856991291046 0.426974773406982 0.424427568912506 0.411367535591125 0.391623854637146
0.40933433175087 0.415877223014832 0.397192478179932 0.40173128247261 0.41834619641304 0.412073075771332 0.348256409168243 0.287747770547867 0.275816679000854 0.266753971576691 0.27666512131691 0.293855905532837 0.312863260507584 0.334473520517349 0.348675608634949 0.349105983972549 0.328541576862335 0.314058870077133 0.311321556568146 0.3094482421875 0.348638951778412 0.397614896297455 0.419782787561417 0.411336332559586 0.383718103170395 0.367374807596207 0.383894771337509 0.416309952735901 0.441636025905609 0.43665274977684 0.426075756549835 0.435103505849838 0.445076882839203 0.435729503631592 0.428283900022507 0.4313884973526 0.425719201564789 0.42983540892601 0.425787448883057 0.421755284070969 0.431482166051865 0.437968462705612 0.440274924039841 0.431596785783768 0.393958061933517
0.406138688325882 0.400349289178848 0.400956153869629 0.416835010051727 0.416632741689682 0.394665002822876 0.346118927001953 0.308072686195374 0.300611972808838 0.297614187002182 0.30971172451973 0.31714341044426 0.320103079080582 0.319333910942078 0.312659293413162 0.29913529753685 0.270466059446335 0.251669138669968 0.245285823941231 0.237463667988777 0.290743470191956 0.357688784599304 0.391374379396439 0.397888094186783 0.385332673788071 0.388996064662933 0.411737531423569 0.436256498098373 0.444982498884201 0.43817526102066 0.423258125782013 0.423292815685272 0.438916116952896 0.444960474967957 0.441301912069321 0.438884168863297 0.433650851249695 0.435792088508606 0.438791275024414 0.441762179136276 0.437672257423401 0.434172570705414 0.434301823377609 0.427752941846848 0.406120300292969
0.413889169692993 0.418980866670609 0.421362608671188 0.424071699380875 0.407892316579819 0.380191147327423 0.353056371212006 0.328182011842728 0.291239678859711 0.295033276081085 0.329866886138916 0.333707898855209 0.31871223449707 0.301323741674423 0.285351008176804 0.269652336835861 0.251654773950577 0.235389813780785 0.236912339925766 0.24946716427803 0.308125704526901 0.368404000997543 0.392125755548477 0.389490902423859 0.391809850931168 0.41501173377037 0.432694613933563 0.430649876594543 0.417315393686295 0.410593301057816 0.402601629495621 0.403986722230911 0.431848019361496 0.448320031166077 0.449056714773178 0.449908822774887 0.442485183477402 0.444060266017914 0.448068559169769 0.441839039325714 0.439049184322357 0.438298553228378 0.433370620012283 0.425839483737946 0.419702500104904
0.381560891866684 0.394098311662674 0.403409570455551 0.413882195949554 0.416696846485138 0.413545250892639 0.382999628782272 0.337904065847397 0.301037043333054 0.299235552549362 0.330953031778336 0.334998577833176 0.319583743810654 0.320062935352325 0.321857213973999 0.309869766235352 0.296091794967651 0.277973890304565 0.285993009805679 0.31947249174118 0.369060605764389 0.40380722284317 0.407662361860275 0.392674833536148 0.394352644681931 0.416754454374313 0.425667464733124 0.415510654449463 0.417645156383514 0.416610300540924 0.398990452289581 0.400022238492966 0.418378531932831 0.430133938789368 0.433006823062897 0.4355608522892 0.433372408151627 0.444206982851028 0.450684428215027 0.437907785177231 0.437666893005371 0.441603243350983 0.437414467334747 0.430346757173538 0.419336438179016
0.364986956119537 0.376398414373398 0.388051122426987 0.391283988952637 0.385780423879623 0.382956951856613 0.379105746746063 0.355301886796951 0.341433078050613 0.334978133440018 0.333800613880157 0.342623353004456 0.352972209453583 0.373529255390167 0.389026910066605 0.377099752426147 0.362228333950043 0.370540529489517 0.374444842338562 0.382636934518814 0.39968329668045 0.413009911775589 0.407355278730392 0.392482548952103 0.390159457921982 0.400184571743011 0.41183078289032 0.412054359912872 0.417545586824417 0.417051434516907 0.410071521997452 0.421518296003342 0.428773164749146 0.429171115159988 0.423738986253738 0.420867830514908 0.421641796827316 0.430583715438843 0.432734102010727 0.431722372770309 0.438305526971817 0.435564368963242 0.430380344390869 0.425553679466248 0.411931365728378
