data/trimmed_ndre/J_ndre.710.2012_no_clouds.asc
NCOLS 141 
NROWS 118 
XLLCORNER 516845 
YLLCORNER 5169015 
CELLSIZE 5 
NODATA_value -3.4e+38 
[rows 40 to 59 of 118, columns 45 to 89 of 141]
0.243855327367783 0.274191707372665 0.319302588701248 0.34436884522438 0.346783846616745 0.35432767868042 0.365462809801102 0.366568595170975 0.351498037576675 0.342636913061142 0.339397937059402 0.329785197973251 0.307883262634277 0.295040249824524 0.309320330619812 0.311416625976562 0.273289978504181 0.233930051326752 0.190713286399841 0.171251475811005 0.179868638515472 0.190733775496483 0.191422075033188 0.246489092707634 0.297801047563553 0.289320558309555 0.257400661706924 0.205051854252815 0.188242927193642 0.214841544628143 0.253850519657135 0.281309396028519 0.283209174871445 0.274411171674728 0.287600994110107 0.298792004585266 0.294966638088226 0.294946223497391 0.308629781007767 0.305530697107315 0.295965015888214 0.307135432958603 0.319952249526978 0.316420197486877 0.312379986047745
0.276438415050507 0.301885187625885 0.321073710918427 0.335235595703125 0.344260662794113 0.35466867685318 0.364209234714508 0.368236869573593 0.361603736877441 0.355023115873337 0.355550169944763 0.361420661211014 0.354799509048462 0.340000748634338 0.336216121912003 0.331383854150772 0.302012324333191 0.265061020851135 0.224534913897514 0.187247112393379 0.177485719323158 0.176156803965569 0.168424516916275 0.209037616848946 0.234902784228325 0.223105207085609 0.210570782423019 0.186910539865494 0.193968966603279 0.24246908724308 0.290579319000244 0.308858811855316 0.298625081777573 0.284174859523773 0.286293864250183 0.303098618984222 0.301707595586777 0.299477845430374 0.301816910505295 0.297964096069336 0.295376420021057 0.305112898349762 0.307544559240341 0.29282808303833 0.314317345619202
0.303755313158035 0.322144359350204 0.318414628505707 0.331269294023514 0.353586822748184 0.36356857419014 0.35927152633667 0.372540265321732 0.369028300046921 0.359578758478165 0.360189259052277 0.37399759888649 0.375823706388474 0.351500004529953 0.331448167562485 0.33676552772522 0.328887403011322 0.297343850135803 0.254727751016617 0.20372961461544 0.169493943452835 0.168196469545364 0.176591828465462 0.191700100898743 0.178365111351013 0.178986728191376 0.200132966041565 0.204381346702576 0.23893629014492 0.283594042062759 0.324585258960724 0.341293275356293 0.328404515981674 0.315532863140106 0.312644988298416 0.317740797996521 0.307167887687683 0.30280065536499 0.290139198303223 0.276704400777817 0.283101379871368 0.30197885632515 0.306550472974777 0.305359095335007 0.322910904884338
0.323942214250565 0.333260267972946 0.322839617729187 0.330614626407623 0.34341698884964 0.351274162530899 0.349516093730927 0.363048136234283 0.362406671047211 0.346514165401459 0.339304447174072 0.34856054186821 0.358624577522278 0.338602662086487 0.323261171579361 0.334959477186203 0.335035473108292 0.316475987434387 0.272839248180389 0.2214245647192 0.182722181081772 0.180395603179932 0.196872234344482 0.194389164447784 0.173930093646049 0.180308759212494 0.215266406536102 0.254383593797684 0.299872130155563 0.324501037597656 0.353920191526413 0.366714745759964 0.3504618704319 0.343018144369125 0.336243152618408 0.321184724569321 0.303766667842865 0.297972232103348 0.279902666807175 0.27125746011734 0.284488767385483 0.300816357135773 0.303421795368195 0.310803830623627 0.321049183607101
0.332264870405197 0.338233649730682 0.331987082958221 0.323419362306595 0.314393669366837 0.328213810920715 0.336661845445633 0.327904611825943 0.337147325277328 0.325863182544708 0.315355986356735 0.323970168828964 0.332918107509613 0.322507113218307 0.314939320087433 0.322198063135147 0.317734271287918 0.309332758188248 0.287930607795715 0.244562789797783 0.209015160799026 0.207145392894745 0.215585976839066 0.209129065275192 0.199219956994057 0.200905188918114 0.238765552639961 0.295085847377777 0.336680471897125 0.343266367912292 0.349398881196976 0.348536878824234 0.33448001742363 0.331760555505753 0.326958209276199 0.305624544620514 0.291186720132828 0.289314180612564 0.277895748615265 0.280293226242065 0.295144230127335 0.302437722682953 0.304097235202789 0.307372689247131 0.312984645366669
0.334367960691452 0.335654407739639 0.329640418291092 0.32273855805397 0.323917359113693 0.326124519109726 0.324153333902359 0.313779205083847 0.319989085197449 0.306322425603867 0.302092045545578 0.304131180047989 0.299956828355789 0.300040513277054 0.305468678474426 0.314759731292725 0.314459353685379 0.30624732375145 0.303593337535858 0.274137914180756 0.232987806200981 0.226645290851593 0.225057601928711 0.22092379629612 0.22149746119976 0.228758364915848 0.263091802597046 0.31099271774292 0.336865782737732 0.330376476049423 0.314563989639282 0.299285411834717 0.287084996700287 0.289237558841705 0.302379488945007 0.293784201145172 0.291941612958908 0.293265819549561 0.286966681480408 0.295190185308456 0.300679981708527 0.30235344171524 0.307905614376068 0.309567242860794 0.318872809410095
0.33338737487793 0.332364797592163 0.324287176132202 0.322944581508636 0.327185332775116 0.315577358007431 0.315694957971573 0.315666794776917 0.311925292015076 0.304348438978195 0.296131908893585 0.29872390627861 0.300907641649246 0.302889257669449 0.307347774505615 0.314279019832611 0.313299179077148 0.299236357212067 0.294513553380966 0.276329010725021 0.250978916883469 0.240702196955681 0.239894688129425 0.229788348078728 0.228230074048042 0.246216982603073 0.279380053281784 0.31405970454216 0.332434475421906 0.314787834882736 0.280644029378891 0.257258027791977 0.255073964595795 0.279665172100067 0.304842561483383 0.295299232006073 0.29931828379631 0.301139503717422 0.29447814822197 0.298817545175552 0.296598941087723 0.300039649009705 0.312290847301483 0.319262266159058 0.328582406044006
0.331502258777618 0.325249016284943 0.320333629846573 0.321406036615372 0.319948524236679 0.311020404100418 0.319525182247162 0.31523808836937 0.312694251537323 0.315848797559738 0.312162756919861 0.315961718559265 0.314221948385239 0.308636784553528 0.314353674650192 0.311750411987305 0.301581978797913 0.285011559724808 0.273535400629044 0.261488229036331 0.257693618535995 0.250688791275024 0.234486028552055 0.213433116674423 0.222726434469223 0.263353437185287 0.300531953573227 0.326068222522736 0.332678735256195 0.314303904771805 0.273290902376175 0.253757447004318 0.280800551176071 0.313415765762329 0.320285707712173 0.300697267055511 0.30020460486412 0.306132346391678 0.30194491147995 0.29719078540802 0.294501811265945 0.302148520946503 0.314921140670776 0.322790235280991 0.325568974018097
0.32488289475441 0.327054381370544 0.328079640865326 0.324198722839355 0.321414619684219 0.315636098384857 0.316731512546539 0.319852441549301 0.323773056268692 0.329053461551666 0.328206688165665 0.326950877904892 0.318007558584213 0.312534153461456 0.319644957780838 0.318744570016861 0.309392184019089 0.292199730873108 0.275091528892517 0.255058467388153 0.244758263230324 0.237427234649658 0.222503453493118 0.216818556189537 0.234375894069672 0.281643807888031 0.315533727407455 0.31855046749115 0.309120208024979 0.316346645355225 0.301308870315552 0.296137154102325 0.340010404586792 0.348406463861465 0.336039453744888 0.312172919511795 0.304432362318039 0.314675480127335 0.314961731433868 0.309138715267181 0.308987468481064 0.315522998571396 0.317904114723206 0.320265620946884 0.325317859649658
0.328655332326889 0.342565208673477 0.341890215873718 0.332131117582321 0.332139611244202 0.312132924795151 0.309006243944168 0.332918882369995 0.331883549690247 0.331283181905746 0.334981381893158 0.335216611623764 0.336321651935577 0.328783422708511 0.326835036277771 0.330364018678665 0.325694501399994 0.318171143531799 0.310648232698441 0.297116965055466 0.285235852003098 0.27413684129715 0.264192193746567 0.259210288524628 0.263109624385834 0.284077495336533 0.307610124349594 0.311880499124527 0.316086649894714 0.337409734725952 0.346893638372421 0.350326180458069 0.365206241607666 0.348299473524094 0.332922250032425 0.324492841959 0.326403170824051 0.339075535535812 0.342010110616684 0.337492942810059 0.330248475074768 0.327897638082504 0.340897798538208 0.337970405817032 0.341445326805115
0.341772556304932 0.353252649307251 0.351547956466675 0.346664577722549 0.350684344768524 0.311105579137802 0.309055477380753 0.337234914302826 0.32362025976181 0.321847259998322 0.328833699226379 0.339958399534225 0.347329050302505 0.337744146585464 0.332243978977203 0.333754509687424 0.329441785812378 0.330778062343597 0.339240610599518 0.339735567569733 0.328500896692276 0.315071552991867 0.314956575632095 0.310187578201294 0.310860991477966 0.320746511220932 0.325645744800568 0.329201549291611 0.339390993118286 0.35617396235466 0.361055105924606 0.343729346990585 0.334340512752533 0.338518887758255 0.329175889492035 0.331234812736511 0.344232320785522 0.351765811443329 0.350331872701645 0.345510601997375 0.339235872030258 0.341145366430283 0.362895876169205 0.356546849012375 0.355918496847153
0.348648875951767 0.356076776981354 0.354567468166351 0.352340459823608 0.350909829139709 0.310478180646896 0.312655508518219 0.322721809148788 0.304569065570831 0.307046264410019 0.305732518434525 0.317027658224106 0.328999161720276 0.33010059595108 0.333197057247162 0.333826869726181 0.32972240447998 0.331344306468964 0.344659805297852 0.345315545797348 0.323720961809158 0.308171570301056 0.322286576032639 0.335699677467346 0.351110994815826 0.362837761640549 0.360534727573395 0.355170071125031 0.356929183006287 0.362532466650009 0.357883334159851 0.331401020288467 0.329211175441742 0.343428760766983 0.339506685733795 0.335220873355865 0.341079473495483 0.348389148712158 0.345285624265671 0.338519364595413 0.342814892530441 0.340378642082214 0.336238354444504 0.340644210577011 0.346512019634247
0.352327287197113 0.348795235157013 0.339818716049194 0.334232091903687 0.326626241207123 0.302878767251968 0.306209027767181 0.298277497291565 0.282737195491791 0.286158531904221 0.27974134683609 0.293342053890228 0.30896657705307 0.314619094133377 0.319871515035629 0.322047203779221 0.317666620016098 0.320555925369263 0.33499613404274 0.332430869340897 0.308414578437805 0.297069132328033 0.31686469912529 0.328567713499069 0.360923618078232 0.387515068054199 0.387573212385178 0.377291649580002 0.364818155765533 0.362302511930466 0.359894990921021 0.348765105009079 0.358182549476624 0.365993112325668 0.356357902288437 0.342828065156937 0.339982092380524 0.345213204622269 0.344013452529907 0.334842026233673 0.331600725650787 0.332906067371368 0.33233255147934 0.3369080722332 0.339316368103027
0.335530400276184 0.319868087768555 0.308937668800354 0.30757749080658 0.298067718744278 0.27845174074173 0.276307374238968 0.270484298467636 0.268302470445633 0.274883717298508 0.27580389380455 0.292058706283569 0.300726741552353 0.297291934490204 0.295768022537231 0.299690872430801 0.297896176576614 0.305270731449127 0.317801237106323 0.311029493808746 0.300411194562912 0.294632643461227 0.301516979932785 0.310186982154846 0.352222412824631 0.387013792991638 0.384170949459076 0.36370250582695 0.345252245664597 0.344627767801285 0.350939691066742 0.353737980127335 0.364371001720428 0.365568995475769 0.353818386793137 0.344956666231155 0.350548654794693 0.360688477754593 0.363035261631012 0.359220892190933 0.357654929161072 0.359156489372253 0.359418600797653 0.354776382446289 0.352973490953445
0.327187716960907 0.302487701177597 0.294749140739441 0.303542852401733 0.291776269674301 0.277579307556152 0.274464428424835 0.271740466356277 0.274755299091339 0.279180496931076 0.281901448965073 0.285572081804276 0.292030841112137 0.289400428533554 0.287805020809174 0.287606716156006 0.274748742580414 0.272073984146118 0.272979289293289 0.270529925823212 0.285669893026352 0.28858944773674 0.289890199899673 0.301552891731262 0.330420941114426 0.34807950258255 0.340418845415115 0.320214718580246 0.310542374849319 0.31782928109169 0.321471810340881 0.320161730051041 0.323269248008728 0.326140910387039 0.330333590507507 0.337104201316833 0.347338527441025 0.360263854265213 0.371799349784851 0.381493985652924 0.385398358106613 0.383615553379059 0.383488059043884 0.376362442970276 0.37200516462326
0.34445720911026 0.316354900598526 0.308801382780075 0.31167533993721 0.305373847484589 0.302344053983688 0.297681629657745 0.285777986049652 0.2925646007061 0.28505203127861 0.27846023440361 0.283905506134033 0.297901302576065 0.295763820409775 0.297980457544327 0.297324895858765 0.280331999063492 0.273463040590286 0.261358559131622 0.26313379406929 0.277123898267746 0.269577860832214 0.278845489025116 0.288574069738388 0.295155137777328 0.299461245536804 0.303085952997208 0.294891268014908 0.283377677202225 0.284643977880478 0.288411825895309 0.28243300318718 0.28074124455452 0.295898705720901 0.30906417965889 0.319866865873337 0.325842469930649 0.332848489284515 0.340717107057571 0.35921111702919 0.371048420667648 0.373551815748215 0.381826400756836 0.382195264101028 0.384399116039276
0.357055157423019 0.329492747783661 0.317478001117706 0.31660920381546 0.314788728952408 0.297485738992691 0.291101604700089 0.288976430892944 0.287287682294846 0.287720769643784 0.290104001760483 0.303221523761749 0.308505445718765 0.293721556663513 0.29125514626503 0.293889671564102 0.28841906785965 0.286973595619202 0.281056225299835 0.287278234958649 0.292472869157791 0.277862221002579 0.297135144472122 0.300868332386017 0.28743702173233 0.286667704582214 0.294556081295013 0.293603420257568 0.275792062282562 0.270184099674225 0.283995687961578 0.285029292106628 0.281851261854172 0.28968271613121 0.297129511833191 0.300407141447067 0.296191841363907 0.289723783731461 0.295528620481491 0.321740806102753 0.334108889102936 0.349191099405289 0.366571664810181 0.368797808885574 0.373969346284866
0.354678004980087 0.334248214960098 0.325159162282944 0.316893994808197 0.306539952754974 0.293697655200958 0.292771488428116 0.291362732648849 0.289590656757355 0.303138047456741 0.294771552085876 0.298369854688644 0.297880202531815 0.286443948745728 0.284878611564636 0.28587794303894 0.28272756934166 0.28023424744606 0.284558027982712 0.290911048650742 0.306542307138443 0.308727979660034 0.309188306331635 0.30154874920845 0.291038006544113 0.290810585021973 0.300958186388016 0.303985387086868 0.279902160167694 0.269033640623093 0.287694483995438 0.295860022306442 0.288289129734039 0.281736582517624 0.285743683576584 0.288824707269669 0.285407781600952 0.279348880052567 0.287395745515823 0.307534277439117 0.308804959058762 0.334339916706085 0.355480402708054 0.348727375268936 0.348326027393341
0.346929281949997 0.336741119623184 0.327234625816345 0.303159564733505 0.297335922718048 0.305869340896606 0.303675919771194 0.305231124162674 0.308226495981216 0.309890329837799 0.29693403840065 0.297454029321671 0.289503633975983 0.280916154384613 0.285409599542618 0.287272363901138 0.28484371304512 0.282106876373291 0.285138368606567 0.284337192773819 0.316309303045273 0.327069073915482 0.301474630832672 0.286023199558258 0.285801112651825 0.289352238178253 0.291526287794113 0.291798800230026 0.281516253948212 0.273730605840683 0.283690840005875 0.296944111585617 0.287826091051102 0.275598406791687 0.275666385889053 0.282713502645493 0.285140037536621 0.281696438789368 0.293159514665604 0.307626187801361 0.304988175630569 0.332058936357498 0.353877693414688 0.346770435571671 0.335385084152222
0.340636879205704 0.343596994876862 0.326720803976059 0.30451512336731 0.305505573749542 0.318503558635712 0.31585556268692 0.32122403383255 0.313999384641647 0.30659618973732 0.304567903280258 0.303557604551315 0.288385033607483 0.279207646846771 0.282038986682892 0.281523823738098 0.276397258043289 0.273142009973526 0.272748857736588 0.277692317962646 0.305355370044708 0.313188999891281 0.292477607727051 0.280476033687592 0.279758960008621 0.27595728635788 0.268798112869263 0.26826423406601 0.277691602706909 0.285703718662262 0.288336545228958 0.289789646863937 0.28310814499855 0.277095079421997 0.275627106428146 0.283975303173065 0.289374828338623 0.284768372774124 0.286590307950974 0.296358793973923 0.30461323261261 0.322907686233521 0.336481034755707 0.333072364330292 0.324481695890427
