data/trimmed_ndre/J_ndre.77.2010_no_clouds.asc
NCOLS 141 
NROWS 118 
XLLCORNER 516845 
YLLCORNER 5169015 
CELLSIZE 5 
NODATA_value -3.4e+38 
[rows 0 to 19 of 118, columns 45 to 89 of 141]
-3.4e+38 -3.4e+38 -3.4e+38 -3.4e+38 -3.4e+38 -3.4e+38 -3.4e+38 -3.4e+38 -3.4e+38 -3.4e+38 -3.4e+38 -3.4e+38 -3.4e+38 -3.4e+38 -3.4e+38 -3.4e+38 -3.4e+38 -3.4e+38 -3.4e+38 -3.4e+38 -3.4e+38 -3.4e+38 -3.4e+38 -3.4e+38 -3.4e+38 -3.4e+38 -3.4e+38 -3.4e+38 -3.4e+38 -3.4e+38 -3.4e+38 -3.4e+38 -3.4e+38 -3.4e+38 -3.4e+38 -3.4e+38 -3.4e+38 0.625871300697327 0.632596254348755 0.639239311218262 0.630613327026367 0.637533247470856 0.637723207473755 0.638841092586517 0.646111905574799
-3.4e+38 -3.4e+38 -3.4e+38 -3.4e+38 -3.4e+38 -3.4e+38 -3.4e+38 -3.4e+38 -3.4e+38 -3.4e+38 -3.4e+38 -3.4e+38 -3.4e+38 -3.4e+38 -3.4e+38 -3.4e+38 -3.4e+38 -3.4e+38 -3.4e+38 -3.4e+38 -3.4e+38 -3.4e+38 -3.4e+38 -3.4e+38 -3.4e+38 -3.4e+38 -3.4e+38 -3.4e+38 0.628109037876129 0.640194833278656 0.63736355304718 0.622426807880402 0.628633320331573 0.643112063407898 0.641722083091736 0.657886624336243 0.652006387710571 0.634220719337463 0.632247149944305 0.633339047431946 0.637131929397583 0.644117951393127 0.643990337848663 0.641777515411377 0.644305408000946
-3.4e+38 -3.4e+38 -3.4e+38 -3.4e+38 -3.4e+38 -3.4e+38 -3.4e+38 -3.4e+38 -3.4e+38 -3.4e+38 -3.4e+38 -3.4e+38 -3.4e+38 -3.4e+38 -3.4e+38 -3.4e+38 -3.4e+38 -3.4e+38 -3.4e+38 -3.4e+38 0.626982152462006 0.632532894611359 0.64695417881012 0.630446434020996 0.623183965682983 0.632150769233704 0.640269935131073 0.637627005577087 0.63600742816925 0.64346444606781 0.64717435836792 0.640171468257904 0.653516829013824 0.653783440589905 0.638576447963715 0.653155267238617 0.657710671424866 0.643157124519348 0.636813521385193 0.642237842082977 0.645868539810181 0.644718706607819 0.641424417495728 0.638024091720581 0.638181149959564
-3.4e+38 -3.4e+38 -3.4e+38 -3.4e+38 -3.4e+38 -3.4e+38 -3.4e+38 -3.4e+38 -3.4e+38 -3.4e+38 -3.4e+38 -3.4e+38 -3.4e+38 -3.4e+38 -3.4e+38 -3.4e+38 0.619414508342743 0.612346947193146 0.620771527290344 0.634059369564056 0.631204307079315 0.632847130298615 0.644653797149658 0.644681811332703 0.638251066207886 0.630136907100677 0.628140389919281 0.633406400680542 0.632901310920715 0.637556433677673 0.638331294059753 0.633723199367523 0.653131127357483 0.650172114372253 0.635034203529358 0.644220530986786 0.652594864368439 0.649339914321899 0.647148847579956 0.659624993801117 0.663358628749847 0.65052592754364 0.640228569507599 0.638953924179077 0.635302543640137
-3.4e+38 -3.4e+38 -3.4e+38 -3.4e+38 -3.4e+38 -3.4e+38 -3.4e+38 -3.4e+38 -3.4e+38 -3.4e+38 -3.4e+38 -3.4e+38 -3.4e+38 -3.4e+38 -3.4e+38 0.62205171585083 0.629544019699097 0.618943810462952 0.636141777038574 0.644190967082977 0.638478577136993 0.627656400203705 0.630882322788239 0.631114304065704 0.627488851547241 0.627774715423584 0.636027574539185 0.638592898845673 0.633959770202637 0.641777038574219 0.646317660808563 0.646898210048676 0.658876359462738 0.643877267837524 0.633476972579956 0.648287296295166 0.663358628749847 0.659989178180695 0.655954658985138 0.662387728691101 0.654098093509674 0.647287845611572 0.648046612739563 0.657659292221069 0.651635646820068
-3.4e+38 -3.4e+38 -3.4e+38 -3.4e+38 -3.4e+38 -3.4e+38 -3.4e+38 -3.4e+38 -3.4e+38 -3.4e+38 -3.4e+38 -3.4e+38 -3.4e+38 -3.4e+38 0.613234102725983 0.612180829048157 0.623237431049347 0.637823879718781 0.650022447109222 0.650484561920166 0.640452921390533 0.63496458530426 0.64437073469162 0.63940441608429 0.623467028141022 0.628947019577026 0.650271713733673 0.648181557655334 0.63201642036438 0.632181584835052 0.637215793132782 0.651249170303345 0.659196734428406 0.645043134689331 0.62992262840271 0.635896861553192 0.64818811416626 0.647099912166595 0.65314781665802 0.651296973228455 0.632744669914246 0.633954882621765 0.642931282520294 0.657409489154816 0.661920189857483
-3.4e+38 -3.4e+38 -3.4e+38 -3.4e+38 -3.4e+38 -3.4e+38 -3.4e+38 -3.4e+38 -3.4e+38 -3.4e+38 -3.4e+38 -3.4e+38 0.623895168304443 0.63880854845047 0.638853251934052 0.632033467292786 0.63600480556488 0.642975687980652 0.638878345489502 0.648777067661285 0.659943461418152 0.654699683189392 0.643530011177063 0.643282830715179 0.639394819736481 0.634448230266571 0.639989256858826 0.633950054645538 0.630702972412109 0.636583983898163 0.64096337556839 0.650670528411865 0.65823358297348 0.65387499332428 0.645754754543304 0.650215029716492 0.651925623416901 0.644065260887146 0.651287496089935 0.6549271941185 0.648471355438232 0.655799388885498 0.645902216434479 0.654869139194489 0.66922265291214
-3.4e+38 -3.4e+38 -3.4e+38 -3.4e+38 -3.4e+38 -3.4e+38 -3.4e+38 -3.4e+38 -3.4e+38 -3.4e+38 -3.4e+38 0.618104815483093 0.622883915901184 0.640554904937744 0.652702867984772 0.646329164505005 0.641778647899628 0.63753068447113 0.642694473266602 0.659610986709595 0.673210084438324 0.660808682441711 0.638698518276215 0.650598526000977 0.666573941707611 0.659974038600922 0.640535652637482 0.628428280353546 0.638564169406891 0.655900657176971 0.657839477062225 0.658590793609619 0.662406325340271 0.657612919807434 0.648491501808167 0.664943695068359 0.66627824306488 0.651460587978363 0.64881432056427 0.649031102657318 0.653958976268768 0.657901704311371 0.638177573680878 0.653966128826141 0.676207005977631
-3.4e+38 -3.4e+38 -3.4e+38 -3.4e+38 -3.4e+38 -3.4e+38 -3.4e+38 -3.4e+38 -3.4e+38 0.617069721221924 0.626019060611725 0.620888829231262 0.620688676834106 0.636844456195831 0.650581419467926 0.645984768867493 0.64261394739151 0.644481003284454 0.646214187145233 0.652054846286774 0.657706141471863 0.65187668800354 0.643134832382202 0.646838486194611 0.646831929683685 0.644960224628448 0.640367984771729 0.640521049499512 0.648220896720886 0.662878334522247 0.665783822536469 0.65949147939682 0.65028440952301 0.648049533367157 0.65070652961731 0.664775431156158 0.667654395103455 0.656302928924561 0.648893177509308 0.654318869113922 0.652326345443726 0.648959577083588 0.644375085830688 0.648174643516541 0.666754722595215
-3.4e+38 -3.4e+38 -3.4e+38 -3.4e+38 -3.4e+38 -3.4e+38 -3.4e+38 -3.4e+38 0.614423751831055 0.623585402965546 0.625118017196655 0.630452930927277 0.638772785663605 0.644436836242676 0.646215319633484 0.645012855529785 0.647201538085938 0.65134596824646 0.654657006263733 0.654463231563568 0.653043687343597 0.65142822265625 0.658592879772186 0.661130905151367 0.648325681686401 0.645193457603455 0.655778884887695 0.661890864372253 0.656492829322815 0.655733346939087 0.656866669654846 0.651271224021912 0.643920540809631 0.65451991558075 0.663722276687622 0.661123216152191 0.658970654010773 0.661165475845337 0.662189900875092 0.663726627826691 0.649747610092163 0.656975865364075 0.663654744625092 0.644567131996155 0.656261444091797
-3.4e+38 -3.4e+38 -3.4e+38 -3.4e+38 -3.4e+38 -3.4e+38 0.65056574344635 0.63827258348465 0.628242254257202 0.633459568023682 0.639289736747742 0.653339028358459 0.658264577388763 0.659188091754913 0.662975490093231 0.661515772342682 0.655085325241089 0.650454819202423 0.650749027729034 0.671308100223541 0.6740602850914 0.664113759994507 0.662832319736481 0.657521605491638 0.652683079242706 0.655453562736511 0.665006399154663 0.670925259590149 0.660876929759979 0.641301155090332 0.645894110202789 0.655769646167755 0.657073676586151 0.665922045707703 0.665772616863251 0.649046123027802 0.638805270195007 0.652733445167542 0.666660368442535 0.6614990234375 0.654545664787292 0.670004665851593 0.674580574035645 0.654482364654541 0.661866247653961
-3.4e+38 -3.4e+38 -3.4e+38 -3.4e+38 -3.4e+38 0.652198851108551 0.653061509132385 0.641534209251404 0.641562104225159 0.650874853134155 0.659544825553894 0.668355286121368 0.661073982715607 0.657681703567505 0.665147185325623 0.673908889293671 0.658284783363342 0.635075986385345 0.629588782787323 0.667037785053253 0.68179589509964 0.660235285758972 0.646384596824646 0.638607025146484 0.645324051380157 0.656308710575104 0.665871202945709 0.662390112876892 0.651984512805939 0.642262101173401 0.648578643798828 0.659240067005157 0.657056152820587 0.653157293796539 0.657862424850464 0.659170150756836 0.648504912853241 0.647651851177216 0.660827159881592 0.662176430225372 0.654762625694275 0.679434955120087 0.673871219158173 0.659159064292908 0.6606764793396
-3.4e+38 -3.4e+38 -3.4e+38 0.656108438968658 0.650290369987488 0.663663923740387 0.654861092567444 0.640498578548431 0.655619084835052 0.658456921577454 0.661248743534088 0.666349112987518 0.655946731567383 0.647249341011047 0.65678071975708 0.671617686748505 0.662318825721741 0.644995152950287 0.651868224143982 0.682585656642914 0.684921503067017 0.659137427806854 0.642645478248596 0.642153263092041 0.661981284618378 0.681610226631165 0.679900527000427 0.659959852695465 0.650393664836884 0.657960832118988 0.655188083648682 0.65806782245636 0.665130734443665 0.663915276527405 0.666138470172882 0.68013209104538 0.688510954380035 0.68023693561554 0.664364814758301 0.660487473011017 0.660758137702942 0.673234701156616 0.657288610935211 0.650280475616455 0.666010856628418
-3.4e+38 -3.4e+38 0.661496043205261 0.644392251968384 0.637226521968842 0.661434471607208 0.654183626174927 0.647680819034576 0.667008280754089 0.659253597259521 0.655458688735962 0.661141157150269 0.659920930862427 0.654106616973877 0.653861701488495 0.664216637611389 0.667788505554199 0.670859932899475 0.67618590593338 0.677989065647125 0.670805633068085 0.663976728916168 0.659419655799866 0.662525355815887 0.665839552879333 0.667965948581696 0.663429617881775 0.657234966754913 0.656880497932434 0.664520919322968 0.674033105373383 0.674583792686462 0.674682796001434 0.67328417301178 0.665371417999268 0.657787203788757 0.659508049488068 0.667503952980042 0.665109932422638 0.664985299110413 0.672129213809967 0.668353140354156 0.660025000572205 0.66161060333252 0.678444802761078
-3.4e+38 0.659692227840424 0.660922110080719 0.640818476676941 0.63059401512146 0.650078058242798 0.654418051242828 0.657156229019165 0.664679646492004 0.657413899898529 0.648648977279663 0.654331684112549 0.66459983587265 0.662655770778656 0.65635734796524 0.658731877803802 0.669488489627838 0.669888138771057 0.668884575366974 0.658667325973511 0.65140163898468 0.655930161476135 0.661730051040649 0.660993635654449 0.646403312683105 0.635181069374084 0.633905708789825 0.646507561206818 0.677743434906006 0.668811202049255 0.656029880046844 0.661785423755646 0.660361111164093 0.652158319950104 0.65215653181076 0.656964778900146 0.653335452079773 0.652431607246399 0.662288427352905 0.666157126426697 0.691106915473938 0.688483774662018 0.656407475471497 0.654190480709076 0.670271873474121
0.644873321056366 0.649505734443665 0.648563802242279 0.644687175750732 0.63204300403595 0.633369266986847 0.645759880542755 0.657037258148193 0.656635999679565 0.649064004421234 0.64574921131134 0.654043614864349 0.656020164489746 0.650262951850891 0.651404857635498 0.64480322599411 0.646726012229919 0.648520410060883 0.654313862323761 0.655705392360687 0.651675701141357 0.650089204311371 0.648038744926453 0.649114012718201 0.646213114261627 0.646041691303253 0.659822285175323 0.668067693710327 0.666430294513702 0.648773074150085 0.633729875087738 0.646182596683502 0.66134786605835 0.664387285709381 0.663362503051758 0.664800882339478 0.657436609268188 0.648123323917389 0.661960542201996 0.683049321174622 0.668449103832245 0.666096687316895 0.656191051006317 0.651799261569977 0.65851491689682
0.63862931728363 0.629859983921051 0.634819805622101 0.641531586647034 0.632886230945587 0.630133926868439 0.644398510456085 0.655856132507324 0.64926666021347 0.640724062919617 0.64599621295929 0.661021649837494 0.658833563327789 0.650058627128601 0.650934338569641 0.637949168682098 0.638034224510193 0.652874946594238 0.651567041873932 0.643575429916382 0.652308583259583 0.656590580940247 0.643086373806 0.64900803565979 0.664597630500793 0.669042766094208 0.666832864284515 0.658187985420227 0.641702234745026 0.643830478191376 0.655457437038422 0.656992495059967 0.650472462177277 0.647711932659149 0.65189516544342 0.649894535541534 0.645183503627777 0.658478558063507 0.658800482749939 0.657257437705994 0.65086418390274 0.653920233249664 0.665802538394928 0.660722613334656 0.656987309455872
0.629826664924622 0.62569385766983 0.634348630905151 0.647282302379608 0.653496503829956 0.642114639282227 0.639954745769501 0.651433706283569 0.643127143383026 0.638324081897736 0.649145543575287 0.660714507102966 0.652496635913849 0.64501428604126 0.650101661682129 0.653499841690063 0.641025602817535 0.642416000366211 0.645293354988098 0.635776221752167 0.661156952381134 0.673236310482025 0.650205373764038 0.646858274936676 0.662852466106415 0.670654714107513 0.651709914207458 0.644686281681061 0.638541340827942 0.629265487194061 0.635853409767151 0.643707275390625 0.638051807880402 0.632593035697937 0.640610992908478 0.638345420360565 0.632167518138885 0.644294142723083 0.660569787025452 0.651132702827454 0.651458323001862 0.643870830535889 0.650519251823425 0.644320607185364 0.630505502223969
0.626183211803436 0.634948551654816 0.639324307441711 0.653038263320923 0.664397776126862 0.642703771591187 0.638539373874664 0.649276733398438 0.641044974327087 0.639957845211029 0.652321755886078 0.6540846824646 0.635456621646881 0.630236864089966 0.645719349384308 0.657444298267365 0.644242465496063 0.64201146364212 0.643449366092682 0.638285338878632 0.665051341056824 0.669015467166901 0.650342643260956 0.648103296756744 0.655533671379089 0.656413853168488 0.643916487693787 0.630084216594696 0.629222810268402 0.640306711196899 0.64398854970932 0.638437747955322 0.644749999046326 0.648917973041534 0.65165513753891 0.637047648429871 0.629648566246033 0.639772653579712 0.660217583179474 0.65006411075592 0.617553353309631 0.611092805862427 0.62291544675827 0.631913781166077 0.622275769710541
0.622210681438446 0.634012401103973 0.629703402519226 0.640289664268494 0.650423765182495 0.633855938911438 0.64392626285553 0.651905059814453 0.642541229724884 0.643369734287262 0.656649112701416 0.65175074338913 0.629457235336304 0.622505962848663 0.63696014881134 0.654427111148834 0.651287436485291 0.652994573116302 0.64524632692337 0.642192244529724 0.662773251533508 0.660080790519714 0.647828459739685 0.64972198009491 0.65297669172287 0.640966176986694 0.627985894680023 0.627106487751007 0.63207334280014 0.634091079235077 0.635369896888733 0.634129405021667 0.642801523208618 0.649494886398315 0.645813226699829 0.645029664039612 0.638749539852142 0.635315537452698 0.635399878025055 0.652901470661163 0.634961426258087 0.608160436153412 0.616068780422211 0.640300035476685 0.648235321044922
