data/trimmed_ndre/J_ndre.77.2010_no_clouds.asc
NCOLS 141 
NROWS 118 
XLLCORNER 516845 
YLLCORNER 5169015 
CELLSIZE 5 
NODATA_value -3.4e+38 
[rows 40 to 59 of 118, columns 0 to 44 of 141]
-3.4e+38 0.387729078531265 0.392038106918335 0.404601246118546 0.417664468288422 0.39940282702446 0.38146036863327 0.385761439800262 0.400053560733795 0.407047510147095 0.428033500909805 0.436202138662338 0.427537232637405 0.450131863355637 0.483751058578491 0.498754382133484 0.489145994186401 0.48918604850769 0.524676620960236 0.558412671089172 0.566697657108307 0.59176504611969 0.61293613910675 0.606150984764099 0.619073510169983 0.635790407657623 0.624191284179688 0.600375831127167 0.61433607339859 0.616925418376923 0.602456867694855 0.608351290225983 0.627244412899017 0.610717535018921 0.573915541172028 0.583299040794373 0.589662194252014 0.569503426551819 0.552568972110748 0.545102298259735 0.558553218841553 0.572274148464203 0.56412672996521 0.56447970867157 0.567990362644196
-3.4e+38 0.444750338792801 0.450057178735733 0.455476552248001 0.44046151638031 0.398322969675064 0.386031895875931 0.411404669284821 0.43144628405571 0.424418300390244 0.403898179531097 0.39110404253006 0.367861300706863 0.371328413486481 0.386366218328476 0.402245789766312 0.406512409448624 0.40886202454567 0.443218588829041 0.487031191587448 0.498546004295349 0.527176082134247 0.563295125961304 0.591218173503876 0.611015975475311 0.627190768718719 0.628945231437683 0.621290266513824 0.634748637676239 0.611503720283508 0.587821841239929 0.603584289550781 0.634706854820251 0.630362570285797 0.59686142206192 0.58624142408371 0.594843208789825 0.610428750514984 0.598282158374786 0.564454555511475 0.55981433391571 0.555949687957764 0.545108675956726 0.568491518497467 0.577519178390503
-3.4e+38 0.525889813899994 0.514147579669952 0.514945149421692 0.498893439769745 0.472373068332672 0.470776736736298 0.499952048063278 0.517483055591583 0.477524220943451 0.405502766370773 0.367652535438538 0.357898324728012 0.355782777070999 0.359328120946884 0.365910053253174 0.373496949672699 0.373296529054642 0.396365731954575 0.417340040206909 0.426054149866104 0.455789715051651 0.487390249967575 0.500767052173615 0.526203811168671 0.57893306016922 0.618295133113861 0.623376250267029 0.621991872787476 0.608734965324402 0.600034236907959 0.604356229305267 0.611122965812683 0.622532606124878 0.62302953004837 0.62071305513382 0.62463766336441 0.639424502849579 0.631628394126892 0.593518972396851 0.572539269924164 0.54921954870224 0.549235165119171 0.578288316726685 0.584406793117523
-3.4e+38 0.588532149791718 0.570870757102966 0.562901318073273 0.558395564556122 0.552734196186066 0.546061635017395 0.543251097202301 0.548504054546356 0.490612775087357 0.398102223873138 0.377014368772507 0.371981650590897 0.370554059743881 0.376151561737061 0.380690306425095 0.386841148138046 0.393965274095535 0.399173140525818 0.394463509321213 0.378259152173996 0.37829777598381 0.406298816204071 0.419566452503204 0.439070969820023 0.496934145689011 0.55115133523941 0.554412007331848 0.552304089069366 0.568694949150085 0.584503173828125 0.592100024223328 0.582405030727386 0.592577159404755 0.613820374011993 0.628569662570953 0.628818154335022 0.630172312259674 0.632705569267273 0.622224390506744 0.599022805690765 0.568556666374207 0.581312656402588 0.604576885700226 0.590995788574219
-3.4e+38 0.601051986217499 0.591852188110352 0.565602838993073 0.562148928642273 0.573215663433075 0.574445962905884 0.560270071029663 0.550798714160919 0.4823357462883 0.402781397104263 0.395297795534134 0.390083521604538 0.389098137617111 0.394146293401718 0.403917878866196 0.411661595106125 0.419697761535645 0.418092310428619 0.416789084672928 0.414575606584549 0.399876117706299 0.395810931921005 0.387699484825134 0.385599493980408 0.406597137451172 0.452818870544434 0.462821990251541 0.473203301429749 0.507753074169159 0.54487818479538 0.578718543052673 0.596684396266937 0.601774215698242 0.617537379264832 0.628288209438324 0.619206190109253 0.614074766635895 0.621904253959656 0.633276700973511 0.628237903118134 0.607210338115692 0.608131766319275 0.617202997207642 0.596234619617462
-3.4e+38 0.604109764099121 0.586968600749969 0.559049785137177 0.553806006908417 0.565863966941833 0.583033442497253 0.576055705547333 0.562088370323181 0.502553582191467 0.435753434896469 0.42581233382225 0.434743911027908 0.448975682258606 0.446917861700058 0.443215191364288 0.431828051805496 0.439304023981094 0.456905037164688 0.462561428546906 0.471743524074554 0.459845960140228 0.431443512439728 0.399673670530319 0.39880758523941 0.402931988239288 0.398704648017883 0.39896348118782 0.420420974493027 0.467643916606903 0.516529321670532 0.532452523708344 0.560380935668945 0.582344770431519 0.592828631401062 0.613828659057617 0.614008665084839 0.602844774723053 0.61308890581131 0.640082180500031 0.648111462593079 0.62557053565979 0.602605223655701 0.614527523517609 0.615571558475494
-3.4e+38 0.586836218833923 0.570223391056061 0.549674093723297 0.538814008235931 0.542912006378174 0.573725700378418 0.592863619327545 0.580624938011169 0.545717000961304 0.525782227516174 0.515470325946808 0.501091122627258 0.50165468454361 0.499906271696091 0.472176194190979 0.447694003582001 0.440297663211823 0.459656864404678 0.476837426424026 0.483018219470978 0.481536984443665 0.481221556663513 0.46885147690773 0.456368714570999 0.449646979570389 0.434297949075699 0.426519930362701 0.42330265045166 0.423243820667267 0.434643626213074 0.456412583589554 0.487798303365707 0.515165567398071 0.538099229335785 0.567039608955383 0.580431163311005 0.577206611633301 0.588668823242188 0.619065821170807 0.635973334312439 0.620766758918762 0.597206771373749 0.595259070396423 0.596617698669434
-3.4e+38 0.554295361042023 0.532167315483093 0.512340128421783 0.509187400341034 0.524152219295502 0.558720827102661 0.57975822687149 0.569125652313232 0.5568608045578 0.570692539215088 0.57160222530365 0.549840748310089 0.523277282714844 0.518454492092133 0.50608229637146 0.482231855392456 0.460059583187103 0.465228766202927 0.487589836120605 0.485154151916504 0.473086208105087 0.481425493955612 0.502415835857391 0.504718542098999 0.499057590961456 0.503900349140167 0.495549231767654 0.463652431964874 0.448390960693359 0.434454500675201 0.429562658071518 0.431220769882202 0.448888033628464 0.480101108551025 0.508462309837341 0.534772872924805 0.54011458158493 0.545316517353058 0.571056365966797 0.587353050708771 0.580100357532501 0.559255480766296 0.554013907909393 0.558811962604523
-3.4e+38 0.5430628657341 0.509961247444153 0.485703557729721 0.498509466648102 0.534677028656006 0.554054796695709 0.562279045581818 0.567616045475006 0.571375727653503 0.576572477817535 0.576947033405304 0.572675168514252 0.566860735416412 0.57131552696228 0.543828129768372 0.506979525089264 0.492237657308578 0.488824099302292 0.500747442245483 0.506473362445831 0.502476155757904 0.503023505210876 0.496453285217285 0.502486944198608 0.493837535381317 0.48645606637001 0.50019508600235 0.501502752304077 0.503617107868195 0.496517717838287 0.462743192911148 0.432078838348389 0.429801255464554 0.448121577501297 0.46893447637558 0.489790320396423 0.497041434049606 0.503897905349731 0.518000066280365 0.520939826965332 0.515823364257812 0.509430050849915 0.510380029678345 0.531024515628815
-3.4e+38 0.553863883018494 0.518845677375793 0.495783776044846 0.507599234580994 0.541609942913055 0.556213438510895 0.566132783889771 0.591828346252441 0.597102880477905 0.58407586812973 0.578497350215912 0.573022544384003 0.585426509380341 0.59086275100708 0.557712852954865 0.530269086360931 0.514420688152313 0.509536743164062 0.51386970281601 0.523822426795959 0.531581878662109 0.536404371261597 0.495788544416428 0.471879810094833 0.481334745883942 0.463716745376587 0.50449001789093 0.53911280632019 0.537102818489075 0.549082636833191 0.545373141765594 0.519978761672974 0.509405910968781 0.498239487409592 0.481288433074951 0.466377049684525 0.455318748950958 0.452446401119232 0.453132271766663 0.454609841108322 0.45765295624733 0.468309551477432 0.47275772690773 0.480314642190933
-3.4e+38 0.549148261547089 0.530461251735687 0.514843285083771 0.525982141494751 0.54496306180954 0.564747214317322 0.587437450885773 0.608943104743958 0.598232686519623 0.573543727397919 0.568305194377899 0.559076845645905 0.567768096923828 0.57495653629303 0.553790152072906 0.548952400684357 0.544898808002472 0.545259714126587 0.543984055519104 0.546028554439545 0.551554024219513 0.556167840957642 0.535180449485779 0.475780874490738 0.45338448882103 0.458673268556595 0.510726749897003 0.551103591918945 0.553220450878143 0.561143279075623 0.585664391517639 0.592851996421814 0.581971108913422 0.564323425292969 0.535516858100891 0.506195306777954 0.486210435628891 0.47200420498848 0.458516925573349 0.449191957712173 0.438303560018539 0.44015634059906 0.449074029922485 0.447608321905136
-3.4e+38 0.534314513206482 0.543337047100067 0.540052175521851 0.533532500267029 0.541202008724213 0.565076768398285 0.589866638183594 0.601842820644379 0.603329241275787 0.592039823532104 0.576146841049194 0.562964022159576 0.558222472667694 0.554054200649261 0.548247933387756 0.561557233333588 0.566197097301483 0.571219742298126 0.577415406703949 0.589779496192932 0.593995869159698 0.587672650814056 0.567429184913635 0.490877896547318 0.456220626831055 0.478380411863327 0.504273891448975 0.524427771568298 0.546673238277435 0.568630874156952 0.586633443832397 0.597899377346039 0.591197073459625 0.584479629993439 0.582572162151337 0.578351199626923 0.56677120923996 0.543969213962555 0.51567804813385 0.503548145294189 0.491743177175522 0.475769311189651 0.476175040006638 0.49370288848877
-3.4e+38 0.528476119041443 0.545578420162201 0.536844909191132 0.5220547914505 0.529650032520294 0.564433753490448 0.599908769130707 0.610180497169495 0.608848452568054 0.603312611579895 0.588159918785095 0.570461988449097 0.555174350738525 0.543576538562775 0.551056146621704 0.562517523765564 0.559910655021667 0.570450246334076 0.596091687679291 0.610890686511993 0.612622797489166 0.600290656089783 0.566613793373108 0.510906517505646 0.488577783107758 0.503696978092194 0.518698573112488 0.522067129611969 0.550646305084229 0.582806825637817 0.587181746959686 0.608466804027557 0.609886884689331 0.600547075271606 0.603286147117615 0.611733019351959 0.611168444156647 0.586184442043304 0.555128514766693 0.554410994052887 0.559877812862396 0.545322179794312 0.530979573726654 0.555018603801727
-3.4e+38 0.517733991146088 0.517800152301788 0.506131172180176 0.515210032463074 0.544919550418854 0.584050595760345 0.620250701904297 0.619792401790619 0.600389957427979 0.588787734508514 0.579058349132538 0.569395184516907 0.558222949504852 0.554737389087677 0.553831577301025 0.55116069316864 0.552447974681854 0.554663717746735 0.579108536243439 0.600730836391449 0.602724075317383 0.592442035675049 0.552350521087646 0.509632468223572 0.507269442081451 0.532684087753296 0.550789535045624 0.551491856575012 0.570422470569611 0.598963558673859 0.613021790981293 0.620575845241547 0.618799328804016 0.608777940273285 0.605594396591187 0.610178470611572 0.616677165031433 0.612141966819763 0.59990257024765 0.594149231910706 0.59401273727417 0.584298312664032 0.570330440998077 0.583866477012634
-3.4e+38 0.49579781293869 0.491375476121902 0.491761654615402 0.523925423622131 0.578197240829468 0.612455785274506 0.623087227344513 0.616925239562988 0.594613552093506 0.579312384128571 0.568423390388489 0.569356024265289 0.572534501552582 0.569620966911316 0.54838490486145 0.535666167736053 0.539142668247223 0.531950712203979 0.568936228752136 0.600031971931458 0.595247387886047 0.586840212345123 0.554276525974274 0.530853748321533 0.540313839912415 0.564645648002625 0.579846024513245 0.589458048343658 0.614873588085175 0.628318130970001 0.62401819229126 0.611609160900116 0.611248314380646 0.615348815917969 0.621302425861359 0.627737939357758 0.626571536064148 0.620381951332092 0.611683964729309 0.602007806301117 0.590170681476593 0.590026021003723 0.587441980838776 0.578004956245422
-3.4e+38 0.478423774242401 0.489337772130966 0.504827558994293 0.543270647525787 0.587316274642944 0.611813008785248 0.609127461910248 0.616291880607605 0.609277129173279 0.589324235916138 0.577441513538361 0.574773907661438 0.581585288047791 0.569321632385254 0.537981986999512 0.521044611930847 0.526366651058197 0.530942916870117 0.562662899494171 0.599252939224243 0.590155005455017 0.571178674697876 0.539522588253021 0.523997843265533 0.544410824775696 0.569203734397888 0.572978138923645 0.5717693567276 0.593470454216003 0.616131365299225 0.608755886554718 0.591629981994629 0.595428287982941 0.604747176170349 0.620168685913086 0.629199385643005 0.623305380344391 0.610740303993225 0.60122138261795 0.592846632003784 0.57887852191925 0.592889845371246 0.600469887256622 0.582800924777985
-3.4e+38 0.458722472190857 0.484700113534927 0.506088733673096 0.523912310600281 0.562544763088226 0.60039895772934 0.610195696353912 0.598990917205811 0.599620699882507 0.593628704547882 0.581392407417297 0.57576996088028 0.588819026947021 0.571218371391296 0.53388899564743 0.516776263713837 0.524366319179535 0.529062807559967 0.529373586177826 0.558231770992279 0.572779357433319 0.564263164997101 0.542349219322205 0.521451592445374 0.538157284259796 0.567538261413574 0.566423177719116 0.554530024528503 0.560357391834259 0.582341134548187 0.592143952846527 0.592185854911804 0.590811312198639 0.598300158977509 0.618960440158844 0.624204039573669 0.612988293170929 0.604828238487244 0.593916833400726 0.58878630399704 0.588819265365601 0.598003149032593 0.598372399806976 0.590404629707336
-3.4e+38 0.459523856639862 0.484700500965118 0.480740815401077 0.489002048969269 0.541474223136902 0.585977971553802 0.596969664096832 0.577894270420074 0.587413489818573 0.588306546211243 0.568795442581177 0.556914806365967 0.58490777015686 0.583959579467773 0.547620296478271 0.523167908191681 0.514820396900177 0.527913868427277 0.531710028648376 0.55013233423233 0.56432443857193 0.571410238742828 0.567629933357239 0.556274652481079 0.571585178375244 0.582459509372711 0.563072800636292 0.543694913387299 0.540749371051788 0.561401546001434 0.585630118846893 0.606154143810272 0.608218014240265 0.608875453472137 0.624176561832428 0.618848860263824 0.601621270179749 0.594569265842438 0.586741983890533 0.567037224769592 0.568218588829041 0.580151438713074 0.575595438480377 0.564649283885956
-3.4e+38 0.474138736724854 0.485905557870865 0.472009271383286 0.487187713384628 0.527372360229492 0.55422979593277 0.575826168060303 0.573503315448761 0.58017897605896 0.583327770233154 0.561817646026611 0.542425870895386 0.567614018917084 0.582403063774109 0.569949090480804 0.545507609844208 0.526416897773743 0.53932386636734 0.554349482059479 0.558358311653137 0.561173021793365 0.572937309741974 0.573913633823395 0.571110248565674 0.579691112041473 0.579422533512115 0.560508191585541 0.542841911315918 0.540864288806915 0.564977765083313 0.59579062461853 0.621514201164246 0.620311975479126 0.614204108715057 0.619816243648529 0.602057337760925 0.586898267269135 0.581971883773804 0.568734407424927 0.532333850860596 0.531810998916626 0.558800935745239 0.568240106105804 0.577930927276611
-3.4e+38 0.482133448123932 0.483847916126251 0.472394436597824 0.499002486467361 0.524873852729797 0.533356308937073 0.56229168176651 0.567857980728149 0.565002501010895 0.566934585571289 0.556330621242523 0.544075787067413 0.554615199565887 0.56322979927063 0.569145262241364 0.561859548091888 0.54218852519989 0.545153558254242 0.562790095806122 0.565966129302979 0.567629337310791 0.588153123855591 0.588305175304413 0.578740179538727 0.57131826877594 0.571296036243439 0.568720579147339 0.559032440185547 0.566984176635742 0.585716426372528 0.610831797122955 0.622321367263794 0.608645617961884 0.611065804958344 0.614595532417297 0.598940968513489 0.591930449008942 0.576934576034546 0.552384734153748 0.529706060886383 0.529163897037506 0.554116070270538 0.577064335346222 0.603442192077637
