data/trimmed_ndre/J_ndre.711.2014_no_clouds.asc
NCOLS 141 
NROWS 118 
XLLCORNER 516845 
YLLCORNER 5169015 
CELLSIZE 5 
NODATA_value -3.4e+38 
[rows 60 to 79 of 118, columns 45 to 89 of 141]
0.23800790309906 0.226439043879509 0.226100668311119 0.236716836690903 0.260860443115234 0.261030197143555 0.255719572305679 0.270644038915634 0.287107765674591 0.294739335775375 0.281982332468033 0.256716251373291 0.244286626577377 0.24577271938324 0.241392344236374 0.222311899065971 0.214453890919685 0.215402081608772 0.227591663599014 0.245083391666412 0.250458568334579 0.26266148686409 0.240081414580345 0.215777546167374 0.219418212771416 0.205698385834694 0.211538836359978 0.231519535183907 0.247174665331841 0.256048500537872 0.243576765060425 0.231156557798386 0.240757003426552 0.245758682489395 0.256960600614548 0.272210955619812 0.262533366680145 0.251544862985611 0.260492563247681 0.267986595630646 0.279519587755203 0.299454689025879 0.305033504962921 0.296623438596725 0.292463749647141
0.257997691631317 0.245896741747856 0.233368873596191 0.244579374790192 0.281104207038879 0.289073556661606 0.285676777362823 0.302828967571259 0.316971749067307 0.316968679428101 0.297386288642883 0.279384106397629 0.267393201589584 0.264436990022659 0.248532116413116 0.223702982068062 0.212646216154099 0.210510745644569 0.231832385063171 0.2494957447052 0.251715064048767 0.261125236749649 0.242132753133774 0.235002726316452 0.230137676000595 0.209669068455696 0.214143857359886 0.232983514666557 0.248627096414566 0.250222414731979 0.233915537595749 0.229312345385551 0.238586887717247 0.232408225536346 0.242528766393661 0.260342508554459 0.252587020397186 0.25516751408577 0.263341218233109 0.261189013719559 0.267117023468018 0.275447249412537 0.281813114881516 0.29170686006546 0.295224219560623
0.262764424085617 0.256286114454269 0.24218538403511 0.246932774782181 0.280546635389328 0.300427049398422 0.315188467502594 0.320197194814682 0.31809189915657 0.322954535484314 0.310415536165237 0.294603735208511 0.289582282304764 0.285330176353455 0.261137306690216 0.234074667096138 0.22434951364994 0.224216744303703 0.241993919014931 0.255214005708694 0.250190317630768 0.253743410110474 0.250795096158981 0.26101553440094 0.248504400253296 0.227036952972412 0.221495568752289 0.227169886231422 0.245542466640472 0.252438277006149 0.246958985924721 0.251409977674484 0.252132445573807 0.239248514175415 0.250540882349014 0.271015822887421 0.272698372602463 0.272627711296082 0.271196693181992 0.264729112386703 0.272422134876251 0.276742666959763 0.28451669216156 0.295150369405746 0.298676997423172
0.266015231609344 0.259772121906281 0.24994158744812 0.250346511602402 0.265259444713593 0.285633683204651 0.311122447252274 0.321515560150146 0.314988076686859 0.313607513904572 0.299542754888535 0.282662868499756 0.281190812587738 0.287815928459167 0.272836804389954 0.248218342661858 0.249778777360916 0.248228773474693 0.242049321532249 0.247037425637245 0.251125395298004 0.252262622117996 0.259776443243027 0.269641906023026 0.252489387989044 0.238803938031197 0.240479856729507 0.242908582091331 0.251597434282303 0.261804163455963 0.268650561571121 0.279359579086304 0.273967504501343 0.261732876300812 0.27350652217865 0.28928616642952 0.29488930106163 0.288263350725174 0.278922736644745 0.279249459505081 0.296739995479584 0.30351397395134 0.301301419734955 0.301257610321045 0.30538347363472
0.266109526157379 0.26837694644928 0.268538564443588 0.272182434797287 0.270027846097946 0.2743980884552 0.297760099172592 0.312303692102432 0.307716906070709 0.296285271644592 0.286145806312561 0.284082382917404 0.288784980773926 0.294714480638504 0.286220550537109 0.272212594747543 0.272032469511032 0.270264655351639 0.261833369731903 0.259411871433258 0.261569440364838 0.257382720708847 0.256936073303223 0.256931632757187 0.255551934242249 0.248566687107086 0.247584730386734 0.254430681467056 0.255697935819626 0.264413237571716 0.272983551025391 0.282619059085846 0.280853539705276 0.275912225246429 0.28205943107605 0.286740601062775 0.293127804994583 0.294041961431503 0.28862452507019 0.293852031230927 0.310602396726608 0.321770012378693 0.318974107503891 0.315183967351913 0.319087535142899
0.278536081314087 0.284240216016769 0.296580165624619 0.303136467933655 0.297973960638046 0.283408552408218 0.288311064243317 0.300733685493469 0.304047584533691 0.293076455593109 0.287306278944016 0.29533052444458 0.304666548967361 0.29932576417923 0.297563135623932 0.296954751014709 0.293733447790146 0.295144379138947 0.28952619433403 0.272248119115829 0.261477291584015 0.259049534797668 0.25677689909935 0.249517545104027 0.248604446649551 0.24134449660778 0.24638931453228 0.260010331869125 0.259578794240952 0.264665007591248 0.27169480919838 0.271607100963593 0.273731201887131 0.276583760976791 0.279602855443954 0.279318362474442 0.284059584140778 0.289653390645981 0.291649729013443 0.299225598573685 0.307096540927887 0.328013867139816 0.334274858236313 0.325005948543549 0.328622490167618
0.294121384620667 0.303949594497681 0.310540944337845 0.31508132815361 0.320184767246246 0.308334350585938 0.294374585151672 0.296948224306107 0.307391315698624 0.301354616880417 0.294417858123779 0.300427556037903 0.310054749250412 0.305692493915558 0.302693068981171 0.301696270704269 0.295324862003326 0.296356052160263 0.294093281030655 0.271263808012009 0.249880895018578 0.248176217079163 0.245268940925598 0.236316218972206 0.230245247483253 0.240880459547043 0.25337427854538 0.267610490322113 0.276728093624115 0.283729135990143 0.284091740846634 0.273584276437759 0.268176317214966 0.263373255729675 0.275762885808945 0.280764251947403 0.283320337533951 0.289701819419861 0.293649584054947 0.294460117816925 0.295872956514359 0.32245135307312 0.329480588436127 0.321548044681549 0.330912381410599
0.299843102693558 0.313526451587677 0.315706580877304 0.321789294481277 0.334185034036636 0.325507819652557 0.306559056043625 0.295391410589218 0.309683740139008 0.308612138032913 0.30268132686615 0.300755530595779 0.310567498207092 0.310204118490219 0.301898092031479 0.292784780263901 0.287122577428818 0.287145018577576 0.288717061281204 0.285584598779678 0.260158777236938 0.239437624812126 0.232359349727631 0.228059336543083 0.232933104038239 0.248599603772163 0.255979716777802 0.262826889753342 0.283501923084259 0.301470041275024 0.29532727599144 0.289007723331451 0.282269328832626 0.275537312030792 0.29114243388176 0.293005287647247 0.298196136951447 0.305208891630173 0.293009132146835 0.287449717521667 0.292852967977524 0.30993914604187 0.313943058252335 0.315232425928116 0.328998476266861
0.301133871078491 0.330913722515106 0.333753734827042 0.332186728715897 0.332428336143494 0.322801947593689 0.308293163776398 0.299291044473648 0.30688738822937 0.309576123952866 0.310048073530197 0.306507438421249 0.308920353651047 0.304054856300354 0.300268203020096 0.295549720525742 0.294712036848068 0.295901745557785 0.29886069893837 0.302089810371399 0.275088429450989 0.241727024316788 0.228417083621025 0.22471983730793 0.22932742536068 0.248079940676689 0.258090913295746 0.26162388920784 0.270717114210129 0.292891561985016 0.29797089099884 0.301890343427658 0.308639854192734 0.298464059829712 0.297058254480362 0.295187950134277 0.294528543949127 0.299200803041458 0.29404079914093 0.298315465450287 0.300132423639297 0.30453759431839 0.322388857603073 0.333401322364807 0.333062708377838
0.302849233150482 0.333167642354965 0.344286680221558 0.338812857866287 0.312875181436539 0.299667924642563 0.296399921178818 0.295169919729233 0.298664480447769 0.308357030153275 0.31491807103157 0.31290790438652 0.307854890823364 0.296377301216125 0.298623710870743 0.302976012229919 0.310814142227173 0.314027696847916 0.309817582368851 0.302312642335892 0.279414623975754 0.255113631486893 0.239846259355545 0.237696826457977 0.238819137215614 0.257019937038422 0.27491083741188 0.277739018201828 0.282854288816452 0.299879550933838 0.308083236217499 0.318677991628647 0.327540516853333 0.303136944770813 0.297740489244461 0.309786140918732 0.30302095413208 0.307490289211273 0.314779251813889 0.3120998442173 0.316634774208069 0.330178916454315 0.344773262739182 0.346231281757355 0.329271972179413
0.289934456348419 0.313358724117279 0.334306687116623 0.334376722574234 0.305508404970169 0.285439074039459 0.285083621740341 0.287016004323959 0.290565818548203 0.303092122077942 0.310173362493515 0.317973792552948 0.309115529060364 0.290241539478302 0.287786722183228 0.295707225799561 0.311982661485672 0.31454673409462 0.3113754093647 0.301456540822983 0.285279422998428 0.275657445192337 0.267461448907852 0.264560461044312 0.268406689167023 0.281953573226929 0.291803866624832 0.294911950826645 0.303143739700317 0.314690560102463 0.320661932229996 0.331934243440628 0.337436884641647 0.314335465431213 0.318635135889053 0.330097228288651 0.322479128837585 0.330829858779907 0.331487625837326 0.324278712272644 0.335741519927979 0.345069736242294 0.343385457992554 0.344578355550766 0.334659695625305
0.283924371004105 0.309376567602158 0.326942831277847 0.325171530246735 0.306097418069839 0.287649065256119 0.283702462911606 0.284820586442947 0.279859751462936 0.286101937294006 0.298934191465378 0.313318818807602 0.308966964483261 0.29174742102623 0.279191851615906 0.279666006565094 0.292412310838699 0.302156984806061 0.319279193878174 0.315342545509338 0.30022132396698 0.296008259057999 0.286228388547897 0.284196257591248 0.294096827507019 0.29824897646904 0.29660776257515 0.296537429094315 0.311111986637115 0.322479873895645 0.325975984334946 0.336637884378433 0.343759506940842 0.338889479637146 0.33424973487854 0.337369740009308 0.337039977312088 0.340796321630478 0.331535130739212 0.330233305692673 0.345355153083801 0.340515911579132 0.334227472543716 0.333177983760834 0.321090161800385
0.281893491744995 0.299292653799057 0.317512392997742 0.318827122449875 0.306054294109344 0.295724481344223 0.280227512121201 0.269137293100357 0.263223588466644 0.267238408327103 0.279760718345642 0.285865008831024 0.274801164865494 0.271719008684158 0.271023213863373 0.269934624433517 0.272251456975937 0.287033408880234 0.306861370801926 0.302254915237427 0.298270761966705 0.296283185482025 0.282813191413879 0.279950141906738 0.29505380988121 0.303844451904297 0.297805845737457 0.297964990139008 0.307440519332886 0.319767475128174 0.31910428404808 0.327110946178436 0.346756219863892 0.344609022140503 0.330290138721466 0.338879942893982 0.341673851013184 0.334882795810699 0.329196631908417 0.335331588983536 0.348229438066483 0.34430992603302 0.340197771787643 0.336367577314377 0.323662608861923
0.288942962884903 0.304429918527603 0.317544341087341 0.31662181019783 0.307431012392044 0.300258457660675 0.279391139745712 0.262377291917801 0.263177275657654 0.262690544128418 0.26605948805809 0.260550439357758 0.251035869121552 0.260675966739655 0.269816845655441 0.272559076547623 0.271577447652817 0.279237419366837 0.291709274053574 0.292047500610352 0.296173214912415 0.297684550285339 0.290702044963837 0.277860641479492 0.290739178657532 0.30266347527504 0.304581135511398 0.308862805366516 0.307821899652481 0.311691850423813 0.312037408351898 0.322199910879135 0.340065091848373 0.329996854066849 0.320194214582443 0.339083164930344 0.338385730981827 0.335826963186264 0.338023126125336 0.334222674369812 0.339508861303329 0.344255715608597 0.347327202558517 0.346709221601486 0.339482396841049
0.309315651655197 0.323306292295456 0.325615257024765 0.318179994821548 0.31092956662178 0.305045366287231 0.286635160446167 0.279719173908234 0.277224510908127 0.273076236248016 0.268078863620758 0.265074640512466 0.266560047864914 0.267626196146011 0.266774863004684 0.271635919809341 0.281685501337051 0.293360888957977 0.297611624002457 0.302785992622375 0.309086114168167 0.28915947675705 0.28417706489563 0.285168796777725 0.288127601146698 0.296767175197601 0.296112418174744 0.297577768564224 0.299653023481369 0.306311041116714 0.319279670715332 0.326534748077393 0.326596736907959 0.316509395837784 0.317197680473328 0.338047832250595 0.338478744029999 0.349299252033234 0.346993416547775 0.327425181865692 0.332382172346115 0.341522008180618 0.345803081989288 0.343898415565491 0.343687176704407
0.32729098200798 0.338820487260818 0.336583346128464 0.326003134250641 0.320604890584946 0.3076032102108 0.287484765052795 0.286913007497787 0.282301932573318 0.277476072311401 0.278829604387283 0.288245409727097 0.294039726257324 0.282430708408356 0.272632658481598 0.276704251766205 0.297491908073425 0.310711175203323 0.299514055252075 0.297414749860764 0.295653283596039 0.282176405191422 0.288794994354248 0.291183799505234 0.286784023046494 0.299308806657791 0.30253803730011 0.30749300122261 0.311540395021439 0.311047077178955 0.333260089159012 0.328772664070129 0.304302215576172 0.322890818119049 0.334018975496292 0.340435534715652 0.342097491025925 0.352193474769592 0.348422348499298 0.336399435997009 0.342809975147247 0.341588526964188 0.338707119226456 0.335878849029541 0.335907846689224
0.334645241498947 0.343484580516815 0.336243599653244 0.329272389411926 0.328196048736572 0.314238607883453 0.304898589849472 0.304024875164032 0.292322367429733 0.284592747688293 0.284768521785736 0.290059477090836 0.293675661087036 0.277726769447327 0.272297292947769 0.282312333583832 0.295940965414047 0.310265630483627 0.305607825517654 0.308859676122665 0.299237877130508 0.293643325567245 0.294570237398148 0.285980850458145 0.291085720062256 0.299136936664581 0.304583549499512 0.328420460224152 0.327605068683624 0.311413794755936 0.316859722137451 0.319209516048431 0.313808023929596 0.338206648826599 0.343776673078537 0.346444398164749 0.337941914796829 0.328058689832687 0.347946763038635 0.358570367097855 0.354128688573837 0.349947661161423 0.345242947340012 0.340084910392761 0.337759703397751
0.328524529933929 0.3309386074543 0.32031437754631 0.321876674890518 0.324578672647476 0.309591054916382 0.309045344591141 0.309027254581451 0.300957024097443 0.303077310323715 0.303193330764771 0.303171426057816 0.30170002579689 0.289108037948608 0.285131692886353 0.279939234256744 0.278704106807709 0.300519049167633 0.319049119949341 0.32295835018158 0.310061633586884 0.302418529987335 0.293872654438019 0.282138377428055 0.289804071187973 0.293635755777359 0.301651448011398 0.329369992017746 0.323872566223145 0.309930026531219 0.315680980682373 0.334637105464935 0.334160596132278 0.328781992197037 0.332129329442978 0.345793604850769 0.329434335231781 0.319804906845093 0.356613159179688 0.359900146722794 0.343077957630157 0.338643163442612 0.333048939704895 0.33259242773056 0.342436254024506
0.313592463731766 0.311802268028259 0.303967118263245 0.30528137087822 0.310969710350037 0.302633970975876 0.298479586839676 0.295967191457748 0.292049378156662 0.295518100261688 0.301174610853195 0.30605360865593 0.310485690832138 0.315278470516205 0.323903262615204 0.299607127904892 0.279050976037979 0.297264724969864 0.322876334190369 0.32588717341423 0.306039214134216 0.30645078420639 0.299198418855667 0.286413937807083 0.292902052402496 0.296834290027618 0.305330097675323 0.318294405937195 0.310038357973099 0.313023000955582 0.333089172840118 0.346931040287018 0.338013410568237 0.326080441474915 0.329037547111511 0.346192389726639 0.338805049657822 0.340956956148148 0.366599440574646 0.36710324883461 0.35426253080368 0.3383928835392 0.327246844768524 0.325237154960632 0.3333460688591
0.30341899394989 0.301921308040619 0.296202480792999 0.293615579605103 0.299365490674973 0.297369182109833 0.293795347213745 0.296018660068512 0.298420459032059 0.295768707990646 0.295307666063309 0.292796611785889 0.293000906705856 0.306816607713699 0.321345031261444 0.309766411781311 0.298542201519012 0.304803401231766 0.320394396781921 0.323909997940063 0.32027393579483 0.327527105808258 0.314635068178177 0.300637811422348 0.30455419421196 0.305828124284744 0.31136354804039 0.314092040061951 0.311002612113953 0.318457305431366 0.344273954629898 0.354693502187729 0.340405404567719 0.327466368675232 0.335327208042145 0.350853979587555 0.345656782388687 0.346848100423813 0.361181169748306 0.36683851480484 0.364041745662689 0.352508246898651 0.350775212049484 0.347011744976044 0.344834178686142
