data/trimmed_ndre/J_ndre.78.2015_no_clouds.asc
NCOLS 141 
NROWS 118 
XLLCORNER 516845 
YLLCORNER 5169015 
CELLSIZE 5 
NODATA_value -3.4e+38 
[rows 40 to 59 of 118, columns 90 to 134 of 141]
0.173576176166534 0.171773314476013 0.168724432587624 0.164370760321617 0.159399256110191 0.162061050534248 0.16409395635128 0.168541923165321 0.174786925315857 0.171270832419395 0.169319793581963 0.173850029706955 0.183917045593262 0.182991310954094 0.186378389596939 0.186789646744728 0.168154999613762 0.17470084130764 0.186161667108536 0.195301786065102 0.200015276670456 0.188840284943581 0.182747185230255 0.181018233299255 0.172896206378937 0.173890635371208 0.177766725420952 0.182729423046112 0.182211846113205 0.178204372525215 0.184362977743149 -3.4e+38 -3.4e+38 -3.4e+38 -3.4e+38 -3.4e+38 -3.4e+38 -3.4e+38 -3.4e+38 -3.4e+38 -3.4e+38 -3.4e+38 -3.4e+38 -3.4e+38 -3.4e+38
0.164866372942924 0.158737152814865 0.1547811627388 0.15541335940361 0.158662885427475 0.165389031171799 0.165783956646919 0.167635008692741 0.170428246259689 0.169750481843948 0.170439451932907 0.171352997422218 0.174948871135712 0.17966590821743 0.178141206502914 0.175481766462326 0.169751599431038 0.179892897605896 0.19412487745285 0.205183103680611 0.205935403704643 0.185397297143936 0.178794637322426 0.176959544420242 0.175320133566856 0.177977859973907 0.176400855183601 0.17759145796299 0.180199086666107 0.174978405237198 0.17803093791008 -3.4e+38 -3.4e+38 -3.4e+38 -3.4e+38 -3.4e+38 -3.4e+38 -3.4e+38 -3.4e+38 -3.4e+38 -3.4e+38 -3.4e+38 -3.4e+38 -3.4e+38 -3.4e+38
0.16527783870697 0.16008685529232 0.151126131415367 0.153999045491219 0.160601869225502 0.166436493396759 0.16669499874115 0.169144034385681 0.170817375183105 0.171313434839249 0.173091694712639 0.169725209474564 0.174663126468658 0.184322655200958 0.175927981734276 0.176211476325989 0.180789470672607 0.188694998621941 0.19686721265316 0.197317183017731 0.196280628442764 0.189333841204643 0.184225708246231 0.181906625628471 0.181951314210892 0.181981056928635 0.178485244512558 0.179037764668465 0.180543228983879 0.177269786596298 0.174876198172569 -3.4e+38 -3.4e+38 -3.4e+38 -3.4e+38 -3.4e+38 -3.4e+38 -3.4e+38 -3.4e+38 -3.4e+38 -3.4e+38 -3.4e+38 -3.4e+38 -3.4e+38 -3.4e+38
0.180092021822929 0.180741980671883 0.170459628105164 0.168411195278168 0.168078824877739 0.167988806962967 0.166848435997963 0.169950023293495 0.171389043331146 0.173626616597176 0.177802667021751 0.177936360239983 0.186568096280098 0.192249312996864 0.183782890439034 0.18645216524601 0.190348088741302 0.193084463477135 0.193515226244926 0.185648337006569 0.187679871916771 0.193719282746315 0.191156134009361 0.182241305708885 0.176086589694023 0.174522995948792 0.175897166132927 0.177600279450417 0.18000765144825 0.179669857025146 0.174719825387001 -3.4e+38 -3.4e+38 -3.4e+38 -3.4e+38 -3.4e+38 -3.4e+38 -3.4e+38 -3.4e+38 -3.4e+38 -3.4e+38 -3.4e+38 -3.4e+38 -3.4e+38 -3.4e+38
0.196236610412598 0.194090843200684 0.18473744392395 0.180814504623413 0.172233685851097 0.167793348431587 0.16671684384346 0.169325083494186 0.170311808586121 0.174501776695251 0.179307416081429 0.182154431939125 0.190331533551216 0.195857048034668 0.193296954035759 0.190691560506821 0.188834697008133 0.190383404493332 0.190005883574486 0.182376623153687 0.179111257195473 0.182261765003204 0.183871254324913 0.177293628454208 0.172168180346489 0.168335497379303 0.168690487742424 0.170052587985992 0.175303891301155 0.18032069504261 0.180674776434898 0.173543825745583 -3.4e+38 -3.4e+38 -3.4e+38 -3.4e+38 -3.4e+38 -3.4e+38 -3.4e+38 -3.4e+38 -3.4e+38 -3.4e+38 -3.4e+38 -3.4e+38 -3.4e+38
0.188815578818321 0.187063544988632 0.187849372625351 0.184870332479477 0.170606374740601 0.168288767337799 0.171756193041801 0.177609279751778 0.180854260921478 0.186020582914352 0.186387807130814 0.181674927473068 0.174981147050858 0.181874364614487 0.186279907822609 0.18415355682373 0.177869006991386 0.184871554374695 0.19180254638195 0.191455662250519 0.179510712623596 0.182108223438263 0.182476416230202 0.175971314311028 0.17240509390831 0.164015933871269 0.158513888716698 0.160545378923416 0.172387853264809 0.180867254734039 0.179713651537895 0.16913802921772 -3.4e+38 -3.4e+38 -3.4e+38 -3.4e+38 -3.4e+38 -3.4e+38 -3.4e+38 -3.4e+38 -3.4e+38 -3.4e+38 -3.4e+38 -3.4e+38 -3.4e+38
0.183894217014313 0.179336503148079 0.187207609415054 0.181758657097816 0.169462457299232 0.177650913596153 0.18663501739502 0.191079646348953 0.192752107977867 0.198314487934113 0.199209645390511 0.193448215723038 0.186024099588394 0.195949137210846 0.193917959928513 0.183606222271919 0.172731414437294 0.183653324842453 0.192559197545052 0.193813741207123 0.186068475246429 0.188818126916885 0.181792974472046 0.175696715712547 0.174118295311928 0.163877382874489 0.159665212035179 0.162016704678535 0.170080035924911 0.177159875631332 0.173278853297234 0.168933838605881 -3.4e+38 -3.4e+38 -3.4e+38 -3.4e+38 -3.4e+38 -3.4e+38 -3.4e+38 -3.4e+38 -3.4e+38 -3.4e+38 -3.4e+38 -3.4e+38 -3.4e+38
0.183655023574829 0.178260236978531 0.191660135984421 0.186056464910507 0.181793674826622 0.190523102879524 0.197102025151253 0.198115155100822 0.195321172475815 0.192413434386253 0.189888626337051 0.192372545599937 0.198645874857903 0.210543796420097 0.206313222646713 0.195448637008667 0.188913747668266 0.195783957839012 0.196050062775612 0.194709420204163 0.191479757428169 0.190594866871834 0.177532836794853 0.173327684402466 0.174880087375641 0.169271856546402 0.165502637624741 0.165813565254211 0.168736070394516 0.17256960272789 0.170492395758629 0.174998313188553 -3.4e+38 -3.4e+38 -3.4e+38 -3.4e+38 -3.4e+38 -3.4e+38 -3.4e+38 -3.4e+38 -3.4e+38 -3.4e+38 -3.4e+38 -3.4e+38 -3.4e+38
0.188618883490562 0.186883494257927 0.193729922175407 0.184017539024353 0.187139734625816 0.194152995944023 0.195175319910049 0.19599050283432 0.194176256656647 0.189268127083778 0.183735907077789 0.189658105373383 0.206288605928421 0.219519853591919 0.217282563447952 0.212113961577415 0.209354192018509 0.208122074604034 0.200774773955345 0.204357698559761 0.196717157959938 0.186184287071228 0.178778678178787 0.181228905916214 0.18238465487957 0.178207486867905 0.171663850545883 0.170823529362679 0.17374561727047 0.176194950938225 0.170297488570213 0.174939781427383 -3.4e+38 -3.4e+38 -3.4e+38 -3.4e+38 -3.4e+38 -3.4e+38 -3.4e+38 -3.4e+38 -3.4e+38 -3.4e+38 -3.4e+38 -3.4e+38 -3.4e+38
0.19798818230629 0.193167790770531 0.190288156270981 0.180806547403336 0.190480560064316 0.188963934779167 0.186738297343254 0.197085216641426 0.208707228302956 0.213547855615616 0.210287615656853 0.20691604912281 0.218340694904327 0.238017588853836 0.250083535909653 0.247992128133774 0.232332780957222 0.214704632759094 0.205556720495224 0.225184947252274 0.218249216675758 0.205201670527458 0.199222400784492 0.200439125299454 0.195626601576805 0.187508106231689 0.178441286087036 0.177143514156342 0.181017637252808 0.183609262108803 0.179342582821846 0.179809719324112 0.181397065520287 -3.4e+38 -3.4e+38 -3.4e+38 -3.4e+38 -3.4e+38 -3.4e+38 -3.4e+38 -3.4e+38 -3.4e+38 -3.4e+38 -3.4e+38 -3.4e+38
0.212352469563484 0.199978768825531 0.188338384032249 0.185162499547005 0.207127794623375 0.200696215033531 0.196199640631676 0.208013877272606 0.231054127216339 0.254661083221436 0.266860604286194 0.267541855573654 0.258001446723938 0.263640820980072 0.273314505815506 0.272324204444885 0.245991468429565 0.213385537266731 0.197536662220955 0.210435345768929 0.221956759691238 0.215620011091232 0.210619434714317 0.213908433914185 0.206957638263702 0.196767255663872 0.187169715762138 0.183105438947678 0.184516996145248 0.186844825744629 0.189147800207138 0.192220643162727 0.178051933646202 -3.4e+38 -3.4e+38 -3.4e+38 -3.4e+38 -3.4e+38 -3.4e+38 -3.4e+38 -3.4e+38 -3.4e+38 -3.4e+38 -3.4e+38 -3.4e+38
0.215165555477142 0.203590527176857 0.194505080580711 0.194770947098732 0.207843065261841 0.202426105737686 0.203775018453598 0.218504443764687 0.246594414114952 0.281852513551712 0.294368147850037 0.282258063554764 0.255326509475708 0.255384504795074 0.267782628536224 0.270624965429306 0.248590379953384 0.212033852934837 0.186277791857719 0.184912845492363 0.204241469502449 0.205928489565849 0.205054104328156 0.20781247317791 0.206572398543358 0.205525457859039 0.201356276869774 0.195403903722763 0.189645826816559 0.184748128056526 0.187652707099915 0.195414274930954 0.188824206590652 -3.4e+38 -3.4e+38 -3.4e+38 -3.4e+38 -3.4e+38 -3.4e+38 -3.4e+38 -3.4e+38 -3.4e+38 -3.4e+38 -3.4e+38 -3.4e+38
0.207101166248322 0.204207271337509 0.207804679870605 0.20444093644619 0.202557578682899 0.20027494430542 0.204782992601395 0.218635320663452 0.240383461117744 0.264281630516052 0.264838367700577 0.248286724090576 0.225060805678368 0.220546200871468 0.234040021896362 0.24286475777626 0.232880085706711 0.199404463171959 0.174545720219612 0.165643572807312 0.175523042678833 0.189887925982475 0.198275804519653 0.205570533871651 0.212530925869942 0.220446154475212 0.219537153840065 0.212069913744926 0.201686441898346 0.194425523281097 0.196716889739037 0.201888665556908 0.201691180467606 -3.4e+38 -3.4e+38 -3.4e+38 -3.4e+38 -3.4e+38 -3.4e+38 -3.4e+38 -3.4e+38 -3.4e+38 -3.4e+38 -3.4e+38 -3.4e+38
0.245731964707375 0.247828766703606 0.237660840153694 0.210519045591354 0.194551736116409 0.192744344472885 0.198250845074654 0.202776789665222 0.20906001329422 0.218515828251839 0.221253216266632 0.208096832036972 0.194500714540482 0.192625448107719 0.207803696393967 0.219480246305466 0.214830502867699 0.190758869051933 0.171130925416946 0.163144424557686 0.170480474829674 0.191229164600372 0.202269896864891 0.212142303586006 0.223328560590744 0.235064193606377 0.234545171260834 0.222566395998001 0.206519991159439 0.195462957024574 0.195069134235382 0.198516994714737 0.202644169330597 0.206538394093513 -3.4e+38 -3.4e+38 -3.4e+38 -3.4e+38 -3.4e+38 -3.4e+38 -3.4e+38 -3.4e+38 -3.4e+38 -3.4e+38 -3.4e+38
0.30416351556778 0.285400152206421 0.251531273126602 0.205306813120842 0.181975275278091 0.177101865410805 0.184312954545021 0.183554217219353 0.178302243351936 0.181096106767654 0.195430725812912 0.196301102638245 0.18809449672699 0.183473229408264 0.190227299928665 0.201038017868996 0.202892363071442 0.190033286809921 0.172424465417862 0.171232715249062 0.169316902756691 0.177919149398804 0.196915194392204 0.214599519968033 0.230573803186417 0.240116506814957 0.235576093196869 0.220689713954926 0.202341884374619 0.188849210739136 0.187070205807686 0.18605150282383 0.187418192625046 0.192219033837318 -3.4e+38 -3.4e+38 -3.4e+38 -3.4e+38 -3.4e+38 -3.4e+38 -3.4e+38 -3.4e+38 -3.4e+38 -3.4e+38 -3.4e+38
0.31955549120903 0.287745028734207 0.236593127250671 0.184226617217064 0.170153304934502 0.172892838716507 0.178584694862366 0.174247324466705 0.165240496397018 0.165776923298836 0.177482351660728 0.189826741814613 0.18508292734623 0.177853837609291 0.177269667387009 0.186377316713333 0.199406191706657 0.192450433969498 0.174337536096573 0.170679092407227 0.161952912807465 0.164727747440338 0.184193074703217 0.207232847809792 0.228797152638435 0.24229209125042 0.240729957818985 0.220846474170685 0.197974428534508 0.184159323573112 0.185344383120537 0.18849541246891 0.183321982622147 0.180528432130814 -3.4e+38 -3.4e+38 -3.4e+38 -3.4e+38 -3.4e+38 -3.4e+38 -3.4e+38 -3.4e+38 -3.4e+38 -3.4e+38 -3.4e+38
0.293024390935898 0.261125475168228 0.219247981905937 0.184304520487785 0.178302302956581 0.177185878157616 0.177278235554695 0.174691006541252 0.170875191688538 0.166222289204597 0.17240147292614 0.184045061469078 0.180588692426682 0.171749413013458 0.167171195149422 0.17236815392971 0.188242703676224 0.182053104043007 0.170581296086311 0.16598753631115 0.160828396677971 0.162322521209717 0.176846250891685 0.202172964811325 0.230145007371902 0.248392000794411 0.245806753635406 0.220986664295197 0.201624512672424 0.188056007027626 0.18178254365921 0.180386960506439 0.174088105559349 0.171491056680679 -3.4e+38 -3.4e+38 -3.4e+38 -3.4e+38 -3.4e+38 -3.4e+38 -3.4e+38 -3.4e+38 -3.4e+38 -3.4e+38 -3.4e+38
0.28381821513176 0.263928860425949 0.229735732078552 0.201394736766815 0.190128102898598 0.179618239402771 0.169875830411911 0.16733130812645 0.169795647263527 0.164373844861984 0.165497362613678 0.17134515941143 0.171655923128128 0.166712462902069 0.162728577852249 0.16805137693882 0.182647883892059 0.177008330821991 0.169157400727272 0.166483774781227 0.170181587338448 0.16875733435154 0.179886355996132 0.205999255180359 0.239653989672661 0.256611883640289 0.243500605225563 0.216174691915512 0.205888345837593 0.191950216889381 0.176701918244362 0.167367666959763 0.166980624198914 0.164655044674873 0.165056496858597 -3.4e+38 -3.4e+38 -3.4e+38 -3.4e+38 -3.4e+38 -3.4e+38 -3.4e+38 -3.4e+38 -3.4e+38 -3.4e+38
0.266587823629379 0.261401295661926 0.239713087677956 0.213396683335304 0.192901983857155 0.178375229239464 0.162084072828293 0.162145346403122 0.16629034280777 0.161149755120277 0.152556195855141 0.152835175395012 0.158645406365395 0.164473503828049 0.158478781580925 0.162422016263008 0.174212113022804 0.176519453525543 0.175336614251137 0.17120298743248 0.172070175409317 0.17799474298954 0.193646997213364 0.222002908587456 0.253376334905624 0.260105699300766 0.23143507540226 0.206582218408585 0.202582359313965 0.195614293217659 0.176269084215164 0.163604959845543 0.166817396879196 0.161491498351097 0.163049042224884 -3.4e+38 -3.4e+38 -3.4e+38 -3.4e+38 -3.4e+38 -3.4e+38 -3.4e+38 -3.4e+38 -3.4e+38 -3.4e+38
0.236991763114929 0.243656516075134 0.231527328491211 0.207570686936378 0.197399795055389 0.19094206392765 0.173394814133644 0.168333068490028 0.164634123444557 0.157355546951294 0.144440829753876 0.146408244967461 0.152346417307854 0.15710423886776 0.15076407790184 0.152367755770683 0.159622147679329 0.169530183076859 0.184013545513153 0.175274401903152 0.173500135540962 0.188303425908089 0.211950376629829 0.242380619049072 0.260225206613541 0.249402076005936 0.21157069504261 0.19272281229496 0.192124739289284 0.195862635970116 0.187726765871048 0.181205943226814 0.176999926567078 0.166223764419556 0.167719423770905 0.173036485910416 -3.4e+38 -3.4e+38 -3.4e+38 -3.4e+38 -3.4e+38 -3.4e+38 -3.4e+38 -3.4e+38 -3.4e+38
