data/trimmed_ndre/J_ndre.84.2012_no_clouds.asc
NCOLS 141 
NROWS 118 
XLLCORNER 516845 
YLLCORNER 5169015 
CELLSIZE 5 
NODATA_value -3.4e+38 
[rows 60 to 79 of 118, columns 90 to 134 of 141]
0.391199082136154 0.379165440797806 0.382021844387054 0.375201731920242 0.375385940074921 0.392344504594803 0.377131313085556 0.332619309425354 0.282602548599243 0.264716178178787 0.26487398147583 0.245482116937637 0.236578077077866 0.231914266943932 0.238480269908905 0.249424055218697 0.275314569473267 0.315362006425858 0.346342802047729 0.360911428928375 0.384261667728424 0.383201003074646 0.38801521062851 0.410369545221329 0.396874129772186 0.394015848636627 0.419018775224686 0.423405289649963 0.414314866065979 0.37618026137352 0.340540915727615 0.293294101953506 0.262664824724197 0.263862192630768 0.272663801908493 0.288129478693008 -3.4e+38 -3.4e+38 -3.4e+38 -3.4e+38 -3.4e+38 -3.4e+38 -3.4e+38 -3.4e+38 -3.4e+38
0.402824997901917 0.363266378641129 0.367590934038162 0.37193551659584 0.395920872688293 0.432779371738434 0.438772797584534 0.405640363693237 0.333996295928955 0.277809798717499 0.261701762676239 0.24470853805542 0.234756335616112 0.213936880230904 0.21668204665184 0.237621054053307 0.262646794319153 0.303782135248184 0.342729032039642 0.371968030929565 0.380361288785934 0.375660121440887 0.385672301054001 0.400797098875046 0.40833979845047 0.40410441160202 0.410641580820084 0.40440633893013 0.373389571905136 0.346505433320999 0.321309834718704 0.285511940717697 0.256158918142319 0.275200188159943 0.288450986146927 0.294734418392181 0.317280799150467 -3.4e+38 -3.4e+38 -3.4e+38 -3.4e+38 -3.4e+38 -3.4e+38 -3.4e+38 -3.4e+38
0.406225502490997 0.374848693609238 0.367769032716751 0.388105064630508 0.408220201730728 0.42699608206749 0.442546635866165 0.430070459842682 0.378246784210205 0.319411247968674 0.280143827199936 0.251031905412674 0.233055502176285 0.199928924441338 0.20559498667717 0.235459566116333 0.256004631519318 0.293726086616516 0.339731872081757 0.389715611934662 0.377614229917526 0.382061839103699 0.419614642858505 0.442176699638367 0.445620745420456 0.407185137271881 0.392187684774399 0.389526218175888 0.361355304718018 0.336295068264008 0.310049593448639 0.27378261089325 0.253687530755997 0.287217974662781 0.297187566757202 0.301883816719055 0.334481447935104 -3.4e+38 -3.4e+38 -3.4e+38 -3.4e+38 -3.4e+38 -3.4e+38 -3.4e+38 -3.4e+38
0.418844997882843 0.405785769224167 0.390855550765991 0.405727416276932 0.417467594146729 0.41683691740036 0.434047907590866 0.436788111925125 0.436721593141556 0.382907837629318 0.320277184247971 0.263179451227188 0.229147657752037 0.213737338781357 0.213726043701172 0.228145658969879 0.246592476963997 0.27893254160881 0.339667290449142 0.404627829790115 0.405634731054306 0.397973328828812 0.444465011358261 0.462781369686127 0.442379236221313 0.400081694126129 0.363677144050598 0.355839550495148 0.347244143486023 0.321033328771591 0.282904833555222 0.265392452478409 0.255388408899307 0.287596106529236 0.311212658882141 0.320374369621277 0.347796738147736 0.354351311922073 -3.4e+38 -3.4e+38 -3.4e+38 -3.4e+38 -3.4e+38 -3.4e+38 -3.4e+38
0.433801829814911 0.419321656227112 0.388056248426437 0.382755666971207 0.402756422758102 0.414484292268753 0.42061060667038 0.412976384162903 0.423700511455536 0.4097501039505 0.368401706218719 0.307080000638962 0.255113989114761 0.247619166970253 0.235217392444611 0.226237326860428 0.24126361310482 0.283464729785919 0.339352637529373 0.401555776596069 0.410398364067078 0.41694113612175 0.440742582082748 0.442311108112335 0.419114500284195 0.405034214258194 0.363381445407867 0.328869998455048 0.322589844465256 0.294763773679733 0.248900786042213 0.239500269293785 0.265341520309448 0.321774125099182 0.349557369947433 0.348217815160751 0.360163241624832 0.346236377954483 -3.4e+38 -3.4e+38 -3.4e+38 -3.4e+38 -3.4e+38 -3.4e+38 -3.4e+38
0.433809757232666 0.430889189243317 0.419385999441147 0.407720029354095 0.420115560293198 0.429753065109253 0.410620629787445 0.395589679479599 0.410094380378723 0.428277432918549 0.403719633817673 0.348448604345322 0.282090544700623 0.256610989570618 0.250151574611664 0.239998012781143 0.2535360455513 0.299924492835999 0.352499157190323 0.384273588657379 0.391780912876129 0.412804901599884 0.431989699602127 0.430476039648056 0.410602480173111 0.396738737821579 0.36908096075058 0.323217779397964 0.304757684469223 0.296440303325653 0.276462763547897 0.233273565769196 0.255364090204239 0.336670637130737 0.369149476289749 0.379080295562744 0.366840392351151 0.325939983129501 0.304450780153275 -3.4e+38 -3.4e+38 -3.4e+38 -3.4e+38 -3.4e+38 -3.4e+38
0.446374386548996 0.4357970058918 0.431405484676361 0.432503819465637 0.451213032007217 0.443416386842728 0.407605320215225 0.394136488437653 0.40629631280899 0.424789130687714 0.407970577478409 0.355405688285828 0.290892899036407 0.254436880350113 0.250043541193008 0.253161162137985 0.268352478742599 0.312985956668854 0.379906117916107 0.366001009941101 0.369906157255173 0.41532489657402 0.431710243225098 0.447628647089005 0.444700986146927 0.425076872110367 0.403502404689789 0.364100128412247 0.304857224225998 0.270460546016693 0.276078641414642 0.245476290583611 0.256669610738754 0.33489727973938 0.379697412252426 0.402819573879242 0.377141386270523 0.314868301153183 0.298894047737122 -3.4e+38 -3.4e+38 -3.4e+38 -3.4e+38 -3.4e+38 -3.4e+38
0.420676052570343 0.412241727113724 0.397603273391724 0.396528124809265 0.432160794734955 0.424396067857742 0.399618983268738 0.398856431245804 0.395489603281021 0.407979041337967 0.411062330007553 0.375630974769592 0.330594182014465 0.269844025373459 0.23933881521225 0.246187582612038 0.275435388088226 0.330857306718826 0.381668776273727 0.360078036785126 0.358373045921326 0.401834100484848 0.413534909486771 0.4511479139328 0.487099528312683 0.467251658439636 0.441834300756454 0.413928031921387 0.359552681446075 0.30219492316246 0.300983935594559 0.28712272644043 0.28038677573204 0.347544103860855 0.400524616241455 0.426437854766846 0.400463163852692 0.339532047510147 0.320303380489349 0.349824577569962 -3.4e+38 -3.4e+38 -3.4e+38 -3.4e+38 -3.4e+38
0.389405637979507 0.376412600278854 0.371371388435364 0.396302103996277 0.426280528306961 0.40865370631218 0.389881491661072 0.386411100625992 0.386051267385483 0.380618155002594 0.377755671739578 0.373794704675674 0.350787788629532 0.287616789340973 0.243080765008926 0.255401730537415 0.303050309419632 0.345636874437332 0.371198207139969 0.363191455602646 0.379568368196487 0.402144908905029 0.409414380788803 0.435122221708298 0.472986429929733 0.460451126098633 0.431950151920319 0.420614451169968 0.40945690870285 0.358901679515839 0.326848864555359 0.319320321083069 0.317144125699997 0.365591019392014 0.41095694899559 0.427086234092712 0.414511620998383 0.372361898422241 0.341469168663025 0.339432150125504 -3.4e+38 -3.4e+38 -3.4e+38 -3.4e+38 -3.4e+38
0.383097469806671 0.351203978061676 0.361665308475494 0.391984850168228 0.408966302871704 0.40318176150322 0.389582604169846 0.37416997551918 0.352150619029999 0.32836988568306 0.324559271335602 0.336111694574356 0.319629818201065 0.274661719799042 0.251929670572281 0.26558193564415 0.31251272559166 0.359169125556946 0.364961177110672 0.344476491212845 0.3700051009655 0.394036859273911 0.39752608537674 0.423700571060181 0.432525128126144 0.442211449146271 0.439164042472839 0.426488637924194 0.415347874164581 0.38990393280983 0.350640684366226 0.346812546253204 0.356961309909821 0.379784315824509 0.398756414651871 0.406710892915726 0.404125511646271 0.383056879043579 0.352462559938431 0.343100279569626 0.358076542615891 -3.4e+38 -3.4e+38 -3.4e+38 -3.4e+38
0.377108424901962 0.346497267484665 0.367081433534622 0.383020550012589 0.386613667011261 0.38313016295433 0.364162385463715 0.344628065824509 0.310669869184494 0.285744398832321 0.289983659982681 0.314084619283676 0.29607942700386 0.262357383966446 0.25415626168251 0.275032192468643 0.326989740133286 0.382939010858536 0.38030418753624 0.338540524244308 0.355249553918839 0.374281257390976 0.396433800458908 0.41475248336792 0.401654273271561 0.420398533344269 0.456657528877258 0.435929149389267 0.398928135633469 0.406909316778183 0.38651505112648 0.373717308044434 0.378978073596954 0.385439723730087 0.396575152873993 0.404309809207916 0.404907703399658 0.386903762817383 0.369055718183517 0.370325118303299 0.391414433717728 -3.4e+38 -3.4e+38 -3.4e+38 -3.4e+38
0.374653190374374 0.366462916135788 0.377282798290253 0.387749314308167 0.383373379707336 0.375885337591171 0.346090078353882 0.323754221200943 0.30460649728775 0.271600753068924 0.270779997110367 0.292893141508102 0.269977033138275 0.244689166545868 0.248115792870522 0.278756827116013 0.339652389287949 0.383439004421234 0.385611325502396 0.379516363143921 0.370488584041595 0.380698442459106 0.408081740140915 0.420242011547089 0.410575121641159 0.407926380634308 0.431401818990707 0.424483180046082 0.39034903049469 0.40458345413208 0.395142316818237 0.369857460260391 0.373341590166092 0.393846750259399 0.407715946435928 0.424043297767639 0.422284156084061 0.399794906377792 0.386645138263702 0.386157125234604 0.406847298145294 0.418907791376114 -3.4e+38 -3.4e+38 -3.4e+38
0.390978336334229 0.383858799934387 0.384919494390488 0.395947247743607 0.388347804546356 0.380590379238129 0.348603338003159 0.321322023868561 0.297092437744141 0.261447995901108 0.250598907470703 0.263625741004944 0.247139886021614 0.221202418208122 0.227791607379913 0.263182073831558 0.32551434636116 0.372620731592178 0.386732429265976 0.397921115159988 0.36088439822197 0.388203531503677 0.42661052942276 0.426937878131866 0.447746008634567 0.425236701965332 0.398590534925461 0.3811174929142 0.356157839298248 0.346009016036987 0.352919667959213 0.34638324379921 0.361618220806122 0.388056218624115 0.400970041751862 0.428933531045914 0.431566804647446 0.405908584594727 0.390689551830292 0.381683826446533 0.40635073184967 0.428239941596985 -3.4e+38 -3.4e+38 -3.4e+38
0.39819610118866 0.379252940416336 0.381020456552505 0.396537631750107 0.38298287987709 0.378434091806412 0.35718309879303 0.332866579294205 0.303730934858322 0.269437432289124 0.257615715265274 0.258557468652725 0.248095318675041 0.222102120518684 0.221405744552612 0.255496710538864 0.302924960851669 0.362805008888245 0.390164405107498 0.396353155374527 0.379538536071777 0.396264314651489 0.422650575637817 0.429675668478012 0.448285460472107 0.428059101104736 0.382338672876358 0.351534157991409 0.308503478765488 0.270027011632919 0.286581635475159 0.332355320453644 0.367573887109756 0.375215440988541 0.383171826601028 0.411519646644592 0.417724817991257 0.400388240814209 0.393161356449127 0.394046515226364 0.40972974896431 0.432657718658447 0.438125669956207 -3.4e+38 -3.4e+38
0.389841109514236 0.378059536218643 0.384614825248718 0.394429802894592 0.376644968986511 0.374264121055603 0.368930101394653 0.354842960834503 0.340085744857788 0.320263415575027 0.306413531303406 0.291237652301788 0.266432791948318 0.242353573441505 0.233698561787605 0.254518061876297 0.297580391168594 0.348796278238297 0.385134726762772 0.400295287370682 0.403498262166977 0.388863027095795 0.406968533992767 0.43738928437233 0.443642437458038 0.434568285942078 0.393582850694656 0.344531923532486 0.294129818677902 0.250091254711151 0.251814633607864 0.311207443475723 0.357061088085175 0.365544199943542 0.387433648109436 0.411539524793625 0.410500466823578 0.401763260364532 0.397137373685837 0.41224467754364 0.420797318220139 0.425276309251785 0.432808399200439 -3.4e+38 -3.4e+38
0.384525924921036 0.389694690704346 0.392639666795731 0.402896165847778 0.403713583946228 0.406805455684662 0.390028476715088 0.38524141907692 0.389047384262085 0.375473469495773 0.354694366455078 0.326253980398178 0.29062283039093 0.260480135679245 0.247392356395721 0.253205627202988 0.287087023258209 0.34153950214386 0.387815028429031 0.398943901062012 0.416611462831497 0.410080701112747 0.420842379331589 0.462239176034927 0.464292168617249 0.451190143823624 0.423346102237701 0.365120410919189 0.29481366276741 0.237451285123825 0.24530166387558 0.30128687620163 0.349824488162994 0.372304737567902 0.395057946443558 0.412875175476074 0.415347129106522 0.40418004989624 0.374866366386414 0.375845372676849 0.400600701570511 0.416049987077713 0.424834191799164 -3.4e+38 -3.4e+38
0.403492510318756 0.407109916210175 0.398545414209366 0.407942771911621 0.429424822330475 0.432075828313828 0.415661454200745 0.413744240999222 0.414608597755432 0.40671968460083 0.387250363826752 0.36415359377861 0.319493800401688 0.273750334978104 0.255534797906876 0.248671114444733 0.282341480255127 0.357128769159317 0.412440419197083 0.403022080659866 0.415288120508194 0.42915865778923 0.438937097787857 0.463307529687881 0.466835051774979 0.459659039974213 0.432671397924423 0.36051881313324 0.271268874406815 0.232010006904602 0.257619231939316 0.31753408908844 0.366052180528641 0.384501993656158 0.397594809532166 0.409619063138962 0.411210298538208 0.402761340141296 0.39786484837532 0.388009577989578 0.398226618766785 0.427536338567734 0.439758509397507 -3.4e+38 -3.4e+38
0.412183791399002 0.425246745347977 0.433263450860977 0.438499957323074 0.447857797145844 0.451824903488159 0.458057254552841 0.450255960226059 0.433995306491852 0.424641340970993 0.415014505386353 0.391046494245529 0.346490025520325 0.302397578954697 0.280037760734558 0.277372390031815 0.301931113004684 0.374919980764389 0.42394432425499 0.417109489440918 0.405925840139389 0.426826864480972 0.434940576553345 0.429206281900406 0.457610219717026 0.457811444997787 0.404995977878571 0.337627291679382 0.264376163482666 0.223923996090889 0.253709197044373 0.313356578350067 0.358597218990326 0.379058122634888 0.395015954971313 0.411324948072433 0.405935168266296 0.39984929561615 0.41658541560173 0.418708711862564 0.41441610455513 0.429491072893143 -3.4e+38 -3.4e+38 -3.4e+38
0.412702769041061 0.428766846656799 0.445550054311752 0.453000366687775 0.458965659141541 0.457036316394806 0.467941373586655 0.464487075805664 0.451135098934174 0.439561694860458 0.431588917970657 0.404341399669647 0.358481079339981 0.324140250682831 0.309887737035751 0.315391480922699 0.316151112318039 0.3596331179142 0.415968358516693 0.419879168272018 0.39292898774147 0.406115025281906 0.424421548843384 0.410660266876221 0.449584186077118 0.438061326742172 0.378952234983444 0.329342275857925 0.272145509719849 0.220322594046593 0.238324582576752 0.289286285638809 0.327104210853577 0.360440373420715 0.383237600326538 0.397215157747269 0.388634383678436 0.385865688323975 0.398693978786469 0.406663835048676 0.410942226648331 0.418942987918854 -3.4e+38 -3.4e+38 -3.4e+38
0.412186294794083 0.429080009460449 0.442082941532135 0.452598124742508 0.457362592220306 0.449841111898422 0.447808504104614 0.452401727437973 0.45218551158905 0.445745468139648 0.433348655700684 0.405295580625534 0.364666104316711 0.334383219480515 0.321012556552887 0.319222122430801 0.324518710374832 0.364631980657578 0.409919202327728 0.421643763780594 0.401224225759506 0.406086623668671 0.426802098751068 0.428311139345169 0.42154598236084 0.40221506357193 0.366786420345306 0.325203150510788 0.271364122629166 0.233038067817688 0.236184924840927 0.273399591445923 0.311551779508591 0.351027548313141 0.373250126838684 0.373730272054672 0.365397989749908 0.373172998428345 0.372968852519989 0.381113350391388 0.402196288108826 0.414297997951508 -3.4e+38 -3.4e+38 -3.4e+38
