data/trimmed_ndre/J_ndre.715.2011_no_clouds.asc
NCOLS 141 
NROWS 118 
XLLCORNER 516845 
YLLCORNER 5169015 
CELLSIZE 5 
NODATA_value -3.4e+38 
[rows 60 to 79 of 118, columns 0 to 44 of 141]
-3.4e+38 0.169183745980263 0.163592711091042 0.174188241362572 0.174097433686256 0.171100363135338 0.147168904542923 0.133857235312462 0.148592486977577 0.139038041234016 0.140169531106949 0.155137598514557 0.162955045700073 0.153431445360184 0.149110987782478 0.173299476504326 0.165238827466965 0.153155535459518 0.149869427084923 0.154382973909378 0.150278612971306 0.151020467281342 0.16030840575695 0.155102446675301 0.155969470739365 0.158682629466057 0.162652254104614 0.173457905650139 0.203614935278893 0.208669349551201 0.188141703605652 0.206622377038002 0.202051728963852 0.188521966338158 0.18484103679657 0.182408228516579 0.167334660887718 0.146841064095497 0.161629557609558 0.172381296753883 0.164549052715302 0.16311326622963 0.175646156072617 0.18270169198513 0.179497793316841
-3.4e+38 0.16907049715519 0.153964728116989 0.158608764410019 0.170433446764946 0.146816655993462 0.131114512681961 0.13048991560936 0.148879423737526 0.140367701649666 0.150250911712646 0.161917194724083 0.152520209550858 0.152048781514168 0.172483965754509 0.18163974583149 0.160192847251892 0.140767335891724 0.14599484205246 0.154674589633942 0.148907646536827 0.155104875564575 0.163469806313515 0.152889683842659 0.149831995368004 0.16229735314846 0.169428899884224 0.160113632678986 0.192609369754791 0.202176213264465 0.18002837896347 0.197485074400902 0.189089342951775 0.180828526616096 0.199809089303017 0.186850473284721 0.170958757400513 0.169227123260498 0.178007379174232 0.177899226546288 0.155889615416527 0.151478797197342 0.179925352334976 0.172636643052101 0.158411353826523
-3.4e+38 0.170897930860519 0.155819743871689 0.154829248785973 0.161126926541328 0.147466167807579 0.14952352643013 0.159693166613579 0.165840402245522 0.163085535168648 0.166274562478065 0.157229736447334 0.143719702959061 0.150994554162025 0.167406350374222 0.168821543455124 0.149199828505516 0.135478153824806 0.151118248701096 0.166809573769569 0.160819247364998 0.163103699684143 0.159173861145973 0.153023064136505 0.155530944466591 0.165349200367928 0.162374675273895 0.154723227024078 0.18526865541935 0.201827839016914 0.192462384700775 0.195145294070244 0.192629516124725 0.186469480395317 0.185159876942635 0.183747693896294 0.175596654415131 0.188585683703423 0.196255177259445 0.184405356645584 0.171722024679184 0.161008343100548 0.16644723713398 0.157958641648293 0.162038445472717
-3.4e+38 0.180149063467979 0.175262928009033 0.173985630273819 0.155984804034233 0.150128617882729 0.160181432962418 0.168400973081589 0.166447043418884 0.162691384553909 0.16785092651844 0.153919473290443 0.156237989664078 0.170958951115608 0.17761418223381 0.161363214254379 0.13647848367691 0.134251847863197 0.159789547324181 0.166476085782051 0.159325003623962 0.173385366797447 0.165900379419327 0.166887253522873 0.177963614463806 0.172193810343742 0.160716488957405 0.157286271452904 0.176990792155266 0.180939868092537 0.188892439007759 0.18282513320446 0.168366521596909 0.170678213238716 0.172131985425949 0.175814867019653 0.170909374952316 0.182366773486137 0.183148249983788 0.171663880348206 0.174071535468102 0.171075150370598 0.162584394216537 0.169347032904625 0.181287601590157
-3.4e+38 0.179921090602875 0.171672433614731 0.158610805869102 0.138503685593605 0.140915095806122 0.157231733202934 0.161910802125931 0.15865159034729 0.155707374215126 0.1612628698349 0.157488524913788 0.158911719918251 0.160974204540253 0.15630778670311 0.150284424424171 0.138179793953896 0.146978035569191 0.176473274827003 0.202033162117004 0.198053598403931 0.183194726705551 0.165508076548576 0.178689986467361 0.191056802868843 0.181899428367615 0.17141081392765 0.167861565947533 0.169544756412506 0.158642813563347 0.162578403949738 0.169146463274956 0.168810114264488 0.166971653699875 0.169380202889442 0.177202969789505 0.178812429308891 0.187570065259933 0.1889368891716 0.185681015253067 0.182964950799942 0.176564455032349 0.175611346960068 0.172289103269577 0.171179115772247
-3.4e+38 0.160173639655113 0.148576751351357 0.137764602899551 0.143705129623413 0.163851395249367 0.156613767147064 0.146151125431061 0.165011018514633 0.156151160597801 0.15405099093914 0.164469733834267 0.173151701688766 0.160724475979805 0.147462844848633 0.153221175074577 0.156286343932152 0.161031275987625 0.175673022866249 0.192433193325996 0.199408277869225 0.172829210758209 0.157678663730621 0.169028759002686 0.183637276291847 0.18738953769207 0.183797478675842 0.181737795472145 0.176008895039558 0.17342971265316 0.177471473813057 0.169368073344231 0.167183995246887 0.166257873177528 0.17370568215847 0.187973275780678 0.179149106144905 0.170771583914757 0.18228380382061 0.191499844193459 0.174279883503914 0.163249984383583 0.183311432600021 0.175139799714088 0.162765234708786
-3.4e+38 0.144954890012741 0.162525221705437 0.159441843628883 0.154016733169556 0.179215922951698 0.160414174199104 0.157973796129227 0.179586842656136 0.164515823125839 0.156603053212166 0.157895535230637 0.160957902669907 0.155045002698898 0.154622435569763 0.158314868807793 0.153357490897179 0.155302628874779 0.164739295840263 0.170262828469276 0.17843009531498 0.178212955594063 0.170127242803574 0.177392333745956 0.186805427074432 0.188581064343452 0.184686556458473 0.183917537331581 0.169010877609253 0.162948191165924 0.172504052519798 0.173617854714394 0.166838705539703 0.161451831459999 0.171543955802917 0.189152285456657 0.167999923229218 0.150472357869148 0.16490626335144 0.167061701416969 0.152642816305161 0.151934757828712 0.176767215132713 0.167215153574944 0.162359192967415
-3.4e+38 0.14902338385582 0.155280694365501 0.156779259443283 0.150667905807495 0.166886553168297 0.170699656009674 0.180715903639793 0.176996946334839 0.155896380543709 0.155173033475876 0.139285549521446 0.133757695555687 0.136152848601341 0.152805477380753 0.161543980240822 0.147496715188026 0.147431656718254 0.182003512978554 0.18975917994976 0.166603773832321 0.173649534583092 0.17957179248333 0.185847923159599 0.189451843500137 0.177853032946587 0.172961696982384 0.169687673449516 0.157206401228905 0.15197491645813 0.170731946825981 0.188127413392067 0.17468124628067 0.154565677046776 0.162126943469048 0.178651973605156 0.163309901952744 0.153425648808479 0.169285953044891 0.177536010742188 0.162587895989418 0.158816531300545 0.165782541036606 0.156879127025604 0.149423018097878
-3.4e+38 0.160916641354561 0.170161053538322 0.171491950750351 0.147784352302551 0.143091112375259 0.158452734351158 0.166958510875702 0.160605415701866 0.152733027935028 0.157502815127373 0.140091896057129 0.135079860687256 0.14247889816761 0.146265268325806 0.159967944025993 0.152276858687401 0.150805369019508 0.19761298596859 0.198828563094139 0.160516455769539 0.164818063378334 0.167948395013809 0.175034552812576 0.17423640191555 0.161625951528549 0.161681607365608 0.16268028318882 0.161779224872589 0.164446294307709 0.18097822368145 0.19150198996067 0.170777976512909 0.1485785394907 0.149652615189552 0.169482186436653 0.174523204565048 0.1782496124506 0.188586324453354 0.188395217061043 0.179959610104561 0.170619919896126 0.167950347065926 0.155654072761536 0.143657267093658
-3.4e+38 0.248994097113609 0.241378083825111 0.208088055253029 0.165487825870514 0.152526587247849 0.160448148846626 0.156477406620979 0.150940805673599 0.154217064380646 0.160932973027229 0.160995185375214 0.14951565861702 0.149830922484398 0.156700536608696 0.166369274258614 0.163292974233627 0.158515349030495 0.182414516806602 0.186105310916901 0.161861941218376 0.155337169766426 0.154531627893448 0.158032208681107 0.161755487322807 0.163087397813797 0.173283562064171 0.174364790320396 0.175307914614677 0.178970336914062 0.180758774280548 0.177573055028915 0.166650757193565 0.15533421933651 0.147951856255531 0.15688644349575 0.16929130256176 0.17364090681076 0.17193914949894 0.17675293982029 0.177066326141357 0.167104303836823 0.165645271539688 0.159163653850555 0.153634741902351
-3.4e+38 0.341774433851242 0.308476656675339 0.250380158424377 0.20060521364212 0.174104586243629 0.166991844773293 0.157188594341278 0.144208416342735 0.137711018323898 0.149841547012329 0.16227051615715 0.150653094053268 0.167857453227043 0.181748673319817 0.162857174873352 0.170455530285835 0.181308105587959 0.184051185846329 0.174330830574036 0.167544454336166 0.167334213852882 0.169334769248962 0.16867658495903 0.177717477083206 0.184305682778358 0.186086624860764 0.184068694710732 0.17386831343174 0.170227527618408 0.174136817455292 0.166391924023628 0.177411571145058 0.17390364408493 0.155791535973549 0.151223167777061 0.154405951499939 0.158730685710907 0.157739296555519 0.166155979037285 0.173337742686272 0.165376856923103 0.163051202893257 0.169250354170799 0.170676246285439
-3.4e+38 0.365321844816208 0.338167369365692 0.315231651067734 0.257924735546112 0.188583984971046 0.169582799077034 0.164352834224701 0.152187645435333 0.142637059092522 0.146216362714767 0.158933699131012 0.158639505505562 0.17942613363266 0.1761704236269 0.162650495767593 0.18281577527523 0.197052508592606 0.188851326704025 0.169411137700081 0.172703593969345 0.189917221665382 0.182952538132668 0.16594210267067 0.178597122430801 0.184547439217567 0.17136824131012 0.163987129926682 0.166005596518517 0.169087305665016 0.171450406312943 0.169005066156387 0.192446693778038 0.193480715155602 0.172816127538681 0.164843574166298 0.161009162664413 0.174213036894798 0.18444636464119 0.179229557514191 0.18254491686821 0.172306209802628 0.161560416221619 0.171828657388687 0.175219312310219
-3.4e+38 0.364553660154343 0.352166622877121 0.379377782344818 0.300646364688873 0.18237891793251 0.16435469686985 0.165311440825462 0.161169320344925 0.147066563367844 0.14692148566246 0.172852471470833 0.185428112745285 0.183592528104782 0.176682382822037 0.164788499474525 0.175194665789604 0.178249195218086 0.193237513303757 0.18971611559391 0.185148149728775 0.193527072668076 0.176509454846382 0.149054393172264 0.158613473176956 0.187070474028587 0.185651868581772 0.168385297060013 0.183327242732048 0.177993774414062 0.167894050478935 0.175688862800598 0.202349543571472 0.18723638355732 0.168359339237213 0.178679555654526 0.19111242890358 0.19767427444458 0.183624088764191 0.164235383272171 0.173294991254807 0.171696498990059 0.153525993227959 0.15682365000248 0.17018948495388
-3.4e+38 0.363830298185349 0.366579443216324 0.402671128511429 0.309556931257248 0.184429183602333 0.159222766757011 0.161524504423141 0.15384903550148 0.142173424363136 0.146625369787216 0.181100904941559 0.190594509243965 0.170857325196266 0.171183601021767 0.161720797419548 0.151544943451881 0.160714089870453 0.195882126688957 0.207746773958206 0.176945924758911 0.165813758969307 0.179475411772728 0.176440507173538 0.167156830430031 0.172314420342445 0.182727679610252 0.190255135297775 0.198659434914589 0.181445196270943 0.189699158072472 0.19068306684494 0.194100067019463 0.186357393860817 0.151453539729118 0.173832938075066 0.207027852535248 0.206498235464096 0.163965925574303 0.144476100802422 0.15957336127758 0.157001599669456 0.137323915958405 0.148522585630417 0.173160433769226
-3.4e+38 0.395473480224609 0.390511691570282 0.391319364309311 0.305926412343979 0.197992995381355 0.156187176704407 0.155644252896309 0.140960946679115 0.139612883329391 0.154680356383324 0.173560589551926 0.176571026444435 0.155332237482071 0.15743462741375 0.174079313874245 0.163183286786079 0.161362662911415 0.180408015847206 0.185793504118919 0.162440225481987 0.151793584227562 0.180898442864418 0.19718986749649 0.168401896953583 0.150626569986343 0.175316527485847 0.194697737693787 0.191306859254837 0.17385359108448 0.190124645829201 0.194581314921379 0.200276494026184 0.212134554982185 0.167120397090912 0.167135074734688 0.18986676633358 0.187682941555977 0.176494643092155 0.160792335867882 0.164153784513474 0.155247494578362 0.147068470716476 0.154699012637138 0.166778564453125
-3.4e+38 0.436335623264313 0.394019931554794 0.35977765917778 0.296548575162888 0.214207544922829 0.166355475783348 0.158811435103416 0.143717288970947 0.147721841931343 0.159544810652733 0.159845873713493 0.173316925764084 0.151978120207787 0.152304545044899 0.175728276371956 0.153435990214348 0.158665120601654 0.17053796350956 0.166764467954636 0.176660373806953 0.17638623714447 0.180247813463211 0.190266072750092 0.172622784972191 0.15269635617733 0.172751635313034 0.192463293671608 0.185285523533821 0.162748456001282 0.1688422113657 0.20221121609211 0.177036195993423 0.16435581445694 0.177755370736122 0.180332913994789 0.186912387609482 0.208859339356422 0.222908824682236 0.185462146997452 0.165816113352776 0.16052833199501 0.157799452543259 0.150848180055618 0.148091569542885
-3.4e+38 0.46378281712532 0.42180147767067 0.387303799390793 0.325360596179962 0.231408342719078 0.182343482971191 0.1666299700737 0.149855256080627 0.143139705061913 0.151403903961182 0.163728952407837 0.178694263100624 0.163472056388855 0.160013526678085 0.166464015841484 0.14960914850235 0.171621516346931 0.192010447382927 0.18007618188858 0.183305561542511 0.173607110977173 0.161921128630638 0.169101893901825 0.180071234703064 0.163552433252335 0.159692361950874 0.171820104122162 0.171300977468491 0.160625919699669 0.162670075893402 0.177360087633133 0.157071903347969 0.165878474712372 0.201809927821159 0.212666854262352 0.22166596353054 0.244000136852264 0.241156220436096 0.207342430949211 0.180241867899895 0.160847067832947 0.149237260222435 0.15218597650528 0.162799775600433
-3.4e+38 0.494888186454773 0.474627137184143 0.458287447690964 0.381204098463058 0.264121621847153 0.207242578268051 0.157451346516609 0.137024521827698 0.137087196111679 0.150844022631645 0.164988771080971 0.172085762023926 0.168466076254845 0.155842483043671 0.168919548392296 0.171443313360214 0.17111249268055 0.184020221233368 0.164787828922272 0.154814884066582 0.165832445025444 0.161658003926277 0.163355335593224 0.170486465096474 0.159870147705078 0.147729635238647 0.157584592700005 0.168385684490204 0.166804745793343 0.178005993366241 0.171967849135399 0.157739520072937 0.169441685080528 0.201952934265137 0.220456957817078 0.215337023139 0.223891317844391 0.224034950137138 0.202552571892738 0.174973577260971 0.167738944292068 0.160159677267075 0.159102663397789 0.168746843934059
-3.4e+38 0.521332025527954 0.511208415031433 0.508009374141693 0.458694934844971 0.356363922357559 0.26127490401268 0.185341104865074 0.157210752367973 0.159240901470184 0.151854366064072 0.16350120306015 0.163603723049164 0.15868005156517 0.151880383491516 0.182390972971916 0.187849164009094 0.166960656642914 0.16760541498661 0.14700174331665 0.150779247283936 0.182544395327568 0.179935842752457 0.155051127076149 0.155613362789154 0.167528182268143 0.153895288705826 0.164914593100548 0.166114881634712 0.145836964249611 0.160905256867409 0.162072971463203 0.151685327291489 0.154516443610191 0.177499532699585 0.188692599534988 0.171829178929329 0.175628855824471 0.179280266165733 0.171749666333199 0.150076746940613 0.143877476453781 0.147119745612144 0.158143505454063 0.160738855600357
0.555921137332916 0.5300013422966 0.521300852298737 0.533469378948212 0.511659502983093 0.442249149084091 0.339328944683075 0.256617218255997 0.220702037215233 0.187841385602951 0.157943800091743 0.159540444612503 0.153702706098557 0.159761220216751 0.164327919483185 0.172308176755905 0.167115464806557 0.161580175161362 0.167731404304504 0.165064290165901 0.166448637843132 0.17447954416275 0.170637905597687 0.15424220263958 0.160643249750137 0.177311167120934 0.162931516766548 0.157417610287666 0.162534892559052 0.144543394446373 0.143654927611351 0.155849382281303 0.173300445079803 0.179633185267448 0.159951865673065 0.150114506483078 0.148285672068596 0.151862606406212 0.148641720414162 0.144557058811188 0.141061887145042 0.141479074954987 0.147359669208527 0.162939250469208 0.155423447489738
