data/trimmed_ndre/J_ndre.710.2012_no_clouds.asc
NCOLS 141 
NROWS 118 
XLLCORNER 516845 
YLLCORNER 5169015 
CELLSIZE 5 
NODATA_value -3.4e+38 
[rows 40 to 59 of 118, columns 0 to 44 of 141]
-3.4e+38 0.352157831192017 0.357371687889099 0.380676597356796 0.37286040186882 0.349254906177521 0.349615931510925 0.36013388633728 0.374756783246994 0.378493636846542 0.364617973566055 0.354196727275848 0.346594154834747 0.344531148672104 0.336281776428223 0.316118180751801 0.314597547054291 0.338740020990372 0.347003400325775 0.324654132127762 0.348895102739334 0.343336433172226 0.32888075709343 0.34324437379837 0.330438703298569 0.324726462364197 0.316260933876038 0.30033752322197 0.289162069559097 0.310013264417648 0.351470410823822 0.354968845844269 0.34039580821991 0.339120477437973 0.335051476955414 0.31823319196701 0.289688676595688 0.253852963447571 0.240173801779747 0.228457391262054 0.204826027154922 0.185400664806366 0.192352503538132 0.223516836762428 0.241132706403732
-3.4e+38 0.366073936223984 0.359086573123932 0.3825603723526 0.375400483608246 0.369570851325989 0.370511949062347 0.368171840906143 0.364362865686417 0.368528962135315 0.371405720710754 0.367136687040329 0.364429980516434 0.363536685705185 0.351554214954376 0.335377633571625 0.343947440385818 0.351060450077057 0.339486420154572 0.33032763004303 0.350411802530289 0.336130440235138 0.333042293787003 0.339028149843216 0.322970688343048 0.321117788553238 0.301672488451004 0.285555511713028 0.290865689516068 0.305434256792068 0.350027114152908 0.35797592997551 0.324336796998978 0.328391343355179 0.337921500205994 0.341229170560837 0.319715291261673 0.287386566400528 0.283595591783524 0.27435103058815 0.240660339593887 0.211137682199478 0.20752415060997 0.245413020253181 0.276024132966995
-3.4e+38 0.358956933021545 0.345571041107178 0.365469932556152 0.363520592451096 0.375832051038742 0.376083016395569 0.359815210103989 0.34891864657402 0.352162301540375 0.360432177782059 0.364945381879807 0.370058238506317 0.372675001621246 0.365648448467255 0.370137959718704 0.382408887147903 0.369498133659363 0.348521143198013 0.346515327692032 0.353916525840759 0.33616691827774 0.344042390584946 0.348835051059723 0.336884647607803 0.331422954797745 0.304413765668869 0.29055780172348 0.300644189119339 0.314058572053909 0.344105839729309 0.353230267763138 0.345087558031082 0.346793681383133 0.347488909959793 0.348429322242737 0.335968434810638 0.315686076879501 0.307040244340897 0.298598378896713 0.274515181779861 0.253722250461578 0.259099692106247 0.290625631809235 0.30628702044487
-3.4e+38 0.325151085853577 0.324744671583176 0.339329779148102 0.338314712047577 0.353133261203766 0.354087322950363 0.347025543451309 0.342502921819687 0.339121371507645 0.340015202760696 0.348971575498581 0.361919969320297 0.367543071508408 0.370031774044037 0.385483980178833 0.395350873470306 0.382050812244415 0.37311863899231 0.382371425628662 0.381042778491974 0.360155791044235 0.358079135417938 0.347935557365417 0.337138682603836 0.327297806739807 0.308322191238403 0.315323352813721 0.319540321826935 0.321286857128143 0.33369392156601 0.331833034753799 0.336943596601486 0.342189878225327 0.336918383836746 0.335107266902924 0.330860376358032 0.329162418842316 0.325606673955917 0.310517013072968 0.291156977415085 0.289617776870728 0.307333558797836 0.320558220148087 0.320633471012115
-3.4e+38 0.292876034975052 0.307440638542175 0.313387513160706 0.306036412715912 0.313837438821793 0.325699001550674 0.340682119131088 0.337669253349304 0.32218873500824 0.316405326128006 0.324788838624954 0.337435513734818 0.345532894134521 0.353701114654541 0.368809133768082 0.379389882087708 0.386261582374573 0.395574688911438 0.407031238079071 0.408395826816559 0.396093279123306 0.385367721319199 0.365574717521667 0.348765403032303 0.33366259932518 0.324880868196487 0.341252088546753 0.336113780736923 0.328869849443436 0.330657035112381 0.323359072208405 0.327743589878082 0.321515798568726 0.319087028503418 0.3291235268116 0.325161337852478 0.32243537902832 0.317057430744171 0.303293645381927 0.293301612138748 0.306331396102905 0.331235229969025 0.341172367334366 0.330327659845352
-3.4e+38 0.284421175718307 0.287904918193817 0.287876099348068 0.28999200463295 0.30548557639122 0.32404437661171 0.335304260253906 0.326325595378876 0.304766446352005 0.2978895008564 0.302719205617905 0.314049154520035 0.32232192158699 0.328866988420486 0.334916353225708 0.343433111906052 0.361831337213516 0.382303148508072 0.392631381750107 0.403001844882965 0.412466585636139 0.411842286586761 0.398839950561523 0.386237919330597 0.364589333534241 0.350912094116211 0.351588219404221 0.33755686879158 0.333487629890442 0.337081074714661 0.335646152496338 0.335428506135941 0.3140709400177 0.311693340539932 0.321455597877502 0.316387683153152 0.313001096248627 0.304579645395279 0.297059744596481 0.29794442653656 0.316516935825348 0.340498059988022 0.346744745969772 0.334919571876526
-3.4e+38 0.277676105499268 0.285316437482834 0.296990871429443 0.301324963569641 0.30944886803627 0.318361908197403 0.319600969552994 0.311895579099655 0.301466584205627 0.299224346876144 0.303641825914383 0.303264617919922 0.313936680555344 0.314232975244522 0.307843387126923 0.309199631214142 0.331073582172394 0.344750612974167 0.346883952617645 0.360354334115982 0.378301739692688 0.392046242952347 0.400113165378571 0.406372010707855 0.396990031003952 0.37688010931015 0.362219095230103 0.349579900503159 0.351579785346985 0.350679099559784 0.346299350261688 0.338877975940704 0.314321041107178 0.313347816467285 0.325198024511337 0.324955850839615 0.324655622243881 0.31432244181633 0.298375993967056 0.297728598117828 0.314308375120163 0.329027593135834 0.332458823919296 0.32944393157959
-3.4e+38 0.267015844583511 0.286462813615799 0.300613075494766 0.295050293207169 0.299284428358078 0.313103258609772 0.319976091384888 0.316970735788345 0.306916296482086 0.302343457937241 0.292394906282425 0.276787221431732 0.302746504545212 0.306938111782074 0.293756574392319 0.298021793365479 0.315760463476181 0.319605678319931 0.313798159360886 0.320024698972702 0.322848528623581 0.332051903009415 0.359365195035934 0.38656559586525 0.397319436073303 0.385298103094101 0.37225341796875 0.374650299549103 0.382084548473358 0.36627933382988 0.357844024896622 0.343576371669769 0.323055654764175 0.33424574136734 0.344360589981079 0.347252696752548 0.3433458507061 0.330730140209198 0.306582659482956 0.302687287330627 0.312426924705505 0.314008891582489 0.316221177577972 0.324193924665451
-3.4e+38 0.255009740591049 0.270223051309586 0.285894602537155 0.283395498991013 0.289893180131912 0.307610213756561 0.323864609003067 0.320456176996231 0.30443400144577 0.304314315319061 0.29317918419838 0.281854331493378 0.306415498256683 0.301148951053619 0.2946537733078 0.297809600830078 0.297112911939621 0.307156980037689 0.316260576248169 0.321177303791046 0.313259094953537 0.300103425979614 0.307632118463516 0.339594900608063 0.362428218126297 0.354336589574814 0.361234158277512 0.397177368402481 0.418393909931183 0.403148382902145 0.397848129272461 0.378444820642471 0.359357357025146 0.363182783126831 0.363131761550903 0.353798449039459 0.342152565717697 0.338692426681519 0.322766155004501 0.318358719348907 0.318304687738419 0.315170586109161 0.315572410821915 0.318489193916321
-3.4e+38 0.254880875349045 0.26096773147583 0.275633573532104 0.280041098594666 0.27887088060379 0.28989589214325 0.30202916264534 0.298859179019928 0.288568019866943 0.301280379295349 0.297981232404709 0.297212034463882 0.312831491231918 0.305277198553085 0.304929465055466 0.305943429470062 0.302700221538544 0.308421760797501 0.312819331884384 0.321753442287445 0.319287478923798 0.302878528833389 0.296474158763885 0.285234898328781 0.295656949281693 0.31432569026947 0.334357976913452 0.394385546445847 0.42961198091507 0.425913751125336 0.437109351158142 0.423639088869095 0.397611200809479 0.386710196733475 0.383058249950409 0.37012580037117 0.365632802248001 0.361512213945389 0.343687266111374 0.338075011968613 0.32876244187355 0.319174200296402 0.318146258592606 0.317282408475876
-3.4e+38 0.278020948171616 0.270626127719879 0.284385114908218 0.283707678318024 0.273490846157074 0.282090872526169 0.29000985622406 0.281516969203949 0.273587703704834 0.286016792058945 0.281633704900742 0.281975567340851 0.294926524162292 0.300992518663406 0.31058531999588 0.305473506450653 0.302242755889893 0.3068767786026 0.308092415332794 0.322207927703857 0.326821386814117 0.316667020320892 0.312590658664703 0.275725185871124 0.278081208467484 0.312566459178925 0.331423848867416 0.377343237400055 0.406301975250244 0.426879048347473 0.454216212034225 0.456511974334717 0.435615301132202 0.424592882394791 0.427813857793808 0.423044115304947 0.414045959711075 0.386763334274292 0.360987186431885 0.353017389774323 0.335323363542557 0.327332377433777 0.330127358436584 0.332493960857391
-3.4e+38 0.295838922262192 0.286185413599014 0.300122201442719 0.289600133895874 0.274089634418488 0.284573584794998 0.293300747871399 0.282610952854156 0.280697345733643 0.288412302732468 0.27716451883316 0.27131250500679 0.276540756225586 0.292599976062775 0.30622199177742 0.295603454113007 0.295239478349686 0.303409695625305 0.308506011962891 0.321277290582657 0.321367591619492 0.312674850225449 0.308134227991104 0.294399350881577 0.287152111530304 0.305325716733932 0.331610649824142 0.35801163315773 0.360238671302795 0.402131944894791 0.451021879911423 0.463767766952515 0.460756987333298 0.469518810510635 0.47284460067749 0.454777210950851 0.437331140041351 0.403351962566376 0.374572336673737 0.365397870540619 0.349848687648773 0.347925513982773 0.350161492824554 0.348213851451874
-3.4e+38 0.299397557973862 0.295285910367966 0.308316737413406 0.291363179683685 0.282326996326447 0.291041940450668 0.290887087583542 0.277937144041061 0.289369851350784 0.29480043053627 0.279544651508331 0.272720456123352 0.26744332909584 0.290947884321213 0.3105588555336 0.291052967309952 0.295206665992737 0.299043208360672 0.302423536777496 0.31244370341301 0.309297651052475 0.305473655462265 0.300269067287445 0.294611603021622 0.289187490940094 0.290855824947357 0.327257484197617 0.357415944337845 0.340326935052872 0.359939426183701 0.42056268453598 0.46344205737114 0.476117014884949 0.487830281257629 0.487219661474228 0.462713837623596 0.43503013253212 0.425575166940689 0.397993683815002 0.371143609285355 0.356707155704498 0.356154322624207 0.35763230919838 0.357563972473145
-3.4e+38 0.296627908945084 0.296115905046463 0.305349469184875 0.297030687332153 0.298949956893921 0.300671011209488 0.293420344591141 0.286687105894089 0.30400761961937 0.304336607456207 0.291078239679337 0.28128570318222 0.257993578910828 0.280335545539856 0.306509166955948 0.298587888479233 0.305730491876602 0.296306282281876 0.296019524335861 0.304141968488693 0.298590064048767 0.302365094423294 0.289406269788742 0.28162407875061 0.287300139665604 0.278935790061951 0.323345601558685 0.352636069059372 0.331571221351624 0.330466210842133 0.384551644325256 0.455868065357208 0.484961301088333 0.486573249101639 0.496037870645523 0.48396310210228 0.461673498153687 0.456977397203445 0.413905382156372 0.372646033763885 0.353964179754257 0.348127156496048 0.340043187141418 0.343054473400116
-3.4e+38 0.296483635902405 0.293569922447205 0.30403995513916 0.308885633945465 0.311866492033005 0.308859050273895 0.300680100917816 0.300264000892639 0.314088255167007 0.307298600673676 0.306820839643478 0.296435415744781 0.268996298313141 0.28210437297821 0.304580837488174 0.315435349941254 0.314781785011292 0.296578735113144 0.29718691110611 0.30241522192955 0.301394701004028 0.311021625995636 0.28257030248642 0.268817842006683 0.280385553836823 0.28108611702919 0.326446622610092 0.345982849597931 0.320678263902664 0.314506202936172 0.355002820491791 0.434744387865067 0.481058090925217 0.495332479476929 0.510685205459595 0.509028911590576 0.496089279651642 0.469485372304916 0.421986013650894 0.389700770378113 0.363218456506729 0.344883292913437 0.332154542207718 0.341623812913895
-3.4e+38 0.300628155469894 0.293537318706512 0.304509848356247 0.324240982532501 0.331354051828384 0.322642147541046 0.311356514692307 0.310399413108826 0.308670073747635 0.294498860836029 0.304917931556702 0.301699697971344 0.28576323390007 0.295842438936234 0.303429007530212 0.319250226020813 0.318347841501236 0.300748229026794 0.303938001394272 0.30747464299202 0.312758564949036 0.313881069421768 0.283073663711548 0.264511793851852 0.269302636384964 0.286917150020599 0.318873465061188 0.325945407152176 0.308257430791855 0.294924020767212 0.320566982030869 0.385410994291306 0.443116247653961 0.476610422134399 0.49801841378212 0.500625669956207 0.490093559026718 0.454985588788986 0.418048352003098 0.399270325899124 0.36581689119339 0.347802728414536 0.353614687919617 0.366951495409012
-3.4e+38 0.304487824440002 0.296493649482727 0.308510214090347 0.334881812334061 0.342900663614273 0.32938426733017 0.32084596157074 0.314387738704681 0.298375308513641 0.277142345905304 0.291032195091248 0.299779713153839 0.299548536539078 0.30050978064537 0.297741860151291 0.319387555122375 0.322525531053543 0.309141099452972 0.313861399888992 0.307689011096954 0.307267993688583 0.305866450071335 0.289722949266434 0.270339787006378 0.264720976352692 0.286509871482849 0.305583387613297 0.300228446722031 0.285905122756958 0.268725097179413 0.283377975225449 0.332210749387741 0.370066434144974 0.407955080270767 0.435478508472443 0.442362874746323 0.433676600456238 0.405753642320633 0.383557200431824 0.371874511241913 0.350122630596161 0.347400844097137 0.369862914085388 0.381839573383331
-3.4e+38 0.308461457490921 0.300004363059998 0.306645452976227 0.324459701776505 0.333325356245041 0.329354047775269 0.328091651201248 0.31202021241188 0.297620981931686 0.289979785680771 0.293602406978607 0.288890510797501 0.296349376440048 0.299285382032394 0.29995122551918 0.323794275522232 0.326728761196136 0.323941320180893 0.321297585964203 0.302970677614212 0.296756684780121 0.300270944833755 0.29914665222168 0.288333296775818 0.277511477470398 0.29541090130806 0.304325759410858 0.285032361745834 0.268614441156387 0.251837819814682 0.261386096477509 0.292633265256882 0.311689913272858 0.339078187942505 0.353946715593338 0.357639819383621 0.350777953863144 0.334530681371689 0.325847119092941 0.32260200381279 0.317465275526047 0.330077886581421 0.361538529396057 0.374687999486923
-3.4e+38 0.311501204967499 0.301760345697403 0.301427841186523 0.311813235282898 0.32311350107193 0.323544383049011 0.314841717481613 0.299271881580353 0.293269425630569 0.298965930938721 0.295109063386917 0.285024970769882 0.296016663312912 0.299194306135178 0.302284777164459 0.317919731140137 0.311615705490112 0.317643016576767 0.319103986024857 0.302709490060806 0.298890501260757 0.296551406383514 0.305835217237473 0.310510754585266 0.305693507194519 0.317818850278854 0.307146549224854 0.278036236763 0.264063596725464 0.258045017719269 0.264756381511688 0.27623775601387 0.280564218759537 0.293218970298767 0.292091906070709 0.300147831439972 0.30191496014595 0.288272053003311 0.28877067565918 0.28282818198204 0.279679805040359 0.292196244001389 0.313580870628357 0.339614242315292
-3.4e+38 0.317713916301727 0.317928522825241 0.318256169557571 0.318790316581726 0.325620800256729 0.316592276096344 0.29770028591156 0.28667089343071 0.283845454454422 0.288683980703354 0.290923833847046 0.287598103284836 0.291032135486603 0.288046628236771 0.291700452566147 0.296528726816177 0.290796309709549 0.294597506523132 0.294045031070709 0.294728457927704 0.29769703745842 0.287580877542496 0.306645691394806 0.330003440380096 0.338225513696671 0.326819598674774 0.302579045295715 0.280874460935593 0.274099469184875 0.272040814161301 0.275812029838562 0.266890078783035 0.264515161514282 0.283485919237137 0.28433695435524 0.305887073278427 0.301422506570816 0.275540858507156 0.275058954954147 0.265066802501678 0.253734976053238 0.252196431159973 0.263645738363266 0.303870499134064
