data/trimmed_ndre/J_ndre.716.2013_no_clouds.asc
NCOLS 141 
NROWS 118 
XLLCORNER 516845 
YLLCORNER 5169015 
CELLSIZE 5 
NODATA_value -3.4e+38 
[rows 40 to 59 of 118, columns 0 to 44 of 141]
-3.4e+38 0.353615164756775 0.344970852136612 0.3537417948246 0.34136974811554 0.333355873823166 0.333941698074341 0.333228141069412 0.315202713012695 0.300497710704803 0.301302194595337 0.307584255933762 0.312709629535675 0.315635025501251 0.327205538749695 0.331164807081223 0.346065521240234 0.391175508499146 0.43680739402771 0.433327704668045 0.425830394029617 0.420648872852325 0.413400501012802 0.386337846517563 0.359320789575577 0.333429872989655 0.290361255407333 0.254625707864761 0.231514662504196 0.220450550317764 0.217517003417015 0.209579780697823 0.198082402348518 0.201321691274643 0.208439320325851 0.19884817302227 0.186104282736778 0.185000285506248 0.185319766402245 0.190113604068756 0.195411518216133 0.189581722021103 0.179872006177902 0.174468204379082 0.179587095975876
-3.4e+38 0.411083430051804 0.411635935306549 0.423591256141663 0.419013530015945 0.412205100059509 0.406948238611221 0.389238119125366 0.361913412809372 0.343670099973679 0.338206917047501 0.333984196186066 0.322553932666779 0.310597777366638 0.298988431692123 0.294333517551422 0.295303612947464 0.323669940233231 0.354191541671753 0.354132741689682 0.367561370134354 0.390427231788635 0.40103805065155 0.401493459939957 0.386876314878464 0.363423436880112 0.334452688694 0.303044825792313 0.274995535612106 0.260453790426254 0.253284007310867 0.240049600601196 0.228202626109123 0.223084732890129 0.223837286233902 0.211083352565765 0.193924650549889 0.194694146513939 0.198974192142487 0.203152224421501 0.20570994913578 0.192852333188057 0.177467674016953 0.174574613571167 0.179166495800018
-3.4e+38 0.449803918600082 0.454219877719879 0.468748807907104 0.468484193086624 0.463996231555939 0.467775821685791 0.4718057513237 0.464618653059006 0.454485803842545 0.439651519060135 0.418130606412888 0.403421074151993 0.392717182636261 0.370705306529999 0.334894955158234 0.311144381761551 0.301098763942719 0.286599814891815 0.273630619049072 0.292681008577347 0.320856213569641 0.347302943468094 0.368581742048264 0.385787576436996 0.388154089450836 0.379375755786896 0.367120712995529 0.347981780767441 0.327041357755661 0.308680862188339 0.285198539495468 0.269715011119843 0.254924535751343 0.241516947746277 0.234708830714226 0.21963557600975 0.214026406407356 0.21369132399559 0.215054735541344 0.212673634290695 0.200806453824043 0.186316877603531 0.180091664195061 0.179192736744881
-3.4e+38 0.434264808893204 0.426499575376511 0.440062940120697 0.451639175415039 0.45913627743721 0.46876123547554 0.476735800504684 0.490785509347916 0.49933323264122 0.497052133083344 0.492379635572433 0.484570503234863 0.481160879135132 0.470500588417053 0.43156960606575 0.405250459909439 0.396732211112976 0.356807231903076 0.322680801153183 0.3089619576931 0.297583669424057 0.282224625349045 0.285968452692032 0.308717668056488 0.33596196770668 0.363098561763763 0.378758430480957 0.388072699308395 0.38889542222023 0.374184936285019 0.349136799573898 0.337453007698059 0.300080895423889 0.269881516695023 0.274691641330719 0.266416370868683 0.254662245512009 0.246902495622635 0.240068674087524 0.220883905887604 0.202227130532265 0.193923324346542 0.190789893269539 0.186638966202736
-3.4e+38 0.413929045200348 0.40786400437355 0.418291807174683 0.41539403796196 0.401850044727325 0.398291975259781 0.403248488903046 0.430164217948914 0.457928538322449 0.46824648976326 0.467306226491928 0.455466061830521 0.457804620265961 0.470789402723312 0.46820330619812 0.473172843456268 0.482893198728561 0.470953166484833 0.455809116363525 0.425545275211334 0.377546519041061 0.323530793190002 0.295636236667633 0.288550794124603 0.288992792367935 0.295785903930664 0.318059533834457 0.359701573848724 0.383685767650604 0.398028343915939 0.399683982133865 0.396264314651489 0.362623959779739 0.32734540104866 0.321547776460648 0.312187612056732 0.301056861877441 0.293442398309708 0.293673366308212 0.276786834001541 0.243141025304794 0.228366822004318 0.215915903449059 0.206342816352844
-3.4e+38 0.394595205783844 0.377346098423004 0.371979475021362 0.354631036520004 0.342188715934753 0.341774016618729 0.345568597316742 0.363473415374756 0.383219748735428 0.394445151090622 0.395139336585999 0.40602320432663 0.429149508476257 0.443284183740616 0.444815397262573 0.459122806787491 0.469044119119644 0.467273533344269 0.479422092437744 0.47927388548851 0.461758762598038 0.440399140119553 0.403333842754364 0.369860857725143 0.331963211297989 0.298870086669922 0.295614242553711 0.315994501113892 0.329266339540482 0.352767884731293 0.386204719543457 0.404252856969833 0.39713791012764 0.369293928146362 0.351640224456787 0.348186403512955 0.33935359120369 0.340704560279846 0.348461836576462 0.339932203292847 0.311184108257294 0.279960662126541 0.25041651725769 0.236916661262512
-3.4e+38 0.326737970113754 0.309376150369644 0.298106580972672 0.286745488643646 0.298323303461075 0.311770170927048 0.315559059381485 0.311866819858551 0.313529551029205 0.330465584993362 0.347168624401093 0.364383667707443 0.38335520029068 0.377804100513458 0.370634436607361 0.39123472571373 0.403339833021164 0.404823362827301 0.426942110061646 0.441682517528534 0.465250819921494 0.482313454151154 0.460735499858856 0.434875905513763 0.410880267620087 0.381316423416138 0.360829591751099 0.338595032691956 0.305383950471878 0.294105559587479 0.31548336148262 0.342998057603836 0.356007993221283 0.365082293748856 0.365876317024231 0.365879058837891 0.363746970891953 0.362197488546371 0.362951755523682 0.358103454113007 0.339640825986862 0.31232488155365 0.28462478518486 0.273242503404617
-3.4e+38 0.273736983537674 0.266085863113403 0.264341413974762 0.268380880355835 0.283892393112183 0.291668564081192 0.291318297386169 0.28329536318779 0.280141115188599 0.291581660509109 0.303189814090729 0.313453704118729 0.324180901050568 0.307907402515411 0.30593404173851 0.331945657730103 0.34251281619072 0.343913793563843 0.351688086986542 0.36531063914299 0.408210903406143 0.462819576263428 0.487793892621994 0.481303155422211 0.464580208063126 0.449892997741699 0.438883781433105 0.416002541780472 0.373870044946671 0.344091027975082 0.328751146793365 0.321256995201111 0.316899001598358 0.322000086307526 0.332730293273926 0.349257469177246 0.359605848789215 0.360035508871078 0.356898546218872 0.352909475564957 0.339460551738739 0.328451663255692 0.314797848463058 0.299696326255798
-3.4e+38 0.267805129289627 0.269145429134369 0.260752320289612 0.266136795282364 0.279965430498123 0.277234733104706 0.273564845323563 0.274925857782364 0.277429729700089 0.288180649280548 0.286875069141388 0.288987785577774 0.304254144430161 0.292049020528793 0.285096794366837 0.296560406684875 0.292571902275085 0.283701628446579 0.287574261426926 0.31410613656044 0.366668492555618 0.431795060634613 0.461091697216034 0.446517407894135 0.427303045988083 0.430669456720352 0.447614371776581 0.461077064275742 0.453022569417953 0.43951341509819 0.421795427799225 0.390407592058182 0.364524215459824 0.35002726316452 0.336275935173035 0.338340431451797 0.352333575487137 0.360979557037354 0.36372908949852 0.352213352918625 0.335232257843018 0.32817554473877 0.318106204271317 0.307840764522552
-3.4e+38 0.271776586771011 0.27984881401062 0.275578618049622 0.27349391579628 0.28034844994545 0.285509765148163 0.284078866243362 0.281052321195602 0.285640269517899 0.297234177589417 0.301912993192673 0.323485404253006 0.350232303142548 0.347615748643875 0.317861050367355 0.284053355455399 0.259769290685654 0.240178570151329 0.239075809717178 0.269044190645218 0.316089183092117 0.387765645980835 0.402832806110382 0.361172616481781 0.34167355298996 0.344868034124374 0.383088290691376 0.418121665716171 0.449872851371765 0.46815425157547 0.463118702173233 0.44224089384079 0.419032216072083 0.401212096214294 0.380024909973145 0.357195556163788 0.346776455640793 0.353277713060379 0.360974818468094 0.357538402080536 0.34591481089592 0.334396570920944 0.300350159406662 0.289044499397278
-3.4e+38 0.284193068742752 0.291472733020782 0.289895713329315 0.283467561006546 0.287494748830795 0.291974753141403 0.281991451978683 0.277057588100433 0.283578962087631 0.29849910736084 0.315426230430603 0.35233011841774 0.38173434138298 0.374475717544556 0.328926056623459 0.281446427106857 0.258630722761154 0.247214689850807 0.249566480517387 0.293709844350815 0.34304016828537 0.389483422040939 0.369297802448273 0.298774778842926 0.272660851478577 0.268373966217041 0.310240596532822 0.366508215665817 0.414442777633667 0.46379479765892 0.481882750988007 0.473433673381805 0.449911415576935 0.424944341182709 0.409352838993073 0.392091393470764 0.398329019546509 0.413310050964355 0.408653944730759 0.395576685667038 0.39288991689682 0.39491805434227 0.373745232820511 0.366294175386429
-3.4e+38 0.284320592880249 0.289709866046906 0.292829900979996 0.291637867689133 0.295083582401276 0.290020972490311 0.274437814950943 0.267319738864899 0.271027535200119 0.282405823469162 0.297651439905167 0.330032736063004 0.357469350099564 0.342396318912506 0.312804996967316 0.289300113916397 0.274446040391922 0.282892733812332 0.299056619405746 0.359208792448044 0.41524738073349 0.414354085922241 0.341174989938736 0.259691417217255 0.244908183813095 0.258657813072205 0.305368840694427 0.372791528701782 0.406806826591492 0.439703583717346 0.460544586181641 0.460032224655151 0.452161252498627 0.436824321746826 0.423700004816055 0.420786380767822 0.444367378950119 0.480026543140411 0.485213696956635 0.465061455965042 0.456003427505493 0.464400768280029 0.469459980726242 0.469254404306412
-3.4e+38 0.278728693723679 0.27885577082634 0.281102567911148 0.284147322177887 0.289459943771362 0.285190492868423 0.267152577638626 0.258465588092804 0.259751826524734 0.268939226865768 0.285521954298019 0.305611699819565 0.326006174087524 0.314308136701584 0.287582159042358 0.280672788619995 0.26869660615921 0.281061202287674 0.313962042331696 0.370795786380768 0.444078713655472 0.418850123882294 0.313226252794266 0.247828662395477 0.257011920213699 0.291642397642136 0.314588367938995 0.371943473815918 0.4201600253582 0.427840232849121 0.426929444074631 0.432296574115753 0.437515020370483 0.445792645215988 0.436032801866531 0.427641034126282 0.442268341779709 0.468014121055603 0.490590333938599 0.499394178390503 0.504112124443054 0.506483554840088 0.499075084924698 0.47931957244873
-3.4e+38 0.266668885946274 0.262246906757355 0.263336211442947 0.27434840798378 0.283484727144241 0.279888391494751 0.267606884241104 0.255554735660553 0.255473464727402 0.266456753015518 0.28256967663765 0.302587598562241 0.316509246826172 0.302849650382996 0.279477834701538 0.269013673067093 0.254197657108307 0.259040653705597 0.298943936824799 0.341416329145432 0.406314998865128 0.37075674533844 0.271899968385696 0.241678684949875 0.254055321216583 0.314289212226868 0.359812259674072 0.419277846813202 0.460268527269363 0.445577353239059 0.420305728912354 0.432321667671204 0.447355955839157 0.451685279607773 0.451859503984451 0.441604286432266 0.452642142772675 0.471350014209747 0.50027996301651 0.517942607402802 0.518130421638489 0.515016674995422 0.512560904026031 0.493334382772446
-3.4e+38 0.251486599445343 0.250465035438538 0.253493994474411 0.264991253614426 0.276122123003006 0.273448050022125 0.268803864717484 0.263884216547012 0.265401601791382 0.272174775600433 0.277928322553635 0.297955483198166 0.307432860136032 0.296242266893387 0.283299922943115 0.266487419605255 0.250843226909637 0.247786074876785 0.267519265413284 0.292416930198669 0.314719915390015 0.284133285284042 0.230125144124031 0.226935982704163 0.238428860902786 0.328210860490799 0.423013031482697 0.46471306681633 0.481937855482101 0.441233783960342 0.400712102651596 0.39669007062912 0.411939352750778 0.439358621835709 0.457848429679871 0.452576220035553 0.447493821382523 0.45495679974556 0.473171949386597 0.49153870344162 0.499296844005585 0.507205963134766 0.502611637115479 0.492203593254089
-3.4e+38 0.239428654313087 0.246470123529434 0.255136936903 0.264775604009628 0.270213454961777 0.268209397792816 0.268407642841339 0.272259324789047 0.271525949239731 0.268662482500076 0.269583493471146 0.290271639823914 0.30028235912323 0.288860559463501 0.284593671560287 0.265137583017349 0.238949686288834 0.229123473167419 0.228215113282204 0.232466176152229 0.241662189364433 0.22271591424942 0.207754358649254 0.213773682713509 0.223461464047432 0.301598757505417 0.387877911329269 0.433251112699509 0.448136687278748 0.401630103588104 0.355486661195755 0.355888426303864 0.369237303733826 0.414928406476974 0.444739609956741 0.446715295314789 0.43474543094635 0.418165028095245 0.418470531702042 0.412946790456772 0.426603436470032 0.45617601275444 0.479970902204514 0.484627068042755
-3.4e+38 0.236386194825172 0.25167915225029 0.265578866004944 0.269610375165939 0.266336649656296 0.266397386789322 0.271317273378372 0.274499237537384 0.276949465274811 0.265375226736069 0.265495330095291 0.285377234220505 0.291291236877441 0.28141114115715 0.276011288166046 0.261654049158096 0.233762696385384 0.215245425701141 0.206702291965485 0.207886546850204 0.220794394612312 0.213633224368095 0.207167387008667 0.212174639105797 0.229779958724976 0.276428163051605 0.320903360843658 0.359121233224869 0.385336458683014 0.384028762578964 0.362605303525925 0.363693028688431 0.36655405163765 0.396047353744507 0.412747144699097 0.402024626731873 0.394802302122116 0.392378360033035 0.384945183992386 0.354155629873276 0.338637262582779 0.376262962818146 0.423480838537216 0.44406670331955
-3.4e+38 0.232385963201523 0.244890436530113 0.265367060899734 0.277350127696991 0.274696350097656 0.275360286235809 0.279095113277435 0.284127354621887 0.291244179010391 0.279938369989395 0.28615403175354 0.302803128957748 0.294441372156143 0.28120231628418 0.266849279403687 0.252540767192841 0.229641303420067 0.207139372825623 0.200697094202042 0.196685284376144 0.214078933000565 0.22828908264637 0.231634691357613 0.242496952414513 0.264315187931061 0.299182653427124 0.318767011165619 0.331394284963608 0.358648717403412 0.383854389190674 0.369197249412537 0.365778684616089 0.387659698724747 0.409919589757919 0.394915580749512 0.345015972852707 0.317403525114059 0.317087143659592 0.31286633014679 0.287302225828171 0.263864010572433 0.287323743104935 0.353160977363586 0.390158623456955
-3.4e+38 0.230205774307251 0.242116287350655 0.259940683841705 0.278960973024368 0.286496222019196 0.288830578327179 0.285567820072174 0.292846202850342 0.296966314315796 0.284544825553894 0.300873428583145 0.316221058368683 0.299226820468903 0.283491641283035 0.261855095624924 0.243062093853951 0.225016325712204 0.205596625804901 0.19255094230175 0.191215366125107 0.218465983867645 0.258781492710114 0.27303546667099 0.277200013399124 0.287144988775253 0.321563184261322 0.35174635052681 0.350878149271011 0.374604940414429 0.393904089927673 0.378977537155151 0.389375418424606 0.421579927206039 0.435769945383072 0.410734057426453 0.344640374183655 0.286866813898087 0.272799909114838 0.272695302963257 0.263608306646347 0.242742985486984 0.256897926330566 0.324522942304611 0.373687714338303
-3.4e+38 0.226564899086952 0.236410185694695 0.247679993510246 0.260976016521454 0.272282272577286 0.275980293750763 0.274144440889359 0.287682890892029 0.301749557256699 0.292431265115738 0.290935456752777 0.285876661539078 0.265797078609467 0.254257291555405 0.238253563642502 0.219168096780777 0.206594184041023 0.19201685488224 0.195707157254219 0.213631048798561 0.245946511626244 0.287581205368042 0.298408359289169 0.291157335042953 0.294460266828537 0.331173926591873 0.375326782464981 0.385264366865158 0.426679134368896 0.465214520692825 0.452250331640244 0.439740717411041 0.436645537614822 0.434407919645309 0.409083843231201 0.370504409074783 0.311609208583832 0.274712383747101 0.27347856760025 0.262338280677795 0.243805795907974 0.249416813254356 0.307796537876129 0.386772990226746
