data/trimmed_ndre/J_ndre.615.2010_no_clouds.asc
NCOLS 141 
NROWS 118 
XLLCORNER 516845 
YLLCORNER 5169015 
CELLSIZE 5 
NODATA_value -3.4e+38 
[rows 40 to 59 of 118, columns 0 to 44 of 141]
-3.4e+38 0.513375759124756 0.485056787729263 0.49680295586586 0.503548264503479 0.487927079200745 0.471703827381134 0.451199561357498 0.436236292123795 0.442726671695709 0.461131870746613 0.487963020801544 0.50895619392395 0.523816525936127 0.521565675735474 0.488089144229889 0.461416572332382 0.447748690843582 0.444034039974213 0.439538478851318 0.433354198932648 0.442508101463318 0.445941865444183 0.452345609664917 0.462902396917343 0.466977000236511 0.480458706617355 0.507149696350098 0.50858873128891 0.482025325298309 0.498104155063629 0.502902150154114 0.490606427192688 0.486721694469452 0.496713429689407 0.503681778907776 0.502508103847504 0.497358173131943 0.480824261903763 0.479477673768997 0.481713056564331 0.471999526023865 0.46401709318161 0.467083036899567 0.480832397937775
-3.4e+38 0.522856891155243 0.505140960216522 0.497346758842468 0.491095334291458 0.472235053777695 0.456192076206207 0.444235980510712 0.434780091047287 0.443563729524612 0.464036852121353 0.489587277173996 0.514089167118073 0.530343651771545 0.538386821746826 0.519379258155823 0.497927278280258 0.47960689663887 0.473706185817719 0.462899208068848 0.450856387615204 0.444545298814774 0.45000484585762 0.47025740146637 0.4910489320755 0.491153568029404 0.490961760282516 0.504980862140656 0.491945803165436 0.470864772796631 0.48730143904686 0.496391654014587 0.487060040235519 0.474283367395401 0.483643531799316 0.498410612344742 0.50824773311615 0.505813181400299 0.504776239395142 0.496020942926407 0.486598193645477 0.483240365982056 0.479428380727768 0.474662870168686 0.494251579046249
-3.4e+38 0.489366412162781 0.479457437992096 0.458899885416031 0.45571705698967 0.444036453962326 0.422760635614395 0.417602092027664 0.425781607627869 0.445024490356445 0.473763048648834 0.504004240036011 0.52227520942688 0.533943951129913 0.541512906551361 0.535118699073792 0.520225644111633 0.50909811258316 0.504057586193085 0.49676838517189 0.494356542825699 0.489775031805038 0.487574607133865 0.488955765962601 0.483691155910492 0.494537144899368 0.489519774913788 0.47748389840126 0.473965257406235 0.47846445441246 0.489232957363129 0.48812809586525 0.491666704416275 0.485102146863937 0.48756331205368 0.494974285364151 0.513323664665222 0.512626469135284 0.501112878322601 0.504956781864166 0.488547176122665 0.488668233156204 0.500175356864929 0.500086009502411 0.502051651477814
-3.4e+38 0.444991201162338 0.435417801141739 0.421867251396179 0.423835754394531 0.40728086233139 0.389531314373016 0.382906675338745 0.418054699897766 0.46159154176712 0.489195317029953 0.505629301071167 0.512004196643829 0.51685494184494 0.516267776489258 0.510330736637115 0.512768864631653 0.514669418334961 0.51703268289566 0.520190596580505 0.527041614055634 0.529398262500763 0.526333093643188 0.522000789642334 0.505171477794647 0.497535288333893 0.486402690410614 0.46695539355278 0.463926166296005 0.461166977882385 0.451840341091156 0.454261869192123 0.47631111741066 0.488705158233643 0.492755264043808 0.50233256816864 0.518591284751892 0.520934402942657 0.511219441890717 0.514060974121094 0.503775954246521 0.490787208080292 0.493371218442917 0.495712697505951 0.481881886720657
-3.4e+38 0.456666320562363 0.430982291698456 0.40233051776886 0.392004430294037 0.391302853822708 0.392198741436005 0.393228888511658 0.423164427280426 0.452580571174622 0.463746249675751 0.469339698553085 0.476560115814209 0.484306335449219 0.485752373933792 0.487836629152298 0.497346162796021 0.508341014385223 0.509872257709503 0.510089039802551 0.516650795936584 0.52453476190567 0.534632384777069 0.529970705509186 0.517168402671814 0.504118680953979 0.493821740150452 0.482353866100311 0.470786094665527 0.443512678146362 0.418188482522964 0.425311833620071 0.444737046957016 0.465338528156281 0.477618992328644 0.497686862945557 0.515914618968964 0.522398710250854 0.523402571678162 0.519586682319641 0.523338437080383 0.505085468292236 0.493580311536789 0.494534462690353 0.478794574737549
-3.4e+38 0.474183797836304 0.469782918691635 0.431795746088028 0.399493873119354 0.399192601442337 0.411579638719559 0.419493436813354 0.434168338775635 0.437203079462051 0.43714702129364 0.441584438085556 0.447731703519821 0.462530255317688 0.472748994827271 0.472764939069748 0.484995037317276 0.494343519210815 0.490269541740417 0.490910053253174 0.494351863861084 0.499703049659729 0.509920835494995 0.506732165813446 0.508556962013245 0.509331583976746 0.503235161304474 0.509246408939362 0.501960873603821 0.466392129659653 0.449356466531754 0.446874380111694 0.443784236907959 0.461918085813522 0.471702396869659 0.475062608718872 0.488245069980621 0.512289643287659 0.517780482769012 0.511554777622223 0.508636891841888 0.493636906147003 0.49542573094368 0.494881808757782 0.4806247651577
-3.4e+38 0.48879861831665 0.498779952526093 0.463545650243759 0.431509375572205 0.432678401470184 0.444156557321548 0.451134741306305 0.448081403970718 0.446623682975769 0.45278736948967 0.45984873175621 0.457782357931137 0.459659904241562 0.466318786144257 0.46572682261467 0.476148247718811 0.483924925327301 0.480617731809616 0.482173591852188 0.476016074419022 0.472667276859283 0.476926475763321 0.477732628583908 0.496370583772659 0.505736231803894 0.507204353809357 0.520183742046356 0.517386555671692 0.50425922870636 0.496763795614243 0.490469485521317 0.47406017780304 0.475240975618362 0.470207452774048 0.452326714992523 0.462107986211777 0.48836213350296 0.486720025539398 0.483140200376511 0.485189467668533 0.482461452484131 0.484103679656982 0.473200380802155 0.460094958543777
-3.4e+38 0.459976017475128 0.469691693782806 0.45758780837059 0.425099551677704 0.423492312431335 0.442509442567825 0.450035482645035 0.449032306671143 0.45483735203743 0.46161550283432 0.463003873825073 0.459141671657562 0.462017983198166 0.457722097635269 0.459366172552109 0.465722352266312 0.461933881044388 0.459756016731262 0.468868732452393 0.472132354974747 0.472183555364609 0.47220578789711 0.465737074613571 0.475482016801834 0.480107545852661 0.487471073865891 0.496142238378525 0.50313812494278 0.508262872695923 0.508964836597443 0.515447080135345 0.5118248462677 0.497551560401917 0.482767015695572 0.469688475131989 0.465070873498917 0.467511624097824 0.449777483940125 0.439956277608871 0.446867167949677 0.457542985677719 0.459036409854889 0.446034103631973 0.445431262254715
-3.4e+38 0.425291568040848 0.436965733766556 0.432301938533783 0.394272148609161 0.390548795461655 0.412239134311676 0.427822411060333 0.434505820274353 0.444418638944626 0.441758573055267 0.437722742557526 0.441917926073074 0.455092340707779 0.457981139421463 0.464024931192398 0.471903115510941 0.450188189744949 0.441674798727036 0.457582384347916 0.471803784370422 0.482573240995407 0.481305539608002 0.459775269031525 0.435329675674438 0.429803669452667 0.444936901330948 0.456317096948624 0.482826948165894 0.496042013168335 0.493859231472015 0.510142803192139 0.516492784023285 0.507934510707855 0.503123462200165 0.509276032447815 0.490312337875366 0.458177477121353 0.42647784948349 0.408662408590317 0.40079990029335 0.415471285581589 0.41286888718605 0.391523420810699 0.401618242263794
-3.4e+38 0.407714605331421 0.408221125602722 0.40293762087822 0.388595998287201 0.386374711990356 0.402468830347061 0.423370540142059 0.435193359851837 0.441012591123581 0.423501193523407 0.418215483427048 0.430518358945847 0.430181354284286 0.433714628219604 0.446005374193192 0.452224165201187 0.442555546760559 0.432171374559402 0.444751709699631 0.456237524747849 0.476465076208115 0.487607061862946 0.457832902669907 0.414753466844559 0.393718838691711 0.40753173828125 0.431673258543015 0.464501559734344 0.475663274526596 0.472659230232239 0.48881134390831 0.497184365987778 0.504497826099396 0.503650546073914 0.511216163635254 0.492662191390991 0.463270306587219 0.433746516704559 0.411962568759918 0.396175891160965 0.385167956352234 0.384381920099258 0.379749298095703 0.386607378721237
-3.4e+38 0.378698766231537 0.396622270345688 0.397817134857178 0.396609425544739 0.395127385854721 0.402719348669052 0.42947980761528 0.450202345848083 0.45194274187088 0.43315789103508 0.418162524700165 0.423735290765762 0.424170702695847 0.422376990318298 0.415710806846619 0.412902265787125 0.431536376476288 0.432897180318832 0.442911803722382 0.466129273176193 0.484476983547211 0.49691903591156 0.471088826656342 0.429282337427139 0.393050491809845 0.383542120456696 0.41019931435585 0.450803428888321 0.475830644369125 0.481431692838669 0.491612941026688 0.492374897003174 0.49060446023941 0.486551821231842 0.482504338026047 0.479233503341675 0.475083857774734 0.463881105184555 0.454564958810806 0.443123310804367 0.430955350399017 0.437930881977081 0.438529551029205 0.435508280992508
-3.4e+38 0.359066128730774 0.401905119419098 0.402411878108978 0.387500315904617 0.389689117670059 0.421686500310898 0.448801696300507 0.45842969417572 0.463715881109238 0.446077942848206 0.418962448835373 0.41601151227951 0.423799753189087 0.417305320501328 0.407680213451385 0.405077517032623 0.416749805212021 0.421742111444473 0.4514299929142 0.482888758182526 0.496266961097717 0.504256665706635 0.475755572319031 0.426456898450851 0.390963703393936 0.385108232498169 0.408153653144836 0.450534850358963 0.488611847162247 0.49273818731308 0.489386230707169 0.483324855566025 0.476842761039734 0.482933193445206 0.478222221136093 0.474579989910126 0.484127879142761 0.481580376625061 0.476645618677139 0.482074171304703 0.484576404094696 0.492811471223831 0.490281164646149 0.474143117666245
-3.4e+38 0.380168318748474 0.405503541231155 0.406250536441803 0.388451933860779 0.398630887269974 0.445514142513275 0.457214027643204 0.445437997579575 0.458872079849243 0.44910341501236 0.417407482862473 0.410667389631271 0.410225808620453 0.400746583938599 0.393338650465012 0.391927003860474 0.399347931146622 0.415534675121307 0.450585186481476 0.479021579027176 0.496253222227097 0.493617862462997 0.448919653892517 0.412738561630249 0.400223106145859 0.405828803777695 0.425322413444519 0.442980527877808 0.466154813766479 0.473846614360809 0.479714095592499 0.480178505182266 0.486514031887054 0.49821063876152 0.501819252967834 0.50114232301712 0.48979914188385 0.465020418167114 0.460701018571854 0.471512317657471 0.467423439025879 0.473234742879868 0.477435410022736 0.466655343770981
-3.4e+38 0.375942081212997 0.388968914747238 0.394586682319641 0.397944241762161 0.419437319040298 0.450374722480774 0.45209139585495 0.437903702259064 0.450757890939713 0.437870800495148 0.408995032310486 0.404645204544067 0.394428372383118 0.385083556175232 0.379699051380157 0.371546983718872 0.385324835777283 0.411651045084 0.444715976715088 0.474259525537491 0.47458091378212 0.466746300458908 0.434094876050949 0.404397368431091 0.407919764518738 0.422636836767197 0.441477686166763 0.454081386327744 0.455991595983505 0.457229197025299 0.470502555370331 0.487114459276199 0.51185154914856 0.535615503787994 0.530353009700775 0.507905781269073 0.473990380764008 0.44252148270607 0.45160511136055 0.461921095848083 0.433909505605698 0.421839714050293 0.42917063832283 0.435468554496765
-3.4e+38 0.365326315164566 0.363368183374405 0.374536424875259 0.404914349317551 0.440870672464371 0.462108761072159 0.452499151229858 0.442926555871964 0.446069747209549 0.425116121768951 0.398290514945984 0.389925599098206 0.3817238509655 0.377145260572433 0.36846712231636 0.356876075267792 0.372978359460831 0.400109946727753 0.424415856599808 0.450840413570404 0.448853313922882 0.442285358905792 0.430133938789368 0.405052930116653 0.412750840187073 0.425076901912689 0.44843253493309 0.465316832065582 0.460920244455338 0.450910896062851 0.46569037437439 0.491714745759964 0.521852195262909 0.540748834609985 0.51953786611557 0.488547265529633 0.473086208105087 0.467165231704712 0.461334347724915 0.449110329151154 0.423408150672913 0.409472942352295 0.416528075933456 0.427842229604721
-3.4e+38 0.355884790420532 0.348585844039917 0.366883993148804 0.409410983324051 0.446379333734512 0.461102426052094 0.457319915294647 0.448511034250259 0.439871728420258 0.418976604938507 0.403118103742599 0.382239371538162 0.376731187105179 0.380571305751801 0.366896122694016 0.355011880397797 0.3694988489151 0.386846393346786 0.400689423084259 0.430188030004501 0.436204582452774 0.413553088903427 0.414469718933105 0.405250906944275 0.403359413146973 0.415952056646347 0.440229266881943 0.45151886343956 0.44911128282547 0.445681393146515 0.443548381328583 0.461928009986877 0.495147466659546 0.501175284385681 0.49098813533783 0.483420878648758 0.481578290462494 0.476980805397034 0.44391804933548 0.427879452705383 0.430925577878952 0.428155690431595 0.406344950199127 0.39361572265625
-3.4e+38 0.350102484226227 0.344667732715607 0.36736524105072 0.402642786502838 0.428758412599564 0.446475356817245 0.459350198507309 0.448656260967255 0.429049551486969 0.417020469903946 0.407339423894882 0.38792422413826 0.386360377073288 0.38872030377388 0.366941511631012 0.34902411699295 0.351101398468018 0.360117614269257 0.384359925985336 0.417983293533325 0.428867995738983 0.402544260025024 0.39290314912796 0.400084376335144 0.409210592508316 0.418638437986374 0.421673178672791 0.414107829332352 0.410371720790863 0.424858868122101 0.426712989807129 0.445129841566086 0.476005971431732 0.467358618974686 0.468626976013184 0.478490442037582 0.468217730522156 0.439278155565262 0.414266049861908 0.402094930410385 0.408346325159073 0.413140088319778 0.396328866481781 0.386534124612808
-3.4e+38 0.337173074483871 0.351700186729431 0.35393425822258 0.375056087970734 0.405546605587006 0.442149460315704 0.470120072364807 0.457896500825882 0.434700608253479 0.427042961120605 0.410181611776352 0.402573466300964 0.403547257184982 0.396033257246017 0.382897853851318 0.366129517555237 0.344740509986877 0.346864730119705 0.373566448688507 0.390200316905975 0.402001172304153 0.40335014462471 0.399840265512466 0.415247589349747 0.429540544748306 0.427580952644348 0.407168000936508 0.380526483058929 0.371711373329163 0.399332791566849 0.432484179735184 0.461937367916107 0.491684913635254 0.483619511127472 0.479468882083893 0.477370172739029 0.453160107135773 0.419452428817749 0.409782767295837 0.404040604829788 0.402896702289581 0.402852147817612 0.410523504018784 0.411357432603836
-3.4e+38 0.341409295797348 0.346289545297623 0.327440857887268 0.343244105577469 0.37614306807518 0.421550184488297 0.453798860311508 0.455942153930664 0.456646621227264 0.441937863826752 0.410283833742142 0.404393553733826 0.412300139665604 0.424294263124466 0.428597867488861 0.395517915487289 0.366791158914566 0.357126921415329 0.363586932420731 0.375455290079117 0.396169662475586 0.42154723405838 0.420081853866577 0.417837500572205 0.416084259748459 0.400110125541687 0.38056081533432 0.376446515321732 0.375615954399109 0.401784151792526 0.449924916028976 0.482568264007568 0.507828056812286 0.499964356422424 0.492735505104065 0.481480985879898 0.462916076183319 0.441341727972031 0.409281104803085 0.405214786529541 0.402490973472595 0.401876181364059 0.424748480319977 0.428097158670425
-3.4e+38 0.336569935083389 0.327736288309097 0.339442729949951 0.369659185409546 0.371004641056061 0.385594218969345 0.420559704303741 0.446321159601212 0.468536078929901 0.445888072252274 0.405400723218918 0.404640108346939 0.41175165772438 0.436745852231979 0.445221841335297 0.408827245235443 0.396307706832886 0.394377619028091 0.393719643354416 0.403800785541534 0.412725031375885 0.426129996776581 0.411823689937592 0.394678801298141 0.387975513935089 0.381400793790817 0.385178476572037 0.405837386846542 0.414770305156708 0.434206992387772 0.470345199108124 0.489094287157059 0.484971880912781 0.490887552499771 0.501518249511719 0.484054982662201 0.452990263700485 0.439558684825897 0.41976723074913 0.408995151519775 0.39628478884697 0.40263506770134 0.426564186811447 0.441197097301483
