data/trimmed_ndre/J_ndre.84.2012_no_clouds.asc
NCOLS 141 
NROWS 118 
XLLCORNER 516845 
YLLCORNER 5169015 
CELLSIZE 5 
NODATA_value -3.4e+38 
[rows 40 to 59 of 118, columns 0 to 44 of 141]
-3.4e+38 0.323953956365585 0.34065318107605 0.35563126206398 0.342539042234421 0.339299261569977 0.342980802059174 0.352753907442093 0.355296313762665 0.3416348695755 0.351316124200821 0.393039226531982 0.425342351198196 0.435428202152252 0.409337341785431 0.394598841667175 0.386285573244095 0.401343286037445 0.412498503923416 0.417210817337036 0.44748991727829 0.444680511951447 0.4302998483181 0.426125854253769 0.40935292840004 0.386075377464294 0.374642461538315 0.388395130634308 0.370603501796722 0.354706168174744 0.360631674528122 0.368906080722809 0.365668922662735 0.354856163263321 0.347981631755829 0.333718091249466 0.307452589273453 0.270096033811569 0.255724132061005 0.22541044652462 0.182782873511314 0.164287954568863 0.187779113650322 0.206252202391624 0.254891216754913
-3.4e+38 0.377491146326065 0.393627107143402 0.39507132768631 0.371840447187424 0.356047540903091 0.354171216487885 0.360550552606583 0.373522102832794 0.368232786655426 0.373004883527756 0.396414220333099 0.405668526887894 0.420852869749069 0.387995541095734 0.366544365882874 0.357867121696472 0.366722941398621 0.377179592847824 0.368567287921906 0.387302368879318 0.401960611343384 0.411151349544525 0.42295104265213 0.41717854142189 0.391356766223907 0.358692228794098 0.356924206018448 0.382371127605438 0.395055115222931 0.4054214656353 0.398161679506302 0.380202203989029 0.376935333013535 0.379153698682785 0.361808240413666 0.336930811405182 0.322555243968964 0.319138765335083 0.274900436401367 0.241397172212601 0.235688641667366 0.244351506233215 0.243381977081299 0.276583552360535
-3.4e+38 0.403131306171417 0.389858841896057 0.379678845405579 0.396915107965469 0.394614845514297 0.379942238330841 0.377847641706467 0.388620316982269 0.391713827848434 0.400628060102463 0.415029972791672 0.405810624361038 0.410414904356003 0.381759852170944 0.368499845266342 0.356694519519806 0.329475075006485 0.336474239826202 0.351731270551682 0.375029921531677 0.396780669689178 0.39263179898262 0.40341791510582 0.417019426822662 0.403363734483719 0.387384444475174 0.384529560804367 0.404919147491455 0.406541049480438 0.416593849658966 0.412513315677643 0.400797128677368 0.410692006349564 0.419718742370605 0.395197629928589 0.369268745183945 0.368542820215225 0.373337268829346 0.340010344982147 0.311017781496048 0.305294811725616 0.286543995141983 0.262572199106216 0.269622504711151
-3.4e+38 0.409247994422913 0.386535495519638 0.379219561815262 0.403910398483276 0.417531907558441 0.412465035915375 0.399410396814346 0.401075422763824 0.412632554769516 0.418930560350418 0.436696738004684 0.40787410736084 0.378333181142807 0.373470693826675 0.375574469566345 0.381682574748993 0.359726309776306 0.358588397502899 0.363742709159851 0.361582070589066 0.362486362457275 0.349122583866119 0.358348190784454 0.367406576871872 0.373285233974457 0.399832636117935 0.409152060747147 0.403911858797073 0.408260315656662 0.428314089775085 0.43097659945488 0.422004640102386 0.428538680076599 0.437715232372284 0.408611357212067 0.385722428560257 0.399338454008102 0.408585071563721 0.379581868648529 0.342271208763123 0.32490473985672 0.307021021842957 0.274226516485214 0.254642307758331
-3.4e+38 0.39280954003334 0.397679895162582 0.401808172464371 0.403799444437027 0.401465177536011 0.410287648439407 0.427547872066498 0.418259680271149 0.417310386896133 0.428208649158478 0.431691527366638 0.410070329904556 0.381595820188522 0.388189554214478 0.38790687918663 0.386649519205093 0.388286143541336 0.373229742050171 0.360982596874237 0.355193942785263 0.34824612736702 0.338106274604797 0.343371629714966 0.342451959848404 0.351735681295395 0.379806071519852 0.387912690639496 0.387490898370743 0.400468558073044 0.420355200767517 0.425453871488571 0.415939658880234 0.418488353490829 0.425862610340118 0.405591189861298 0.403423726558685 0.419140517711639 0.406736105680466 0.395338535308838 0.381796270608902 0.347847431898117 0.314857602119446 0.297981053590775 0.294498443603516
-3.4e+38 0.387304484844208 0.399739921092987 0.388997614383698 0.376349806785583 0.386793583631516 0.406615823507309 0.433908760547638 0.418226808309555 0.41105780005455 0.393962293863297 0.39088961482048 0.420697748661041 0.408079832792282 0.404871970415115 0.390862286090851 0.384877741336823 0.391544103622437 0.385254293680191 0.389452695846558 0.389241218566895 0.385784983634949 0.379769861698151 0.373033493757248 0.373750805854797 0.372495144605637 0.364322394132614 0.350535988807678 0.34935986995697 0.363689482212067 0.378830015659332 0.387674808502197 0.391403794288635 0.403061360120773 0.417300671339035 0.410306960344315 0.420123964548111 0.415300607681274 0.388550728559494 0.383742928504944 0.391751319169998 0.371307402849197 0.343253999948502 0.344917237758636 0.359589725732803
-3.4e+38 0.342917412519455 0.357327848672867 0.374156028032303 0.387931078672409 0.39568629860878 0.38324511051178 0.391235411167145 0.404005438089371 0.397711843252182 0.384850651025772 0.398848205804825 0.424339294433594 0.402282297611237 0.408540070056915 0.39715313911438 0.387824147939682 0.396628588438034 0.397503226995468 0.4144666492939 0.416444718837738 0.423724353313446 0.416496485471725 0.407172977924347 0.408983796834946 0.392898947000504 0.37143874168396 0.336847603321075 0.306596994400024 0.298155069351196 0.32074236869812 0.349829614162445 0.374934434890747 0.400625437498093 0.41132727265358 0.411438167095184 0.42616069316864 0.416565507650375 0.391583353281021 0.390674084424973 0.39852648973465 0.402146190404892 0.395746052265167 0.388893216848373 0.388717740774155
-3.4e+38 0.285735368728638 0.314262568950653 0.346708029508591 0.379777908325195 0.392226874828339 0.385431915521622 0.381409287452698 0.387613356113434 0.394910573959351 0.392326802015305 0.407306879758835 0.407199144363403 0.402898401021957 0.41102722287178 0.407010614871979 0.404445022344589 0.404047012329102 0.396084755659103 0.396749496459961 0.404128789901733 0.411988526582718 0.407454341650009 0.397605419158936 0.396969139575958 0.39061650633812 0.404857635498047 0.376740008592606 0.332736730575562 0.316659152507782 0.315464675426483 0.332422018051147 0.347416490316391 0.371080011129379 0.380176812410355 0.393842786550522 0.421144157648087 0.421976894140244 0.427035063505173 0.417195409536362 0.407935291528702 0.418049186468124 0.424990832805634 0.420966416597366 0.412760823965073
-3.4e+38 0.273223906755447 0.303520351648331 0.333065450191498 0.362831443548203 0.377550840377808 0.375489920377731 0.367838889360428 0.388520300388336 0.398142218589783 0.373628050088882 0.396924078464508 0.40906685590744 0.404491454362869 0.397374212741852 0.400724321603775 0.396733343601227 0.387752711772919 0.393965125083923 0.408008337020874 0.404882341623306 0.404728502035141 0.406253516674042 0.393711984157562 0.378146767616272 0.383450299501419 0.425681710243225 0.404971450567245 0.374412357807159 0.377391695976257 0.376851707696915 0.378943413496017 0.370636284351349 0.368912130594254 0.359175443649292 0.361450284719467 0.383749842643738 0.402012944221497 0.420393377542496 0.425351530313492 0.402056097984314 0.396569341421127 0.392639219760895 0.402380406856537 0.415281057357788
-3.4e+38 0.310944229364395 0.330493569374084 0.354638338088989 0.373481661081314 0.371290683746338 0.362242668867111 0.358572393655777 0.3870649933815 0.387668371200562 0.375935405492783 0.402998685836792 0.40185871720314 0.40142285823822 0.414882332086563 0.427906662225723 0.411740064620972 0.400427997112274 0.397468745708466 0.399001508951187 0.399415999650955 0.421229630708694 0.436684191226959 0.405277580022812 0.386768043041229 0.389913827180862 0.411579757928848 0.38960587978363 0.384432911872864 0.412589311599731 0.42475438117981 0.419348567724228 0.404082208871841 0.394229710102081 0.376362174749374 0.374491989612579 0.372681379318237 0.375845074653625 0.367838233709335 0.380504637956619 0.375408858060837 0.353857606649399 0.34296989440918 0.359311074018478 0.382981687784195
-3.4e+38 0.357045292854309 0.369572848081589 0.387691617012024 0.403126358985901 0.383193731307983 0.358912348747253 0.364483386278152 0.38937896490097 0.377772063016891 0.378542840480804 0.400597244501114 0.397616535425186 0.397424012422562 0.402937948703766 0.411771088838577 0.405249655246735 0.398704558610916 0.391308754682541 0.388048887252808 0.402797788381577 0.439249008893967 0.453145205974579 0.400495946407318 0.363332569599152 0.361873716115952 0.391702502965927 0.389514088630676 0.375425785779953 0.398955762386322 0.425672352313995 0.420030027627945 0.410331070423126 0.422356635332108 0.433244735002518 0.432362139225006 0.415698558092117 0.399203240871429 0.381583988666534 0.372389167547226 0.349492400884628 0.352571964263916 0.36670508980751 0.386740386486053 0.382464081048965
-3.4e+38 0.384081810712814 0.388234585523605 0.397075593471527 0.405340790748596 0.384264886379242 0.371856272220612 0.386046707630157 0.403778970241547 0.39118954539299 0.387909233570099 0.381638437509537 0.374274104833603 0.385045319795609 0.3900226354599 0.381547093391418 0.376826733350754 0.381658256053925 0.393858015537262 0.407393336296082 0.432755023241043 0.458039999008179 0.456611335277557 0.400883585214615 0.344633489847183 0.354612201452255 0.39316713809967 0.397377371788025 0.360564321279526 0.366171628236771 0.390269428491592 0.404071539640427 0.415304780006409 0.420519560575485 0.445751994848251 0.462068885564804 0.458132177591324 0.455163031816483 0.444712370634079 0.42404842376709 0.395736515522003 0.394072592258453 0.395339339971542 0.405571341514587 0.399264603853226
-3.4e+38 0.395422637462616 0.388820022344589 0.381137937307358 0.382786720991135 0.37678125500679 0.381349712610245 0.398410558700562 0.403955698013306 0.397074222564697 0.391741812229156 0.370461016893387 0.354907959699631 0.376284748315811 0.393092572689056 0.39759236574173 0.383586257696152 0.377811908721924 0.399731874465942 0.420314073562622 0.447099775075912 0.4548220038414 0.427948862314224 0.374377608299255 0.333813011646271 0.370121270418167 0.387596607208252 0.399753838777542 0.398505806922913 0.358811587095261 0.357648998498917 0.392270565032959 0.422941833734512 0.414125621318817 0.423461079597473 0.443425595760345 0.446201145648956 0.46930730342865 0.464310377836227 0.448016881942749 0.448407232761383 0.43817800283432 0.425148814916611 0.419185161590576 0.406131476163864
-3.4e+38 0.400453209877014 0.385714113712311 0.370902299880981 0.371792018413544 0.369505077600479 0.384979993104935 0.409693598747253 0.418698251247406 0.416813760995865 0.406965553760529 0.386899709701538 0.37653636932373 0.388039380311966 0.40214741230011 0.421933233737946 0.402487576007843 0.392707526683807 0.416879236698151 0.437747240066528 0.446886092424393 0.429099857807159 0.38707572221756 0.3373903632164 0.312094181776047 0.366271376609802 0.414172410964966 0.420939266681671 0.408553004264832 0.342428982257843 0.337111234664917 0.368927747011185 0.400461316108704 0.429997593164444 0.403608471155167 0.405682355165482 0.426658272743225 0.452232927083969 0.458254814147949 0.447817951440811 0.450932413339615 0.448528647422791 0.441661179065704 0.428993552923203 0.409959405660629
-3.4e+38 0.381789922714233 0.374517798423767 0.376552194356918 0.378003418445587 0.385668218135834 0.399165958166122 0.402414590120316 0.413503110408783 0.420205742120743 0.417851179838181 0.408860832452774 0.40948423743248 0.406348645687103 0.403401106595993 0.425169140100479 0.410527855157852 0.406328797340393 0.430189251899719 0.446920126676559 0.441004544496536 0.404720395803452 0.347868740558624 0.299612432718277 0.294827252626419 0.349935263395309 0.416150450706482 0.3972447514534 0.391934186220169 0.362924605607986 0.329408943653107 0.359022885560989 0.377000987529755 0.420585721731186 0.405454069375992 0.410088330507278 0.434399873018265 0.443191200494766 0.417755395174026 0.415572941303253 0.43432405591011 0.433727204799652 0.434034287929535 0.426871806383133 0.410817235708237
-3.4e+38 0.358556777238846 0.360362380743027 0.37455353140831 0.379097044467926 0.399640560150146 0.40470165014267 0.388433754444122 0.386061906814575 0.390334963798523 0.398365765810013 0.41157791018486 0.427554607391357 0.420662373304367 0.412449389696121 0.424695193767548 0.411397635936737 0.408793151378632 0.430697470903397 0.44392204284668 0.423115611076355 0.371608823537827 0.305039286613464 0.280017375946045 0.310163378715515 0.354160636663437 0.409114569425583 0.395018219947815 0.392607539892197 0.365073263645172 0.311572372913361 0.32099574804306 0.353679984807968 0.394747614860535 0.408567160367966 0.414478570222855 0.429876446723938 0.434532403945923 0.402484655380249 0.398738473653793 0.394088864326477 0.385275393724442 0.393780678510666 0.384084522724152 0.407696306705475
-3.4e+38 0.371030986309052 0.364132761955261 0.353316277265549 0.371741473674774 0.410997897386551 0.406570911407471 0.39495325088501 0.389415800571442 0.377789199352264 0.377481639385223 0.394666701555252 0.417072623968124 0.418164432048798 0.404869109392166 0.397986054420471 0.390146404504776 0.388023465871811 0.40168771147728 0.411087870597839 0.391503036022186 0.345781534910202 0.304249912500381 0.309476137161255 0.350852310657501 0.374793261289597 0.408241808414459 0.401215523481369 0.371799230575562 0.333532154560089 0.304302871227264 0.29778528213501 0.318125039339066 0.34227854013443 0.35596951842308 0.3606236577034 0.400200963020325 0.412281632423401 0.396119654178619 0.374593764543533 0.346810132265091 0.361303389072418 0.385824084281921 0.381898790597916 0.410412073135376
-3.4e+38 0.367184072732925 0.360441625118256 0.34213575720787 0.36340120434761 0.401522904634476 0.396487563848495 0.392937928438187 0.394434541463852 0.383531987667084 0.368348658084869 0.366875350475311 0.375153601169586 0.383530527353287 0.386834621429443 0.381297022104263 0.373827278614044 0.358706712722778 0.350368916988373 0.354949444532394 0.356859058141708 0.345109671354294 0.33886793255806 0.364653766155243 0.401035606861115 0.416843146085739 0.417103260755539 0.393295645713806 0.341804981231689 0.286918938159943 0.291032463312149 0.291236817836761 0.284082293510437 0.301387906074524 0.346423506736755 0.361720502376556 0.373260229825974 0.366450846195221 0.351486146450043 0.355676740407944 0.352415800094604 0.352816015481949 0.375798135995865 0.394729375839233 0.400472551584244
-3.4e+38 0.350822985172272 0.360640406608582 0.349401116371155 0.355649381875992 0.375038146972656 0.377328902482986 0.380019307136536 0.392636775970459 0.396202743053436 0.382340461015701 0.367245197296143 0.36015722155571 0.370867192745209 0.391162812709808 0.393018573522568 0.37956365942955 0.347299158573151 0.317578464746475 0.324129015207291 0.347175747156143 0.360639005899429 0.372317105531693 0.401519000530243 0.435526162385941 0.440279066562653 0.405477851629257 0.378801167011261 0.334992974996567 0.293441355228424 0.30416202545166 0.297924786806107 0.280008405447006 0.288441687822342 0.339767932891846 0.346152067184448 0.328305274248123 0.337244927883148 0.32413187623024 0.341932773590088 0.351230978965759 0.317753791809082 0.326870173215866 0.375669002532959 0.414189994335175
-3.4e+38 0.3351209461689 0.340442270040512 0.348611384630203 0.363972246646881 0.364952087402344 0.367114871740341 0.376288950443268 0.391109675168991 0.403600871562958 0.398180693387985 0.383777767419815 0.389717698097229 0.396505147218704 0.405512243509293 0.397309005260468 0.36193573474884 0.328540146350861 0.313528507947922 0.339528292417526 0.371498584747314 0.385047286748886 0.405667692422867 0.42466601729393 0.445356249809265 0.427855402231216 0.369190037250519 0.331243067979813 0.327962458133698 0.32502281665802 0.312104076147079 0.299529016017914 0.28791069984436 0.26763579249382 0.302580893039703 0.334975719451904 0.335456043481827 0.349767863750458 0.328528523445129 0.314132958650589 0.323630779981613 0.322267472743988 0.343070238828659 0.385180413722992 0.404373705387115
