data/trimmed_ndre/J_ndre.615.2013_no_clouds.asc
NCOLS 141 
NROWS 118 
XLLCORNER 516845 
YLLCORNER 5169015 
CELLSIZE 5 
NODATA_value -3.4e+38 
[rows 40 to 59 of 118, columns 45 to 89 of 141]
0.456430852413177 0.484458148479462 0.524788022041321 0.540706634521484 0.546770751476288 0.555198669433594 0.567341804504395 0.58203125 0.59646737575531 0.591588318347931 0.573978304862976 0.554214298725128 0.528589606285095 0.511672079563141 0.505376636981964 0.498152911663055 0.496056258678436 0.49697357416153 0.504726767539978 0.541576027870178 0.569743037223816 0.576497554779053 0.57892245054245 0.571089386940002 0.557315170764923 0.537161648273468 0.529917061328888 0.522105097770691 0.507049739360809 0.505387008190155 0.523858070373535 0.554536283016205 0.574878036975861 0.582536458969116 0.585010528564453 0.579889059066772 0.567420959472656 0.561192691326141 0.540061831474304 0.509234368801117 0.495132863521576 0.47415480017662 0.460913896560669 0.45153284072876 0.43003049492836
0.474275588989258 0.487531661987305 0.52296906709671 0.538970291614532 0.53903329372406 0.542445242404938 0.552794098854065 0.563763916492462 0.580113053321838 0.589779555797577 0.578794360160828 0.560104966163635 0.535687327384949 0.511333763599396 0.496979653835297 0.474157363176346 0.462600290775299 0.477119654417038 0.500621914863586 0.540513277053833 0.584041655063629 0.604015111923218 0.607348918914795 0.603394627571106 0.577010571956635 0.541654884815216 0.532392382621765 0.508114695549011 0.490064650774002 0.497871249914169 0.523370862007141 0.555373072624207 0.567902743816376 0.566319763660431 0.572749316692352 0.556137084960938 0.524150490760803 0.50752204656601 0.460905253887177 0.424302846193314 0.411122858524323 0.385986477136612 0.397301554679871 0.422053128480911 0.418129444122314
0.501367151737213 0.493553578853607 0.505262494087219 0.518645048141479 0.518331348896027 0.524506211280823 0.538721561431885 0.55377197265625 0.57000720500946 0.587689757347107 0.580553948879242 0.561368465423584 0.556284725666046 0.529968798160553 0.501200377941132 0.482795089483261 0.464521616697311 0.477351814508438 0.510187745094299 0.538168907165527 0.586686313152313 0.626344621181488 0.633447349071503 0.625154733657837 0.583918154239655 0.539194524288177 0.527113139629364 0.49360916018486 0.476245641708374 0.496642112731934 0.527911305427551 0.556111454963684 0.563577890396118 0.558969020843506 0.563226640224457 0.528156399726868 0.466980129480362 0.435388952493668 0.380949556827545 0.335009604692459 0.330730795860291 0.333864539861679 0.386132627725601 0.437691032886505 0.438979655504227
0.498905062675476 0.503272712230682 0.500374555587769 0.500703632831573 0.506788372993469 0.518428564071655 0.535707473754883 0.554110705852509 0.567160248756409 0.582205832004547 0.583885252475739 0.572168231010437 0.571019947528839 0.545668005943298 0.514377653598785 0.500771582126617 0.478840172290802 0.489046275615692 0.521789729595184 0.546830713748932 0.585323631763458 0.624251544475555 0.635235667228699 0.629445791244507 0.590928614139557 0.552507877349854 0.530494332313538 0.49183589220047 0.469024240970612 0.4903704226017 0.524170935153961 0.549155592918396 0.561033427715302 0.559957265853882 0.556293368339539 0.508817493915558 0.424193859100342 0.363656550645828 0.319835424423218 0.295494079589844 0.32606440782547 0.371929377317429 0.428084552288055 0.483278006315231 0.495827794075012
0.520103693008423 0.524193167686462 0.513341128826141 0.506264925003052 0.515380322933197 0.529383718967438 0.544130086898804 0.554439306259155 0.558332800865173 0.565077126026154 0.581254601478577 0.576011836528778 0.559039831161499 0.550033330917358 0.522305130958557 0.502044916152954 0.496118783950806 0.504397451877594 0.523528575897217 0.551582872867584 0.583743572235107 0.620092213153839 0.623283565044403 0.601894795894623 0.581221461296082 0.572814166545868 0.554653823375702 0.518153190612793 0.498551875352859 0.511577725410461 0.539260745048523 0.55351322889328 0.560625851154327 0.570728838443756 0.565737724304199 0.511175096035004 0.431163877248764 0.366198480129242 0.338009744882584 0.330521255731583 0.365677028894424 0.424539685249329 0.487797439098358 0.546840965747833 0.563244342803955
0.542659521102905 0.541375696659088 0.530754268169403 0.521740436553955 0.535864770412445 0.550263285636902 0.552624046802521 0.546192049980164 0.540922999382019 0.549897134304047 0.570272982120514 0.574751257896423 0.561392903327942 0.553101360797882 0.528850495815277 0.51262354850769 0.509658396244049 0.507889986038208 0.50813090801239 0.539644837379456 0.573583543300629 0.59083616733551 0.593138217926025 0.569516360759735 0.5567906498909 0.567093372344971 0.563897311687469 0.545699298381805 0.539826989173889 0.548917472362518 0.566185772418976 0.570896863937378 0.567847609519958 0.587533831596375 0.578226804733276 0.519754588603973 0.469956606626511 0.417106807231903 0.392848342657089 0.393292784690857 0.414247453212738 0.467244446277618 0.521245539188385 0.572530388832092 0.581722140312195
0.549184858798981 0.549077451229095 0.541754007339478 0.539831280708313 0.55584192276001 0.566121459007263 0.557733118534088 0.543903231620789 0.535016477108002 0.553592681884766 0.575055062770844 0.576908767223358 0.569261729717255 0.557098031044006 0.543538212776184 0.531301438808441 0.520501136779785 0.513910055160522 0.511164486408234 0.524582922458649 0.543809473514557 0.548439681529999 0.57627660036087 0.578771591186523 0.561797320842743 0.56717050075531 0.5568026304245 0.543878972530365 0.547625303268433 0.562664568424225 0.586929440498352 0.59921932220459 0.598948657512665 0.609145641326904 0.58429229259491 0.530357599258423 0.497393578290939 0.443941295146942 0.428878515958786 0.456113308668137 0.477550774812698 0.504542112350464 0.535574913024902 0.565909624099731 0.577234327793121
0.549612462520599 0.561622738838196 0.564202129840851 0.561937093734741 0.565651953220367 0.563274145126343 0.558507978916168 0.554209649562836 0.550850331783295 0.565183222293854 0.574551522731781 0.561957597732544 0.561886370182037 0.559458673000336 0.5439093708992 0.528709650039673 0.516445934772491 0.50303852558136 0.497743636369705 0.503970384597778 0.515990436077118 0.529528200626373 0.539095282554626 0.529704332351685 0.518614828586578 0.520210027694702 0.514959037303925 0.512299418449402 0.524465501308441 0.54734992980957 0.569762945175171 0.588077425956726 0.59512847661972 0.59829181432724 0.573112905025482 0.537217795848846 0.511620998382568 0.473170012235641 0.469129472970963 0.497516632080078 0.513841867446899 0.529449105262756 0.55380791425705 0.57654857635498 0.586162984371185
0.542433500289917 0.566450715065002 0.573601305484772 0.562449634075165 0.554987728595734 0.547276556491852 0.543393552303314 0.543530762195587 0.544938564300537 0.552055954933167 0.548723042011261 0.537526667118073 0.545035064220428 0.546514987945557 0.539061069488525 0.527637958526611 0.520101308822632 0.500604629516602 0.491691589355469 0.497627139091492 0.488790392875671 0.491217613220215 0.498000383377075 0.486358076334 0.480959832668304 0.482525289058685 0.479296118021011 0.487659096717834 0.50422739982605 0.53352564573288 0.553947687149048 0.567822515964508 0.569643795490265 0.570301413536072 0.558903813362122 0.545449674129486 0.532495737075806 0.510321378707886 0.505592167377472 0.513638138771057 0.51827609539032 0.524635553359985 0.540751338005066 0.565292358398438 0.582218706607819
0.529260396957397 0.558377206325531 0.563333928585052 0.54228812456131 0.521900653839111 0.513856709003448 0.516074240207672 0.524750828742981 0.531071960926056 0.534510135650635 0.529475629329681 0.527769207954407 0.537376880645752 0.544042527675629 0.543757736682892 0.537051320075989 0.532030820846558 0.51815265417099 0.508994579315186 0.512587547302246 0.503200232982635 0.502942979335785 0.506823003292084 0.500910401344299 0.506356477737427 0.500896513462067 0.492455363273621 0.493159860372543 0.506827354431152 0.53196120262146 0.557012259960175 0.575335264205933 0.566900074481964 0.542810261249542 0.53878927230835 0.547919034957886 0.554782092571259 0.53952956199646 0.529692351818085 0.52441269159317 0.515363097190857 0.511230289936066 0.518432915210724 0.523237407207489 0.536386430263519
0.522922992706299 0.548166334629059 0.549538373947144 0.541897833347321 0.535012125968933 0.533739984035492 0.534930825233459 0.534464359283447 0.543129026889801 0.556329965591431 0.554442584514618 0.544612407684326 0.545835137367249 0.546330332756042 0.542822241783142 0.540730118751526 0.535944819450378 0.52846097946167 0.529531359672546 0.536235690116882 0.533112704753876 0.537004470825195 0.530227541923523 0.522694051265717 0.527655959129333 0.528315484523773 0.527040302753448 0.526592195034027 0.52593332529068 0.531668066978455 0.537948071956635 0.543021202087402 0.538353979587555 0.529307901859283 0.533300518989563 0.551567316055298 0.562024056911469 0.547777712345123 0.528195798397064 0.519188225269318 0.491087287664413 0.475478887557983 0.482648432254791 0.473120898008347 0.480170696973801
0.527058064937592 0.554817020893097 0.56325888633728 0.564718902111053 0.566440343856812 0.570508599281311 0.571488618850708 0.561266422271729 0.54358971118927 0.539940595626831 0.546173989772797 0.549893379211426 0.546604037284851 0.539111852645874 0.530225336551666 0.540923714637756 0.545524716377258 0.544138669967651 0.549166321754456 0.556440532207489 0.557622730731964 0.561806976795197 0.557883739471436 0.548505544662476 0.557688176631927 0.553253054618835 0.553533792495728 0.548691213130951 0.543653070926666 0.538727760314941 0.530895531177521 0.527375757694244 0.538996160030365 0.537027716636658 0.536973893642426 0.550142467021942 0.548050463199615 0.538119375705719 0.521710395812988 0.505667567253113 0.480058610439301 0.463547646999359 0.465943425893784 0.460617303848267 0.45997154712677
0.542201042175293 0.57272732257843 0.584919929504395 0.57649701833725 0.559506297111511 0.55226993560791 0.557723939418793 0.556154489517212 0.534530639648438 0.517492353916168 0.521265089511871 0.524260580539703 0.524823784828186 0.529275834560394 0.533516407012939 0.549748003482819 0.559670627117157 0.554571747779846 0.552284598350525 0.56017142534256 0.571471273899078 0.578897714614868 0.587295293807983 0.592509090900421 0.594718039035797 0.58024126291275 0.56375128030777 0.555057764053345 0.552946329116821 0.55272388458252 0.544183015823364 0.54686450958252 0.555782556533813 0.545028209686279 0.540769815444946 0.545209050178528 0.533435940742493 0.527173936367035 0.515452027320862 0.499186217784882 0.49065437912941 0.481786400079727 0.482381254434586 0.480161309242249 0.473270118236542
0.559978842735291 0.572541296482086 0.577393054962158 0.559686362743378 0.534621298313141 0.517526984214783 0.526222944259644 0.539028167724609 0.536614716053009 0.522334635257721 0.518701195716858 0.522711455821991 0.521039962768555 0.517760157585144 0.519822478294373 0.527235865592957 0.535039246082306 0.537935674190521 0.544229924678802 0.563430905342102 0.5827317237854 0.591408133506775 0.600138366222382 0.609290659427643 0.60868364572525 0.602370738983154 0.59816300868988 0.585937082767487 0.580163180828094 0.579261362552643 0.577120304107666 0.568953454494476 0.561670958995819 0.550170421600342 0.564415991306305 0.57093757390976 0.556696057319641 0.551521837711334 0.533321797847748 0.511224210262299 0.50587409734726 0.513175189495087 0.520249843597412 0.517165541648865 0.510646045207977
0.551009774208069 0.551489055156708 0.556393563747406 0.546157777309418 0.523913443088531 0.504285573959351 0.508968532085419 0.526230037212372 0.529156506061554 0.519778966903687 0.511120438575745 0.510610222816467 0.50117963552475 0.493106931447983 0.488669782876968 0.491450488567352 0.495741665363312 0.506762146949768 0.524651944637299 0.545724153518677 0.577142596244812 0.590062499046326 0.586764633655548 0.594721436500549 0.600626587867737 0.604602456092834 0.608925461769104 0.596203505992889 0.590563237667084 0.596715152263641 0.600866913795471 0.595875918865204 0.585430264472961 0.581518113613129 0.596671640872955 0.599838554859161 0.592929482460022 0.593622744083405 0.570537626743317 0.543902456760406 0.53347235918045 0.539009094238281 0.55016827583313 0.546025335788727 0.53772759437561
0.533720910549164 0.537686765193939 0.538088500499725 0.521089553833008 0.499758422374725 0.492027848958969 0.499180346727371 0.507794439792633 0.505814909934998 0.50718480348587 0.506305813789368 0.490293651819229 0.468311905860901 0.460772097110748 0.452423930168152 0.454772263765335 0.456366121768951 0.471406489610672 0.503673076629639 0.533396661281586 0.569645524024963 0.580651760101318 0.570422470569611 0.571912825107574 0.57181042432785 0.579294979572296 0.585310876369476 0.578675389289856 0.580187261104584 0.589851915836334 0.598520457744598 0.597028374671936 0.589168727397919 0.590149402618408 0.595720410346985 0.59088546037674 0.59672337770462 0.604841768741608 0.595558524131775 0.585004508495331 0.563503921031952 0.546572744846344 0.555464565753937 0.554703652858734 0.543759346008301
0.510109424591064 0.510797917842865 0.505799889564514 0.481215089559555 0.452949613332748 0.452958017587662 0.470717698335648 0.48607012629509 0.495835274457932 0.510509848594666 0.508690476417542 0.482334405183792 0.449700653553009 0.43716824054718 0.417917519807816 0.404687017202377 0.41208690404892 0.440593689680099 0.489358067512512 0.534192085266113 0.561121642589569 0.561655879020691 0.536190032958984 0.518804311752319 0.511971533298492 0.52234423160553 0.539434671401978 0.54757159948349 0.557305753231049 0.558266222476959 0.560541450977325 0.563498973846436 0.561026871204376 0.565504193305969 0.572645306587219 0.567417562007904 0.576859414577484 0.587348341941833 0.587823092937469 0.605401039123535 0.596370339393616 0.562505304813385 0.549122631549835 0.541773200035095 0.53595769405365
0.498611301183701 0.495457530021667 0.487086951732635 0.462703794240952 0.421646624803543 0.409217417240143 0.428270936012268 0.455853313207626 0.496715754270554 0.521091997623444 0.514102399349213 0.494362860918045 0.455648273229599 0.425934791564941 0.398109346628189 0.377625495195389 0.391022086143494 0.426256895065308 0.475527793169022 0.538776397705078 0.566360533237457 0.549519062042236 0.510212957859039 0.469598382711411 0.452699422836304 0.462535798549652 0.482237368822098 0.49879664182663 0.511712074279785 0.514549076557159 0.51593816280365 0.521426498889923 0.521630883216858 0.534675896167755 0.539789140224457 0.532881319522858 0.540997564792633 0.546680271625519 0.559938013553619 0.586516320705414 0.587693691253662 0.577417135238647 0.568320035934448 0.54906690120697 0.530287146568298
0.497086077928543 0.502224981784821 0.500633656978607 0.488546669483185 0.447023510932922 0.413119375705719 0.42217606306076 0.449439316987991 0.496381282806396 0.524882018566132 0.523367464542389 0.514635145664215 0.482969790697098 0.44275364279747 0.413617581129074 0.386028110980988 0.391179621219635 0.423869490623474 0.453639984130859 0.535669386386871 0.585309565067291 0.559115648269653 0.518288195133209 0.457752197980881 0.427873730659485 0.425678849220276 0.433803677558899 0.463600188493729 0.490789800882339 0.503426969051361 0.504584729671478 0.49895441532135 0.495418816804886 0.505619406700134 0.517554461956024 0.52139413356781 0.527656555175781 0.526734888553619 0.544214069843292 0.572041213512421 0.576755464076996 0.578071117401123 0.574228167533875 0.555987656116486 0.534446358680725
0.508772432804108 0.513305485248566 0.512867450714111 0.506948292255402 0.492264539003372 0.459514528512955 0.447973519563675 0.462198913097382 0.493725150823593 0.523041188716888 0.531265199184418 0.535027265548706 0.518308520317078 0.479031801223755 0.440896391868591 0.399932146072388 0.392323583364487 0.42100065946579 0.449050307273865 0.526739776134491 0.591080665588379 0.569673299789429 0.529259502887726 0.461787730455399 0.415974378585815 0.412174731492996 0.414990365505219 0.460002541542053 0.505485892295837 0.518395602703094 0.522209346294403 0.512405276298523 0.501627922058105 0.507505714893341 0.525590360164642 0.542888998985291 0.547907114028931 0.54200404882431 0.555064260959625 0.572245657444 0.569992363452911 0.572033584117889 0.570079028606415 0.562034368515015 0.554390847682953
