data/trimmed_ndre/J_ndre.710.2012_no_clouds.asc
NCOLS 141 
NROWS 118 
XLLCORNER 516845 
YLLCORNER 5169015 
CELLSIZE 5 
NODATA_value -3.4e+38 
[rows 20 to 39 of 118, columns 45 to 89 of 141]
0.326819032430649 0.323234409093857 0.330804020166397 0.335762172937393 0.329278111457825 0.333378225564957 0.327071249485016 0.328860193490982 0.336364418268204 0.332009553909302 0.32502219080925 0.323015987873077 0.329703330993652 0.331856608390808 0.323611587285995 0.327523052692413 0.336991161108017 0.334557831287384 0.33414027094841 0.333220064640045 0.338411271572113 0.348789840936661 0.353170126676559 0.33518260717392 0.330725193023682 0.342991948127747 0.338107794523239 0.332195371389389 0.329345405101776 0.331855267286301 0.337904632091522 0.323747724294662 0.332612991333008 0.34861359000206 0.343048542737961 0.320836305618286 0.318153887987137 0.321819573640823 0.318810135126114 0.298676133155823 0.269181162118912 0.255073428153992 0.263628929853439 0.280136376619339 0.288192242383957
0.327210485935211 0.319849938154221 0.327603787183762 0.332737177610397 0.333985835313797 0.338126569986343 0.321503877639771 0.325889199972153 0.335027247667313 0.330289661884308 0.328549385070801 0.325354933738708 0.331601709127426 0.333333671092987 0.323832720518112 0.325606495141983 0.32660323381424 0.324805676937103 0.328821688890457 0.330313235521317 0.343396604061127 0.357616603374481 0.3546222448349 0.334691554307938 0.337536960840225 0.348410785198212 0.346553206443787 0.342820316553116 0.346329122781754 0.34796205163002 0.344018667936325 0.331179171800613 0.338764637708664 0.346031248569489 0.324956089258194 0.302422851324081 0.31106761097908 0.302709549665451 0.285432785749435 0.262659579515457 0.235272541642189 0.220403492450714 0.219897374510765 0.23020376265049 0.244285807013512
0.32983410358429 0.319255352020264 0.322027385234833 0.320816725492477 0.328809976577759 0.335814774036407 0.324709057807922 0.325752168893814 0.324982941150665 0.32423523068428 0.329992920160294 0.320251971483231 0.323837846517563 0.325264126062393 0.318393707275391 0.320056647062302 0.312818914651871 0.313258171081543 0.325968861579895 0.335590124130249 0.345155507326126 0.356937527656555 0.353879332542419 0.34085139632225 0.351003974676132 0.354104965925217 0.354355096817017 0.356066733598709 0.355531841516495 0.345262199640274 0.3402079641819 0.339873224496841 0.343439280986786 0.341341972351074 0.326194316148758 0.30537748336792 0.302280187606812 0.289239495992661 0.260735780000687 0.230852603912354 0.216912686824799 0.214303940534592 0.195131778717041 0.197992816567421 0.219509422779083
0.329885691404343 0.32572403550148 0.324055224657059 0.317785501480103 0.321873396635056 0.33170548081398 0.329568296670914 0.321660816669464 0.323007076978683 0.322231233119965 0.320384860038757 0.310621351003647 0.3114213347435 0.316615879535675 0.319295465946198 0.321095377206802 0.314898639917374 0.312582343816757 0.327277481555939 0.343257069587708 0.347809165716171 0.358774125576019 0.358466774225235 0.353431940078735 0.359141886234283 0.351489126682281 0.359346568584442 0.361775755882263 0.346541494131088 0.326291441917419 0.330109715461731 0.33918109536171 0.338108837604523 0.333121627569199 0.321400135755539 0.297873735427856 0.279131203889847 0.267284035682678 0.234297245740891 0.207801386713982 0.207149744033813 0.214775696396828 0.204103156924248 0.213154822587967 0.237541154026985
0.329887479543686 0.33551287651062 0.331081002950668 0.320628553628922 0.320093780755997 0.32180517911911 0.317589491605759 0.310890257358551 0.323826223611832 0.315032303333282 0.310872137546539 0.310279428958893 0.305396348237991 0.31768661737442 0.333648025989532 0.337914705276489 0.330184131860733 0.319451928138733 0.32912415266037 0.348099797964096 0.357452988624573 0.359612792730331 0.360689103603363 0.361767500638962 0.358992904424667 0.349329739809036 0.361807107925415 0.362428903579712 0.338121145963669 0.321213275194168 0.334436446428299 0.341927766799927 0.324056208133698 0.309833377599716 0.303377419710159 0.272128760814667 0.241478353738785 0.228380247950554 0.212041422724724 0.198934853076935 0.203487187623978 0.224753126502037 0.238837048411369 0.24350218474865 0.259690254926682
0.321359753608704 0.329719722270966 0.326935172080994 0.316418021917343 0.313235580921173 0.312487483024597 0.31103453040123 0.30805179476738 0.315710037946701 0.321932047605515 0.334410905838013 0.329554378986359 0.312447279691696 0.312579393386841 0.331231981515884 0.347811877727509 0.340400278568268 0.327836245298386 0.344153195619583 0.355367571115494 0.362598419189453 0.363077193498611 0.36137267947197 0.364165157079697 0.350909948348999 0.337448805570602 0.35368624329567 0.354951739311218 0.333042234182358 0.322611927986145 0.336912482976913 0.33917909860611 0.313005715608597 0.282488852739334 0.270571976900101 0.246709689497948 0.218180254101753 0.210830375552177 0.214313089847565 0.20895017683506 0.204649284482002 0.232006162405014 0.259491443634033 0.255528777837753 0.276036024093628
0.323046803474426 0.326553791761398 0.318729221820831 0.312712132930756 0.312937051057816 0.313908994197845 0.31657075881958 0.310681581497192 0.30454957485199 0.3108029961586 0.331330567598343 0.334015250205994 0.315712988376617 0.306368440389633 0.321800976991653 0.347354888916016 0.34886309504509 0.342386454343796 0.359090209007263 0.350175112485886 0.358040273189545 0.368131935596466 0.358823448419571 0.35256814956665 0.339247465133667 0.327053040266037 0.334736913442612 0.341554433107376 0.317516267299652 0.283031731843948 0.284705340862274 0.300423800945282 0.281195193529129 0.248478174209595 0.238008499145508 0.241814851760864 0.224495276808739 0.221475675702095 0.226254612207413 0.220833167433739 0.214007779955864 0.234905853867531 0.254952400922775 0.256166994571686 0.274047642946243
0.323197811841965 0.32324942946434 0.316643327474594 0.318066298961639 0.321405827999115 0.3199482858181 0.316525012254715 0.312589377164841 0.302327781915665 0.302320122718811 0.32051032781601 0.332146108150482 0.335227966308594 0.331226497888565 0.338064730167389 0.353841602802277 0.353110074996948 0.350020289421082 0.355367183685303 0.346682250499725 0.363921076059341 0.371398657560349 0.357998818159103 0.347887724637985 0.340564429759979 0.326186239719391 0.307387858629227 0.291246771812439 0.276322662830353 0.250421345233917 0.246700063347816 0.251875340938568 0.226889565587044 0.210118755698204 0.225806802511215 0.249651655554771 0.246164843440056 0.240966796875 0.230522215366364 0.219635903835297 0.214450359344482 0.218704238533974 0.222811296582222 0.231780737638474 0.245855510234833
0.331145226955414 0.329357922077179 0.323647230863571 0.326021909713745 0.327296525239944 0.319383412599564 0.31387522816658 0.322132050991058 0.322560697793961 0.320983737707138 0.329796880483627 0.34095510840416 0.353917241096497 0.350194871425629 0.3414186835289 0.342674851417542 0.337759017944336 0.342403560876846 0.350152224302292 0.356934517621994 0.377758622169495 0.374594151973724 0.359655737876892 0.346351891756058 0.330382406711578 0.293174803256989 0.259876906871796 0.249871477484703 0.264945477247238 0.279177516698837 0.271818786859512 0.250677078962326 0.236934944987297 0.232420966029167 0.255930632352829 0.269335895776749 0.258302748203278 0.24351279437542 0.232760325074196 0.225017681717873 0.204956457018852 0.184358358383179 0.187295764684677 0.200652435421944 0.215498477220535
0.343283832073212 0.338465094566345 0.332092940807343 0.331239581108093 0.329013764858246 0.322382241487503 0.320381879806519 0.330256342887878 0.334219217300415 0.341658562421799 0.343689829111099 0.343870878219604 0.346938252449036 0.336753815412521 0.327023416757584 0.322774231433868 0.321778029203415 0.330814868211746 0.341321736574173 0.35780793428421 0.372199416160583 0.355666667222977 0.339918911457062 0.306152015924454 0.272844552993774 0.260908544063568 0.2671839594841 0.295535445213318 0.323667913675308 0.348224222660065 0.334223419427872 0.299100250005722 0.286905229091644 0.281082004308701 0.303818464279175 0.293285518884659 0.256615996360779 0.239284306764603 0.223280891776085 0.215876206755638 0.197977259755135 0.179765105247498 0.185819521546364 0.188600197434425 0.199659377336502
0.347235560417175 0.342561602592468 0.338195294141769 0.337035357952118 0.33520695567131 0.332313627004623 0.324533402919769 0.319157809019089 0.322089105844498 0.341656386852264 0.34705662727356 0.3390753865242 0.330790132284164 0.32154768705368 0.327497363090515 0.324768930673599 0.316435068845749 0.317876666784286 0.320842146873474 0.334016174077988 0.33610874414444 0.309726238250732 0.288283437490463 0.259886771440506 0.260667055845261 0.298395156860352 0.326948940753937 0.368706732988358 0.389148116111755 0.389886677265167 0.376355201005936 0.340719014406204 0.321305960416794 0.317848384380341 0.320879369974136 0.308634102344513 0.266998201608658 0.228765189647675 0.200215801596642 0.197098597884178 0.193504616618156 0.186190828680992 0.182528913021088 0.175609976053238 0.177695155143738
0.335188955068588 0.333457559347153 0.337811857461929 0.344396322965622 0.338876903057098 0.326461762189865 0.318221479654312 0.30668231844902 0.310379415750504 0.334013998508453 0.342221677303314 0.344210803508759 0.335666716098785 0.329697221517563 0.342028886079788 0.320760548114777 0.299214363098145 0.295552462339401 0.292246252298355 0.287667065858841 0.263390481472015 0.251421272754669 0.26658883690834 0.290911734104156 0.312306046485901 0.33869194984436 0.367633134126663 0.406655848026276 0.404623210430145 0.379996299743652 0.366546720266342 0.339795857667923 0.336669325828552 0.328823566436768 0.313192039728165 0.298088252544403 0.243764355778694 0.194653883576393 0.175321385264397 0.176328167319298 0.192133456468582 0.196193397045135 0.187659189105034 0.176619052886963 0.177525237202644
0.317605465650558 0.312534600496292 0.322071403264999 0.344027072191238 0.33282059431076 0.30927249789238 0.315259873867035 0.318200707435608 0.321324437856674 0.326954394578934 0.332411617040634 0.34247413277626 0.329577177762985 0.316086173057556 0.318350106477737 0.287154346704483 0.272071838378906 0.2622891664505 0.245116963982582 0.226085841655731 0.235060885548592 0.288994282484055 0.342021584510803 0.365977585315704 0.359637320041656 0.372839748859406 0.394847720861435 0.397251754999161 0.372867375612259 0.349129676818848 0.331821143627167 0.316749274730682 0.330069154500961 0.311989635229111 0.280853658914566 0.251077830791473 0.20402130484581 0.180888026952744 0.169455781579018 0.178131133317947 0.202490225434303 0.208608388900757 0.205283463001251 0.194708675146103 0.188266783952713
0.312889099121094 0.308862745761871 0.323241651058197 0.339093416929245 0.325901687145233 0.312494993209839 0.318169593811035 0.313107848167419 0.310309410095215 0.29702153801918 0.291637808084488 0.303852796554565 0.28435230255127 0.253807216882706 0.247308820486069 0.241198033094406 0.231927216053009 0.221076846122742 0.222790196537971 0.248100474476814 0.299125194549561 0.378462344408035 0.433358669281006 0.442389637231827 0.415073215961456 0.397650688886642 0.385296106338501 0.364286333322525 0.349375277757645 0.334469556808472 0.307287752628326 0.293201595544815 0.295473754405975 0.270862549543381 0.240891858935356 0.211899116635323 0.192760840058327 0.196120962500572 0.200235053896904 0.21801583468914 0.234544515609741 0.236921206116676 0.242407724261284 0.219205126166344 0.192844480276108
0.331384211778641 0.326518595218658 0.327086210250854 0.328713625669479 0.329586058855057 0.336093157529831 0.310173332691193 0.262466162443161 0.25155234336853 0.218878164887428 0.216121360659599 0.232553973793983 0.21333746612072 0.20637159049511 0.211912408471107 0.225195184350014 0.233328253030777 0.238976046442986 0.265213668346405 0.317635625600815 0.383356034755707 0.450332015752792 0.493026465177536 0.481691271066666 0.430347204208374 0.394949495792389 0.375265300273895 0.35814893245697 0.342087209224701 0.324213981628418 0.286192685365677 0.261083513498306 0.248998507857323 0.234109550714493 0.216419294476509 0.200755476951599 0.206190317869186 0.22844897210598 0.245216280221939 0.269911706447601 0.271136283874512 0.269221484661102 0.282468855381012 0.250998497009277 0.22186878323555
0.345564931631088 0.338009804487228 0.327157557010651 0.32893505692482 0.336920231580734 0.349247932434082 0.318734347820282 0.264700621366501 0.239458248019218 0.192437440156937 0.196804136037827 0.207155138254166 0.186865046620369 0.211915284395218 0.228442847728729 0.279526948928833 0.316288203001022 0.295581579208374 0.295043557882309 0.341550588607788 0.415780365467072 0.472024410963058 0.493833690881729 0.472226232290268 0.414593249559402 0.375125169754028 0.364365875720978 0.349004298448563 0.333416759967804 0.301992148160934 0.263646841049194 0.234864115715027 0.220269277691841 0.211817726492882 0.202899932861328 0.208334296941757 0.240262046456337 0.271602183580399 0.281909048557281 0.305416643619537 0.288063913583755 0.282367706298828 0.298767536878586 0.280567914247513 0.276802748441696
0.346783846616745 0.339632630348206 0.338513761758804 0.336643815040588 0.33503332734108 0.337960600852966 0.322618573904037 0.298563420772552 0.270496636629105 0.22952975332737 0.221332296729088 0.209679871797562 0.198802635073662 0.227551385760307 0.249158412218094 0.303697019815445 0.321872293949127 0.283942043781281 0.269732147455215 0.316526293754578 0.377813905477524 0.424207031726837 0.444752782583237 0.424270749092102 0.390309065580368 0.366123914718628 0.359768658876419 0.336961269378662 0.320255547761917 0.277944445610046 0.229590356349945 0.213480398058891 0.205372899770737 0.204899430274963 0.219336047768593 0.252905249595642 0.293579250574112 0.306995719671249 0.303117007017136 0.310685247182846 0.279499143362045 0.28211173415184 0.299541890621185 0.299784243106842 0.313376724720001
0.316588908433914 0.323608845472336 0.340708315372467 0.339288979768753 0.323794722557068 0.321664333343506 0.330709785223007 0.335497319698334 0.308650583028793 0.266452699899673 0.245083421468735 0.230976164340973 0.229585364460945 0.239232033491135 0.243132874369621 0.250236392021179 0.232732802629471 0.207744523882866 0.222344920039177 0.262186974287033 0.293148756027222 0.339703440666199 0.38237926363945 0.385366797447205 0.393889248371124 0.376388370990753 0.344616919755936 0.317139774560928 0.291659474372864 0.244888871908188 0.195179596543312 0.191421806812286 0.197543293237686 0.219854146242142 0.262746602296829 0.307459324598312 0.334903240203857 0.32818266749382 0.3169324696064 0.303982645273209 0.276712894439697 0.296197980642319 0.302190512418747 0.302462100982666 0.316254436969757
0.271811723709106 0.296744614839554 0.326330989599228 0.338561296463013 0.327752828598022 0.328617811203003 0.35037624835968 0.357707560062408 0.336822539567947 0.303486585617065 0.28221520781517 0.278263807296753 0.259953200817108 0.243935793638229 0.235802546143532 0.225898385047913 0.203655302524567 0.182540461421013 0.187241911888123 0.205093801021576 0.218193009495735 0.26557320356369 0.324207156896591 0.365763604640961 0.38794070482254 0.371850490570068 0.324260234832764 0.27948459982872 0.23818726837635 0.219109520316124 0.198898300528526 0.202925279736519 0.228059977293015 0.250468850135803 0.294138342142105 0.335027188062668 0.349573791027069 0.332898437976837 0.324976831674576 0.292162477970123 0.279722422361374 0.315485537052155 0.307269304990768 0.304242044687271 0.322640597820282
0.241038367152214 0.272335648536682 0.317829728126526 0.342104136943817 0.343029022216797 0.348024278879166 0.363016456365585 0.365112543106079 0.347582072019577 0.329711973667145 0.319776922464371 0.308877348899841 0.278204351663589 0.257343471050262 0.261602848768234 0.25898215174675 0.235014572739601 0.205516085028648 0.178510472178459 0.172583535313606 0.182430773973465 0.211144283413887 0.255641669034958 0.312407255172729 0.348075300455093 0.346142292022705 0.303316026926041 0.240325659513474 0.206067353487015 0.211107775568962 0.222766533493996 0.248000279068947 0.268991380929947 0.264991253614426 0.298407226800919 0.321804076433182 0.318176478147507 0.309084564447403 0.317736804485321 0.290844976902008 0.279743552207947 0.311111181974411 0.310735166072845 0.318513035774231 0.326794147491455
