data/trimmed_ndre/J_ndre.716.2013_no_clouds.asc
NCOLS 141 
NROWS 118 
XLLCORNER 516845 
YLLCORNER 5169015 
CELLSIZE 5 
NODATA_value -3.4e+38 
[rows 80 to 99 of 118, columns 90 to 134 of 141]
0.37298259139061 0.374250113964081 0.378069072961807 0.367676913738251 0.368272006511688 0.365968376398087 0.352985292673111 0.329777538776398 0.294356435537338 0.271935015916824 0.264352560043335 0.250136196613312 0.241746842861176 0.242135003209114 0.220779076218605 0.208608657121658 0.214123353362083 0.247804924845695 0.347108513116837 0.456232100725174 0.494316309690475 0.508734881877899 0.452355772256851 0.360909074544907 0.283766001462936 0.225298777222633 0.214056372642517 0.207965597510338 0.194208726286888 0.167792230844498 0.153541162610054 0.16760091483593 0.187948703765869 0.196195051074028 0.206592753529549 0.243417352437973 0.278337001800537 0.294680893421173 0.309075206518173 0.318570047616959 0.336974948644638 0.363622725009918 -3.4e+38 -3.4e+38 -3.4e+38
0.374591499567032 0.37668240070343 0.375941008329391 0.370365649461746 0.373139351606369 0.365112990140915 0.340409755706787 0.311978936195374 0.280599772930145 0.260548114776611 0.255081623792648 0.245008885860443 0.234137609601021 0.23128767311573 0.211551457643509 0.195417419075966 0.20574052631855 0.234914615750313 0.281174689531326 0.376142621040344 0.470868498086929 0.51580536365509 0.484321266412735 0.376585841178894 0.292058080434799 0.240708947181702 0.21999953687191 0.215687900781631 0.209734171628952 0.188156425952911 0.179766669869423 0.186495140194893 0.190007120370865 0.196779325604439 0.204509243369102 0.22030183672905 0.247419387102127 0.273260653018951 0.291211605072021 0.300833433866501 0.319615721702576 0.357716143131256 -3.4e+38 -3.4e+38 -3.4e+38
0.366139203310013 0.376110970973969 0.371601462364197 0.365310668945312 0.365917325019836 0.353479355573654 0.325671821832657 0.298258095979691 0.279666990041733 0.266636312007904 0.264825820922852 0.259126007556915 0.246949598193169 0.225139230489731 0.1995639950037 0.192107245326042 0.187964141368866 0.206574127078056 0.249325692653656 0.336463212966919 0.44955849647522 0.506123781204224 0.492279380559921 0.411051750183105 0.307063341140747 0.254787147045135 0.214656069874763 0.213599398732185 0.225691199302673 0.21647521853447 0.214507579803467 0.215690925717354 0.198149114847183 0.192189320921898 0.202081292867661 0.211710512638092 0.227926075458527 0.252705127000809 0.274495422840118 0.288223594427109 0.301512569189072 0.338757991790771 -3.4e+38 -3.4e+38 -3.4e+38
0.368064165115356 0.381817221641541 0.37431275844574 0.365918278694153 0.354249894618988 0.333066523075104 0.306483596563339 0.279921382665634 0.269980102777481 0.269587397575378 0.274459838867188 0.271456390619278 0.260241150856018 0.232998833060265 0.212398126721382 0.214106693863869 0.190353378653526 0.190760657191277 0.247881025075912 0.319444358348846 0.432636648416519 0.499022632837296 0.486419141292572 0.416777342557907 0.318709582090378 0.272689521312714 0.240508198738098 0.241704523563385 0.245366662740707 0.222487360239029 0.219084173440933 0.213116675615311 0.195016443729401 0.184717684984207 0.205247566103935 0.220994099974632 0.224462375044823 0.240123212337494 0.26522821187973 0.28166726231575 0.29166916012764 0.323027998209 -3.4e+38 -3.4e+38 -3.4e+38
0.366736650466919 0.37556517124176 0.371990382671356 0.368238061666489 0.350457608699799 0.325768232345581 0.302801311016083 0.277996003627777 0.269576191902161 0.273785680532455 0.275550574064255 0.276014983654022 0.270057767629623 0.247637510299683 0.241925194859505 0.241829127073288 0.21599392592907 0.205279126763344 0.250660836696625 0.330998867750168 0.420967280864716 0.510263085365295 0.501687288284302 0.444135308265686 0.353176414966583 0.273415893316269 0.254481613636017 0.25813227891922 0.232828423380852 0.202366843819618 0.204503700137138 0.206091046333313 0.196626514196396 0.190455749630928 0.20465087890625 0.229966625571251 0.232886627316475 0.230305731296539 0.252723664045334 0.276756167411804 0.291504293680191 0.317264318466187 -3.4e+38 -3.4e+38 -3.4e+38
0.343594431877136 0.348368406295776 0.357010811567307 0.360006541013718 0.344965249300003 0.319017469882965 0.299190551042557 0.284294962882996 0.279091328382492 0.282370835542679 0.285481482744217 0.287368178367615 0.274538159370422 0.257384955883026 0.264604568481445 0.253159463405609 0.231439083814621 0.228882342576981 0.260277926921844 0.338427543640137 0.4290711581707 0.517497003078461 0.538564443588257 0.473387628793716 0.382734477519989 0.270948588848114 0.229168906807899 0.228568062186241 0.198476165533066 0.168576017022133 0.183065369725227 0.203430354595184 0.214919865131378 0.206088289618492 0.204408496618271 0.233638823032379 0.238496527075768 0.227040797472 0.244958907365799 0.263035953044891 0.292715907096863 0.325445413589478 0.338801860809326 -3.4e+38 -3.4e+38
0.312826901674271 0.312808841466904 0.327680945396423 0.334827780723572 0.320301353931427 0.299760013818741 0.284051656723022 0.28083860874176 0.282415241003036 0.291546761989594 0.296288639307022 0.292626231908798 0.269686728715897 0.257361441850662 0.268317252397537 0.252067387104034 0.23471075296402 0.244958221912384 0.257685959339142 0.318717241287231 0.416508853435516 0.4970922768116 0.537463426589966 0.485225707292557 0.387347221374512 0.286447703838348 0.218858167529106 0.210652753710747 0.188065245747566 0.162586554884911 0.173156335949898 0.193767905235291 0.201770603656769 0.208358451724052 0.217294260859489 0.230030402541161 0.234058395028114 0.235395312309265 0.251002311706543 0.258590430021286 0.285621404647827 0.323327928781509 0.343418270349503 0.355835467576981 -3.4e+38
0.301837265491486 0.311460316181183 0.306232422590256 0.297862738370895 0.286707699298859 0.27505162358284 0.258688509464264 0.257719844579697 0.26921272277832 0.285773068666458 0.295084863901138 0.291373252868652 0.26646688580513 0.258369207382202 0.264046758413315 0.244747310876846 0.232984021306038 0.233408913016319 0.234815046191216 0.269121497869492 0.360418289899826 0.445403873920441 0.486930102109909 0.467828333377838 0.380440801382065 0.283782213926315 0.218999236822128 0.203443810343742 0.198022693395615 0.180817395448685 0.186432525515556 0.19346871972084 0.19000731408596 0.208588764071465 0.226191490888596 0.233473539352417 0.241041347384453 0.24553245306015 0.258150160312653 0.27236345410347 0.284528195858002 0.308826208114624 0.331982523202896 0.34492889046669 0.385640025138855
0.288893789052963 0.299115628004074 0.279537081718445 0.269761234521866 0.266540497541428 0.259540975093842 0.258301079273224 0.25550052523613 0.260204881429672 0.270714610815048 0.295197874307632 0.294128060340881 0.266727954149246 0.265983283519745 0.256631731987 0.23535643517971 0.23024295270443 0.218803226947784 0.211812496185303 0.225669473409653 0.311562985181808 0.419305443763733 0.457037717103958 0.445234954357147 0.372268259525299 0.272534132003784 0.223141089081764 0.204505011439323 0.198749542236328 0.184976473450661 0.198149651288986 0.20583438873291 0.198566496372223 0.2026686668396 0.217289090156555 0.239086046814919 0.25549191236496 0.264713227748871 0.271690517663956 0.282370060682297 0.292411506175995 0.306381821632385 0.328878790140152 0.346437335014343 0.365408807992935
0.263467311859131 0.26472207903862 0.259978145360947 0.260737270116806 0.259260147809982 0.260315179824829 0.269348800182343 0.268901288509369 0.259805738925934 0.261435478925705 0.289734691381454 0.294009476900101 0.272361934185028 0.277296215295792 0.253786593675613 0.230891823768616 0.235031366348267 0.216811925172806 0.205388754606247 0.241596877574921 0.322511672973633 0.432754188776016 0.47787544131279 0.449403405189514 0.384523063898087 0.286164611577988 0.227463513612747 0.207195267081261 0.198344364762306 0.193249225616455 0.201618283987045 0.21172246336937 0.206992283463478 0.201466664671898 0.217719510197639 0.242677584290504 0.266407310962677 0.2788967192173 0.272971630096436 0.268308460712433 0.277298748493195 0.294375360012054 0.321247726678848 0.341152727603912 0.354866713285446
0.255523771047592 0.253368675708771 0.258994489908218 0.267237842082977 0.270569652318954 0.262974202632904 0.25927260518074 0.259472280740738 0.252702414989471 0.262105286121368 0.286977887153625 0.284819394350052 0.276123404502869 0.279398053884506 0.252284735441208 0.228797480463982 0.230814576148987 0.215923994779587 0.210782244801521 0.273147076368332 0.363150388002396 0.44600436091423 0.505297064781189 0.483100146055222 0.423668652772903 0.327259302139282 0.253562659025192 0.224513933062553 0.216393321752548 0.205943673849106 0.194369226694107 0.193167552351952 0.210796609520912 0.219914868474007 0.228953242301941 0.248156860470772 0.276048958301544 0.28650575876236 0.271076530218124 0.263637632131577 0.270423412322998 0.288325995206833 0.312899053096771 0.331584751605988 0.343985348939896
0.263393551111221 0.260745376348495 0.262112557888031 0.270063132047653 0.276843965053558 0.260151267051697 0.253338754177094 0.258657574653625 0.249199047684669 0.260770410299301 0.282288461923599 0.274245113134384 0.275626957416534 0.27556374669075 0.252587288618088 0.23647403717041 0.228849768638611 0.222507625818253 0.229738652706146 0.28860878944397 0.370670676231384 0.413324445486069 0.48511004447937 0.513663053512573 0.45645597577095 0.369258552789688 0.283173948526382 0.240311652421951 0.230231717228889 0.212877780199051 0.190342962741852 0.186375483870506 0.214252948760986 0.228723853826523 0.236947849392891 0.253125160932541 0.28348496556282 0.292685180902481 0.273850709199905 0.27504774928093 0.280521720647812 0.294131755828857 0.315681874752045 0.338544219732285 0.346443086862564
0.271480441093445 0.27258363366127 0.260281980037689 0.266768425703049 0.27624985575676 0.254362940788269 0.255194216966629 0.266252040863037 0.253341138362885 0.25462207198143 0.261769384145737 0.255711674690247 0.26084691286087 0.260405570268631 0.25283208489418 0.253065347671509 0.244323462247849 0.230009093880653 0.233446210622787 0.262514889240265 0.310314506292343 0.36638993024826 0.438998013734818 0.502673506736755 0.476382941007614 0.400963842868805 0.316098362207413 0.242819145321846 0.220292016863823 0.2047288864851 0.191143333911896 0.193882495164871 0.21428182721138 0.22200034558773 0.23396560549736 0.25391948223114 0.281355172395706 0.283345073461533 0.272672921419144 0.285821974277496 0.290050894021988 0.300846099853516 0.319467306137085 0.325480282306671 0.331106603145599
0.2709119617939 0.271381795406342 0.253598302602768 0.259937584400177 0.265431225299835 0.249656066298485 0.264960646629333 0.27228856086731 0.26221439242363 0.273055881261826 0.275744765996933 0.265404999256134 0.264444619417191 0.253276377916336 0.253249108791351 0.264066517353058 0.26436322927475 0.247968465089798 0.230528324842453 0.229757115244865 0.253374874591827 0.310589551925659 0.380922138690948 0.443872660398483 0.466969102621078 0.417025029659271 0.339851349592209 0.249164044857025 0.208137527108192 0.199431642889977 0.194490596652031 0.202480852603912 0.21732385456562 0.22063584625721 0.240318164229393 0.268297851085663 0.280865997076035 0.267182379961014 0.262951076030731 0.27630090713501 0.281884700059891 0.288149565458298 0.290342897176743 0.290956795215607 0.31200760602951
0.26218569278717 0.260834872722626 0.250170588493347 0.254960209131241 0.256489306688309 0.256747007369995 0.271981507539749 0.270908832550049 0.255279541015625 0.256795346736908 0.263692051172256 0.273491680622101 0.276968330144882 0.260053277015686 0.253753751516342 0.258840769529343 0.261694103479385 0.253241360187531 0.241600453853607 0.24224254488945 0.245771065354347 0.263877183198929 0.31353747844696 0.376543432474136 0.434584528207779 0.42080619931221 0.351851224899292 0.268859922885895 0.213612303137779 0.203519761562347 0.194303840398788 0.200778543949127 0.224128216505051 0.238840445876122 0.254942834377289 0.276086241006851 0.280592948198318 0.263564884662628 0.2644062936306 0.276016503572464 0.27520489692688 0.270005106925964 0.271181106567383 0.281179010868073 0.302595198154449
0.256473004817963 0.25421079993248 0.254579156637192 0.255659341812134 0.255413025617599 0.263679683208466 0.273124545812607 0.256085574626923 0.251981914043427 0.251423269510269 0.247334152460098 0.256229728460312 0.263568758964539 0.255986005067825 0.258796215057373 0.264627993106842 0.261238783597946 0.247220531105995 0.234643712639809 0.253537088632584 0.277960181236267 0.263269573450089 0.276421666145325 0.339405626058578 0.401377469301224 0.416406124830246 0.350451111793518 0.268115401268005 0.224599078297615 0.208875626325607 0.20330323278904 0.210145443677902 0.23672641813755 0.25667217373848 0.260931491851807 0.264672666788101 0.275063246488571 0.277646780014038 0.279694795608521 0.282886654138565 0.280165016651154 0.280371218919754 0.295151382684708 0.304923057556152 0.309401214122772
0.252980470657349 0.260971546173096 0.260457038879395 0.255372703075409 0.255610555410385 0.264833480119705 0.265186667442322 0.252505332231522 0.266962438821793 0.276004135608673 0.269486606121063 0.274891197681427 0.267760843038559 0.26454171538353 0.276770740747452 0.289647489786148 0.293749183416367 0.289173483848572 0.289506167173386 0.294493019580841 0.301994055509567 0.28384456038475 0.279101699590683 0.307743847370148 0.342695593833923 0.358028024435043 0.31339755654335 0.244968011975288 0.219414532184601 0.209213241934776 0.222821816802025 0.23823370039463 0.253279983997345 0.264420986175537 0.266513764858246 0.264713913202286 0.281834751367569 0.296116977930069 0.291304975748062 0.286866784095764 0.287811934947968 0.300528168678284 0.317970722913742 0.314863681793213 0.307365417480469
0.255957931280136 0.265824437141418 0.258586347103119 0.250834435224533 0.2600437104702 0.261763125658035 0.265186667442322 0.260077595710754 0.252514034509659 0.2521653175354 0.262663930654526 0.274991363286972 0.267942935228348 0.269895702600479 0.283532202243805 0.288455158472061 0.285584092140198 0.285037785768509 0.299571335315704 0.288808017969131 0.283296197652817 0.290527522563934 0.292378604412079 0.292906284332275 0.294453859329224 0.294583350419998 0.273039400577545 0.232040166854858 0.214906215667725 0.21171560883522 0.237786173820496 0.267597615718842 0.27305281162262 0.281834870576859 0.2857805788517 0.287132263183594 0.299853980541229 0.300895303487778 0.290074706077576 0.288352966308594 0.291723519563675 0.303818017244339 0.316342204809189 0.308942466974258 0.308447331190109
0.252555072307587 0.249071836471558 0.256435304880142 0.248115241527557 0.252122610807419 0.261566519737244 0.270624697208405 0.265851765871048 0.24820850789547 0.245333135128021 0.259886860847473 0.264029443264008 0.254278182983398 0.261717766523361 0.278480142354965 0.280788034200668 0.265686869621277 0.247565120458603 0.254248768091202 0.263179808855057 0.279617667198181 0.297235190868378 0.300776243209839 0.288640797138214 0.272665202617645 0.27195730805397 0.262889415025711 0.24687097966671 0.231143996119499 0.222872316837311 0.234471201896667 0.261257708072662 0.273735046386719 0.282474905252457 0.292537450790405 0.29788926243782 0.304914742708206 0.301830172538757 0.285266190767288 0.283453434705734 0.291895657777786 0.301182001829147 0.306858956813812 0.306399971246719 0.312135368585587
0.239024966955185 0.240463554859161 0.252619624137878 0.235820055007935 0.244671836495399 0.269432842731476 0.267004787921906 0.270755797624588 0.266084223985672 0.262277901172638 0.272243171930313 0.264301300048828 0.241511985659599 0.239563316106796 0.248069792985916 0.256159633398056 0.2545485496521 0.255354344844818 0.264712810516357 0.274157971143723 0.283848077058792 0.298170626163483 0.297404944896698 0.280379086732864 0.258853822946548 0.25492250919342 0.257049709558487 0.259397834539413 0.246683731675148 0.231095179915428 0.226802423596382 0.252973616123199 0.277698785066605 0.271513551473618 0.283363491296768 0.292801737785339 0.296184301376343 0.306122839450836 0.287291318178177 0.272743374109268 0.287710249423981 0.305801838636398 0.307585746049881 -3.4e+38 -3.4e+38
