data/trimmed_ndre/J_ndre.78.2015_no_clouds.asc
NCOLS 141 
NROWS 118 
XLLCORNER 516845 
YLLCORNER 5169015 
CELLSIZE 5 
NODATA_value -3.4e+38 
[rows 0 to 19 of 118, columns 45 to 89 of 141]
-3.4e+38 -3.4e+38 -3.4e+38 -3.4e+38 -3.4e+38 -3.4e+38 -3.4e+38 -3.4e+38 -3.4e+38 -3.4e+38 -3.4e+38 -3.4e+38 -3.4e+38 -3.4e+38 -3.4e+38 -3.4e+38 -3.4e+38 -3.4e+38 -3.4e+38 -3.4e+38 -3.4e+38 -3.4e+38 -3.4e+38 -3.4e+38 -3.4e+38 -3.4e+38 -3.4e+38 -3.4e+38 -3.4e+38 -3.4e+38 -3.4e+38 -3.4e+38 -3.4e+38 -3.4e+38 -3.4e+38 -3.4e+38 -3.4e+38 0.218945011496544 0.221049085259438 0.218167394399643 0.215740382671356 0.212140366435051 0.213944956660271 0.216169431805611 0.219803795218468
-3.4e+38 -3.4e+38 -3.4e+38 -3.4e+38 -3.4e+38 -3.4e+38 -3.4e+38 -3.4e+38 -3.4e+38 -3.4e+38 -3.4e+38 -3.4e+38 -3.4e+38 -3.4e+38 -3.4e+38 -3.4e+38 -3.4e+38 -3.4e+38 -3.4e+38 -3.4e+38 -3.4e+38 -3.4e+38 -3.4e+38 -3.4e+38 -3.4e+38 -3.4e+38 -3.4e+38 -3.4e+38 0.193305134773254 0.194426655769348 0.19891731441021 0.193906292319298 0.185586035251617 0.190677002072334 0.202621161937714 0.213027611374855 0.21758034825325 0.219754844903946 0.218979045748711 0.211735457181931 0.202593818306923 0.197418734431267 0.208408012986183 0.212451264262199 0.213733717799187
-3.4e+38 -3.4e+38 -3.4e+38 -3.4e+38 -3.4e+38 -3.4e+38 -3.4e+38 -3.4e+38 -3.4e+38 -3.4e+38 -3.4e+38 -3.4e+38 -3.4e+38 -3.4e+38 -3.4e+38 -3.4e+38 -3.4e+38 -3.4e+38 -3.4e+38 -3.4e+38 0.189945682883263 0.19481186568737 0.188221752643585 0.184569343924522 0.184403046965599 0.192481964826584 0.198795586824417 0.189535602927208 0.19352562725544 0.198771506547928 0.196863651275635 0.200879722833633 0.198992416262627 0.200437545776367 0.210634633898735 0.214166864752769 0.216822162270546 0.215063527226448 0.21022641658783 0.202520102262497 0.197234481573105 0.198676466941833 0.209920391440392 0.208497688174248 0.201537042856216
-3.4e+38 -3.4e+38 -3.4e+38 -3.4e+38 -3.4e+38 -3.4e+38 -3.4e+38 -3.4e+38 -3.4e+38 -3.4e+38 -3.4e+38 -3.4e+38 -3.4e+38 -3.4e+38 -3.4e+38 -3.4e+38 0.197324007749557 0.197253629565239 0.189788043498993 0.1801747828722 0.188020214438438 0.191810503602028 0.193041205406189 0.197980776429176 0.186894834041595 0.189205378293991 0.19908544421196 0.196802735328674 0.203203946352005 0.20512630045414 0.202470436692238 0.216414153575897 0.207539528608322 0.205426231026649 0.212375432252884 0.206702888011932 0.212871372699738 0.212153434753418 0.206517204642296 0.210485607385635 0.209462836384773 0.210067898035049 0.21337665617466 0.207169353961945 0.198514968156815
-3.4e+38 -3.4e+38 -3.4e+38 -3.4e+38 -3.4e+38 -3.4e+38 -3.4e+38 -3.4e+38 -3.4e+38 -3.4e+38 -3.4e+38 -3.4e+38 -3.4e+38 -3.4e+38 -3.4e+38 0.194954112172127 0.197974503040314 0.200561076402664 0.19213955104351 0.181903883814812 0.189534336328506 0.19110943377018 0.19767464697361 0.205270245671272 0.194005250930786 0.194475546479225 0.200980708003044 0.205942139029503 0.208050712943077 0.210306942462921 0.21347539126873 0.219341710209846 0.206874147057533 0.206503331661224 0.207092016935349 0.199363246560097 0.216752633452415 0.219075277447701 0.217238038778305 0.222596481442451 0.219741359353065 0.219641178846359 0.218502104282379 0.215025335550308 0.213441327214241
-3.4e+38 -3.4e+38 -3.4e+38 -3.4e+38 -3.4e+38 -3.4e+38 -3.4e+38 -3.4e+38 -3.4e+38 -3.4e+38 -3.4e+38 -3.4e+38 -3.4e+38 -3.4e+38 0.186401054263115 0.191791102290154 0.195267394185066 0.199640154838562 0.191583380103111 0.187924727797508 0.194200053811073 0.191405683755875 0.192309856414795 0.197088822722435 0.197413921356201 0.199067488312721 0.200350791215897 0.19990374147892 0.195937097072601 0.202436923980713 0.211532086133957 0.215394109487534 0.207204595208168 0.206469252705574 0.205960437655449 0.20756658911705 0.218246608972549 0.214749604463577 0.218254044651985 0.223952323198318 0.219643726944923 0.22347055375576 0.222436755895615 0.217244133353233 0.213290363550186
-3.4e+38 -3.4e+38 -3.4e+38 -3.4e+38 -3.4e+38 -3.4e+38 -3.4e+38 -3.4e+38 -3.4e+38 -3.4e+38 -3.4e+38 -3.4e+38 0.192588493227959 0.18527615070343 0.188843235373497 0.191430017352104 0.194258466362953 0.197066083550453 0.191566646099091 0.197815552353859 0.202705070376396 0.19551494717598 0.189700797200203 0.191600993275642 0.197237476706505 0.200027897953987 0.193980053067207 0.191575735807419 0.192259356379509 0.198508158326149 0.208963677287102 0.212248131632805 0.210960775613785 0.212464645504951 0.209510445594788 0.207973301410675 0.20880164206028 0.203572854399681 0.209505930542946 0.213803112506866 0.214252471923828 0.221639335155487 0.216308757662773 0.208150655031204 0.204646542668343
-3.4e+38 -3.4e+38 -3.4e+38 -3.4e+38 -3.4e+38 -3.4e+38 -3.4e+38 -3.4e+38 -3.4e+38 -3.4e+38 -3.4e+38 0.187301516532898 0.187372863292694 0.190746039152145 0.193038061261177 0.192945122718811 0.195611447095871 0.198103353381157 0.195940986275673 0.208703473210335 0.211395233869553 0.203410357236862 0.194945186376572 0.193736046552658 0.195095583796501 0.196489885449409 0.194946795701981 0.19748392701149 0.198820233345032 0.201294228434563 0.210519686341286 0.206875085830688 0.206418633460999 0.210796654224396 0.205929696559906 0.201998382806778 0.198763534426689 0.196553006768227 0.20273220539093 0.209163695573807 0.212419182062149 0.214962542057037 0.21045283973217 0.199940413236618 0.19714617729187
-3.4e+38 -3.4e+38 -3.4e+38 -3.4e+38 -3.4e+38 -3.4e+38 -3.4e+38 -3.4e+38 -3.4e+38 0.19891519844532 0.19829386472702 0.186963096261024 0.191838845610619 0.196465507149696 0.196255713701248 0.19378362596035 0.194968149065971 0.192992299795151 0.192410424351692 0.205795675516129 0.210874140262604 0.208782836794853 0.204901143908501 0.203342646360397 0.200433373451233 0.199188262224197 0.201044276356697 0.208686366677284 0.208678990602493 0.20922677218914 0.21255287528038 0.203031852841377 0.204037174582481 0.206760346889496 0.201825857162476 0.199484527111053 0.200773507356644 0.201554045081139 0.200266823172569 0.208001151680946 0.208771273493767 0.209618523716927 0.213292002677917 0.201484590768814 0.193639680743217
-3.4e+38 -3.4e+38 -3.4e+38 -3.4e+38 -3.4e+38 -3.4e+38 -3.4e+38 -3.4e+38 0.202668130397797 0.201848983764648 0.200649127364159 0.197210296988487 0.200298964977264 0.199890077114105 0.196043878793716 0.193836033344269 0.204207316040993 0.195984467864037 0.191254466772079 0.196887537837029 0.198899745941162 0.198590561747551 0.199305683374405 0.204550206661224 0.206953212618828 0.206510096788406 0.208420112729073 0.214216947555542 0.208534598350525 0.210157051682472 0.212244406342506 0.204817473888397 0.205355361104012 0.204294040799141 0.203472286462784 0.205860778689384 0.204104572534561 0.201846867799759 0.201872885227203 0.21062259376049 0.206551775336266 0.210000112652779 0.217489957809448 0.208629593253136 0.202421575784683
-3.4e+38 -3.4e+38 -3.4e+38 -3.4e+38 -3.4e+38 -3.4e+38 0.201714396476746 0.203073814511299 0.199415966868401 0.202537924051285 0.20938678085804 0.211606383323669 0.209750264883041 0.20792843401432 0.200563788414001 0.202385976910591 0.218860223889351 0.202425703406334 0.199622705578804 0.199667036533356 0.190730020403862 0.20027731359005 0.204888716340065 0.206641510128975 0.208800882101059 0.21260903775692 0.215214028954506 0.213689416646957 0.203404292464256 0.20814448595047 0.211000815033913 0.209379360079765 0.209461733698845 0.201717242598534 0.202595874667168 0.207996487617493 0.202634334564209 0.200393959879875 0.205471485853195 0.214268788695335 0.209765285253525 0.205848574638367 0.212812021374702 0.218972995877266 0.213637426495552
-3.4e+38 -3.4e+38 -3.4e+38 -3.4e+38 -3.4e+38 0.205758884549141 0.207463353872299 0.204611986875534 0.19971176981926 0.204189941287041 0.220195546746254 0.222778826951981 0.21620911359787 0.212775036692619 0.204161658883095 0.212080836296082 0.224776685237885 0.207052633166313 0.213139623403549 0.203253492712975 0.190180957317352 0.208976745605469 0.21283695101738 0.20463553071022 0.196361482143402 0.204050153493881 0.213023081421852 0.211181476712227 0.201257109642029 0.204497218132019 0.207456037402153 0.211214676499367 0.213208228349686 0.199356526136398 0.200922712683678 0.204524576663971 0.200052514672279 0.198894038796425 0.204118072986603 0.208194345235825 0.203461304306984 0.193102926015854 0.208381563425064 0.221902474761009 0.214338585734367
-3.4e+38 -3.4e+38 -3.4e+38 0.214349865913391 0.217692941427231 0.212751373648643 0.210867300629616 0.209311574697495 0.205762282013893 0.203018054366112 0.2082329839468 0.209003373980522 0.210194438695908 0.210904017090797 0.204556420445442 0.209386706352234 0.210341230034828 0.202772215008736 0.214349865913391 0.201147362589836 0.195096015930176 0.211305364966393 0.213660225272179 0.198476985096931 0.189850375056267 0.199411287903786 0.209791705012321 0.208410233259201 0.201268211007118 0.198565542697906 0.199973031878471 0.206471636891365 0.20918333530426 0.199271231889725 0.197156473994255 0.198218509554863 0.199030041694641 0.199204087257385 0.199367105960846 0.202201679348946 0.197808563709259 0.184481576085091 0.203536570072174 0.211085394024849 0.2048080265522
-3.4e+38 -3.4e+38 0.195244923233986 0.206738293170929 0.212211087346077 0.212158128619194 0.208268418908119 0.205561265349388 0.20130218565464 0.197263896465302 0.195794746279716 0.195465341210365 0.202412903308868 0.205260396003723 0.199982509016991 0.197705313563347 0.199744373559952 0.202523186802864 0.20986932516098 0.201793223619461 0.197885930538177 0.197179719805717 0.193085163831711 0.192687660455704 0.196035087108612 0.201648220419884 0.204963713884354 0.204626202583313 0.200063899159431 0.196401372551918 0.19878576695919 0.202383935451508 0.205281063914299 0.201491877436638 0.192811638116837 0.190220668911934 0.197510913014412 0.202891185879707 0.196275547146797 0.201494216918945 0.197258427739143 0.18759086728096 0.199815213680267 0.201949208974838 0.198238953948021
-3.4e+38 0.193429842591286 0.187945365905762 0.194322347640991 0.197824165225029 0.202338755130768 0.204179733991623 0.202976256608963 0.20075948536396 0.19765816628933 0.194605231285095 0.19362373650074 0.201569944620132 0.204170942306519 0.198501005768776 0.190973803400993 0.201002433896065 0.204239726066589 0.206153929233551 0.207732424139977 0.203238412737846 0.192245066165924 0.186481773853302 0.198744177818298 0.206122875213623 0.204628571867943 0.198491096496582 0.197595924139023 0.199936509132385 0.199566558003426 0.199460133910179 0.199730932712555 0.20420329272747 0.20417457818985 0.196272760629654 0.186751484870911 0.196979939937592 0.200747519731522 0.194231197237968 0.203711912035942 0.204247742891312 0.198261365294456 0.196158215403557 0.200523436069489 0.19953565299511
0.210769668221474 0.195790469646454 0.185645386576653 0.185407415032387 0.188428923487663 0.19862774014473 0.204741105437279 0.20590153336525 0.205345705151558 0.20586858689785 0.206093996763229 0.205003201961517 0.20298807322979 0.20671047270298 0.200548514723778 0.193835884332657 0.207926079630852 0.204393208026886 0.205518543720245 0.211567476391792 0.208168834447861 0.198573887348175 0.194803491234779 0.204133063554764 0.207908615469933 0.201684206724167 0.197569832205772 0.201164036989212 0.206888273358345 0.203488022089005 0.19976581633091 0.200094893574715 0.203220501542091 0.209255307912827 0.205965667963028 0.194181054830551 0.199654713273048 0.19593608379364 0.192264497280121 0.201487645506859 0.207253217697144 0.20229397714138 0.198230072855949 0.204899281263351 0.207223042845726
0.21315972507 0.200573101639748 0.192380294203758 0.187672525644302 0.189935103058815 0.202120453119278 0.209051877260208 0.211035072803497 0.211137995123863 0.212754443287849 0.210852742195129 0.20642015337944 0.203133910894394 0.211258992552757 0.204690977931023 0.201127216219902 0.206602975726128 0.200975939631462 0.201852694153786 0.207871332764626 0.211369127035141 0.210852742195129 0.200801104307175 0.196477487683296 0.199066445231438 0.201490491628647 0.20370976626873 0.20716255903244 0.210362255573273 0.204218342900276 0.19682665169239 0.194906860589981 0.200387224555016 0.212201863527298 0.211031049489975 0.203475043177605 0.202932223677635 0.200681701302528 0.196741908788681 0.196577250957489 0.200551986694336 0.202753886580467 0.203070163726807 0.208401530981064 0.214162692427635
0.199322029948235 0.185583412647247 0.190392598509789 0.193151265382767 0.196010679006577 0.203329995274544 0.210058748722076 0.211388647556305 0.211250364780426 0.212619945406914 0.210493072867393 0.204082027077675 0.202333092689514 0.210026308894157 0.206023976206779 0.201828181743622 0.196479648351669 0.187805771827698 0.18751548230648 0.199997201561928 0.210939586162567 0.211024835705757 0.1838348954916 0.177939847111702 0.189996317028999 0.20587070286274 0.205734372138977 0.202970325946808 0.201026096940041 0.20066724717617 0.191180855035782 0.187601119279861 0.193912833929062 0.207385897636414 0.205384835600853 0.197009593248367 0.191457122564316 0.193059265613556 0.190126642584801 0.187727764248848 0.19051593542099 0.203214094042778 0.200903534889221 0.201355800032616 0.206434577703476
0.178689897060394 0.174742624163628 0.193479120731354 0.201100721955299 0.19829797744751 0.195592671632767 0.197087302803993 0.198178499937057 0.201233953237534 0.206009447574615 0.208422616124153 0.202296450734138 0.195039764046669 0.195404872298241 0.201877743005753 0.202676072716713 0.192038416862488 0.178713217377663 0.175192326307297 0.194294422864914 0.206969395279884 0.205041125416756 0.182909145951271 0.179520025849342 0.191965028643608 0.206019774079323 0.19387723505497 0.179846450686455 0.181844443082809 0.192908346652985 0.189898610115051 0.185872361063957 0.189009487628937 0.197978734970093 0.19841593503952 0.193587705492973 0.19039511680603 0.191176265478134 0.186623379588127 0.184016436338425 0.188576072454453 0.199798837304115 0.197896391153336 0.19867305457592 0.200422883033752
0.173816755414009 0.181015729904175 0.199490785598755 0.204595193266869 0.194062054157257 0.189665243029594 0.192182406783104 0.195547446608543 0.19642286002636 0.200043022632599 0.20608526468277 0.205419674515724 0.19079227745533 0.188953712582588 0.198465391993523 0.202577635645866 0.194268256425858 0.185440003871918 0.183242380619049 0.19381245970726 0.196584641933441 0.19964337348938 0.197261989116669 0.193907126784325 0.19650986790657 0.199166536331177 0.191291764378548 0.175897642970085 0.178680747747421 0.190426871180534 0.196789979934692 0.195440605282784 0.197347074747086 0.199159517884254 0.196785390377045 0.19353386759758 0.194754406809807 0.195893064141273 0.193496644496918 0.193668454885483 0.19507123529911 0.198890253901482 0.200358316302299 0.200657323002815 0.200876623392105
