data/trimmed_ndre/J_ndre.77.2010_no_clouds.asc
NCOLS 141 
NROWS 118 
XLLCORNER 516845 
YLLCORNER 5169015 
CELLSIZE 5 
NODATA_value -3.4e+38 
[rows 80 to 99 of 118, columns 90 to 134 of 141]
0.605038940906525 0.611955642700195 0.623915076255798 0.623701214790344 0.605759918689728 0.585897505283356 0.596967697143555 0.60052353143692 0.595520496368408 0.59610253572464 0.615581631660461 0.613406419754028 0.575564622879028 0.571622312068939 0.575367212295532 0.559927701950073 0.542413532733917 0.549409210681915 0.574057161808014 0.574560284614563 0.54637998342514 0.545211732387543 0.561944127082825 0.550819754600525 0.53410142660141 0.503376483917236 0.446051776409149 0.407308727502823 0.411597341299057 0.422166138887405 0.431017458438873 0.462195366621017 0.490458786487579 0.504092872142792 0.501612484455109 0.503496885299683 0.495366513729095 0.488305330276489 0.482469439506531 0.481356292963028 0.502704203128815 0.525779545307159 -3.4e+38 -3.4e+38 -3.4e+38
0.596116185188293 0.588583707809448 0.609733283519745 0.60194194316864 0.595578551292419 0.597616314888 0.602818548679352 0.617575764656067 0.622322678565979 0.622330605983734 0.628278136253357 0.610390722751617 0.57935631275177 0.565592169761658 0.57111531496048 0.563286900520325 0.538884401321411 0.532436490058899 0.548975229263306 0.564452946186066 0.559684336185455 0.568717062473297 0.580101311206818 0.568777978420258 0.546359658241272 0.530105710029602 0.467938482761383 0.412363439798355 0.414738029241562 0.44007608294487 0.47129499912262 0.489553898572922 0.497454881668091 0.517644941806793 0.517967045307159 0.506579577922821 0.499295055866241 0.492092490196228 0.489613085985184 0.498147875070572 0.505117177963257 0.506783902645111 -3.4e+38 -3.4e+38 -3.4e+38
0.608080744743347 0.605158388614655 0.59514194726944 0.59731650352478 0.61319237947464 0.622622549533844 0.600476086139679 0.618138194084167 0.637940108776093 0.63386869430542 0.621560275554657 0.617607653141022 0.591311454772949 0.567167639732361 0.567460894584656 0.557943105697632 0.533219993114471 0.52511602640152 0.531914234161377 0.556542098522186 0.586264312267303 0.601953685283661 0.587107062339783 0.573167443275452 0.565712153911591 0.558681786060333 0.514674007892609 0.462621450424194 0.457647800445557 0.478826433420181 0.500408709049225 0.50690108537674 0.500959455966949 0.514002025127411 0.518200397491455 0.509732484817505 0.504157841205597 0.49482849240303 0.494540929794312 0.509654462337494 0.51586240530014 0.516660094261169 -3.4e+38 -3.4e+38 -3.4e+38
0.61309015750885 0.593242645263672 0.58704274892807 0.6109738945961 0.605749249458313 0.62509548664093 0.634415984153748 0.628277122974396 0.620783150196075 0.620441973209381 0.619595587253571 0.626535594463348 0.606450796127319 0.574376344680786 0.562736868858337 0.55880880355835 0.54897129535675 0.538561463356018 0.531453251838684 0.556815505027771 0.604522049427032 0.612348556518555 0.590144157409668 0.589862406253815 0.577264726161957 0.556539177894592 0.527330696582794 0.506620347499847 0.495120525360107 0.484293699264526 0.47383838891983 0.485165596008301 0.493570983409882 0.506715059280396 0.518034815788269 0.518744707107544 0.506006360054016 0.496056824922562 0.494094341993332 0.505086600780487 0.519518256187439 0.531030595302582 -3.4e+38 -3.4e+38 -3.4e+38
0.611591875553131 0.596912324428558 0.597079157829285 0.620680570602417 0.628496944904327 0.621338546276093 0.628919839859009 0.621587634086609 0.602076828479767 0.609697043895721 0.623808681964874 0.624476671218872 0.607147991657257 0.578697621822357 0.563319265842438 0.566010534763336 0.563421547412872 0.556408107280731 0.553816914558411 0.571887195110321 0.594239473342896 0.603737115859985 0.597335577011108 0.604605257511139 0.58659154176712 0.546578407287598 0.519001007080078 0.51955384016037 0.509124875068665 0.489805579185486 0.473324537277222 0.479965806007385 0.495807498693466 0.506982386112213 0.51705926656723 0.523591160774231 0.515775144100189 0.505501866340637 0.495853513479233 0.496796071529388 0.505984246730804 0.507725059986115 -3.4e+38 -3.4e+38 -3.4e+38
0.631522119045258 0.623079240322113 0.617929756641388 0.619420409202576 0.621804654598236 0.604775249958038 0.610806345939636 0.625266253948212 0.628060817718506 0.629810929298401 0.621803760528564 0.612411439418793 0.602172791957855 0.58299708366394 0.567712366580963 0.572367668151855 0.571850955486298 0.569923937320709 0.574979543685913 0.581350803375244 0.581801474094391 0.599648118019104 0.604832828044891 0.60281378030777 0.593282997608185 0.552385687828064 0.515649914741516 0.506420135498047 0.497545897960663 0.500049233436584 0.494054466485977 0.489777773618698 0.497041463851929 0.509742259979248 0.526199698448181 0.538450300693512 0.530715882778168 0.514160454273224 0.499219506978989 0.493087857961655 0.49328750371933 0.493378549814224 0.506812274456024 -3.4e+38 -3.4e+38
0.620327174663544 0.613086104393005 0.610686063766479 0.610003769397736 0.613475203514099 0.612874925136566 0.618660569190979 0.619840264320374 0.629502832889557 0.638212502002716 0.623903810977936 0.615558445453644 0.614306569099426 0.602883279323578 0.580423951148987 0.568799078464508 0.570212543010712 0.572719395160675 0.575845777988434 0.585636913776398 0.589716911315918 0.605748355388641 0.597232699394226 0.584469079971313 0.590646147727966 0.566200137138367 0.520696699619293 0.490217864513397 0.493390053510666 0.493923008441925 0.490561932325363 0.486098974943161 0.494058549404144 0.514227092266083 0.537441372871399 0.544813871383667 0.53476744890213 0.517488896846771 0.505139529705048 0.498833030462265 0.492493599653244 0.496011644601822 0.504506051540375 0.500448524951935 -3.4e+38
0.610383331775665 0.610307991504669 0.612566471099854 0.615559339523315 0.622283399105072 0.62562769651413 0.63072007894516 0.623428046703339 0.617136776447296 0.632854282855988 0.639894843101501 0.632220327854156 0.613679885864258 0.595742523670197 0.595543265342712 0.577740728855133 0.569109618663788 0.577027857303619 0.580114305019379 0.589021325111389 0.591553270816803 0.597939074039459 0.590886890888214 0.570598900318146 0.56694483757019 0.54718017578125 0.512835025787354 0.491964966058731 0.498424589633942 0.471777647733688 0.462681025266647 0.477761179208755 0.492973744869232 0.516088485717773 0.536857008934021 0.537977874279022 0.531163036823273 0.522542238235474 0.509655237197876 0.49946916103363 0.495905220508575 0.504968225955963 0.517231047153473 0.519932985305786 0.525825977325439
0.607485592365265 0.619230628013611 0.629010379314423 0.625324130058289 0.624440848827362 0.628276467323303 0.627412796020508 0.619542181491852 0.607706487178802 0.621926009654999 0.639839887619019 0.623538553714752 0.603395760059357 0.595314085483551 0.60864669084549 0.597407281398773 0.579255104064941 0.576692581176758 0.574008464813232 0.578647553920746 0.583741426467896 0.589839100837708 0.597321808338165 0.576379895210266 0.546446323394775 0.531104326248169 0.524641990661621 0.506724119186401 0.49047663807869 0.463265776634216 0.458821326494217 0.489090621471405 0.511795520782471 0.523670613765717 0.535252392292023 0.534648716449738 0.527807950973511 0.528934717178345 0.51850962638855 0.503811120986938 0.504146873950958 0.514533162117004 0.533783376216888 0.540055096149445 0.536394715309143
0.610978782176971 0.615087449550629 0.618854224681854 0.614759504795074 0.614591598510742 0.620397865772247 0.621430099010468 0.611776530742645 0.612434983253479 0.62256532907486 0.628282010555267 0.620783567428589 0.622347235679626 0.606588780879974 0.597312092781067 0.591134369373322 0.572127521038055 0.572930216789246 0.580212354660034 0.576357662677765 0.575465798377991 0.571981132030487 0.574822306632996 0.592357039451599 0.568816542625427 0.54141366481781 0.543712913990021 0.513099849224091 0.491447985172272 0.490056872367859 0.488621383905411 0.52521425485611 0.546066761016846 0.540752828121185 0.543123364448547 0.543518900871277 0.542330741882324 0.546616852283478 0.539373874664307 0.527039468288422 0.528154671192169 0.532459616661072 0.540240943431854 0.551064968109131 0.552495837211609
0.61727911233902 0.610898971557617 0.607538640499115 0.609429597854614 0.613127291202545 0.621267080307007 0.632551074028015 0.621327102184296 0.601915180683136 0.616724669933319 0.628505647182465 0.629492580890656 0.631655097007751 0.610410928726196 0.593958079814911 0.600904524326324 0.592845261096954 0.591829359531403 0.595629811286926 0.587922036647797 0.565017700195312 0.561497211456299 0.58768105506897 0.618296205997467 0.590365290641785 0.552277982234955 0.544590532779694 0.531981647014618 0.516650080680847 0.517683386802673 0.524237036705017 0.554829478263855 0.568489909172058 0.564077615737915 0.568248987197876 0.573953986167908 0.576610028743744 0.573375880718231 0.564368486404419 0.558152437210083 0.55325722694397 0.550268173217773 0.550041496753693 0.562696754932404 0.587139904499054
0.622182667255402 0.61369127035141 0.603985190391541 0.609268963336945 0.618265390396118 0.623811483383179 0.625570893287659 0.618522346019745 0.602630615234375 0.611519873142242 0.628266274929047 0.616863012313843 0.607862889766693 0.620346546173096 0.618138194084167 0.615702271461487 0.612510979175568 0.59906405210495 0.590802311897278 0.585725724697113 0.575313627719879 0.577413082122803 0.597123324871063 0.613042175769806 0.592283487319946 0.563719213008881 0.564247488975525 0.569716334342957 0.543602824211121 0.533721745014191 0.549306333065033 0.560644209384918 0.560431838035583 0.572163045406342 0.59020584821701 0.598527014255524 0.600385129451752 0.592946112155914 0.581557035446167 0.584184169769287 0.565989315509796 0.567581117153168 0.583050191402435 0.578915596008301 0.608945786952972
0.611185491085052 0.603996872901917 0.596422553062439 0.609196364879608 0.615419387817383 0.606462836265564 0.603950381278992 0.611941993236542 0.616699635982513 0.610920310020447 0.624224722385406 0.622940182685852 0.613435387611389 0.624347507953644 0.621970951557159 0.614400923252106 0.601229727268219 0.591860771179199 0.597185909748077 0.579557418823242 0.569437265396118 0.579172134399414 0.580444157123566 0.598856866359711 0.607133328914642 0.588719189167023 0.58182030916214 0.581980347633362 0.559921622276306 0.558272957801819 0.579961955547333 0.591809332370758 0.583796560764313 0.583700060844421 0.590135157108307 0.597575724124908 0.603230834007263 0.608522593975067 0.603566944599152 0.593870759010315 0.567487955093384 0.590293228626251 0.621578693389893 0.59467339515686 0.600218772888184
0.594813287258148 0.581351041793823 0.583024978637695 0.604265153408051 0.609650790691376 0.60015743970871 0.606074869632721 0.610547125339508 0.631750583648682 0.64301472902298 0.635731220245361 0.63012307882309 0.616797745227814 0.605996608734131 0.610166490077972 0.622759878635406 0.603596746921539 0.578149378299713 0.584833979606628 0.567925751209259 0.552217245101929 0.569456577301025 0.572490274906158 0.578824162483215 0.588500201702118 0.588514089584351 0.581093370914459 0.567125976085663 0.566050052642822 0.57596218585968 0.585104942321777 0.597274839878082 0.599371016025543 0.590857863426208 0.580640971660614 0.591255247592926 0.608252108097076 0.617633759975433 0.601049184799194 0.582250773906708 0.569476187229156 0.587632477283478 0.609872817993164 0.593682289123535 0.590870440006256
0.591968595981598 0.582907199859619 0.594060003757477 0.619777262210846 0.621204435825348 0.611245214939117 0.611970663070679 0.613955855369568 0.622161090373993 0.635587275028229 0.63675332069397 0.63411819934845 0.604531109333038 0.590512752532959 0.594444692134857 0.586532771587372 0.576053559780121 0.565800845623016 0.569435894489288 0.578032374382019 0.568930983543396 0.554504036903381 0.544795632362366 0.553731262683868 0.57080090045929 0.57559734582901 0.578783273696899 0.565331339836121 0.570539355278015 0.590790390968323 0.574736833572388 0.579978704452515 0.595555603504181 0.59453159570694 0.588135659694672 0.593957185745239 0.609220206737518 0.612190425395966 0.596730291843414 0.57663893699646 0.572234809398651 0.586718261241913 0.601003289222717 0.59967041015625 0.600003004074097
0.61116760969162 0.614106118679047 0.615691065788269 0.627198934555054 0.622667014598846 0.600296974182129 0.598644614219666 0.611236333847046 0.606608629226685 0.619423389434814 0.633476376533508 0.624889492988586 0.581687450408936 0.563327789306641 0.564203202724457 0.54695725440979 0.539124727249146 0.548001885414124 0.557138085365295 0.56769073009491 0.577806949615479 0.573462903499603 0.55811208486557 0.55404669046402 0.573253929615021 0.560348510742188 0.547186195850372 0.574402034282684 0.584420680999756 0.585814833641052 0.57654470205307 0.583406865596771 0.593953967094421 0.596453368663788 0.594499170780182 0.595869719982147 0.600808084011078 0.611945867538452 0.618823170661926 0.577882587909698 0.557289361953735 0.580014109611511 0.597525119781494 0.603593349456787 0.605791687965393
0.60625296831131 0.624827325344086 0.623869597911835 0.613497734069824 0.608891308307648 0.594129741191864 0.602752447128296 0.61574113368988 0.608991384506226 0.61628258228302 0.626103699207306 0.622779428958893 0.598249733448029 0.575317680835724 0.561052143573761 0.537976741790771 0.518223345279694 0.524699211120605 0.555913686752319 0.580979645252228 0.589114606380463 0.598044872283936 0.578421354293823 0.548524916172028 0.556608855724335 0.549725532531738 0.544135391712189 0.574453115463257 0.574805498123169 0.573181688785553 0.585347414016724 0.602457046508789 0.598078429698944 0.587921619415283 0.589535593986511 0.598910987377167 0.59345930814743 0.600555717945099 0.611555337905884 0.579768300056458 0.557919204235077 0.572803318500519 0.588155448436737 0.593583106994629 0.593447983264923
0.599052965641022 0.609174430370331 0.629901230335236 0.628382503986359 0.608094692230225 0.597673118114471 0.607205271720886 0.619741678237915 0.616171956062317 0.609830856323242 0.625379741191864 0.639411687850952 0.626573145389557 0.598836660385132 0.579351365566254 0.546561896800995 0.519214868545532 0.533454895019531 0.567720115184784 0.584551870822906 0.581276118755341 0.582001924514771 0.578059256076813 0.563718438148499 0.55136513710022 0.538898050785065 0.542936503887177 0.55697762966156 0.570838987827301 0.575633406639099 0.588960826396942 0.607218861579895 0.599100828170776 0.585582494735718 0.591458261013031 0.600684285163879 0.592706859111786 0.584546506404877 0.593888342380524 0.596893489360809 0.582254528999329 0.573571264743805 0.582446575164795 0.588421940803528 0.596598327159882
0.62798660993576 0.614979863166809 0.615213751792908 0.633329689502716 0.616036176681519 0.596922636032104 0.603197038173676 0.615793228149414 0.621432662010193 0.620503187179565 0.632978558540344 0.638595283031464 0.624651253223419 0.609151422977448 0.601733446121216 0.587908327579498 0.561334729194641 0.556558787822723 0.566719233989716 0.575491726398468 0.572435319423676 0.574041604995728 0.581576824188232 0.565212786197662 0.53976583480835 0.538714408874512 0.551014840602875 0.580155670642853 0.594713568687439 0.587780952453613 0.585292458534241 0.596203446388245 0.598915159702301 0.59693431854248 0.603906154632568 0.606100678443909 0.599574387073517 0.587117612361908 0.592121481895447 0.608757972717285 0.600923299789429 0.591713309288025 0.590516209602356 0.597978591918945 0.607036411762238
0.624146282672882 0.61871325969696 0.615330040454865 0.623708724975586 0.617488384246826 0.603288114070892 0.609167218208313 0.610068917274475 0.615310907363892 0.623605787754059 0.625923871994019 0.622330486774445 0.612637639045715 0.610840380191803 0.61867356300354 0.627743303775787 0.604815721511841 0.57802426815033 0.582187235355377 0.595550239086151 0.592138051986694 0.579924881458282 0.573910415172577 0.554603815078735 0.549002587795258 0.57015985250473 0.579167425632477 0.59602415561676 0.607066571712494 0.598585724830627 0.58488255739212 0.598860561847687 0.61707592010498 0.61347097158432 0.610034167766571 0.609573602676392 0.608246088027954 0.60120290517807 0.594778299331665 0.59764301776886 0.60509467124939 0.604186773300171 0.597679436206818 -3.4e+38 -3.4e+38
