data/trimmed_ndre/J_ndre.711.2014_no_clouds.asc
NCOLS 141 
NROWS 118 
XLLCORNER 516845 
YLLCORNER 5169015 
CELLSIZE 5 
NODATA_value -3.4e+38 
[rows 60 to 79 of 118, columns 90 to 134 of 141]
0.294670522212982 0.283973753452301 0.260983526706696 0.247950792312622 0.242221504449844 0.24152398109436 0.227684408426285 0.215379118919373 0.217088684439659 0.216234967112541 0.227941870689392 0.235324054956436 0.22928324341774 0.24473063647747 0.24339485168457 0.220021456480026 0.220419153571129 0.231869146227837 0.246731847524643 0.2553930580616 0.2645603120327 0.286224007606506 0.30556982755661 0.314193964004517 0.30595189332962 0.300933629274368 0.307695537805557 0.308836281299591 0.294696629047394 0.284656822681427 0.279185384511948 0.274736553430557 0.296425700187683 0.314493238925934 0.323832362890244 0.332802802324295 -3.4e+38 -3.4e+38 -3.4e+38 -3.4e+38 -3.4e+38 -3.4e+38 -3.4e+38 -3.4e+38 -3.4e+38
0.297766834497452 0.291363656520844 0.271765977144241 0.275408715009689 0.273941695690155 0.250606834888458 0.224855840206146 0.213069766759872 0.216550961136818 0.218041375279427 0.210161983966827 0.218955233693123 0.236092701554298 0.239210486412048 0.239227369427681 0.239515647292137 0.223876297473907 0.211243584752083 0.218985334038734 0.239249899983406 0.263666391372681 0.284279525279999 0.296858698129654 0.300380349159241 0.29598405957222 0.300855606794357 0.313958078622818 0.312133520841599 0.2826988697052 0.268766850233078 0.272981256246567 0.278998702764511 0.308061808347702 0.327679097652435 0.334181755781174 0.338770896196365 0.341581672430038 -3.4e+38 -3.4e+38 -3.4e+38 -3.4e+38 -3.4e+38 -3.4e+38 -3.4e+38 -3.4e+38
0.304238259792328 0.303280830383301 0.295245856046677 0.297927886247635 0.301434516906738 0.27773529291153 0.252811074256897 0.252249926328659 0.236351951956749 0.229432940483093 0.233499184250832 0.24055889248848 0.257191210985184 0.249507963657379 0.237145945429802 0.23945127427578 0.238476559519768 0.237235739827156 0.233689591288567 0.229800805449486 0.254071533679962 0.280321329832077 0.293821215629578 0.29044383764267 0.277522385120392 0.281153976917267 0.292033642530441 0.288977414369583 0.264691561460495 0.253988564014435 0.262247890233994 0.273393511772156 0.293493300676346 0.308956384658813 0.323043674230576 0.331342309713364 0.334420949220657 -3.4e+38 -3.4e+38 -3.4e+38 -3.4e+38 -3.4e+38 -3.4e+38 -3.4e+38 -3.4e+38
0.314927846193314 0.317293643951416 0.314090698957443 0.304516315460205 0.305778592824936 0.300026386976242 0.286579817533493 0.283322185277939 0.262376666069031 0.245700344443321 0.245712399482727 0.248276621103287 0.257201910018921 0.245333507657051 0.218550696969032 0.202020272612572 0.205640584230423 0.221795812249184 0.228994384407997 0.231577306985855 0.250915557146072 0.278650492429733 0.285441696643829 0.281011819839478 0.268790125846863 0.267683267593384 0.265979081392288 0.256937950849533 0.244702532887459 0.237739309668541 0.244209796190262 0.253071635961533 0.264368325471878 0.283012211322784 0.310387372970581 0.322328895330429 0.319854885339737 0.313362866640091 -3.4e+38 -3.4e+38 -3.4e+38 -3.4e+38 -3.4e+38 -3.4e+38 -3.4e+38
0.326935678720474 0.322777360677719 0.32564714550972 0.329831451177597 0.331833243370056 0.323113828897476 0.303643852472305 0.283664911985397 0.264399826526642 0.251593798398972 0.242990538477898 0.244987010955811 0.239124953746796 0.239084914326668 0.233428880572319 0.206578239798546 0.201866328716278 0.216604545712471 0.231399208307266 0.24760814011097 0.269236087799072 0.286276817321777 0.282431751489639 0.273980289697647 0.269761800765991 0.272109121084213 0.26743021607399 0.249037846922874 0.230849266052246 0.229626595973969 0.232168659567833 0.233836948871613 0.249748662114143 0.275274276733398 0.313655167818069 0.321736395359039 0.306962013244629 0.301678746938705 -3.4e+38 -3.4e+38 -3.4e+38 -3.4e+38 -3.4e+38 -3.4e+38 -3.4e+38
0.328990310430527 0.322350770235062 0.332389682531357 0.349075019359589 0.348524540662766 0.333522260189056 0.303969591856003 0.27901154756546 0.272010922431946 0.271067708730698 0.263204038143158 0.254926472902298 0.24651712179184 0.252335876226425 0.263945132493973 0.237207502126694 0.218787908554077 0.229179695248604 0.233613640069962 0.242660939693451 0.270460724830627 0.294221788644791 0.288325607776642 0.274194270372391 0.262918204069138 0.258099138736725 0.259818702936172 0.252450704574585 0.242015644907951 0.232827082276344 0.23407880961895 0.235541865229607 0.268271833658218 0.303217619657516 0.324697464704514 0.321550667285919 0.301413238048553 0.288646638393402 0.288354784250259 -3.4e+38 -3.4e+38 -3.4e+38 -3.4e+38 -3.4e+38 -3.4e+38
0.328329354524612 0.321741729974747 0.329460173845291 0.34618952870369 0.352977484464645 0.339276939630508 0.312751919031143 0.292403817176819 0.291320651769638 0.294635206460953 0.293298572301865 0.283680438995361 0.270963579416275 0.26601243019104 0.264378845691681 0.247134670615196 0.228336617350578 0.237212046980858 0.245706453919411 0.254238039255142 0.281254887580872 0.296811491250992 0.299450546503067 0.290513634681702 0.278370648622513 0.269262045621872 0.263797402381897 0.26486948132515 0.261589646339417 0.224383726716042 0.22689950466156 0.256490051746368 0.289531677961349 0.312169253826141 0.320046842098236 0.316378474235535 0.302447766065598 0.291314512491226 0.279041528701782 -3.4e+38 -3.4e+38 -3.4e+38 -3.4e+38 -3.4e+38 -3.4e+38
0.331425189971924 0.322731822729111 0.324882656335831 0.346047759056091 0.360819131135941 0.352463692426682 0.334004282951355 0.324985146522522 0.314877659082413 0.304974287748337 0.294152110815048 0.289127111434937 0.276450723409653 0.263255417346954 0.247970685362816 0.236029490828514 0.235215574502945 0.243767157196999 0.240165039896965 0.251902729272842 0.283521771430969 0.287694782018661 0.289880812168121 0.290208756923676 0.285296529531479 0.288012892007828 0.28134748339653 0.270536631345749 0.256461292505264 0.232701227068901 0.248097822070122 0.277272284030914 0.282816290855408 0.296287804841995 0.326534390449524 0.324822157621384 0.305748105049133 0.297448515892029 0.277077257633209 0.278828740119934 -3.4e+38 -3.4e+38 -3.4e+38 -3.4e+38 -3.4e+38
0.329556673765182 0.323652386665344 0.333206295967102 0.357213467359543 0.369506001472473 0.352417528629303 0.340093016624451 0.344712346792221 0.333769083023071 0.314912617206573 0.29808184504509 0.29015189409256 0.282552391290665 0.272810697555542 0.25492861866951 0.240875318646431 0.246185809373856 0.250848710536957 0.236447513103485 0.242956265807152 0.274030774831772 0.287421971559525 0.30342423915863 0.307490140199661 0.298585087060928 0.304010838270187 0.298734664916992 0.290170729160309 0.284128814935684 0.272632598876953 0.266260147094727 0.275210171937943 0.276343435049057 0.290367424488068 0.327887237071991 0.323166370391846 0.297283947467804 0.291340827941895 0.297037035226822 0.297836363315582 -3.4e+38 -3.4e+38 -3.4e+38 -3.4e+38 -3.4e+38
0.316537380218506 0.320873469114304 0.335076361894608 0.35495737195015 0.359892874956131 0.339907079935074 0.330105811357498 0.337294638156891 0.331949979066849 0.318574517965317 0.298549920320511 0.2901411652565 0.288794368505478 0.285685449838638 0.269586384296417 0.256258308887482 0.251927047967911 0.260245770215988 0.261830866336823 0.254008948802948 0.254601806402206 0.263780146837234 0.291211128234863 0.313651323318481 0.318137407302856 0.31437012553215 0.298998117446899 0.281502246856689 0.295608073472977 0.288623869419098 0.262966901063919 0.277110457420349 0.29036009311676 0.304862141609192 0.318432539701462 0.30804455280304 0.295746326446533 0.297039747238159 0.309493839740753 0.297250658273697 0.298317134380341 -3.4e+38 -3.4e+38 -3.4e+38 -3.4e+38
0.320528119802475 0.321425437927246 0.333099454641342 0.353859961032867 0.360208868980408 0.350122541189194 0.342618703842163 0.33818331360817 0.32741105556488 0.313313961029053 0.296375870704651 0.278955936431885 0.275096148252487 0.277130097150803 0.26813417673111 0.255343496799469 0.247168004512787 0.251992225646973 0.256586223840714 0.250185579061508 0.233739703893661 0.232798039913177 0.253166645765305 0.281483024358749 0.308305323123932 0.315087735652924 0.296409904956818 0.269371956586838 0.278126358985901 0.275646239519119 0.267926067113876 0.29679998755455 0.321836739778519 0.322490572929382 0.305244982242584 0.299970418214798 0.304756760597229 0.300343632698059 0.294786095619202 0.287467628717422 0.303104877471924 -3.4e+38 -3.4e+38 -3.4e+38 -3.4e+38
0.319311171770096 0.329015761613846 0.345028251409531 0.367785036563873 0.380473583936691 0.363063424825668 0.342284888029099 0.338042140007019 0.32053679227829 0.303557187318802 0.297498494386673 0.293747693300247 0.279680371284485 0.260604321956635 0.251423120498657 0.245010152459145 0.240142002701759 0.257497817277908 0.261927157640457 0.250726014375687 0.233518034219742 0.237052291631699 0.263596057891846 0.284071713685989 0.306051522493362 0.309104204177856 0.297690659761429 0.277535408735275 0.267319411039352 0.267405688762665 0.276304394006729 0.297388792037964 0.321619540452957 0.326662689447403 0.292615979909897 0.2827088534832 0.292281717061996 0.280964195728302 0.275839060544968 0.287466585636139 0.307450592517853 0.297722399234772 -3.4e+38 -3.4e+38 -3.4e+38
0.326559215784073 0.335753053426743 0.345257550477982 0.360355764627457 0.366528958082199 0.362428069114685 0.34279876947403 0.337414771318436 0.327148646116257 0.307108223438263 0.293471604585648 0.288507491350174 0.282751739025116 0.25741982460022 0.24153645336628 0.242537826299667 0.243028074502945 0.256941348314285 0.261115580797195 0.249866813421249 0.239618808031082 0.250138431787491 0.267441868782043 0.278447985649109 0.296536803245544 0.295996695756912 0.274620413780212 0.261832028627396 0.259661197662354 0.258123248815536 0.253163069486618 0.259893089532852 0.295561939477921 0.321535915136337 0.293093502521515 0.270579278469086 0.272036015987396 0.271126300096512 0.272921115159988 0.286941051483154 0.299684166908264 0.291246920824051 -3.4e+38 -3.4e+38 -3.4e+38
0.33256670832634 0.330142080783844 0.340885877609253 0.350012719631195 0.345749497413635 0.355942875146866 0.340237736701965 0.320057600736618 0.320352971553802 0.312124133110046 0.284948945045471 0.270163238048553 0.28283503651619 0.284319281578064 0.261896401643753 0.249832227826118 0.243866845965385 0.247566089034081 0.249374642968178 0.239050015807152 0.231145858764648 0.233810618519783 0.250755697488785 0.265829265117645 0.283954530954361 0.287332743406296 0.271095007658005 0.252899587154388 0.241849094629288 0.229511231184006 0.22552801668644 0.237017914652824 0.283558696508408 0.327924102544785 0.311142712831497 0.28143036365509 0.279201865196228 0.288183480501175 0.280485510826111 0.285955995321274 0.293309956789017 0.290879666805267 0.284707307815552 -3.4e+38 -3.4e+38
0.338810622692108 0.325695365667343 0.326137781143188 0.334074020385742 0.329898774623871 0.314471930265427 0.29657718539238 0.285969376564026 0.301067709922791 0.307094216346741 0.292420774698257 0.27763506770134 0.274905472993851 0.278059422969818 0.268143802881241 0.248209908604622 0.247435718774796 0.251625567674637 0.250253289937973 0.240694463253021 0.230020955204964 0.223914965987206 0.2441416233778 0.267257124185562 0.273877531290054 0.268279731273651 0.250371336936951 0.23640801012516 0.217770978808403 0.216444984078407 0.235382735729218 0.25644063949585 0.296152532100677 0.320728302001953 0.316813588142395 0.30228066444397 0.300034373998642 0.302713751792908 0.286200761795044 0.287747800350189 0.29250031709671 0.291339606046677 0.289874821901321 -3.4e+38 -3.4e+38
0.329987794160843 0.317367255687714 0.315768033266068 0.320618778467178 0.315019071102142 0.300637155771255 0.296464055776596 0.286665022373199 0.287195384502411 0.29057389497757 0.288923501968384 0.292423784732819 0.294320374727249 0.286746263504028 0.266131371259689 0.252680897712708 0.248560160398483 0.245004162192345 0.2381891310215 0.237924456596375 0.231507688760757 0.226652875542641 0.238874927163124 0.257705628871918 0.271729648113251 0.255789697170258 0.229724705219269 0.225065916776657 0.229827001690865 0.230630502104759 0.239628449082375 0.257370591163635 0.285101413726807 0.293924659490585 0.296275317668915 0.300855100154877 0.286992102861404 0.281924277544022 0.281888425350189 0.284772664308548 0.286397665739059 0.289407819509506 0.295192539691925 -3.4e+38 -3.4e+38
0.328767448663712 0.323205143213272 0.325981765985489 0.326761513948441 0.325246900320053 0.317595094442368 0.310324788093567 0.297099947929382 0.288977116346359 0.285756558179855 0.30018675327301 0.327378392219543 0.334655314683914 0.311837762594223 0.277996629476547 0.263433396816254 0.265041142702103 0.254929214715958 0.241662234067917 0.23569068312645 0.217181578278542 0.210750624537468 0.230282306671143 0.251629829406738 0.271886974573135 0.258725315332413 0.226767584681511 0.215363994240761 0.224553108215332 0.229230493307114 0.230547651648521 0.235639795660973 0.268924951553345 0.296850234270096 0.295965760946274 0.280970543622971 0.249804884195328 0.254998415708542 0.273223012685776 0.280246734619141 0.278024762868881 0.296039283275604 0.294673204421997 -3.4e+38 -3.4e+38
0.336570352315903 0.329246401786804 0.329514980316162 0.327672719955444 0.321441322565079 0.314391106367111 0.294486314058304 0.285577684640884 0.299940377473831 0.325822710990906 0.347101241350174 0.355293452739716 0.340216100215912 0.312975913286209 0.290087848901749 0.28269699215889 0.282267421483994 0.269677519798279 0.262900799512863 0.25519847869873 0.232888445258141 0.212803021073341 0.220616683363914 0.244728446006775 0.265174627304077 0.250964164733887 0.227667152881622 0.21049690246582 0.210012376308441 0.219910651445389 0.246737137436867 0.264723598957062 0.275976628065109 0.301026165485382 0.297636449337006 0.271531403064728 0.24133275449276 0.247790157794952 0.254796952009201 0.261414021253586 0.275266826152802 0.297048032283783 -3.4e+38 -3.4e+38 -3.4e+38
0.334528923034668 0.337364017963409 0.333532124757767 0.323375433683395 0.303487807512283 0.307291299104691 0.305803805589676 0.300416052341461 0.313953071832657 0.353005647659302 0.372570008039474 0.355111569166183 0.325647264719009 0.317369878292084 0.315308779478073 0.295947372913361 0.282590597867966 0.270345151424408 0.27079913020134 0.267698466777802 0.244021356105804 0.220521539449692 0.218800663948059 0.242506712675095 0.255717366933823 0.23844450712204 0.2116868942976 0.204928129911423 0.207035273313522 0.210731446743011 0.23402251303196 0.256961911916733 0.274763554334641 0.296468526124954 0.306030690670013 0.283020943403244 0.250139504671097 0.245040327310562 0.238492086529732 0.253681778907776 0.273331820964813 0.280473709106445 -3.4e+38 -3.4e+38 -3.4e+38
0.342740386724472 0.340355038642883 0.333482682704926 0.336544334888458 0.332369476556778 0.315459758043289 0.322497725486755 0.334484845399857 0.329416781663895 0.345539063215256 0.373636484146118 0.366984635591507 0.341829419136047 0.329026579856873 0.316370695829391 0.292296648025513 0.275942295789719 0.264707803726196 0.268246501684189 0.265740305185318 0.244346767663956 0.227162808179855 0.230715572834015 0.249967992305756 0.252237021923065 0.231017023324966 0.203506976366043 0.202113434672356 0.215295687317848 0.229921296238899 0.243451595306396 0.25501936674118 0.274974405765533 0.300407975912094 0.320375353097916 0.316166162490845 0.269225478172302 0.245499774813652 0.244219452142715 0.26001712679863 0.275288432836533 0.285427927970886 -3.4e+38 -3.4e+38 -3.4e+38
