data/trimmed_ndre/J_ndre.78.2015_no_clouds.asc
NCOLS 141 
NROWS 118 
XLLCORNER 516845 
YLLCORNER 5169015 
CELLSIZE 5 
NODATA_value -3.4e+38 
[rows 20 to 39 of 118, columns 45 to 89 of 141]
0.182113736867905 0.194957211613655 0.200147897005081 0.195650085806847 0.189586639404297 0.195448353886604 0.200423955917358 0.201977834105492 0.198084726929665 0.19380022585392 0.198534920811653 0.206829711794853 0.195427224040031 0.19495190680027 0.198290675878525 0.199535936117172 0.197831660509109 0.203936785459518 0.203026965260506 0.196396440267563 0.18996773660183 0.200953841209412 0.209840804338455 0.203010886907578 0.190931394696236 0.193574324250221 0.195866242051125 0.188243880867958 0.184699386358261 0.194239467382431 0.205633848905563 0.208556100726128 0.205197155475616 0.200026035308838 0.195837825536728 0.194987505674362 0.198823690414429 0.198442757129669 0.196900516748428 0.199803203344345 0.201494187116623 0.200505614280701 0.20186910033226 0.204061359167099 0.203754484653473
0.188664644956589 0.202327236533165 0.196984872221947 0.188622891902924 0.187786504626274 0.202254638075829 0.209133356809616 0.205568343400955 0.194459617137909 0.187506556510925 0.191737934947014 0.20005689561367 0.200416743755341 0.20454366505146 0.200536757707596 0.194567993283272 0.193367555737495 0.2112075984478 0.209343567490578 0.19815020263195 0.191826641559601 0.198423340916634 0.203001916408539 0.200146079063416 0.191723376512527 0.200040921568871 0.204420074820518 0.201673448085785 0.191565647721291 0.195332154631615 0.204624816775322 0.210475012660027 0.206089675426483 0.198572754859924 0.194822371006012 0.19587542116642 0.200468763709068 0.199257358908653 0.199020117521286 0.202008605003357 0.205059140920639 0.198039636015892 0.196425706148148 0.200887143611908 0.199825346469879
0.19533084332943 0.20990963280201 0.198219463229179 0.188678935170174 0.187661066651344 0.19742314517498 0.200762197375298 0.19275139272213 0.186440691351891 0.191289857029915 0.189306974411011 0.191286146640778 0.196987211704254 0.205427572131157 0.201683104038239 0.195989012718201 0.196378082036972 0.212000116705894 0.206109136343002 0.201332211494446 0.199206992983818 0.191592216491699 0.193662226200104 0.197684586048126 0.200495034456253 0.209798127412796 0.203784540295601 0.198134869337082 0.194301798939705 0.194170042872429 0.200017526745796 0.204264402389526 0.202033326029778 0.195615082979202 0.194336235523224 0.195289075374603 0.196177154779434 0.193542033433914 0.195582613348961 0.199660137295723 0.201717212796211 0.19275014102459 0.19597864151001 0.199571296572685 0.197349652647972
0.189915746450424 0.204934194684029 0.199134036898613 0.193708077073097 0.188070744276047 0.187746047973633 0.19343675673008 0.188023686408997 0.187216103076935 0.195296213030815 0.191848188638687 0.18949393928051 0.191203117370605 0.195750370621681 0.194853022694588 0.198297411203384 0.203014895319939 0.208830684423447 0.202529236674309 0.199265360832214 0.19908219575882 0.195980966091156 0.193589597940445 0.198595494031906 0.208107605576515 0.212469607591629 0.193428218364716 0.191997736692429 0.193149864673615 0.190701529383659 0.193572670221329 0.194964468479156 0.195023745298386 0.194241791963577 0.195404514670372 0.197847872972488 0.194461300969124 0.186465457081795 0.18909153342247 0.194795504212379 0.197456583380699 0.191442027688026 0.195326074957848 0.193818852305412 0.193139955401421
0.183637082576752 0.192953675985336 0.19487076997757 0.195213913917542 0.187518283724785 0.18545326590538 0.190737381577492 0.190624266862869 0.186033695936203 0.187816888093948 0.193412482738495 0.194703087210655 0.195926427841187 0.19333228468895 0.189985945820808 0.200696423649788 0.206929236650467 0.208933547139168 0.205891504883766 0.203574925661087 0.208180904388428 0.209268897771835 0.201414883136749 0.194579914212227 0.204080998897552 0.208805963397026 0.192561641335487 0.189017683267593 0.187703534960747 0.187229126691818 0.191115036606789 0.191490992903709 0.192605555057526 0.193449124693871 0.193924114108086 0.201056450605392 0.194858640432358 0.185896813869476 0.190565302968025 0.191750422120094 0.187935158610344 0.184892684221268 0.190577104687691 0.183923661708832 0.180068135261536
0.184169322252274 0.186339780688286 0.189743265509605 0.19281117618084 0.183950260281563 0.183617353439331 0.189005687832832 0.191227436065674 0.179796859622002 0.179566934704781 0.186269521713257 0.191478624939919 0.19853475689888 0.194520801305771 0.190477013587952 0.197146832942963 0.194952681660652 0.195025742053986 0.199254289269447 0.206808686256409 0.218623146414757 0.221862614154816 0.213303744792938 0.197128489613533 0.210316240787506 0.211307883262634 0.198050260543823 0.186155155301094 0.182211562991142 0.18672588467598 0.194416016340256 0.196293756365776 0.197623819112778 0.192708000540733 0.189180746674538 0.197724997997284 0.188902705907822 0.185184672474861 0.189347833395004 0.186067715287209 0.177296966314316 0.177267134189606 0.186728686094284 0.187114775180817 0.183442637324333
0.187697812914848 0.1828822940588 0.186866536736488 0.189840540289879 0.181706696748734 0.179008662700653 0.184774532914162 0.193587020039558 0.195788875222206 0.190518736839294 0.186341390013695 0.186681106686592 0.194115549325943 0.191631764173508 0.193902492523193 0.197309255599976 0.188864633440971 0.183931961655617 0.190168648958206 0.204286709427834 0.216431006789207 0.219629272818565 0.212745308876038 0.203001782298088 0.215396329760551 0.21104408800602 0.200843676924706 0.190446197986603 0.189632877707481 0.19576159119606 0.200659602880478 0.200281992554665 0.198142513632774 0.188354715704918 0.181887149810791 0.186736702919006 0.181157484650612 0.184712424874306 0.186264321208 0.180150702595711 0.173321694135666 0.177521765232086 0.188091456890106 0.194542244076729 0.190646827220917
0.188406705856323 0.183828696608543 0.186822444200516 0.188564658164978 0.183845683932304 0.176598206162453 0.181898295879364 0.193596944212914 0.203508257865906 0.198947980999947 0.192379221320152 0.18755903840065 0.187187120318413 0.186098411679268 0.19677971303463 0.200175538659096 0.191511288285255 0.182685822248459 0.184981316328049 0.196775496006012 0.211278080940247 0.216416388750076 0.210648700594902 0.205546498298645 0.207983016967773 0.197775617241859 0.197535544633865 0.196990132331848 0.19403812289238 0.198420584201813 0.198769062757492 0.191791906952858 0.180000215768814 0.182646483182907 0.180044576525688 0.177461490035057 0.17524066567421 0.184824779629707 0.182842865586281 0.176328763365746 0.174718394875526 0.172620236873627 0.178722068667412 0.186214208602905 0.186404317617416
0.191666305065155 0.189346820116043 0.186353176832199 0.185861721634865 0.18289415538311 0.178593650460243 0.184936791658401 0.191697478294373 0.197319433093071 0.19648377597332 0.197432562708855 0.196210265159607 0.191937133669853 0.188932746648788 0.202221944928169 0.203722968697548 0.198952376842499 0.192799896001816 0.193754822015762 0.201187446713448 0.208538576960564 0.209904938936234 0.206320837140083 0.196498915553093 0.19081124663353 0.190003991127014 0.190436497330666 0.191372871398926 0.188905462622643 0.18729130923748 0.1823900192976 0.167203232645988 0.159247383475304 0.177791282534599 0.172904804348946 0.168605521321297 0.171345412731171 0.185818165540695 0.184134095907211 0.176087126135826 0.169262960553169 0.164501175284386 0.166992098093033 0.16542936861515 0.161265924572945
0.195043072104454 0.194368451833725 0.186148941516876 0.183214873075485 0.180769503116608 0.182592675089836 0.190536752343178 0.189036443829536 0.191474825143814 0.193912789225578 0.194944724440575 0.198414251208305 0.193937361240387 0.192986905574799 0.204479068517685 0.198667302727699 0.194246023893356 0.196011424064636 0.203459724783897 0.20385830104351 0.199410825967789 0.197283536195755 0.201236575841904 0.186396539211273 0.181191295385361 0.183797970414162 0.181489571928978 0.181098595261574 0.174394398927689 0.165076777338982 0.163465037941933 0.158535525202751 0.157186403870583 0.168195277452469 0.165811493992805 0.164326727390289 0.168088600039482 0.176742523908615 0.176275312900543 0.17098967730999 0.166840136051178 0.166056796908379 0.169676840305328 0.16362076997757 0.15536642074585
0.185738027095795 0.185543820261955 0.181017845869064 0.179240375757217 0.177933067083359 0.18581810593605 0.194202154874802 0.192862525582314 0.196689993143082 0.194624990224838 0.19277548789978 0.197922602295876 0.190938860177994 0.189559489488602 0.196495875716209 0.199229210615158 0.19858306646347 0.201323002576828 0.205187931656837 0.195132687687874 0.179534241557121 0.183332249522209 0.197162002325058 0.183325916528702 0.181170478463173 0.180492460727692 0.177944540977478 0.176517203450203 0.170319706201553 0.162878274917603 0.160179004073143 0.163535714149475 0.158100038766861 0.160497829318047 0.172438085079193 0.180544659495354 0.177886575460434 0.174925744533539 0.173446729779243 0.172329187393188 0.175384864211082 0.182191044092178 0.18807989358902 0.182650685310364 0.171933054924011
0.18782964348793 0.183627530932426 0.17993551492691 0.177952215075493 0.175650537014008 0.185806110501289 0.187569841742516 0.184563055634499 0.194802924990654 0.193431973457336 0.194470062851906 0.19932596385479 0.193987399339676 0.190764605998993 0.197834059596062 0.207713589072227 0.204584404826164 0.200161501765251 0.19242650270462 0.180010870099068 0.176549032330513 0.188990607857704 0.196203365921974 0.18569527566433 0.185502484440804 0.178964257240295 0.175105199217796 0.177891731262207 0.177970603108406 0.171651586890221 0.166869148612022 0.168280243873596 0.162245631217957 0.164859667420387 0.176081418991089 0.186228305101395 0.181057095527649 0.181253969669342 0.181303039193153 0.182555615901947 0.185470804572105 0.186955824494362 0.187897354364395 0.186411187052727 0.185393869876862
0.192037329077721 0.187746405601501 0.185089960694313 0.184708952903748 0.185501888394356 0.191578403115273 0.182110860943794 0.177959471940994 0.188286244869232 0.191857919096947 0.200033143162727 0.205316513776779 0.201992735266685 0.197154209017754 0.204810991883278 0.211818635463715 0.20314946770668 0.188535630702972 0.181783720850945 0.179492637515068 0.182068765163422 0.193767547607422 0.193561404943466 0.186301156878471 0.1851636916399 0.176414802670479 0.176880523562431 0.179303959012032 0.176525548100471 0.175808265805244 0.170584976673126 0.170687973499298 0.178210735321045 0.167678356170654 0.169271558523178 0.177042335271835 0.177538394927979 0.195392414927483 0.193930089473724 0.182447776198387 0.18459889292717 0.181317493319511 0.176896885037422 0.176009967923164 0.183956384658813
0.194373905658722 0.193089619278908 0.189872980117798 0.191808193922043 0.192909926176071 0.190996631979942 0.179235875606537 0.176837563514709 0.181452080607414 0.184714213013649 0.192422598600388 0.197861433029175 0.200102627277374 0.20057500898838 0.204443857073784 0.201150566339493 0.192873522639275 0.185475870966911 0.177150681614876 0.179882928729057 0.184896647930145 0.188253477215767 0.186858713626862 0.178323835134506 0.17222760617733 0.174821123480797 0.176577463746071 0.170628845691681 0.15992896258831 0.163514763116837 0.15570542216301 0.167209148406982 0.1842100918293 0.165394693613052 0.161411285400391 0.161587864160538 0.165060684084892 0.185754835605621 0.184227496385574 0.178845018148422 0.180046662688255 0.173975393176079 0.168095424771309 0.17129673063755 0.184144794940948
0.193487852811813 0.195230156183243 0.192026644945145 0.195479303598404 0.193905472755432 0.186717018485069 0.179665744304657 0.179716512560844 0.178337693214417 0.177165627479553 0.180100351572037 0.184070438146591 0.189035207033157 0.192950248718262 0.192979380488396 0.187147170305252 0.179375886917114 0.175039783120155 0.171056047081947 0.178255185484886 0.178216099739075 0.171734914183617 0.177725777029991 0.174597710371017 0.170382991433144 0.173022717237473 0.168590366840363 0.160599663853645 0.155940815806389 0.156929865479469 0.144107714295387 0.160036951303482 0.173757016658783 0.16493846476078 0.169785588979721 0.170747146010399 0.17013655602932 0.175613567233086 0.180463716387749 0.17919759452343 0.177487820386887 0.174396127462387 0.176344156265259 0.186299115419388 0.196433067321777
0.192778393626213 0.191900700330734 0.188817843794823 0.191863536834717 0.191476941108704 0.185413047671318 0.178679496049881 0.182781562209129 0.176036939024925 0.170523270964622 0.170134544372559 0.173553094267845 0.177110433578491 0.180751278996468 0.180653557181358 0.174948588013649 0.164644345641136 0.162636563181877 0.169251680374146 0.173457056283951 0.167319446802139 0.165133506059647 0.174611553549767 0.177616104483604 0.175255253911018 0.168660312891006 0.163973733782768 0.166984990239143 0.164696246385574 0.15905387699604 0.147315263748169 0.150502637028694 0.154845416545868 0.160861700773239 0.177686348557472 0.185059383511543 0.179502755403519 0.175042852759361 0.184892907738686 0.181844174861908 0.178680524230003 0.175873443484306 0.176720485091209 0.193004757165909 0.204264953732491
0.19378000497818 0.186840012669563 0.182304933667183 0.18198436498642 0.178873434662819 0.17508752644062 0.176275163888931 0.182559505105019 0.173000112175941 0.168582394719124 0.169229939579964 0.171677738428116 0.166374996304512 0.171354725956917 0.173981964588165 0.168578967452049 0.158118814229965 0.160493165254593 0.169849842786789 0.17446593940258 0.167211323976517 0.166732832789421 0.17449377477169 0.181367576122284 0.186263903975487 0.177736163139343 0.166855737566948 0.167717322707176 0.165927514433861 0.165406495332718 0.161843881011009 0.153512328863144 0.162158444523811 0.173246145248413 0.18438720703125 0.18963797390461 0.187469750642776 0.180723384022713 0.17901423573494 0.175463989377022 0.180199757218361 0.180120766162872 0.179140910506248 0.192349970340729 0.200452953577042
0.193466693162918 0.185053437948227 0.185009554028511 0.187586650252342 0.185322001576424 0.175929248332977 0.176155582070351 0.179029077291489 0.172667026519775 0.172559723258018 0.174691885709763 0.172084093093872 0.160290747880936 0.168107986450195 0.17245127260685 0.170865163207054 0.168009728193283 0.167104214429855 0.171161562204361 0.174715280532837 0.171168595552444 0.169459521770477 0.175021931529045 0.183146581053734 0.183116212487221 0.174676239490509 0.167958095669746 0.16506353020668 0.161089316010475 0.164564684033394 0.168987646698952 0.171921044588089 0.185374215245247 0.188526809215546 0.184939235448837 0.181001797318459 0.190937146544456 0.177430376410484 0.167005807161331 0.169610723853111 0.18485027551651 0.187940463423729 0.187030583620071 0.190076813101768 0.187693908810616
0.185818254947662 0.185143247246742 0.19116273522377 0.194976702332497 0.193026229739189 0.181835547089577 0.177628964185715 0.179878681898117 0.183068796992302 0.183700516819954 0.185793936252594 0.176238834857941 0.162224501371384 0.166417896747589 0.17203451693058 0.175221145153046 0.174350723624229 0.16773234307766 0.169157654047012 0.171978026628494 0.172362253069878 0.173013776540756 0.176032423973083 0.177904188632965 0.174831926822662 0.168050616979599 0.169807612895966 0.168661415576935 0.162230908870697 0.159004360437393 0.167168214917183 0.179270148277283 0.193584024906158 0.195547163486481 0.181220725178719 0.174626007676125 0.186413303017616 0.17640595138073 0.170102566480637 0.174850583076477 0.190765380859375 0.194026604294777 0.191380053758621 0.185154676437378 0.177480638027191
0.174561277031898 0.182528212666512 0.190617963671684 0.193177685141563 0.192087933421135 0.187662586569786 0.188027143478394 0.19223864376545 0.193262442946434 0.190613478422165 0.191390156745911 0.182163774967194 0.167424917221069 0.160808399319649 0.169509842991829 0.174496948719025 0.172027990221977 0.163907945156097 0.166198372840881 0.168828770518303 0.16892109811306 0.167282745242119 0.171594113111496 0.174617916345596 0.170553684234619 0.163301318883896 0.171075597405434 0.173811361193657 0.169304028153419 0.162691190838814 0.165118053555489 0.171441480517387 0.180751949548721 0.191743552684784 0.184076562523842 0.176408797502518 0.180042609572411 0.185068055987358 0.186257615685463 0.188504680991173 0.18848143517971 0.176132246851921 0.175861775875092 0.177829876542091 0.176408544182777
