data/trimmed_ndre/J_ndre.716.2013_no_clouds.asc
NCOLS 141 
NROWS 118 
XLLCORNER 516845 
YLLCORNER 5169015 
CELLSIZE 5 
NODATA_value -3.4e+38 
[rows 40 to 59 of 118, columns 90 to 134 of 141]
0.159029573202133 0.161325886845589 0.168585553765297 0.172459572553635 0.174325987696648 0.17667943239212 0.172108694911003 0.165731012821198 0.166692897677422 0.170821756124496 0.17512172460556 0.192108631134033 0.195597440004349 0.183262065052986 0.178730219602585 0.187057286500931 0.195569202303886 0.205682992935181 0.231023013591766 0.239280626177788 0.228376433253288 0.209147796034813 0.194591030478477 0.17582805454731 0.166362076997757 0.183306619524956 0.190864875912666 0.189575463533401 0.18129126727581 0.179852545261383 0.20016285777092 -3.4e+38 -3.4e+38 -3.4e+38 -3.4e+38 -3.4e+38 -3.4e+38 -3.4e+38 -3.4e+38 -3.4e+38 -3.4e+38 -3.4e+38 -3.4e+38 -3.4e+38 -3.4e+38
0.160691469907761 0.17222136259079 0.172349318861961 0.160753965377808 0.154772594571114 0.154727026820183 0.154553905129433 0.163771092891693 0.169704839587212 0.170323729515076 0.176020428538322 0.197634175419807 0.20930127799511 0.195989146828651 0.182584404945374 0.175614014267921 0.187163054943085 0.211802825331688 0.254316627979279 0.273807227611542 0.253760457038879 0.219391822814941 0.185214325785637 0.171222224831581 0.161791384220123 0.166785970330238 0.172358199954033 0.185561686754227 0.189235255122185 0.188636615872383 0.201509416103363 -3.4e+38 -3.4e+38 -3.4e+38 -3.4e+38 -3.4e+38 -3.4e+38 -3.4e+38 -3.4e+38 -3.4e+38 -3.4e+38 -3.4e+38 -3.4e+38 -3.4e+38 -3.4e+38
0.174597501754761 0.183437839150429 0.180146783590317 0.161992073059082 0.153234362602234 0.151557624340057 0.157630041241646 0.171366542577744 0.171498134732246 0.16915126144886 0.18202830851078 0.203727215528488 0.226426035165787 0.219653904438019 0.199204623699188 0.183182209730148 0.183452636003494 0.213751703500748 0.253521651029587 0.272781014442444 0.247439563274384 0.206069558858871 0.172866746783257 0.172383934259415 0.178027629852295 0.177755445241928 0.167130589485168 0.173124611377716 0.195105955004692 0.203971475362778 0.216340333223343 -3.4e+38 -3.4e+38 -3.4e+38 -3.4e+38 -3.4e+38 -3.4e+38 -3.4e+38 -3.4e+38 -3.4e+38 -3.4e+38 -3.4e+38 -3.4e+38 -3.4e+38 -3.4e+38
0.192766189575195 0.187299534678459 0.183911800384521 0.173684865236282 0.17092290520668 0.172535330057144 0.177103400230408 0.186334371566772 0.181062802672386 0.179365739226341 0.196760803461075 0.216525003314018 0.236517325043678 0.235551878809929 0.219461023807526 0.207087859511375 0.197637841105461 0.214641273021698 0.241403818130493 0.253319680690765 0.23650236427784 0.201079323887825 0.183594599366188 0.174525007605553 0.176896542310715 0.180476203560829 0.174510762095451 0.183980762958527 0.201734825968742 0.211410269141197 0.219635114073753 -3.4e+38 -3.4e+38 -3.4e+38 -3.4e+38 -3.4e+38 -3.4e+38 -3.4e+38 -3.4e+38 -3.4e+38 -3.4e+38 -3.4e+38 -3.4e+38 -3.4e+38 -3.4e+38
0.202566891908646 0.189816147089005 0.18660506606102 0.183473587036133 0.190682724118233 0.199623122811317 0.197217270731926 0.199818655848503 0.199809119105339 0.202170476317406 0.224293172359467 0.242808938026428 0.248003914952278 0.249526366591454 0.24382072687149 0.233032613992691 0.218923225998878 0.22654040157795 0.244231879711151 0.251505225896835 0.240257665514946 0.221548333764076 0.204703584313393 0.1752570271492 0.165408447384834 0.172061055898666 0.169017881155014 0.183340653777122 0.195115506649017 0.202415525913239 0.209496840834618 0.214661553502083 -3.4e+38 -3.4e+38 -3.4e+38 -3.4e+38 -3.4e+38 -3.4e+38 -3.4e+38 -3.4e+38 -3.4e+38 -3.4e+38 -3.4e+38 -3.4e+38 -3.4e+38
0.213976964354515 0.209217041730881 0.207703247666359 0.208368733525276 0.216489315032959 0.222252905368805 0.211338758468628 0.211576908826828 0.218014851212502 0.228999823331833 0.257094353437424 0.286179929971695 0.290051519870758 0.284473329782486 0.277791231870651 0.265759974718094 0.259460985660553 0.273758172988892 0.290355682373047 0.285099685192108 0.255940526723862 0.229837313294411 0.209086820483208 0.191884860396385 0.185819953680038 0.170279830694199 0.161310136318207 0.170432657003403 0.170738771557808 0.179959744215012 0.199569121003151 0.213021859526634 -3.4e+38 -3.4e+38 -3.4e+38 -3.4e+38 -3.4e+38 -3.4e+38 -3.4e+38 -3.4e+38 -3.4e+38 -3.4e+38 -3.4e+38 -3.4e+38 -3.4e+38
0.23325502872467 0.22582320868969 0.213732913136482 0.218548282980919 0.235766246914864 0.244330525398254 0.231390953063965 0.233166113495827 0.241737574338913 0.260004132986069 0.295153170824051 0.342244148254395 0.359050869941711 0.349434167146683 0.341514647006989 0.329413086175919 0.332162797451019 0.34380504488945 0.346158713102341 0.324476361274719 0.283305585384369 0.245260626077652 0.221670553088188 0.217981085181236 0.207771182060242 0.178306683897972 0.164006054401398 0.166334643959999 0.161992594599724 0.175905331969261 0.204286873340607 0.226193472743034 -3.4e+38 -3.4e+38 -3.4e+38 -3.4e+38 -3.4e+38 -3.4e+38 -3.4e+38 -3.4e+38 -3.4e+38 -3.4e+38 -3.4e+38 -3.4e+38 -3.4e+38
0.226154014468193 0.221245855093002 0.226075544953346 0.234584495425224 0.250541716814041 0.260265588760376 0.255359053611755 0.271612823009491 0.290022909641266 0.30535888671875 0.341078072786331 0.386717140674591 0.405628353357315 0.420945823192596 0.435019791126251 0.421141147613525 0.39977240562439 0.390920400619507 0.398049831390381 0.392478138208389 0.356576919555664 0.31195667386055 0.271994978189468 0.2412418872118 0.212134525179863 0.180390805006027 0.171694129705429 0.17488819360733 0.176111713051796 0.186988174915314 0.207310080528259 0.22210131585598 -3.4e+38 -3.4e+38 -3.4e+38 -3.4e+38 -3.4e+38 -3.4e+38 -3.4e+38 -3.4e+38 -3.4e+38 -3.4e+38 -3.4e+38 -3.4e+38 -3.4e+38
0.276380151510239 0.289089620113373 0.295833945274353 0.286574691534042 0.275440245866776 0.290557742118835 0.305082857608795 0.333962142467499 0.366707742214203 0.38533616065979 0.424152493476868 0.469286948442459 0.465332001447678 0.485187172889709 0.510952293872833 0.495469033718109 0.466937810182571 0.448050171136856 0.450022727251053 0.449272632598877 0.436761617660522 0.403932154178619 0.364494413137436 0.32049971818924 0.262575089931488 0.217986524105072 0.205231592059135 0.191540688276291 0.188534662127495 0.197692364454269 0.203063696622849 0.201461553573608 -3.4e+38 -3.4e+38 -3.4e+38 -3.4e+38 -3.4e+38 -3.4e+38 -3.4e+38 -3.4e+38 -3.4e+38 -3.4e+38 -3.4e+38 -3.4e+38 -3.4e+38
0.353427976369858 0.364950150251389 0.374254196882248 0.354132324457169 0.336192101240158 0.357516765594482 0.375067055225372 0.420467287302017 0.468113332986832 0.483457535505295 0.522340655326843 0.550577819347382 0.537710249423981 0.536051034927368 0.529331207275391 0.513085782527924 0.487111240625381 0.453214377164841 0.442065685987473 0.445407956838608 0.440465420484543 0.449262052774429 0.45552584528923 0.432997584342957 0.371329188346863 0.29611936211586 0.251629263162613 0.208538502454758 0.185981139540672 0.193841964006424 0.200258046388626 0.201357632875443 0.201346203684807 -3.4e+38 -3.4e+38 -3.4e+38 -3.4e+38 -3.4e+38 -3.4e+38 -3.4e+38 -3.4e+38 -3.4e+38 -3.4e+38 -3.4e+38 -3.4e+38
0.380649864673615 0.364262253046036 0.3783298432827 0.380023658275604 0.389105349779129 0.422668099403381 0.439121663570404 0.488208800554276 0.531275868415833 0.541458249092102 0.567058086395264 0.576245009899139 0.567453265190125 0.565835177898407 0.547072529792786 0.509111702442169 0.473645567893982 0.417867630720139 0.39254030585289 0.418813586235046 0.443038821220398 0.465573787689209 0.485862821340561 0.483668297529221 0.44571241736412 0.379180401563644 0.322225332260132 0.27555987238884 0.234386965632439 0.220686227083206 0.221887543797493 0.225317314267159 0.22001539170742 -3.4e+38 -3.4e+38 -3.4e+38 -3.4e+38 -3.4e+38 -3.4e+38 -3.4e+38 -3.4e+38 -3.4e+38 -3.4e+38 -3.4e+38 -3.4e+38
0.359019339084625 0.364595592021942 0.385707497596741 0.389586567878723 0.403712451457977 0.431811928749084 0.459370344877243 0.496456742286682 0.530467212200165 0.531016051769257 0.540295124053955 0.552899420261383 0.55288153886795 0.550401329994202 0.534715175628662 0.509816348552704 0.456839442253113 0.387849867343903 0.337721139192581 0.344484984874725 0.382810860872269 0.409998565912247 0.449513226747513 0.481109440326691 0.479029387235641 0.448295950889587 0.401831418275833 0.363147050142288 0.323005527257919 0.291714757680893 0.273184835910797 0.258129268884659 0.254316240549088 -3.4e+38 -3.4e+38 -3.4e+38 -3.4e+38 -3.4e+38 -3.4e+38 -3.4e+38 -3.4e+38 -3.4e+38 -3.4e+38 -3.4e+38 -3.4e+38
0.41379651427269 0.440038472414017 0.442943632602692 0.429023802280426 0.434939473867416 0.440610259771347 0.437248468399048 0.450619608163834 0.481599658727646 0.484895288944244 0.468278586864471 0.483429282903671 0.470316708087921 0.451447516679764 0.456508040428162 0.483619332313538 0.445306122303009 0.351444512605667 0.281455546617508 0.246756628155708 0.278905689716339 0.339470654726028 0.401232838630676 0.482792586088181 0.516963362693787 0.489675164222717 0.45016810297966 0.403297603130341 0.36616325378418 0.337063729763031 0.308528363704681 0.286689400672913 0.289695680141449 -3.4e+38 -3.4e+38 -3.4e+38 -3.4e+38 -3.4e+38 -3.4e+38 -3.4e+38 -3.4e+38 -3.4e+38 -3.4e+38 -3.4e+38 -3.4e+38
0.535004198551178 0.509910404682159 0.454022854566574 0.393513232469559 0.374416768550873 0.361436158418655 0.34935587644577 0.351651072502136 0.371306985616684 0.392370790243149 0.396736234426498 0.391117334365845 0.361848473548889 0.329157084226608 0.349499762058258 0.404783546924591 0.400388032197952 0.316743016242981 0.245777368545532 0.206093326210976 0.216105505824089 0.27997612953186 0.342755705118179 0.462570756673813 0.532120943069458 0.501907408237457 0.476423114538193 0.436566412448883 0.384248852729797 0.345176815986633 0.309752583503723 0.293346077203751 0.28695347905159 0.263053923845291 -3.4e+38 -3.4e+38 -3.4e+38 -3.4e+38 -3.4e+38 -3.4e+38 -3.4e+38 -3.4e+38 -3.4e+38 -3.4e+38 -3.4e+38
0.533326506614685 0.474634498357773 0.407822519540787 0.32598340511322 0.272646754980087 0.261697351932526 0.264848351478577 0.278468579053879 0.291928052902222 0.308972120285034 0.319491744041443 0.315886825323105 0.299745947122574 0.263345569372177 0.267515659332275 0.309525042772293 0.321616798639297 0.290679574012756 0.239422813057899 0.208173230290413 0.194616183638573 0.230483442544937 0.308247834444046 0.436446070671082 0.517140865325928 0.509040176868439 0.48836150765419 0.468523412942886 0.390756636857986 0.316797912120819 0.291916519403458 0.273117482662201 0.267065823078156 0.257632791996002 -3.4e+38 -3.4e+38 -3.4e+38 -3.4e+38 -3.4e+38 -3.4e+38 -3.4e+38 -3.4e+38 -3.4e+38 -3.4e+38 -3.4e+38
0.533334851264954 0.467177629470825 0.386346846818924 0.323723077774048 0.252258390188217 0.221859022974968 0.219860136508942 0.219595015048981 0.227240726351738 0.240822836756706 0.264495939016342 0.291515976190567 0.277210474014282 0.237768977880478 0.227473944425583 0.257157921791077 0.278003394603729 0.275177389383316 0.237559452652931 0.199617385864258 0.19022499024868 0.211120784282684 0.314815700054169 0.449853748083115 0.495066106319427 0.506767332553864 0.48984494805336 0.466974467039108 0.374166786670685 0.275048851966858 0.247883871197701 0.221730455756187 0.214242964982986 0.222538024187088 -3.4e+38 -3.4e+38 -3.4e+38 -3.4e+38 -3.4e+38 -3.4e+38 -3.4e+38 -3.4e+38 -3.4e+38 -3.4e+38 -3.4e+38
0.539029061794281 0.489387631416321 0.413445800542831 0.351867288351059 0.253117114305496 0.194227784872055 0.187992885708809 0.175936549901962 0.177186504006386 0.198186382651329 0.224008977413177 0.259070932865143 0.25906890630722 0.230504393577576 0.22626519203186 0.248599737882614 0.269138932228088 0.271670162677765 0.250431418418884 0.207172155380249 0.19909979403019 0.225599035620689 0.333433508872986 0.444369941949844 0.469006210565567 0.484367370605469 0.476579368114471 0.436223387718201 0.340713411569595 0.24618698656559 0.201320230960846 0.191020026803017 0.181600570678711 0.18846121430397 -3.4e+38 -3.4e+38 -3.4e+38 -3.4e+38 -3.4e+38 -3.4e+38 -3.4e+38 -3.4e+38 -3.4e+38 -3.4e+38 -3.4e+38
0.523233830928802 0.50510174036026 0.443262696266174 0.364517033100128 0.28619247674942 0.226968348026276 0.200247138738632 0.179658874869347 0.163995742797852 0.178202211856842 0.205881088972092 0.229342743754387 0.233791038393974 0.218787297606468 0.216317147016525 0.220581293106079 0.235554739832878 0.244510814547539 0.237758323550224 0.203517556190491 0.207130059599876 0.25899738073349 0.357239425182343 0.445988327264786 0.464029759168625 0.457756787538528 0.450409412384033 0.399687558412552 0.311970978975296 0.247912183403969 0.199203699827194 0.191513374447823 0.185003042221069 0.179894179105759 0.183138400316238 -3.4e+38 -3.4e+38 -3.4e+38 -3.4e+38 -3.4e+38 -3.4e+38 -3.4e+38 -3.4e+38 -3.4e+38 -3.4e+38
0.483783006668091 0.495282292366028 0.460785329341888 0.404334843158722 0.337186634540558 0.285900801420212 0.224841207265854 0.191382840275764 0.183458402752876 0.184690341353416 0.195617631077766 0.203455105423927 0.2062708735466 0.211784154176712 0.21350122988224 0.206803426146507 0.215670138597488 0.221892967820168 0.221653804183006 0.204776540398598 0.233746007084846 0.32218211889267 0.405236184597015 0.472894459962845 0.473693937063217 0.436397284269333 0.403108328580856 0.355621010065079 0.292706966400146 0.261223047971725 0.219812139868736 0.198744997382164 0.196878015995026 0.196740433573723 0.189574748277664 -3.4e+38 -3.4e+38 -3.4e+38 -3.4e+38 -3.4e+38 -3.4e+38 -3.4e+38 -3.4e+38 -3.4e+38 -3.4e+38
0.418029487133026 0.431984722614288 0.42612498998642 0.428470194339752 0.384829580783844 0.325293958187103 0.263477712869644 0.212013080716133 0.205646604299545 0.202126830816269 0.186979606747627 0.175070360302925 0.175391227006912 0.194870933890343 0.203086704015732 0.195183545351028 0.210429668426514 0.227705463767052 0.234901428222656 0.230160042643547 0.259611338376999 0.365086942911148 0.458744198083878 0.498251408338547 0.490670919418335 0.40733003616333 0.335645854473114 0.296289265155792 0.27046263217926 0.254612237215042 0.22609056532383 0.199750289320946 0.200657084584236 0.207910224795341 0.200422674417496 0.202778175473213 -3.4e+38 -3.4e+38 -3.4e+38 -3.4e+38 -3.4e+38 -3.4e+38 -3.4e+38 -3.4e+38 -3.4e+38
