data/trimmed_ndre/J_ndre.77.2014_no_clouds.asc
NCOLS 141 
NROWS 118 
XLLCORNER 516845 
YLLCORNER 5169015 
CELLSIZE 5 
NODATA_value -3.4e+38 
[rows 20 to 39 of 118, columns 45 to 89 of 141]
0.25459623336792 0.268687158823013 0.265367209911346 0.271078646183014 0.281766027212143 0.286130249500275 0.290423721075058 0.277893453836441 0.264713019132614 0.277328103780746 0.286165744066238 0.288163751363754 0.285964369773865 0.28325280547142 0.285396158695221 0.295135527849197 0.305027961730957 0.312397688627243 0.313732385635376 0.322630435228348 0.325085341930389 0.312012165784836 0.307203471660614 0.309016019105911 0.301336765289307 0.286825001239777 0.28274142742157 0.284122675657272 0.281609684228897 0.275101959705353 0.283669501543045 0.282222032546997 0.274457454681396 0.27011838555336 0.275852382183075 0.284784197807312 0.287136137485504 0.2864009141922 0.288715720176697 0.292466700077057 0.293902814388275 0.29877170920372 0.313951760530472 0.310389459133148 0.303058385848999
0.26566755771637 0.269418030977249 0.257659643888474 0.266712039709091 0.274508237838745 0.27751436829567 0.283777058124542 0.277846574783325 0.276896685361862 0.284441590309143 0.289975255727768 0.292301595211029 0.291729360818863 0.287636011838913 0.279979944229126 0.283235847949982 0.291581451892853 0.300356537103653 0.306446015834808 0.321951240301132 0.324444651603699 0.318474590778351 0.316220641136169 0.314061969518661 0.29695999622345 0.278144270181656 0.281073272228241 0.289521098136902 0.281563758850098 0.27376651763916 0.278695106506348 0.280340164899826 0.281199812889099 0.278513073921204 0.274574995040894 0.277989894151688 0.277545303106308 0.279666423797607 0.286057353019714 0.291012018918991 0.289657086133957 0.296372652053833 0.310909897089005 0.307296901941299 0.298536151647568
0.280210793018341 0.273854851722717 0.26036337018013 0.265362858772278 0.270175188779831 0.274782061576843 0.281980782747269 0.28290006518364 0.285837769508362 0.288291305303574 0.288709461688995 0.289162039756775 0.287686496973038 0.283374011516571 0.278850317001343 0.28257817029953 0.282850593328476 0.284603446722031 0.29022803902626 0.307327747344971 0.311045348644257 0.312141835689545 0.311805754899979 0.305569142103195 0.296236425638199 0.290077149868011 0.291475504636765 0.296180069446564 0.282473802566528 0.276314526796341 0.277971833944321 0.277328759431839 0.277556627988815 0.273866683244705 0.274376183748245 0.283149093389511 0.281217843294144 0.290561079978943 0.300254672765732 0.29747411608696 0.288703590631485 0.292315125465393 0.302740335464478 0.303425282239914 0.292215645313263
0.287101656198502 0.275264590978622 0.26660031080246 0.264708906412125 0.27126607298851 0.276929557323456 0.280092984437943 0.281265944242477 0.287327349185944 0.287599414587021 0.284306824207306 0.280371159315109 0.275547087192535 0.271741032600403 0.274369060993195 0.283717304468155 0.285431385040283 0.291237324476242 0.301352679729462 0.312535434961319 0.308946996927261 0.311273276805878 0.303522825241089 0.28933197259903 0.288923323154449 0.292899549007416 0.29888379573822 0.300656318664551 0.286233216524124 0.281627774238586 0.28034433722496 0.277157157659531 0.272296398878098 0.267326951026917 0.28121542930603 0.30000776052475 0.299604445695877 0.304111063480377 0.302444994449615 0.295376121997833 0.288346171379089 0.289356142282486 0.295776456594467 0.303085833787918 0.302015632390976
0.275852024555206 0.27438223361969 0.271377205848694 0.268168240785599 0.272571712732315 0.271915972232819 0.271155297756195 0.274067461490631 0.283784210681915 0.284256845712662 0.279297798871994 0.274264693260193 0.271733671426773 0.269441217184067 0.271754592657089 0.277084827423096 0.279262810945511 0.285172700881958 0.295448005199432 0.302884608507156 0.303259819746017 0.320671081542969 0.31944814324379 0.306837528944016 0.297808587551117 0.30040454864502 0.307248711585999 0.306370466947556 0.294268906116486 0.288127094507217 0.289910852909088 0.290888339281082 0.287334382534027 0.281999558210373 0.297767281532288 0.312144607305527 0.310908913612366 0.308256059885025 0.298226445913315 0.290970027446747 0.290159225463867 0.29786628484726 0.302255570888519 0.301242887973785 0.294955253601074
0.262531608343124 0.271634578704834 0.278328090906143 0.278372257947922 0.274684995412827 0.267305344343185 0.26270267367363 0.267830908298492 0.277739673852921 0.275847584009171 0.269614905118942 0.273540884256363 0.280066251754761 0.281942576169968 0.283178001642227 0.287025630474091 0.290087401866913 0.291649639606476 0.293596923351288 0.286025881767273 0.285077393054962 0.306727111339569 0.30789852142334 0.308717608451843 0.306644439697266 0.307241261005402 0.316929996013641 0.319505482912064 0.315383613109589 0.312561243772507 0.318196684122086 0.32258528470993 0.326653510332108 0.332065373659134 0.332240283489227 0.328116714954376 0.316868305206299 0.301794052124023 0.284358263015747 0.282705664634705 0.285144001245499 0.283491492271423 0.273433893918991 0.267350614070892 0.253721445798874
0.264913082122803 0.27458593249321 0.279643148183823 0.28165078163147 0.278363883495331 0.271386921405792 0.265533238649368 0.26433926820755 0.267034113407135 0.268599003553391 0.26812756061554 0.284024477005005 0.29487544298172 0.291490793228149 0.284993171691895 0.293570220470428 0.302046924829483 0.306725919246674 0.310402691364288 0.295186161994934 0.293442189693451 0.306970208883286 0.308630287647247 0.310328394174576 0.309884428977966 0.307940155267715 0.317312508821487 0.329604685306549 0.338078409433365 0.343111932277679 0.350521683692932 0.355441629886627 0.357440263032913 0.345505774021149 0.314905256032944 0.302166372537613 0.290688335895538 0.273300796747208 0.247135192155838 0.232851013541222 0.225415408611298 0.222690314054489 0.215887576341629 0.209537088871002 0.192723661661148
0.282103300094604 0.285817354917526 0.283956974744797 0.285172790288925 0.288139313459396 0.287771612405777 0.283337384462357 0.281039178371429 0.275825917720795 0.275659203529358 0.2835513651371 0.300319194793701 0.310016721487045 0.308085083961487 0.300843358039856 0.31007307767868 0.312737345695496 0.320189207792282 0.326660484075546 0.306113421916962 0.302552729845047 0.310827434062958 0.31860426068306 0.313033401966095 0.309124827384949 0.315202504396439 0.329616248607635 0.34525004029274 0.355752408504486 0.360069364309311 0.354620814323425 0.334467709064484 0.313109934329987 0.285824507474899 0.252336531877518 0.238474264740944 0.223328664898872 0.211259543895721 0.201683670282364 0.19385190308094 0.191035315394402 0.185555443167686 0.182522818446159 0.185140535235405 0.195031464099884
0.2956662774086 0.300891667604446 0.299631893634796 0.296977013349533 0.304098904132843 0.305405825376511 0.303909361362457 0.306123018264771 0.298543572425842 0.299626529216766 0.307206720113754 0.317818582057953 0.326326251029968 0.326057106256485 0.326077938079834 0.336201727390289 0.323681890964508 0.323843598365784 0.328262120485306 0.32025882601738 0.320593029260635 0.323261022567749 0.330270111560822 0.341764271259308 0.344924300909042 0.350220292806625 0.354424685239792 0.35615012049675 0.352102071046829 0.341316312551498 0.316007554531097 0.27701660990715 0.236897423863411 0.212289705872536 0.194282978773117 0.192171692848206 0.197943896055222 0.215350344777107 0.223058432340622 0.221813842654228 0.23155865073204 0.238367184996605 0.241020068526268 0.241262316703796 0.248888209462166
0.304244965314865 0.317636519670486 0.31953239440918 0.31191286444664 0.318098396062851 0.313678205013275 0.315744876861572 0.318530857563019 0.30619016289711 0.30678603053093 0.311767518520355 0.320560216903687 0.333241939544678 0.334746748209 0.335278272628784 0.334612905979156 0.321524828672409 0.328469693660736 0.33661025762558 0.344375461339951 0.361021369695663 0.384443610906601 0.382244884967804 0.370177894830704 0.363728135824203 0.365291476249695 0.3621806204319 0.344281136989594 0.310804724693298 0.282256901264191 0.25022953748703 0.213784351944923 0.186397135257721 0.211877003312111 0.238240778446198 0.252912104129791 0.259302467107773 0.273029506206512 0.284879803657532 0.29365286231041 0.299360871315002 0.298619359731674 0.294864505529404 0.293532580137253 0.295432031154633
0.322080492973328 0.332785993814468 0.325672149658203 0.317638009786606 0.319584310054779 0.308281511068344 0.311031639575958 0.309801042079926 0.298069566488266 0.302261799573898 0.305374085903168 0.31310510635376 0.325040936470032 0.324080109596252 0.323123008012772 0.324482589960098 0.326452404260635 0.343644708395004 0.35755068063736 0.369842052459717 0.382344901561737 0.399017423391342 0.389755338430405 0.364595681428909 0.335005134344101 0.304693758487701 0.279889762401581 0.262364119291306 0.241433218121529 0.216865986585617 0.193254545331001 0.189876288175583 0.20849746465683 0.253816723823547 0.290999978780746 0.310412675142288 0.318725198507309 0.323138684034348 0.325178891420364 0.314799189567566 0.305194050073624 0.303787291049957 0.305552214384079 0.309146255254745 0.308529108762741
0.329962641000748 0.329928904771805 0.318698793649673 0.312401503324509 0.310009479522705 0.304552584886551 0.306122541427612 0.303710043430328 0.298963725566864 0.302376419305801 0.302623450756073 0.306214481592178 0.313983052968979 0.31979563832283 0.318623632192612 0.327042043209076 0.341872066259384 0.362518489360809 0.372596502304077 0.376371562480927 0.374421775341034 0.368613481521606 0.348654180765152 0.314675807952881 0.266807168722153 0.221718177199364 0.199217095971107 0.192468956112862 0.188887387514114 0.182749092578888 0.172439485788345 0.202065125107765 0.251432567834854 0.298857986927032 0.322195142507553 0.330083757638931 0.327228605747223 0.322842568159103 0.329804927110672 0.314937919378281 0.298634558916092 0.287967354059219 0.281850516796112 0.275860190391541 0.270924597978592
0.310642033815384 0.313103765249252 0.307454586029053 0.305131316184998 0.309101939201355 0.309023797512054 0.302591860294342 0.308246433734894 0.313726484775543 0.318670928478241 0.318835496902466 0.318088442087173 0.318669557571411 0.323317438364029 0.327788025140762 0.342227399349213 0.352052330970764 0.35400927066803 0.346769720315933 0.340739905834198 0.326592653989792 0.301198810338974 0.262050479650497 0.233628034591675 0.196911334991455 0.165690168738365 0.159162625670433 0.167806759476662 0.183370471000671 0.193105161190033 0.198859617114067 0.240582153201103 0.286049693822861 0.317362606525421 0.321755141019821 0.314918279647827 0.306310772895813 0.308762162923813 0.318380773067474 0.304349839687347 0.294268429279327 0.287291347980499 0.283915758132935 0.28323757648468 0.262897670269012
0.284345000982285 0.297618955373764 0.305787771940231 0.297068446874619 0.3071348965168 0.309018939733505 0.303185373544693 0.319792687892914 0.328381836414337 0.329527258872986 0.326232641935349 0.324762433767319 0.323687642812729 0.32982137799263 0.340041279792786 0.344308733940125 0.329778641462326 0.304973155260086 0.28011217713356 0.266042977571487 0.244379296898842 0.219003811478615 0.192331597208977 0.176627099514008 0.16821026802063 0.169760644435883 0.17398601770401 0.174483433365822 0.183890864253044 0.198959946632385 0.227506384253502 0.274071872234344 0.297222673892975 0.303468286991119 0.300534605979919 0.294745802879333 0.287922024726868 0.294594824314117 0.298202663660049 0.286640346050262 0.286709785461426 0.289300054311752 0.287034124135971 0.280867546796799 0.259916603565216
0.276637881994247 0.289061337709427 0.294285625219345 0.28610572218895 0.306398302316666 0.305720299482346 0.307011902332306 0.319381088018417 0.319673269987106 0.319565027952194 0.319385766983032 0.320127099752426 0.320669084787369 0.321026355028152 0.31877213716507 0.306499779224396 0.272104203701019 0.233852222561836 0.201033592224121 0.187917828559875 0.187088325619698 0.204558357596397 0.200823172926903 0.18698450922966 0.194628804922104 0.222589761018753 0.229191586375237 0.218430265784264 0.217791646718979 0.233602806925774 0.269025027751923 0.30156010389328 0.307909786701202 0.302760750055313 0.291496098041534 0.280550867319107 0.274283558130264 0.281584322452545 0.274178296327591 0.261839091777802 0.266416490077972 0.277709007263184 0.275433272123337 0.263875514268875 0.251077592372894
0.281058996915817 0.289963483810425 0.289501637220383 0.288393169641495 0.310624003410339 0.299545586109161 0.304943382740021 0.308807611465454 0.292826652526855 0.289237499237061 0.297382175922394 0.306065231561661 0.308124095201492 0.2867551445961 0.268118023872375 0.242526888847351 0.205891862511635 0.199134886264801 0.206628605723381 0.222634121775627 0.238673657178879 0.259325385093689 0.260916352272034 0.2504603266716 0.247713029384613 0.269931763410568 0.27160981297493 0.263084441423416 0.261941343545914 0.283591210842133 0.328956753015518 0.345654129981995 0.333540320396423 0.318285554647446 0.297730594873428 0.278373688459396 0.267698138952255 0.275686025619507 0.27847284078598 0.273210674524307 0.267600804567337 0.265894114971161 0.255561888217926 0.243994846940041 0.236916452646255
0.28087505698204 0.290503889322281 0.299648135900497 0.308436274528503 0.315336912870407 0.303686529397964 0.297736555337906 0.284889072179794 0.260132372379303 0.243645086884499 0.251695364713669 0.267135411500931 0.269600361585617 0.239496886730194 0.209128424525261 0.181988641619682 0.184227719902992 0.232529550790787 0.249491631984711 0.273539334535599 0.296296298503876 0.306532144546509 0.30888819694519 0.295310884714127 0.282825738191605 0.289197742938995 0.287106424570084 0.287098795175552 0.288056254386902 0.299854725599289 0.342768907546997 0.344547957181931 0.333794772624969 0.326274871826172 0.312643498182297 0.296027153730392 0.281312972307205 0.27665901184082 0.284950703382492 0.2848060131073 0.276549577713013 0.261980682611465 0.24212172627449 0.243814334273338 0.254573583602905
0.279907703399658 0.284238666296005 0.291724294424057 0.297243595123291 0.302549511194229 0.301251769065857 0.287663519382477 0.268296152353287 0.261492550373077 0.258757680654526 0.237219274044037 0.219556719064713 0.215823754668236 0.203603446483612 0.178819626569748 0.15476094186306 0.17678090929985 0.235090404748917 0.265728652477264 0.290221482515335 0.297426491975784 0.287460774183273 0.277848869562149 0.274330586194992 0.273545652627945 0.274065524339676 0.268903136253357 0.275032550096512 0.273480176925659 0.28554692864418 0.322008967399597 0.313642859458923 0.308484464883804 0.312554717063904 0.317475497722626 0.304263263940811 0.278561621904373 0.263814002275467 0.272012710571289 0.275004833936691 0.265917658805847 0.257259994745255 0.25642603635788 0.277534544467926 0.285742908716202
0.295709669589996 0.298082232475281 0.297451376914978 0.2874775826931 0.285900950431824 0.292083501815796 0.297726690769196 0.292183518409729 0.292586207389832 0.282281786203384 0.243090704083443 0.185865104198456 0.178290918469429 0.195251181721687 0.206735596060753 0.200814291834831 0.19983583688736 0.227027595043182 0.257162719964981 0.27518567442894 0.290290296077728 0.280195742845535 0.252087324857712 0.242161646485329 0.237086966633797 0.235811129212379 0.239631444215775 0.260206401348114 0.258248448371887 0.268338114023209 0.285031169652939 0.273151397705078 0.268198132514954 0.276153385639191 0.286059826612473 0.277399450540543 0.250910609960556 0.233828529715538 0.236947387456894 0.25190144777298 0.255280166864395 0.264058798551559 0.280604034662247 0.305476278066635 0.297777563333511
0.301502287387848 0.304862856864929 0.30100154876709 0.281465858221054 0.271385490894318 0.276394367218018 0.285721391439438 0.28723680973053 0.288768649101257 0.287838935852051 0.264357477426529 0.220567673444748 0.217327982187271 0.238820031285286 0.255910128355026 0.253227412700653 0.226929679512978 0.236769407987595 0.269804447889328 0.297119468450546 0.301164150238037 0.283424824476242 0.253445386886597 0.230878710746765 0.208242356777191 0.207886129617691 0.227223753929138 0.251938372850418 0.248603984713554 0.251640975475311 0.250745385885239 0.238242074847221 0.231764525175095 0.238234803080559 0.241977274417877 0.233397826552391 0.21640419960022 0.215032607316971 0.232388153672218 0.253655403852463 0.260145723819733 0.27307590842247 0.285950779914856 0.294738739728928 0.29300931096077
