data/trimmed_ndre/J_ndre.77.2010_no_clouds.asc
NCOLS 141 
NROWS 118 
XLLCORNER 516845 
YLLCORNER 5169015 
CELLSIZE 5 
NODATA_value -3.4e+38 
[rows 20 to 39 of 118, columns 0 to 44 of 141]
-3.4e+38 -3.4e+38 -3.4e+38 -3.4e+38 -3.4e+38 -3.4e+38 -3.4e+38 -3.4e+38 -3.4e+38 -3.4e+38 -3.4e+38 -3.4e+38 -3.4e+38 -3.4e+38 -3.4e+38 -3.4e+38 -3.4e+38 -3.4e+38 -3.4e+38 -3.4e+38 -3.4e+38 -3.4e+38 -3.4e+38 -3.4e+38 -3.4e+38 -3.4e+38 -3.4e+38 -3.4e+38 -3.4e+38 -3.4e+38 -3.4e+38 -3.4e+38 -3.4e+38 -3.4e+38 -3.4e+38 -3.4e+38 0.597567319869995 0.5966956615448 0.59622997045517 0.595855891704559 0.610531330108643 0.618434011936188 0.615741610527039 0.605288445949554 0.610554039478302
-3.4e+38 -3.4e+38 -3.4e+38 -3.4e+38 -3.4e+38 -3.4e+38 -3.4e+38 -3.4e+38 -3.4e+38 -3.4e+38 -3.4e+38 -3.4e+38 -3.4e+38 -3.4e+38 -3.4e+38 -3.4e+38 -3.4e+38 -3.4e+38 -3.4e+38 -3.4e+38 -3.4e+38 -3.4e+38 -3.4e+38 -3.4e+38 -3.4e+38 -3.4e+38 -3.4e+38 -3.4e+38 -3.4e+38 -3.4e+38 -3.4e+38 -3.4e+38 -3.4e+38 -3.4e+38 -3.4e+38 0.590251445770264 0.601125597953796 0.590814590454102 0.581496596336365 0.588360846042633 0.60161018371582 0.601505160331726 0.596200585365295 0.601365506649017 0.625141561031342
-3.4e+38 -3.4e+38 -3.4e+38 -3.4e+38 -3.4e+38 -3.4e+38 -3.4e+38 -3.4e+38 -3.4e+38 -3.4e+38 -3.4e+38 -3.4e+38 -3.4e+38 -3.4e+38 -3.4e+38 -3.4e+38 -3.4e+38 -3.4e+38 -3.4e+38 -3.4e+38 -3.4e+38 -3.4e+38 -3.4e+38 -3.4e+38 -3.4e+38 -3.4e+38 -3.4e+38 -3.4e+38 -3.4e+38 -3.4e+38 -3.4e+38 -3.4e+38 -3.4e+38 -3.4e+38 0.598191797733307 0.596144914627075 0.607915937900543 0.604501366615295 0.590225398540497 0.586215853691101 0.590962529182434 0.594975829124451 0.606810808181763 0.617669820785522 0.630819201469421
-3.4e+38 -3.4e+38 -3.4e+38 -3.4e+38 -3.4e+38 -3.4e+38 -3.4e+38 -3.4e+38 -3.4e+38 -3.4e+38 -3.4e+38 -3.4e+38 -3.4e+38 -3.4e+38 -3.4e+38 -3.4e+38 -3.4e+38 -3.4e+38 -3.4e+38 -3.4e+38 -3.4e+38 -3.4e+38 -3.4e+38 -3.4e+38 -3.4e+38 -3.4e+38 -3.4e+38 -3.4e+38 -3.4e+38 -3.4e+38 -3.4e+38 -3.4e+38 -3.4e+38 0.598404765129089 0.601660370826721 0.614188849925995 0.619904279708862 0.616231977939606 0.599047958850861 0.591999113559723 0.594709753990173 0.600649833679199 0.62000036239624 0.621215462684631 0.622386455535889
-3.4e+38 -3.4e+38 -3.4e+38 -3.4e+38 -3.4e+38 -3.4e+38 -3.4e+38 -3.4e+38 -3.4e+38 -3.4e+38 -3.4e+38 -3.4e+38 -3.4e+38 -3.4e+38 -3.4e+38 -3.4e+38 -3.4e+38 -3.4e+38 -3.4e+38 -3.4e+38 -3.4e+38 -3.4e+38 -3.4e+38 -3.4e+38 -3.4e+38 -3.4e+38 -3.4e+38 -3.4e+38 -3.4e+38 -3.4e+38 -3.4e+38 0.604132413864136 0.606701135635376 0.598171055316925 0.595497012138367 0.607834935188293 0.612625479698181 0.603234052658081 0.603611707687378 0.599809229373932 0.600748181343079 0.60837060213089 0.61632913351059 0.617470145225525 0.629217684268951
-3.4e+38 -3.4e+38 -3.4e+38 -3.4e+38 -3.4e+38 -3.4e+38 -3.4e+38 -3.4e+38 -3.4e+38 -3.4e+38 -3.4e+38 -3.4e+38 -3.4e+38 -3.4e+38 -3.4e+38 -3.4e+38 -3.4e+38 -3.4e+38 -3.4e+38 -3.4e+38 -3.4e+38 -3.4e+38 -3.4e+38 -3.4e+38 -3.4e+38 -3.4e+38 -3.4e+38 -3.4e+38 -3.4e+38 -3.4e+38 0.59220415353775 0.607487261295319 0.601753175258636 0.59510350227356 0.580398917198181 0.577088177204132 0.607097804546356 0.607504785060883 0.597268640995026 0.599233150482178 0.605124890804291 0.617426931858063 0.625072479248047 0.628402948379517 0.644302070140839
-3.4e+38 -3.4e+38 -3.4e+38 -3.4e+38 -3.4e+38 -3.4e+38 -3.4e+38 -3.4e+38 -3.4e+38 -3.4e+38 -3.4e+38 -3.4e+38 -3.4e+38 -3.4e+38 -3.4e+38 -3.4e+38 -3.4e+38 -3.4e+38 -3.4e+38 -3.4e+38 -3.4e+38 -3.4e+38 -3.4e+38 -3.4e+38 -3.4e+38 -3.4e+38 -3.4e+38 -3.4e+38 -3.4e+38 0.533553719520569 0.56257027387619 0.587785601615906 0.58444619178772 0.593815088272095 0.595902264118195 0.593607366085052 0.60587340593338 0.595238089561462 0.586643993854523 0.601001143455505 0.611608028411865 0.620137453079224 0.62573653459549 0.634020149707794 0.653253853321075
-3.4e+38 -3.4e+38 -3.4e+38 -3.4e+38 -3.4e+38 -3.4e+38 -3.4e+38 -3.4e+38 -3.4e+38 -3.4e+38 -3.4e+38 -3.4e+38 -3.4e+38 -3.4e+38 -3.4e+38 -3.4e+38 -3.4e+38 -3.4e+38 -3.4e+38 -3.4e+38 -3.4e+38 -3.4e+38 -3.4e+38 -3.4e+38 -3.4e+38 -3.4e+38 0.546957552433014 0.553926050662994 0.565171420574188 0.554763317108154 0.557722151279449 0.569186568260193 0.58808046579361 0.600568413734436 0.594680070877075 0.594839096069336 0.595950603485107 0.589391112327576 0.589917123317719 0.60275661945343 0.609992980957031 0.609313488006592 0.607075572013855 0.619495868682861 0.642941117286682
-3.4e+38 -3.4e+38 -3.4e+38 -3.4e+38 -3.4e+38 -3.4e+38 -3.4e+38 -3.4e+38 -3.4e+38 -3.4e+38 -3.4e+38 -3.4e+38 -3.4e+38 -3.4e+38 -3.4e+38 -3.4e+38 -3.4e+38 -3.4e+38 -3.4e+38 -3.4e+38 -3.4e+38 -3.4e+38 -3.4e+38 0.565792739391327 0.573716580867767 0.559442698955536 0.542610704898834 0.564383804798126 0.574787855148315 0.577833533287048 0.5913245677948 0.569901823997498 0.562067925930023 0.577795684337616 0.580144107341766 0.585384786128998 0.593382775783539 0.59252655506134 0.594051480293274 0.6045081615448 0.606630563735962 0.596890091896057 0.591516017913818 0.605563223361969 0.62721174955368
-3.4e+38 -3.4e+38 -3.4e+38 -3.4e+38 -3.4e+38 -3.4e+38 -3.4e+38 -3.4e+38 -3.4e+38 -3.4e+38 -3.4e+38 -3.4e+38 -3.4e+38 -3.4e+38 -3.4e+38 -3.4e+38 -3.4e+38 -3.4e+38 -3.4e+38 0.572890043258667 0.571510553359985 0.555032551288605 0.548710405826569 0.559392690658569 0.579321324825287 0.566909968852997 0.546028971672058 0.559064090251923 0.548337340354919 0.555946171283722 0.585638046264648 0.582467198371887 0.571371495723724 0.572042524814606 0.581101775169373 0.580534040927887 0.590194344520569 0.598767757415771 0.596478581428528 0.605430781841278 0.605987787246704 0.597099661827087 0.594842255115509 0.60146689414978 0.612347841262817
-3.4e+38 -3.4e+38 -3.4e+38 -3.4e+38 -3.4e+38 -3.4e+38 -3.4e+38 -3.4e+38 -3.4e+38 -3.4e+38 -3.4e+38 -3.4e+38 -3.4e+38 -3.4e+38 -3.4e+38 -3.4e+38 0.551658689975739 0.570379376411438 0.578474640846252 0.571754455566406 0.557965636253357 0.541483879089355 0.532999694347382 0.535264611244202 0.552453756332397 0.557783484458923 0.540464758872986 0.536803901195526 0.53665828704834 0.54135525226593 0.557941794395447 0.572584688663483 0.587907731533051 0.58325183391571 0.573151528835297 0.569912850856781 0.587362289428711 0.594342529773712 0.589144289493561 0.599211752414703 0.596373021602631 0.591282367706299 0.59006679058075 0.594002246856689 0.601100027561188
-3.4e+38 -3.4e+38 -3.4e+38 -3.4e+38 -3.4e+38 -3.4e+38 -3.4e+38 -3.4e+38 -3.4e+38 -3.4e+38 -3.4e+38 -3.4e+38 -3.4e+38 0.532348215579987 0.527578949928284 0.54036158323288 0.568298935890198 0.588487386703491 0.583689153194427 0.552105009555817 0.520680129528046 0.50751119852066 0.508805811405182 0.510424315929413 0.51511287689209 0.528468608856201 0.52612978219986 0.527089834213257 0.536796510219574 0.537944912910461 0.533785820007324 0.544791638851166 0.570006906986237 0.584572494029999 0.573586046695709 0.565864622592926 0.584479987621307 0.5886070728302 0.576358616352081 0.580796837806702 0.57505065202713 0.578276693820953 0.582655906677246 0.584824323654175 0.598387897014618
-3.4e+38 -3.4e+38 -3.4e+38 -3.4e+38 -3.4e+38 -3.4e+38 -3.4e+38 -3.4e+38 -3.4e+38 -3.4e+38 -3.4e+38 -3.4e+38 0.549937963485718 0.543566346168518 0.536428272724152 0.549913585186005 0.572266101837158 0.582719326019287 0.566796481609344 0.53268301486969 0.507570147514343 0.509924054145813 0.516453683376312 0.511240482330322 0.513290345668793 0.532616078853607 0.534140169620514 0.541873753070831 0.55535900592804 0.557294011116028 0.545397996902466 0.544195055961609 0.556769013404846 0.567631244659424 0.562936127185822 0.560369193553925 0.58377867937088 0.608460009098053 0.592058062553406 0.57461541891098 0.578984022140503 0.57953155040741 0.577154517173767 0.576025009155273 0.587886452674866
-3.4e+38 -3.4e+38 -3.4e+38 -3.4e+38 -3.4e+38 -3.4e+38 -3.4e+38 -3.4e+38 -3.4e+38 -3.4e+38 0.564605116844177 0.561110019683838 0.567208349704742 0.567679524421692 0.560534179210663 0.57394403219223 0.583643853664398 0.579839468002319 0.565931379795074 0.555987596511841 0.552941381931305 0.5496906042099 0.541594207286835 0.532372355461121 0.521109580993652 0.529651403427124 0.543559312820435 0.553641259670258 0.564050734043121 0.568406641483307 0.55749899148941 0.548602998256683 0.550505578517914 0.553804278373718 0.553728461265564 0.557547807693481 0.57007223367691 0.580298244953156 0.576678514480591 0.582195520401001 0.590558528900146 0.574798583984375 0.570992648601532 0.574693024158478 0.588940799236298
-3.4e+38 -3.4e+38 -3.4e+38 -3.4e+38 -3.4e+38 -3.4e+38 -3.4e+38 -3.4e+38 -3.4e+38 0.561087191104889 0.573545396327972 0.571719527244568 0.574901401996613 0.578962087631226 0.57702100276947 0.578929007053375 0.580520510673523 0.584883391857147 0.593371689319611 0.598159074783325 0.593364894390106 0.562195420265198 0.544303715229034 0.543011784553528 0.521872937679291 0.525623917579651 0.5492924451828 0.549864768981934 0.544436097145081 0.540353238582611 0.536646246910095 0.543133020401001 0.551757991313934 0.559041202068329 0.555288553237915 0.551986396312714 0.558023929595947 0.560548484325409 0.55914294719696 0.573920547962189 0.575839877128601 0.561095833778381 0.569033920764923 0.59003210067749 0.609775006771088
-3.4e+38 -3.4e+38 -3.4e+38 -3.4e+38 -3.4e+38 -3.4e+38 -3.4e+38 -3.4e+38 0.55638325214386 0.564596712589264 0.586239337921143 0.583199799060822 0.568779766559601 0.576204240322113 0.578190386295319 0.574511587619781 0.583436787128448 0.599735140800476 0.606495380401611 0.602945864200592 0.597185075283051 0.554286181926727 0.538393437862396 0.554640233516693 0.542167067527771 0.54884147644043 0.55912721157074 0.535498380661011 0.509015262126923 0.490764766931534 0.505024015903473 0.541018724441528 0.558056712150574 0.558759987354279 0.557249069213867 0.556768834590912 0.565030038356781 0.564235627651215 0.555978059768677 0.555654346942902 0.563505947589874 0.565321922302246 0.571889877319336 0.59520560503006 0.6053706407547
-3.4e+38 -3.4e+38 -3.4e+38 -3.4e+38 -3.4e+38 -3.4e+38 0.579447686672211 0.568706452846527 0.571932733058929 0.587860584259033 0.597745060920715 0.591076791286469 0.576402962207794 0.589467883110046 0.588535666465759 0.594750761985779 0.608990073204041 0.610257625579834 0.59163761138916 0.587995052337646 0.59728616476059 0.558844983577728 0.561083436012268 0.58125776052475 0.57599002122879 0.58704537153244 0.580399394035339 0.539722800254822 0.497742384672165 0.474537521600723 0.494747340679169 0.533153176307678 0.557844281196594 0.57053530216217 0.572838187217712 0.571990668773651 0.56551331281662 0.557085871696472 0.547137558460236 0.547363579273224 0.568505048751831 0.572023689746857 0.563476979732513 0.575874984264374 0.594189882278442
-3.4e+38 -3.4e+38 -3.4e+38 -3.4e+38 -3.4e+38 0.553232431411743 0.568267047405243 0.551886320114136 0.579990267753601 0.607214629650116 0.588982582092285 0.600160300731659 0.608994901180267 0.605839014053345 0.59384298324585 0.609796762466431 0.622352600097656 0.608530759811401 0.579342365264893 0.592339813709259 0.613834261894226 0.582708835601807 0.602741837501526 0.616107225418091 0.602997660636902 0.617007970809937 0.606898725032806 0.563737392425537 0.511084914207458 0.50099790096283 0.525846004486084 0.557971954345703 0.580058217048645 0.590047836303711 0.585935473442078 0.574305832386017 0.55481743812561 0.559382081031799 0.566945612430573 0.566063046455383 0.57320910692215 0.565544068813324 0.556615948677063 0.566972076892853 0.59055233001709
-3.4e+38 -3.4e+38 -3.4e+38 -3.4e+38 0.467353910207748 0.502517461776733 0.500542342662811 0.497802793979645 0.548625588417053 0.587367653846741 0.573767900466919 0.58117264509201 0.598371386528015 0.595272898674011 0.589713156223297 0.613316714763641 0.628408551216125 0.617023706436157 0.600776791572571 0.611414015293121 0.618333041667938 0.600278258323669 0.598080456256866 0.610943913459778 0.621600747108459 0.627734959125519 0.615100860595703 0.578833758831024 0.540711760520935 0.541165053844452 0.5649773478508 0.588112831115723 0.597980558872223 0.596987187862396 0.583138167858124 0.577592790126801 0.571568250656128 0.57768714427948 0.576484501361847 0.565636038780212 0.56269907951355 0.559150815010071 0.563958525657654 0.570694863796234 0.575384974479675
-3.4e+38 -3.4e+38 0.366100043058395 0.385542541742325 0.420642554759979 0.438016951084137 0.433057099580765 0.440395087003708 0.471109420061111 0.493663758039474 0.500913500785828 0.507211148738861 0.524144530296326 0.547761857509613 0.566199243068695 0.586503088474274 0.580037355422974 0.573201894760132 0.58079469203949 0.588565766811371 0.590314269065857 0.608283579349518 0.616217613220215 0.609160244464874 0.621152698993683 0.623807191848755 0.613029718399048 0.594162166118622 0.582676529884338 0.58855676651001 0.595646262168884 0.596891403198242 0.601397812366486 0.595396995544434 0.571205139160156 0.584372580051422 0.592555820941925 0.573241829872131 0.556678593158722 0.550018012523651 0.559610664844513 0.569418489933014 0.574849307537079 0.565945506095886 0.558034360408783
