data/trimmed_ndre/J_ndre.615.2013_no_clouds.asc
NCOLS 141 
NROWS 118 
XLLCORNER 516845 
YLLCORNER 5169015 
CELLSIZE 5 
NODATA_value -3.4e+38 
[rows 40 to 59 of 118, columns 90 to 134 of 141]
0.412290692329407 0.406505078077316 0.408821314573288 0.425429552793503 0.446213901042938 0.459274411201477 0.470515668392181 0.450651377439499 0.433330297470093 0.446152895689011 0.501639604568481 0.54703426361084 0.552666842937469 0.55979335308075 0.545056700706482 0.528497636318207 0.537278473377228 0.548974394798279 0.584399878978729 0.606907546520233 0.605767488479614 0.56955099105835 0.530033767223358 0.513977885246277 0.498055696487427 0.506638169288635 0.53899222612381 0.5594242811203 0.564066827297211 0.55532842874527 0.542197406291962 -3.4e+38 -3.4e+38 -3.4e+38 -3.4e+38 -3.4e+38 -3.4e+38 -3.4e+38 -3.4e+38 -3.4e+38 -3.4e+38 -3.4e+38 -3.4e+38 -3.4e+38 -3.4e+38
0.427633851766586 0.412945091724396 0.388977140188217 0.396350562572479 0.394203692674637 0.382591009140015 0.385102599859238 0.378774583339691 0.362693309783936 0.386350840330124 0.443314373493195 0.513498604297638 0.549762785434723 0.560153543949127 0.55672550201416 0.544041216373444 0.550652146339417 0.560581207275391 0.583610832691193 0.6059929728508 0.599381566047668 0.565818727016449 0.525816261768341 0.497172087430954 0.484640270471573 0.498932003974915 0.538870871067047 0.567219197750092 0.567466735839844 0.544973015785217 0.524032771587372 -3.4e+38 -3.4e+38 -3.4e+38 -3.4e+38 -3.4e+38 -3.4e+38 -3.4e+38 -3.4e+38 -3.4e+38 -3.4e+38 -3.4e+38 -3.4e+38 -3.4e+38 -3.4e+38
0.445034503936768 0.426300585269928 0.391500443220139 0.378526955842972 0.350277751684189 0.335778415203094 0.346790760755539 0.353786915540695 0.348833680152893 0.376520901918411 0.436018109321594 0.50094336271286 0.559553861618042 0.580458581447601 0.575643599033356 0.560187876224518 0.561351656913757 0.578344285488129 0.592140793800354 0.610739946365356 0.605187594890594 0.565822780132294 0.51397705078125 0.472087293863297 0.460721999406815 0.475067526102066 0.505683183670044 0.547196924686432 0.557937741279602 0.541438639163971 0.520097374916077 -3.4e+38 -3.4e+38 -3.4e+38 -3.4e+38 -3.4e+38 -3.4e+38 -3.4e+38 -3.4e+38 -3.4e+38 -3.4e+38 -3.4e+38 -3.4e+38 -3.4e+38 -3.4e+38
0.500456631183624 0.482220113277435 0.438434630632401 0.404391676187515 0.369999170303345 0.358710169792175 0.376424551010132 0.399338066577911 0.411868005990982 0.442851841449738 0.488453954458237 0.53432559967041 0.578328311443329 0.594342708587646 0.585636615753174 0.572579741477966 0.566296100616455 0.579743146896362 0.595373868942261 0.61762136220932 0.608874261379242 0.561381697654724 0.512896955013275 0.474186360836029 0.440786719322205 0.434725522994995 0.459870308637619 0.508574068546295 0.536173343658447 0.528593778610229 0.519958794116974 -3.4e+38 -3.4e+38 -3.4e+38 -3.4e+38 -3.4e+38 -3.4e+38 -3.4e+38 -3.4e+38 -3.4e+38 -3.4e+38 -3.4e+38 -3.4e+38 -3.4e+38 -3.4e+38
0.552939891815186 0.538212180137634 0.499797075986862 0.460938990116119 0.436044245958328 0.435545951128006 0.470503181219101 0.498933076858521 0.505595445632935 0.50827294588089 0.532459318637848 0.56855034828186 0.600617349147797 0.612787008285522 0.600175857543945 0.583020865917206 0.565780758857727 0.566776514053345 0.585232019424438 0.60086464881897 0.59341287612915 0.56407904624939 0.528140425682068 0.489849209785461 0.43726909160614 0.402805060148239 0.412166208028793 0.447998076677322 0.488411575555801 0.505473494529724 0.515002310276031 0.52973335981369 -3.4e+38 -3.4e+38 -3.4e+38 -3.4e+38 -3.4e+38 -3.4e+38 -3.4e+38 -3.4e+38 -3.4e+38 -3.4e+38 -3.4e+38 -3.4e+38 -3.4e+38
0.564510464668274 0.553891479969025 0.544299304485321 0.522754073143005 0.512146055698395 0.524207472801208 0.548004150390625 0.558215737342834 0.548478007316589 0.539287328720093 0.560686051845551 0.600125670433044 0.618523597717285 0.626878917217255 0.616946637630463 0.595469951629639 0.576074421405792 0.565348923206329 0.573462069034576 0.584152698516846 0.576411247253418 0.565536320209503 0.538568198680878 0.493949800729752 0.446411550045013 0.392751574516296 0.382526338100433 0.407010912895203 0.446212500333786 0.489423274993896 0.519265711307526 0.539031744003296 -3.4e+38 -3.4e+38 -3.4e+38 -3.4e+38 -3.4e+38 -3.4e+38 -3.4e+38 -3.4e+38 -3.4e+38 -3.4e+38 -3.4e+38 -3.4e+38 -3.4e+38
0.574077785015106 0.573015093803406 0.569800555706024 0.56854772567749 0.561276435852051 0.565735101699829 0.575774252414703 0.586494147777557 0.592517971992493 0.59948319196701 0.604438602924347 0.616708874702454 0.623656868934631 0.623479306697845 0.624187171459198 0.604445040225983 0.576938509941101 0.555888652801514 0.561052322387695 0.576163351535797 0.566513776779175 0.553749859333038 0.538444876670837 0.508755207061768 0.47194516658783 0.423536598682404 0.395419389009476 0.409225404262543 0.43736869096756 0.486111611127853 0.530086696147919 0.551050543785095 -3.4e+38 -3.4e+38 -3.4e+38 -3.4e+38 -3.4e+38 -3.4e+38 -3.4e+38 -3.4e+38 -3.4e+38 -3.4e+38 -3.4e+38 -3.4e+38 -3.4e+38
0.583728313446045 0.572063684463501 0.566698372364044 0.586113691329956 0.581720888614655 0.57247406244278 0.585700690746307 0.595231950283051 0.61618047952652 0.633702158927917 0.622541427612305 0.617987453937531 0.615652143955231 0.603927910327911 0.60385924577713 0.580339848995209 0.543919563293457 0.530247867107391 0.54802006483078 0.563297271728516 0.558816254138947 0.554511547088623 0.55033266544342 0.533880531787872 0.504406809806824 0.464819103479385 0.430421978235245 0.428014487028122 0.441959917545319 0.480904281139374 0.52651709318161 0.552197277545929 -3.4e+38 -3.4e+38 -3.4e+38 -3.4e+38 -3.4e+38 -3.4e+38 -3.4e+38 -3.4e+38 -3.4e+38 -3.4e+38 -3.4e+38 -3.4e+38 -3.4e+38
0.577289462089539 0.560350656509399 0.559107899665833 0.580579400062561 0.584417164325714 0.584936857223511 0.5903360247612 0.586557447910309 0.595449507236481 0.60628217458725 0.605513393878937 0.603999137878418 0.59920734167099 0.589122951030731 0.581113219261169 0.550288438796997 0.512024283409119 0.505137383937836 0.535088717937469 0.547311544418335 0.558655142784119 0.572731733322144 0.566964268684387 0.549996435642242 0.525041997432709 0.494173347949982 0.474644184112549 0.464701622724533 0.472054690122604 0.494209289550781 0.521567642688751 0.540156364440918 -3.4e+38 -3.4e+38 -3.4e+38 -3.4e+38 -3.4e+38 -3.4e+38 -3.4e+38 -3.4e+38 -3.4e+38 -3.4e+38 -3.4e+38 -3.4e+38 -3.4e+38
0.55047196149826 0.554461061954498 0.564629733562469 0.575475931167603 0.566765546798706 0.564931511878967 0.567054808139801 0.56390380859375 0.570930540561676 0.587511956691742 0.599547743797302 0.597571015357971 0.595958232879639 0.590705454349518 0.57335501909256 0.547787845134735 0.512603580951691 0.499141097068787 0.516002714633942 0.521823465824127 0.546748220920563 0.568021178245544 0.561623096466064 0.551834404468536 0.536995530128479 0.525214791297913 0.52006459236145 0.515477895736694 0.518463373184204 0.526450455188751 0.5257408618927 0.532546162605286 0.534521043300629 -3.4e+38 -3.4e+38 -3.4e+38 -3.4e+38 -3.4e+38 -3.4e+38 -3.4e+38 -3.4e+38 -3.4e+38 -3.4e+38 -3.4e+38 -3.4e+38
0.507522761821747 0.521643996238708 0.533083200454712 0.526008784770966 0.506896793842316 0.507698833942413 0.520102262496948 0.539900839328766 0.557883560657501 0.587954580783844 0.610208332538605 0.61043256521225 0.606521964073181 0.591721475124359 0.565213799476624 0.536901772022247 0.508644640445709 0.497278273105621 0.50171035528183 0.506198346614838 0.511612892150879 0.52001029253006 0.531807363033295 0.541302382946014 0.545002520084381 0.548915505409241 0.556642055511475 0.555741131305695 0.562224686145782 0.562310695648193 0.555733323097229 0.550361931324005 0.547605752944946 -3.4e+38 -3.4e+38 -3.4e+38 -3.4e+38 -3.4e+38 -3.4e+38 -3.4e+38 -3.4e+38 -3.4e+38 -3.4e+38 -3.4e+38 -3.4e+38
0.468631863594055 0.477126210927963 0.484255939722061 0.476763159036636 0.465615332126617 0.469051450490952 0.4919812977314 0.529728472232819 0.560523152351379 0.578472673892975 0.60060054063797 0.610545754432678 0.607385396957397 0.596575736999512 0.57039338350296 0.535840272903442 0.509096324443817 0.492048323154449 0.487131327390671 0.491656601428986 0.494909137487411 0.493175595998764 0.501505255699158 0.521668910980225 0.538137257099152 0.555097341537476 0.572242140769958 0.580784738063812 0.59247499704361 0.591053128242493 0.581517457962036 0.576578557491302 0.567141532897949 -3.4e+38 -3.4e+38 -3.4e+38 -3.4e+38 -3.4e+38 -3.4e+38 -3.4e+38 -3.4e+38 -3.4e+38 -3.4e+38 -3.4e+38 -3.4e+38
0.474270641803741 0.476068615913391 0.471133232116699 0.477937400341034 0.481767743825912 0.487125188112259 0.505550026893616 0.540700435638428 0.560388326644897 0.559755086898804 0.571538031101227 0.58640468120575 0.589059114456177 0.582317292690277 0.567889034748077 0.538630485534668 0.506681263446808 0.482124924659729 0.457086771726608 0.454797267913818 0.465915411710739 0.460469931364059 0.471750110387802 0.506846845149994 0.531096577644348 0.543954312801361 0.564445436000824 0.584825038909912 0.602696657180786 0.5944864153862 0.583837866783142 0.585963189601898 0.572592973709106 -3.4e+38 -3.4e+38 -3.4e+38 -3.4e+38 -3.4e+38 -3.4e+38 -3.4e+38 -3.4e+38 -3.4e+38 -3.4e+38 -3.4e+38 -3.4e+38
0.51759660243988 0.509129583835602 0.490001142024994 0.497768610715866 0.501027584075928 0.509193658828735 0.52873307466507 0.539369940757751 0.548184990882874 0.554285109043121 0.559215605258942 0.55643367767334 0.541405320167542 0.5295130610466 0.523233711719513 0.514601945877075 0.495375037193298 0.471305847167969 0.43457618355751 0.406224071979523 0.410895437002182 0.412659913301468 0.449892699718475 0.502834379673004 0.528194546699524 0.530540585517883 0.544836640357971 0.575905621051788 0.597124099731445 0.58550763130188 0.575538218021393 0.574609279632568 0.559097111225128 0.544973492622375 -3.4e+38 -3.4e+38 -3.4e+38 -3.4e+38 -3.4e+38 -3.4e+38 -3.4e+38 -3.4e+38 -3.4e+38 -3.4e+38 -3.4e+38
0.548730731010437 0.535926461219788 0.516676783561707 0.52357029914856 0.506632566452026 0.503696203231812 0.515070855617523 0.514424979686737 0.518274903297424 0.522353768348694 0.520357549190521 0.509512722492218 0.489682644605637 0.467345893383026 0.459976047277451 0.464964002370834 0.467029184103012 0.449355691671371 0.420969098806381 0.373731821775436 0.361027300357819 0.385544866323471 0.427530139684677 0.486880570650101 0.509740710258484 0.505738794803619 0.518229484558105 0.563242018222809 0.587261438369751 0.572933077812195 0.561155557632446 0.544388651847839 0.52308577299118 0.509159743785858 -3.4e+38 -3.4e+38 -3.4e+38 -3.4e+38 -3.4e+38 -3.4e+38 -3.4e+38 -3.4e+38 -3.4e+38 -3.4e+38 -3.4e+38
0.550119161605835 0.530684649944305 0.523046851158142 0.531657695770264 0.504357755184174 0.489401757717133 0.482340842485428 0.467103838920593 0.465576171875 0.468391597270966 0.474707245826721 0.478961706161499 0.473670870065689 0.45012229681015 0.431606471538544 0.434245020151138 0.446341782808304 0.4456547498703 0.423901528120041 0.373264700174332 0.353328555822372 0.385950177907944 0.429592102766037 0.483964413404465 0.500112473964691 0.492074877023697 0.5069859623909 0.553465008735657 0.571891129016876 0.540670394897461 0.519905865192413 0.491960883140564 0.471868962049484 0.468016058206558 -3.4e+38 -3.4e+38 -3.4e+38 -3.4e+38 -3.4e+38 -3.4e+38 -3.4e+38 -3.4e+38 -3.4e+38 -3.4e+38 -3.4e+38
0.536156713962555 0.526116251945496 0.5283163189888 0.533251047134399 0.510048568248749 0.49681481719017 0.463187903165817 0.424695938825607 0.41603147983551 0.420633763074875 0.447947412729263 0.469909518957138 0.468463122844696 0.448299050331116 0.423634380102158 0.422093391418457 0.441270411014557 0.451422214508057 0.432722449302673 0.398963242769241 0.376927703619003 0.411781191825867 0.460802257061005 0.494365394115448 0.500850439071655 0.495033770799637 0.514739274978638 0.55184805393219 0.5516557097435 0.508588552474976 0.479777604341507 0.452922582626343 0.433884531259537 0.434073507785797 -3.4e+38 -3.4e+38 -3.4e+38 -3.4e+38 -3.4e+38 -3.4e+38 -3.4e+38 -3.4e+38 -3.4e+38 -3.4e+38 -3.4e+38
0.532611727714539 0.545911729335785 0.549028933048248 0.535072386264801 0.502431690692902 0.484420210123062 0.443321198225021 0.409222006797791 0.399001210927963 0.394269794225693 0.421777188777924 0.443274587392807 0.441682040691376 0.43039932847023 0.406688332557678 0.409287601709366 0.438918948173523 0.451085358858109 0.448244720697403 0.437208473682404 0.422419250011444 0.45070007443428 0.493168830871582 0.503878116607666 0.499111354351044 0.491587370634079 0.512883722782135 0.544598579406738 0.541007995605469 0.49824121594429 0.4642533659935 0.444255620241165 0.418296277523041 0.410278350114822 0.418469280004501 -3.4e+38 -3.4e+38 -3.4e+38 -3.4e+38 -3.4e+38 -3.4e+38 -3.4e+38 -3.4e+38 -3.4e+38 -3.4e+38
0.52249151468277 0.528597831726074 0.535581052303314 0.530436098575592 0.508111476898193 0.482320785522461 0.454510480165482 0.429169237613678 0.408103883266449 0.389616101980209 0.398117423057556 0.40373170375824 0.398029983043671 0.391841888427734 0.378105044364929 0.39521911740303 0.434393256902695 0.452720373868942 0.464607506990433 0.46236988902092 0.45586758852005 0.478042453527451 0.514033734798431 0.519940257072449 0.506490468978882 0.490524023771286 0.507616579532623 0.536626875400543 0.536564826965332 0.50383585691452 0.462259382009506 0.445218533277512 0.422747403383255 0.416013807058334 0.423250883817673 -3.4e+38 -3.4e+38 -3.4e+38 -3.4e+38 -3.4e+38 -3.4e+38 -3.4e+38 -3.4e+38 -3.4e+38 -3.4e+38
0.545179843902588 0.541851222515106 0.54149329662323 0.537432968616486 0.528422594070435 0.517979979515076 0.504892587661743 0.458450257778168 0.42079085111618 0.403872966766357 0.396727174520493 0.383917808532715 0.372322201728821 0.369496613740921 0.360460311174393 0.371956348419189 0.407482415437698 0.4345583319664 0.453471094369888 0.463555902242661 0.47398316860199 0.502625167369843 0.53119033575058 0.534593641757965 0.515092015266418 0.496691793203354 0.507408261299133 0.527410745620728 0.522976458072662 0.507784008979797 0.475935846567154 0.454052686691284 0.439561277627945 0.43538311123848 0.440688937902451 0.439986288547516 -3.4e+38 -3.4e+38 -3.4e+38 -3.4e+38 -3.4e+38 -3.4e+38 -3.4e+38 -3.4e+38 -3.4e+38
