data/trimmed_ndre/J_ndre.84.2012_no_clouds.asc
NCOLS 141 
NROWS 118 
XLLCORNER 516845 
YLLCORNER 5169015 
CELLSIZE 5 
NODATA_value -3.4e+38 
[rows 0 to 19 of 118, columns 45 to 89 of 141]
-3.4e+38 -3.4e+38 -3.4e+38 -3.4e+38 -3.4e+38 -3.4e+38 -3.4e+38 -3.4e+38 -3.4e+38 -3.4e+38 -3.4e+38 -3.4e+38 -3.4e+38 -3.4e+38 -3.4e+38 -3.4e+38 -3.4e+38 -3.4e+38 -3.4e+38 -3.4e+38 -3.4e+38 -3.4e+38 -3.4e+38 -3.4e+38 -3.4e+38 -3.4e+38 -3.4e+38 -3.4e+38 -3.4e+38 -3.4e+38 -3.4e+38 -3.4e+38 -3.4e+38 -3.4e+38 -3.4e+38 -3.4e+38 -3.4e+38 0.466771095991135 0.481706976890564 0.486789464950562 0.494355380535126 0.509070634841919 0.523630619049072 0.524222731590271 0.511596441268921
-3.4e+38 -3.4e+38 -3.4e+38 -3.4e+38 -3.4e+38 -3.4e+38 -3.4e+38 -3.4e+38 -3.4e+38 -3.4e+38 -3.4e+38 -3.4e+38 -3.4e+38 -3.4e+38 -3.4e+38 -3.4e+38 -3.4e+38 -3.4e+38 -3.4e+38 -3.4e+38 -3.4e+38 -3.4e+38 -3.4e+38 -3.4e+38 -3.4e+38 -3.4e+38 -3.4e+38 -3.4e+38 0.429782658815384 0.419287502765656 0.423616051673889 0.431019842624664 0.433833420276642 0.443935245275497 0.459735006093979 0.466160595417023 0.456907272338867 0.458679467439651 0.478463023900986 0.48111292719841 0.497764229774475 0.517138063907623 0.526463687419891 0.523627400398254 0.517214238643646
-3.4e+38 -3.4e+38 -3.4e+38 -3.4e+38 -3.4e+38 -3.4e+38 -3.4e+38 -3.4e+38 -3.4e+38 -3.4e+38 -3.4e+38 -3.4e+38 -3.4e+38 -3.4e+38 -3.4e+38 -3.4e+38 -3.4e+38 -3.4e+38 -3.4e+38 -3.4e+38 0.432314425706863 0.416339069604874 0.402048200368881 0.416681796312332 0.437483936548233 0.469230830669403 0.454282343387604 0.434865325689316 0.435986906290054 0.424306571483612 0.422422021627426 0.429985553026199 0.438453495502472 0.450883865356445 0.455371707677841 0.455630838871002 0.453612148761749 0.45661324262619 0.457437813282013 0.457266211509705 0.489435702562332 0.526149094104767 0.537774503231049 0.527615249156952 0.516562223434448
-3.4e+38 -3.4e+38 -3.4e+38 -3.4e+38 -3.4e+38 -3.4e+38 -3.4e+38 -3.4e+38 -3.4e+38 -3.4e+38 -3.4e+38 -3.4e+38 -3.4e+38 -3.4e+38 -3.4e+38 -3.4e+38 0.410027414560318 0.419947415590286 0.410972326993942 0.416482716798782 0.437241047620773 0.435379296541214 0.430699169635773 0.428710132837296 0.436103343963623 0.457468181848526 0.435494989156723 0.425508230924606 0.440497726202011 0.436698377132416 0.429612815380096 0.427349179983139 0.435078352689743 0.445904463529587 0.4485804438591 0.445044308900833 0.440479010343552 0.437434822320938 0.440000981092453 0.441598147153854 0.460735082626343 0.487181901931763 0.507586479187012 0.506974637508392 0.497067660093307
-3.4e+38 -3.4e+38 -3.4e+38 -3.4e+38 -3.4e+38 -3.4e+38 -3.4e+38 -3.4e+38 -3.4e+38 -3.4e+38 -3.4e+38 -3.4e+38 -3.4e+38 -3.4e+38 -3.4e+38 0.377280294895172 0.404945284128189 0.427236378192902 0.42425736784935 0.42579659819603 0.440645694732666 0.449472308158875 0.459248572587967 0.453505337238312 0.440780431032181 0.437694549560547 0.428205221891403 0.425416767597198 0.438578575849533 0.441961348056793 0.433897286653519 0.423495352268219 0.431295782327652 0.445026189088821 0.445079565048218 0.431668639183044 0.424835652112961 0.426798790693283 0.432814240455627 0.437165498733521 0.439422190189362 0.449348866939545 0.475695908069611 0.481778740882874 0.473402202129364
-3.4e+38 -3.4e+38 -3.4e+38 -3.4e+38 -3.4e+38 -3.4e+38 -3.4e+38 -3.4e+38 -3.4e+38 -3.4e+38 -3.4e+38 -3.4e+38 -3.4e+38 -3.4e+38 0.395872473716736 0.404522657394409 0.417319625616074 0.434688478708267 0.440804541110992 0.447182804346085 0.437304437160492 0.43365952372551 0.451497584581375 0.460485845804214 0.453679621219635 0.445014238357544 0.443684369325638 0.431435078382492 0.428385019302368 0.434070259332657 0.435283005237579 0.430386990308762 0.436018824577332 0.447463572025299 0.447394967079163 0.430838584899902 0.432938009500504 0.447398453950882 0.445989102125168 0.449185162782669 0.441596567630768 0.448627173900604 0.480576127767563 0.483106732368469 0.47028461098671
-3.4e+38 -3.4e+38 -3.4e+38 -3.4e+38 -3.4e+38 -3.4e+38 -3.4e+38 -3.4e+38 -3.4e+38 -3.4e+38 -3.4e+38 -3.4e+38 0.421260893344879 0.415809631347656 0.406119495630264 0.409559309482574 0.421734154224396 0.427059054374695 0.433997094631195 0.454440504312515 0.449951589107513 0.443783491849899 0.451334327459335 0.45450097322464 0.462535470724106 0.462619662284851 0.454551309347153 0.433798342943192 0.423719227313995 0.431226372718811 0.441636353731155 0.443476855754852 0.444976478815079 0.449883282184601 0.453813701868057 0.444247901439667 0.450364172458649 0.454974383115768 0.447409808635712 0.459047645330429 0.44592496752739 0.450532078742981 0.475099712610245 0.478314369916916 0.465232789516449
-3.4e+38 -3.4e+38 -3.4e+38 -3.4e+38 -3.4e+38 -3.4e+38 -3.4e+38 -3.4e+38 -3.4e+38 -3.4e+38 -3.4e+38 0.43548658490181 0.437107920646667 0.429701834917068 0.413725972175598 0.411363214254379 0.423315107822418 0.436971366405487 0.432188868522644 0.447703003883362 0.462325900793076 0.468675255775452 0.465015530586243 0.448509097099304 0.437488257884979 0.443206667900085 0.45025897026062 0.44109371304512 0.435163259506226 0.441072225570679 0.449784576892853 0.452662885189056 0.449865907430649 0.449356496334076 0.456748247146606 0.456441879272461 0.457684636116028 0.445605337619781 0.447094082832336 0.464186787605286 0.445449560880661 0.440274953842163 0.453823298215866 0.459055989980698 0.454426914453506
-3.4e+38 -3.4e+38 -3.4e+38 -3.4e+38 -3.4e+38 -3.4e+38 -3.4e+38 -3.4e+38 -3.4e+38 0.460686862468719 0.454075872898102 0.444346934556961 0.436217725276947 0.424685269594193 0.417599439620972 0.415724873542786 0.42262601852417 0.43188202381134 0.429247856140137 0.438094913959503 0.454673022031784 0.453746855258942 0.450033694505692 0.448967456817627 0.438055098056793 0.427435278892517 0.441889494657516 0.450690627098083 0.452039361000061 0.453468382358551 0.449974775314331 0.450048387050629 0.448435217142105 0.447450160980225 0.45632740855217 0.465245425701141 0.45920142531395 0.432175666093826 0.446703761816025 0.467497587203979 0.449370443820953 0.436305165290833 0.442109197378159 0.45499324798584 0.450603783130646
-3.4e+38 -3.4e+38 -3.4e+38 -3.4e+38 -3.4e+38 -3.4e+38 -3.4e+38 -3.4e+38 0.468684256076813 0.465316027402878 0.454435229301453 0.447174191474915 0.436825424432755 0.429654628038406 0.437424629926682 0.429984778165817 0.421983510255814 0.426651656627655 0.431140244007111 0.442478507757187 0.452179610729218 0.444209665060043 0.432927668094635 0.453063815832138 0.454867839813232 0.430904448032379 0.432093173265457 0.442809849977493 0.455343186855316 0.455305397510529 0.450223505496979 0.445065766572952 0.449143320322037 0.452481180429459 0.46072781085968 0.464811444282532 0.463065803050995 0.440463066101074 0.450920760631561 0.45898163318634 0.438710331916809 0.43205800652504 0.442593634128571 0.458520859479904 0.45473650097847
-3.4e+38 -3.4e+38 -3.4e+38 -3.4e+38 -3.4e+38 -3.4e+38 0.469785362482071 0.465864270925522 0.463050037622452 0.463754206895828 0.458885878324509 0.45944732427597 0.452619165182114 0.451624274253845 0.452458709478378 0.435547828674316 0.42716771364212 0.431988745927811 0.441474109888077 0.464126795530319 0.47444286942482 0.452806800603867 0.438051104545593 0.452639281749725 0.454924881458282 0.448256373405457 0.449070066213608 0.458580881357193 0.461452573537827 0.4599868953228 0.465248167514801 0.458324730396271 0.464775264263153 0.460968732833862 0.45479741692543 0.454328387975693 0.457473158836365 0.452581197023392 0.46196436882019 0.454706996679306 0.437119007110596 0.434487193822861 0.443192601203918 0.455631256103516 0.453860133886337
-3.4e+38 -3.4e+38 -3.4e+38 -3.4e+38 -3.4e+38 0.474911659955978 0.465027451515198 0.458239257335663 0.457862138748169 0.463972747325897 0.469264000654221 0.47352147102356 0.469494938850403 0.461565375328064 0.450285285711288 0.443117916584015 0.443226486444473 0.436562955379486 0.446661710739136 0.471515685319901 0.483399629592896 0.462805896997452 0.454589486122131 0.466422289609909 0.466133564710617 0.467759311199188 0.473927199840546 0.484157413244247 0.476646512746811 0.469907104969025 0.472686171531677 0.467996656894684 0.480659693479538 0.466087728738785 0.446838170289993 0.45527571439743 0.457801431417465 0.46436133980751 0.477410137653351 0.467781215906143 0.465705126523972 0.469347268342972 0.471319884061813 0.465418815612793 0.468789964914322
-3.4e+38 -3.4e+38 -3.4e+38 0.458695501089096 0.46842822432518 0.466617584228516 0.457822918891907 0.451359272003174 0.454632788896561 0.460197418928146 0.469815939664841 0.473525851964951 0.467107176780701 0.456003129482269 0.44688081741333 0.456019639968872 0.45888340473175 0.442715436220169 0.441229224205017 0.456568330526352 0.465115129947662 0.456478893756866 0.459592580795288 0.474642723798752 0.474430114030838 0.470030128955841 0.474387258291245 0.485025763511658 0.47640660405159 0.469653844833374 0.462769478559494 0.460760414600372 0.47854346036911 0.472901940345764 0.460954278707504 0.466068357229233 0.471840351819992 0.478201389312744 0.479039311408997 0.466295689344406 0.477598816156387 0.489687830209732 0.480411410331726 0.462291657924652 0.467856496572495
-3.4e+38 -3.4e+38 0.431183099746704 0.445260405540466 0.458749234676361 0.458000898361206 0.452401250600815 0.446519613265991 0.446277469396591 0.44806981086731 0.457469284534454 0.458552956581116 0.451470226049423 0.450225293636322 0.447856724262238 0.453555256128311 0.452123880386353 0.44045951962471 0.441692382097244 0.446354597806931 0.448600053787231 0.444608628749847 0.459150046110153 0.475251346826553 0.467262417078018 0.456546097993851 0.46196049451828 0.46612873673439 0.459493011236191 0.461250990629196 0.455135822296143 0.457019478082657 0.467683792114258 0.462676167488098 0.461338251829147 0.469029486179352 0.478956162929535 0.477068573236465 0.467244923114777 0.457046717405319 0.471092075109482 0.474820375442505 0.46472242474556 0.458073079586029 0.473311901092529
-3.4e+38 0.448614805936813 0.430813133716583 0.434978067874908 0.442682832479477 0.445086628198624 0.442856311798096 0.437377870082855 0.434928447008133 0.433346509933472 0.437802284955978 0.431224197149277 0.429985851049423 0.442505449056625 0.435468167066574 0.430450141429901 0.430901557207108 0.436001896858215 0.449644088745117 0.458374977111816 0.45657604932785 0.444760382175446 0.453536421060562 0.458477258682251 0.448552846908569 0.444750040769577 0.450120061635971 0.446933746337891 0.444885522127151 0.45522141456604 0.454054147005081 0.458612382411957 0.461270451545715 0.451323270797729 0.455282151699066 0.468738734722137 0.479085564613342 0.466077387332916 0.457475751638412 0.458876848220825 0.464094221591949 0.455243855714798 0.451838046312332 0.460366278886795 0.47267559170723
0.408029973506927 0.438857913017273 0.458746761083603 0.452933132648468 0.435417175292969 0.426863670349121 0.427950590848923 0.43004959821701 0.43414044380188 0.433633267879486 0.43154188990593 0.418758988380432 0.416512608528137 0.437212496995926 0.430667221546173 0.41975873708725 0.422081738710403 0.430634677410126 0.453221708536148 0.469691812992096 0.462421149015427 0.442160665988922 0.440067887306213 0.436564296483994 0.431324452161789 0.439146101474762 0.450704574584961 0.444970637559891 0.442578703165054 0.452250123023987 0.452858567237854 0.460908800363541 0.453531056642532 0.440090268850327 0.445838332176208 0.463919430971146 0.473714858293533 0.461344003677368 0.462279766798019 0.467391133308411 0.460563331842422 0.443889856338501 0.4520243704319 0.466670334339142 0.470913261175156
0.425956249237061 0.440377324819565 0.465144693851471 0.45898100733757 0.441070377826691 0.424903839826584 0.422016590833664 0.430816531181335 0.436842322349548 0.440995901823044 0.439988315105438 0.42589008808136 0.412104159593582 0.420318424701691 0.434555649757385 0.438206613063812 0.437561810016632 0.438173353672028 0.454560130834579 0.46104907989502 0.449812114238739 0.440809071063995 0.433883428573608 0.425673961639404 0.42310956120491 0.439593434333801 0.455117046833038 0.44631364941597 0.442815572023392 0.443000048398972 0.437890350818634 0.443096697330475 0.441080182790756 0.430921912193298 0.436589688062668 0.447594225406647 0.457476198673248 0.46098992228508 0.464527517557144 0.463993638753891 0.45381024479866 0.441603869199753 0.455640763044357 0.466614365577698 0.46080818772316
0.437346428632736 0.433665722608566 0.435467064380646 0.437666565179825 0.433311998844147 0.42992115020752 0.430680960416794 0.435057789087296 0.434900909662247 0.435321420431137 0.426722168922424 0.422303080558777 0.425563454627991 0.42430791258812 0.431393444538116 0.438436657190323 0.438104540109634 0.438022583723068 0.436012595891953 0.446040064096451 0.449637889862061 0.467749655246735 0.461392492055893 0.435811877250671 0.429658800363541 0.439908653497696 0.447147965431213 0.437600642442703 0.437178730964661 0.430241793394089 0.418823778629303 0.425542235374451 0.432022958993912 0.426183581352234 0.431712090969086 0.439208805561066 0.450607478618622 0.459443837404251 0.454464048147202 0.450346052646637 0.448883771896362 0.442622572183609 0.445858716964722 0.453055620193481 0.447087585926056
0.428733080625534 0.429114669561386 0.427323907613754 0.430202931165695 0.433330327272415 0.435703158378601 0.43914794921875 0.442249655723572 0.438308328390121 0.43859338760376 0.425497025251389 0.429138123989105 0.447762697935104 0.439101070165634 0.431444525718689 0.419494718313217 0.419420480728149 0.424419403076172 0.427324324846268 0.446697801351547 0.467613816261292 0.485842317342758 0.472757458686829 0.436797678470612 0.431342571973801 0.435301601886749 0.429669857025146 0.422071307897568 0.431864857673645 0.427312791347504 0.418569356203079 0.426020473241806 0.434230029582977 0.433637082576752 0.430931836366653 0.434929966926575 0.443448692560196 0.452989101409912 0.443745791912079 0.433345258235931 0.439777195453644 0.425215870141983 0.419607549905777 0.430374056100845 0.441845059394836
0.423239439725876 0.440966904163361 0.436734050512314 0.429318249225616 0.426895558834076 0.430451512336731 0.432670682668686 0.436441481113434 0.435476094484329 0.435662388801575 0.429849535226822 0.430757313966751 0.425485342741013 0.421706438064575 0.42586675286293 0.420458406209946 0.42175480723381 0.431087166070938 0.441627413034439 0.453639537096024 0.455826222896576 0.450597256422043 0.446447372436523 0.426350980997086 0.426539480686188 0.430418521165848 0.418126225471497 0.414204478263855 0.428370505571365 0.431762456893921 0.430532068014145 0.427916675806046 0.426125854253769 0.429359763860703 0.426545441150665 0.423341035842896 0.421630412340164 0.421596437692642 0.401295959949493 0.377571940422058 0.386627912521362 0.374415814876556 0.382452309131622 0.403984069824219 0.40948349237442
