data/trimmed_ndre/J_ndre.711.2014_no_clouds.asc
NCOLS 141 
NROWS 118 
XLLCORNER 516845 
YLLCORNER 5169015 
CELLSIZE 5 
NODATA_value -3.4e+38 
[rows 0 to 19 of 118, columns 45 to 89 of 141]
-3.4e+38 -3.4e+38 -3.4e+38 -3.4e+38 -3.4e+38 -3.4e+38 -3.4e+38 -3.4e+38 -3.4e+38 -3.4e+38 -3.4e+38 -3.4e+38 -3.4e+38 -3.4e+38 -3.4e+38 -3.4e+38 -3.4e+38 -3.4e+38 -3.4e+38 -3.4e+38 -3.4e+38 -3.4e+38 -3.4e+38 -3.4e+38 -3.4e+38 -3.4e+38 -3.4e+38 -3.4e+38 -3.4e+38 -3.4e+38 -3.4e+38 -3.4e+38 -3.4e+38 -3.4e+38 -3.4e+38 -3.4e+38 -3.4e+38 0.34885436296463 0.349956929683685 0.35412135720253 0.358407139778137 0.368869304656982 0.384601712226868 0.393936187028885 0.381561309099197
-3.4e+38 -3.4e+38 -3.4e+38 -3.4e+38 -3.4e+38 -3.4e+38 -3.4e+38 -3.4e+38 -3.4e+38 -3.4e+38 -3.4e+38 -3.4e+38 -3.4e+38 -3.4e+38 -3.4e+38 -3.4e+38 -3.4e+38 -3.4e+38 -3.4e+38 -3.4e+38 -3.4e+38 -3.4e+38 -3.4e+38 -3.4e+38 -3.4e+38 -3.4e+38 -3.4e+38 -3.4e+38 0.332152813673019 0.345277339220047 0.332656860351562 0.328474432229996 0.33452445268631 0.337532609701157 0.34671750664711 0.351953417062759 0.345209658145905 0.345225363969803 0.350561678409576 0.360403835773468 0.364464968442917 0.367880940437317 0.379087388515472 0.392908573150635 0.390302956104279
-3.4e+38 -3.4e+38 -3.4e+38 -3.4e+38 -3.4e+38 -3.4e+38 -3.4e+38 -3.4e+38 -3.4e+38 -3.4e+38 -3.4e+38 -3.4e+38 -3.4e+38 -3.4e+38 -3.4e+38 -3.4e+38 -3.4e+38 -3.4e+38 -3.4e+38 -3.4e+38 0.314734071493149 0.32664567232132 0.332798540592194 0.323276191949844 0.333680838346481 0.334178447723389 0.331496357917786 0.329169183969498 0.321828633546829 0.33387216925621 0.329116851091385 0.344253718852997 0.351818650960922 0.333015620708466 0.332950055599213 0.337790727615356 0.326666414737701 0.338212698698044 0.349262028932571 0.353263109922409 0.355806112289429 0.358111500740051 0.360364615917206 0.366868317127228 0.373301386833191
-3.4e+38 -3.4e+38 -3.4e+38 -3.4e+38 -3.4e+38 -3.4e+38 -3.4e+38 -3.4e+38 -3.4e+38 -3.4e+38 -3.4e+38 -3.4e+38 -3.4e+38 -3.4e+38 -3.4e+38 -3.4e+38 0.326615214347839 0.336664319038391 0.329294055700302 0.3279669880867 0.317724078893661 0.314909219741821 0.31424605846405 0.308501809835434 0.327064454555511 0.332747340202332 0.329159617424011 0.329367518424988 0.313139885663986 0.320608109235764 0.335828274488449 0.336783826351166 0.337098121643066 0.323349893093109 0.314709782600403 0.322929352521896 0.32937079668045 0.326916724443436 0.327134400606155 0.328041940927505 0.334200859069824 0.341855257749557 0.346558511257172 0.341018855571747 0.34608593583107
-3.4e+38 -3.4e+38 -3.4e+38 -3.4e+38 -3.4e+38 -3.4e+38 -3.4e+38 -3.4e+38 -3.4e+38 -3.4e+38 -3.4e+38 -3.4e+38 -3.4e+38 -3.4e+38 -3.4e+38 0.292838096618652 0.318074882030487 0.332885801792145 0.344830811023712 0.34569463133812 0.331344068050385 0.329295367002487 0.328589141368866 0.314570397138596 0.311743795871735 0.326637357473373 0.331728249788284 0.32972127199173 0.333109438419342 0.333407282829285 0.329758584499359 0.318418890237808 0.318009853363037 0.324962198734283 0.324583381414413 0.317092657089233 0.317027032375336 0.308072656393051 0.305700719356537 0.309232324361801 0.312942385673523 0.316758185625076 0.325169324874878 0.325207144021988 0.326691716909409
-3.4e+38 -3.4e+38 -3.4e+38 -3.4e+38 -3.4e+38 -3.4e+38 -3.4e+38 -3.4e+38 -3.4e+38 -3.4e+38 -3.4e+38 -3.4e+38 -3.4e+38 -3.4e+38 0.292494028806686 0.29850959777832 0.316045552492142 0.329453498125076 0.348358362913132 0.347062468528748 0.333286881446838 0.333370506763458 0.332251697778702 0.317967295646667 0.313139408826828 0.326621979475021 0.328926861286163 0.337306916713715 0.354043036699295 0.331367075443268 0.322246015071869 0.325712352991104 0.306674778461456 0.318222492933273 0.318213075399399 0.298596680164337 0.304765641689301 0.310142457485199 0.310687899589539 0.313664942979813 0.313460767269135 0.31818288564682 0.328343033790588 0.331541389226913 0.329489916563034
-3.4e+38 -3.4e+38 -3.4e+38 -3.4e+38 -3.4e+38 -3.4e+38 -3.4e+38 -3.4e+38 -3.4e+38 -3.4e+38 -3.4e+38 -3.4e+38 0.291893571615219 0.305010974407196 0.297519862651825 0.303122848272324 0.314056694507599 0.327151268720627 0.351184606552124 0.35344323515892 0.344013929367065 0.337849676609039 0.33244863152504 0.328859865665436 0.327508300542831 0.327164530754089 0.334898233413696 0.335392415523529 0.334204524755478 0.318791568279266 0.327304124832153 0.328373283147812 0.298249334096909 0.309572637081146 0.305914223194122 0.29681870341301 0.311830848455429 0.318601489067078 0.323086887598038 0.326045304536819 0.32488614320755 0.33340185880661 0.339602112770081 0.336778879165649 0.333954662084579
-3.4e+38 -3.4e+38 -3.4e+38 -3.4e+38 -3.4e+38 -3.4e+38 -3.4e+38 -3.4e+38 -3.4e+38 -3.4e+38 -3.4e+38 0.305518478155136 0.312127679586411 0.322027832269669 0.315165609121323 0.316719681024551 0.312618970870972 0.322408765554428 0.343694418668747 0.348663568496704 0.345494389533997 0.333556532859802 0.332697719335556 0.332988977432251 0.326207160949707 0.326959908008575 0.330833822488785 0.313690960407257 0.311317980289459 0.320525676012039 0.318526923656464 0.319459408521652 0.303791612386703 0.307228028774261 0.31131699681282 0.317438632249832 0.328152477741241 0.33625054359436 0.343296110630035 0.344281107187271 0.339919298887253 0.343211889266968 0.346278846263885 0.342394858598709 0.345435708761215
-3.4e+38 -3.4e+38 -3.4e+38 -3.4e+38 -3.4e+38 -3.4e+38 -3.4e+38 -3.4e+38 -3.4e+38 0.338733822107315 0.330932021141052 0.326914757490158 0.326314091682434 0.328931868076324 0.335441827774048 0.335806608200073 0.3251893222332 0.33449450135231 0.345262855291367 0.344908952713013 0.340561419725418 0.323296368122101 0.317832201719284 0.318926304578781 0.321000754833221 0.321149319410324 0.315121203660965 0.318176448345184 0.324886530637741 0.325096815824509 0.317108184099197 0.325252890586853 0.324478566646576 0.321520566940308 0.32849907875061 0.337793588638306 0.349515736103058 0.357662051916122 0.361091285943985 0.360693067312241 0.361520648002625 0.363887667655945 0.365893721580505 0.365133613348007 0.360285371541977
-3.4e+38 -3.4e+38 -3.4e+38 -3.4e+38 -3.4e+38 -3.4e+38 -3.4e+38 -3.4e+38 0.33610999584198 0.345018267631531 0.33901908993721 0.335457921028137 0.332209408283234 0.329235672950745 0.336759060621262 0.337710022926331 0.33506166934967 0.343833595514297 0.351457804441452 0.351780354976654 0.346773415803909 0.335476338863373 0.31450891494751 0.30810484290123 0.321023970842361 0.321455121040344 0.321498066186905 0.342772990465164 0.336611956357956 0.342594742774963 0.344407945871353 0.340530067682266 0.345807522535324 0.346819818019867 0.348856508731842 0.354879021644592 0.366003692150116 0.372925758361816 0.371943861246109 0.365197986364365 0.366331338882446 0.372674852609634 0.374977082014084 0.377467602491379 0.36765730381012
-3.4e+38 -3.4e+38 -3.4e+38 -3.4e+38 -3.4e+38 -3.4e+38 0.319963783025742 0.334100037813187 0.343302607536316 0.34653115272522 0.340293675661087 0.337131798267365 0.342564404010773 0.33226490020752 0.331784129142761 0.33702141046524 0.341800332069397 0.344730526208878 0.352556020021439 0.351368069648743 0.337651193141937 0.321740657091141 0.309952050447464 0.315371125936508 0.330186486244202 0.347120225429535 0.345280736684799 0.348139226436615 0.34928485751152 0.366399526596069 0.371620357036591 0.354081451892853 0.36613193154335 0.368476212024689 0.361438751220703 0.363707929849625 0.374124139547348 0.381749719381332 0.380756109952927 0.373575299978256 0.37215518951416 0.374371409416199 0.370307922363281 0.368360668420792 0.366400867700577
-3.4e+38 -3.4e+38 -3.4e+38 -3.4e+38 -3.4e+38 0.321743100881577 0.323750108480453 0.330190032720566 0.33761864900589 0.344764918088913 0.3504758477211 0.33569398522377 0.333148866891861 0.331193894147873 0.33752366900444 0.341202944517136 0.340965211391449 0.345823228359222 0.354633301496506 0.346538126468658 0.318927794694901 0.302873224020004 0.317303001880646 0.339232921600342 0.347330570220947 0.356961458921432 0.367292851209641 0.364494740962982 0.369374185800552 0.372319877147675 0.381198018789291 0.379312008619308 0.382309019565582 0.375664412975311 0.366675585508347 0.370251566171646 0.379042208194733 0.387126624584198 0.385787159204483 0.378871619701385 0.38043749332428 0.380404263734818 0.374546974897385 0.373491138219833 0.378833085298538
-3.4e+38 -3.4e+38 -3.4e+38 0.322695881128311 0.32344925403595 0.332420438528061 0.339552491903305 0.337401777505875 0.331971555948257 0.347264409065247 0.366519898176193 0.352446854114532 0.349640071392059 0.355556607246399 0.353712677955627 0.344327449798584 0.331621527671814 0.327099025249481 0.333324372768402 0.329470157623291 0.3175188601017 0.314841777086258 0.328039914369583 0.364120662212372 0.381000220775604 0.373051732778549 0.388025641441345 0.385495781898499 0.37851020693779 0.383854866027832 0.380835384130478 0.382011651992798 0.379052430391312 0.375783979892731 0.370697110891342 0.374026268720627 0.383289068937302 0.384465783834457 0.379887998104095 0.377949625253677 0.382011145353317 0.382031887769699 0.379110872745514 0.381967961788177 0.385291486978531
-3.4e+38 -3.4e+38 0.309896230697632 0.313782662153244 0.321201533079147 0.333658844232559 0.344619482755661 0.341420561075211 0.331690639257431 0.34346404671669 0.358815580606461 0.347810059785843 0.353329360485077 0.36344051361084 0.360146880149841 0.343928396701813 0.326992869377136 0.318981975317001 0.323114842176437 0.326658576726913 0.333266019821167 0.341001182794571 0.353914707899094 0.376469314098358 0.388185858726501 0.381007343530655 0.372384190559387 0.357707142829895 0.373006999492645 0.394294649362564 0.377519637346268 0.371620178222656 0.375621736049652 0.374868929386139 0.387293249368668 0.383875966072083 0.378323078155518 0.374542266130447 0.372059047222137 0.378250986337662 0.383210241794586 0.380366563796997 0.379387080669403 0.380856990814209 0.376926869153976
-3.4e+38 0.300161719322205 0.30288165807724 0.308912605047226 0.319507926702499 0.325741738080978 0.335845023393631 0.338694095611572 0.33509561419487 0.340747028589249 0.349620223045349 0.340356171131134 0.32950958609581 0.33232906460762 0.333647966384888 0.332336992025375 0.32961294054985 0.333224773406982 0.338816553354263 0.348439961671829 0.366233587265015 0.369358956813812 0.367814481258392 0.367983877658844 0.365648031234741 0.375590264797211 0.379669696092606 0.366613000631332 0.376244485378265 0.387572735548019 0.375239908695221 0.366036802530289 0.359940409660339 0.368007272481918 0.386534243822098 0.379257827997208 0.367822378873825 0.365891426801682 0.365052282810211 0.370066851377487 0.376334488391876 0.377329379320145 0.373493731021881 0.376871079206467 0.373529821634293
0.28740268945694 0.290288984775543 0.305465787649155 0.317944318056107 0.320535212755203 0.325857311487198 0.337542563676834 0.341811299324036 0.333595663309097 0.328158110380173 0.341824650764465 0.346632152795792 0.332007974386215 0.325424313545227 0.320383012294769 0.321990311145782 0.3303562104702 0.338001102209091 0.341716140508652 0.348384916782379 0.367033332586288 0.37666130065918 0.373256504535675 0.372018247842789 0.364361882209778 0.366494119167328 0.370592594146729 0.367657244205475 0.368406504392624 0.354770958423615 0.348958373069763 0.354105621576309 0.350284516811371 0.353087782859802 0.363315343856812 0.366397470235825 0.375622123479843 0.373700052499771 0.36396199464798 0.355972796678543 0.363808006048203 0.373037368059158 0.368895709514618 0.373801589012146 0.374924957752228
0.292999863624573 0.286944955587387 0.310298502445221 0.324864834547043 0.321372836828232 0.317184865474701 0.335432440042496 0.339458644390106 0.322251200675964 0.308945596218109 0.314961493015289 0.324278593063354 0.32549387216568 0.332850784063339 0.328176379203796 0.323728919029236 0.334701299667358 0.342630714178085 0.347027689218521 0.35001814365387 0.362015634775162 0.385180234909058 0.384008675813675 0.372651785612106 0.356574863195419 0.342862993478775 0.333550572395325 0.341068774461746 0.360178530216217 0.349918037652969 0.333209574222565 0.338929146528244 0.34313976764679 0.341740190982819 0.341867744922638 0.345190495252609 0.362754285335541 0.371188133955002 0.359082221984863 0.343884229660034 0.347536414861679 0.357398688793182 0.362113922834396 0.37285503745079 0.376474171876907
0.293143719434738 0.293732672929764 0.301066756248474 0.308267176151276 0.323410719633102 0.323096930980682 0.327175378799438 0.324195832014084 0.310947209596634 0.307099133729935 0.303775548934937 0.312943518161774 0.330407172441483 0.337385475635529 0.328221797943115 0.31883716583252 0.323952972888947 0.337969601154327 0.350911229848862 0.365648567676544 0.379190504550934 0.389199614524841 0.371656119823456 0.353272497653961 0.339534372091293 0.326960891485214 0.311025261878967 0.317164599895477 0.343317449092865 0.343005865812302 0.333232641220093 0.32578918337822 0.32816156744957 0.328441083431244 0.318533480167389 0.319836050271988 0.338111221790314 0.351811498403549 0.348307013511658 0.335263639688492 0.332770675420761 0.33910670876503 0.353033304214478 0.366979777812958 0.368559181690216
0.293062001466751 0.305995106697083 0.304127424955368 0.312746196985245 0.331326872110367 0.323900133371353 0.312841325998306 0.311411261558533 0.307892382144928 0.305839657783508 0.304914474487305 0.319810390472412 0.332783460617065 0.333594650030136 0.326109856367111 0.325358659029007 0.332825273275375 0.340137183666229 0.34932017326355 0.368440449237823 0.36579242348671 0.360478907823563 0.356727331876755 0.346479028463364 0.336740374565125 0.335426151752472 0.32367867231369 0.310618102550507 0.320671141147614 0.328438550233841 0.338589072227478 0.321058481931686 0.308606743812561 0.315647780895233 0.315105110406876 0.316203385591507 0.326701939105988 0.33551561832428 0.337749838829041 0.330047428607941 0.323715031147003 0.325105845928192 0.339576691389084 0.35474956035614 0.352912783622742
0.300502300262451 0.310416787862778 0.307043015956879 0.316125333309174 0.322976291179657 0.316808491945267 0.319101601839066 0.315750122070312 0.315399438142776 0.318091750144958 0.32177346944809 0.324652880430222 0.321139574050903 0.320991307497025 0.324659764766693 0.331600069999695 0.343971163034439 0.349999070167542 0.349889427423477 0.35761570930481 0.353661149740219 0.349113017320633 0.361558258533478 0.359374493360519 0.336377918720245 0.327433347702026 0.329679757356644 0.321837186813354 0.313438951969147 0.314695507287979 0.328926026821136 0.313987791538239 0.303368151187897 0.321421891450882 0.327694952487946 0.328311771154404 0.327942371368408 0.323700398206711 0.322742611169815 0.323565751314163 0.319712728261948 0.319652318954468 0.330829322338104 0.339926689863205 0.332123279571533
