data/trimmed_ndre/J_ndre.618.2015.asc
NCOLS 141 
NROWS 118 
XLLCORNER 516845 
YLLCORNER 5169015 
CELLSIZE 5 
NODATA_value -3.4e+38 
[rows 0 to 19 of 118, columns 45 to 89 of 141]
-3.4e+38 -3.4e+38 -3.4e+38 -3.4e+38 -3.4e+38 -3.4e+38 -3.4e+38 -3.4e+38 -3.4e+38 -3.4e+38 -3.4e+38 -3.4e+38 -3.4e+38 -3.4e+38 -3.4e+38 -3.4e+38 -3.4e+38 -3.4e+38 -3.4e+38 -3.4e+38 -3.4e+38 -3.4e+38 -3.4e+38 -3.4e+38 -3.4e+38 -3.4e+38 -3.4e+38 -3.4e+38 -3.4e+38 -3.4e+38 -3.4e+38 -3.4e+38 -3.4e+38 -3.4e+38 -3.4e+38 -3.4e+38 -3.4e+38 0.630006551742554 0.636415600776672 0.641811788082123 0.646105706691742 0.652539193630219 0.65263706445694 0.650827288627625 0.646985113620758
-3.4e+38 -3.4e+38 -3.4e+38 -3.4e+38 -3.4e+38 -3.4e+38 -3.4e+38 -3.4e+38 -3.4e+38 -3.4e+38 -3.4e+38 -3.4e+38 -3.4e+38 -3.4e+38 -3.4e+38 -3.4e+38 -3.4e+38 -3.4e+38 -3.4e+38 -3.4e+38 -3.4e+38 -3.4e+38 -3.4e+38 -3.4e+38 -3.4e+38 -3.4e+38 -3.4e+38 -3.4e+38 0.58612459897995 0.592343330383301 0.606699526309967 0.602802813053131 0.598475456237793 0.602099537849426 0.604013979434967 0.615707635879517 0.626068532466888 0.630069851875305 0.633060336112976 0.634033203125 0.635354995727539 0.637358248233795 0.635523200035095 0.636304974555969 0.636206030845642
-3.4e+38 -3.4e+38 -3.4e+38 -3.4e+38 -3.4e+38 -3.4e+38 -3.4e+38 -3.4e+38 -3.4e+38 -3.4e+38 -3.4e+38 -3.4e+38 -3.4e+38 -3.4e+38 -3.4e+38 -3.4e+38 -3.4e+38 -3.4e+38 -3.4e+38 -3.4e+38 0.578400015830994 0.581200063228607 0.582252979278564 0.575365126132965 0.577795684337616 0.58353054523468 0.582434415817261 0.578229784965515 0.581866323947906 0.593402028083801 0.618306338787079 0.623693406581879 0.617438435554504 0.608166754245758 0.602865040302277 0.609181463718414 0.613103032112122 0.616962611675262 0.620848953723907 0.623627007007599 0.627430975437164 0.626227140426636 0.620642781257629 0.621211051940918 0.622695863246918
-3.4e+38 -3.4e+38 -3.4e+38 -3.4e+38 -3.4e+38 -3.4e+38 -3.4e+38 -3.4e+38 -3.4e+38 -3.4e+38 -3.4e+38 -3.4e+38 -3.4e+38 -3.4e+38 -3.4e+38 -3.4e+38 0.529045283794403 0.551268815994263 0.567884266376495 0.581840693950653 0.598126471042633 0.603025138378143 0.598309814929962 0.591348707675934 0.588771760463715 0.588541388511658 0.587005198001862 0.582809805870056 0.590178191661835 0.600200712680817 0.608720421791077 0.613584339618683 0.611344873905182 0.606169641017914 0.602201342582703 0.603318393230438 0.599654853343964 0.606839060783386 0.617964208126068 0.622275114059448 0.626215040683746 0.619505286216736 0.61198890209198 0.612714529037476 0.616627633571625
-3.4e+38 -3.4e+38 -3.4e+38 -3.4e+38 -3.4e+38 -3.4e+38 -3.4e+38 -3.4e+38 -3.4e+38 -3.4e+38 -3.4e+38 -3.4e+38 -3.4e+38 -3.4e+38 -3.4e+38 0.518577098846436 0.535609543323517 0.556332051753998 0.573049128055573 0.586656928062439 0.604161143302917 0.610287189483643 0.606679737567902 0.599007964134216 0.595341742038727 0.591370165348053 0.59066516160965 0.592831075191498 0.600562572479248 0.609861195087433 0.615483224391937 0.615227997303009 0.609984278678894 0.605767369270325 0.603049874305725 0.602346658706665 0.599295914173126 0.607284307479858 0.616384208202362 0.622874021530151 0.627023756504059 0.616841316223145 0.610810935497284 0.61154305934906 0.613759934902191
-3.4e+38 -3.4e+38 -3.4e+38 -3.4e+38 -3.4e+38 -3.4e+38 -3.4e+38 -3.4e+38 -3.4e+38 -3.4e+38 -3.4e+38 -3.4e+38 -3.4e+38 -3.4e+38 0.544070303440094 0.553299903869629 0.563415169715881 0.573649764060974 0.581324577331543 0.590313971042633 0.60156661272049 0.606451809406281 0.604040026664734 0.599055290222168 0.59531706571579 0.589288473129272 0.591205537319183 0.600383579730988 0.612105906009674 0.613027215003967 0.61465984582901 0.612991750240326 0.608009457588196 0.60691100358963 0.601927638053894 0.594111144542694 0.589285373687744 0.603359937667847 0.614061951637268 0.622206151485443 0.626173317432404 0.617615342140198 0.6143958568573 0.611990451812744 0.610334992408752
-3.4e+38 -3.4e+38 -3.4e+38 -3.4e+38 -3.4e+38 -3.4e+38 -3.4e+38 -3.4e+38 -3.4e+38 -3.4e+38 -3.4e+38 -3.4e+38 0.558875977993011 0.555094957351685 0.571093201637268 0.587223589420319 0.596681833267212 0.598904371261597 0.600949227809906 0.608448147773743 0.614268124103546 0.611625790596008 0.6035076379776 0.597509324550629 0.591079711914062 0.584434568881989 0.589577436447144 0.601557374000549 0.611735701560974 0.610588073730469 0.60860413312912 0.605147182941437 0.602258026599884 0.604348063468933 0.598069727420807 0.589530348777771 0.58756959438324 0.600554287433624 0.608800828456879 0.616633772850037 0.618173182010651 0.611959993839264 0.610786557197571 0.607747197151184 0.604027688503265
-3.4e+38 -3.4e+38 -3.4e+38 -3.4e+38 -3.4e+38 -3.4e+38 -3.4e+38 -3.4e+38 -3.4e+38 -3.4e+38 -3.4e+38 0.583757042884827 0.584300696849823 0.575462281703949 0.586383163928986 0.605429649353027 0.61556202173233 0.615904450416565 0.616534829139709 0.623215734958649 0.624207139015198 0.617137312889099 0.605057835578918 0.598883807659149 0.58891898393631 0.580683290958405 0.587370574474335 0.593018233776093 0.602672040462494 0.605709135532379 0.59986400604248 0.601759195327759 0.603845119476318 0.603861212730408 0.596710443496704 0.589263021945953 0.592023968696594 0.598199546337128 0.5973060131073 0.603768348693848 0.605597317218781 0.603124678134918 0.601997971534729 0.600961029529572 0.595868051052094
-3.4e+38 -3.4e+38 -3.4e+38 -3.4e+38 -3.4e+38 -3.4e+38 -3.4e+38 -3.4e+38 -3.4e+38 0.589420080184937 0.593218088150024 0.593638062477112 0.5964315533638 0.589348256587982 0.584333658218384 0.595090448856354 0.602272927761078 0.606338262557983 0.611295938491821 0.622064352035522 0.623376905918121 0.617405652999878 0.60766726732254 0.599535405635834 0.590013742446899 0.587476789951324 0.591468095779419 0.585640013217926 0.595900774002075 0.598326206207275 0.591587245464325 0.601310610771179 0.603175818920135 0.602165460586548 0.597451448440552 0.589735746383667 0.595882534980774 0.598579525947571 0.595433831214905 0.598546326160431 0.599533498287201 0.598560750484467 0.596593081951141 0.59708708524704 0.596845388412476
-3.4e+38 -3.4e+38 -3.4e+38 -3.4e+38 -3.4e+38 -3.4e+38 -3.4e+38 -3.4e+38 0.599802553653717 0.610419094562531 0.610394239425659 0.597264587879181 0.605220556259155 0.598977386951447 0.589394569396973 0.591694712638855 0.598165035247803 0.599693834781647 0.602592945098877 0.610143303871155 0.609858512878418 0.604999184608459 0.599204123020172 0.595609486103058 0.595245659351349 0.598763585090637 0.600507736206055 0.596383988857269 0.607044339179993 0.605832457542419 0.601071715354919 0.605590164661407 0.605090439319611 0.604776859283447 0.600353837013245 0.594121873378754 0.5984206199646 0.599612057209015 0.599770963191986 0.602078080177307 0.603592097759247 0.607823610305786 0.609825849533081 0.608131170272827 0.603627562522888
-3.4e+38 -3.4e+38 -3.4e+38 -3.4e+38 -3.4e+38 -3.4e+38 0.605939149856567 0.607850074768066 0.607347548007965 0.617059111595154 0.619132995605469 0.613208413124084 0.615429759025574 0.605411112308502 0.600435078144073 0.602068245410919 0.606468379497528 0.603807389736176 0.605077624320984 0.607899904251099 0.606858491897583 0.605262458324432 0.604990780353546 0.604428827762604 0.606085062026978 0.605833232402802 0.603959500789642 0.603058516979218 0.609780490398407 0.616394817829132 0.612948060035706 0.6114501953125 0.615572869777679 0.621597468852997 0.613536179065704 0.603796899318695 0.604121267795563 0.606570243835449 0.609946668148041 0.613215863704681 0.616289019584656 0.624407827854156 0.625000536441803 0.618026554584503 0.610078155994415
-3.4e+38 -3.4e+38 -3.4e+38 -3.4e+38 -3.4e+38 0.620371878147125 0.626582562923431 0.623831868171692 0.614600718021393 0.61731231212616 0.620572447776794 0.617413282394409 0.614114820957184 0.616050541400909 0.617224156856537 0.61789608001709 0.618424654006958 0.614423394203186 0.617281496524811 0.617209553718567 0.613519608974457 0.612315833568573 0.619210064411163 0.622102200984955 0.61970990896225 0.616672813892365 0.616477251052856 0.617330968379974 0.619867980480194 0.627196609973907 0.618067920207977 0.616049528121948 0.622890293598175 0.629435479640961 0.618999004364014 0.613334357738495 0.61463338136673 0.619327008724213 0.623422086238861 0.623345136642456 0.622592687606812 0.626149356365204 0.627540588378906 0.621524214744568 0.617110729217529
-3.4e+38 -3.4e+38 -3.4e+38 0.631207406520844 0.628810524940491 0.630458652973175 0.640068173408508 0.63561075925827 0.629073023796082 0.631543517112732 0.637397527694702 0.628014385700226 0.618622422218323 0.622812628746033 0.628712296485901 0.622281074523926 0.621450126171112 0.62785392999649 0.624464869499207 0.62204784154892 0.619546413421631 0.617102921009064 0.618345022201538 0.617099285125732 0.614816606044769 0.614666879177094 0.618830919265747 0.627463757991791 0.631431460380554 0.629076182842255 0.618244528770447 0.617990732192993 0.622598707675934 0.626567363739014 0.621695399284363 0.622642338275909 0.62743729352951 0.632262766361237 0.633095026016235 0.625290811061859 0.61997127532959 0.618784666061401 0.620807647705078 0.624217450618744 0.62187248468399
-3.4e+38 -3.4e+38 0.623501121997833 0.627014636993408 0.626116216182709 0.627030909061432 0.632934510707855 0.626891732215881 0.625070631504059 0.630562722682953 0.639592409133911 0.629798531532288 0.616940021514893 0.614055693149567 0.625067412853241 0.618182122707367 0.614750444889069 0.619431674480438 0.62015575170517 0.61961829662323 0.620453953742981 0.616126418113708 0.60566645860672 0.614016234874725 0.614125847816467 0.610207200050354 0.609506130218506 0.620293259620667 0.622718513011932 0.620955646038055 0.617647349834442 0.613978683948517 0.616744220256805 0.620393455028534 0.624458968639374 0.624074518680573 0.619394838809967 0.622884690761566 0.630726456642151 0.622808873653412 0.61554092168808 0.614475548267365 0.618508338928223 0.627282857894897 0.618442118167877
-3.4e+38 0.59235030412674 0.609070539474487 0.618575215339661 0.619427621364594 0.619146645069122 0.618848741054535 0.613408863544464 0.615327179431915 0.620292186737061 0.623852610588074 0.613436758518219 0.602683305740356 0.605846583843231 0.615569293498993 0.609991252422333 0.599620819091797 0.602507054805756 0.612046003341675 0.61600124835968 0.612754583358765 0.612317025661469 0.609058558940887 0.612731218338013 0.615716814994812 0.607448697090149 0.600832104682922 0.608647406101227 0.610556244850159 0.612842738628387 0.613497197628021 0.607869148254395 0.611739695072174 0.614835917949677 0.612765908241272 0.607897043228149 0.602066397666931 0.610257804393768 0.621444702148438 0.621220946311951 0.613214373588562 0.611598432064056 0.616403996944427 0.624777495861053 0.620309948921204
0.583242774009705 0.585958480834961 0.598232984542847 0.618519008159637 0.621664583683014 0.619340300559998 0.616400718688965 0.612833917140961 0.612838804721832 0.608110249042511 0.602617740631104 0.596644878387451 0.597083926200867 0.604885280132294 0.606590569019318 0.598939836025238 0.589073657989502 0.597855687141418 0.607476115226746 0.609861314296722 0.604619860649109 0.610405743122101 0.610366821289062 0.604760527610779 0.611315250396729 0.600205421447754 0.59488707780838 0.600442051887512 0.60510778427124 0.606905817985535 0.60823255777359 0.605955302715302 0.59587550163269 0.603598654270172 0.604143619537354 0.597051799297333 0.591479957103729 0.599845826625824 0.605573415756226 0.603467702865601 0.597802817821503 0.600953936576843 0.608826160430908 0.619131505489349 0.629016935825348
0.584669709205627 0.578595042228699 0.585262775421143 0.601124346256256 0.609647154808044 0.608838498592377 0.613698780536652 0.619650721549988 0.621840119361877 0.609619200229645 0.605093002319336 0.599131345748901 0.594395935535431 0.602317631244659 0.595413625240326 0.585492253303528 0.582083582878113 0.589710831642151 0.596787691116333 0.601402580738068 0.601179957389832 0.602379083633423 0.600633203983307 0.597723722457886 0.597556114196777 0.588108241558075 0.588762700557709 0.595128417015076 0.602207243442535 0.602419674396515 0.596433043479919 0.588585674762726 0.5823774933815 0.593588709831238 0.596899151802063 0.593440473079681 0.588645935058594 0.587132394313812 0.590277075767517 0.592226445674896 0.591420948505402 0.59413081407547 0.598381459712982 0.607206583023071 0.613798260688782
0.564491629600525 0.582353115081787 0.590708792209625 0.595140218734741 0.596576929092407 0.592754006385803 0.59844172000885 0.606411755084991 0.608004570007324 0.597825288772583 0.604880690574646 0.597517430782318 0.58740907907486 0.591630518436432 0.580290138721466 0.572231411933899 0.572009801864624 0.578890264034271 0.587298929691315 0.597285091876984 0.601948976516724 0.597358286380768 0.599797427654266 0.593115568161011 0.584806084632874 0.578635811805725 0.582836031913757 0.585491716861725 0.587818324565887 0.588759064674377 0.586519837379456 0.581115365028381 0.577553391456604 0.581754326820374 0.584573924541473 0.581624805927277 0.580762445926666 0.584143757820129 0.582186758518219 0.587401926517487 0.592121541500092 0.593113899230957 0.58262687921524 0.59098345041275 0.601450502872467
0.564549803733826 0.577951610088348 0.590597331523895 0.592329680919647 0.590214669704437 0.586674928665161 0.582975566387177 0.587959587574005 0.589460372924805 0.586325407028198 0.594673037528992 0.586922824382782 0.576150357723236 0.573802053928375 0.575183212757111 0.573394596576691 0.572012543678284 0.576580107212067 0.588228523731232 0.597050070762634 0.604800224304199 0.605746448040009 0.60236382484436 0.591421008110046 0.579308927059174 0.573708534240723 0.575665771961212 0.569994747638702 0.569544017314911 0.573380649089813 0.577377557754517 0.577215790748596 0.575270116329193 0.570063471794128 0.564233124256134 0.567514181137085 0.570958018302917 0.576128840446472 0.576584756374359 0.582581520080566 0.585948765277863 0.581710636615753 0.571733057498932 0.578753590583801 0.588868021965027
0.568244755268097 0.575973093509674 0.584785759449005 0.585892498493195 0.584289371967316 0.581310868263245 0.577967584133148 0.58185201883316 0.581026613712311 0.578583717346191 0.577038049697876 0.578642010688782 0.573501408100128 0.573330760002136 0.58119809627533 0.584958434104919 0.581520140171051 0.590657234191895 0.604217052459717 0.601930439472198 0.609148144721985 0.611669480800629 0.605401873588562 0.595660626888275 0.580488562583923 0.571492493152618 0.569846034049988 0.565546751022339 0.562676131725311 0.563068807125092 0.565685570240021 0.563518822193146 0.568306267261505 0.57104629278183 0.567198038101196 0.562975227832794 0.564420342445374 0.567829608917236 0.573205649852753 0.572122156620026 0.579361498355865 0.574075698852539 0.566370785236359 0.571478366851807 0.578218817710876
