data/trimmed_ndre/J_ndre.615.2013_no_clouds.asc
NCOLS 141 
NROWS 118 
XLLCORNER 516845 
YLLCORNER 5169015 
CELLSIZE 5 
NODATA_value -3.4e+38 
[rows 60 to 79 of 118, columns 45 to 89 of 141]
0.557623565196991 0.561303436756134 0.544829070568085 0.524965822696686 0.519949793815613 0.49613681435585 0.470198541879654 0.473092555999756 0.50135213136673 0.524040400981903 0.534939765930176 0.539374709129333 0.536188066005707 0.513276636600494 0.469409048557281 0.430649250745773 0.416166931390762 0.431472092866898 0.46539905667305 0.522929251194 0.576427221298218 0.56326812505722 0.522793412208557 0.475324392318726 0.428068488836288 0.418581485748291 0.427019953727722 0.466451674699783 0.514433801174164 0.531887054443359 0.540701985359192 0.532286763191223 0.520335137844086 0.528807163238525 0.543154060840607 0.56536865234375 0.579947888851166 0.578090131282806 0.584240853786469 0.580105066299438 0.570768773555756 0.579686403274536 0.584836006164551 0.588477253913879 0.588504314422607
0.6036376953125 0.594802021980286 0.560487508773804 0.529594600200653 0.521679162979126 0.507020831108093 0.492897719144821 0.496280670166016 0.515416860580444 0.53133499622345 0.537235617637634 0.5368492603302 0.537417829036713 0.541117548942566 0.514099359512329 0.471915036439896 0.450324952602386 0.452169626951218 0.488037973642349 0.530020654201508 0.557300448417664 0.557961463928223 0.527965426445007 0.492980718612671 0.448223918676376 0.430146425962448 0.444386124610901 0.470720201730728 0.511183321475983 0.530937790870667 0.535992920398712 0.526606440544128 0.520408630371094 0.533266186714172 0.54899662733078 0.574883997440338 0.597648501396179 0.600241184234619 0.596549928188324 0.57751452922821 0.571615934371948 0.591853380203247 0.600670218467712 0.607158362865448 0.60378623008728
0.603193938732147 0.577230215072632 0.541471123695374 0.512578845024109 0.507458209991455 0.507010877132416 0.509589433670044 0.512776076793671 0.5233194231987 0.542241394519806 0.55251157283783 0.556930541992188 0.563815295696259 0.573816180229187 0.552964389324188 0.505899906158447 0.474768489599228 0.468399971723557 0.492347061634064 0.523060441017151 0.548215091228485 0.562185168266296 0.538592338562012 0.499301582574844 0.46593314409256 0.445806592702866 0.45606204867363 0.474216103553772 0.490341067314148 0.510094165802002 0.517962515354156 0.5074143409729 0.51055383682251 0.527818560600281 0.545119166374207 0.568214535713196 0.592153012752533 0.595810055732727 0.587490677833557 0.562425494194031 0.555839478969574 0.573094427585602 0.577196180820465 0.588487982749939 0.584516406059265
0.576317369937897 0.554597854614258 0.523539364337921 0.507148325443268 0.49932336807251 0.499319791793823 0.507221877574921 0.51141482591629 0.522017598152161 0.544287204742432 0.558137059211731 0.56713455915451 0.579402506351471 0.588975310325623 0.570452272891998 0.532233595848083 0.50850522518158 0.511384606361389 0.513372123241425 0.532723307609558 0.559478282928467 0.563269913196564 0.54552549123764 0.511074304580688 0.482555508613586 0.443345576524734 0.453966736793518 0.481916427612305 0.478995323181152 0.500093221664429 0.514280796051025 0.502892017364502 0.512750446796417 0.529327213764191 0.546140074729919 0.563604474067688 0.580651938915253 0.58983302116394 0.582610368728638 0.562814295291901 0.539517641067505 0.531941831111908 0.537079274654388 0.556456446647644 0.561413764953613
0.56347918510437 0.554000020027161 0.53072065114975 0.525586843490601 0.505801320075989 0.488896280527115 0.492610841989517 0.497752726078033 0.506994307041168 0.524007678031921 0.535317957401276 0.541878163814545 0.563363134860992 0.584575116634369 0.581165790557861 0.565312564373016 0.558460056781769 0.562687277793884 0.558110892772675 0.561290919780731 0.563845276832581 0.547552287578583 0.537505030632019 0.507560551166534 0.474982261657715 0.448984503746033 0.468846917152405 0.506713926792145 0.50135326385498 0.51557183265686 0.512880861759186 0.500994980335236 0.514414191246033 0.534957408905029 0.557636976242065 0.571405053138733 0.576107382774353 0.578076004981995 0.568673670291901 0.55030220746994 0.53743714094162 0.520542740821838 0.526058852672577 0.541182994842529 0.551882326602936
0.558224737644196 0.553994297981262 0.548837721347809 0.547352612018585 0.520184874534607 0.48699489235878 0.477413594722748 0.481481581926346 0.488275229930878 0.497398227453232 0.503880381584167 0.508844971656799 0.532284617424011 0.56672340631485 0.58218514919281 0.587516248226166 0.586277842521667 0.589103400707245 0.590222716331482 0.58105993270874 0.568944096565247 0.547529399394989 0.525775253772736 0.487961918115616 0.473067939281464 0.482598185539246 0.507839798927307 0.54565292596817 0.552773892879486 0.549709141254425 0.529332935810089 0.510750710964203 0.517444014549255 0.53235399723053 0.563644826412201 0.58342033624649 0.578475892543793 0.575537502765656 0.564146757125854 0.548952698707581 0.553716480731964 0.542314887046814 0.532811999320984 0.54205584526062 0.556984543800354
0.537356793880463 0.537015795707703 0.551430284976959 0.558990836143494 0.539216101169586 0.509080111980438 0.491812705993652 0.492214202880859 0.495392441749573 0.496413111686707 0.493439197540283 0.490520715713501 0.502964794635773 0.537930309772491 0.569860100746155 0.581417918205261 0.578365862369537 0.587576270103455 0.600625097751617 0.589547753334045 0.587802708148956 0.566341876983643 0.523212790489197 0.4891656935215 0.475423872470856 0.495082557201385 0.523203074932098 0.56561690568924 0.585228443145752 0.573529779911041 0.557095110416412 0.541557967662811 0.542368352413177 0.556118130683899 0.58286589384079 0.598715007305145 0.589861512184143 0.585262060165405 0.585325956344604 0.567145168781281 0.548523664474487 0.535957098007202 0.545397758483887 0.565558910369873 0.574695944786072
0.516410648822784 0.525124907493591 0.5522141456604 0.573418200016022 0.568023800849915 0.56230753660202 0.532437920570374 0.517550706863403 0.518918812274933 0.510405838489532 0.499739974737167 0.495005339384079 0.496889412403107 0.522458732128143 0.551880955696106 0.563284814357758 0.560061991214752 0.570905447006226 0.588545262813568 0.588450133800507 0.607957541942596 0.590241372585297 0.53817617893219 0.503634572029114 0.479675561189651 0.48913499712944 0.511898159980774 0.547349035739899 0.577218472957611 0.576997101306915 0.567511796951294 0.561440885066986 0.563031792640686 0.575665831565857 0.59424215555191 0.604712009429932 0.598496377468109 0.590598106384277 0.587210774421692 0.567093729972839 0.537110447883606 0.526030302047729 0.554869830608368 0.589588701725006 0.592523515224457
0.516838133335114 0.535969793796539 0.564194440841675 0.579639434814453 0.579856336116791 0.581975758075714 0.547569215297699 0.525628089904785 0.535291969776154 0.532208025455475 0.528051137924194 0.518408477306366 0.515385806560516 0.531328976154327 0.545203566551208 0.533315062522888 0.515259981155396 0.533280074596405 0.563966810703278 0.5838463306427 0.611503899097443 0.605919301509857 0.55532568693161 0.518223524093628 0.498117327690125 0.483376920223236 0.497056514024734 0.527961850166321 0.559213519096375 0.573934674263 0.571998596191406 0.572789311408997 0.568924188613892 0.574660897254944 0.591537833213806 0.59969425201416 0.597319424152374 0.589748322963715 0.580390870571136 0.566033661365509 0.540750741958618 0.528791487216949 0.553676903247833 0.5869140625 0.593241691589355
0.515805304050446 0.547687888145447 0.57763671875 0.577802658081055 0.565613925457001 0.55786269903183 0.54324197769165 0.535692811012268 0.543878614902496 0.549542903900146 0.548923373222351 0.534837961196899 0.531851232051849 0.546308696269989 0.555248558521271 0.533409655094147 0.506565988063812 0.526846170425415 0.551847100257874 0.578378319740295 0.607882678508759 0.609919667243958 0.578765749931335 0.543154299259186 0.524894654750824 0.497946351766586 0.503996968269348 0.535790026187897 0.552192807197571 0.570338070392609 0.576816320419312 0.578027546405792 0.569268584251404 0.573072850704193 0.590259432792664 0.600423216819763 0.604687929153442 0.596555531024933 0.582356154918671 0.577811479568481 0.547026574611664 0.531052708625793 0.559187233448029 0.584304451942444 0.593877375125885
0.515064001083374 0.548659920692444 0.580614268779755 0.578166007995605 0.575842201709747 0.562086939811707 0.539894223213196 0.531394064426422 0.535826921463013 0.549212396144867 0.553377151489258 0.542946934700012 0.548301875591278 0.569897711277008 0.583921253681183 0.56600421667099 0.538231432437897 0.548651218414307 0.559480547904968 0.577143549919128 0.597978293895721 0.606829285621643 0.595358550548553 0.563833594322205 0.537843644618988 0.521255671977997 0.522463500499725 0.545802474021912 0.559321522712708 0.573705494403839 0.585285305976868 0.586755394935608 0.575617909431458 0.578994154930115 0.600088596343994 0.613126873970032 0.62252277135849 0.616048216819763 0.601197957992554 0.593902468681335 0.557719230651855 0.546036541461945 0.574881970882416 0.594986617565155 0.60434103012085
0.528304576873779 0.555153846740723 0.580899775028229 0.579551994800568 0.585304737091064 0.565138399600983 0.530222654342651 0.521417737007141 0.51878696680069 0.53897762298584 0.556740343570709 0.560945153236389 0.572317242622375 0.591490685939789 0.600866556167603 0.586069285869598 0.564032733440399 0.565167009830475 0.572721183300018 0.569728493690491 0.584027707576752 0.606999397277832 0.606103181838989 0.571106493473053 0.54338151216507 0.541322231292725 0.539831876754761 0.552963852882385 0.569718241691589 0.580722451210022 0.590826392173767 0.591131389141083 0.584128975868225 0.590467870235443 0.609152376651764 0.626936912536621 0.639512419700623 0.638255953788757 0.626657128334045 0.614779055118561 0.578653633594513 0.57098799943924 0.598104119300842 0.613628089427948 0.615080296993256
0.545275747776031 0.560446083545685 0.582568943500519 0.590132117271423 0.586880385875702 0.561922252178192 0.527351319789886 0.517380475997925 0.512334883213043 0.527183711528778 0.546993792057037 0.558167934417725 0.568516612052917 0.580950260162354 0.589781820774078 0.586542546749115 0.575605750083923 0.570862054824829 0.575022101402283 0.560831546783447 0.576630771160126 0.612996816635132 0.619866251945496 0.58746999502182 0.564023733139038 0.568228781223297 0.550822079181671 0.555285274982452 0.574799954891205 0.583007991313934 0.588638246059418 0.588524699211121 0.590501725673676 0.60091757774353 0.616381645202637 0.637302696704865 0.648991346359253 0.650855481624603 0.643899381160736 0.623835802078247 0.596953511238098 0.599340736865997 0.617312133312225 0.623737692832947 0.616780400276184
0.558112025260925 0.559867739677429 0.581758379936218 0.592213749885559 0.574966549873352 0.567558586597443 0.53655081987381 0.504283666610718 0.48866856098175 0.491866767406464 0.504311800003052 0.516526758670807 0.534854590892792 0.553168058395386 0.563794672489166 0.561703860759735 0.549533367156982 0.549177587032318 0.555970788002014 0.550929307937622 0.566002190113068 0.600293099880219 0.613990545272827 0.586361050605774 0.56651383638382 0.569336295127869 0.554109811782837 0.557795584201813 0.580044150352478 0.590995311737061 0.593657970428467 0.596800625324249 0.603418052196503 0.61714494228363 0.627194046974182 0.642551302909851 0.654021084308624 0.652308106422424 0.646144509315491 0.624634325504303 0.607981264591217 0.616856217384338 0.624927401542664 0.622451961040497 0.614399433135986
0.554247915744781 0.551791846752167 0.576466739177704 0.579786419868469 0.558074355125427 0.561580121517181 0.532075583934784 0.478322118520737 0.453286111354828 0.453143209218979 0.460260599851608 0.475638329982758 0.493030697107315 0.511672496795654 0.524517297744751 0.517809629440308 0.504277288913727 0.516093373298645 0.518867790699005 0.51208758354187 0.526390552520752 0.553436517715454 0.568650722503662 0.55148720741272 0.530876815319061 0.543826580047607 0.565814614295959 0.571803390979767 0.592618823051453 0.6078742146492 0.61277574300766 0.616666674613953 0.624827921390533 0.640029430389404 0.649807751178741 0.656789183616638 0.657411456108093 0.651665389537811 0.651527762413025 0.632578611373901 0.621097564697266 0.634380519390106 0.632061660289764 0.61991548538208 0.607690274715424
0.544102251529694 0.546257853507996 0.572209119796753 0.568873167037964 0.537008047103882 0.526978075504303 0.502822160720825 0.461591929197311 0.44241201877594 0.44799992442131 0.448449790477753 0.459284842014313 0.475508451461792 0.488878458738327 0.500302493572235 0.491746366024017 0.485988289117813 0.504452705383301 0.495980620384216 0.48562228679657 0.499458134174347 0.514883816242218 0.522845566272736 0.516101062297821 0.50732147693634 0.532142817974091 0.574046850204468 0.586137354373932 0.606349170207977 0.622565150260925 0.628026962280273 0.629483997821808 0.636099934577942 0.655443787574768 0.666641473770142 0.667634248733521 0.660803377628326 0.659387588500977 0.66552209854126 0.649308502674103 0.645247280597687 0.652134776115417 0.642973065376282 0.625141799449921 0.608895421028137
0.546737611293793 0.553532898426056 0.569397866725922 0.563376605510712 0.535559952259064 0.508257627487183 0.487363517284393 0.466493010520935 0.46374186873436 0.475151866674423 0.478440523147583 0.487551212310791 0.496451556682587 0.50126177072525 0.503329277038574 0.487070441246033 0.486764878034592 0.508715510368347 0.511580348014832 0.512561559677124 0.518015623092651 0.523199260234833 0.520143210887909 0.507113873958588 0.509089291095734 0.539313614368439 0.581871628761292 0.60357266664505 0.614741206169128 0.62236487865448 0.627183258533478 0.629946887493134 0.637719511985779 0.655415534973145 0.666222512722015 0.667377233505249 0.66315233707428 0.655550837516785 0.653276026248932 0.64742124080658 0.654158592224121 0.659780383110046 0.650498688220978 0.637139439582825 0.625943958759308
0.570603907108307 0.577757179737091 0.577306985855103 0.569426536560059 0.558305323123932 0.52764767408371 0.497084468603134 0.484445244073868 0.493305951356888 0.510724127292633 0.51712441444397 0.523057460784912 0.525438725948334 0.520925641059875 0.5156090259552 0.483985185623169 0.488521933555603 0.525141835212708 0.543859779834747 0.550356209278107 0.553826987743378 0.560307145118713 0.549120962619781 0.538904964923859 0.548776626586914 0.57177209854126 0.602550745010376 0.623291373252869 0.628278017044067 0.630754888057709 0.632787346839905 0.632688224315643 0.639027953147888 0.653038918972015 0.662260115146637 0.664434015750885 0.662932395935059 0.653144359588623 0.644856691360474 0.645805478096008 0.654943704605103 0.654396295547485 0.64851838350296 0.648233830928802 0.651516973972321
0.589430093765259 0.593619883060455 0.584832370281219 0.574865341186523 0.573823273181915 0.550360083580017 0.523636221885681 0.521078407764435 0.522277414798737 0.526685655117035 0.52794873714447 0.531254947185516 0.54353791475296 0.54728090763092 0.540340542793274 0.522401332855225 0.529457807540894 0.558554768562317 0.567406475543976 0.570091187953949 0.587591588497162 0.598259031772614 0.584361791610718 0.577414155006409 0.584957361221313 0.595965504646301 0.613911211490631 0.630935490131378 0.636300504207611 0.641097784042358 0.642354786396027 0.641424894332886 0.646224200725555 0.653363168239594 0.661532878875732 0.665614724159241 0.663318157196045 0.658925116062164 0.65837574005127 0.663765072822571 0.670866310596466 0.66254061460495 0.65349280834198 0.657367408275604 0.664630055427551
0.595860302448273 0.594196259975433 0.587055623531342 0.583189785480499 0.585879683494568 0.573430120944977 0.560413241386414 0.560847163200378 0.553183436393738 0.540419459342957 0.53716379404068 0.546871602535248 0.570796072483063 0.586077928543091 0.587301194667816 0.588649988174438 0.593389391899109 0.601467311382294 0.607474803924561 0.612911939620972 0.621667623519897 0.621392607688904 0.608484447002411 0.604729473590851 0.60346919298172 0.609521806240082 0.615803420543671 0.625881552696228 0.635024785995483 0.641749918460846 0.642850279808044 0.647543251514435 0.653948187828064 0.656715571880341 0.663437783718109 0.667623519897461 0.663731932640076 0.660910546779633 0.663502037525177 0.675380527973175 0.683153867721558 0.669050693511963 0.655627608299255 0.655853807926178 0.663681626319885
