data/trimmed_ndre/J_ndre.78.2015_no_clouds.asc
NCOLS 141 
NROWS 118 
XLLCORNER 516845 
YLLCORNER 5169015 
CELLSIZE 5 
NODATA_value -3.4e+38 
[rows 20 to 39 of 118, columns 0 to 44 of 141]
-3.4e+38 -3.4e+38 -3.4e+38 -3.4e+38 -3.4e+38 -3.4e+38 -3.4e+38 -3.4e+38 -3.4e+38 -3.4e+38 -3.4e+38 -3.4e+38 -3.4e+38 -3.4e+38 -3.4e+38 -3.4e+38 -3.4e+38 -3.4e+38 -3.4e+38 -3.4e+38 -3.4e+38 -3.4e+38 -3.4e+38 -3.4e+38 -3.4e+38 -3.4e+38 -3.4e+38 -3.4e+38 -3.4e+38 -3.4e+38 -3.4e+38 -3.4e+38 -3.4e+38 -3.4e+38 -3.4e+38 -3.4e+38 0.193989351391792 0.184931635856628 0.191250905394554 0.192087918519974 0.19165164232254 0.200009971857071 0.20194374024868 0.194373577833176 0.183329537510872
-3.4e+38 -3.4e+38 -3.4e+38 -3.4e+38 -3.4e+38 -3.4e+38 -3.4e+38 -3.4e+38 -3.4e+38 -3.4e+38 -3.4e+38 -3.4e+38 -3.4e+38 -3.4e+38 -3.4e+38 -3.4e+38 -3.4e+38 -3.4e+38 -3.4e+38 -3.4e+38 -3.4e+38 -3.4e+38 -3.4e+38 -3.4e+38 -3.4e+38 -3.4e+38 -3.4e+38 -3.4e+38 -3.4e+38 -3.4e+38 -3.4e+38 -3.4e+38 -3.4e+38 -3.4e+38 -3.4e+38 0.191462740302086 0.191642388701439 0.187192723155022 0.191867738962173 0.181522324681282 0.17730014026165 0.184322774410248 0.191316515207291 0.190809592604637 0.186152800917625
-3.4e+38 -3.4e+38 -3.4e+38 -3.4e+38 -3.4e+38 -3.4e+38 -3.4e+38 -3.4e+38 -3.4e+38 -3.4e+38 -3.4e+38 -3.4e+38 -3.4e+38 -3.4e+38 -3.4e+38 -3.4e+38 -3.4e+38 -3.4e+38 -3.4e+38 -3.4e+38 -3.4e+38 -3.4e+38 -3.4e+38 -3.4e+38 -3.4e+38 -3.4e+38 -3.4e+38 -3.4e+38 -3.4e+38 -3.4e+38 -3.4e+38 -3.4e+38 -3.4e+38 -3.4e+38 0.187814801931381 0.187513202428818 0.184773713350296 0.187923491001129 0.19466432929039 0.180921226739883 0.175395354628563 0.178113356232643 0.184829756617546 0.192647829651833 0.191319689154625
-3.4e+38 -3.4e+38 -3.4e+38 -3.4e+38 -3.4e+38 -3.4e+38 -3.4e+38 -3.4e+38 -3.4e+38 -3.4e+38 -3.4e+38 -3.4e+38 -3.4e+38 -3.4e+38 -3.4e+38 -3.4e+38 -3.4e+38 -3.4e+38 -3.4e+38 -3.4e+38 -3.4e+38 -3.4e+38 -3.4e+38 -3.4e+38 -3.4e+38 -3.4e+38 -3.4e+38 -3.4e+38 -3.4e+38 -3.4e+38 -3.4e+38 -3.4e+38 -3.4e+38 0.198950350284576 0.193774595856667 0.193573355674744 0.187728002667427 0.192345902323723 0.196467414498329 0.187602683901787 0.185551464557648 0.191178619861603 0.196419402956963 0.191206872463226 0.180813834071159
-3.4e+38 -3.4e+38 -3.4e+38 -3.4e+38 -3.4e+38 -3.4e+38 -3.4e+38 -3.4e+38 -3.4e+38 -3.4e+38 -3.4e+38 -3.4e+38 -3.4e+38 -3.4e+38 -3.4e+38 -3.4e+38 -3.4e+38 -3.4e+38 -3.4e+38 -3.4e+38 -3.4e+38 -3.4e+38 -3.4e+38 -3.4e+38 -3.4e+38 -3.4e+38 -3.4e+38 -3.4e+38 -3.4e+38 -3.4e+38 -3.4e+38 0.185428261756897 0.193726316094398 0.189542323350906 0.186990603804588 0.184922635555267 0.178787782788277 0.186314016580582 0.191883504390717 0.192502066493034 0.194277614355087 0.196611627936363 0.195738211274147 0.188088282942772 0.175724700093269
-3.4e+38 -3.4e+38 -3.4e+38 -3.4e+38 -3.4e+38 -3.4e+38 -3.4e+38 -3.4e+38 -3.4e+38 -3.4e+38 -3.4e+38 -3.4e+38 -3.4e+38 -3.4e+38 -3.4e+38 -3.4e+38 -3.4e+38 -3.4e+38 -3.4e+38 -3.4e+38 -3.4e+38 -3.4e+38 -3.4e+38 -3.4e+38 -3.4e+38 -3.4e+38 -3.4e+38 -3.4e+38 -3.4e+38 -3.4e+38 0.194266825914383 0.192191153764725 0.189902156591415 0.183491215109825 0.181252554059029 0.17553998529911 0.169237568974495 0.175188481807709 0.180748015642166 0.182322219014168 0.181719943881035 0.180869951844215 0.188964486122131 0.189625725150108 0.182238236069679
-3.4e+38 -3.4e+38 -3.4e+38 -3.4e+38 -3.4e+38 -3.4e+38 -3.4e+38 -3.4e+38 -3.4e+38 -3.4e+38 -3.4e+38 -3.4e+38 -3.4e+38 -3.4e+38 -3.4e+38 -3.4e+38 -3.4e+38 -3.4e+38 -3.4e+38 -3.4e+38 -3.4e+38 -3.4e+38 -3.4e+38 -3.4e+38 -3.4e+38 -3.4e+38 -3.4e+38 -3.4e+38 -3.4e+38 0.194567963480949 0.188620701432228 0.197099775075912 0.19872972369194 0.190074697136879 0.183950215578079 0.174227833747864 0.168193772435188 0.172042548656464 0.181021153926849 0.184139132499695 0.18261830508709 0.179335474967957 0.188152834773064 0.195316225290298 0.194204047322273
-3.4e+38 -3.4e+38 -3.4e+38 -3.4e+38 -3.4e+38 -3.4e+38 -3.4e+38 -3.4e+38 -3.4e+38 -3.4e+38 -3.4e+38 -3.4e+38 -3.4e+38 -3.4e+38 -3.4e+38 -3.4e+38 -3.4e+38 -3.4e+38 -3.4e+38 -3.4e+38 -3.4e+38 -3.4e+38 -3.4e+38 -3.4e+38 -3.4e+38 -3.4e+38 0.19488151371479 0.186135083436966 0.193416342139244 0.200453028082848 0.197396963834763 0.197067245841026 0.197836935520172 0.195376485586166 0.191312372684479 0.184448137879372 0.179074496030807 0.178975865244865 0.184659823775291 0.187302783131599 0.190382525324821 0.190308928489685 0.186448574066162 0.189063653349876 0.1909239590168
-3.4e+38 -3.4e+38 -3.4e+38 -3.4e+38 -3.4e+38 -3.4e+38 -3.4e+38 -3.4e+38 -3.4e+38 -3.4e+38 -3.4e+38 -3.4e+38 -3.4e+38 -3.4e+38 -3.4e+38 -3.4e+38 -3.4e+38 -3.4e+38 -3.4e+38 -3.4e+38 -3.4e+38 -3.4e+38 -3.4e+38 0.196505695581436 0.20319989323616 0.196638897061348 0.184905096888542 0.176801353693008 0.183837667107582 0.188826754689217 0.189746797084808 0.187761053442955 0.190863937139511 0.192759111523628 0.192950397729874 0.191207736730576 0.185157164931297 0.183957725763321 0.185926645994186 0.18585093319416 0.192010223865509 0.192672938108444 0.187738910317421 0.186613112688065 0.190126165747643
-3.4e+38 -3.4e+38 -3.4e+38 -3.4e+38 -3.4e+38 -3.4e+38 -3.4e+38 -3.4e+38 -3.4e+38 -3.4e+38 -3.4e+38 -3.4e+38 -3.4e+38 -3.4e+38 -3.4e+38 -3.4e+38 -3.4e+38 -3.4e+38 -3.4e+38 0.195789635181427 0.189369186758995 0.182299911975861 0.187700867652893 0.196499302983284 0.198035761713982 0.189221680164337 0.182934865355492 0.179602935910225 0.17976239323616 0.18203304708004 0.181136727333069 0.181113749742508 0.186461880803108 0.188370242714882 0.185647234320641 0.182119444012642 0.180002197623253 0.184199452400208 0.183512806892395 0.178686112165451 0.183347463607788 0.19029788672924 0.189389795064926 0.184604242444038 0.188452556729317
-3.4e+38 -3.4e+38 -3.4e+38 -3.4e+38 -3.4e+38 -3.4e+38 -3.4e+38 -3.4e+38 -3.4e+38 -3.4e+38 -3.4e+38 -3.4e+38 -3.4e+38 -3.4e+38 -3.4e+38 -3.4e+38 0.173294439911842 0.183878272771835 0.196829855442047 0.199296981096268 0.192850276827812 0.185909613966942 0.191228464245796 0.193326592445374 0.190641060471535 0.187329068779945 0.188033401966095 0.185938626527786 0.183335497975349 0.188424497842789 0.184791296720505 0.182057529687881 0.183076709508896 0.182986676692963 0.173947408795357 0.16867433488369 0.171217188239098 0.181786581873894 0.186164870858192 0.184157326817513 0.183333903551102 0.194250166416168 0.190856277942657 0.182347699999809 0.179598465561867
-3.4e+38 -3.4e+38 -3.4e+38 -3.4e+38 -3.4e+38 -3.4e+38 -3.4e+38 -3.4e+38 -3.4e+38 -3.4e+38 -3.4e+38 -3.4e+38 -3.4e+38 0.171239897608757 0.170147478580475 0.174904763698578 0.182715445756912 0.190667048096657 0.19411027431488 0.191349864006042 0.189866170287132 0.190710604190826 0.195492193102837 0.189473614096642 0.18387658894062 0.183751493692398 0.189462721347809 0.188335970044136 0.190640822052956 0.197748750448227 0.191325023770332 0.188808232545853 0.187605351209641 0.18385274708271 0.171055614948273 0.166058212518692 0.16920579969883 0.175615265965462 0.187027767300606 0.187915742397308 0.187088742852211 0.196851521730423 0.191406786441803 0.186062902212143 0.185063615441322
-3.4e+38 -3.4e+38 -3.4e+38 -3.4e+38 -3.4e+38 -3.4e+38 -3.4e+38 -3.4e+38 -3.4e+38 -3.4e+38 -3.4e+38 -3.4e+38 0.186514228582382 0.189410105347633 0.186101213097572 0.18879559636116 0.19276787340641 0.192249819636345 0.185730054974556 0.178589463233948 0.178536176681519 0.185680285096169 0.194576159119606 0.186688512563705 0.179856166243553 0.179685205221176 0.184566929936409 0.178735926747322 0.183039292693138 0.191230535507202 0.192454665899277 0.191793903708458 0.190603464841843 0.190254986286163 0.189034193754196 0.182110369205475 0.1771060526371 0.178045347332954 0.188809394836426 0.190040796995163 0.187386572360992 0.187668144702911 0.187093287706375 0.189284071326256 0.191223710775375
-3.4e+38 -3.4e+38 -3.4e+38 -3.4e+38 -3.4e+38 -3.4e+38 -3.4e+38 -3.4e+38 -3.4e+38 -3.4e+38 0.171378150582314 0.166708514094353 0.184911578893661 0.18774551153183 0.188128188252449 0.193387657403946 0.195551648736 0.189782693982124 0.185297548770905 0.187138766050339 0.187618747353554 0.192679986357689 0.194390043616295 0.1831876039505 0.177952006459236 0.180961236357689 0.183954834938049 0.174041733145714 0.183054402470589 0.186782702803612 0.187063291668892 0.18631699681282 0.18055833876133 0.183235615491867 0.190252527594566 0.186100512742996 0.183339834213257 0.183353394269943 0.188304930925369 0.191461876034737 0.182707354426384 0.175864174962044 0.17734457552433 0.184761643409729 0.19143183529377
-3.4e+38 -3.4e+38 -3.4e+38 -3.4e+38 -3.4e+38 -3.4e+38 -3.4e+38 -3.4e+38 -3.4e+38 0.174335792660713 0.167460948228836 0.17219640314579 0.188715234398842 0.186245650053024 0.189005672931671 0.192858725786209 0.192388996481895 0.186134859919548 0.187244936823845 0.194214433431625 0.197673067450523 0.199094444513321 0.189706087112427 0.17695027589798 0.179338276386261 0.184017613530159 0.181323707103729 0.174339324235916 0.185651525855064 0.181138351559639 0.177289769053459 0.17924453318119 0.173840433359146 0.180139467120171 0.183679416775703 0.180013075470924 0.184220403432846 0.184765994548798 0.184581726789474 0.185091495513916 0.179409503936768 0.172361299395561 0.170921742916107 0.177149504423141 0.186562955379486
-3.4e+38 -3.4e+38 -3.4e+38 -3.4e+38 -3.4e+38 -3.4e+38 -3.4e+38 -3.4e+38 0.180283606052399 0.172185063362122 0.174967393279076 0.187034443020821 0.196334764361382 0.188169896602631 0.192858725786209 0.193459674715996 0.190322875976562 0.191790506243706 0.190877988934517 0.195612356066704 0.20069907605648 0.197924643754959 0.17944498360157 0.17124131321907 0.179351344704628 0.183363735675812 0.181366264820099 0.179827123880386 0.185081735253334 0.180440932512283 0.180690124630928 0.180851891636848 0.176201164722443 0.180914029479027 0.175084218382835 0.169515863060951 0.176469340920448 0.17966865003109 0.181556403636932 0.182915046811104 0.182636931538582 0.176596403121948 0.174677357077599 0.179186031222343 0.187808707356453
-3.4e+38 -3.4e+38 -3.4e+38 -3.4e+38 -3.4e+38 -3.4e+38 0.181267350912094 0.181003093719482 0.182999670505524 0.180267304182053 0.178827315568924 0.193444073200226 0.197810769081116 0.189282104372978 0.190872043371201 0.188584715127945 0.191628828644753 0.199086964130402 0.193160846829414 0.191440582275391 0.193800240755081 0.193256944417953 0.17789988219738 0.173435732722282 0.176935479044914 0.179656982421875 0.183845326304436 0.187669083476067 0.187913596630096 0.180688425898552 0.175117120146751 0.172732144594193 0.173380777239799 0.179395467042923 0.174417287111282 0.175470814108849 0.181716725230217 0.181500628590584 0.178869307041168 0.182032719254494 0.186423778533936 0.184099420905113 0.185861155390739 0.189592972397804 0.193468376994133
-3.4e+38 -3.4e+38 -3.4e+38 -3.4e+38 -3.4e+38 0.212576285004616 0.207364588975906 0.196727335453033 0.196808815002441 0.190876692533493 0.179504126310349 0.184098854660988 0.180270358920097 0.179940268397331 0.18813094496727 0.193779483437538 0.198730155825615 0.203021988272667 0.197531715035439 0.188116475939751 0.186036363244057 0.186836585402489 0.182857498526573 0.182642728090286 0.178470656275749 0.175222754478455 0.176967650651932 0.182164832949638 0.185456559062004 0.180652752518654 0.167779639363289 0.160454019904137 0.158796340227127 0.164159893989563 0.172412022948265 0.18566207587719 0.191039115190506 0.185440674424171 0.173554688692093 0.178257569670677 0.182739660143852 0.182485178112984 0.187937512993813 0.193303838372231 0.195460438728333
-3.4e+38 -3.4e+38 -3.4e+38 -3.4e+38 0.309388548135757 0.246578246355057 0.207049950957298 0.202128291130066 0.210976302623749 0.203724429011345 0.19413697719574 0.191795513033867 0.181632742285728 0.186471953988075 0.197383940219879 0.205892026424408 0.202334180474281 0.201138943433762 0.196256682276726 0.182819873094559 0.180756255984306 0.184932664036751 0.192391365766525 0.201164811849594 0.194687709212303 0.186198055744171 0.180936694145203 0.180430695414543 0.182051435112953 0.178096681833267 0.167784243822098 0.163540422916412 0.159499555826187 0.162249088287354 0.173102796077728 0.187092185020447 0.192871406674385 0.18514846265316 0.169981837272644 0.180423811078072 0.18173885345459 0.180291086435318 0.184767723083496 0.190133899450302 0.188822835683823
-3.4e+38 -3.4e+38 0.315307140350342 0.341195106506348 0.359561622142792 0.270336598157883 0.211141064763069 0.203688949346542 0.219378590583801 0.213100254535675 0.20855151116848 0.201810106635094 0.188325062394142 0.197950661182404 0.207944020628929 0.208640560507774 0.195427656173706 0.195536464452744 0.193342685699463 0.186098098754883 0.184699758887291 0.189467206597328 0.201634928584099 0.213817283511162 0.205462142825127 0.195808753371239 0.188609734177589 0.183980420231819 0.178500175476074 0.171190932393074 0.167905405163765 0.171088755130768 0.170602813363075 0.172493875026703 0.175897315144539 0.177792876958847 0.181421473622322 0.175908029079437 0.170894250273705 0.184426367282867 0.180918052792549 0.178400069475174 0.179952085018158 0.183015018701553 0.174428626894951
