data/trimmed_ndre/J_ndre.715.2011_no_clouds.asc
NCOLS 141 
NROWS 118 
XLLCORNER 516845 
YLLCORNER 5169015 
CELLSIZE 5 
NODATA_value -3.4e+38 
[rows 60 to 79 of 118, columns 45 to 89 of 141]
0.163329735398293 0.17425599694252 0.186041042208672 0.1749547123909 0.16182017326355 0.154237672686577 0.161707624793053 0.169031366705894 0.159267425537109 0.159887433052063 0.157899275422096 0.163643643260002 0.168051958084106 0.155784144997597 0.164090275764465 0.181302815675735 0.160631775856018 0.142986327409744 0.159965723752975 0.178409218788147 0.154477536678314 0.159146443009377 0.175927892327309 0.167165905237198 0.155069082975388 0.161019712686539 0.16347199678421 0.169945359230042 0.188040167093277 0.191056847572327 0.179020300507545 0.170325443148613 0.19960430264473 0.194007694721222 0.172550544142723 0.189609527587891 0.183406144380569 0.167036548256874 0.159329622983932 0.158205226063728 0.16612309217453 0.162028238177299 0.154881790280342 0.159057095646858 0.176244005560875
0.152315780520439 0.160669803619385 0.175194188952446 0.165278702974319 0.156340003013611 0.162947162985802 0.168749094009399 0.165701791644096 0.15760849416256 0.168890237808228 0.171461865305901 0.165993437170982 0.165830790996552 0.168939426541328 0.161104440689087 0.168415307998657 0.169705763459206 0.15803000330925 0.168445885181427 0.179362446069717 0.167427614331245 0.172593593597412 0.175349444150925 0.166738167405128 0.15756331384182 0.171772226691246 0.186889797449112 0.192246705293655 0.189708054065704 0.189860835671425 0.184983357787132 0.175476387143135 0.166978865861893 0.174157440662384 0.169635012745857 0.173203706741333 0.176767125725746 0.157715290784836 0.154340326786041 0.162507653236389 0.162789076566696 0.167479157447815 0.167525082826614 0.166380137205124 0.166460558772087
0.167230039834976 0.176188409328461 0.186566889286041 0.175490573048592 0.165073186159134 0.162888273596764 0.164829477667809 0.180035799741745 0.176044180989265 0.174559593200684 0.181472167372704 0.174730598926544 0.169371634721756 0.168848410248756 0.158901333808899 0.17620150744915 0.178393915295601 0.167225286364555 0.1764005869627 0.189868107438087 0.182690232992172 0.171846881508827 0.174102157354355 0.185669526457787 0.179597720503807 0.164117127656937 0.162495359778404 0.164258301258087 0.162983015179634 0.169815614819527 0.170943185687065 0.179813504219055 0.195403516292572 0.198662668466568 0.169856697320938 0.151382833719254 0.162726655602455 0.165067404508591 0.173296481370926 0.17491802573204 0.163865655660629 0.159826219081879 0.171644985675812 0.176593437790871 0.170426726341248
0.182683005928993 0.180497273802757 0.180975243449211 0.182237580418587 0.17698085308075 0.160328134894371 0.158110946416855 0.16924749314785 0.176065966486931 0.167607963085175 0.167649537324905 0.173623248934746 0.170740723609924 0.166752845048904 0.164852127432823 0.176447287201881 0.160218983888626 0.158814281225204 0.191020727157593 0.199468895792961 0.1868616938591 0.181134641170502 0.19179005920887 0.194155305624008 0.192600011825562 0.171551823616028 0.152502655982971 0.137294381856918 0.146491095423698 0.160445287823677 0.162112906575203 0.162185296416283 0.174327820539474 0.178066924214363 0.1634132117033 0.142871186137199 0.165784060955048 0.181036666035652 0.160048440098763 0.150037035346031 0.150082185864449 0.147106841206551 0.150425463914871 0.169881552457809 0.166329845786095
0.169527933001518 0.160720318555832 0.170094385743141 0.184440806508064 0.180556520819664 0.176202490925789 0.173930183053017 0.177415534853935 0.180964633822441 0.160840913653374 0.149436205625534 0.166438713669777 0.174346208572388 0.167121753096581 0.1588494181633 0.158843785524368 0.151351079344749 0.170880243182182 0.196339815855026 0.18183545768261 0.181562334299088 0.191540107131004 0.191895559430122 0.173691600561142 0.170944094657898 0.161053106188774 0.150915369391441 0.145680278539658 0.160353869199753 0.180593922734261 0.177482903003693 0.151137426495552 0.142595887184143 0.153892442584038 0.157840102910995 0.147393971681595 0.171468675136566 0.172789350152016 0.135860487818718 0.129846662282944 0.159664794802666 0.170487105846405 0.151292756199837 0.165101304650307 0.147559151053429
0.161865234375 0.153256043791771 0.182017102837563 0.1987614184618 0.175008282065392 0.180099964141846 0.189766973257065 0.194291412830353 0.18902251124382 0.172200426459312 0.158994778990746 0.168667554855347 0.173481494188309 0.160525009036064 0.15185010433197 0.154646158218384 0.155187919735909 0.171180456876755 0.182422623038292 0.171639695763588 0.170489713549614 0.159877106547356 0.157600730657578 0.149352729320526 0.1488938331604 0.145990893244743 0.158764973282814 0.175903156399727 0.185688465833664 0.183137059211731 0.177328988909721 0.162176042795181 0.158129215240479 0.159131735563278 0.166663810610771 0.162988126277924 0.159510731697083 0.157481536269188 0.14769135415554 0.144722267985344 0.151506662368774 0.155407726764679 0.160479158163071 0.174162685871124 0.160584166646004
0.166682660579681 0.163807079195976 0.181707486510277 0.169443607330322 0.150840044021606 0.172438576817513 0.1854317933321 0.18070887029171 0.183673903346062 0.188275262713432 0.172339364886284 0.159519582986832 0.165421396493912 0.166768297553062 0.165410846471786 0.170244842767715 0.169639706611633 0.168829306960106 0.182601675391197 0.19057297706604 0.178271517157555 0.160522073507309 0.164370939135551 0.162927344441414 0.158320680260658 0.155314564704895 0.159971907734871 0.179143294692039 0.180297985672951 0.15714618563652 0.168866723775864 0.185461804270744 0.181854113936424 0.163393065333366 0.164956271648407 0.160865262150764 0.148776859045029 0.153154402971268 0.158549964427948 0.16779263317585 0.167232513427734 0.160197854042053 0.170086264610291 0.1891730427742 0.195859372615814
0.157255962491035 0.161948159337044 0.163936346769333 0.152758330106735 0.155956402420998 0.185581222176552 0.189354851841927 0.170937433838844 0.18214063346386 0.194019109010696 0.168903514742851 0.147655785083771 0.167168363928795 0.174120113253593 0.145471498370171 0.170595735311508 0.182712763547897 0.180886000394821 0.176741018891335 0.185972660779953 0.194526359438896 0.186755865812302 0.176478132605553 0.184501186013222 0.173343285918236 0.155373230576515 0.154940515756607 0.166826158761978 0.166221961379051 0.148053526878357 0.16117636859417 0.171171516180038 0.15943144261837 0.142674654722214 0.147575914859772 0.15959158539772 0.163907885551453 0.169079646468163 0.171501725912094 0.174827381968498 0.172469407320023 0.16560086607933 0.156402483582497 0.167813315987587 0.184719637036324
0.15401192009449 0.163780674338341 0.171828463673592 0.176483035087585 0.175374105572701 0.19065435230732 0.1975277364254 0.185487121343613 0.190154075622559 0.186348363757133 0.163126602768898 0.160822957754135 0.188606202602386 0.188586235046387 0.148214653134346 0.166435480117798 0.183611795306206 0.175813600420952 0.167538642883301 0.189795643091202 0.195046499371529 0.176506623625755 0.150204792618752 0.168846726417542 0.176284894347191 0.166801705956459 0.16464926302433 0.166903704404831 0.175560027360916 0.16626113653183 0.155445024371147 0.148116216063499 0.136750295758247 0.13453571498394 0.148038566112518 0.17870020866394 0.185517206788063 0.173330157995224 0.166720345616341 0.163384705781937 0.155641451478004 0.156393632292747 0.153299167752266 0.150015354156494 0.146989911794662
0.163858324289322 0.177647933363914 0.185501366853714 0.178812935948372 0.168142914772034 0.171743735671043 0.186440542340279 0.195617064833641 0.188925519585609 0.175722688436508 0.156971246004105 0.164269253611565 0.190857425332069 0.216465294361115 0.18833714723587 0.167825490236282 0.184943079948425 0.174342706799507 0.173285827040672 0.191635265946388 0.164925426244736 0.17331637442112 0.174115031957626 0.167355433106422 0.183068826794624 0.185638815164566 0.177961081266403 0.168630570173264 0.160947054624557 0.153679087758064 0.158656865358353 0.160336434841156 0.14885613322258 0.150311782956123 0.166951730847359 0.190481558442116 0.178524479269981 0.161018118262291 0.162535399198532 0.171787723898888 0.151684895157814 0.146840319037437 0.154520660638809 0.147396013140678 0.136064544320107
0.173000365495682 0.179571613669395 0.173083156347275 0.166529327630997 0.163377955555916 0.153868094086647 0.162681415677071 0.189919963479042 0.192892387509346 0.173256993293762 0.171749010682106 0.1731848269701 0.179863154888153 0.189182937145233 0.177632674574852 0.168572336435318 0.188306286931038 0.177265822887421 0.170010387897491 0.180605202913284 0.178449034690857 0.180442228913307 0.185798466205597 0.175321087241173 0.184653326869011 0.179894790053368 0.169183388352394 0.152035430073738 0.142500877380371 0.150605350732803 0.175486996769905 0.18567168712616 0.161142602562904 0.159252375364304 0.163535863161087 0.169079378247261 0.162518933415413 0.156257763504982 0.169516354799271 0.175103679299355 0.147790595889091 0.152116283774376 0.167635142803192 0.166255280375481 0.163189545273781
0.169306889176369 0.167651057243347 0.163642227649689 0.179345935583115 0.181401342153549 0.158226206898689 0.172636330127716 0.189775168895721 0.181346654891968 0.170409664511681 0.189005151391029 0.18644206225872 0.172188058495522 0.174333512783051 0.165063202381134 0.168483316898346 0.180448994040489 0.168970003724098 0.15872198343277 0.162742257118225 0.176113620400429 0.18275560438633 0.191236972808838 0.182284146547318 0.175301909446716 0.179102540016174 0.189774319529533 0.171735271811485 0.158698499202728 0.169344902038574 0.157250106334686 0.165504947304726 0.16997255384922 0.17088994383812 0.161181390285492 0.161643609404564 0.166114076972008 0.161662772297859 0.17159965634346 0.169316858053207 0.158224955201149 0.171346664428711 0.178991183638573 0.183544486761093 0.181304335594177
0.159602835774422 0.160672649741173 0.175931245088577 0.193007424473763 0.211572468280792 0.185013592243195 0.161515325307846 0.160482451319695 0.164412513375282 0.162938162684441 0.158465504646301 0.170116975903511 0.168883323669434 0.166454508900642 0.164261430501938 0.172734692692757 0.185110405087471 0.180575624108315 0.165888011455536 0.151160031557083 0.174781575798988 0.194143295288086 0.180012807250023 0.176444619894028 0.175480782985687 0.178637459874153 0.188126876950264 0.193315729498863 0.180019184947014 0.172535493969917 0.162099957466125 0.163323223590851 0.170360639691353 0.17320790886879 0.176994562149048 0.17976738512516 0.17663411796093 0.165697112679482 0.16148641705513 0.157737597823143 0.167896553874016 0.174395114183426 0.15984919667244 0.16139018535614 0.170977100729942
0.158643513917923 0.165370762348175 0.169098317623138 0.165535435080528 0.191893249750137 0.177918538451195 0.14939272403717 0.158700793981552 0.164591521024704 0.171027898788452 0.171787247061729 0.18970987200737 0.182020202279091 0.161477848887444 0.171527057886124 0.189475625753403 0.174111068248749 0.161115944385529 0.155138313770294 0.150429412722588 0.17604686319828 0.1792281717062 0.15888874232769 0.169690236449242 0.170355275273323 0.16640417277813 0.154803663492203 0.170260459184647 0.174914628267288 0.157181575894356 0.14905047416687 0.156146183609962 0.157181590795517 0.147127777338028 0.149645537137985 0.163765043020248 0.166907116770744 0.160472333431244 0.154128536581993 0.147458016872406 0.161511763930321 0.163893043994904 0.145023941993713 0.147483214735985 0.169019237160683
0.161473333835602 0.168819829821587 0.161985740065575 0.149243623018265 0.160953938961029 0.168886259198189 0.174750849604607 0.169435113668442 0.151404514908791 0.165085524320602 0.173892468214035 0.183513388037682 0.174903705716133 0.13992977142334 0.137666389346123 0.16467210650444 0.166358694434166 0.154910326004028 0.149534270167351 0.157375514507294 0.177993461489677 0.16754749417305 0.144789293408394 0.156016826629639 0.160448133945465 0.192635357379913 0.189703866839409 0.169971838593483 0.170564740896225 0.154208049178123 0.144658714532852 0.156832084059715 0.16351293027401 0.140763118863106 0.132882326841354 0.158269166946411 0.164022445678711 0.168239831924438 0.162799566984177 0.15321259200573 0.143926918506622 0.146252989768982 0.157686039805412 0.167837515473366 0.177877515554428
0.150764510035515 0.156121522188187 0.156370133161545 0.159421846270561 0.163274466991425 0.172280386090279 0.168041676282883 0.153928771615028 0.146666154265404 0.163439616560936 0.154180526733398 0.14605401456356 0.153576955199242 0.15717801451683 0.143257707357407 0.159277215600014 0.181076735258102 0.16719788312912 0.160917639732361 0.166418001055717 0.180355206131935 0.177374675869942 0.150941535830498 0.150996387004852 0.172034934163094 0.191659361124039 0.179268643260002 0.166803330183029 0.188057452440262 0.19128942489624 0.174493044614792 0.152025610208511 0.150848656892776 0.152821838855743 0.174614086747169 0.20376817882061 0.194566562771797 0.187514916062355 0.192754685878754 0.182492256164551 0.159056127071381 0.157635092735291 0.176354095339775 0.176106199622154 0.159424170851707
0.154864355921745 0.148085445165634 0.163796067237854 0.180776298046112 0.173739463090897 0.164664164185524 0.171169385313988 0.171187102794647 0.163549393415451 0.168394565582275 0.169022113084793 0.161601930856705 0.165562763810158 0.173671334981918 0.157775297760963 0.16738486289978 0.166150853037834 0.15827938914299 0.16924549639225 0.169181019067764 0.170730739831924 0.180637910962105 0.182540655136108 0.181726470589638 0.180236801505089 0.175151318311691 0.16817170381546 0.19836437702179 0.232786104083061 0.245387479662895 0.261643141508102 0.263603270053864 0.262673795223236 0.263906419277191 0.272128522396088 0.280020415782928 0.276802003383636 0.273497879505157 0.295594394207001 0.285308748483658 0.244785845279694 0.21427646279335 0.220467954874039 0.239441022276878 0.237602576613426
0.156884476542473 0.150035753846169 0.169863045215607 0.17339825630188 0.183622315526009 0.169566005468369 0.168588548898697 0.184660777449608 0.167707324028015 0.15439036488533 0.164088994264603 0.168662175536156 0.154198825359344 0.155227184295654 0.160298183560371 0.181194081902504 0.167979776859283 0.157361626625061 0.172262102365494 0.171904385089874 0.153903976082802 0.14654977619648 0.159817233681679 0.161312565207481 0.176714643836021 0.205490276217461 0.230484575033188 0.271277636289597 0.335285812616348 0.388599723577499 0.415524482727051 0.418034017086029 0.425551503896713 0.426579415798187 0.437334835529327 0.433488667011261 0.431828409433365 0.431931406259537 0.427016615867615 0.399647861719131 0.372879058122635 0.362288355827332 0.345056980848312 0.346232920885086 0.36322095990181
0.15367266535759 0.151099666953087 0.164929255843163 0.171615093946457 0.169406324625015 0.158913686871529 0.154144793748856 0.176173999905586 0.171947658061981 0.149193465709686 0.140741735696793 0.148067161440849 0.143165126442909 0.151784986257553 0.160646945238113 0.16935707628727 0.169140234589577 0.173758760094643 0.201045364141464 0.202251672744751 0.177962765097618 0.199353232979774 0.242156267166138 0.237780705094337 0.249668434262276 0.284633070230484 0.322319120168686 0.360884606838226 0.416191041469574 0.466452956199646 0.479467183351517 0.467799484729767 0.46834135055542 0.499155759811401 0.527671873569489 0.521399974822998 0.53204607963562 0.526815533638 0.495221763849258 0.477836281061172 0.45889276266098 0.429349273443222 0.39744234085083 0.369236618280411 0.350040256977081
0.141200006008148 0.16017958521843 0.16070568561554 0.157703876495361 0.151823461055756 0.168387606739998 0.184104233980179 0.17248660326004 0.158676967024803 0.155919119715691 0.133882507681847 0.152092143893242 0.1917514950037 0.185069963335991 0.174945771694183 0.178363412618637 0.206626638770103 0.220553874969482 0.281950026750565 0.348143339157104 0.363488703966141 0.381169527769089 0.41148042678833 0.402103096246719 0.372240424156189 0.375743389129639 0.418563663959503 0.450852036476135 0.453212887048721 0.450022011995316 0.450882822275162 0.474013328552246 0.507428467273712 0.529057621955872 0.528220236301422 0.517148375511169 0.520130276679993 0.530367195606232 0.529178321361542 0.496696919202805 0.433286279439926 0.358984977006912 0.33347761631012 0.346283107995987 0.326280862092972
