data/trimmed_ndre/J_ndre.77.2014_no_clouds.asc
NCOLS 141 
NROWS 118 
XLLCORNER 516845 
YLLCORNER 5169015 
CELLSIZE 5 
NODATA_value -3.4e+38 
[rows 40 to 59 of 118, columns 90 to 134 of 141]
0.28117573261261 0.267315059900284 0.24801030755043 0.234206721186638 0.242584034800529 0.263451904058456 0.283795833587646 0.290274828672409 0.274440556764603 0.27325975894928 0.2721286714077 0.273669183254242 0.280382424592972 0.274335771799088 0.270441293716431 0.265529572963715 0.261612862348557 0.259412556886673 0.255359917879105 0.250215530395508 0.248921245336533 0.250149101018906 0.257658213376999 0.268842369318008 0.279772341251373 0.287626177072525 0.302843689918518 0.312000513076782 0.300827831029892 0.279087483882904 0.269392937421799 -3.4e+38 -3.4e+38 -3.4e+38 -3.4e+38 -3.4e+38 -3.4e+38 -3.4e+38 -3.4e+38 -3.4e+38 -3.4e+38 -3.4e+38 -3.4e+38 -3.4e+38 -3.4e+38
0.258554548025131 0.240426868200302 0.227810591459274 0.218710035085678 0.223477885127068 0.247454956173897 0.265611171722412 0.27127879858017 0.265242338180542 0.263999581336975 0.262776881456375 0.2689328789711 0.276455670595169 0.262280970811844 0.257013380527496 0.250776648521423 0.247953876852989 0.251777708530426 0.248944222927094 0.249194070696831 0.250916481018066 0.251526445150375 0.250995308160782 0.254721760749817 0.264661073684692 0.281141310930252 0.304980844259262 0.327580630779266 0.328388452529907 0.301392912864685 0.281964540481567 -3.4e+38 -3.4e+38 -3.4e+38 -3.4e+38 -3.4e+38 -3.4e+38 -3.4e+38 -3.4e+38 -3.4e+38 -3.4e+38 -3.4e+38 -3.4e+38 -3.4e+38 -3.4e+38
0.217578753829002 0.213181689381599 0.220722332596779 0.215523555874825 0.216415092349052 0.234466835856438 0.24488839507103 0.245743826031685 0.241616830229759 0.240292504429817 0.245307222008705 0.253121435642242 0.253678679466248 0.243637904524803 0.239765450358391 0.232504427433014 0.238397493958473 0.251627802848816 0.251547634601593 0.253377497196198 0.250559747219086 0.245388776063919 0.242907151579857 0.245154470205307 0.253895163536072 0.270529359579086 0.294196158647537 0.322277992963791 0.328131794929504 0.310296177864075 0.285568535327911 -3.4e+38 -3.4e+38 -3.4e+38 -3.4e+38 -3.4e+38 -3.4e+38 -3.4e+38 -3.4e+38 -3.4e+38 -3.4e+38 -3.4e+38 -3.4e+38 -3.4e+38 -3.4e+38
0.194540247321129 0.198689296841621 0.215423628687859 0.217529192566872 0.214086502790451 0.215725913643837 0.217853724956512 0.217477649450302 0.213830143213272 0.213026538491249 0.219146370887756 0.225049585103989 0.228172764182091 0.228851974010468 0.229239985346794 0.22346031665802 0.234660282731056 0.251027405261993 0.258377641439438 0.262081980705261 0.25427171587944 0.242543414235115 0.236156165599823 0.239447176456451 0.246938928961754 0.260012179613113 0.278253644704819 0.29944920539856 0.309142857789993 0.2997165620327 0.280959397554398 -3.4e+38 -3.4e+38 -3.4e+38 -3.4e+38 -3.4e+38 -3.4e+38 -3.4e+38 -3.4e+38 -3.4e+38 -3.4e+38 -3.4e+38 -3.4e+38 -3.4e+38 -3.4e+38
0.190803930163383 0.191853404045105 0.203096762299538 0.207399785518646 0.185739085078239 0.184790804982185 0.195693284273148 0.199104279279709 0.195122614502907 0.19686484336853 0.207053452730179 0.220987603068352 0.227312713861465 0.230909869074821 0.231891065835953 0.22875003516674 0.229094073176384 0.234606266021729 0.244827508926392 0.256473511457443 0.256625831127167 0.243489935994148 0.231563970446587 0.230969980359077 0.237140536308289 0.246797457337379 0.257514953613281 0.268111079931259 0.281657099723816 0.27370098233223 0.268555730581284 0.274108231067657 -3.4e+38 -3.4e+38 -3.4e+38 -3.4e+38 -3.4e+38 -3.4e+38 -3.4e+38 -3.4e+38 -3.4e+38 -3.4e+38 -3.4e+38 -3.4e+38 -3.4e+38
0.191506579518318 0.189013034105301 0.190670982003212 0.186740219593048 0.167636781930923 0.175891906023026 0.188587114214897 0.195637851953506 0.194865226745605 0.197765573859215 0.208235278725624 0.223131492733955 0.233227550983429 0.24110172688961 0.246456235647202 0.242940559983253 0.22601518034935 0.220904186367989 0.230820134282112 0.246515914797783 0.25694328546524 0.248853489756584 0.237958386540413 0.231890738010406 0.233116507530212 0.234875470399857 0.23869001865387 0.242014348506927 0.248865455389023 0.264500796794891 0.267509669065475 0.276025474071503 -3.4e+38 -3.4e+38 -3.4e+38 -3.4e+38 -3.4e+38 -3.4e+38 -3.4e+38 -3.4e+38 -3.4e+38 -3.4e+38 -3.4e+38 -3.4e+38 -3.4e+38
0.186675861477852 0.179722145199776 0.175086945295334 0.173624143004417 0.173545092344284 0.188147470355034 0.191209226846695 0.191676706075668 0.193688556551933 0.196232259273529 0.206440284848213 0.221525758504868 0.233168184757233 0.240050435066223 0.245863690972328 0.245627254247665 0.232364729046822 0.21605609357357 0.224904984235764 0.240580573678017 0.247148916125298 0.235774844884872 0.229623034596443 0.230609729886055 0.232722982764244 0.228911712765694 0.234921336174011 0.237036526203156 0.245585843920708 0.274394869804382 0.276480436325073 0.276140868663788 -3.4e+38 -3.4e+38 -3.4e+38 -3.4e+38 -3.4e+38 -3.4e+38 -3.4e+38 -3.4e+38 -3.4e+38 -3.4e+38 -3.4e+38 -3.4e+38 -3.4e+38
0.209665611386299 0.196511074900627 0.187327474355698 0.185860633850098 0.193804666399956 0.203313261270523 0.199179366230965 0.203934490680695 0.207415461540222 0.203191712498665 0.203587263822556 0.217706874012947 0.231787383556366 0.236086785793304 0.244477763772011 0.243475094437599 0.234696313738823 0.216593086719513 0.218746721744537 0.22759136557579 0.232591971755028 0.226081684231758 0.223837926983833 0.229527205228806 0.232721403241158 0.230734720826149 0.238377913832664 0.245677411556244 0.261790990829468 0.292180359363556 0.317285865545273 0.319908529520035 -3.4e+38 -3.4e+38 -3.4e+38 -3.4e+38 -3.4e+38 -3.4e+38 -3.4e+38 -3.4e+38 -3.4e+38 -3.4e+38 -3.4e+38 -3.4e+38 -3.4e+38
0.230028659105301 0.223767206072807 0.220473363995552 0.214568182826042 0.209118843078613 0.207143321633339 0.20596632361412 0.222030267119408 0.228003263473511 0.222298666834831 0.216403231024742 0.222385451197624 0.22016541659832 0.217795014381409 0.229022666811943 0.224373131990433 0.212492227554321 0.20995981991291 0.225901916623116 0.222295418381691 0.219380334019661 0.222536712884903 0.231335952877998 0.233954772353172 0.228159978985786 0.231830775737762 0.248459666967392 0.260514765977859 0.27666836977005 0.314155906438828 0.357472121715546 0.359302908182144 -3.4e+38 -3.4e+38 -3.4e+38 -3.4e+38 -3.4e+38 -3.4e+38 -3.4e+38 -3.4e+38 -3.4e+38 -3.4e+38 -3.4e+38 -3.4e+38 -3.4e+38
0.24427118897438 0.24142661690712 0.229205712676048 0.216881886124611 0.212486445903778 0.212310522794724 0.217670023441315 0.237766861915588 0.238102316856384 0.226409733295441 0.214919313788414 0.219039604067802 0.204056993126869 0.193267896771431 0.194060251116753 0.195008367300034 0.188695937395096 0.199832633137703 0.222650066018105 0.219810202717781 0.209615767002106 0.210970863699913 0.22040793299675 0.222561255097389 0.227857887744904 0.238994985818863 0.256295174360275 0.264064133167267 0.269702464342117 0.298691928386688 0.33958625793457 0.358052760362625 0.34621074795723 -3.4e+38 -3.4e+38 -3.4e+38 -3.4e+38 -3.4e+38 -3.4e+38 -3.4e+38 -3.4e+38 -3.4e+38 -3.4e+38 -3.4e+38 -3.4e+38
0.249192267656326 0.248786404728889 0.244670376181602 0.233306229114532 0.226239994168282 0.2290910333395 0.239178255200386 0.251851469278336 0.237590506672859 0.215456441044807 0.20489202439785 0.209865897893906 0.196093842387199 0.195993259549141 0.202709391713142 0.209082216024399 0.199757322669029 0.206290379166603 0.2203349173069 0.229375511407852 0.229503959417343 0.226114138960838 0.221310183405876 0.221463441848755 0.239823624491692 0.243702128529549 0.247365206480026 0.257618635892868 0.274912565946579 0.279151141643524 0.305644124746323 0.330855309963226 0.337728679180145 -3.4e+38 -3.4e+38 -3.4e+38 -3.4e+38 -3.4e+38 -3.4e+38 -3.4e+38 -3.4e+38 -3.4e+38 -3.4e+38 -3.4e+38 -3.4e+38
0.261330157518387 0.261587977409363 0.260431498289108 0.256459265947342 0.252254813909531 0.261567115783691 0.275248259305954 0.272682458162308 0.238170027732849 0.198282584547997 0.192542418837547 0.197337627410889 0.194081395864487 0.222190648317337 0.225521996617317 0.227533608675003 0.230189368128777 0.236588463187218 0.24787437915802 0.253648638725281 0.248682737350464 0.232146218419075 0.221843913197517 0.230648964643478 0.253495126962662 0.254087090492249 0.2587631046772 0.27991309762001 0.30232048034668 0.289661079645157 0.311451435089111 0.337265104055405 0.346901208162308 -3.4e+38 -3.4e+38 -3.4e+38 -3.4e+38 -3.4e+38 -3.4e+38 -3.4e+38 -3.4e+38 -3.4e+38 -3.4e+38 -3.4e+38 -3.4e+38
0.278647065162659 0.273415863513947 0.267944514751434 0.269419133663177 0.276829451322556 0.291035741567612 0.309653490781784 0.294906288385391 0.245970785617828 0.187109217047691 0.189967975020409 0.192849472165108 0.196576163172722 0.226488426327705 0.227277517318726 0.230662882328033 0.239754676818848 0.244271025061607 0.256440699100494 0.270055800676346 0.261350929737091 0.228772386908531 0.213934555649757 0.226509124040604 0.256896197795868 0.282889783382416 0.297196090221405 0.322004199028015 0.348401546478271 0.358135163784027 0.36727249622345 0.376197934150696 0.376592725515366 -3.4e+38 -3.4e+38 -3.4e+38 -3.4e+38 -3.4e+38 -3.4e+38 -3.4e+38 -3.4e+38 -3.4e+38 -3.4e+38 -3.4e+38 -3.4e+38
0.288274735212326 0.277622163295746 0.264311701059341 0.270134538412094 0.280428677797318 0.293636441230774 0.318603366613388 0.305352240800858 0.264843881130219 0.21820904314518 0.218071863055229 0.201861977577209 0.192633852362633 0.20254710316658 0.216877102851868 0.220586493611336 0.220300495624542 0.226059004664421 0.247818574309349 0.27195417881012 0.262778580188751 0.230674460530281 0.214658230543137 0.233467593789101 0.272059708833694 0.312804162502289 0.339103788137436 0.352057963609695 0.376118689775467 0.392871171236038 0.39760410785675 0.406546533107758 0.404577881097794 0.397283345460892 -3.4e+38 -3.4e+38 -3.4e+38 -3.4e+38 -3.4e+38 -3.4e+38 -3.4e+38 -3.4e+38 -3.4e+38 -3.4e+38 -3.4e+38
0.282955348491669 0.284512549638748 0.286932289600372 0.275165438652039 0.265756100416183 0.271519511938095 0.288241803646088 0.270336538553238 0.242948532104492 0.226313650608063 0.230167865753174 0.208664923906326 0.183751776814461 0.184951275587082 0.209190964698792 0.212375223636627 0.210313215851784 0.217112392187119 0.235226824879646 0.24684065580368 0.244141653180122 0.234352827072144 0.227448061108589 0.240804895758629 0.279320269823074 0.317827880382538 0.337918400764465 0.338852137327194 0.371437788009644 0.390484243631363 0.400672554969788 0.412588834762573 0.398303419351578 0.375028550624847 -3.4e+38 -3.4e+38 -3.4e+38 -3.4e+38 -3.4e+38 -3.4e+38 -3.4e+38 -3.4e+38 -3.4e+38 -3.4e+38 -3.4e+38
0.289796084165573 0.287101924419403 0.286062926054001 0.265485107898712 0.242028549313545 0.24255308508873 0.24868243932724 0.229184746742249 0.217134267091751 0.22266873717308 0.227460965514183 0.212535575032234 0.196616604924202 0.189685642719269 0.191922232508659 0.194704726338387 0.210874632000923 0.229430109262466 0.233369141817093 0.22161902487278 0.218945443630219 0.226532384753227 0.230833366513252 0.238221004605293 0.265829801559448 0.301680117845535 0.324034720659256 0.332493901252747 0.357387214899063 0.365061938762665 0.378603935241699 0.389101296663284 0.373989850282669 0.35435876250267 -3.4e+38 -3.4e+38 -3.4e+38 -3.4e+38 -3.4e+38 -3.4e+38 -3.4e+38 -3.4e+38 -3.4e+38 -3.4e+38 -3.4e+38
0.285282790660858 0.282654941082001 0.266715615987778 0.248341619968414 0.236845180392265 0.224896356463432 0.220874860882759 0.209429785609245 0.20143823325634 0.218545824289322 0.224773481488228 0.216345995664597 0.201801046729088 0.19896100461483 0.181543275713921 0.179070353507996 0.205621525645256 0.22603340446949 0.221993401646614 0.206823945045471 0.201589062809944 0.212811931967735 0.224165305495262 0.244344875216484 0.278338521718979 0.301519423723221 0.317526519298553 0.33036270737648 0.340830385684967 0.332798153162003 0.330469906330109 0.330656200647354 0.330833256244659 0.338303059339523 -3.4e+38 -3.4e+38 -3.4e+38 -3.4e+38 -3.4e+38 -3.4e+38 -3.4e+38 -3.4e+38 -3.4e+38 -3.4e+38 -3.4e+38
0.2818863093853 0.290013670921326 0.270751476287842 0.245411559939384 0.226432159543037 0.211953014135361 0.213013768196106 0.208291098475456 0.200493007898331 0.222640305757523 0.221521183848381 0.217824026942253 0.211242690682411 0.212594985961914 0.194961056113243 0.194688066840172 0.213992640376091 0.225545942783356 0.220449224114418 0.209613829851151 0.201739504933357 0.207843333482742 0.23784627020359 0.260330319404602 0.280522704124451 0.294193774461746 0.310170710086823 0.320261836051941 0.324329257011414 0.315826624631882 0.294757664203644 0.276298820972443 0.286193907260895 0.312794357538223 0.290289402008057 -3.4e+38 -3.4e+38 -3.4e+38 -3.4e+38 -3.4e+38 -3.4e+38 -3.4e+38 -3.4e+38 -3.4e+38 -3.4e+38
0.285274535417557 0.281517654657364 0.259190618991852 0.23733626306057 0.220875650644302 0.21221786737442 0.208023399114609 0.203540876507759 0.205308139324188 0.217289760708809 0.214252263307571 0.218842193484306 0.217435240745544 0.211595013737679 0.222459584474564 0.209977865219116 0.209723815321922 0.218391552567482 0.224740162491798 0.223831534385681 0.209627911448479 0.20880563557148 0.246852144598961 0.263468623161316 0.270786017179489 0.278943479061127 0.295944422483444 0.301881968975067 0.313630968332291 0.309751778841019 0.279610902070999 0.24572417140007 0.242514133453369 0.257838189601898 0.269518285989761 -3.4e+38 -3.4e+38 -3.4e+38 -3.4e+38 -3.4e+38 -3.4e+38 -3.4e+38 -3.4e+38 -3.4e+38 -3.4e+38
0.280176192522049 0.266664296388626 0.25298336148262 0.239754736423492 0.22773502767086 0.220599159598351 0.214413642883301 0.211127415299416 0.207660406827927 0.205821543931961 0.203652814030647 0.206417113542557 0.2135209441185 0.220226183533669 0.228509858250618 0.209828659892082 0.200551420450211 0.20666429400444 0.218539610505104 0.22171014547348 0.207043945789337 0.222606644034386 0.2616947889328 0.27170667052269 0.268078327178955 0.287300735712051 0.308650135993958 0.305002987384796 0.316512912511826 0.308039784431458 0.282987356185913 0.255889326334 0.241891384124756 0.2445417791605 0.267203152179718 0.305690735578537 -3.4e+38 -3.4e+38 -3.4e+38 -3.4e+38 -3.4e+38 -3.4e+38 -3.4e+38 -3.4e+38 -3.4e+38
