data/trimmed_ndre/J_ndre.75.2011_no_clouds.asc
NCOLS 141 
NROWS 118 
XLLCORNER 516845 
YLLCORNER 5169015 
CELLSIZE 5 
NODATA_value -3.4e+38 
[rows 20 to 39 of 118, columns 0 to 44 of 141]
-3.4e+38 -3.4e+38 -3.4e+38 -3.4e+38 -3.4e+38 -3.4e+38 -3.4e+38 -3.4e+38 -3.4e+38 -3.4e+38 -3.4e+38 -3.4e+38 -3.4e+38 -3.4e+38 -3.4e+38 -3.4e+38 -3.4e+38 -3.4e+38 -3.4e+38 -3.4e+38 -3.4e+38 -3.4e+38 -3.4e+38 -3.4e+38 -3.4e+38 -3.4e+38 -3.4e+38 -3.4e+38 -3.4e+38 -3.4e+38 -3.4e+38 -3.4e+38 -3.4e+38 -3.4e+38 -3.4e+38 -3.4e+38 0.457279354333878 0.461900234222412 0.478981524705887 0.503535687923431 0.511878669261932 0.52397233247757 0.536241948604584 0.548348844051361 0.562464952468872
-3.4e+38 -3.4e+38 -3.4e+38 -3.4e+38 -3.4e+38 -3.4e+38 -3.4e+38 -3.4e+38 -3.4e+38 -3.4e+38 -3.4e+38 -3.4e+38 -3.4e+38 -3.4e+38 -3.4e+38 -3.4e+38 -3.4e+38 -3.4e+38 -3.4e+38 -3.4e+38 -3.4e+38 -3.4e+38 -3.4e+38 -3.4e+38 -3.4e+38 -3.4e+38 -3.4e+38 -3.4e+38 -3.4e+38 -3.4e+38 -3.4e+38 -3.4e+38 -3.4e+38 -3.4e+38 -3.4e+38 0.472614109516144 0.50018435716629 0.496936857700348 0.507198989391327 0.520534217357635 0.509252369403839 0.493960320949554 0.500363826751709 0.516518115997314 0.526251971721649
-3.4e+38 -3.4e+38 -3.4e+38 -3.4e+38 -3.4e+38 -3.4e+38 -3.4e+38 -3.4e+38 -3.4e+38 -3.4e+38 -3.4e+38 -3.4e+38 -3.4e+38 -3.4e+38 -3.4e+38 -3.4e+38 -3.4e+38 -3.4e+38 -3.4e+38 -3.4e+38 -3.4e+38 -3.4e+38 -3.4e+38 -3.4e+38 -3.4e+38 -3.4e+38 -3.4e+38 -3.4e+38 -3.4e+38 -3.4e+38 -3.4e+38 -3.4e+38 -3.4e+38 -3.4e+38 0.429531991481781 0.498903721570969 0.527647435665131 0.522755801677704 0.519953191280365 0.514683485031128 0.491590291261673 0.465608596801758 0.474449872970581 0.496500372886658 0.511350870132446
-3.4e+38 -3.4e+38 -3.4e+38 -3.4e+38 -3.4e+38 -3.4e+38 -3.4e+38 -3.4e+38 -3.4e+38 -3.4e+38 -3.4e+38 -3.4e+38 -3.4e+38 -3.4e+38 -3.4e+38 -3.4e+38 -3.4e+38 -3.4e+38 -3.4e+38 -3.4e+38 -3.4e+38 -3.4e+38 -3.4e+38 -3.4e+38 -3.4e+38 -3.4e+38 -3.4e+38 -3.4e+38 -3.4e+38 -3.4e+38 -3.4e+38 -3.4e+38 -3.4e+38 0.404576450586319 0.451263189315796 0.487329006195068 0.51159256696701 0.514123201370239 0.496587127447128 0.496861696243286 0.496910125017166 0.48357492685318 0.49070206284523 0.519599318504333 0.53996753692627
-3.4e+38 -3.4e+38 -3.4e+38 -3.4e+38 -3.4e+38 -3.4e+38 -3.4e+38 -3.4e+38 -3.4e+38 -3.4e+38 -3.4e+38 -3.4e+38 -3.4e+38 -3.4e+38 -3.4e+38 -3.4e+38 -3.4e+38 -3.4e+38 -3.4e+38 -3.4e+38 -3.4e+38 -3.4e+38 -3.4e+38 -3.4e+38 -3.4e+38 -3.4e+38 -3.4e+38 -3.4e+38 -3.4e+38 -3.4e+38 -3.4e+38 0.440196931362152 0.451305568218231 0.469902008771896 0.47360360622406 0.470155626535416 0.484959691762924 0.484069317579269 0.472741186618805 0.487008720636368 0.505158483982086 0.512919366359711 0.525740027427673 0.54368668794632 0.547896265983582
-3.4e+38 -3.4e+38 -3.4e+38 -3.4e+38 -3.4e+38 -3.4e+38 -3.4e+38 -3.4e+38 -3.4e+38 -3.4e+38 -3.4e+38 -3.4e+38 -3.4e+38 -3.4e+38 -3.4e+38 -3.4e+38 -3.4e+38 -3.4e+38 -3.4e+38 -3.4e+38 -3.4e+38 -3.4e+38 -3.4e+38 -3.4e+38 -3.4e+38 -3.4e+38 -3.4e+38 -3.4e+38 -3.4e+38 -3.4e+38 0.446583211421967 0.465204298496246 0.480041682720184 0.492787063121796 0.482122600078583 0.475552618503571 0.493561983108521 0.489123314619064 0.485271632671356 0.504319667816162 0.517195701599121 0.528655230998993 0.537867307662964 0.546838998794556 0.546969532966614
-3.4e+38 -3.4e+38 -3.4e+38 -3.4e+38 -3.4e+38 -3.4e+38 -3.4e+38 -3.4e+38 -3.4e+38 -3.4e+38 -3.4e+38 -3.4e+38 -3.4e+38 -3.4e+38 -3.4e+38 -3.4e+38 -3.4e+38 -3.4e+38 -3.4e+38 -3.4e+38 -3.4e+38 -3.4e+38 -3.4e+38 -3.4e+38 -3.4e+38 -3.4e+38 -3.4e+38 -3.4e+38 -3.4e+38 0.426070541143417 0.439875513315201 0.447227627038956 0.450995057821274 0.459752768278122 0.461929798126221 0.464937657117844 0.4810711145401 0.497987478971481 0.509873986244202 0.524106502532959 0.529000401496887 0.535972476005554 0.536961674690247 0.538487732410431 0.539950966835022
-3.4e+38 -3.4e+38 -3.4e+38 -3.4e+38 -3.4e+38 -3.4e+38 -3.4e+38 -3.4e+38 -3.4e+38 -3.4e+38 -3.4e+38 -3.4e+38 -3.4e+38 -3.4e+38 -3.4e+38 -3.4e+38 -3.4e+38 -3.4e+38 -3.4e+38 -3.4e+38 -3.4e+38 -3.4e+38 -3.4e+38 -3.4e+38 -3.4e+38 -3.4e+38 0.320468991994858 0.356452614068985 0.390805810689926 0.404176831245422 0.416255444288254 0.427067458629608 0.434479087591171 0.445569723844528 0.463717639446259 0.469894170761108 0.480949938297272 0.507531046867371 0.525313854217529 0.529766499996185 0.530239284038544 0.532418787479401 0.530631542205811 0.524606943130493 0.523757100105286
-3.4e+38 -3.4e+38 -3.4e+38 -3.4e+38 -3.4e+38 -3.4e+38 -3.4e+38 -3.4e+38 -3.4e+38 -3.4e+38 -3.4e+38 -3.4e+38 -3.4e+38 -3.4e+38 -3.4e+38 -3.4e+38 -3.4e+38 -3.4e+38 -3.4e+38 -3.4e+38 -3.4e+38 -3.4e+38 -3.4e+38 0.244836494326591 0.272692263126373 0.31123486161232 0.332998663187027 0.348596483469009 0.371572107076645 0.382104754447937 0.397050559520721 0.417256623506546 0.427962809801102 0.443622022867203 0.473470121622086 0.489951819181442 0.49155205488205 0.507287859916687 0.528429329395294 0.529810190200806 0.521812260150909 0.52439284324646 0.528428852558136 0.520214557647705 0.513355135917664
-3.4e+38 -3.4e+38 -3.4e+38 -3.4e+38 -3.4e+38 -3.4e+38 -3.4e+38 -3.4e+38 -3.4e+38 -3.4e+38 -3.4e+38 -3.4e+38 -3.4e+38 -3.4e+38 -3.4e+38 -3.4e+38 -3.4e+38 -3.4e+38 -3.4e+38 0.151921838521957 0.141634315252304 0.154516831040382 0.18233834207058 0.221641942858696 0.256803005933762 0.296397566795349 0.33536159992218 0.354225128889084 0.36602059006691 0.379310429096222 0.394374012947083 0.410556674003601 0.424783110618591 0.441027700901031 0.465840578079224 0.482589721679688 0.487836331129074 0.494082003831863 0.512995362281799 0.519589066505432 0.517437994480133 0.522380113601685 0.528690695762634 0.523927211761475 0.516171514987946
-3.4e+38 -3.4e+38 -3.4e+38 -3.4e+38 -3.4e+38 -3.4e+38 -3.4e+38 -3.4e+38 -3.4e+38 -3.4e+38 -3.4e+38 -3.4e+38 -3.4e+38 -3.4e+38 -3.4e+38 -3.4e+38 0.130318254232407 0.14404334127903 0.149319887161255 0.146566674113274 0.139522090554237 0.135415822267532 0.160640075802803 0.190572053194046 0.210141912102699 0.244936719536781 0.298947542905807 0.337656199932098 0.343089729547501 0.349578738212585 0.374083310365677 0.39482170343399 0.410212248563766 0.431611984968185 0.439928978681564 0.450256258249283 0.470937758684158 0.480670213699341 0.488082468509674 0.493179738521576 0.499838650226593 0.51362133026123 0.513522088527679 0.509709179401398 0.512879312038422
-3.4e+38 -3.4e+38 -3.4e+38 -3.4e+38 -3.4e+38 -3.4e+38 -3.4e+38 -3.4e+38 -3.4e+38 -3.4e+38 -3.4e+38 -3.4e+38 -3.4e+38 0.161325633525848 0.161016002297401 0.150986582040787 0.132695809006691 0.134215623140335 0.139874398708344 0.146856233477592 0.147456526756287 0.1368637830019 0.144999489188194 0.157656475901604 0.163159728050232 0.197852864861488 0.231182515621185 0.263939529657364 0.292218953371048 0.30379131436348 0.328651487827301 0.360233545303345 0.385792821645737 0.420395404100418 0.419993937015533 0.416979402303696 0.445054650306702 0.460143715143204 0.457362711429596 0.457600206136703 0.470857948064804 0.486329764127731 0.483866989612579 0.478887975215912 0.490347802639008
-3.4e+38 -3.4e+38 -3.4e+38 -3.4e+38 -3.4e+38 -3.4e+38 -3.4e+38 -3.4e+38 -3.4e+38 -3.4e+38 -3.4e+38 -3.4e+38 0.158690363168716 0.157278627157211 0.143851563334465 0.166471347212791 0.169132903218269 0.144469946622849 0.138376489281654 0.145006388425827 0.144606798887253 0.139493957161903 0.137299284338951 0.151461243629456 0.159807905554771 0.150356024503708 0.177716851234436 0.195311278104782 0.221913784742355 0.24719175696373 0.284180700778961 0.336888998746872 0.385119676589966 0.402163505554199 0.407557904720306 0.407156467437744 0.421625554561615 0.440138667821884 0.435834646224976 0.438381403684616 0.456831276416779 0.462851881980896 0.462671339511871 0.462946802377701 0.471788495779037
-3.4e+38 -3.4e+38 -3.4e+38 -3.4e+38 -3.4e+38 -3.4e+38 -3.4e+38 -3.4e+38 -3.4e+38 -3.4e+38 0.176485374569893 0.174947395920753 0.161688283085823 0.148557037115097 0.131971657276154 0.133152723312378 0.152204602956772 0.15681380033493 0.141848593950272 0.127055242657661 0.131574064493179 0.145270213484764 0.163278713822365 0.151918053627014 0.14024618268013 0.133200630545616 0.156560674309731 0.153708472847939 0.158292874693871 0.188201233744621 0.221640929579735 0.257320135831833 0.31159183382988 0.337295144796371 0.362184405326843 0.386858552694321 0.402828961610794 0.421934992074966 0.441920757293701 0.454670637845993 0.451171219348907 0.449878931045532 0.454435080289841 0.46843495965004 0.478115797042847
-3.4e+38 -3.4e+38 -3.4e+38 -3.4e+38 -3.4e+38 -3.4e+38 -3.4e+38 -3.4e+38 -3.4e+38 0.191994741559029 0.185736566781998 0.188388004899025 0.157948940992355 0.16781122982502 0.149603992700577 0.124010637402534 0.162750750780106 0.171091586351395 0.145752176642418 0.126703813672066 0.137795865535736 0.16126312315464 0.164665222167969 0.137066185474396 0.141732841730118 0.151857107877731 0.151180505752563 0.135341137647629 0.149452164769173 0.170843064785004 0.173277705907822 0.174611777067184 0.211814552545547 0.243803858757019 0.259959757328033 0.305044442415237 0.341953337192535 0.364141255617142 0.38979035615921 0.398969173431396 0.400501191616058 0.416207492351532 0.425244927406311 0.429909497499466 0.407601743936539
-3.4e+38 -3.4e+38 -3.4e+38 -3.4e+38 -3.4e+38 -3.4e+38 -3.4e+38 -3.4e+38 0.234273374080658 0.206310227513313 0.198371171951294 0.184558972716331 0.164370819926262 0.160629764199257 0.149109706282616 0.139030084013939 0.153045073151588 0.176067546010017 0.173188924789429 0.152085840702057 0.145711794495583 0.140888884663582 0.14938785135746 0.152095094323158 0.157593905925751 0.162568911910057 0.154187828302383 0.130959063768387 0.15889735519886 0.178393095731735 0.157103031873703 0.142399996519089 0.159299522638321 0.189908906817436 0.204648330807686 0.210178792476654 0.23170417547226 0.252045929431915 0.25758969783783 0.267890244722366 0.287359654903412 0.300817638635635 0.305087089538574 0.297340244054794 0.25688710808754
-3.4e+38 -3.4e+38 -3.4e+38 -3.4e+38 -3.4e+38 -3.4e+38 0.255984842777252 0.236607313156128 0.226584523916245 0.22105585038662 0.192752584815025 0.162760153412819 0.151942729949951 0.161254346370697 0.152497634291649 0.139561057090759 0.137611404061317 0.179911896586418 0.190619394183159 0.178400442004204 0.164764806628227 0.147026464343071 0.151438817381859 0.153150364756584 0.144835814833641 0.149992942810059 0.144744649529457 0.143587842583656 0.176944404840469 0.186612904071808 0.153916016221046 0.134831845760345 0.143920630216599 0.147364661097527 0.154234737157822 0.147321835160255 0.150894194841385 0.164298698306084 0.173471704125404 0.191923126578331 0.195760235190392 0.184180393815041 0.178160145878792 0.173522606492043 0.157783299684525
-3.4e+38 -3.4e+38 -3.4e+38 -3.4e+38 -3.4e+38 0.309352397918701 0.305298149585724 0.251663327217102 0.22190235555172 0.213476821780205 0.188177034258842 0.159394964575768 0.156307950615883 0.174812436103821 0.143818035721779 0.141703903675079 0.162532731890678 0.183396518230438 0.19186894595623 0.191602483391762 0.180771812796593 0.175828546285629 0.160406872630119 0.148455038666725 0.139902547001839 0.133731544017792 0.137689411640167 0.150737911462784 0.170691937208176 0.174596086144447 0.156061202287674 0.139941483736038 0.14267560839653 0.133928045630455 0.151029512286186 0.154558390378952 0.143055185675621 0.135905414819717 0.136995300650597 0.151798561215401 0.146695777773857 0.14443351328373 0.150414794683456 0.154545173048973 0.150629699230194
-3.4e+38 -3.4e+38 -3.4e+38 -3.4e+38 0.370904386043549 0.368160605430603 0.348381847143173 0.304080873727798 0.269433677196503 0.250031381845474 0.230017974972725 0.213557943701744 0.21541003882885 0.206519931554794 0.171531572937965 0.147782012820244 0.150571167469025 0.166701585054398 0.169139996170998 0.184050396084785 0.166190266609192 0.144833415746689 0.156205490231514 0.17938244342804 0.171366050839424 0.145892322063446 0.145506918430328 0.147839292883873 0.157448172569275 0.160657703876495 0.161979138851166 0.160405114293098 0.148798614740372 0.144131124019623 0.160095274448395 0.153135508298874 0.141698494553566 0.155271828174591 0.153941184282303 0.143625155091286 0.13753168284893 0.143552914261818 0.150744363665581 0.151695117354393 0.141800373792648
-3.4e+38 -3.4e+38 0.395138382911682 0.419197827577591 0.435193866491318 0.420165181159973 0.418656319379807 0.408619552850723 0.395326048135757 0.376618325710297 0.359242588281631 0.334627985954285 0.333606243133545 0.309094548225403 0.267543435096741 0.233700186014175 0.221996709704399 0.204272389411926 0.19120816886425 0.196450397372246 0.182153686881065 0.146632298827171 0.149349451065063 0.184891819953918 0.183066353201866 0.160475671291351 0.154784843325615 0.149619936943054 0.156527027487755 0.158982679247856 0.151954516768456 0.151185944676399 0.146771520376205 0.148330613970757 0.168665990233421 0.151261135935783 0.146851435303688 0.173328429460526 0.165723472833633 0.162925362586975 0.159002304077148 0.156825631856918 0.147873878479004 0.147891834378242 0.152251794934273
