data/trimmed_ndre/J_ndre.618.2015.asc
NCOLS 141 
NROWS 118 
XLLCORNER 516845 
YLLCORNER 5169015 
CELLSIZE 5 
NODATA_value -3.4e+38 
[rows 20 to 39 of 118, columns 0 to 44 of 141]
-3.4e+38 -3.4e+38 -3.4e+38 -3.4e+38 -3.4e+38 -3.4e+38 -3.4e+38 -3.4e+38 -3.4e+38 -3.4e+38 -3.4e+38 -3.4e+38 -3.4e+38 -3.4e+38 -3.4e+38 -3.4e+38 -3.4e+38 -3.4e+38 -3.4e+38 -3.4e+38 -3.4e+38 -3.4e+38 -3.4e+38 -3.4e+38 -3.4e+38 -3.4e+38 -3.4e+38 -3.4e+38 -3.4e+38 -3.4e+38 -3.4e+38 -3.4e+38 -3.4e+38 -3.4e+38 -3.4e+38 -3.4e+38 0.512464761734009 0.51046085357666 0.517156779766083 0.52863335609436 0.53551310300827 0.542379796504974 0.549468278884888 0.553690254688263 0.555019199848175
-3.4e+38 -3.4e+38 -3.4e+38 -3.4e+38 -3.4e+38 -3.4e+38 -3.4e+38 -3.4e+38 -3.4e+38 -3.4e+38 -3.4e+38 -3.4e+38 -3.4e+38 -3.4e+38 -3.4e+38 -3.4e+38 -3.4e+38 -3.4e+38 -3.4e+38 -3.4e+38 -3.4e+38 -3.4e+38 -3.4e+38 -3.4e+38 -3.4e+38 -3.4e+38 -3.4e+38 -3.4e+38 -3.4e+38 -3.4e+38 -3.4e+38 -3.4e+38 -3.4e+38 -3.4e+38 -3.4e+38 0.5324786901474 0.528925538063049 0.526408553123474 0.528158068656921 0.529729425907135 0.530318677425385 0.531597495079041 0.538901507854462 0.544367849826813 0.548711121082306
-3.4e+38 -3.4e+38 -3.4e+38 -3.4e+38 -3.4e+38 -3.4e+38 -3.4e+38 -3.4e+38 -3.4e+38 -3.4e+38 -3.4e+38 -3.4e+38 -3.4e+38 -3.4e+38 -3.4e+38 -3.4e+38 -3.4e+38 -3.4e+38 -3.4e+38 -3.4e+38 -3.4e+38 -3.4e+38 -3.4e+38 -3.4e+38 -3.4e+38 -3.4e+38 -3.4e+38 -3.4e+38 -3.4e+38 -3.4e+38 -3.4e+38 -3.4e+38 -3.4e+38 -3.4e+38 0.536832988262177 0.539694964885712 0.540115177631378 0.536757230758667 0.537134885787964 0.529420375823975 0.52210408449173 0.518024027347565 0.521947979927063 0.530979096889496 0.53830349445343
-3.4e+38 -3.4e+38 -3.4e+38 -3.4e+38 -3.4e+38 -3.4e+38 -3.4e+38 -3.4e+38 -3.4e+38 -3.4e+38 -3.4e+38 -3.4e+38 -3.4e+38 -3.4e+38 -3.4e+38 -3.4e+38 -3.4e+38 -3.4e+38 -3.4e+38 -3.4e+38 -3.4e+38 -3.4e+38 -3.4e+38 -3.4e+38 -3.4e+38 -3.4e+38 -3.4e+38 -3.4e+38 -3.4e+38 -3.4e+38 -3.4e+38 -3.4e+38 -3.4e+38 0.52966833114624 0.521509647369385 0.526473820209503 0.52681964635849 0.529570281505585 0.535236775875092 0.524000287055969 0.516544580459595 0.513439774513245 0.517294645309448 0.532083094120026 0.535926043987274
-3.4e+38 -3.4e+38 -3.4e+38 -3.4e+38 -3.4e+38 -3.4e+38 -3.4e+38 -3.4e+38 -3.4e+38 -3.4e+38 -3.4e+38 -3.4e+38 -3.4e+38 -3.4e+38 -3.4e+38 -3.4e+38 -3.4e+38 -3.4e+38 -3.4e+38 -3.4e+38 -3.4e+38 -3.4e+38 -3.4e+38 -3.4e+38 -3.4e+38 -3.4e+38 -3.4e+38 -3.4e+38 -3.4e+38 -3.4e+38 -3.4e+38 0.514081239700317 0.52681964635849 0.518438041210175 0.500667095184326 0.49742066860199 0.496546298265457 0.509142220020294 0.520634174346924 0.515353083610535 0.517568826675415 0.514249563217163 0.516699016094208 0.533227145671844 0.534391939640045
-3.4e+38 -3.4e+38 -3.4e+38 -3.4e+38 -3.4e+38 -3.4e+38 -3.4e+38 -3.4e+38 -3.4e+38 -3.4e+38 -3.4e+38 -3.4e+38 -3.4e+38 -3.4e+38 -3.4e+38 -3.4e+38 -3.4e+38 -3.4e+38 -3.4e+38 -3.4e+38 -3.4e+38 -3.4e+38 -3.4e+38 -3.4e+38 -3.4e+38 -3.4e+38 -3.4e+38 -3.4e+38 -3.4e+38 -3.4e+38 0.509956359863281 0.507192850112915 0.501361608505249 0.49027007818222 0.47935950756073 0.472125768661499 0.467194646596909 0.483047991991043 0.494874894618988 0.499862730503082 0.512347042560577 0.510344326496124 0.516293346881866 0.529011607170105 0.529593229293823
-3.4e+38 -3.4e+38 -3.4e+38 -3.4e+38 -3.4e+38 -3.4e+38 -3.4e+38 -3.4e+38 -3.4e+38 -3.4e+38 -3.4e+38 -3.4e+38 -3.4e+38 -3.4e+38 -3.4e+38 -3.4e+38 -3.4e+38 -3.4e+38 -3.4e+38 -3.4e+38 -3.4e+38 -3.4e+38 -3.4e+38 -3.4e+38 -3.4e+38 -3.4e+38 -3.4e+38 -3.4e+38 -3.4e+38 0.511000871658325 0.511879801750183 0.507321357727051 0.496161073446274 0.476134538650513 0.465059071779251 0.459746569395065 0.456600308418274 0.466317564249039 0.474812388420105 0.48797008395195 0.505098938941956 0.50804203748703 0.51570463180542 0.520095527172089 0.52073472738266
-3.4e+38 -3.4e+38 -3.4e+38 -3.4e+38 -3.4e+38 -3.4e+38 -3.4e+38 -3.4e+38 -3.4e+38 -3.4e+38 -3.4e+38 -3.4e+38 -3.4e+38 -3.4e+38 -3.4e+38 -3.4e+38 -3.4e+38 -3.4e+38 -3.4e+38 -3.4e+38 -3.4e+38 -3.4e+38 -3.4e+38 -3.4e+38 -3.4e+38 -3.4e+38 0.49000483751297 0.483583033084869 0.484376221895218 0.491369694471359 0.497813105583191 0.49765881896019 0.489096522331238 0.469398647546768 0.454410344362259 0.453791677951813 0.4570552110672 0.45948389172554 0.468264281749725 0.480619698762894 0.497426420450211 0.510634779930115 0.520484864711761 0.512720227241516 0.508765459060669
-3.4e+38 -3.4e+38 -3.4e+38 -3.4e+38 -3.4e+38 -3.4e+38 -3.4e+38 -3.4e+38 -3.4e+38 -3.4e+38 -3.4e+38 -3.4e+38 -3.4e+38 -3.4e+38 -3.4e+38 -3.4e+38 -3.4e+38 -3.4e+38 -3.4e+38 -3.4e+38 -3.4e+38 -3.4e+38 -3.4e+38 0.50743693113327 0.499297469854355 0.487398833036423 0.480236977338791 0.472449004650116 0.470644593238831 0.475819647312164 0.485115557909012 0.483010768890381 0.47208109498024 0.461376041173935 0.456880867481232 0.452689737081528 0.454030156135559 0.458714246749878 0.46959975361824 0.474203914403915 0.48615562915802 0.497514873743057 0.498996198177338 0.489897429943085 0.494587182998657
-3.4e+38 -3.4e+38 -3.4e+38 -3.4e+38 -3.4e+38 -3.4e+38 -3.4e+38 -3.4e+38 -3.4e+38 -3.4e+38 -3.4e+38 -3.4e+38 -3.4e+38 -3.4e+38 -3.4e+38 -3.4e+38 -3.4e+38 -3.4e+38 -3.4e+38 0.472810745239258 0.477246850728989 0.482761532068253 0.491508573293686 0.494815975427628 0.488184064626694 0.478419691324234 0.47041043639183 0.46384933590889 0.463866084814072 0.469907730817795 0.479569494724274 0.483139425516129 0.469704508781433 0.458922058343887 0.455211579799652 0.449822962284088 0.452955782413483 0.460344016551971 0.469682097434998 0.477480947971344 0.487083166837692 0.487768322229385 0.48024445772171 0.47373154759407 0.485594511032104
-3.4e+38 -3.4e+38 -3.4e+38 -3.4e+38 -3.4e+38 -3.4e+38 -3.4e+38 -3.4e+38 -3.4e+38 -3.4e+38 -3.4e+38 -3.4e+38 -3.4e+38 -3.4e+38 -3.4e+38 -3.4e+38 0.379791289567947 0.417227983474731 0.453863561153412 0.476877212524414 0.479596883058548 0.478378981351852 0.476489424705505 0.477295577526093 0.470923751592636 0.462928980588913 0.455581814050674 0.453281074762344 0.461417764425278 0.469594419002533 0.475193202495575 0.475648522377014 0.464682161808014 0.455715537071228 0.450550705194473 0.449169963598251 0.456349104642868 0.465663224458694 0.476160883903503 0.485724419355392 0.492224931716919 0.484977573156357 0.476948648691177 0.477060854434967 0.489272803068161
-3.4e+38 -3.4e+38 -3.4e+38 -3.4e+38 -3.4e+38 -3.4e+38 -3.4e+38 -3.4e+38 -3.4e+38 -3.4e+38 -3.4e+38 -3.4e+38 -3.4e+38 0.362831443548203 0.367473810911179 0.381987929344177 0.40464061498642 0.433162927627563 0.458194404840469 0.473310202360153 0.47468826174736 0.478632837533951 0.468945145606995 0.457152396440506 0.449526131153107 0.446363240480423 0.438624382019043 0.43776398897171 0.449457734823227 0.457965612411499 0.45692166686058 0.45841783285141 0.461288660764694 0.454141497612 0.4472835958004 0.447207510471344 0.45528319478035 0.464591383934021 0.475221872329712 0.486657291650772 0.494055867195129 0.486504733562469 0.480580508708954 0.479469060897827 0.483941078186035
-3.4e+38 -3.4e+38 -3.4e+38 -3.4e+38 -3.4e+38 -3.4e+38 -3.4e+38 -3.4e+38 -3.4e+38 -3.4e+38 -3.4e+38 -3.4e+38 0.379752278327942 0.396615207195282 0.413123965263367 0.420347779989243 0.434553533792496 0.457226067781448 0.474946290254593 0.486388087272644 0.487988293170929 0.475151687860489 0.450920611619949 0.434419333934784 0.428738355636597 0.432499408721924 0.426794767379761 0.423621892929077 0.428910970687866 0.438632726669312 0.437902122735977 0.446533560752869 0.459260016679764 0.458383232355118 0.453118711709976 0.453594475984573 0.458458751440048 0.463078647851944 0.46879917383194 0.478651463985443 0.483885854482651 0.476371228694916 0.470457285642624 0.46664109826088 0.46813029050827
-3.4e+38 -3.4e+38 -3.4e+38 -3.4e+38 -3.4e+38 -3.4e+38 -3.4e+38 -3.4e+38 -3.4e+38 -3.4e+38 0.377175211906433 0.378381252288818 0.39751535654068 0.42840650677681 0.458581060171127 0.456558555364609 0.460163533687592 0.480550587177277 0.505769789218903 0.497445106506348 0.481249958276749 0.460408002138138 0.435496777296066 0.419096052646637 0.412619322538376 0.412405282258987 0.410074830055237 0.408107995986938 0.41003406047821 0.417968153953552 0.427207201719284 0.438453108072281 0.446881532669067 0.450573265552521 0.451294481754303 0.457468658685684 0.460938394069672 0.461881250143051 0.464191079139709 0.473189324140549 0.474305987358093 0.468669652938843 0.465539932250977 0.455659985542297 0.455353856086731
-3.4e+38 -3.4e+38 -3.4e+38 -3.4e+38 -3.4e+38 -3.4e+38 -3.4e+38 -3.4e+38 -3.4e+38 0.42555359005928 0.41174104809761 0.415699779987335 0.432081580162048 0.460369974374771 0.490166634321213 0.496148347854614 0.502685189247131 0.513718366622925 0.522337198257446 0.494189500808716 0.468507617712021 0.448130905628204 0.434456408023834 0.418416917324066 0.406617760658264 0.403643548488617 0.405653834342957 0.406292408704758 0.401182144880295 0.401752918958664 0.409278303384781 0.417535722255707 0.42473828792572 0.431566089391708 0.439320176839828 0.452520936727524 0.457506954669952 0.459071695804596 0.461851686239243 0.470612108707428 0.467964857816696 0.466823607683182 0.46948504447937 0.462241917848587 0.467999815940857
-3.4e+38 -3.4e+38 -3.4e+38 -3.4e+38 -3.4e+38 -3.4e+38 -3.4e+38 -3.4e+38 0.433936893939972 0.437239438295364 0.436279982328415 0.441724956035614 0.458250671625137 0.482528984546661 0.500282347202301 0.503951787948608 0.512310326099396 0.516668677330017 0.509481132030487 0.481162399053574 0.461134880781174 0.444859653711319 0.430587470531464 0.418370932340622 0.40925407409668 0.409297943115234 0.413294315338135 0.416637629270554 0.407558768987656 0.401655316352844 0.407407373189926 0.418855577707291 0.415064305067062 0.410265058279037 0.416739821434021 0.432422608137131 0.440582871437073 0.446101486682892 0.453533321619034 0.463502675294876 0.46160414814949 0.466243147850037 0.471270650625229 0.471589624881744 0.482737630605698
-3.4e+38 -3.4e+38 -3.4e+38 -3.4e+38 -3.4e+38 -3.4e+38 0.4226154088974 0.427027612924576 0.434014886617661 0.43798902630806 0.439545720815659 0.44239005446434 0.453947395086288 0.473253905773163 0.486411541700363 0.494104593992233 0.502268254756927 0.497101813554764 0.480780273675919 0.458946585655212 0.442487984895706 0.441684305667877 0.43944388628006 0.433079093694687 0.425627619028091 0.423954635858536 0.417753577232361 0.405392557382584 0.390082150697708 0.392576783895493 0.402417629957199 0.41530966758728 0.41161984205246 0.392620980739594 0.3895143866539 0.402622044086456 0.418700516223907 0.431787669658661 0.44440022110939 0.452160894870758 0.450552701950073 0.456753611564636 0.463069051504135 0.470371931791306 0.485032886266708
-3.4e+38 -3.4e+38 -3.4e+38 -3.4e+38 -3.4e+38 0.450545459985733 0.450776308774948 0.450521111488342 0.447332322597504 0.439031422138214 0.43333774805069 0.439860761165619 0.456206738948822 0.475456118583679 0.487627744674683 0.492378115653992 0.491879671812057 0.483046293258667 0.470211327075958 0.455913037061691 0.445324212312698 0.44742950797081 0.453693956136703 0.455954134464264 0.448895931243896 0.433531612157822 0.418958723545074 0.400507599115372 0.382869958877563 0.382404804229736 0.387620002031326 0.387781202793121 0.388742238283157 0.391389459371567 0.394398152828217 0.398602813482285 0.407241851091385 0.421019405126572 0.439548820257187 0.444856613874435 0.440540820360184 0.442504435777664 0.452821612358093 0.462661147117615 0.473915219306946
-3.4e+38 -3.4e+38 -3.4e+38 -3.4e+38 0.468147665262222 0.458179026842117 0.460002303123474 0.468365162611008 0.472965270280838 0.471286624670029 0.461595177650452 0.458601862192154 0.46349424123764 0.476984202861786 0.496084421873093 0.504056930541992 0.505516290664673 0.501241564750671 0.494398981332779 0.480643302202225 0.46762627363205 0.460951894521713 0.463546574115753 0.468906432390213 0.463895350694656 0.445833414793015 0.424482762813568 0.402959555387497 0.383119016885757 0.375256538391113 0.399016171693802 0.403068900108337 0.400522083044052 0.401213109493256 0.405091553926468 0.404476970434189 0.404486417770386 0.409434288740158 0.429576486349106 0.442872047424316 0.445165008306503 0.442054152488708 0.445768356323242 0.451717615127563 0.452660977840424
-3.4e+38 -3.4e+38 0.444690197706223 0.463754296302795 0.447463989257812 0.424288958311081 0.418115109205246 0.436975717544556 0.445047676563263 0.446046352386475 0.44266751408577 0.44107922911644 0.439836382865906 0.452744603157043 0.474709659814835 0.482287853956223 0.488755822181702 0.4972003698349 0.507099568843842 0.509613692760468 0.498892515897751 0.487948477268219 0.483684897422791 0.486553996801376 0.480668097734451 0.463187754154205 0.437522768974304 0.411157667636871 0.388234674930573 0.383124232292175 0.402319997549057 0.410478860139847 0.4108667075634 0.409256398677826 0.408151388168335 0.400104224681854 0.405817180871964 0.416937977075577 0.430455565452576 0.443797498941422 0.449845463037491 0.446771681308746 0.434908300638199 0.432789266109467 0.423867702484131
