data/trimmed_ndre/J_ndre.715.2011_no_clouds.asc
NCOLS 141 
NROWS 118 
XLLCORNER 516845 
YLLCORNER 5169015 
CELLSIZE 5 
NODATA_value -3.4e+38 
[rows 80 to 99 of 118, columns 90 to 134 of 141]
0.308621138334274 0.41103920340538 0.502536594867706 0.530095100402832 0.517980098724365 0.477702856063843 0.459239840507507 0.479281932115555 0.504871189594269 0.497336149215698 0.454682350158691 0.398154407739639 0.312158554792404 0.238527044653893 0.20886355638504 0.178272008895874 0.169367268681526 0.176513120532036 0.175323486328125 0.195882946252823 0.21487432718277 0.212949141860008 0.204818040132523 0.195331573486328 0.201290547847748 0.233234629034996 0.242068454623222 0.279242545366287 0.297638595104218 0.263826668262482 0.286730021238327 0.289972722530365 0.317931771278381 0.398998826742172 0.446841418743134 0.474045842885971 0.47755566239357 0.473303556442261 0.464280903339386 0.484646558761597 0.499078631401062 0.499841570854187 -3.4e+38 -3.4e+38 -3.4e+38
0.312271684408188 0.396922260522842 0.483211636543274 0.515347063541412 0.515304684638977 0.483099550008774 0.467334717512131 0.491371542215347 0.509075045585632 0.519943296909332 0.494033515453339 0.441143661737442 0.351977825164795 0.246160626411438 0.19515398144722 0.17333111166954 0.172859132289886 0.179211691021919 0.168907478451729 0.188048258423805 0.191663563251495 0.176124140620232 0.200034379959106 0.201176881790161 0.219597056508064 0.256986230611801 0.271950215101242 0.315179586410522 0.336730599403381 0.313274145126343 0.308025807142258 0.278564035892487 0.314176321029663 0.403547376394272 0.445270478725433 0.46861258149147 0.488270133733749 0.473556131124496 0.451518803834915 0.475052446126938 0.500345051288605 0.512074589729309 -3.4e+38 -3.4e+38 -3.4e+38
0.368357330560684 0.422708213329315 0.486169517040253 0.523818790912628 0.527030944824219 0.504826724529266 0.482550382614136 0.506114423274994 0.534325242042542 0.557120978832245 0.547794044017792 0.477227360010147 0.389003664255142 0.274517506361008 0.192236214876175 0.172414496541023 0.172350153326988 0.177336037158966 0.180139973759651 0.185049146413803 0.172137245535851 0.166290253400803 0.196271136403084 0.192419916391373 0.231970727443695 0.289317786693573 0.334571987390518 0.361939072608948 0.381772488355637 0.353775888681412 0.31305667757988 0.276322513818741 0.293861657381058 0.384471923112869 0.440999656915665 0.449260056018829 0.478032946586609 0.475649267435074 0.474339842796326 0.510712265968323 0.529137194156647 0.536341726779938 -3.4e+38 -3.4e+38 -3.4e+38
0.437592953443527 0.477496743202209 0.525664687156677 0.560760676860809 0.560008585453033 0.543449759483337 0.511867344379425 0.523589611053467 0.566303670406342 0.584150731563568 0.58294540643692 0.519477963447571 0.417567044496536 0.328096330165863 0.215292394161224 0.166418462991714 0.167007565498352 0.163641527295113 0.165253400802612 0.16784456372261 0.172274872660637 0.182842552661896 0.183496847748756 0.177902445197105 0.230224713683128 0.296813189983368 0.351316452026367 0.383772045373917 0.411234170198441 0.38205286860466 0.320852965116501 0.286406844854355 0.290632516145706 0.365233570337296 0.441119015216827 0.461687654256821 0.482420086860657 0.468529999256134 0.484065026044846 0.532080173492432 0.548342764377594 0.543710231781006 -3.4e+38 -3.4e+38 -3.4e+38
0.477505296468735 0.508432745933533 0.53972190618515 0.578753352165222 0.599337875843048 0.587953329086304 0.549941658973694 0.536956667900085 0.564604043960571 0.589807450771332 0.597006380558014 0.552102088928223 0.461103796958923 0.382331430912018 0.237884700298309 0.161645531654358 0.164591774344444 0.153110027313232 0.155045583844185 0.164704039692879 0.170582145452499 0.187430173158646 0.178783744573593 0.176829308271408 0.226839184761047 0.261841714382172 0.314038634300232 0.363529115915298 0.39115571975708 0.361498832702637 0.334590345621109 0.309809148311615 0.320127695798874 0.365547299385071 0.410675555467606 0.453293114900589 0.474437862634659 0.455970376729965 0.453493535518646 0.494191825389862 0.529732882976532 0.537736356258392 -3.4e+38 -3.4e+38 -3.4e+38
0.50397402048111 0.534710645675659 0.550416469573975 0.586291491985321 0.612679779529572 0.6023188829422 0.57264769077301 0.558440208435059 0.574447095394135 0.593208909034729 0.583699762821198 0.564840078353882 0.517149388790131 0.410465002059937 0.261482179164886 0.185631915926933 0.169251903891563 0.159673184156418 0.171526581048965 0.173674464225769 0.168482556939125 0.18018727004528 0.197335034608841 0.203969284892082 0.217613637447357 0.232551842927933 0.277324616909027 0.327569127082825 0.340222418308258 0.323237746953964 0.34349924325943 0.307775259017944 0.324740022420883 0.402755945920944 0.430403620004654 0.451681941747665 0.463511437177658 0.463509976863861 0.469023078680038 0.491716235876083 0.516831696033478 0.529934942722321 0.556824326515198 -3.4e+38 -3.4e+38
0.515217244625092 0.545910954475403 0.561966598033905 0.59435498714447 0.600351989269257 0.586034536361694 0.576620638370514 0.590237259864807 0.601715326309204 0.606207251548767 0.586088478565216 0.569622337818146 0.550418257713318 0.424017727375031 0.261483728885651 0.203178063035011 0.173247382044792 0.167775198817253 0.174083009362221 0.178146287798882 0.168781310319901 0.172266751527786 0.212016955018044 0.222832038998604 0.215217486023903 0.232720509171486 0.281039655208588 0.301033794879913 0.307989567518234 0.313137590885162 0.333861947059631 0.304557859897614 0.334610998630524 0.419994473457336 0.447995215654373 0.455143392086029 0.448262095451355 0.438922882080078 0.44698441028595 0.478790134191513 0.496074557304382 0.513574481010437 0.537662088871002 0.537667393684387 -3.4e+38
0.521901190280914 0.545772850513458 0.570324420928955 0.598204076290131 0.607704043388367 0.605319023132324 0.588553547859192 0.592866837978363 0.605949580669403 0.62725430727005 0.612712204456329 0.572296440601349 0.564211487770081 0.429354220628738 0.248230710625648 0.185653313994408 0.170937553048134 0.17041839659214 0.173054784536362 0.186413586139679 0.166791543364525 0.163668602705002 0.195316568017006 0.200534984469414 0.212663292884827 0.263560056686401 0.309768110513687 0.29708257317543 0.3018978536129 0.29609540104866 0.306063681840897 0.323312699794769 0.369960069656372 0.411595016717911 0.433755844831467 0.44608861207962 0.457961142063141 0.449872493743896 0.450676709413528 0.475920706987381 0.478510528802872 0.499656140804291 0.532220125198364 0.539598107337952 0.534184515476227
0.493922710418701 0.535166442394257 0.558443367481232 0.584576725959778 0.604395270347595 0.605423510074615 0.573060274124146 0.564430475234985 0.587923765182495 0.600591719150543 0.603158891201019 0.580576479434967 0.544442355632782 0.413827478885651 0.246396332979202 0.163934931159019 0.154757231473923 0.168879956007004 0.180360272526741 0.178716644644737 0.158115804195404 0.157084926962852 0.186118811368942 0.196872517466545 0.242415353655815 0.296553581953049 0.318921208381653 0.296970099210739 0.296236574649811 0.277064204216003 0.306235820055008 0.378922641277313 0.42744842171669 0.448089331388474 0.45398423075676 0.465559542179108 0.480838477611542 0.475843042135239 0.476643413305283 0.499743342399597 0.509290635585785 0.521069467067719 0.53772360086441 0.552006423473358 0.554555475711823
0.457479685544968 0.519199907779694 0.550599098205566 0.590665221214294 0.607146918773651 0.587730050086975 0.561861932277679 0.573004961013794 0.607894837856293 0.613469123840332 0.604825913906097 0.595307588577271 0.518844783306122 0.380393266677856 0.255478382110596 0.166011199355125 0.14739516377449 0.164000853896141 0.166076019406319 0.16455414891243 0.174126550555229 0.168180629611015 0.172747164964676 0.20554855465889 0.255379348993301 0.297099620103836 0.32413575053215 0.331857204437256 0.336726486682892 0.299219399690628 0.344043403863907 0.418313980102539 0.45286700129509 0.460061192512512 0.467422366142273 0.48055824637413 0.485507190227509 0.465615659952164 0.460228145122528 0.486207634210587 0.518615186214447 0.535300016403198 0.537784814834595 0.542268931865692 0.552954196929932
0.452000468969345 0.517285704612732 0.573240339756012 0.60492330789566 0.613732814788818 0.589499115943909 0.56930810213089 0.582899987697601 0.618345856666565 0.627814292907715 0.607459902763367 0.60852438211441 0.527331829071045 0.365314155817032 0.246848687529564 0.173853054642677 0.154880478978157 0.15096153318882 0.143383115530014 0.153787866234779 0.176302313804626 0.164598122239113 0.172710075974464 0.186153367161751 0.217623382806778 0.264625996351242 0.333501636981964 0.364817053079605 0.357478827238083 0.334360897541046 0.376981496810913 0.444858103990555 0.465167939662933 0.451996773481369 0.460851609706879 0.484940588474274 0.491301029920578 0.474876195192337 0.466108858585358 0.484906643629074 0.517769932746887 0.535826861858368 0.545289218425751 0.553838908672333 0.563553273677826
0.479964643716812 0.545264005661011 0.596342742443085 0.607372760772705 0.602065622806549 0.588079512119293 0.57891708612442 0.586593210697174 0.603380739688873 0.614753723144531 0.602863371372223 0.596279263496399 0.529891312122345 0.362318962812424 0.217451378703117 0.17260017991066 0.175005093216896 0.188475355505943 0.176417380571365 0.165241405367851 0.165105983614922 0.167195335030556 0.176115095615387 0.190893441438675 0.200847014784813 0.246345043182373 0.318756639957428 0.336930066347122 0.339777618646622 0.369385302066803 0.413870453834534 0.432257026433945 0.448484271764755 0.444248527288437 0.45219486951828 0.489119112491608 0.506632804870605 0.492100715637207 0.478196740150452 0.500903010368347 0.525493144989014 0.539772689342499 0.546988308429718 0.559791922569275 0.574511051177979
0.542522847652435 0.57012414932251 0.610828578472137 0.624705493450165 0.617541611194611 0.600066244602203 0.591192424297333 0.590198397636414 0.593981027603149 0.613557636737823 0.602976262569427 0.564926505088806 0.530812203884125 0.367265075445175 0.199581354856491 0.168136835098267 0.15746596455574 0.165555626153946 0.179323613643646 0.182027116417885 0.174135744571686 0.171429216861725 0.171233296394348 0.201500713825226 0.196961358189583 0.21576352417469 0.281559258699417 0.328141391277313 0.34385684132576 0.380283415317535 0.421916723251343 0.427390694618225 0.45340695977211 0.455440431833267 0.451609998941422 0.504403531551361 0.534094929695129 0.518515229225159 0.482932835817337 0.494278371334076 0.493870794773102 0.525564968585968 0.56513923406601 0.561947345733643 0.568897366523743
0.566326439380646 0.575060307979584 0.605010509490967 0.617150783538818 0.609335362911224 0.593474328517914 0.598481893539429 0.601458311080933 0.597699344158173 0.615788519382477 0.595209658145905 0.56102454662323 0.522548496723175 0.357595920562744 0.206078752875328 0.180342361330986 0.175951227545738 0.151404529809952 0.172952011227608 0.205707594752312 0.186978444457054 0.166664749383926 0.171350941061974 0.201223939657211 0.193515494465828 0.185827106237411 0.23806531727314 0.308890253305435 0.313303291797638 0.361429989337921 0.429485201835632 0.469917923212051 0.473174810409546 0.466823518276215 0.475928694009781 0.522103846073151 0.55122572183609 0.547782123088837 0.516157746315002 0.500407159328461 0.498177736997604 0.535876452922821 0.566126704216003 0.551906287670135 0.554188072681427
0.553547561168671 0.560503542423248 0.590269029140472 0.604611217975616 0.582651674747467 0.570614159107208 0.589869797229767 0.604715168476105 0.604514360427856 0.602970123291016 0.589553773403168 0.575840532779694 0.504082977771759 0.339572250843048 0.238473623991013 0.204577520489693 0.213612660765648 0.197642847895622 0.180642604827881 0.188904017210007 0.18333800137043 0.185313284397125 0.188153922557831 0.195358499884605 0.199801206588745 0.185571119189262 0.206772163510323 0.261978000402451 0.289716452360153 0.358018606901169 0.422298431396484 0.455202519893646 0.46734282374382 0.479805052280426 0.488194167613983 0.522112250328064 0.551483154296875 0.531675934791565 0.52499133348465 0.527806758880615 0.538808524608612 0.5425164103508 0.5359987616539 0.534213304519653 0.546582937240601
0.453854560852051 0.504200518131256 0.570956647396088 0.6057088971138 0.578942477703094 0.556306421756744 0.58998316526413 0.596659481525421 0.597049593925476 0.591239631175995 0.592462837696075 0.579071581363678 0.471343874931335 0.315990656614304 0.246055498719215 0.197534456849098 0.175422996282578 0.169004544615746 0.17266084253788 0.18142856657505 0.186339065432549 0.189474061131477 0.206196263432503 0.210480704903603 0.212469473481178 0.218525499105453 0.203043222427368 0.226282745599747 0.303976893424988 0.387014031410217 0.448227316141129 0.465847104787827 0.468424379825592 0.473499178886414 0.475624561309814 0.520890176296234 0.547305285930634 0.510371744632721 0.51875776052475 0.538492560386658 0.550844192504883 0.555590271949768 0.538048505783081 0.528350353240967 0.547329664230347
0.419008880853653 0.480889201164246 0.552681148052216 0.567267775535583 0.557231187820435 0.548229336738586 0.576110601425171 0.58291494846344 0.595116376876831 0.589752733707428 0.562239408493042 0.523190200328827 0.432022839784622 0.30763241648674 0.22275784611702 0.217743903398514 0.219624474644661 0.195015415549278 0.177110075950623 0.185452923178673 0.162850067019463 0.144539296627045 0.173704713582993 0.194084405899048 0.208117812871933 0.218633323907852 0.2112145870924 0.220454901456833 0.293600618839264 0.385819286108017 0.435666441917419 0.478423953056335 0.466702222824097 0.461095780134201 0.475676596164703 0.485131740570068 0.499750018119812 0.49688857793808 0.504080533981323 0.517375111579895 0.536123275756836 0.55073070526123 0.556012809276581 0.553935170173645 0.560017049312592
0.496966391801834 0.509289741516113 0.536468625068665 0.546562433242798 0.547247171401978 0.528612971305847 0.548355877399445 0.591651737689972 0.602887094020844 0.571302175521851 0.500025451183319 0.440293669700623 0.398177117109299 0.31675523519516 0.234648957848549 0.208826720714569 0.213299766182899 0.195475816726685 0.166125223040581 0.168704807758331 0.155359789729118 0.144422829151154 0.164883732795715 0.17130047082901 0.184575244784355 0.185870870947838 0.182770043611526 0.20413538813591 0.240995451807976 0.316758871078491 0.388743042945862 0.450111299753189 0.466849505901337 0.434331208467484 0.438908338546753 0.454515665769577 0.478757977485657 0.498656868934631 0.510931432247162 0.515535831451416 0.521617770195007 0.550923705101013 0.578056454658508 0.584944665431976 0.566228985786438
0.521699368953705 0.525918245315552 0.548422396183014 0.563292503356934 0.543367803096771 0.511384129524231 0.497852087020874 0.523609638214111 0.534453630447388 0.522811055183411 0.464519470930099 0.394412964582443 0.361885190010071 0.311580270528793 0.243804886937141 0.193201184272766 0.1772630661726 0.178496822714806 0.171572417020798 0.165444016456604 0.188549444079399 0.16754338145256 0.15518918633461 0.157394543290138 0.16814923286438 0.184332326054573 0.184603437781334 0.194544821977615 0.201764762401581 0.259776383638382 0.336745589971542 0.36767515540123 0.402007192373276 0.400259405374527 0.414389282464981 0.470290958881378 0.498418986797333 0.472161740064621 0.474598795175552 0.513976991176605 0.513545155525208 0.542958498001099 0.573986351490021 0.577198565006256 0.583526313304901
0.506447613239288 0.535459399223328 0.566127240657806 0.583145201206207 0.561808288097382 0.512585401535034 0.463134229183197 0.437941372394562 0.449096322059631 0.470124214887619 0.488176316022873 0.406939446926117 0.312776625156403 0.281430631875992 0.271169990301132 0.244405835866928 0.194922611117363 0.174746140837669 0.173785015940666 0.183158606290817 0.203618660569191 0.161003902554512 0.140971928834915 0.163654327392578 0.16982901096344 0.17704239487648 0.186808511614799 0.182357043027878 0.197118356823921 0.213074460625648 0.230272367596626 0.281707942485809 0.36671382188797 0.410002201795578 0.42253166437149 0.449881821870804 0.484169185161591 0.482879102230072 0.477054238319397 0.505137026309967 0.50453108549118 0.512297809123993 0.530979216098785 -3.4e+38 -3.4e+38
