data/trimmed_ndre/J_ndre.615.2010_no_clouds.asc
NCOLS 141 
NROWS 118 
XLLCORNER 516845 
YLLCORNER 5169015 
CELLSIZE 5 
NODATA_value -3.4e+38 
[rows 0 to 19 of 118, columns 45 to 89 of 141]
-3.4e+38 -3.4e+38 -3.4e+38 -3.4e+38 -3.4e+38 -3.4e+38 -3.4e+38 -3.4e+38 -3.4e+38 -3.4e+38 -3.4e+38 -3.4e+38 -3.4e+38 -3.4e+38 -3.4e+38 -3.4e+38 -3.4e+38 -3.4e+38 -3.4e+38 -3.4e+38 -3.4e+38 -3.4e+38 -3.4e+38 -3.4e+38 -3.4e+38 -3.4e+38 -3.4e+38 -3.4e+38 -3.4e+38 -3.4e+38 -3.4e+38 -3.4e+38 -3.4e+38 -3.4e+38 -3.4e+38 -3.4e+38 -3.4e+38 0.492241382598877 0.497008472681046 0.513561427593231 0.529176890850067 0.526189625263214 0.516266584396362 0.507219076156616 0.518312513828278
-3.4e+38 -3.4e+38 -3.4e+38 -3.4e+38 -3.4e+38 -3.4e+38 -3.4e+38 -3.4e+38 -3.4e+38 -3.4e+38 -3.4e+38 -3.4e+38 -3.4e+38 -3.4e+38 -3.4e+38 -3.4e+38 -3.4e+38 -3.4e+38 -3.4e+38 -3.4e+38 -3.4e+38 -3.4e+38 -3.4e+38 -3.4e+38 -3.4e+38 -3.4e+38 -3.4e+38 -3.4e+38 0.487860798835754 0.490163743495941 0.473607808351517 0.478955149650574 0.470709383487701 0.470332235097885 0.482526898384094 0.489083468914032 0.493752926588058 0.497006148099899 0.494637370109558 0.503857970237732 0.515454471111298 0.519926369190216 0.51436972618103 0.504248857498169 0.50969660282135
-3.4e+38 -3.4e+38 -3.4e+38 -3.4e+38 -3.4e+38 -3.4e+38 -3.4e+38 -3.4e+38 -3.4e+38 -3.4e+38 -3.4e+38 -3.4e+38 -3.4e+38 -3.4e+38 -3.4e+38 -3.4e+38 -3.4e+38 -3.4e+38 -3.4e+38 -3.4e+38 0.500073850154877 0.48346158862114 0.474150836467743 0.449245005846024 0.446088641881943 0.462512612342834 0.475783705711365 0.476993322372437 0.487557947635651 0.492108047008514 0.483220398426056 0.488512426614761 0.487371206283569 0.484938323497772 0.494284272193909 0.499278783798218 0.510922849178314 0.515010297298431 0.506514430046082 0.496299862861633 0.496178388595581 0.503906667232513 0.501036047935486 0.487625926733017 0.493741661310196
-3.4e+38 -3.4e+38 -3.4e+38 -3.4e+38 -3.4e+38 -3.4e+38 -3.4e+38 -3.4e+38 -3.4e+38 -3.4e+38 -3.4e+38 -3.4e+38 -3.4e+38 -3.4e+38 -3.4e+38 -3.4e+38 0.43777659535408 0.436961382627487 0.458468407392502 0.484701454639435 0.489797860383987 0.480276048183441 0.47508704662323 0.474437564611435 0.477826327085495 0.493841350078583 0.504710614681244 0.498288005590439 0.495404183864594 0.481998205184937 0.479015856981277 0.49737936258316 0.508617401123047 0.507189393043518 0.510406196117401 0.50644838809967 0.507039666175842 0.513632476329803 0.511349022388458 0.498991936445236 0.489781826734543 0.491781294345856 0.493893980979919 0.490573406219482 0.493104845285416
-3.4e+38 -3.4e+38 -3.4e+38 -3.4e+38 -3.4e+38 -3.4e+38 -3.4e+38 -3.4e+38 -3.4e+38 -3.4e+38 -3.4e+38 -3.4e+38 -3.4e+38 -3.4e+38 -3.4e+38 0.451065540313721 0.450589090585709 0.450176566839218 0.460434794425964 0.482811540365219 0.496482312679291 0.499680876731873 0.501371085643768 0.500481784343719 0.493521094322205 0.501487612724304 0.50281548500061 0.496419787406921 0.496547311544418 0.480741202831268 0.48503041267395 0.509881913661957 0.525255143642426 0.52502965927124 0.515854835510254 0.517030000686646 0.526823222637177 0.523966133594513 0.516908526420593 0.510806322097778 0.509439408779144 0.500776469707489 0.500916719436646 0.491318613290787 0.481945931911469
-3.4e+38 -3.4e+38 -3.4e+38 -3.4e+38 -3.4e+38 -3.4e+38 -3.4e+38 -3.4e+38 -3.4e+38 -3.4e+38 -3.4e+38 -3.4e+38 -3.4e+38 -3.4e+38 0.44737908244133 0.445918023586273 0.450774520635605 0.460423022508621 0.472896903753281 0.492960602045059 0.50985586643219 0.510257482528687 0.508229970932007 0.495134681463242 0.487187117338181 0.491984516382217 0.488586634397507 0.492428094148636 0.499631434679031 0.494461059570312 0.501700699329376 0.513587057590485 0.527077555656433 0.538839995861053 0.529525816440582 0.530885577201843 0.543816447257996 0.542131841182709 0.51780366897583 0.501027047634125 0.505911946296692 0.513600051403046 0.507876574993134 0.482709735631943 0.472950637340546
-3.4e+38 -3.4e+38 -3.4e+38 -3.4e+38 -3.4e+38 -3.4e+38 -3.4e+38 -3.4e+38 -3.4e+38 -3.4e+38 -3.4e+38 -3.4e+38 0.442897200584412 0.450758934020996 0.448701411485672 0.441440969705582 0.450617492198944 0.462130725383759 0.478055953979492 0.499429643154144 0.515084981918335 0.511565446853638 0.497273087501526 0.478656053543091 0.477245658636093 0.490008682012558 0.489759385585785 0.500640511512756 0.508955240249634 0.506345868110657 0.512410044670105 0.511343061923981 0.513661980628967 0.523804903030396 0.528596520423889 0.525130808353424 0.520528614521027 0.52064436674118 0.517034947872162 0.509801745414734 0.513252973556519 0.514147639274597 0.507444620132446 0.500140190124512 0.483950227499008
-3.4e+38 -3.4e+38 -3.4e+38 -3.4e+38 -3.4e+38 -3.4e+38 -3.4e+38 -3.4e+38 -3.4e+38 -3.4e+38 -3.4e+38 0.44397383928299 0.447734624147415 0.459706097841263 0.461399674415588 0.454440742731094 0.461348116397858 0.475757986307144 0.49604120850563 0.514838635921478 0.529495894908905 0.531424522399902 0.510417819023132 0.499454081058502 0.505261480808258 0.511138260364532 0.508301019668579 0.515319108963013 0.514022767543793 0.510775983333588 0.522946000099182 0.524127602577209 0.513244032859802 0.517812252044678 0.532731115818024 0.536687552928925 0.5345458984375 0.529854357242584 0.528022885322571 0.527452647686005 0.524824440479279 0.505686104297638 0.485088407993317 0.480742752552032 0.486056804656982
-3.4e+38 -3.4e+38 -3.4e+38 -3.4e+38 -3.4e+38 -3.4e+38 -3.4e+38 -3.4e+38 -3.4e+38 0.436895132064819 0.459095060825348 0.464998513460159 0.456441789865494 0.462100297212601 0.474155932664871 0.484780341386795 0.496617585420609 0.506801903247833 0.517727017402649 0.536279678344727 0.544009804725647 0.538160443305969 0.528105437755585 0.526179313659668 0.530861735343933 0.525131702423096 0.518082201480865 0.515134155750275 0.513489902019501 0.518302917480469 0.531205534934998 0.541139781475067 0.541064739227295 0.55298912525177 0.558432579040527 0.545388638973236 0.536213934421539 0.537179589271545 0.532123565673828 0.517054557800293 0.510538339614868 0.488624453544617 0.478351026773453 0.492188811302185 0.506797730922699
-3.4e+38 -3.4e+38 -3.4e+38 -3.4e+38 -3.4e+38 -3.4e+38 -3.4e+38 -3.4e+38 0.456024974584579 0.468912661075592 0.480381101369858 0.471909165382385 0.456861138343811 0.467910647392273 0.499103188514709 0.528511464595795 0.532760083675385 0.525181233882904 0.52104914188385 0.53786563873291 0.557208478450775 0.560968279838562 0.546451091766357 0.532793045043945 0.527106106281281 0.518556714057922 0.517128169536591 0.522141218185425 0.529145121574402 0.53397411108017 0.538854658603668 0.547637045383453 0.547601401805878 0.546117186546326 0.547174453735352 0.543048143386841 0.536521852016449 0.535911798477173 0.533687233924866 0.514365553855896 0.498630523681641 0.49515625834465 0.504766404628754 0.51983118057251 0.527075350284576
-3.4e+38 -3.4e+38 -3.4e+38 -3.4e+38 -3.4e+38 -3.4e+38 0.465970009565353 0.480271279811859 0.483047097921371 0.482629179954529 0.479098409414291 0.475720405578613 0.491020232439041 0.508774638175964 0.525229692459106 0.540692150592804 0.537537574768066 0.519180834293365 0.512581706047058 0.537320911884308 0.565293431282043 0.563194513320923 0.547750174999237 0.536231815814972 0.525004386901855 0.517980217933655 0.5226970911026 0.530473649501801 0.536282598972321 0.540442049503326 0.546447157859802 0.545164287090302 0.536519110202789 0.531586587429047 0.53365033864975 0.545391976833344 0.548016309738159 0.537049412727356 0.528199255466461 0.51630425453186 0.510022819042206 0.520386278629303 0.527996480464935 0.535896778106689 0.533970415592194
-3.4e+38 -3.4e+38 -3.4e+38 -3.4e+38 -3.4e+38 0.511943936347961 0.515925109386444 0.513968944549561 0.495036840438843 0.492410838603973 0.500845670700073 0.506723701953888 0.531356036663055 0.541036486625671 0.530876696109772 0.526109993457794 0.536633789539337 0.538206875324249 0.537183225154877 0.547891438007355 0.558469831943512 0.54598069190979 0.539876282215118 0.53832733631134 0.538610935211182 0.534998595714569 0.530788123607635 0.525720059871674 0.524433851242065 0.528996169567108 0.534567177295685 0.521355152130127 0.515382170677185 0.532648742198944 0.545247852802277 0.547309041023254 0.545306384563446 0.539680898189545 0.534816324710846 0.534113168716431 0.53951233625412 0.544938623905182 0.54533463716507 0.542031943798065 0.542977511882782
-3.4e+38 -3.4e+38 -3.4e+38 0.53045380115509 0.529929161071777 0.530430793762207 0.526279747486115 0.518211543560028 0.505946218967438 0.505364298820496 0.531242549419403 0.538673758506775 0.541429996490479 0.544986546039581 0.536894500255585 0.53242826461792 0.5490762591362 0.565953373908997 0.568883657455444 0.561132848262787 0.55462646484375 0.546517372131348 0.537657141685486 0.539086937904358 0.549105107784271 0.546880066394806 0.53488701581955 0.523315787315369 0.518766283988953 0.519797027111053 0.528126537799835 0.521610379219055 0.520100295543671 0.541650831699371 0.554912567138672 0.553697049617767 0.553544163703918 0.556808769702911 0.560322880744934 0.558229744434357 0.562985897064209 0.561589121818542 0.550949692726135 0.554238319396973 0.56423020362854
-3.4e+38 -3.4e+38 0.534655392169952 0.530703365802765 0.53019118309021 0.523903369903564 0.513995945453644 0.512864589691162 0.529082953929901 0.534443736076355 0.548167765140533 0.545326232910156 0.535892128944397 0.543994069099426 0.549308478832245 0.553322911262512 0.559370458126068 0.566814124584198 0.576256394386292 0.570479452610016 0.551823258399963 0.548005044460297 0.539051115512848 0.5323885679245 0.537880837917328 0.543485343456268 0.540069222450256 0.53441721200943 0.535672962665558 0.539496064186096 0.549462795257568 0.553993463516235 0.552430033683777 0.55828869342804 0.564046561717987 0.564218759536743 0.565165817737579 0.569774627685547 0.577088415622711 0.576742172241211 0.574141561985016 0.565187394618988 0.557066142559052 0.567262768745422 0.57470577955246
-3.4e+38 0.515604913234711 0.511624157428741 0.507990419864655 0.501195847988129 0.510598361492157 0.521912813186646 0.529706418514252 0.550956845283508 0.544252395629883 0.537519812583923 0.536706447601318 0.527943909168243 0.535819172859192 0.548553884029388 0.550927996635437 0.544409692287445 0.544670283794403 0.553735613822937 0.556759119033813 0.546510100364685 0.544493198394775 0.533974707126617 0.52099621295929 0.516297578811646 0.522974491119385 0.534805238246918 0.547362387180328 0.557576060295105 0.564248561859131 0.567909300327301 0.564752340316772 0.566615641117096 0.570639729499817 0.567886769771576 0.564378619194031 0.563818097114563 0.563710391521454 0.571392953395844 0.57735013961792 0.569315195083618 0.566812992095947 0.566071808338165 0.568902671337128 0.575446128845215
0.498690187931061 0.492394000291824 0.498262733221054 0.489603370428085 0.483611941337585 0.506958067417145 0.52212131023407 0.528234481811523 0.529150366783142 0.52000904083252 0.522267401218414 0.532581269741058 0.528625845909119 0.522161960601807 0.524096488952637 0.52442729473114 0.516337513923645 0.513395071029663 0.519605278968811 0.524937510490417 0.531667768955231 0.538637101650238 0.529413938522339 0.516911685466766 0.511362433433533 0.516328811645508 0.529679238796234 0.546578884124756 0.555377066135406 0.557118237018585 0.557020366191864 0.553455293178558 0.556537926197052 0.56026017665863 0.551809012889862 0.549072027206421 0.554236650466919 0.560634195804596 0.566006362438202 0.564838349819183 0.556396245956421 0.56630527973175 0.568537056446075 0.556788861751556 0.559285581111908
0.487313508987427 0.477026522159576 0.478027164936066 0.475889593362808 0.480000734329224 0.499687314033508 0.501800298690796 0.500745117664337 0.506247282028198 0.5002321600914 0.502682864665985 0.522259116172791 0.52368426322937 0.514370441436768 0.511025011539459 0.511183381080627 0.49869567155838 0.486695826053619 0.487637460231781 0.497139245271683 0.521410048007965 0.542736172676086 0.545842349529266 0.533032655715942 0.521389424800873 0.52209210395813 0.527079463005066 0.533526599407196 0.539291024208069 0.535084366798401 0.5313441157341 0.531735420227051 0.531778633594513 0.532601356506348 0.528875172138214 0.532825648784637 0.543013155460358 0.553085625171661 0.557832777500153 0.554608106613159 0.55147111415863 0.558417499065399 0.549725949764252 0.534025251865387 0.534293293952942
0.478371530771255 0.473234534263611 0.47768372297287 0.475714683532715 0.479957938194275 0.501988589763641 0.507357001304626 0.499355107545853 0.495378613471985 0.493922531604767 0.492269665002823 0.506051063537598 0.513056874275208 0.506643414497375 0.494859248399734 0.489236742258072 0.48759526014328 0.483221083879471 0.482710391283035 0.510038793087006 0.534585893154144 0.5462366938591 0.547435581684113 0.543021976947784 0.529481887817383 0.524572789669037 0.527538955211639 0.52579528093338 0.514748394489288 0.500570952892303 0.499825835227966 0.511656939983368 0.512892723083496 0.513909995555878 0.513031423091888 0.517969727516174 0.52593994140625 0.535666406154633 0.544738233089447 0.550229132175446 0.545994400978088 0.535867989063263 0.516969501972198 0.506313562393188 0.511371910572052
0.483485847711563 0.486637085676193 0.488798230886459 0.485706448554993 0.489279508590698 0.502120852470398 0.515579164028168 0.518341362476349 0.504365861415863 0.50175803899765 0.491115391254425 0.485646605491638 0.491299360990524 0.50352269411087 0.492434829473495 0.486053854227066 0.497453600168228 0.500046730041504 0.49902132153511 0.516130924224854 0.540273427963257 0.545796871185303 0.539036452770233 0.535861015319824 0.522872149944305 0.511000871658325 0.510617971420288 0.500730931758881 0.48676785826683 0.476713359355927 0.469925910234451 0.477106928825378 0.483652293682098 0.489237487316132 0.500146269798279 0.507542133331299 0.507908642292023 0.517667591571808 0.524051010608673 0.521321892738342 0.513605654239655 0.507352650165558 0.502864897251129 0.494479686021805 0.500033676624298
0.490061551332474 0.493767976760864 0.491123557090759 0.489949077367783 0.495023518800735 0.504859209060669 0.5155109167099 0.520776748657227 0.503377854824066 0.496559888124466 0.499046117067337 0.498410195112228 0.499397873878479 0.504456281661987 0.504593670368195 0.51284396648407 0.525998830795288 0.512846112251282 0.518320977687836 0.532175064086914 0.546091914176941 0.552292108535767 0.548729956150055 0.539084255695343 0.515944480895996 0.505569159984589 0.501805245876312 0.485478341579437 0.47473207116127 0.476961135864258 0.471924841403961 0.463227152824402 0.46966752409935 0.478223830461502 0.494795739650726 0.508237421512604 0.509242057800293 0.516021966934204 0.515938520431519 0.505931675434113 0.498578786849976 0.508833348751068 0.514816761016846 0.507323384284973 0.507814049720764
