data/trimmed_ndre/J_ndre.715.2011_no_clouds.asc
NCOLS 141 
NROWS 118 
XLLCORNER 516845 
YLLCORNER 5169015 
CELLSIZE 5 
NODATA_value -3.4e+38 
[rows 60 to 79 of 118, columns 90 to 134 of 141]
0.185110196471214 0.176818832755089 0.170386165380478 0.171067342162132 0.195808976888657 0.205442994832993 0.168019905686378 0.165571242570877 0.183870494365692 0.172188803553581 0.169153273105621 0.16931277513504 0.167979702353477 0.18275211751461 0.188362285494804 0.17034624516964 0.149089574813843 0.163831874728203 0.192471355199814 0.189369916915894 0.174544736742973 0.186869338154793 0.231534346938133 0.229877799749374 0.188158214092255 0.180254757404327 0.246015936136246 0.285439074039459 0.289239585399628 0.299265027046204 0.289400458335876 0.254269391298294 0.211461469531059 0.198292434215546 0.191209614276886 0.20599377155304 -3.4e+38 -3.4e+38 -3.4e+38 -3.4e+38 -3.4e+38 -3.4e+38 -3.4e+38 -3.4e+38 -3.4e+38
0.176965162158012 0.187891289591789 0.193116754293442 0.193871438503265 0.196218013763428 0.208966955542564 0.20614629983902 0.187178567051888 0.179970130324364 0.166514709591866 0.148089483380318 0.158906832337379 0.16335591673851 0.159291759133339 0.157513275742531 0.174932062625885 0.156095683574677 0.157005593180656 0.187926486134529 0.184843733906746 0.171048551797867 0.180882707238197 0.211111694574356 0.229503527283669 0.181344524025917 0.164087384939194 0.232585608959198 0.290981113910675 0.30473405122757 0.300616204738617 0.279250949621201 0.23814283311367 0.196387127041817 0.183356791734695 0.188372731208801 0.209441035985947 0.226524710655212 -3.4e+38 -3.4e+38 -3.4e+38 -3.4e+38 -3.4e+38 -3.4e+38 -3.4e+38 -3.4e+38
0.176203206181526 0.186025142669678 0.199596911668777 0.200430661439896 0.184880033135414 0.181697323918343 0.188956573605537 0.188867315649986 0.17231160402298 0.169734925031662 0.170013666152954 0.175194844603539 0.171881213784218 0.150643184781075 0.147039473056793 0.176498860120773 0.155983105301857 0.14587040245533 0.176872491836548 0.191052004694939 0.208646610379219 0.196733549237251 0.180989563465118 0.199160486459732 0.198025584220886 0.188171789050102 0.227336809039116 0.279094725847244 0.292419970035553 0.282355129718781 0.264125794172287 0.221182271838188 0.199913963675499 0.188882276415825 0.198071599006653 0.232449620962143 0.240953922271729 -3.4e+38 -3.4e+38 -3.4e+38 -3.4e+38 -3.4e+38 -3.4e+38 -3.4e+38 -3.4e+38
0.152387604117393 0.159542933106422 0.163899093866348 0.176183760166168 0.181960567831993 0.191783234477043 0.191216677427292 0.191226288676262 0.181220188736916 0.196314036846161 0.186432927846909 0.171059384942055 0.173991113901138 0.166678994894028 0.154352277517319 0.161300823092461 0.156575754284859 0.158454030752182 0.180489718914032 0.202214315533638 0.220729738473892 0.223812356591225 0.199875757098198 0.204276725649834 0.212414115667343 0.210030481219292 0.213389858603477 0.232749134302139 0.24457822740078 0.255502879619598 0.241881087422371 0.208725914359093 0.216941550374031 0.212867259979248 0.226239740848541 0.254124075174332 0.251705646514893 0.241099521517754 -3.4e+38 -3.4e+38 -3.4e+38 -3.4e+38 -3.4e+38 -3.4e+38 -3.4e+38
0.136364087462425 0.156316414475441 0.154564395546913 0.171053186058998 0.197358295321465 0.20653173327446 0.199060037732124 0.195018395781517 0.201432973146439 0.207048907876015 0.179484575986862 0.160049572587013 0.167118743062019 0.178162440657616 0.158034846186638 0.165329337120056 0.182538658380508 0.157268896698952 0.182988494634628 0.190867394208908 0.179871276021004 0.209808930754662 0.22684183716774 0.210614591836929 0.202148079872131 0.215568214654922 0.234474927186966 0.256251186132431 0.255212128162384 0.246252343058586 0.232647493481636 0.210967391729355 0.205340638756752 0.196737244725227 0.222029179334641 0.253224015235901 0.260645836591721 0.270551055669785 -3.4e+38 -3.4e+38 -3.4e+38 -3.4e+38 -3.4e+38 -3.4e+38 -3.4e+38
0.162930592894554 0.181017979979515 0.178726688027382 0.175522983074188 0.178937181830406 0.186104267835617 0.190501376986504 0.185391247272491 0.179213970899582 0.174749478697777 0.167812824249268 0.153842404484749 0.154747918248177 0.168529018759727 0.166752755641937 0.172218099236488 0.175907790660858 0.151396617293358 0.194491446018219 0.21895357966423 0.207737445831299 0.221579805016518 0.221216470003128 0.195841953158379 0.188838794827461 0.225016549229622 0.240188926458359 0.277316629886627 0.284734219312668 0.258687764406204 0.234871134161949 0.223216816782951 0.217592105269432 0.213337168097496 0.223636865615845 0.25150266289711 0.278903871774673 0.293641418218613 0.281348884105682 -3.4e+38 -3.4e+38 -3.4e+38 -3.4e+38 -3.4e+38 -3.4e+38
0.184819474816322 0.17438217997551 0.175825357437134 0.173902466893196 0.151705145835876 0.147734627127647 0.156110554933548 0.143615543842316 0.16576524078846 0.169547528028488 0.168909460306168 0.15699328482151 0.15838149189949 0.16893158853054 0.173041731119156 0.173735067248344 0.167206257581711 0.166761294007301 0.179140135645866 0.197910100221634 0.214710593223572 0.210025906562805 0.192413777112961 0.187123268842697 0.220528185367584 0.268103182315826 0.271037310361862 0.298297196626663 0.308814913034439 0.264137327671051 0.22258785367012 0.228136092424393 0.230598241090775 0.228595614433289 0.237695038318634 0.263815641403198 0.287672728300095 0.316043436527252 0.324223786592484 -3.4e+38 -3.4e+38 -3.4e+38 -3.4e+38 -3.4e+38 -3.4e+38
0.174447327852249 0.167729601264 0.173399493098259 0.188622608780861 0.176508441567421 0.160967797040939 0.155043363571167 0.149375766515732 0.183594986796379 0.182378143072128 0.165478855371475 0.170486614108086 0.171588212251663 0.165559053421021 0.169190496206284 0.186421066522598 0.170533984899521 0.164660185575485 0.180154263973236 0.197095364332199 0.217180013656616 0.202453464269638 0.191141158342361 0.209873333573341 0.223541676998138 0.261876404285431 0.292274504899979 0.319013744592667 0.320628255605698 0.277201592922211 0.22635717689991 0.224737256765366 0.208939969539642 0.222348183393478 0.246701464056969 0.258990705013275 0.277043670415878 0.327253669500351 0.347424030303955 0.298962622880936 -3.4e+38 -3.4e+38 -3.4e+38 -3.4e+38 -3.4e+38
0.156742125749588 0.187059432268143 0.174605756998062 0.166424825787544 0.172629594802856 0.168533071875572 0.174138814210892 0.170534297823906 0.164334192872047 0.183238491415977 0.16927595436573 0.166195809841156 0.174597576260567 0.160002142190933 0.15693499147892 0.172574490308762 0.177519142627716 0.174935504794121 0.1865174472332 0.219306364655495 0.231644824147224 0.201947152614594 0.199075266718864 0.222744807600975 0.200190752744675 0.235894367098808 0.303499072790146 0.346816390752792 0.337544471025467 0.309643656015396 0.253339320421219 0.210577830672264 0.189176559448242 0.211357846856117 0.253490447998047 0.263852000236511 0.26305764913559 0.301230877637863 0.310827493667603 0.277152866125107 -3.4e+38 -3.4e+38 -3.4e+38 -3.4e+38 -3.4e+38
0.148102432489395 0.177750140428543 0.175530821084976 0.168474555015564 0.168884366750717 0.159933552145958 0.155135050415993 0.166673853993416 0.165587350726128 0.168372750282288 0.159783139824867 0.155410334467888 0.165684506297112 0.151889398694038 0.156922236084938 0.175912067294121 0.185960009694099 0.179105177521706 0.171632543206215 0.209507599473 0.236338824033737 0.216597527265549 0.195998996496201 0.199349462985992 0.203557386994362 0.257423877716064 0.302269786596298 0.350892722606659 0.366106480360031 0.339519768953323 0.273932844400406 0.221849992871284 0.21788963675499 0.216627717018127 0.275059252977371 0.289465636014938 0.265214949846268 0.287697821855545 0.272077053785324 0.246474400162697 0.290901094675064 -3.4e+38 -3.4e+38 -3.4e+38 -3.4e+38
0.167921349406242 0.167620956897736 0.167844757437706 0.177987828850746 0.173130705952644 0.15596678853035 0.145209386944771 0.165024533867836 0.1769839823246 0.16264146566391 0.163694068789482 0.153199777007103 0.159200444817543 0.164429605007172 0.168889671564102 0.179672986268997 0.183458283543587 0.178970575332642 0.178877994418144 0.196999311447144 0.216536924242973 0.204589515924454 0.179103940725327 0.17493736743927 0.208770304918289 0.267781794071198 0.308036655187607 0.3567875623703 0.378439784049988 0.327162206172943 0.28033983707428 0.233770444989204 0.232543870806694 0.245334550738335 0.296584993600845 0.327480614185333 0.302954077720642 0.309277921915054 0.298175066709518 0.299802154302597 0.381932497024536 -3.4e+38 -3.4e+38 -3.4e+38 -3.4e+38
0.169482976198196 0.144749909639359 0.149808049201965 0.175630912184715 0.180262312293053 0.164873644709587 0.155099332332611 0.173898279666901 0.189172759652138 0.171096324920654 0.153160780668259 0.168186962604523 0.16459433734417 0.166390687227249 0.170275211334229 0.177616864442825 0.188926190137863 0.199083313345909 0.201776996254921 0.198202520608902 0.191702887415886 0.187031686306 0.190259501338005 0.183279544115067 0.209990084171295 0.270254790782928 0.322125732898712 0.338203728199005 0.339541405439377 0.320618778467178 0.30199146270752 0.258230894804001 0.246345594525337 0.278274893760681 0.311378121376038 0.38077986240387 0.409233808517456 0.400616586208344 0.398917227983475 0.415757983922958 0.479635208845139 0.539996385574341 -3.4e+38 -3.4e+38 -3.4e+38
0.16429078578949 0.146750181913376 0.148078605532646 0.171361774206161 0.179576322436333 0.173673704266548 0.170033156871796 0.177770495414734 0.162908256053925 0.153247699141502 0.159496262669563 0.179489776492119 0.16021503508091 0.157308205962181 0.169516339898109 0.166544035077095 0.166249871253967 0.186666071414948 0.204561531543732 0.205235093832016 0.203737795352936 0.198991686105728 0.207539305090904 0.196520775556564 0.206548571586609 0.26130336523056 0.30851086974144 0.309121161699295 0.306072294712067 0.308417558670044 0.296203255653381 0.260354787111282 0.250701189041138 0.283829301595688 0.351424932479858 0.432979792356491 0.480594515800476 0.477058827877045 0.468329399824142 0.485726654529572 0.531735062599182 0.555083572864532 -3.4e+38 -3.4e+38 -3.4e+38
0.184645235538483 0.181434974074364 0.171521797776222 0.170718714594841 0.176118701696396 0.175993964076042 0.170865580439568 0.172864452004433 0.170456677675247 0.156016796827316 0.172827452421188 0.17974117398262 0.164837032556534 0.163750573992729 0.172957256436348 0.168207854032516 0.161589577794075 0.169313922524452 0.182856187224388 0.19709013402462 0.211900427937508 0.218114897608757 0.221505731344223 0.223111256957054 0.217415347695351 0.268413513898849 0.314038127660751 0.297604829072952 0.286063402891159 0.281110107898712 0.253296673297882 0.236367136240005 0.271806091070175 0.336526185274124 0.40575498342514 0.455574542284012 0.484082370996475 0.49620258808136 0.5141242146492 0.548703014850616 0.5709308385849 0.560647010803223 0.5667524933815 -3.4e+38 -3.4e+38
0.179295837879181 0.176325589418411 0.184729427099228 0.175670132040977 0.181391716003418 0.196325466036797 0.224266245961189 0.244962155818939 0.24260638654232 0.217014327645302 0.212565198540688 0.185197442770004 0.154017120599747 0.152256205677986 0.157686784863472 0.171177208423615 0.177525863051414 0.173934325575829 0.180375993251801 0.193105295300484 0.20272034406662 0.222221314907074 0.225070863962173 0.234401106834412 0.253589898347855 0.29780787229538 0.31908255815506 0.302121877670288 0.284981936216354 0.257548570632935 0.215745836496353 0.223768204450607 0.314942121505737 0.39609506726265 0.452291488647461 0.460840821266174 0.469541370868683 0.493511497974396 0.533173024654388 0.569991588592529 0.57848846912384 0.560724854469299 0.576044917106628 -3.4e+38 -3.4e+38
0.15611344575882 0.17905093729496 0.206699416041374 0.190354123711586 0.220171436667442 0.264357298612595 0.286067575216293 0.30702930688858 0.323537707328796 0.306377202272415 0.267500877380371 0.215730652213097 0.181131646037102 0.16901983320713 0.151630029082298 0.169114038348198 0.197013527154922 0.193728148937225 0.191596373915672 0.185607641935349 0.19692987203598 0.219583347439766 0.215587064623833 0.198852211236954 0.227556720376015 0.292140275239944 0.306553244590759 0.313399642705917 0.297170668840408 0.260236740112305 0.22501802444458 0.234566912055016 0.331210941076279 0.425173729658127 0.478640705347061 0.469887018203735 0.451990693807602 0.474966496229172 0.510853946208954 0.545200765132904 0.557778120040894 0.5553839802742 0.576884925365448 -3.4e+38 -3.4e+38
0.234884634613991 0.232869476079941 0.25275918841362 0.261367440223694 0.290255635976791 0.30242446064949 0.300479620695114 0.320442587137222 0.335965096950531 0.347676128149033 0.325153261423111 0.282759219408035 0.244461387395859 0.197647839784622 0.159341856837273 0.162532433867455 0.172897696495056 0.178218513727188 0.178287580609322 0.186410143971443 0.199986845254898 0.221950009465218 0.235572904348373 0.187460780143738 0.203637689352036 0.272822588682175 0.292988389730453 0.326895952224731 0.307542562484741 0.263033717870712 0.256514698266983 0.252865344285965 0.322712689638138 0.430859535932541 0.489393711090088 0.493203699588776 0.463322341442108 0.458104014396667 0.487078189849854 0.5182204246521 0.539826333522797 0.551689565181732 0.564436554908752 -3.4e+38 -3.4e+38
0.358404457569122 0.322845339775085 0.304254621267319 0.318505764007568 0.333792924880981 0.322546392679214 0.302260309457779 0.316242456436157 0.346064060926437 0.380694687366486 0.376060038805008 0.32825756072998 0.278075009584427 0.201768532395363 0.15913961827755 0.159329622983932 0.15350815653801 0.148978531360626 0.161755532026291 0.19076332449913 0.204335525631905 0.208987280726433 0.228192672133446 0.192308992147446 0.208505794405937 0.264190196990967 0.296172320842743 0.325784295797348 0.296141296625137 0.260138392448425 0.262929767370224 0.272154271602631 0.324572324752808 0.425657957792282 0.497634291648865 0.50880366563797 0.485600858926773 0.468595266342163 0.4889877140522 0.511999487876892 0.529324054718018 0.542035162448883 -3.4e+38 -3.4e+38 -3.4e+38
0.363007515668869 0.372072041034698 0.381971001625061 0.392006605863571 0.38900426030159 0.35255441069603 0.332738965749741 0.369103819131851 0.420422792434692 0.431875646114349 0.406165033578873 0.352472454309464 0.29622894525528 0.216556772589684 0.17147296667099 0.171093463897705 0.164351209998131 0.148589685559273 0.165372684597969 0.214191079139709 0.223980590701103 0.217707425355911 0.207671865820885 0.202092304825783 0.212944820523262 0.245612516999245 0.278545409440994 0.292693227529526 0.279817998409271 0.249872997403145 0.265741914510727 0.30717545747757 0.336650550365448 0.417271971702576 0.484711080789566 0.496659070253372 0.482682764530182 0.474361628293991 0.491111278533936 0.510501444339752 0.519820392131805 0.529563128948212 -3.4e+38 -3.4e+38 -3.4e+38
0.335955619812012 0.404212266206741 0.465269267559052 0.491939902305603 0.473003596067429 0.435775965452194 0.412418097257614 0.44924208521843 0.494330137968063 0.483765453100204 0.433807343244553 0.371476620435715 0.297330796718597 0.228029608726501 0.196063548326492 0.180039212107658 0.168145433068275 0.159121736884117 0.178736761212349 0.217963799834251 0.231062307953835 0.232421189546585 0.207928657531738 0.194474294781685 0.19969941675663 0.227040559053421 0.248545184731483 0.273251682519913 0.280838489532471 0.242409333586693 0.268509328365326 0.310828655958176 0.334627360105515 0.408092677593231 0.46257945895195 0.473339170217514 0.471691370010376 0.47337543964386 0.482843697071075 0.497452288866043 0.509879529476166 0.514951229095459 -3.4e+38 -3.4e+38 -3.4e+38
