data/trimmed_ndre/J_ndre.75.2011_no_clouds.asc
NCOLS 141 
NROWS 118 
XLLCORNER 516845 
YLLCORNER 5169015 
CELLSIZE 5 
NODATA_value -3.4e+38 
[rows 60 to 79 of 118, columns 0 to 44 of 141]
-3.4e+38 0.153496727347374 0.129273816943169 0.129872754216194 0.140355303883553 0.131783917546272 0.12965801358223 0.139766469597816 0.142664715647697 0.127498805522919 0.133769422769547 0.135137930512428 0.130515173077583 0.141615405678749 0.133397251367569 0.139940574765205 0.161692082881927 0.159327358007431 0.15633724629879 0.147522076964378 0.138664737343788 0.151269525289536 0.130443885922432 0.141898438334465 0.147276565432549 0.131437078118324 0.136383861303329 0.154867976903915 0.154961735010147 0.158713564276695 0.163542985916138 0.160508424043655 0.152155250310898 0.160011500120163 0.164477273821831 0.177445441484451 0.177939713001251 0.16476745903492 0.156650453805923 0.140443161129951 0.137155801057816 0.142931297421455 0.13903920352459 0.14828222990036 0.140417218208313
-3.4e+38 0.148002773523331 0.136747106909752 0.129062905907631 0.141390636563301 0.141319900751114 0.135029435157776 0.149291723966599 0.148945316672325 0.127587720751762 0.135388717055321 0.132575035095215 0.130128264427185 0.134726271033287 0.126373946666718 0.144734457135201 0.158619791269302 0.160760566592216 0.149523451924324 0.132093533873558 0.129063844680786 0.129054993391037 0.124100841581821 0.129016071557999 0.126146271824837 0.125095471739769 0.147117272019386 0.154894113540649 0.156922146677971 0.162848085165024 0.155172064900398 0.162260249257088 0.16193126142025 0.15286822617054 0.14633871614933 0.178464516997337 0.183840200304985 0.150545164942741 0.152267515659332 0.150735810399055 0.147252425551414 0.150948002934456 0.155394017696381 0.162755563855171 0.167742267251015
-3.4e+38 0.129602521657944 0.157819733023643 0.149365469813347 0.146676391363144 0.154275983572006 0.153647616505623 0.15023897588253 0.137674704194069 0.12823586165905 0.137101456522942 0.13450263440609 0.128673270344734 0.12321600317955 0.128946617245674 0.155470460653305 0.146722346544266 0.138854786753654 0.131447687745094 0.129522025585175 0.129471644759178 0.124858230352402 0.145481064915657 0.149689853191376 0.147372543811798 0.146680042147636 0.149125143885612 0.161559537053108 0.165503546595573 0.165557101368904 0.154277160763741 0.151550590991974 0.153856232762337 0.15212681889534 0.148701593279839 0.15800529718399 0.158011808991432 0.149652943015099 0.166777431964874 0.16139067709446 0.158336102962494 0.159232944250107 0.170784294605255 0.16533662378788 0.172330066561699
-3.4e+38 0.139689072966576 0.158072620630264 0.1633490473032 0.138684689998627 0.141296297311783 0.159279614686966 0.146431654691696 0.131825134158134 0.137063354253769 0.141623064875603 0.136963322758675 0.131601482629776 0.129215568304062 0.141467556357384 0.158380120992661 0.132848024368286 0.130674630403519 0.144065096974373 0.136432856321335 0.131758213043213 0.14230751991272 0.162101626396179 0.148412302136421 0.15469428896904 0.153742551803589 0.151547446846962 0.159183233976364 0.146585538983345 0.15730008482933 0.159883305430412 0.136952593922615 0.140817284584045 0.165404260158539 0.172273963689804 0.145317211747169 0.143394634127617 0.155113562941551 0.161115154623985 0.164186522364616 0.158667176961899 0.148619830608368 0.151435613632202 0.163337796926498 0.169586345553398
-3.4e+38 0.136203065514565 0.142283469438553 0.159712925553322 0.138491824269295 0.128203555941582 0.132093831896782 0.131539717316628 0.127008140087128 0.139038532972336 0.140960901975632 0.133389830589294 0.128895163536072 0.126255616545677 0.146036341786385 0.152544066309929 0.130078673362732 0.133820936083794 0.148847416043282 0.146843776106834 0.136972188949585 0.153210774064064 0.155624642968178 0.138264954090118 0.149739935994148 0.157050639390945 0.159173309803009 0.15382906794548 0.1510079652071 0.164264753460884 0.161416530609131 0.129383936524391 0.132787495851517 0.157355114817619 0.157701179385185 0.148265317082405 0.149031654000282 0.152826204895973 0.14970551431179 0.162145540118217 0.149557262659073 0.13842935860157 0.138560980558395 0.1468585729599 0.168279826641083
-3.4e+38 0.14902238547802 0.152592718601227 0.146858856081963 0.132440105080605 0.133328706026077 0.133290246129036 0.129679411649704 0.126953035593033 0.134664222598076 0.13876573741436 0.128019139170647 0.124106906354427 0.138517454266548 0.143954634666443 0.138602435588837 0.131571441888809 0.119790852069855 0.124664150178432 0.145469397306442 0.143247663974762 0.147712886333466 0.146509945392609 0.141098901629448 0.156027227640152 0.160101890563965 0.163192749023438 0.160556063055992 0.162487477064133 0.166201144456863 0.158532902598381 0.154668986797333 0.148710772395134 0.156704589724541 0.155496388673782 0.15496227145195 0.145138964056969 0.156658262014389 0.164902955293655 0.153271406888962 0.143282905220985 0.137899309396744 0.129585117101669 0.134947001934052 0.16986009478569
-3.4e+38 0.159005850553513 0.140641614794731 0.122435159981251 0.117444187402725 0.129520937800407 0.132736533880234 0.124480932950974 0.132395848631859 0.140368357300758 0.133021622896194 0.133089274168015 0.147316306829453 0.150985315442085 0.134694620966911 0.136656433343887 0.143728464841843 0.115639448165894 0.119294367730618 0.142304256558418 0.149596974253654 0.151110082864761 0.161595463752747 0.15402002632618 0.150101244449615 0.155811876058578 0.16595658659935 0.15939137339592 0.147791728377342 0.148318186402321 0.1351098716259 0.149763256311417 0.159489125013351 0.147936627268791 0.146725162863731 0.152793154120445 0.145641505718231 0.144436895847321 0.151685655117035 0.157098144292831 0.158530846238136 0.143198788166046 0.141823276877403 0.13340151309967 0.14079549908638
-3.4e+38 0.142534732818604 0.124154441058636 0.117902919650078 0.12123367190361 0.125220268964767 0.122147642076015 0.119059309363365 0.140557214617729 0.153808742761612 0.13203501701355 0.13825461268425 0.154531076550484 0.144317239522934 0.117199517786503 0.133636668324471 0.152983069419861 0.128838375210762 0.126094862818718 0.144790261983871 0.16015188395977 0.171852365136147 0.174496993422508 0.155360922217369 0.139363795518875 0.141117736697197 0.154032781720161 0.151262447237968 0.147288396954536 0.144929826259613 0.126987904310226 0.142893686890602 0.150146484375 0.121972918510437 0.122175998985767 0.139245972037315 0.131622463464737 0.116061642765999 0.134431213140488 0.151587963104248 0.15410989522934 0.142277285456657 0.167683765292168 0.153686180710793 0.125598475337029
-3.4e+38 0.148238897323608 0.166352614760399 0.150694340467453 0.139578014612198 0.142824783921242 0.146115496754646 0.139020055532455 0.137659087777138 0.13990730047226 0.12480878084898 0.131726562976837 0.132294341921806 0.135028526186943 0.12905453145504 0.13977262377739 0.157090693712234 0.153551995754242 0.143472582101822 0.146171107888222 0.15594819188118 0.149654388427734 0.144931003451347 0.147195994853973 0.14155375957489 0.133930563926697 0.136568665504456 0.135556116700172 0.140465646982193 0.143276318907738 0.138796374201775 0.143847659230232 0.137963816523552 0.12831948697567 0.13324473798275 0.132580727338791 0.124254047870636 0.127638965845108 0.146829009056091 0.13637663424015 0.13935486972332 0.146249070763588 0.159082651138306 0.158332571387291 0.135832890868187
-3.4e+38 0.224643856287003 0.247757583856583 0.202924013137817 0.162844240665436 0.149476900696754 0.154614880681038 0.15533484518528 0.13229002058506 0.123558290302753 0.11631952226162 0.124061927199364 0.12437105178833 0.138364151120186 0.14159631729126 0.139950513839722 0.15281854569912 0.169631779193878 0.162213236093521 0.152930691838264 0.150904893875122 0.130933165550232 0.129389688372612 0.147345021367073 0.148037746548653 0.144444391131401 0.153236761689186 0.148471176624298 0.139321982860565 0.148562207818031 0.151611298322678 0.14600582420826 0.143058091402054 0.138101488351822 0.131381556391716 0.122422717511654 0.140436083078384 0.156477764248848 0.162651032209396 0.158708095550537 0.153287351131439 0.145596504211426 0.137071520090103 0.157806798815727 0.149857312440872
-3.4e+38 0.288242965936661 0.295728176832199 0.252427220344543 0.203906685113907 0.161556795239449 0.150546029210091 0.161722004413605 0.134280934929848 0.117846623063087 0.127958953380585 0.146196827292442 0.140898793935776 0.153245225548744 0.147504180669785 0.151829957962036 0.150886714458466 0.158303827047348 0.178184494376183 0.188292548060417 0.160435348749161 0.137044876813889 0.137453064322472 0.148351326584816 0.150665685534477 0.145926773548126 0.162623450160027 0.160133525729179 0.144318088889122 0.151311069726944 0.150299116969109 0.133659332990646 0.124353840947151 0.134321421384811 0.13816137611866 0.129989445209503 0.155982330441475 0.163333967328072 0.15580216050148 0.159615576267242 0.160776749253273 0.138223513960838 0.120596207678318 0.144805505871773 0.146418064832687
-3.4e+38 0.336843729019165 0.320600986480713 0.280439645051956 0.24038690328598 0.173256993293762 0.150232389569283 0.147644504904747 0.135034218430519 0.117169238626957 0.126031011343002 0.150383278727531 0.155121192336082 0.162461712956429 0.152241989970207 0.15679007768631 0.157106325030327 0.15339183807373 0.176855221390724 0.191525340080261 0.167850524187088 0.147666439414024 0.159944996237755 0.168050527572632 0.147474229335785 0.136359065771103 0.152406722307205 0.16533075273037 0.154295146465302 0.143959254026413 0.142000734806061 0.132583513855934 0.130872339010239 0.146750956773758 0.150742888450623 0.139014005661011 0.147179916501045 0.164540931582451 0.160383880138397 0.160441145300865 0.163295060396194 0.146113216876984 0.142134293913841 0.154864400625229 0.144476935267448
-3.4e+38 0.339554578065872 0.319506466388702 0.307700932025909 0.281140923500061 0.194308206439018 0.155475795269012 0.14018839597702 0.13438555598259 0.123383797705173 0.125472217798233 0.13950127363205 0.155453607439995 0.17018760740757 0.155484333634377 0.163413316011429 0.165916323661804 0.146701440215111 0.133230686187744 0.151980891823769 0.169068291783333 0.172766983509064 0.173061609268188 0.170146375894547 0.1539596170187 0.135004043579102 0.126378536224365 0.161484628915787 0.168983370065689 0.145213276147842 0.145973116159439 0.147490501403809 0.155283838510513 0.173907265067101 0.16111895442009 0.142909556627274 0.135500177741051 0.149776369333267 0.159841567277908 0.160788312554359 0.161160573363304 0.138931304216385 0.145254522562027 0.15438748896122 0.14588825404644
-3.4e+38 0.315193146467209 0.310746639966965 0.330097138881683 0.289046764373779 0.186166033148766 0.159260913729668 0.135774701833725 0.12981803715229 0.127487450838089 0.147597089409828 0.187316253781319 0.169839382171631 0.150773003697395 0.141632825136185 0.144922256469727 0.14942230284214 0.140048578381538 0.132299914956093 0.163548365235329 0.176856264472008 0.159688144922256 0.163542374968529 0.166801378130913 0.169750481843948 0.152196958661079 0.124587461352348 0.156084954738617 0.162795603275299 0.146181136369705 0.162296384572983 0.155594766139984 0.159480765461922 0.161480501294136 0.140988230705261 0.137074843049049 0.136868372559547 0.141668185591698 0.148782223463058 0.144048362970352 0.15663480758667 0.140345200896263 0.138344332575798 0.143785685300827 0.132784307003021
-3.4e+38 0.316352218389511 0.299384266138077 0.314613521099091 0.272464960813522 0.185584634542465 0.158917665481567 0.144255220890045 0.136796146631241 0.126100286841393 0.135593384504318 0.169928386807442 0.170820102095604 0.144382953643799 0.134572446346283 0.129712790250778 0.14123098552227 0.132954835891724 0.1429692953825 0.170261412858963 0.164736390113831 0.145663574337959 0.15237058699131 0.143284186720848 0.147343680262566 0.151126503944397 0.139258354902267 0.148576632142067 0.149957522749901 0.146523654460907 0.161685407161713 0.162433966994286 0.15352563560009 0.148252636194229 0.14379495382309 0.157297506928444 0.171856179833412 0.160801634192467 0.146350175142288 0.137207016348839 0.138769805431366 0.125750854611397 0.134885504841805 0.142089486122131 0.119572587311268
-3.4e+38 0.346348255872726 0.31455534696579 0.33787876367569 0.299694895744324 0.20198330283165 0.152179524302483 0.142041265964508 0.144739612936974 0.13505382835865 0.110637061297894 0.130293413996696 0.152234524488449 0.151655063033104 0.153327092528343 0.134501174092293 0.136312916874886 0.150041207671165 0.157962307333946 0.154027685523033 0.149866566061974 0.164812073111534 0.178168922662735 0.146297886967659 0.130849361419678 0.148313015699387 0.151158213615417 0.154066875576973 0.176319375634193 0.172795936465263 0.164456993341446 0.160632863640785 0.150602877140045 0.161069169640541 0.178709879517555 0.16512605547905 0.162121266126633 0.183717727661133 0.179741352796555 0.15778461098671 0.132653459906578 0.123144470155239 0.130281805992126 0.136452063918114 0.129648417234421
-3.4e+38 0.39934778213501 0.37021017074585 0.386071622371674 0.336957544088364 0.222144648432732 0.156723827123642 0.148357033729553 0.138664588332176 0.135910466313362 0.127993702888489 0.130199775099754 0.138916030526161 0.140716344118118 0.147043406963348 0.141008391976357 0.149587795138359 0.173548713326454 0.15553106367588 0.141450256109238 0.140716955065727 0.15962241590023 0.176023364067078 0.150775477290154 0.144064649939537 0.144610166549683 0.144247487187386 0.151561141014099 0.163543373346329 0.160357668995857 0.157082036137581 0.160329014062881 0.151907086372375 0.15936179459095 0.173897847533226 0.175205543637276 0.180173233151436 0.197058513760567 0.189603924751282 0.181014686822891 0.160748392343521 0.128720656037331 0.130678057670593 0.148119166493416 0.143329605460167
-3.4e+38 0.449450105428696 0.420869648456573 0.404809802770615 0.391730129718781 0.291642427444458 0.184434875845909 0.149904653429985 0.146336153149605 0.141709446907043 0.143881574273109 0.135776206851006 0.12643900513649 0.136299967765808 0.146746799349785 0.149534925818443 0.144754216074944 0.161045283079147 0.156632483005524 0.1456518471241 0.157050564885139 0.148772925138474 0.145209163427353 0.155565351247787 0.162491038441658 0.135804370045662 0.140945613384247 0.159993842244148 0.151496484875679 0.147522017359734 0.153522282838821 0.165435463190079 0.161444574594498 0.149337396025658 0.159568667411804 0.177018225193024 0.172176584601402 0.171280935406685 0.170976623892784 0.160295590758324 0.147358804941177 0.143663078546524 0.144633606076241 0.14115110039711 0.135999515652657
-3.4e+38 0.455718755722046 0.444577395915985 0.435869693756104 0.423438400030136 0.359833210706711 0.251376211643219 0.181360125541687 0.157614156603813 0.136468023061752 0.14496585726738 0.149923726916313 0.13686029613018 0.145617753267288 0.146663352847099 0.137957066297531 0.142769277095795 0.138392865657806 0.137978315353394 0.148481905460358 0.160707131028175 0.147915706038475 0.132313057780266 0.136563658714294 0.153952345252037 0.145835161209106 0.140885084867477 0.152375146746635 0.153201326727867 0.154376655817032 0.15070404112339 0.148647353053093 0.148429900407791 0.14374515414238 0.13919797539711 0.147160947322845 0.144190296530724 0.149398773908615 0.148757725954056 0.1341732442379 0.144824534654617 0.153229415416718 0.136984542012215 0.125069454312325 0.137878865003586
0.47626930475235 0.467771053314209 0.466080158948898 0.446591258049011 0.422242313623428 0.396182626485825 0.324935585260391 0.247591704130173 0.190360605716705 0.156516179442406 0.159873843193054 0.151317313313484 0.143756225705147 0.151368364691734 0.139663442969322 0.134129330515862 0.151894748210907 0.15382607281208 0.155682012438774 0.154170081019402 0.154024004936218 0.140903785824776 0.135204955935478 0.137274965643883 0.140947371721268 0.149276584386826 0.14360885322094 0.144201800227165 0.147079646587372 0.143988236784935 0.137244120240211 0.137928307056427 0.135399356484413 0.124840058386326 0.118977978825569 0.1350207477808 0.146335780620575 0.137006863951683 0.141674026846886 0.138989105820656 0.137124106287956 0.146056100726128 0.132121562957764 0.128691479563713 0.143558025360107
