data/trimmed_ndre/J_ndre.615.2013_no_clouds.asc
NCOLS 141 
NROWS 118 
XLLCORNER 516845 
YLLCORNER 5169015 
CELLSIZE 5 
NODATA_value -3.4e+38 
[rows 60 to 79 of 118, columns 0 to 44 of 141]
-3.4e+38 0.520211935043335 0.523913323879242 0.519583106040955 0.520782589912415 0.541298389434814 0.570491194725037 0.586436569690704 0.582437455654144 0.583935976028442 0.577161610126495 0.574078142642975 0.576727211475372 0.550994575023651 0.518134772777557 0.495664179325104 0.480918377637863 0.467995524406433 0.473674923181534 0.502002716064453 0.537052750587463 0.574581325054169 0.602384984493256 0.613388061523438 0.61554366350174 0.598342061042786 0.559391975402832 0.528747797012329 0.509779036045074 0.51233845949173 0.52448582649231 0.526814818382263 0.530892848968506 0.547263741493225 0.563426494598389 0.566126465797424 0.568935632705688 0.563783049583435 0.553282380104065 0.51903623342514 0.48266139626503 0.477136373519897 0.487970143556595 0.509694635868073 0.536291539669037
-3.4e+38 0.515080869197845 0.510455667972565 0.503402054309845 0.509034514427185 0.533449530601501 0.558066666126251 0.570563197135925 0.570476889610291 0.579126179218292 0.571860730648041 0.564123272895813 0.560293078422546 0.54220587015152 0.513935804367065 0.486976712942123 0.477334529161453 0.480909407138824 0.511752903461456 0.561050057411194 0.590830445289612 0.592833757400513 0.601337194442749 0.604509830474854 0.596629858016968 0.586354434490204 0.558315396308899 0.528873026371002 0.508554399013519 0.505899786949158 0.528782427310944 0.551266968250275 0.566068828105927 0.58286726474762 0.593039095401764 0.594915449619293 0.600024580955505 0.590132355690002 0.558956325054169 0.521698713302612 0.476940244436264 0.466859221458435 0.488375931978226 0.518132209777832 0.570876359939575
-3.4e+38 0.496396362781525 0.490790158510208 0.48776438832283 0.505198419094086 0.533865749835968 0.550478458404541 0.552751839160919 0.558258175849915 0.565434038639069 0.549147844314575 0.539856255054474 0.535683572292328 0.5252445936203 0.515222311019897 0.509331822395325 0.520562529563904 0.535925328731537 0.563428103923798 0.605049014091492 0.62992250919342 0.611408174037933 0.595451414585114 0.576451599597931 0.562428891658783 0.557352364063263 0.545828700065613 0.528913676738739 0.520135223865509 0.516010999679565 0.53946316242218 0.575670123100281 0.591258645057678 0.599131226539612 0.608029305934906 0.613382041454315 0.617555558681488 0.604289174079895 0.569615662097931 0.529813289642334 0.480165541172028 0.467405557632446 0.500823318958282 0.528003215789795 0.578235864639282
-3.4e+38 0.486619383096695 0.483745366334915 0.481727361679077 0.503964602947235 0.530722498893738 0.544528543949127 0.546962261199951 0.553687155246735 0.550958633422852 0.528299868106842 0.524203896522522 0.523652315139771 0.531983613967896 0.550514101982117 0.558162093162537 0.572076976299286 0.583726286888123 0.607552349567413 0.62284255027771 0.615124821662903 0.591961205005646 0.573907077312469 0.555541336536407 0.548117995262146 0.547196984291077 0.547142326831818 0.547809779644012 0.550065338611603 0.549541473388672 0.560563981533051 0.589071571826935 0.607281982898712 0.606425583362579 0.608981549739838 0.609434187412262 0.607085824012756 0.600652098655701 0.577030956745148 0.536162436008453 0.492837846279144 0.470545768737793 0.487547665834427 0.516242742538452 0.555020093917847
-3.4e+38 0.492564707994461 0.483441084623337 0.487324804067612 0.50834995508194 0.526313185691833 0.540013313293457 0.545605957508087 0.546924889087677 0.529765665531158 0.504535257816315 0.509541749954224 0.524354338645935 0.562734961509705 0.600662469863892 0.598929703235626 0.617127895355225 0.6338130235672 0.629699349403381 0.619060695171356 0.588123977184296 0.560786247253418 0.545869290828705 0.545643389225006 0.554104566574097 0.562627971172333 0.566176354885101 0.571597337722778 0.576565623283386 0.578055560588837 0.575238704681396 0.590205192565918 0.602319061756134 0.590103626251221 0.58507764339447 0.58515602350235 0.591221570968628 0.597733914852142 0.58722323179245 0.550659716129303 0.506975114345551 0.47162589430809 0.467305392026901 0.502139389514923 0.54009747505188
-3.4e+38 0.502141535282135 0.493478089570999 0.499572515487671 0.518007397651672 0.523732364177704 0.532164573669434 0.532635152339935 0.524514675140381 0.499725073575974 0.490181893110275 0.516333222389221 0.546658098697662 0.589056968688965 0.621779024600983 0.624926924705505 0.649673700332642 0.651556730270386 0.623692393302917 0.615794777870178 0.583904206752777 0.55729079246521 0.553513288497925 0.548891127109528 0.560523331165314 0.580035209655762 0.584760546684265 0.582377731800079 0.583531141281128 0.583428680896759 0.577797591686249 0.591164290904999 0.585814416408539 0.561731517314911 0.558063566684723 0.572560846805573 0.59062135219574 0.595955014228821 0.600070357322693 0.565852761268616 0.508879661560059 0.476589530706406 0.469172567129135 0.511377573013306 0.549118041992188
-3.4e+38 0.503569483757019 0.505594670772552 0.514841914176941 0.525736629962921 0.523216426372528 0.521030128002167 0.511527299880981 0.499956846237183 0.484194159507751 0.501235127449036 0.549226939678192 0.580848455429077 0.619407713413239 0.644979357719421 0.645439565181732 0.654072225093842 0.6416135430336 0.613862633705139 0.595476031303406 0.568931400775909 0.55478048324585 0.554926872253418 0.547282814979553 0.550893366336823 0.575158357620239 0.591259479522705 0.580682575702667 0.577935934066772 0.574701249599457 0.570391774177551 0.579993307590485 0.569800198078156 0.544820547103882 0.547428667545319 0.564245581626892 0.588063716888428 0.600534558296204 0.607029795646667 0.568319141864777 0.509808242321014 0.477464824914932 0.468751847743988 0.497095793485641 0.531103789806366
-3.4e+38 0.518914401531219 0.522754013538361 0.527428805828094 0.532124519348145 0.529551267623901 0.519597589969635 0.501161336898804 0.494796842336655 0.49560409784317 0.529874265193939 0.585038065910339 0.620801687240601 0.644801199436188 0.649038732051849 0.642152547836304 0.64275449514389 0.63052225112915 0.607210099697113 0.58056253194809 0.558113276958466 0.551770210266113 0.538316011428833 0.528218150138855 0.534736454486847 0.56461375951767 0.581881523132324 0.571036815643311 0.568135440349579 0.56704169511795 0.56314092874527 0.558572590351105 0.559054493904114 0.547335147857666 0.539219856262207 0.553595423698425 0.572707295417786 0.591263771057129 0.598687529563904 0.563530087471008 0.514952003955841 0.483035564422607 0.465680748224258 0.474632501602173 0.500120162963867
-3.4e+38 0.547547698020935 0.547279834747314 0.551805198192596 0.552053272724152 0.542206048965454 0.527341842651367 0.507602334022522 0.504222393035889 0.519423007965088 0.56205952167511 0.62128883600235 0.646944582462311 0.639316320419312 0.625830054283142 0.62047553062439 0.624014139175415 0.617252588272095 0.605045199394226 0.58265894651413 0.56426340341568 0.552638173103333 0.519232034683228 0.493264049291611 0.504332423210144 0.536288380622864 0.56768137216568 0.579710900783539 0.580758810043335 0.574690878391266 0.568200767040253 0.562708020210266 0.565545439720154 0.555176675319672 0.53665566444397 0.543510675430298 0.54708331823349 0.562144339084625 0.574471294879913 0.552689611911774 0.525820195674896 0.487744897603989 0.46340599656105 0.470358610153198 0.490558534860611
-3.4e+38 0.570736527442932 0.572203636169434 0.575433015823364 0.572754800319672 0.556305110454559 0.537085354328156 0.518289268016815 0.525392532348633 0.563700020313263 0.605893313884735 0.645782947540283 0.644132077693939 0.611720323562622 0.598157346248627 0.597158133983612 0.604330360889435 0.60971337556839 0.608694851398468 0.600769579410553 0.581399500370026 0.551836669445038 0.503229856491089 0.453583866357803 0.462270796298981 0.506023585796356 0.562290966510773 0.607708394527435 0.609582364559174 0.586982071399689 0.571763455867767 0.569272458553314 0.573894321918488 0.56001740694046 0.542439877986908 0.537621974945068 0.533551335334778 0.546629190444946 0.563489556312561 0.554759442806244 0.533830344676971 0.498454570770264 0.476024717092514 0.486349642276764 0.49553656578064
-3.4e+38 0.583926975727081 0.581974804401398 0.582393527030945 0.580466508865356 0.565808117389679 0.545011043548584 0.533711791038513 0.55344033241272 0.60367625951767 0.635810911655426 0.652137517929077 0.629109025001526 0.582606077194214 0.567813873291016 0.577509522438049 0.594756305217743 0.615394473075867 0.620408892631531 0.619695425033569 0.602985560894012 0.55904346704483 0.502791404724121 0.441821604967117 0.439703047275543 0.503179013729095 0.566833436489105 0.629669964313507 0.633869767189026 0.595443367958069 0.573949813842773 0.569653689861298 0.570809781551361 0.557393133640289 0.548493921756744 0.532181262969971 0.51851087808609 0.538210988044739 0.563569903373718 0.559704780578613 0.534044086933136 0.504325211048126 0.485351651906967 0.494745910167694 0.502455532550812
-3.4e+38 0.59226530790329 0.584982812404633 0.5802281498909 0.577136635780334 0.563814520835876 0.549173533916473 0.554611265659332 0.582823216915131 0.62420928478241 0.64789742231369 0.648482143878937 0.609043002128601 0.559444606304169 0.558083832263947 0.581902146339417 0.601443469524384 0.629439830780029 0.641206741333008 0.639830410480499 0.631626844406128 0.589263617992401 0.530121982097626 0.466441810131073 0.446541368961334 0.502317130565643 0.567509174346924 0.624677121639252 0.633254587650299 0.593612790107727 0.570755243301392 0.556408107280731 0.561824679374695 0.559226095676422 0.557944238185883 0.532303690910339 0.518488764762878 0.540846228599548 0.560196876525879 0.562664330005646 0.54074501991272 0.525206804275513 0.507127046585083 0.506163060665131 0.518255889415741
-3.4e+38 0.60873281955719 0.603734791278839 0.592782855033875 0.581410884857178 0.565627098083496 0.560969889163971 0.583494067192078 0.608356595039368 0.636288821697235 0.655024409294128 0.636409878730774 0.580739915370941 0.549704194068909 0.566754043102264 0.595142245292664 0.61364358663559 0.643657684326172 0.659215807914734 0.658370018005371 0.653486490249634 0.628900527954102 0.564876317977905 0.492918342351913 0.454097181558609 0.489402264356613 0.555678963661194 0.590177357196808 0.603804349899292 0.578960359096527 0.555553734302521 0.532934725284576 0.545427441596985 0.559034109115601 0.55693656206131 0.542703151702881 0.531959474086761 0.543209373950958 0.549317717552185 0.56434029340744 0.569983601570129 0.564189195632935 0.539417564868927 0.529754042625427 0.539920270442963
-3.4e+38 0.61501806974411 0.611492156982422 0.599522113800049 0.585051774978638 0.57575660943985 0.58177649974823 0.609765589237213 0.637194573879242 0.652950286865234 0.648338794708252 0.602311611175537 0.545192837715149 0.544657826423645 0.570199429988861 0.600345969200134 0.620063424110413 0.650900483131409 0.669055879116058 0.665457904338837 0.655312120914459 0.644424736499786 0.592984914779663 0.527020812034607 0.489350348711014 0.495928257703781 0.539689421653748 0.558440029621124 0.563798844814301 0.543598771095276 0.506154239177704 0.483117163181305 0.503146290779114 0.540656924247742 0.550068438053131 0.551829218864441 0.540206909179688 0.540240943431854 0.547121822834015 0.569848120212555 0.593111336231232 0.586209118366241 0.556713104248047 0.551887154579163 0.558700799942017
-3.4e+38 0.61859929561615 0.612589299678802 0.602836549282074 0.588680803775787 0.581673622131348 0.5913325548172 0.622275769710541 0.648198783397675 0.653739333152771 0.628472685813904 0.564958810806274 0.524354040622711 0.537913680076599 0.572632968425751 0.60486501455307 0.620800197124481 0.644644498825073 0.660174310207367 0.65570729970932 0.646583259105682 0.655289888381958 0.630565047264099 0.572429060935974 0.533778250217438 0.533969581127167 0.544042587280273 0.544545292854309 0.545648872852325 0.52723240852356 0.48666051030159 0.466929405927658 0.48986628651619 0.528380930423737 0.554851293563843 0.565245807170868 0.560267448425293 0.557623505592346 0.566499412059784 0.579181849956512 0.59429007768631 0.582037925720215 0.555064678192139 0.559697329998016 0.561718344688416
-3.4e+38 0.619506418704987 0.615194320678711 0.611742734909058 0.599357604980469 0.594372630119324 0.604554533958435 0.625114142894745 0.643899977207184 0.641248643398285 0.618363618850708 0.560398399829865 0.522172689437866 0.539719521999359 0.56801837682724 0.596808731555939 0.61251437664032 0.627861380577087 0.632746815681458 0.632105886936188 0.637742042541504 0.653782844543457 0.653919458389282 0.610739469528198 0.566247880458832 0.568358600139618 0.561115264892578 0.556657373905182 0.565292298793793 0.561515927314758 0.531571328639984 0.517225563526154 0.531093180179596 0.544792175292969 0.570767402648926 0.589839518070221 0.585930645465851 0.587002873420715 0.590111911296844 0.589230895042419 0.592834949493408 0.578591465950012 0.557113885879517 0.559025466442108 0.552535235881805
-3.4e+38 0.614461302757263 0.618398606777191 0.621391117572784 0.614686548709869 0.611080765724182 0.618586122989655 0.628669500350952 0.639043986797333 0.632957994937897 0.600367665290833 0.550294160842896 0.520976305007935 0.532996237277985 0.554339587688446 0.573670208454132 0.598071575164795 0.613783121109009 0.613137364387512 0.608797132968903 0.621206402778625 0.642251789569855 0.65565150976181 0.633971512317657 0.603159427642822 0.599952280521393 0.58852219581604 0.58657842874527 0.604980230331421 0.61073362827301 0.593928694725037 0.587111473083496 0.607059478759766 0.597876131534576 0.610136091709137 0.617292761802673 0.604371964931488 0.604160726070404 0.607327342033386 0.604552805423737 0.597065389156342 0.58848762512207 0.574660539627075 0.565663158893585 0.553107738494873
-3.4e+38 0.603492498397827 0.616048574447632 0.625334680080414 0.620410740375519 0.622872114181519 0.629140734672546 0.631244242191315 0.636814713478088 0.628028035163879 0.58932238817215 0.542036950588226 0.51579624414444 0.519206821918488 0.540197610855103 0.552168965339661 0.586893856525421 0.603940486907959 0.596030056476593 0.588791310787201 0.603010654449463 0.629813134670258 0.638667404651642 0.624755442142487 0.607231080532074 0.59964907169342 0.598393261432648 0.601016163825989 0.613484680652618 0.62522828578949 0.627682089805603 0.632190108299255 0.638102948665619 0.630504906177521 0.633874416351318 0.627204298973083 0.608595967292786 0.609257578849792 0.606468498706818 0.600771427154541 0.596996784210205 0.606546401977539 0.596924901008606 0.5791876912117 0.568791151046753
-3.4e+38 0.595201849937439 0.606307148933411 0.617464780807495 0.616815686225891 0.625499665737152 0.630611658096313 0.630268394947052 0.63419097661972 0.627074480056763 0.585306107997894 0.538973748683929 0.515758335590363 0.514903366565704 0.528887271881104 0.540037393569946 0.57945716381073 0.593937158584595 0.577793836593628 0.573974549770355 0.588751554489136 0.615005195140839 0.616244494915009 0.599280714988708 0.58721524477005 0.579917907714844 0.585826516151428 0.601400136947632 0.616547048091888 0.628922522068024 0.636695742607117 0.632649660110474 0.624879658222198 0.623906672000885 0.622747659683228 0.622227847576141 0.617198407649994 0.614595532417297 0.61002504825592 0.603986501693726 0.605606853961945 0.617692232131958 0.604484796524048 0.576621472835541 0.572571277618408
0.589707553386688 0.59490841627121 0.601652860641479 0.611148238182068 0.615923523902893 0.62342780828476 0.626358687877655 0.624135732650757 0.625269949436188 0.618496716022491 0.585872411727905 0.543261349201202 0.524495363235474 0.523099780082703 0.532326698303223 0.549865782260895 0.578753113746643 0.582323431968689 0.566907405853271 0.565471827983856 0.578220129013062 0.59730452299118 0.599997043609619 0.587814509868622 0.581853330135345 0.57543408870697 0.584228217601776 0.602580547332764 0.614041686058044 0.623608469963074 0.629307746887207 0.628457725048065 0.624244868755341 0.61953341960907 0.616248190402985 0.617626368999481 0.617730140686035 0.616611182689667 0.623085141181946 0.623336970806122 0.624042153358459 0.629193246364594 0.622777581214905 0.60001927614212 0.586595952510834
