data/trimmed_ndre/J_ndre.716.2013_no_clouds.asc
NCOLS 141 
NROWS 118 
XLLCORNER 516845 
YLLCORNER 5169015 
CELLSIZE 5 
NODATA_value -3.4e+38 
[rows 60 to 79 of 118, columns 90 to 134 of 141]
0.346660584211349 0.346907287836075 0.367353558540344 0.405572146177292 0.414680063724518 0.372998028993607 0.324004322290421 0.252153307199478 0.222775027155876 0.227794155478477 0.207653686404228 0.186339676380157 0.182588770985603 0.193425610661507 0.185940116643906 0.177910327911377 0.188978716731071 0.202703773975372 0.222195625305176 0.244173929095268 0.279693394899368 0.375009566545486 0.462918013334274 0.483235210180283 0.485323935747147 0.386930793523788 0.277548551559448 0.254048317670822 0.241448238492012 0.237323150038719 0.219377070665359 0.193986594676971 0.194120228290558 0.208515375852585 0.205131605267525 0.212223783135414 -3.4e+38 -3.4e+38 -3.4e+38 -3.4e+38 -3.4e+38 -3.4e+38 -3.4e+38 -3.4e+38 -3.4e+38
0.307158082723618 0.299833208322525 0.328622668981552 0.372909158468246 0.410946726799011 0.401137560606003 0.348564237356186 0.279514253139496 0.244615122675896 0.245304927229881 0.22154812514782 0.201485484838486 0.190126031637192 0.186483487486839 0.170393332839012 0.163598746061325 0.173242047429085 0.185474783182144 0.199699863791466 0.242822214961052 0.307476848363876 0.38034975528717 0.451187491416931 0.47194567322731 0.475657552480698 0.379500776529312 0.2689368724823 0.237003415822983 0.218849509954453 0.216474115848541 0.207701846957207 0.18848480284214 0.195943981409073 0.21302455663681 0.221246615052223 0.233645766973495 0.254780560731888 -3.4e+38 -3.4e+38 -3.4e+38 -3.4e+38 -3.4e+38 -3.4e+38 -3.4e+38 -3.4e+38
0.295009642839432 0.287802666425705 0.302614957094193 0.34934338927269 0.391220808029175 0.382951974868774 0.342616409063339 0.308816462755203 0.287189602851868 0.264420092105865 0.236756637692451 0.214357748627663 0.188450321555138 0.164037585258484 0.152554780244827 0.159969910979271 0.180389419198036 0.194610178470612 0.198905244469643 0.254464358091354 0.35246205329895 0.419627666473389 0.45414724946022 0.471801400184631 0.439824640750885 0.351430207490921 0.273264616727829 0.22970812022686 0.207938775420189 0.20996929705143 0.208988040685654 0.207208842039108 0.219019249081612 0.226111352443695 0.234772175550461 0.247777462005615 0.263081848621368 -3.4e+38 -3.4e+38 -3.4e+38 -3.4e+38 -3.4e+38 -3.4e+38 -3.4e+38 -3.4e+38
0.28815370798111 0.281790375709534 0.292451798915863 0.347824811935425 0.383538484573364 0.3677818775177 0.343103021383286 0.327327221632004 0.308381527662277 0.280167251825333 0.251435995101929 0.230710312724113 0.203651428222656 0.168512150645256 0.157347485423088 0.169726133346558 0.183802574872971 0.202802807092667 0.233764678239822 0.301288455724716 0.399435460567474 0.466714650392532 0.460734456777573 0.43962436914444 0.364441752433777 0.287612587213516 0.256281405687332 0.222767993807793 0.205560430884361 0.209498465061188 0.20946316421032 0.217668488621712 0.228905528783798 0.224252089858055 0.230618685483932 0.240806132555008 0.250151336193085 0.265009850263596 -3.4e+38 -3.4e+38 -3.4e+38 -3.4e+38 -3.4e+38 -3.4e+38 -3.4e+38
0.282952457666397 0.273305237293243 0.297343611717224 0.346717536449432 0.382765054702759 0.364608883857727 0.322051256895065 0.301258832216263 0.294414967298508 0.285479366779327 0.275368213653564 0.254566103219986 0.228260427713394 0.1907779276371 0.17555670440197 0.177863836288452 0.17522893846035 0.195110723376274 0.250156193971634 0.327615022659302 0.425029695034027 0.486851871013641 0.452754884958267 0.396220862865448 0.301552981138229 0.231580033898354 0.233030170202255 0.225676104426384 0.210979029536247 0.202903151512146 0.209999546408653 0.232281923294067 0.241391226649284 0.233201295137405 0.240057364106178 0.26288890838623 0.276605635881424 0.288385897874832 -3.4e+38 -3.4e+38 -3.4e+38 -3.4e+38 -3.4e+38 -3.4e+38 -3.4e+38
0.29516926407814 0.278266847133636 0.301421582698822 0.32546004652977 0.365275651216507 0.350070893764496 0.289887875318527 0.266980886459351 0.271132946014404 0.278498262166977 0.291340470314026 0.277509540319443 0.236785545945168 0.199291974306107 0.184139683842659 0.179852366447449 0.176752388477325 0.210676535964012 0.279326260089874 0.360876053571701 0.436503797769547 0.486313045024872 0.452672511339188 0.372284829616547 0.289502888917923 0.232650771737099 0.223407492041588 0.225225582718849 0.213270545005798 0.198587477207184 0.210047096014023 0.237326264381409 0.250647962093353 0.255389332771301 0.272316247224808 0.304195255041122 0.322790205478668 0.326753079891205 0.331211239099503 -3.4e+38 -3.4e+38 -3.4e+38 -3.4e+38 -3.4e+38 -3.4e+38
0.339053571224213 0.3007692694664 0.285409212112427 0.300618350505829 0.334732174873352 0.33435994386673 0.290397077798843 0.265744894742966 0.257878333330154 0.277963101863861 0.299206078052521 0.291742146015167 0.238869085907936 0.194523826241493 0.18422144651413 0.178957983851433 0.189666792750359 0.226633414626122 0.304541289806366 0.401743620634079 0.460777342319489 0.480032324790955 0.432707607746124 0.346576273441315 0.296874165534973 0.25187811255455 0.215157032012939 0.208420500159264 0.205478683114052 0.19310699403286 0.202434852719307 0.22759909927845 0.247697964310646 0.271946877241135 0.298106133937836 0.32659775018692 0.340559154748917 0.344782620668411 0.347114115953445 -3.4e+38 -3.4e+38 -3.4e+38 -3.4e+38 -3.4e+38 -3.4e+38
0.345033407211304 0.306341826915741 0.273560762405396 0.288147747516632 0.315835952758789 0.32631441950798 0.295290052890778 0.263439238071442 0.248220965266228 0.272286593914032 0.303630650043488 0.304205656051636 0.264865636825562 0.215713351964951 0.195523574948311 0.181722566485405 0.192698448896408 0.246452644467354 0.336153775453568 0.427166134119034 0.483331382274628 0.473874151706696 0.406016170978546 0.31619256734848 0.270984023809433 0.247435614466667 0.221794635057449 0.217126503586769 0.213218554854393 0.195354968309402 0.191775843501091 0.210612580180168 0.235633224248886 0.266190499067307 0.296850919723511 0.320493221282959 0.335485219955444 0.352157562971115 0.36560270190239 0.370954543352127 -3.4e+38 -3.4e+38 -3.4e+38 -3.4e+38 -3.4e+38
0.324295580387115 0.297380357980728 0.275483846664429 0.280070632696152 0.308657288551331 0.330012232065201 0.306123077869415 0.258026301860809 0.238599345088005 0.261362701654434 0.295888960361481 0.291168928146362 0.261061072349548 0.229387417435646 0.206062212586403 0.19018642604351 0.201746806502342 0.280114769935608 0.378809064626694 0.437411606311798 0.496287971735001 0.469005793333054 0.384129852056503 0.302870154380798 0.252047598361969 0.251849412918091 0.255572944879532 0.249465525150299 0.230296164751053 0.208864897489548 0.191928490996361 0.196634218096733 0.224784135818481 0.250625640153885 0.279779046773911 0.310277581214905 0.335099518299103 0.361764043569565 0.379908502101898 0.391350477933884 -3.4e+38 -3.4e+38 -3.4e+38 -3.4e+38 -3.4e+38
0.319231808185577 0.288710922002792 0.274760782718658 0.267668724060059 0.28631666302681 0.309225112199783 0.295166224241257 0.248625561594963 0.224604576826096 0.241731584072113 0.268883585929871 0.260330677032471 0.231444984674454 0.221900314092636 0.208254724740982 0.201986342668533 0.208341717720032 0.272522419691086 0.378919959068298 0.444928646087646 0.50190281867981 0.475164651870728 0.37309393286705 0.289575457572937 0.234601199626923 0.247052505612373 0.273502886295319 0.263336360454559 0.244165152311325 0.227430507540703 0.208372473716736 0.20236711204052 0.221951276063919 0.241613730788231 0.262702256441116 0.299860090017319 0.346216857433319 0.379037380218506 0.38015228509903 0.391039311885834 0.401178628206253 -3.4e+38 -3.4e+38 -3.4e+38 -3.4e+38
0.324218809604645 0.281769245862961 0.259239166975021 0.252458512783051 0.266507983207703 0.279146492481232 0.271445602178574 0.241277486085892 0.218230783939362 0.224836736917496 0.228130623698235 0.219711378216743 0.213350623846054 0.218682304024696 0.210104405879974 0.211702316999435 0.23563027381897 0.273620516061783 0.379521399736404 0.471576780080795 0.498892396688461 0.48699751496315 0.408528357744217 0.31888547539711 0.251732170581818 0.223083034157753 0.245460048317909 0.247220724821091 0.239054143428802 0.232394486665726 0.218476533889771 0.212976261973381 0.220165848731995 0.240264236927032 0.262665808200836 0.302832305431366 0.360435754060745 0.381780415773392 0.368749350309372 0.386678546667099 0.408998847007751 -3.4e+38 -3.4e+38 -3.4e+38 -3.4e+38
0.324485749006271 0.292114317417145 0.272107720375061 0.268137365579605 0.271380126476288 0.270815402269363 0.254236876964569 0.232055574655533 0.219075635075569 0.217984303832054 0.210171192884445 0.19683626294136 0.202489376068115 0.21696349978447 0.203912407159805 0.196753963828087 0.233492806553841 0.285404533147812 0.37928831577301 0.473639845848083 0.492742508649826 0.494478613138199 0.45832422375679 0.373330771923065 0.305315405130386 0.248115703463554 0.227266907691956 0.226575374603271 0.218469858169556 0.214847832918167 0.207824200391769 0.208786070346832 0.216855704784393 0.244200080633163 0.282680243253708 0.314018040895462 0.359506189823151 0.373323112726212 0.361343711614609 0.378328144550323 0.405651748180389 0.407848417758942 -3.4e+38 -3.4e+38 -3.4e+38
0.334719955921173 0.323462128639221 0.310891628265381 0.297262132167816 0.28768315911293 0.277980536222458 0.262785196304321 0.246872782707214 0.230932071805 0.225166752934456 0.217888981103897 0.202194705605507 0.198987171053886 0.199155673384666 0.185469523072243 0.182064786553383 0.217614322900772 0.298305451869965 0.375571429729462 0.456236302852631 0.502868235111237 0.499989628791809 0.475271552801132 0.408534169197083 0.335866928100586 0.282069802284241 0.23644046485424 0.222075611352921 0.213665246963501 0.203187689185143 0.19409467279911 0.201102390885353 0.219703376293182 0.254765242338181 0.296510130167007 0.329056829214096 0.355374395847321 0.380528807640076 0.378325700759888 0.384253412485123 0.40320411324501 0.405794143676758 -3.4e+38 -3.4e+38 -3.4e+38
0.35794785618782 0.353678613901138 0.347669005393982 0.320387274026871 0.297331601381302 0.295286893844604 0.298437207937241 0.275153279304504 0.242700174450874 0.227581590414047 0.220853507518768 0.210925176739693 0.196973875164986 0.185647323727608 0.185622900724411 0.196365475654602 0.212475210428238 0.271924942731857 0.347893267869949 0.425447732210159 0.499474823474884 0.505799233913422 0.477544575929642 0.412475436925888 0.335453510284424 0.279230833053589 0.24262298643589 0.219047501683235 0.196987017989159 0.183096647262573 0.170746803283691 0.190767094492912 0.231132224202156 0.265510886907578 0.294433146715164 0.329237192869186 0.360024452209473 0.389930874109268 0.394815444946289 0.393804252147675 0.410005539655685 0.415369480848312 0.399440288543701 -3.4e+38 -3.4e+38
0.375687569379807 0.37363663315773 0.373711347579956 0.343263179063797 0.321361482143402 0.329828888177872 0.337651997804642 0.300325274467468 0.255068361759186 0.245892003178596 0.249827310442924 0.23934206366539 0.213506147265434 0.199643239378929 0.192178413271904 0.19580252468586 0.198755159974098 0.230139791965485 0.311751246452332 0.397720068693161 0.47652280330658 0.507677495479584 0.469819098711014 0.401604652404785 0.325926393270493 0.268165022134781 0.237872153520584 0.220890671014786 0.199393734335899 0.175140425562859 0.157095909118652 0.180319845676422 0.233068376779556 0.269879698753357 0.286213248968124 0.328994035720825 0.362317979335785 0.366771429777145 0.383507251739502 0.396357089281082 0.405501127243042 0.410788327455521 0.395032912492752 -3.4e+38 -3.4e+38
0.390526384115219 0.383965611457825 0.382086783647537 0.372515022754669 0.3556107878685 0.360596120357513 0.364943504333496 0.329679101705551 0.292419970035553 0.285081654787064 0.289704263210297 0.259944379329681 0.224214389920235 0.2126145362854 0.199035048484802 0.192130833864212 0.196338266134262 0.216391026973724 0.293181300163269 0.400313556194305 0.46431091427803 0.503051578998566 0.458993434906006 0.37509697675705 0.31059342622757 0.26813742518425 0.247080966830254 0.227698534727097 0.210726603865623 0.179670453071594 0.165789023041725 0.193346634507179 0.235802829265594 0.268338441848755 0.285841971635818 0.331860780715942 0.366439700126648 0.369894027709961 0.382954955101013 0.393385469913483 0.393197923898697 0.39256539940834 0.383306890726089 -3.4e+38 -3.4e+38
0.392275422811508 0.380849540233612 0.382124662399292 0.394401550292969 0.378171265125275 0.382727891206741 0.382434695959091 0.353110194206238 0.329874724149704 0.317709147930145 0.303620576858521 0.259842485189438 0.217667505145073 0.2107263058424 0.204750195145607 0.202697575092316 0.209923461079597 0.232051163911819 0.295104473829269 0.408159077167511 0.483592748641968 0.495181024074554 0.447219729423523 0.351883053779602 0.293668538331985 0.272754728794098 0.250202119350433 0.221010968089104 0.20863875746727 0.182197615504265 0.174731701612473 0.19486041367054 0.214457541704178 0.246217265725136 0.289774209260941 0.326970189809799 0.35735672712326 0.36214154958725 0.358555048704147 0.368736684322357 0.384016484022141 0.386246621608734 0.379242151975632 -3.4e+38 -3.4e+38
0.387025028467178 0.387971818447113 0.37694376707077 0.373459547758102 0.370587825775146 0.380067765712738 0.376025974750519 0.354152858257294 0.342002719640732 0.332535058259964 0.303513169288635 0.257435083389282 0.231019288301468 0.214157372713089 0.21069997549057 0.222356334328651 0.218862161040306 0.244624957442284 0.314076155424118 0.4234379529953 0.495684862136841 0.479463517665863 0.431559473276138 0.336909830570221 0.275922328233719 0.261184871196747 0.234878256917 0.207737922668457 0.194149151444435 0.179851606488228 0.178128063678741 0.185699373483658 0.189382329583168 0.2197245657444 0.275545597076416 0.317457675933838 0.335301667451859 0.332027792930603 0.329034030437469 0.342084169387817 0.364345043897629 0.376515805721283 -3.4e+38 -3.4e+38 -3.4e+38
0.373858958482742 0.376002997159958 0.37046554684639 0.362049013376236 0.367717027664185 0.37059822678566 0.373260766267776 0.364907413721085 0.348229825496674 0.330657184123993 0.295465171337128 0.265404999256134 0.262577176094055 0.222734317183495 0.20799432694912 0.236115768551826 0.215137451887131 0.249394580721855 0.346792131662369 0.435790807008743 0.494590818881989 0.473993510007858 0.423239141702652 0.34338966012001 0.275894969701767 0.243501037359238 0.220973089337349 0.203408092260361 0.182571828365326 0.168052852153778 0.168753027915955 0.178342312574387 0.186200603842735 0.203381106257439 0.247995674610138 0.29583552479744 0.311372965574265 0.313930630683899 0.322649002075195 0.337863057851791 0.356488585472107 0.366133809089661 -3.4e+38 -3.4e+38 -3.4e+38
0.365862995386124 0.36750590801239 0.372446000576019 0.365054100751877 0.369409054517746 0.372572720050812 0.37005877494812 0.356071025133133 0.328254729509354 0.301239460706711 0.281940072774887 0.268192410469055 0.264022499322891 0.23916457593441 0.218026846647263 0.228106424212456 0.208892405033112 0.247728243470192 0.373881667852402 0.477432131767273 0.506054520606995 0.493333697319031 0.433450728654861 0.360259830951691 0.28352153301239 0.23010316491127 0.21559476852417 0.206797584891319 0.181206583976746 0.159405454993248 0.155502945184708 0.172270432114601 0.187554344534874 0.197621464729309 0.220845296978951 0.268878191709518 0.299443274736404 0.305880606174469 0.31870225071907 0.332560330629349 0.349121689796448 0.361208528280258 -3.4e+38 -3.4e+38 -3.4e+38
