data/trimmed_ndre/J_ndre.711.2014_no_clouds.asc
NCOLS 141 
NROWS 118 
XLLCORNER 516845 
YLLCORNER 5169015 
CELLSIZE 5 
NODATA_value -3.4e+38 
[rows 80 to 99 of 118, columns 90 to 134 of 141]
0.346520394086838 0.336738616228104 0.339461892843246 0.3277348279953 0.322703659534454 0.322516977787018 0.341241359710693 0.370570629835129 0.372896283864975 0.370134353637695 0.378141641616821 0.376799792051315 0.360037744045258 0.322194427251816 0.29797899723053 0.282876491546631 0.26583793759346 0.255025506019592 0.260009407997131 0.261920869350433 0.240563869476318 0.224050372838974 0.234530314803123 0.256870776414871 0.257746607065201 0.240574076771736 0.227008163928986 0.217928677797318 0.218368545174599 0.231663525104523 0.248574882745743 0.265530824661255 0.292893469333649 0.312736183404922 0.322825402021408 0.319533437490463 0.280612796545029 0.252675980329514 0.253543525934219 0.266440629959106 0.2734694480896 0.291052997112274 -3.4e+38 -3.4e+38 -3.4e+38
0.341939449310303 0.334710597991943 0.331780821084976 0.306822776794434 0.308943688869476 0.336188614368439 0.352956742048264 0.368181169033051 0.391576617956161 0.394822508096695 0.382020592689514 0.370611429214478 0.35430434346199 0.320532947778702 0.305062532424927 0.286639988422394 0.264627516269684 0.255360007286072 0.265320420265198 0.264543473720551 0.232817515730858 0.212591245770454 0.229788810014725 0.255780428647995 0.263735592365265 0.233376994729042 0.218665704131126 0.227341055870056 0.223356544971466 0.222253531217575 0.229603156447411 0.25231796503067 0.293941855430603 0.321641027927399 0.322173267602921 0.30825087428093 0.289518803358078 0.268578678369522 0.264976143836975 0.270112752914429 0.270445346832275 0.291471570730209 -3.4e+38 -3.4e+38 -3.4e+38
0.328203797340393 0.324250519275665 0.321233004331589 0.309954643249512 0.320954382419586 0.343787610530853 0.358019411563873 0.369795024394989 0.404564678668976 0.413232177495956 0.396642208099365 0.380167663097382 0.363843321800232 0.339285135269165 0.319187760353088 0.297863632440567 0.275361686944962 0.265015095472336 0.282131940126419 0.282057285308838 0.250996321439743 0.224342063069344 0.233737125992775 0.253247857093811 0.26097047328949 0.251805067062378 0.24309316277504 0.249022126197815 0.245941981673241 0.243697181344032 0.249146610498428 0.275597125291824 0.307446897029877 0.326383799314499 0.330249160528183 0.321197241544724 0.30075278878212 0.284154117107391 0.275548666715622 0.272661566734314 0.276307880878448 0.292880594730377 -3.4e+38 -3.4e+38 -3.4e+38
0.322379440069199 0.326497495174408 0.3336341381073 0.334937304258347 0.343329548835754 0.360188812017441 0.379943519830704 0.391131043434143 0.408340007066727 0.418806940317154 0.410023719072342 0.402564853429794 0.391861945390701 0.351858526468277 0.31777611374855 0.302444368600845 0.285261958837509 0.275325626134872 0.275727778673172 0.278747171163559 0.26831728219986 0.2493636906147 0.252311259508133 0.265183299779892 0.273101180791855 0.281161904335022 0.278182417154312 0.267641216516495 0.255580484867096 0.25427907705307 0.254533469676971 0.282523304224014 0.313335657119751 0.316723078489304 0.311331152915955 0.317556440830231 0.308280318975449 0.287553548812866 0.277915358543396 0.2782202064991 0.28894829750061 0.299873739480972 -3.4e+38 -3.4e+38 -3.4e+38
0.344229131937027 0.35123535990715 0.35129114985466 0.356295764446259 0.368123292922974 0.385024666786194 0.410858869552612 0.410821914672852 0.406019181013107 0.416676789522171 0.419480979442596 0.419677287340164 0.403934597969055 0.352764248847961 0.313076347112656 0.296164721250534 0.285601705312729 0.27554652094841 0.260202646255493 0.263762086629868 0.267362684011459 0.260751247406006 0.258049786090851 0.268505036830902 0.281717896461487 0.286455988883972 0.283952087163925 0.273177355527878 0.258722543716431 0.250742226839066 0.243472814559937 0.268415331840515 0.309613704681396 0.32028266787529 0.320647597312927 0.32170906662941 0.305982112884521 0.284814029932022 0.2739417552948 0.281852841377258 0.302260667085648 0.313286781311035 -3.4e+38 -3.4e+38 -3.4e+38
0.37352129817009 0.373303204774857 0.36070328950882 0.365068167448044 0.380449950695038 0.40070840716362 0.427037566900253 0.415038406848907 0.407019823789597 0.422962635755539 0.424550503492355 0.417693585157394 0.402891516685486 0.358232647180557 0.315557271242142 0.289808005094528 0.275270909070969 0.26957842707634 0.264995992183685 0.270484805107117 0.272870808839798 0.266416490077972 0.256737500429153 0.264656871557236 0.281006991863251 0.281500488519669 0.271556556224823 0.261479407548904 0.257470041513443 0.254311829805374 0.250589340925217 0.267620056867599 0.29816073179245 0.322774022817612 0.332975953817368 0.319987416267395 0.305780202150345 0.288507103919983 0.281498432159424 0.294223427772522 0.319816529750824 0.329216450452805 0.323237061500549 -3.4e+38 -3.4e+38
0.385844260454178 0.39120027422905 0.376404881477356 0.374132484197617 0.377736330032349 0.40293887257576 0.42945608496666 0.412518590688705 0.411999672651291 0.423881500959396 0.418733268976212 0.410195916891098 0.397420167922974 0.375744521617889 0.33292618393898 0.291853159666061 0.268213301897049 0.256509691476822 0.260063856840134 0.273907065391541 0.279668092727661 0.267571091651917 0.256041884422302 0.259639471769333 0.268463164567947 0.265897303819656 0.255761176347733 0.258054941892624 0.265038341283798 0.270604759454727 0.271999299526215 0.274910300970078 0.295968294143677 0.324232965707779 0.332082360982895 0.319027185440063 0.321402609348297 0.306515216827393 0.302849888801575 0.31566447019577 0.333914309740067 0.338925778865814 0.341856360435486 0.359901964664459 -3.4e+38
0.38668093085289 0.404914140701294 0.398785144090652 0.38762155175209 0.381844311952591 0.400680214166641 0.413766741752625 0.407357275485992 0.414752572774887 0.41656357049942 0.408231645822525 0.400370270013809 0.388379722833633 0.37658628821373 0.337414473295212 0.296408921480179 0.26994800567627 0.256264328956604 0.260383814573288 0.271458327770233 0.277399301528931 0.264313876628876 0.246648654341698 0.250723540782928 0.261857986450195 0.26048332452774 0.259309321641922 0.270116060972214 0.276196926832199 0.279286652803421 0.282911568880081 0.287995398044586 0.310084581375122 0.334458887577057 0.34554049372673 0.331536650657654 0.324847280979156 0.318495780229568 0.316557496786118 0.330190271139145 0.340138822793961 0.345062345266342 0.359699487686157 0.3673375248909 0.361456781625748
0.386287033557892 0.410596072673798 0.410418957471848 0.398851931095123 0.388796210289001 0.387627154588699 0.392092376947403 0.40090411901474 0.411000102758408 0.412511855363846 0.406410455703735 0.40074947476387 0.38753879070282 0.360514104366302 0.325922876596451 0.287212908267975 0.266748011112213 0.259077221155167 0.258828908205032 0.265943437814713 0.269519001245499 0.255342423915863 0.237195894122124 0.243528753519058 0.259876489639282 0.260633051395416 0.263900071382523 0.273931920528412 0.279323548078537 0.27571427822113 0.282621830701828 0.300774484872818 0.322379648685455 0.339858949184418 0.350144267082214 0.329614341259003 0.313349962234497 0.312739610671997 0.308040678501129 0.33114492893219 0.345849752426147 0.354410350322723 0.371659159660339 0.36142572760582 0.350327551364899
0.387666165828705 0.403196573257446 0.405632257461548 0.401381313800812 0.388624727725983 0.375876754522324 0.378344357013702 0.38552924990654 0.392643064260483 0.399750471115112 0.408656507730484 0.407827973365784 0.394512295722961 0.360929369926453 0.32135409116745 0.290409803390503 0.269982308149338 0.262427389621735 0.260553628206253 0.270850658416748 0.270304590463638 0.254944562911987 0.241853594779968 0.240013957023621 0.250392079353333 0.256067276000977 0.259966224431992 0.267943978309631 0.269529074430466 0.268154382705688 0.283098787069321 0.310253500938416 0.333243042230606 0.338525146245956 0.332635015249252 0.316809803247452 0.30674347281456 0.297863483428955 0.289108455181122 0.32098051905632 0.347178369760513 0.361141473054886 0.376505464315414 0.369817733764648 0.352691173553467
0.396823942661285 0.404835432767868 0.407584965229034 0.399226903915405 0.379819184541702 0.369963735342026 0.371418088674545 0.364847928285599 0.374172359704971 0.396418273448944 0.414252251386642 0.409204423427582 0.393030643463135 0.361069202423096 0.318330198526382 0.294154822826385 0.273420721292496 0.264387309551239 0.265301585197449 0.273329645395279 0.268279403448105 0.26131546497345 0.250870585441589 0.235257536172867 0.239616766571999 0.250313520431519 0.25944796204567 0.267198234796524 0.267739146947861 0.270275503396988 0.288185238838196 0.321370929479599 0.347629725933075 0.344324767589569 0.325415760278702 0.310362547636032 0.303137689828873 0.288666605949402 0.285423308610916 0.316524505615234 0.339457750320435 0.355902850627899 0.364590346813202 0.358788162469864 0.350627720355988
0.39425528049469 0.409870445728302 0.413587987422943 0.396732151508331 0.373537480831146 0.367121070623398 0.374590456485748 0.376362591981888 0.387990683317184 0.408152133226395 0.421043694019318 0.409224063158035 0.383860021829605 0.354582995176315 0.31638514995575 0.28748494386673 0.271473407745361 0.263343572616577 0.265045315027237 0.266859024763107 0.262359231710434 0.261548340320587 0.256021082401276 0.240460515022278 0.239111974835396 0.248296856880188 0.267082214355469 0.279548734426498 0.286235690116882 0.2922682762146 0.301521748304367 0.320970058441162 0.344461172819138 0.355112254619598 0.343454122543335 0.328199326992035 0.315637141466141 0.297722369432449 0.301208555698395 0.31685408949852 0.330565184354782 0.353172391653061 0.355904847383499 0.349498301744461 0.352081686258316
0.385223478078842 0.407114297151566 0.416313856840134 0.402497410774231 0.387913912534714 0.383992522954941 0.397358357906342 0.409784495830536 0.409902185201645 0.416976809501648 0.424542039632797 0.410513281822205 0.385702908039093 0.35625097155571 0.321491837501526 0.293521076440811 0.284040302038193 0.272217035293579 0.26664200425148 0.262936651706696 0.258982270956039 0.259309828281403 0.261642217636108 0.25601327419281 0.244972765445709 0.250323504209518 0.271995961666107 0.289245545864105 0.297286361455917 0.307581603527069 0.313664972782135 0.315945237874985 0.326758742332458 0.345870912075043 0.346364140510559 0.337335020303726 0.326046794652939 0.313673049211502 0.313440024852753 0.319385409355164 0.330866396427155 0.353424876928329 0.355868697166443 0.356429159641266 0.35903799533844
0.382377743721008 0.408157706260681 0.420736134052277 0.417069733142853 0.409174919128418 0.405201703310013 0.409812957048416 0.411925613880157 0.409723430871964 0.415595561265945 0.420836538076401 0.412627100944519 0.404243111610413 0.376202493906021 0.336792081594467 0.299287736415863 0.28349170088768 0.28294312953949 0.27580526471138 0.267531037330627 0.261768102645874 0.269577354192734 0.271397560834885 0.264704823493958 0.252934813499451 0.253562211990356 0.274619162082672 0.293172180652618 0.304118663072586 0.317930817604065 0.328223913908005 0.330553740262985 0.335702061653137 0.350454181432724 0.347324520349503 0.334188401699066 0.324241489171982 0.324703603982925 0.330928891897202 0.33369192481041 0.339879989624023 0.351062476634979 0.353121697902679 0.357762366533279 0.355210989713669
0.385054856538773 0.410293489694595 0.422479122877121 0.423443526029587 0.416998088359833 0.407645136117935 0.409536272287369 0.410478740930557 0.409814685583115 0.415483564138412 0.416984230279922 0.411451935768127 0.404826730489731 0.380385726690292 0.339525520801544 0.302598297595978 0.28126585483551 0.287157863378525 0.291615426540375 0.293115615844727 0.306935220956802 0.303424328565598 0.286736488342285 0.269657135009766 0.260855555534363 0.270155668258667 0.293851584196091 0.307779759168625 0.321055740118027 0.332402110099792 0.334035903215408 0.34066054224968 0.340857237577438 0.344700008630753 0.342316508293152 0.323748856782913 0.314712375402451 0.322256237268448 0.333923369646072 0.342320263385773 0.342967867851257 0.342349261045456 0.342397481203079 0.348037332296371 0.34249022603035
0.384760230779648 0.403618305921555 0.416496396064758 0.422447472810745 0.41496142745018 0.402198016643524 0.400756627321243 0.406946986913681 0.413572251796722 0.422021895647049 0.42035961151123 0.412294000387192 0.401811599731445 0.377667874097824 0.33691081404686 0.312211543321609 0.29749584197998 0.296021819114685 0.304457694292068 0.318486630916595 0.341534435749054 0.338715940713882 0.310213834047318 0.29445219039917 0.28545942902565 0.29734194278717 0.316812217235565 0.330411702394485 0.344584286212921 0.36037489771843 0.361511647701263 0.358840048313141 0.35208523273468 0.339879512786865 0.325999617576599 0.304994642734528 0.300588011741638 0.31045138835907 0.321516245603561 0.339053899049759 0.341862887144089 0.338048309087753 0.334506899118423 0.337760478258133 0.337761640548706
0.36941522359848 0.390003383159637 0.408911436796188 0.41923114657402 0.408978849649429 0.3961061835289 0.398600906133652 0.404104590415955 0.415506988763809 0.423199623823166 0.413635820150375 0.400471270084381 0.387757390737534 0.36827352643013 0.331054896116257 0.308188587427139 0.306742489337921 0.306748390197754 0.308700680732727 0.315562337636948 0.332784503698349 0.348083913326263 0.343409150838852 0.336228400468826 0.32975560426712 0.320877075195312 0.327285706996918 0.338401973247528 0.358990609645844 0.372292220592499 0.377008974552155 0.373959571123123 0.377821415662766 0.367396920919418 0.33635014295578 0.304634183645248 0.298357129096985 0.30034863948822 0.312314480543137 0.336290925741196 0.342002779245377 0.338943213224411 0.336739003658295 0.343328177928925 0.341879695653915
0.353464096784592 0.375175505876541 0.397345900535583 0.409111142158508 0.403895378112793 0.40086030960083 0.403807461261749 0.402091413736343 0.410603612661362 0.403746783733368 0.384474456310272 0.378489702939987 0.367788374423981 0.353207617998123 0.324772953987122 0.305056691169739 0.311085939407349 0.318394631147385 0.317809164524078 0.325641214847565 0.341718047857285 0.360464006662369 0.376485168933868 0.381173938512802 0.373386144638062 0.348581612110138 0.344994127750397 0.358175933361053 0.37118062376976 0.370132833719254 0.379144042730331 0.37542736530304 0.366387844085693 0.364927917718887 0.339756637811661 0.314020484685898 0.3055160343647 0.297106593847275 0.311391174793243 0.332628458738327 0.339940845966339 0.339366942644119 0.348033338785172 0.359738498926163 0.348846524953842
0.348240166902542 0.362454533576965 0.385435402393341 0.399121820926666 0.404548913240433 0.409392118453979 0.408180981874466 0.401908665895462 0.397723764181137 0.378243118524551 0.359056830406189 0.361000388860703 0.352631002664566 0.336801767349243 0.320375889539719 0.309685498476028 0.320561051368713 0.332810699939728 0.330571413040161 0.348418772220612 0.362717241048813 0.369652837514877 0.392715901136398 0.409705609083176 0.401051342487335 0.37030878663063 0.351166814565659 0.36040335893631 0.37312650680542 0.375215172767639 0.387057572603226 0.378485590219498 0.364153414964676 0.35993430018425 0.339280933141708 0.322016984224319 0.315478980541229 0.304116070270538 0.312289953231812 0.328413307666779 0.337112963199615 0.339309215545654 0.358467757701874 0.374303579330444 0.354563057422638
0.352378636598587 0.36753511428833 0.385898321866989 0.396111011505127 0.405167251825333 0.413539260625839 0.411505728960037 0.398058146238327 0.386958390474319 0.372779786586761 0.356794774532318 0.352937132120132 0.345646977424622 0.33274319767952 0.32384192943573 0.324036985635757 0.331023186445236 0.346370279788971 0.353106945753098 0.37597194314003 0.382972300052643 0.37845915555954 0.39226108789444 0.413559943437576 0.406146556138992 0.369381457567215 0.340314507484436 0.340455323457718 0.353660434484482 0.36237445473671 0.378639250993729 0.379589080810547 0.375143021345139 0.368788599967957 0.34932604432106 0.335144340991974 0.326815605163574 0.320206314325333 0.322583585977554 0.330394804477692 0.342809438705444 0.350692123174667 0.355514496564865 -3.4e+38 -3.4e+38
