data/trimmed_ndre/J_ndre.710.2012_no_clouds.asc
NCOLS 141 
NROWS 118 
XLLCORNER 516845 
YLLCORNER 5169015 
CELLSIZE 5 
NODATA_value -3.4e+38 
[rows 60 to 79 of 118, columns 0 to 44 of 141]
-3.4e+38 0.327964216470718 0.342556744813919 0.341945677995682 0.333529263734818 0.335690677165985 0.315731704235077 0.290531754493713 0.280445963144302 0.281837433576584 0.290413558483124 0.292877376079559 0.290070354938507 0.288813471794128 0.283736109733582 0.289482772350311 0.292939454317093 0.290988802909851 0.289054393768311 0.284348905086517 0.291707456111908 0.295211046934128 0.294592410326004 0.338236421346664 0.354241877794266 0.332942575216293 0.297121524810791 0.280140966176987 0.285616278648376 0.28529566526413 0.287962108850479 0.299046397209167 0.285370707511902 0.286238670349121 0.305247932672501 0.311068296432495 0.33453893661499 0.313142865896225 0.280748188495636 0.27653494477272 0.26722726225853 0.253698229789734 0.237670570611954 0.246661394834518 0.291260600090027
-3.4e+38 0.332179576158524 0.348412156105042 0.345776319503784 0.33740958571434 0.330196440219879 0.303623497486115 0.286494135856628 0.279252737760544 0.279799222946167 0.281633794307709 0.291683793067932 0.299650251865387 0.291949272155762 0.282886475324631 0.290110349655151 0.289297789335251 0.284158676862717 0.282093077898026 0.282069027423859 0.290625333786011 0.302240788936615 0.314818441867828 0.345705091953278 0.332487165927887 0.299741685390472 0.269372045993805 0.259029418230057 0.281219959259033 0.28290656208992 0.303893357515335 0.332023680210114 0.313566952943802 0.324504017829895 0.330168008804321 0.343447268009186 0.36471238732338 0.326921671628952 0.289858639240265 0.282959580421448 0.2745341360569 0.264571964740753 0.244564816355705 0.254410356283188 0.300446569919586
-3.4e+38 0.31864458322525 0.32823771238327 0.326778292655945 0.328372269868851 0.311984181404114 0.288507372140884 0.289807111024857 0.284267783164978 0.271473735570908 0.268332332372665 0.286835640668869 0.300958931446075 0.288244158029556 0.275321662425995 0.286081224679947 0.28255107998848 0.279858380556107 0.278746068477631 0.281468421220779 0.288859516382217 0.311275035142899 0.324584424495697 0.31884628534317 0.297156125307083 0.28257828950882 0.260039120912552 0.252685844898224 0.27119180560112 0.268550276756287 0.307172954082489 0.333841979503632 0.322076559066772 0.354634493589401 0.352008819580078 0.349289804697037 0.353423953056335 0.323989808559418 0.3029445707798 0.282848328351974 0.271950840950012 0.271340936422348 0.26575893163681 0.272087216377258 0.296015650033951
-3.4e+38 0.30183020234108 0.307850658893585 0.309107571840286 0.322610169649124 0.300980716943741 0.283314287662506 0.295439928770065 0.289693146944046 0.270969837903976 0.266126304864883 0.281691700220108 0.292933493852615 0.274414092302322 0.263684183359146 0.276046693325043 0.276793092489243 0.282087922096252 0.287394016981125 0.291419476270676 0.297796070575714 0.321059048175812 0.320038318634033 0.293145060539246 0.270743906497955 0.274754703044891 0.261055946350098 0.259496539831161 0.265455275774002 0.260877817869186 0.296573311090469 0.310295909643173 0.318594872951508 0.345917254686356 0.332125276327133 0.322502076625824 0.32268163561821 0.318004935979843 0.318302065134048 0.295017391443253 0.282296717166901 0.282577455043793 0.270766526460648 0.270736634731293 0.28813448548317
-3.4e+38 0.300139427185059 0.293480753898621 0.301068186759949 0.320376008749008 0.299512028694153 0.289545923471451 0.295802772045135 0.286199659109116 0.277693510055542 0.279012978076935 0.290817975997925 0.288460105657578 0.263477683067322 0.260874629020691 0.271705538034439 0.281402200460434 0.295991837978363 0.309370785951614 0.313637048006058 0.31359726190567 0.31837061047554 0.307238399982452 0.28140777349472 0.271569669246674 0.282596200704575 0.275770157575607 0.276149272918701 0.267592757940292 0.265659481287003 0.295998603105545 0.292472511529922 0.295824199914932 0.307355940341949 0.295906841754913 0.305286020040512 0.306797623634338 0.302878975868225 0.302075266838074 0.281874597072601 0.2691370844841 0.266221225261688 0.262233376502991 0.277114748954773 0.28371399641037
-3.4e+38 0.295770913362503 0.268674790859222 0.292944073677063 0.334989845752716 0.313504040241241 0.302311152219772 0.287621051073074 0.278867661952972 0.287842184305191 0.294884711503983 0.298727214336395 0.285779386758804 0.263278484344482 0.26860985159874 0.276276886463165 0.291411161422729 0.313919574022293 0.328447729349136 0.335212826728821 0.32141301035881 0.307183504104614 0.301030278205872 0.287264674901962 0.287935763597488 0.294396042823792 0.28920915722847 0.294416278600693 0.283143192529678 0.279288738965988 0.295165002346039 0.288519710302353 0.287431329488754 0.285908341407776 0.283347219228745 0.296228528022766 0.294013887643814 0.296196728944778 0.292825490236282 0.276153564453125 0.266712099313736 0.25996720790863 0.268966048955917 0.281059980392456 0.279562801122665
-3.4e+38 0.283837586641312 0.272021919488907 0.287368953227997 0.320487827062607 0.314546346664429 0.307529538869858 0.277795016765594 0.26764327287674 0.287961393594742 0.295675843954086 0.296975791454315 0.280722737312317 0.269421964883804 0.283801317214966 0.287256926298141 0.301314145326614 0.323477566242218 0.336807936429977 0.338598132133484 0.31526044011116 0.302812278270721 0.30728542804718 0.303128212690353 0.300939708948135 0.29505056142807 0.299089103937149 0.314288914203644 0.303160637617111 0.291708171367645 0.29331248998642 0.294557631015778 0.288976758718491 0.277034074068069 0.272853314876556 0.275694012641907 0.262477815151215 0.267765581607819 0.276874005794525 0.278546690940857 0.280749052762985 0.266443967819214 0.263469249010086 0.272007554769516 0.27485191822052
-3.4e+38 0.278894692659378 0.295448869466782 0.283456683158875 0.289267033338547 0.300287127494812 0.294153213500977 0.274916917085648 0.278924435377121 0.291940957307816 0.288943827152252 0.285643875598907 0.271729469299316 0.280910015106201 0.304815649986267 0.304747581481934 0.314333617687225 0.327188581228256 0.334632605314255 0.328101277351379 0.304119497537613 0.301850169897079 0.308247357606888 0.302052676677704 0.2984279692173 0.28778150677681 0.307348966598511 0.331898838281631 0.323070853948593 0.30338180065155 0.293111562728882 0.294141799211502 0.287326067686081 0.280447900295258 0.275357782840729 0.254372984170914 0.227941572666168 0.233799278736115 0.248095616698265 0.262649774551392 0.273726046085358 0.274055957794189 0.268266052007675 0.263810217380524 0.269563913345337
-3.4e+38 0.272294074296951 0.292369395494461 0.293341279029846 0.29984524846077 0.300045847892761 0.288052201271057 0.278791338205338 0.293557941913605 0.294691562652588 0.286650598049164 0.287423193454742 0.282408118247986 0.291733831167221 0.311144977807999 0.319194555282593 0.324392437934875 0.330611675977707 0.33203911781311 0.315473526716232 0.291258424520493 0.294848293066025 0.295744657516479 0.290933728218079 0.291465252637863 0.28184562921524 0.316267520189285 0.348545610904694 0.335418462753296 0.309056669473648 0.297501116991043 0.289037972688675 0.284668743610382 0.289078921079636 0.289381861686707 0.252560585737228 0.219329297542572 0.225489392876625 0.235917001962662 0.256248891353607 0.277892351150513 0.289100974798203 0.279832243919373 0.263602435588837 0.265629142522812
-3.4e+38 0.279082834720612 0.295723587274551 0.299716711044312 0.306376934051514 0.304714143276215 0.2888103723526 0.27697741985321 0.283954083919525 0.289187490940094 0.296625345945358 0.306756764650345 0.306783258914948 0.299626439809799 0.29828929901123 0.305632650852203 0.318710267543793 0.338477343320847 0.342406898736954 0.325016707181931 0.297023773193359 0.289629817008972 0.284507423639297 0.291781067848206 0.298255115747452 0.296914756298065 0.340444922447205 0.363992273807526 0.340315341949463 0.306468367576599 0.303912967443466 0.285785526037216 0.278624475002289 0.29021143913269 0.296517252922058 0.257956862449646 0.225618034601212 0.229748472571373 0.242148742079735 0.261177837848663 0.28076958656311 0.287824898958206 0.2790906727314 0.266453206539154 0.264430552721024
-3.4e+38 0.293494880199432 0.303912699222565 0.302799046039581 0.299106478691101 0.29797026515007 0.284767031669617 0.271594405174255 0.275229692459106 0.285119652748108 0.303645759820938 0.323761701583862 0.326377540826797 0.313683122396469 0.298445552587509 0.292120695114136 0.309876084327698 0.335914701223373 0.337247908115387 0.346233576536179 0.323979467153549 0.287239968776703 0.27506086230278 0.284512937068939 0.306263476610184 0.326967269182205 0.360991895198822 0.376323997974396 0.336603552103043 0.293263226747513 0.296263039112091 0.279073864221573 0.26557993888855 0.273185104131699 0.271233648061752 0.230281263589859 0.210718646645546 0.215885072946548 0.231102406978607 0.246941730380058 0.268813073635101 0.275904774665833 0.274167686700821 0.272360116243362 0.269660800695419
-3.4e+38 0.31200709939003 0.313235402107239 0.298773556947708 0.287877976894379 0.288365840911865 0.281184405088425 0.271478563547134 0.272313475608826 0.287156403064728 0.307454168796539 0.336569160223007 0.341161549091339 0.320946604013443 0.3050916492939 0.29165330529213 0.302598387002945 0.322598338127136 0.324678122997284 0.347607135772705 0.339838176965714 0.302875548601151 0.284866392612457 0.279223591089249 0.300815641880035 0.327367007732391 0.349044412374496 0.373375594615936 0.357642084360123 0.308276534080505 0.277451425790787 0.258039772510529 0.241889163851738 0.250056862831116 0.245328485965729 0.208707869052887 0.203334465622902 0.207083344459534 0.211968705058098 0.228084817528725 0.26568341255188 0.279525905847549 0.278004616498947 0.278866082429886 0.277996212244034
-3.4e+38 0.325775533914566 0.314253807067871 0.291504472494125 0.280695676803589 0.286583334207535 0.286771059036255 0.280052036046982 0.279990017414093 0.293933629989624 0.310992360115051 0.334182620048523 0.331894665956497 0.309159457683563 0.298789352178574 0.294791877269745 0.310053408145905 0.329462915658951 0.341880440711975 0.36214354634285 0.363480120897293 0.340689688920975 0.309296429157257 0.296179056167603 0.305330336093903 0.319262027740479 0.3360475897789 0.358356565237045 0.358993917703629 0.318173676729202 0.257798463106155 0.238957703113556 0.257072418928146 0.252724349498749 0.219245612621307 0.196906909346581 0.212667852640152 0.217951938509941 0.221952185034752 0.242384716868401 0.28051096200943 0.291912525892258 0.285857290029526 0.280427932739258 0.283517777919769
-3.4e+38 0.326218485832214 0.304542779922485 0.28610771894455 0.281692445278168 0.289481639862061 0.291679114103317 0.286896079778671 0.287241190671921 0.303727924823761 0.318618267774582 0.31809264421463 0.299975365400314 0.284190982580185 0.285484999418259 0.299292385578156 0.318497002124786 0.346260756254196 0.368539661169052 0.382065236568451 0.387382239103317 0.374841272830963 0.33374759554863 0.308495819568634 0.313349395990372 0.319485396146774 0.32959195971489 0.324439197778702 0.305067211389542 0.296837359666824 0.255686730146408 0.244870945811272 0.268003612756729 0.247334435582161 0.212921008467674 0.210101515054703 0.228958323597908 0.221497744321823 0.229373604059219 0.265364587306976 0.29427307844162 0.294115990400314 0.289531022310257 0.28327003121376 0.278841853141785
-3.4e+38 0.314029783010483 0.293342530727386 0.284377485513687 0.284819364547729 0.288031101226807 0.289521306753159 0.289426416158676 0.295615285634995 0.316339194774628 0.323746234178543 0.306340426206589 0.287008821964264 0.273602515459061 0.276734679937363 0.295131653547287 0.31746917963028 0.348586469888687 0.375742763280869 0.397548794746399 0.40920278429985 0.401285827159882 0.362246632575989 0.325410306453705 0.319609850645065 0.323114484548569 0.328050434589386 0.295880168676376 0.263640195131302 0.277702748775482 0.25369468331337 0.242370679974556 0.241987809538841 0.235780283808708 0.233471646904945 0.237875774502754 0.245439097285271 0.240647420287132 0.246782287955284 0.283093273639679 0.309605807065964 0.298619836568832 0.281269699335098 0.284949749708176 0.284338235855103
-3.4e+38 0.29779788851738 0.286923617124557 0.285248816013336 0.28511255979538 0.285057157278061 0.291422963142395 0.300431340932846 0.309307366609573 0.323703199625015 0.328328013420105 0.31346195936203 0.295211106538773 0.284295320510864 0.281736850738525 0.290044486522675 0.308980375528336 0.332300662994385 0.362170577049255 0.388071954250336 0.404375821352005 0.405859440565109 0.385765612125397 0.352196305990219 0.329816877841949 0.327715039253235 0.333529144525528 0.292645484209061 0.262421399354935 0.269474923610687 0.2483139783144 0.246307849884033 0.238863036036491 0.248786464333534 0.267159998416901 0.270531445741653 0.268957018852234 0.272991716861725 0.283259987831116 0.30713301897049 0.314615607261658 0.28991824388504 0.270311146974564 0.287633448839188 0.298029154539108
-3.4e+38 0.298000663518906 0.290886372327805 0.288781821727753 0.284756541252136 0.280505031347275 0.298973143100739 0.314723998308182 0.319488108158112 0.327545970678329 0.323215037584305 0.315080046653748 0.308137267827988 0.303481310606003 0.299787789583206 0.295256823301315 0.30151692032814 0.32174226641655 0.341702580451965 0.360058486461639 0.381498962640762 0.397197425365448 0.392921328544617 0.370503813028336 0.326173692941666 0.307922959327698 0.319210141897202 0.303359478712082 0.293931096792221 0.280831694602966 0.266948133707047 0.284230142831802 0.280633479356766 0.284880042076111 0.301073044538498 0.30108168721199 0.29946693778038 0.306187838315964 0.310487896203995 0.311358451843262 0.300263226032257 0.278295338153839 0.268850594758987 0.281212538480759 0.289055913686752
-3.4e+38 0.314005017280579 0.311774224042892 0.305923938751221 0.300369113683701 0.299551725387573 0.31132385134697 0.319759428501129 0.32865971326828 0.330849230289459 0.318355053663254 0.313560456037521 0.314377456903458 0.311772555112839 0.308566689491272 0.300414681434631 0.305404931306839 0.321702301502228 0.332896888256073 0.34306412935257 0.36334964632988 0.381985127925873 0.377184152603149 0.359562128782272 0.300955265760422 0.267680108547211 0.286902040243149 0.302510887384415 0.318674474954605 0.30848354101181 0.293226212263107 0.307647675275803 0.314808636903763 0.30280140042305 0.297356516122818 0.301244825124741 0.298904359340668 0.313043981790543 0.312098056077957 0.297570616006851 0.291368931531906 0.280755251646042 0.2715103328228 0.272747218608856 0.280790627002716
-3.4e+38 0.301392495632172 0.297784209251404 0.297447562217712 0.298990517854691 0.306821256875992 0.316542476415634 0.316325396299362 0.323016703128815 0.327491521835327 0.321136564016342 0.322558164596558 0.317191988229752 0.312451601028442 0.307648003101349 0.306445360183716 0.316438168287277 0.324687004089355 0.335094690322876 0.348017662763596 0.354962348937988 0.364441871643066 0.35751485824585 0.327396273612976 0.275620222091675 0.246006891131401 0.251411885023117 0.277611553668976 0.312859922647476 0.317234247922897 0.295468598604202 0.293011605739594 0.314157575368881 0.299303710460663 0.297161012887955 0.298273086547852 0.291853964328766 0.306564390659332 0.302339911460876 0.296664535999298 0.298155069351196 0.290782779455185 0.278226286172867 0.267836064100266 0.278087943792343
0.296781808137894 0.290252864360809 0.278325229883194 0.283184707164764 0.284912705421448 0.287061780691147 0.28951171040535 0.284624844789505 0.289485305547714 0.295122891664505 0.302419543266296 0.3116634786129 0.302353322505951 0.30512923002243 0.301869213581085 0.299195885658264 0.317893326282501 0.314434766769409 0.326630234718323 0.348770380020142 0.345321476459503 0.350267708301544 0.34161177277565 0.305270820856094 0.266186088323593 0.248104274272919 0.232286989688873 0.251666486263275 0.290977329015732 0.299444049596786 0.291649043560028 0.294745922088623 0.30789777636528 0.290967136621475 0.297855138778687 0.292890518903732 0.288105338811874 0.304948300123215 0.294677525758743 0.283396035432816 0.287143617868423 0.291132658720016 0.282851338386536 0.268950223922729 0.277663201093674
