data/trimmed_ndre/J_ndre.618.2015.asc
NCOLS 141 
NROWS 118 
XLLCORNER 516845 
YLLCORNER 5169015 
CELLSIZE 5 
NODATA_value -3.4e+38 
[rows 60 to 79 of 118, columns 0 to 44 of 141]
-3.4e+38 0.498532384634018 0.504803001880646 0.509906530380249 0.5180304646492 0.539129912853241 0.546985507011414 0.544436395168304 0.537764251232147 0.526743531227112 0.526246964931488 0.522916495800018 0.518266201019287 0.510604381561279 0.480121910572052 0.441711872816086 0.407187789678574 0.385122567415237 0.380254149436951 0.409905642271042 0.460739701986313 0.503037095069885 0.5233473777771 0.537982404232025 0.543016672134399 0.525356352329254 0.502790153026581 0.494743794202805 0.496896773576736 0.504321992397308 0.503761231899261 0.485239595174789 0.472228497266769 0.482768326997757 0.479038387537003 0.485065966844559 0.495159447193146 0.497684955596924 0.475598812103271 0.461914718151093 0.45490163564682 0.458981990814209 0.480943620204926 0.505488574504852 0.520560741424561
-3.4e+38 0.497257918119431 0.500655591487885 0.506228923797607 0.520704567432404 0.546524882316589 0.554569840431213 0.553063869476318 0.542841374874115 0.529060959815979 0.528997600078583 0.509599149227142 0.486684173345566 0.471070528030396 0.442974448204041 0.410979956388474 0.391772121191025 0.390320301055908 0.41604819893837 0.46761554479599 0.508381068706512 0.529725611209869 0.537295937538147 0.533660411834717 0.515231549739838 0.491902709007263 0.483708262443542 0.487338811159134 0.498843848705292 0.510515332221985 0.514116764068604 0.500228881835938 0.486189514398575 0.48577693104744 0.499025762081146 0.515298068523407 0.525062501430511 0.523666322231293 0.50064891576767 0.488636642694473 0.475758194923401 0.47231662273407 0.490201205015182 0.525230467319489 0.541304230690002
-3.4e+38 0.500114917755127 0.505599796772003 0.516948938369751 0.53552234172821 0.551368594169617 0.550285518169403 0.554136753082275 0.547189891338348 0.532577335834503 0.521847665309906 0.489095270633698 0.450377762317657 0.426593840122223 0.416865944862366 0.403741449117661 0.414619892835617 0.441817551851273 0.474221676588058 0.511996507644653 0.535216867923737 0.541160702705383 0.534112572669983 0.513254046440125 0.479697197675705 0.464259386062622 0.471004068851471 0.477189362049103 0.493972361087799 0.509176135063171 0.51487272977829 0.505500555038452 0.497418999671936 0.500403702259064 0.51706451177597 0.537986218929291 0.550686717033386 0.547848343849182 0.529897689819336 0.500514388084412 0.476627618074417 0.475752472877502 0.498908430337906 0.544314980506897 0.572154223918915
-3.4e+38 0.513747155666351 0.514033019542694 0.516345262527466 0.530255138874054 0.539474070072174 0.536440253257751 0.543404757976532 0.537750482559204 0.508491516113281 0.470484912395477 0.44640526175499 0.418828964233398 0.406584501266479 0.41550624370575 0.430623680353165 0.455316752195358 0.487807303667068 0.515690445899963 0.528246462345123 0.538864552974701 0.535985231399536 0.52393251657486 0.510791659355164 0.487551361322403 0.47355592250824 0.472974359989166 0.474935322999954 0.486677527427673 0.500402867794037 0.507525682449341 0.505995094776154 0.508426189422607 0.507948279380798 0.518350005149841 0.537031173706055 0.560960829257965 0.560818016529083 0.545190751552582 0.517541289329529 0.48342165350914 0.477017760276794 0.49484321475029 0.526179492473602 0.560560524463654
-3.4e+38 0.525083005428314 0.520263731479645 0.517769277095795 0.522319734096527 0.525392234325409 0.524208724498749 0.521434664726257 0.513672173023224 0.479204654693604 0.437736093997955 0.418817788362503 0.416887253522873 0.433760672807693 0.45729187130928 0.481473982334137 0.512538492679596 0.526553690433502 0.530763626098633 0.524767756462097 0.524441540241241 0.524272859096527 0.523840069770813 0.521329581737518 0.513604462146759 0.503851056098938 0.496111750602722 0.493319928646088 0.492760181427002 0.504051268100739 0.514571487903595 0.516912817955017 0.515438139438629 0.503574788570404 0.508057236671448 0.529554486274719 0.555957615375519 0.555770993232727 0.548795223236084 0.527672171592712 0.492249399423599 0.474982768297195 0.484025418758392 0.505294680595398 0.528443396091461
-3.4e+38 0.528685629367828 0.52469390630722 0.525901079177856 0.529950737953186 0.531941056251526 0.52269971370697 0.503444969654083 0.480828255414963 0.452156960964203 0.425193905830383 0.418578863143921 0.440190523862839 0.473088651895523 0.499965041875839 0.525158405303955 0.552287817001343 0.541033565998077 0.528305053710938 0.522198617458344 0.52163952589035 0.51550567150116 0.522059977054596 0.52788919210434 0.533881366252899 0.543537318706512 0.537203967571259 0.523747444152832 0.512051522731781 0.513481318950653 0.525075197219849 0.526395678520203 0.515487432479858 0.505517423152924 0.506472408771515 0.517505824565887 0.535912573337555 0.545346677303314 0.544000685214996 0.521274089813232 0.485329002141953 0.462799996137619 0.476943641901016 0.4892757833004 0.499319136142731
-3.4e+38 0.531220018863678 0.527596414089203 0.532322824001312 0.536044180393219 0.527356922626495 0.511984705924988 0.483783334493637 0.44780358672142 0.423998862504959 0.40270984172821 0.406272262334824 0.444187730550766 0.500375807285309 0.528347969055176 0.547892451286316 0.555212914943695 0.536521673202515 0.518642067909241 0.518433690071106 0.521506547927856 0.514795064926147 0.523626804351807 0.521431028842926 0.527090013027191 0.54743754863739 0.544912397861481 0.534856557846069 0.521100223064423 0.513692438602448 0.521283209323883 0.527288377285004 0.517700672149658 0.501944661140442 0.502834737300873 0.511014878749847 0.52645742893219 0.542811572551727 0.53448897600174 0.503776848316193 0.47176131606102 0.453489601612091 0.463527828454971 0.475239396095276 0.48631688952446
-3.4e+38 0.54019021987915 0.523263096809387 0.517738997936249 0.52086865901947 0.515890121459961 0.497197955846786 0.464677095413208 0.427007973194122 0.401941180229187 0.406931102275848 0.425857186317444 0.468543887138367 0.522710859775543 0.540821492671967 0.55026513338089 0.547785878181458 0.531818568706512 0.517772793769836 0.513177514076233 0.515012383460999 0.518536329269409 0.533172965049744 0.531393229961395 0.530313730239868 0.539303004741669 0.544623970985413 0.535393714904785 0.517402589321136 0.496682971715927 0.488667994737625 0.513755440711975 0.514034450054169 0.501166999340057 0.501384615898132 0.515814363956451 0.540954768657684 0.56023246049881 0.554593861103058 0.516060411930084 0.478543698787689 0.453725308179855 0.446126669645309 0.464277803897858 0.478780955076218
-3.4e+38 0.529010832309723 0.512315392494202 0.505124747753143 0.508951008319855 0.50891774892807 0.481845080852509 0.447143286466599 0.416854709386826 0.405913203954697 0.430396497249603 0.465366899967194 0.50909960269928 0.542252779006958 0.549324512481689 0.544090986251831 0.544719636440277 0.53760039806366 0.521617472171783 0.496622711420059 0.494666039943695 0.496848881244659 0.502516865730286 0.50740110874176 0.513623118400574 0.527215480804443 0.542768955230713 0.535620629787445 0.523042857646942 0.511325180530548 0.501081883907318 0.504464566707611 0.503059983253479 0.499409973621368 0.497854232788086 0.499663680791855 0.510340452194214 0.539012670516968 0.554697453975677 0.527689814567566 0.491367936134338 0.464477121829987 0.452919155359268 0.463794678449631 0.484266519546509
-3.4e+38 0.525708973407745 0.509381711483002 0.506477653980255 0.513330578804016 0.5078204870224 0.474290192127228 0.44511142373085 0.426324456930161 0.429834753274918 0.461997032165527 0.510647475719452 0.545964121818542 0.552004039287567 0.542290389537811 0.53615528345108 0.543231844902039 0.541587471961975 0.51738303899765 0.474330067634583 0.484533548355103 0.477686792612076 0.466136455535889 0.46697124838829 0.483904838562012 0.512239456176758 0.540828883647919 0.555718958377838 0.538315296173096 0.522697806358337 0.508120357990265 0.491073429584503 0.486110597848892 0.488503903150558 0.49082812666893 0.492118328809738 0.497618854045868 0.523385584354401 0.540771007537842 0.525524318218231 0.487999945878983 0.467737823724747 0.457839816808701 0.459410756826401 0.482550531625748
-3.4e+38 0.528267204761505 0.516152203083038 0.523193061351776 0.515506267547607 0.497716635465622 0.473138391971588 0.456117540597916 0.450835347175598 0.464971750974655 0.497268706560135 0.536283731460571 0.541799187660217 0.522332847118378 0.515604972839355 0.524954378604889 0.533612847328186 0.53235399723053 0.505172669887543 0.469589024782181 0.476425677537918 0.463978350162506 0.438378274440765 0.425374329090118 0.440969347953796 0.484330266714096 0.528139173984528 0.550085425376892 0.533173382282257 0.514992773532867 0.496884316205978 0.483180552721024 0.478611588478088 0.487896144390106 0.487051427364349 0.484125226736069 0.490988045930862 0.51229727268219 0.525838971138 0.524758160114288 0.507008492946625 0.483789503574371 0.467947840690613 0.460670560598373 0.469493269920349
-3.4e+38 0.529377400875092 0.519592881202698 0.519327461719513 0.504522800445557 0.48651722073555 0.476610153913498 0.475991785526276 0.484658509492874 0.514041304588318 0.535716474056244 0.541125297546387 0.518555045127869 0.481126636266708 0.48455011844635 0.508574962615967 0.52811998128891 0.542007803916931 0.522479772567749 0.491642743349075 0.476194530725479 0.466892182826996 0.429994255304337 0.400222390890121 0.402375787496567 0.446175843477249 0.496893614530563 0.519968569278717 0.509299635887146 0.493649840354919 0.475973546504974 0.470894873142242 0.475081741809845 0.480763465166092 0.474852740764618 0.466585785150528 0.467616438865662 0.489544183015823 0.507756888866425 0.520925343036652 0.520982444286346 0.500259876251221 0.482947498559952 0.475934594869614 0.478753507137299
-3.4e+38 0.519939541816711 0.512813448905945 0.511456787586212 0.501857995986938 0.48195469379425 0.484319895505905 0.50434410572052 0.530108571052551 0.554169952869415 0.557474434375763 0.536841809749603 0.497365653514862 0.460494756698608 0.469599843025208 0.501665949821472 0.536899089813232 0.563105881214142 0.553437411785126 0.520528376102448 0.491794109344482 0.482838243246078 0.44431546330452 0.403012961149216 0.389130502939224 0.416776061058044 0.461541920900345 0.481826663017273 0.483917772769928 0.478759258985519 0.457620948553085 0.452697396278381 0.460474699735641 0.464931726455688 0.455486267805099 0.443691521883011 0.44716277718544 0.469772785902023 0.491073399782181 0.514286756515503 0.523863196372986 0.512251734733582 0.483786165714264 0.481875061988831 0.493801087141037
-3.4e+38 0.520407497882843 0.522924900054932 0.516916275024414 0.510090827941895 0.491430342197418 0.494329571723938 0.528919279575348 0.563452780246735 0.578486502170563 0.568640232086182 0.534118294715881 0.492933481931686 0.46374773979187 0.479843497276306 0.504626333713531 0.54133141040802 0.574643313884735 0.575014770030975 0.539302468299866 0.509716272354126 0.491484373807907 0.462145537137985 0.415228128433228 0.396439790725708 0.410934239625931 0.445747911930084 0.462278962135315 0.477282732725143 0.476277500391006 0.446044683456421 0.429853647947311 0.441252201795578 0.457013189792633 0.451905131340027 0.434817969799042 0.437610685825348 0.458158105611801 0.48167097568512 0.506945013999939 0.517460823059082 0.508756935596466 0.483783096075058 0.491288065910339 0.509257137775421
-3.4e+38 0.543800890445709 0.552059412002563 0.521901845932007 0.510205090045929 0.512935876846313 0.510415017604828 0.551894783973694 0.583623349666595 0.591025054454803 0.572496235370636 0.514584839344025 0.474282473325729 0.465657144784927 0.488841414451599 0.505312323570251 0.534546613693237 0.563782751560211 0.571893632411957 0.533684313297272 0.517847716808319 0.505897700786591 0.48180016875267 0.431906014680862 0.416990697383881 0.428194999694824 0.45255309343338 0.460583478212357 0.478166192770004 0.472708463668823 0.440182685852051 0.415905714035034 0.437191426753998 0.460041970014572 0.460622042417526 0.443075746297836 0.447351902723312 0.464023977518082 0.487310141324997 0.511593341827393 0.519056379795074 0.506961822509766 0.48895800113678 0.501161396503448 0.522283792495728
-3.4e+38 0.572194993495941 0.558938562870026 0.519506454467773 0.517572522163391 0.525062203407288 0.530286550521851 0.570416927337646 0.594090461730957 0.590757191181183 0.556101858615875 0.490240007638931 0.46719491481781 0.472141861915588 0.492171466350555 0.506527483463287 0.530851602554321 0.552918791770935 0.556510031223297 0.527430176734924 0.525785028934479 0.522808790206909 0.499534040689468 0.451737254858017 0.442450433969498 0.454216510057449 0.465544283390045 0.462352901697159 0.475308358669281 0.462974041700363 0.440563976764679 0.430304378271103 0.455396711826324 0.477732300758362 0.482223868370056 0.471385061740875 0.481058239936829 0.494172543287277 0.509550392627716 0.524048328399658 0.525570690631866 0.513090252876282 0.499399900436401 0.508263111114502 0.535780489444733
-3.4e+38 0.579246401786804 0.553455352783203 0.518425226211548 0.52343362569809 0.532552361488342 0.551216006278992 0.582182824611664 0.583516478538513 0.568261921405792 0.530178904533386 0.478142589330673 0.468614727258682 0.481401383876801 0.496344715356827 0.506168067455292 0.518728733062744 0.528585374355316 0.527853190898895 0.518180131912231 0.526683330535889 0.528758525848389 0.515532195568085 0.489178001880646 0.474941790103912 0.474399119615555 0.473451793193817 0.46480855345726 0.469461888074875 0.454535961151123 0.450410634279251 0.461036026477814 0.485791146755219 0.503314971923828 0.510535299777985 0.511206269264221 0.519471943378448 0.520190358161926 0.52503490447998 0.531282544136047 0.531231343746185 0.527353644371033 0.508688926696777 0.500637531280518 0.527154445648193
-3.4e+38 0.569852232933044 0.542202532291412 0.519239604473114 0.525583028793335 0.538070917129517 0.559119701385498 0.577344536781311 0.570677995681763 0.551255226135254 0.512409210205078 0.475056409835815 0.462995648384094 0.487603634595871 0.504400193691254 0.511289477348328 0.513258755207062 0.509200572967529 0.499259352684021 0.496617674827576 0.50941413640976 0.52541583776474 0.515637516975403 0.499592155218124 0.486677259206772 0.473896235227585 0.479643583297729 0.488496273756027 0.492231756448746 0.483081668615341 0.480398148298264 0.49169796705246 0.511649072170258 0.520696938037872 0.526011109352112 0.53097677230835 0.53557562828064 0.529485881328583 0.528846442699432 0.529814183712006 0.530075192451477 0.530372321605682 0.51245254278183 0.501222431659698 0.5135777592659
-3.4e+38 0.557116806507111 0.535976052284241 0.519680261611938 0.516698718070984 0.53207528591156 0.54914665222168 0.560439169406891 0.559163093566895 0.546829521656036 0.504344701766968 0.468788802623749 0.458722919225693 0.47541069984436 0.492838889360428 0.509011328220367 0.517482578754425 0.518050491809845 0.506771802902222 0.510213911533356 0.522163331508636 0.529459893703461 0.507340431213379 0.484377354383469 0.468186169862747 0.459897190332413 0.47575718164444 0.498468697071075 0.512149512767792 0.512849390506744 0.506496250629425 0.501864790916443 0.504316926002502 0.512357711791992 0.51782900094986 0.526430904865265 0.531689584255219 0.527366578578949 0.525191485881805 0.523127853870392 0.521411001682281 0.519619822502136 0.511078059673309 0.500844597816467 0.49932724237442
0.572968423366547 0.555486083030701 0.543192565441132 0.526463150978088 0.516722977161407 0.522824585437775 0.527491748332977 0.537221372127533 0.547150790691376 0.549396216869354 0.520016193389893 0.483512789011002 0.463777035474777 0.465232580900192 0.475257933139801 0.497722297906876 0.519777774810791 0.528489291667938 0.518228232860565 0.52914571762085 0.536298394203186 0.530408442020416 0.504743754863739 0.47679340839386 0.457196742296219 0.455282896757126 0.478948712348938 0.506180107593536 0.520167112350464 0.517825484275818 0.510540902614594 0.503616392612457 0.500897109508514 0.504758238792419 0.510554194450378 0.518218278884888 0.523412108421326 0.527497589588165 0.530706167221069 0.52395224571228 0.51398640871048 0.506914436817169 0.506032049655914 0.496931821107864 0.48695632815361
