data/trimmed_ndre/J_ndre.77.2014_no_clouds.asc
NCOLS 141 
NROWS 118 
XLLCORNER 516845 
YLLCORNER 5169015 
CELLSIZE 5 
NODATA_value -3.4e+38 
[rows 60 to 79 of 118, columns 0 to 44 of 141]
-3.4e+38 0.293607473373413 0.279963105916977 0.277249157428741 0.26734334230423 0.274520397186279 0.279855877161026 0.272860109806061 0.288096934556961 0.292738497257233 0.283204436302185 0.270632803440094 0.262295186519623 0.258671432733536 0.264277964830399 0.272469490766525 0.255670875310898 0.242677003145218 0.256622552871704 0.291143298149109 0.290531188249588 0.264613926410675 0.244892448186874 0.25008562207222 0.259825348854065 0.264472454786301 0.268796652555466 0.260527938604355 0.24434132874012 0.234734073281288 0.218444734811783 0.191828325390816 0.182078346610069 0.192078992724419 0.196171551942825 0.197501167654991 0.236148923635483 0.230786055326462 0.21996608376503 0.219067886471748 0.218053981661797 0.206210091710091 0.218674600124359 0.242374286055565 0.239046648144722
-3.4e+38 0.28686597943306 0.2792709171772 0.272550970315933 0.263841569423676 0.274480611085892 0.272370278835297 0.267614006996155 0.285810977220535 0.30429482460022 0.297673225402832 0.280686795711517 0.269235849380493 0.255389541387558 0.254699438810349 0.257715731859207 0.248198196291924 0.232219621539116 0.234283909201622 0.25513681769371 0.273727804422379 0.267056524753571 0.26387345790863 0.269659340381622 0.27536016702652 0.257392525672913 0.255754381418228 0.255303055047989 0.238335803151131 0.234072223305702 0.238377705216408 0.232584774494171 0.219567596912384 0.225451812148094 0.221941009163857 0.225009307265282 0.244431897997856 0.230283111333847 0.221496254205704 0.216190204024315 0.211352601647377 0.188269674777985 0.21098592877388 0.240623846650124 0.242075443267822
-3.4e+38 0.286303460597992 0.277449905872345 0.263832032680511 0.254358887672424 0.260906517505646 0.261822015047073 0.268324494361877 0.280557990074158 0.288614422082901 0.290858954191208 0.285402774810791 0.27634060382843 0.260472804307938 0.254471719264984 0.250503271818161 0.242468863725662 0.228254646062851 0.226070076227188 0.23833230137825 0.256572932004929 0.261449724435806 0.265781164169312 0.267003029584885 0.261285275220871 0.232227444648743 0.226332262158394 0.235144391655922 0.238605916500092 0.231412515044212 0.253674447536469 0.26254802942276 0.262382060289383 0.267979204654694 0.267359763383865 0.265844404697418 0.260895878076553 0.241838157176971 0.234834372997284 0.227274656295776 0.207778617739677 0.181074202060699 0.206862613558769 0.243050187826157 0.254984527826309
-3.4e+38 0.285008013248444 0.274744272232056 0.25690084695816 0.242276579141617 0.237762600183487 0.246103137731552 0.261197537183762 0.266261875629425 0.264216959476471 0.276399910449982 0.280204802751541 0.266128122806549 0.247387826442719 0.248355329036713 0.242987304925919 0.238951370120049 0.234648138284683 0.241142213344574 0.248451843857765 0.250473022460938 0.248382046818733 0.248112246394157 0.238028317689896 0.217460677027702 0.199501156806946 0.218007400631905 0.227467894554138 0.228657782077789 0.228027850389481 0.25704899430275 0.267329484224319 0.279263347387314 0.296950459480286 0.3113052546978 0.300002604722977 0.287424802780151 0.27085268497467 0.25292307138443 0.239280879497528 0.210509940981865 0.18996761739254 0.210088893771172 0.247059866786003 0.270638793706894
-3.4e+38 0.28180143237114 0.275207132101059 0.258484452962875 0.250796556472778 0.242477044463158 0.237284556031227 0.24874721467495 0.250436842441559 0.249103173613548 0.255362212657928 0.262634009122849 0.247841253876686 0.235508784651756 0.239180445671082 0.23586031794548 0.245039984583855 0.25720003247261 0.269431173801422 0.285433888435364 0.270651280879974 0.24105404317379 0.217440143227577 0.206840634346008 0.18937161564827 0.186233192682266 0.211933046579361 0.22639137506485 0.222099542617798 0.228559166193008 0.254107147455215 0.273986309766769 0.286912709474564 0.307629108428955 0.328270345926285 0.314552903175354 0.306100934743881 0.293846487998962 0.276264518499374 0.259045034646988 0.225968107581139 0.212834566831589 0.227461487054825 0.253130823373795 0.280882507562637
-3.4e+38 0.280408293008804 0.276664823293686 0.257689774036407 0.256340533494949 0.251560926437378 0.243256255984306 0.242900162935257 0.245164036750793 0.248431533575058 0.254640161991119 0.260491609573364 0.24594384431839 0.233911469578743 0.233383312821388 0.242100834846497 0.263227522373199 0.287080079317093 0.305138856172562 0.317691296339035 0.298031955957413 0.243928134441376 0.193094104528427 0.184901922941208 0.190443873405457 0.201426580548286 0.223823964595795 0.248738944530487 0.247056066989899 0.257088482379913 0.272027939558029 0.282857328653336 0.280997842550278 0.290215998888016 0.304676204919815 0.312104284763336 0.309746950864792 0.299806267023087 0.286626517772675 0.27156800031662 0.245743528008461 0.233092963695526 0.226861834526062 0.235643073916435 0.271384060382843
-3.4e+38 0.278870642185211 0.272536188364029 0.259891003370285 0.263044029474258 0.272248297929764 0.269090890884399 0.262016505002975 0.255696535110474 0.250445902347565 0.256876230239868 0.264076620340347 0.259248673915863 0.249881222844124 0.251060783863068 0.266246169805527 0.29206919670105 0.314901500940323 0.319382548332214 0.310360729694366 0.283916056156158 0.228417828679085 0.192649483680725 0.195230796933174 0.222591504454613 0.244497746229172 0.265985250473022 0.280402898788452 0.273352414369583 0.283127695322037 0.290398597717285 0.284994930028915 0.264992833137512 0.259119540452957 0.268411427736282 0.280410885810852 0.285082519054413 0.286217719316483 0.273884057998657 0.251787930727005 0.226681411266327 0.219462633132935 0.212531313300133 0.222862511873245 0.252851039171219
-3.4e+38 0.271725565195084 0.265016049146652 0.263470947742462 0.274053245782852 0.296925783157349 0.290343135595322 0.275974571704865 0.26185068488121 0.249864354729652 0.254167944192886 0.261747628450394 0.265331923961639 0.269711256027222 0.27412822842598 0.293617814779282 0.317493349313736 0.323257714509964 0.292061656713486 0.254779696464539 0.232342973351479 0.222549974918365 0.221808075904846 0.232765674591064 0.260718166828156 0.289680629968643 0.279745280742645 0.275607317686081 0.278235465288162 0.290873765945435 0.296167373657227 0.284145295619965 0.263291001319885 0.252171456813812 0.2493796646595 0.249719113111496 0.253061324357986 0.264440447092056 0.260239005088806 0.24256756901741 0.224236473441124 0.217114135622978 0.212408348917961 0.229609325528145 0.254330307245255
-3.4e+38 0.259576201438904 0.257208943367004 0.268782019615173 0.282128006219864 0.291457742452621 0.285318940877914 0.272243052721024 0.2549669444561 0.242368444800377 0.241333320736885 0.252578556537628 0.267650306224823 0.283289283514023 0.295946687459946 0.314193964004517 0.32726526260376 0.31873744726181 0.284108430147171 0.23284737765789 0.216636046767235 0.241673275828362 0.264171421527863 0.264208644628525 0.267398178577423 0.27882307767868 0.270001739263535 0.266701549291611 0.268689841032028 0.273801147937775 0.272415846586227 0.263839870691299 0.25710654258728 0.252343207597733 0.244361832737923 0.241575628519058 0.236258685588837 0.236935764551163 0.246327489614487 0.244677573442459 0.240396097302437 0.236277043819427 0.232238695025444 0.247085884213448 0.269206821918488
-3.4e+38 0.249680563807487 0.251526445150375 0.263671547174454 0.276624411344528 0.277882009744644 0.267975181341171 0.254503667354584 0.231996789574623 0.221589297056198 0.2336455732584 0.257299244403839 0.274986743927002 0.292474180459976 0.311348646879196 0.314171254634857 0.321553707122803 0.319955259561539 0.296843498945236 0.241677582263947 0.240774184465408 0.263141393661499 0.275160789489746 0.263522863388062 0.256233394145966 0.264880955219269 0.275974988937378 0.27325850725174 0.264220982789993 0.259453415870667 0.256463795900345 0.248893886804581 0.252371042966843 0.251084536314011 0.244651645421982 0.241901397705078 0.232854723930359 0.230673789978027 0.24126261472702 0.253795504570007 0.2616366147995 0.260139405727386 0.255736798048019 0.264901697635651 0.287588536739349
-3.4e+38 0.259863942861557 0.261716932058334 0.267433047294617 0.27953913807869 0.269706666469574 0.250367224216461 0.235909193754196 0.230920284986496 0.239539638161659 0.256569236516953 0.27764892578125 0.288179963827133 0.293610483407974 0.301430553197861 0.310263514518738 0.320434957742691 0.324876397848129 0.306872576475143 0.259515434503555 0.264877617359161 0.256848990917206 0.24975223839283 0.246099606156349 0.245684608817101 0.2757268846035 0.302051395177841 0.291523784399033 0.2633356153965 0.252289086580276 0.248952493071556 0.244510486721992 0.250241011381149 0.241638198494911 0.237618669867516 0.241532057523727 0.233865663409233 0.234241634607315 0.241576552391052 0.252929627895355 0.257664948701859 0.261590778827667 0.265713304281235 0.276408731937408 0.300278842449188
-3.4e+38 0.284545332193375 0.282396703958511 0.283729285001755 0.293266355991364 0.278534919023514 0.249440163373947 0.229314029216766 0.237213358283043 0.263448059558868 0.286580145359039 0.301479667425156 0.306783258914948 0.298324555158615 0.291998326778412 0.298851698637009 0.315878242254257 0.317799776792526 0.286949455738068 0.252693235874176 0.268784254789352 0.242740228772163 0.226484268903732 0.228218600153923 0.245263010263443 0.283471882343292 0.301380097866058 0.292505770921707 0.264381259679794 0.252706855535507 0.251647442579269 0.253560185432434 0.25444558262825 0.242269143462181 0.243095502257347 0.242762699723244 0.233796507120132 0.240995973348618 0.243989765644073 0.245975762605667 0.249316722154617 0.261831134557724 0.266755968332291 0.278012275695801 0.297767609357834
-3.4e+38 0.302545875310898 0.301193922758102 0.302124083042145 0.302848279476166 0.289296567440033 0.258727550506592 0.239313915371895 0.24592137336731 0.273208349943161 0.291754186153412 0.300078362226486 0.296294778585434 0.279456526041031 0.267921596765518 0.282493889331818 0.303011119365692 0.288198351860046 0.247240871191025 0.239547595381737 0.259963989257812 0.239780455827713 0.223116874694824 0.210530444979668 0.220234274864197 0.269996643066406 0.294059038162231 0.289418667554855 0.270266652107239 0.258637100458145 0.259618431329727 0.259540408849716 0.256545573472977 0.249930217862129 0.252528935670853 0.240456208586693 0.234833613038063 0.254831701517105 0.256282895803452 0.249893695116043 0.251706957817078 0.266212463378906 0.259278774261475 0.263081282377243 0.277063697576523
-3.4e+38 0.302939563989639 0.301445186138153 0.295463621616364 0.293175548315048 0.288799196481705 0.268710970878601 0.254844814538956 0.257028520107269 0.27130851149559 0.268724054098129 0.268621325492859 0.26356166601181 0.250804871320724 0.242158785462379 0.273557603359222 0.292160958051682 0.271983087062836 0.226659566164017 0.233609452843666 0.254042357206345 0.254451215267181 0.239799603819847 0.228526920080185 0.235791817307472 0.268480896949768 0.294077455997467 0.290256857872009 0.275547385215759 0.265425324440002 0.264999330043793 0.259722977876663 0.251955270767212 0.249245762825012 0.250674575567245 0.234990775585175 0.229183048009872 0.240946531295776 0.250121235847473 0.253171503543854 0.263760268688202 0.269650906324387 0.254424273967743 0.257860630750656 0.266115427017212
-3.4e+38 0.286527961492538 0.282752811908722 0.275831788778305 0.282349199056625 0.283812969923019 0.272695511579514 0.265854209661484 0.26746654510498 0.266945987939835 0.253000050783157 0.239780753850937 0.235463514924049 0.237562835216522 0.248997882008553 0.279670625925064 0.286667376756668 0.267092764377594 0.232972696423531 0.239732638001442 0.262096136808395 0.268817096948624 0.255375415086746 0.252178490161896 0.254274010658264 0.274598389863968 0.301012694835663 0.307142734527588 0.289669275283813 0.268226653337479 0.25419557094574 0.24550986289978 0.226683109998703 0.211564183235168 0.206960365176201 0.203022629022598 0.19996041059494 0.207903727889061 0.22425776720047 0.243429228663445 0.26148584485054 0.261893957853317 0.253609776496887 0.262623608112335 0.269031941890717
-3.4e+38 0.272434026002884 0.27012100815773 0.270111262798309 0.282436281442642 0.2812879383564 0.272172451019287 0.26973369717598 0.291186690330505 0.287103742361069 0.263194888830185 0.236159294843674 0.237842723727226 0.251326739788055 0.264570116996765 0.277067244052887 0.282733708620071 0.272697120904922 0.26083716750145 0.267803937196732 0.290994226932526 0.284604251384735 0.269176691770554 0.265088140964508 0.250786036252975 0.260685116052628 0.287474066019058 0.305266141891479 0.275495648384094 0.251025021076202 0.22921958565712 0.210927754640579 0.187588572502136 0.173243910074234 0.178559973835945 0.189897954463959 0.182796716690063 0.187088787555695 0.214094415307045 0.247100025415421 0.258704274892807 0.248204573988914 0.252819657325745 0.269203215837479 0.274194657802582
-3.4e+38 0.279094785451889 0.282742351293564 0.28980827331543 0.294075340032578 0.286018043756485 0.28841358423233 0.30438295006752 0.339011281728745 0.33049488067627 0.29670923948288 0.258607894182205 0.243559002876282 0.25891962647438 0.267444133758545 0.268816590309143 0.277128010988235 0.275300592184067 0.277193963527679 0.289766937494278 0.311530232429504 0.294836670160294 0.277896523475647 0.263512402772903 0.241508066654205 0.239831358194351 0.26696702837944 0.279439657926559 0.241012379527092 0.233111038804054 0.225946232676506 0.225871235132217 0.227901414036751 0.216313555836678 0.219971120357513 0.231811761856079 0.236115291714668 0.241070762276649 0.249249875545502 0.255803287029266 0.251633435487747 0.234839573502541 0.249471202492714 0.27015894651413 0.279439657926559
-3.4e+38 0.308535009622574 0.318000435829163 0.308212459087372 0.289823770523071 0.292058050632477 0.320702970027924 0.354677438735962 0.382882177829742 0.366329669952393 0.315216213464737 0.27365118265152 0.256905347108841 0.26537761092186 0.265877068042755 0.263908416032791 0.264477163553238 0.265226483345032 0.272411793470383 0.291604936122894 0.310233682394028 0.298870265483856 0.284630417823792 0.271361619234085 0.256307661533356 0.245493978261948 0.256135582923889 0.249533832073212 0.234334066510201 0.255251288414001 0.255211800336838 0.268181651830673 0.286946713924408 0.296690702438354 0.303277164697647 0.298703879117966 0.2879798412323 0.278207868337631 0.267971277236938 0.255380034446716 0.24723981320858 0.25053146481514 0.270509093999863 0.277820765972137 0.281047880649567
-3.4e+38 0.330761104822159 0.330533355474472 0.301620155572891 0.278668165206909 0.293012887239456 0.343937754631042 0.369929403066635 0.377792954444885 0.365066647529602 0.31792825460434 0.28993883728981 0.280546933412552 0.280802756547928 0.274894207715988 0.264741063117981 0.25919497013092 0.257730841636658 0.256763100624084 0.27027615904808 0.284635186195374 0.28782731294632 0.280063956975937 0.279208838939667 0.275883823633194 0.271334618330002 0.267981231212616 0.26538497209549 0.26411184668541 0.274734735488892 0.281195789575577 0.293621063232422 0.30348601937294 0.307212293148041 0.313512116670609 0.306897878646851 0.297129929065704 0.284915953874588 0.267784863710403 0.252726376056671 0.256403028964996 0.268920719623566 0.280340909957886 0.274159669876099 0.281376868486404
0.328987658023834 0.334669262170792 0.316404759883881 0.281553953886032 0.265377968549728 0.275707274675369 0.315590471029282 0.343843251466751 0.357092797756195 0.350161850452423 0.320679515600204 0.304798603057861 0.304071485996246 0.29747474193573 0.278427809476852 0.265088081359863 0.264281779527664 0.260001987218857 0.249302104115486 0.253306418657303 0.264951646327972 0.273240804672241 0.273568034172058 0.280020415782928 0.271004498004913 0.262772351503372 0.261110603809357 0.270122647285461 0.27079975605011 0.277558445930481 0.286122411489487 0.280487626791 0.281785488128662 0.287515074014664 0.292772054672241 0.286475121974945 0.280565917491913 0.277492105960846 0.27413484454155 0.265238404273987 0.269241034984589 0.274385005235672 0.273808032274246 0.262623757123947 0.274575263261795
