data/trimmed_ndre/J_ndre.618.2015.asc
NCOLS 141 
NROWS 118 
XLLCORNER 516845 
YLLCORNER 5169015 
CELLSIZE 5 
NODATA_value -3.4e+38 
[rows 40 to 59 of 118, columns 0 to 44 of 141]
-3.4e+38 0.451816976070404 0.45263010263443 0.463704168796539 0.412177681922913 0.345583230257034 0.304849892854691 0.321544140577316 0.334030598402023 0.352396011352539 0.367148727178574 0.372658520936966 0.361559480428696 0.370402157306671 0.390188038349152 0.404883474111557 0.424710839986801 0.451872855424881 0.484043478965759 0.516626119613647 0.524266362190247 0.517346501350403 0.508404672145844 0.505470216274261 0.498641401529312 0.484085708856583 0.461164802312851 0.434826821088791 0.415131211280823 0.40585258603096 0.409176826477051 0.415204018354416 0.417793303728104 0.420149475336075 0.419080704450607 0.410026609897614 0.415150016546249 0.423181444406509 0.430797934532166 0.436097025871277 0.430432200431824 0.42312079668045 0.417506158351898 0.416009157896042 0.41109910607338
-3.4e+38 0.481243997812271 0.488408744335175 0.490052491426468 0.430296570062637 0.368338942527771 0.319523602724075 0.303723156452179 0.294649988412857 0.284938782453537 0.276344150304794 0.26874190568924 0.258718222379684 0.272998809814453 0.291343837976456 0.309266775846481 0.332960426807404 0.367893189191818 0.401646971702576 0.436946749687195 0.465639501810074 0.479834258556366 0.490729838609695 0.500187277793884 0.504285216331482 0.503154039382935 0.491198271512985 0.472173660993576 0.455568969249725 0.440065920352936 0.430250644683838 0.42786630988121 0.432499468326569 0.433907032012939 0.422262221574783 0.408472567796707 0.412044823169708 0.419825971126556 0.425538867712021 0.425935029983521 0.418738782405853 0.406398057937622 0.400367230176926 0.403064906597137 0.413473635911942
-3.4e+38 0.526364505290985 0.548083007335663 0.545003950595856 0.506102561950684 0.475804597139359 0.436946153640747 0.413034677505493 0.412297487258911 0.402617901563644 0.377586841583252 0.351258784532547 0.322869569063187 0.29546532034874 0.271899282932281 0.252982020378113 0.247817471623421 0.268677175045013 0.295410722494125 0.324393689632416 0.356942474842072 0.387209802865982 0.415814340114594 0.439397752285004 0.458809435367584 0.473984181880951 0.481851488351822 0.483676761388779 0.482819616794586 0.480516254901886 0.476185619831085 0.470079481601715 0.465000957250595 0.459586679935455 0.435399144887924 0.41274619102478 0.405368685722351 0.410479426383972 0.422459900379181 0.428354769945145 0.420986115932465 0.400571376085281 0.390059173107147 0.393097132444382 0.405157327651978
-3.4e+38 0.547835350036621 0.56451004743576 0.569368183612823 0.566404163837433 0.570579171180725 0.562518954277039 0.548176109790802 0.532952129840851 0.521440088748932 0.502379536628723 0.4907446205616 0.476375341415405 0.450409710407257 0.4203060567379 0.3760586977005 0.329575300216675 0.297339797019958 0.281349360942841 0.265057504177094 0.26197138428688 0.276831120252609 0.304632127285004 0.337389558553696 0.371696084737778 0.404529303312302 0.434003859758377 0.455867409706116 0.47649022936821 0.498457849025726 0.508457779884338 0.502724707126617 0.493938416242599 0.486575305461884 0.464932322502136 0.452203512191772 0.443852782249451 0.436992675065994 0.434357225894928 0.434855490922928 0.427844703197479 0.408119708299637 0.393690794706345 0.391055703163147 0.392352551221848
-3.4e+38 0.556416869163513 0.565103471279144 0.572216093540192 0.574639320373535 0.567922472953796 0.550955355167389 0.558894693851471 0.568477034568787 0.574293553829193 0.574964463710785 0.583633244037628 0.584343612194061 0.574236154556274 0.554942011833191 0.515929400920868 0.467658817768097 0.419947147369385 0.380274385213852 0.331667572259903 0.296509683132172 0.278792321681976 0.277901142835617 0.277115613222122 0.291926771402359 0.320298075675964 0.35765340924263 0.393970370292664 0.435595691204071 0.475892633199692 0.504181385040283 0.511935532093048 0.510251939296722 0.503201842308044 0.48749577999115 0.485154777765274 0.478147804737091 0.463323831558228 0.445145905017853 0.439862668514252 0.437020242214203 0.430036932229996 0.420143067836761 0.414089530706406 0.401376008987427
-3.4e+38 0.561385095119476 0.568653762340546 0.57107150554657 0.575925052165985 0.573357284069061 0.562371492385864 0.564831972122192 0.571844875812531 0.576759457588196 0.579536259174347 0.590108215808868 0.5964275598526 0.597617208957672 0.595006942749023 0.585685074329376 0.571663796901703 0.556926429271698 0.538091480731964 0.502854466438293 0.45751541852951 0.411853969097137 0.365059852600098 0.308463513851166 0.274001389741898 0.261329978704453 0.270709693431854 0.296624034643173 0.348308116197586 0.4033482670784 0.451732575893402 0.489191293716431 0.508876144886017 0.505951046943665 0.493315845727921 0.496220111846924 0.495600819587708 0.480458050966263 0.456621646881104 0.449230372905731 0.456649988889694 0.460024476051331 0.455603033304214 0.44828137755394 0.433288425207138
-3.4e+38 0.558047294616699 0.578973114490509 0.581187963485718 0.583058774471283 0.583547174930573 0.575935304164886 0.566586196422577 0.565963983535767 0.563289105892181 0.566762447357178 0.578949868679047 0.584515273571014 0.583078980445862 0.580811023712158 0.581738412380219 0.582297444343567 0.583036839962006 0.578864097595215 0.569537103176117 0.561210453510284 0.543035805225372 0.504911243915558 0.449314087629318 0.397265613079071 0.339437454938889 0.294365584850311 0.272417485713959 0.282751053571701 0.309907644987106 0.347098797559738 0.390021055936813 0.431012719869614 0.450715005397797 0.46410670876503 0.480937242507935 0.493264526128769 0.494787901639938 0.48873308300972 0.481884747743607 0.488963425159454 0.490297168493271 0.486209481954575 0.47996261715889 0.47611141204834
-3.4e+38 0.500462353229523 0.524571657180786 0.536684155464172 0.552795112133026 0.571456730365753 0.57133013010025 0.560871779918671 0.563924252986908 0.563690543174744 0.566696524620056 0.571197271347046 0.570606827735901 0.564775288105011 0.55971497297287 0.557623684406281 0.559738159179688 0.566024363040924 0.567118883132935 0.570045650005341 0.581468462944031 0.582145690917969 0.568746626377106 0.544147789478302 0.511174917221069 0.460363745689392 0.404865056276321 0.354266971349716 0.31510916352272 0.293928772211075 0.292219072580338 0.309966117143631 0.339588403701782 0.364245414733887 0.402899175882339 0.442613750696182 0.471297234296799 0.478440970182419 0.49483323097229 0.506789922714233 0.512327790260315 0.506649851799011 0.496832817792892 0.491361171007156 0.495795994997025
-3.4e+38 0.445883214473724 0.466662257909775 0.485757082700729 0.508037626743317 0.529202997684479 0.540744483470917 0.544620215892792 0.54717618227005 0.548133373260498 0.556200861930847 0.562258183956146 0.562940239906311 0.559837996959686 0.560453712940216 0.561919212341309 0.558075428009033 0.547660648822784 0.542120814323425 0.547937154769897 0.558912754058838 0.563016295433044 0.565276145935059 0.567176759243011 0.563823401927948 0.548285722732544 0.523157477378845 0.494369208812714 0.461190074682236 0.42522257566452 0.373732805252075 0.33300906419754 0.306459873914719 0.289502799510956 0.308818310499191 0.346666485071182 0.385198503732681 0.409614086151123 0.457855135202408 0.493202090263367 0.506896555423737 0.501087069511414 0.497945755720139 0.499446362257004 0.50194126367569
-3.4e+38 0.426282405853271 0.43626481294632 0.465303480625153 0.498329162597656 0.522960722446442 0.537922561168671 0.54060971736908 0.535866856575012 0.529077708721161 0.532755315303802 0.536910712718964 0.539491772651672 0.540515720844269 0.546097874641418 0.555364072322845 0.555540323257446 0.541605591773987 0.535491585731506 0.545295536518097 0.553351819515228 0.552733480930328 0.551734030246735 0.55284059047699 0.550018787384033 0.542751491069794 0.537414789199829 0.539452731609344 0.539339900016785 0.529344022274017 0.492759019136429 0.454936653375626 0.412705272436142 0.367007464170456 0.337030410766602 0.32837963104248 0.336623460054398 0.352046757936478 0.388360023498535 0.421584635972977 0.439610183238983 0.441909521818161 0.440420538187027 0.450511425733566 0.460772305727005
-3.4e+38 0.446919053792953 0.447133153676987 0.477469742298126 0.502102196216583 0.521680474281311 0.54287987947464 0.548649787902832 0.541604399681091 0.532284677028656 0.529276371002197 0.527982771396637 0.526708364486694 0.525224030017853 0.524929106235504 0.525394082069397 0.523418605327606 0.517578840255737 0.515976846218109 0.531657636165619 0.545932948589325 0.552419424057007 0.552173793315887 0.546346068382263 0.532646656036377 0.5257768034935 0.531309902667999 0.542963683605194 0.55731189250946 0.564969897270203 0.559892058372498 0.553596973419189 0.531511545181274 0.493746727705002 0.446656882762909 0.399935811758041 0.374138057231903 0.356823086738586 0.343482077121735 0.362464964389801 0.376682877540588 0.38164234161377 0.376077741384506 0.371047973632812 0.373011708259583
-3.4e+38 0.490189522504807 0.488525062799454 0.501862049102783 0.511360883712769 0.528037786483765 0.55140608549118 0.565295994281769 0.560932278633118 0.552518904209137 0.544504463672638 0.535446405410767 0.527771174907684 0.521194815635681 0.512979686260223 0.501562535762787 0.503781020641327 0.502680003643036 0.502180755138397 0.516750156879425 0.538113534450531 0.55565083026886 0.560483992099762 0.545789659023285 0.517239928245544 0.510265588760376 0.521132409572601 0.532113611698151 0.539542436599731 0.548384785652161 0.562062442302704 0.582639753818512 0.589131295681 0.580875217914581 0.559183120727539 0.527959644794464 0.500483453273773 0.471534550189972 0.445078611373901 0.433099448680878 0.413442313671112 0.390615224838257 0.370270371437073 0.355186700820923 0.363982707262039
-3.4e+38 0.507299423217773 0.512710094451904 0.521557152271271 0.526684403419495 0.542017579078674 0.55907142162323 0.566401422023773 0.554073512554169 0.553912878036499 0.554057240486145 0.547875344753265 0.539857864379883 0.532897710800171 0.525719285011292 0.513140738010406 0.499164551496506 0.492175102233887 0.494217276573181 0.507923781871796 0.531787931919098 0.548348605632782 0.546905815601349 0.524757504463196 0.488237053155899 0.49089714884758 0.520218670368195 0.550959527492523 0.554753959178925 0.560196936130524 0.575551271438599 0.59479546546936 0.601975858211517 0.598740637302399 0.588750958442688 0.573737502098083 0.558066964149475 0.552851021289825 0.553101062774658 0.55415016412735 0.54533177614212 0.520645618438721 0.486987322568893 0.458500653505325 0.454069137573242
-3.4e+38 0.520114958286285 0.52685534954071 0.537394940853119 0.546230256557465 0.558054566383362 0.566377341747284 0.562652289867401 0.541448175907135 0.544485151767731 0.550093650817871 0.553773462772369 0.555029153823853 0.541927218437195 0.534967482089996 0.52531498670578 0.50266021490097 0.490693181753159 0.491368651390076 0.507172048091888 0.529683291912079 0.539523243904114 0.52524596452713 0.489708781242371 0.449351787567139 0.459500044584274 0.502839982509613 0.5410276055336 0.554087817668915 0.56451153755188 0.585670411586761 0.602070271968842 0.605421543121338 0.598014235496521 0.59008800983429 0.581035733222961 0.574716687202454 0.585271835327148 0.603897213935852 0.61636620759964 0.615142822265625 0.59922981262207 0.576417326927185 0.560158491134644 0.55695515871048
-3.4e+38 0.532303810119629 0.538788080215454 0.54717093706131 0.556146621704102 0.56640625 0.575595080852509 0.560869038105011 0.533937036991119 0.532051682472229 0.532959163188934 0.541345477104187 0.550629675388336 0.543089687824249 0.540310561656952 0.533150374889374 0.521615982055664 0.517344117164612 0.497476011514664 0.502533793449402 0.522350013256073 0.527412593364716 0.502265274524689 0.454848557710648 0.421508938074112 0.444105386734009 0.518407762050629 0.555847585201263 0.560393154621124 0.558205366134644 0.573736488819122 0.584458589553833 0.590628266334534 0.593086361885071 0.590377807617188 0.580024778842926 0.570309400558472 0.570217549800873 0.582523226737976 0.594571173191071 0.604845941066742 0.610819637775421 0.609388530254364 0.610328555107117 0.60434103012085
-3.4e+38 0.535357534885406 0.538668751716614 0.542276203632355 0.55476838350296 0.572834253311157 0.585229575634003 0.562116503715515 0.534051120281219 0.530861496925354 0.537210583686829 0.546977460384369 0.551937580108643 0.547078549861908 0.544477105140686 0.538074910640717 0.529408514499664 0.519433379173279 0.493213415145874 0.492635071277618 0.506235122680664 0.510414838790894 0.483187407255173 0.429367780685425 0.408713966608047 0.443867415189743 0.531518757343292 0.571937561035156 0.572950124740601 0.554994821548462 0.551689863204956 0.553608179092407 0.566944360733032 0.58268278837204 0.590338110923767 0.584736108779907 0.575038492679596 0.567418277263641 0.567213237285614 0.566206991672516 0.574455559253693 0.585403025150299 0.592302322387695 0.601043701171875 0.594481527805328
-3.4e+38 0.531396269798279 0.535933077335358 0.535524308681488 0.551972270011902 0.576084494590759 0.582974970340729 0.563576102256775 0.544776737689972 0.539531350135803 0.549209833145142 0.563982367515564 0.564229846000671 0.555783092975616 0.544884085655212 0.5340735912323 0.52748841047287 0.513196110725403 0.485833436250687 0.472724378108978 0.477777987718582 0.485863119363785 0.475730806589127 0.429948449134827 0.419913947582245 0.456588357686996 0.519909679889679 0.549089968204498 0.555425882339478 0.546809315681458 0.536037147045135 0.530592560768127 0.545293092727661 0.563965618610382 0.573771297931671 0.565925300121307 0.550165057182312 0.542786836624146 0.542633593082428 0.538243055343628 0.54699718952179 0.554924070835114 0.560158491134644 0.570315480232239 0.564554452896118
-3.4e+38 0.518075168132782 0.529451012611389 0.532797634601593 0.546042621135712 0.564073979854584 0.572735667228699 0.557983458042145 0.549022018909454 0.547053277492523 0.556323766708374 0.576902985572815 0.56799179315567 0.558978974819183 0.550341367721558 0.531211733818054 0.517848610877991 0.500268518924713 0.472294270992279 0.450179278850555 0.447366505861282 0.456811457872391 0.464271783828735 0.450431048870087 0.451805174350739 0.485629618167877 0.531617939472198 0.550846040248871 0.546377837657928 0.535233914852142 0.522697031497955 0.51660543680191 0.52937376499176 0.540051579475403 0.546347856521606 0.542960822582245 0.525330066680908 0.521559953689575 0.51891702413559 0.511935710906982 0.51602965593338 0.517078757286072 0.521469354629517 0.531128704547882 0.531730473041534
-3.4e+38 0.502990663051605 0.519024848937988 0.528790950775146 0.534584164619446 0.551971077919006 0.559361934661865 0.547290861606598 0.546010971069336 0.544974505901337 0.55034339427948 0.562810599803925 0.557479083538055 0.555974721908569 0.545861482620239 0.520077645778656 0.490408033132553 0.469105273485184 0.440560549497604 0.414218425750732 0.423636198043823 0.44647341966629 0.466765880584717 0.48353499174118 0.501034736633301 0.512264132499695 0.530223667621613 0.538511693477631 0.523658096790314 0.517428576946259 0.50378942489624 0.493303596973419 0.501613914966583 0.508973002433777 0.516231834888458 0.517909228801727 0.509978652000427 0.520811438560486 0.520292937755585 0.506718933582306 0.491631418466568 0.482094585895538 0.489494115114212 0.501786530017853 0.509487926959991
-3.4e+38 0.497801601886749 0.512064278125763 0.519790530204773 0.523541271686554 0.543137550354004 0.547717034816742 0.539071142673492 0.539901912212372 0.533273816108704 0.533905744552612 0.540130078792572 0.541040003299713 0.540758609771729 0.520296275615692 0.484262019395828 0.445736259222031 0.420557528734207 0.396759003400803 0.39277395606041 0.426668792963028 0.472128838300705 0.496218144893646 0.517157733440399 0.538230001926422 0.529889822006226 0.521739542484283 0.511319041252136 0.491772830486298 0.498211234807968 0.494851022958755 0.482168883085251 0.476635783910751 0.487481206655502 0.491258502006531 0.492956757545471 0.489592999219894 0.490906089544296 0.485036820173264 0.476456046104431 0.466230452060699 0.460918545722961 0.480743914842606 0.504124820232391 0.516030669212341
