data/trimmed_ndre/J_ndre.75.2011_no_clouds.asc
NCOLS 141 
NROWS 118 
XLLCORNER 516845 
YLLCORNER 5169015 
CELLSIZE 5 
NODATA_value -3.4e+38 
[rows 40 to 59 of 118, columns 45 to 89 of 141]
0.162653893232346 0.152582451701164 0.145539075136185 0.152293309569359 0.154824122786522 0.139047741889954 0.133396789431572 0.148020133376122 0.154721543192863 0.143862172961235 0.14287480711937 0.146876290440559 0.157999917864799 0.13720566034317 0.147972285747528 0.164799898862839 0.162248432636261 0.13951188325882 0.147556498646736 0.152314245700836 0.149581000208855 0.165857493877411 0.182962194085121 0.191452220082283 0.193177446722984 0.192242965102196 0.186762884259224 0.174768567085266 0.156248778104782 0.156864076852798 0.156042218208313 0.14835162460804 0.141925394535065 0.159356996417046 0.179157942533493 0.178673595190048 0.184926018118858 0.187772244215012 0.175066962838173 0.171334877610207 0.167374387383461 0.139256045222282 0.137765482068062 0.151807099580765 0.144676953554153
0.14624397456646 0.147530272603035 0.149888902902603 0.159722879528999 0.153149962425232 0.140692979097366 0.141800627112389 0.152937352657318 0.154833808541298 0.147580817341805 0.161561757326126 0.146956667304039 0.147286549210548 0.172031626105309 0.166252255439758 0.153382033109665 0.147248566150665 0.132240638136864 0.141096353530884 0.150540962815285 0.148449972271919 0.156028792262077 0.172985702753067 0.17025788128376 0.164231851696968 0.184313595294952 0.179941967129707 0.141142308712006 0.132835626602173 0.154476791620255 0.168242633342743 0.164094984531403 0.153676241636276 0.159470900893211 0.179598480463028 0.180712580680847 0.174432203173637 0.178805887699127 0.156685397028923 0.155492305755615 0.169313490390778 0.14480921626091 0.139358669519424 0.158668085932732 0.166990846395493
0.143314450979233 0.161079123616219 0.15855173766613 0.156091928482056 0.149580836296082 0.140437170863152 0.130825102329254 0.131531089544296 0.142937436699867 0.153381302952766 0.159897044301033 0.160303071141243 0.14736670255661 0.1568643450737 0.165988191962242 0.141456544399261 0.139276266098022 0.153268337249756 0.145112469792366 0.149119004607201 0.151723980903625 0.144069314002991 0.161441698670387 0.161041215062141 0.140594854950905 0.15030537545681 0.16816970705986 0.154319390654564 0.143380165100098 0.160076230764389 0.179554119706154 0.158614009618759 0.159236714243889 0.183294534683228 0.199861854314804 0.181913658976555 0.160031229257584 0.175171941518784 0.158394083380699 0.149956777691841 0.155702233314514 0.145402327179909 0.140369534492493 0.1613739579916 0.179875284433365
0.148459434509277 0.161978304386139 0.147026345133781 0.132629826664925 0.149327427148819 0.14612078666687 0.140446975827217 0.135427817702293 0.149151757359505 0.166579559445381 0.169904813170433 0.148658841848373 0.139050677418709 0.15123026072979 0.16972553730011 0.154002711176872 0.135734349489212 0.158457845449448 0.172703117132187 0.146124973893166 0.14575569331646 0.147526800632477 0.154883563518524 0.167185142636299 0.162496373057365 0.151179939508438 0.147227838635445 0.151428818702698 0.157706394791603 0.153073772788048 0.156271830201149 0.133926644921303 0.150905147194862 0.206625044345856 0.211931988596916 0.190540164709091 0.161366447806358 0.159856498241425 0.151935070753098 0.129437357187271 0.144564002752304 0.156430020928383 0.143138095736504 0.153287991881371 0.167714580893517
0.157531470060349 0.153455197811127 0.140839442610741 0.139405280351639 0.151912182569504 0.162515833973885 0.15827514231205 0.151736810803413 0.144347846508026 0.161714822053909 0.177397787570953 0.166603401303291 0.155367836356163 0.162823721766472 0.165772378444672 0.160980269312859 0.159890025854111 0.160835236310959 0.165396556258202 0.143541157245636 0.146500498056412 0.156028255820274 0.164007931947708 0.178823918104172 0.169689252972603 0.141632050275803 0.131918698549271 0.141403764486313 0.16787226498127 0.157414495944977 0.153158873319626 0.156465247273445 0.177731290459633 0.207548245787621 0.203438833355904 0.192761272192001 0.154581040143967 0.140909492969513 0.157527774572372 0.14870285987854 0.145851016044617 0.147864475846291 0.148199766874313 0.15669521689415 0.166811123490334
0.148151397705078 0.170820087194443 0.151665478944778 0.155501440167427 0.163905173540115 0.156989917159081 0.148584187030792 0.164689302444458 0.171031951904297 0.151853188872337 0.166357755661011 0.18198524415493 0.158699542284012 0.157841473817825 0.159486070275307 0.165718659758568 0.171094834804535 0.151615366339684 0.14834813773632 0.162101432681084 0.158398643136024 0.162202641367912 0.173596486449242 0.182481110095978 0.165832385420799 0.154545158147812 0.152007237076759 0.153269901871681 0.168898835778236 0.14771556854248 0.142615035176277 0.168971881270409 0.184294849634171 0.185389325022697 0.188227713108063 0.191733166575432 0.166827872395515 0.145468100905418 0.16213621199131 0.162630081176758 0.139613077044487 0.129947260022163 0.137504175305367 0.160015866160393 0.16604919731617
0.142564073204994 0.168956413865089 0.161256045103073 0.169253066182137 0.176340863108635 0.159043535590172 0.158626824617386 0.163394436240196 0.171309664845467 0.160182595252991 0.16037292778492 0.168245121836662 0.160164102911949 0.158216595649719 0.153301566839218 0.160999640822411 0.167397171258926 0.166069895029068 0.166983231902122 0.170394644141197 0.170895755290985 0.152480095624924 0.16140228509903 0.175961002707481 0.170603662729263 0.185766935348511 0.188520208001137 0.164185285568237 0.161267384886742 0.147779300808907 0.143804863095284 0.158737272024155 0.168553546071053 0.173968106508255 0.190440371632576 0.187848582863808 0.170126393437386 0.14716799557209 0.148549377918243 0.153333380818367 0.135861694812775 0.146579265594482 0.161816984415054 0.162349566817284 0.158639833331108
0.156308993697166 0.172755405306816 0.17370468378067 0.177920609712601 0.188089743256569 0.176521927118301 0.185148105025291 0.203692331910133 0.227937087416649 0.246110007166862 0.239530399441719 0.22262217104435 0.21744367480278 0.229399457573891 0.243177950382233 0.248878553509712 0.224878564476967 0.210021883249283 0.210477769374847 0.21314549446106 0.206677377223969 0.190741062164307 0.199881657958031 0.229825228452682 0.21887543797493 0.188095793128014 0.175559893250465 0.164622336626053 0.167525038123131 0.172337755560875 0.175603717565536 0.168048858642578 0.166611611843109 0.174817904829979 0.193791016936302 0.1791080981493 0.160448864102364 0.144076332449913 0.140815407037735 0.141561791300774 0.129641339182854 0.15454113483429 0.162773415446281 0.153899475932121 0.164150655269623
0.224112182855606 0.226748213171959 0.214344769716263 0.238825127482414 0.272163599729538 0.287216544151306 0.302692323923111 0.32108274102211 0.315580457448959 0.326598435640335 0.352801531553268 0.362237334251404 0.362433105707169 0.364241361618042 0.379220604896545 0.371341526508331 0.339848279953003 0.32107675075531 0.336965501308441 0.333161205053329 0.326076775789261 0.321716040372849 0.293850392103195 0.293775677680969 0.281801015138626 0.269346415996552 0.280216783285141 0.272220641374588 0.262331873178482 0.252187162637711 0.238247215747833 0.202054485678673 0.18696129322052 0.196823015809059 0.210003465414047 0.202498063445091 0.185102537274361 0.158836856484413 0.155497267842293 0.14604564011097 0.135188445448875 0.152570337057114 0.159547075629234 0.168139666318893 0.171174764633179
0.323324978351593 0.328911542892456 0.340556710958481 0.35407617688179 0.351717829704285 0.349964946508408 0.35693621635437 0.363541543483734 0.360955387353897 0.369143217802048 0.386867016553879 0.401771634817123 0.406355112791061 0.418399900197983 0.43564572930336 0.439573049545288 0.42584627866745 0.418566793203354 0.422462642192841 0.410707890987396 0.397187113761902 0.387634187936783 0.386250197887421 0.393516540527344 0.392614841461182 0.40007746219635 0.407989740371704 0.375835180282593 0.340008735656738 0.343499600887299 0.363621681928635 0.352096080780029 0.325511515140533 0.31167471408844 0.298643887042999 0.272604197263718 0.238690316677094 0.219359874725342 0.224443435668945 0.216667637228966 0.210870966315269 0.212999776005745 0.211897343397141 0.190619006752968 0.171443238854408
0.390560179948807 0.379796355962753 0.357621908187866 0.337656050920486 0.30990669131279 0.283686310052872 0.284527391195297 0.291598439216614 0.297027200460434 0.306223660707474 0.31470450758934 0.318723052740097 0.329587161540985 0.351653277873993 0.385747671127319 0.396253794431686 0.394054442644119 0.398193001747131 0.400835454463959 0.393720418214798 0.391484946012497 0.403444617986679 0.419606298208237 0.426793128252029 0.430667519569397 0.426099687814713 0.412915706634521 0.400138169527054 0.412152469158173 0.43088498711586 0.443607687950134 0.437548875808716 0.415719509124756 0.401885181665421 0.398629665374756 0.382238835096359 0.363033562898636 0.356823652982712 0.353217154741287 0.339337319135666 0.319578140974045 0.297116816043854 0.281154870986938 0.285772204399109 0.29113045334816
0.320206850767136 0.295809179544449 0.250688761472702 0.22289189696312 0.210093304514885 0.207817748188972 0.202860370278358 0.188974931836128 0.176501154899597 0.181209772825241 0.199881657958031 0.21443384885788 0.224181115627289 0.235739290714264 0.263362497091293 0.26363742351532 0.262766361236572 0.276449143886566 0.304532617330551 0.313214182853699 0.320123642683029 0.336936563253403 0.357511103153229 0.360699474811554 0.372151494026184 0.395965993404388 0.394401997327805 0.392579048871994 0.413066774606705 0.423686623573303 0.412366569042206 0.409984022378922 0.410121202468872 0.416791915893555 0.423255980014801 0.416029959917068 0.414870858192444 0.411736071109772 0.407232910394669 0.390677571296692 0.388015240430832 0.381413102149963 0.373051941394806 0.387875437736511 0.403682947158813
0.195479556918144 0.194581016898155 0.190598949790001 0.186527833342552 0.167144626379013 0.166098102927208 0.168253973126411 0.155193150043488 0.152456864714622 0.161259517073631 0.16673244535923 0.151894420385361 0.145299285650253 0.150925546884537 0.166326656937599 0.171527236700058 0.176073715090752 0.194828107953072 0.217604473233223 0.218007534742355 0.199345931410789 0.205425605177879 0.227429196238518 0.241038143634796 0.267757564783096 0.290897935628891 0.302960455417633 0.295012831687927 0.298559695482254 0.31014221906662 0.319339692592621 0.329880207777023 0.34967252612114 0.361598342657089 0.360111862421036 0.359751522541046 0.383444011211395 0.387481540441513 0.381089150905609 0.389439165592194 0.393536984920502 0.394237279891968 0.400123804807663 0.400320410728455 0.39305904507637
0.167310982942581 0.169697195291519 0.156208485364914 0.16376781463623 0.163497373461723 0.158847972750664 0.165977388620377 0.165514573454857 0.161300361156464 0.151317968964577 0.149775490164757 0.144727766513824 0.143649965524673 0.148937433958054 0.156024381518364 0.166327610611916 0.162568718194962 0.153541550040245 0.16273033618927 0.166987299919128 0.157481953501701 0.172564446926117 0.187447175383568 0.183548286557198 0.180351063609123 0.182764545083046 0.17906491458416 0.186006531119347 0.218531653285027 0.243353456258774 0.23781755566597 0.227900326251984 0.234669134020805 0.247199952602386 0.251392394304276 0.255680412054062 0.297979325056076 0.289942771196365 0.284245073795319 0.312050044536591 0.324185729026794 0.301960080862045 0.313566744327545 0.324619650840759 0.304508894681931
0.150776907801628 0.149131804704666 0.146747052669525 0.164597496390343 0.186035826802254 0.164392456412315 0.145644322037697 0.153797760605812 0.151456221938133 0.146677523851395 0.153461784124374 0.155484199523926 0.143681257963181 0.145264074206352 0.147618606686592 0.150390833616257 0.167601704597473 0.160184919834137 0.150074735283852 0.156610935926437 0.164511740207672 0.160942852497101 0.154818579554558 0.154553353786469 0.155035868287086 0.16156941652298 0.162089586257935 0.174812614917755 0.198636621236801 0.194170787930489 0.168454438447952 0.159598127007484 0.162380039691925 0.180080264806747 0.185687839984894 0.187027871608734 0.190277799963951 0.170212551951408 0.166648685932159 0.189442858099937 0.210148125886917 0.221445053815842 0.245392873883247 0.229366138577461 0.19428938627243
0.162267968058586 0.153063952922821 0.151169180870056 0.162956401705742 0.178146779537201 0.157106891274452 0.141526848077774 0.146472662687302 0.142007932066917 0.150518372654915 0.152641206979752 0.151729971170425 0.148628771305084 0.150157809257507 0.147128492593765 0.149348556995392 0.174177274107933 0.161217138171196 0.140642866492271 0.147233158349991 0.163411617279053 0.163010627031326 0.154020994901657 0.159223988652229 0.153439596295357 0.145761281251907 0.156576424837112 0.179301142692566 0.188701286911964 0.179633617401123 0.164324656128883 0.165189981460571 0.160128384828568 0.160868152976036 0.161708846688271 0.168471604585648 0.150486275553703 0.146765395998955 0.175064593553543 0.204966112971306 0.204818934202194 0.187936082482338 0.187216266989708 0.163063988089561 0.155510365962982
0.172418430447578 0.152905210852623 0.150796011090279 0.164894163608551 0.15760612487793 0.143612787127495 0.136189445853233 0.148957505822182 0.153203547000885 0.167122885584831 0.155964136123657 0.152343556284904 0.162859544157982 0.159001365303993 0.153975248336792 0.155208215117455 0.16438239812851 0.146516010165215 0.139451399445534 0.151170715689659 0.162240758538246 0.165214091539383 0.166156008839607 0.170045658946037 0.16515064239502 0.150537863373756 0.163091778755188 0.185722425580025 0.173684373497963 0.179688394069672 0.16788375377655 0.157027006149292 0.162887156009674 0.154335632920265 0.161603793501854 0.179861351847649 0.160059422254562 0.165067955851555 0.178428426384926 0.18416528403759 0.181565955281258 0.1595528870821 0.16596508026123 0.169607982039452 0.172905519604683
0.140649363398552 0.124510332942009 0.1334168612957 0.152623385190964 0.148265555500984 0.142822697758675 0.139882102608681 0.151416763663292 0.135375052690506 0.139854788780212 0.152842983603477 0.154611274600029 0.160256326198578 0.162147134542465 0.167478173971176 0.160400390625 0.156666427850723 0.1545569896698 0.157063603401184 0.157433852553368 0.157225608825684 0.15907895565033 0.161987438797951 0.166485592722893 0.165930539369583 0.15057185292244 0.158930554986 0.172234043478966 0.155877485871315 0.154802665114403 0.144179701805115 0.144131556153297 0.162729129195213 0.160894364118576 0.160039469599724 0.170425996184349 0.161815196275711 0.149983122944832 0.164906069636345 0.173942729830742 0.154278367757797 0.13777157664299 0.153638556599617 0.167047515511513 0.168982803821564
0.13239498436451 0.137819141149521 0.14056795835495 0.13970459997654 0.152777522802353 0.155732408165932 0.151457890868187 0.150955304503441 0.127768576145172 0.128252848982811 0.15620169043541 0.156966313719749 0.142081573605537 0.139754116535187 0.143615335226059 0.141835004091263 0.145976796746254 0.162713661789894 0.158532470464706 0.150023594498634 0.143768131732941 0.150429248809814 0.171617805957794 0.167004629969597 0.154354155063629 0.14346644282341 0.152233064174652 0.162987381219864 0.147502437233925 0.149567574262619 0.146080687642097 0.143428117036819 0.156747668981552 0.166243895888329 0.171835601329803 0.170946896076202 0.16412079334259 0.15436777472496 0.164408177137375 0.171555921435356 0.155490264296532 0.148776173591614 0.147461116313934 0.163496166467667 0.170042306184769
0.145256996154785 0.178506523370743 0.160243928432465 0.136886969208717 0.147602215409279 0.162045776844025 0.154048845171928 0.148583605885506 0.144386693835258 0.1366336196661 0.138761386275291 0.146127179265022 0.138908863067627 0.143439367413521 0.149941459298134 0.142821952700615 0.143859654664993 0.154046058654785 0.139890477061272 0.154973030090332 0.166064009070396 0.155732452869415 0.167542666196823 0.160286173224449 0.145609885454178 0.14993155002594 0.160644382238388 0.168318912386894 0.161993354558945 0.158794373273849 0.156282916665077 0.151421666145325 0.159205824136734 0.169288516044617 0.166160434484482 0.158250525593758 0.156672075390816 0.160025835037231 0.150957405567169 0.139403477311134 0.152174472808838 0.170021325349808 0.165349766612053 0.164294511079788 0.164784088730812
