data/trimmed_ndre/J_ndre.615.2010_no_clouds.asc
NCOLS 141 
NROWS 118 
XLLCORNER 516845 
YLLCORNER 5169015 
CELLSIZE 5 
NODATA_value -3.4e+38 
[rows 40 to 59 of 118, columns 45 to 89 of 141]
0.483240097761154 0.48642298579216 0.491775065660477 0.484493643045425 0.49823009967804 0.513965904712677 0.513141572475433 0.506498157978058 0.502020120620728 0.512895941734314 0.534595608711243 0.539056777954102 0.527648687362671 0.521592795848846 0.513621151447296 0.499965131282806 0.499250203371048 0.505786955356598 0.513427257537842 0.526292026042938 0.537110567092896 0.530531227588654 0.519377887248993 0.524078130722046 0.517704010009766 0.520998060703278 0.529118299484253 0.511869549751282 0.488184005022049 0.47595202922821 0.465308248996735 0.447336584329605 0.43710857629776 0.434805810451508 0.419495820999146 0.410255581140518 0.368100166320801 0.314671874046326 0.289789259433746 0.284414321184158 0.305278092622757 0.340156763792038 0.369314163923264 0.383378893136978 0.376455336809158
0.500374555587769 0.492811024188995 0.506252706050873 0.511796832084656 0.498463928699493 0.490240335464478 0.508486270904541 0.519425868988037 0.505628287792206 0.514292359352112 0.53707218170166 0.5402592420578 0.526802599430084 0.513373136520386 0.50396728515625 0.489533811807632 0.487545281648636 0.490169316530228 0.490935921669006 0.499304473400116 0.514571785926819 0.518740832805634 0.517393231391907 0.522792637348175 0.525747179985046 0.511934697628021 0.509422242641449 0.510497808456421 0.500056743621826 0.48215851187706 0.463102132081985 0.450361311435699 0.439060866832733 0.428201854228973 0.390626281499863 0.356769353151321 0.331798851490021 0.28550785779953 0.271271288394928 0.288432061672211 0.315637856721878 0.360032290220261 0.376708507537842 0.376873046159744 0.364710986614227
0.499588876962662 0.499044746160507 0.490037441253662 0.498019486665726 0.489497005939484 0.476083636283875 0.508848607540131 0.525837302207947 0.502758145332336 0.502250492572784 0.501339495182037 0.511585295200348 0.521112978458405 0.51521909236908 0.494477570056915 0.474610835313797 0.465428531169891 0.460560917854309 0.461521476507187 0.463496655225754 0.476508110761642 0.489680737257004 0.498340249061584 0.523117780685425 0.547163903713226 0.525962173938751 0.501658618450165 0.50156033039093 0.490618199110031 0.466308921575546 0.444997429847717 0.43642383813858 0.428156852722168 0.41843593120575 0.349202662706375 0.297134399414062 0.322558701038361 0.310101389884949 0.297805577516556 0.324339866638184 0.339994490146637 0.35434478521347 0.360629945993423 0.353000640869141 0.346947520971298
0.485688269138336 0.493221461772919 0.45611560344696 0.469036102294922 0.498040646314621 0.489666670560837 0.498357564210892 0.496837466955185 0.483296900987625 0.486697316169739 0.476401120424271 0.491560071706772 0.511732578277588 0.510314643383026 0.487382560968399 0.461776673793793 0.44826465845108 0.442605227231979 0.448220461606979 0.452620685100555 0.455205619335175 0.456887573003769 0.475787937641144 0.51013571023941 0.523150205612183 0.521111488342285 0.514864385128021 0.504874050617218 0.479891240596771 0.446600466966629 0.432461351156235 0.424572557210922 0.398602843284607 0.35942867398262 0.308625727891922 0.281095623970032 0.330552220344543 0.347079396247864 0.337628543376923 0.350935429334641 0.35738667845726 0.35316127538681 0.348642855882645 0.345216333866119 0.355177819728851
0.475580096244812 0.473955869674683 0.460229367017746 0.460941970348358 0.475288450717926 0.471162647008896 0.460343927145004 0.453722178936005 0.468701779842377 0.49821275472641 0.484697818756104 0.463260322809219 0.468932688236237 0.481435239315033 0.46801295876503 0.448710024356842 0.44052916765213 0.434633940458298 0.432026654481888 0.431316018104553 0.428249567747116 0.421602606773376 0.437810063362122 0.483681231737137 0.526965379714966 0.545481264591217 0.525515556335449 0.508601903915405 0.479851305484772 0.439132004976273 0.417123079299927 0.415122181177139 0.384241551160812 0.327997744083405 0.298049539327621 0.297129690647125 0.327371507883072 0.351385116577148 0.357086539268494 0.363085687160492 0.365912705659866 0.369256675243378 0.362943291664124 0.371118187904358 0.38772913813591
0.466200053691864 0.455066114664078 0.454278111457825 0.453355580568314 0.447902202606201 0.44807830452919 0.442766308784485 0.440631151199341 0.442308217287064 0.450406730175018 0.436684042215347 0.407618939876556 0.411509454250336 0.432904720306396 0.437248766422272 0.438806980848312 0.426916539669037 0.410484164953232 0.397447198629379 0.390148162841797 0.39172238111496 0.376236528158188 0.381703078746796 0.424709439277649 0.50436007976532 0.538099110126495 0.499480277299881 0.481181025505066 0.47326385974884 0.450119972229004 0.423540234565735 0.414152473211288 0.39213228225708 0.339866310358047 0.296263009309769 0.311682194471359 0.332197219133377 0.344247430562973 0.356398433446884 0.363410294055939 0.374076783657074 0.392708152532578 0.399829238653183 0.400441199541092 0.415361255407333
0.457522660493851 0.454329460859299 0.457736521959305 0.45104643702507 0.442237883806229 0.449425131082535 0.434496164321899 0.408183842897415 0.383500695228577 0.376577258110046 0.373369216918945 0.363291144371033 0.370633453130722 0.382534980773926 0.39994153380394 0.421934753656387 0.420940369367599 0.406668066978455 0.389478832483292 0.375359773635864 0.366259098052979 0.36451643705368 0.375888526439667 0.401539415121078 0.463041663169861 0.490794599056244 0.464616656303406 0.456073194742203 0.456623166799545 0.450426578521729 0.421600073575974 0.405177354812622 0.358987629413605 0.30894610285759 0.295062959194183 0.310126572847366 0.322757720947266 0.336534112691879 0.357595473527908 0.372522860765457 0.3865627348423 0.415741115808487 0.427210986614227 0.422296404838562 0.43667733669281
0.455884575843811 0.453386217355728 0.454128175973892 0.439453303813934 0.43266835808754 0.434778392314911 0.415090441703796 0.386778205633163 0.364900827407837 0.367532551288605 0.366226345300674 0.352059900760651 0.356116712093353 0.369950234889984 0.381697058677673 0.418363928794861 0.441040396690369 0.441171526908875 0.430326849222183 0.410786986351013 0.393969625234604 0.401792705059052 0.423030078411102 0.447730630636215 0.463695406913757 0.451874405145645 0.422585397958755 0.418670445680618 0.426918983459473 0.418854236602783 0.405446916818619 0.403696149587631 0.373979866504669 0.331502199172974 0.302405208349228 0.296144038438797 0.306246906518936 0.327533483505249 0.352116912603378 0.365874588489532 0.376329779624939 0.404898315668106 0.426926404237747 0.43914657831192 0.436378180980682
0.432634323835373 0.43962773680687 0.44573786854744 0.431888163089752 0.423294186592102 0.434149235486984 0.437505155801773 0.426528304815292 0.410235434770584 0.407723128795624 0.397737115621567 0.406910598278046 0.433201342821121 0.44076731801033 0.435966461896896 0.445794850587845 0.463502287864685 0.4709113240242 0.474713712930679 0.477014809846878 0.465213000774384 0.458048343658447 0.459760636091232 0.459255307912827 0.44546902179718 0.448173761367798 0.43416303396225 0.428100675344467 0.4271080493927 0.414354175329208 0.404936522245407 0.403433561325073 0.405076444149017 0.391196370124817 0.343621790409088 0.304993033409119 0.297766625881195 0.308834493160248 0.340754240751266 0.360323578119278 0.364972144365311 0.387284100055695 0.410627782344818 0.426158159971237 0.425131320953369
0.416124224662781 0.437965452671051 0.454693883657455 0.457599401473999 0.454177796840668 0.46294778585434 0.47569215297699 0.472101271152496 0.467945128679276 0.469809740781784 0.459057062864304 0.463445991277695 0.489987105131149 0.501868963241577 0.500721991062164 0.497738897800446 0.500821709632874 0.505524039268494 0.504361629486084 0.508823335170746 0.504390120506287 0.494145780801773 0.494704872369766 0.490885972976685 0.48461127281189 0.4946229159832 0.491450130939484 0.478069484233856 0.456041187047958 0.445948779582977 0.437992066144943 0.438816130161285 0.449930548667908 0.442276537418365 0.406074464321136 0.372754096984863 0.355897426605225 0.349993884563446 0.361637026071548 0.375853985548019 0.380846500396729 0.394437521696091 0.399073719978333 0.409615397453308 0.422303766012192
0.452723830938339 0.473316520452499 0.483706384897232 0.482356429100037 0.474666118621826 0.469113647937775 0.47661280632019 0.473996371030807 0.462217330932617 0.451992511749268 0.447293251752853 0.436901181936264 0.458720266819 0.481081753969193 0.492844700813293 0.508078753948212 0.513672411441803 0.51341301202774 0.501192092895508 0.496700882911682 0.503585398197174 0.501943171024323 0.507108747959137 0.511843144893646 0.510829508304596 0.501998782157898 0.496242672204971 0.493545532226562 0.481860756874084 0.484777480363846 0.480081021785736 0.489806175231934 0.495757639408112 0.473635852336884 0.457251191139221 0.455524325370789 0.454741537570953 0.435344755649567 0.424222350120544 0.408251225948334 0.408789098262787 0.42471519112587 0.427900731563568 0.421796768903732 0.431969076395035
0.473410069942474 0.482996910810471 0.476884126663208 0.463843166828156 0.449576109647751 0.437310099601746 0.425983279943466 0.414016753435135 0.389752477407455 0.369754761457443 0.372407525777817 0.38697823882103 0.416655093431473 0.442710787057877 0.457654923200607 0.474600374698639 0.487896889448166 0.491749703884125 0.487651407718658 0.480824381113052 0.473014891147614 0.467276513576508 0.475255638360977 0.472759693861008 0.471883475780487 0.478366315364838 0.483862459659576 0.490254521369934 0.490645676851273 0.495217442512512 0.493180751800537 0.501269042491913 0.513479590415955 0.506805419921875 0.507411599159241 0.507950782775879 0.501831650733948 0.487768799066544 0.482769548892975 0.474523574113846 0.475962996482849 0.483660906553268 0.478583037853241 0.452489346265793 0.440598666667938
0.457353591918945 0.447687238454819 0.43909540772438 0.43489944934845 0.420049667358398 0.397318124771118 0.378723174333572 0.36427915096283 0.347924947738647 0.328403741121292 0.330545991659164 0.349737048149109 0.369920074939728 0.380872309207916 0.396998286247253 0.425009280443192 0.447695136070251 0.448482871055603 0.434969186782837 0.42153736948967 0.408021479845047 0.404722213745117 0.411646634340286 0.419992089271545 0.426320165395737 0.444501012563705 0.444926917552948 0.445922940969467 0.45690992474556 0.463811218738556 0.466513752937317 0.470200449228287 0.477370291948318 0.488488733768463 0.502181529998779 0.502955913543701 0.501566648483276 0.502013266086578 0.514039754867554 0.51882141828537 0.516818165779114 0.501677513122559 0.480715274810791 0.485785841941833 0.489353477954865
0.43001601099968 0.42164334654808 0.425393790006638 0.419122844934464 0.397387087345123 0.386228263378143 0.383658587932587 0.375055134296417 0.356382846832275 0.339060395956039 0.34066715836525 0.351613581180573 0.353035062551498 0.339863300323486 0.346525430679321 0.360850542783737 0.377220094203949 0.377748042345047 0.369446009397507 0.363002121448517 0.364903420209885 0.369471073150635 0.359422862529755 0.3648461997509 0.378887861967087 0.394040256738663 0.392890065908432 0.384200990200043 0.385341465473175 0.385817497968674 0.384943246841431 0.389092743396759 0.402022927999496 0.418570637702942 0.432419419288635 0.444118410348892 0.456442475318909 0.463825225830078 0.4805968105793 0.490536481142044 0.490234971046448 0.495063006877899 0.480170428752899 0.477737694978714 0.484625965356827
0.412505805492401 0.394210517406464 0.408502191305161 0.408951550722122 0.396601736545563 0.395207673311234 0.399209171533585 0.393326789140701 0.393135339021683 0.39632910490036 0.385379374027252 0.377689868211746 0.374246925115585 0.353943765163422 0.336377382278442 0.329751402139664 0.338654011487961 0.344835251569748 0.350041568279266 0.361963301897049 0.356872856616974 0.361045598983765 0.353193074464798 0.347590923309326 0.363550245761871 0.380761086940765 0.387748837471008 0.365708619356155 0.338709652423859 0.324805438518524 0.328572064638138 0.350110352039337 0.378520905971527 0.390222430229187 0.396461099386215 0.403365552425385 0.406358271837234 0.409150838851929 0.418170839548111 0.426783889532089 0.445480614900589 0.463306814432144 0.450257420539856 0.436484426259995 0.436911761760712
0.394507795572281 0.392408281564713 0.404722839593887 0.405323565006256 0.398032546043396 0.405484169721603 0.415198147296906 0.411665886640549 0.428265184164047 0.430534988641739 0.401375472545624 0.385775297880173 0.38136813044548 0.355636596679688 0.339430898427963 0.340972065925598 0.343644946813583 0.358502864837646 0.377641379833221 0.402745425701141 0.393462747335434 0.384280890226364 0.378555625677109 0.360971421003342 0.382748574018478 0.408302247524261 0.41340109705925 0.394460469484329 0.370934337377548 0.351263523101807 0.350235968828201 0.390111237764359 0.423463821411133 0.412852346897125 0.403554081916809 0.40598002076149 0.407643973827362 0.400649726390839 0.391666442155838 0.37930229306221 0.388802111148834 0.406450629234314 0.413351207971573 0.424452394247055 0.437092870473862
0.398367911577225 0.395218849182129 0.400106251239777 0.397655665874481 0.382336676120758 0.379288792610168 0.387901067733765 0.402333170175552 0.422941595315933 0.419788062572479 0.394500434398651 0.379135459661484 0.358114153146744 0.335615247488022 0.333935499191284 0.340918660163879 0.340025514364243 0.36170819401741 0.394980907440186 0.429974675178528 0.438892722129822 0.414496272802353 0.393712341785431 0.377883642911911 0.392024904489517 0.410182356834412 0.421229600906372 0.423750221729279 0.412542968988419 0.393242239952087 0.379795610904694 0.410726249217987 0.435811221599579 0.427447497844696 0.422409117221832 0.427895069122314 0.437018662691116 0.414209693670273 0.376802742481232 0.35371208190918 0.353317856788635 0.376063317060471 0.402189999818802 0.413084089756012 0.42771503329277
0.401617795228958 0.384368002414703 0.375745981931686 0.369276970624924 0.355567842721939 0.345615953207016 0.356117337942123 0.387669175863266 0.409485578536987 0.421191543340683 0.418162375688553 0.395219683647156 0.358760118484497 0.334893316030502 0.325540781021118 0.33531779050827 0.343070507049561 0.366413027048111 0.409938007593155 0.436227768659592 0.451937019824982 0.433912575244904 0.402954548597336 0.390613347291946 0.387625187635422 0.38092029094696 0.39593905210495 0.404181689023972 0.398413747549057 0.401409953832626 0.404864877462387 0.4100721180439 0.422860532999039 0.421698600053787 0.423473030328751 0.437400609254837 0.451910227537155 0.443247735500336 0.411488234996796 0.38729789853096 0.374901324510574 0.377465903759003 0.380112737417221 0.409905970096588 0.437076717615128
0.414040297269821 0.402442008256912 0.374873220920563 0.350201070308685 0.343693524599075 0.339940100908279 0.353254050016403 0.384416550397873 0.402849137783051 0.419258624315262 0.439337730407715 0.433925718069077 0.399246603250504 0.369777917861938 0.340217560529709 0.328874051570892 0.351156681776047 0.382590591907501 0.426970541477203 0.448516756296158 0.446351021528244 0.423805385828018 0.38268831372261 0.368352174758911 0.366348534822464 0.35577055811882 0.371721774339676 0.376578599214554 0.37889352440834 0.414962887763977 0.416404366493225 0.398666948080063 0.410002321004868 0.418756306171417 0.428989797830582 0.440890103578568 0.452393889427185 0.458999305963516 0.444745242595673 0.426524221897125 0.415138244628906 0.411527037620544 0.406668394804001 0.415726065635681 0.428778111934662
0.430709719657898 0.42417785525322 0.403551042079926 0.365868210792542 0.348614871501923 0.341387540102005 0.349297642707825 0.390363544225693 0.411779969930649 0.41688084602356 0.445580184459686 0.45444267988205 0.422473579645157 0.387681603431702 0.376639395952225 0.35590848326683 0.373627662658691 0.393822878599167 0.416921824216843 0.440682023763657 0.446571201086044 0.426196217536926 0.372745215892792 0.349565774202347 0.354778677225113 0.360161036252975 0.370742738246918 0.378401905298233 0.390807390213013 0.415448129177094 0.4159776866436 0.400123029947281 0.410061031579971 0.421042233705521 0.431481271982193 0.435992449522018 0.44401615858078 0.451272219419479 0.443057090044022 0.438986659049988 0.450403571128845 0.456806480884552 0.453758805990219 0.429092675447464 0.421836882829666
