data/trimmed_ndre/J_ndre.615.2010_no_clouds.asc
NCOLS 141 
NROWS 118 
XLLCORNER 516845 
YLLCORNER 5169015 
CELLSIZE 5 
NODATA_value -3.4e+38 
[rows 40 to 59 of 118, columns 90 to 134 of 141]
0.371137678623199 0.360865384340286 0.350698292255402 0.359642535448074 0.379239767789841 0.404148429632187 0.41508087515831 0.412339001893997 0.414238393306732 0.418228536844254 0.420586407184601 0.423261284828186 0.421007633209229 0.407056748867035 0.396806746721268 0.391102194786072 0.408389538526535 0.430258363485336 0.47671902179718 0.524334013462067 0.536996424198151 0.534528970718384 0.523730874061584 0.505292296409607 0.485707342624664 0.451629817485809 0.438485950231552 0.463842451572418 0.475101381540298 0.47857677936554 0.489098131656647 -3.4e+38 -3.4e+38 -3.4e+38 -3.4e+38 -3.4e+38 -3.4e+38 -3.4e+38 -3.4e+38 -3.4e+38 -3.4e+38 -3.4e+38 -3.4e+38 -3.4e+38 -3.4e+38
0.357470452785492 0.354443252086639 0.345858454704285 0.345926284790039 0.371183216571808 0.400079488754272 0.419484168291092 0.425574690103531 0.423846662044525 0.420108467340469 0.414892196655273 0.434029757976532 0.449749648571014 0.42828094959259 0.413656622171402 0.40964013338089 0.417766630649567 0.424897998571396 0.46493735909462 0.504367232322693 0.51257711648941 0.527958393096924 0.524608075618744 0.504910945892334 0.483301877975464 0.445972681045532 0.43027001619339 0.444946527481079 0.459040641784668 0.482574075460434 0.507950365543365 -3.4e+38 -3.4e+38 -3.4e+38 -3.4e+38 -3.4e+38 -3.4e+38 -3.4e+38 -3.4e+38 -3.4e+38 -3.4e+38 -3.4e+38 -3.4e+38 -3.4e+38 -3.4e+38
0.350130677223206 0.361079841852188 0.358346790075302 0.35887610912323 0.382548958063126 0.408513933420181 0.423346430063248 0.429767072200775 0.426240622997284 0.421989113092422 0.419955909252167 0.434258133172989 0.447750926017761 0.436546921730042 0.435911685228348 0.423256397247314 0.404936522245407 0.407109171152115 0.436700791120529 0.460689038038254 0.478202491998672 0.490129142999649 0.49006250500679 0.48025381565094 0.460815370082855 0.437260538339615 0.432419210672379 0.43495437502861 0.447501093149185 0.482337594032288 0.512964427471161 -3.4e+38 -3.4e+38 -3.4e+38 -3.4e+38 -3.4e+38 -3.4e+38 -3.4e+38 -3.4e+38 -3.4e+38 -3.4e+38 -3.4e+38 -3.4e+38 -3.4e+38 -3.4e+38
0.364707350730896 0.37199193239212 0.375366568565369 0.384035706520081 0.401014178991318 0.415158152580261 0.419959753751755 0.413865745067596 0.408747494220734 0.419026255607605 0.423318862915039 0.41103333234787 0.407237321138382 0.417222887277603 0.441047161817551 0.428216964006424 0.404821425676346 0.400927066802979 0.408827394247055 0.433902263641357 0.458773195743561 0.46764999628067 0.468363374471664 0.460641622543335 0.44978404045105 0.447433203458786 0.451320350170135 0.454611092805862 0.452699154615402 0.467219561338425 0.494849264621735 -3.4e+38 -3.4e+38 -3.4e+38 -3.4e+38 -3.4e+38 -3.4e+38 -3.4e+38 -3.4e+38 -3.4e+38 -3.4e+38 -3.4e+38 -3.4e+38 -3.4e+38 -3.4e+38
0.384106904268265 0.382886856794357 0.38726681470871 0.395755529403687 0.402803629636765 0.399175435304642 0.395086228847504 0.39712518453598 0.406603217124939 0.424633949995041 0.43668657541275 0.421309977769852 0.405031681060791 0.412258684635162 0.432619512081146 0.427197456359863 0.414827972650528 0.412553429603577 0.417341679334641 0.437097489833832 0.446440011262894 0.438195168972015 0.443606227636337 0.456801444292068 0.46424126625061 0.465134352445602 0.46244215965271 0.463310360908508 0.441412687301636 0.441267848014832 0.47286319732666 0.49329000711441 -3.4e+38 -3.4e+38 -3.4e+38 -3.4e+38 -3.4e+38 -3.4e+38 -3.4e+38 -3.4e+38 -3.4e+38 -3.4e+38 -3.4e+38 -3.4e+38 -3.4e+38
0.417251706123352 0.406796485185623 0.398590981960297 0.399190753698349 0.402717024087906 0.397910237312317 0.394592642784119 0.414877384901047 0.432988971471786 0.433226376771927 0.447386056184769 0.450001209974289 0.432813078165054 0.430070221424103 0.428902298212051 0.419905722141266 0.390896767377853 0.396604776382446 0.416516333818436 0.414525806903839 0.402950525283813 0.391503691673279 0.410006552934647 0.449061393737793 0.472811430692673 0.471767842769623 0.460569679737091 0.448216021060944 0.42205610871315 0.432556360960007 0.466501414775848 0.482578098773956 -3.4e+38 -3.4e+38 -3.4e+38 -3.4e+38 -3.4e+38 -3.4e+38 -3.4e+38 -3.4e+38 -3.4e+38 -3.4e+38 -3.4e+38 -3.4e+38 -3.4e+38
0.451061934232712 0.437470406293869 0.424285590648651 0.413739174604416 0.412649780511856 0.413372576236725 0.417288392782211 0.440738946199417 0.456627905368805 0.447878748178482 0.451985001564026 0.457283288240433 0.447801858186722 0.45359680056572 0.447176277637482 0.426319092512131 0.38616743683815 0.374483108520508 0.384033143520355 0.361271739006042 0.350749343633652 0.367858618497849 0.3998843729496 0.435735017061234 0.453712731599808 0.462751597166061 0.452602088451385 0.432889699935913 0.419149786233902 0.439506232738495 0.455628335475922 0.463635206222534 -3.4e+38 -3.4e+38 -3.4e+38 -3.4e+38 -3.4e+38 -3.4e+38 -3.4e+38 -3.4e+38 -3.4e+38 -3.4e+38 -3.4e+38 -3.4e+38 -3.4e+38
0.433569997549057 0.439106315374374 0.442814707756042 0.436194360256195 0.425593078136444 0.416997462511063 0.419397622346878 0.442786991596222 0.45810729265213 0.451112389564514 0.441690593957901 0.436076611280441 0.437294274568558 0.450320690870285 0.449980318546295 0.441218078136444 0.405369132757187 0.378186851739883 0.36242488026619 0.343431413173676 0.349374890327454 0.364343553781509 0.38794133067131 0.418672412633896 0.436522901058197 0.461913585662842 0.45805960893631 0.433624774217606 0.427277565002441 0.440815836191177 0.446359366178513 0.452002942562103 -3.4e+38 -3.4e+38 -3.4e+38 -3.4e+38 -3.4e+38 -3.4e+38 -3.4e+38 -3.4e+38 -3.4e+38 -3.4e+38 -3.4e+38 -3.4e+38 -3.4e+38
0.423912346363068 0.433635652065277 0.441802650690079 0.446971565485001 0.439585119485855 0.433839857578278 0.440617710351944 0.452422320842743 0.453995496034622 0.447018086910248 0.439576834440231 0.428746461868286 0.428784847259521 0.448893487453461 0.46057915687561 0.45931202173233 0.437182247638702 0.413351029157639 0.390686511993408 0.369160592556 0.353476762771606 0.356267273426056 0.380435556173325 0.41752964258194 0.446214437484741 0.456420928239822 0.441401690244675 0.422499507665634 0.430400162935257 0.443903237581253 0.457002550363541 0.45698943734169 -3.4e+38 -3.4e+38 -3.4e+38 -3.4e+38 -3.4e+38 -3.4e+38 -3.4e+38 -3.4e+38 -3.4e+38 -3.4e+38 -3.4e+38 -3.4e+38 -3.4e+38
0.420883148908615 0.419046401977539 0.423194140195847 0.434784263372421 0.443346709012985 0.445025146007538 0.449703514575958 0.451969742774963 0.450043380260468 0.449012845754623 0.463925659656525 0.475149929523468 0.488974213600159 0.499097853899002 0.491279393434525 0.472775816917419 0.457358032464981 0.434964448213577 0.401305913925171 0.364050894975662 0.341253578662872 0.35189101099968 0.378647297620773 0.414794772863388 0.446022152900696 0.461546540260315 0.453178614377975 0.43995127081871 0.449952751398087 0.461577832698822 0.465636014938354 0.463827818632126 0.446006745100021 -3.4e+38 -3.4e+38 -3.4e+38 -3.4e+38 -3.4e+38 -3.4e+38 -3.4e+38 -3.4e+38 -3.4e+38 -3.4e+38 -3.4e+38 -3.4e+38
0.423888474702835 0.404226273298264 0.392690569162369 0.402054399251938 0.426448732614517 0.44327050447464 0.448998749256134 0.444876551628113 0.451008409261703 0.464888453483582 0.497189581394196 0.531669139862061 0.544896364212036 0.531947791576385 0.501269817352295 0.461689352989197 0.433081865310669 0.401694923639297 0.357313364744186 0.323723971843719 0.321922183036804 0.346192508935928 0.370989948511124 0.404447138309479 0.441165566444397 0.480670720338821 0.496176719665527 0.487150490283966 0.482840746641159 0.479982405900955 0.471987336874008 0.474282056093216 0.464406400918961 -3.4e+38 -3.4e+38 -3.4e+38 -3.4e+38 -3.4e+38 -3.4e+38 -3.4e+38 -3.4e+38 -3.4e+38 -3.4e+38 -3.4e+38 -3.4e+38
0.451790124177933 0.437476754188538 0.428512811660767 0.43751522898674 0.449852526187897 0.452197641134262 0.44951719045639 0.44417330622673 0.436532944440842 0.434996128082275 0.463879436254501 0.508916020393372 0.518939971923828 0.499344527721405 0.463152289390564 0.409956365823746 0.372548401355743 0.340056240558624 0.308743864297867 0.297052562236786 0.303952842950821 0.324913740158081 0.345124274492264 0.380805879831314 0.434688597917557 0.485853403806686 0.514405906200409 0.514561057090759 0.507171213626862 0.493804216384888 0.485063165426254 0.483246207237244 0.466266870498657 -3.4e+38 -3.4e+38 -3.4e+38 -3.4e+38 -3.4e+38 -3.4e+38 -3.4e+38 -3.4e+38 -3.4e+38 -3.4e+38 -3.4e+38 -3.4e+38
0.496031880378723 0.485927492380142 0.47819110751152 0.48418390750885 0.480409383773804 0.45715606212616 0.420966446399689 0.399951279163361 0.375626087188721 0.355486124753952 0.380106329917908 0.419734627008438 0.433665573596954 0.417936056852341 0.383845299482346 0.348683029413223 0.326412618160248 0.316350072622299 0.294824182987213 0.291346162557602 0.303215503692627 0.314976304769516 0.327145397663116 0.359810709953308 0.420325666666031 0.481222599744797 0.510145008563995 0.517763674259186 0.507003307342529 0.494719296693802 0.494585156440735 0.484113901853561 0.458840370178223 -3.4e+38 -3.4e+38 -3.4e+38 -3.4e+38 -3.4e+38 -3.4e+38 -3.4e+38 -3.4e+38 -3.4e+38 -3.4e+38 -3.4e+38 -3.4e+38
0.485319018363953 0.475811153650284 0.457448989152908 0.443610668182373 0.426598429679871 0.394383490085602 0.360477268695831 0.340939074754715 0.332418948411942 0.321096271276474 0.337523192167282 0.352151066064835 0.361725032329559 0.35915532708168 0.344259947538376 0.330513894557953 0.317934155464172 0.311729788780212 0.291671276092529 0.293523967266083 0.316240131855011 0.3249531686306 0.327160716056824 0.350049793720245 0.399180501699448 0.452821731567383 0.484443545341492 0.49326953291893 0.486038684844971 0.482831060886383 0.481263220310211 0.459443241357803 0.426925420761108 0.407200187444687 -3.4e+38 -3.4e+38 -3.4e+38 -3.4e+38 -3.4e+38 -3.4e+38 -3.4e+38 -3.4e+38 -3.4e+38 -3.4e+38 -3.4e+38
0.423360735177994 0.414553433656693 0.411120295524597 0.379053771495819 0.346395641565323 0.329460114240646 0.327885687351227 0.336623430252075 0.341247230768204 0.338844776153564 0.348249226808548 0.349720269441605 0.360514968633652 0.366762727499008 0.358715444803238 0.346155166625977 0.33463591337204 0.328536182641983 0.314142644405365 0.3113032579422 0.325706779956818 0.336618006229401 0.330476880073547 0.343856662511826 0.379960566759109 0.430231899023056 0.463215708732605 0.469570100307465 0.468258053064346 0.468280851840973 0.455311477184296 0.427491426467896 0.3973688185215 0.3858303129673 -3.4e+38 -3.4e+38 -3.4e+38 -3.4e+38 -3.4e+38 -3.4e+38 -3.4e+38 -3.4e+38 -3.4e+38 -3.4e+38 -3.4e+38
0.437581866979599 0.404815435409546 0.369324445724487 0.342289417982101 0.331222653388977 0.332288444042206 0.343467861413956 0.351416826248169 0.348668068647385 0.354385644197464 0.361709475517273 0.363019615411758 0.378425180912018 0.376867949962616 0.364543676376343 0.356045722961426 0.355579286813736 0.354601442813873 0.336360275745392 0.325434625148773 0.32826042175293 0.341314166784286 0.345330357551575 0.352637439966202 0.385725349187851 0.434815973043442 0.461432814598083 0.463629871606827 0.461722761392593 0.443954139947891 0.420115202665329 0.402391731739044 0.387609302997589 0.382774204015732 -3.4e+38 -3.4e+38 -3.4e+38 -3.4e+38 -3.4e+38 -3.4e+38 -3.4e+38 -3.4e+38 -3.4e+38 -3.4e+38 -3.4e+38
0.448841392993927 0.41113069653511 0.368110775947571 0.355629950761795 0.350084275007248 0.352827578783035 0.357174336910248 0.349309027194977 0.334566950798035 0.339251220226288 0.337207913398743 0.340562582015991 0.355281800031662 0.358766466379166 0.353872150182724 0.348208278417587 0.351566702127457 0.357116878032684 0.342713356018066 0.333144187927246 0.334321767091751 0.349756300449371 0.36032971739769 0.36509570479393 0.394747108221054 0.439392596483231 0.458974570035934 0.458414763212204 0.450937777757645 0.420720010995865 0.392800629138947 0.381916642189026 0.376696139574051 0.375154763460159 -3.4e+38 -3.4e+38 -3.4e+38 -3.4e+38 -3.4e+38 -3.4e+38 -3.4e+38 -3.4e+38 -3.4e+38 -3.4e+38 -3.4e+38
0.447152435779572 0.425663650035858 0.385141432285309 0.352596580982208 0.350451350212097 0.37564691901207 0.368264943361282 0.340212970972061 0.312513411045074 0.316980630159378 0.31251922249794 0.317969650030136 0.324336230754852 0.321188747882843 0.322852343320847 0.319107472896576 0.330802381038666 0.343762040138245 0.337795436382294 0.32681006193161 0.345030725002289 0.359681755304337 0.361446171998978 0.372785001993179 0.388009548187256 0.418175101280212 0.437027603387833 0.442989349365234 0.431414544582367 0.408254414796829 0.372368484735489 0.355195850133896 0.367080599069595 0.3774533867836 0.374426484107971 -3.4e+38 -3.4e+38 -3.4e+38 -3.4e+38 -3.4e+38 -3.4e+38 -3.4e+38 -3.4e+38 -3.4e+38 -3.4e+38
0.430727571249008 0.430751293897629 0.409294724464417 0.390236169099808 0.377619057893753 0.376466661691666 0.365307360887527 0.338767528533936 0.31459966301918 0.304214358329773 0.289139598608017 0.290457844734192 0.29104545712471 0.287685811519623 0.289208322763443 0.286621749401093 0.299437403678894 0.311703890562057 0.312103778123856 0.318260431289673 0.353499472141266 0.363787651062012 0.360458046197891 0.379267603158951 0.38267382979393 0.389666318893433 0.409993052482605 0.42512971162796 0.409921884536743 0.397281408309937 0.368232637643814 0.338521182537079 0.354790508747101 0.370399206876755 0.370465993881226 -3.4e+38 -3.4e+38 -3.4e+38 -3.4e+38 -3.4e+38 -3.4e+38 -3.4e+38 -3.4e+38 -3.4e+38 -3.4e+38
0.443978101015091 0.466741025447845 0.444437235593796 0.437050819396973 0.410270780324936 0.368908733129501 0.36371698975563 0.351255089044571 0.336510062217712 0.302058279514313 0.269616901874542 0.267615735530853 0.270902037620544 0.281933516263962 0.282128036022186 0.267333984375 0.264106631278992 0.269877761602402 0.286701738834381 0.311105906963348 0.347504615783691 0.363788366317749 0.373381346464157 0.395759969949722 0.384601473808289 0.373840242624283 0.395593613386154 0.412655979394913 0.407075345516205 0.393030732870102 0.358578324317932 0.336445212364197 0.344891726970673 0.353629022836685 0.363429337739944 0.370357364416122 -3.4e+38 -3.4e+38 -3.4e+38 -3.4e+38 -3.4e+38 -3.4e+38 -3.4e+38 -3.4e+38 -3.4e+38
