data/trimmed_ndre/J_ndre.75.2011_no_clouds.asc
NCOLS 141 
NROWS 118 
XLLCORNER 516845 
YLLCORNER 5169015 
CELLSIZE 5 
NODATA_value -3.4e+38 
[rows 60 to 79 of 118, columns 45 to 89 of 141]
0.161649599671364 0.19654406607151 0.176960587501526 0.158232495188713 0.150640055537224 0.147940993309021 0.142823278903961 0.141540393233299 0.155678063631058 0.141469731926918 0.127268806099892 0.136780276894569 0.138322055339813 0.160480216145515 0.173066943883896 0.159443587064743 0.149086132645607 0.154660165309906 0.153918117284775 0.177309617400169 0.191889643669128 0.162687093019485 0.145633026957512 0.152748093008995 0.168557450175285 0.171097159385681 0.156220734119415 0.167163118720055 0.175601795315742 0.165708154439926 0.149904742836952 0.134400174021721 0.143751665949821 0.162116065621376 0.157899856567383 0.157655894756317 0.151752889156342 0.142181649804115 0.144381836056709 0.135168418288231 0.150657907128334 0.173048824071884 0.170619025826454 0.16764472424984 0.160778656601906
0.1639014929533 0.168609544634819 0.169122695922852 0.159238278865814 0.139827579259872 0.134722501039505 0.1368398219347 0.137914806604385 0.149485781788826 0.148851290345192 0.131377130746841 0.131561413407326 0.142054229974747 0.157546773552895 0.165969803929329 0.167595729231834 0.150202825665474 0.144759714603424 0.153653562068939 0.157131463289261 0.175231635570526 0.17447030544281 0.155589565634727 0.152876853942871 0.190648481249809 0.187397450208664 0.14728781580925 0.154132232069969 0.162370800971985 0.161376014351845 0.159617871046066 0.152140334248543 0.14804981648922 0.14448456466198 0.143575623631477 0.157681062817574 0.159773245453835 0.157719075679779 0.161795318126678 0.150543987751007 0.153287470340729 0.161169022321701 0.162746369838715 0.169043302536011 0.161258980631828
0.16105093061924 0.145275473594666 0.170155376195908 0.174830749630928 0.149801030755043 0.147105440497398 0.153077319264412 0.142252802848816 0.135458767414093 0.14498533308506 0.139623865485191 0.139051645994186 0.149796530604362 0.151550635695457 0.154041260480881 0.156903713941574 0.149574086070061 0.13393959403038 0.129192695021629 0.127959281206131 0.150428622961044 0.174294009804726 0.16208516061306 0.147879093885422 0.173945069313049 0.176251158118248 0.146990641951561 0.152586907148361 0.16566413640976 0.164702504873276 0.150721698999405 0.151401236653328 0.156304612755775 0.131164744496346 0.128636002540588 0.149028822779655 0.159614637494087 0.164678022265434 0.158655673265457 0.147845298051834 0.150981873273849 0.14807491004467 0.155612230300903 0.164374485611916 0.155041515827179
0.157875165343285 0.144796416163445 0.170041158795357 0.195502400398254 0.175129264593124 0.157438263297081 0.159340783953667 0.146585091948509 0.131648257374763 0.137255236506462 0.155618265271187 0.163062453269958 0.154593884944916 0.140637010335922 0.144479215145111 0.147285118699074 0.149112775921822 0.146622449159622 0.152430146932602 0.159499034285545 0.161370560526848 0.172893166542053 0.165223255753517 0.1538155823946 0.15262146294117 0.150108754634857 0.149850055575371 0.149528786540031 0.148430526256561 0.157147541642189 0.137043848633766 0.130474179983139 0.164338305592537 0.154724195599556 0.139524102210999 0.156120032072067 0.156504034996033 0.154266715049744 0.157166734337807 0.155504569411278 0.152466371655464 0.140988782048225 0.148303836584091 0.152522876858711 0.148068517446518
0.161430388689041 0.15228359401226 0.16057825088501 0.175317123532295 0.171278178691864 0.154244959354401 0.154876247048378 0.150357380509377 0.14074832201004 0.14784237742424 0.174413546919823 0.180473506450653 0.151380985975266 0.13431616127491 0.146877899765968 0.146610721945763 0.145969420671463 0.148621305823326 0.158066764473915 0.178373083472252 0.170946300029755 0.165702164173126 0.153763025999069 0.14766089618206 0.149672314524651 0.149438813328743 0.154243007302284 0.14531934261322 0.128794178366661 0.155613392591476 0.181375756859779 0.159751445055008 0.15158674120903 0.151481404900551 0.154296711087227 0.15869714319706 0.157604172825813 0.141291230916977 0.133538722991943 0.147353202104568 0.140368446707726 0.136853903532028 0.151510134339333 0.150140836834908 0.148014485836029
0.160500094294548 0.152982801198959 0.157500818371773 0.159578233957291 0.164095997810364 0.158878535032272 0.155021756887436 0.147672474384308 0.147925734519958 0.162778407335281 0.169548705220222 0.151896998286247 0.138166636228561 0.138614535331726 0.147658184170723 0.160723432898521 0.171291321516037 0.164057001471519 0.152895152568817 0.160966381430626 0.159569770097733 0.160799443721771 0.162393376231194 0.151878014206886 0.14531497657299 0.149554044008255 0.157571360468864 0.161003082990646 0.15991522371769 0.158133059740067 0.151579916477203 0.138880118727684 0.127881526947021 0.137335851788521 0.160474643111229 0.152468413114548 0.135941296815872 0.13599881529808 0.142943158745766 0.141665816307068 0.120090432465076 0.132217466831207 0.150457724928856 0.154179453849792 0.165628433227539
0.146173283457756 0.155701547861099 0.164072662591934 0.159659713506699 0.170752093195915 0.181075543165207 0.175117000937462 0.150567904114723 0.135531812906265 0.146574199199677 0.150035858154297 0.127276375889778 0.136696353554726 0.148039430379868 0.148453190922737 0.150963246822357 0.16613994538784 0.174023613333702 0.15634498000145 0.151501387357712 0.155278116464615 0.159937545657158 0.154742449522018 0.154075890779495 0.163120701909065 0.171649605035782 0.17515504360199 0.152830019593239 0.139580443501472 0.140619933605194 0.130885437130928 0.133131980895996 0.146290525794029 0.142289966344833 0.142897561192513 0.146616145968437 0.142265602946281 0.142484471201897 0.155257105827332 0.135693833231926 0.113360576331615 0.131649926304817 0.141313448548317 0.156950667500496 0.179451137781143
0.150587841868401 0.154868826270103 0.160684511065483 0.162493124604225 0.162944748997688 0.174804821610451 0.170167818665504 0.151634365320206 0.130983978509903 0.144857913255692 0.152144804596901 0.140933603048325 0.156294122338295 0.173148781061172 0.16145995259285 0.138392016291618 0.141088142991066 0.166446343064308 0.16872176527977 0.17088471353054 0.16645835340023 0.156839698553085 0.147377654910088 0.153738483786583 0.1695317029953 0.165898516774178 0.158361256122589 0.133712574839592 0.12230522185564 0.136834412813187 0.14902800321579 0.152134612202644 0.156669899821281 0.154850617051125 0.135683074593544 0.138540670275688 0.149045556783676 0.144424006342888 0.140966713428497 0.127453446388245 0.119876332581043 0.132619202136993 0.142618760466576 0.15814970433712 0.172853901982307
0.147028297185898 0.139454126358032 0.154193714261055 0.175439924001694 0.155217915773392 0.145375609397888 0.148507416248322 0.159995153546333 0.157693013548851 0.168744593858719 0.158461704850197 0.145880833268166 0.161777436733246 0.170163810253143 0.155962705612183 0.144580438733101 0.137042328715324 0.150365352630615 0.160381436347961 0.161584794521332 0.165549948811531 0.165294125676155 0.16120083630085 0.149552598595619 0.155932426452637 0.151664361357689 0.140051051974297 0.143662557005882 0.1457609385252 0.138230517506599 0.1328504383564 0.13415838778019 0.139381393790245 0.146552070975304 0.143179923295975 0.136024162173271 0.13305002450943 0.140992432832718 0.136171996593475 0.136832877993584 0.136196255683899 0.135052636265755 0.150991007685661 0.152351275086403 0.15790918469429
0.139180183410645 0.142176419496536 0.157316386699677 0.160892963409424 0.137402325868607 0.135288879275322 0.144869595766068 0.154508292675018 0.157215923070908 0.162020176649094 0.143629029393196 0.137886270880699 0.155971869826317 0.152044042944908 0.134936422109604 0.137317851185799 0.147179543972015 0.157788634300232 0.155387625098228 0.159400507807732 0.178693816065788 0.174542292952538 0.168767675757408 0.156882181763649 0.154717355966568 0.151741310954094 0.148179173469543 0.158560812473297 0.170688092708588 0.156653195619583 0.13483102619648 0.13653452694416 0.144135266542435 0.14268659055233 0.150861576199532 0.158581718802452 0.144126385450363 0.127408266067505 0.138098046183586 0.161728367209435 0.153137475252151 0.144895642995834 0.151146113872528 0.142407417297363 0.14240063726902
0.152706772089005 0.16770002245903 0.152325242757797 0.148075297474861 0.14148274064064 0.152130097150803 0.168820768594742 0.16576960682869 0.155256494879723 0.156842991709709 0.141362547874451 0.144828349351883 0.167543962597847 0.173323273658752 0.158857151865959 0.151278048753738 0.1525958776474 0.145815685391426 0.150244101881981 0.179356634616852 0.183709904551506 0.150925844907761 0.156624734401703 0.159051597118378 0.137348800897598 0.145906075835228 0.156383574008942 0.146288827061653 0.139242485165596 0.126012340188026 0.128138452768326 0.148055955767632 0.16513703763485 0.148352727293968 0.136834442615509 0.149709656834602 0.136755436658859 0.137348666787148 0.155204012989998 0.161960318684578 0.155538827180862 0.158487439155579 0.152991279959679 0.142855957150459 0.14880645275116
0.156165570020676 0.168709754943848 0.146372064948082 0.154334843158722 0.1584352850914 0.15060019493103 0.155864164233208 0.163428351283073 0.156943410634995 0.159662663936615 0.152254119515419 0.146211832761765 0.14406655728817 0.150218278169632 0.161389052867889 0.157001122832298 0.139683321118355 0.123557083308697 0.133718624711037 0.15983746945858 0.155681699514389 0.13671550154686 0.151428550481796 0.155977174639702 0.120367467403412 0.124259568750858 0.154925033450127 0.162437155842781 0.14672663807869 0.125259816646576 0.126750722527504 0.146275490522385 0.165082603693008 0.146496415138245 0.12964840233326 0.142302736639977 0.14090970158577 0.151402488350868 0.153071150183678 0.136856213212013 0.144992604851723 0.146642163395882 0.149169281125069 0.155502468347549 0.156840533018112
0.145972326397896 0.148152023553848 0.137660399079323 0.128450766205788 0.143673807382584 0.145981326699257 0.143968105316162 0.150294542312622 0.14420260488987 0.140928074717522 0.133294984698296 0.137107849121094 0.123762853443623 0.134634241461754 0.161040216684341 0.140320926904678 0.127689376473427 0.127168476581573 0.143172442913055 0.147502809762955 0.138905316591263 0.144157111644745 0.138532117009163 0.153762891888618 0.154224947094917 0.137736648321152 0.138028562068939 0.15336386859417 0.15877228975296 0.14563512802124 0.117758423089981 0.120158471167088 0.14360299706459 0.141171485185623 0.134163454174995 0.140808179974556 0.142266735434532 0.148824721574783 0.158841758966446 0.131871655583382 0.125031426548958 0.148867189884186 0.146518677473068 0.156256943941116 0.165646746754646
0.136806473135948 0.146472334861755 0.148432120680809 0.13922406733036 0.134853526949883 0.143272995948792 0.14908766746521 0.146866634488106 0.147353634238243 0.130839183926582 0.118566706776619 0.134262949228287 0.14343923330307 0.156550407409668 0.168261095881462 0.132347941398621 0.121067829430103 0.134995192289352 0.141896203160286 0.144323632121086 0.148156136274338 0.147096633911133 0.132650390267372 0.137706503272057 0.153171524405479 0.145507946610451 0.128897115588188 0.123204439878464 0.141516551375389 0.155846327543259 0.129876688122749 0.11542309820652 0.139219090342522 0.149364650249481 0.144158706068993 0.128604829311371 0.122790791094303 0.135495275259018 0.150381460785866 0.129541754722595 0.128722503781319 0.160296306014061 0.133819743990898 0.141400754451752 0.169808447360992
0.121584236621857 0.124708697199821 0.142651110887527 0.151585355401039 0.136896282434464 0.143834069371223 0.142106622457504 0.127142146229744 0.132042676210403 0.136719852685928 0.132376879453659 0.13963808119297 0.145057752728462 0.156446397304535 0.157496392726898 0.133223176002502 0.133073702454567 0.139318451285362 0.132846847176552 0.14666835963726 0.159984707832336 0.153215974569321 0.133861109614372 0.131661430001259 0.136821612715721 0.146028235554695 0.142916455864906 0.138555362820625 0.148564726114273 0.156803861260414 0.137385070323944 0.123712331056595 0.140909135341644 0.156516328454018 0.15624338388443 0.118182480335236 0.112638048827648 0.135010093450546 0.132412999868393 0.137337133288383 0.147358685731888 0.145839884877205 0.135118365287781 0.122637361288071 0.125276550650597
0.131331413984299 0.140484422445297 0.148183375597 0.145357847213745 0.129372745752335 0.135287195444107 0.140062585473061 0.134481877088547 0.131240844726562 0.12997579574585 0.137287810444832 0.136378705501556 0.128640487790108 0.146093711256981 0.152910083532333 0.141643613576889 0.143912255764008 0.139069736003876 0.137014910578728 0.149994537234306 0.144017145037651 0.140387266874313 0.145932793617249 0.151725128293037 0.128800705075264 0.12659527361393 0.135066494345665 0.134391382336617 0.139991015195847 0.154906377196312 0.155834943056107 0.145954266190529 0.147470936179161 0.144839704036713 0.142254427075386 0.136336624622345 0.15295298397541 0.175734579563141 0.149425476789474 0.152608349919319 0.152730464935303 0.141043201088905 0.146666958928108 0.134051859378815 0.130756124854088
0.137912482023239 0.157228499650955 0.165060684084892 0.147602334618568 0.138174057006836 0.153978571295738 0.147692710161209 0.140241324901581 0.138190224766731 0.125637993216515 0.130275547504425 0.140260279178619 0.135005593299866 0.142271846532822 0.142052993178368 0.1437017172575 0.146712511777878 0.146732166409492 0.141777157783508 0.139972433447838 0.137713342905045 0.134490579366684 0.145757675170898 0.163722395896912 0.141317546367645 0.136184006929398 0.139656215906143 0.149877145886421 0.171460255980492 0.212207183241844 0.231921747326851 0.224518433213234 0.216993972659111 0.20855325460434 0.212473154067993 0.243036299943924 0.255217730998993 0.272822350263596 0.260720312595367 0.233970463275909 0.214878275990486 0.183188676834106 0.17665608227253 0.194776892662048 0.196411520242691
0.126773685216904 0.124076493084431 0.151180475950241 0.158017665147781 0.148245230317116 0.155361384153366 0.147271692752838 0.135840341448784 0.136064797639847 0.136747598648071 0.132562294602394 0.142137467861176 0.142755955457687 0.143684148788452 0.139319270849228 0.144440859556198 0.150634795427322 0.153251439332962 0.135840743780136 0.135300636291504 0.158395946025848 0.140223950147629 0.126487359404564 0.148043587803841 0.162979662418365 0.170359954237938 0.17144775390625 0.211273550987244 0.260042160749435 0.317028641700745 0.34034788608551 0.325088739395142 0.316636383533478 0.321212947368622 0.342487871646881 0.368579715490341 0.354830533266068 0.363242626190186 0.376081317663193 0.344734251499176 0.308739364147186 0.254878103733063 0.229902222752571 0.236582726240158 0.246004581451416
0.155561149120331 0.146963253617287 0.1348916888237 0.145833313465118 0.141043096780777 0.13839653134346 0.150521248579025 0.154452174901962 0.118194676935673 0.106738321483135 0.132113397121429 0.157788023352623 0.148958072066307 0.138417840003967 0.135711267590523 0.146141558885574 0.148205056786537 0.146470338106155 0.154936999082565 0.182879015803337 0.209689363837242 0.193187355995178 0.189216479659081 0.203412115573883 0.223767027258873 0.232604891061783 0.238717272877693 0.285464584827423 0.327665388584137 0.360824972391129 0.377279937267303 0.374626159667969 0.380282580852509 0.399317294359207 0.406522691249847 0.416547656059265 0.416335433721542 0.41120970249176 0.415262907743454 0.387574553489685 0.351345658302307 0.3101626932621 0.274104863405228 0.265713810920715 0.269058555364609
0.148581236600876 0.140506654977798 0.126824244856834 0.135112628340721 0.13587786257267 0.129641473293304 0.134449854493141 0.14968304336071 0.129679307341576 0.113724410533905 0.140331074595451 0.162251964211464 0.14771580696106 0.143034934997559 0.149375587701797 0.154774621129036 0.160665929317474 0.187934815883636 0.247541218996048 0.290544778108597 0.316583216190338 0.331418067216873 0.336094170808792 0.331104099750519 0.328862309455872 0.326417803764343 0.338703185319901 0.36241090297699 0.356454879045486 0.344482183456421 0.347525507211685 0.372604697942734 0.40677198767662 0.434497177600861 0.433093756437302 0.433515936136246 0.435269415378571 0.406265467405319 0.400252610445023 0.392851144075394 0.361594647169113 0.30201318860054 0.256203055381775 0.240029573440552 0.242222040891647
