data/trimmed_ndre/Od_ndre.715.2011_no_clouds.asc
NCOLS 144 
NROWS 65 
XLLCORNER 512965 
YLLCORNER 5150865 
CELLSIZE 5 
NODATA_value -3.4e+38 
[rows 42 to 62 of 65, columns 0 to 46 of 144]
-3.4e+38 -3.4e+38 -3.4e+38 -3.4e+38 -3.4e+38 -3.4e+38 -3.4e+38 -3.4e+38 -3.4e+38 -3.4e+38 -3.4e+38 -3.4e+38 -3.4e+38 -3.4e+38 -3.4e+38 -3.4e+38 -3.4e+38 -3.4e+38 -3.4e+38 -3.4e+38 -3.4e+38 0.500064730644226 0.489161223173141 0.497717142105103 0.491293728351593 0.48311322927475 0.489898473024368 0.47831654548645 0.460461378097534 0.439306765794754 0.421413451433182 0.389913439750671 0.373955696821213 0.387660354375839 0.459096878767014 0.544394969940186 0.599385976791382 0.621870696544647 0.631218075752258 0.607127606868744 0.578600466251373 0.59324038028717 0.615236818790436 0.607372999191284 0.582659006118774 0.583013653755188 0.580840110778809
-3.4e+38 -3.4e+38 -3.4e+38 -3.4e+38 -3.4e+38 -3.4e+38 -3.4e+38 -3.4e+38 -3.4e+38 -3.4e+38 -3.4e+38 -3.4e+38 -3.4e+38 -3.4e+38 -3.4e+38 -3.4e+38 -3.4e+38 -3.4e+38 -3.4e+38 0.483816504478455 0.482675552368164 0.480018764734268 0.470407277345657 0.487843811511993 0.505354762077332 0.48827651143074 0.463293492794037 0.445058792829514 0.423986941576004 0.422239005565643 0.423735052347183 0.393296450376511 0.374180316925049 0.417194604873657 0.490471184253693 0.56116396188736 0.596472203731537 0.597390949726105 0.588108897209167 0.571169674396515 0.550718784332275 0.552660286426544 0.568531453609467 0.570477306842804 0.550573945045471 0.546600461006165 0.563279509544373
-3.4e+38 -3.4e+38 -3.4e+38 -3.4e+38 -3.4e+38 -3.4e+38 -3.4e+38 -3.4e+38 -3.4e+38 -3.4e+38 -3.4e+38 -3.4e+38 -3.4e+38 -3.4e+38 -3.4e+38 -3.4e+38 -3.4e+38 -3.4e+38 0.471946507692337 0.473560124635696 0.456642687320709 0.465700447559357 0.484148740768433 0.487754642963409 0.477360486984253 0.454643160104752 0.432291388511658 0.44330957531929 0.424834012985229 0.404118448495865 0.406154990196228 0.401876866817474 0.409192323684692 0.446182698011398 0.499426454305649 0.531173467636108 0.542851209640503 0.520624816417694 0.50569361448288 0.509760737419128 0.500658512115479 0.479300796985626 0.484564274549484 0.521737933158875 0.523528933525085 0.513562262058258 0.523858368396759
-3.4e+38 -3.4e+38 -3.4e+38 -3.4e+38 -3.4e+38 -3.4e+38 -3.4e+38 -3.4e+38 -3.4e+38 -3.4e+38 -3.4e+38 -3.4e+38 -3.4e+38 -3.4e+38 -3.4e+38 -3.4e+38 -3.4e+38 0.465833723545074 0.463119506835938 0.461586445569992 0.431391894817352 0.414680004119873 0.437845051288605 0.445859163999557 0.425517529249191 0.424623310565948 0.433248341083527 0.430307418107986 0.42510798573494 0.416898190975189 0.41138368844986 0.414161086082458 0.442846387624741 0.493754744529724 0.509775102138519 0.480158001184464 0.452746093273163 0.445148020982742 0.440203845500946 0.432669907808304 0.446885526180267 0.444237351417542 0.455083221197128 0.50292432308197 0.503394663333893 0.501595675945282 0.516459047794342
-3.4e+38 -3.4e+38 -3.4e+38 -3.4e+38 -3.4e+38 -3.4e+38 -3.4e+38 -3.4e+38 -3.4e+38 -3.4e+38 -3.4e+38 -3.4e+38 -3.4e+38 -3.4e+38 -3.4e+38 -3.4e+38 0.416602313518524 0.443760901689529 0.438662767410278 0.421531617641449 0.42131581902504 0.390620142221451 0.401052296161652 0.435282766819 0.435493528842926 0.440985530614853 0.472324997186661 0.480581104755402 0.459355562925339 0.448893755674362 0.448155105113983 0.445939034223557 0.452223718166351 0.462584048509598 0.457627534866333 0.424198925495148 0.394689470529556 0.399173051118851 0.416803568601608 0.434473663568497 0.48080387711525 0.490319281816483 0.501260280609131 0.523711979389191 0.520152628421783 0.543472230434418 0.542343199253082
-3.4e+38 -3.4e+38 -3.4e+38 -3.4e+38 -3.4e+38 -3.4e+38 -3.4e+38 -3.4e+38 -3.4e+38 -3.4e+38 -3.4e+38 -3.4e+38 -3.4e+38 -3.4e+38 -3.4e+38 0.411050409078598 0.418936789035797 0.430842578411102 0.420756936073303 0.394479542970657 0.407814383506775 0.407996833324432 0.427100092172623 0.475033819675446 0.515983283519745 0.533796548843384 0.544041037559509 0.531367301940918 0.482519954442978 0.440621852874756 0.435586363077164 0.449823498725891 0.438963860273361 0.407643854618073 0.40417405962944 0.417005121707916 0.419630825519562 0.412928253412247 0.46735405921936 0.523068308830261 0.543186962604523 0.52832293510437 0.539482355117798 0.560514867305756 0.570798218250275 0.589022517204285 0.565773904323578
-3.4e+38 -3.4e+38 -3.4e+38 -3.4e+38 -3.4e+38 -3.4e+38 -3.4e+38 -3.4e+38 -3.4e+38 -3.4e+38 -3.4e+38 -3.4e+38 -3.4e+38 -3.4e+38 0.416107684373856 0.405923128128052 0.388042658567429 0.388885080814362 0.411896973848343 0.414441972970963 0.413676381111145 0.44125434756279 0.463539659976959 0.504153966903687 0.562292158603668 0.588109850883484 0.561454236507416 0.532556116580963 0.506273806095123 0.474530547857285 0.452107936143875 0.440879255533218 0.439324796199799 0.4285649061203 0.433236956596375 0.427495002746582 0.450174808502197 0.489459246397018 0.538539052009583 0.572434663772583 0.569680392742157 0.564976155757904 0.579301178455353 0.594321072101593 0.597102344036102 0.598324418067932 0.597481429576874
-3.4e+38 -3.4e+38 -3.4e+38 -3.4e+38 -3.4e+38 -3.4e+38 -3.4e+38 -3.4e+38 -3.4e+38 -3.4e+38 -3.4e+38 -3.4e+38 -3.4e+38 0.387226343154907 0.375096797943115 0.382942974567413 0.40251287817955 0.425203859806061 0.455573320388794 0.477327466011047 0.464962661266327 0.473256558179855 0.519911766052246 0.542353391647339 0.56204617023468 0.570374488830566 0.554165124893188 0.543576419353485 0.521625697612762 0.490967035293579 0.463974475860596 0.436390221118927 0.434650510549545 0.457187622785568 0.482986867427826 0.497961044311523 0.525113999843597 0.56445050239563 0.570118427276611 0.587160706520081 0.611074447631836 0.616864621639252 0.610977470874786 0.612914144992828 0.604351043701172 0.606768429279327 0.629075527191162
-3.4e+38 -3.4e+38 -3.4e+38 -3.4e+38 -3.4e+38 -3.4e+38 -3.4e+38 -3.4e+38 -3.4e+38 -3.4e+38 -3.4e+38 -3.4e+38 0.390347629785538 0.390293687582016 0.41148054599762 0.456834137439728 0.471586048603058 0.496054589748383 0.503558576107025 0.500694453716278 0.521185994148254 0.530736207962036 0.54375809431076 0.550502181053162 0.5649054646492 0.548048377037048 0.526116132736206 0.531450510025024 0.519863724708557 0.49211785197258 0.474561542272568 0.470422059297562 0.487101316452026 0.530681073665619 0.567109405994415 0.590878844261169 0.590118944644928 0.598377168178558 0.614868521690369 0.61741703748703 0.621977090835571 0.625755369663239 0.622015535831451 0.63046658039093 0.628922820091248 0.624581336975098 0.62803065776825
-3.4e+38 -3.4e+38 -3.4e+38 -3.4e+38 -3.4e+38 -3.4e+38 -3.4e+38 -3.4e+38 -3.4e+38 -3.4e+38 -3.4e+38 0.404934763908386 0.414835095405579 0.436988115310669 0.473422080278397 0.511553704738617 0.492071241140366 0.514961719512939 0.521879553794861 0.500010669231415 0.519546508789062 0.532629370689392 0.507888793945312 0.49817955493927 0.529373705387115 0.527189612388611 0.520670711994171 0.534246504306793 0.535351514816284 0.519549548625946 0.512619256973267 0.533576905727386 0.555275797843933 0.591417789459229 0.614313542842865 0.619441509246826 0.612446427345276 0.611512362957001 0.616991817951202 0.610519051551819 0.59187388420105 0.596262395381927 0.62363213300705 0.639737129211426 0.621954381465912 0.608832836151123 0.602105498313904
-3.4e+38 -3.4e+38 -3.4e+38 -3.4e+38 -3.4e+38 -3.4e+38 -3.4e+38 -3.4e+38 -3.4e+38 -3.4e+38 0.408740431070328 0.418579488992691 0.42404243350029 0.449501603841782 0.464883506298065 0.470532387495041 0.48234561085701 0.5040203332901 0.492968499660492 0.46111387014389 0.466366559267044 0.50210303068161 0.496981918811798 0.486209154129028 0.520551204681396 0.554995536804199 0.56293511390686 0.560232996940613 0.563965201377869 0.567147076129913 0.575246453285217 0.583513379096985 0.591659426689148 0.606821894645691 0.617834389209747 0.626760542392731 0.626649081707001 0.607588469982147 0.593496978282928 0.594860255718231 0.597130596637726 0.598272323608398 0.618660449981689 0.611100792884827 0.579134285449982 0.587264657020569 0.596081554889679
-3.4e+38 -3.4e+38 -3.4e+38 -3.4e+38 -3.4e+38 -3.4e+38 -3.4e+38 -3.4e+38 -3.4e+38 0.386244565248489 0.422334462404251 0.423711359500885 0.405720621347427 0.422140568494797 0.454480975866318 0.452356815338135 0.452388912439346 0.472440212965012 0.482789427042007 0.463346540927887 0.475882828235626 0.520398736000061 0.528125286102295 0.55475777387619 0.585518479347229 0.608448147773743 0.602086663246155 0.595779836177826 0.603665053844452 0.611348390579224 0.615177512168884 0.598209321498871 0.586932241916656 0.597697377204895 0.602095067501068 0.620496988296509 0.627117514610291 0.600186586380005 0.587054014205933 0.583598256111145 0.584695994853973 0.57980215549469 0.584859192371368 0.566343009471893 0.560255885124207 0.578721106052399 0.580701947212219
-3.4e+38 -3.4e+38 -3.4e+38 -3.4e+38 -3.4e+38 -3.4e+38 -3.4e+38 -3.4e+38 0.399902760982513 0.400128543376923 0.41503918170929 0.416756719350815 0.409826070070267 0.423750758171082 0.443392217159271 0.440070629119873 0.444122761487961 0.486877620220184 0.526950240135193 0.523084104061127 0.536216914653778 0.577261328697205 0.597208440303802 0.631574630737305 0.639110445976257 0.626005291938782 0.631435930728912 0.633782744407654 0.625483870506287 0.615424752235413 0.61203670501709 0.598508298397064 0.576536357402802 0.571852624416351 0.582925260066986 0.60017466545105 0.613792955875397 0.603045105934143 0.588931322097778 0.575128853321075 0.564485847949982 0.557121217250824 0.553152918815613 0.536738634109497 0.547622084617615 0.569638669490814 0.560240209102631
-3.4e+38 -3.4e+38 -3.4e+38 -3.4e+38 -3.4e+38 -3.4e+38 -3.4e+38 0.378633767366409 0.40242612361908 0.41227051615715 0.409725189208984 0.416963458061218 0.44345498085022 0.462216317653656 0.461588114500046 0.462226629257202 0.473535627126694 0.51049131155014 0.563277423381805 0.595924258232117 0.606321573257446 0.616054713726044 0.625123560428619 0.6279656291008 0.633344709873199 0.628121078014374 0.632213652133942 0.632609367370605 0.616583168506622 0.596199631690979 0.581024408340454 0.569938719272614 0.561227202415466 0.562041163444519 0.574752748012543 0.581226825714111 0.591819286346436 0.595271527767181 0.585719287395477 0.571687936782837 0.562771737575531 0.558680713176727 0.551025390625 0.535950005054474 0.558960795402527 0.562550842761993 0.549838006496429
-3.4e+38 -3.4e+38 -3.4e+38 -3.4e+38 -3.4e+38 -3.4e+38 0.357350051403046 0.384957700967789 0.405176520347595 0.436392933130264 0.458985447883606 0.467402100563049 0.482909500598907 0.492870539426804 0.491917163133621 0.495003074407578 0.505120635032654 0.555488288402557 0.609784126281738 0.632835745811462 0.626273691654205 0.619383335113525 0.614128768444061 0.613084733486176 0.6241654753685 0.611003279685974 0.595987439155579 0.592820167541504 0.587758243083954 0.577605068683624 0.568094968795776 0.564545094966888 0.569498062133789 0.568821132183075 0.574835598468781 0.580807089805603 0.581974446773529 0.588821470737457 0.58946692943573 0.582047998905182 0.575867235660553 0.569621860980988 0.57161819934845 0.572752952575684 0.578995525836945 0.559871137142181 0.549856662750244
-3.4e+38 -3.4e+38 -3.4e+38 -3.4e+38 -3.4e+38 0.38061997294426 0.378311604261398 0.413796037435532 0.436698138713837 0.447321861982346 0.472761929035187 0.500114560127258 0.509206533432007 0.505980253219604 0.511887013912201 0.520758390426636 0.532651960849762 0.583119451999664 0.617145240306854 0.618008136749268 0.612126708030701 0.612943828105927 0.612470746040344 0.606809437274933 0.607964634895325 0.593078792095184 0.570581078529358 0.565061330795288 0.570241987705231 0.576721131801605 0.581232726573944 0.585820019245148 0.587536334991455 0.584872186183929 0.597694873809814 0.602508246898651 0.596769452095032 0.600901067256927 0.605619549751282 0.606678903102875 0.601956307888031 0.589978396892548 0.598668038845062 0.601122081279755 0.589983522891998 0.582310259342194 0.579193830490112
-3.4e+38 -3.4e+38 -3.4e+38 -3.4e+38 0.385263413190842 0.395668268203735 0.382713466882706 0.40239006280899 0.4486965239048 0.468350380659103 0.486468255519867 0.51768285036087 0.543275833129883 0.539151251316071 0.546878695487976 0.551637947559357 0.559843838214874 0.585618376731873 0.60193258523941 0.605157494544983 0.60613340139389 0.615950405597687 0.621850967407227 0.606349468231201 0.5981485247612 0.604284822940826 0.578193128108978 0.565728187561035 0.582776725292206 0.594078600406647 0.582286357879639 0.577257812023163 0.581653714179993 0.588472425937653 0.609776198863983 0.614896178245544 0.614283859729767 0.619642853736877 0.623969376087189 0.628457844257355 0.616015672683716 0.599455714225769 0.607213973999023 0.607312977313995 0.604184031486511 0.609769821166992 0.617229759693146
-3.4e+38 -3.4e+38 -3.4e+38 0.352610677480698 0.357568740844727 0.377076208591461 0.394665867090225 0.441209465265274 0.475993543863297 0.494156569242477 0.50864589214325 0.519470751285553 0.541041314601898 0.56038910150528 0.569579303264618 0.576305866241455 0.57959645986557 0.589461028575897 0.593022048473358 0.593077301979065 0.602036714553833 0.614492654800415 0.614051520824432 0.609053194522858 0.599628686904907 0.602177381515503 0.59880930185318 0.594694137573242 0.604317247867584 0.610672771930695 0.592343747615814 0.583662450313568 0.599330127239227 0.610513150691986 0.612230956554413 0.608055770397186 0.616127133369446 0.632305443286896 0.637786269187927 0.639781177043915 0.614890158176422 0.603051006793976 0.618582963943481 0.614392042160034 0.610590815544128 0.620187282562256 0.633890092372894
-3.4e+38 -3.4e+38 0.368243813514709 0.368691146373749 0.392446279525757 0.415216386318207 0.434758484363556 0.473384886980057 0.486061602830887 0.487700670957565 0.506305456161499 0.523693144321442 0.539009571075439 0.560405850410461 0.573746919631958 0.577586770057678 0.581681370735168 0.581892430782318 0.583219885826111 0.588445842266083 0.603527247905731 0.603229761123657 0.594557225704193 0.591399133205414 0.609066069126129 0.623203575611115 0.626826047897339 0.619969606399536 0.614187955856323 0.617955148220062 0.6175217628479 0.614271461963654 0.627472698688507 0.640525698661804 0.633301496505737 0.630261778831482 0.62922191619873 0.638596296310425 0.645838379859924 0.6447514295578 0.62184864282608 0.62539529800415 0.640267670154572 0.623038589954376 0.61342066526413 0.618746280670166 0.627182245254517
-3.4e+38 0.40749579668045 0.391733169555664 0.396533071994781 0.414623588323593 0.445167064666748 0.45707494020462 0.468341678380966 0.494748800992966 0.519995927810669 0.528862833976746 0.530457615852356 0.535777449607849 0.554445445537567 0.56786185503006 0.571115732192993 0.585397839546204 0.587392032146454 0.587343335151672 0.596808552742004 0.616279244422913 0.603851974010468 0.597930014133453 0.61218124628067 0.627861738204956 0.645247995853424 0.629683196544647 0.617314398288727 0.629218876361847 0.630333065986633 0.630554795265198 0.626213073730469 0.615502119064331 0.630942642688751 0.633136391639709 0.626249253749847 0.623760223388672 0.638052344322205 0.647838413715363 0.641354322433472 0.628086626529694 0.63476836681366 0.642314195632935 0.629048109054565 0.623725175857544 0.630354702472687 0.636150300502777
0.416134029626846 0.414145529270172 0.422291696071625 0.440288573503494 0.436457633972168 0.453469485044479 0.46003058552742 0.46256086230278 0.483604431152344 0.5132976770401 0.5372234582901 0.534605026245117 0.542710304260254 0.56484442949295 0.569375395774841 0.578259408473969 0.599602162837982 0.602460086345673 0.60518354177475 0.614600658416748 0.625741899013519 0.610590100288391 0.623116910457611 0.63660079240799 0.627280712127686 0.64340728521347 0.645355761051178 0.622750043869019 0.618734061717987 0.620553731918335 0.61871612071991 0.612677276134491 0.615828394889832 0.628551244735718 0.627115845680237 0.615569353103638 0.617376923561096 0.635470390319824 0.651382088661194 0.644133985042572 0.630277514457703 0.629177331924438 0.632160782814026 0.638416111469269 0.635867297649384 0.621701300144196 0.617703318595886
