data/trimmed_ndre/Od_ndre.630.2016.asc
NCOLS 144 
NROWS 65 
XLLCORNER 512965 
YLLCORNER 5150865 
CELLSIZE 5 
NODATA_value -3.4e+38 
[rows 42 to 62 of 65, columns 0 to 46 of 144]
-3.4e+38 -3.4e+38 -3.4e+38 -3.4e+38 -3.4e+38 -3.4e+38 -3.4e+38 -3.4e+38 -3.4e+38 -3.4e+38 -3.4e+38 -3.4e+38 -3.4e+38 -3.4e+38 -3.4e+38 -3.4e+38 -3.4e+38 -3.4e+38 -3.4e+38 -3.4e+38 -3.4e+38 0.595021903514862 0.597463548183441 0.580662727355957 0.562846302986145 0.555846273899078 0.559488952159882 0.55003809928894 0.535718560218811 0.519501388072968 0.504521608352661 0.489547520875931 0.512674927711487 0.548295497894287 0.57728499174118 0.613409101963043 0.650757372379303 0.680625796318054 0.694090306758881 0.698742389678955 0.699639201164246 0.697346806526184 0.690724670886993 0.683303892612457 0.683199107646942 0.685145795345306 0.67428857088089
-3.4e+38 -3.4e+38 -3.4e+38 -3.4e+38 -3.4e+38 -3.4e+38 -3.4e+38 -3.4e+38 -3.4e+38 -3.4e+38 -3.4e+38 -3.4e+38 -3.4e+38 -3.4e+38 -3.4e+38 -3.4e+38 -3.4e+38 -3.4e+38 -3.4e+38 0.59870433807373 0.576637268066406 0.588072121143341 0.588868260383606 0.569135367870331 0.55507218837738 0.552174389362335 0.547967553138733 0.536048889160156 0.530296981334686 0.518528878688812 0.498091369867325 0.475850075483322 0.506151616573334 0.550716578960419 0.592258930206299 0.631050050258636 0.666997969150543 0.688140273094177 0.694567739963531 0.694543302059174 0.692080676555634 0.687000691890717 0.678835511207581 0.668465316295624 0.665440201759338 0.670659601688385 0.674245834350586
-3.4e+38 -3.4e+38 -3.4e+38 -3.4e+38 -3.4e+38 -3.4e+38 -3.4e+38 -3.4e+38 -3.4e+38 -3.4e+38 -3.4e+38 -3.4e+38 -3.4e+38 -3.4e+38 -3.4e+38 -3.4e+38 -3.4e+38 -3.4e+38 0.597133040428162 0.588655829429626 0.570089519023895 0.586371600627899 0.583353340625763 0.568309009075165 0.558748662471771 0.554247558116913 0.536540567874908 0.521494328975677 0.525750994682312 0.521701753139496 0.50122207403183 0.487192958593369 0.522122263908386 0.56754344701767 0.610563278198242 0.646555662155151 0.675535500049591 0.682298004627228 0.678896367549896 0.674298048019409 0.671617746353149 0.666354238986969 0.656054317951202 0.642037570476532 0.6412233710289 0.654218316078186 0.670462429523468
-3.4e+38 -3.4e+38 -3.4e+38 -3.4e+38 -3.4e+38 -3.4e+38 -3.4e+38 -3.4e+38 -3.4e+38 -3.4e+38 -3.4e+38 -3.4e+38 -3.4e+38 -3.4e+38 -3.4e+38 -3.4e+38 -3.4e+38 0.570422530174255 0.577740073204041 0.579583406448364 0.575778841972351 0.578870415687561 0.568876266479492 0.561112403869629 0.555902779102325 0.547843515872955 0.525408685207367 0.518422722816467 0.531875848770142 0.534850835800171 0.514068782329559 0.515343427658081 0.552193582057953 0.589257061481476 0.612991213798523 0.634174644947052 0.654318690299988 0.656718611717224 0.647978901863098 0.640243589878082 0.638900458812714 0.631583571434021 0.62658280134201 0.624965190887451 0.630859792232513 0.642242014408112 0.655962765216827
-3.4e+38 -3.4e+38 -3.4e+38 -3.4e+38 -3.4e+38 -3.4e+38 -3.4e+38 -3.4e+38 -3.4e+38 -3.4e+38 -3.4e+38 -3.4e+38 -3.4e+38 -3.4e+38 -3.4e+38 -3.4e+38 0.546463489532471 0.554211497306824 0.557561337947845 0.569511711597443 0.567884683609009 0.55679851770401 0.550579905509949 0.554212868213654 0.549357712268829 0.536117196083069 0.526707947254181 0.529308617115021 0.537179946899414 0.539868295192719 0.528104484081268 0.547556698322296 0.582428395748138 0.607546031475067 0.605171382427216 0.605970203876495 0.615691065788269 0.623899042606354 0.613237023353577 0.605773150920868 0.610254883766174 0.619241833686829 0.621038496494293 0.628325283527374 0.63837069272995 0.637959480285645 0.635589003562927
-3.4e+38 -3.4e+38 -3.4e+38 -3.4e+38 -3.4e+38 -3.4e+38 -3.4e+38 -3.4e+38 -3.4e+38 -3.4e+38 -3.4e+38 -3.4e+38 -3.4e+38 -3.4e+38 -3.4e+38 0.545759797096252 0.544963896274567 0.544420480728149 0.543011724948883 0.54856264591217 0.548427283763885 0.545036852359772 0.546747207641602 0.55933153629303 0.55167019367218 0.544886529445648 0.552159547805786 0.55134254693985 0.546927869319916 0.543463885784149 0.542886972427368 0.567502915859222 0.593815982341766 0.606453776359558 0.590128242969513 0.579630076885223 0.585827648639679 0.603789985179901 0.610930800437927 0.615436732769012 0.628433465957642 0.643387675285339 0.640901982784271 0.646222591400146 0.654240250587463 0.656735420227051 0.646612226963043
-3.4e+38 -3.4e+38 -3.4e+38 -3.4e+38 -3.4e+38 -3.4e+38 -3.4e+38 -3.4e+38 -3.4e+38 -3.4e+38 -3.4e+38 -3.4e+38 -3.4e+38 -3.4e+38 0.551080405712128 0.548138082027435 0.53365820646286 0.525289356708527 0.524334728717804 0.531178891658783 0.541445314884186 0.54947429895401 0.563453018665314 0.585022330284119 0.583071887493134 0.58027172088623 0.582075774669647 0.576339066028595 0.565228462219238 0.561135053634644 0.565496265888214 0.576496005058289 0.579570829868317 0.584835171699524 0.580950915813446 0.581680655479431 0.597738265991211 0.616175293922424 0.630128622055054 0.64778470993042 0.666906893253326 0.679114580154419 0.672602295875549 0.670236885547638 0.669775426387787 0.667721390724182 0.660323023796082
-3.4e+38 -3.4e+38 -3.4e+38 -3.4e+38 -3.4e+38 -3.4e+38 -3.4e+38 -3.4e+38 -3.4e+38 -3.4e+38 -3.4e+38 -3.4e+38 -3.4e+38 0.562940180301666 0.565830826759338 0.558439552783966 0.540911734104156 0.533594369888306 0.528970122337341 0.535320162773132 0.55513322353363 0.56477552652359 0.584499001502991 0.607633233070374 0.612459897994995 0.610559344291687 0.607299625873566 0.603294909000397 0.598344743251801 0.593345522880554 0.588591158390045 0.581584393978119 0.561013460159302 0.567359209060669 0.586908340454102 0.604645013809204 0.618917644023895 0.635900139808655 0.65406197309494 0.675058007240295 0.68338280916214 0.687659502029419 0.686786115169525 0.6831915974617 0.67487645149231 0.666004121303558 0.66208428144455
-3.4e+38 -3.4e+38 -3.4e+38 -3.4e+38 -3.4e+38 -3.4e+38 -3.4e+38 -3.4e+38 -3.4e+38 -3.4e+38 -3.4e+38 -3.4e+38 0.552716672420502 0.567050874233246 0.570231556892395 0.567983031272888 0.561459720134735 0.559110879898071 0.553171515464783 0.564273059368134 0.588594257831573 0.597089171409607 0.607932090759277 0.622452080249786 0.631162166595459 0.628863871097565 0.625004649162292 0.625267326831818 0.62805300951004 0.617042779922485 0.604945659637451 0.590961098670959 0.573869168758392 0.580784857273102 0.601372241973877 0.62390524148941 0.638465583324432 0.652915894985199 0.665847837924957 0.674153923988342 0.675212860107422 0.67802220582962 0.68021035194397 0.678081691265106 0.666826903820038 0.66074538230896 0.66534560918808
-3.4e+38 -3.4e+38 -3.4e+38 -3.4e+38 -3.4e+38 -3.4e+38 -3.4e+38 -3.4e+38 -3.4e+38 -3.4e+38 -3.4e+38 0.567081212997437 0.560287177562714 0.569683492183685 0.574293255805969 0.579570710659027 0.585561573505402 0.590449273586273 0.587286829948425 0.595138907432556 0.608818709850311 0.615780472755432 0.614484429359436 0.624979197978973 0.635650277137756 0.638536155223846 0.639432191848755 0.641893863677979 0.63996684551239 0.62388414144516 0.614249169826508 0.609977066516876 0.607731461524963 0.608607888221741 0.62091076374054 0.638836085796356 0.65284925699234 0.658680617809296 0.663237810134888 0.664788007736206 0.662754893302917 0.660868763923645 0.659324824810028 0.655064642429352 0.649057865142822 0.654271483421326 0.658921599388123
-3.4e+38 -3.4e+38 -3.4e+38 -3.4e+38 -3.4e+38 -3.4e+38 -3.4e+38 -3.4e+38 -3.4e+38 -3.4e+38 0.597837686538696 0.592201113700867 0.595262765884399 0.594449937343597 0.58885645866394 0.595495939254761 0.60819137096405 0.615683555603027 0.61214804649353 0.602927088737488 0.604548990726471 0.607518255710602 0.60200035572052 0.615379273891449 0.625559091567993 0.632413446903229 0.640072762966156 0.643429100513458 0.635465085506439 0.619894206523895 0.619826316833496 0.629379093647003 0.638520836830139 0.64161092042923 0.642487049102783 0.65127044916153 0.657302558422089 0.656202554702759 0.657817006111145 0.654860973358154 0.649490118026733 0.642469763755798 0.634445428848267 0.626827538013458 0.625544905662537 0.634761095046997 0.639546275138855
-3.4e+38 -3.4e+38 -3.4e+38 -3.4e+38 -3.4e+38 -3.4e+38 -3.4e+38 -3.4e+38 -3.4e+38 0.602173924446106 0.615308165550232 0.608458697795868 0.618249833583832 0.620197176933289 0.613423585891724 0.618303954601288 0.638774573802948 0.63503360748291 0.614142656326294 0.59063059091568 0.584135890007019 0.577516615390778 0.575919270515442 0.59758585691452 0.612210392951965 0.623488247394562 0.632823705673218 0.635002315044403 0.633599162101746 0.632224082946777 0.637148141860962 0.649612963199615 0.660286366939545 0.666606962680817 0.664781391620636 0.662917673587799 0.659269034862518 0.652838826179504 0.648083627223969 0.643240451812744 0.637655079364777 0.629594385623932 0.617300629615784 0.609062969684601 0.611224174499512 0.617874026298523 0.62236100435257
-3.4e+38 -3.4e+38 -3.4e+38 -3.4e+38 -3.4e+38 -3.4e+38 -3.4e+38 -3.4e+38 0.563313782215118 0.598011255264282 0.611489951610565 0.610101163387299 0.624017715454102 0.643086671829224 0.643269598484039 0.632765829563141 0.633682548999786 0.623482644557953 0.604013979434967 0.582819759845734 0.578385889530182 0.570094883441925 0.577090620994568 0.60173761844635 0.617810130119324 0.625121355056763 0.629315674304962 0.63321977853775 0.64075380563736 0.642230331897736 0.644401431083679 0.651660323143005 0.655389368534088 0.661556541919708 0.662495791912079 0.655162990093231 0.648409187793732 0.640952348709106 0.632671713829041 0.627552926540375 0.616095542907715 0.602312326431274 0.592502951622009 0.593766570091248 0.606525957584381 0.613991260528564 0.615237832069397
-3.4e+38 -3.4e+38 -3.4e+38 -3.4e+38 -3.4e+38 -3.4e+38 -3.4e+38 0.563505291938782 0.56856495141983 0.59523993730545 0.603135824203491 0.607888877391815 0.625355899333954 0.658977746963501 0.655963540077209 0.633861541748047 0.614665985107422 0.610308229923248 0.611075520515442 0.611173629760742 0.609183013439178 0.603237330913544 0.613616347312927 0.630941390991211 0.644175052642822 0.647816598415375 0.645808160305023 0.645910799503326 0.652345359325409 0.644549190998077 0.632359623908997 0.62116926908493 0.61348819732666 0.622704982757568 0.631962239742279 0.633591771125793 0.629878282546997 0.62448787689209 0.616572797298431 0.607417643070221 0.595429360866547 0.582664012908936 0.577504277229309 0.583198368549347 0.59697562456131 0.59654575586319 0.594343066215515
-3.4e+38 -3.4e+38 -3.4e+38 -3.4e+38 -3.4e+38 -3.4e+38 0.554039716720581 0.571880042552948 0.584727108478546 0.601209163665771 0.610893607139587 0.621664643287659 0.634254336357117 0.65144944190979 0.650020956993103 0.631623804569244 0.6163529753685 0.629155337810516 0.643184542655945 0.645923733711243 0.64217609167099 0.64117431640625 0.656183958053589 0.662754118442535 0.658309996128082 0.649456202983856 0.642709374427795 0.646356821060181 0.65192449092865 0.637874662876129 0.613334894180298 0.592827439308167 0.583598017692566 0.594268083572388 0.605732023715973 0.615833103656769 0.622328221797943 0.622448921203613 0.614886999130249 0.606438934803009 0.598134756088257 0.590200960636139 0.589398324489594 0.595155239105225 0.599672853946686 0.591315746307373 0.582467555999756
-3.4e+38 -3.4e+38 -3.4e+38 -3.4e+38 -3.4e+38 0.540751159191132 0.559294402599335 0.581273794174194 0.606058895587921 0.625635921955109 0.634520649909973 0.637646198272705 0.638900756835938 0.640311539173126 0.642682254314423 0.647340893745422 0.64800500869751 0.650286257266998 0.656828641891479 0.661262273788452 0.657654821872711 0.653140366077423 0.657527029514313 0.654950261116028 0.645684063434601 0.633303225040436 0.624301135540009 0.626821517944336 0.630236983299255 0.623615205287933 0.606543898582458 0.591013491153717 0.586276233196259 0.596007645130157 0.605513393878937 0.618224263191223 0.625615060329437 0.624930560588837 0.619183361530304 0.617103755474091 0.621651351451874 0.625697314739227 0.61175411939621 0.60195004940033 0.598839402198792 0.594930469989777 0.58344578742981
-3.4e+38 -3.4e+38 -3.4e+38 -3.4e+38 0.525295078754425 0.536960482597351 0.555480539798737 0.583154737949371 0.619368672370911 0.644393801689148 0.655795514583588 0.654294490814209 0.648029386997223 0.644166946411133 0.646493315696716 0.653730034828186 0.653998732566833 0.653906285762787 0.65400642156601 0.655883550643921 0.647652804851532 0.636131227016449 0.62944358587265 0.628141462802887 0.619236767292023 0.61023086309433 0.603257656097412 0.597429692745209 0.604357719421387 0.6114262342453 0.610304772853851 0.607342839241028 0.613819599151611 0.61603707075119 0.605783462524414 0.608453631401062 0.618934214115143 0.624513924121857 0.621854245662689 0.615304887294769 0.614840924739838 0.617393136024475 0.608136296272278 0.601649165153503 0.601059913635254 0.600183129310608 0.583504021167755
-3.4e+38 -3.4e+38 -3.4e+38 0.521473228931427 0.508766770362854 0.514176189899445 0.53630268573761 0.574071049690247 0.623083531856537 0.651395559310913 0.665687561035156 0.668192267417908 0.663955211639404 0.653602182865143 0.645589888095856 0.64422082901001 0.644082725048065 0.647355139255524 0.647221267223358 0.641218662261963 0.630578815937042 0.619979560375214 0.612845838069916 0.610890924930573 0.599019289016724 0.597127854824066 0.59917163848877 0.597703397274017 0.603203058242798 0.611127316951752 0.617214977741241 0.619868755340576 0.632607817649841 0.622613549232483 0.603065192699432 0.599783420562744 0.615955948829651 0.622949957847595 0.6207515001297 0.616419553756714 0.612159848213196 0.610690414905548 0.6082404255867 0.609138429164886 0.611736536026001 0.61003041267395 0.601122319698334
-3.4e+38 -3.4e+38 0.551598370075226 0.519225537776947 0.49035707116127 0.49252051115036 0.527516484260559 0.578506410121918 0.628372490406036 0.650721371173859 0.66055953502655 0.66402393579483 0.660940408706665 0.641957640647888 0.62664932012558 0.622112989425659 0.628830969333649 0.637134253978729 0.63672536611557 0.630479633808136 0.622406840324402 0.618384301662445 0.61934906244278 0.619803607463837 0.6107297539711 0.611244082450867 0.612270891666412 0.612656056880951 0.614655017852783 0.618692696094513 0.618472397327423 0.6208655834198 0.636157333850861 0.62578272819519 0.610145151615143 0.607388734817505 0.629045903682709 0.632724404335022 0.635621011257172 0.637626647949219 0.625151336193085 0.619177937507629 0.624040126800537 0.632265329360962 0.625644445419312 0.620548248291016 0.620210528373718
-3.4e+38 0.580006897449493 0.570110380649567 0.536448359489441 0.508920252323151 0.513336181640625 0.549024641513824 0.595218420028687 0.634560823440552 0.651137113571167 0.651742577552795 0.65425705909729 0.648964047431946 0.623794972896576 0.601906597614288 0.598703861236572 0.609525084495544 0.623159408569336 0.626107811927795 0.624162673950195 0.623303830623627 0.628948330879211 0.633751451969147 0.634719491004944 0.630831897258759 0.630428910255432 0.626804649829865 0.62668788433075 0.628031015396118 0.633558034896851 0.625615417957306 0.623371601104736 0.632295250892639 0.631983995437622 0.629569172859192 0.633216500282288 0.64519202709198 0.641473770141602 0.648156106472015 0.653270840644836 0.644063353538513 0.631340026855469 0.632114171981812 0.635455667972565 0.62761402130127 0.623188078403473 0.627242267131805
0.521787106990814 0.586172223091125 0.593321740627289 0.555077791213989 0.527873277664185 0.532139122486115 0.565591990947723 0.602713167667389 0.63119912147522 0.643293499946594 0.636009931564331 0.634730935096741 0.628513097763062 0.610301971435547 0.590589165687561 0.593266189098358 0.60957270860672 0.624485194683075 0.624335467815399 0.622966229915619 0.626595854759216 0.634406864643097 0.634675264358521 0.637075901031494 0.639037013053894 0.639301419258118 0.631698966026306 0.637200474739075 0.645942747592926 0.649418234825134 0.63381040096283 0.624909043312073 0.626855850219727 0.633010864257812 0.635373175144196 0.640327155590057 0.644800662994385 0.641036689281464 0.64617246389389 0.645806908607483 0.634824991226196 0.620788276195526 0.630486309528351 0.638319313526154 0.632950186729431 0.619941234588623 0.617907106876373
