data/trimmed_ndre/Od_ndre.711.2014_no_clouds.asc
NCOLS 144 
NROWS 65 
XLLCORNER 512965 
YLLCORNER 5150865 
CELLSIZE 5 
NODATA_value -3.4e+38 
[rows 42 to 62 of 65, columns 0 to 46 of 144]
-3.4e+38 -3.4e+38 -3.4e+38 -3.4e+38 -3.4e+38 -3.4e+38 -3.4e+38 -3.4e+38 -3.4e+38 -3.4e+38 -3.4e+38 -3.4e+38 -3.4e+38 -3.4e+38 -3.4e+38 -3.4e+38 -3.4e+38 -3.4e+38 -3.4e+38 -3.4e+38 -3.4e+38 0.456043779850006 0.456103444099426 0.450946062803268 0.445988386869431 0.444813460111618 0.447900056838989 0.435403674840927 0.410515785217285 0.395575076341629 0.392392128705978 0.398947924375534 0.4173184633255 0.453447371721268 0.48351663351059 0.507487714290619 0.523517787456512 0.529129803180695 0.522213459014893 0.512759387493134 0.521505832672119 0.524886846542358 0.505743682384491 0.499925523996353 0.504195690155029 0.508017838001251 0.516599059104919
-3.4e+38 -3.4e+38 -3.4e+38 -3.4e+38 -3.4e+38 -3.4e+38 -3.4e+38 -3.4e+38 -3.4e+38 -3.4e+38 -3.4e+38 -3.4e+38 -3.4e+38 -3.4e+38 -3.4e+38 -3.4e+38 -3.4e+38 -3.4e+38 -3.4e+38 0.458856165409088 0.466898322105408 0.471526831388474 0.465332746505737 0.458227604627609 0.452181756496429 0.447928249835968 0.443670183420181 0.430341273546219 0.407891631126404 0.393545478582382 0.396515339612961 0.406359493732452 0.428774327039719 0.458028703927994 0.480064809322357 0.500328719615936 0.51824951171875 0.524626672267914 0.516913056373596 0.50289922952652 0.503767907619476 0.503059923648834 0.486412823200226 0.487033933401108 0.504707992076874 0.511279702186584 0.517975389957428
-3.4e+38 -3.4e+38 -3.4e+38 -3.4e+38 -3.4e+38 -3.4e+38 -3.4e+38 -3.4e+38 -3.4e+38 -3.4e+38 -3.4e+38 -3.4e+38 -3.4e+38 -3.4e+38 -3.4e+38 -3.4e+38 -3.4e+38 -3.4e+38 0.442709445953369 0.448518663644791 0.454111248254776 0.460109025239944 0.459825783967972 0.459510296583176 0.460660368204117 0.456515491008759 0.448507159948349 0.435587257146835 0.421557277441025 0.414997160434723 0.415726602077484 0.404460370540619 0.413002282381058 0.439594775438309 0.459290713071823 0.47773340344429 0.490535348653793 0.491168588399887 0.492725074291229 0.495717763900757 0.503742933273315 0.49875870347023 0.484257519245148 0.489752352237701 0.50172233581543 0.507027387619019 0.507009506225586
-3.4e+38 -3.4e+38 -3.4e+38 -3.4e+38 -3.4e+38 -3.4e+38 -3.4e+38 -3.4e+38 -3.4e+38 -3.4e+38 -3.4e+38 -3.4e+38 -3.4e+38 -3.4e+38 -3.4e+38 -3.4e+38 -3.4e+38 0.432567119598389 0.438865721225739 0.447638988494873 0.449378967285156 0.45221221446991 0.457687824964523 0.466151207685471 0.469089418649673 0.461966276168823 0.449339687824249 0.439489781856537 0.436167627573013 0.435810625553131 0.437955021858215 0.421641141176224 0.424524456262589 0.439816057682037 0.455892324447632 0.469079285860062 0.475993722677231 0.474696427583694 0.477173954248428 0.48310711979866 0.501243233680725 0.503207385540009 0.490835249423981 0.492511987686157 0.499661326408386 0.501335203647614 0.49918407201767
-3.4e+38 -3.4e+38 -3.4e+38 -3.4e+38 -3.4e+38 -3.4e+38 -3.4e+38 -3.4e+38 -3.4e+38 -3.4e+38 -3.4e+38 -3.4e+38 -3.4e+38 -3.4e+38 -3.4e+38 -3.4e+38 0.438312470912933 0.433349788188934 0.429362922906876 0.435395777225494 0.440286606550217 0.444458246231079 0.460668742656708 0.480428725481033 0.489457637071609 0.482316136360168 0.468063592910767 0.456535845994949 0.449448585510254 0.433320373296738 0.450269311666489 0.467761695384979 0.463716566562653 0.46745440363884 0.478327333927155 0.482743591070175 0.485134690999985 0.481850415468216 0.480944275856018 0.484086990356445 0.496791929006577 0.504792809486389 0.504289090633392 0.504097282886505 0.508892893791199 0.507799565792084 0.504346907138824
-3.4e+38 -3.4e+38 -3.4e+38 -3.4e+38 -3.4e+38 -3.4e+38 -3.4e+38 -3.4e+38 -3.4e+38 -3.4e+38 -3.4e+38 -3.4e+38 -3.4e+38 -3.4e+38 -3.4e+38 0.426976233720779 0.432874292135239 0.434540688991547 0.434615403413773 0.442187488079071 0.443021357059479 0.440501481294632 0.455217152833939 0.481107860803604 0.497796446084976 0.495658844709396 0.488395094871521 0.485103756189346 0.475277930498123 0.456578105688095 0.469738095998764 0.494342863559723 0.490408509969711 0.492154359817505 0.491151064634323 0.487998902797699 0.494510143995285 0.498061239719391 0.497161388397217 0.501092791557312 0.509585857391357 0.513702273368835 0.52016294002533 0.520270705223083 0.522162735462189 0.515599370002747 0.512794733047485
-3.4e+38 -3.4e+38 -3.4e+38 -3.4e+38 -3.4e+38 -3.4e+38 -3.4e+38 -3.4e+38 -3.4e+38 -3.4e+38 -3.4e+38 -3.4e+38 -3.4e+38 -3.4e+38 0.443409532308578 0.439055055379868 0.438556432723999 0.441751688718796 0.447421312332153 0.457495301961899 0.455651074647903 0.450840830802917 0.467033863067627 0.491967618465424 0.503895819187164 0.499680191278458 0.494182974100113 0.497319787740707 0.495351791381836 0.479179561138153 0.474377185106277 0.48781606554985 0.494453549385071 0.500665605068207 0.50014317035675 0.496605008840561 0.503879249095917 0.506849944591522 0.505731761455536 0.517357885837555 0.52571177482605 0.521266400814056 0.523220121860504 0.523734271526337 0.524400591850281 0.517521917819977 0.519300222396851
-3.4e+38 -3.4e+38 -3.4e+38 -3.4e+38 -3.4e+38 -3.4e+38 -3.4e+38 -3.4e+38 -3.4e+38 -3.4e+38 -3.4e+38 -3.4e+38 -3.4e+38 0.444619476795197 0.443351596593857 0.44415095448494 0.452140748500824 0.452974826097488 0.454898715019226 0.456904977560043 0.466088235378265 0.474721819162369 0.489311069250107 0.505558669567108 0.511599600315094 0.508152723312378 0.505715429782867 0.515113532543182 0.508296191692352 0.489541202783585 0.479631155729294 0.491543173789978 0.506106853485107 0.513056695461273 0.512532472610474 0.50991278886795 0.510412275791168 0.509656548500061 0.510043799877167 0.520091891288757 0.517690241336823 0.509280860424042 0.510154664516449 0.513946413993835 0.513655841350555 0.506539702415466 0.510617434978485
-3.4e+38 -3.4e+38 -3.4e+38 -3.4e+38 -3.4e+38 -3.4e+38 -3.4e+38 -3.4e+38 -3.4e+38 -3.4e+38 -3.4e+38 -3.4e+38 0.455910950899124 0.453331112861633 0.448706865310669 0.456252485513687 0.467202365398407 0.464800596237183 0.473596453666687 0.482593864202499 0.485977321863174 0.489856213331223 0.498017460107803 0.507458448410034 0.509108245372772 0.518786370754242 0.518838405609131 0.513989686965942 0.508527517318726 0.498162001371384 0.495780408382416 0.506314694881439 0.513290584087372 0.511740505695343 0.515179574489594 0.518810868263245 0.517403304576874 0.51159006357193 0.506662905216217 0.501381516456604 0.486524164676666 0.485496580600739 0.492396295070648 0.49614429473877 0.490971624851227 0.488171428442001 0.493756413459778
-3.4e+38 -3.4e+38 -3.4e+38 -3.4e+38 -3.4e+38 -3.4e+38 -3.4e+38 -3.4e+38 -3.4e+38 -3.4e+38 -3.4e+38 0.455841779708862 0.465832769870758 0.466769993305206 0.46315723657608 0.472334623336792 0.478881269693375 0.479047179222107 0.490812569856644 0.499022990465164 0.495084404945374 0.492286115884781 0.495778948068619 0.49942734837532 0.505151569843292 0.519877851009369 0.51339066028595 0.499964207410812 0.508841693401337 0.506647050380707 0.503816068172455 0.510082840919495 0.502751111984253 0.495344609022141 0.501613199710846 0.510044515132904 0.506467819213867 0.496978312730789 0.488610595464706 0.476415485143661 0.463757485151291 0.462322264909744 0.468852251768112 0.473724275827408 0.470699369907379 0.478311449289322 0.486168473958969
-3.4e+38 -3.4e+38 -3.4e+38 -3.4e+38 -3.4e+38 -3.4e+38 -3.4e+38 -3.4e+38 -3.4e+38 -3.4e+38 0.448841899633408 0.456961780786514 0.467626124620438 0.474504351615906 0.474512249231339 0.479727983474731 0.484198451042175 0.484543204307556 0.494205713272095 0.49810853600502 0.499319851398468 0.499567240476608 0.497564256191254 0.499323636293411 0.50553822517395 0.506257593631744 0.506164848804474 0.504406034946442 0.507147669792175 0.498555511236191 0.490626573562622 0.4886873960495 0.484115898609161 0.485578924417496 0.483604222536087 0.482220321893692 0.482413202524185 0.477676331996918 0.46963232755661 0.455450505018234 0.444649696350098 0.441246330738068 0.450073778629303 0.455078810453415 0.459147930145264 0.47354519367218 0.476303994655609
-3.4e+38 -3.4e+38 -3.4e+38 -3.4e+38 -3.4e+38 -3.4e+38 -3.4e+38 -3.4e+38 -3.4e+38 0.446315497159958 0.450091481208801 0.454870581626892 0.463641226291656 0.470915615558624 0.47309336066246 0.479320466518402 0.479653000831604 0.484767347574234 0.49577271938324 0.497588038444519 0.503119766712189 0.504449903964996 0.498738974332809 0.506595492362976 0.504990577697754 0.497698873281479 0.502894163131714 0.503761172294617 0.492857217788696 0.479704648256302 0.469129681587219 0.455793410539627 0.452559858560562 0.456493824720383 0.462228029966354 0.466216266155243 0.470657676458359 0.466066658496857 0.462486207485199 0.445489972829819 0.436710476875305 0.439126014709473 0.441052079200745 0.439969599246979 0.442504703998566 0.457450598478317 0.458388566970825
-3.4e+38 -3.4e+38 -3.4e+38 -3.4e+38 -3.4e+38 -3.4e+38 -3.4e+38 -3.4e+38 0.454430431127548 0.459685802459717 0.461052983999252 0.45755210518837 0.46034175157547 0.47133132815361 0.47633284330368 0.483222991228104 0.482595562934875 0.493092596530914 0.506702721118927 0.503427386283875 0.508653342723846 0.502434909343719 0.495085269212723 0.50848788022995 0.500029325485229 0.48982235789299 0.49410155415535 0.482681185007095 0.470194518566132 0.46565642952919 0.460824579000473 0.440823912620544 0.42827570438385 0.43281477689743 0.450080692768097 0.470609724521637 0.471295267343521 0.45417183637619 0.44597515463829 0.438634276390076 0.44250476360321 0.447927594184875 0.440159946680069 0.446054905653 0.445459842681885 0.442336201667786 0.440934091806412
-3.4e+38 -3.4e+38 -3.4e+38 -3.4e+38 -3.4e+38 -3.4e+38 -3.4e+38 0.442104130983353 0.465185165405273 0.47269007563591 0.471196532249451 0.466556429862976 0.468479931354523 0.477719753980637 0.487307727336884 0.495869904756546 0.49596843123436 0.501440167427063 0.505028605461121 0.502995073795319 0.501137495040894 0.485299170017242 0.486014574766159 0.499960869550705 0.479047447443008 0.467221945524216 0.463381290435791 0.450310856103897 0.450644433498383 0.452808737754822 0.449522405862808 0.434373021125793 0.422205150127411 0.421496570110321 0.429219216108322 0.450022011995316 0.461044639348984 0.451451927423477 0.44224151968956 0.442330598831177 0.448858708143234 0.444761455059052 0.438553184270859 0.452600389719009 0.449719130992889 0.437631607055664 0.443688333034515
-3.4e+38 -3.4e+38 -3.4e+38 -3.4e+38 -3.4e+38 -3.4e+38 0.446454674005508 0.443612605333328 0.468299567699432 0.474980503320694 0.480252593755722 0.482699632644653 0.472090989351273 0.474418520927429 0.489329248666763 0.503419041633606 0.503649473190308 0.48643895983696 0.481432735919952 0.484332710504532 0.476459920406342 0.463978171348572 0.464296221733093 0.462328374385834 0.44297194480896 0.438343346118927 0.430245012044907 0.427254319190979 0.433789312839508 0.438208431005478 0.439667880535126 0.429381877183914 0.422437340021133 0.416599303483963 0.419730067253113 0.441753536462784 0.46056067943573 0.470230340957642 0.461937695741653 0.454309403896332 0.462193816900253 0.455698281526566 0.451358437538147 0.453887403011322 0.450887978076935 0.445807754993439 0.448978245258331
-3.4e+38 -3.4e+38 -3.4e+38 -3.4e+38 -3.4e+38 0.471741795539856 0.456178307533264 0.448520332574844 0.471347510814667 0.483751863241196 0.484809160232544 0.479605704545975 0.458726167678833 0.460607916116714 0.478399574756622 0.487580507993698 0.483611434698105 0.458494752645493 0.458268076181412 0.455313265323639 0.446150064468384 0.436567574739456 0.428319245576859 0.421771734952927 0.421800076961517 0.42416375875473 0.42195737361908 0.42595112323761 0.42631396651268 0.436468929052353 0.438617676496506 0.43150919675827 0.437163889408112 0.436445146799088 0.440670222043991 0.453375816345215 0.467673391103745 0.480327159166336 0.470357656478882 0.459744155406952 0.466520965099335 0.466014683246613 0.467519372701645 0.467906564474106 0.467368572950363 0.46532928943634 0.462621837854385
-3.4e+38 -3.4e+38 -3.4e+38 -3.4e+38 0.448095798492432 0.446828752756119 0.440973997116089 0.448669672012329 0.47167244553566 0.487742453813553 0.48141998052597 0.464836567640305 0.456560164690018 0.457584410905838 0.468462377786636 0.470622986555099 0.458358645439148 0.447998583316803 0.45088729262352 0.431303858757019 0.421116769313812 0.41853255033493 0.408766567707062 0.415975511074066 0.422102987766266 0.422111928462982 0.431965291500092 0.439194619655609 0.438543111085892 0.449696511030197 0.449768304824829 0.449765831232071 0.459940016269684 0.459704011678696 0.462096393108368 0.461757779121399 0.457681834697723 0.46485236287117 0.469008892774582 0.46566316485405 0.465381562709808 0.463212847709656 0.465969443321228 0.46678701043129 0.474345326423645 0.476076155900955 0.474521964788437
-3.4e+38 -3.4e+38 -3.4e+38 0.441398322582245 0.437591850757599 0.433683216571808 0.439429968595505 0.451146453619003 0.468187302350998 0.483937084674835 0.488129734992981 0.47633945941925 0.462474256753922 0.460063695907593 0.46810507774353 0.467013895511627 0.449443459510803 0.4351487159729 0.43084180355072 0.423214584589005 0.421442598104477 0.416628897190094 0.409193694591522 0.420065730810165 0.422284781932831 0.428943812847137 0.445901840925217 0.45153272151947 0.453786224126816 0.460284978151321 0.457749992609024 0.457504481077194 0.460359752178192 0.460598081350327 0.462279409170151 0.461180776357651 0.45591327548027 0.463291257619858 0.475596457719803 0.474593430757523 0.471535861492157 0.46627402305603 0.464942336082458 0.461614459753036 0.467119604349136 0.469142347574234 0.470241010189056
-3.4e+38 -3.4e+38 0.437933325767517 0.432857662439346 0.423526495695114 0.43120402097702 0.449965268373489 0.452924609184265 0.459958463907242 0.473648577928543 0.481784701347351 0.477984219789505 0.466513633728027 0.461919456720352 0.465550005435944 0.460500806570053 0.449473530054092 0.437610864639282 0.43451315164566 0.438889265060425 0.426128029823303 0.415746122598648 0.418943256139755 0.427325248718262 0.431244164705276 0.441088855266571 0.452999442815781 0.462624073028564 0.461550891399384 0.457567662000656 0.457998096942902 0.452449768781662 0.453344315290451 0.458545386791229 0.46355926990509 0.47017702460289 0.478764981031418 0.481481343507767 0.48036715388298 0.4806769490242 0.484115183353424 0.481312602758408 0.47222688794136 0.462158173322678 0.462851136922836 0.462990075349808 0.461797118186951
-3.4e+38 0.453206479549408 0.448235988616943 0.441924661397934 0.44116273522377 0.444370239973068 0.449177622795105 0.447876751422882 0.446863144636154 0.446941554546356 0.454531192779541 0.460317611694336 0.456883758306503 0.457457721233368 0.46272274851799 0.457877993583679 0.454251617193222 0.450755923986435 0.452314972877502 0.449384331703186 0.432969599962234 0.431380748748779 0.441204935312271 0.442817956209183 0.444851756095886 0.449252873659134 0.440853208303452 0.442555576562881 0.457434743642807 0.457339495420456 0.457800149917603 0.45780012011528 0.456444174051285 0.460688889026642 0.470190852880478 0.483926802873611 0.4971644282341 0.488267064094543 0.473371356725693 0.477000087499619 0.485343605279922 0.485479205846786 0.476022243499756 0.467823058366776 0.470175534486771 0.465242564678192 0.461188912391663
0.424450188875198 0.438237249851227 0.43490731716156 0.438775688409805 0.451706826686859 0.439549684524536 0.435721337795258 0.434382081031799 0.426587224006653 0.423844158649445 0.429484993219376 0.437954723834991 0.44116398692131 0.449852973222733 0.459068536758423 0.459965914487839 0.458006083965302 0.45467609167099 0.458265602588654 0.452220231294632 0.440974801778793 0.443232655525208 0.452311873435974 0.454349756240845 0.453632593154907 0.455391526222229 0.447341352701187 0.445643573999405 0.46457776427269 0.462749749422073 0.452492833137512 0.452251642942429 0.460923910140991 0.470113933086395 0.476885110139847 0.478469997644424 0.48849493265152 0.492409020662308 0.478876441717148 0.474644303321838 0.477810174226761 0.472748667001724 0.464207649230957 0.465910106897354 0.472289472818375 0.466713428497314 0.469624400138855
