data/trimmed_ndre/Od_ndre.731.2012_no_clouds.asc
NCOLS 144 
NROWS 65 
XLLCORNER 512965 
YLLCORNER 5150865 
CELLSIZE 5 
NODATA_value -3.4e+38 
[rows 21 to 41 of 65, columns 47 to 93 of 144]
0.248796299099922 0.253858536481857 0.247638076543808 0.238998994231224 0.236433476209641 0.236000746488571 0.226825878024101 0.232117965817451 0.231023356318474 0.226623460650444 0.226328119635582 0.220659539103508 0.229647815227509 0.244402766227722 0.245856285095215 0.233392894268036 0.229528576135635 0.233895197510719 0.227116286754608 0.226830035448074 0.227089002728462 0.226732328534126 0.233848407864571 0.228610783815384 0.22119128704071 0.225462704896927 0.230329900979996 0.226228818297386 0.220868110656738 0.21791099011898 0.22041742503643 0.217502072453499 0.210434213280678 0.201326563954353 0.190694272518158 0.192793875932693 0.202888071537018 0.204861372709274 0.193361803889275 0.197709560394287 0.207480281591415 0.196863576769829 0.188375487923622 0.182516425848007 0.182210832834244 0.186189547181129 0.187132373452187
0.243199795484543 0.240476936101913 0.230326443910599 0.22737130522728 0.227120727300644 0.235364094376564 0.232890710234642 0.230585262179375 0.226742655038834 0.221270710229874 0.222600936889648 0.219123557209969 0.21562847495079 0.220461696386337 0.225552797317505 0.220779061317444 0.222955226898193 0.224484339356422 0.215178683400154 0.215511292219162 0.217591643333435 0.221516519784927 0.224029406905174 0.219071313738823 0.219892993569374 0.217563778162003 0.21303828060627 0.210577234625816 0.21058663725853 0.208990707993507 0.212628796696663 0.206020161509514 0.204150393605232 0.201479196548462 0.187023594975471 0.179378464818001 0.187823817133904 0.198654964566231 0.188854217529297 0.192927479743958 0.200743496417999 0.193474739789963 0.190261870622635 0.179579719901085 0.173718094825745 0.174687877297401 0.176738545298576
0.226000994443893 0.220287755131721 0.217993304133415 0.218429714441299 0.215492129325867 0.228414073586464 0.230024263262749 0.221264377236366 0.219177454710007 0.212905824184418 0.223397374153137 0.225243881344795 0.212651327252388 0.206003174185753 0.212525263428688 0.21828781068325 0.213699504733086 0.208891525864601 0.206915438175201 0.215361744165421 0.216615438461304 0.215427741408348 0.212236702442169 0.211253941059113 0.220268860459328 0.21474951505661 0.205090954899788 0.205444395542145 0.202271565794945 0.196924045681953 0.196162462234497 0.194468230009079 0.191532373428345 0.182703509926796 0.177528217434883 0.177681595087051 0.178053602576256 0.179322436451912 0.180075913667679 0.191110447049141 0.183245375752449 0.171186193823814 0.172997191548347 0.171460166573524 0.170897006988525 0.171642407774925 0.174298986792564
0.202871277928352 0.197147518396378 0.20501734316349 0.216222167015076 0.218044593930244 0.21863529086113 0.21520322561264 0.21192954480648 0.21222198009491 0.206453025341034 0.221588656306267 0.230987071990967 0.222172424197197 0.210483655333519 0.210266575217247 0.215288773179054 0.206132665276527 0.201564386487007 0.204965144395828 0.219748571515083 0.226262032985687 0.21480755507946 0.199909582734108 0.198433697223663 0.208701342344284 0.205430522561073 0.202264010906219 0.208117961883545 0.199496075510979 0.184088036417961 0.175612524151802 0.180290177464485 0.187589675188065 0.184559181332588 0.185983136296272 0.188541442155838 0.182580098509789 0.170860409736633 0.170539930462837 0.180873975157738 0.16441598534584 0.153608545660973 0.160567924380302 0.169513761997223 0.173992782831192 0.175591558218002 0.18208721280098
0.194650202989578 0.191468685865402 0.196486800909042 0.213486433029175 0.213464424014091 0.202392473816872 0.205724209547043 0.203240439295769 0.203145295381546 0.206278502941132 0.213855996727943 0.222179934382439 0.221794992685318 0.213019698858261 0.215556010603905 0.212556198239326 0.210626617074013 0.210200309753418 0.206968262791634 0.216486677527428 0.220973297953606 0.209481984376907 0.1933404058218 0.184886828064919 0.191113576292992 0.192760705947876 0.181653052568436 0.183963686227798 0.186975330114365 0.181969925761223 0.172321736812592 0.178784534335136 0.19019441306591 0.188749074935913 0.19053740799427 0.19270133972168 0.195329889655113 0.167748317122459 0.160002306103706 0.172076255083084 0.158531934022903 0.156736463308334 0.166370317339897 0.1745545566082 0.178242221474648 0.179989859461784 0.184948921203613
0.19677771627903 0.195520415902138 0.196326851844788 0.193443283438683 0.197149842977524 0.195746853947639 0.192160680890083 0.189916342496872 0.19361224770546 0.190678849816322 0.186185896396637 0.198881208896637 0.208426862955093 0.208284392952919 0.222447335720062 0.211974322795868 0.203898772597313 0.209504470229149 0.204277336597443 0.202634826302528 0.201361238956451 0.20146980881691 0.199468433856964 0.18982557952404 0.186330288648605 0.181915357708931 0.155141532421112 0.146779835224152 0.162205666303635 0.17772576212883 0.183120965957642 0.185521513223648 0.184391245245934 0.178624376654625 0.178024083375931 0.183081671595573 0.186551496386528 0.163046315312386 0.162951081991196 0.173887684941292 0.165103122591972 0.167208597064018 0.173366576433182 0.181085303425789 0.182924926280975 0.187026843428612 0.185242176055908
0.189020127058029 0.185090363025665 0.178922116756439 0.168145567178726 0.188287645578384 0.189570084214211 0.172978416085243 0.180828616023064 0.178994596004486 0.177990913391113 0.1773442029953 0.190378785133362 0.197567820549011 0.199265316128731 0.205993920564651 0.189678236842155 0.189040392637253 0.193862602114677 0.192189604043961 0.196347564458847 0.189712017774582 0.18584218621254 0.185244023799896 0.181126683950424 0.178403660655022 0.178717240691185 0.173132613301277 0.16644224524498 0.170373022556305 0.180594623088837 0.18479785323143 0.183454766869545 0.175507783889771 0.17389403283596 0.172693103551865 0.171463668346405 0.172700077295303 0.168330952525139 0.178483635187149 0.177261188626289 0.169618561863899 0.174257785081863 0.178814142942429 0.186179026961327 0.194674968719482 0.199864625930786 0.201584100723267
0.182795524597168 0.183407127857208 0.166363850235939 0.157022714614868 0.183376535773277 0.182750657200813 0.165236264467239 0.168169543147087 0.162430226802826 0.175652846693993 0.190296068787575 0.194511100649834 0.187160059809685 0.184897497296333 0.185152426362038 0.173654645681381 0.175546675920486 0.179199770092964 0.179332807660103 0.179903760552406 0.168198347091675 0.166879504919052 0.16810105741024 0.166268512606621 0.161131724715233 0.167672574520111 0.18441778421402 0.193316966295242 0.189162835478783 0.179729610681534 0.175965458154678 0.170916646718979 0.168213590979576 0.182468250393867 0.192893743515015 0.175875976681709 0.173216670751572 0.180958166718483 0.18782240152359 0.172780409455299 0.163899973034859 0.17345304787159 0.18073770403862 0.191078662872314 0.209945157170296 0.220404058694839 0.223765417933464
0.189807713031769 0.192683473229408 0.167227923870087 0.159272357821465 0.179701194167137 0.176277935504913 0.172393009066582 0.16965739428997 0.16536058485508 0.175362318754196 0.188856840133667 0.188456654548645 0.173774182796478 0.161664083600044 0.166238561272621 0.168033421039581 0.16600738465786 0.175136893987656 0.174014523625374 0.167636126279831 0.161997392773628 0.164389818906784 0.172280445694923 0.176073417067528 0.173940271139145 0.172392845153809 0.185710221529007 0.196313187479973 0.193215876817703 0.183370292186737 0.178697004914284 0.172100380063057 0.166810721158981 0.186429083347321 0.204077556729317 0.183597207069397 0.182472169399261 0.188851550221443 0.181755796074867 0.172242477536201 0.168654680252075 0.174989506602287 0.182571306824684 0.195272862911224 0.222679600119591 0.239519119262695 0.241156160831451
0.190445065498352 0.194641023874283 0.174580127000809 0.170071125030518 0.178186297416687 0.178578346967697 0.188319176435471 0.184233531355858 0.179755687713623 0.183902159333229 0.190795063972473 0.187785610556602 0.167235866189003 0.151621133089066 0.160855621099472 0.166575029492378 0.16434183716774 0.174549177289009 0.172975316643715 0.171209722757339 0.172380596399307 0.170087337493896 0.175706744194031 0.179247170686722 0.180733263492584 0.174184083938599 0.178409203886986 0.185938164591789 0.181020617485046 0.178341075778008 0.180153995752335 0.177354052662849 0.167286053299904 0.17215384542942 0.182621166110039 0.177489414811134 0.190599992871284 0.190508499741554 0.178941160440445 0.183378115296364 0.184502094984055 0.180349722504616 0.184799253940582 0.193826273083687 0.233745977282524 0.252213031053543 0.253261119127274
0.178676694631577 0.181166023015976 0.178724408149719 0.174802139401436 0.171498119831085 0.180424571037292 0.193978309631348 0.188494846224785 0.181646808981895 0.18022908270359 0.183100119233131 0.180841520428658 0.165921047329903 0.162120878696442 0.180727645754814 0.185600057244301 0.180086344480515 0.180718928575516 0.174546241760254 0.177861541509628 0.180957019329071 0.177469804883003 0.178064376115799 0.174248933792114 0.172066673636436 0.170156881213188 0.177521780133247 0.174822762608528 0.163729399442673 0.169851407408714 0.183302983641624 0.187103435397148 0.17541067302227 0.175975799560547 0.180457562208176 0.18107408285141 0.193539619445801 0.190605625510216 0.1771429926157 0.181718707084656 0.188243612647057 0.187431469559669 0.192748382687569 0.214594036340714 0.256214559078217 0.260821670293808 0.256398916244507
0.19159859418869 0.188184797763824 0.17855429649353 0.177239656448364 0.167919680476189 0.175674915313721 0.187643602490425 0.178531587123871 0.174096494913101 0.173861265182495 0.174927890300751 0.169603481888771 0.159655496478081 0.167773172259331 0.191479593515396 0.192438408732414 0.185725778341293 0.179579466581345 0.171860605478287 0.180031552910805 0.186106935143471 0.181861877441406 0.178027957677841 0.168975546956062 0.163425996899605 0.168226733803749 0.182426616549492 0.181183040142059 0.174284726381302 0.179927125573158 0.19129504263401 0.199233487248421 0.188748404383659 0.184976115822792 0.193721756339073 0.199464023113251 0.199029073119164 0.185888767242432 0.167609095573425 0.174384474754333 0.190126016736031 0.184924617409706 0.203381836414337 0.244359582662582 0.273617774248123 0.266519814729691 0.265380144119263
0.21274921298027 0.198010846972466 0.185150608420372 0.190463274717331 0.189418032765388 0.191253691911697 0.188194409012794 0.180544286966324 0.173241630196571 0.177421882748604 0.181800916790962 0.174062386155128 0.167300760746002 0.171993061900139 0.180833786725998 0.178055986762047 0.179107829928398 0.170671746134758 0.164373785257339 0.171730116009712 0.179416194558144 0.182015225291252 0.181350752711296 0.177553817629814 0.169623956084251 0.172379121184349 0.188344150781631 0.194422274827957 0.194560796022415 0.196621865034103 0.199706211686134 0.200828313827515 0.200550928711891 0.204992458224297 0.214849829673767 0.219833686947823 0.208396002650261 0.188379168510437 0.171709716320038 0.177128568291664 0.189899876713753 0.184435814619064 0.207555204629898 0.248170346021652 0.280390650033951 0.279361754655838 0.27834340929985
0.216162726283073 0.205531105399132 0.194702833890915 0.191923186182976 0.19355508685112 0.196448460221291 0.194788962602615 0.195824310183525 0.175732895731926 0.174357458949089 0.186268597841263 0.177915066480637 0.168696016073227 0.171362444758415 0.167732134461403 0.172228813171387 0.188781425356865 0.186542585492134 0.180058434605598 0.182119801640511 0.183302745223045 0.187261655926704 0.195712044835091 0.206559106707573 0.196834310889244 0.186759158968925 0.195171341300011 0.198324173688889 0.195594176650047 0.202163845300674 0.202974498271942 0.19744248688221 0.209119185805321 0.222866624593735 0.228802084922791 0.225422903895378 0.217650353908539 0.206056535243988 0.186963126063347 0.189846411347389 0.190298661589622 0.193998828530312 0.224631443619728 0.260748147964478 0.292066723108292 0.28600350022316 0.274705052375793
0.208101496100426 0.207715556025505 0.212367385625839 0.210720166563988 0.206278309226036 0.200735881924629 0.198859915137291 0.198747783899307 0.184804409742355 0.189443275332451 0.197165280580521 0.189995020627975 0.178405597805977 0.189039319753647 0.179620578885078 0.16908623278141 0.180408746004105 0.192734956741333 0.200953423976898 0.20146718621254 0.201781705021858 0.207906305789948 0.201408267021179 0.203060835599899 0.205564260482788 0.195531561970711 0.200609192252159 0.204568833112717 0.202256485819817 0.216411381959915 0.217955574393272 0.211330056190491 0.222289025783539 0.233266398310661 0.236216619610786 0.221455603837967 0.217665001749992 0.210218101739883 0.194250524044037 0.195475205779076 0.185723423957825 0.195575907826424 0.23446050286293 0.260066151618958 0.292515516281128 0.279869318008423 0.257250219583511
0.222331926226616 0.223642453551292 0.228606730699539 0.230416193604469 0.22736993432045 0.217256188392639 0.215915665030479 0.215201914310455 0.205346122384071 0.20810255408287 0.208820566534996 0.211042165756226 0.214015424251556 0.205508634448051 0.190569475293159 0.178604036569595 0.179034844040871 0.192407965660095 0.203298360109329 0.194565072655678 0.192200407385826 0.20907036960125 0.205163866281509 0.196323543787003 0.197005540132523 0.192241534590721 0.204004883766174 0.211296021938324 0.212087869644165 0.223138347268105 0.229721128940582 0.234114214777946 0.241383820772171 0.235626697540283 0.223473057150841 0.210709288716316 0.210230812430382 0.202221170067787 0.193975165486336 0.199503883719444 0.192653223872185 0.21331687271595 0.247904866933823 0.267861604690552 0.285379111766815 0.278717339038849 0.257016658782959
0.234545454382896 0.233960762619972 0.230208709836006 0.228076934814453 0.229158014059067 0.223810195922852 0.224825859069824 0.227308377623558 0.215887382626534 0.208358496427536 0.198663637042046 0.190696105360985 0.20574414730072 0.208924815058708 0.203582316637039 0.203332424163818 0.198799982666969 0.201317146420479 0.203070133924484 0.18814192712307 0.183673053979874 0.207777887582779 0.223221749067307 0.211208045482635 0.196177840232849 0.201318919658661 0.215728923678398 0.216869220137596 0.218326777219772 0.217808082699776 0.218037009239197 0.235869452357292 0.246982157230377 0.231874942779541 0.210670053958893 0.203095316886902 0.208805456757545 0.206863954663277 0.20867246389389 0.225582033395767 0.236663147807121 0.253312200307846 0.280905604362488 0.294363886117935 0.297799497842789 0.288564652204514 0.272400498390198
0.23821622133255 0.237788826227188 0.238836616277695 0.231793716549873 0.230176761746407 0.225703522562981 0.229291349649429 0.233721688389778 0.218321487307549 0.20661036670208 0.196176946163177 0.186926200985909 0.192156702280045 0.20740619301796 0.211415305733681 0.2139862626791 0.21292619407177 0.216048777103424 0.212680265307426 0.196681752800941 0.19285686314106 0.205093681812286 0.209434285759926 0.20065738260746 0.193744406104088 0.202838182449341 0.208739310503006 0.210617497563362 0.217927351593971 0.228146925568581 0.228235214948654 0.230318203568459 0.228189632296562 0.219178095459938 0.202489480376244 0.190810784697533 0.197249427437782 0.203457295894623 0.209675446152687 0.250218212604523 0.288434863090515 0.292855948209763 0.314028918743134 0.315498411655426 0.306822508573532 0.295509994029999 0.290886342525482
0.24040462076664 0.252074420452118 0.26059827208519 0.245526164770126 0.243121564388275 0.237759873270988 0.240420013666153 0.238411873579025 0.221305310726166 0.20554518699646 0.204811453819275 0.203584283590317 0.192562147974968 0.197724804282188 0.202222496271133 0.202514722943306 0.209898859262466 0.207021027803421 0.205447688698769 0.202371194958687 0.20732194185257 0.216256439685822 0.206942796707153 0.189767390489578 0.191701114177704 0.196438252925873 0.198610335588455 0.204636752605438 0.2191142141819 0.232478514313698 0.231529265642166 0.214443653821945 0.202455222606659 0.200872287154198 0.195250675082207 0.198510274291039 0.204650163650513 0.212532967329025 0.228038996458054 0.272899180650711 0.316851824522018 0.324204742908478 0.338907539844513 0.316646844148636 0.298460632562637 0.300092190504074 0.300363123416901
0.258007735013962 0.26349401473999 0.261277586221695 0.255317389965057 0.260766088962555 0.253993630409241 0.252452790737152 0.23649799823761 0.212407678365707 0.200832024216652 0.204021841287613 0.209685876965523 0.203056767582893 0.189015761017799 0.181774005293846 0.183048516511917 0.187615096569061 0.18218232691288 0.183523416519165 0.193972647190094 0.206242874264717 0.213653415441513 0.20756109058857 0.194681033492088 0.196444779634476 0.207439392805099 0.21615794301033 0.213107094168663 0.210113346576691 0.216003686189651 0.21907052397728 0.210724025964737 0.194905072450638 0.189444437623024 0.193479657173157 0.208744466304779 0.218481987714767 0.241415843367577 0.28577846288681 0.313726335763931 0.333099603652954 0.341316223144531 0.33842396736145 0.3151915371418 0.302541971206665 0.309443295001984 0.306476026773453
0.265136122703552 0.261520981788635 0.253349125385284 0.253235012292862 0.259899735450745 0.258940994739532 0.261955976486206 0.23951730132103 0.208298593759537 0.203225374221802 0.186881199479103 0.191537722945213 0.203158542513847 0.184265241026878 0.179208531975746 0.178944379091263 0.179838493466377 0.184493169188499 0.180963784456253 0.187658622860909 0.200836524367332 0.214225605130196 0.222166240215302 0.215462550520897 0.210754588246346 0.223722025752068 0.235373288393021 0.23339906334877 0.223075851798058 0.215927213430405 0.213473871350288 0.211411356925964 0.204606801271439 0.201976403594017 0.206651866436005 0.221787005662918 0.232445359230042 0.250609755516052 0.294443696737289 0.330037146806717 0.34679114818573 0.343485116958618 0.334093064069748 0.321115434169769 0.301325052976608 0.286169171333313 0.279297173023224
