data/trimmed_ndre/Od_ndre.610.2009_no_clouds.asc
NCOLS 144 
NROWS 65 
XLLCORNER 512965 
YLLCORNER 5150865 
CELLSIZE 5 
NODATA_value -3.4e+38 
[rows 21 to 41 of 65, columns 47 to 93 of 144]
0.439619868993759 0.436901152133942 0.418748587369919 0.411818861961365 0.410841584205627 0.420343697071075 0.430600941181183 0.428537666797638 0.420137971639633 0.417444199323654 0.424481391906738 0.435883462429047 0.420850425958633 0.409488677978516 0.417859643697739 0.413258045911789 0.408380806446075 0.416877061128616 0.415159583091736 0.411166578531265 0.411631196737289 0.406311333179474 0.403473109006882 0.410971462726593 0.42325234413147 0.414777338504791 0.413158118724823 0.40258315205574 0.394714534282684 0.402697831392288 0.395743817090988 0.396491080522537 0.405353128910065 0.401494711637497 0.388821303844452 0.38592541217804 0.387544274330139 0.393208533525467 0.388797610998154 0.373183906078339 0.371657311916351 0.394244849681854 0.392315328121185 0.387802958488464 0.392767131328583 0.40877890586853 0.422307550907135
0.413396865129471 0.41700604557991 0.419880449771881 0.414008021354675 0.399919718503952 0.396417319774628 0.400553405284882 0.402858555316925 0.399941325187683 0.399651378393173 0.405555367469788 0.409035384654999 0.399027526378632 0.395421594381332 0.407137095928192 0.406053841114044 0.407837510108948 0.411881178617477 0.41127347946167 0.401685565710068 0.402872532606125 0.404489785432816 0.397499054670334 0.39780393242836 0.407966405153275 0.404998928308487 0.400410950183868 0.396442741155624 0.395507574081421 0.396244257688522 0.386829733848572 0.387772858142853 0.38693168759346 0.380143523216248 0.384833484888077 0.386473029851913 0.375856339931488 0.379554092884064 0.388997822999954 0.381664991378784 0.373330950737 0.387065500020981 0.388149827718735 0.397476464509964 0.410450309514999 0.414331197738647 0.426131725311279
0.403173387050629 0.385996729135513 0.380264520645142 0.379402846097946 0.384985685348511 0.385117769241333 0.376685410737991 0.377093136310577 0.380402714014053 0.386781334877014 0.388810962438583 0.383750766515732 0.386836677789688 0.395120441913605 0.390905410051346 0.393550038337708 0.407263040542603 0.401673525571823 0.385768294334412 0.381179213523865 0.395845890045166 0.388132214546204 0.37487405538559 0.380854427814484 0.385995179414749 0.381658256053925 0.379114001989365 0.388112664222717 0.384890168905258 0.375504434108734 0.370726197957993 0.376572042703629 0.374284774065018 0.37241330742836 0.379793882369995 0.371703654527664 0.362291783094406 0.37078994512558 0.384196847677231 0.385229021310806 0.379658758640289 0.384480684995651 0.387025088071823 0.403642237186432 0.418289959430695 0.410020887851715 0.416980415582657
0.406072080135345 0.377664864063263 0.359801799058914 0.358854949474335 0.369260340929031 0.377294331789017 0.370052337646484 0.368187427520752 0.379285603761673 0.39234459400177 0.398340702056885 0.390415042638779 0.388667851686478 0.383077144622803 0.373643070459366 0.390509754419327 0.411371856927872 0.389930039644241 0.365010172128677 0.370827913284302 0.389609634876251 0.383098751306534 0.363565355539322 0.362546682357788 0.372152060270309 0.367526292800903 0.362179726362228 0.37056565284729 0.363005608320236 0.362555265426636 0.368928670883179 0.372266680002213 0.374866843223572 0.369459331035614 0.373800903558731 0.37883734703064 0.379801541566849 0.380058616399765 0.381908088922501 0.385634392499924 0.39247128367424 0.394974708557129 0.393828958272934 0.40357494354248 0.42556044459343 0.427282005548477 0.424689650535583
0.361919760704041 0.348092317581177 0.350151717662811 0.34863093495369 0.348487675189972 0.349649876356125 0.345838636159897 0.350001573562622 0.367402315139771 0.38353955745697 0.391310781240463 0.390633225440979 0.392081290483475 0.386880815029144 0.379556804895401 0.389934122562408 0.399874210357666 0.378774672746658 0.377529680728912 0.381594091653824 0.369371652603149 0.364912301301956 0.354769110679626 0.359661966562271 0.372865349054337 0.364575535058975 0.361213594675064 0.368461906909943 0.368995636701584 0.37746724486351 0.382232785224915 0.379776239395142 0.38549017906189 0.379602700471878 0.38316485285759 0.400568723678589 0.406376123428345 0.401507407426834 0.392527759075165 0.391204506158829 0.397766828536987 0.405493021011353 0.406464517116547 0.402762919664383 0.417831629514694 0.428362101316452 0.417398899793625
0.339647114276886 0.338792830705643 0.342732548713684 0.339929282665253 0.339198231697083 0.342358857393265 0.348434269428253 0.351854592561722 0.353169500827789 0.358791708946228 0.370605766773224 0.381037443876266 0.380366563796997 0.383271068334579 0.391461730003357 0.387555032968521 0.380398392677307 0.378167748451233 0.389012336730957 0.384481310844421 0.359052091836929 0.355065375566483 0.35986864566803 0.371148765087128 0.377663373947144 0.369157403707504 0.366538196802139 0.380970448255539 0.390984743833542 0.393651723861694 0.396331191062927 0.398528248071671 0.403262048959732 0.399074882268906 0.399891555309296 0.404579788446426 0.403968870639801 0.398525238037109 0.393398612737656 0.393959075212479 0.396318823099136 0.411124259233475 0.419566124677658 0.418008625507355 0.423154592514038 0.423877328634262 0.411563456058502
0.34673935174942 0.344390749931335 0.343984305858612 0.341628521680832 0.344118922948837 0.354290425777435 0.366989463567734 0.367309153079987 0.360809475183487 0.359021931886673 0.371110022068024 0.373563766479492 0.368217170238495 0.3765027821064 0.393368989229202 0.395165324211121 0.376904100179672 0.371727377176285 0.374580323696136 0.378211259841919 0.37261688709259 0.364252269268036 0.374852687120438 0.375833302736282 0.38197261095047 0.379893004894257 0.3717922270298 0.38910773396492 0.394537836313248 0.384281843900681 0.399869590997696 0.413122832775116 0.418589979410172 0.412054836750031 0.406896978616714 0.397809207439423 0.387265712022781 0.381531804800034 0.386828869581223 0.390282332897186 0.396115988492966 0.410848796367645 0.41641953587532 0.413052558898926 0.416437953710556 0.423975646495819 0.430067986249924
0.368804335594177 0.359983086585999 0.36059433221817 0.365194648504257 0.366631865501404 0.371719539165497 0.380866140127182 0.381601393222809 0.37273308634758 0.36207902431488 0.365154564380646 0.370147079229355 0.371426612138748 0.371977239847183 0.383947610855103 0.384127229452133 0.368555694818497 0.364660501480103 0.367563128471375 0.376575976610184 0.383179575204849 0.384171277284622 0.399588793516159 0.383466392755508 0.387234389781952 0.399432182312012 0.393260538578033 0.388662427663803 0.378326743841171 0.376335769891739 0.402015030384064 0.416135519742966 0.424280256032944 0.42022106051445 0.400032639503479 0.380474746227264 0.369696497917175 0.373503834009171 0.382348269224167 0.378155887126923 0.385684102773666 0.404257953166962 0.401724457740784 0.399123936891556 0.403310060501099 0.41677463054657 0.425733804702759
0.406890749931335 0.393838167190552 0.392970204353333 0.389840871095657 0.385843843221664 0.385218322277069 0.388215273618698 0.383810192346573 0.384224593639374 0.382138729095459 0.364486753940582 0.367280840873718 0.374205827713013 0.368925005197525 0.37518772482872 0.382567495107651 0.379365861415863 0.376382291316986 0.38238725066185 0.382613450288773 0.380827248096466 0.393981724977493 0.405904084444046 0.387543261051178 0.385763138532639 0.393082857131958 0.396110475063324 0.392236351966858 0.390238642692566 0.393384248018265 0.405803233385086 0.414719104766846 0.417267054319382 0.413877248764038 0.393280744552612 0.377795964479446 0.376144796609879 0.385544121265411 0.395559728145599 0.37655633687973 0.385595351457596 0.403189182281494 0.396074295043945 0.405302673578262 0.412469983100891 0.422932296991348 0.43832990527153
0.398398011922836 0.392765730619431 0.397592186927795 0.398410558700562 0.387713581323624 0.384295731782913 0.390217036008835 0.388479888439178 0.393636465072632 0.39150470495224 0.365558177232742 0.363146543502808 0.370740115642548 0.375113606452942 0.379908591508865 0.391381323337555 0.39043390750885 0.384122312068939 0.396214514970779 0.392177432775497 0.387164115905762 0.389413565397263 0.378899395465851 0.374383896589279 0.388118177652359 0.395117282867432 0.396790325641632 0.399435371160507 0.40892893075943 0.409408211708069 0.395227462053299 0.394545763731003 0.402733653783798 0.403384625911713 0.394707232713699 0.385002702474594 0.386484652757645 0.389234989881516 0.394886493682861 0.391735196113586 0.404097139835358 0.418800979852676 0.412119269371033 0.413499116897583 0.436598688364029 0.457278698682785 0.475013077259064
0.374908864498138 0.378183454275131 0.383040755987167 0.391128718852997 0.376702755689621 0.359543323516846 0.364710688591003 0.379534304141998 0.385457187891006 0.377144157886505 0.3594591319561 0.358874201774597 0.377078533172607 0.383589774370193 0.382805198431015 0.383722007274628 0.387284278869629 0.387631088495255 0.396941184997559 0.403423696756363 0.401193857192993 0.400517016649246 0.380208671092987 0.37524151802063 0.396358072757721 0.401069343090057 0.391232639551163 0.388542860746384 0.398534387350082 0.40454512834549 0.393537878990173 0.382146120071411 0.387220025062561 0.394715338945389 0.404815942049026 0.413635224103928 0.421994209289551 0.406666129827499 0.407157182693481 0.423347890377045 0.425703555345535 0.422207564115524 0.429845541715622 0.443173617124557 0.458430677652359 0.481552243232727 0.501431524753571
0.378493189811707 0.382668286561966 0.381245702505112 0.379428029060364 0.370326310396194 0.357272505760193 0.355560481548309 0.368367701768875 0.371543943881989 0.364019870758057 0.357176095247269 0.369198441505432 0.381740361452103 0.376575767993927 0.371217638254166 0.37973153591156 0.382503032684326 0.38356015086174 0.390017837285995 0.412178516387939 0.412934213876724 0.411005854606628 0.398915857076645 0.389281958341599 0.393198490142822 0.39542430639267 0.391029506921768 0.402481913566589 0.414925754070282 0.410688102245331 0.407559841871262 0.393467992544174 0.378960579633713 0.384742856025696 0.399856805801392 0.427799880504608 0.44111242890358 0.426701068878174 0.414443075656891 0.418911635875702 0.425214827060699 0.432285100221634 0.443841874599457 0.456731259822845 0.457684308290482 0.481644064188004 0.497571855783463
0.391333937644958 0.384499698877335 0.380766630172729 0.386224359273911 0.392395615577698 0.392485350370407 0.39118030667305 0.384419977664948 0.376577496528625 0.368082851171494 0.367179095745087 0.383823096752167 0.378242909908295 0.376266211271286 0.367012679576874 0.374212831258774 0.386825412511826 0.386483579874039 0.38920983672142 0.405310332775116 0.403190642595291 0.393358945846558 0.39255502820015 0.396953731775284 0.394426912069321 0.401948064565659 0.408827096223831 0.408623874187469 0.416040569543839 0.416557312011719 0.413594245910645 0.39860600233078 0.392717391252518 0.395274043083191 0.398228943347931 0.422236323356628 0.435167253017426 0.429896473884583 0.427365273237228 0.423548221588135 0.427495926618576 0.438123881816864 0.436328113079071 0.432690113782883 0.448399245738983 0.466524869203568 0.469534307718277
0.38154810667038 0.383993476629257 0.390361458063126 0.403893738985062 0.412377119064331 0.400834888219833 0.386040270328522 0.386376559734344 0.394649803638458 0.382189601659775 0.378060042858124 0.39886087179184 0.39986178278923 0.381638497114182 0.370871216058731 0.380167692899704 0.396310985088348 0.391745626926422 0.382342785596848 0.389259427785873 0.389815777540207 0.374051004648209 0.37703064084053 0.40196830034256 0.416725218296051 0.404622852802277 0.404969304800034 0.404706597328186 0.407580971717834 0.422370851039886 0.422485023736954 0.404806673526764 0.41331872344017 0.422914654016495 0.424229592084885 0.433353394269943 0.436452269554138 0.44035342335701 0.445263653993607 0.438410490751266 0.419889867305756 0.425752550363541 0.441565126180649 0.443797200918198 0.46429044008255 0.47341251373291 0.462356179952621
0.381640762090683 0.387762516736984 0.403623521327972 0.402112126350403 0.394188523292542 0.388119727373123 0.385999083518982 0.393947333097458 0.397981345653534 0.380615234375 0.379635810852051 0.393458843231201 0.395321935415268 0.387102514505386 0.37602710723877 0.381559580564499 0.391855657100677 0.399048238992691 0.393003225326538 0.390711814165115 0.401189863681793 0.393327206373215 0.387236565351486 0.39477276802063 0.397958219051361 0.390777140855789 0.395348370075226 0.403618693351746 0.398125201463699 0.399249941110611 0.424671411514282 0.433622866868973 0.431933492422104 0.442925781011581 0.441229104995728 0.437066823244095 0.434121310710907 0.43524369597435 0.439000636339188 0.435139447450638 0.420117169618607 0.424230515956879 0.440606415271759 0.449081093072891 0.47373029589653 0.482919663190842 0.472421795129776
0.413924217224121 0.410992473363876 0.420374989509583 0.411115080118179 0.395713180303574 0.39736419916153 0.409813493490219 0.398174405097961 0.382142901420593 0.384013593196869 0.378566592931747 0.377795070409775 0.376566112041473 0.38657283782959 0.383784294128418 0.387071520090103 0.388738602399826 0.398174732923508 0.408335566520691 0.405665844678879 0.406345039606094 0.410967528820038 0.412049889564514 0.400644481182098 0.388268053531647 0.393274068832397 0.398116171360016 0.403681397438049 0.399577260017395 0.393064349889755 0.424968123435974 0.433825552463531 0.418130904436111 0.427256435155869 0.419810563325882 0.417116224765778 0.426351815462112 0.42517563700676 0.422397911548615 0.429546862840652 0.427560955286026 0.417079567909241 0.426394313573837 0.439474612474442 0.45509934425354 0.470513224601746 0.477294385433197
0.450043797492981 0.427330613136292 0.420071303844452 0.424248993396759 0.416748046875 0.417506605386734 0.42034837603569 0.397283345460892 0.373209416866302 0.375119388103485 0.372871667146683 0.374639064073563 0.36406883597374 0.363348066806793 0.376863777637482 0.385363638401031 0.386582493782043 0.394582241773605 0.397899508476257 0.398676842451096 0.401975065469742 0.407433956861496 0.41154682636261 0.41406387090683 0.399193406105042 0.397934377193451 0.390448272228241 0.392122030258179 0.40138167142868 0.401068419218063 0.408208250999451 0.409403264522552 0.395126640796661 0.406851261854172 0.401839017868042 0.400143623352051 0.415768384933472 0.424026280641556 0.427577525377274 0.42800909280777 0.424953490495682 0.430683165788651 0.431820958852768 0.433582156896591 0.437300801277161 0.449701517820358 0.465824842453003
0.447451382875443 0.439241468906403 0.437030494213104 0.437841594219208 0.422455966472626 0.414294600486755 0.410148531198502 0.401905685663223 0.386933863162994 0.37005415558815 0.365443646907806 0.374798119068146 0.380700916051865 0.37747260928154 0.377865046262741 0.385924369096756 0.395620167255402 0.390454471111298 0.382613331079483 0.384103357791901 0.399265825748444 0.40476930141449 0.395194798707962 0.411570638418198 0.39920711517334 0.397055983543396 0.41188371181488 0.409495562314987 0.424960255622864 0.433708548545837 0.425337910652161 0.411728233098984 0.391779005527496 0.394254297018051 0.391896992921829 0.390648156404495 0.398025870323181 0.415384143590927 0.445465952157974 0.458309084177017 0.455459535121918 0.461997509002686 0.452044695615768 0.443136304616928 0.445352226495743 0.445735156536102 0.448716163635254
0.433450907468796 0.454808115959167 0.46121272444725 0.444267898797989 0.432817786931992 0.43905171751976 0.424587070941925 0.411933392286301 0.415100872516632 0.398185163736343 0.391118794679642 0.403500139713287 0.405573308467865 0.399454683065414 0.394331842660904 0.400125920772552 0.410186737775803 0.40326988697052 0.404766082763672 0.404288023710251 0.420636177062988 0.435189932584763 0.425698190927505 0.428134113550186 0.423959314823151 0.434841573238373 0.463292926549911 0.450078547000885 0.440204322338104 0.446471601724625 0.438368290662766 0.431919872760773 0.399595081806183 0.37074601650238 0.359687685966492 0.372037887573242 0.390452742576599 0.4043909907341 0.424669235944748 0.442229360342026 0.452584117650986 0.456732481718063 0.451473355293274 0.434622406959534 0.436355948448181 0.442794859409332 0.436655521392822
0.444322258234024 0.457319617271423 0.46660640835762 0.448771625757217 0.444084137678146 0.466093391180038 0.45319664478302 0.430303066968918 0.441229462623596 0.43235170841217 0.421944081783295 0.422297030687332 0.419146716594696 0.413508743047714 0.406723737716675 0.406363815069199 0.404891937971115 0.413443118333817 0.435036063194275 0.433780044317245 0.433692425489426 0.444936245679855 0.466487169265747 0.478784203529358 0.47401225566864 0.475555598735809 0.48784601688385 0.484056502580643 0.477796703577042 0.456820905208588 0.428067594766617 0.413059145212173 0.37770077586174 0.330128610134125 0.310075104236603 0.32370325922966 0.350594937801361 0.343624383211136 0.330880790948868 0.334161102771759 0.368469417095184 0.419904261827469 0.453501671552658 0.432208597660065 0.419731259346008 0.431343257427216 0.435929507017136
0.463713228702545 0.456839472055435 0.464739710092545 0.461815565824509 0.450309365987778 0.462260514497757 0.467894285917282 0.452486842870712 0.448618143796921 0.449624866247177 0.430946171283722 0.416379988193512 0.421423375606537 0.422142744064331 0.408185839653015 0.392625480890274 0.386900871992111 0.391991168260574 0.431378722190857 0.461292117834091 0.445650488138199 0.44058832526207 0.453112959861755 0.469494938850403 0.480685919523239 0.4815554022789 0.465807169675827 0.447939604520798 0.434233158826828 0.401797622442245 0.369090646505356 0.330815017223358 0.30697625875473 0.294651210308075 0.293980300426483 0.305721431970596 0.316896259784698 0.301749914884567 0.292385548353195 0.320685774087906 0.352691441774368 0.389924168586731 0.439502239227295 0.43396532535553 0.41453430056572 0.417627066373825 0.422534137964249
