data/trimmed_ndre/Od_ndre.613.2012_no_clouds.asc
NCOLS 144 
NROWS 65 
XLLCORNER 512965 
YLLCORNER 5150865 
CELLSIZE 5 
NODATA_value -3.4e+38 
[rows 21 to 41 of 65, columns 47 to 93 of 144]
0.516131937503815 0.506997406482697 0.498214840888977 0.509961247444153 0.499794214963913 0.481679111719131 0.480057656764984 0.484599143266678 0.483541756868362 0.48122164607048 0.474445760250092 0.481609761714935 0.480294495820999 0.473754554986954 0.483505457639694 0.485324561595917 0.484206408262253 0.486964255571365 0.476348310709 0.467360734939575 0.464020401239395 0.468148916959763 0.481718957424164 0.486014097929001 0.488783210515976 0.510787010192871 0.511451661586761 0.496352136135101 0.499211937189102 0.487645745277405 0.483143836259842 0.488119304180145 0.483125448226929 0.475998997688293 0.474300533533096 0.478450834751129 0.472168058156967 0.465200126171112 0.468132019042969 0.461757838726044 0.449611127376556 0.444906860589981 0.4544438123703 0.464552760124207 0.46464878320694 0.460414052009583 0.473589152097702
0.521510541439056 0.523177623748779 0.504535436630249 0.505590438842773 0.522093236446381 0.515926599502563 0.499814033508301 0.492230415344238 0.486134499311447 0.481483399868011 0.48567521572113 0.494208127260208 0.490298181772232 0.484630018472672 0.493405222892761 0.495674967765808 0.497672557830811 0.492280662059784 0.47968801856041 0.481641888618469 0.482260853052139 0.479188442230225 0.484218090772629 0.484810411930084 0.49858945608139 0.515035092830658 0.503979623317719 0.495814949274063 0.494978040456772 0.48723316192627 0.487140566110611 0.487348735332489 0.485137909650803 0.479323416948318 0.47758024930954 0.478735566139221 0.47626605629921 0.477181315422058 0.479826182126999 0.473469853401184 0.461210906505585 0.457367539405823 0.463763833045959 0.476626127958298 0.482268750667572 0.483553469181061 0.491121262311935
0.509396314620972 0.509021997451782 0.492495536804199 0.498345255851746 0.52076530456543 0.518411815166473 0.503139793872833 0.490190029144287 0.493577718734741 0.493122160434723 0.493551105260849 0.495613694190979 0.50085711479187 0.497040867805481 0.491012096405029 0.489330053329468 0.490584224462509 0.48639103770256 0.48588365316391 0.499398171901703 0.497968763113022 0.485636115074158 0.483422875404358 0.478229433298111 0.491224080324173 0.502619802951813 0.487305104732513 0.484130322933197 0.480419725179672 0.475738793611526 0.47726309299469 0.471436619758606 0.47199809551239 0.471564650535583 0.476731926202774 0.48198875784874 0.478372007608414 0.475894689559937 0.469239890575409 0.460737615823746 0.45241391658783 0.452077567577362 0.466808825731277 0.483945906162262 0.490027606487274 0.493815690279007 0.503475666046143
0.49826654791832 0.490732401609421 0.490164339542389 0.496691882610321 0.499354422092438 0.487257093191147 0.477442145347595 0.473315626382828 0.479286849498749 0.482105523347855 0.482387810945511 0.489244103431702 0.503737211227417 0.498715072870255 0.48565137386322 0.480367243289948 0.476358503103256 0.483779281377792 0.495869100093842 0.503318786621094 0.499185889959335 0.488557606935501 0.478616327047348 0.462658524513245 0.467694312334061 0.475606620311737 0.470482170581818 0.475433140993118 0.469384849071503 0.461130440235138 0.459916085004807 0.451388269662857 0.453485637903214 0.462008893489838 0.473889172077179 0.478842437267303 0.471581101417542 0.463182270526886 0.453961104154587 0.444751083850861 0.442239731550217 0.447988629341125 0.467242509126663 0.482840687036514 0.489455193281174 0.498141020536423 0.509623348712921
0.462778925895691 0.455598115921021 0.475239127874374 0.49042734503746 0.497979313135147 0.488920778036118 0.476502299308777 0.468964904546738 0.468251466751099 0.466537296772003 0.468783169984818 0.479987055063248 0.497104972600937 0.494670480489731 0.487500786781311 0.483381569385529 0.475565552711487 0.48552480340004 0.491730660200119 0.483536183834076 0.476751834154129 0.470838487148285 0.46233257651329 0.449567049741745 0.45579782128334 0.459232836961746 0.461639404296875 0.469474792480469 0.45709553360939 0.453120708465576 0.457288980484009 0.450561314821243 0.453566551208496 0.463712751865387 0.475298225879669 0.481532275676727 0.471809327602386 0.462491303682327 0.462719202041626 0.465389043092728 0.46549916267395 0.465165019035339 0.48342752456665 0.499456137418747 0.505860328674316 0.508291304111481 0.516180157661438
0.448238849639893 0.433830261230469 0.44207102060318 0.456905037164688 0.470616310834885 0.474987417459488 0.47272726893425 0.470916122198105 0.468495786190033 0.467042595148087 0.466859728097916 0.465406179428101 0.476194798946381 0.485446006059647 0.487585723400116 0.483583152294159 0.478088557720184 0.480226635932922 0.478841006755829 0.474226862192154 0.459987819194794 0.456338733434677 0.460829436779022 0.462351679801941 0.471877813339233 0.457600146532059 0.453377991914749 0.464825659990311 0.45431712269783 0.455494344234467 0.466079413890839 0.466287434101105 0.470629304647446 0.4806989133358 0.488604784011841 0.496421486139297 0.486160725355148 0.483785957098007 0.498808234930038 0.50936621427536 0.511065721511841 0.507725477218628 0.521783709526062 0.53559273481369 0.534506857395172 0.529747903347015 0.532756328582764
0.465673893690109 0.454443007707596 0.445824801921844 0.448056787252426 0.452340722084045 0.462295055389404 0.467774361371994 0.468987852334976 0.475042790174484 0.481245666742325 0.478829175233841 0.469036757946014 0.471339255571365 0.481959342956543 0.484059393405914 0.478698462247849 0.477676838636398 0.485705494880676 0.477441489696503 0.472186475992203 0.465702056884766 0.465880841016769 0.47284072637558 0.471544414758682 0.468417853116989 0.447210311889648 0.450302511453629 0.465582430362701 0.458377182483673 0.457939922809601 0.468664079904556 0.48204892873764 0.492694556713104 0.498779952526093 0.503781199455261 0.511228382587433 0.506092607975006 0.505808472633362 0.524849355220795 0.54364001750946 0.549667954444885 0.549766063690186 0.556731641292572 0.56231027841568 0.55732387304306 0.551253199577332 0.552914083003998
0.47392725944519 0.491170078516006 0.481474310159683 0.469956904649734 0.468352168798447 0.472711324691772 0.472468197345734 0.469469487667084 0.475053429603577 0.484720200300217 0.483080983161926 0.475648522377014 0.47708922624588 0.482826322317123 0.48576831817627 0.483156889677048 0.487395107746124 0.494979023933411 0.485777646303177 0.483027815818787 0.48382568359375 0.478487759828568 0.487403631210327 0.478487730026245 0.457036972045898 0.443980813026428 0.457181602716446 0.465713053941727 0.455314964056015 0.458139687776566 0.473179489374161 0.497512936592102 0.509786903858185 0.508690357208252 0.508269965648651 0.515790581703186 0.526980817317963 0.530536949634552 0.53913825750351 0.550402343273163 0.55072957277298 0.557012677192688 0.567309856414795 0.573356151580811 0.570037305355072 0.567078590393066 0.572414457798004
0.494464993476868 0.505165278911591 0.498290598392487 0.493979424238205 0.494945406913757 0.492132663726807 0.481474727392197 0.475492715835571 0.477946907281876 0.484359890222549 0.481707662343979 0.477017164230347 0.480323106050491 0.484627157449722 0.48710897564888 0.487314343452454 0.495072484016418 0.498363971710205 0.492800414562225 0.492589563131332 0.490081399679184 0.490493506193161 0.499221444129944 0.489990741014481 0.468169152736664 0.464222252368927 0.478996276855469 0.476879119873047 0.465648055076599 0.466883391141891 0.479816108942032 0.501340627670288 0.511655986309052 0.515129327774048 0.518772184848785 0.523622572422028 0.53398996591568 0.529481709003448 0.525530874729156 0.527866423130035 0.527755916118622 0.53690105676651 0.554009675979614 0.566108047962189 0.570816993713379 0.57371586561203 0.57945728302002
0.499172806739807 0.487898170948029 0.481618583202362 0.486687868833542 0.493164658546448 0.490585535764694 0.479325264692307 0.47415030002594 0.479580461978912 0.487753748893738 0.484321415424347 0.478398740291595 0.478143513202667 0.482098489999771 0.485322296619415 0.486329823732376 0.492906033992767 0.49093559384346 0.484353870153427 0.483777433633804 0.478823035955429 0.479334980249405 0.493655472993851 0.49870440363884 0.485886126756668 0.483907461166382 0.496230244636536 0.488151669502258 0.485663026571274 0.49074786901474 0.491606384515762 0.498002648353577 0.501569509506226 0.508831858634949 0.524569153785706 0.533826768398285 0.531540930271149 0.516503274440765 0.507942259311676 0.507664024829865 0.509365379810333 0.515188753604889 0.532477915287018 0.54870480298996 0.557680904865265 0.566595613956451 0.580367565155029
0.506334602832794 0.497820526361465 0.48441469669342 0.491453737020493 0.496556878089905 0.485967665910721 0.470802694559097 0.46862667798996 0.481416583061218 0.49171444773674 0.488933473825455 0.479274868965149 0.4727843105793 0.476529061794281 0.476566165685654 0.478878676891327 0.48277223110199 0.479577004909515 0.474902391433716 0.472090780735016 0.465624660253525 0.4631387591362 0.485223084688187 0.502398312091827 0.490533918142319 0.488476097583771 0.490940570831299 0.481961011886597 0.494944214820862 0.508907556533813 0.503161191940308 0.501408219337463 0.493105679750443 0.503687977790833 0.532437086105347 0.546620190143585 0.54113894701004 0.520496964454651 0.509062469005585 0.500990986824036 0.501536905765533 0.513219118118286 0.527932047843933 0.54178261756897 0.551301002502441 0.564115464687347 0.576793193817139
0.501518368721008 0.491626083850861 0.485853642225266 0.49434494972229 0.503756523132324 0.494734466075897 0.47304168343544 0.466547071933746 0.470991879701614 0.468845248222351 0.466863483190536 0.480433374643326 0.478530168533325 0.474599480628967 0.471169948577881 0.473984569311142 0.477554172277451 0.477194458246231 0.480574727058411 0.477565616369247 0.470462441444397 0.471328139305115 0.488664835691452 0.499303430318832 0.491157352924347 0.49450495839119 0.485761821269989 0.476227402687073 0.495295584201813 0.518130362033844 0.524565994739532 0.522701859474182 0.518986284732819 0.526842892169952 0.547796845436096 0.559871017932892 0.552306354045868 0.53272157907486 0.521494448184967 0.508147895336151 0.509139776229858 0.525942027568817 0.537650465965271 0.547355890274048 0.55920398235321 0.569972574710846 0.577776253223419
0.521955907344818 0.509220659732819 0.500836491584778 0.505657732486725 0.513721406459808 0.515828192234039 0.506706655025482 0.499537229537964 0.494152337312698 0.47612676024437 0.475405693054199 0.497085124254227 0.498136073350906 0.483934700489044 0.47440567612648 0.478262096643448 0.487818390130997 0.496809631586075 0.5055251121521 0.500683724880219 0.493298411369324 0.496547490358353 0.496967792510986 0.500632047653198 0.506711423397064 0.515033006668091 0.497834980487823 0.490003854036331 0.511627852916718 0.532293856143951 0.545081436634064 0.545740246772766 0.552543222904205 0.552694976329803 0.561269819736481 0.57490462064743 0.568303525447845 0.556011736392975 0.546772181987762 0.533664286136627 0.530147671699524 0.539422988891602 0.548042476177216 0.553023278713226 0.557298541069031 0.570627689361572 0.586827278137207
0.550469934940338 0.541204214096069 0.533115446567535 0.53166651725769 0.53328150510788 0.531949102878571 0.535068690776825 0.534957647323608 0.528568804264069 0.522568821907043 0.514502227306366 0.505126655101776 0.494340062141418 0.493964999914169 0.496050298213959 0.501690566539764 0.509182751178741 0.523212492465973 0.53380936384201 0.529462993144989 0.524436354637146 0.520724892616272 0.510879755020142 0.518171787261963 0.532806813716888 0.536577105522156 0.514801144599915 0.513629257678986 0.534883201122284 0.540910363197327 0.545457780361176 0.548216998577118 0.554428935050964 0.559582650661469 0.57233989238739 0.585842192173004 0.57717353105545 0.569415390491486 0.561003923416138 0.550244569778442 0.545587301254272 0.548072636127472 0.55205500125885 0.559693217277527 0.561544477939606 0.570955693721771 0.586412310600281
0.571573317050934 0.569315493106842 0.557411193847656 0.55260819196701 0.552593111991882 0.546604096889496 0.542524814605713 0.542869329452515 0.538063764572144 0.532849550247192 0.52553117275238 0.513959527015686 0.511976778507233 0.521807432174683 0.52847421169281 0.523831963539124 0.523178994655609 0.534587621688843 0.543853223323822 0.542454659938812 0.550437808036804 0.543693900108337 0.530815601348877 0.538432717323303 0.551471471786499 0.54289972782135 0.519211947917938 0.525737226009369 0.542589843273163 0.54078596830368 0.538140177726746 0.539754450321198 0.548640012741089 0.562360763549805 0.574771225452423 0.577053248882294 0.569101452827454 0.564764559268951 0.560846388339996 0.553584337234497 0.551248908042908 0.545634090900421 0.541829407215118 0.554649949073792 0.560113549232483 0.563776195049286 0.566470265388489
0.590122103691101 0.593636929988861 0.587602436542511 0.582670211791992 0.56947910785675 0.552020668983459 0.545772790908813 0.551779389381409 0.554077088832855 0.545178413391113 0.536890625953674 0.527833759784698 0.531966269016266 0.541499972343445 0.546363592147827 0.534007728099823 0.522668659687042 0.525364339351654 0.525505423545837 0.535595834255219 0.56250411272049 0.565905213356018 0.541625618934631 0.533491313457489 0.553136587142944 0.542700052261353 0.518049955368042 0.530451893806458 0.540256261825562 0.541820108890533 0.542115211486816 0.553787648677826 0.54510110616684 0.538811206817627 0.550203204154968 0.547983765602112 0.548371434211731 0.55084228515625 0.552069485187531 0.551366448402405 0.548423707485199 0.552182793617249 0.547577798366547 0.552528560161591 0.558140695095062 0.563476622104645 0.565183281898499
0.606033325195312 0.611242115497589 0.608595669269562 0.600528597831726 0.577368974685669 0.553496181964874 0.552171111106873 0.559960901737213 0.563544690608978 0.563327193260193 0.558468580245972 0.534670889377594 0.521982789039612 0.527336657047272 0.539907157421112 0.542363464832306 0.530938267707825 0.528449535369873 0.515729486942291 0.521620512008667 0.548125922679901 0.561396658420563 0.55206573009491 0.541706502437592 0.561115622520447 0.541790723800659 0.529489517211914 0.555046737194061 0.560137093067169 0.556625187397003 0.556829571723938 0.559737980365753 0.531129479408264 0.504985749721527 0.515282988548279 0.515482842922211 0.524118304252625 0.536418557167053 0.543133020401001 0.550827920436859 0.557505548000336 0.569222509860992 0.567607820034027 0.568667769432068 0.578027844429016 0.58366584777832 0.583752930164337
0.609290659427643 0.606401681900024 0.606647074222565 0.602151811122894 0.584256887435913 0.561922609806061 0.559721708297729 0.566978216171265 0.567347764968872 0.585275292396545 0.584861695766449 0.556546151638031 0.529863357543945 0.519658207893372 0.52796196937561 0.533137619495392 0.540481686592102 0.54438716173172 0.530124485492706 0.532869338989258 0.551909208297729 0.553327023983002 0.556062459945679 0.557814657688141 0.557893097400665 0.538857400417328 0.54011482000351 0.555578827857971 0.551588594913483 0.564022183418274 0.562319338321686 0.546871364116669 0.539160013198853 0.521887540817261 0.502326667308807 0.491239458322525 0.495835036039352 0.512598752975464 0.531602442264557 0.550281584262848 0.567973911762238 0.57653683423996 0.57603245973587 0.57980889081955 0.588482439517975 0.592959225177765 0.584098875522614
0.595524668693542 0.590881645679474 0.596747994422913 0.602098107337952 0.594268202781677 0.580974221229553 0.57337749004364 0.569031774997711 0.56899893283844 0.58863228559494 0.590916931629181 0.568876326084137 0.548131465911865 0.525481879711151 0.51680201292038 0.515709459781647 0.527256667613983 0.534522116184235 0.531180083751678 0.541426360607147 0.548584401607513 0.548506379127502 0.558584570884705 0.550889432430267 0.537754833698273 0.5455162525177 0.578807651996613 0.575904488563538 0.5564124584198 0.574777603149414 0.569687604904175 0.550808966159821 0.53801828622818 0.521219253540039 0.494649827480316 0.478842794895172 0.478315860033035 0.486526846885681 0.506424725055695 0.527217149734497 0.543543517589569 0.545657992362976 0.546165883541107 0.555963754653931 0.559442758560181 0.559829652309418 0.559654176235199
0.588713049888611 0.584182679653168 0.591969788074493 0.600372493267059 0.601374983787537 0.596041917800903 0.585048079490662 0.569202184677124 0.564690351486206 0.572370409965515 0.57098525762558 0.567151188850403 0.561594784259796 0.541107356548309 0.517436861991882 0.506234884262085 0.504269480705261 0.50612461566925 0.519840896129608 0.533869624137878 0.541508138179779 0.552981317043304 0.56842440366745 0.566556513309479 0.554201185703278 0.563086450099945 0.58681446313858 0.575881719589233 0.564979553222656 0.576396822929382 0.533750593662262 0.504590034484863 0.498342633247375 0.477726846933365 0.463942170143127 0.466406285762787 0.472760260105133 0.479557693004608 0.480530858039856 0.477273285388947 0.47912809252739 0.471852570772171 0.473396509885788 0.483062952756882 0.487720042467117 0.487056404352188 0.494993388652802
0.598390758037567 0.595527410507202 0.595629513263702 0.594965696334839 0.595882534980774 0.596501767635345 0.589243471622467 0.573688268661499 0.571916282176971 0.573713481426239 0.564543783664703 0.564000189304352 0.563521087169647 0.549274027347565 0.530620455741882 0.517814159393311 0.503523349761963 0.494827896356583 0.512231588363647 0.526096820831299 0.542154371738434 0.543383002281189 0.538136422634125 0.54256933927536 0.537128388881683 0.532691955566406 0.527069330215454 0.505835175514221 0.518012940883636 0.539624214172363 0.50637549161911 0.471616357564926 0.449189782142639 0.435362905263901 0.427980601787567 0.440054267644882 0.45156130194664 0.462631553411484 0.450599581003189 0.425631612539291 0.425544768571854 0.421664327383041 0.413872063159943 0.414258152246475 0.41534623503685 0.411741733551025 0.421085029840469
