data/trimmed_ndre/Od_ndre.627.2013_no_clouds.asc
NCOLS 144 
NROWS 65 
XLLCORNER 512965 
YLLCORNER 5150865 
CELLSIZE 5 
NODATA_value -3.4e+38 
[rows 42 to 62 of 65, columns 47 to 93 of 144]
0.627103865146637 0.620369732379913 0.624666452407837 0.621309876441956 0.615141212940216 0.61174213886261 0.599875450134277 0.58656769990921 0.571198105812073 0.559908807277679 0.561378240585327 0.573393166065216 0.576483368873596 0.55700671672821 0.527134418487549 0.529880344867706 0.555021405220032 0.563846230506897 0.563888132572174 0.567079246044159 0.577106535434723 0.574620485305786 0.562797725200653 0.56262993812561 0.568813979625702 0.573998034000397 0.571236908435822 0.579397618770599 0.576912403106689 0.56455785036087 0.562398433685303 0.55951976776123 0.547550976276398 0.539534151554108 0.537187337875366 0.546993553638458 0.567056715488434 0.574036002159119 0.58065265417099 0.596310138702393 0.614281177520752 0.628293931484222 0.635477662086487 0.641288101673126 0.637550234794617 0.636714339256287 0.636827528476715
0.616887807846069 0.612256705760956 0.61751526594162 0.619092762470245 0.613140642642975 0.613847851753235 0.606543481349945 0.59880518913269 0.590681374073029 0.581162393093109 0.569860577583313 0.570353865623474 0.57921040058136 0.568389713764191 0.563899159431458 0.57212245464325 0.578744471073151 0.577129483222961 0.569752275943756 0.574780464172363 0.584990620613098 0.575163543224335 0.560342013835907 0.5539231300354 0.560223639011383 0.563893914222717 0.561634480953217 0.570870459079742 0.569212019443512 0.557151734828949 0.556952357292175 0.564886212348938 0.569018006324768 0.577228188514709 0.582442998886108 0.582025170326233 0.583888828754425 0.584061205387115 0.583749413490295 0.581550478935242 0.579539060592651 0.59057879447937 0.612760782241821 0.628340303897858 0.627235651016235 0.634658634662628 0.641163885593414
0.606212079524994 0.609281718730927 0.612706124782562 0.611922919750214 0.609987914562225 0.609233260154724 0.603150546550751 0.609777808189392 0.612146317958832 0.595228672027588 0.582649111747742 0.581424832344055 0.584844529628754 0.576567232608795 0.588926553726196 0.593141555786133 0.58293616771698 0.583531558513641 0.587841212749481 0.595402002334595 0.597607970237732 0.584338903427124 0.567880868911743 0.565116584300995 0.574652552604675 0.575894892215729 0.577361643314362 0.58956652879715 0.590609550476074 0.58099240064621 0.582097947597504 0.588092565536499 0.588462650775909 0.580714404582977 0.570667088031769 0.571513891220093 0.578173875808716 0.580688416957855 0.574732840061188 0.557873845100403 0.553297340869904 0.564368188381195 0.578935325145721 0.597815155982971 0.602158665657043 0.610864520072937 0.622753858566284
0.603918790817261 0.6089186668396 0.605782628059387 0.60404372215271 0.605189263820648 0.599381029605865 0.59578138589859 0.605256676673889 0.605717897415161 0.589788675308228 0.579738140106201 0.582020103931427 0.578511655330658 0.574786901473999 0.580715119838715 0.578251838684082 0.579525649547577 0.587284862995148 0.595739305019379 0.602597177028656 0.60010439157486 0.59624570608139 0.587169229984283 0.584870934486389 0.586822628974915 0.579584836959839 0.574877142906189 0.576282858848572 0.575439155101776 0.585477590560913 0.60485303401947 0.61243087053299 0.604368984699249 0.588706910610199 0.57198029756546 0.559968650341034 0.55019074678421 0.535695731639862 0.518051266670227 0.493772000074387 0.490742921829224 0.517615973949432 0.533379077911377 0.551451027393341 0.567627549171448 0.580756843090057 0.583470165729523
0.614659368991852 0.613064289093018 0.603420317173004 0.604817390441895 0.606687545776367 0.602087676525116 0.594951093196869 0.593473494052887 0.588871657848358 0.576915383338928 0.572784662246704 0.578180909156799 0.569720506668091 0.576385498046875 0.587247371673584 0.577787816524506 0.579408407211304 0.579768419265747 0.578885138034821 0.582334876060486 0.588108539581299 0.588159441947937 0.576864659786224 0.567794740200043 0.565867125988007 0.558255612850189 0.565734207630157 0.567040145397186 0.561295628547668 0.569811999797821 0.586879193782806 0.592686712741852 0.59829980134964 0.59640496969223 0.583212196826935 0.559208393096924 0.530012547969818 0.510857760906219 0.490159869194031 0.464173465967178 0.468877136707306 0.496906816959381 0.507398426532745 0.51447468996048 0.530323326587677 0.548610091209412 0.545534789562225
0.631376147270203 0.624796807765961 0.615530371665955 0.619186639785767 0.6199010014534 0.614402830600739 0.599919199943542 0.590855598449707 0.587931632995605 0.574773490428925 0.577562808990479 0.584767282009125 0.577671885490417 0.588951885700226 0.593817412853241 0.578283369541168 0.571950972080231 0.571326494216919 0.561024308204651 0.551079988479614 0.551678061485291 0.547335863113403 0.535291075706482 0.529822468757629 0.537204027175903 0.537172853946686 0.547268450260162 0.562739968299866 0.554653286933899 0.55574506521225 0.583265483379364 0.585865318775177 0.579592168331146 0.581165909767151 0.575106978416443 0.547215700149536 0.512793004512787 0.497215151786804 0.504524350166321 0.494320303201675 0.48524472117424 0.498817622661591 0.523131310939789 0.534392774105072 0.542077302932739 0.553464293479919 0.552223086357117
0.638863623142242 0.635052800178528 0.628504812717438 0.626363575458527 0.625667691230774 0.616530954837799 0.599830269813538 0.589357852935791 0.583587884902954 0.573750853538513 0.583637058734894 0.593667984008789 0.593963265419006 0.605872929096222 0.598149180412292 0.57612806558609 0.559833645820618 0.558614492416382 0.55034214258194 0.524240732192993 0.509727358818054 0.50592315196991 0.502652525901794 0.502870559692383 0.5052570104599 0.507587552070618 0.519293546676636 0.533300876617432 0.523767590522766 0.539460778236389 0.577579438686371 0.57289719581604 0.556423902511597 0.554894328117371 0.550992965698242 0.553113996982574 0.536550581455231 0.518044412136078 0.526247620582581 0.506898701190948 0.482601821422577 0.514401495456696 0.534831941127777 0.542596697807312 0.556665241718292 0.568036735057831 0.5759636759758
0.629514694213867 0.626442015171051 0.61486542224884 0.605258285999298 0.608615279197693 0.60699874162674 0.587544322013855 0.5763179063797 0.567036926746368 0.562587559223175 0.577326595783234 0.583476066589355 0.588053405284882 0.597932875156403 0.577893733978271 0.558419466018677 0.544931173324585 0.536998808383942 0.521291434764862 0.502924203872681 0.495844334363937 0.495149374008179 0.500398576259613 0.497974693775177 0.490476846694946 0.491630345582962 0.495064109563828 0.502641797065735 0.523084878921509 0.537105977535248 0.542351424694061 0.534010350704193 0.537166953086853 0.537284433841705 0.530494630336761 0.545346081256866 0.544795751571655 0.52133971452713 0.512274444103241 0.514507651329041 0.502225756645203 0.503710985183716 0.517982006072998 0.527628898620605 0.547325909137726 0.554311335086823 0.549019455909729
0.594144284725189 0.588757753372192 0.575122833251953 0.561828196048737 0.555858492851257 0.557648181915283 0.553039968013763 0.550157845020294 0.547371804714203 0.553152322769165 0.564959943294525 0.556621253490448 0.562317609786987 0.570061862468719 0.539837598800659 0.516573846340179 0.522670686244965 0.523815989494324 0.503944456577301 0.49773120880127 0.506772637367249 0.508576214313507 0.508184552192688 0.496327191591263 0.488344967365265 0.489681571722031 0.494849056005478 0.498687356710434 0.517112970352173 0.511928200721741 0.491432726383209 0.484478712081909 0.515463829040527 0.532901167869568 0.51077127456665 0.508151113986969 0.507970869541168 0.513252854347229 0.519873917102814 0.5168217420578 0.505844116210938 0.493628621101379 0.512111127376556 0.513411343097687 0.515167891979218 0.520728290081024 0.531138837337494
0.550581037998199 0.548729598522186 0.5448979139328 0.527647912502289 0.51115745306015 0.513346195220947 0.523701786994934 0.529271245002747 0.526056110858917 0.538179039955139 0.539160966873169 0.526069164276123 0.537657082080841 0.542298793792725 0.528635561466217 0.512375831604004 0.510327577590942 0.509693443775177 0.500426828861237 0.495914578437805 0.496260553598404 0.500007390975952 0.501561224460602 0.492994636297226 0.487105697393417 0.489921033382416 0.492753267288208 0.491452574729919 0.492519080638885 0.483787536621094 0.458621829748154 0.464825868606567 0.506646394729614 0.524015784263611 0.507906317710876 0.505282580852509 0.495358854532242 0.496570259332657 0.509409010410309 0.506228804588318 0.51596200466156 0.528104066848755 0.545118033885956 0.547532737255096 0.543230175971985 0.543145418167114 0.558464586734772
0.540174663066864 0.54008811712265 0.537500500679016 0.523636102676392 0.513136744499207 0.517216980457306 0.522175490856171 0.51961475610733 0.507734298706055 0.513547718524933 0.516992390155792 0.50950562953949 0.52359527349472 0.51347017288208 0.504630446434021 0.505399167537689 0.496994227170944 0.491328567266464 0.48681116104126 0.491343915462494 0.483736634254456 0.477695196866989 0.47993803024292 0.477481096982956 0.471511989831924 0.47392526268959 0.486185044050217 0.48129016160965 0.477943867444992 0.47478586435318 0.453580170869827 0.464538305997849 0.492288589477539 0.502039015293121 0.521991014480591 0.519557952880859 0.498362153768539 0.485534161329269 0.48787060379982 0.503073215484619 0.525101959705353 0.544987499713898 0.569604516029358 0.580864250659943 0.577036380767822 0.575057566165924 0.577252089977264
0.525437355041504 0.525478720664978 0.529847145080566 0.523272275924683 0.520804464817047 0.525898098945618 0.519956052303314 0.507548928260803 0.487199068069458 0.475440442562103 0.487590312957764 0.498578399419785 0.499977976083755 0.484097093343735 0.473002135753632 0.486703485250473 0.501049816608429 0.495778232812881 0.485710442066193 0.478588581085205 0.470526039600372 0.464056938886642 0.455599904060364 0.453871667385101 0.457100361585617 0.463462501764297 0.480897963047028 0.476583361625671 0.466775119304657 0.463562190532684 0.455488532781601 0.47419661283493 0.477709978818893 0.480836272239685 0.513270854949951 0.528841912746429 0.513059496879578 0.505227208137512 0.505251109600067 0.509376287460327 0.52419239282608 0.556671440601349 0.57808393239975 0.579771459102631 0.575796663761139 0.579340279102325 0.575946152210236
0.488680273294449 0.48711833357811 0.504833698272705 0.519017934799194 0.518339157104492 0.513010323047638 0.505069434642792 0.495465725660324 0.473879277706146 0.459409564733505 0.473102778196335 0.488247454166412 0.477466940879822 0.462634533643723 0.451837062835693 0.448543548583984 0.462902754545212 0.478714048862457 0.489956080913544 0.481666952371597 0.470577508211136 0.473372548818588 0.477072983980179 0.48196542263031 0.488639920949936 0.483993500471115 0.487873584032059 0.484267592430115 0.48814532160759 0.483967334032059 0.476283460855484 0.493316024541855 0.483950883150101 0.493237555027008 0.535267889499664 0.555081248283386 0.553172469139099 0.549535632133484 0.552842974662781 0.552185952663422 0.564650297164917 0.584603607654572 0.589534401893616 0.582839250564575 0.582221508026123 0.59725159406662 0.593099176883698
0.477526873350143 0.472281187772751 0.494222611188889 0.511397004127502 0.502695322036743 0.499227315187454 0.505557239055634 0.500849962234497 0.479469776153564 0.4713996052742 0.48455747961998 0.491441041231155 0.481961220502853 0.474592715501785 0.470922619104385 0.46534126996994 0.472490012645721 0.494500577449799 0.520808041095734 0.520333290100098 0.509988963603973 0.516215205192566 0.526792645454407 0.537258148193359 0.543605446815491 0.536201238632202 0.528959512710571 0.532834887504578 0.545639276504517 0.529601573944092 0.513143301010132 0.524808645248413 0.534321069717407 0.554533362388611 0.576259970664978 0.582982122898102 0.584434986114502 0.589311301708221 0.605388939380646 0.60498183965683 0.609899461269379 0.615595638751984 0.608108580112457 0.600286066532135 0.60807192325592 0.625809073448181 0.620218634605408
0.498088866472244 0.50001049041748 0.516461372375488 0.525173425674438 0.513749122619629 0.51486724615097 0.528302848339081 0.529598534107208 0.521038591861725 0.521338701248169 0.521320402622223 0.516601204872131 0.506944537162781 0.504487812519073 0.517712771892548 0.533665359020233 0.5340336561203 0.536624312400818 0.545403361320496 0.545639991760254 0.543677389621735 0.547717988491058 0.549440503120422 0.55879145860672 0.576360464096069 0.58395117521286 0.572096347808838 0.572704553604126 0.589569330215454 0.568437695503235 0.55096560716629 0.564221382141113 0.574416756629944 0.587466716766357 0.589984595775604 0.586377501487732 0.596234738826752 0.607642471790314 0.616531670093536 0.613042771816254 0.618815541267395 0.61937415599823 0.614822685718536 0.61091023683548 0.623757004737854 0.64133632183075 -3.4e+38
0.506510555744171 0.518890738487244 0.531201720237732 0.548004448413849 0.548774659633636 0.543237626552582 0.544516861438751 0.542017698287964 0.543772757053375 0.555375814437866 0.557165086269379 0.544630467891693 0.537866413593292 0.535032391548157 0.554527878761292 0.579030454158783 0.574820339679718 0.562491714954376 0.56369936466217 0.56479412317276 0.563616275787354 0.565030097961426 0.562477767467499 0.570253133773804 0.584945380687714 0.587047696113586 0.576880574226379 0.569278359413147 0.565496504306793 0.561653971672058 0.565178751945496 0.573275685310364 0.567984223365784 0.571593165397644 0.57149612903595 0.582667708396912 0.608881890773773 0.60647577047348 0.597265124320984 0.593174517154694 0.604182958602905 0.607361972332001 -3.4e+38 -3.4e+38 -3.4e+38 -3.4e+38 -3.4e+38
0.521557807922363 0.537679731845856 0.547712802886963 0.562743127346039 0.567664206027985 0.562842547893524 0.561784327030182 0.545798420906067 0.539237916469574 0.544817268848419 0.55025053024292 0.548988997936249 0.560630977153778 0.568735361099243 0.57843154668808 0.593719363212585 0.590526223182678 0.584633469581604 0.584877789020538 0.582516193389893 0.576724171638489 0.574080348014832 0.574716508388519 0.571692109107971 0.572395741939545 0.563470959663391 0.560272574424744 0.564395248889923 0.552697420120239 0.555631935596466 0.568469643592834 0.58076149225235 0.579323410987854 0.580306112766266 0.582282483577728 -3.4e+38 -3.4e+38 -3.4e+38 -3.4e+38 -3.4e+38 -3.4e+38 -3.4e+38 -3.4e+38 -3.4e+38 -3.4e+38 -3.4e+38 -3.4e+38
0.558290719985962 0.5736083984375 0.581087231636047 0.578223645687103 0.577594935894012 0.578329086303711 0.580857455730438 0.568158149719238 0.558785438537598 0.561749041080475 0.563692092895508 0.56413346529007 0.585066437721252 0.601914942264557 0.600934684276581 0.596661508083344 0.592036306858063 0.599168062210083 0.602890849113464 0.597228765487671 0.58953458070755 0.582325458526611 0.571738541126251 0.552169322967529 0.541815221309662 0.520221412181854 0.523272693157196 0.56518566608429 -3.4e+38 -3.4e+38 -3.4e+38 -3.4e+38 -3.4e+38 -3.4e+38 -3.4e+38 -3.4e+38 -3.4e+38 -3.4e+38 -3.4e+38 -3.4e+38 -3.4e+38 -3.4e+38 -3.4e+38 -3.4e+38 -3.4e+38 -3.4e+38 -3.4e+38
0.577156960964203 0.574777841567993 0.583884537220001 0.585512280464172 0.586329102516174 0.590526580810547 0.591711044311523 0.590641856193542 0.595976591110229 0.596023917198181 0.591078996658325 0.59133118391037 0.60124659538269 0.618231534957886 0.620553374290466 0.609693706035614 0.599924206733704 -3.4e+38 -3.4e+38 -3.4e+38 -3.4e+38 -3.4e+38 -3.4e+38 -3.4e+38 -3.4e+38 -3.4e+38 -3.4e+38 -3.4e+38 -3.4e+38 -3.4e+38 -3.4e+38 -3.4e+38 -3.4e+38 -3.4e+38 -3.4e+38 -3.4e+38 -3.4e+38 -3.4e+38 -3.4e+38 -3.4e+38 -3.4e+38 -3.4e+38 -3.4e+38 -3.4e+38 -3.4e+38 -3.4e+38 -3.4e+38
0.610157072544098 0.590743005275726 0.593997716903687 0.602050125598907 0.593579828739166 0.591113388538361 -3.4e+38 -3.4e+38 -3.4e+38 -3.4e+38 -3.4e+38 -3.4e+38 -3.4e+38 -3.4e+38 -3.4e+38 -3.4e+38 -3.4e+38 -3.4e+38 -3.4e+38 -3.4e+38 -3.4e+38 -3.4e+38 -3.4e+38 -3.4e+38 -3.4e+38 -3.4e+38 -3.4e+38 -3.4e+38 -3.4e+38 -3.4e+38 -3.4e+38 -3.4e+38 -3.4e+38 -3.4e+38 -3.4e+38 -3.4e+38 -3.4e+38 -3.4e+38 -3.4e+38 -3.4e+38 -3.4e+38 -3.4e+38 -3.4e+38 -3.4e+38 -3.4e+38 -3.4e+38 -3.4e+38
0.627822697162628 0.61968207359314 -3.4e+38 -3.4e+38 -3.4e+38 -3.4e+38 -3.4e+38 -3.4e+38 -3.4e+38 -3.4e+38 -3.4e+38 -3.4e+38 -3.4e+38 -3.4e+38 -3.4e+38 -3.4e+38 -3.4e+38 -3.4e+38 -3.4e+38 -3.4e+38 -3.4e+38 -3.4e+38 -3.4e+38 -3.4e+38 -3.4e+38 -3.4e+38 -3.4e+38 -3.4e+38 -3.4e+38 -3.4e+38 -3.4e+38 -3.4e+38 -3.4e+38 -3.4e+38 -3.4e+38 -3.4e+38 -3.4e+38 -3.4e+38 -3.4e+38 -3.4e+38 -3.4e+38 -3.4e+38 -3.4e+38 -3.4e+38 -3.4e+38 -3.4e+38 -3.4e+38
