data/trimmed_ndre/Od_ndre.615.2010_no_clouds.asc
NCOLS 144 
NROWS 65 
XLLCORNER 512965 
YLLCORNER 5150865 
CELLSIZE 5 
NODATA_value -3.4e+38 
[rows 21 to 41 of 65, columns 47 to 93 of 144]
0.138411477208138 0.141552463173866 0.144158020615578 0.149180501699448 0.140105351805687 0.135660260915756 0.140192553400993 0.132969185709953 0.144563883543015 0.15728622674942 0.15208238363266 0.142107889056206 0.131662756204605 0.142387881875038 0.148335888981819 0.150799602270126 0.148504585027695 0.139032542705536 0.139405876398087 0.142716124653816 0.140925213694572 0.142293855547905 0.136921986937523 0.132085770368576 0.140101715922356 0.143674492835999 0.139611586928368 0.144176423549652 0.148275569081306 0.14738492667675 0.141714036464691 0.141716822981834 0.139399811625481 0.146020129323006 0.140782788395882 0.131478235125542 0.140869781374931 0.141734227538109 0.144330695271492 0.151822805404663 0.144229933619499 0.139156609773636 0.147299721837044 0.144030213356018 0.130132913589478 0.139975294470787 0.142988935112953
0.142693519592285 0.136017650365829 0.140396535396576 0.147045060992241 0.153904795646667 0.153059035539627 0.147390455007553 0.141342297196388 0.144887343049049 0.15100409090519 0.150813087821007 0.14798204600811 0.150778755545616 0.15618634223938 0.143784567713737 0.146416693925858 0.145772442221642 0.143885090947151 0.148335203528404 0.146633312106133 0.140079125761986 0.142312660813332 0.149763405323029 0.150892212986946 0.152375712990761 0.146189138293266 0.139240235090256 0.13488407433033 0.141171589493752 0.151785254478455 0.138818353414536 0.136449337005615 0.134077295660973 0.135671734809875 0.140525162220001 0.142045199871063 0.146399259567261 0.138369828462601 0.128878355026245 0.138715192675591 0.148523241281509 0.139168187975883 0.143451079726219 0.155177295207977 0.154722034931183 0.137493744492531 0.134416565299034
0.154498279094696 0.15384766459465 0.153654381632805 0.153218418359756 0.157498061656952 0.158043622970581 0.15030138194561 0.143672853708267 0.142242178320885 0.152491986751556 0.152807712554932 0.153601974248886 0.164332807064056 0.164280235767365 0.151582896709442 0.151861771941185 0.139723226428032 0.137107625603676 0.148921519517899 0.144268333911896 0.134529426693916 0.131614923477173 0.140951618552208 0.146451860666275 0.144214153289795 0.143147423863411 0.143711000680923 0.132226690649986 0.133062824606895 0.146268010139465 0.140643104910851 0.142025873064995 0.140984535217285 0.139290183782578 0.144748792052269 0.13157320022583 0.131561115384102 0.141483038663864 0.135657951235771 0.144003376364708 0.148038357496262 0.140019357204437 0.149325087666512 0.152096182107925 0.149337083101273 0.136878222227097 0.144513338804245
0.133258447051048 0.140135526657104 0.149264588952065 0.149172022938728 0.145308420062065 0.140108659863472 0.13310295343399 0.129283457994461 0.134427353739738 0.146508917212486 0.149390086531639 0.144814416766167 0.151351615786552 0.150166913866997 0.144992902874947 0.152489796280861 0.135511189699173 0.135003507137299 0.146443799138069 0.146763816475868 0.153620988130569 0.140272244811058 0.131974935531616 0.139414563775063 0.140167117118835 0.144759133458138 0.149085998535156 0.143836200237274 0.130771815776825 0.137038096785545 0.141208678483963 0.143356367945671 0.144870057702065 0.138721853494644 0.141303569078445 0.128354117274284 0.129288330674171 0.145661294460297 0.151405349373817 0.162744805216789 0.157704561948776 0.142040282487869 0.135152086615562 0.13912570476532 0.146367013454437 0.157854303717613 0.150526657700539
0.129500716924667 0.136534944176674 0.146141991019249 0.151900917291641 0.152218237519264 0.149726048111916 0.14251996576786 0.13509264588356 0.137940406799316 0.152566060423851 0.157883286476135 0.143733412027359 0.145225927233696 0.147461876273155 0.14894112944603 0.159287959337234 0.146716922521591 0.147176429629326 0.141343340277672 0.140785813331604 0.160156711935997 0.153265327215195 0.137165904045105 0.147552385926247 0.154330015182495 0.140942484140396 0.139714702963829 0.150499656796455 0.140367045998573 0.135204583406448 0.14177505671978 0.137887015938759 0.132799357175827 0.130181461572647 0.136648327112198 0.138332530856133 0.142256170511246 0.135926112532616 0.141912236809731 0.15264880657196 0.147596120834351 0.140611097216606 0.140947386622429 0.159848630428314 0.15145455300808 0.149176746606827 0.152693197131157
0.141530767083168 0.143511816859245 0.143713936209679 0.144712075591087 0.148890644311905 0.151209726929665 0.14797942340374 0.14124521613121 0.142549410462379 0.150706708431244 0.162332683801651 0.167544215917587 0.158018991351128 0.142878383398056 0.146644204854965 0.152322396636009 0.153449773788452 0.158716425299644 0.138072460889816 0.129960507154465 0.146109640598297 0.148971155285835 0.140787661075592 0.150134667754173 0.154860377311707 0.133817628026009 0.133011564612389 0.14879435300827 0.143849015235901 0.14270044863224 0.155856862664223 0.153322964906693 0.141631096601486 0.138927981257439 0.133768543601036 0.135337680578232 0.141035422682762 0.137513443827629 0.139864444732666 0.13920159637928 0.135719388723373 0.148724600672722 0.159075483679771 0.162606105208397 0.151859357953072 0.135499477386475 0.138992488384247
0.143758416175842 0.145399644970894 0.144620284438133 0.14499819278717 0.148335456848145 0.150083526968956 0.143197566270828 0.138076364994049 0.146582797169685 0.149093762040138 0.13771216571331 0.145773008465767 0.158108964562416 0.147789835929871 0.141372457146645 0.136219441890717 0.138518363237381 0.148924246430397 0.141034305095673 0.134760424494743 0.137950584292412 0.145951718091965 0.144287496805191 0.139480024576187 0.135516583919525 0.129200264811516 0.133866369724274 0.144427075982094 0.148682296276093 0.15721894800663 0.152403771877289 0.139510944485664 0.142305329442024 0.145564585924149 0.137711852788925 0.132930099964142 0.13144613802433 0.130238547921181 0.14566196501255 0.140999674797058 0.138617023825645 0.151097968220711 0.145805492997169 0.142611294984818 0.147324338555336 0.133018210530281 0.133965507149696
0.145905762910843 0.147249206900597 0.135337010025978 0.14252145588398 0.151874467730522 0.1533362865448 0.145291268825531 0.138921454548836 0.148459583520889 0.148584142327309 0.130335375666618 0.132921412587166 0.151975050568581 0.160824596881866 0.153756216168404 0.150420263409615 0.152736276388168 0.145134165883064 0.14597675204277 0.146921753883362 0.149839401245117 0.158092245459557 0.153857797384262 0.131820023059845 0.127956002950668 0.134176596999168 0.134152084589005 0.142094895243645 0.143495187163353 0.147074416279793 0.140837714076042 0.136422976851463 0.146341145038605 0.147682875394821 0.14081896841526 0.137319415807724 0.135112628340721 0.135498493909836 0.147082358598709 0.145454674959183 0.134975716471672 0.14062587916851 0.14410699903965 0.148041725158691 0.153994515538216 0.155256256461143 0.157791614532471
0.154434472322464 0.144929766654968 0.130045980215073 0.144387632608414 0.149399891495705 0.148490697145462 0.145672053098679 0.145344018936157 0.15065909922123 0.156010612845421 0.151854485273361 0.144530326128006 0.136370524764061 0.14202968776226 0.14566071331501 0.156060799956322 0.156076610088348 0.14066407084465 0.137608170509338 0.141597986221313 0.144809693098068 0.156298220157623 0.158397227525711 0.142036482691765 0.138012334704399 0.138162985444069 0.135273411870003 0.146632924675941 0.139234110713005 0.14025753736496 0.150920554995537 0.153264164924622 0.147889405488968 0.136253342032433 0.132639974355698 0.13882252573967 0.144253581762314 0.139069795608521 0.140744686126709 0.14912074804306 0.139379501342773 0.137681946158409 0.155978545546532 0.159114018082619 0.157239124178886 0.161444813013077 0.161034747958183
0.150622025132179 0.142878994345665 0.13993464410305 0.148062974214554 0.141939327120781 0.135049402713776 0.135456964373589 0.142545372247696 0.146056637167931 0.148965731263161 0.144584864377975 0.146251186728477 0.150339350104332 0.144570305943489 0.139456018805504 0.145584613084793 0.139422878623009 0.146426409482956 0.149060517549515 0.138874664902687 0.139956846833229 0.14504000544548 0.153601661324501 0.151632785797119 0.149899140000343 0.146030247211456 0.148053735494614 0.155203148722649 0.143718406558037 0.146174609661102 0.160762444138527 0.162105277180672 0.147965714335442 0.1338851749897 0.13467812538147 0.143664091825485 0.149730682373047 0.145292684435844 0.146351307630539 0.152671039104462 0.142763152718544 0.140254899859428 0.150372982025146 0.153615713119507 0.156576246023178 0.15703758597374 0.150091007351875
0.151041954755783 0.140675216913223 0.147392511367798 0.152578592300415 0.140591830015182 0.132113769650459 0.136342704296112 0.1398905813694 0.134143054485321 0.134263798594475 0.150484085083008 0.156152531504631 0.158312931656837 0.165191799402237 0.146745696663857 0.14237704873085 0.143884003162384 0.146432116627693 0.148382127285004 0.141291484236717 0.145682767033577 0.139517515897751 0.144121631979942 0.14664913713932 0.142884135246277 0.149983480572701 0.153006166219711 0.150630488991737 0.146012738347054 0.145198464393616 0.147472605109215 0.151521936058998 0.144589096307755 0.139852672815323 0.145118743181229 0.154938876628876 0.155349746346474 0.151062443852425 0.154813855886459 0.160665035247803 0.152734518051147 0.140878826379776 0.14354507625103 0.154851317405701 0.160860076546669 0.15641750395298 0.15309664607048
0.155884966254234 0.1430624127388 0.154223963618279 0.159151583909988 0.151602655649185 0.144519418478012 0.152739763259888 0.160773068666458 0.152871623635292 0.146888077259064 0.155807122588158 0.155260622501373 0.155150756239891 0.171076282858849 0.146675139665604 0.132797464728355 0.149990051984787 0.154153093695641 0.151147246360779 0.144519850611687 0.144209608435631 0.142701655626297 0.152917042374611 0.152861014008522 0.147750273346901 0.151517316699028 0.137776151299477 0.131500393152237 0.146734043955803 0.1588024944067 0.147103816270828 0.144539341330528 0.148060128092766 0.147469654679298 0.149239465594292 0.149764716625214 0.141573205590248 0.137143984436989 0.145909160375595 0.155956044793129 0.153255522251129 0.141244366765022 0.147810682654381 0.161729082465172 0.163288593292236 0.159091725945473 0.153242707252502
0.150645047426224 0.150845065712929 0.157444775104523 0.157903477549553 0.154338255524635 0.144762605428696 0.152958124876022 0.16730959713459 0.151152923703194 0.143172860145569 0.150517776608467 0.153291016817093 0.153806999325752 0.149413496255875 0.147073015570641 0.143475905060768 0.155053898692131 0.156887039542198 0.154720202088356 0.152698338031769 0.14430096745491 0.149720415472984 0.16309155523777 0.166967034339905 0.163547709584236 0.14856581389904 0.136365368962288 0.132978439331055 0.14852249622345 0.166041195392609 0.151511386036873 0.139451146125793 0.142992153763771 0.142801657319069 0.147843092679977 0.146710082888603 0.138111516833305 0.133622586727142 0.135060384869576 0.132818520069122 0.135416716337204 0.148442313075066 0.157489582896233 0.158933416008949 0.155723467469215 0.150874689221382 0.139125943183899
0.147178366780281 0.153185918927193 0.150542631745338 0.148382231593132 0.148438632488251 0.14496836066246 0.150421276688576 0.150968044996262 0.139752775430679 0.144272789359093 0.151891574263573 0.135159954428673 0.145948395133018 0.152680695056915 0.155286252498627 0.153660893440247 0.152027323842049 0.153713896870613 0.148549452424049 0.15790730714798 0.150795698165894 0.147065281867981 0.155191764235497 0.160385981202126 0.156522557139397 0.145239323377609 0.145722597837448 0.14244082570076 0.143716543912888 0.149753645062447 0.138807132840157 0.138169795274734 0.152595371007919 0.154920622706413 0.151567220687866 0.15318138897419 0.150145277380943 0.149486228823662 0.145229235291481 0.136698096990585 0.13882640004158 0.151465103030205 0.149658888578415 0.148099854588509 0.153485134243965 0.150467246770859 0.143345236778259
0.14405232667923 0.148361206054688 0.14438784122467 0.14789305627346 0.151613220572472 0.154374361038208 0.148622423410416 0.139499172568321 0.149560183286667 0.160840094089508 0.161161005496979 0.149627208709717 0.158177614212036 0.160352781414986 0.149111747741699 0.155552059412003 0.146617949008942 0.150856167078018 0.154327034950256 0.155777841806412 0.149616226553917 0.143486723303795 0.147469013929367 0.146506905555725 0.142093643546104 0.149640202522278 0.151296824216843 0.144990429282188 0.147024244070053 0.155417203903198 0.159023940563202 0.155346810817719 0.162031441926956 0.163904413580894 0.155484855175018 0.156054139137268 0.145779654383659 0.139504447579384 0.141796261072159 0.144716113805771 0.144613489508629 0.140523433685303 0.136631563305855 0.146091341972351 0.156765162944794 0.149667575955391 0.150537744164467
0.147453770041466 0.141924202442169 0.137598842382431 0.150273442268372 0.158404693007469 0.159933045506477 0.151039347052574 0.143674179911613 0.154359444975853 0.167220324277878 0.161310344934464 0.157796025276184 0.157217726111412 0.163583874702454 0.152902752161026 0.138172030448914 0.142997726798058 0.158313855528831 0.163953885436058 0.150681838393211 0.142153710126877 0.142923906445503 0.147692784667015 0.145631819963455 0.151422172784805 0.155795305967331 0.150677487254143 0.144460037350655 0.144407704472542 0.141100093722343 0.152103796601295 0.159993514418602 0.148998826742172 0.140802294015884 0.144739747047424 0.149935215711594 0.145431593060493 0.135320276021957 0.138853058218956 0.144962340593338 0.145983949303627 0.141368448734283 0.134273245930672 0.139750972390175 0.145912170410156 0.143649831414223 0.146585538983345
0.15001454949379 0.1356151252985 0.140971183776855 0.15370799601078 0.156663089990616 0.152976363897324 0.141936808824539 0.146019756793976 0.156066194176674 0.160089179873466 0.142162695527077 0.142869785428047 0.161668613553047 0.15470215678215 0.149938762187958 0.139172092080116 0.149522736668587 0.161899238824844 0.169943332672119 0.169819504022598 0.158032566308975 0.158440366387367 0.15307728946209 0.149841755628586 0.158222869038582 0.15374830365181 0.153292939066887 0.148579373955727 0.144501730799675 0.129570662975311 0.131562381982803 0.155974745750427 0.15321484208107 0.149382397532463 0.149167597293854 0.142684832215309 0.146421492099762 0.140834957361221 0.146396636962891 0.158387318253517 0.155485600233078 0.145088613033295 0.136460512876511 0.135861054062843 0.139399066567421 0.147593528032303 0.152902513742447
0.148496881127357 0.138074606657028 0.144253611564636 0.151859924197197 0.149057030677795 0.152075752615929 0.14926965534687 0.147406563162804 0.151224866509438 0.146916136145592 0.138415932655334 0.140294805169106 0.154586464166641 0.155184864997864 0.163030445575714 0.153718665242195 0.144769579172134 0.153206050395966 0.149113520979881 0.15037214756012 0.154404729604721 0.161755934357643 0.155184805393219 0.148581922054291 0.150646597146988 0.144841834902763 0.148079633712769 0.148869544267654 0.148109063506126 0.140716344118118 0.137423112988472 0.147150263190269 0.147404283285141 0.160215422511101 0.157906919717789 0.139443948864937 0.140615999698639 0.136402130126953 0.134277954697609 0.14459539949894 0.145536884665489 0.14268371462822 0.144369646906853 0.146723464131355 0.146731555461884 0.144996523857117 0.145194515585899
0.150388702750206 0.13995985686779 0.136063873767853 0.151582181453705 0.151976838707924 0.153170496225357 0.153064474463463 0.145425245165825 0.152394622564316 0.153016462922096 0.145497635006905 0.152711972594261 0.158869847655296 0.16083237528801 0.157976105809212 0.156034916639328 0.145243838429451 0.140855774283409 0.143858402967453 0.14415055513382 0.146110206842422 0.148886352777481 0.147433787584305 0.153709396719933 0.152935087680817 0.142834305763245 0.142895013093948 0.144426330924034 0.146967858076096 0.149996772408485 0.147517174482346 0.147855937480927 0.145045757293701 0.153125748038292 0.161738380789757 0.152402147650719 0.145640045404434 0.142392456531525 0.133688285946846 0.143426835536957 0.144531294703484 0.139127641916275 0.141366064548492 0.138983473181725 0.143550112843513 0.146264314651489 0.136151805520058
0.151584565639496 0.136005148291588 0.132325947284698 0.146754905581474 0.144832164049149 0.143909692764282 0.14846496284008 0.160423845052719 0.158791154623032 0.150517031550407 0.149524718523026 0.156692609190941 0.151343017816544 0.147937014698982 0.150162383913994 0.154248267412186 0.150241300463676 0.130909353494644 0.142781302332878 0.154262483119965 0.151048347353935 0.145186096429825 0.141970694065094 0.149233683943748 0.147344917058945 0.142376303672791 0.142566904425621 0.147343650460243 0.15132936835289 0.148386433720589 0.14306703209877 0.146202847361565 0.141301348805428 0.138843968510628 0.149869784712791 0.149852469563484 0.147698983550072 0.149844244122505 0.143171831965446 0.150686740875244 0.146534755825996 0.124878361821175 0.133495062589645 0.147039905190468 0.148578822612762 0.15032647550106 0.140289530158043
0.148063123226166 0.132315710186958 0.133395984768867 0.140705868601799 0.138310834765434 0.148656636476517 0.14601631462574 0.141775384545326 0.147421345114708 0.147459596395493 0.144288882613182 0.139810740947723 0.138595014810562 0.144501745700836 0.151111036539078 0.152419939637184 0.154538065195084 0.130962088704109 0.133605733513832 0.152197808027267 0.146216079592705 0.141710236668587 0.145833358168602 0.152171075344086 0.146266534924507 0.132470890879631 0.126513317227364 0.135057255625725 0.146248355507851 0.14787545800209 0.152569815516472 0.161353766918182 0.158066645264626 0.155748844146729 0.161672502756119 0.152442157268524 0.153587833046913 0.152637422084808 0.144399389624596 0.14718770980835 0.153342932462692 0.141543194651604 0.146135419607162 0.15880124270916 0.153797134757042 0.148505017161369 0.147785916924477
