data/trimmed_ndre/Od_ndre.630.2016.asc
NCOLS 144 
NROWS 65 
XLLCORNER 512965 
YLLCORNER 5150865 
CELLSIZE 5 
NODATA_value -3.4e+38 
[rows 42 to 62 of 65, columns 47 to 93 of 144]
0.664146304130554 0.664322972297668 0.672056674957275 0.681320667266846 0.677829682826996 0.668352961540222 0.661134719848633 0.666644275188446 0.651778638362885 0.631868779659271 0.615842163562775 0.605839788913727 0.568750739097595 0.520636320114136 0.490101397037506 0.476527363061905 0.460692197084427 0.464879214763641 0.531569123268127 0.590833604335785 0.610507965087891 0.60115247964859 0.59148246049881 0.57818192243576 0.576626062393188 0.590711414813995 0.619659841060638 0.620678067207336 0.599425911903381 0.562050402164459 0.521975994110107 0.473773390054703 0.43418875336647 0.414518654346466 0.434424787759781 0.45648130774498 0.479372769594193 0.495613873004913 0.497714161872864 0.527215421199799 0.568321049213409 0.593865036964417 0.613676607608795 0.629747152328491 0.641210317611694 0.644373536109924 0.644833981990814
0.668304860591888 0.663957595825195 0.67020058631897 0.679805934429169 0.677263379096985 0.668706655502319 0.66299569606781 0.667624652385712 0.654702544212341 0.644307136535645 0.637729167938232 0.630676627159119 0.602875113487244 0.559260368347168 0.517164826393127 0.493084967136383 0.48163315653801 0.498571008443832 0.548286616802216 0.597814083099365 0.608093023300171 0.608816862106323 0.612911760807037 0.607397675514221 0.608636856079102 0.617396116256714 0.627870202064514 0.61307293176651 0.58160674571991 0.543264448642731 0.507857382297516 0.463971018791199 0.424397110939026 0.412116348743439 0.454110026359558 0.480831146240234 0.507226824760437 0.525189399719238 0.525380671024323 0.550070405006409 0.583131015300751 0.613111019134521 0.634663820266724 0.646639108657837 0.651867806911469 0.65002578496933 0.645965695381165
0.677712202072144 0.666850030422211 0.665417194366455 0.671678900718689 0.674386739730835 0.672009825706482 0.669767081737518 0.668365299701691 0.661765098571777 0.655987083911896 0.648384034633636 0.640155673027039 0.628401637077332 0.603070139884949 0.571273803710938 0.544297635555267 0.531386256217957 0.537565886974335 0.563427805900574 0.594422101974487 0.596680700778961 0.602887570858002 0.615142166614532 0.624482393264771 0.626576483249664 0.628087818622589 0.626469314098358 0.613177895545959 0.594839632511139 0.567843973636627 0.537518799304962 0.505977153778076 0.491431266069412 0.509770095348358 0.551645338535309 0.569584131240845 0.580274105072021 0.583421111106873 0.583435237407684 0.596046328544617 0.61357170343399 0.627255737781525 0.635973751544952 0.64329993724823 0.648658692836761 0.64689427614212 0.640186309814453
0.664058923721313 0.659123718738556 0.662607252597809 0.666219472885132 0.66890549659729 0.670016825199127 0.670830309391022 0.660161256790161 0.645307302474976 0.643418192863464 0.642016410827637 0.632957339286804 0.623304009437561 0.61809241771698 0.609789371490479 0.595604240894318 0.581187665462494 0.570864260196686 0.568527400493622 0.575958549976349 0.585690021514893 0.602696537971497 0.62203586101532 0.634651184082031 0.630719006061554 0.626550555229187 0.626091778278351 0.626369297504425 0.626326739788055 0.616805493831635 0.597005009651184 0.58227550983429 0.600015461444855 0.62931489944458 0.637185454368591 0.623476147651672 0.624042809009552 0.62038916349411 0.603887021541595 0.584459662437439 0.584591746330261 0.597220063209534 0.610823094844818 0.621576845645905 0.633317708969116 0.63796728849411 0.636698067188263
0.643148064613342 0.654484212398529 0.665490567684174 0.665557324886322 0.659238755702972 0.653179705142975 0.657299637794495 0.648789286613464 0.632724225521088 0.624384164810181 0.629900753498077 0.618450880050659 0.607658088207245 0.616283178329468 0.624979078769684 0.625253081321716 0.616261065006256 0.60569816827774 0.595009803771973 0.592457592487335 0.600117325782776 0.616955816745758 0.631044745445251 0.635926902294159 0.627884745597839 0.620712637901306 0.624086856842041 0.634436309337616 0.648978650569916 0.660904765129089 0.652314186096191 0.639036595821381 0.644470572471619 0.671672403812408 0.659522294998169 0.628956496715546 0.612025439739227 0.604006111621857 0.581622242927551 0.559070467948914 0.555318534374237 0.5627681016922 0.578105509281158 0.597882747650146 0.61633163690567 0.62376606464386 0.629119575023651
0.647245526313782 0.659472107887268 0.674002826213837 0.673860728740692 0.660134255886078 0.64940083026886 0.652161657810211 0.651460528373718 0.636420845985413 0.62063467502594 0.619173765182495 0.612817585468292 0.613014400005341 0.621864855289459 0.629349708557129 0.630608916282654 0.626040518283844 0.618219435214996 0.610628962516785 0.609176218509674 0.615821301937103 0.628044962882996 0.625226438045502 0.617868363857269 0.610965847969055 0.609575569629669 0.6187384724617 0.628960967063904 0.643403828144073 0.660703241825104 0.6611168384552 0.649232685565948 0.645911455154419 0.661372363567352 0.644216120243073 0.623564064502716 0.609549999237061 0.599272489547729 0.571911454200745 0.55659955739975 0.558159470558167 0.56477016210556 0.566143870353699 0.579088926315308 0.597260177135468 0.602019548416138 0.614117920398712
0.662958323955536 0.670124530792236 0.679593503475189 0.684122145175934 0.673863232135773 0.662424802780151 0.659884989261627 0.666860938072205 0.657382428646088 0.643108487129211 0.633996486663818 0.633539736270905 0.635061681270599 0.639907896518707 0.641663014888763 0.632751107215881 0.615133225917816 0.604423761367798 0.604692339897156 0.607584893703461 0.60822582244873 0.602722406387329 0.591018259525299 0.589018046855927 0.592662572860718 0.599995255470276 0.610912442207336 0.613037943840027 0.620630204677582 0.633050739765167 0.640703618526459 0.632878661155701 0.631476700305939 0.641227185726166 0.642170011997223 0.630546391010284 0.617266774177551 0.603376686573029 0.580920338630676 0.573203206062317 0.570159673690796 0.56134569644928 0.542918860912323 0.552658557891846 0.568587779998779 0.574863135814667 0.587080359458923
0.674933075904846 0.6888547539711 0.696068525314331 0.695090711116791 0.685491263866425 0.67511659860611 0.669408559799194 0.666199088096619 0.659152865409851 0.661498069763184 0.659885466098785 0.65931224822998 0.655143976211548 0.655786752700806 0.649867475032806 0.62921279668808 0.598946511745453 0.584893405437469 0.582888424396515 0.583850502967834 0.586835086345673 0.581984400749207 0.574431896209717 0.577934920787811 0.587073922157288 0.595828771591187 0.599399864673615 0.590071856975555 0.597356736660004 0.609096169471741 0.617732346057892 0.619010210037231 0.625356078147888 0.63084077835083 0.632910370826721 0.629306793212891 0.626065850257874 0.61027604341507 0.585139155387878 0.562804281711578 0.555488169193268 0.547955691814423 0.53056126832962 0.530575215816498 0.537944316864014 0.552626073360443 0.578178584575653
0.680145680904388 0.691448867321014 0.694374620914459 0.688780784606934 0.674806833267212 0.656694293022156 0.658229529857635 0.659299314022064 0.655510246753693 0.673908948898315 0.675447702407837 0.662600219249725 0.645888686180115 0.636565685272217 0.629372239112854 0.614855587482452 0.591477155685425 0.583782732486725 0.58366733789444 0.586907982826233 0.590834677219391 0.584990561008453 0.582888543605804 0.589027166366577 0.596482992172241 0.591286718845367 0.585566580295563 0.580289244651794 0.588560521602631 0.60151332616806 0.612254083156586 0.614307165145874 0.616681277751923 0.621251583099365 0.624017953872681 0.625109970569611 0.632307529449463 0.611761689186096 0.579829514026642 0.55594402551651 0.555302500724792 0.552863359451294 0.545560479164124 0.539259791374207 0.545068204402924 0.566871583461761 0.59216833114624
0.663673281669617 0.666172921657562 0.665274262428284 0.657355725765228 0.647263705730438 0.640673518180847 0.653136253356934 0.650486290454865 0.647753894329071 0.664517819881439 0.667230010032654 0.652191162109375 0.629114806652069 0.611333668231964 0.605930626392365 0.601492762565613 0.595842778682709 0.594403326511383 0.59134978055954 0.59087723493576 0.59508866071701 0.597572207450867 0.59610390663147 0.595680058002472 0.594480931758881 0.582888066768646 0.57444953918457 0.577513575553894 0.58734518289566 0.588396012783051 0.589378774166107 0.593840420246124 0.60149222612381 0.609511017799377 0.616649925708771 0.622981786727905 0.627584934234619 0.604432046413422 0.578754127025604 0.5645432472229 0.574654161930084 0.582323670387268 0.582339107990265 0.57620769739151 0.575596153736115 0.591687262058258 0.607495844364166
0.633275151252747 0.625584125518799 0.627698838710785 0.634604215621948 0.637732923030853 0.638988852500916 0.647473394870758 0.640361845493317 0.630517661571503 0.632785677909851 0.644255697727203 0.635528206825256 0.616015255451202 0.599579453468323 0.601011455059052 0.604862689971924 0.603795766830444 0.598300218582153 0.590399265289307 0.586163580417633 0.586743652820587 0.591061770915985 0.581925272941589 0.582799851894379 0.583640873432159 0.576339542865753 0.56271493434906 0.564539313316345 0.573545038700104 0.573642551898956 0.57114565372467 0.576825261116028 0.585837841033936 0.590271651744843 0.593217492103577 0.602120161056519 0.608089029788971 0.593244969844818 0.584041357040405 0.583639681339264 0.592372477054596 0.597776651382446 0.60215562582016 0.60304844379425 0.603695452213287 0.609828054904938 0.618469715118408
0.621497094631195 0.62394392490387 0.630086302757263 0.639318406581879 0.644899427890778 0.642962157726288 0.637030720710754 0.636857032775879 0.626444220542908 0.618853628635406 0.621926307678223 0.620988428592682 0.612260282039642 0.606184363365173 0.608943700790405 0.611939549446106 0.611430644989014 0.602113366127014 0.587712228298187 0.58469021320343 0.594422042369843 0.593894958496094 0.570762753486633 0.56908792257309 0.574418544769287 0.57484495639801 0.56517481803894 0.565521240234375 0.571207225322723 0.574740827083588 0.573861241340637 0.57663905620575 0.577969133853912 0.577617466449738 0.580075263977051 0.589510381221771 0.59267395734787 0.587446570396423 0.592985987663269 0.601701855659485 0.608244717121124 0.610910832881927 0.618369460105896 0.621763348579407 0.624497473239899 0.629740953445435 0.635362148284912
0.615197360515594 0.625393927097321 0.638210296630859 0.64917403459549 0.652908027172089 0.651670515537262 0.645363867282867 0.63788241147995 0.620828807353973 0.609664380550385 0.605477452278137 0.607180118560791 0.607000708580017 0.609225988388062 0.610165953636169 0.607873737812042 0.610295653343201 0.610576272010803 0.602882504463196 0.591718018054962 0.594242691993713 0.583436489105225 0.563694775104523 0.56298291683197 0.57448935508728 0.58455365896225 0.58533126115799 0.579118728637695 0.581908702850342 0.591751933097839 0.601211965084076 0.602572560310364 0.595793604850769 0.588651239871979 0.586556255817413 0.59291011095047 0.594179272651672 0.597975611686707 0.610530078411102 0.61746472120285 0.618370234966278 0.621733725070953 0.633249282836914 0.639379322528839 0.646567523479462 0.648859739303589 0.643515110015869
0.597592413425446 0.613380312919617 0.630663275718689 0.642995536327362 0.646990120410919 0.650362432003021 0.638598680496216 0.62308132648468 0.607364177703857 0.60291588306427 0.598039209842682 0.597116649150848 0.601402699947357 0.607959985733032 0.601424634456635 0.589210450649261 0.583446741104126 0.589886724948883 0.590603113174438 0.585212111473083 0.584155917167664 0.574199795722961 0.56582772731781 0.571781814098358 0.590524613857269 0.603595554828644 0.607458114624023 0.601169049739838 0.598753273487091 0.606522500514984 0.613985896110535 0.613319873809814 0.606076240539551 0.602788805961609 0.604679942131042 0.610826790332794 0.611411452293396 0.614748179912567 0.622195303440094 0.627208709716797 0.624774694442749 0.630168855190277 0.640931904315948 0.644213318824768 0.652047157287598 0.650148034095764 0.64077353477478
0.579718887805939 0.586047768592834 0.593035221099854 0.600230395793915 0.607834041118622 0.61795049905777 0.611585736274719 0.599583745002747 0.593106925487518 0.603237748146057 0.599962174892426 0.59296715259552 0.592796981334686 0.601088106632233 0.586173951625824 0.562814354896545 0.551324963569641 0.571598827838898 0.588032245635986 0.588355243206024 0.584267735481262 0.59261155128479 0.600687861442566 0.605289697647095 0.610522389411926 0.61487603187561 0.62343692779541 0.626084327697754 0.623074948787689 0.621039927005768 0.617267251014709 0.613559663295746 0.609971046447754 0.612548649311066 0.623551964759827 0.63264799118042 0.624974548816681 0.619540929794312 0.62482613325119 0.632246673107147 0.631346702575684 0.632945120334625 0.636354744434357 0.639033019542694 0.64703232049942 0.64061963558197 -3.4e+38
0.580269038677216 0.581647396087646 0.582283616065979 0.58245861530304 0.581395268440247 0.584175169467926 0.59074467420578 0.598187267780304 0.598704695701599 0.598312556743622 0.597040593624115 0.588925361633301 0.587141335010529 0.591774225234985 0.578490734100342 0.563520073890686 0.564012944698334 0.588224351406097 0.611010491847992 0.613862633705139 0.609358370304108 0.612435102462769 0.618991911411285 0.621811926364899 0.617952525615692 0.611315846443176 0.623448610305786 0.62721049785614 0.624923408031464 0.62274032831192 0.616104364395142 0.613715648651123 0.61798882484436 0.629595875740051 0.638840079307556 0.64045637845993 0.630131185054779 0.617532193660736 0.623829782009125 0.634941458702087 0.638027966022491 0.629872798919678 -3.4e+38 -3.4e+38 -3.4e+38 -3.4e+38 -3.4e+38
0.586638391017914 0.589878082275391 0.58997517824173 0.591597855091095 0.588952958583832 0.593058109283447 0.605623960494995 0.606931209564209 0.598041415214539 0.592383801937103 0.594311714172363 0.593101739883423 0.60389655828476 0.608299791812897 0.59362006187439 0.583303034305573 0.599752187728882 0.625925600528717 0.635648548603058 0.625997602939606 0.615608036518097 0.613523364067078 0.618403971195221 0.620070099830627 0.613415360450745 0.607636630535126 0.621092796325684 0.619380533695221 0.618983030319214 0.621125817298889 0.621308505535126 0.626525521278381 0.635158479213715 0.643363893032074 0.641779839992523 -3.4e+38 -3.4e+38 -3.4e+38 -3.4e+38 -3.4e+38 -3.4e+38 -3.4e+38 -3.4e+38 -3.4e+38 -3.4e+38 -3.4e+38 -3.4e+38
0.607715249061584 0.605486989021301 0.60639762878418 0.613727569580078 0.622554183006287 0.620693564414978 0.616964221000671 0.611254513263702 0.603886187076569 0.599810719490051 0.604247391223907 0.613521218299866 0.627505302429199 0.628943145275116 0.617142200469971 0.606285095214844 0.618592321872711 0.629938125610352 0.635125041007996 0.634303450584412 0.622799456119537 0.613872110843658 0.613809883594513 0.617220938205719 0.617201387882233 0.623125493526459 0.633295714855194 0.620494961738586 -3.4e+38 -3.4e+38 -3.4e+38 -3.4e+38 -3.4e+38 -3.4e+38 -3.4e+38 -3.4e+38 -3.4e+38 -3.4e+38 -3.4e+38 -3.4e+38 -3.4e+38 -3.4e+38 -3.4e+38 -3.4e+38 -3.4e+38 -3.4e+38 -3.4e+38
0.626690328121185 0.619069695472717 0.618505477905273 0.625797748565674 0.636457085609436 0.632105648517609 0.621816575527191 0.618106663227081 0.631389796733856 0.638351142406464 0.635125041007996 0.63215160369873 0.638458907604218 0.640230596065521 0.634927988052368 0.626763224601746 0.633549273014069 -3.4e+38 -3.4e+38 -3.4e+38 -3.4e+38 -3.4e+38 -3.4e+38 -3.4e+38 -3.4e+38 -3.4e+38 -3.4e+38 -3.4e+38 -3.4e+38 -3.4e+38 -3.4e+38 -3.4e+38 -3.4e+38 -3.4e+38 -3.4e+38 -3.4e+38 -3.4e+38 -3.4e+38 -3.4e+38 -3.4e+38 -3.4e+38 -3.4e+38 -3.4e+38 -3.4e+38 -3.4e+38 -3.4e+38 -3.4e+38
0.632916390895844 0.628709435462952 0.629229962825775 0.635589301586151 0.64280903339386 0.638947427272797 -3.4e+38 -3.4e+38 -3.4e+38 -3.4e+38 -3.4e+38 -3.4e+38 -3.4e+38 -3.4e+38 -3.4e+38 -3.4e+38 -3.4e+38 -3.4e+38 -3.4e+38 -3.4e+38 -3.4e+38 -3.4e+38 -3.4e+38 -3.4e+38 -3.4e+38 -3.4e+38 -3.4e+38 -3.4e+38 -3.4e+38 -3.4e+38 -3.4e+38 -3.4e+38 -3.4e+38 -3.4e+38 -3.4e+38 -3.4e+38 -3.4e+38 -3.4e+38 -3.4e+38 -3.4e+38 -3.4e+38 -3.4e+38 -3.4e+38 -3.4e+38 -3.4e+38 -3.4e+38 -3.4e+38
0.624231040477753 0.629759013652802 -3.4e+38 -3.4e+38 -3.4e+38 -3.4e+38 -3.4e+38 -3.4e+38 -3.4e+38 -3.4e+38 -3.4e+38 -3.4e+38 -3.4e+38 -3.4e+38 -3.4e+38 -3.4e+38 -3.4e+38 -3.4e+38 -3.4e+38 -3.4e+38 -3.4e+38 -3.4e+38 -3.4e+38 -3.4e+38 -3.4e+38 -3.4e+38 -3.4e+38 -3.4e+38 -3.4e+38 -3.4e+38 -3.4e+38 -3.4e+38 -3.4e+38 -3.4e+38 -3.4e+38 -3.4e+38 -3.4e+38 -3.4e+38 -3.4e+38 -3.4e+38 -3.4e+38 -3.4e+38 -3.4e+38 -3.4e+38 -3.4e+38 -3.4e+38 -3.4e+38
