data/trimmed_ndre/Od_ndre.610.2009_no_clouds.asc
NCOLS 144 
NROWS 65 
XLLCORNER 512965 
YLLCORNER 5150865 
CELLSIZE 5 
NODATA_value -3.4e+38 
[rows 21 to 41 of 65, columns 94 to 140 of 144]
0.426503986120224 0.426105350255966 0.421758383512497 0.431388020515442 0.433511644601822 0.422872245311737 0.412891089916229 0.398166865110397 0.387567073106766 0.371356040239334 0.357053339481354 0.347670048475266 0.345307022333145 0.371024996042252 0.406347900629044 0.422343909740448 0.417918682098389 0.41099414229393 0.411577492952347 0.409309834241867 0.386857718229294 0.375633358955383 0.380707085132599 0.388845860958099 0.412251651287079 0.425015091896057 0.437615245580673 0.44236221909523 0.43718883395195 0.453719973564148 0.470369309186935 0.452454715967178 0.441789299249649 0.438103377819061 0.429705649614334 -3.4e+38 -3.4e+38 -3.4e+38 -3.4e+38 -3.4e+38 -3.4e+38 -3.4e+38 -3.4e+38 -3.4e+38 -3.4e+38 -3.4e+38 -3.4e+38
0.433805525302887 0.435215443372726 0.439294397830963 0.436000525951385 0.428455382585526 0.422796159982681 0.415790349245071 0.400219976902008 0.383567929267883 0.376949489116669 0.371594905853271 0.364577621221542 0.362295538187027 0.368815809488297 0.391427159309387 0.426121592521667 0.428607106208801 0.418353945016861 0.411826431751251 0.415162980556488 0.393246382474899 0.370363116264343 0.366624891757965 0.367706567049026 0.373393774032593 0.383062571287155 0.419633567333221 0.439497828483582 0.45160049200058 0.481265515089035 0.487104743719101 0.46620962023735 0.4504154920578 0.45126011967659 0.45702788233757 0.446124702692032 0.431231379508972 -3.4e+38 -3.4e+38 -3.4e+38 -3.4e+38 -3.4e+38 -3.4e+38 -3.4e+38 -3.4e+38 -3.4e+38 -3.4e+38
0.426427215337753 0.427213609218597 0.429549127817154 0.413596570491791 0.406767129898071 0.419027775526047 0.415501683950424 0.405477285385132 0.399158865213394 0.385157495737076 0.366728723049164 0.357604682445526 0.368811160326004 0.384673118591309 0.394687563180923 0.414433807134628 0.425815284252167 0.415713369846344 0.393662512302399 0.383783847093582 0.3826062977314 0.374529749155045 0.377290397882462 0.372825533151627 0.365544527769089 0.365892618894577 0.39431494474411 0.416715145111084 0.446129500865936 0.465819954872131 0.467379719018936 0.46627801656723 0.461136728525162 0.462278336286545 0.476133078336716 0.461075097322464 0.444201171398163 0.441930860280991 -3.4e+38 -3.4e+38 -3.4e+38 -3.4e+38 -3.4e+38 -3.4e+38 -3.4e+38 -3.4e+38 -3.4e+38
0.4214106798172 0.40881136059761 0.409259796142578 0.405292391777039 0.400700032711029 0.413884103298187 0.415875524282455 0.406686127185822 0.40058970451355 0.374306559562683 0.353746771812439 0.359754830598831 0.375210851430893 0.398182392120361 0.406102240085602 0.404140174388885 0.415213078260422 0.423715621232986 0.411057591438293 0.393080085515976 0.401448518037796 0.400865495204926 0.395818024873734 0.387806087732315 0.380083054304123 0.377864360809326 0.386858254671097 0.407535046339035 0.434536665678024 0.443272560834885 0.44146740436554 0.440899431705475 0.448233008384705 0.45898050069809 0.4600670337677 0.452771961688995 0.447471648454666 0.432692140340805 0.421825766563416 -3.4e+38 -3.4e+38 -3.4e+38 -3.4e+38 -3.4e+38 -3.4e+38 -3.4e+38 -3.4e+38
0.408057659864426 0.395650207996368 0.408807277679443 0.422447234392166 0.424442827701569 0.431541800498962 0.418482333421707 0.402996569871902 0.398562341928482 0.381880164146423 0.364277273416519 0.375260800123215 0.392592817544937 0.405281484127045 0.410464942455292 0.407971322536469 0.406053632497787 0.428795456886292 0.442597508430481 0.431097656488419 0.43932443857193 0.43587937951088 0.413778603076935 0.390030205249786 0.392681092023849 0.398549735546112 0.406280487775803 0.422256201505661 0.428403228521347 0.438486725091934 0.447136133909225 0.440255463123322 0.447058469057083 0.448736786842346 0.438587665557861 0.436622798442841 0.442513406276703 0.43452313542366 0.430923193693161 -3.4e+38 -3.4e+38 -3.4e+38 -3.4e+38 -3.4e+38 -3.4e+38 -3.4e+38 -3.4e+38
0.402877390384674 0.390955984592438 0.412099063396454 0.445616245269775 0.451670706272125 0.446130722761154 0.42302668094635 0.412723809480667 0.407681494951248 0.391054660081863 0.387819439172745 0.39508330821991 0.404670625925064 0.410953938961029 0.410430371761322 0.413010507822037 0.413497388362885 0.428721487522125 0.445767670869827 0.445661425590515 0.448927372694016 0.451885998249054 0.432422131299973 0.40845587849617 0.41187646985054 0.409652411937714 0.421099990606308 0.438148021697998 0.44171929359436 0.443926304578781 0.448937833309174 0.445133894681931 0.449165999889374 0.441207766532898 0.437781870365143 0.448961973190308 0.446305721998215 0.442129373550415 0.434765577316284 0.429279148578644 -3.4e+38 -3.4e+38 -3.4e+38 -3.4e+38 -3.4e+38 -3.4e+38 -3.4e+38
0.423992902040482 0.41458323597908 0.434816181659698 0.457401752471924 0.453328371047974 0.437794089317322 0.41328090429306 0.401780307292938 0.409568250179291 0.405772626399994 0.40064612030983 0.399866610765457 0.401714891195297 0.403555601835251 0.405095845460892 0.406828343868256 0.407283782958984 0.42018324136734 0.433920174837112 0.438242703676224 0.450297176837921 0.458696275949478 0.447099089622498 0.438991814851761 0.439468950033188 0.425926029682159 0.433317422866821 0.44459792971611 0.446576833724976 0.445963799953461 0.436568975448608 0.429111063480377 0.4371497631073 0.441495329141617 0.451871931552887 0.464118510484695 0.442745715379715 0.430952131748199 0.425889551639557 0.422271311283112 0.428211271762848 -3.4e+38 -3.4e+38 -3.4e+38 -3.4e+38 -3.4e+38 -3.4e+38
0.427633881568909 0.437361001968384 0.458252161741257 0.456920266151428 0.447315454483032 0.440235078334808 0.427520900964737 0.413715362548828 0.403930604457855 0.39982482790947 0.399806141853333 0.403046131134033 0.403169631958008 0.398569971323013 0.397030740976334 0.394144833087921 0.391083985567093 0.403343081474304 0.419151216745377 0.437230229377747 0.457936525344849 0.459618836641312 0.447428643703461 0.446432858705521 0.449255585670471 0.437449485063553 0.44379511475563 0.445926785469055 0.43980211019516 0.447064906358719 0.448504149913788 0.437111109495163 0.435894250869751 0.444494873285294 0.454013079404831 0.455721229314804 0.425876408815384 0.416156321763992 0.433436274528503 0.428004622459412 0.421280562877655 0.432292520999908 -3.4e+38 -3.4e+38 -3.4e+38 -3.4e+38 -3.4e+38
0.448156535625458 0.457239359617233 0.463838309049606 0.446270644664764 0.426945686340332 0.439220875501633 0.43758425116539 0.411137044429779 0.382425248622894 0.380363643169403 0.392081052064896 0.399060964584351 0.402066111564636 0.402289420366287 0.403519481420517 0.402680099010468 0.395820051431656 0.406870782375336 0.43122074007988 0.448195308446884 0.456916838884354 0.452153563499451 0.44001579284668 0.438507437705994 0.439999401569366 0.442694634199142 0.447813898324966 0.453877091407776 0.445401877164841 0.442236691713333 0.459593385457993 0.4497931599617 0.432152628898621 0.43915393948555 0.437073677778244 0.443889141082764 0.435907930135727 0.428906321525574 0.439417123794556 0.434635758399963 0.425168454647064 0.428711771965027 0.434061616659164 -3.4e+38 -3.4e+38 -3.4e+38 -3.4e+38
0.487804740667343 0.480361670255661 0.473182410001755 0.454718351364136 0.432169616222382 0.435659378767014 0.425988852977753 0.39819011092186 0.37785530090332 0.374460071325302 0.385277301073074 0.393366724252701 0.398290574550629 0.412590116262436 0.418265253305435 0.422254472970963 0.427374571561813 0.436885595321655 0.458344250917435 0.461101412773132 0.456429004669189 0.458042681217194 0.459048509597778 0.443653374910355 0.436481684446335 0.442320466041565 0.440640717744827 0.443617641925812 0.453400492668152 0.455421715974808 0.4676194190979 0.455234616994858 0.440654754638672 0.448203861713409 0.441972315311432 0.436076134443283 0.440422087907791 0.439483404159546 0.435933113098145 0.430950731039047 0.435770213603973 0.437171816825867 0.434789478778839 0.440042942762375 -3.4e+38 -3.4e+38 -3.4e+38
0.511475920677185 0.489963591098785 0.471789181232452 0.456693291664124 0.436996817588806 0.430174440145493 0.422795355319977 0.409429103136063 0.391677230596542 0.382397264242172 0.384061515331268 0.388618737459183 0.397463798522949 0.420769572257996 0.437705665826797 0.452712416648865 0.465867340564728 0.467343896627426 0.473800927400589 0.479413688182831 0.473962098360062 0.467434972524643 0.465858429670334 0.449774652719498 0.442178666591644 0.442849695682526 0.442634880542755 0.449311971664429 0.468160808086395 0.471964448690414 0.463077872991562 0.447738528251648 0.445849418640137 0.441848337650299 0.433063566684723 0.42437544465065 0.424811333417892 0.445688128471375 0.449795067310333 0.428049653768539 0.43455696105957 0.446258574724197 0.438983976840973 0.440044075250626 0.45339360833168 -3.4e+38 -3.4e+38
0.497836112976074 0.477042645215988 0.454913884401321 0.439478158950806 0.423231333494186 0.423539280891418 0.42169314622879 0.420538246631622 0.409221529960632 0.402011334896088 0.39728707075119 0.390960305929184 0.401500135660172 0.43092954158783 0.454514056444168 0.469385176897049 0.478022962808609 0.477834850549698 0.478244692087173 0.471341878175735 0.452489137649536 0.439171105623245 0.4374820291996 0.43679541349411 0.441704392433167 0.44045290350914 0.445478498935699 0.460308939218521 0.470409423112869 0.473143428564072 0.457445740699768 0.443226635456085 0.447049885988235 0.438542872667313 0.428959518671036 0.421806424856186 0.422165125608444 0.437869697809219 0.4436314702034 0.426027446985245 0.429806143045425 0.443210273981094 0.431682467460632 0.422148078680038 0.43117618560791 0.432633757591248 -3.4e+38
0.475240021944046 0.468427896499634 0.446658790111542 0.438133746385574 0.414052337408066 0.397912859916687 0.405638545751572 0.411247223615646 0.414638161659241 0.419941365718842 0.417827397584915 0.409691512584686 0.419590592384338 0.443199336528778 0.459378868341446 0.468666046857834 0.471077740192413 0.462813645601273 0.454528301954269 0.429464727640152 0.408621042966843 0.399999141693115 0.396720111370087 0.415096819400787 0.423871368169785 0.417133748531342 0.438445955514908 0.45630818605423 0.45208016037941 0.462695568799973 0.461768627166748 0.441274404525757 0.442555546760559 0.445563822984695 0.431535810232162 0.421414494514465 0.424266070127487 0.427221924066544 0.433897912502289 0.433027744293213 0.435147076845169 0.451884806156158 0.436180025339127 0.420541226863861 0.424776136875153 0.425658196210861 0.437317341566086
0.468159228563309 0.464620977640152 0.446834057569504 0.438310503959656 0.410486549139023 0.38904282450676 0.399853974580765 0.405352801084518 0.40355584025383 0.409845113754272 0.424783647060394 0.423226118087769 0.431329727172852 0.44381308555603 0.45117124915123 0.460295289754868 0.450167953968048 0.429586291313171 0.413792103528976 0.39641472697258 0.393787026405334 0.392523437738419 0.388354957103729 0.402710676193237 0.400964617729187 0.398870170116425 0.426999896764755 0.444333702325821 0.437124043703079 0.442239224910736 0.443918853998184 0.43171101808548 0.436800330877304 0.444804817438126 0.430369585752487 0.434339791536331 0.440953850746155 0.43281614780426 0.437857806682587 0.441193908452988 0.430532068014145 0.438939958810806 0.432088404893875 0.426445871591568 0.43045562505722 0.424894958734512 0.432972341775894
0.470221549272537 0.466446220874786 0.454706728458405 0.442577093839645 0.419320791959763 0.399812579154968 0.399224251508713 0.403012335300446 0.40242412686348 0.407990247011185 0.42510449886322 0.423839747905731 0.424331575632095 0.416285037994385 0.407108932733536 0.414370805025101 0.419954568147659 0.398801267147064 0.384640544652939 0.385573953390121 0.382983773946762 0.396572977304459 0.406066536903381 0.396308183670044 0.397340327501297 0.408352881669998 0.42398002743721 0.431159377098083 0.425700128078461 0.424447387456894 0.428392648696899 0.430467218160629 0.436580210924149 0.439883053302765 0.430724173784256 0.441293656826019 0.450422406196594 0.444505304098129 0.426668852567673 0.411670595407486 0.418711960315704 0.434921860694885 0.432051151990891 0.423926740884781 0.411156237125397 0.410590052604675 0.437486857175827
0.470872014760971 0.456056892871857 0.445278972387314 0.433080583810806 0.413586020469666 0.408990919589996 0.412275493144989 0.414917260408401 0.422158360481262 0.425649136304855 0.429020166397095 0.42794942855835 0.423482567071915 0.407461673021317 0.396065711975098 0.38839715719223 0.390251159667969 0.385967403650284 0.387604981660843 0.387256264686584 0.381670922040939 0.405121028423309 0.411161750555038 0.394086867570877 0.40701550245285 0.418607383966446 0.424187183380127 0.422629356384277 0.426211804151535 0.429554283618927 0.436826705932617 0.43889319896698 0.443739950656891 0.443015456199646 0.431727349758148 0.440424501895905 0.441601872444153 0.440712541341782 0.431672424077988 0.422584176063538 0.430474698543549 0.449921190738678 0.456614851951599 0.454027503728867 0.429476857185364 0.423474997282028 0.450310379266739
0.459820538759232 0.439883232116699 0.431505113840103 0.427588552236557 0.421479105949402 0.435581475496292 0.438494741916656 0.438399493694305 0.446198582649231 0.442726016044617 0.446289598941803 0.441137164831161 0.42359533905983 0.415965586900711 0.411104768514633 0.384946048259735 0.359338521957397 0.362506359815598 0.379770934581757 0.390363454818726 0.400920689105988 0.39758762717247 0.400863528251648 0.402054607868195 0.409089118242264 0.423265337944031 0.421423971652985 0.418076545000076 0.434452772140503 0.443878352642059 0.437368661165237 0.444774866104126 0.4631008207798 0.454912930727005 0.444031864404678 0.451685339212418 0.450578242540359 0.433537393808365 0.433832287788391 0.447083532810211 0.448095113039017 0.451769530773163 0.459497034549713 0.45448961853981 0.43948021531105 0.447200685739517 0.45387265086174
0.448698312044144 0.435354322195053 0.430003434419632 0.446117877960205 0.451453536748886 0.454157024621964 0.445211410522461 0.443444579839706 0.452650427818298 0.452970564365387 0.456351399421692 0.438814073801041 0.414629936218262 0.410775125026703 0.396658957004547 0.386397004127502 0.371795624494553 0.362788617610931 0.36960643529892 0.389517962932587 0.411499053239822 0.412249684333801 0.425530076026917 0.4159215092659 0.408262401819229 0.427938193082809 0.429704517126083 0.428676515817642 0.438027799129486 0.453493297100067 0.442061901092529 0.448541641235352 0.467756032943726 0.452533572912216 0.453267097473145 0.454712122678757 0.44886103272438 0.42622584104538 0.423735797405243 0.445231854915619 0.455323755741119 0.463026493787766 0.461998522281647 0.448800653219223 0.44476729631424 0.461749136447906 -3.4e+38
0.442311853170395 0.437010258436203 0.432338923215866 0.445257872343063 0.444582015275955 0.435891926288605 0.42854842543602 0.42645600438118 0.440515518188477 0.45045080780983 0.441529005765915 0.422500848770142 0.400184720754623 0.389005154371262 0.376989096403122 0.37476372718811 0.369370758533478 0.356329917907715 0.36420926451683 0.385509997606277 0.400504946708679 0.408585697412491 0.428688526153564 0.423152774572372 0.421456038951874 0.43196964263916 0.433474719524384 0.445083260536194 0.446415185928345 0.44438573718071 0.443122655153275 0.445660412311554 0.456203520298004 0.460432678461075 0.456211626529694 0.448080658912659 0.444729298353195 0.438935846090317 0.443526744842529 0.432710409164429 0.428753882646561 0.45802116394043 0.45487853884697 0.44914585351944 -3.4e+38 -3.4e+38 -3.4e+38
0.437267035245895 0.423311233520508 0.416405022144318 0.419840037822723 0.406144201755524 0.395493298768997 0.390626847743988 0.378177642822266 0.39690026640892 0.415146052837372 0.410692542791367 0.413327574729919 0.409202337265015 0.389700770378113 0.374599933624268 0.372839212417603 0.349059909582138 0.338297724723816 0.358173698186874 0.392135143280029 0.394475787878036 0.398502767086029 0.421366482973099 0.436284929513931 0.444411337375641 0.445854604244232 0.438763320446014 0.447066217660904 0.44875955581665 0.43490743637085 0.447088062763214 0.449960947036743 0.446748733520508 0.44902777671814 0.448176324367523 0.443259239196777 0.440816938877106 0.430908262729645 0.437355607748032 0.427462875843048 0.423818051815033 0.440002411603928 -3.4e+38 -3.4e+38 -3.4e+38 -3.4e+38 -3.4e+38
0.42440801858902 0.401015490293503 0.396199852228165 0.405536115169525 0.403710722923279 0.397849440574646 0.377228528261185 0.355096101760864 0.36119681596756 0.369778364896774 0.376498818397522 0.401438415050507 0.405111342668533 0.392468929290771 0.398929983377457 0.411551982164383 0.3749640583992 0.360191702842712 0.378084510564804 0.406254351139069 0.415690422058105 0.415316551923752 0.428663194179535 0.431595683097839 0.421954661607742 0.433734178543091 0.436330020427704 0.424079328775406 0.441412478685379 0.444169551134109 0.444087982177734 0.449957638978958 0.436052590608597 0.429523646831512 0.446300029754639 0.433573395013809 0.437582790851593 0.450363993644714 0.443053394556046 0.440880179405212 -3.4e+38 -3.4e+38 -3.4e+38 -3.4e+38 -3.4e+38 -3.4e+38 -3.4e+38
