data/trimmed_ndre/Od_ndre.74.2013_no_clouds.asc
NCOLS 144 
NROWS 65 
XLLCORNER 512965 
YLLCORNER 5150865 
CELLSIZE 5 
NODATA_value -3.4e+38 
[rows 42 to 62 of 65, columns 0 to 46 of 144]
-3.4e+38 -3.4e+38 -3.4e+38 -3.4e+38 -3.4e+38 -3.4e+38 -3.4e+38 -3.4e+38 -3.4e+38 -3.4e+38 -3.4e+38 -3.4e+38 -3.4e+38 -3.4e+38 -3.4e+38 -3.4e+38 -3.4e+38 -3.4e+38 -3.4e+38 -3.4e+38 -3.4e+38 0.601485431194305 0.594639956951141 0.585789024829865 0.574012756347656 0.55772739648819 0.542705595493317 0.533299505710602 0.521819293498993 0.510989308357239 0.511154234409332 0.524990260601044 0.556428551673889 0.588148236274719 0.613410711288452 0.620602667331696 0.619677901268005 0.640319645404816 0.66034334897995 0.660672247409821 0.656796872615814 0.661239147186279 0.654881119728088 0.648588240146637 0.649077832698822 0.646149516105652 0.646907448768616
-3.4e+38 -3.4e+38 -3.4e+38 -3.4e+38 -3.4e+38 -3.4e+38 -3.4e+38 -3.4e+38 -3.4e+38 -3.4e+38 -3.4e+38 -3.4e+38 -3.4e+38 -3.4e+38 -3.4e+38 -3.4e+38 -3.4e+38 -3.4e+38 -3.4e+38 0.592034220695496 0.593742489814758 0.594654858112335 0.581787467002869 0.561744093894958 0.539202272891998 0.528047680854797 0.528087258338928 0.525715172290802 0.522836744785309 0.529040098190308 0.543299496173859 0.556116878986359 0.580750226974487 0.606737375259399 0.624061107635498 0.626035213470459 0.627626240253448 0.640864074230194 0.644133925437927 0.632838606834412 0.627300322055817 0.62954193353653 0.626527011394501 0.621509075164795 0.625669538974762 0.626590847969055 0.631159126758575
-3.4e+38 -3.4e+38 -3.4e+38 -3.4e+38 -3.4e+38 -3.4e+38 -3.4e+38 -3.4e+38 -3.4e+38 -3.4e+38 -3.4e+38 -3.4e+38 -3.4e+38 -3.4e+38 -3.4e+38 -3.4e+38 -3.4e+38 -3.4e+38 0.580508410930634 0.584973156452179 0.585123419761658 0.590757846832275 0.592442691326141 0.581251442432404 0.566968739032745 0.537778913974762 0.527227401733398 0.531740725040436 0.537803590297699 0.550019264221191 0.566261529922485 0.576828062534332 0.591978967189789 0.613874971866608 0.628746330738068 0.630461156368256 0.630739390850067 0.632394373416901 0.622897326946259 0.607591450214386 0.596865952014923 0.599373281002045 0.60560530424118 0.611138880252838 0.618413627147675 0.623836278915405 0.629365086555481
-3.4e+38 -3.4e+38 -3.4e+38 -3.4e+38 -3.4e+38 -3.4e+38 -3.4e+38 -3.4e+38 -3.4e+38 -3.4e+38 -3.4e+38 -3.4e+38 -3.4e+38 -3.4e+38 -3.4e+38 -3.4e+38 -3.4e+38 0.601325154304504 0.592938601970673 0.592503070831299 0.594914972782135 0.597808122634888 0.600844383239746 0.599758565425873 0.591279685497284 0.566923916339874 0.555027663707733 0.567964315414429 0.572535574436188 0.581233561038971 0.590206146240234 0.601188242435455 0.611773312091827 0.625153362751007 0.634815216064453 0.634221971035004 0.626823544502258 0.620631694793701 0.616802930831909 0.609441757202148 0.601339936256409 0.608219683170319 0.618683397769928 0.628129899501801 0.635701179504395 0.64017242193222 0.642995953559875
-3.4e+38 -3.4e+38 -3.4e+38 -3.4e+38 -3.4e+38 -3.4e+38 -3.4e+38 -3.4e+38 -3.4e+38 -3.4e+38 -3.4e+38 -3.4e+38 -3.4e+38 -3.4e+38 -3.4e+38 -3.4e+38 0.596563696861267 0.597856819629669 0.584159970283508 0.583722651004791 0.595269441604614 0.604841947555542 0.602896094322205 0.603285193443298 0.607043445110321 0.606303751468658 0.605343282222748 0.610775589942932 0.614359498023987 0.609222590923309 0.605204463005066 0.616133213043213 0.628788650035858 0.636319577693939 0.640780627727509 0.633819818496704 0.612592458724976 0.614426553249359 0.635323882102966 0.641917824745178 0.641993939876556 0.646545231342316 0.653048038482666 0.658411204814911 0.659298062324524 0.664533972740173 0.668559670448303
-3.4e+38 -3.4e+38 -3.4e+38 -3.4e+38 -3.4e+38 -3.4e+38 -3.4e+38 -3.4e+38 -3.4e+38 -3.4e+38 -3.4e+38 -3.4e+38 -3.4e+38 -3.4e+38 -3.4e+38 0.579638481140137 0.580948948860168 0.578215599060059 0.577801287174225 0.586595118045807 0.605418264865875 0.615442395210266 0.610393524169922 0.625180423259735 0.634657025337219 0.633302390575409 0.633646309375763 0.631107091903687 0.634904325008392 0.636066615581512 0.62984824180603 0.627687990665436 0.638576745986938 0.647536993026733 0.648946285247803 0.640259444713593 0.629051625728607 0.636883914470673 0.655523240566254 0.667480170726776 0.673848032951355 0.674567461013794 0.672529339790344 0.672691762447357 0.669972777366638 0.678398251533508 0.686953544616699
-3.4e+38 -3.4e+38 -3.4e+38 -3.4e+38 -3.4e+38 -3.4e+38 -3.4e+38 -3.4e+38 -3.4e+38 -3.4e+38 -3.4e+38 -3.4e+38 -3.4e+38 -3.4e+38 0.586547791957855 0.58613246679306 0.5837681889534 0.583344340324402 0.592499315738678 0.599986612796783 0.605528891086578 0.620960414409637 0.630384027957916 0.640288531780243 0.649453163146973 0.652808964252472 0.650986015796661 0.640222132205963 0.64573746919632 0.658409655094147 0.654227077960968 0.639413833618164 0.633667588233948 0.643078625202179 0.643752872943878 0.647589564323425 0.655483365058899 0.658655881881714 0.655881702899933 0.655465662479401 0.662146627902985 0.666003584861755 0.664077699184418 0.663644909858704 0.664293169975281 0.675993144512177 0.680720448493958
-3.4e+38 -3.4e+38 -3.4e+38 -3.4e+38 -3.4e+38 -3.4e+38 -3.4e+38 -3.4e+38 -3.4e+38 -3.4e+38 -3.4e+38 -3.4e+38 -3.4e+38 0.613992989063263 0.610748648643494 0.601546049118042 0.595353722572327 0.60811322927475 0.630424380302429 0.629790127277374 0.619022309780121 0.634956479072571 0.642178237438202 0.642245650291443 0.642080307006836 0.651728391647339 0.656923472881317 0.649480044841766 0.652585208415985 0.652497529983521 0.642637014389038 0.629914879798889 0.632333040237427 0.641668915748596 0.638358652591705 0.638458728790283 0.651243329048157 0.660768866539001 0.656524121761322 0.643435120582581 0.637841761112213 0.639320969581604 0.64109879732132 0.643635869026184 0.648750364780426 0.657218158245087 0.654480338096619
-3.4e+38 -3.4e+38 -3.4e+38 -3.4e+38 -3.4e+38 -3.4e+38 -3.4e+38 -3.4e+38 -3.4e+38 -3.4e+38 -3.4e+38 -3.4e+38 0.63950788974762 0.638215601444244 0.633368730545044 0.618101477622986 0.6158047914505 0.642099142074585 0.665464162826538 0.657060086727142 0.641186475753784 0.64881443977356 0.64529824256897 0.630367457866669 0.619724750518799 0.634565591812134 0.649306058883667 0.650022745132446 0.65954601764679 0.656182885169983 0.638432562351227 0.628357529640198 0.644980669021606 0.651979506015778 0.642583668231964 0.643450558185577 0.649147093296051 0.652928352355957 0.646251857280731 0.635780155658722 0.625348091125488 0.622641801834106 0.628467738628387 0.62486344575882 0.620094537734985 0.621480643749237 0.627096593379974
-3.4e+38 -3.4e+38 -3.4e+38 -3.4e+38 -3.4e+38 -3.4e+38 -3.4e+38 -3.4e+38 -3.4e+38 -3.4e+38 -3.4e+38 0.63875412940979 0.648851454257965 0.647864282131195 0.640678524971008 0.624814808368683 0.625479698181152 0.653535485267639 0.672326922416687 0.663667678833008 0.652219355106354 0.65661883354187 0.649393558502197 0.630763113498688 0.621106266975403 0.636490702629089 0.646162688732147 0.652083992958069 0.65981388092041 0.657127261161804 0.640052556991577 0.631389498710632 0.642953217029572 0.640485405921936 0.638734936714172 0.64743560552597 0.643633604049683 0.631869554519653 0.623693525791168 0.618165850639343 0.61280483007431 0.609892547130585 0.607669353485107 0.597396612167358 0.584904551506042 0.587511301040649 0.606431484222412
-3.4e+38 -3.4e+38 -3.4e+38 -3.4e+38 -3.4e+38 -3.4e+38 -3.4e+38 -3.4e+38 -3.4e+38 -3.4e+38 0.620739936828613 0.639800667762756 0.652020394802094 0.651670575141907 0.637191295623779 0.62001758813858 0.619448244571686 0.642533719539642 0.657615661621094 0.652839004993439 0.6573406457901 0.664052546024323 0.657368302345276 0.651979088783264 0.654832243919373 0.660541772842407 0.654660284519196 0.646429836750031 0.640980780124664 0.635508179664612 0.628047823905945 0.623989582061768 0.629883527755737 0.613168895244598 0.616260409355164 0.633285820484161 0.62415337562561 0.611479997634888 0.605670094490051 0.60513961315155 0.601886451244354 0.585998952388763 0.575281977653503 0.567700386047363 0.566674709320068 0.570631623268127 0.579813241958618
-3.4e+38 -3.4e+38 -3.4e+38 -3.4e+38 -3.4e+38 -3.4e+38 -3.4e+38 -3.4e+38 -3.4e+38 0.630932152271271 0.63640284538269 0.647286891937256 0.657214939594269 0.65431797504425 0.641665875911713 0.622647225856781 0.617320418357849 0.630904316902161 0.649350464344025 0.655039310455322 0.661609470844269 0.666195452213287 0.66350781917572 0.661288201808929 0.669539272785187 0.668349206447601 0.648074328899384 0.629987180233002 0.611215174198151 0.60103577375412 0.608306646347046 0.618218243122101 0.61594170331955 0.590326249599457 0.59326559305191 0.611649513244629 0.60599684715271 0.600070059299469 0.597614467144012 0.597137212753296 0.590257346630096 0.572044670581818 0.558303833007812 0.553670108318329 0.561731159687042 0.562575578689575 0.55086761713028
-3.4e+38 -3.4e+38 -3.4e+38 -3.4e+38 -3.4e+38 -3.4e+38 -3.4e+38 -3.4e+38 0.624055683612823 0.638844609260559 0.652233719825745 0.657075226306915 0.659345746040344 0.65706342458725 0.662266731262207 0.654119610786438 0.633709371089935 0.633975923061371 0.651973366737366 0.662960469722748 0.656647980213165 0.660188376903534 0.656305491924286 0.641939222812653 0.648690581321716 0.64389568567276 0.619170725345612 0.611339747905731 0.598968505859375 0.593332231044769 0.599100589752197 0.61567747592926 0.611546516418457 0.588534593582153 0.587034285068512 0.599213838577271 0.60343199968338 0.599503934383392 0.596128404140472 0.592457711696625 0.587988138198853 0.581389307975769 0.565403819084167 0.557031035423279 0.569110989570618 0.559060096740723 0.543745934963226
-3.4e+38 -3.4e+38 -3.4e+38 -3.4e+38 -3.4e+38 -3.4e+38 -3.4e+38 0.606092572212219 0.616272807121277 0.636353969573975 0.657859981060028 0.663003206253052 0.656465411186218 0.652065217494965 0.661790251731873 0.658897340297699 0.641193211078644 0.639791131019592 0.65194696187973 0.659150362014771 0.643825054168701 0.648664712905884 0.642118990421295 0.618799269199371 0.620228111743927 0.61031699180603 0.597976088523865 0.602942943572998 0.604883670806885 0.600416123867035 0.59874302148819 0.613857984542847 0.609522342681885 0.589710175991058 0.584054529666901 0.594622433185577 0.607356071472168 0.604535758495331 0.597331047058105 0.592844069004059 0.594016551971436 0.592622578144073 0.577426433563232 0.567273616790771 0.575184166431427 0.563639223575592 0.554606974124908
-3.4e+38 -3.4e+38 -3.4e+38 -3.4e+38 -3.4e+38 -3.4e+38 0.590335607528687 0.60060840845108 0.61797434091568 0.641469955444336 0.656694352626801 0.662229895591736 0.655154705047607 0.648067653179169 0.649862706661224 0.644959926605225 0.638241589069366 0.637163937091827 0.631262719631195 0.6295126080513 0.621560454368591 0.617311656475067 0.621965944766998 0.61714243888855 0.614391267299652 0.602866888046265 0.597447693347931 0.603776395320892 0.601220428943634 0.594248294830322 0.595091700553894 0.609043776988983 0.605714201927185 0.589418590068817 0.587916433811188 0.59932279586792 0.612178146839142 0.610072731971741 0.60200047492981 0.595743596553802 0.597107529640198 0.598542630672455 0.587940335273743 0.577129781246185 0.578189551830292 0.571893393993378 0.561391592025757
-3.4e+38 -3.4e+38 -3.4e+38 -3.4e+38 -3.4e+38 0.588921964168549 0.585073351860046 0.602967143058777 0.627527832984924 0.643870234489441 0.661706030368805 0.673341333866119 0.659195601940155 0.650443136692047 0.648260891437531 0.634540200233459 0.628225803375244 0.619857251644135 0.600116670131683 0.595275104045868 0.592705368995667 0.57978767156601 0.589536488056183 0.597456037998199 0.591315686702728 0.584499001502991 0.576889336109161 0.577614665031433 0.57601660490036 0.573150038719177 0.586277008056641 0.61426055431366 0.610302805900574 0.599484205245972 0.603141784667969 0.613723933696747 0.618902027606964 0.615353763103485 0.609584033489227 0.607861638069153 0.607553601264954 0.604942440986633 0.595659911632538 0.582503736019135 0.581400871276855 0.588019728660583 0.576417446136475
-3.4e+38 -3.4e+38 -3.4e+38 -3.4e+38 0.600007474422455 0.585308074951172 0.583286225795746 0.605959534645081 0.633205711841583 0.638215005397797 0.656526327133179 0.671433568000793 0.656593680381775 0.654277205467224 0.649787306785583 0.627917647361755 0.614985644817352 0.596210420131683 0.577126860618591 0.578173398971558 0.570568859577179 0.561405599117279 0.571009993553162 0.58093649148941 0.573754370212555 0.563844501972198 0.55329555273056 0.546508073806763 0.559406161308289 0.594739019870758 0.602085113525391 0.604728579521179 0.610866189002991 0.61427241563797 0.617893815040588 0.621831655502319 0.620309233665466 0.625124931335449 0.631891489028931 0.635894119739532 0.626730501651764 0.614285528659821 0.602881371974945 0.589285552501678 0.595875263214111 0.610694587230682 0.599241197109222
-3.4e+38 -3.4e+38 -3.4e+38 0.625845193862915 0.597712576389313 0.577624499797821 0.58698308467865 0.608863234519958 0.625692665576935 0.62226676940918 0.633208811283112 0.644918620586395 0.640244901180267 0.645754098892212 0.64119291305542 0.6207674741745 0.611117839813232 0.591520190238953 0.574754416942596 0.581442952156067 0.577982246875763 0.560925602912903 0.557087004184723 0.581379532814026 0.582176387310028 0.569193422794342 0.572211980819702 0.560133159160614 0.568895220756531 0.606308341026306 0.597602665424347 0.586595296859741 0.604080140590668 0.617685556411743 0.626723945140839 0.630349516868591 0.634521722793579 0.641511678695679 0.653427004814148 0.655351758003235 0.642127335071564 0.622788667678833 0.612077474594116 0.612906992435455 0.618127167224884 0.625686764717102 0.619028031826019
-3.4e+38 -3.4e+38 0.635472118854523 0.628291845321655 0.607293009757996 0.58490127325058 0.591450989246368 0.609257757663727 0.616052985191345 0.609021782875061 0.620530605316162 0.628282785415649 0.630800426006317 0.639979720115662 0.636845886707306 0.625333607196808 0.618752479553223 0.598474740982056 0.580742955207825 0.582557260990143 0.580019652843475 0.569615721702576 0.566277623176575 0.58972829580307 0.578018188476562 0.564780652523041 0.585429966449738 0.580046236515045 0.574266016483307 0.586627006530762 0.594744563102722 0.59777295589447 0.611294567584991 0.625795960426331 0.637745261192322 0.647014796733856 0.651353895664215 0.652094185352325 0.652343690395355 0.65016633272171 0.64305591583252 0.62817907333374 0.624465584754944 0.633859992027283 0.631860196590424 0.628146290779114 0.628962159156799
-3.4e+38 0.617907702922821 0.633744299411774 0.625758767127991 0.61478590965271 0.592488646507263 0.589436709880829 0.605413496494293 0.613236904144287 0.61179506778717 0.619516670703888 0.620695292949677 0.628247678279877 0.641251683235168 0.641220510005951 0.643461763858795 0.636596083641052 0.608645260334015 0.597669661045074 0.596620738506317 0.587338924407959 0.595487833023071 0.607820749282837 0.613102674484253 0.582479059696198 0.574154436588287 0.593419551849365 0.591558158397675 0.585439920425415 0.595054388046265 0.614483654499054 0.621058225631714 0.626018464565277 0.63472181558609 0.642496824264526 0.647389650344849 0.648577213287354 0.649301111698151 0.645655393600464 0.641042649745941 0.638666570186615 0.629056215286255 0.627023220062256 0.636979222297668 0.645543277263641 0.641417682170868 0.632087290287018
0.577544689178467 0.611189365386963 0.619280457496643 0.609289407730103 0.605051279067993 0.592306911945343 0.583533406257629 0.592721998691559 0.605804800987244 0.607867240905762 0.605468153953552 0.605258822441101 0.617075204849243 0.637939691543579 0.643072664737701 0.655691504478455 0.650755941867828 0.625172734260559 0.624194204807281 0.618052840232849 0.604059159755707 0.611782133579254 0.624709486961365 0.620251059532166 0.606067895889282 0.590169608592987 0.591334879398346 0.596092641353607 0.596956551074982 0.604721128940582 0.619827628135681 0.616410315036774 0.623184025287628 0.633961915969849 0.639692485332489 0.643143892288208 0.643703401088715 0.643133044242859 0.640841245651245 0.63890939950943 0.631709933280945 0.620771110057831 0.620747447013855 0.626358568668365 0.63104510307312 0.632299780845642 0.624913990497589
