data/trimmed_ndre/Od_ndre.615.2010_no_clouds.asc
NCOLS 144 
NROWS 65 
XLLCORNER 512965 
YLLCORNER 5150865 
CELLSIZE 5 
NODATA_value -3.4e+38 
[rows 42 to 62 of 65, columns 47 to 93 of 144]
0.151426434516907 0.137468099594116 0.142671748995781 0.145018666982651 0.142791643738747 0.148454785346985 0.139839932322502 0.134636387228966 0.149367615580559 0.150841370224953 0.150089085102081 0.148940563201904 0.150403395295143 0.151999235153198 0.15678408741951 0.154921114444733 0.150594756007195 0.142763376235962 0.144061863422394 0.152746230363846 0.146314263343811 0.152909591794014 0.158764958381653 0.157990127801895 0.152920067310333 0.14310011267662 0.152810424566269 0.162844642996788 0.149273246526718 0.152815222740173 0.159316524863243 0.165225222706795 0.163706585764885 0.167951002717018 0.17458601295948 0.170010030269623 0.169289782643318 0.156816989183426 0.164905324578285 0.178449705243111 0.172884374856949 0.160222873091698 0.159161046147346 0.156381636857986 0.156397774815559 0.168320223689079 0.166091352701187
0.151919052004814 0.142617717385292 0.148744821548462 0.147367924451828 0.137592419981956 0.135242223739624 0.144606813788414 0.155986413359642 0.156499847769737 0.153308779001236 0.150807082653046 0.155538395047188 0.161253452301025 0.152223035693169 0.149158999323845 0.157231271266937 0.151653230190277 0.152918845415115 0.158490285277367 0.153593346476555 0.149723514914513 0.165005907416344 0.158073380589485 0.155946835875511 0.165157184004784 0.156745284795761 0.176718577742577 0.1944590061903 0.165853276848793 0.161202996969223 0.167604103684425 0.167557582259178 0.171337902545929 0.169944286346436 0.178517535328865 0.187724113464355 0.186428099870682 0.16085946559906 0.165830448269844 0.18691685795784 0.169994994997978 0.15803861618042 0.172391071915627 0.17281611263752 0.16316844522953 0.169455543160439 0.172614514827728
0.141794964671135 0.142430260777473 0.153477936983109 0.154413804411888 0.139095291495323 0.141335129737854 0.156613156199455 0.15529927611351 0.143115475773811 0.140264719724655 0.145766615867615 0.157541632652283 0.158509477972984 0.142555326223373 0.131272464990616 0.144070848822594 0.152078658342361 0.162178933620453 0.162699624896049 0.161673367023468 0.162127688527107 0.164617344737053 0.151959300041199 0.152011126279831 0.173894494771957 0.173818126320839 0.170446664094925 0.185468286275864 0.185232847929001 0.175311639904976 0.176971763372421 0.18055172264576 0.183426097035408 0.17277480661869 0.169751062989235 0.173599943518639 0.165211006999016 0.151671826839447 0.157772913575172 0.175110876560211 0.166426464915276 0.161224693059921 0.178476363420486 0.183038234710693 0.169852197170258 0.166209027171135 0.176137551665306
0.13372677564621 0.140833750367165 0.153970465064049 0.158178195357323 0.145903423428535 0.148146539926529 0.155155792832375 0.139681041240692 0.135975867509842 0.14434526860714 0.146756395697594 0.149230614304543 0.149574086070061 0.148380026221275 0.149490877985954 0.161061450839043 0.161520436406136 0.155597105622292 0.151922151446342 0.158120065927505 0.174454033374786 0.182319954037666 0.169476017355919 0.154580816626549 0.162803500890732 0.180514857172966 0.181133911013603 0.174397155642509 0.176121443510056 0.178099483251572 0.180267587304115 0.180008724331856 0.177062749862671 0.173773795366287 0.169133052229881 0.174588322639465 0.167169064283371 0.160006418824196 0.163045406341553 0.157517120242119 0.151868835091591 0.158454105257988 0.172298282384872 0.181051135063171 0.187767162919044 0.177296698093414 0.167592003941536
0.137515306472778 0.140724465250969 0.150137096643448 0.153702542185783 0.137796252965927 0.131697967648506 0.142029821872711 0.143504455685616 0.151563435792923 0.159084886312485 0.147947579622269 0.140685245394707 0.150603502988815 0.164627224206924 0.169145032763481 0.172218084335327 0.161465108394623 0.143349647521973 0.149078488349915 0.157418996095657 0.156845971941948 0.172927990555763 0.176883593201637 0.160772785544395 0.168576136231422 0.182614013552666 0.174427434802055 0.16488690674305 0.17009237408638 0.175037175416946 0.166264995932579 0.16588731110096 0.171942323446274 0.164766624569893 0.160760268568993 0.181289374828339 0.17910099029541 0.159584000706673 0.16892147064209 0.157688573002815 0.147530794143677 0.155316606163979 0.164702996611595 0.173042476177216 0.185958921909332 0.179573521018028 0.165977001190186
0.157083213329315 0.150565877556801 0.149876996874809 0.148904487490654 0.138430923223495 0.129770442843437 0.150526449084282 0.170322805643082 0.173008397221565 0.162546664476395 0.153324723243713 0.154621466994286 0.167722433805466 0.1795863956213 0.170878574252129 0.157596006989479 0.155514940619469 0.149977624416351 0.157576724886894 0.163143783807755 0.157047808170319 0.16264671087265 0.16547903418541 0.160536006093025 0.170996323227882 0.176271438598633 0.168388083577156 0.172793224453926 0.17279115319252 0.166044980287552 0.179095700383186 0.199549913406372 0.189166828989983 0.174351438879967 0.168769329786301 0.171333193778992 0.170503497123718 0.16550287604332 0.172040343284607 0.165450423955917 0.155547827482224 0.154015555977821 0.158261775970459 0.167373791337013 0.181384921073914 0.172211512923241 0.165933966636658
0.170060753822327 0.163965776562691 0.16111096739769 0.15186795592308 0.153425499796867 0.153091683983803 0.163363933563232 0.180446147918701 0.179583936929703 0.169509276747704 0.165828794240952 0.176140755414963 0.180653154850006 0.177967146039009 0.166369065642357 0.146875232458115 0.165795505046844 0.170837983489037 0.164811789989471 0.174229428172112 0.182860344648361 0.173312187194824 0.167015239596367 0.16925323009491 0.174930796027184 0.176825314760208 0.170611083507538 0.175466701388359 0.189048305153847 0.174286127090454 0.183948740363121 0.205992147326469 0.189889997243881 0.181158125400543 0.193140372633934 0.192780748009682 0.173563987016678 0.160095036029816 0.171034395694733 0.17060786485672 0.161675482988358 0.163419187068939 0.16332520544529 0.168220564723015 0.171061396598816 0.161700427532196 0.175161242485046
0.153287947177887 0.165381476283073 0.169085010886192 0.16760541498661 0.165462717413902 0.163688004016876 0.164930537343025 0.178115576505661 0.179092988371849 0.17036272585392 0.176125824451447 0.18598547577858 0.178781136870384 0.17508240044117 0.172623157501221 0.159825384616852 0.164872154593468 0.164800360798836 0.157933533191681 0.169617354869843 0.188302278518677 0.182374536991119 0.169671803712845 0.162697106599808 0.173642084002495 0.184060096740723 0.185212716460228 0.18229116499424 0.17752431333065 0.169477045536041 0.175307184457779 0.180728167295456 0.178829848766327 0.177865087985992 0.181280076503754 0.179124772548676 0.173417642712593 0.166182279586792 0.17234118282795 0.171488150954247 0.16667303442955 0.166398093104362 0.157447427511215 0.159231156110764 0.162327796220779 0.164195075631142 0.181379154324532
0.153515174984932 0.162231922149658 0.173875167965889 0.176523670554161 0.152313753962517 0.15345062315464 0.170653432607651 0.176559343934059 0.170826956629753 0.166720494627953 0.180299356579781 0.184894144535065 0.167813047766685 0.156182736158371 0.166034072637558 0.167268171906471 0.15905824303627 0.151144966483116 0.155815541744232 0.167220562696457 0.177342534065247 0.172394469380379 0.16242641210556 0.159245103597641 0.17242157459259 0.18694281578064 0.176693946123123 0.177014634013176 0.170124217867851 0.172557443380356 0.179308459162712 0.177677884697914 0.169557139277458 0.172552928328514 0.18235270678997 0.178429827094078 0.179112508893013 0.177079081535339 0.178631603717804 0.179875954985619 0.175624221563339 0.16716068983078 0.152950182557106 0.149115607142448 0.157208383083344 0.160610213875771 0.15544405579567
0.165849640965462 0.160702064633369 0.166900277137756 0.164506539702415 0.150793999433517 0.160513669252396 0.165259316563606 0.162360429763794 0.161517187952995 0.159341216087341 0.17146010696888 0.178980693221092 0.16728700697422 0.157712250947952 0.161260813474655 0.160916715860367 0.164316177368164 0.166768535971642 0.157166287302971 0.143061548471451 0.164230659604073 0.160914167761803 0.155523926019669 0.166597843170166 0.162221729755402 0.174201622605324 0.168332695960999 0.177989408373833 0.187184229493141 0.17855629324913 0.171986326575279 0.18377198278904 0.177506938576698 0.165581926703453 0.188201233744621 0.183951124548912 0.170320674777031 0.173784762620926 0.174055576324463 0.164959371089935 0.154517158865929 0.150395706295967 0.15000481903553 0.147495880723 0.14712156355381 0.147687807679176 0.142024382948875
0.15252198278904 0.151795521378517 0.166045516729355 0.171882376074791 0.160237103700638 0.161050543189049 0.148047611117363 0.14268933236599 0.157228544354439 0.176016375422478 0.175753518939018 0.165110379457474 0.164842307567596 0.177617773413658 0.174592420458794 0.159463882446289 0.158765003085136 0.168582409620285 0.164312854409218 0.15190315246582 0.176198333501816 0.1548852622509 0.143361076712608 0.170845657587051 0.175728008151054 0.165225073695183 0.158610731363297 0.168670877814293 0.179383888840675 0.176143482327461 0.16993260383606 0.181155025959015 0.175720199942589 0.153588429093361 0.160711079835892 0.173782214522362 0.167177528142929 0.165479600429535 0.159383699297905 0.144330397248268 0.138457477092743 0.130685061216354 0.13952349126339 0.148973196744919 0.149333342909813 0.153080195188522 0.152388975024223
0.132021516561508 0.143670573830605 0.173922464251518 0.168533384799957 0.148928925395012 0.156417652964592 0.164940759539604 0.168270438909531 0.169258892536163 0.171442687511444 0.162638753652573 0.152068212628365 0.149129584431648 0.159182220697403 0.16905902326107 0.173000708222389 0.167262032628059 0.153412520885468 0.156743854284286 0.171196654438972 0.174821123480797 0.157275706529617 0.157975926995277 0.170532777905464 0.168895155191422 0.154294729232788 0.15377314388752 0.167418286204338 0.150551900267601 0.144644737243652 0.148825079202652 0.154998868703842 0.161838725209236 0.153433576226234 0.151435703039169 0.149727270007133 0.14776822924614 0.147711426019669 0.142338544130325 0.140548154711723 0.141013562679291 0.130301043391228 0.143706604838371 0.156574249267578 0.152641788125038 0.156842276453972 0.153205066919327
0.151113867759705 0.149324357509613 0.152670696377754 0.152160704135895 0.14047908782959 0.155911445617676 0.17042039334774 0.168365970253944 0.154627606272697 0.15643222630024 0.160924106836319 0.165702998638153 0.171571671962738 0.171615093946457 0.159055337309837 0.162909850478172 0.158608004450798 0.150058835744858 0.160567879676819 0.172126457095146 0.17415277659893 0.16580256819725 0.163636058568954 0.157764688134193 0.149959996342659 0.160172373056412 0.164137646555901 0.165562704205513 0.147405818104744 0.137536510825157 0.142174378037453 0.159949034452438 0.169799208641052 0.154741942882538 0.144256144762039 0.134810447692871 0.136393532156944 0.141214713454247 0.134602665901184 0.13817298412323 0.147645935416222 0.144456744194031 0.154142826795578 0.154302075505257 0.14506770670414 0.147217363119125 0.151686191558838
0.164183139801025 0.145647883415222 0.133069723844528 0.156524419784546 0.151329770684242 0.147643819451332 0.150071024894714 0.143805533647537 0.143960028886795 0.16569447517395 0.181157693266869 0.162909984588623 0.15847048163414 0.157945349812508 0.148695304989815 0.148458018898964 0.157135084271431 0.163146808743477 0.176973834633827 0.157924950122833 0.160217374563217 0.158132463693619 0.150770932435989 0.155555009841919 0.137333914637566 0.142996907234192 0.156116276979446 0.159283727407455 0.16347399353981 0.160696566104889 0.154243230819702 0.159742385149002 0.166941806674004 0.156360223889351 0.149242416024208 0.143377557396889 0.140035971999168 0.140844330191612 0.13654950261116 0.142548754811287 0.151877626776695 0.155401572585106 0.156825855374336 0.146644726395607 0.140843316912651 0.147614300251007 0.151313185691833
0.156330734491348 0.153048977255821 0.146285250782967 0.156971544027328 0.148945644497871 0.135538935661316 0.145605191588402 0.155939996242523 0.163443177938461 0.148430302739143 0.152129098773003 0.158080741763115 0.146916687488556 0.149678289890289 0.16346164047718 0.153466269373894 0.140414655208588 0.137985020875931 0.148626893758774 0.146207123994827 0.149721756577492 0.138423457741737 0.132697701454163 0.139983743429184 0.139486819505692 0.149503499269485 0.150763526558876 0.145189955830574 0.154193952679634 0.157104909420013 0.148476883769035 0.144266128540039 0.145141899585724 0.146950855851173 0.148724526166916 0.143761053681374 0.139313340187073 0.142940834164619 0.14424566924572 0.139388263225555 0.14178079366684 0.149929940700531 0.146933317184448 0.138640195131302 0.140268012881279 0.15174363553524 -3.4e+38
0.148660823702812 0.155052602291107 0.151486024260521 0.157065749168396 0.154207825660706 0.151293978095055 0.171538397669792 0.180233523249626 0.16373385488987 0.130894273519516 0.12812751531601 0.152782276272774 0.159230962395668 0.165817633271217 0.174605801701546 0.162498474121094 0.139327853918076 0.127913266420364 0.137543484568596 0.153460502624512 0.161262974143028 0.149406835436821 0.138905391097069 0.138314217329025 0.151660889387131 0.159987241029739 0.151073887944221 0.13929508626461 0.144729450345039 0.148639187216759 0.138903960585594 0.130092158913612 0.132637158036232 0.133672133088112 0.138941839337349 0.14986452460289 0.149906009435654 0.148219183087349 0.148619070649147 0.137858331203461 0.130366802215576 0.131918221712112 -3.4e+38 -3.4e+38 -3.4e+38 -3.4e+38 -3.4e+38
0.14133395254612 0.156189471483231 0.159147053956985 0.152459606528282 0.156064793467522 0.157662555575371 0.151587337255478 0.135356172919273 0.139020070433617 0.147177636623383 0.139561861753464 0.152237966656685 0.160267665982246 0.145870059728622 0.141199827194214 0.144973888993263 0.15183812379837 0.159731641411781 0.154239803552628 0.141014918684959 0.137399986386299 0.150228187441826 0.145982265472412 0.139978185296059 0.148227035999298 0.14646752178669 0.150686398148537 0.151295974850655 0.143437206745148 0.13479346036911 0.136034891009331 0.136977300047874 0.138558849692345 0.143245786428452 0.145835414528847 -3.4e+38 -3.4e+38 -3.4e+38 -3.4e+38 -3.4e+38 -3.4e+38 -3.4e+38 -3.4e+38 -3.4e+38 -3.4e+38 -3.4e+38 -3.4e+38
0.143721252679825 0.145516395568848 0.15052492916584 0.139985546469688 0.134774014353752 0.148226693272591 0.14529624581337 0.132951676845551 0.138830229640007 0.163769513368607 0.158355951309204 0.141213923692703 0.140781193971634 0.143313109874725 0.124474167823792 0.130156666040421 0.145171999931335 0.151828095316887 0.156460016965866 0.148439854383469 0.136619880795479 0.139710545539856 0.140678837895393 0.147267997264862 0.146458879113197 0.139046266674995 0.153423085808754 0.150102153420448 -3.4e+38 -3.4e+38 -3.4e+38 -3.4e+38 -3.4e+38 -3.4e+38 -3.4e+38 -3.4e+38 -3.4e+38 -3.4e+38 -3.4e+38 -3.4e+38 -3.4e+38 -3.4e+38 -3.4e+38 -3.4e+38 -3.4e+38 -3.4e+38 -3.4e+38
0.152473598718643 0.14311309158802 0.139356225728989 0.146221533417702 0.144210174679756 0.151582211256027 0.153722777962685 0.155093371868134 0.131301283836365 0.125948429107666 0.141186863183975 0.150267064571381 0.145698979496956 0.155279815196991 0.146153554320335 0.154216438531876 0.15768826007843 -3.4e+38 -3.4e+38 -3.4e+38 -3.4e+38 -3.4e+38 -3.4e+38 -3.4e+38 -3.4e+38 -3.4e+38 -3.4e+38 -3.4e+38 -3.4e+38 -3.4e+38 -3.4e+38 -3.4e+38 -3.4e+38 -3.4e+38 -3.4e+38 -3.4e+38 -3.4e+38 -3.4e+38 -3.4e+38 -3.4e+38 -3.4e+38 -3.4e+38 -3.4e+38 -3.4e+38 -3.4e+38 -3.4e+38 -3.4e+38
0.154174283146858 0.153175815939903 0.152723729610443 0.157485917210579 0.143594563007355 0.145796835422516 -3.4e+38 -3.4e+38 -3.4e+38 -3.4e+38 -3.4e+38 -3.4e+38 -3.4e+38 -3.4e+38 -3.4e+38 -3.4e+38 -3.4e+38 -3.4e+38 -3.4e+38 -3.4e+38 -3.4e+38 -3.4e+38 -3.4e+38 -3.4e+38 -3.4e+38 -3.4e+38 -3.4e+38 -3.4e+38 -3.4e+38 -3.4e+38 -3.4e+38 -3.4e+38 -3.4e+38 -3.4e+38 -3.4e+38 -3.4e+38 -3.4e+38 -3.4e+38 -3.4e+38 -3.4e+38 -3.4e+38 -3.4e+38 -3.4e+38 -3.4e+38 -3.4e+38 -3.4e+38 -3.4e+38
0.148998692631721 0.141918003559113 -3.4e+38 -3.4e+38 -3.4e+38 -3.4e+38 -3.4e+38 -3.4e+38 -3.4e+38 -3.4e+38 -3.4e+38 -3.4e+38 -3.4e+38 -3.4e+38 -3.4e+38 -3.4e+38 -3.4e+38 -3.4e+38 -3.4e+38 -3.4e+38 -3.4e+38 -3.4e+38 -3.4e+38 -3.4e+38 -3.4e+38 -3.4e+38 -3.4e+38 -3.4e+38 -3.4e+38 -3.4e+38 -3.4e+38 -3.4e+38 -3.4e+38 -3.4e+38 -3.4e+38 -3.4e+38 -3.4e+38 -3.4e+38 -3.4e+38 -3.4e+38 -3.4e+38 -3.4e+38 -3.4e+38 -3.4e+38 -3.4e+38 -3.4e+38 -3.4e+38
