data/trimmed_ndre/Od_ndre.77.2010_no_clouds.asc
NCOLS 144 
NROWS 65 
XLLCORNER 512965 
YLLCORNER 5150865 
CELLSIZE 5 
NODATA_value -3.4e+38 
[rows 21 to 41 of 65, columns 47 to 93 of 144]
0.217313393950462 0.229165434837341 0.229543775320053 0.228385895490646 0.23352038860321 0.218015253543854 0.208355203270912 0.201903134584427 0.211496815085411 0.227749913930893 0.222621038556099 0.211534544825554 0.203442990779877 0.204061657190323 0.205842405557632 0.199102133512497 0.204272702336311 0.211101189255714 0.200523734092712 0.211126640439034 0.202979043126106 0.19040846824646 0.198235213756561 0.199055045843124 0.187598332762718 0.194345787167549 0.212377324700356 0.205639615654945 0.192856475710869 0.193870052695274 0.214384377002716 0.211340993642807 0.191995188593864 0.185672536492348 0.193956017494202 0.195601999759674 0.196295440196991 0.193158254027367 0.183721110224724 0.182924002408981 0.194629207253456 0.198479503393173 0.191683173179626 0.174961686134338 0.177475363016129 0.179615885019302 0.182907074689865
0.225268259644508 0.229550302028656 0.22827273607254 0.224904507398605 0.229707196354866 0.21888080239296 0.206806167960167 0.20436504483223 0.214790612459183 0.227859079837799 0.218951523303986 0.211776494979858 0.208050787448883 0.211090952157974 0.209714666008949 0.200626477599144 0.201352417469025 0.203254461288452 0.202455103397369 0.210073739290237 0.20973601937294 0.201143652200699 0.200043931603432 0.209652662277222 0.19500795006752 0.186488807201385 0.212615877389908 0.196922466158867 0.187039762735367 0.189417868852615 0.204974725842476 0.195014178752899 0.182075247168541 0.181512966752052 0.183874636888504 0.181516513228416 0.182260513305664 0.178676843643188 0.184139311313629 0.199746057391167 0.201621606945992 0.175222545862198 0.167253047227859 0.179011657834053 0.188678413629532 0.185783118009567 0.19554229080677
0.228063955903053 0.215029388666153 0.208812639117241 0.206450417637825 0.209131315350533 0.207563355565071 0.206651523709297 0.207585737109184 0.216710925102234 0.220438778400421 0.20739558339119 0.196776926517487 0.199688449501991 0.213936135172844 0.2122782766819 0.195100665092468 0.196984991431236 0.201336294412613 0.202555596828461 0.200490295886993 0.199806392192841 0.189064502716064 0.185730636119843 0.207544580101967 0.20476421713829 0.186000972986221 0.194944858551025 0.185507044196129 0.197037026286125 0.19902141392231 0.190188854932785 0.181809559464455 0.185682967305183 0.195649921894073 0.183312803506851 0.169739693403244 0.177828013896942 0.185104504227638 0.194678783416748 0.198986783623695 0.194173961877823 0.17806938290596 0.181968346238136 0.201045393943787 0.204240560531616 0.192361146211624 0.202441155910492
0.205511137843132 0.198375523090363 0.193693667650223 0.193947225809097 0.197106033563614 0.19828936457634 0.199554309248924 0.199637785553932 0.207851260900497 0.210151523351669 0.205150812864304 0.203578546643257 0.203855097293854 0.208136215806007 0.205918475985527 0.19451592862606 0.195510372519493 0.190701544284821 0.192886263132095 0.198546141386032 0.186725243926048 0.178439319133759 0.17865264415741 0.194814383983612 0.203455179929733 0.190308317542076 0.180332437157631 0.182656973600388 0.196788147091866 0.19999435544014 0.184856936335564 0.184982866048813 0.174726083874702 0.174046501517296 0.176588103175163 0.172423884272575 0.182107195258141 0.188321173191071 0.192996650934219 0.189477533102036 0.193141967058182 0.205137982964516 0.209192126989365 0.212293833494186 0.220066145062447 0.213622629642487 0.204563483595848
0.190375193953514 0.195690184831619 0.196136087179184 0.198227629065514 0.195626094937325 0.194008037447929 0.191287755966187 0.187055736780167 0.194126173853874 0.201882719993591 0.206807121634483 0.218539178371429 0.215317770838737 0.205094695091248 0.202759012579918 0.199883759021759 0.188123509287834 0.18787470459938 0.190262883901596 0.190455064177513 0.181892439723015 0.192010596394539 0.196649938821793 0.195194005966187 0.200052335858345 0.193928420543671 0.183382660150528 0.186898306012154 0.180545032024384 0.184715330600739 0.193446293473244 0.183234646916389 0.158600017428398 0.164034768939018 0.183708265423775 0.192847400903702 0.201433762907982 0.190386384725571 0.177652135491371 0.187119454145432 0.197661682963371 0.21429431438446 0.217329293489456 0.215463951230049 0.226013466715813 0.21817934513092 0.204637587070465
0.189069882035255 0.190088376402855 0.192621678113937 0.194461226463318 0.193962261080742 0.197654023766518 0.195074275135994 0.190032213926315 0.18889045715332 0.18869523704052 0.197424232959747 0.211783766746521 0.218333452939987 0.21327942609787 0.20533475279808 0.202703595161438 0.189985603094101 0.188850089907646 0.185379073023796 0.179238259792328 0.18561202287674 0.193298473954201 0.19271619617939 0.1818987429142 0.19284887611866 0.206989765167236 0.189417704939842 0.195176735520363 0.200390338897705 0.184031337499619 0.191667675971985 0.18968603014946 0.176658824086189 0.181443437933922 0.193922847509384 0.203071117401123 0.195024535059929 0.177644312381744 0.174584493041039 0.195412367582321 0.204986780881882 0.220859304070473 0.224301978945732 0.218852803111076 0.22683197259903 0.21539418399334 0.217751294374466
0.191429436206818 0.188686788082123 0.183270543813705 0.185222893953323 0.195432037115097 0.202673867344856 0.205782324075699 0.205979734659195 0.199598252773285 0.187775403261185 0.186552375555038 0.194207385182381 0.213017195463181 0.21044360101223 0.194326937198639 0.197657465934753 0.19444876909256 0.188067451119423 0.183427974581718 0.178723037242889 0.182243883609772 0.1856929063797 0.183364018797874 0.177814364433289 0.188829377293587 0.200543448328972 0.180093690752983 0.180638507008553 0.194339141249657 0.192668184638023 0.199555903673172 0.212198942899704 0.189263805747032 0.157094076275826 0.175764828920364 0.194776564836502 0.184878826141357 0.184344977140427 0.190491273999214 0.1997359842062 0.211902588605881 0.230247795581818 0.234762966632843 0.230890408158302 0.234825104475021 0.221741437911987 0.216157466173172
0.183474823832512 0.181752055883408 0.19310088455677 0.198605895042419 0.202505007386208 0.192325711250305 0.194404140114784 0.208529695868492 0.205238655209541 0.19028352200985 0.184562623500824 0.192890956997871 0.215413585305214 0.209818407893181 0.18758949637413 0.190319329500198 0.198334038257599 0.190406709909439 0.187773033976555 0.188804134726524 0.188965663313866 0.194511324167252 0.19913013279438 0.196788296103477 0.177806958556175 0.188448056578636 0.206863328814507 0.206000447273254 0.20536333322525 0.219017222523689 0.22243794798851 0.215547725558281 0.208831712603569 0.190373554825783 0.187192618846893 0.19837848842144 0.205052673816681 0.210081413388252 0.212301462888718 0.212619721889496 0.223549544811249 0.236411809921265 0.241227030754089 0.237843126058578 0.228606209158897 0.227901294827461 0.232447683811188
0.198002710938454 0.203685656189919 0.224118694663048 0.224874034523964 0.207593873143196 0.191965505480766 0.186387658119202 0.194289311766624 0.19720321893692 0.192847937345505 0.18732738494873 0.187291294336319 0.200581893324852 0.203707173466682 0.196076765656471 0.196530476212502 0.207525700330734 0.191480711102486 0.191355764865875 0.202937602996826 0.198809430003166 0.213967755436897 0.229617163538933 0.226194798946381 0.208200395107269 0.216172233223915 0.237015143036842 0.231400474905968 0.220980569720268 0.234769955277443 0.241829797625542 0.228419199585915 0.222311273217201 0.220617771148682 0.215202212333679 0.218965977430344 0.218588784337044 0.222644925117493 0.22454722225666 0.22242034971714 0.226516932249069 0.231498241424561 0.232871428132057 0.243799805641174 0.255911529064178 0.256106585264206 0.24834880232811
0.220240548253059 0.226326957345009 0.22282862663269 0.221105217933655 0.211894452571869 0.204817682504654 0.206246554851532 0.196825906634331 0.203729763627052 0.223232284188271 0.210731461644173 0.198866665363312 0.201338514685631 0.202679559588432 0.213195577263832 0.218077182769775 0.211711958050728 0.197638213634491 0.203026443719864 0.210875794291496 0.205241098999977 0.222084164619446 0.230507224798203 0.2244623452425 0.22050441801548 0.225889295339584 0.232124045491219 0.22528138756752 0.224080428481102 0.241460040211678 0.233051374554634 0.218380570411682 0.214740514755249 0.21752817928791 0.226888671517372 0.220910131931305 0.219547435641289 0.221557706594467 0.218224048614502 0.218083307147026 0.222433552145958 0.220973625779152 0.224504634737968 0.238504454493523 0.262324392795563 0.260368794202805 0.247664764523506
0.203041315078735 0.21534475684166 0.221841797232628 0.234048143029213 0.232887044548988 0.234504982829094 0.245305374264717 0.238344684243202 0.227527230978012 0.231234461069107 0.229205548763275 0.229966670274734 0.215901032090187 0.199992999434471 0.216221302747726 0.222051426768303 0.206980049610138 0.208673804998398 0.216045752167702 0.215590715408325 0.218736723065376 0.232724398374557 0.226749107241631 0.223771333694458 0.223168522119522 0.216839537024498 0.235462293028831 0.23919466137886 0.23111367225647 0.239893093705177 0.223637774586678 0.214512556791306 0.226848766207695 0.2217708081007 0.225671887397766 0.220893412828445 0.21300882101059 0.210624843835831 0.205516323447227 0.210201323032379 0.228361263871193 0.228344842791557 0.223026350140572 0.220624819397926 0.2290980219841 0.243837833404541 0.2565878033638
0.201430037617683 0.219762146472931 0.242260739207268 0.251147389411926 0.256275534629822 0.258142679929733 0.25460359454155 0.252185970544815 0.229094475507736 0.224663406610489 0.245269194245338 0.244639754295349 0.226556122303009 0.20649479329586 0.20088966190815 0.210552185773849 0.213075175881386 0.220521911978722 0.226492255926132 0.230533003807068 0.230888903141022 0.228757813572884 0.226822227239609 0.239539563655853 0.241850852966309 0.228662297129631 0.237783953547478 0.239788234233856 0.23129515349865 0.236399620771408 0.233705073595047 0.227219596505165 0.23351888358593 0.236242413520813 0.229747340083122 0.217778533697128 0.202583968639374 0.198003575205803 0.200784116983414 0.22013321518898 0.238450363278389 0.239562660455704 0.225292652845383 0.21479620039463 0.216263145208359 0.233221516013145 0.258576363325119
0.227666422724724 0.242361932992935 0.248725101351738 0.246625959873199 0.246963053941727 0.250818341970444 0.250656187534332 0.248668894171715 0.239938795566559 0.23809939622879 0.245643213391304 0.240440428256989 0.228045210242271 0.219626128673553 0.207240417599678 0.217983618378639 0.23080125451088 0.229814499616623 0.217594623565674 0.212790980935097 0.227351516485214 0.228426799178123 0.228636264801025 0.242671087384224 0.249583944678307 0.24398547410965 0.24322709441185 0.237573131918907 0.227453202009201 0.229595631361008 0.231340393424034 0.244015410542488 0.250525504350662 0.244958862662315 0.23115299642086 0.209491714835167 0.201353073120117 0.199395015835762 0.196416974067688 0.222605645656586 0.241730287671089 0.236930370330811 0.216673314571381 0.214100107550621 0.221993654966354 0.22109791636467 0.229901596903801
0.243383124470711 0.242741703987122 0.236992225050926 0.23189851641655 0.239240273833275 0.246874377131462 0.250206112861633 0.258722931146622 0.263563215732574 0.244664639234543 0.23697617650032 0.236571103334427 0.23196043074131 0.242307886481285 0.24104742705822 0.222486823797226 0.208862885832787 0.218585833907127 0.225492402911186 0.217248916625977 0.232564136385918 0.235023736953735 0.224766179919243 0.231286182999611 0.238304883241653 0.243316546082497 0.242083743214607 0.235787406563759 0.227381899952888 0.229762196540833 0.236546024680138 0.248929724097252 0.249657094478607 0.239223167300224 0.23833529651165 0.216187164187431 0.199462339282036 0.197944849729538 0.197328150272369 0.221804141998291 0.236293658614159 0.215984135866165 0.194653823971748 0.202166303992271 0.213008224964142 0.207087531685829 0.210022926330566
0.220184564590454 0.224930644035339 0.239588513970375 0.238393858075142 0.24155555665493 0.244386687874794 0.247059926390648 0.251209020614624 0.247998505830765 0.231455579400063 0.232567876577377 0.236622393131256 0.23968568444252 0.242328524589539 0.235123783349991 0.227931544184685 0.220169246196747 0.225533336400986 0.246797010302544 0.246859416365623 0.238233894109726 0.25118488073349 0.246813416481018 0.231646150350571 0.228236675262451 0.233060836791992 0.234914094209671 0.231883257627487 0.225415498018265 0.229707956314087 0.235477447509766 0.234629824757576 0.242378607392311 0.243924453854561 0.231756463646889 0.210723847150803 0.194698691368103 0.200166016817093 0.21070471405983 0.217760249972343 0.206314504146576 0.197521135210991 0.192662999033928 0.196386709809303 0.208045706152916 0.210938304662704 0.213882297277451
0.220387771725655 0.219412386417389 0.235844910144806 0.240414291620255 0.235648527741432 0.232062384486198 0.243896812200546 0.229920372366905 0.224516302347183 0.231635525822639 0.23818863928318 0.233400985598564 0.243182733654976 0.254322618246078 0.241934671998024 0.235665053129196 0.238373532891273 0.232383742928505 0.235693216323853 0.241958424448967 0.247036412358284 0.261176317930222 0.258783519268036 0.238897144794464 0.231277287006378 0.239117532968521 0.250650763511658 0.250508993864059 0.23730206489563 0.23573225736618 0.230468079447746 0.227077066898346 0.235505282878876 0.239503383636475 0.223807826638222 0.2039515376091 0.196600303053856 0.204911485314369 0.212088778614998 0.218150049448013 0.208973944187164 0.209308549761772 0.205475687980652 0.203416645526886 0.224928095936775 0.233436822891235 0.230722784996033
0.227174952626228 0.221463605761528 0.227882623672485 0.23569992184639 0.242050483822823 0.236408248543739 0.233483552932739 0.231501623988152 0.226948991417885 0.240004658699036 0.245685964822769 0.242829099297523 0.249322727322578 0.253475338220596 0.238221406936646 0.233467489480972 0.23785038292408 0.252237409353256 0.256010860204697 0.236116662621498 0.235751032829285 0.251011788845062 0.248289331793785 0.22831167280674 0.220741108059883 0.227561369538307 0.245544463396072 0.250877648591995 0.238081827759743 0.235407471656799 0.223505243659019 0.217695653438568 0.223835453391075 0.223229989409447 0.210380584001541 0.195107445120811 0.194218561053276 0.203700453042984 0.1991907954216 0.20519070327282 0.212203606963158 0.211196482181549 0.209856286644936 0.200111895799637 0.20566500723362 0.215260490775108 0.219281762838364
0.23504501581192 0.234435722231865 0.233329936861992 0.228125736117363 0.23002302646637 0.239384487271309 0.232523888349533 0.238786220550537 0.229872763156891 0.233007088303566 0.235487684607506 0.223677083849907 0.238257214426994 0.23918429017067 0.227621212601662 0.235202863812447 0.227734059095383 0.22579425573349 0.229917794466019 0.22004297375679 0.22594042122364 0.247100263834 0.244377881288528 0.223431244492531 0.210022255778313 0.212116554379463 0.221584066748619 0.224877059459686 0.220289006829262 0.217667862772942 0.20119720697403 0.207817614078522 0.209082186222076 0.197518840432167 0.192417085170746 0.189828857779503 0.191192865371704 0.192157834768295 0.182003423571587 0.189926773309708 0.200842976570129 0.196022674441338 0.216851308941841 0.210979625582695 0.192335188388824 0.19520078599453 0.194212839007378
0.241396531462669 0.231634870171547 0.227573722600937 0.234916001558304 0.240650951862335 0.24611009657383 0.23165987432003 0.212611764669418 0.215549677610397 0.222907885909081 0.230986446142197 0.222237884998322 0.228613123297691 0.22417226433754 0.217118620872498 0.213017553091049 0.197535485029221 0.194560587406158 0.209733083844185 0.226620554924011 0.231222122907639 0.239687651395798 0.233937844634056 0.210027366876602 0.20508736371994 0.209627076983452 0.208889022469521 0.212062239646912 0.218626976013184 0.214039951562881 0.1998650431633 0.210721090435982 0.200174674391747 0.181111365556717 0.178409487009048 0.18194442987442 0.191574186086655 0.194125443696976 0.192417174577713 0.19743187725544 0.197500079870224 0.194233685731888 0.215353980660439 0.21392697095871 0.203978598117828 0.209134206175804 0.192292645573616
0.239415243268013 0.243782728910446 0.23683662712574 0.24280196428299 0.250142604112625 0.239423304796219 0.246076986193657 0.229765355587006 0.208708867430687 0.223463892936707 0.244894236326218 0.240110009908676 0.226773515343666 0.201161980628967 0.202686935663223 0.206019505858421 0.190829455852509 0.195486202836037 0.217540442943573 0.233150392770767 0.228094160556793 0.233549356460571 0.227825924754143 0.208229422569275 0.215699046850204 0.215787827968597 0.205511927604675 0.216124042868614 0.226297780871391 0.227371171116829 0.219200104475021 0.21201579272747 0.185988634824753 0.179680645465851 0.195210665464401 0.208688214421272 0.214033350348473 0.222118124365807 0.222622111439705 0.213684618473053 0.222541943192482 0.218915984034538 0.20985135436058 0.213346034288406 0.223279595375061 0.222124576568604 0.200834602117538
0.246967151761055 0.254408717155457 0.236805975437164 0.223473519086838 0.252529144287109 0.261911273002625 0.228753268718719 0.224036440253258 0.227833956480026 0.243493884801865 0.238335728645325 0.224787294864655 0.214728817343712 0.200856760144234 0.21582718193531 0.218398213386536 0.200400844216347 0.200572475790977 0.201782286167145 0.21453532576561 0.228353023529053 0.243707373738289 0.239843860268593 0.229101955890656 0.238601520657539 0.237319886684418 0.228036656975746 0.23829111456871 0.243694007396698 0.24365545809269 0.236299455165863 0.224099576473236 0.20661872625351 0.218629539012909 0.245979800820351 0.255597949028015 0.253750592470169 0.261910736560822 0.261527180671692 0.245275527238846 0.26806116104126 0.244777530431747 0.209209620952606 0.214559242129326 0.222865343093872 0.223014786839485 0.206032440066338
