data/trimmed_ndre/Od_ndre.630.2016.asc
NCOLS 144 
NROWS 65 
XLLCORNER 512965 
YLLCORNER 5150865 
CELLSIZE 5 
NODATA_value -3.4e+38 
[rows 21 to 41 of 65, columns 94 to 140 of 144]
0.492931395769119 0.490601181983948 0.48312970995903 0.472762495279312 0.470802336931229 0.475633531808853 0.489346385002136 0.509253084659576 0.503424346446991 0.476607322692871 0.462348282337189 0.47017040848732 0.471052318811417 0.469063758850098 0.483890652656555 0.498104304075241 0.496086448431015 0.477982729673386 0.472719788551331 0.463963061571121 0.459687441587448 0.462089389562607 0.448828428983688 0.435290604829788 0.432653993368149 0.44123649597168 0.426284432411194 0.426790028810501 0.455270737409592 0.515493214130402 0.537513911724091 0.550467908382416 0.569452106952667 0.598228216171265 0.606017172336578 -3.4e+38 -3.4e+38 -3.4e+38 -3.4e+38 -3.4e+38 -3.4e+38 -3.4e+38 -3.4e+38 -3.4e+38 -3.4e+38 -3.4e+38 -3.4e+38
0.465343594551086 0.470290064811707 0.471123099327087 0.461904019117355 0.46592977643013 0.473307967185974 0.481404334306717 0.487799435853958 0.492269963026047 0.474181652069092 0.443385154008865 0.427415281534195 0.419032573699951 0.434662014245987 0.474523544311523 0.500612020492554 0.507989346981049 0.507432997226715 0.516537368297577 0.520539164543152 0.524543106555939 0.521785974502563 0.504117727279663 0.47966456413269 0.463417917490005 0.448488980531693 0.409684240818024 0.398768782615662 0.433076173067093 0.492256551980972 0.513064205646515 0.528243005275726 0.542017996311188 0.559305608272552 0.574353218078613 0.580173313617706 0.571120500564575 -3.4e+38 -3.4e+38 -3.4e+38 -3.4e+38 -3.4e+38 -3.4e+38 -3.4e+38 -3.4e+38 -3.4e+38 -3.4e+38
0.485448330640793 0.488666594028473 0.484571784734726 0.476563274860382 0.482152312994003 0.489203214645386 0.494333148002625 0.495149940252304 0.494295030832291 0.466972857713699 0.425451815128326 0.388445198535919 0.381550699472427 0.419050812721252 0.468892782926559 0.500553727149963 0.525939345359802 0.544212639331818 0.553297936916351 0.548849046230316 0.550398766994476 0.552013218402863 0.545872926712036 0.530689775943756 0.521816849708557 0.496453493833542 0.449324816465378 0.416898846626282 0.437919229269028 0.477328598499298 0.498105585575104 0.51994925737381 0.539363205432892 0.559284865856171 0.578550457954407 0.588231563568115 0.584790945053101 0.582166075706482 -3.4e+38 -3.4e+38 -3.4e+38 -3.4e+38 -3.4e+38 -3.4e+38 -3.4e+38 -3.4e+38 -3.4e+38
0.519489407539368 0.512351870536804 0.507335782051086 0.504706978797913 0.509446024894714 0.515466392040253 0.521265208721161 0.516255974769592 0.496298968791962 0.452433705329895 0.413493663072586 0.393363058567047 0.404276818037033 0.430344253778458 0.4656962454319 0.501147627830505 0.539966702461243 0.569891273975372 0.585171759128571 0.583687782287598 0.574869334697723 0.574665606021881 0.5668004155159 0.547017395496368 0.536758661270142 0.522202968597412 0.490601867437363 0.454789519309998 0.462430745363235 0.478728115558624 0.497536927461624 0.52266538143158 0.541401028633118 0.564928889274597 0.589823842048645 0.608368754386902 0.611565589904785 0.612163186073303 0.618813216686249 -3.4e+38 -3.4e+38 -3.4e+38 -3.4e+38 -3.4e+38 -3.4e+38 -3.4e+38 -3.4e+38
0.540249943733215 0.530043244361877 0.52875167131424 0.527058780193329 0.52824079990387 0.533046543598175 0.536355912685394 0.528568208217621 0.494385600090027 0.433036714792252 0.392719596624374 0.399016678333282 0.432364255189896 0.44812086224556 0.470504611730576 0.507102131843567 0.550988912582397 0.581955075263977 0.60412323474884 0.610480487346649 0.601502656936646 0.602170288562775 0.590841472148895 0.56503689289093 0.535718500614166 0.533666551113129 0.520221054553986 0.499502301216125 0.506130576133728 0.518668234348297 0.52582460641861 0.531911015510559 0.541903495788574 0.565186500549316 0.584059476852417 0.594779133796692 0.60024493932724 0.608060121536255 0.616096258163452 -3.4e+38 -3.4e+38 -3.4e+38 -3.4e+38 -3.4e+38 -3.4e+38 -3.4e+38 -3.4e+38
0.545477330684662 0.544839322566986 0.545972883701324 0.543657183647156 0.545944392681122 0.546888589859009 0.53730571269989 0.530909240245819 0.499425441026688 0.442338228225708 0.393811464309692 0.411532461643219 0.451519131660461 0.472808450460434 0.489559918642044 0.520231127738953 0.559696912765503 0.594330728054047 0.625519156455994 0.63693630695343 0.634879052639008 0.634739696979523 0.621152639389038 0.589172065258026 0.554129421710968 0.553318798542023 0.543861091136932 0.534536600112915 0.529473066329956 0.522241473197937 0.521641671657562 0.527478158473969 0.53928142786026 0.562663495540619 0.574535727500916 0.581418514251709 0.587720394134521 0.597955524921417 0.607765674591064 0.616037607192993 -3.4e+38 -3.4e+38 -3.4e+38 -3.4e+38 -3.4e+38 -3.4e+38 -3.4e+38
0.55405867099762 0.56764554977417 0.567103505134583 0.557190954685211 0.564088404178619 0.559288859367371 0.53785640001297 0.53281444311142 0.506729245185852 0.46398538351059 0.422946244478226 0.436068415641785 0.466521680355072 0.496105670928955 0.5150226354599 0.537105977535248 0.569169998168945 0.608099162578583 0.651734709739685 0.671367764472961 0.668649017810822 0.654731094837189 0.637443006038666 0.611090004444122 0.594001233577728 0.597298979759216 0.578497588634491 0.552165150642395 0.521989107131958 0.492879837751389 0.493107706308365 0.512465357780457 0.542109072208405 0.569539070129395 0.570421874523163 0.568548619747162 0.573723077774048 0.588948369026184 0.602935969829559 0.607047498226166 0.609562933444977 -3.4e+38 -3.4e+38 -3.4e+38 -3.4e+38 -3.4e+38 -3.4e+38
0.589788973331451 0.594944417476654 0.587165415287018 0.572368979454041 0.584058821201324 0.575465202331543 0.552470326423645 0.534558296203613 0.507321536540985 0.485652685165405 0.475176781415939 0.493185669183731 0.508219182491302 0.524263620376587 0.538727700710297 0.552923679351807 0.578690111637115 0.616516709327698 0.658679306507111 0.679423928260803 0.673279881477356 0.655805706977844 0.638910055160522 0.625380218029022 0.622619152069092 0.617783725261688 0.589634001255035 0.551154851913452 0.498921483755112 0.457574039697647 0.464305609464645 0.489839613437653 0.523422837257385 0.551609396934509 0.556144893169403 0.551996171474457 0.552712202072144 0.562022924423218 0.574786841869354 0.582327902317047 0.591775953769684 0.609554886817932 -3.4e+38 -3.4e+38 -3.4e+38 -3.4e+38 -3.4e+38
0.616040706634521 0.615211844444275 0.606893837451935 0.596469104290009 0.599969446659088 0.583275496959686 0.556056916713715 0.526443123817444 0.496816128492355 0.491727381944656 0.504272222518921 0.525847852230072 0.534610688686371 0.550639867782593 0.56138414144516 0.569593548774719 0.591369688510895 0.621874868869781 0.651619851589203 0.66797262430191 0.662756443023682 0.647517561912537 0.63265186548233 0.625338494777679 0.625390887260437 0.619720995426178 0.595921337604523 0.554585039615631 0.492985337972641 0.455213904380798 0.460176527500153 0.483523011207581 0.505125761032104 0.52520227432251 0.536353886127472 0.537122011184692 0.547015070915222 0.559263288974762 0.568610191345215 0.573326587677002 0.580784201622009 0.593726575374603 0.610631227493286 -3.4e+38 -3.4e+38 -3.4e+38 -3.4e+38
0.627406895160675 0.628962159156799 0.630682110786438 0.621029734611511 0.604038596153259 0.576183140277863 0.543802678585052 0.51188737154007 0.488903611898422 0.491014659404755 0.511354148387909 0.536243855953217 0.552904546260834 0.578649342060089 0.587989568710327 0.595998883247375 0.617159247398376 0.630968868732452 0.640789747238159 0.648971080780029 0.654612720012665 0.647882521152496 0.636156976222992 0.626831769943237 0.623777627944946 0.620766699314117 0.610936522483826 0.586113512516022 0.537136971950531 0.495474129915237 0.485427260398865 0.499046206474304 0.500869631767273 0.510946750640869 0.520060777664185 0.522820770740509 0.543263077735901 0.563915073871613 0.577884912490845 0.58467048406601 0.591699302196503 0.600459396839142 0.610406637191772 0.616577923297882 -3.4e+38 -3.4e+38 -3.4e+38
0.636683404445648 0.652739524841309 0.656909704208374 0.638370513916016 0.603410005569458 0.560456693172455 0.523901581764221 0.502611517906189 0.494595646858215 0.501301646232605 0.518436312675476 0.544925630092621 0.574457764625549 0.607144474983215 0.614318788051605 0.619360506534576 0.630358934402466 0.634094297885895 0.631030797958374 0.63442999124527 0.64559680223465 0.644915282726288 0.63853645324707 0.631083786487579 0.627163887023926 0.625717282295227 0.625793933868408 0.614497005939484 0.581077992916107 0.531787216663361 0.517044544219971 0.525288701057434 0.523896992206573 0.522249162197113 0.517734348773956 0.518704175949097 0.539887964725494 0.564222574234009 0.579270422458649 0.585570871829987 0.593641817569733 0.604643642902374 0.614872992038727 0.621694445610046 0.624560236930847 -3.4e+38 -3.4e+38
0.648733675479889 0.662437915802002 0.664483428001404 0.643396317958832 0.602604448795319 0.552757203578949 0.507356226444244 0.48569655418396 0.490750402212143 0.510392904281616 0.532356202602386 0.566813886165619 0.602118670940399 0.628192245960236 0.631036162376404 0.627295613288879 0.627925395965576 0.630697786808014 0.631163716316223 0.636475741863251 0.643652677536011 0.645177125930786 0.644500255584717 0.63978385925293 0.633537292480469 0.626722991466522 0.624906897544861 0.616587162017822 0.592222571372986 0.54470020532608 0.52523672580719 0.53030788898468 0.538861036300659 0.532337129116058 0.523253560066223 0.522767543792725 0.53467583656311 0.549901187419891 0.56355756521225 0.57654857635498 0.589813768863678 0.602171421051025 0.614499866962433 0.624762356281281 0.629066824913025 0.631425797939301 -3.4e+38
0.65449184179306 0.65685760974884 0.65182489156723 0.628651678562164 0.588578641414642 0.5384801030159 0.491148948669434 0.466911435127258 0.481824308633804 0.512071311473846 0.544176816940308 0.577828049659729 0.614978432655334 0.639408230781555 0.641729712486267 0.62726092338562 0.621117532253265 0.625749945640564 0.633128941059113 0.640895843505859 0.646630704402924 0.649955749511719 0.654434859752655 0.652740359306335 0.643902659416199 0.630995631217957 0.619324266910553 0.596799552440643 0.565084934234619 0.528088450431824 0.510554730892181 0.523384034633636 0.539059281349182 0.540279626846313 0.535395681858063 0.532971084117889 0.535451114177704 0.543271780014038 0.557836890220642 0.571672797203064 0.583991944789886 0.590600252151489 0.590694487094879 0.600385069847107 0.61612993478775 0.630556881427765 0.63923442363739
0.656219959259033 0.647974669933319 0.631064891815186 0.600019216537476 0.554576754570007 0.508852779865265 0.470975190401077 0.454677134752274 0.478561252355576 0.51557594537735 0.553577065467834 0.587026000022888 0.622371733188629 0.645084619522095 0.655192792415619 0.654996037483215 0.643133103847504 0.63275533914566 0.632983386516571 0.644231617450714 0.65272045135498 0.654128730297089 0.65222156047821 0.651188671588898 0.648165106773376 0.637941181659698 0.617597460746765 0.575352370738983 0.532281160354614 0.506209850311279 0.503140568733215 0.522680938243866 0.539573907852173 0.549759209156036 0.552564442157745 0.549913167953491 0.548279881477356 0.551547527313232 0.563085317611694 0.573470711708069 0.582476615905762 0.589166760444641 0.591119468212128 0.597432494163513 0.610461592674255 0.628944396972656 0.645468056201935
0.670593440532684 0.662453591823578 0.627933263778687 0.57983011007309 0.526450932025909 0.483504325151443 0.456929057836533 0.453037947416306 0.480644941329956 0.526032209396362 0.566100180149078 0.598237574100494 0.627147972583771 0.64367538690567 0.658231556415558 0.666014313697815 0.655385792255402 0.638364434242249 0.632355272769928 0.644435107707977 0.654742479324341 0.6473588347435 0.637339413166046 0.634390294551849 0.639299988746643 0.641786217689514 0.625970661640167 0.581649363040924 0.525500535964966 0.507739961147308 0.518028497695923 0.539714455604553 0.553119421005249 0.561078429222107 0.565399408340454 0.567490696907043 0.565181970596313 0.565809905529022 0.572320520877838 0.582953810691833 0.5893474817276 0.59477174282074 0.600771844387054 0.608737647533417 0.614784002304077 0.622442781925201 0.63154798746109
0.668328940868378 0.658510744571686 0.619029760360718 0.569257736206055 0.523299932479858 0.493809014558792 0.490348160266876 0.492920637130737 0.508973956108093 0.546519339084625 0.583208560943604 0.60929137468338 0.624983727931976 0.627414226531982 0.640820384025574 0.65299779176712 0.652215301990509 0.642324268817902 0.636273741722107 0.63732123374939 0.640157222747803 0.627818882465363 0.611581206321716 0.600206553936005 0.599196493625641 0.609238862991333 0.606670200824738 0.579176187515259 0.531394600868225 0.528846561908722 0.550792753696442 0.573491394519806 0.571686625480652 0.570340096950531 0.576431810855865 0.582712471485138 0.576618373394012 0.571525096893311 0.5744549036026 0.585003912448883 0.590589880943298 0.596800148487091 0.606642723083496 0.618298470973969 0.62057501077652 0.61990362405777 0.619448065757751
0.649702429771423 0.638420522212982 0.60819399356842 0.57006973028183 0.544720053672791 0.537328958511353 0.546046197414398 0.547792017459869 0.553954243659973 0.573430299758911 0.604436337947845 0.616813242435455 0.613602697849274 0.600862383842468 0.606913685798645 0.620756506919861 0.63148957490921 0.634682595729828 0.628832519054413 0.622035026550293 0.615215599536896 0.602063596248627 0.578550815582275 0.550946474075317 0.532823264598846 0.538556277751923 0.555872440338135 0.555660724639893 0.539616465568542 0.543578743934631 0.558684110641479 0.572845160961151 0.5746790766716 0.574201881885529 0.586199939250946 0.590669989585876 0.581470191478729 0.580168604850769 0.583195090293884 0.589519381523132 0.59303605556488 0.594733893871307 0.601224064826965 0.611782491207123 0.618831276893616 0.62074863910675 0.616048038005829
0.630011856555939 0.616849422454834 0.602917373180389 0.586083829402924 0.581551134586334 0.586155235767365 0.5969198346138 0.598862111568451 0.601721227169037 0.612959980964661 0.633936405181885 0.619800090789795 0.596940457820892 0.575568616390228 0.571710586547852 0.584818661212921 0.595978558063507 0.603710830211639 0.608252644538879 0.603255271911621 0.590610265731812 0.572625517845154 0.539001762866974 0.492826461791992 0.460343599319458 0.45931875705719 0.491583287715912 0.513435006141663 0.526190638542175 0.53950297832489 0.553937017917633 0.562238812446594 0.568672060966492 0.575571835041046 0.59195202589035 0.594394147396088 0.589787781238556 0.590813934803009 0.594142913818359 0.598996222019196 0.606555283069611 0.611425280570984 0.606106460094452 0.609211385250092 0.618651866912842 0.627234220504761 -3.4e+38
0.628667116165161 0.618541419506073 0.615057289600372 0.614062368869781 0.61355072259903 0.620027720928192 0.626030683517456 0.625847339630127 0.632502615451813 0.644093155860901 0.649590492248535 0.619087517261505 0.587420523166656 0.569652020931244 0.567308187484741 0.572890400886536 0.560128808021545 0.557625412940979 0.570984423160553 0.583626627922058 0.571066915988922 0.544135510921478 0.508680760860443 0.463523536920547 0.428633391857147 0.423128038644791 0.456233114004135 0.493870675563812 0.525100111961365 0.546112358570099 0.557151794433594 0.558069884777069 0.563324451446533 0.575119435787201 0.593342423439026 0.596453487873077 0.596112251281738 0.597619414329529 0.602117478847504 0.59816575050354 0.596454441547394 0.600192129611969 0.60151731967926 0.608744621276855 -3.4e+38 -3.4e+38 -3.4e+38
0.630690634250641 0.619259238243103 0.620082378387451 0.626262784004211 0.624894499778748 0.63159966468811 0.637277364730835 0.641932964324951 0.653220593929291 0.65839296579361 0.651043295860291 0.624568462371826 0.596468865871429 0.58170872926712 0.573008179664612 0.559567093849182 0.512771844863892 0.49132040143013 0.496977806091309 0.516044795513153 0.51309460401535 0.506191849708557 0.495432257652283 0.48309525847435 0.47847393155098 0.488412886857986 0.511147856712341 0.538031876087189 0.555931568145752 0.566708207130432 0.574892699718475 0.579158246517181 0.588392794132233 0.596120178699493 0.603177964687347 0.603401660919189 0.600225746631622 0.596256375312805 0.596230626106262 0.600699424743652 0.604589104652405 0.603033840656281 -3.4e+38 -3.4e+38 -3.4e+38 -3.4e+38 -3.4e+38
0.637026846408844 0.626090109348297 0.622298955917358 0.61859929561615 0.6171715259552 0.625834345817566 0.636171877384186 0.647960543632507 0.659007906913757 0.653173446655273 0.644407451152802 0.632048785686493 0.615593910217285 0.599803864955902 0.580241620540619 0.534650921821594 0.448052018880844 0.392861068248749 0.394387900829315 0.42868360877037 0.4577956199646 0.482544869184494 0.504736065864563 0.525530755519867 0.543676793575287 0.559287786483765 0.576752245426178 0.591955661773682 0.594095706939697 0.583820343017578 0.585305213928223 0.599519848823547 0.612839162349701 0.611297965049744 0.61205792427063 0.614770352840424 0.613107264041901 0.60652232170105 0.603868067264557 0.61111056804657 -3.4e+38 -3.4e+38 -3.4e+38 -3.4e+38 -3.4e+38 -3.4e+38 -3.4e+38
