data/trimmed_ndre/Od_ndre.75.2011_no_clouds.asc
NCOLS 144 
NROWS 65 
XLLCORNER 512965 
YLLCORNER 5150865 
CELLSIZE 5 
NODATA_value -3.4e+38 
[rows 21 to 41 of 65, columns 47 to 93 of 144]
0.620811700820923 0.637569189071655 0.64177393913269 0.629036068916321 0.622243523597717 0.634238660335541 0.643449723720551 0.625301361083984 0.61307817697525 0.607739865779877 0.593118131160736 0.595742583274841 0.614810526371002 0.622793316841125 0.611751973628998 0.606601655483246 0.617718040943146 0.63078361749649 0.635842680931091 0.630975008010864 0.613989293575287 0.622877657413483 0.636796951293945 0.619010865688324 0.602651596069336 0.616747736930847 0.617138206958771 0.610252022743225 0.617844641208649 0.614619076251984 0.611562609672546 0.611375749111176 0.606707334518433 0.5802943110466 0.559906661510468 0.565485000610352 0.581188797950745 0.585013628005981 0.576607763767242 0.583927690982819 0.559553027153015 0.535135984420776 0.532899260520935 0.496380269527435 0.469285041093826 0.464623630046844 0.467259615659714
0.614749550819397 0.628767549991608 0.628437280654907 0.627304255962372 0.61841082572937 0.604753315448761 0.611150622367859 0.615476727485657 0.605119109153748 0.607251763343811 0.613217353820801 0.611289322376251 0.615063011646271 0.632297813892365 0.619268715381622 0.602225720882416 0.608367085456848 0.620711386203766 0.639709174633026 0.63880854845047 0.618542909622192 0.617181420326233 0.62892609834671 0.624346315860748 0.612370073795319 0.627239465713501 0.619367897510529 0.601287662982941 0.622730374336243 0.627969145774841 0.60984194278717 0.589913189411163 0.578980445861816 0.566966950893402 0.546252429485321 0.546467244625092 0.568772315979004 0.564898133277893 0.558799088001251 0.560853362083435 0.52323454618454 0.505596518516541 0.496128231287003 0.470711082220078 0.448476850986481 0.433362007141113 0.426836967468262
0.603260934352875 0.610615313053131 0.613808333873749 0.603698253631592 0.602337300777435 0.593067944049835 0.585962653160095 0.608321368694305 0.62374085187912 0.6130091547966 0.609953999519348 0.619725167751312 0.625404894351959 0.627368211746216 0.61337023973465 0.606348991394043 0.607358932495117 0.611242651939392 0.632129013538361 0.633879005908966 0.623632848262787 0.623776614665985 0.616858899593353 0.60452002286911 0.603457748889923 0.62223869562149 0.616637110710144 0.600338339805603 0.598373711109161 0.591602802276611 0.584429800510406 0.573850572109222 0.561185956001282 0.549635767936707 0.526353001594543 0.517203390598297 0.546100616455078 0.550798714160919 0.540448188781738 0.523520350456238 0.489545851945877 0.461452901363373 0.458382487297058 0.453734666109085 0.441595256328583 0.445161193609238 0.435860574245453
0.598456859588623 0.595554292201996 0.595061719417572 0.59002673625946 0.582792699337006 0.594494581222534 0.600569903850555 0.595832467079163 0.597962737083435 0.604276180267334 0.610393762588501 0.630931198596954 0.634452283382416 0.6167351603508 0.603822112083435 0.603337407112122 0.605178594589233 0.601766765117645 0.610335350036621 0.612034499645233 0.61883670091629 0.629369556903839 0.623708546161652 0.612662315368652 0.602600514888763 0.603472471237183 0.60136342048645 0.602589666843414 0.59751570224762 0.581888139247894 0.574253976345062 0.562540590763092 0.54338926076889 0.522985279560089 0.517624735832214 0.517211675643921 0.529861152172089 0.538415253162384 0.527364194393158 0.49714919924736 0.467695444822311 0.446551620960236 0.461902499198914 0.466004848480225 0.447758883237839 0.438455790281296 0.445894181728363
0.59343034029007 0.58506315946579 0.574261486530304 0.573985576629639 0.555568277835846 0.559666752815247 0.584225416183472 0.593408465385437 0.585396468639374 0.583913862705231 0.599784851074219 0.611671447753906 0.616921603679657 0.607483625411987 0.594662070274353 0.593310832977295 0.584541857242584 0.579887270927429 0.592614471912384 0.602564454078674 0.617728412151337 0.628506124019623 0.623046815395355 0.608637392520905 0.588005363941193 0.575011849403381 0.568601429462433 0.573372483253479 0.568204879760742 0.560703277587891 0.567569375038147 0.560743451118469 0.535148322582245 0.510388731956482 0.510778248310089 0.511462509632111 0.501146793365479 0.503145337104797 0.51164710521698 0.500738382339478 0.477684199810028 0.46801570057869 0.480002194643021 0.470271468162537 0.447397023439407 0.428875982761383 0.43816351890564
0.568843364715576 0.55983829498291 0.548195064067841 0.541330277919769 0.53917407989502 0.544253289699554 0.562138319015503 0.581567585468292 0.579002439975739 0.561546742916107 0.567506194114685 0.586284041404724 0.587952375411987 0.584646642208099 0.586601078510284 0.585371673107147 0.562610626220703 0.566089451313019 0.579632341861725 0.590670108795166 0.603588283061981 0.593806087970734 0.588521420955658 0.582038402557373 0.561724901199341 0.552546322345734 0.554115295410156 0.559555292129517 0.543408393859863 0.533498048782349 0.541793823242188 0.544443309307098 0.538698554039001 0.517181813716888 0.50182718038559 0.485591918230057 0.477781742811203 0.4833624958992 0.510519206523895 0.526874423027039 0.514375448226929 0.497776180505753 0.486630409955978 0.447260648012161 0.432836979627609 0.44277548789978 0.454342305660248
0.535976469516754 0.532351493835449 0.557522714138031 0.556183338165283 0.538917362689972 0.53619384765625 0.544761538505554 0.557380259037018 0.563438177108765 0.563085854053497 0.57793527841568 0.583837389945984 0.566938102245331 0.556159913539886 0.585484683513641 0.59298700094223 0.563098847866058 0.554883658885956 0.545939326286316 0.549302220344543 0.558699309825897 0.539071202278137 0.556946635246277 0.58965015411377 0.568244218826294 0.549763083457947 0.542861878871918 0.540408551692963 0.523155748844147 0.518469214439392 0.514885008335114 0.510905146598816 0.515028715133667 0.499170809984207 0.481563657522202 0.475401401519775 0.479215681552887 0.48705205321312 0.514368295669556 0.533930480480194 0.523605942726135 0.510001063346863 0.488988637924194 0.455354183912277 0.454617708921432 0.473103940486908 0.504641532897949
0.525267720222473 0.538261950016022 0.572457194328308 0.566892683506012 0.546044826507568 0.542055487632751 0.553992688655853 0.566980421543121 0.566842198371887 0.565499722957611 0.577922224998474 0.577390968799591 0.554871439933777 0.542859315872192 0.570506453514099 0.58164918422699 0.559810876846313 0.551644682884216 0.525860190391541 0.51494288444519 0.526719152927399 0.531546711921692 0.536195993423462 0.556101202964783 0.55599981546402 0.551707327365875 0.530226409435272 0.502612769603729 0.484091252088547 0.498143970966339 0.515957951545715 0.508905827999115 0.493270963430405 0.487906157970428 0.488558441400528 0.484682142734528 0.491723209619522 0.508122444152832 0.526054799556732 0.528686046600342 0.512297391891479 0.503711521625519 0.500266909599304 0.508925497531891 0.534639775753021 0.535540521144867 0.556775152683258
0.541913986206055 0.529877424240112 0.550991415977478 0.564348995685577 0.566483616828918 0.561682403087616 0.562287926673889 0.562907576560974 0.563783288002014 0.564365148544312 0.56488835811615 0.556622087955475 0.554981350898743 0.555710971355438 0.560288846492767 0.56265264749527 0.552856385707855 0.544126212596893 0.533947050571442 0.521812081336975 0.533228278160095 0.552307605743408 0.530597329139709 0.5165895819664 0.528314232826233 0.539310395717621 0.534608244895935 0.509429514408112 0.493606895208359 0.507600545883179 0.510511934757233 0.50164520740509 0.495670229196548 0.50519984960556 0.502741515636444 0.498421370983124 0.517097532749176 0.535982310771942 0.5361607670784 0.519095420837402 0.504186630249023 0.506904780864716 0.52623039484024 0.555893659591675 0.57706493139267 0.588023900985718 0.599029839038849
0.540018141269684 0.527320265769958 0.53729236125946 0.552101731300354 0.554937601089478 0.547764599323273 0.537162005901337 0.538252949714661 0.55205911397934 0.568403244018555 0.567593276500702 0.550966024398804 0.557973563671112 0.557102978229523 0.53984934091568 0.53980278968811 0.527697682380676 0.514649212360382 0.518522799015045 0.51308685541153 0.518797278404236 0.525864601135254 0.504791736602783 0.495960265398026 0.507713615894318 0.530216336250305 0.545409917831421 0.534517347812653 0.514035403728485 0.504073143005371 0.485085934400558 0.478932589292526 0.491264581680298 0.523277997970581 0.531731903553009 0.545867681503296 0.561801016330719 0.555974543094635 0.538788139820099 0.515015780925751 0.506289064884186 0.517223000526428 0.533637166023254 0.568183124065399 0.589745163917542 0.60001266002655 0.604980647563934
0.536680281162262 0.552428901195526 0.553298115730286 0.553796112537384 0.559027016162872 0.550747036933899 0.534409523010254 0.528338074684143 0.536344349384308 0.534809291362762 0.528515338897705 0.530704259872437 0.53900271654129 0.530658423900604 0.516491234302521 0.513275861740112 0.50788688659668 0.495898902416229 0.495037436485291 0.490830302238464 0.491878002882004 0.481685787439346 0.467670172452927 0.479056060314178 0.506643056869507 0.531093120574951 0.544708609580994 0.546348452568054 0.533186495304108 0.504815340042114 0.487056642770767 0.504610538482666 0.535776317119598 0.560322821140289 0.564904272556305 0.57925420999527 0.58022403717041 0.552437722682953 0.52466481924057 0.507000982761383 0.496104717254639 0.500146925449371 0.520116448402405 0.573431015014648 0.603627860546112 0.605036079883575 0.6120645403862
0.533179402351379 0.563478708267212 0.570657968521118 0.556086778640747 0.553163945674896 0.559716582298279 0.55112087726593 0.54835706949234 0.544028162956238 0.518505096435547 0.512478828430176 0.518974721431732 0.511590838432312 0.507393777370453 0.498114258050919 0.498533189296722 0.50190669298172 0.493609517812729 0.490664929151535 0.491039365530014 0.48815131187439 0.482919961214066 0.477904498577118 0.484712302684784 0.506303668022156 0.517344534397125 0.526790678501129 0.544821798801422 0.554639935493469 0.548981904983521 0.534136533737183 0.545720756053925 0.566488683223724 0.576409578323364 0.579339325428009 0.590190470218658 0.576621115207672 0.533080995082855 0.490513026714325 0.477923393249512 0.480612426996231 0.492382526397705 0.528221249580383 0.580250918865204 0.598490715026855 0.596817433834076 0.616170227527618
0.575331330299377 0.60160756111145 0.579530656337738 0.556001484394073 0.544674575328827 0.548355996608734 0.542704045772552 0.550672650337219 0.553547978401184 0.538536608219147 0.53335577249527 0.526210844516754 0.515119016170502 0.516341090202332 0.502683997154236 0.505628168582916 0.517731070518494 0.509265124797821 0.511768758296967 0.515160918235779 0.511889278888702 0.501103043556213 0.507103621959686 0.521490216255188 0.533466815948486 0.53786563873291 0.547057032585144 0.55629426240921 0.55849426984787 0.552469491958618 0.56365692615509 0.579657435417175 0.585322022438049 0.57855349779129 0.587454199790955 0.602479517459869 0.585151314735413 0.542536437511444 0.489202052354813 0.472795009613037 0.485360532999039 0.517095863819122 0.556338369846344 0.585307419300079 0.602588593959808 0.600764393806458 0.614644646644592
0.623770236968994 0.622707366943359 0.586290180683136 0.568808197975159 0.557248055934906 0.5578253865242 0.552869915962219 0.555386424064636 0.559699773788452 0.556077241897583 0.547451078891754 0.539660513401031 0.537906885147095 0.540253400802612 0.524237155914307 0.533301115036011 0.542931437492371 0.530149877071381 0.527981340885162 0.531301021575928 0.529438197612762 0.52893739938736 0.548488199710846 0.571454703807831 0.569947957992554 0.557326376438141 0.55204051733017 0.566515624523163 0.580744385719299 0.56994241476059 0.569386005401611 0.594248056411743 0.607602536678314 0.601562678813934 0.612785696983337 0.620409905910492 0.595590710639954 0.555871903896332 0.506868183612823 0.475483775138855 0.481181263923645 0.519359827041626 0.565391182899475 0.598498940467834 0.625663578510284 0.621903002262115 0.62245786190033
0.631875216960907 0.615507125854492 0.5877925157547 0.574609518051147 0.57501745223999 0.576503157615662 0.569038510322571 0.567389369010925 0.569033086299896 0.562038481235504 0.550630271434784 0.551445960998535 0.559126496315002 0.570371568202972 0.566673338413239 0.569284617900848 0.563121020793915 0.547435879707336 0.546550929546356 0.541727781295776 0.548727691173553 0.56607973575592 0.574328601360321 0.577863276004791 0.571758091449738 0.561905860900879 0.556817054748535 0.584606647491455 0.609818041324615 0.600299060344696 0.59310919046402 0.60181736946106 0.611169099807739 0.611692070960999 0.631068825721741 0.624141097068787 0.581942081451416 0.527815818786621 0.485767096281052 0.467227041721344 0.487468868494034 0.522137641906738 0.567211925983429 0.609370052814484 0.629776954650879 0.632521390914917 0.626429259777069
0.624586343765259 0.613734066486359 0.608142733573914 0.604645133018494 0.597822844982147 0.581580102443695 0.578462958335876 0.581235289573669 0.577270984649658 0.573775887489319 0.569954514503479 0.573051869869232 0.580363869667053 0.584477484226227 0.58694726228714 0.590667486190796 0.58061295747757 0.569495618343353 0.56376588344574 0.553517758846283 0.560670554637909 0.574750423431396 0.572353720664978 0.569179773330688 0.573916375637054 0.578173935413361 0.574392259120941 0.581429779529572 0.582283914089203 0.585845589637756 0.604613542556763 0.611317455768585 0.605853915214539 0.605606734752655 0.621444523334503 0.590033054351807 0.542144656181335 0.509642243385315 0.486239582300186 0.463883131742477 0.493162453174591 0.538399219512939 0.566987633705139 0.59338241815567 0.616539299488068 0.624167025089264 0.611097276210785
0.634351253509521 0.623055219650269 0.627632260322571 0.624808967113495 0.604565322399139 0.585773408412933 0.597402215003967 0.612484335899353 0.607194781303406 0.594589948654175 0.592185497283936 0.587604999542236 0.585860967636108 0.580641269683838 0.579519271850586 0.583741545677185 0.581212341785431 0.577014327049255 0.576042830944061 0.572619497776031 0.561831295490265 0.568692684173584 0.580333650112152 0.579965472221375 0.575932621955872 0.573449850082397 0.570047378540039 0.573333024978638 0.564750671386719 0.575758635997772 0.606980562210083 0.615789175033569 0.595784604549408 0.57569944858551 0.559541702270508 0.530007779598236 0.500629901885986 0.491351276636124 0.49096691608429 0.457551270723343 0.487382113933563 0.552070081233978 0.563835918903351 0.578067660331726 0.602081596851349 0.606054723262787 0.584116280078888
0.632343292236328 0.617533683776855 0.625482738018036 0.617951393127441 0.603397905826569 0.596067130565643 0.606816232204437 0.62101936340332 0.619332492351532 0.602860152721405 0.590631484985352 0.575373589992523 0.562742173671722 0.571968674659729 0.563738822937012 0.560360610485077 0.560835123062134 0.55550217628479 0.558829605579376 0.569607138633728 0.571864783763885 0.564972639083862 0.564518392086029 0.546944439411163 0.51843649148941 0.524133682250977 0.550866603851318 0.573782920837402 0.575237631797791 0.588555097579956 0.593068361282349 0.574338912963867 0.550940811634064 0.548135459423065 0.517195701599121 0.480003207921982 0.481989413499832 0.476435542106628 0.469014942646027 0.476651102304459 0.496565312147141 0.530225932598114 0.54499626159668 0.544869482517242 0.557494938373566 0.558713674545288 0.541310429573059
0.623452842235565 0.610491871833801 0.62148779630661 0.613547325134277 0.603993654251099 0.604527711868286 0.616931080818176 0.614592134952545 0.614165782928467 0.612812042236328 0.588689386844635 0.573892831802368 0.550642907619476 0.533227682113647 0.513891935348511 0.518055200576782 0.525517404079437 0.518256485462189 0.515557289123535 0.541300177574158 0.560853362083435 0.538328409194946 0.519968390464783 0.479564130306244 0.447764247655869 0.486396759748459 0.523652732372284 0.559301614761353 0.575521945953369 0.582399964332581 0.551450669765472 0.50855678319931 0.503651082515717 0.509690225124359 0.485648989677429 0.453734964132309 0.472205221652985 0.492528855800629 0.439834892749786 0.400002986192703 0.432837337255478 0.461234301328659 0.476383805274963 0.472125321626663 0.472115308046341 0.485287308692932 0.486002236604691
0.614134430885315 0.615154623985291 0.633419275283813 0.632457435131073 0.623573660850525 0.623463809490204 0.640050768852234 0.640806198120117 0.629036724567413 0.609139740467072 0.581435024738312 0.564724922180176 0.555901527404785 0.511115074157715 0.466303437948227 0.47587376832962 0.473185688257217 0.466544061899185 0.492338061332703 0.508906781673431 0.542821168899536 0.544207632541656 0.524887323379517 0.487354636192322 0.46979421377182 0.506164968013763 0.522240817546844 0.53878515958786 0.545618772506714 0.538510382175446 0.514293313026428 0.483127117156982 0.468237429857254 0.454494088888168 0.449791520833969 0.448023915290833 0.442373782396317 0.441560000181198 0.411111563444138 0.377853840589523 0.381235629320145 0.362451493740082 0.39632248878479 0.420704692602158 0.422475457191467 0.428590506315231 0.451194643974304
0.604755938053131 0.617836177349091 0.636909902095795 0.636977016925812 0.626085519790649 0.629786252975464 0.63886547088623 0.632196426391602 0.630126595497131 0.609917521476746 0.587049245834351 0.572362542152405 0.573942542076111 0.526918470859528 0.468311607837677 0.485017955303192 0.480496972799301 0.468441545963287 0.488028645515442 0.499615371227264 0.556381523609161 0.574370265007019 0.541936993598938 0.522946119308472 0.514784514904022 0.528168380260468 0.543229937553406 0.556794464588165 0.539988219738007 0.500302672386169 0.462681740522385 0.428825825452805 0.416976809501648 0.403292864561081 0.381286203861237 0.409907042980194 0.434391528367996 0.420080751180649 0.409430533647537 0.398611813783646 0.365114122629166 0.365287572145462 0.426422566175461 0.457328647375107 0.454116940498352 0.461981445550919 0.501563310623169
