data/trimmed_ndre/Od_ndre.530.2014_no_clouds.asc
NCOLS 144 
NROWS 65 
XLLCORNER 512965 
YLLCORNER 5150865 
CELLSIZE 5 
NODATA_value -3.4e+38 
[rows 42 to 62 of 65, columns 0 to 46 of 144]
-3.4e+38 -3.4e+38 -3.4e+38 -3.4e+38 -3.4e+38 -3.4e+38 -3.4e+38 -3.4e+38 -3.4e+38 -3.4e+38 -3.4e+38 -3.4e+38 -3.4e+38 -3.4e+38 -3.4e+38 -3.4e+38 -3.4e+38 -3.4e+38 -3.4e+38 -3.4e+38 -3.4e+38 0.26498544216156 0.275056451559067 0.275817424058914 0.283358365297318 0.300141096115112 0.305579662322998 0.294762492179871 0.285813748836517 0.293211877346039 0.299213409423828 0.301513880491257 0.308545589447021 0.319699347019196 0.313100188970566 0.301371783018112 0.293914258480072 0.29716357588768 0.301310241222382 0.307794451713562 0.306364446878433 0.280502438545227 0.285286039113998 0.30133655667305 0.314074337482452 0.318705260753632 0.304826587438583
-3.4e+38 -3.4e+38 -3.4e+38 -3.4e+38 -3.4e+38 -3.4e+38 -3.4e+38 -3.4e+38 -3.4e+38 -3.4e+38 -3.4e+38 -3.4e+38 -3.4e+38 -3.4e+38 -3.4e+38 -3.4e+38 -3.4e+38 -3.4e+38 -3.4e+38 0.280537545681 0.27749764919281 0.280145615339279 0.289973556995392 0.296496748924255 0.309921622276306 0.318925023078918 0.318075925111771 0.30940455198288 0.312517464160919 0.318653404712677 0.325089424848557 0.326442807912827 0.324927121400833 0.322901338338852 0.315274208784103 0.314053744077682 0.314155519008636 0.319058984518051 0.329821020364761 0.338127613067627 0.331148415803909 0.309013545513153 0.316171914339066 0.325198501348495 0.334041237831116 0.336894154548645 0.314921826124191
-3.4e+38 -3.4e+38 -3.4e+38 -3.4e+38 -3.4e+38 -3.4e+38 -3.4e+38 -3.4e+38 -3.4e+38 -3.4e+38 -3.4e+38 -3.4e+38 -3.4e+38 -3.4e+38 -3.4e+38 -3.4e+38 -3.4e+38 -3.4e+38 0.281676977872849 0.285791337490082 0.297890216112137 0.309531539678574 0.315081626176834 0.311142176389694 0.312407582998276 0.313397169113159 0.312546610832214 0.308533102273941 0.318130433559418 0.319754302501678 0.313555628061295 0.308110743761063 0.30729204416275 0.30298438668251 0.297248214483261 0.31124809384346 0.327530860900879 0.334532111883163 0.337837129831314 0.350495785474777 0.346354961395264 0.339022397994995 0.349926292896271 0.347240030765533 0.342056185007095 0.336544424295425 0.321755349636078
-3.4e+38 -3.4e+38 -3.4e+38 -3.4e+38 -3.4e+38 -3.4e+38 -3.4e+38 -3.4e+38 -3.4e+38 -3.4e+38 -3.4e+38 -3.4e+38 -3.4e+38 -3.4e+38 -3.4e+38 -3.4e+38 -3.4e+38 0.284447908401489 0.288552105426788 0.296901196241379 0.312903493642807 0.32304909825325 0.321381717920303 0.314000576734543 0.31049782037735 0.30672699213028 0.307617485523224 0.310110747814178 0.311569631099701 0.305585950613022 0.296860635280609 0.288308411836624 0.286452800035477 0.28239768743515 0.284099102020264 0.300684988498688 0.325833648443222 0.335474997758865 0.332147091627121 0.335766315460205 0.331970363855362 0.330643892288208 0.334388464689255 0.331622779369354 0.322892278432846 0.313245624303818 0.306684166193008
-3.4e+38 -3.4e+38 -3.4e+38 -3.4e+38 -3.4e+38 -3.4e+38 -3.4e+38 -3.4e+38 -3.4e+38 -3.4e+38 -3.4e+38 -3.4e+38 -3.4e+38 -3.4e+38 -3.4e+38 -3.4e+38 0.282398641109467 0.300415605306625 0.304986655712128 0.309343874454498 0.314706534147263 0.318128496408463 0.31891056895256 0.319069385528564 0.318649619817734 0.315658509731293 0.320190131664276 0.324903130531311 0.3218634724617 0.310101807117462 0.300758123397827 0.295329749584198 0.299803763628006 0.302249938249588 0.306919366121292 0.315392166376114 0.328064292669296 0.335376441478729 0.337148725986481 0.330147922039032 0.313575565814972 0.311668932437897 0.309041142463684 0.299932807683945 0.287275761365891 0.287598460912704 0.292388528585434
-3.4e+38 -3.4e+38 -3.4e+38 -3.4e+38 -3.4e+38 -3.4e+38 -3.4e+38 -3.4e+38 -3.4e+38 -3.4e+38 -3.4e+38 -3.4e+38 -3.4e+38 -3.4e+38 -3.4e+38 0.291096448898315 0.297537475824356 0.315831243991852 0.31753408908844 0.317151963710785 0.314136028289795 0.31071525812149 0.312613129615784 0.324344247579575 0.336914956569672 0.341299802064896 0.330372363328934 0.329550087451935 0.329879611730576 0.325095623731613 0.329411327838898 0.330508261919022 0.328440129756927 0.326025515794754 0.32757893204689 0.332150369882584 0.335663855075836 0.332101076841354 0.331076472997665 0.326505541801453 0.313867300748825 0.311548680067062 0.307386606931686 0.299842000007629 0.285898983478546 0.283176273107529 0.287572950124741
-3.4e+38 -3.4e+38 -3.4e+38 -3.4e+38 -3.4e+38 -3.4e+38 -3.4e+38 -3.4e+38 -3.4e+38 -3.4e+38 -3.4e+38 -3.4e+38 -3.4e+38 -3.4e+38 0.305982023477554 0.298011749982834 0.300438433885574 0.30380517244339 0.304271727800369 0.308420240879059 0.307738453149796 0.303336381912231 0.301058560609818 0.308715105056763 0.319145113229752 0.327098935842514 0.322875767946243 0.322936117649078 0.324905693531036 0.32558998465538 0.331162571907043 0.32843554019928 0.326687753200531 0.327810496091843 0.328520864248276 0.326339244842529 0.330883473157883 0.337924689054489 0.327254146337509 0.323630928993225 0.325683891773224 0.329970419406891 0.319150924682617 0.309345483779907 0.300253659486771 0.295252472162247 0.297711998224258
-3.4e+38 -3.4e+38 -3.4e+38 -3.4e+38 -3.4e+38 -3.4e+38 -3.4e+38 -3.4e+38 -3.4e+38 -3.4e+38 -3.4e+38 -3.4e+38 -3.4e+38 0.311501979827881 0.306381076574326 0.286113768815994 0.283624351024628 0.289760798215866 0.296749323606491 0.303377270698547 0.304559856653214 0.300872564315796 0.296358048915863 0.298322528600693 0.306828677654266 0.316514879465103 0.318190008401871 0.307813167572021 0.301986753940582 0.304647773504257 0.311956405639648 0.309611231088638 0.310797452926636 0.313477396965027 0.319354861974716 0.319684237241745 0.327200084924698 0.332711756229401 0.319128692150116 0.314103156328201 0.315884530544281 0.317614078521729 0.309049487113953 0.311599165201187 0.314334720373154 0.313960433006287 0.308020174503326
-3.4e+38 -3.4e+38 -3.4e+38 -3.4e+38 -3.4e+38 -3.4e+38 -3.4e+38 -3.4e+38 -3.4e+38 -3.4e+38 -3.4e+38 -3.4e+38 0.297004610300064 0.306681632995605 0.309771806001663 0.299907207489014 0.285866916179657 0.291352123022079 0.301164627075195 0.309573650360107 0.312088906764984 0.314129292964935 0.316778123378754 0.319255918264389 0.322766423225403 0.327859163284302 0.332285583019257 0.3215212225914 0.303414106369019 0.301661133766174 0.304546594619751 0.303224802017212 0.315579384565353 0.326063692569733 0.32738521695137 0.31705304980278 0.318783044815063 0.32018306851387 0.313696444034576 0.310453295707703 0.314998924732208 0.307190120220184 0.297291338443756 0.310148358345032 0.31907907128334 0.319770663976669 0.310408115386963
-3.4e+38 -3.4e+38 -3.4e+38 -3.4e+38 -3.4e+38 -3.4e+38 -3.4e+38 -3.4e+38 -3.4e+38 -3.4e+38 -3.4e+38 0.306902974843979 0.299642473459244 0.306196123361588 0.312991678714752 0.306060820817947 0.292997926473618 0.301709979772568 0.311926037073135 0.317680597305298 0.31766939163208 0.321069300174713 0.335835993289948 0.351676851511002 0.35833328962326 0.336120098829269 0.330137103796005 0.32121217250824 0.300689399242401 0.308448821306229 0.32046827673912 0.328087836503983 0.333919852972031 0.335601150989532 0.328534454107285 0.314219087362289 0.311218559741974 0.321229249238968 0.320816069841385 0.315861731767654 0.331351727247238 0.309589594602585 0.296942919492722 0.312430143356323 0.322518944740295 0.322037607431412 0.312131941318512
-3.4e+38 -3.4e+38 -3.4e+38 -3.4e+38 -3.4e+38 -3.4e+38 -3.4e+38 -3.4e+38 -3.4e+38 -3.4e+38 0.303947180509567 0.297639787197113 0.296156078577042 0.300023436546326 0.308111786842346 0.306125700473785 0.300772577524185 0.307917147874832 0.317707598209381 0.323888808488846 0.323123335838318 0.320569902658463 0.333668321371078 0.344919949769974 0.340755015611649 0.313366234302521 0.318070709705353 0.310466647148132 0.293747931718826 0.300960659980774 0.316667497158051 0.321025848388672 0.31819286942482 0.320215374231339 0.318920284509659 0.314765214920044 0.318384647369385 0.336955189704895 0.332446098327637 0.332555741071701 0.351498961448669 0.325999230146408 0.314805179834366 0.309598505496979 0.307721465826035 0.3232282102108 0.32414785027504
-3.4e+38 -3.4e+38 -3.4e+38 -3.4e+38 -3.4e+38 -3.4e+38 -3.4e+38 -3.4e+38 -3.4e+38 0.323385506868362 0.291802853345871 0.299666106700897 0.303321212530136 0.301632463932037 0.301548629999161 0.310904204845428 0.315870314836502 0.318896442651749 0.321934252977371 0.322572022676468 0.317490011453629 0.312481850385666 0.316018253564835 0.318575769662857 0.307088106870651 0.290390998125076 0.302891850471497 0.303373515605927 0.295140355825424 0.292739868164062 0.309558004140854 0.312830358743668 0.301688820123672 0.294324338436127 0.307556539773941 0.325709283351898 0.33391284942627 0.3368239402771 0.330566644668579 0.338068902492523 0.331599086523056 0.292400479316711 0.299452692270279 0.29490128159523 0.294070482254028 0.326094925403595 0.332144528627396
-3.4e+38 -3.4e+38 -3.4e+38 -3.4e+38 -3.4e+38 -3.4e+38 -3.4e+38 -3.4e+38 0.318560540676117 0.322187095880508 0.308227390050888 0.308792114257812 0.318921834230423 0.314823627471924 0.308207780122757 0.316259294748306 0.316930711269379 0.314719319343567 0.311755031347275 0.304651588201523 0.286895900964737 0.279341608285904 0.291871458292007 0.309271723031998 0.297897428274155 0.286701411008835 0.292409062385559 0.299196392297745 0.300377994775772 0.300466686487198 0.31031596660614 0.323527127504349 0.326312631368637 0.318034291267395 0.310903787612915 0.321585059165955 0.321819365024567 0.31214228272438 0.304249584674835 0.312768965959549 0.301647394895554 0.280516803264618 0.290712088346481 0.28580516576767 0.287685722112656 0.3011714220047 0.307033538818359
-3.4e+38 -3.4e+38 -3.4e+38 -3.4e+38 -3.4e+38 -3.4e+38 -3.4e+38 0.281786769628525 0.315615862607956 0.339832007884979 0.33200004696846 0.316459804773331 0.333380252122879 0.331503838300705 0.317267268896103 0.30736780166626 0.30274897813797 0.297984838485718 0.28778675198555 0.27899357676506 0.283641189336777 0.284154027700424 0.293147951364517 0.315925180912018 0.321713775396347 0.319471716880798 0.31477627158165 0.30986350774765 0.307563722133636 0.30863219499588 0.313665986061096 0.320230007171631 0.318959206342697 0.312858998775482 0.304639577865601 0.303099691867828 0.29391810297966 0.287914723157883 0.287030607461929 0.289151340723038 0.284957975149155 0.279147326946259 0.283886760473251 0.284122318029404 0.283841252326965 0.28160884976387 0.278259575366974
-3.4e+38 -3.4e+38 -3.4e+38 -3.4e+38 -3.4e+38 -3.4e+38 0.279990255832672 0.287273228168488 0.323027640581131 0.355665475130081 0.342844039201736 0.319797664880753 0.321735620498657 0.329612404108047 0.312581777572632 0.294660270214081 0.289274126291275 0.293627500534058 0.295655786991119 0.303029894828796 0.320540875196457 0.315274715423584 0.305579096078873 0.305518001317978 0.317889273166656 0.316117465496063 0.320964395999908 0.321806043386459 0.312251210212708 0.29795891046524 0.291436463594437 0.292141109704971 0.292949438095093 0.295346617698669 0.296993523836136 0.297775119543076 0.298010647296906 0.291863858699799 0.28625950217247 0.28164803981781 0.279848009347916 0.267168283462524 0.263586789369583 0.270805984735489 0.264125972986221 0.266329437494278 0.260057777166367
-3.4e+38 -3.4e+38 -3.4e+38 -3.4e+38 -3.4e+38 0.295197278261185 0.294765412807465 0.300361901521683 0.32247331738472 0.340673387050629 0.328702181577682 0.302777826786041 0.295089155435562 0.3139308989048 0.301364421844482 0.299933701753616 0.309320330619812 0.317715227603912 0.321318686008453 0.332879364490509 0.349451899528503 0.343502640724182 0.325675159692764 0.312511742115021 0.313617944717407 0.315650969743729 0.327000200748444 0.3350550532341 0.332657217979431 0.316155314445496 0.297898918390274 0.283320635557175 0.275616943836212 0.280246883630753 0.29444682598114 0.296666651964188 0.287848353385925 0.287305474281311 0.288695275783539 0.285444110631943 0.276838481426239 0.265351176261902 0.26740351319313 0.266788899898529 0.253299474716187 0.267924785614014 0.276305824518204
-3.4e+38 -3.4e+38 -3.4e+38 -3.4e+38 0.287069618701935 0.294970333576202 0.308876514434814 0.297093451023102 0.29249581694603 0.305671364068985 0.320594102144241 0.299797058105469 0.287175625562668 0.295191258192062 0.295468866825104 0.302768528461456 0.305615484714508 0.310393273830414 0.321148902177811 0.32146805524826 0.322318196296692 0.325551390647888 0.330957293510437 0.324595719575882 0.315655738115311 0.32090163230896 0.333506494760513 0.326724737882614 0.311747848987579 0.29532578587532 0.286559969186783 0.281369268894196 0.274915546178818 0.268201977014542 0.264055013656616 0.271494716405869 0.273663282394409 0.277079969644547 0.285033911466599 0.284218460321426 0.275564223527908 0.264310598373413 0.271771907806396 0.266544908285141 0.258710503578186 0.269767820835114 0.276280462741852
-3.4e+38 -3.4e+38 -3.4e+38 0.295166194438934 0.274286985397339 0.278798133134842 0.297942250967026 0.293118625879288 0.276980370283127 0.292753159999847 0.324636340141296 0.325279742479324 0.313190072774887 0.307290285825729 0.301359742879868 0.290166974067688 0.282590359449387 0.281255960464478 0.282445520162582 0.272334605455399 0.28191214799881 0.301175653934479 0.322987288236618 0.331066519021988 0.306486994028091 0.2928386926651 0.303288877010345 0.295874029397964 0.278815746307373 0.262648731470108 0.256248623132706 0.256953358650208 0.25632518529892 0.251639366149902 0.243919178843498 0.25852108001709 0.265940845012665 0.267576813697815 0.274169474840164 0.275969445705414 0.270741760730743 0.265017688274384 0.272554457187653 0.263027220964432 0.266301542520523 0.276742517948151 0.27080300450325
-3.4e+38 -3.4e+38 0.305934578180313 0.293147951364517 0.246929138898849 0.234571292996407 0.262744963169098 0.295588910579681 0.284737974405289 0.297766417264938 0.33271786570549 0.35188415646553 0.321398586034775 0.303292959928513 0.296249121427536 0.284003019332886 0.274237364530563 0.279318541288376 0.285827606916428 0.281475514173508 0.283802479505539 0.293495088815689 0.306885540485382 0.315191209316254 0.295828968286514 0.282813727855682 0.275325804948807 0.264351010322571 0.257201641798019 0.256134927272797 0.258507937192917 0.259853303432465 0.25349622964859 0.246079102158546 0.246596723794937 0.264174431562424 0.275983691215515 0.278666853904724 0.275709092617035 0.270182102918625 0.264833986759186 0.26898780465126 0.275729089975357 0.259833246469498 0.265877395868301 0.270811438560486 0.263418793678284
-3.4e+38 0.294192165136337 0.294051319360733 0.282202452421188 0.263544768095016 0.24941711127758 0.263342946767807 0.292676150798798 0.300035178661346 0.294202327728271 0.317879796028137 0.339331835508347 0.325179904699326 0.303174883127213 0.304125964641571 0.310658633708954 0.311663269996643 0.308552861213684 0.304685443639755 0.300246596336365 0.298044383525848 0.30040231347084 0.297704309225082 0.290642470121384 0.277063518762589 0.270109385251999 0.258607625961304 0.249449953436852 0.253744095563889 0.261344969272614 0.265646487474442 0.267920821905136 0.265828788280487 0.256863862276077 0.261760830879211 0.278878659009933 0.286187201738358 0.28494581580162 0.278025776147842 0.266944199800491 0.256126463413239 0.265601992607117 0.270201504230499 0.258957952260971 0.264953136444092 0.266041070222855 0.26500540971756
0.314405858516693 0.262232899665833 0.27205953001976 0.286266207695007 0.284470438957214 0.26570200920105 0.261660099029541 0.275470942258835 0.286620825529099 0.284298449754715 0.302846252918243 0.327466607093811 0.328767657279968 0.309864431619644 0.324634462594986 0.320665240287781 0.31421086192131 0.317651957273483 0.316357582807541 0.304796487092972 0.291371166706085 0.285643249750137 0.278918921947479 0.273466348648071 0.267380774021149 0.2643903195858 0.263183772563934 0.274211883544922 0.289727032184601 0.291412204504013 0.277222722768784 0.276336967945099 0.287394642829895 0.2886982858181 0.284655690193176 0.287203252315521 0.290662854909897 0.286781698465347 0.279551982879639 0.26916640996933 0.259150505065918 0.272321134805679 0.272217094898224 0.267186224460602 0.273928135633469 0.283833801746368 0.288699626922607
