data/trimmed_ndre/Od_ndre.78.2015_no_clouds.asc
NCOLS 144 
NROWS 65 
XLLCORNER 512965 
YLLCORNER 5150865 
CELLSIZE 5 
NODATA_value -3.4e+38 
[rows 21 to 41 of 65, columns 94 to 140 of 144]
0.165678888559341 0.164515405893326 0.16876308619976 0.170206323266029 0.168864145874977 0.167493179440498 0.160112932324409 0.156297564506531 0.159702524542809 0.158033415675163 0.157432496547699 0.161443948745728 0.168398544192314 0.152970537543297 0.153437227010727 0.161226212978363 0.161236107349396 0.161627501249313 0.160963281989098 0.158753722906113 0.156921178102493 0.151171505451202 0.161965623497963 0.172982543706894 0.164031311869621 0.162624686956406 0.16382884979248 0.170707896351814 0.181588649749756 0.16940626502037 0.163092076778412 0.160806477069855 0.167818292975426 0.1672123670578 0.160089045763016 -3.4e+38 -3.4e+38 -3.4e+38 -3.4e+38 -3.4e+38 -3.4e+38 -3.4e+38 -3.4e+38 -3.4e+38 -3.4e+38 -3.4e+38 -3.4e+38
0.154309645295143 0.152151182293892 0.167484909296036 0.175341591238976 0.168413683772087 0.15474808216095 0.159099146723747 0.159348994493484 0.155333176255226 0.14894962310791 0.147261634469032 0.14280666410923 0.146197527647018 0.15423558652401 0.159168720245361 0.164976105093956 0.170191407203674 0.170304805040359 0.171469688415527 0.172634407877922 0.170881405472755 0.164665922522545 0.169923275709152 0.178025543689728 0.179961785674095 0.178919464349747 0.168395206332207 0.173432916402817 0.183924660086632 0.16578009724617 0.170315682888031 0.171063452959061 0.167461454868317 0.16963928937912 0.173719242215157 0.171456202864647 0.170033827424049 -3.4e+38 -3.4e+38 -3.4e+38 -3.4e+38 -3.4e+38 -3.4e+38 -3.4e+38 -3.4e+38 -3.4e+38 -3.4e+38
0.143656149506569 0.143986776471138 0.165570855140686 0.183990925550461 0.170040234923363 0.152488395571709 0.16146944463253 0.164540216326714 0.156338706612587 0.147065386176109 0.152987852692604 0.145828694105148 0.149520799517632 0.160343676805496 0.162379950284958 0.16900646686554 0.174146726727486 0.177119165658951 0.173949956893921 0.175266981124878 0.178293645381927 0.17814926803112 0.172315135598183 0.170508041977882 0.174067765474319 0.174957945942879 0.161001920700073 0.168984726071358 0.171126663684845 0.155998572707176 0.167338892817497 0.165156424045563 0.159205585718155 0.162143245339394 0.178324624896049 0.178571313619614 0.172672733664513 0.170434981584549 -3.4e+38 -3.4e+38 -3.4e+38 -3.4e+38 -3.4e+38 -3.4e+38 -3.4e+38 -3.4e+38 -3.4e+38
0.150219604372978 0.152016073465347 0.16373036801815 0.178473085165024 0.161848172545433 0.152839034795761 0.158652231097221 0.160439014434814 0.157340943813324 0.154587686061859 0.156324416399002 0.151291131973267 0.157381042838097 0.159542322158813 0.155646055936813 0.169916182756424 0.170149281620979 0.169972330331802 0.169848710298538 0.16953332722187 0.175301864743233 0.179440319538116 0.175885170698166 0.160282552242279 0.164599001407623 0.16973702609539 0.161467701196671 0.163058415055275 0.166717618703842 0.161547899246216 0.156377613544464 0.155869424343109 0.15556526184082 0.157570227980614 0.166811525821686 0.165232867002487 0.166928753256798 0.171110212802887 0.169979631900787 -3.4e+38 -3.4e+38 -3.4e+38 -3.4e+38 -3.4e+38 -3.4e+38 -3.4e+38 -3.4e+38
0.17913618683815 0.170435845851898 0.16826656460762 0.170383840799332 0.155498638749123 0.153092205524445 0.157165661454201 0.161651834845543 0.164412871003151 0.157482460141182 0.155908986926079 0.157236993312836 0.158251285552979 0.16264297068119 0.169175416231155 0.179111868143082 0.1659314930439 0.164158746600151 0.165626645088196 0.164603486657143 0.173614084720612 0.18499131500721 0.185842156410217 0.169774383306503 0.171197295188904 0.175705298781395 0.172877237200737 0.15468630194664 0.161498054862022 0.165186703205109 0.161392703652382 0.160665318369865 0.162415355443954 0.164523705840111 0.166284292936325 0.167180895805359 0.160557076334953 0.162335723638535 0.167685866355896 -3.4e+38 -3.4e+38 -3.4e+38 -3.4e+38 -3.4e+38 -3.4e+38 -3.4e+38 -3.4e+38
0.172855466604233 0.168889373540878 0.169038340449333 0.167232602834702 0.159553453326225 0.161071315407753 0.16180707514286 0.165974676609039 0.171679750084877 0.156558364629745 0.160017311573029 0.164563477039337 0.155488356947899 0.165080413222313 0.171005606651306 0.174351274967194 0.166062980890274 0.166475877165794 0.168285846710205 0.170525416731834 0.175751835107803 0.184297069907188 0.189886480569839 0.188012331724167 0.188029751181602 0.176379501819611 0.171687945723534 0.167504236102104 0.169121608138084 0.171410515904427 0.173433303833008 0.173064112663269 0.168322652578354 0.163056775927544 0.161093667149544 0.1617112159729 0.151547655463219 0.155022382736206 0.165187582373619 0.172103762626648 -3.4e+38 -3.4e+38 -3.4e+38 -3.4e+38 -3.4e+38 -3.4e+38 -3.4e+38
0.160041943192482 0.16188870370388 0.165460482239723 0.165647014975548 0.16226701438427 0.160558134317398 0.160629823803902 0.166761472821236 0.171995654702187 0.16113106906414 0.16989828646183 0.164686650037766 0.154347851872444 0.165814995765686 0.162346765398979 0.166442364454269 0.175413802266121 0.178949579596519 0.175146296620369 0.174099832773209 0.177063748240471 0.18121962249279 0.187973767518997 0.194135949015617 0.191497415304184 0.168766289949417 0.173148393630981 0.176186472177505 0.171188533306122 0.16903430223465 0.169617831707001 0.171001583337784 0.170758321881294 0.166286677122116 0.16313861310482 0.158345222473145 0.150832191109657 0.154937878251076 0.161128550767899 0.165774986147881 0.1656713783741 -3.4e+38 -3.4e+38 -3.4e+38 -3.4e+38 -3.4e+38 -3.4e+38
0.165405169129372 0.171308845281601 0.172303587198257 0.170167401432991 0.164847746491432 0.160196781158447 0.160365343093872 0.159498080611229 0.162291139364243 0.164276093244553 0.169186890125275 0.163476213812828 0.160794124007225 0.166947513818741 0.16064740717411 0.167865440249443 0.175951287150383 0.177406191825867 0.173237413167953 0.175996288657188 0.181117653846741 0.186282366514206 0.185680896043777 0.191024169325829 0.186444208025932 0.167397677898407 0.172983437776566 0.172278121113777 0.162160113453865 0.155446082353592 0.158193320035934 0.162911683320999 0.165991336107254 0.165448009967804 0.168125927448273 0.163349017500877 0.154830411076546 0.156806409358978 0.160927787423134 0.16421802341938 0.161939263343811 0.152186587452888 -3.4e+38 -3.4e+38 -3.4e+38 -3.4e+38 -3.4e+38
0.181715473532677 0.177571803331375 0.173441976308823 0.173851892352104 0.167282596230507 0.165694981813431 0.169253796339035 0.160745337605476 0.163391664624214 0.168435394763947 0.169767126441002 0.168755993247032 0.171444609761238 0.175559133291245 0.173977643251419 0.172479659318924 0.171953126788139 0.171778157353401 0.171611815690994 0.179442495107651 0.189053505659103 0.189165040850639 0.177983060479164 0.184046715497971 0.182107165455818 0.171074897050858 0.165452286601067 0.172989711165428 0.168919831514359 0.158710688352585 0.155818223953247 0.156131654977798 0.155859306454659 0.154758617281914 0.157689154148102 0.157564952969551 0.157449096441269 0.160342067480087 0.162679225206375 0.167499154806137 0.166112318634987 0.157827004790306 0.166539639234543 -3.4e+38 -3.4e+38 -3.4e+38 -3.4e+38
0.173139348626137 0.172148585319519 0.172270432114601 0.175307407975197 0.169700309634209 0.165766343474388 0.164292871952057 0.159224346280098 0.160439282655716 0.170579046010971 0.175677135586739 0.17387381196022 0.169086456298828 0.170523077249527 0.171416118741035 0.167167901992798 0.168085157871246 0.172118782997131 0.176696330308914 0.179310142993927 0.189234495162964 0.187103763222694 0.178977206349373 0.184985712170601 0.184004306793213 0.171006813645363 0.157444283366203 0.166667446494102 0.16270923614502 0.158097863197327 0.156477585434914 0.153815090656281 0.148010924458504 0.148819535970688 0.157896652817726 0.164740607142448 0.163622751832008 0.162816628813744 0.162819638848305 0.164035603404045 0.157395973801613 0.154200181365013 0.167552515864372 0.172931879758835 -3.4e+38 -3.4e+38 -3.4e+38
0.166852995753288 0.170836135745049 0.17238949239254 0.175943732261658 0.182648658752441 0.172547221183777 0.162438973784447 0.155749827623367 0.15278984606266 0.171388879418373 0.177766367793083 0.170781746506691 0.162982225418091 0.168985962867737 0.16814187169075 0.163991749286652 0.171242237091064 0.179501324892044 0.178553283214569 0.17673696577549 0.190804839134216 0.190821185708046 0.191403433680534 0.197439521551132 0.19143870472908 0.175000697374344 0.16417932510376 0.167159557342529 0.157714352011681 0.155413448810577 0.158880218863487 0.163466706871986 0.15976969897747 0.16057462990284 0.16595284640789 0.17135189473629 0.164448663592339 0.161325663328171 0.161271885037422 0.160134553909302 0.153238579630852 0.155891895294189 0.16881237924099 0.177743926644325 0.174057453870773 -3.4e+38 -3.4e+38
0.172650367021561 0.182362154126167 0.178851202130318 0.175586745142937 0.175169080495834 0.165383845567703 0.159727782011032 0.153260573744774 0.151133298873901 0.160407766699791 0.163181319832802 0.161797910928726 0.161636233329773 0.174734726548195 0.175380855798721 0.173418536782265 0.177622601389885 0.185608044266701 0.179084748029709 0.181667342782021 0.198599889874458 0.201325669884682 0.200638696551323 0.19813846051693 0.190977543592453 0.183944761753082 0.17755626142025 0.172813788056374 0.161446928977966 0.156619131565094 0.156378105282784 0.159380942583084 0.161159813404083 0.165408477187157 0.166828244924545 0.164155587553978 0.155856758356094 0.157930269837379 0.161370754241943 0.160915940999985 0.155510276556015 0.161933735013008 0.168913215398788 0.169662982225418 0.167328700423241 0.16326642036438 -3.4e+38
0.17427970468998 0.184114441275597 0.172339633107185 0.16823910176754 0.161818578839302 0.153885334730148 0.159825205802917 0.15991647541523 0.161067754030228 0.165510952472687 0.163268357515335 0.161822468042374 0.168713822960854 0.184082344174385 0.191918790340424 0.191676437854767 0.191814541816711 0.194726884365082 0.183853760361671 0.194624185562134 0.209747210144997 0.206869304180145 0.190531432628632 0.185379832983017 0.187376618385315 0.193239763379097 0.187241673469543 0.177737668156624 0.1678846180439 0.160336822271347 0.155080154538155 0.153675332665443 0.155180394649506 0.157961815595627 0.152799695730209 0.153198808431625 0.160215988755226 0.162335723638535 0.162510856986046 0.161669358611107 0.159177765250206 0.166212111711502 0.166566178202629 0.164185032248497 0.164950132369995 0.175193145871162 0.175354808568954
0.184368491172791 0.18555249273777 0.16746723651886 0.167175099253654 0.163288593292236 0.159837752580643 0.162510991096497 0.157769665122032 0.165101736783981 0.173850804567337 0.174356371164322 0.17180985212326 0.182798489928246 0.196898475289345 0.200780555605888 0.198973938822746 0.202515587210655 0.203493565320969 0.192536816000938 0.199179515242577 0.202765956521034 0.195944473147392 0.17620575428009 0.178894981741905 0.185280963778496 0.191486850380898 0.187613934278488 0.175890326499939 0.167498171329498 0.163794174790382 0.158059790730476 0.153174117207527 0.153681293129921 0.158924862742424 0.155879154801369 0.159161061048508 0.166112214326859 0.165500938892365 0.16141003370285 0.157141670584679 0.158655256032944 0.170291468501091 0.167375564575195 0.162667393684387 0.165103018283844 0.181255280971527 0.168969213962555
0.189674377441406 0.184285715222359 0.17217430472374 0.174672529101372 0.169725894927979 0.165586203336716 0.161984965205193 0.154223427176476 0.1643887758255 0.174385458230972 0.177211284637451 0.174169167876244 0.183970853686333 0.196173116564751 0.200285777449608 0.195781573653221 0.204535976052284 0.209571361541748 0.207067593932152 0.209559544920921 0.198572680354118 0.182553112506866 0.168816074728966 0.184705123305321 0.184226304292679 0.18000653386116 0.179380655288696 0.171725794672966 0.167839244008064 0.167309433221817 0.16568723320961 0.161813288927078 0.162503033876419 0.163906365633011 0.159162685275078 0.165011927485466 0.168449282646179 0.166497245430946 0.164926245808601 0.161855593323708 0.164040893316269 0.171414360404015 0.167750909924507 0.163114756345749 0.161907970905304 0.167714104056358 0.164507895708084
0.183337077498436 0.177084133028984 0.172668591141701 0.17168240249157 0.163187235593796 0.165752068161964 0.162103161215782 0.155768886208534 0.16220785677433 0.167813643813133 0.172870457172394 0.176954254508018 0.18604664504528 0.195166677236557 0.195009887218475 0.187934875488281 0.197249636054039 0.205123409628868 0.209305495023727 0.209193736314774 0.19307667016983 0.17352856695652 0.162409141659737 0.172829270362854 0.176016449928284 0.177283242344856 0.176816418766975 0.171498358249664 0.169920325279236 0.16737662255764 0.164730310440063 0.165158569812775 0.171043545007706 0.170672446489334 0.16333070397377 0.167236730456352 0.173349782824516 0.17571547627449 0.172784134745598 0.165330722928047 0.165949806571007 0.168989136815071 0.167242303490639 0.167465001344681 0.163315564393997 0.165460094809532 0.173969075083733
0.16801743209362 0.165834426879883 0.169358715415001 0.166922226548195 0.158458635210991 0.171181976795197 0.167904183268547 0.163912445306778 0.169114038348198 0.174542620778084 0.178107216954231 0.185441106557846 0.195540055632591 0.198885947465897 0.188880756497383 0.181347846984863 0.188518762588501 0.190925627946854 0.194210335612297 0.194126531481743 0.184710472822189 0.174437284469604 0.165019109845161 0.16307932138443 0.166337698698044 0.175118044018745 0.176497131586075 0.171961545944214 0.171565681695938 0.16838875412941 0.163539543747902 0.162608280777931 0.17266571521759 0.176279336214066 0.171936094760895 0.165830835700035 0.166556641459465 0.17128849029541 0.172757595777512 0.166401445865631 0.165065914392471 0.167583525180817 0.172073215246201 0.176414057612419 0.165838375687599 0.166782349348068 0.178293123841286
0.170345962047577 0.162946373224258 0.165989711880684 0.165138944983482 0.168451502919197 0.188252538442612 0.184263527393341 0.181269153952599 0.183887466788292 0.189395070075989 0.189411222934723 0.197135478258133 0.203471213579178 0.193134933710098 0.176208510994911 0.174493253231049 0.17928971350193 0.171321541070938 0.16605082154274 0.16694475710392 0.171166837215424 0.174619227647781 0.168554425239563 0.160298198461533 0.157441690564156 0.166690930724144 0.162130489945412 0.15708264708519 0.162078365683556 0.167792215943336 0.161184817552567 0.155823782086372 0.162640854716301 0.167724832892418 0.163636222481728 0.15632489323616 0.157123848795891 0.161611914634705 0.165896192193031 0.167973279953003 0.169662714004517 0.168722346425056 0.171235486865044 0.174599513411522 0.164160400629044 0.162377893924713 -3.4e+38
0.182339608669281 0.164618939161301 0.165381774306297 0.168993905186653 0.179788753390312 0.192864552140236 0.19071389734745 0.189992815256119 0.195671394467354 0.202405586838722 0.199783518910408 0.19667686522007 0.193181544542313 0.181371241807938 0.161936357617378 0.168214902281761 0.171583265066147 0.162912160158157 0.155881345272064 0.156315088272095 0.162321105599403 0.170012593269348 0.167882725596428 0.162754163146019 0.159601837396622 0.164719715714455 0.161290094256401 0.158912777900696 0.161605760455132 0.16859295964241 0.158199042081833 0.152233004570007 0.155223086476326 0.159708023071289 0.161762192845345 0.157769933342934 0.155041068792343 0.154198110103607 0.151769533753395 0.155240759253502 0.164056912064552 0.166187405586243 0.168103724718094 0.166805878281593 -3.4e+38 -3.4e+38 -3.4e+38
0.192256405949593 0.174002975225449 0.178788617253304 0.186640277504921 0.194300726056099 0.194310173392296 0.187756225466728 0.186639413237572 0.195252925157547 0.203610330820084 0.202072218060493 0.186293765902519 0.181902870535851 0.171176925301552 0.152906656265259 0.162456467747688 0.16045455634594 0.151916995644569 0.146802186965942 0.150857776403427 0.155918166041374 0.158864423632622 0.154190093278885 0.152927428483963 0.154758214950562 0.158633321523666 0.159490793943405 0.163649797439575 0.167093321681023 0.16621008515358 0.15150049328804 0.149881169199944 0.153801158070564 0.158144116401672 0.165572449564934 0.166954696178436 0.164915457367897 0.163886308670044 0.152424111962318 0.15142884850502 0.157167285680771 0.16027657687664 -3.4e+38 -3.4e+38 -3.4e+38 -3.4e+38 -3.4e+38
0.20876470208168 0.205168485641479 0.207222163677216 0.207555443048477 0.205552503466606 0.191683053970337 0.178346499800682 0.177659139037132 0.186238810420036 0.196012035012245 0.19489423930645 0.17769056558609 0.179338976740837 0.170429691672325 0.158917441964149 0.162889763712883 0.156162574887276 0.148026511073112 0.144562676548958 0.150395885109901 0.153576493263245 0.153153330087662 0.150223970413208 0.149569913744926 0.155987709760666 0.157278835773468 0.15403550863266 0.157921239733696 0.161789402365685 0.160361215472221 0.150851145386696 0.152558133006096 0.157358422875404 0.160186722874641 0.158634930849075 0.158265620470047 0.161365404725075 0.163835823535919 0.156595125794411 0.156608983874321 -3.4e+38 -3.4e+38 -3.4e+38 -3.4e+38 -3.4e+38 -3.4e+38 -3.4e+38
