data/trimmed_ndre/Od_ndre.728.2009_no_clouds.asc
NCOLS 144 
NROWS 65 
XLLCORNER 512965 
YLLCORNER 5150865 
CELLSIZE 5 
NODATA_value -3.4e+38 
[rows 42 to 62 of 65, columns 47 to 93 of 144]
0.37150713801384 0.356069594621658 0.356694221496582 0.368180304765701 0.366564899682999 0.351764142513275 0.356720089912415 0.360262364149094 0.324506253004074 0.285016119480133 0.266115248203278 0.250995486974716 0.232242539525032 0.220804527401924 0.214776083827019 0.192719057202339 0.186217814683914 0.21014566719532 0.261869966983795 0.307666033506393 0.312644004821777 0.307718902826309 0.287475734949112 0.27616885304451 0.309673547744751 0.342085629701614 0.353858232498169 0.327566027641296 0.271172553300858 0.227233469486237 0.214867874979973 0.201841965317726 0.191101744771004 0.205450057983398 0.225180476903915 0.276300102472305 0.317517399787903 0.333045601844788 0.346926480531693 0.370701849460602 0.3973468542099 0.425396651029587 0.440425395965576 0.434682637453079 0.436403393745422 0.423485219478607 0.445282101631165
0.384343951940536 0.37282806634903 0.365279823541641 0.371800065040588 0.374050736427307 0.360614955425262 0.361161738634109 0.364153385162354 0.343399912118912 0.321060866117477 0.303117215633392 0.28370463848114 0.243886724114418 0.223098769783974 0.225502178072929 0.21097506582737 0.20187146961689 0.22275410592556 0.282502830028534 0.34286817908287 0.352799832820892 0.339030474424362 0.329832404851913 0.320271849632263 0.330409198999405 0.325579136610031 0.319743484258652 0.309365063905716 0.268663346767426 0.239894688129425 0.236376836895943 0.217925563454628 0.207831904292107 0.234868794679642 0.27283975481987 0.303589999675751 0.337344408035278 0.358654886484146 0.358589380979538 0.355947405099869 0.372750252485275 0.414498329162598 0.451474964618683 0.458831429481506 0.461078763008118 0.455122053623199 0.472557574510574
0.38112661242485 0.377330988645554 0.377854704856873 0.384491831064224 0.379936307668686 0.355366200208664 0.352824509143829 0.36162805557251 0.350026786327362 0.345207959413528 0.334391444921494 0.319371491670609 0.301637351512909 0.278368085622787 0.265560925006866 0.252782493829727 0.244519755244255 0.265445411205292 0.306600958108902 0.349873602390289 0.355521649122238 0.327680706977844 0.316339641809464 0.319629788398743 0.334365099668503 0.326828479766846 0.315579414367676 0.31939235329628 0.291871666908264 0.263462364673615 0.278646469116211 0.285254627466202 0.281224966049194 0.308190017938614 0.344858646392822 0.345893293619156 0.360332012176514 0.373675227165222 0.378370732069016 0.386176496744156 0.383406549692154 0.406826734542847 0.44819638133049 0.457317590713501 0.458696395158768 0.459052264690399 0.462563365697861
0.350288212299347 0.371462464332581 0.375840187072754 0.387903571128845 0.376440644264221 0.353567630052567 0.358083605766296 0.36385104060173 0.3564093708992 0.356228560209274 0.354994595050812 0.3582983314991 0.364087909460068 0.34890279173851 0.318467497825623 0.308366060256958 0.302692502737045 0.313250988721848 0.332945823669434 0.344919830560684 0.352435111999512 0.35381481051445 0.35782453417778 0.354941010475159 0.361214071512222 0.368666917085648 0.371173232793808 0.382588624954224 0.381507724523544 0.353438854217529 0.354517966508865 0.375601917505264 0.374945402145386 0.374861538410187 0.406347006559372 0.388484686613083 0.365697532892227 0.35063835978508 0.347988247871399 0.355712980031967 0.349567711353302 0.366551488637924 0.390756696462631 0.402916580438614 0.427893996238708 0.435799986124039 0.424847543239594
0.356401920318604 0.374388247728348 0.362032502889633 0.375276833772659 0.372808396816254 0.376000970602036 0.382542639970779 0.377362549304962 0.371450394392014 0.373791694641113 0.385137349367142 0.37518897652626 0.384261101484299 0.394849628210068 0.374188721179962 0.358254164457321 0.352814137935638 0.352872312068939 0.361792683601379 0.368810772895813 0.36230930685997 0.348270207643509 0.343919456005096 0.348179399967194 0.356951951980591 0.360138952732086 0.362588703632355 0.370486378669739 0.393490493297577 0.389844298362732 0.376718997955322 0.399578541517258 0.416879236698151 0.410588294267654 0.415541261434555 0.381318598985672 0.338183999061584 0.310467123985291 0.299035757780075 0.296990931034088 0.30305951833725 0.31248539686203 0.325616210699081 0.34360733628273 0.374918580055237 0.366313099861145 0.343642175197601
0.388402163982391 0.37530130147934 0.365591883659363 0.3847935795784 0.387193709611893 0.400258839130402 0.399329990148544 0.388588398694992 0.392908722162247 0.404230117797852 0.411688655614853 0.386601567268372 0.377779811620712 0.407836824655533 0.406026750802994 0.378796339035034 0.364723563194275 0.37320613861084 0.368564993143082 0.342784374952316 0.316612362861633 0.290595829486847 0.269187659025192 0.285493105649948 0.306917101144791 0.305294066667557 0.300484478473663 0.299408048391342 0.316120028495789 0.334720104932785 0.357633620500565 0.406264156103134 0.418269097805023 0.3868587911129 0.363059908151627 0.339550375938416 0.305983573198318 0.275415629148483 0.268307417631149 0.274306416511536 0.279764533042908 0.273924946784973 0.278502762317657 0.297690093517303 0.292015224695206 0.276319801807404 0.25129759311676
0.397113621234894 0.376374095678329 0.381565153598785 0.407978445291519 0.402658849954605 0.406866431236267 0.409767329692841 0.403623729944229 0.408985495567322 0.416470527648926 0.407227754592896 0.408547848463058 0.396018296480179 0.390417456626892 0.391997814178467 0.370097517967224 0.334130972623825 0.317552953958511 0.298824101686478 0.267760008573532 0.256795942783356 0.274133741855621 0.264078110456467 0.271866977214813 0.268646538257599 0.248129934072495 0.24859930574894 0.270752996206284 0.289912670850754 0.286305516958237 0.292098760604858 0.329829752445221 0.346992313861847 0.33624479174614 0.320730596780777 0.300114631652832 0.271013677120209 0.249036744236946 0.251578569412231 0.26526266336441 0.265738129615784 0.246903032064438 0.244631379842758 0.253246039152145 0.231658205389977 0.214346557855606 0.212198555469513
0.401969492435455 0.38120374083519 0.377832919359207 0.400022685527802 0.403645902872086 0.397885054349899 0.410210847854614 0.410259574651718 0.402056962251663 0.400520861148834 0.378476083278656 0.370281130075455 0.373104184865952 0.35422295331955 0.346603631973267 0.33705598115921 0.295051783323288 0.257481932640076 0.249857529997826 0.239431157708168 0.245503783226013 0.257725983858109 0.235809177160263 0.245337218046188 0.240814596414566 0.224742636084557 0.233574420213699 0.226393014192581 0.229763105511665 0.227685645222664 0.22411672770977 0.246766597032547 0.271082162857056 0.27841392159462 0.272524774074554 0.267040938138962 0.252880036830902 0.232552826404572 0.224761992692947 0.228986233472824 0.225857466459274 0.221689611673355 0.224843174219131 0.227613970637321 0.22442789375782 0.212445855140686 0.208335056900978
0.400408089160919 0.387791961431503 0.382887780666351 0.387131839990616 0.376005887985229 0.36234587430954 0.39020711183548 0.392048627138138 0.37007862329483 0.359953343868256 0.329390317201614 0.313762187957764 0.329236298799515 0.323267936706543 0.301071673631668 0.288231551647186 0.279750555753708 0.263216376304626 0.25630858540535 0.239681959152222 0.230245798826218 0.22833314538002 0.215793132781982 0.233433485031128 0.223001450300217 0.220171332359314 0.243256270885468 0.216086477041245 0.209285974502563 0.22849540412426 0.231785550713539 0.249848276376724 0.25758284330368 0.244605019688606 0.245614513754845 0.257881075143814 0.256685525178909 0.238213837146759 0.223429620265961 0.218674495816231 0.215131223201752 0.216018348932266 0.223182320594788 0.230500042438507 0.23323105275631 0.229178696870804 0.225456580519676
0.387466162443161 0.378006011247635 0.360668122768402 0.345876455307007 0.327215999364853 0.325628310441971 0.345507323741913 0.326843470335007 0.3072909116745 0.310971528291702 0.301822930574417 0.286061078310013 0.290744990110397 0.293824404478073 0.275864571332932 0.261941403150558 0.276063680648804 0.283444225788116 0.267030388116837 0.247348695993423 0.24575300514698 0.238484606146812 0.223762467503548 0.228033274412155 0.207781314849854 0.207430839538574 0.239209398627281 0.22134393453598 0.224662125110626 0.228154376149178 0.218159660696983 0.221660852432251 0.23671780526638 0.243932202458382 0.245266705751419 0.258037686347961 0.260890245437622 0.244688853621483 0.23827600479126 0.240863293409348 0.239606395363808 0.232348635792732 0.228445053100586 0.244742378592491 0.255620658397675 0.248685330152512 0.241263195872307
0.35340204834938 0.330975085496902 0.319427937269211 0.30984029173851 0.301584333181381 0.299304395914078 0.28986319899559 0.265450805425644 0.270547717809677 0.295985043048859 0.299607217311859 0.282729029655457 0.273260653018951 0.279403209686279 0.272430270910263 0.248496994376183 0.241994976997375 0.255096614360809 0.259130477905273 0.252818256616592 0.253633797168732 0.250309437513351 0.237615779042244 0.219660833477974 0.205588087439537 0.217942610383034 0.228803545236588 0.214615002274513 0.238487154245377 0.236944004893303 0.207813903689384 0.20030215382576 0.230207055807114 0.252998173236847 0.246300205588341 0.249751374125481 0.249868527054787 0.240935146808624 0.245903104543686 0.2585529088974 0.263565093278885 0.255515396595001 0.251047611236572 0.267826706171036 0.275532305240631 0.265240430831909 0.258633226156235
0.304050266742706 0.290789395570755 0.305683642625809 0.31320521235466 0.304272323846817 0.301358073949814 0.279756754636765 0.255240231752396 0.266119003295898 0.278178036212921 0.273472547531128 0.260544985532761 0.255204439163208 0.261609822511673 0.262029945850372 0.248443931341171 0.24310739338398 0.250769168138504 0.254177898168564 0.239712044596672 0.234037488698959 0.246258229017258 0.232665091753006 0.216239929199219 0.225925981998444 0.243974685668945 0.245145067572594 0.233382061123848 0.239213302731514 0.240047454833984 0.2135139554739 0.196898132562637 0.225032806396484 0.242162883281708 0.241316393017769 0.239765465259552 0.243222072720528 0.240437284111977 0.243880391120911 0.261186152696609 0.272154688835144 0.276213556528091 0.280957072973251 0.289012998342514 0.284412920475006 0.276409387588501 0.279971182346344
0.292434364557266 0.289691865444183 0.292492240667343 0.31315866112709 0.320188850164413 0.310904979705811 0.289862841367722 0.262183398008347 0.263057947158813 0.258706629276276 0.249238416552544 0.237988486886024 0.23980076611042 0.248601049184799 0.25106006860733 0.241470843553543 0.238741844892502 0.242707282304764 0.244859471917152 0.23124760389328 0.215890347957611 0.222709432244301 0.225503578782082 0.227353528141975 0.22164323925972 0.225352630019188 0.251806378364563 0.249309062957764 0.233478531241417 0.233185842633247 0.217454880475998 0.208513885736465 0.233598783612251 0.239774331450462 0.239419862627983 0.244702935218811 0.25580632686615 0.264771610498428 0.266170382499695 0.271770745515823 0.27994042634964 0.283867061138153 0.294594079256058 0.302328288555145 0.296439588069916 0.28777551651001 0.290907710790634
0.265022039413452 0.276801615953445 0.278409779071808 0.289072483778 0.295533657073975 0.267458349466324 0.258744388818741 0.264241963624954 0.261009931564331 0.249251008033752 0.239833444356918 0.232171088457108 0.235014081001282 0.244199752807617 0.239168599247932 0.223781913518906 0.217202484607697 0.220554754137993 0.223152309656143 0.206151992082596 0.208951577544212 0.227968409657478 0.241208553314209 0.242314293980598 0.229319363832474 0.236811727285385 0.258135974407196 0.257635653018951 0.255515486001968 0.250519692897797 0.242321267724037 0.257384061813354 0.262961030006409 0.250471949577332 0.24700653553009 0.25156968832016 0.261154621839523 0.276049911975861 0.28532400727272 0.28949823975563 0.295931309461594 0.278294086456299 0.282558649778366 0.303639024496078 0.297444939613342 0.292380303144455 0.294461905956268
0.241233229637146 0.24960632622242 0.247216314077377 0.238547787070274 0.227099776268005 0.232072681188583 0.23005123436451 0.247172206640244 0.249773696064949 0.239645093679428 0.234838664531708 0.228625252842903 0.226934835314751 0.230002209544182 0.226789757609367 0.215168803930283 0.210854336619377 0.219626098871231 0.224795505404472 0.226840510964394 0.238491013646126 0.244727179408073 0.25734668970108 0.258965402841568 0.25493848323822 0.266764730215073 0.270995557308197 0.271068841218948 0.283429890871048 0.289368659257889 0.283340334892273 0.286332815885544 0.286383122205734 0.271008640527725 0.256561189889908 0.251078814268112 0.261963248252869 0.287489622831345 0.295140832662582 0.299326092004776 0.305667877197266 0.302081018686295 0.286807924509048 0.289375156164169 0.290416210889816 0.294634282588959 -3.4e+38
0.222164139151573 0.212801486253738 0.215892225503922 0.222157463431358 0.209141910076141 0.212121605873108 0.206766337156296 0.222185358405113 0.233524337410927 0.222151562571526 0.220114395022392 0.220642760396004 0.222538739442825 0.225225612521172 0.226643204689026 0.225051820278168 0.228720903396606 0.242638275027275 0.25782299041748 0.269178181886673 0.272761523723602 0.264610886573792 0.27480736374855 0.281547755002975 0.291169166564941 0.300526797771454 0.293476819992065 0.295670479536057 0.305568277835846 0.314513206481934 0.299426347017288 0.287012666463852 0.29465264081955 0.296265989542007 0.293969362974167 0.277283877134323 0.273904323577881 0.294413357973099 0.298618257045746 0.302594780921936 0.308932930231094 0.302307635545731 -3.4e+38 -3.4e+38 -3.4e+38 -3.4e+38 -3.4e+38
0.219617009162903 0.215783417224884 0.225247696042061 0.232044652104378 0.222756043076515 0.226458847522736 0.221507430076599 0.223297700285912 0.228940114378929 0.224395334720612 0.230541154742241 0.235435321927071 0.236448153853416 0.241975352168083 0.248005002737045 0.254835456609726 0.261872947216034 0.274877965450287 0.285547912120819 0.287592858076096 0.289458572864532 0.29075089097023 0.295080095529556 0.302547931671143 0.311227887868881 0.314914345741272 0.311248928308487 0.308140516281128 0.303171992301941 0.305795222520828 0.302537471055984 0.287315189838409 0.300251483917236 0.310441493988037 0.310601145029068 -3.4e+38 -3.4e+38 -3.4e+38 -3.4e+38 -3.4e+38 -3.4e+38 -3.4e+38 -3.4e+38 -3.4e+38 -3.4e+38 -3.4e+38 -3.4e+38
0.240816846489906 0.248070895671844 0.253153800964355 0.252947688102722 0.260546922683716 0.278487592935562 0.258146077394485 0.233676835894585 0.242206335067749 0.257144778966904 0.270307898521423 0.271171092987061 0.269111305475235 0.281089037656784 0.29571208357811 0.296560049057007 0.287032902240753 0.283696472644806 0.284462481737137 0.284562021493912 0.291925698518753 0.296982765197754 0.300859987735748 0.304940551519394 0.307552248239517 0.301730811595917 0.304343551397324 0.300766229629517 -3.4e+38 -3.4e+38 -3.4e+38 -3.4e+38 -3.4e+38 -3.4e+38 -3.4e+38 -3.4e+38 -3.4e+38 -3.4e+38 -3.4e+38 -3.4e+38 -3.4e+38 -3.4e+38 -3.4e+38 -3.4e+38 -3.4e+38 -3.4e+38 -3.4e+38
0.268364936113358 0.282670825719833 0.282122284173965 0.272156238555908 0.283997714519501 0.295749515295029 0.281261652708054 0.274203568696976 0.286265522241592 0.290959239006042 0.2955362200737 0.290073931217194 0.286877602338791 0.302223831415176 0.318635374307632 0.312434136867523 0.294399172067642 -3.4e+38 -3.4e+38 -3.4e+38 -3.4e+38 -3.4e+38 -3.4e+38 -3.4e+38 -3.4e+38 -3.4e+38 -3.4e+38 -3.4e+38 -3.4e+38 -3.4e+38 -3.4e+38 -3.4e+38 -3.4e+38 -3.4e+38 -3.4e+38 -3.4e+38 -3.4e+38 -3.4e+38 -3.4e+38 -3.4e+38 -3.4e+38 -3.4e+38 -3.4e+38 -3.4e+38 -3.4e+38 -3.4e+38 -3.4e+38
0.286991775035858 0.298242449760437 0.303472340106964 0.296145588159561 0.305863946676254 0.304906755685806 -3.4e+38 -3.4e+38 -3.4e+38 -3.4e+38 -3.4e+38 -3.4e+38 -3.4e+38 -3.4e+38 -3.4e+38 -3.4e+38 -3.4e+38 -3.4e+38 -3.4e+38 -3.4e+38 -3.4e+38 -3.4e+38 -3.4e+38 -3.4e+38 -3.4e+38 -3.4e+38 -3.4e+38 -3.4e+38 -3.4e+38 -3.4e+38 -3.4e+38 -3.4e+38 -3.4e+38 -3.4e+38 -3.4e+38 -3.4e+38 -3.4e+38 -3.4e+38 -3.4e+38 -3.4e+38 -3.4e+38 -3.4e+38 -3.4e+38 -3.4e+38 -3.4e+38 -3.4e+38 -3.4e+38
0.30071434378624 0.299824148416519 -3.4e+38 -3.4e+38 -3.4e+38 -3.4e+38 -3.4e+38 -3.4e+38 -3.4e+38 -3.4e+38 -3.4e+38 -3.4e+38 -3.4e+38 -3.4e+38 -3.4e+38 -3.4e+38 -3.4e+38 -3.4e+38 -3.4e+38 -3.4e+38 -3.4e+38 -3.4e+38 -3.4e+38 -3.4e+38 -3.4e+38 -3.4e+38 -3.4e+38 -3.4e+38 -3.4e+38 -3.4e+38 -3.4e+38 -3.4e+38 -3.4e+38 -3.4e+38 -3.4e+38 -3.4e+38 -3.4e+38 -3.4e+38 -3.4e+38 -3.4e+38 -3.4e+38 -3.4e+38 -3.4e+38 -3.4e+38 -3.4e+38 -3.4e+38 -3.4e+38
