data/trimmed_ndre/Od_ndre.610.2009_no_clouds.asc
NCOLS 144 
NROWS 65 
XLLCORNER 512965 
YLLCORNER 5150865 
CELLSIZE 5 
NODATA_value -3.4e+38 
[rows 42 to 62 of 65, columns 47 to 93 of 144]
0.471454083919525 0.456521898508072 0.458875268697739 0.465832710266113 0.444818705320358 0.437366098165512 0.45086857676506 0.450635403394699 0.444342970848083 0.444938451051712 0.426514148712158 0.416256487369537 0.428833156824112 0.424383699893951 0.397292912006378 0.38111200928688 0.362276554107666 0.348903506994247 0.350946873426437 0.378759354352951 0.390259593725204 0.390299618244171 0.377334713935852 0.381626486778259 0.391624689102173 0.383788645267487 0.377679169178009 0.369946897029877 0.355343282222748 0.322860717773438 0.319589644670486 0.313052922487259 0.314545601606369 0.338867992162704 0.360035389661789 0.35499233007431 0.343474447727203 0.342764407396317 0.358368963003159 0.364193558692932 0.373238146305084 0.374947726726532 0.398962765932083 0.409901052713394 0.405203133821487 0.408333867788315 0.404692202806473
0.477535456418991 0.467059880495071 0.457498282194138 0.464163720607758 0.471171736717224 0.467344582080841 0.461916089057922 0.469516336917877 0.459857136011124 0.443208873271942 0.429200977087021 0.425537467002869 0.436047852039337 0.424067795276642 0.394569307565689 0.381275832653046 0.345571160316467 0.314195394515991 0.31176084280014 0.328623265028 0.355139404535294 0.358107209205627 0.338380724191666 0.352124065160751 0.36541286110878 0.356128185987473 0.360753923654556 0.368134737014771 0.377280414104462 0.366831064224243 0.387322902679443 0.39696216583252 0.389621049165726 0.393057852983475 0.407083481550217 0.41391858458519 0.412522375583649 0.408807128667831 0.401965290307999 0.395390003919601 0.394212871789932 0.39832928776741 0.399518400430679 0.38984352350235 0.387070506811142 0.403595298528671 0.387464791536331
0.467831432819366 0.480512261390686 0.482561230659485 0.48031023144722 0.49180006980896 0.496471434831619 0.480724573135376 0.489326477050781 0.469290137290955 0.444397270679474 0.436813473701477 0.430128008127213 0.433890759944916 0.423381894826889 0.40343102812767 0.394075065851212 0.363495618104935 0.344108283519745 0.356622219085693 0.361191719770432 0.376124292612076 0.382112741470337 0.365429282188416 0.379108488559723 0.395507514476776 0.409837782382965 0.423878312110901 0.420865267515182 0.428118228912354 0.42434161901474 0.431290417909622 0.439936339855194 0.420415818691254 0.412342220544815 0.429768025875092 0.442677974700928 0.446353942155838 0.420542567968369 0.38942289352417 0.386617302894592 0.383608102798462 0.375820308923721 0.370106160640717 0.365777522325516 0.37480217218399 0.394843697547913 0.382659405469894
0.44263169169426 0.459983319044113 0.482852667570114 0.494197398424149 0.494862139225006 0.488857507705688 0.463038593530655 0.451115220785141 0.448203206062317 0.434383183717728 0.42910298705101 0.422816127538681 0.421454638242722 0.424807012081146 0.419023960828781 0.402161508798599 0.382582902908325 0.383171081542969 0.382619321346283 0.365543484687805 0.373456537723541 0.385784178972244 0.386596947908401 0.39614474773407 0.392066359519958 0.399216264486313 0.413822442293167 0.413555204868317 0.430513560771942 0.43286657333374 0.415012538433075 0.420468807220459 0.42536535859108 0.429945737123489 0.431913137435913 0.424342840909958 0.411334276199341 0.392937749624252 0.379538476467133 0.361470341682434 0.352537274360657 0.354006558656693 0.352786779403687 0.363140136003494 0.384133845567703 0.41360068321228 0.418859750032425
0.436149328947067 0.442822247743607 0.461193948984146 0.484150946140289 0.493040770292282 0.483459860086441 0.454034626483917 0.431353747844696 0.4319227039814 0.42208606004715 0.42485100030899 0.427922159433365 0.425083160400391 0.428385496139526 0.418762803077698 0.394450187683105 0.389526009559631 0.388498038053513 0.389407068490982 0.382517725229263 0.382245808839798 0.38440790772438 0.38737016916275 0.388897508382797 0.384054660797119 0.394527643918991 0.408583492040634 0.408099919557571 0.40050396323204 0.414341986179352 0.414506167173386 0.418203324079514 0.427365243434906 0.423836648464203 0.400999456644058 0.391451984643936 0.38943275809288 0.382055848836899 0.366574913263321 0.359270513057709 0.359143882989883 0.352831125259399 0.351758897304535 0.375318437814713 0.420588672161102 0.442135721445084 0.454985618591309
0.438200891017914 0.433873772621155 0.43570613861084 0.443663358688354 0.447095781564713 0.435244709253311 0.418330550193787 0.412902504205704 0.417688518762589 0.410058885812759 0.411032766103745 0.423189103603363 0.423916399478912 0.422849148511887 0.400987237691879 0.388839811086655 0.400039881467819 0.396696239709854 0.383452445268631 0.383860468864441 0.391800373792648 0.387718498706818 0.38460448384285 0.392215520143509 0.3999063372612 0.408250629901886 0.417557030916214 0.41613957285881 0.393144756555557 0.406119674444199 0.420462548732758 0.4133520424366 0.407148629426956 0.401140064001083 0.389761298894882 0.401687294244766 0.410552620887756 0.38080969452858 0.368071556091309 0.378001928329468 0.372452825307846 0.348135024309158 0.346751242876053 0.378138482570648 0.412661492824554 0.426310986280441 0.442248702049255
0.441479653120041 0.430764406919479 0.422362238168716 0.423018634319305 0.41798609495163 0.404647588729858 0.395062506198883 0.388816446065903 0.406953871250153 0.413508504629135 0.407465249300003 0.403475046157837 0.399396449327469 0.40304246544838 0.391521692276001 0.398224711418152 0.400353521108627 0.387080818414688 0.390164494514465 0.389267474412918 0.393630772829056 0.39232525229454 0.391929656267166 0.394429504871368 0.405841112136841 0.409912645816803 0.406889319419861 0.401472479104996 0.393335729837418 0.404990315437317 0.422308295965195 0.409089297056198 0.396764755249023 0.406219363212585 0.401515573263168 0.397728532552719 0.402748286724091 0.396904736757278 0.384222626686096 0.377189457416534 0.364997237920761 0.347810328006744 0.344308793544769 0.365985780954361 0.382975488901138 0.394679993391037 0.405712187290192
0.434917807579041 0.433509916067123 0.422127991914749 0.410330891609192 0.404783964157104 0.408708959817886 0.39902600646019 0.374841153621674 0.379466265439987 0.3858283162117 0.387923657894135 0.379897445440292 0.369644671678543 0.372864633798599 0.373690724372864 0.382650792598724 0.376937240362167 0.384530544281006 0.416503697633743 0.414784342050552 0.401250272989273 0.394156903028488 0.38937383890152 0.38609391450882 0.387285262346268 0.386344224214554 0.392130851745605 0.381084799766541 0.38899752497673 0.397791743278503 0.409661889076233 0.410588622093201 0.380264818668365 0.368782967329025 0.378645926713943 0.377717286348343 0.387102484703064 0.402507275342941 0.387866318225861 0.380292624235153 0.370200663805008 0.366624504327774 0.377996772527695 0.375083208084106 0.380798667669296 0.390603184700012 0.403073161840439
0.415473520755768 0.414705038070679 0.413580745458603 0.406422883272171 0.401207149028778 0.400541484355927 0.38373526930809 0.363349884748459 0.361641645431519 0.360110968351364 0.368086040019989 0.374657392501831 0.374318510293961 0.36281156539917 0.353965938091278 0.358280122280121 0.364021211862564 0.373487561941147 0.376987099647522 0.38198521733284 0.367828905582428 0.361173450946808 0.359911918640137 0.364945858716965 0.382050096988678 0.367235898971558 0.35413259267807 0.363421022891998 0.379408448934555 0.379727303981781 0.37248283624649 0.383101284503937 0.371436238288879 0.349129468202591 0.360625445842743 0.380863964557648 0.368311315774918 0.351858645677567 0.36581027507782 0.388004392385483 0.38672736287117 0.392198592424393 0.41096705198288 0.399556189775467 0.408105313777924 0.423254579305649 0.424556940793991
0.396819263696671 0.388597011566162 0.393883883953094 0.398792922496796 0.395357847213745 0.380975157022476 0.368422418832779 0.373986691236496 0.38403257727623 0.371218740940094 0.360178023576736 0.364004015922546 0.367700338363647 0.357255846261978 0.346833348274231 0.338569611310959 0.334453195333481 0.363169729709625 0.367016464471817 0.355263471603394 0.337515205144882 0.329002350568771 0.33666917681694 0.345002055168152 0.348965227603912 0.357933014631271 0.350010424852371 0.360506564378738 0.355503141880035 0.358161747455597 0.356928259134293 0.362453579902649 0.369597405195236 0.363506108522415 0.360248297452927 0.367601156234741 0.356002569198608 0.350191622972488 0.385239630937576 0.41337251663208 0.405943870544434 0.397333234548569 0.422559916973114 0.429025918245316 0.434177696704865 0.442838460206985 0.435224145650864
0.375167816877365 0.370393604040146 0.378580629825592 0.375749140977859 0.375582337379456 0.378146052360535 0.367509841918945 0.383715450763702 0.400166392326355 0.379993200302124 0.356111466884613 0.354355275630951 0.357386589050293 0.357954025268555 0.355602830648422 0.355631053447723 0.370023280382156 0.381974041461945 0.377304285764694 0.357597261667252 0.349837571382523 0.345201969146729 0.348266661167145 0.353664577007294 0.353783786296844 0.376576840877533 0.374298870563507 0.365630567073822 0.364424139261246 0.369550406932831 0.382004261016846 0.374355882406235 0.364581316709518 0.37305673956871 0.373169094324112 0.378412336111069 0.380358219146729 0.388840764760971 0.408243894577026 0.434632271528244 0.431195586919785 0.432520478963852 0.434398889541626 0.42982542514801 0.432432472705841 0.438903748989105 0.427669674158096
0.354295045137405 0.34277132153511 0.350829392671585 0.353031039237976 0.363551914691925 0.375786304473877 0.361343264579773 0.362324744462967 0.35585281252861 0.336332082748413 0.339881837368011 0.350673824548721 0.35386860370636 0.360824912786484 0.366115123033524 0.37242802977562 0.38455805182457 0.377572625875473 0.386880159378052 0.365497916936874 0.346398442983627 0.362113952636719 0.376451909542084 0.378779709339142 0.378574043512344 0.359047561883926 0.36133873462677 0.376639604568481 0.389287918806076 0.402209281921387 0.41778501868248 0.400984585285187 0.379542469978333 0.384452849626541 0.41533488035202 0.420831263065338 0.411031424999237 0.434320747852325 0.415678411722183 0.411494731903076 0.433875203132629 0.444663375616074 0.434624582529068 0.420855492353439 0.42503035068512 0.438663184642792 0.421652019023895
0.351506501436234 0.340744853019714 0.34495735168457 0.347429096698761 0.344776809215546 0.348617643117905 0.359553694725037 0.374091982841492 0.34354555606842 0.329890459775925 0.352926045656204 0.369025766849518 0.363491296768188 0.354410231113434 0.361598134040833 0.37830525636673 0.378248155117035 0.375534564256668 0.37282794713974 0.38589084148407 0.39605775475502 0.393909752368927 0.395924597978592 0.383697360754013 0.392782062292099 0.396054744720459 0.383973807096481 0.404448986053467 0.418465614318848 0.421045333147049 0.417063117027283 0.39572611451149 0.395371615886688 0.404371708631516 0.435348331928253 0.444344639778137 0.444745540618896 0.471375405788422 0.443475663661957 0.426261723041534 0.442876994609833 0.448965102434158 0.44807755947113 0.439482390880585 0.441447824239731 0.449641227722168 0.441196143627167
0.336749255657196 0.350643396377563 0.360109746456146 0.355336010456085 0.352221459150314 0.344221442937851 0.362971872091293 0.381491214036942 0.365491539239883 0.362330853939056 0.376872956752777 0.377197533845901 0.375259667634964 0.361514657735825 0.374804973602295 0.406613051891327 0.405920296907425 0.401249408721924 0.396244049072266 0.409540235996246 0.428709357976913 0.410430461168289 0.387483507394791 0.390381336212158 0.407717168331146 0.423356711864471 0.414701581001282 0.424436271190643 0.434143960475922 0.417598128318787 0.404733121395111 0.409377157688141 0.403440237045288 0.402126669883728 0.429445117712021 0.45300966501236 0.461217790842056 0.471527576446533 0.46226292848587 0.455575704574585 0.462618470191956 0.458035886287689 0.457252889871597 0.463995575904846 0.450995057821274 0.450293987989426 0.466395914554596
0.342846989631653 0.357346892356873 0.363727986812592 0.359703749418259 0.366528958082199 0.367311745882034 0.372623652219772 0.375708758831024 0.380788534879684 0.382294893264771 0.368428200483322 0.369969606399536 0.384180188179016 0.398970425128937 0.407929509878159 0.415103644132614 0.413130909204483 0.413854330778122 0.410638123750687 0.391938507556915 0.391085505485535 0.404308885335922 0.401395320892334 0.397994220256805 0.407582372426987 0.427151143550873 0.429312735795975 0.424239963293076 0.425793677568436 0.412445038557053 0.409562259912491 0.422668606042862 0.406651824712753 0.408392608165741 0.437755912542343 0.456530123949051 0.452711254358292 0.457424074411392 0.461246401071548 0.455276966094971 0.464378088712692 0.456945866346359 0.45223131775856 0.456678509712219 0.445567935705185 0.447214096784592 -3.4e+38
0.380522161722183 0.394878715276718 0.394924491643906 0.384977996349335 0.398072570562363 0.405625730752945 0.399565279483795 0.382511228322983 0.382359474897385 0.389514654874802 0.379619359970093 0.37614119052887 0.392219722270966 0.411464869976044 0.401527106761932 0.40030500292778 0.413194090127945 0.412901401519775 0.418062478303909 0.417577683925629 0.413685619831085 0.417992055416107 0.411835342645645 0.401284247636795 0.406113415956497 0.422408282756805 0.420800089836121 0.415132731199265 0.43090409040451 0.435313642024994 0.43463534116745 0.441109120845795 0.433890998363495 0.443987727165222 0.447334259748459 0.441273868083954 0.446001321077347 0.446067333221436 0.442652076482773 0.439261853694916 0.451844066381454 0.443774074316025 -3.4e+38 -3.4e+38 -3.4e+38 -3.4e+38 -3.4e+38
0.400064200162888 0.418595433235168 0.418700784444809 0.421123474836349 0.427917152643204 0.431556642055511 0.417668104171753 0.394109904766083 0.389880269765854 0.406794339418411 0.411135017871857 0.401104807853699 0.394690603017807 0.403062224388123 0.411321103572845 0.414299517869949 0.429958462715149 0.43969801068306 0.431206881999969 0.42932453751564 0.44143208861351 0.435725122690201 0.424097687005997 0.413074225187302 0.406801551580429 0.412289470434189 0.4297014772892 0.439553767442703 0.445084661245346 0.442414700984955 0.448500901460648 0.450551778078079 0.444353938102722 0.457813680171967 0.433763712644577 -3.4e+38 -3.4e+38 -3.4e+38 -3.4e+38 -3.4e+38 -3.4e+38 -3.4e+38 -3.4e+38 -3.4e+38 -3.4e+38 -3.4e+38 -3.4e+38
0.420844823122025 0.429555505514145 0.434624046087265 0.453799456357956 0.449277490377426 0.432489931583405 0.425640970468521 0.422000050544739 0.423122882843018 0.434451222419739 0.436540544033051 0.433256417512894 0.432656675577164 0.434366643428802 0.450658828020096 0.448575854301453 0.446054905653 0.451365619897842 0.44657775759697 0.445389956235886 0.453307151794434 0.451396346092224 0.447313398122787 0.412360787391663 0.404815465211868 0.432556092739105 0.450160503387451 0.454570353031158 -3.4e+38 -3.4e+38 -3.4e+38 -3.4e+38 -3.4e+38 -3.4e+38 -3.4e+38 -3.4e+38 -3.4e+38 -3.4e+38 -3.4e+38 -3.4e+38 -3.4e+38 -3.4e+38 -3.4e+38 -3.4e+38 -3.4e+38 -3.4e+38 -3.4e+38
0.432177364826202 0.444990783929825 0.445172786712646 0.434176057577133 0.435550570487976 0.440408557653427 0.436410188674927 0.433262586593628 0.441116333007812 0.451736122369766 0.449120193719864 0.441112875938416 0.442335456609726 0.444176703691483 0.454082787036896 0.458920001983643 0.447033554315567 -3.4e+38 -3.4e+38 -3.4e+38 -3.4e+38 -3.4e+38 -3.4e+38 -3.4e+38 -3.4e+38 -3.4e+38 -3.4e+38 -3.4e+38 -3.4e+38 -3.4e+38 -3.4e+38 -3.4e+38 -3.4e+38 -3.4e+38 -3.4e+38 -3.4e+38 -3.4e+38 -3.4e+38 -3.4e+38 -3.4e+38 -3.4e+38 -3.4e+38 -3.4e+38 -3.4e+38 -3.4e+38 -3.4e+38 -3.4e+38
0.423364490270615 0.420549392700195 0.416744470596313 0.415515750646591 0.430449277162552 0.445927292108536 -3.4e+38 -3.4e+38 -3.4e+38 -3.4e+38 -3.4e+38 -3.4e+38 -3.4e+38 -3.4e+38 -3.4e+38 -3.4e+38 -3.4e+38 -3.4e+38 -3.4e+38 -3.4e+38 -3.4e+38 -3.4e+38 -3.4e+38 -3.4e+38 -3.4e+38 -3.4e+38 -3.4e+38 -3.4e+38 -3.4e+38 -3.4e+38 -3.4e+38 -3.4e+38 -3.4e+38 -3.4e+38 -3.4e+38 -3.4e+38 -3.4e+38 -3.4e+38 -3.4e+38 -3.4e+38 -3.4e+38 -3.4e+38 -3.4e+38 -3.4e+38 -3.4e+38 -3.4e+38 -3.4e+38
0.413419812917709 0.397411555051804 -3.4e+38 -3.4e+38 -3.4e+38 -3.4e+38 -3.4e+38 -3.4e+38 -3.4e+38 -3.4e+38 -3.4e+38 -3.4e+38 -3.4e+38 -3.4e+38 -3.4e+38 -3.4e+38 -3.4e+38 -3.4e+38 -3.4e+38 -3.4e+38 -3.4e+38 -3.4e+38 -3.4e+38 -3.4e+38 -3.4e+38 -3.4e+38 -3.4e+38 -3.4e+38 -3.4e+38 -3.4e+38 -3.4e+38 -3.4e+38 -3.4e+38 -3.4e+38 -3.4e+38 -3.4e+38 -3.4e+38 -3.4e+38 -3.4e+38 -3.4e+38 -3.4e+38 -3.4e+38 -3.4e+38 -3.4e+38 -3.4e+38 -3.4e+38 -3.4e+38
