data/trimmed_ndre/Od_ndre.75.2011_no_clouds.asc
NCOLS 144 
NROWS 65 
XLLCORNER 512965 
YLLCORNER 5150865 
CELLSIZE 5 
NODATA_value -3.4e+38 
[rows 21 to 41 of 65, columns 94 to 140 of 144]
0.467088788747787 0.469174832105637 0.460773408412933 0.43035027384758 0.433943718671799 0.457730710506439 0.475170314311981 0.498186260461807 0.514369368553162 0.525472581386566 0.519444108009338 0.490768492221832 0.462248206138611 0.453197509050369 0.463753551244736 0.474942862987518 0.467442810535431 0.444036424160004 0.434312999248505 0.421048820018768 0.447076350450516 0.485546946525574 0.5127934217453 0.548819541931152 0.549038410186768 0.530412316322327 0.523973047733307 0.526161909103394 0.53897625207901 0.557777106761932 0.588292956352234 0.58832323551178 0.587433159351349 0.598057329654694 0.600127816200256 -3.4e+38 -3.4e+38 -3.4e+38 -3.4e+38 -3.4e+38 -3.4e+38 -3.4e+38 -3.4e+38 -3.4e+38 -3.4e+38 -3.4e+38 -3.4e+38
0.430857092142105 0.435457944869995 0.43423855304718 0.419195890426636 0.427279621362686 0.455759137868881 0.476776301860809 0.478657394647598 0.492696136236191 0.509991347789764 0.501157641410828 0.469464153051376 0.46357524394989 0.470778077840805 0.481292486190796 0.482965081930161 0.484770774841309 0.475231170654297 0.470851510763168 0.477378398180008 0.506931245326996 0.521621942520142 0.533541262149811 0.563475072383881 0.576754510402679 0.569606363773346 0.535037994384766 0.497557789087296 0.497549533843994 0.515958487987518 0.536150753498077 0.541430652141571 0.536181092262268 0.567378461360931 0.599492788314819 0.585015654563904 0.586637198925018 -3.4e+38 -3.4e+38 -3.4e+38 -3.4e+38 -3.4e+38 -3.4e+38 -3.4e+38 -3.4e+38 -3.4e+38 -3.4e+38
0.429319649934769 0.430899053812027 0.435358643531799 0.438797503709793 0.44524273276329 0.450986176729202 0.474875599145889 0.473013669252396 0.467090278863907 0.475988388061523 0.479522585868835 0.472940266132355 0.475544840097427 0.484297156333923 0.492638438940048 0.489307910203934 0.485424011945724 0.475247502326965 0.479692816734314 0.514416098594666 0.55405580997467 0.564177453517914 0.566193282604218 0.569525241851807 0.576263904571533 0.597814083099365 0.584310829639435 0.53713995218277 0.507462501525879 0.512324929237366 0.524818956851959 0.524569809436798 0.504784882068634 0.552477896213531 0.60557496547699 0.588297724723816 0.585886597633362 0.592133939266205 -3.4e+38 -3.4e+38 -3.4e+38 -3.4e+38 -3.4e+38 -3.4e+38 -3.4e+38 -3.4e+38 -3.4e+38
0.448054015636444 0.442441374063492 0.443465083837509 0.463267296552658 0.474498927593231 0.471356451511383 0.489561825990677 0.497346222400665 0.475552380084991 0.456758737564087 0.445494383573532 0.445771515369415 0.466020941734314 0.482081055641174 0.484502971172333 0.473562598228455 0.459920585155487 0.475692480802536 0.520147144794464 0.567832946777344 0.594454169273376 0.606268167495728 0.621938347816467 0.609418213367462 0.588752567768097 0.591390311717987 0.605192244052887 0.584710240364075 0.546940863132477 0.53261125087738 0.522472381591797 0.519949376583099 0.515053570270538 0.539078414440155 0.577876627445221 0.582186341285706 0.580230832099915 0.587145805358887 0.596707701683044 -3.4e+38 -3.4e+38 -3.4e+38 -3.4e+38 -3.4e+38 -3.4e+38 -3.4e+38 -3.4e+38
0.459785580635071 0.460270494222641 0.462515980005264 0.502793908119202 0.517189919948578 0.507564783096313 0.52393651008606 0.543853521347046 0.518889486789703 0.462754666805267 0.435856342315674 0.433330327272415 0.468433648347855 0.493637949228287 0.478494822978973 0.476544916629791 0.480284929275513 0.507786750793457 0.562329232692719 0.612201690673828 0.630088448524475 0.63522744178772 0.635857284069061 0.627817451953888 0.610478639602661 0.602365076541901 0.606692492961884 0.589174926280975 0.555742263793945 0.532263100147247 0.511344313621521 0.500227451324463 0.501280248165131 0.509851157665253 0.540331602096558 0.566599905490875 0.563491880893707 0.574995577335358 0.613546550273895 -3.4e+38 -3.4e+38 -3.4e+38 -3.4e+38 -3.4e+38 -3.4e+38 -3.4e+38 -3.4e+38
0.495258510112762 0.524095118045807 0.527499318122864 0.54904043674469 0.557713508605957 0.544228732585907 0.539388239383698 0.540638864040375 0.532287359237671 0.499620944261551 0.480980336666107 0.479063004255295 0.496450573205948 0.497760862112045 0.474899560213089 0.498727172613144 0.526605188846588 0.542621672153473 0.573626279830933 0.598402321338654 0.622758626937866 0.63364714384079 0.634530246257782 0.642351090908051 0.637562274932861 0.624428331851959 0.613094508647919 0.581827759742737 0.519979655742645 0.478548586368561 0.474653333425522 0.473624855279922 0.4782694876194 0.48699939250946 0.518011808395386 0.533915221691132 0.535089492797852 0.561853587627411 0.592239260673523 0.598422527313232 -3.4e+38 -3.4e+38 -3.4e+38 -3.4e+38 -3.4e+38 -3.4e+38 -3.4e+38
0.560989856719971 0.599417924880981 0.60237318277359 0.597386419773102 0.598748981952667 0.567473351955414 0.535367488861084 0.52969628572464 0.535077154636383 0.536649405956268 0.528359413146973 0.523328006267548 0.522391498088837 0.514494001865387 0.498306006193161 0.512397766113281 0.53015124797821 0.556481838226318 0.593640506267548 0.619309067726135 0.635605156421661 0.644584178924561 0.651257991790771 0.658587336540222 0.650342285633087 0.621132552623749 0.589870274066925 0.556400179862976 0.490632742643356 0.441866457462311 0.460881143808365 0.470135241746902 0.469147920608521 0.48845836520195 0.519718766212463 0.537641644477844 0.537367880344391 0.548840999603271 0.564220607280731 0.585487484931946 0.591594934463501 -3.4e+38 -3.4e+38 -3.4e+38 -3.4e+38 -3.4e+38 -3.4e+38
0.599229395389557 0.615535378456116 0.614531993865967 0.603344440460205 0.592565417289734 0.569017946720123 0.533298850059509 0.521500289440155 0.519313633441925 0.525700807571411 0.522864460945129 0.505688011646271 0.504412293434143 0.533529222011566 0.535567045211792 0.516397476196289 0.514717757701874 0.542136371135712 0.585269629955292 0.622893929481506 0.650521636009216 0.656828045845032 0.653159856796265 0.646243751049042 0.633416771888733 0.614962995052338 0.58554071187973 0.553031504154205 0.511024296283722 0.476004421710968 0.474723607301712 0.477208077907562 0.4784996509552 0.508578360080719 0.539131999015808 0.566110670566559 0.558763384819031 0.550747394561768 0.564784049987793 0.579387485980988 0.597005188465118 0.600298643112183 -3.4e+38 -3.4e+38 -3.4e+38 -3.4e+38 -3.4e+38
0.609001040458679 0.61342442035675 0.613403975963593 0.598690986633301 0.577154874801636 0.562860190868378 0.526017487049103 0.509539604187012 0.523812294006348 0.526215136051178 0.508863627910614 0.490782707929611 0.510698616504669 0.556162476539612 0.559735000133514 0.517477214336395 0.500070154666901 0.537234544754028 0.572171628475189 0.607178866863251 0.639707505702972 0.641109764575958 0.633078277111053 0.628910779953003 0.62628036737442 0.623283624649048 0.609105408191681 0.572634994983673 0.534276247024536 0.496622771024704 0.481688290834427 0.490773558616638 0.504201710224152 0.530533850193024 0.550375282764435 0.57001131772995 0.572287261486053 0.559574782848358 0.562201082706451 0.576054573059082 0.603687345981598 0.607370972633362 0.59782475233078 -3.4e+38 -3.4e+38 -3.4e+38 -3.4e+38
0.605576932430267 0.617976665496826 0.630342304706573 0.613213300704956 0.574970543384552 0.544976234436035 0.530026316642761 0.520655989646912 0.512278735637665 0.500727951526642 0.498472571372986 0.51625519990921 0.557378351688385 0.582377970218658 0.562425673007965 0.513022363185883 0.49967235326767 0.548967659473419 0.568648219108582 0.591233611106873 0.616180658340454 0.615693271160126 0.607262134552002 0.61446088552475 0.63252991437912 0.636169373989105 0.62320750951767 0.584507465362549 0.542134881019592 0.515464186668396 0.498255491256714 0.507065832614899 0.523165047168732 0.544699728488922 0.529873132705688 0.532499015331268 0.571673512458801 0.560680389404297 0.551950395107269 0.574870705604553 0.59988409280777 0.596217513084412 0.589543163776398 0.59760195016861 -3.4e+38 -3.4e+38 -3.4e+38
0.628325760364532 0.639628350734711 0.635449409484863 0.613442420959473 0.569715976715088 0.5235515832901 0.506449460983276 0.490245074033737 0.461570203304291 0.456865936517715 0.488402634859085 0.536993503570557 0.574162244796753 0.572468042373657 0.551228165626526 0.535844206809998 0.535967350006104 0.563829123973846 0.572187185287476 0.586408197879791 0.603596448898315 0.604344189167023 0.603539764881134 0.610138773918152 0.624336421489716 0.625958025455475 0.618237376213074 0.592897295951843 0.553937137126923 0.534443497657776 0.514755845069885 0.505493879318237 0.515626013278961 0.535168766975403 0.526398777961731 0.525245308876038 0.560152947902679 0.549038946628571 0.551658093929291 0.573250353336334 0.585226058959961 0.574833452701569 0.580947816371918 0.598185956478119 0.590341031551361 -3.4e+38 -3.4e+38
0.646862864494324 0.64379495382309 0.626347541809082 0.613687634468079 0.582944095134735 0.524789273738861 0.476386457681656 0.450223922729492 0.431308925151825 0.434100747108459 0.476149559020996 0.526698648929596 0.55114483833313 0.546523571014404 0.554439902305603 0.574156403541565 0.581229388713837 0.586856126785278 0.584574699401855 0.585966825485229 0.591855466365814 0.605812549591064 0.617780685424805 0.620356738567352 0.624985218048096 0.620275676250458 0.609142124652863 0.595510840415955 0.562934339046478 0.53186970949173 0.516138553619385 0.519253194332123 0.529049456119537 0.539308190345764 0.550095736980438 0.543375968933105 0.546192586421967 0.556140422821045 0.570606887340546 0.582322478294373 0.575453102588654 0.561918675899506 0.571294605731964 0.592409670352936 0.586021602153778 0.573543727397919 -3.4e+38
0.638247668743134 0.622080266475677 0.609078884124756 0.602619349956512 0.577302932739258 0.520611763000488 0.463270604610443 0.443504482507706 0.44431459903717 0.438959985971451 0.466591864824295 0.514852106571198 0.540721714496613 0.551000773906708 0.576316833496094 0.599499523639679 0.593056917190552 0.600459277629852 0.605617523193359 0.588636159896851 0.579897224903107 0.591754138469696 0.607627272605896 0.609320402145386 0.617786049842834 0.6209636926651 0.604984998703003 0.577507197856903 0.55090057849884 0.505522310733795 0.483984857797623 0.505908727645874 0.532053649425507 0.55209755897522 0.567793905735016 0.556933760643005 0.559898197650909 0.571007311344147 0.568942427635193 0.579631805419922 0.573332786560059 0.566511511802673 0.582459986209869 0.591616988182068 0.584908306598663 0.580502867698669 0.604208648204803
0.632239043712616 0.618411481380463 0.615959703922272 0.597080707550049 0.548470914363861 0.496727377176285 0.459986537694931 0.451787292957306 0.459455579519272 0.450429797172546 0.467604905366898 0.51957106590271 0.564842164516449 0.589507102966309 0.603366434574127 0.610925018787384 0.603117525577545 0.616677939891815 0.623172163963318 0.59670090675354 0.574212729930878 0.572615385055542 0.580973207950592 0.585084915161133 0.591990828514099 0.603845715522766 0.587053298950195 0.546909391880035 0.532655656337738 0.509855151176453 0.510589063167572 0.534730613231659 0.548035800457001 0.571296572685242 0.583799600601196 0.556540548801422 0.555356800556183 0.569185972213745 0.564040899276733 0.572700619697571 0.568640947341919 0.571535408496857 0.596270203590393 0.598217368125916 0.600092172622681 0.601219058036804 0.610797524452209
0.632403552532196 0.630714774131775 0.613100171089172 0.567415595054626 0.508294403553009 0.478345036506653 0.478471666574478 0.472296863794327 0.467490255832672 0.469912171363831 0.494012027978897 0.539311230182648 0.594177484512329 0.614930510520935 0.610550999641418 0.612102329730988 0.614829957485199 0.617888748645782 0.626495480537415 0.611262559890747 0.592320799827576 0.584901690483093 0.572068393230438 0.553238332271576 0.553955078125 0.57681941986084 0.573716104030609 0.548310697078705 0.540423154830933 0.536496102809906 0.55596798658371 0.57802939414978 0.570701956748962 0.568757236003876 0.580088078975677 0.565051376819611 0.555603623390198 0.562644481658936 0.572198390960693 0.573971271514893 0.571698367595673 0.574809968471527 0.592548429965973 0.604846298694611 0.608104288578033 0.600455224514008 0.599455595016479
0.623192846775055 0.622037887573242 0.573630511760712 0.515970289707184 0.484465032815933 0.489265531301498 0.502661526203156 0.497242003679276 0.494627326726913 0.509493470191956 0.532956957817078 0.55073219537735 0.580061852931976 0.597713351249695 0.5946404337883 0.603981196880341 0.603249907493591 0.595495045185089 0.61137455701828 0.613333344459534 0.599177420139313 0.582935452461243 0.558473467826843 0.515255153179169 0.50686240196228 0.540777504444122 0.545434057712555 0.539163827896118 0.542454302310944 0.537395477294922 0.531457126140594 0.556825578212738 0.581905603408813 0.578851222991943 0.574146628379822 0.567956030368805 0.563503205776215 0.55491441488266 0.562339723110199 0.582971572875977 0.584782898426056 0.578886032104492 0.589531302452087 0.609810531139374 0.609977424144745 0.595309853553772 0.585338711738586
0.583584547042847 0.569446265697479 0.528887450695038 0.49876281619072 0.498831242322922 0.518381595611572 0.530386924743652 0.530686020851135 0.538202166557312 0.551369965076447 0.557200968265533 0.556331634521484 0.560516178607941 0.562631607055664 0.562061607837677 0.563804268836975 0.568652927875519 0.577841341495514 0.590033113956451 0.576364934444427 0.557904064655304 0.543341994285583 0.521530628204346 0.465762227773666 0.436957716941833 0.468327224254608 0.492241978645325 0.506195783615112 0.530361771583557 0.553487062454224 0.545791029930115 0.563098132610321 0.593248307704926 0.587561428546906 0.582355856895447 0.558103263378143 0.543862521648407 0.551014542579651 0.562477350234985 0.58904755115509 0.599690735340118 0.58445543050766 0.593320310115814 0.613889753818512 0.614952981472015 0.592176675796509 0.57882958650589
0.532745659351349 0.518881022930145 0.500899195671082 0.500260591506958 0.51119464635849 0.545537114143372 0.570911288261414 0.573440551757812 0.579240202903748 0.578499138355255 0.574660778045654 0.577524840831757 0.579631924629211 0.560865044593811 0.556039452552795 0.563683927059174 0.551906764507294 0.533022463321686 0.52970689535141 0.522718667984009 0.505409777164459 0.503216326236725 0.492793679237366 0.45333132147789 0.437732398509979 0.453220397233963 0.4688900411129 0.505364835262299 0.542183458805084 0.547607004642487 0.542812705039978 0.570906341075897 0.591795921325684 0.58982789516449 0.616783559322357 0.609142780303955 0.568291902542114 0.55640983581543 0.559412062168121 0.590680003166199 0.606697499752045 0.591951549053192 0.601657450199127 0.618368327617645 0.616475760936737 0.597672283649445 -3.4e+38
0.483545064926147 0.473740309476852 0.478384852409363 0.514381945133209 0.540404379367828 0.567996561527252 0.591396868228912 0.60518616437912 0.613172829151154 0.60552716255188 0.602140009403229 0.595474720001221 0.58067661523819 0.553450882434845 0.551594376564026 0.549215018749237 0.50320428609848 0.430437594652176 0.439528673887253 0.493723601102829 0.493140697479248 0.488147169351578 0.482926875352859 0.473431885242462 0.484593152999878 0.496327459812164 0.506172716617584 0.533658444881439 0.550020158290863 0.552130877971649 0.555887877941132 0.579750776290894 0.596042156219482 0.59159642457962 0.602718770503998 0.602689206600189 0.583579540252686 0.566279888153076 0.566439628601074 0.583763062953949 0.599915623664856 0.598173320293427 0.608310878276825 0.618079543113708 -3.4e+38 -3.4e+38 -3.4e+38
0.478937894105911 0.485045433044434 0.500103890895844 0.545356035232544 0.574171602725983 0.58205109834671 0.592523276805878 0.603505849838257 0.610284268856049 0.607323467731476 0.610689520835876 0.607343316078186 0.579728722572327 0.541518926620483 0.544538795948029 0.516178488731384 0.44566684961319 0.381552845239639 0.390969961881638 0.450848162174225 0.461169838905334 0.473727911710739 0.497272163629532 0.511408746242523 0.509478449821472 0.51158195734024 0.532655656337738 0.558419644832611 0.576318979263306 0.585740804672241 0.581587553024292 0.580949604511261 0.582195580005646 0.578815579414368 0.576537549495697 0.575145363807678 0.577313721179962 0.578518748283386 0.577063798904419 0.575733065605164 0.590134501457214 0.600332200527191 -3.4e+38 -3.4e+38 -3.4e+38 -3.4e+38 -3.4e+38
0.53964775800705 0.541047632694244 0.548390924930573 0.559718310832977 0.579788088798523 0.584958970546722 0.578597128391266 0.578433632850647 0.578814208507538 0.58304500579834 0.599196374416351 0.611951291561127 0.591698884963989 0.55590957403183 0.556214869022369 0.504816651344299 0.413477629423141 0.368015706539154 0.381211549043655 0.419983357191086 0.450647950172424 0.479596942663193 0.523448765277863 0.550086200237274 0.544902265071869 0.54540878534317 0.559894979000092 0.58564293384552 0.596937954425812 0.597650170326233 0.591905891895294 0.574241101741791 0.564452588558197 0.565662741661072 0.573673248291016 0.584212064743042 0.591866075992584 0.599442064762115 0.589427173137665 0.572650492191315 -3.4e+38 -3.4e+38 -3.4e+38 -3.4e+38 -3.4e+38 -3.4e+38 -3.4e+38
