data/trimmed_ndre/Od_ndre.728.2009_no_clouds.asc
NCOLS 144 
NROWS 65 
XLLCORNER 512965 
YLLCORNER 5150865 
CELLSIZE 5 
NODATA_value -3.4e+38 
[rows 21 to 41 of 65, columns 94 to 140 of 144]
0.190201088786125 0.188515186309814 0.19032795727253 0.195294931530952 0.202612236142159 0.198098793625832 0.190564095973969 0.195537269115448 0.194799214601517 0.19279533624649 0.193082332611084 0.192586824297905 0.185427531599998 0.178287610411644 0.17466114461422 0.172233656048775 0.189138323068619 0.198899164795876 0.196102395653725 0.212001800537109 0.202909603714943 0.19151172041893 0.188015073537827 0.186528116464615 0.191522315144539 0.194988265633583 0.169971615076065 0.183207228779793 0.223624438047409 0.229867354035378 0.244231298565865 0.255114048719406 0.271139293909073 0.300553470849991 0.317615658044815 -3.4e+38 -3.4e+38 -3.4e+38 -3.4e+38 -3.4e+38 -3.4e+38 -3.4e+38 -3.4e+38 -3.4e+38 -3.4e+38 -3.4e+38 -3.4e+38
0.171999499201775 0.183471515774727 0.206815227866173 0.205378085374832 0.208649471402168 0.204381555318832 0.192656725645065 0.197854712605476 0.206192761659622 0.196455374360085 0.181587353348732 0.175310343503952 0.18307389318943 0.198266297578812 0.195175886154175 0.177813336253166 0.184689164161682 0.196549609303474 0.215329229831696 0.232757076621056 0.237112134695053 0.229406103491783 0.217599928379059 0.212804913520813 0.200579434633255 0.183370023965836 0.173066854476929 0.187310695648193 0.21592852473259 0.212936595082283 0.238959282636642 0.263554304838181 0.266855776309967 0.285058230161667 0.313887447118759 0.313362091779709 0.313915580511093 -3.4e+38 -3.4e+38 -3.4e+38 -3.4e+38 -3.4e+38 -3.4e+38 -3.4e+38 -3.4e+38 -3.4e+38 -3.4e+38
0.178375437855721 0.186359584331512 0.216057300567627 0.210161685943604 0.20905227959156 0.220668375492096 0.203801468014717 0.19365881383419 0.198266118764877 0.192397639155388 0.180913642048836 0.167739436030388 0.170702993869781 0.18782140314579 0.192313313484192 0.193876013159752 0.225084140896797 0.233216151595116 0.231615498661995 0.269116222858429 0.300861060619354 0.288212090730667 0.270011514425278 0.257092148065567 0.222853347659111 0.200284481048584 0.204149946570396 0.196706056594849 0.197224885225296 0.201205506920815 0.224462106823921 0.256448984146118 0.258063286542892 0.263792157173157 0.283709913492203 0.29283943772316 0.291363388299942 0.296148329973221 -3.4e+38 -3.4e+38 -3.4e+38 -3.4e+38 -3.4e+38 -3.4e+38 -3.4e+38 -3.4e+38 -3.4e+38
0.186022028326988 0.200331062078476 0.221349909901619 0.228315472602844 0.219233989715576 0.217973172664642 0.211698025465012 0.195795074105263 0.187965705990791 0.186119869351387 0.178302183747292 0.164724215865135 0.165763527154922 0.179312780499458 0.186831369996071 0.202985271811485 0.224804878234863 0.259571433067322 0.283845454454422 0.324509650468826 0.359760850667953 0.343015193939209 0.306301325559616 0.292006611824036 0.259678989648819 0.24534198641777 0.235549062490463 0.210321336984634 0.195446372032166 0.199762880802155 0.222146406769753 0.245359376072884 0.247949823737144 0.255003213882446 0.267493367195129 0.283949673175812 0.297814100980759 0.299682706594467 0.312866389751434 -3.4e+38 -3.4e+38 -3.4e+38 -3.4e+38 -3.4e+38 -3.4e+38 -3.4e+38 -3.4e+38
0.208473116159439 0.235003024339676 0.233443766832352 0.21874113380909 0.215146690607071 0.216870829463005 0.216611132025719 0.203583061695099 0.184930935502052 0.176538676023483 0.176655560731888 0.175867825746536 0.183667287230492 0.200479492545128 0.189878180623055 0.197046026587486 0.242259755730629 0.304688721895218 0.347550302743912 0.365939646959305 0.37888315320015 0.376930356025696 0.348228693008423 0.329137831926346 0.314272612333298 0.291802287101746 0.270996600389481 0.229180529713631 0.207364290952682 0.216379970312119 0.227982401847839 0.231992304325104 0.236490115523338 0.253276705741882 0.260445475578308 0.266262173652649 0.284210383892059 0.300197809934616 0.306839555501938 -3.4e+38 -3.4e+38 -3.4e+38 -3.4e+38 -3.4e+38 -3.4e+38 -3.4e+38 -3.4e+38
0.240561574697495 0.260836839675903 0.243354544043541 0.234870806336403 0.237724259495735 0.228805899620056 0.213422834873199 0.19747968018055 0.178536117076874 0.172875553369522 0.176926255226135 0.185408726334572 0.185809850692749 0.187833577394485 0.193637371063232 0.205756276845932 0.26700234413147 0.335874021053314 0.379407852888107 0.401087790727615 0.423406451940536 0.428495705127716 0.394490838050842 0.374343872070312 0.361042976379395 0.317235231399536 0.290683656930923 0.247088253498077 0.224281400442123 0.234077483415604 0.225347355008125 0.220519363880157 0.222773030400276 0.24124963581562 0.249132499098778 0.239768773317337 0.239287674427032 0.268333464860916 0.300605833530426 0.291800171136856 -3.4e+38 -3.4e+38 -3.4e+38 -3.4e+38 -3.4e+38 -3.4e+38 -3.4e+38
0.265018939971924 0.295820772647858 0.290520817041397 0.286602973937988 0.266946345567703 0.225986197590828 0.204201921820641 0.192870691418648 0.187636494636536 0.183573842048645 0.176485553383827 0.175350025296211 0.181842133402824 0.187862277030945 0.210062861442566 0.232259333133698 0.282525241374969 0.351872473955154 0.396386921405792 0.425559967756271 0.446295022964478 0.448860287666321 0.432562857866287 0.422236889600754 0.398168176412582 0.347589790821075 0.311714589595795 0.263123750686646 0.242723375558853 0.233352944254875 0.205446094274521 0.206825867295265 0.224447354674339 0.231474235653877 0.235235199332237 0.24586521089077 0.258123636245728 0.265198588371277 0.284891486167908 0.278305381536484 0.28313884139061 -3.4e+38 -3.4e+38 -3.4e+38 -3.4e+38 -3.4e+38 -3.4e+38
0.303756058216095 0.340320318937302 0.334439873695374 0.31067419052124 0.28166538476944 0.231041088700294 0.203201413154602 0.202491506934166 0.204264387488365 0.198463872075081 0.188058063387871 0.185795307159424 0.197234243154526 0.205369412899017 0.226729497313499 0.263031184673309 0.30086761713028 0.349978089332581 0.404484778642654 0.433474123477936 0.428773611783981 0.444886118173599 0.441927969455719 0.43204590678215 0.405515313148499 0.363447815179825 0.316211342811584 0.259707242250443 0.233605250716209 0.216016054153442 0.197043165564537 0.209306493401527 0.23260909318924 0.237965479493141 0.234446674585342 0.237540900707245 0.253791153430939 0.251954227685928 0.253255754709244 0.26495635509491 0.274841248989105 0.285554558038712 -3.4e+38 -3.4e+38 -3.4e+38 -3.4e+38 -3.4e+38
0.353056520223618 0.364544361829758 0.333011746406555 0.294818580150604 0.273032993078232 0.225206136703491 0.197902828454971 0.201506555080414 0.20075398683548 0.202326327562332 0.205620944499969 0.20759479701519 0.221593469381332 0.229088574647903 0.233417540788651 0.259551823139191 0.300852715969086 0.358225464820862 0.417155623435974 0.441401243209839 0.431424558162689 0.442089557647705 0.440801650285721 0.414681881666183 0.396875768899918 0.353670537471771 0.301906228065491 0.267850548028946 0.228720709681511 0.19739080965519 0.202595680952072 0.216386616230011 0.215168625116348 0.212100714445114 0.223650246858597 0.221892416477203 0.231406003236771 0.242899924516678 0.244264170527458 0.252286285161972 0.268642097711563 0.278765052556992 0.292474895715714 -3.4e+38 -3.4e+38 -3.4e+38 -3.4e+38
0.383854627609253 0.37607142329216 0.34243431687355 0.303479582071304 0.281858116388321 0.232961744070053 0.19821386039257 0.191530674695969 0.186078444123268 0.198275104165077 0.21973642706871 0.228975117206573 0.248971536755562 0.255029052495956 0.243771433830261 0.273268848657608 0.327029347419739 0.381496965885162 0.424895823001862 0.459123611450195 0.452415555715561 0.439900606870651 0.431389182806015 0.413198798894882 0.400069147348404 0.344142645597458 0.282688051462173 0.26676994562149 0.23326401412487 0.191030263900757 0.193137422204018 0.211740806698799 0.202139154076576 0.19867379963398 0.225074648857117 0.226126462221146 0.229036867618561 0.239661037921906 0.246039062738419 0.249096781015396 0.260027766227722 0.272511035203934 0.288842588663101 0.304304659366608 -3.4e+38 -3.4e+38 -3.4e+38
0.383648842573166 0.368890047073364 0.331882059574127 0.30708920955658 0.287120878696442 0.250093847513199 0.216655597090721 0.20021553337574 0.191094964742661 0.200887486338615 0.230560481548309 0.254851758480072 0.279864400625229 0.29074501991272 0.293497741222382 0.321574479341507 0.359666526317596 0.397714644670486 0.42187973856926 0.431820899248123 0.42822539806366 0.431925863027573 0.432083576917648 0.421592086553574 0.400340408086777 0.373432874679565 0.323765128850937 0.282107055187225 0.248165562748909 0.204685851931572 0.196736589074135 0.218087956309319 0.210909605026245 0.206755757331848 0.228992253541946 0.237129345536232 0.239886268973351 0.234458893537521 0.244782239198685 0.243935465812683 0.237301036715508 0.266869008541107 0.292509496212006 0.30974417924881 0.301112860441208 -3.4e+38 -3.4e+38
0.378873556852341 0.354033827781677 0.318849146366119 0.292991936206818 0.26984116435051 0.239326655864716 0.211647629737854 0.199680298566818 0.204569593071938 0.213260784745216 0.244469657540321 0.28231605887413 0.311934530735016 0.32445502281189 0.344135135412216 0.359640389680862 0.372082084417343 0.40430822968483 0.420154899358749 0.415168195962906 0.424608826637268 0.449053347110748 0.438367128372192 0.429664611816406 0.421170085668564 0.405783802270889 0.356609851121902 0.295849114656448 0.261094927787781 0.232693091034889 0.206561759114265 0.220363453030586 0.226863384246826 0.215335160493851 0.231030508875847 0.232007220387459 0.236940488219261 0.23014372587204 0.230844959616661 0.242195397615433 0.251210659742355 0.26605212688446 0.278592944145203 0.288041353225708 0.294104486703873 0.290157079696655 -3.4e+38
0.374683558940887 0.350097268819809 0.308297038078308 0.279909580945969 0.243804141879082 0.210245206952095 0.190515756607056 0.18863733112812 0.207634583115578 0.224059894680977 0.253337532281876 0.302180796861649 0.338203936815262 0.354207962751389 0.374963253736496 0.399643748998642 0.407278925180435 0.423010438680649 0.436276972293854 0.433819979429245 0.447080016136169 0.455619990825653 0.43084305524826 0.419624149799347 0.412186682224274 0.38086786866188 0.332090526819229 0.274853855371475 0.236320987343788 0.222507447004318 0.201738804578781 0.216059744358063 0.251165270805359 0.236351758241653 0.238051310181618 0.234567895531654 0.237383425235748 0.234848320484161 0.238343477249146 0.251815289258957 0.263139128684998 0.261552929878235 0.259200841188431 0.265856087207794 0.281854927539825 0.304656982421875 0.309683620929718
0.37007075548172 0.354931116104126 0.30785745382309 0.267157107591629 0.228293374180794 0.196028277277946 0.184256464242935 0.186474576592445 0.203293353319168 0.229742720723152 0.258731663227081 0.316750109195709 0.380629271268845 0.394572556018829 0.410512000322342 0.436341524124146 0.43669119477272 0.44051319360733 0.442172795534134 0.423746377229691 0.419182360172272 0.414658218622208 0.407193928956985 0.399163782596588 0.392279118299484 0.351534843444824 0.291729778051376 0.253391593694687 0.210686728358269 0.201097533106804 0.204241365194321 0.216885313391685 0.25205186009407 0.252303570508957 0.253348290920258 0.245152547955513 0.242531210184097 0.240555241703987 0.235693097114563 0.242622315883636 0.265051305294037 0.262472808361053 0.256409972906113 0.272808879613876 0.28795975446701 0.312200993299484 0.315360963344574
0.351815342903137 0.338377982378006 0.28620371222496 0.244518950581551 0.226229086518288 0.206658959388733 0.197306275367737 0.198613196611404 0.205690562725067 0.241499572992325 0.287467509508133 0.344309628009796 0.402669668197632 0.437721699476242 0.446478366851807 0.450192451477051 0.447874039411545 0.441760540008545 0.439290165901184 0.419907003641129 0.39702445268631 0.371073842048645 0.367278158664703 0.372975200414658 0.389931201934814 0.354372352361679 0.286691159009933 0.250190258026123 0.220371797680855 0.205181464552879 0.21239660680294 0.233064591884613 0.249956429004669 0.25292295217514 0.251975566148758 0.2401093095541 0.244238868355751 0.24603334069252 0.230161055922508 0.234607324004173 0.267533510923386 0.267625480890274 0.266701519489288 0.284982651472092 0.289762884378433 0.300759702920914 0.315197765827179
0.318631768226624 0.307913452386856 0.260649353265762 0.230584323406219 0.220725625753403 0.206323653459549 0.211686715483665 0.235610619187355 0.243646994233131 0.28839173913002 0.351351946592331 0.385987758636475 0.420994699001312 0.446484357118607 0.441647619009018 0.43896672129631 0.455029338598251 0.451741218566895 0.443399786949158 0.417622685432434 0.380354523658752 0.332599639892578 0.302400499582291 0.320576548576355 0.342543035745621 0.326810121536255 0.277846425771713 0.234515085816383 0.222187757492065 0.214376181364059 0.222136721014977 0.249231472611427 0.250795483589172 0.235761538147926 0.233123704791069 0.243628084659576 0.255233645439148 0.244554653763771 0.237901374697685 0.246927544474602 0.266675114631653 0.27288144826889 0.271751552820206 0.282808393239975 0.29043236374855 0.289198517799377 0.287422746419907
0.316392809152603 0.293782651424408 0.265172690153122 0.244453176856041 0.233904212713242 0.22344146668911 0.249696403741837 0.294072210788727 0.309725940227509 0.346990197896957 0.408881902694702 0.435233533382416 0.423204898834229 0.407733500003815 0.40039250254631 0.407144993543625 0.429201275110245 0.420147508382797 0.414752811193466 0.389283120632172 0.346718639135361 0.28404113650322 0.244484305381775 0.247379347681999 0.251279264688492 0.253973603248596 0.254810392856598 0.232261672616005 0.215802416205406 0.213169082999229 0.224033147096634 0.244164779782295 0.248932063579559 0.246926948428154 0.242957025766373 0.251724898815155 0.258015304803848 0.238574013113976 0.237636998295784 0.255135476589203 0.268033891916275 0.268252313137054 0.263914793729782 0.272982686758041 0.289870321750641 0.294126480817795 0.279894292354584
0.355520248413086 0.315972208976746 0.302731484174728 0.294942259788513 0.294148355722427 0.305935561656952 0.321859300136566 0.348917990922928 0.365752905607224 0.399744153022766 0.430158942937851 0.430801659822464 0.390917003154755 0.348772644996643 0.333633810281754 0.32646581530571 0.324867069721222 0.336957812309265 0.350205570459366 0.334438979625702 0.30279552936554 0.264545530080795 0.228504449129105 0.200672298669815 0.198461130261421 0.209308385848999 0.218302801251411 0.218974754214287 0.214319005608559 0.213734462857246 0.234785035252571 0.253753751516342 0.253782868385315 0.255038350820541 0.252894669771194 0.246345102787018 0.250976294279099 0.24463626742363 0.248606562614441 0.262006610631943 0.260987102985382 0.256861358880997 0.253427952528 0.266768783330917 0.281312555074692 0.293491244316101 -3.4e+38
0.422623008489609 0.383296936750412 0.368339270353317 0.385888278484344 0.394991874694824 0.40164378285408 0.39791601896286 0.408496290445328 0.42825710773468 0.443969666957855 0.426434844732285 0.38241571187973 0.334125876426697 0.303922921419144 0.28683078289032 0.253520220518112 0.238158121705055 0.265081137418747 0.299570739269257 0.27429461479187 0.269118964672089 0.264309614896774 0.229880079627037 0.19162255525589 0.184257552027702 0.189500421285629 0.196256250143051 0.211693227291107 0.233184248209 0.238908112049103 0.248319312930107 0.255434811115265 0.25181645154953 0.248619467020035 0.255513876676559 0.256047129631042 0.250370860099792 0.241918221116066 0.25685316324234 0.260972589254379 0.245435208082199 0.258615583181381 0.264720231294632 0.263017922639847 -3.4e+38 -3.4e+38 -3.4e+38
0.438228845596313 0.418840229511261 0.41816970705986 0.458359658718109 0.457971334457397 0.447412222623825 0.451705038547516 0.461526453495026 0.457275629043579 0.456855028867722 0.435612231492996 0.366210639476776 0.296114265918732 0.274726629257202 0.268466681241989 0.236602753400803 0.218944802880287 0.227701634168625 0.227922648191452 0.217512413859367 0.232150033116341 0.23208723962307 0.215506434440613 0.204206004738808 0.203744664788246 0.206719696521759 0.209354594349861 0.218465998768806 0.233517840504646 0.251445114612579 0.256545692682266 0.251375943422318 0.245771050453186 0.248017385601997 0.252572625875473 0.248441711068153 0.24241316318512 0.242028266191483 0.259717762470245 0.263146907091141 0.251646637916565 0.263679295778275 -3.4e+38 -3.4e+38 -3.4e+38 -3.4e+38 -3.4e+38
0.438611567020416 0.438713520765305 0.430973827838898 0.447480231523514 0.460765212774277 0.449540823698044 0.439499974250793 0.434442132711411 0.41153809428215 0.410456985235214 0.422731727361679 0.394950360059738 0.319190979003906 0.268206715583801 0.263157069683075 0.220554634928703 0.189058020710945 0.197115316987038 0.195173650979996 0.195725694298744 0.196125686168671 0.201857894659042 0.208246514201164 0.218807533383369 0.229426145553589 0.234462052583694 0.227515548467636 0.225874975323677 0.230472818017006 0.248092502355576 0.254610389471054 0.24180369079113 0.232395306229591 0.248464956879616 0.257339835166931 0.24192388355732 0.247379988431931 0.257542043924332 0.252332717180252 0.248404771089554 -3.4e+38 -3.4e+38 -3.4e+38 -3.4e+38 -3.4e+38 -3.4e+38 -3.4e+38
