data/trimmed_ndre/Od_ndre.530.2014_no_clouds.asc
NCOLS 144 
NROWS 65 
XLLCORNER 512965 
YLLCORNER 5150865 
CELLSIZE 5 
NODATA_value -3.4e+38 
[rows 21 to 41 of 65, columns 94 to 140 of 144]
0.275034368038177 0.276000142097473 0.275673121213913 0.277423709630966 0.281175047159195 0.291052430868149 0.280043244361877 0.261153370141983 0.26082456111908 0.270351767539978 0.272838413715363 0.262288987636566 0.259958207607269 0.266417950391769 0.274836748838425 0.282426297664642 0.282276451587677 0.294749706983566 0.307965487241745 0.298086643218994 0.29475212097168 0.295548945665359 0.29955118894577 0.306966215372086 0.306256234645844 0.301799476146698 0.29350009560585 0.29537171125412 0.304963290691376 0.319783359766006 0.313911616802216 0.317949205636978 0.329066514968872 0.343373358249664 0.354424297809601 -3.4e+38 -3.4e+38 -3.4e+38 -3.4e+38 -3.4e+38 -3.4e+38 -3.4e+38 -3.4e+38 -3.4e+38 -3.4e+38 -3.4e+38 -3.4e+38
0.277053654193878 0.281120747327805 0.282253921031952 0.277288377285004 0.276432663202286 0.291857093572617 0.283185034990311 0.269444942474365 0.262619107961655 0.262581497430801 0.259763985872269 0.26087161898613 0.267820179462433 0.272969782352448 0.282556027173996 0.292003095149994 0.295607507228851 0.306084752082825 0.312792420387268 0.308336585760117 0.30118802189827 0.298900336027145 0.298515200614929 0.299124956130981 0.288359314203262 0.284118503332138 0.290533572435379 0.307516425848007 0.302532702684402 0.305376589298248 0.311327785253525 0.313774317502975 0.322723805904388 0.336632430553436 0.347029507160187 0.326724469661713 0.328207582235336 -3.4e+38 -3.4e+38 -3.4e+38 -3.4e+38 -3.4e+38 -3.4e+38 -3.4e+38 -3.4e+38 -3.4e+38 -3.4e+38
0.27257513999939 0.277474403381348 0.280297756195068 0.273105025291443 0.272970259189606 0.284670293331146 0.278666228055954 0.271478474140167 0.265182942152023 0.259876519441605 0.247701898217201 0.254214257001877 0.269682139158249 0.276586055755615 0.286232739686966 0.296801835298538 0.306069761514664 0.313282549381256 0.321432888507843 0.317319005727768 0.304046452045441 0.305755108594894 0.302004873752594 0.2986701130867 0.295183688402176 0.28873535990715 0.302868276834488 0.325421422719955 0.313069075345993 0.316486775875092 0.31333863735199 0.300647735595703 0.298818051815033 0.306959390640259 0.307347118854523 0.286637812852859 0.295404374599457 0.305395990610123 -3.4e+38 -3.4e+38 -3.4e+38 -3.4e+38 -3.4e+38 -3.4e+38 -3.4e+38 -3.4e+38 -3.4e+38
0.272438585758209 0.270537525415421 0.263930916786194 0.250736057758331 0.252944499254227 0.263148695230484 0.265670478343964 0.266135573387146 0.260345697402954 0.252453953027725 0.243995532393456 0.263119459152222 0.278707176446915 0.285183817148209 0.296165764331818 0.311029493808746 0.319160938262939 0.318091154098511 0.325818479061127 0.315376609563828 0.301345735788345 0.307995498180389 0.291488736867905 0.287646919488907 0.295552551746368 0.29140567779541 0.306597322225571 0.318423628807068 0.308963418006897 0.315076798200607 0.302172154188156 0.281188458204269 0.267456918954849 0.269178330898285 0.268854647874832 0.262708872556686 0.269994258880615 0.280504703521729 0.282185524702072 -3.4e+38 -3.4e+38 -3.4e+38 -3.4e+38 -3.4e+38 -3.4e+38 -3.4e+38 -3.4e+38
0.282493710517883 0.273981183767319 0.266902953386307 0.258904159069061 0.258759379386902 0.259598582983017 0.259327322244644 0.263686925172806 0.262057662010193 0.257054209709167 0.256169617176056 0.281694382429123 0.293055325746536 0.29181182384491 0.2881039083004 0.298410952091217 0.309673309326172 0.315247178077698 0.320953577756882 0.301739454269409 0.292443454265594 0.298481315374374 0.273005664348602 0.274701118469238 0.282450288534164 0.277849942445755 0.282691597938538 0.283541023731232 0.286325037479401 0.30181547999382 0.284439533948898 0.264833688735962 0.252838224172592 0.255067735910416 0.263195723295212 0.259623140096664 0.257605999708176 0.272402971982956 0.274022847414017 -3.4e+38 -3.4e+38 -3.4e+38 -3.4e+38 -3.4e+38 -3.4e+38 -3.4e+38 -3.4e+38
0.312812626361847 0.306377798318863 0.296564698219299 0.288479089736938 0.289614319801331 0.294608891010284 0.295341074466705 0.289697617292404 0.283302068710327 0.278845012187958 0.280535221099854 0.29765447974205 0.305145621299744 0.300569146871567 0.292818367481232 0.299589931964874 0.309060126543045 0.313350468873978 0.316110163927078 0.307417005300522 0.304443448781967 0.299336314201355 0.272974759340286 0.272471785545349 0.267492830753326 0.264150708913803 0.282261341810226 0.271282613277435 0.27353110909462 0.287460446357727 0.27039361000061 0.254732042551041 0.245760411024094 0.24831435084343 0.264596700668335 0.258090406656265 0.245804086327553 0.252519488334656 0.256173938512802 0.263704627752304 -3.4e+38 -3.4e+38 -3.4e+38 -3.4e+38 -3.4e+38 -3.4e+38 -3.4e+38
0.305781990289688 0.309565156698227 0.311328589916229 0.312168478965759 0.314308166503906 0.311334937810898 0.304998725652695 0.299033641815186 0.297813922166824 0.303168147802353 0.305859535932541 0.305151909589767 0.29932689666748 0.300968766212463 0.306643813848495 0.321302592754364 0.340182960033417 0.33801344037056 0.329994261264801 0.328447908163071 0.32124188542366 0.31770721077919 0.307806342840195 0.29986184835434 0.279707163572311 0.27755269408226 0.297871381044388 0.282627910375595 0.281952977180481 0.283553421497345 0.26732662320137 0.24955490231514 0.242570370435715 0.244574427604675 0.251287847757339 0.250451236963272 0.25078272819519 0.253977328538895 0.253872215747833 0.261354833841324 0.266459554433823 -3.4e+38 -3.4e+38 -3.4e+38 -3.4e+38 -3.4e+38 -3.4e+38
0.280481845140457 0.286180227994919 0.291782468557358 0.296575099229813 0.303123027086258 0.306644439697266 0.300482481718063 0.293572694063187 0.291825711727142 0.298251271247864 0.303510397672653 0.300595283508301 0.291396170854568 0.299472212791443 0.315147042274475 0.32594159245491 0.32457709312439 0.32292515039444 0.332221806049347 0.344480991363525 0.336437463760376 0.343755394220352 0.349193125963211 0.341397911310196 0.320555597543716 0.308753490447998 0.312204867601395 0.301969259977341 0.287351340055466 0.27803760766983 0.266470372676849 0.250204741954803 0.243037670850754 0.247531726956367 0.256237477064133 0.257933408021927 0.250037997961044 0.253425985574722 0.259837299585342 0.261606127023697 0.259132832288742 0.259622156620026 -3.4e+38 -3.4e+38 -3.4e+38 -3.4e+38 -3.4e+38
0.263369530439377 0.277122288942337 0.294956803321838 0.299134820699692 0.300587624311447 0.30118402838707 0.295256406068802 0.288180291652679 0.284742206335068 0.288139164447784 0.293204694986343 0.289958357810974 0.285349041223526 0.288156390190125 0.287418633699417 0.287975519895554 0.289417624473572 0.300102174282074 0.322811216115952 0.351805567741394 0.371683061122894 0.371602863073349 0.374058693647385 0.371517032384872 0.360284298658371 0.331253498792648 0.32054540514946 0.317081600427628 0.292605847120285 0.279507398605347 0.269630700349808 0.257921516895294 0.244840249419212 0.241061225533485 0.253959357738495 0.266633689403534 0.246534332633018 0.250627905130386 0.264957159757614 0.274329900741577 0.272503554821014 0.270130038261414 0.27054825425148 -3.4e+38 -3.4e+38 -3.4e+38 -3.4e+38
0.283944249153137 0.295000910758972 0.303918272256851 0.30333623290062 0.303219377994537 0.30216047167778 0.296782940626144 0.289594769477844 0.284298002719879 0.283093810081482 0.284329265356064 0.276198774576187 0.273873388767242 0.276032507419586 0.267654865980148 0.26073095202446 0.265364199876785 0.285670518875122 0.301591455936432 0.317040741443634 0.333096712827682 0.340914338827133 0.359539091587067 0.366584718227386 0.359557718038559 0.341549098491669 0.327514350414276 0.317359745502472 0.299144387245178 0.288323670625687 0.277602761983871 0.2684206366539 0.259928911924362 0.251136511564255 0.266345381736755 0.278117418289185 0.263828486204147 0.273123919963837 0.284564346075058 0.291777551174164 0.291483581066132 0.289988964796066 0.286606103181839 0.288114815950394 -3.4e+38 -3.4e+38 -3.4e+38
0.299765408039093 0.301262050867081 0.301538109779358 0.298386871814728 0.29506441950798 0.296197235584259 0.298334151506424 0.297349721193314 0.290414988994598 0.28730908036232 0.285935968160629 0.274160295724869 0.269590198993683 0.272902727127075 0.273260295391083 0.268014639616013 0.269868075847626 0.278834164142609 0.283597081899643 0.285059928894043 0.283773362636566 0.285255134105682 0.304081112146378 0.311526358127594 0.320883929729462 0.327307879924774 0.313982635736465 0.307166546583176 0.304862499237061 0.304354846477509 0.298092365264893 0.283383637666702 0.272009581327438 0.268651872873306 0.284789174795151 0.293554127216339 0.290142178535461 0.290289133787155 0.295128762722015 0.300292193889618 0.302425175905228 0.303006529808044 0.293501913547516 0.288665145635605 0.295823991298676 -3.4e+38 -3.4e+38
0.297914355993271 0.29353466629982 0.288141936063766 0.286350667476654 0.290188729763031 0.301178365945816 0.307854294776917 0.30807763338089 0.298610866069794 0.294935166835785 0.294835776090622 0.29274320602417 0.289329409599304 0.292823642492294 0.300446838140488 0.300360411405563 0.293292254209518 0.291620671749115 0.290483415126801 0.281352430582047 0.270855277776718 0.273071348667145 0.287395596504211 0.284655719995499 0.291872590780258 0.299764752388 0.290334552526474 0.288726061582565 0.289709985256195 0.290998816490173 0.28808382153511 0.277762472629547 0.274072229862213 0.274214237928391 0.272944450378418 0.272771418094635 0.279475629329681 0.287067174911499 0.291886478662491 0.294193923473358 0.292401075363159 0.287704735994339 0.279713302850723 0.277887791395187 0.278753250837326 0.282441914081573 -3.4e+38
0.288478702306747 0.291336953639984 0.293135553598404 0.290412902832031 0.290221720933914 0.302968353033066 0.312411695718765 0.312185823917389 0.302756249904633 0.300818681716919 0.304158955812454 0.310826301574707 0.317167371511459 0.321483552455902 0.314088433980942 0.300589680671692 0.29340797662735 0.298372387886047 0.305072098970413 0.303308993577957 0.293075382709503 0.2924924492836 0.293484210968018 0.281879961490631 0.277846664190292 0.278702288866043 0.279162555932999 0.281656324863434 0.280875653028488 0.276484102010727 0.267955005168915 0.261240839958191 0.272965669631958 0.282583922147751 0.279973953962326 0.268564730882645 0.271339625120163 0.27861949801445 0.285059303045273 0.288597136735916 0.288208395242691 0.282383024692535 0.273919880390167 0.273879408836365 0.275784701108932 0.276492834091187 0.276260495185852
0.292414724826813 0.290448546409607 0.296580016613007 0.28945204615593 0.284857869148254 0.286919414997101 0.28709688782692 0.28473699092865 0.286484628915787 0.298601150512695 0.305783003568649 0.310480833053589 0.313311278820038 0.31339505314827 0.301808297634125 0.291853725910187 0.290531605482101 0.291667997837067 0.291871100664139 0.289936482906342 0.286778569221497 0.294040590524673 0.293820381164551 0.28736338019371 0.284142076969147 0.291802793741226 0.294150471687317 0.288337528705597 0.276185184717178 0.270878553390503 0.267711490392685 0.266811549663544 0.279256463050842 0.289832204580307 0.29048815369606 0.282369285821915 0.288171589374542 0.294862300157547 0.296440124511719 0.292791932821274 0.291357606649399 0.288399457931519 0.284472763538361 0.280411034822464 0.27893590927124 0.275378167629242 0.272678196430206
0.29985448718071 0.295451521873474 0.300473690032959 0.284414201974869 0.276578843593597 0.28031387925148 0.282650351524353 0.270345598459244 0.274969100952148 0.292864054441452 0.297699093818665 0.292617321014404 0.297605097293854 0.31225323677063 0.297483593225479 0.29211899638176 0.297786980867386 0.2950798869133 0.287679225206375 0.280574917793274 0.278308928012848 0.285211175680161 0.275836795568466 0.27308863401413 0.280945688486099 0.293667793273926 0.295894056558609 0.285846173763275 0.267872929573059 0.263410031795502 0.26511138677597 0.272126942873001 0.284546315670013 0.292374670505524 0.291556358337402 0.285979598760605 0.283668786287308 0.288906872272491 0.290956109762192 0.289035886526108 0.28890934586525 0.285520017147064 0.281151831150055 0.278803288936615 0.283428281545639 0.277461111545563 0.272034049034119
0.306058675050735 0.300563305616379 0.305065184831619 0.303343892097473 0.291573286056519 0.289359629154205 0.291599899530411 0.274725019931793 0.278259187936783 0.290435701608658 0.291606903076172 0.281563550233841 0.294006586074829 0.314326047897339 0.302850008010864 0.291651129722595 0.287228524684906 0.288578599691391 0.291051387786865 0.282160013914108 0.281722605228424 0.289739280939102 0.272902011871338 0.272059738636017 0.278416097164154 0.283598840236664 0.278467953205109 0.262681633234024 0.250790655612946 0.257176160812378 0.270224541425705 0.281504511833191 0.287791579961777 0.285615682601929 0.275814890861511 0.268006592988968 0.264812827110291 0.267848014831543 0.268541693687439 0.266918271780014 0.263735771179199 0.261093467473984 0.260600298643112 0.270198553800583 0.286905020475388 0.28316456079483 0.277032732963562
0.302971005439758 0.285911679267883 0.279232561588287 0.285998970270157 0.286388278007507 0.296927213668823 0.302509278059006 0.293397814035416 0.281958967447281 0.281552821397781 0.286683082580566 0.288679391145706 0.299595981836319 0.301144480705261 0.285079121589661 0.280119299888611 0.285208761692047 0.294161111116409 0.304314523935318 0.292094677686691 0.298879981040955 0.305496603250504 0.29107728600502 0.287285178899765 0.279905706644058 0.272405356168747 0.264812409877777 0.259883552789688 0.263591468334198 0.275254338979721 0.289192467927933 0.293774873018265 0.282019793987274 0.263500928878784 0.254064738750458 0.248492017388344 0.245030760765076 0.242691829800606 0.237890154123306 0.234147593379021 0.231367856264114 0.23102018237114 0.236187279224396 0.260772883892059 0.286596477031708 0.293034642934799 0.286040902137756
0.263900429010391 0.250349223613739 0.2603819668293 0.273281246423721 0.279752820730209 0.2977055311203 0.299124032258987 0.288196861743927 0.277563899755478 0.279415488243103 0.287343829870224 0.302503257989883 0.306317329406738 0.288938045501709 0.271517902612686 0.273119658231735 0.285540789365768 0.303772509098053 0.308749467134476 0.287527501583099 0.297032982110977 0.306872338056564 0.305684238672256 0.302025973796844 0.28774631023407 0.277816653251648 0.272580981254578 0.273303985595703 0.282763242721558 0.299035340547562 0.310936897993088 0.303242713212967 0.270432829856873 0.248367890715599 0.244660884141922 0.242309361696243 0.238791763782501 0.23466032743454 0.22922308743 0.225874304771423 0.221825435757637 0.219427585601807 0.225241616368294 0.25397452712059 0.27629566192627 0.284920901060104 -3.4e+38
0.263264805078506 0.257573872804642 0.2759048640728 0.283545970916748 0.287126958370209 0.299069702625275 0.29805725812912 0.285821527242661 0.274132907390594 0.279402524232864 0.275430709123611 0.267663061618805 0.266885846853256 0.270910412073135 0.270973354578018 0.272436261177063 0.272027164697647 0.285771757364273 0.289727181196213 0.279620498418808 0.282240390777588 0.294394671916962 0.297388553619385 0.285835087299347 0.26458340883255 0.264858603477478 0.274035751819611 0.282865345478058 0.285473793745041 0.29244476556778 0.301630705595016 0.30150580406189 0.27068617939949 0.255602121353149 0.255498290061951 0.257821261882782 0.254576861858368 0.249108403921127 0.244912594556808 0.244222775101662 0.244634076952934 0.245917782187462 0.249677464365959 0.261864185333252 -3.4e+38 -3.4e+38 -3.4e+38
0.28944405913353 0.294848650693893 0.313234359025955 0.309875994920731 0.303043395280838 0.301170766353607 0.297798484563828 0.28523850440979 0.27068418264389 0.265169590711594 0.273084044456482 0.271190792322159 0.266969710588455 0.27751749753952 0.28608825802803 0.284145146608353 0.278594076633453 0.287202000617981 0.283365905284882 0.275073021650314 0.267425388097763 0.271292001008987 0.278072446584702 0.277132302522659 0.266266703605652 0.264200568199158 0.274014413356781 0.281543910503387 0.27884566783905 0.283339411020279 0.293156176805496 0.298077702522278 0.285901844501495 0.280036479234695 0.281982034444809 0.285571217536926 0.282787889242172 0.274670422077179 0.27146577835083 0.274821430444717 0.279405295848846 0.278949767351151 -3.4e+38 -3.4e+38 -3.4e+38 -3.4e+38 -3.4e+38
0.317025482654572 0.316861718893051 0.311664998531342 0.302184492349625 0.301643788814545 0.299476802349091 0.295020371675491 0.289564371109009 0.286417216062546 0.288657635450363 0.301856994628906 0.306713819503784 0.30113959312439 0.300212919712067 0.310726314783096 0.307059794664383 0.2981878221035 0.293137937784195 0.281933844089508 0.281420201063156 0.276138663291931 0.268893927335739 0.275892347097397 0.279547721147537 0.278694540262222 0.275979936122894 0.280565291643143 0.288402736186981 0.290074795484543 0.287522971630096 0.289804309606552 0.295744299888611 0.295862853527069 0.287310719490051 0.283974826335907 0.291692078113556 0.298771530389786 0.293976426124573 0.287540555000305 0.282683551311493 -3.4e+38 -3.4e+38 -3.4e+38 -3.4e+38 -3.4e+38 -3.4e+38 -3.4e+38
