data/trimmed_ndre/Od_ndre.627.2013_no_clouds.asc
NCOLS 144 
NROWS 65 
XLLCORNER 512965 
YLLCORNER 5150865 
CELLSIZE 5 
NODATA_value -3.4e+38 
[rows 42 to 62 of 65, columns 0 to 46 of 144]
-3.4e+38 -3.4e+38 -3.4e+38 -3.4e+38 -3.4e+38 -3.4e+38 -3.4e+38 -3.4e+38 -3.4e+38 -3.4e+38 -3.4e+38 -3.4e+38 -3.4e+38 -3.4e+38 -3.4e+38 -3.4e+38 -3.4e+38 -3.4e+38 -3.4e+38 -3.4e+38 -3.4e+38 0.589653491973877 0.589994311332703 0.580806314945221 0.567884922027588 0.555035829544067 0.549721419811249 0.53883969783783 0.520730435848236 0.508841753005981 0.516838908195496 0.533278703689575 0.551157116889954 0.573676347732544 0.586567401885986 0.593962907791138 0.610760807991028 0.626838386058807 0.635497033596039 0.653303205966949 0.659195005893707 0.648798704147339 0.645526647567749 0.637334406375885 0.635254681110382 0.64217346906662 0.639439105987549
-3.4e+38 -3.4e+38 -3.4e+38 -3.4e+38 -3.4e+38 -3.4e+38 -3.4e+38 -3.4e+38 -3.4e+38 -3.4e+38 -3.4e+38 -3.4e+38 -3.4e+38 -3.4e+38 -3.4e+38 -3.4e+38 -3.4e+38 -3.4e+38 -3.4e+38 0.564810276031494 0.565122187137604 0.573696911334991 0.571400582790375 0.564347922801971 0.563011169433594 0.557449638843536 0.553595304489136 0.543877959251404 0.521554589271545 0.504952609539032 0.507014393806458 0.522167265415192 0.550079643726349 0.585680663585663 0.602290749549866 0.609431147575378 0.618878960609436 0.621373772621155 0.630111932754517 0.639600157737732 0.63587760925293 0.633147239685059 0.631257653236389 0.629592001438141 0.633214235305786 0.634263157844543 0.626012742519379
-3.4e+38 -3.4e+38 -3.4e+38 -3.4e+38 -3.4e+38 -3.4e+38 -3.4e+38 -3.4e+38 -3.4e+38 -3.4e+38 -3.4e+38 -3.4e+38 -3.4e+38 -3.4e+38 -3.4e+38 -3.4e+38 -3.4e+38 -3.4e+38 0.574151456356049 0.584114909172058 0.578230440616608 0.573741376399994 0.5710129737854 0.565746068954468 0.558032512664795 0.53978967666626 0.524572372436523 0.523493051528931 0.524102926254272 0.517346441745758 0.51486474275589 0.531347692012787 0.570201396942139 0.60012274980545 0.613487541675568 0.622541129589081 0.629968404769897 0.624332964420319 0.629191279411316 0.629292666912079 0.616899311542511 0.621953070163727 0.617082715034485 0.609286248683929 0.61641526222229 0.616037130355835 0.610545575618744
-3.4e+38 -3.4e+38 -3.4e+38 -3.4e+38 -3.4e+38 -3.4e+38 -3.4e+38 -3.4e+38 -3.4e+38 -3.4e+38 -3.4e+38 -3.4e+38 -3.4e+38 -3.4e+38 -3.4e+38 -3.4e+38 -3.4e+38 0.571551263332367 0.581979632377625 0.596890270709991 0.59003072977066 0.567040920257568 0.557586848735809 0.549115777015686 0.514671623706818 0.485817462205887 0.482533901929855 0.487875908613205 0.502821505069733 0.526808083057404 0.549973547458649 0.580888688564301 0.611917495727539 0.628535330295563 0.631304025650024 0.638545274734497 0.636444091796875 0.616258084774017 0.618702828884125 0.61834043264389 0.605864226818085 0.610021889209747 0.595019459724426 0.582208573818207 0.594105184078217 0.598583579063416 0.599897563457489
-3.4e+38 -3.4e+38 -3.4e+38 -3.4e+38 -3.4e+38 -3.4e+38 -3.4e+38 -3.4e+38 -3.4e+38 -3.4e+38 -3.4e+38 -3.4e+38 -3.4e+38 -3.4e+38 -3.4e+38 -3.4e+38 0.612717807292938 0.605205059051514 0.593148291110992 0.590985298156738 0.595752835273743 0.58541476726532 0.589396476745605 0.577867269515991 0.521983742713928 0.493773877620697 0.511739730834961 0.545661687850952 0.553681194782257 0.57229870557785 0.600315988063812 0.61357980966568 0.631196141242981 0.642800271511078 0.641898572444916 0.645666301250458 0.630248367786407 0.604962527751923 0.602074980735779 0.595883846282959 0.588398694992065 0.593308746814728 0.588277697563171 0.582283616065979 0.598851323127747 0.606974959373474 0.610344767570496
-3.4e+38 -3.4e+38 -3.4e+38 -3.4e+38 -3.4e+38 -3.4e+38 -3.4e+38 -3.4e+38 -3.4e+38 -3.4e+38 -3.4e+38 -3.4e+38 -3.4e+38 -3.4e+38 -3.4e+38 0.624767184257507 0.6167111992836 0.609330356121063 0.599907577037811 0.589598417282104 0.599104762077332 0.605290412902832 0.620736956596375 0.62126749753952 0.595105886459351 0.580221772193909 0.593960225582123 0.623719096183777 0.611858665943146 0.618468642234802 0.627717018127441 0.62423449754715 0.636322438716888 0.639134347438812 0.639319539070129 0.641828000545502 0.624325513839722 0.611787378787994 0.61365020275116 0.604541301727295 0.596481740474701 0.605455577373505 0.617510259151459 0.622240304946899 0.630689859390259 0.636736452579498 0.636343717575073
-3.4e+38 -3.4e+38 -3.4e+38 -3.4e+38 -3.4e+38 -3.4e+38 -3.4e+38 -3.4e+38 -3.4e+38 -3.4e+38 -3.4e+38 -3.4e+38 -3.4e+38 -3.4e+38 0.607163786888123 0.609204828739166 0.598835647106171 0.595092952251434 0.595626354217529 0.586528301239014 0.597220540046692 0.609246909618378 0.61857944726944 0.627190291881561 0.626358687877655 0.636742353439331 0.651616990566254 0.649777770042419 0.633157670497894 0.640681505203247 0.639907896518707 0.638560771942139 0.641414046287537 0.630737841129303 0.633979141712189 0.640943348407745 0.627564609050751 0.630642414093018 0.641809046268463 0.638757407665253 0.641441583633423 0.649332344532013 0.658077895641327 0.656725883483887 0.653358101844788 0.650013267993927 0.643327176570892
-3.4e+38 -3.4e+38 -3.4e+38 -3.4e+38 -3.4e+38 -3.4e+38 -3.4e+38 -3.4e+38 -3.4e+38 -3.4e+38 -3.4e+38 -3.4e+38 -3.4e+38 0.592825651168823 0.581873536109924 0.585062921047211 0.575526297092438 0.568164229393005 0.573615312576294 0.588717818260193 0.60703033208847 0.614911198616028 0.622947871685028 0.635325372219086 0.64582222700119 0.657315969467163 0.66071605682373 0.650320589542389 0.63705986738205 0.638932049274445 0.639815390110016 0.640703082084656 0.642180860042572 0.631379425525665 0.634903907775879 0.635862827301025 0.625510990619659 0.633928656578064 0.639916002750397 0.641199111938477 0.657142996788025 0.655091822147369 0.648014426231384 0.647261738777161 0.641706705093384 0.635495603084564 0.631201922893524
-3.4e+38 -3.4e+38 -3.4e+38 -3.4e+38 -3.4e+38 -3.4e+38 -3.4e+38 -3.4e+38 -3.4e+38 -3.4e+38 -3.4e+38 -3.4e+38 0.624293625354767 0.595091164112091 0.579116821289062 0.56564062833786 0.560944497585297 0.567699909210205 0.585897624492645 0.610176086425781 0.62458062171936 0.618772864341736 0.62187784910202 0.636131644248962 0.64523446559906 0.652714550495148 0.651016116142273 0.644365608692169 0.633071601390839 0.622427582740784 0.615246534347534 0.612220704555511 0.620643615722656 0.620107531547546 0.624287068843842 0.621590971946716 0.610558271408081 0.612209498882294 0.608458340167999 0.612337052822113 0.626441419124603 0.608878016471863 0.600330889225006 0.610204100608826 0.607950091362 0.603878200054169 0.596155226230621
-3.4e+38 -3.4e+38 -3.4e+38 -3.4e+38 -3.4e+38 -3.4e+38 -3.4e+38 -3.4e+38 -3.4e+38 -3.4e+38 -3.4e+38 0.656071245670319 0.655955195426941 0.627329409122467 0.60882955789566 0.584865093231201 0.580951154232025 0.599854826927185 0.612744867801666 0.626684427261353 0.628989577293396 0.623920738697052 0.620722889900208 0.624620735645294 0.630806803703308 0.64018040895462 0.644212007522583 0.640900731086731 0.627151489257812 0.60953289270401 0.593403935432434 0.590661644935608 0.600546360015869 0.604595422744751 0.606961011886597 0.60269421339035 0.593563616275787 0.593777000904083 0.586666107177734 0.58158552646637 0.577386498451233 0.564618110656738 0.572115898132324 0.588448882102966 0.584610879421234 0.569743037223816 0.55408638715744
-3.4e+38 -3.4e+38 -3.4e+38 -3.4e+38 -3.4e+38 -3.4e+38 -3.4e+38 -3.4e+38 -3.4e+38 -3.4e+38 0.633156061172485 0.680331349372864 0.68776524066925 0.667070329189301 0.646568596363068 0.609847962856293 0.60248988866806 0.624601185321808 0.625476956367493 0.62602436542511 0.627924978733063 0.630837321281433 0.619900643825531 0.610443234443665 0.612380802631378 0.618869423866272 0.622389793395996 0.619421720504761 0.60904735326767 0.605013489723206 0.596720457077026 0.591277778148651 0.592398762702942 0.596367239952087 0.59612762928009 0.588825404644012 0.588247418403625 0.5848708152771 0.574318647384644 0.56376850605011 0.552994906902313 0.535291492938995 0.533968269824982 0.545558929443359 0.543366491794586 0.539018750190735 0.539769530296326
-3.4e+38 -3.4e+38 -3.4e+38 -3.4e+38 -3.4e+38 -3.4e+38 -3.4e+38 -3.4e+38 -3.4e+38 0.630107343196869 0.647755980491638 0.685955703258514 0.680254220962524 0.668902635574341 0.65101420879364 0.602865517139435 0.588158845901489 0.612609684467316 0.618399143218994 0.616040766239166 0.630560874938965 0.641499936580658 0.62700343132019 0.614586710929871 0.616089344024658 0.616816520690918 0.601383447647095 0.589172959327698 0.581431984901428 0.590623080730438 0.594532370567322 0.585393667221069 0.584804892539978 0.587139010429382 0.586425006389618 0.58076936006546 0.575305998325348 0.571144223213196 0.559570908546448 0.550554215908051 0.54133802652359 0.529158294200897 0.518275022506714 0.507554590702057 0.498909384012222 0.49902668595314 0.518934011459351
-3.4e+38 -3.4e+38 -3.4e+38 -3.4e+38 -3.4e+38 -3.4e+38 -3.4e+38 -3.4e+38 0.625865519046783 0.633479356765747 0.652616322040558 0.678725898265839 0.660682737827301 0.656393349170685 0.640548586845398 0.593358874320984 0.574456095695496 0.598422408103943 0.61205667257309 0.604170560836792 0.62642639875412 0.644687592983246 0.621205806732178 0.610533773899078 0.624561667442322 0.626762688159943 0.594695150852203 0.578764677047729 0.568958938121796 0.567373752593994 0.560075581073761 0.55228865146637 0.559231400489807 0.562292754650116 0.564965069293976 0.564342141151428 0.55493038892746 0.54899263381958 0.537942409515381 0.526323556900024 0.521109879016876 0.52145791053772 0.519291400909424 0.506333112716675 0.498800307512283 0.481988698244095 0.485222697257996
-3.4e+38 -3.4e+38 -3.4e+38 -3.4e+38 -3.4e+38 -3.4e+38 -3.4e+38 0.595340967178345 0.620676279067993 0.638672053813934 0.660479426383972 0.67451536655426 0.668443977832794 0.676583826541901 0.659157156944275 0.612557470798492 0.594070851802826 0.613449156284332 0.622869908809662 0.616622865200043 0.625963568687439 0.62544846534729 0.603146433830261 0.596564650535583 0.619267702102661 0.62559175491333 0.588468372821808 0.576629221439362 0.569122195243835 0.54956716299057 0.520695984363556 0.521061420440674 0.534392714500427 0.533335566520691 0.547530710697174 0.55209743976593 0.53857296705246 0.537108361721039 0.523540258407593 0.512002289295197 0.507566630840302 0.505641877651215 0.516446232795715 0.511391282081604 0.501107215881348 0.488332033157349 0.483650922775269
-3.4e+38 -3.4e+38 -3.4e+38 -3.4e+38 -3.4e+38 -3.4e+38 0.592938780784607 0.589853882789612 0.610733985900879 0.635382056236267 0.652280449867249 0.663611054420471 0.663374841213226 0.676629781723022 0.673001229763031 0.644298017024994 0.621768534183502 0.613360583782196 0.615023016929626 0.617578268051147 0.614012002944946 0.603931605815887 0.591403245925903 0.587152481079102 0.602011144161224 0.607951104640961 0.576681554317474 0.561062932014465 0.569332242012024 0.560863137245178 0.530137538909912 0.525705754756927 0.524019956588745 0.528350353240967 0.553450763225555 0.551298856735229 0.539174139499664 0.540104985237122 0.527596652507782 0.519833028316498 0.516159772872925 0.510030269622803 0.515163064002991 0.506343483924866 0.501157402992249 0.507698595523834 0.503335654735565
-3.4e+38 -3.4e+38 -3.4e+38 -3.4e+38 -3.4e+38 0.591929197311401 0.581236779689789 0.588616490364075 0.607847929000854 0.626628994941711 0.635505795478821 0.65138828754425 0.659872710704803 0.664931356906891 0.667635977268219 0.650623083114624 0.618966937065125 0.596734762191772 0.595909774303436 0.595227658748627 0.592999815940857 0.587445139884949 0.583430647850037 0.583400964736938 0.576454877853394 0.569328725337982 0.552321195602417 0.535460352897644 0.551583111286163 0.551006019115448 0.53587532043457 0.537189602851868 0.529821753501892 0.539107084274292 0.565746068954468 0.5519939661026 0.553526163101196 0.562300443649292 0.551378130912781 0.54629647731781 0.551090598106384 0.542339444160461 0.533961951732635 0.515720188617706 0.501875579357147 0.504595398902893 0.499500304460526
-3.4e+38 -3.4e+38 -3.4e+38 -3.4e+38 0.5910484790802 0.582679152488708 0.577494621276855 0.593554615974426 0.612406969070435 0.623711466789246 0.631032407283783 0.645636737346649 0.650672376155853 0.65677148103714 0.660813927650452 0.643613278865814 0.611475229263306 0.581208944320679 0.565784513950348 0.558104455471039 0.560920178890228 0.562639236450195 0.565545082092285 0.561809778213501 0.544310629367828 0.534122169017792 0.532053232192993 0.530258655548096 0.540726602077484 0.534749150276184 0.530443370342255 0.536242425441742 0.545464098453522 0.565978407859802 0.573824107646942 0.565611064434052 0.580240726470947 0.590416312217712 0.579228401184082 0.560288965702057 0.571699380874634 0.579824864864349 0.570187926292419 0.546665966510773 0.510571241378784 0.506108820438385 0.510066449642181
-3.4e+38 -3.4e+38 -3.4e+38 0.581632912158966 0.582751095294952 0.577638387680054 0.587160766124725 0.602616190910339 0.60968679189682 0.612936556339264 0.619786262512207 0.633553743362427 0.642760157585144 0.660088837146759 0.666716516017914 0.638588547706604 0.589867115020752 0.54875123500824 0.523354351520538 0.515466332435608 0.523311495780945 0.530237197875977 0.530865252017975 0.52553391456604 0.513400316238403 0.502929210662842 0.49470978975296 0.489382535219193 0.513703107833862 0.537464320659637 0.5517737865448 0.552341461181641 0.564051866531372 0.582685232162476 0.583931088447571 0.589480638504028 0.600022196769714 0.608449161052704 0.602866888046265 0.578521549701691 0.581465601921082 0.600320518016815 0.590986311435699 0.565060555934906 0.542479872703552 0.543232023715973 0.550217688083649
-3.4e+38 -3.4e+38 0.609356880187988 0.58567613363266 0.579440772533417 0.58688348531723 0.601786434650421 0.611878156661987 0.607259094715118 0.605972290039062 0.602608680725098 0.610398232936859 0.633085310459137 0.659407019615173 0.665457665920258 0.634390234947205 0.574304640293121 0.518344938755035 0.490868330001831 0.485046297311783 0.494712382555008 0.514577269554138 0.519461691379547 0.514837801456451 0.499416440725327 0.4843730032444 0.475438356399536 0.472764134407043 0.496116906404495 0.534846723079681 0.552779078483582 0.550081849098206 0.562774002552032 0.586760461330414 0.601085662841797 0.61027592420578 0.613819777965546 0.616953015327454 0.621138870716095 0.604712069034576 0.586215555667877 0.592982172966003 0.596645414829254 0.589689314365387 0.584440469741821 0.580957293510437 0.58176052570343
-3.4e+38 0.65651148557663 0.632941663265228 0.589099287986755 0.581109404563904 0.602172613143921 0.615740418434143 0.603062927722931 0.590760111808777 0.59730052947998 0.584144592285156 0.591050207614899 0.617880284786224 0.633983373641968 0.642584502696991 0.633441388607025 0.592024147510529 0.540171086788177 0.510754704475403 0.503114283084869 0.519829511642456 0.538089752197266 0.537181854248047 0.529062807559967 0.519288539886475 0.508235514163971 0.508500099182129 0.51625782251358 0.531985759735107 0.556567430496216 0.569908201694489 0.565728724002838 0.570926427841187 0.594422876834869 0.615336775779724 0.62839686870575 0.629681646823883 0.623763084411621 0.63334184885025 0.626019239425659 0.605541884899139 0.606289684772491 0.618644416332245 0.614053189754486 0.602418303489685 0.600444614887238 0.611228287220001
0.603118717670441 0.651719987392426 0.643696308135986 0.606198608875275 0.596259951591492 0.603108704090118 0.598093032836914 0.57710874080658 0.576833546161652 0.58795154094696 0.576231956481934 0.602335810661316 0.620127499103546 0.617419064044952 0.627150893211365 0.637786149978638 0.626788914203644 0.591242492198944 0.565902352333069 0.549701154232025 0.558693945407867 0.563632845878601 0.557697892189026 0.556266784667969 0.552773118019104 0.548885464668274 0.545914530754089 0.54528284072876 0.557408273220062 0.581553518772125 0.598637104034424 0.5954549908638 0.59398478269577 0.603511333465576 0.619920432567596 0.634883284568787 0.637036979198456 0.631620645523071 0.637412548065186 0.628490328788757 0.619666576385498 0.625320613384247 0.630403518676758 0.617853403091431 0.603503882884979 0.602970659732819 0.61976146697998
