data/trimmed_ndre/Od_ndre.84.2012_no_clouds.asc
NCOLS 144 
NROWS 65 
XLLCORNER 512965 
YLLCORNER 5150865 
CELLSIZE 5 
NODATA_value -3.4e+38 
[rows 42 to 62 of 65, columns 0 to 46 of 144]
-3.4e+38 -3.4e+38 -3.4e+38 -3.4e+38 -3.4e+38 -3.4e+38 -3.4e+38 -3.4e+38 -3.4e+38 -3.4e+38 -3.4e+38 -3.4e+38 -3.4e+38 -3.4e+38 -3.4e+38 -3.4e+38 -3.4e+38 -3.4e+38 -3.4e+38 -3.4e+38 -3.4e+38 0.158199891448021 0.164129570126534 0.193144172430038 0.191761285066605 0.177671730518341 0.171840086579323 0.170900642871857 0.161554396152496 0.169725090265274 0.183580413460732 0.156825050711632 0.168326497077942 0.191787198185921 0.208025917410851 0.211614340543747 0.255258917808533 0.282501429319382 0.275210320949554 0.260170668363571 0.242693930864334 0.234020411968231 0.227989584207535 0.205063074827194 0.222614243626595 0.233821153640747 0.196936041116714
-3.4e+38 -3.4e+38 -3.4e+38 -3.4e+38 -3.4e+38 -3.4e+38 -3.4e+38 -3.4e+38 -3.4e+38 -3.4e+38 -3.4e+38 -3.4e+38 -3.4e+38 -3.4e+38 -3.4e+38 -3.4e+38 -3.4e+38 -3.4e+38 -3.4e+38 0.194655120372772 0.187343910336494 0.171951532363892 0.180167526006699 0.204037919640541 0.187103897333145 0.173914089798927 0.176399275660515 0.184578865766525 0.180375948548317 0.162788152694702 0.16215668618679 0.163075774908066 0.187475353479385 0.206873700022697 0.214597538113594 0.22365790605545 0.273454934358597 0.291131496429443 0.27267786860466 0.262270510196686 0.247270777821541 0.239445075392723 0.235692173242569 0.217439159750938 0.241442784667015 0.235694959759712 0.20439787209034
-3.4e+38 -3.4e+38 -3.4e+38 -3.4e+38 -3.4e+38 -3.4e+38 -3.4e+38 -3.4e+38 -3.4e+38 -3.4e+38 -3.4e+38 -3.4e+38 -3.4e+38 -3.4e+38 -3.4e+38 -3.4e+38 -3.4e+38 -3.4e+38 0.186917692422867 0.182661727070808 0.184448003768921 0.182602107524872 0.191198319196701 0.193115442991257 0.171400815248489 0.168661132454872 0.165953248739243 0.175618425011635 0.180966779589653 0.166174337267876 0.160596236586571 0.178872495889664 0.197209417819977 0.208088114857674 0.228273436427116 0.247288063168526 0.273728728294373 0.298599123954773 0.292361527681351 0.280649572610855 0.275241106748581 0.276216506958008 0.263701379299164 0.240003451704979 0.245589837431908 0.221812665462494 0.196302428841591
-3.4e+38 -3.4e+38 -3.4e+38 -3.4e+38 -3.4e+38 -3.4e+38 -3.4e+38 -3.4e+38 -3.4e+38 -3.4e+38 -3.4e+38 -3.4e+38 -3.4e+38 -3.4e+38 -3.4e+38 -3.4e+38 -3.4e+38 0.191576883196831 0.190965726971626 0.169528052210808 0.165976002812386 0.178878590464592 0.179221242666245 0.172343388199806 0.168792486190796 0.173797056078911 0.158542439341545 0.171722054481506 0.190493732690811 0.177345886826515 0.177048057317734 0.189038619399071 0.205541104078293 0.222061857581139 0.241313725709915 0.273132801055908 0.291806429624557 0.302376091480255 0.294707775115967 0.290790200233459 0.294351190328598 0.28487104177475 0.267151325941086 0.247963264584541 0.247617736458778 0.229890003800392 0.21233369410038
-3.4e+38 -3.4e+38 -3.4e+38 -3.4e+38 -3.4e+38 -3.4e+38 -3.4e+38 -3.4e+38 -3.4e+38 -3.4e+38 -3.4e+38 -3.4e+38 -3.4e+38 -3.4e+38 -3.4e+38 -3.4e+38 0.173877164721489 0.195343807339668 0.201622843742371 0.172365114092827 0.167943134903908 0.185168281197548 0.174006432294846 0.168993413448334 0.174280047416687 0.182307541370392 0.176903173327446 0.195733964443207 0.200965747237206 0.190304964780807 0.201214820146561 0.219692453742027 0.217498108744621 0.2308669090271 0.269595831632614 0.2956902384758 0.295430421829224 0.277747482061386 0.283755302429199 0.289672523736954 0.272659033536911 0.239477962255478 0.233896106481552 0.232856646180153 0.239984855055809 0.240619316697121 0.226028725504875
-3.4e+38 -3.4e+38 -3.4e+38 -3.4e+38 -3.4e+38 -3.4e+38 -3.4e+38 -3.4e+38 -3.4e+38 -3.4e+38 -3.4e+38 -3.4e+38 -3.4e+38 -3.4e+38 -3.4e+38 0.169402956962585 0.165078043937683 0.172155916690826 0.180119052529335 0.175441727042198 0.189743548631668 0.199475049972534 0.189219996333122 0.178264632821083 0.176450714468956 0.196327954530716 0.212030723690987 0.207730621099472 0.19964212179184 0.203824639320374 0.22943189740181 0.251150697469711 0.254459291696548 0.261996030807495 0.286324322223663 0.281859427690506 0.27706977725029 0.26867288351059 0.256355196237564 0.255958825349808 0.237564533948898 0.221718236804008 0.230153784155846 0.229250013828278 0.236353635787964 0.238881051540375 0.220849066972733
-3.4e+38 -3.4e+38 -3.4e+38 -3.4e+38 -3.4e+38 -3.4e+38 -3.4e+38 -3.4e+38 -3.4e+38 -3.4e+38 -3.4e+38 -3.4e+38 -3.4e+38 -3.4e+38 0.173548921942711 0.163055047392845 0.171186849474907 0.179707646369934 0.179656326770782 0.18063959479332 0.200732126832008 0.194927662611008 0.179459527134895 0.187959298491478 0.208682641386986 0.230958357453346 0.236938014626503 0.214106425642967 0.233059391379356 0.265227973461151 0.282223969697952 0.280230045318604 0.282985538244247 0.257905006408691 0.256574183702469 0.284596890211105 0.276688575744629 0.255366116762161 0.23749814927578 0.240808844566345 0.242218002676964 0.234541803598404 0.236629888415337 0.231963008642197 0.23518942296505 0.251493602991104 0.252694815397263
-3.4e+38 -3.4e+38 -3.4e+38 -3.4e+38 -3.4e+38 -3.4e+38 -3.4e+38 -3.4e+38 -3.4e+38 -3.4e+38 -3.4e+38 -3.4e+38 -3.4e+38 0.189879983663559 0.177899613976479 0.169078975915909 0.185732468962669 0.19639764726162 0.186708062887192 0.184307441115379 0.201011493802071 0.192684724926949 0.186095908284187 0.209484741091728 0.244810163974762 0.254903316497803 0.249585494399071 0.24841371178627 0.262699156999588 0.278849333524704 0.280777513980865 0.266797244548798 0.260028958320618 0.255463540554047 0.256481051445007 0.277473270893097 0.262594014406204 0.242573961615562 0.23699215054512 0.246102184057236 0.262841641902924 0.247878968715668 0.233387544751167 0.232747480273247 0.233716353774071 0.262303292751312 0.261056184768677
-3.4e+38 -3.4e+38 -3.4e+38 -3.4e+38 -3.4e+38 -3.4e+38 -3.4e+38 -3.4e+38 -3.4e+38 -3.4e+38 -3.4e+38 -3.4e+38 0.198274716734886 0.197451055049896 0.212541922926903 0.20694999396801 0.201064243912697 0.201479598879814 0.191103860735893 0.202746599912643 0.226130217313766 0.223410665988922 0.220448389649391 0.225468397140503 0.235905349254608 0.23953253030777 0.251316756010056 0.255597829818726 0.248793810606003 0.237414136528969 0.236526370048523 0.247638076543808 0.262090444564819 0.264377385377884 0.251827627420425 0.249987661838531 0.257725685834885 0.249854862689972 0.240773066878319 0.243652820587158 0.25561910867691 0.240568995475769 0.222839415073395 0.211878776550293 0.208016574382782 0.248136952519417 0.247093036770821
-3.4e+38 -3.4e+38 -3.4e+38 -3.4e+38 -3.4e+38 -3.4e+38 -3.4e+38 -3.4e+38 -3.4e+38 -3.4e+38 -3.4e+38 0.202818006277084 0.203987166285515 0.211418256163597 0.242760896682739 0.233795121312141 0.209412679076195 0.202603682875633 0.210677534341812 0.249295815825462 0.268609672784805 0.258357048034668 0.246650725603104 0.239911034703255 0.234674707055092 0.23155178129673 0.248535603284836 0.252148777246475 0.230418473482132 0.221177473664284 0.246633589267731 0.259552538394928 0.256298333406448 0.248632743954659 0.259120374917984 0.263524115085602 0.259358733892441 0.251351416110992 0.243688493967056 0.22023917734623 0.209666699171066 0.206384807825089 0.197494521737099 0.17831352353096 0.180314868688583 0.215226203203201 0.221007913351059
-3.4e+38 -3.4e+38 -3.4e+38 -3.4e+38 -3.4e+38 -3.4e+38 -3.4e+38 -3.4e+38 -3.4e+38 -3.4e+38 0.207482025027275 0.210702210664749 0.212985172867775 0.211404204368591 0.225401297211647 0.23063100874424 0.220339208841324 0.215422093868256 0.237727835774422 0.278154641389847 0.275853604078293 0.247102215886116 0.242538034915924 0.265095174312592 0.247674345970154 0.234648957848549 0.254365593194962 0.24906550347805 0.229947134852409 0.237706586718559 0.262641727924347 0.256624281406403 0.237678527832031 0.231551185250282 0.240687027573586 0.231406301259995 0.215653836727142 0.215082705020905 0.220001444220543 0.193738624453545 0.177058607339859 0.175495445728302 0.17584852874279 0.178445115685463 0.182159647345543 0.18946099281311 0.188830465078354
-3.4e+38 -3.4e+38 -3.4e+38 -3.4e+38 -3.4e+38 -3.4e+38 -3.4e+38 -3.4e+38 -3.4e+38 0.212729662656784 0.2137820571661 0.201491743326187 0.212202936410904 0.203220397233963 0.19572252035141 0.215821415185928 0.226704031229019 0.225034773349762 0.238263830542564 0.262741655111313 0.252170205116272 0.233079716563225 0.241758584976196 0.26421195268631 0.259318292140961 0.254897892475128 0.263452410697937 0.247890993952751 0.21619838476181 0.220848098397255 0.238844901323318 0.226151049137115 0.213492825627327 0.196297004818916 0.187236577272415 0.178784489631653 0.172480434179306 0.192292213439941 0.200428113341331 0.173561364412308 0.170153915882111 0.167733803391457 0.169806346297264 0.188546687364578 0.199986144900322 0.184594705700874 0.164252907037735
-3.4e+38 -3.4e+38 -3.4e+38 -3.4e+38 -3.4e+38 -3.4e+38 -3.4e+38 -3.4e+38 0.182164430618286 0.210414007306099 0.219785660505295 0.204975575208664 0.210088193416595 0.209145501255989 0.203474074602127 0.217738166451454 0.22965769469738 0.225698620080948 0.23566010594368 0.256438940763474 0.254594773054123 0.245204716920853 0.234725520014763 0.240562200546265 0.252604097127914 0.252550661563873 0.236891716718674 0.209227502346039 0.18604551255703 0.198745772242546 0.210975766181946 0.198148727416992 0.187349483370781 0.177232980728149 0.174294397234917 0.176174834370613 0.176188036799431 0.188549533486366 0.18157733976841 0.162922978401184 0.171925872564316 0.169359236955643 0.169751778244972 0.176404267549515 0.178121611475945 0.167814761400223 0.154865980148315
-3.4e+38 -3.4e+38 -3.4e+38 -3.4e+38 -3.4e+38 -3.4e+38 -3.4e+38 0.181589558720589 0.191941380500793 0.209249332547188 0.219934985041618 0.210801914334297 0.196484014391899 0.191448241472244 0.196523651480675 0.208017006516457 0.226566046476364 0.242395654320717 0.2675601541996 0.264819741249084 0.247452437877655 0.240735322237015 0.232339262962341 0.228073537349701 0.230688512325287 0.225157588720322 0.208035349845886 0.189784303307533 0.1851417273283 0.201091170310974 0.203741416335106 0.188428699970245 0.181420013308525 0.188702940940857 0.191433921456337 0.185172498226166 0.177705809473991 0.18478299677372 0.171603128314018 0.157793626189232 0.164640888571739 0.169314533472061 0.1710394769907 0.16398198902607 0.152966037392616 0.161021336913109 0.172991052269936
-3.4e+38 -3.4e+38 -3.4e+38 -3.4e+38 -3.4e+38 -3.4e+38 0.196494951844215 0.195808008313179 0.204085782170296 0.216030180454254 0.213465437293053 0.208660617470741 0.201376333832741 0.197699263691902 0.209636345505714 0.202544376254082 0.197041004896164 0.209564238786697 0.235676243901253 0.224907889962196 0.20562207698822 0.212569445371628 0.220867499709129 0.215642318129539 0.213082760572433 0.212828814983368 0.204062044620514 0.199444174766541 0.199823945760727 0.206116542220116 0.206074193120003 0.187940582633018 0.174561128020287 0.184066787362099 0.178082093596458 0.170367017388344 0.174474835395813 0.185838997364044 0.180564194917679 0.171055108308792 0.173794761300087 0.180865883827209 0.178799778223038 0.171722501516342 0.164696857333183 0.166210874915123 0.180300951004028
-3.4e+38 -3.4e+38 -3.4e+38 -3.4e+38 -3.4e+38 0.19238643348217 0.200091987848282 0.203906908631325 0.211966723203659 0.213462576270103 0.206759616732597 0.208492144942284 0.207485139369965 0.205548599362373 0.210221201181412 0.197733074426651 0.173321783542633 0.181165397167206 0.211730465292931 0.197431176900864 0.185220956802368 0.199603870511055 0.213662296533585 0.215754464268684 0.203544706106186 0.204818069934845 0.208782523870468 0.204902797937393 0.190105363726616 0.186763316392899 0.195932015776634 0.180313244462013 0.163229271769524 0.161899477243423 0.166215524077415 0.17482578754425 0.184970304369926 0.195921346545219 0.199936673045158 0.19279819726944 0.195429474115372 0.198961570858955 0.186199262738228 0.183446183800697 0.175554797053337 0.17015253007412 0.178016766905785
-3.4e+38 -3.4e+38 -3.4e+38 -3.4e+38 0.192274898290634 0.190844908356667 0.194020420312881 0.200639709830284 0.213703706860542 0.218877017498016 0.215892523527145 0.215421766042709 0.208982363343239 0.201034262776375 0.195417165756226 0.19390931725502 0.182328656315804 0.189250528812408 0.206232294440269 0.190847992897034 0.174703419208527 0.176608264446259 0.205444157123566 0.219737246632576 0.189756855368614 0.181922435760498 0.195694044232368 0.196251586079597 0.184402495622635 0.171967417001724 0.18284946680069 0.186490222811699 0.183587074279785 0.181856572628021 0.190890476107597 0.19664104282856 0.197532474994659 0.19411338865757 0.199304565787315 0.204517543315887 0.208463773131371 0.203049048781395 0.188234969973564 0.184213250875473 0.18215237557888 0.179525122046471 0.180846109986305
-3.4e+38 -3.4e+38 -3.4e+38 0.206483572721481 0.202084645628929 0.193036869168282 0.188183188438416 0.193878829479218 0.206188723444939 0.211027398705482 0.218274965882301 0.220818623900414 0.208345964550972 0.197168737649918 0.183479756116867 0.174853533506393 0.176683753728867 0.192564383149147 0.195693835616112 0.182752415537834 0.184436172246933 0.18104313313961 0.194460496306419 0.216649204492569 0.198552250862122 0.1944590061903 0.195737212896347 0.192497164011002 0.195146203041077 0.175843879580498 0.173539772629738 0.189992800354958 0.201149091124535 0.193350225687027 0.19320273399353 0.199979916214943 0.204323902726173 0.189913719892502 0.192122355103493 0.200452953577042 0.193129226565361 0.198639512062073 0.201555505394936 0.200238838791847 0.192244291305542 0.195048153400421 0.192651093006134
-3.4e+38 -3.4e+38 0.180832117795944 0.190630942583084 0.195320054888725 0.194802790880203 0.191925719380379 0.19570916891098 0.199432015419006 0.193349987268448 0.201775655150414 0.210303425788879 0.19591598212719 0.176933005452156 0.182388678193092 0.184556424617767 0.182680800557137 0.199955567717552 0.201926723122597 0.193458363413811 0.194815322756767 0.191291466355324 0.186516806483269 0.186202079057693 0.192060649394989 0.200511276721954 0.197405263781548 0.198872074484825 0.201770693063736 0.188704267144203 0.182967320084572 0.193296074867249 0.203134775161743 0.187599360942841 0.186746060848236 0.201482653617859 0.204895973205566 0.207488030195236 0.210497170686722 0.202621564269066 0.177310734987259 0.186315670609474 0.197330325841904 0.204938605427742 0.194296821951866 0.193412572145462 0.193922966718674
-3.4e+38 0.174119904637337 0.171383872628212 0.173020467162132 0.180521950125694 0.190134182572365 0.198451980948448 0.207437619566917 0.201122850179672 0.186004832386971 0.182796165347099 0.188179194927216 0.19027641415596 0.185026243329048 0.20065450668335 0.209625378251076 0.192642599344254 0.179807633161545 0.178641006350517 0.199122935533524 0.201792076230049 0.19026018679142 0.199118822813034 0.19628244638443 0.195503666996956 0.196549251675606 0.186692327260971 0.18838806450367 0.19622540473938 0.19822333753109 0.196744918823242 0.19677709043026 0.206871047616005 0.201514706015587 0.192438334226608 0.190077424049377 0.199430748820305 0.222814098000526 0.208394795656204 0.19834016263485 0.194143190979958 0.193504855036736 0.181234017014503 0.199904382228851 0.215478107333183 0.191426157951355 0.183887526392937
0.221824526786804 0.199687346816063 0.197817414999008 0.180168256163597 0.167845472693443 0.174979597330093 0.195098474621773 0.215031117200851 0.213755935430527 0.19132374227047 0.175054728984833 0.172763124108315 0.180754065513611 0.191703408956528 0.198922723531723 0.197718620300293 0.192641526460648 0.180982857942581 0.177820295095444 0.205107197165489 0.213243499398232 0.193955525755882 0.198154911398888 0.20594197511673 0.211041435599327 0.205084472894669 0.18867489695549 0.188263565301895 0.201015785336494 0.204874202609062 0.19310736656189 0.181894794106483 0.196939066052437 0.211019575595856 0.200040385127068 0.200535580515862 0.204484850168228 0.21438455581665 0.200489163398743 0.20557589828968 0.214464530348778 0.206033363938332 0.199829667806625 0.201206713914871 0.217739939689636 0.206915378570557 0.190824955701828
