data/trimmed_ndre/Od_ndre.77.2010_no_clouds.asc
NCOLS 144 
NROWS 65 
XLLCORNER 512965 
YLLCORNER 5150865 
CELLSIZE 5 
NODATA_value -3.4e+38 
[rows 42 to 62 of 65, columns 47 to 93 of 144]
0.249252051115036 0.240370362997055 0.226428791880608 0.229720771312714 0.238105416297913 0.238147810101509 0.211849674582481 0.23135344684124 0.256163120269775 0.259688794612885 0.24361264705658 0.227502763271332 0.22428035736084 0.226683869957924 0.238899499177933 0.224322006106377 0.208749487996101 0.205806344747543 0.208725363016129 0.217421427369118 0.246406272053719 0.26747339963913 0.27009916305542 0.260749489068985 0.255222201347351 0.252544909715652 0.252680838108063 0.26374027132988 0.266686886548996 0.260939598083496 0.267174303531647 0.263120353221893 0.252554565668106 0.261186450719833 0.275382876396179 0.276130139827728 0.270062834024429 0.271652221679688 0.263440072536469 0.257976561784744 0.272342562675476 0.255138605833054 0.22847792506218 0.227131739258766 0.22582620382309 0.225389152765274 0.210197895765305
0.251804530620575 0.241573303937912 0.226579636335373 0.228832691907883 0.214203760027885 0.222540125250816 0.237666398286819 0.247957602143288 0.26110103726387 0.257684290409088 0.24175538122654 0.235094591975212 0.240513995289803 0.240135505795479 0.241390034556389 0.22262966632843 0.212724909186363 0.223006710410118 0.236825212836266 0.239791631698608 0.260073989629745 0.287971675395966 0.296365886926651 0.27487850189209 0.244261220097542 0.248204126954079 0.255619019269943 0.286966025829315 0.28830099105835 0.263932824134827 0.272037357091904 0.274793773889542 0.263808041810989 0.264181673526764 0.267174899578094 0.265251308679581 0.250589579343796 0.235688894987106 0.237373694777489 0.232618495821953 0.230969071388245 0.221344605088234 0.219723895192146 0.225240841507912 0.2261121571064 0.228235647082329 0.218737736344337
0.236278057098389 0.227494716644287 0.216221153736115 0.226989477872849 0.220215514302254 0.224142581224442 0.232324555516243 0.235079079866409 0.248456135392189 0.245925441384315 0.231826111674309 0.232088938355446 0.248348996043205 0.24259577691555 0.22801673412323 0.218873262405396 0.21717831492424 0.229321613907814 0.245643958449364 0.250950157642365 0.269046872854233 0.286640375852585 0.27700263261795 0.249220743775368 0.231271982192993 0.229426220059395 0.225671276450157 0.24762898683548 0.263722449541092 0.248254373669624 0.246936991810799 0.248722195625305 0.240186870098114 0.228635311126709 0.219738036394119 0.219650611281395 0.210450664162636 0.203756585717201 0.222413405776024 0.204031452536583 0.190303593873978 0.201752096414566 0.192252889275551 0.194996014237404 0.204360619187355 0.207723453640938 0.200935482978821
0.227803885936737 0.211735129356384 0.224111124873161 0.241616204380989 0.238432958722115 0.212286680936813 0.207879945635796 0.21815724670887 0.234083846211433 0.239959225058556 0.224894464015961 0.212555795907974 0.225547417998314 0.226150944828987 0.219259217381477 0.217304766178131 0.215724810957909 0.216790899634361 0.220821514725685 0.217136457562447 0.232068821787834 0.239818915724754 0.221360012888908 0.220587983727455 0.231795012950897 0.234466999769211 0.215159505605698 0.207848370075226 0.227267265319824 0.2296993881464 0.222560226917267 0.219871982932091 0.203136041760445 0.186291411519051 0.1863132417202 0.199997067451477 0.201118394732475 0.193078398704529 0.194366782903671 0.190443187952042 0.190534576773643 0.191205322742462 0.172071307897568 0.163374662399292 0.153568238019943 0.161039844155312 0.187039524316788
0.230048656463623 0.226723566651344 0.253876149654388 0.226253792643547 0.215213552117348 0.230751350522041 0.221068695187569 0.222019642591476 0.229385405778885 0.239372864365578 0.226819694042206 0.211436584591866 0.214020103216171 0.22036424279213 0.219612091779709 0.213883683085442 0.210527196526527 0.188195407390594 0.188356161117554 0.191447243094444 0.190989956259727 0.200290605425835 0.199356734752655 0.197522595524788 0.211383953690529 0.216111063957214 0.201357632875443 0.19540086388588 0.203134909272194 0.191937893629074 0.188539430499077 0.192437022924423 0.184396773576736 0.180215105414391 0.193610340356827 0.212275341153145 0.208372890949249 0.188895866274834 0.175836220383644 0.186971306800842 0.183510184288025 0.17136025428772 0.158612236380577 0.144187062978745 0.137498185038567 0.15440933406353 0.183260977268219
0.248468354344368 0.254361629486084 0.265120893716812 0.240390911698341 0.236316964030266 0.252037346363068 0.237856045365334 0.239507019519806 0.240135952830315 0.246696352958679 0.244659885764122 0.234865188598633 0.222963228821754 0.222439423203468 0.210097745060921 0.208100393414497 0.208934113383293 0.185170084238052 0.190768957138062 0.194503650069237 0.186005145311356 0.194051116704941 0.202158093452454 0.201054394245148 0.199383825063705 0.192687466740608 0.18797966837883 0.193196401000023 0.194507792592049 0.181849837303162 0.185635566711426 0.198207423090935 0.200300246477127 0.192965671420097 0.195035442709923 0.205312147736549 0.205434799194336 0.187138706445694 0.165934219956398 0.167144566774368 0.161518484354019 0.159761026501656 0.159194722771645 0.154802069067955 0.164349466562271 0.170899033546448 0.15747843682766
0.260786503553391 0.269334077835083 0.265130579471588 0.252657502889633 0.242416471242905 0.229799926280975 0.227260410785675 0.247730046510696 0.240874886512756 0.233224466443062 0.24160723388195 0.235884577035904 0.227721214294434 0.211152881383896 0.200934916734695 0.207639798521996 0.217102184891701 0.206742331385612 0.196147829294205 0.180245026946068 0.166540026664734 0.184333205223083 0.204315945506096 0.203138574957848 0.196461498737335 0.20361565053463 0.202637761831284 0.195381164550781 0.193496614694595 0.188210174441338 0.196036353707314 0.210861593484879 0.211429253220558 0.195736542344093 0.193092569708824 0.196918904781342 0.195412635803223 0.187187984585762 0.171742901206017 0.169467344880104 0.167235717177391 0.175911456346512 0.181826904416084 0.178264155983925 0.182355016469955 0.190686091780663 0.178872004151344
0.23093156516552 0.238168776035309 0.238721296191216 0.233814403414726 0.223395556211472 0.213097706437111 0.205444872379303 0.210954412817955 0.211811617016792 0.20334480702877 0.207298800349236 0.208963125944138 0.223989203572273 0.218477502465248 0.209701985120773 0.210080549120903 0.21039916574955 0.206102624535561 0.187841325998306 0.180138945579529 0.185063913464546 0.198504894971848 0.197380945086479 0.186949416995049 0.176913693547249 0.18909053504467 0.194968491792679 0.174159049987793 0.171946883201599 0.177375584840775 0.192638903856277 0.204515710473061 0.201044470071793 0.190716117620468 0.194155007600784 0.195923075079918 0.191025108098984 0.190630957484245 0.187297239899635 0.183144643902779 0.180488124489784 0.191113531589508 0.191036254167557 0.182068139314651 0.184630125761032 0.199654102325439 0.196500226855278
0.194633409380913 0.201803877949715 0.215701922774315 0.215115502476692 0.198237374424934 0.185606345534325 0.183229357004166 0.179159834980965 0.193722456693649 0.18825289607048 0.204560801386833 0.216461226344109 0.213906064629555 0.210083663463593 0.21043036878109 0.206810191273689 0.18206213414669 0.175671979784966 0.174119472503662 0.184431806206703 0.194979324936867 0.197415947914124 0.19014485180378 0.184600114822388 0.164564520120621 0.17011134326458 0.185230478644371 0.164071381092072 0.153582856059074 0.167110770940781 0.18671914935112 0.192474603652954 0.186797961592674 0.187764093279839 0.194099798798561 0.19981461763382 0.20088104903698 0.197539553046227 0.190398633480072 0.192222446203232 0.187163427472115 0.186200767755508 0.186969265341759 0.189322739839554 0.194721847772598 0.198926016688347 0.191596955060959
0.198113173246384 0.203414976596832 0.198529228568077 0.193780764937401 0.182219818234444 0.179810062050819 0.193692833185196 0.198728010058403 0.196587070822716 0.182669714093208 0.198932603001595 0.208885386586189 0.196013793349266 0.191100180149078 0.20068433880806 0.213918745517731 0.192256063222885 0.188222900032997 0.191349968314171 0.186805963516235 0.176947325468063 0.159266352653503 0.173295065760612 0.201201796531677 0.190264746546745 0.176522821187973 0.192423641681671 0.185419723391533 0.163596972823143 0.176059797406197 0.197971656918526 0.190992906689644 0.183738484978676 0.186150699853897 0.191083297133446 0.201831370592117 0.209172457456589 0.201263949275017 0.186026558279991 0.195582434535027 0.200553685426712 0.19513039290905 0.189482003450394 0.190105840563774 0.200255736708641 0.199441075325012 0.188694566488266
0.213569805026054 0.199276879429817 0.183515161275864 0.179714620113373 0.189150840044022 0.194715052843094 0.20333443582058 0.211412712931633 0.202447772026062 0.188787236809731 0.196881398558617 0.19510555267334 0.195685833692551 0.193545684218407 0.208968728780746 0.227140635251999 0.214619964361191 0.209998622536659 0.208314552903175 0.20112070441246 0.190776526927948 0.174920439720154 0.183558166027069 0.214091092348099 0.213755384087563 0.186593517661095 0.190473988652229 0.198279947042465 0.183647990226746 0.19974273443222 0.207710713148117 0.192365348339081 0.183871284127235 0.18915644288063 0.193026900291443 0.200063407421112 0.206083104014397 0.204021334648132 0.195169538259506 0.194919064640999 0.200928583741188 0.203753784298897 0.200956791639328 0.196038633584976 0.201535955071449 0.205955639481544 0.203247144818306
0.207193672657013 0.189550951123238 0.174720823764801 0.177617594599724 0.204123944044113 0.209460586309433 0.196930468082428 0.206830829381943 0.208302035927773 0.207609817385674 0.205453380942345 0.192175164818764 0.200219735503197 0.216146931052208 0.224102795124054 0.237044543027878 0.222376242280006 0.201007232069969 0.200273752212524 0.20951983332634 0.218685522675514 0.212762430310249 0.195336505770683 0.196810975670815 0.204104602336884 0.18537263572216 0.181191816926003 0.200544476509094 0.201579883694649 0.200888529419899 0.199031502008438 0.186849027872086 0.178826242685318 0.195619747042656 0.20073601603508 0.197166711091995 0.198707044124603 0.205881670117378 0.203070878982544 0.19758765399456 0.197868794202805 0.214235693216324 0.220090597867966 0.212358325719833 0.214464783668518 0.216016426682472 0.219732895493507
0.202126353979111 0.190903872251511 0.179472491145134 0.18499344587326 0.206759437918663 0.214768379926682 0.200951859354973 0.205992877483368 0.216622993350029 0.232109174132347 0.231387495994568 0.210360914468765 0.214639917016029 0.22982269525528 0.226024731993675 0.233049765229225 0.219645857810974 0.19924695789814 0.210648581385612 0.207890316843987 0.213183343410492 0.21616917848587 0.193566709756851 0.191331744194031 0.199970439076424 0.187625080347061 0.187642693519592 0.199286192655563 0.19806107878685 0.182502180337906 0.19061079621315 0.198646903038025 0.196766272187233 0.206286787986755 0.209855675697327 0.199798971414566 0.19524647295475 0.20831386744976 0.222591042518616 0.212557926774025 0.203443288803101 0.221968546509743 0.22704404592514 0.217921376228333 0.213649794459343 0.213805183768272 0.221085742115974
0.207978785037994 0.205778613686562 0.195141658186913 0.190374180674553 0.206697955727577 0.224306628108025 0.219296663999557 0.212562188506126 0.219513684511185 0.238491326570511 0.242671757936478 0.222600281238556 0.220176324248314 0.217265605926514 0.211894944310188 0.216123774647713 0.203997641801834 0.194020345807076 0.204890847206116 0.197867810726166 0.188161537051201 0.198309615254402 0.198714897036552 0.209228470921516 0.216027155518532 0.20173679292202 0.194023683667183 0.19428788125515 0.192362487316132 0.19540099799633 0.20929017663002 0.22367562353611 0.217125937342644 0.211085960268974 0.218678295612335 0.212177410721779 0.200653985142708 0.209833830595016 0.229660481214523 0.223554417490959 0.208555445075035 0.216502100229263 0.217854499816895 0.222445383667946 0.219517916440964 0.208978593349457 0.214806228876114
0.204327613115311 0.216752275824547 0.221616417169571 0.206428542733192 0.209621295332909 0.224948897957802 0.218069925904274 0.218567341566086 0.228160962462425 0.236612945795059 0.231944009661674 0.216697856783867 0.214184954762459 0.206513673067093 0.194563060998917 0.191664323210716 0.194552600383759 0.188364416360855 0.197491586208344 0.216033905744553 0.208143144845963 0.20037467777729 0.206281706690788 0.214883640408516 0.225250273942947 0.204484313726425 0.193675607442856 0.217099770903587 0.211449593305588 0.205122798681259 0.215752586722374 0.227710768580437 0.221458345651627 0.217258244752884 0.222336366772652 0.219480782747269 0.210009977221489 0.207669004797935 0.215600743889809 0.224517002701759 0.222001686692238 0.218556731939316 0.215679839253426 0.228056222200394 0.231194332242012 0.212146684527397 -3.4e+38
0.207414507865906 0.217451333999634 0.227618604898453 0.211261913180351 0.204616978764534 0.213512718677521 0.207670494914055 0.218211054801941 0.226223707199097 0.221577629446983 0.212913066148758 0.205612599849701 0.207198172807693 0.199556082487106 0.190192297101021 0.193293884396553 0.198735609650612 0.193112194538116 0.199867114424706 0.221260488033295 0.219876766204834 0.217846840620041 0.213287621736526 0.209577858448029 0.21890090405941 0.217946127057076 0.206901460886002 0.211335524916649 0.209017738699913 0.206316575407982 0.207934096455574 0.216053515672684 0.205757945775986 0.211977437138557 0.224741220474243 0.220295578241348 0.213944315910339 0.206194713711739 0.209848955273628 0.225453525781631 0.230984464287758 0.229954078793526 -3.4e+38 -3.4e+38 -3.4e+38 -3.4e+38 -3.4e+38
0.193247601389885 0.204690635204315 0.211171984672546 0.197402253746986 0.203128203749657 0.205759063363075 0.196591019630432 0.21246762573719 0.21554034948349 0.205979883670807 0.20169124007225 0.204457730054855 0.2090764939785 0.202387794852257 0.203262805938721 0.203415542840958 0.202518075704575 0.197159767150879 0.20202100276947 0.213651895523071 0.224117204546928 0.23413497209549 0.227987244725227 0.220371752977371 0.2301065325737 0.229635074734688 0.218964889645576 0.207674816250801 0.207719817757607 0.220447406172752 0.234216317534447 0.228739187121391 0.212602913379669 0.214284837245941 0.222323253750801 -3.4e+38 -3.4e+38 -3.4e+38 -3.4e+38 -3.4e+38 -3.4e+38 -3.4e+38 -3.4e+38 -3.4e+38 -3.4e+38 -3.4e+38 -3.4e+38
0.200182482600212 0.212338864803314 0.216113805770874 0.19524197280407 0.19867530465126 0.206727877259254 0.202474772930145 0.203892692923546 0.205239489674568 0.204899713397026 0.207408532500267 0.21954445540905 0.222322076559067 0.209783017635345 0.205808371305466 0.200950458645821 0.208934560418129 0.222668275237083 0.22432079911232 0.216541841626167 0.220470085740089 0.239640891551971 0.239878684282303 0.237426519393921 0.232864663004875 0.225414156913757 0.233432322740555 0.231616988778114 -3.4e+38 -3.4e+38 -3.4e+38 -3.4e+38 -3.4e+38 -3.4e+38 -3.4e+38 -3.4e+38 -3.4e+38 -3.4e+38 -3.4e+38 -3.4e+38 -3.4e+38 -3.4e+38 -3.4e+38 -3.4e+38 -3.4e+38 -3.4e+38 -3.4e+38
0.234434127807617 0.232637375593185 0.218061506748199 0.203917145729065 0.212764859199524 0.224711805582047 0.212911233305931 0.195054516196251 0.204122558236122 0.210701510310173 0.222426757216454 0.237248852849007 0.231887206435204 0.208147898316383 0.202254578471184 0.224621444940567 0.230296418070793 -3.4e+38 -3.4e+38 -3.4e+38 -3.4e+38 -3.4e+38 -3.4e+38 -3.4e+38 -3.4e+38 -3.4e+38 -3.4e+38 -3.4e+38 -3.4e+38 -3.4e+38 -3.4e+38 -3.4e+38 -3.4e+38 -3.4e+38 -3.4e+38 -3.4e+38 -3.4e+38 -3.4e+38 -3.4e+38 -3.4e+38 -3.4e+38 -3.4e+38 -3.4e+38 -3.4e+38 -3.4e+38 -3.4e+38 -3.4e+38
0.244533434510231 0.2337945997715 0.21869769692421 0.21976275742054 0.232372373342514 0.231276825070381 -3.4e+38 -3.4e+38 -3.4e+38 -3.4e+38 -3.4e+38 -3.4e+38 -3.4e+38 -3.4e+38 -3.4e+38 -3.4e+38 -3.4e+38 -3.4e+38 -3.4e+38 -3.4e+38 -3.4e+38 -3.4e+38 -3.4e+38 -3.4e+38 -3.4e+38 -3.4e+38 -3.4e+38 -3.4e+38 -3.4e+38 -3.4e+38 -3.4e+38 -3.4e+38 -3.4e+38 -3.4e+38 -3.4e+38 -3.4e+38 -3.4e+38 -3.4e+38 -3.4e+38 -3.4e+38 -3.4e+38 -3.4e+38 -3.4e+38 -3.4e+38 -3.4e+38 -3.4e+38 -3.4e+38
0.230546534061432 0.228477790951729 -3.4e+38 -3.4e+38 -3.4e+38 -3.4e+38 -3.4e+38 -3.4e+38 -3.4e+38 -3.4e+38 -3.4e+38 -3.4e+38 -3.4e+38 -3.4e+38 -3.4e+38 -3.4e+38 -3.4e+38 -3.4e+38 -3.4e+38 -3.4e+38 -3.4e+38 -3.4e+38 -3.4e+38 -3.4e+38 -3.4e+38 -3.4e+38 -3.4e+38 -3.4e+38 -3.4e+38 -3.4e+38 -3.4e+38 -3.4e+38 -3.4e+38 -3.4e+38 -3.4e+38 -3.4e+38 -3.4e+38 -3.4e+38 -3.4e+38 -3.4e+38 -3.4e+38 -3.4e+38 -3.4e+38 -3.4e+38 -3.4e+38 -3.4e+38 -3.4e+38
