data/trimmed_ndre/Od_ndre.613.2012_no_clouds.asc
NCOLS 144 
NROWS 65 
XLLCORNER 512965 
YLLCORNER 5150865 
CELLSIZE 5 
NODATA_value -3.4e+38 
[rows 42 to 62 of 65, columns 47 to 93 of 144]
0.597284138202667 0.594523310661316 0.592123508453369 0.5871422290802 0.58102548122406 0.588624596595764 0.597964763641357 0.599019467830658 0.596834182739258 0.590801000595093 0.580757141113281 0.574195265769958 0.567651450634003 0.556458652019501 0.545190572738647 0.538860738277435 0.519054591655731 0.495575815439224 0.505493223667145 0.497809767723083 0.483393013477325 0.486089646816254 0.501581013202667 0.51411646604538 0.505050122737885 0.502476096153259 0.498742043972015 0.488610446453094 0.486005336046219 0.492245465517044 0.485806435346603 0.46062758564949 0.439559161663055 0.428003013134003 0.420161634683609 0.430462777614594 0.445806056261063 0.451215535402298 0.443597674369812 0.426488041877747 0.424421370029449 0.426396876573563 0.418872535228729 0.403477966785431 0.402463912963867 0.392922550439835 0.397984594106674
0.573956429958344 0.574672043323517 0.580073833465576 0.584073424339294 0.581985354423523 0.58831524848938 0.603242814540863 0.610528409481049 0.601172566413879 0.585774123668671 0.580275475978851 0.572656810283661 0.559670090675354 0.546638071537018 0.537431001663208 0.537687599658966 0.511765658855438 0.475118696689606 0.473581969738007 0.475238174200058 0.46249908208847 0.466755628585815 0.500702083110809 0.530343294143677 0.519223511219025 0.504177808761597 0.493725329637527 0.491804778575897 0.475800454616547 0.470878332853317 0.472730547189713 0.472856283187866 0.469268172979355 0.465365260839462 0.462788164615631 0.466953992843628 0.466383427381516 0.462356001138687 0.460418492555618 0.453769713640213 0.446183234453201 0.443091243505478 0.432381331920624 0.429012149572372 0.436606854200363 0.42519149184227 0.430419653654099
0.571834206581116 0.581580698490143 0.588865637779236 0.592359364032745 0.591902077198029 0.590313196182251 0.588589072227478 0.591603338718414 0.59763890504837 0.592796981334686 0.585881233215332 0.575046896934509 0.556423962116241 0.535292208194733 0.522959232330322 0.521223425865173 0.500572085380554 0.478006660938263 0.487675935029984 0.510069608688354 0.511130928993225 0.48712232708931 0.488111913204193 0.507036685943604 0.518003463745117 0.516987323760986 0.517470240592957 0.510028958320618 0.496926575899124 0.508492052555084 0.509390652179718 0.510531723499298 0.522755265235901 0.532330811023712 0.528973162174225 0.514390170574188 0.489961713552475 0.470864742994308 0.461120516061783 0.454711765050888 0.442786693572998 0.44226285815239 0.442342638969421 0.450434803962708 0.457211077213287 0.448128432035446 0.451775670051575
0.58265894651413 0.591103136539459 0.594274997711182 0.595115780830383 0.592888414859772 0.588134765625 0.580686628818512 0.579271554946899 0.586390793323517 0.586503386497498 0.583478987216949 0.574744403362274 0.5618736743927 0.554677069187164 0.538738429546356 0.524313867092133 0.513262331485748 0.512655854225159 0.528538465499878 0.533692598342896 0.533374786376953 0.510063529014587 0.494503557682037 0.504273235797882 0.524020314216614 0.534362614154816 0.538356900215149 0.538714110851288 0.532002747058868 0.544007122516632 0.537165820598602 0.538397073745728 0.556802272796631 0.560836017131805 0.554340302944183 0.530514001846313 0.491394340991974 0.46915191411972 0.469052910804749 0.463720411062241 0.440639555454254 0.439152032136917 0.450098633766174 0.463907152414322 0.467771232128143 0.451323270797729 0.454251974821091
0.589825510978699 0.588320255279541 0.587529420852661 0.587889909744263 0.588344633579254 0.586675047874451 0.583324432373047 0.589486956596375 0.590672969818115 0.579651713371277 0.572552144527435 0.561545431613922 0.55811595916748 0.565594077110291 0.553752362728119 0.537081122398376 0.540082395076752 0.529737591743469 0.520947694778442 0.528439700603485 0.533612012863159 0.517279148101807 0.500890374183655 0.503463327884674 0.514437198638916 0.523173391819 0.51740288734436 0.528118669986725 0.537113785743713 0.538967132568359 0.540327310562134 0.535894751548767 0.539693772792816 0.544134438037872 0.549081027507782 0.532220184803009 0.494837164878845 0.471770286560059 0.478472769260406 0.482346773147583 0.462393760681152 0.462489366531372 0.472321063280106 0.474340468645096 0.474123537540436 0.46645849943161 0.474784404039383
0.586155295372009 0.578768789768219 0.579941749572754 0.581174790859222 0.585929274559021 0.589911699295044 0.590308427810669 0.599027752876282 0.595830857753754 0.581376075744629 0.571725726127625 0.555601060390472 0.551106870174408 0.557339131832123 0.543562471866608 0.534477174282074 0.541767954826355 0.53038626909256 0.501811027526855 0.498820394277573 0.49877268075943 0.492235958576202 0.482761800289154 0.465568542480469 0.468197017908096 0.491345703601837 0.500536322593689 0.506377160549164 0.499066948890686 0.503151476383209 0.52287620306015 0.519478797912598 0.513216197490692 0.522775411605835 0.540571689605713 0.538371384143829 0.508983969688416 0.490373224020004 0.489715248346329 0.493882954120636 0.481121599674225 0.477613389492035 0.482769459486008 0.490571677684784 0.501882374286652 0.514356911182404 0.524386584758759
0.569094359874725 0.563390791416168 0.568608582019806 0.569361746311188 0.568862438201904 0.570423543453217 0.569934844970703 0.567834138870239 0.561624050140381 0.558236658573151 0.553203344345093 0.540429890155792 0.534422039985657 0.52992981672287 0.512027978897095 0.501531720161438 0.504828333854675 0.50015664100647 0.477039963006973 0.466661721467972 0.46713575720787 0.462702423334122 0.462926745414734 0.452648729085922 0.450492978096008 0.469416409730911 0.480005025863647 0.474417835474014 0.461946129798889 0.471267133951187 0.496838182210922 0.500448167324066 0.49141526222229 0.496406495571136 0.517028629779816 0.531092345714569 0.518300652503967 0.508537769317627 0.500279188156128 0.485575377941132 0.476036369800568 0.479939311742783 0.488109320402145 0.50062507390976 0.518496692180634 0.548541307449341 0.564268350601196
0.538862287998199 0.539766609668732 0.537858009338379 0.532837212085724 0.527373552322388 0.522223711013794 0.516489803791046 0.518076539039612 0.514757633209229 0.51581734418869 0.517728865146637 0.510007619857788 0.507428169250488 0.498073577880859 0.481779307126999 0.475178956985474 0.475069940090179 0.471769481897354 0.465781390666962 0.459355890750885 0.458875268697739 0.455934017896652 0.456953853368759 0.453539133071899 0.449861645698547 0.458675891160965 0.463120967149734 0.458051443099976 0.447833746671677 0.463281005620956 0.483131498098373 0.479529798030853 0.468850493431091 0.467002987861633 0.482795596122742 0.492813497781754 0.492660075426102 0.495403051376343 0.493896663188934 0.473402231931686 0.462956011295319 0.477807909250259 0.492217600345612 0.492891252040863 0.495078444480896 0.516135215759277 0.535754144191742
0.494983434677124 0.493775308132172 0.487723469734192 0.484099090099335 0.482596188783646 0.476560652256012 0.47038272023201 0.469361662864685 0.469560444355011 0.476751983165741 0.484812647104263 0.484750360250473 0.484409272670746 0.470535308122635 0.454435437917709 0.45407634973526 0.457240343093872 0.464111059904099 0.471062630414963 0.465384900569916 0.453914374113083 0.449885308742523 0.45553395152092 0.463380426168442 0.462460458278656 0.462715476751328 0.458127826452255 0.447632223367691 0.438462525606155 0.451626151800156 0.468108266592026 0.464438110589981 0.454045087099075 0.451563686132431 0.461317181587219 0.46573993563652 0.467482626438141 0.472766727209091 0.481252431869507 0.48221743106842 0.476605921983719 0.477332025766373 0.487162858247757 0.48895338177681 0.480071008205414 0.48476243019104 0.497106075286865
0.455282986164093 0.449825465679169 0.452255070209503 0.462525129318237 0.467062443494797 0.461046516895294 0.449877709150314 0.448570936918259 0.451947748661041 0.460684776306152 0.469833493232727 0.476473778486252 0.476218551397324 0.452511250972748 0.435808926820755 0.440176069736481 0.446443289518356 0.458873420953751 0.468705832958221 0.46715646982193 0.454506248235703 0.450646907091141 0.460098683834076 0.471572786569595 0.47738841176033 0.475843667984009 0.466584116220474 0.44835090637207 0.436021357774734 0.437054932117462 0.45441859960556 0.462220162153244 0.457264721393585 0.452254444360733 0.453259468078613 0.453669637441635 0.460317045450211 0.468751430511475 0.473242998123169 0.4701007604599 0.475183874368668 0.485429137945175 0.494818866252899 0.50695413351059 0.508172690868378 0.507508456707001 0.511772692203522
0.448143869638443 0.438089698553085 0.439129084348679 0.449748784303665 0.466465473175049 0.478625267744064 0.468122184276581 0.454943656921387 0.455049574375153 0.460188716650009 0.465721189975739 0.472466766834259 0.475582122802734 0.4544498026371 0.435486644506454 0.437825322151184 0.439732074737549 0.446212321519852 0.451413065195084 0.456131011247635 0.455705314874649 0.45500659942627 0.462767273187637 0.469808548688889 0.477241784334183 0.477906286716461 0.472587555646896 0.461947470903397 0.449964135885239 0.439574301242828 0.455337703227997 0.473401129245758 0.47469899058342 0.477311819791794 0.472445011138916 0.466688007116318 0.476771742105484 0.488921999931335 0.484361171722412 0.481423676013947 0.497407585382462 0.509272515773773 0.509738743305206 0.523477613925934 0.521705567836761 0.515847563743591 0.514997899532318
0.455846011638641 0.45493096113205 0.463038235902786 0.468146204948425 0.474285542964935 0.494629293680191 0.505536019802094 0.495160728693008 0.482074737548828 0.475088715553284 0.464500725269318 0.470188826322556 0.477352261543274 0.465660214424133 0.457374572753906 0.460655450820923 0.459475994110107 0.447496503591537 0.446283042430878 0.455937176942825 0.46101051568985 0.46147894859314 0.459334343671799 0.453706711530685 0.457381337881088 0.469279050827026 0.475906819105148 0.483756482601166 0.475406289100647 0.457690626382828 0.473046064376831 0.494290620088577 0.498609513044357 0.505586624145508 0.49605518579483 0.484261840581894 0.492859363555908 0.505038857460022 0.504175543785095 0.505295038223267 0.522971034049988 0.523450076580048 0.520817697048187 0.529662609100342 0.516799211502075 0.512007057666779 0.520397126674652
0.465181738138199 0.47372642159462 0.484839886426926 0.490450114011765 0.469912111759186 0.466250240802765 0.489627420902252 0.500986218452454 0.494227737188339 0.48198601603508 0.467396676540375 0.46933588385582 0.47485277056694 0.470135122537613 0.473192483186722 0.476237177848816 0.477611869573593 0.47174283862114 0.46730849146843 0.474108815193176 0.473121225833893 0.46962296962738 0.457639038562775 0.447176247835159 0.452316343784332 0.470800071954727 0.483613014221191 0.503409087657928 0.502994060516357 0.486338376998901 0.494144856929779 0.499349266290665 0.501538693904877 0.50736266374588 0.497001051902771 0.484601497650146 0.490666568279266 0.503497183322906 0.511386573314667 0.520543575286865 0.533102929592133 0.52631551027298 0.525280952453613 0.532517850399017 0.505587339401245 0.504926323890686 0.519748985767365
0.46878919005394 0.464413851499557 0.462153106927872 0.478319197893143 0.466275125741959 0.450982093811035 0.467281341552734 0.488061457872391 0.48957684636116 0.474993139505386 0.471076190471649 0.461283206939697 0.45802041888237 0.466963708400726 0.480176270008087 0.481906682252884 0.481489211320877 0.498363077640533 0.505224943161011 0.492988795042038 0.478611528873444 0.470067411661148 0.463436454534531 0.461639672517776 0.469059437513351 0.480649590492249 0.492283791303635 0.506179988384247 0.51626855134964 0.506924688816071 0.50054407119751 0.489273995161057 0.487595975399017 0.49266317486763 0.48827788233757 0.48582524061203 0.491934269666672 0.49699193239212 0.503295004367828 0.520541369915009 0.530092120170593 0.514761209487915 0.515975058078766 0.516392588615417 0.490889549255371 0.502950966358185 0.516453444957733
0.47321280837059 0.45342805981636 0.448691755533218 0.46631532907486 0.470031917095184 0.470846265554428 0.469534546136856 0.48820087313652 0.497517496347427 0.478769987821579 0.458959728479385 0.446090668439865 0.456780731678009 0.481148213148117 0.492252737283707 0.508042812347412 0.503078758716583 0.490630567073822 0.492816656827927 0.492642343044281 0.484440177679062 0.478182464838028 0.473707884550095 0.47975954413414 0.488614350557327 0.494712769985199 0.489157289266586 0.489885568618774 0.512658536434174 0.514725744724274 0.498523861169815 0.481097668409348 0.480964362621307 0.4935362637043 0.494592636823654 0.500864148139954 0.508194208145142 0.502426087856293 0.494906604290009 0.504468321800232 0.511069059371948 0.502189457416534 0.511977255344391 0.507693469524384 0.48956286907196 0.514706254005432 -3.4e+38
0.479972273111343 0.452206075191498 0.456380218267441 0.478894740343094 0.491481989622116 0.500737845897675 0.483899980783463 0.472326040267944 0.46425473690033 0.473877847194672 0.483997613191605 0.475933521986008 0.485211551189423 0.505156576633453 0.505223631858826 0.503123462200165 0.498757600784302 0.488022565841675 0.48696357011795 0.498812913894653 0.509674727916718 0.506016671657562 0.493109285831451 0.487591683864594 0.494685053825378 0.493975847959518 0.483678638935089 0.482800781726837 0.513107538223267 0.522128701210022 0.504766404628754 0.494421392679214 0.505731582641602 0.517818212509155 0.514986515045166 0.518382608890533 0.521857142448425 0.512996196746826 0.50622147321701 0.508138656616211 0.507946848869324 0.508365452289581 -3.4e+38 -3.4e+38 -3.4e+38 -3.4e+38 -3.4e+38
0.480202794075012 0.472468942403793 0.479403525590897 0.500645577907562 0.510129034519196 0.504858553409576 0.498497039079666 0.486919403076172 0.476367026567459 0.502148747444153 0.533010125160217 0.521028161048889 0.500281512737274 0.490441739559174 0.49718976020813 0.506995737552643 0.51612651348114 0.518414676189423 0.512572288513184 0.516483426094055 0.5252406001091 0.525404214859009 0.519487500190735 0.511842906475067 0.504086852073669 0.491345852613449 0.499846011400223 0.51143491268158 0.525460243225098 0.532785415649414 0.528716623783112 0.525832772254944 0.533734500408173 0.537840604782104 0.528538167476654 -3.4e+38 -3.4e+38 -3.4e+38 -3.4e+38 -3.4e+38 -3.4e+38 -3.4e+38 -3.4e+38 -3.4e+38 -3.4e+38 -3.4e+38 -3.4e+38
0.497641086578369 0.50420755147934 0.500075101852417 0.508958399295807 0.515569865703583 0.510927557945251 0.525209367275238 0.529568374156952 0.520556807518005 0.524574398994446 0.534347951412201 0.534651815891266 0.528873682022095 0.517587900161743 0.521537125110626 0.537881910800934 0.540932476520538 0.53263932466507 0.525952696800232 0.524498403072357 0.525658071041107 0.532954514026642 0.534849226474762 0.539169251918793 0.532988131046295 0.520404994487762 0.53130179643631 0.524161398410797 -3.4e+38 -3.4e+38 -3.4e+38 -3.4e+38 -3.4e+38 -3.4e+38 -3.4e+38 -3.4e+38 -3.4e+38 -3.4e+38 -3.4e+38 -3.4e+38 -3.4e+38 -3.4e+38 -3.4e+38 -3.4e+38 -3.4e+38 -3.4e+38 -3.4e+38
0.522950649261475 0.526288092136383 0.514849483966827 0.510840952396393 0.524834752082825 0.537433445453644 0.545168101787567 0.545891523361206 0.537298381328583 0.532226860523224 0.532620191574097 0.546850442886353 0.563375473022461 0.560216665267944 0.548333644866943 0.544530868530273 0.540612936019897 -3.4e+38 -3.4e+38 -3.4e+38 -3.4e+38 -3.4e+38 -3.4e+38 -3.4e+38 -3.4e+38 -3.4e+38 -3.4e+38 -3.4e+38 -3.4e+38 -3.4e+38 -3.4e+38 -3.4e+38 -3.4e+38 -3.4e+38 -3.4e+38 -3.4e+38 -3.4e+38 -3.4e+38 -3.4e+38 -3.4e+38 -3.4e+38 -3.4e+38 -3.4e+38 -3.4e+38 -3.4e+38 -3.4e+38 -3.4e+38
0.531309306621552 0.534553349018097 0.527520298957825 0.521824896335602 0.5352543592453 0.547941446304321 -3.4e+38 -3.4e+38 -3.4e+38 -3.4e+38 -3.4e+38 -3.4e+38 -3.4e+38 -3.4e+38 -3.4e+38 -3.4e+38 -3.4e+38 -3.4e+38 -3.4e+38 -3.4e+38 -3.4e+38 -3.4e+38 -3.4e+38 -3.4e+38 -3.4e+38 -3.4e+38 -3.4e+38 -3.4e+38 -3.4e+38 -3.4e+38 -3.4e+38 -3.4e+38 -3.4e+38 -3.4e+38 -3.4e+38 -3.4e+38 -3.4e+38 -3.4e+38 -3.4e+38 -3.4e+38 -3.4e+38 -3.4e+38 -3.4e+38 -3.4e+38 -3.4e+38 -3.4e+38 -3.4e+38
0.515402615070343 0.534589767456055 -3.4e+38 -3.4e+38 -3.4e+38 -3.4e+38 -3.4e+38 -3.4e+38 -3.4e+38 -3.4e+38 -3.4e+38 -3.4e+38 -3.4e+38 -3.4e+38 -3.4e+38 -3.4e+38 -3.4e+38 -3.4e+38 -3.4e+38 -3.4e+38 -3.4e+38 -3.4e+38 -3.4e+38 -3.4e+38 -3.4e+38 -3.4e+38 -3.4e+38 -3.4e+38 -3.4e+38 -3.4e+38 -3.4e+38 -3.4e+38 -3.4e+38 -3.4e+38 -3.4e+38 -3.4e+38 -3.4e+38 -3.4e+38 -3.4e+38 -3.4e+38 -3.4e+38 -3.4e+38 -3.4e+38 -3.4e+38 -3.4e+38 -3.4e+38 -3.4e+38
