data/trimmed_ndre/Od_ndre.615.2010_no_clouds.asc
NCOLS 144 
NROWS 65 
XLLCORNER 512965 
YLLCORNER 5150865 
CELLSIZE 5 
NODATA_value -3.4e+38 
[rows 42 to 62 of 65, columns 0 to 46 of 144]
-3.4e+38 -3.4e+38 -3.4e+38 -3.4e+38 -3.4e+38 -3.4e+38 -3.4e+38 -3.4e+38 -3.4e+38 -3.4e+38 -3.4e+38 -3.4e+38 -3.4e+38 -3.4e+38 -3.4e+38 -3.4e+38 -3.4e+38 -3.4e+38 -3.4e+38 -3.4e+38 -3.4e+38 0.160025969147682 0.143701195716858 0.144579485058784 0.141359999775887 0.137249946594238 0.150073871016502 0.155129507184029 0.153788045048714 0.162203148007393 0.163444384932518 0.15344175696373 0.149256199598312 0.168650060892105 0.156179308891296 0.140960723161697 0.159725710749626 0.138923734426498 0.136848464608192 0.140823200345039 0.130297034978867 0.139748275279999 0.144280523061752 0.144860476255417 0.135527744889259 0.131164163351059 0.152893424034119
-3.4e+38 -3.4e+38 -3.4e+38 -3.4e+38 -3.4e+38 -3.4e+38 -3.4e+38 -3.4e+38 -3.4e+38 -3.4e+38 -3.4e+38 -3.4e+38 -3.4e+38 -3.4e+38 -3.4e+38 -3.4e+38 -3.4e+38 -3.4e+38 -3.4e+38 0.160149306058884 0.150142222642899 0.148175925016403 0.141287341713905 0.141608044505119 0.139311969280243 0.146714389324188 0.157718136906624 0.160789966583252 0.15729609131813 0.153020814061165 0.147904604673386 0.148225784301758 0.147954478859901 0.150272116065025 0.148487091064453 0.134387895464897 0.143387824296951 0.139436900615692 0.137159734964371 0.133819654583931 0.128528624773026 0.137070626020432 0.141770556569099 0.148332566022873 0.140755370259285 0.143021479249001 0.158371418714523
-3.4e+38 -3.4e+38 -3.4e+38 -3.4e+38 -3.4e+38 -3.4e+38 -3.4e+38 -3.4e+38 -3.4e+38 -3.4e+38 -3.4e+38 -3.4e+38 -3.4e+38 -3.4e+38 -3.4e+38 -3.4e+38 -3.4e+38 -3.4e+38 0.169966265559196 0.165254279971123 0.151260748505592 0.143664091825485 0.140329137444496 0.150167092680931 0.150254756212234 0.150728955864906 0.152716383337975 0.154107585549355 0.1528060734272 0.152237236499786 0.148405075073242 0.146632716059685 0.145995885133743 0.144551813602448 0.143251433968544 0.125562533736229 0.144199669361115 0.162334561347961 0.136934623122215 0.134112983942032 0.135458558797836 0.127983182668686 0.137199506163597 0.149803087115288 0.148751556873322 0.154917761683464 0.151595056056976
-3.4e+38 -3.4e+38 -3.4e+38 -3.4e+38 -3.4e+38 -3.4e+38 -3.4e+38 -3.4e+38 -3.4e+38 -3.4e+38 -3.4e+38 -3.4e+38 -3.4e+38 -3.4e+38 -3.4e+38 -3.4e+38 -3.4e+38 0.146111384034157 0.151336222887039 0.157611027359962 0.1590616106987 0.148815959692001 0.142299860715866 0.154512867331505 0.152809500694275 0.148886010050774 0.147495955228806 0.151648476719856 0.160454034805298 0.165052115917206 0.153560519218445 0.145287349820137 0.152153328061104 0.145062297582626 0.136071756482124 0.139578118920326 0.156195357441902 0.172055885195732 0.145848706364632 0.15191325545311 0.155641287565231 0.13920359313488 0.140754163265228 0.143960535526276 0.145346105098724 0.147518441081047 0.138462170958519
-3.4e+38 -3.4e+38 -3.4e+38 -3.4e+38 -3.4e+38 -3.4e+38 -3.4e+38 -3.4e+38 -3.4e+38 -3.4e+38 -3.4e+38 -3.4e+38 -3.4e+38 -3.4e+38 -3.4e+38 -3.4e+38 0.164711698889732 0.158947467803955 0.152738183736801 0.1482153236866 0.152714043855667 0.155253231525421 0.146593123674393 0.1495511084795 0.149309188127518 0.153797432780266 0.152988508343697 0.149731412529945 0.15568046271801 0.154379636049271 0.149954974651337 0.143941700458527 0.134675920009613 0.142703533172607 0.155519887804985 0.161575585603714 0.151111021637917 0.164591073989868 0.170749574899673 0.166247218847275 0.161550059914589 0.155659854412079 0.149390444159508 0.138393938541412 0.137235730886459 0.137503623962402 0.135190278291702
-3.4e+38 -3.4e+38 -3.4e+38 -3.4e+38 -3.4e+38 -3.4e+38 -3.4e+38 -3.4e+38 -3.4e+38 -3.4e+38 -3.4e+38 -3.4e+38 -3.4e+38 -3.4e+38 -3.4e+38 0.156235694885254 0.1559237241745 0.150302529335022 0.146764934062958 0.150721162557602 0.153372943401337 0.158557876944542 0.152566373348236 0.14728020131588 0.141782164573669 0.143545016646385 0.137854218482971 0.135831236839294 0.141203060746193 0.139630734920502 0.152453765273094 0.155090183019638 0.139162763953209 0.15931011736393 0.178697004914284 0.165577173233032 0.174116656184196 0.170044437050819 0.165696620941162 0.158423826098442 0.156296193599701 0.166773825883865 0.159241944551468 0.139271587133408 0.139464616775513 0.137768015265465 0.147942990064621
-3.4e+38 -3.4e+38 -3.4e+38 -3.4e+38 -3.4e+38 -3.4e+38 -3.4e+38 -3.4e+38 -3.4e+38 -3.4e+38 -3.4e+38 -3.4e+38 -3.4e+38 -3.4e+38 0.147585690021515 0.141222551465034 0.131852939724922 0.133154034614563 0.147628203034401 0.154850393533707 0.149493217468262 0.148830384016037 0.151251897215843 0.136678829789162 0.134738847613335 0.141568884253502 0.133956223726273 0.134316176176071 0.147903233766556 0.155626133084297 0.156788840889931 0.159485369920731 0.153233155608177 0.17226879298687 0.194367095828056 0.18208022415638 0.180598750710487 0.171257510781288 0.161279395222664 0.157824516296387 0.154941067099571 0.157136529684067 0.161210164427757 0.159941866993904 0.154797047376633 0.147794842720032 0.15886677801609
-3.4e+38 -3.4e+38 -3.4e+38 -3.4e+38 -3.4e+38 -3.4e+38 -3.4e+38 -3.4e+38 -3.4e+38 -3.4e+38 -3.4e+38 -3.4e+38 -3.4e+38 0.150644972920418 0.146514147520065 0.145770132541656 0.134595721960068 0.140735313296318 0.15642811357975 0.151250764727592 0.140962094068527 0.141251847147942 0.146853685379028 0.134738922119141 0.133655712008476 0.14892053604126 0.142375066876411 0.136300891637802 0.156843096017838 0.166800603270531 0.158104300498962 0.155782222747803 0.15809953212738 0.178911134600639 0.193157911300659 0.159864231944084 0.151002123951912 0.166707515716553 0.164755806326866 0.15876379609108 0.15249839425087 0.14383852481842 0.152836233377457 0.164003789424896 0.164545834064484 0.153437286615372 0.141431078314781
-3.4e+38 -3.4e+38 -3.4e+38 -3.4e+38 -3.4e+38 -3.4e+38 -3.4e+38 -3.4e+38 -3.4e+38 -3.4e+38 -3.4e+38 -3.4e+38 0.148572161793709 0.146301910281181 0.152687683701515 0.161341890692711 0.157575905323029 0.154704749584198 0.154377594590187 0.148252055048943 0.136194214224815 0.142834067344666 0.150811150670052 0.136052861809731 0.131686523556709 0.146924167871475 0.154552161693573 0.156242713332176 0.16791570186615 0.163738787174225 0.158055633306503 0.161114946007729 0.167760416865349 0.164041504263878 0.168498963117599 0.143668904900551 0.139767870306969 0.155741453170776 0.146397367119789 0.145392179489136 0.157318383455276 0.147538602352142 0.13836196064949 0.142508447170258 0.161185473203659 0.156328707933426 0.14658285677433
-3.4e+38 -3.4e+38 -3.4e+38 -3.4e+38 -3.4e+38 -3.4e+38 -3.4e+38 -3.4e+38 -3.4e+38 -3.4e+38 -3.4e+38 0.131319686770439 0.136909678578377 0.154751971364021 0.162111416459084 0.164105951786041 0.160599201917648 0.147269010543823 0.138878136873245 0.144362181425095 0.141318023204803 0.15241964161396 0.157724216580391 0.140135526657104 0.138452187180519 0.162171587347984 0.181535691022873 0.185994684696198 0.178399354219437 0.165214106440544 0.157249554991722 0.161534026265144 0.163583442568779 0.156666249036789 0.162177726626396 0.149881511926651 0.146403104066849 0.154896482825279 0.14748415350914 0.146649688482285 0.161884784698486 0.154718965291977 0.139038041234016 0.137064173817635 0.15997089445591 0.156854405999184 0.156468719244003
-3.4e+38 -3.4e+38 -3.4e+38 -3.4e+38 -3.4e+38 -3.4e+38 -3.4e+38 -3.4e+38 -3.4e+38 -3.4e+38 0.157631784677505 0.134359449148178 0.150787830352783 0.164624214172363 0.156115815043449 0.153214395046234 0.153921782970428 0.151761010289192 0.14340440928936 0.14901277422905 0.151863023638725 0.157511636614799 0.162450045347214 0.158149883151054 0.160052850842476 0.172896206378937 0.184745356440544 0.187196105718613 0.181673228740692 0.17237763106823 0.152844920754433 0.148433834314346 0.160854995250702 0.161297127604485 0.162486523389816 0.160067766904831 0.159239515662193 0.156564965844154 0.151647433638573 0.153244763612747 0.162344008684158 0.159915342926979 0.157453522086143 0.150356739759445 0.147804901003838 0.161008805036545 0.157142713665962
-3.4e+38 -3.4e+38 -3.4e+38 -3.4e+38 -3.4e+38 -3.4e+38 -3.4e+38 -3.4e+38 -3.4e+38 0.164627313613892 0.166723683476448 0.160787552595139 0.163459450006485 0.147371396422386 0.130769714713097 0.140007928013802 0.154870808124542 0.162138447165489 0.156101524829865 0.153339430689812 0.157455250620842 0.171111807227135 0.169272258877754 0.17067851126194 0.171560153365135 0.164343044161797 0.163924634456635 0.167975857853889 0.151797756552696 0.147696256637573 0.148367613554001 0.15019291639328 0.16095307469368 0.153694406151772 0.149949505925179 0.173476204276085 0.173021003603935 0.15665939450264 0.145438984036446 0.145874097943306 0.15730057656765 0.158633634448051 0.152198553085327 0.150103524327278 0.153539851307869 0.164044663310051 0.143802776932716
-3.4e+38 -3.4e+38 -3.4e+38 -3.4e+38 -3.4e+38 -3.4e+38 -3.4e+38 -3.4e+38 0.157551735639572 0.157375231385231 0.1670912951231 0.157863542437553 0.1491938829422 0.143270865082741 0.140278398990631 0.137611731886864 0.148783072829247 0.158913746476173 0.169283166527748 0.178145214915276 0.168217301368713 0.157087355852127 0.159679993987083 0.171768292784691 0.169967219233513 0.15196880698204 0.141393482685089 0.149200826883316 0.155353084206581 0.151468023657799 0.149931624531746 0.155406907200813 0.161041498184204 0.146852254867554 0.148610800504684 0.167585656046867 0.161156415939331 0.149494186043739 0.138506188988686 0.134326875209808 0.138962954282761 0.146301254630089 0.146625444293022 0.15906323492527 0.159653574228287 0.154591858386993 0.147596046328545
-3.4e+38 -3.4e+38 -3.4e+38 -3.4e+38 -3.4e+38 -3.4e+38 -3.4e+38 0.16400919854641 0.176357880234718 0.159115672111511 0.152371421456337 0.150217264890671 0.147074908018112 0.166890323162079 0.171940997242928 0.146837666630745 0.146260723471642 0.153410524129868 0.162432596087456 0.172164216637611 0.157210558652878 0.144272714853287 0.15406821668148 0.16341407597065 0.164256423711777 0.157053396105766 0.152400806546211 0.156390726566315 0.175516307353973 0.162002354860306 0.146664351224899 0.160325527191162 0.160388007760048 0.137959584593773 0.140138819813728 0.155403226613998 0.151625573635101 0.157143592834473 0.161598727107048 0.151544362306595 0.144528463482857 0.147770062088966 0.1519855260849 0.158213526010513 0.149881988763809 0.150531202554703 0.162168696522713
-3.4e+38 -3.4e+38 -3.4e+38 -3.4e+38 -3.4e+38 -3.4e+38 0.152723893523216 0.157742500305176 0.173680141568184 0.156055152416229 0.14936451613903 0.164030909538269 0.159422323107719 0.165532514452934 0.177307724952698 0.164803579449654 0.150118827819824 0.14854907989502 0.156605914235115 0.16337089240551 0.15504464507103 0.157571464776993 0.163800254464149 0.160821720957756 0.157728046178818 0.166529476642609 0.171078965067863 0.160217687487602 0.176073148846626 0.1695167273283 0.149794802069664 0.145638316869736 0.143115967512131 0.135542631149292 0.138935536146164 0.161417692899704 0.172568693757057 0.157667726278305 0.140288501977921 0.152355045080185 0.164509892463684 0.158198848366737 0.150781214237213 0.149138376116753 0.149597868323326 0.170479670166969 0.175032049417496
-3.4e+38 -3.4e+38 -3.4e+38 -3.4e+38 -3.4e+38 0.147275507450104 0.154888078570366 0.15388534963131 0.162541165947914 0.166828230023384 0.16977933049202 0.162234917283058 0.151076942682266 0.143636494874954 0.164382189512253 0.173652648925781 0.155904814600945 0.153300985693932 0.16984997689724 0.171066865324974 0.152350157499313 0.149000853300095 0.158321112394333 0.161248117685318 0.152289524674416 0.160815566778183 0.167673334479332 0.162833094596863 0.173576906323433 0.153461486101151 0.136400207877159 0.133984193205833 0.143203228712082 0.156945914030075 0.153049066662788 0.151891067624092 0.156202703714371 0.154167667031288 0.139175266027451 0.15316005051136 0.168849349021912 0.158188998699188 0.152043387293816 0.15614578127861 0.160250723361969 0.170361801981926 0.163696944713593
-3.4e+38 -3.4e+38 -3.4e+38 -3.4e+38 0.167398765683174 0.148844450712204 0.165744483470917 0.158878117799759 0.15431147813797 0.166907653212547 0.160365715622902 0.138884216547012 0.146871477365494 0.157605916261673 0.155434474349022 0.176072776317596 0.173654273152351 0.162965089082718 0.16361777484417 0.15268637239933 0.154974400997162 0.165606796741486 0.163508147001266 0.154600396752357 0.146924063563347 0.155755817890167 0.168447777628899 0.161670312285423 0.152553126215935 0.148149102926254 0.152637988328934 0.153019115328789 0.15483433008194 0.155232235789299 0.154709190130234 0.152892112731934 0.146041318774223 0.162668749690056 0.178550347685814 0.163642033934593 0.151863843202591 0.145330727100372 0.146509155631065 0.156228244304657 0.156862035393715 0.145988941192627 0.135817468166351
-3.4e+38 -3.4e+38 -3.4e+38 0.151683896780014 0.175132378935814 0.167758345603943 0.158868923783302 0.165147840976715 0.152473956346512 0.141179636120796 0.142557486891747 0.14227719604969 0.164673075079918 0.170907244086266 0.152538359165192 0.167234867811203 0.16927433013916 0.15233525633812 0.162555173039436 0.156735315918922 0.154692605137825 0.168697595596313 0.161200508475304 0.139446705579758 0.14090670645237 0.156950145959854 0.157177984714508 0.154569745063782 0.148999959230423 0.156338050961494 0.164345324039459 0.160818353295326 0.147882744669914 0.143345072865486 0.152875393629074 0.158752337098122 0.14785598218441 0.151600763201714 0.165359079837799 0.141600340604782 0.144836485385895 0.159837514162064 0.142821535468102 0.142601385712624 0.152879312634468 0.156677976250648 0.147963643074036
-3.4e+38 -3.4e+38 0.183259606361389 0.163915753364563 0.163940265774727 0.161530345678329 0.157942458987236 0.170916602015495 0.1505116969347 0.137941718101501 0.157671362161636 0.161832749843597 0.168291330337524 0.171479195356369 0.159372255206108 0.148980334401131 0.152437597513199 0.153503715991974 0.160207837820053 0.164501294493675 0.14823716878891 0.15556438267231 0.172447085380554 0.157781705260277 0.140559360384941 0.150248020887375 0.150623440742493 0.158948764204979 0.162285774946213 0.16184101998806 0.165691658854485 0.162951394915581 0.153258964419365 0.144909918308258 0.154490098357201 0.153731167316437 0.155429854989052 0.150937885046005 0.146599963307381 0.139156997203827 0.154664069414139 0.166265875101089 0.15022124350071 0.143005475401878 0.153300315141678 0.164259314537048 0.154358088970184
-3.4e+38 0.172714248299599 0.181689351797104 0.180674314498901 0.164488062262535 0.164162084460258 0.171522319316864 0.161274641752243 0.144537180662155 0.151428133249283 0.163033872842789 0.163617238402367 0.157266139984131 0.163335114717484 0.170511499047279 0.157983973622322 0.153470098972321 0.158809274435043 0.166101887822151 0.170853346586227 0.164083644747734 0.156283915042877 0.155055105686188 0.15305495262146 0.142302826046944 0.153027713298798 0.162626594305038 0.156170293688774 0.148851543664932 0.150888994336128 0.157847046852112 0.163558378815651 0.165621817111969 0.156074315309525 0.154348865151405 0.145079478621483 0.144408598542213 0.150379091501236 0.154569357633591 0.157830283045769 0.148720994591713 0.141876861453056 0.14105612039566 0.153848469257355 0.165941998362541 0.159712761640549 0.143643632531166
0.263273656368256 0.20628559589386 0.173303157091141 0.175637602806091 0.167246863245964 0.153404057025909 0.156341806054115 0.152856215834618 0.145693153142929 0.153158009052277 0.154840737581253 0.161264315247536 0.16414612531662 0.148701682686806 0.150757044553757 0.148828893899918 0.144567832350731 0.160192966461182 0.172129914164543 0.164995133876801 0.158511385321617 0.153654024004936 0.139975130558014 0.14861536026001 0.161088913679123 0.162237972021103 0.151780426502228 0.135248064994812 0.135807916522026 0.143364056944847 0.149418115615845 0.156964883208275 0.16003954410553 0.156556457281113 0.153440713882446 0.143453627824783 0.143014475703239 0.158583074808121 0.15876416862011 0.152639746665955 0.147706285119057 0.150013104081154 0.154253393411636 0.160251006484032 0.163600355386734 0.158391505479813 0.144195824861526
