data/trimmed_ndre/Od_ndre.715.2011_no_clouds.asc
NCOLS 144 
NROWS 65 
XLLCORNER 512965 
YLLCORNER 5150865 
CELLSIZE 5 
NODATA_value -3.4e+38 
[rows 42 to 62 of 65, columns 47 to 93 of 144]
0.584138810634613 0.609687387943268 0.62118661403656 0.60539436340332 0.600403368473053 0.596854865550995 0.598988592624664 0.598111808300018 0.606954097747803 0.596671521663666 0.569790303707123 0.548706889152527 0.505663335323334 0.449898183345795 0.425637394189835 0.425907671451569 0.404351830482483 0.387717932462692 0.42973068356514 0.516703009605408 0.569870829582214 0.548328757286072 0.500503599643707 0.506096184253693 0.530207693576813 0.499159544706345 0.508139610290527 0.483883917331696 0.450886785984039 0.435309410095215 0.384291142225266 0.36133873462677 0.378324240446091 0.365840077400208 0.368356823921204 0.423475533723831 0.483006805181503 0.497757077217102 0.479495376348495 0.494672983884811 0.51109504699707 0.497615396976471 0.507596552371979 0.533373355865479 0.564306676387787 0.5941042304039 0.594139099121094
0.566939353942871 0.58283007144928 0.605249762535095 0.578100562095642 0.57614654302597 0.594526052474976 0.597503900527954 0.586196422576904 0.59484201669693 0.590726852416992 0.559279024600983 0.549815893173218 0.528337240219116 0.472667455673218 0.426630169153214 0.429730772972107 0.411873906850815 0.404326856136322 0.442446351051331 0.476248294115067 0.527916312217712 0.540306508541107 0.520904362201691 0.508037567138672 0.499674052000046 0.482722520828247 0.472266376018524 0.473485708236694 0.483936667442322 0.473577171564102 0.426423341035843 0.389389336109161 0.392533183097839 0.426644176244736 0.450702458620071 0.485426902770996 0.529033899307251 0.546894311904907 0.539330542087555 0.575468420982361 0.603907346725464 0.585843443870544 0.569054543972015 0.5777468085289 0.605217814445496 0.625929236412048 0.613558828830719
0.55097484588623 0.554729521274567 0.562012374401093 0.564471244812012 0.56999671459198 0.5584916472435 0.55036985874176 0.557360649108887 0.556614220142365 0.563032269477844 0.555015921592712 0.548116743564606 0.544875621795654 0.515301764011383 0.465997695922852 0.449884504079819 0.434331208467484 0.45533749461174 0.493341118097305 0.484172374010086 0.521968126296997 0.545434594154358 0.537558913230896 0.536760926246643 0.529538691043854 0.523362338542938 0.523304343223572 0.537384808063507 0.565036416053772 0.537951052188873 0.49445241689682 0.515109717845917 0.529642701148987 0.54816997051239 0.564570784568787 0.569516956806183 0.585731327533722 0.581734597682953 0.569620966911316 0.598609864711761 0.6210897564888 0.594009518623352 0.570398688316345 0.600831031799316 0.609446406364441 0.60617059469223 0.603279769420624
0.541193306446075 0.533304035663605 0.536502242088318 0.559226870536804 0.561002135276794 0.56336510181427 0.547824919223785 0.549558520317078 0.549111068248749 0.559110462665558 0.566755354404449 0.558205246925354 0.552801847457886 0.562182068824768 0.536918878555298 0.506348073482513 0.505782842636108 0.543124139308929 0.563954591751099 0.548356890678406 0.567793846130371 0.577844560146332 0.562823116779327 0.562758147716522 0.575059592723846 0.56404048204422 0.564116775989532 0.568354547023773 0.577587723731995 0.569328248500824 0.563797771930695 0.602986454963684 0.620157301425934 0.599427044391632 0.592014968395233 0.603881478309631 0.59049779176712 0.567498624324799 0.563126444816589 0.57937091588974 0.579064190387726 0.546867489814758 0.531959116458893 0.560499131679535 0.557350993156433 0.574700176715851 0.597191095352173
0.536090731620789 0.546426713466644 0.554577112197876 0.566411674022675 0.568029761314392 0.562191307544708 0.565536737442017 0.576700389385223 0.591654777526855 0.567267954349518 0.565587997436523 0.575977981090546 0.578906536102295 0.589128911495209 0.573642253875732 0.554081380367279 0.567850172519684 0.588298916816711 0.599220156669617 0.581920206546783 0.573564469814301 0.581934690475464 0.566080927848816 0.555467307567596 0.564485132694244 0.538801729679108 0.529348015785217 0.545535326004028 0.549526989459991 0.570497035980225 0.58100438117981 0.594086647033691 0.613332390785217 0.614318490028381 0.629725277423859 0.612378776073456 0.563900291919708 0.553958296775818 0.565520107746124 0.571249604225159 0.556755244731903 0.555808961391449 0.536696553230286 0.514902293682098 0.503240823745728 0.525130987167358 0.557464897632599
0.552898585796356 0.590637922286987 0.610230803489685 0.600797176361084 0.582096815109253 0.567572593688965 0.591585397720337 0.591614246368408 0.587344825267792 0.581010937690735 0.572593867778778 0.592636406421661 0.609039545059204 0.604716658592224 0.599092304706573 0.603459239006042 0.602618336677551 0.590828061103821 0.589496493339539 0.585994064807892 0.567713499069214 0.555595934391022 0.546061515808105 0.531249463558197 0.53004789352417 0.526535451412201 0.504670858383179 0.521005928516388 0.536716759204865 0.546776413917542 0.566100656986237 0.590363621711731 0.603895366191864 0.60515022277832 0.606092095375061 0.590350687503815 0.558424592018127 0.555132985115051 0.556472480297089 0.538163900375366 0.543842673301697 0.5792036652565 0.55157196521759 0.509947061538696 0.49048700928688 0.505866944789886 0.525547862052917
0.594903349876404 0.613392770290375 0.625181496143341 0.616583228111267 0.615123748779297 0.615729808807373 0.60747241973877 0.615515053272247 0.603872239589691 0.592558264732361 0.577318966388702 0.579335749149323 0.597895741462708 0.608849108219147 0.612425863742828 0.615583539009094 0.605643391609192 0.576202571392059 0.55477637052536 0.549093663692474 0.545680284500122 0.5362468957901 0.538987576961517 0.537120521068573 0.538030683994293 0.530774176120758 0.506956577301025 0.530411958694458 0.53610098361969 0.524382412433624 0.543947815895081 0.575231075286865 0.58033961057663 0.565891802310944 0.554594397544861 0.571122527122498 0.554921925067902 0.536213636398315 0.538434684276581 0.526080667972565 0.540857553482056 0.554016411304474 0.523282885551453 0.507422864437103 0.508932769298553 0.521598875522614 0.525063991546631
0.626374244689941 0.614836454391479 0.609907269477844 0.618410110473633 0.612022578716278 0.619693219661713 0.615186810493469 0.610247015953064 0.596522390842438 0.584659576416016 0.576667785644531 0.554192543029785 0.547170698642731 0.568610072135925 0.583012104034424 0.575068175792694 0.56225860118866 0.546840250492096 0.535667598247528 0.537356019020081 0.547061204910278 0.540268361568451 0.527027130126953 0.532406389713287 0.542881786823273 0.54030567407608 0.526255667209625 0.528338849544525 0.521920084953308 0.523491680622101 0.538051187992096 0.546221017837524 0.537656366825104 0.541383862495422 0.548509955406189 0.55128812789917 0.540047526359558 0.523950755596161 0.535280525684357 0.548533797264099 0.562811732292175 0.563555359840393 0.546605825424194 0.544084310531616 0.555637061595917 0.554006814956665 0.542484641075134
0.623971223831177 0.630989015102386 0.609420657157898 0.590576112270355 0.598046958446503 0.598031580448151 0.588799178600311 0.567947387695312 0.569397866725922 0.54266881942749 0.532802999019623 0.52102118730545 0.500240206718445 0.519470751285553 0.544165253639221 0.543728351593018 0.542665004730225 0.551500141620636 0.560117483139038 0.557438969612122 0.549048125743866 0.539806306362152 0.530153930187225 0.532504200935364 0.539930939674377 0.543047547340393 0.528108477592468 0.5186647772789 0.520864248275757 0.529547989368439 0.523317515850067 0.511184811592102 0.513712346553802 0.5433469414711 0.565889120101929 0.555387318134308 0.540955245494843 0.537785947322845 0.550646841526031 0.575395941734314 0.584240555763245 0.5764200091362 0.577849924564362 0.58712512254715 0.590964615345001 0.580750823020935 0.556831121444702
0.60738742351532 0.618292212486267 0.602670431137085 0.58393257856369 0.584510564804077 0.566187918186188 0.569739699363708 0.57609760761261 0.562165975570679 0.529535949230194 0.513155519962311 0.518480241298676 0.512286245822906 0.528887569904327 0.547650337219238 0.552305400371552 0.552186667919159 0.563191592693329 0.576697647571564 0.571276009082794 0.556038618087769 0.551144778728485 0.544552862644196 0.535907387733459 0.537269711494446 0.543515682220459 0.530939280986786 0.525930345058441 0.537445843219757 0.536539971828461 0.51678341627121 0.516376316547394 0.532513916492462 0.542881727218628 0.55914717912674 0.553043127059937 0.548752903938293 0.5704305768013 0.575468719005585 0.582461297512054 0.590854704380035 0.594872236251831 0.596905171871185 0.603780269622803 0.607390463352203 0.6121546626091 0.611041307449341
0.60464882850647 0.608504056930542 0.604474186897278 0.582102715969086 0.576202869415283 0.573725283145905 0.58020544052124 0.599018037319183 0.581313610076904 0.5449538230896 0.524188756942749 0.527806341648102 0.557403564453125 0.570883929729462 0.564354598522186 0.548490822315216 0.545972943305969 0.55618280172348 0.564642906188965 0.573724269866943 0.566270709037781 0.557791292667389 0.556118667125702 0.541324555873871 0.536918818950653 0.548911273479462 0.548499464988708 0.552281081676483 0.55951189994812 0.551396369934082 0.531500279903412 0.539761364459991 0.548942029476166 0.541057884693146 0.554906368255615 0.543727815151215 0.568476974964142 0.617716252803802 0.603455781936646 0.582531809806824 0.594387233257294 0.6203972697258 0.609109282493591 0.615258455276489 0.629526674747467 0.639703810214996 0.652288436889648
0.582942485809326 0.585994243621826 0.585001289844513 0.560620129108429 0.582270503044128 0.598274528980255 0.586441457271576 0.600196361541748 0.577609002590179 0.552620530128479 0.550513982772827 0.522344648838043 0.540270864963531 0.568248331546783 0.553692638874054 0.528316020965576 0.544312119483948 0.565993964672089 0.563236892223358 0.560447752475739 0.562584578990936 0.557688474655151 0.557747364044189 0.553366303443909 0.549195647239685 0.568260371685028 0.584941923618317 0.576631546020508 0.572637677192688 0.574000418186188 0.573000550270081 0.57665628194809 0.569447100162506 0.577347040176392 0.596033215522766 0.581455171108246 0.600728273391724 0.626596450805664 0.609379827976227 0.595999240875244 0.593393743038177 0.612895786762238 0.620317041873932 0.628053665161133 0.638687491416931 0.637434124946594 0.630825459957123
0.556793689727783 0.556897401809692 0.552940249443054 0.544991552829742 0.574971735477448 0.580371141433716 0.564795136451721 0.574918985366821 0.564022481441498 0.565797626972198 0.57232129573822 0.540684580802917 0.529258131980896 0.543924927711487 0.559610068798065 0.553305268287659 0.568725824356079 0.57750004529953 0.563399016857147 0.549700796604156 0.564270675182343 0.567917346954346 0.575684368610382 0.587797343730927 0.577542066574097 0.598735570907593 0.613802075386047 0.599206507205963 0.5926753282547 0.608014702796936 0.616742074489594 0.606228113174438 0.602920055389404 0.614107012748718 0.634048044681549 0.62909460067749 0.61617124080658 0.616040766239166 0.620273470878601 0.621768474578857 0.615992307662964 0.628610014915466 0.641332507133484 0.638311624526978 0.64198112487793 0.644062578678131 0.638879716396332
0.551186859607697 0.55632358789444 0.553455114364624 0.551171660423279 0.560169577598572 0.552499949932098 0.55549430847168 0.568946540355682 0.566932916641235 0.561388552188873 0.578442573547363 0.57945704460144 0.556141018867493 0.531529724597931 0.535107791423798 0.562958896160126 0.588945508003235 0.589270055294037 0.573828637599945 0.574854552745819 0.595257163047791 0.585598766803741 0.603573262691498 0.621730446815491 0.607796669006348 0.625294506549835 0.629923522472382 0.618913590908051 0.621498346328735 0.63360607624054 0.628637135028839 0.62495756149292 0.637901127338409 0.631969034671783 0.639982581138611 0.644294798374176 0.629896223545074 0.63608729839325 0.642000019550323 0.64967668056488 0.651398956775665 0.646811246871948 0.652335345745087 0.651973187923431 0.648394286632538 0.650780260562897 0.652236461639404
0.561877250671387 0.569030284881592 0.583114743232727 0.57806932926178 0.567383348941803 0.55924528837204 0.563080370426178 0.581138849258423 0.589614272117615 0.577978134155273 0.580049216747284 0.573415696620941 0.550518751144409 0.533220171928406 0.539211988449097 0.575937211513519 0.605525314807892 0.605234980583191 0.591100871562958 0.590803205966949 0.612034142017365 0.615227103233337 0.63109427690506 0.637017130851746 0.62908262014389 0.644978165626526 0.633468508720398 0.635385274887085 0.643494188785553 0.635717272758484 0.621973276138306 0.630526065826416 0.651461243629456 0.632234632968903 0.629239976406097 0.639984369277954 0.648677825927734 0.665863454341888 0.647210776805878 0.649272203445435 0.660574853420258 0.638577818870544 0.6472048163414 0.662515044212341 0.655399024486542 0.644592106342316 -3.4e+38
0.591303408145905 0.601525962352753 0.614079415798187 0.592848360538483 0.578256964683533 0.584269762039185 0.589925289154053 0.606428980827332 0.622866332530975 0.622317969799042 0.611259996891022 0.589403033256531 0.568029761314392 0.564838111400604 0.577469050884247 0.594619452953339 0.607216358184814 0.607033371925354 0.601518511772156 0.606536149978638 0.623807907104492 0.640638291835785 0.644588589668274 0.648066580295563 0.638247072696686 0.635010659694672 0.628196656703949 0.644930422306061 0.642445623874664 0.628760039806366 0.646183550357819 0.631546318531036 0.628376424312592 0.628160536289215 0.630011379718781 0.633390605449677 0.64366614818573 0.648277401924133 0.620102047920227 0.631253600120544 0.644743680953979 0.630209028720856 -3.4e+38 -3.4e+38 -3.4e+38 -3.4e+38 -3.4e+38
0.620298087596893 0.624048233032227 0.620856642723083 0.599272966384888 0.597428143024445 0.609519124031067 0.614736378192902 0.624554634094238 0.633110880851746 0.637414693832397 0.632314622402191 0.619177997112274 0.603106021881104 0.599020183086395 0.60665374994278 0.615024745464325 0.627939701080322 0.63226318359375 0.629875540733337 0.630066156387329 0.624890923500061 0.618315458297729 0.623795032501221 0.639842689037323 0.637622892856598 0.62659740447998 0.62941437959671 0.640530347824097 0.642499625682831 0.642367601394653 0.655308604240417 0.618739783763885 0.600613415241241 0.615053236484528 0.627580404281616 -3.4e+38 -3.4e+38 -3.4e+38 -3.4e+38 -3.4e+38 -3.4e+38 -3.4e+38 -3.4e+38 -3.4e+38 -3.4e+38 -3.4e+38 -3.4e+38
0.624031007289886 0.628356635570526 0.622439444065094 0.602505505084991 0.613608479499817 0.621297538280487 0.622569262981415 0.628750622272491 0.630446553230286 0.64147013425827 0.651113867759705 0.644354164600372 0.627997100353241 0.62244701385498 0.627487301826477 0.631028771400452 0.642647802829742 0.654989361763 0.647400677204132 0.634019494056702 0.635198295116425 0.624500095844269 0.621114015579224 0.631853222846985 0.642252206802368 0.638878345489502 0.630750298500061 0.632332921028137 -3.4e+38 -3.4e+38 -3.4e+38 -3.4e+38 -3.4e+38 -3.4e+38 -3.4e+38 -3.4e+38 -3.4e+38 -3.4e+38 -3.4e+38 -3.4e+38 -3.4e+38 -3.4e+38 -3.4e+38 -3.4e+38 -3.4e+38 -3.4e+38 -3.4e+38
0.621791183948517 0.621114194393158 0.612264692783356 0.605868101119995 0.622370719909668 0.627054035663605 0.631738483905792 0.637548267841339 0.641120612621307 0.649521172046661 0.659494161605835 0.65013986825943 0.631408452987671 0.624664962291718 0.622090101242065 0.624989092350006 0.634386420249939 -3.4e+38 -3.4e+38 -3.4e+38 -3.4e+38 -3.4e+38 -3.4e+38 -3.4e+38 -3.4e+38 -3.4e+38 -3.4e+38 -3.4e+38 -3.4e+38 -3.4e+38 -3.4e+38 -3.4e+38 -3.4e+38 -3.4e+38 -3.4e+38 -3.4e+38 -3.4e+38 -3.4e+38 -3.4e+38 -3.4e+38 -3.4e+38 -3.4e+38 -3.4e+38 -3.4e+38 -3.4e+38 -3.4e+38 -3.4e+38
0.627850532531738 0.620030522346497 0.616411328315735 0.615333914756775 0.621761202812195 0.623980641365051 -3.4e+38 -3.4e+38 -3.4e+38 -3.4e+38 -3.4e+38 -3.4e+38 -3.4e+38 -3.4e+38 -3.4e+38 -3.4e+38 -3.4e+38 -3.4e+38 -3.4e+38 -3.4e+38 -3.4e+38 -3.4e+38 -3.4e+38 -3.4e+38 -3.4e+38 -3.4e+38 -3.4e+38 -3.4e+38 -3.4e+38 -3.4e+38 -3.4e+38 -3.4e+38 -3.4e+38 -3.4e+38 -3.4e+38 -3.4e+38 -3.4e+38 -3.4e+38 -3.4e+38 -3.4e+38 -3.4e+38 -3.4e+38 -3.4e+38 -3.4e+38 -3.4e+38 -3.4e+38 -3.4e+38
0.623048484325409 0.629532337188721 -3.4e+38 -3.4e+38 -3.4e+38 -3.4e+38 -3.4e+38 -3.4e+38 -3.4e+38 -3.4e+38 -3.4e+38 -3.4e+38 -3.4e+38 -3.4e+38 -3.4e+38 -3.4e+38 -3.4e+38 -3.4e+38 -3.4e+38 -3.4e+38 -3.4e+38 -3.4e+38 -3.4e+38 -3.4e+38 -3.4e+38 -3.4e+38 -3.4e+38 -3.4e+38 -3.4e+38 -3.4e+38 -3.4e+38 -3.4e+38 -3.4e+38 -3.4e+38 -3.4e+38 -3.4e+38 -3.4e+38 -3.4e+38 -3.4e+38 -3.4e+38 -3.4e+38 -3.4e+38 -3.4e+38 -3.4e+38 -3.4e+38 -3.4e+38 -3.4e+38
