data/trimmed_ndre/Od_ndre.75.2011_no_clouds.asc
NCOLS 144 
NROWS 65 
XLLCORNER 512965 
YLLCORNER 5150865 
CELLSIZE 5 
NODATA_value -3.4e+38 
[rows 42 to 62 of 65, columns 47 to 93 of 144]
0.596237897872925 0.605124592781067 0.614834070205688 0.609634816646576 0.601286232471466 0.621045589447021 0.627605140209198 0.620357930660248 0.629709720611572 0.621513783931732 0.603800058364868 0.589800477027893 0.575490653514862 0.547422230243683 0.509130120277405 0.496720999479294 0.486389487981796 0.468538999557495 0.451113998889923 0.470849394798279 0.539351642131805 0.557822406291962 0.532965779304504 0.530580699443817 0.518466234207153 0.498003751039505 0.500392854213715 0.519270896911621 0.504945576190948 0.445752829313278 0.398922890424728 0.38043686747551 0.370797634124756 0.376716583967209 0.388342946767807 0.40950608253479 0.429521352052689 0.452406376600266 0.457753777503967 0.463153421878815 0.472010582685471 0.478245317935944 0.513728678226471 0.53718626499176 0.544077754020691 0.556446492671967 0.585745513439178
0.572946190834045 0.58344966173172 0.596900820732117 0.585589587688446 0.577999591827393 0.599751353263855 0.601887822151184 0.598189294338226 0.603199601173401 0.605171620845795 0.592662215232849 0.576455414295197 0.560786187648773 0.548873722553253 0.51903772354126 0.468472182750702 0.437427699565887 0.424778044223785 0.420399844646454 0.443899273872375 0.491606414318085 0.511661410331726 0.526307702064514 0.52447372674942 0.501005589962006 0.485779583454132 0.496940761804581 0.515315651893616 0.499658495187759 0.454367071390152 0.427300125360489 0.432258069515228 0.406828969717026 0.410025089979172 0.448108017444611 0.477037310600281 0.493936538696289 0.534244298934937 0.557666420936584 0.529622614383698 0.548827171325684 0.571921169757843 0.575785100460052 0.580848932266235 0.592653155326843 0.605570197105408 0.620891928672791
0.539480566978455 0.567382395267487 0.586858332157135 0.579329311847687 0.565542578697205 0.566604316234589 0.561447322368622 0.570871114730835 0.569538831710815 0.566489934921265 0.566355526447296 0.569386005401611 0.557881236076355 0.540600061416626 0.526487231254578 0.472816616296768 0.436013400554657 0.437991678714752 0.455866307020187 0.481072843074799 0.496150732040405 0.509760439395905 0.537279784679413 0.551246166229248 0.536564230918884 0.528890073299408 0.537491798400879 0.549088776111603 0.53990513086319 0.523564875125885 0.511085391044617 0.514809250831604 0.519087791442871 0.503391802310944 0.515999913215637 0.544649541378021 0.573970913887024 0.592858493328094 0.589007556438446 0.566117525100708 0.589283645153046 0.600548982620239 0.576173603534698 0.571355521678925 0.592765033245087 0.602164506912231 0.600506663322449
0.51498281955719 0.543880581855774 0.567014157772064 0.566840946674347 0.551657140254974 0.540894329547882 0.539602279663086 0.562360346317291 0.5605828166008 0.544338524341583 0.55597710609436 0.587180495262146 0.575572431087494 0.557452797889709 0.565887570381165 0.538526058197021 0.519921123981476 0.530939877033234 0.54358184337616 0.552203059196472 0.569947361946106 0.576118409633636 0.575600504875183 0.563409090042114 0.560497999191284 0.564563989639282 0.549788653850555 0.556635499000549 0.572358012199402 0.563191056251526 0.559606671333313 0.577613949775696 0.593898952007294 0.578280687332153 0.590925812721252 0.605853617191315 0.593614161014557 0.595345556735992 0.585426688194275 0.573710262775421 0.573508441448212 0.571243762969971 0.563315808773041 0.565076172351837 0.581449210643768 0.587172865867615 0.573686599731445
0.551616311073303 0.557456076145172 0.572194278240204 0.572510182857513 0.558935105800629 0.560073494911194 0.564500331878662 0.560360729694366 0.562123656272888 0.559069037437439 0.572995066642761 0.607687950134277 0.598589181900024 0.586673438549042 0.600588500499725 0.594037652015686 0.587757766246796 0.595780909061432 0.603957712650299 0.581181943416595 0.571460366249084 0.580656826496124 0.577462196350098 0.557970702648163 0.566416382789612 0.584056198596954 0.563613951206207 0.534063637256622 0.549008011817932 0.568037271499634 0.570107638835907 0.576131284236908 0.597473621368408 0.619378626346588 0.62012380361557 0.617702424526215 0.595347046852112 0.582663655281067 0.567411184310913 0.551299333572388 0.55935800075531 0.559298455715179 0.545887529850006 0.548614203929901 0.56208872795105 0.568250715732574 0.565917074680328
0.590736985206604 0.59705513715744 0.603814423084259 0.595464944839478 0.574941396713257 0.590082824230194 0.602729856967926 0.579720377922058 0.581060469150543 0.584435045719147 0.585946381092072 0.602292418479919 0.611257493495941 0.616305291652679 0.614437282085419 0.598768711090088 0.596390783786774 0.594975471496582 0.591407895088196 0.580049753189087 0.573395192623138 0.568453431129456 0.573841571807861 0.575922846794128 0.573050856590271 0.562026739120483 0.542893767356873 0.539663791656494 0.552184581756592 0.570516109466553 0.55921196937561 0.559451103210449 0.573857963085175 0.591715395450592 0.589686512947083 0.595357120037079 0.587441980838776 0.558541774749756 0.546091437339783 0.544838964939117 0.564624965190887 0.575242757797241 0.557496190071106 0.548937857151031 0.548249542713165 0.543142676353455 0.539159417152405
0.589710593223572 0.597202837467194 0.604639887809753 0.602254748344421 0.59673684835434 0.613322019577026 0.62432199716568 0.605306804180145 0.588582336902618 0.59793883562088 0.593460738658905 0.590953528881073 0.60964834690094 0.61251437664032 0.602339386940002 0.588389575481415 0.589392125606537 0.584276080131531 0.578710198402405 0.583356201648712 0.582814633846283 0.567782640457153 0.554719746112823 0.560928642749786 0.571378350257874 0.562696576118469 0.545315563678741 0.560791671276093 0.555681705474854 0.549337327480316 0.559612274169922 0.574609816074371 0.573051989078522 0.565830826759338 0.572870135307312 0.572239756584167 0.574511289596558 0.566793620586395 0.551660299301147 0.544192910194397 0.565781235694885 0.585610330104828 0.570268094539642 0.561262488365173 0.554719269275665 0.534356713294983 0.505339920520782
0.596831023693085 0.60405558347702 0.605227947235107 0.607782185077667 0.607537567615509 0.605834066867828 0.607055246829987 0.595210254192352 0.579347193241119 0.583251893520355 0.583272695541382 0.568252265453339 0.567617893218994 0.571541249752045 0.582007765769958 0.579226136207581 0.567484498023987 0.564756572246552 0.566596746444702 0.568864285945892 0.571952283382416 0.578348755836487 0.564245104789734 0.554412186145782 0.571240067481995 0.579063653945923 0.559289574623108 0.547939836978912 0.551884770393372 0.562733054161072 0.568042278289795 0.567267239093781 0.570160210132599 0.57688695192337 0.588041543960571 0.578982174396515 0.569603621959686 0.561165630817413 0.551274299621582 0.55177229642868 0.571758925914764 0.587980329990387 0.576532900333405 0.571259796619415 0.566942930221558 0.556060612201691 0.534030616283417
0.597929656505585 0.611630856990814 0.607878923416138 0.602927446365356 0.595509886741638 0.589778542518616 0.584293067455292 0.57971978187561 0.572656214237213 0.564533114433289 0.564551651477814 0.544871747493744 0.52924770116806 0.54235827922821 0.574844002723694 0.575499296188354 0.556290805339813 0.554558455944061 0.558784186840057 0.566245198249817 0.571871161460876 0.585030853748322 0.585218608379364 0.569261968135834 0.562151670455933 0.55774712562561 0.554615080356598 0.553127765655518 0.557060122489929 0.55909126996994 0.551706194877625 0.540665328502655 0.549866080284119 0.550473868846893 0.562558889389038 0.57700777053833 0.568439722061157 0.543787896633148 0.540447115898132 0.564852118492126 0.583875834941864 0.594606041908264 0.592049300670624 0.589358687400818 0.584021508693695 0.581110537052155 0.574441075325012
0.597133040428162 0.609161138534546 0.601732909679413 0.596450805664062 0.585652470588684 0.57954353094101 0.579131066799164 0.578098237514496 0.57105165719986 0.558768212795258 0.551368594169617 0.539356529712677 0.533813416957855 0.551685392856598 0.577140867710114 0.574122130870819 0.567714810371399 0.574842989444733 0.578880906105042 0.574945688247681 0.570947170257568 0.577138602733612 0.577210485935211 0.568567931652069 0.556721329689026 0.548583745956421 0.550954520702362 0.553802192211151 0.546974718570709 0.534410178661346 0.54407811164856 0.555087089538574 0.543717503547668 0.543667614459991 0.553798198699951 0.57097202539444 0.568636476993561 0.556580483913422 0.563369333744049 0.581659734249115 0.583232283592224 0.590799033641815 0.59999144077301 0.601215720176697 0.591060042381287 0.590823113918304 0.603934705257416
0.590936005115509 0.599027395248413 0.592606782913208 0.58689159154892 0.577797651290894 0.582450568675995 0.590368568897247 0.583043038845062 0.569795310497284 0.561671912670135 0.550856590270996 0.541159093379974 0.539279639720917 0.548081874847412 0.561270594596863 0.554161012172699 0.549679815769196 0.565633773803711 0.581651091575623 0.573943018913269 0.563335001468658 0.562880158424377 0.563799381256104 0.553267896175385 0.547965586185455 0.555445730686188 0.560061812400818 0.55831253528595 0.55647349357605 0.550666272640228 0.553362607955933 0.568426370620728 0.564769446849823 0.570778489112854 0.58031165599823 0.583543002605438 0.594142436981201 0.580447435379028 0.5875004529953 0.597856640815735 0.589031755924225 0.593995273113251 0.606762111186981 0.610537350177765 0.603775978088379 0.60891455411911 0.635975480079651
0.575685620307922 0.575739562511444 0.568692862987518 0.566777944564819 0.567393004894257 0.580762326717377 0.591172158718109 0.580334484577179 0.562988758087158 0.568536877632141 0.566127836704254 0.551273286342621 0.537471890449524 0.538393318653107 0.545853972434998 0.542374312877655 0.556326925754547 0.566882848739624 0.570408284664154 0.573371708393097 0.561749160289764 0.554694592952728 0.560548305511475 0.565637052059174 0.56926828622818 0.576814532279968 0.579833388328552 0.574773967266083 0.579905927181244 0.585538566112518 0.575603485107422 0.577970504760742 0.587921679019928 0.585581123828888 0.599715650081635 0.606902420520782 0.612025380134583 0.613615572452545 0.617635011672974 0.619483709335327 0.607709228992462 0.602621018886566 0.612922191619873 0.622236371040344 0.620013654232025 0.620174467563629 0.634602844715118
0.566122710704803 0.558232128620148 0.544093668460846 0.545226097106934 0.551169216632843 0.559116542339325 0.575413584709167 0.579418301582336 0.565098881721497 0.563655078411102 0.56970202922821 0.558314263820648 0.537846148014069 0.541488528251648 0.55565732717514 0.560187041759491 0.568124175071716 0.565771698951721 0.559402942657471 0.567001044750214 0.570616364479065 0.583259344100952 0.592373728752136 0.595053672790527 0.604150950908661 0.602888882160187 0.597269952297211 0.604528546333313 0.611262798309326 0.617258131504059 0.603949904441833 0.59053099155426 0.59743058681488 0.600492060184479 0.599384784698486 0.61826092004776 0.630266606807709 0.634016692638397 0.634068191051483 0.638268709182739 0.625142693519592 0.60453075170517 0.60514223575592 0.626254022121429 0.640920758247375 0.636391758918762 0.633786261081696
0.558367729187012 0.554471671581268 0.546690046787262 0.545209765434265 0.541597783565521 0.538349330425262 0.569262623786926 0.582098603248596 0.565697908401489 0.555377125740051 0.568161606788635 0.564650535583496 0.54040914773941 0.534686028957367 0.558383107185364 0.574692666530609 0.566496610641479 0.570358037948608 0.577113389968872 0.588434159755707 0.598173201084137 0.617642521858215 0.623084664344788 0.611526191234589 0.607350289821625 0.615023851394653 0.623437702655792 0.626333475112915 0.624206960201263 0.625237703323364 0.619199812412262 0.609042823314667 0.611229777336121 0.617769420146942 0.620590925216675 0.637696921825409 0.637172937393188 0.629477381706238 0.631884276866913 0.633691728115082 0.623516857624054 0.613445699214935 0.619580507278442 0.634411454200745 0.648158192634583 0.646304845809937 0.639341115951538
0.574868857860565 0.57572865486145 0.577408015727997 0.575259625911713 0.552817165851593 0.546477437019348 0.584362626075745 0.593430876731873 0.574817836284637 0.565018951892853 0.571195363998413 0.567421793937683 0.556066930294037 0.553570926189423 0.56454473733902 0.579422056674957 0.580046832561493 0.586810946464539 0.606128990650177 0.616077303886414 0.611139893531799 0.623824954032898 0.635501265525818 0.629817605018616 0.617675304412842 0.618822932243347 0.639924049377441 0.637942671775818 0.623811364173889 0.621294796466827 0.623320162296295 0.619578301906586 0.621136009693146 0.63294392824173 0.635204970836639 0.636721968650818 0.633819043636322 0.637458443641663 0.644572496414185 0.638853371143341 0.630480647087097 0.638985693454742 0.650730490684509 0.636602878570557 0.624356746673584 0.634240031242371 -3.4e+38
0.593566834926605 0.59002822637558 0.59364926815033 0.598757982254028 0.585892558097839 0.58539217710495 0.609285295009613 0.609811127185822 0.594638705253601 0.586130261421204 0.590536594390869 0.58932638168335 0.587609767913818 0.584211468696594 0.57783055305481 0.591401040554047 0.603452742099762 0.60409414768219 0.618170917034149 0.621712148189545 0.6174436211586 0.630215525627136 0.642579734325409 0.635694682598114 0.619434416294098 0.616817355155945 0.639510452747345 0.651195108890533 0.632663369178772 0.632029473781586 0.625407338142395 0.621907413005829 0.628850519657135 0.638187050819397 0.634102761745453 0.636247575283051 0.644768178462982 0.646816492080688 0.646390974521637 0.638619363307953 0.636098980903625 0.643575727939606 -3.4e+38 -3.4e+38 -3.4e+38 -3.4e+38 -3.4e+38
0.610149383544922 0.607148945331573 0.609185934066772 0.611940264701843 0.609117388725281 0.612621068954468 0.619845628738403 0.615214407444 0.618556499481201 0.624030709266663 0.623879075050354 0.617328941822052 0.610626995563507 0.603294253349304 0.594014763832092 0.599781930446625 0.616725564002991 0.619589626789093 0.620445430278778 0.621688783168793 0.62856262922287 0.634835720062256 0.634707272052765 0.625557363033295 0.621279001235962 0.625130236148834 0.626983165740967 0.620025992393494 0.612676918506622 0.627237260341644 0.624240159988403 0.622640669345856 0.629875004291534 0.631698548793793 0.620512366294861 -3.4e+38 -3.4e+38 -3.4e+38 -3.4e+38 -3.4e+38 -3.4e+38 -3.4e+38 -3.4e+38 -3.4e+38 -3.4e+38 -3.4e+38 -3.4e+38
0.61482834815979 0.621988952159882 0.630180537700653 0.622536659240723 0.603587329387665 0.602357268333435 0.620860755443573 0.630199193954468 0.633850514888763 0.640515923500061 0.638265550136566 0.622758746147156 0.611276566982269 0.610931754112244 0.609861612319946 0.608519315719604 0.632666110992432 0.64858490228653 0.636450290679932 0.619521141052246 0.62016886472702 0.627978622913361 0.624264538288116 0.617662370204926 0.628117620944977 0.642652988433838 0.637065529823303 0.620835781097412 -3.4e+38 -3.4e+38 -3.4e+38 -3.4e+38 -3.4e+38 -3.4e+38 -3.4e+38 -3.4e+38 -3.4e+38 -3.4e+38 -3.4e+38 -3.4e+38 -3.4e+38 -3.4e+38 -3.4e+38 -3.4e+38 -3.4e+38 -3.4e+38 -3.4e+38
0.614139139652252 0.621254861354828 0.63183057308197 0.622656941413879 0.60780656337738 0.614099264144897 0.637178599834442 0.643923103809357 0.625139951705933 0.62031352519989 0.627232849597931 0.628778159618378 0.619835376739502 0.626542627811432 0.627354025840759 0.627241194248199 0.649786770343781 -3.4e+38 -3.4e+38 -3.4e+38 -3.4e+38 -3.4e+38 -3.4e+38 -3.4e+38 -3.4e+38 -3.4e+38 -3.4e+38 -3.4e+38 -3.4e+38 -3.4e+38 -3.4e+38 -3.4e+38 -3.4e+38 -3.4e+38 -3.4e+38 -3.4e+38 -3.4e+38 -3.4e+38 -3.4e+38 -3.4e+38 -3.4e+38 -3.4e+38 -3.4e+38 -3.4e+38 -3.4e+38 -3.4e+38 -3.4e+38
0.623778462409973 0.626900970935822 0.630649447441101 0.62000048160553 0.620615601539612 0.633226335048676 -3.4e+38 -3.4e+38 -3.4e+38 -3.4e+38 -3.4e+38 -3.4e+38 -3.4e+38 -3.4e+38 -3.4e+38 -3.4e+38 -3.4e+38 -3.4e+38 -3.4e+38 -3.4e+38 -3.4e+38 -3.4e+38 -3.4e+38 -3.4e+38 -3.4e+38 -3.4e+38 -3.4e+38 -3.4e+38 -3.4e+38 -3.4e+38 -3.4e+38 -3.4e+38 -3.4e+38 -3.4e+38 -3.4e+38 -3.4e+38 -3.4e+38 -3.4e+38 -3.4e+38 -3.4e+38 -3.4e+38 -3.4e+38 -3.4e+38 -3.4e+38 -3.4e+38 -3.4e+38 -3.4e+38
0.62738835811615 0.633465826511383 -3.4e+38 -3.4e+38 -3.4e+38 -3.4e+38 -3.4e+38 -3.4e+38 -3.4e+38 -3.4e+38 -3.4e+38 -3.4e+38 -3.4e+38 -3.4e+38 -3.4e+38 -3.4e+38 -3.4e+38 -3.4e+38 -3.4e+38 -3.4e+38 -3.4e+38 -3.4e+38 -3.4e+38 -3.4e+38 -3.4e+38 -3.4e+38 -3.4e+38 -3.4e+38 -3.4e+38 -3.4e+38 -3.4e+38 -3.4e+38 -3.4e+38 -3.4e+38 -3.4e+38 -3.4e+38 -3.4e+38 -3.4e+38 -3.4e+38 -3.4e+38 -3.4e+38 -3.4e+38 -3.4e+38 -3.4e+38 -3.4e+38 -3.4e+38 -3.4e+38
