data/trimmed_ndre/Od_ndre.74.2013_no_clouds.asc
NCOLS 144 
NROWS 65 
XLLCORNER 512965 
YLLCORNER 5150865 
CELLSIZE 5 
NODATA_value -3.4e+38 
[rows 42 to 62 of 65, columns 47 to 93 of 144]
0.652831792831421 0.65478652715683 0.650758385658264 0.644622564315796 0.649276316165924 0.656982243061066 0.657189846038818 0.654845535755157 0.654001474380493 0.640477061271667 0.623735785484314 0.628404378890991 0.621170938014984 0.593288779258728 0.578930616378784 0.582155048847198 0.585665762424469 0.583141922950745 0.57580029964447 0.582355737686157 0.599349915981293 0.606734871864319 0.599697291851044 0.59499204158783 0.60004597902298 0.602344632148743 0.607484996318817 0.609602510929108 0.598826587200165 0.583414912223816 0.584358930587769 0.589676380157471 0.585908651351929 0.584469079971313 0.581950306892395 0.576202154159546 0.574776768684387 0.581573784351349 0.594488203525543 0.613763511180878 0.619025647640228 0.623693883419037 0.637198805809021 0.64917254447937 0.659251034259796 0.661024987697601 0.663466036319733
0.641284823417664 0.639524221420288 0.636911630630493 0.639540731906891 0.648747563362122 0.65281468629837 0.647444128990173 0.644655644893646 0.649032473564148 0.641014635562897 0.626120388507843 0.624623656272888 0.621752381324768 0.609835088253021 0.600262105464935 0.600061357021332 0.604244530200958 0.604952096939087 0.599338471889496 0.599023997783661 0.603410840034485 0.609184861183167 0.604608178138733 0.60889458656311 0.618368446826935 0.609500765800476 0.593401908874512 0.5948566198349 0.600361108779907 0.595609664916992 0.59044224023819 0.590965151786804 0.593073844909668 0.60885614156723 0.609857976436615 0.59187251329422 0.584357023239136 0.581833064556122 0.588680744171143 0.598743379116058 0.593226552009583 0.595330119132996 0.613555073738098 0.626036643981934 0.636678516864777 0.642908334732056 0.648357570171356
0.631831169128418 0.626195311546326 0.623245775699615 0.6298788189888 0.642674207687378 0.647322356700897 0.64193195104599 0.639243900775909 0.641122400760651 0.629798412322998 0.628177165985107 0.630993247032166 0.620123684406281 0.61508172750473 0.613437175750732 0.612493753433228 0.614719152450562 0.618576526641846 0.617976307868958 0.615132391452789 0.617027223110199 0.619893729686737 0.615035712718964 0.606516182422638 0.601297914981842 0.597951471805573 0.597666442394257 0.604097664356232 0.609156787395477 0.612263858318329 0.620114684104919 0.615265011787415 0.607093334197998 0.604169130325317 0.612529873847961 0.605194628238678 0.587603151798248 0.573737382888794 0.571155309677124 0.57010281085968 0.557747423648834 0.560419499874115 0.578062772750854 0.595663189888 0.607345759868622 0.616106748580933 0.622325003147125
0.643778204917908 0.639449536800385 0.633582711219788 0.638105154037476 0.651511192321777 0.653611719608307 0.646405339241028 0.644069373607635 0.637885093688965 0.624298691749573 0.635977327823639 0.63850861787796 0.623309373855591 0.623571991920471 0.623278915882111 0.622663736343384 0.622453808784485 0.619166910648346 0.612510800361633 0.60654628276825 0.608670949935913 0.610465407371521 0.608891189098358 0.607876598834991 0.609036028385162 0.600703537464142 0.594566345214844 0.603612065315247 0.608545958995819 0.610930442810059 0.618917226791382 0.621256291866302 0.623933672904968 0.625779569149017 0.62114554643631 0.610301196575165 0.580286264419556 0.562070727348328 0.562867820262909 0.552159190177917 0.533119797706604 0.532470464706421 0.553147435188293 0.576644897460938 0.588725626468658 0.595099031925201 0.596440315246582
0.673505961894989 0.67074716091156 0.659847736358643 0.661060631275177 0.665501236915588 0.660742521286011 0.651976406574249 0.649453282356262 0.635704457759857 0.621253252029419 0.633179664611816 0.630897223949432 0.620360672473907 0.625175654888153 0.624325692653656 0.62071704864502 0.613199353218079 0.604846119880676 0.602207720279694 0.590950787067413 0.580797255039215 0.574209630489349 0.566054224967957 0.565650045871735 0.582319617271423 0.579378545284271 0.57116287946701 0.582782745361328 0.593799293041229 0.591286301612854 0.590360343456268 0.600034356117249 0.615134477615356 0.627345442771912 0.618353366851807 0.598605811595917 0.574038207530975 0.560565114021301 0.565458416938782 0.551789581775665 0.53507936000824 0.539160132408142 0.551298141479492 0.572289168834686 0.581088662147522 0.58022677898407 0.581818521022797
0.689194619655609 0.684134423732758 0.668313205242157 0.664168953895569 0.659172296524048 0.652052760124207 0.644680678844452 0.642077326774597 0.628066539764404 0.613803565502167 0.619398772716522 0.620620131492615 0.616856396198273 0.619583666324615 0.620234131813049 0.614372313022614 0.596113085746765 0.581413805484772 0.587137818336487 0.57657516002655 0.558813452720642 0.553654372692108 0.543538987636566 0.541332423686981 0.549544990062714 0.54487133026123 0.54676878452301 0.564434468746185 0.578321695327759 0.573510944843292 0.567466020584106 0.57310539484024 0.574415862560272 0.588692009449005 0.607247054576874 0.610344529151917 0.597266912460327 0.58510434627533 0.578773200511932 0.56634509563446 0.554565727710724 0.557076215744019 0.559205949306488 0.567212402820587 0.574118375778198 0.581235110759735 0.581023097038269
0.671153426170349 0.662614107131958 0.646205008029938 0.637177705764771 0.631473481655121 0.628126263618469 0.624289572238922 0.623797714710236 0.616416037082672 0.607539772987366 0.610573530197144 0.61668074131012 0.621063351631165 0.62260514497757 0.619138896465302 0.603303253650665 0.578624188899994 0.561645448207855 0.566251456737518 0.562365114688873 0.553754448890686 0.547282814979553 0.550486207008362 0.554727077484131 0.549323439598083 0.53262734413147 0.536193668842316 0.554239988327026 0.55900377035141 0.55144590139389 0.548446536064148 0.559900522232056 0.567429900169373 0.575860559940338 0.586408317089081 0.592484354972839 0.590169012546539 0.584094047546387 0.5793776512146 0.577496111392975 0.564091086387634 0.554358601570129 0.561481416225433 0.565705478191376 0.574926435947418 0.590061545372009 0.580770254135132
0.638334155082703 0.630492329597473 0.618986785411835 0.609692573547363 0.605640888214111 0.601621210575104 0.604019403457642 0.606876373291016 0.603641033172607 0.605785310268402 0.607292532920837 0.60538375377655 0.608226776123047 0.613063991069794 0.605284929275513 0.585634768009186 0.565998613834381 0.555596590042114 0.556832015514374 0.560732960700989 0.555399537086487 0.54729425907135 0.557264506816864 0.568052172660828 0.55801784992218 0.540054082870483 0.541319847106934 0.550990462303162 0.547901272773743 0.536972463130951 0.531310200691223 0.544489979743958 0.556228756904602 0.561475455760956 0.560689210891724 0.56104177236557 0.559313297271729 0.558733522891998 0.562742233276367 0.569713950157166 0.565702140331268 0.561980664730072 0.569708228111267 0.582265257835388 0.591383457183838 0.593815982341766 0.59895396232605
0.620658934116364 0.61574113368988 0.613556981086731 0.607105255126953 0.594226181507111 0.582791447639465 0.590828955173492 0.595963537693024 0.58979594707489 0.601188004016876 0.587516009807587 0.563123941421509 0.56999546289444 0.583675682544708 0.583443462848663 0.573883891105652 0.564494431018829 0.558577239513397 0.557550191879272 0.557385861873627 0.547843396663666 0.53491336107254 0.539616763591766 0.551867067813873 0.547554850578308 0.536304891109467 0.543703138828278 0.551234543323517 0.543737709522247 0.531009018421173 0.521283507347107 0.528518617153168 0.541264116764069 0.547992765903473 0.557593524456024 0.565656721591949 0.567214727401733 0.561535000801086 0.563361644744873 0.571811437606812 0.574280619621277 0.576792180538177 0.581987500190735 0.589865028858185 0.601153910160065 0.606517374515533 0.612889409065247
0.604834914207458 0.592832803726196 0.601385653018951 0.606386005878448 0.593073785305023 0.577205777168274 0.579759776592255 0.576933085918427 0.56732052564621 0.576470792293549 0.561854302883148 0.542977094650269 0.55142480134964 0.555003225803375 0.563375174999237 0.564083576202393 0.55990993976593 0.553281009197235 0.549193501472473 0.545908451080322 0.535053253173828 0.52198714017868 0.522321760654449 0.533765494823456 0.530920922756195 0.528949499130249 0.542679488658905 0.549998462200165 0.53508323431015 0.517305135726929 0.517586410045624 0.527574360370636 0.539949893951416 0.549515783786774 0.560135722160339 0.56992781162262 0.572455286979675 0.569088101387024 0.573245346546173 0.585322201251984 0.590515613555908 0.591563880443573 0.595582365989685 0.59928423166275 0.604923188686371 0.608702182769775 0.606101751327515
0.573939025402069 0.564756989479065 0.579432487487793 0.589532613754272 0.592245221138 0.582294940948486 0.569216549396515 0.545107841491699 0.543265163898468 0.55719792842865 0.556793332099915 0.55670952796936 0.554196417331696 0.537501394748688 0.536450982093811 0.542887270450592 0.544986009597778 0.544281303882599 0.54289984703064 0.542528331279755 0.537684142589569 0.529788076877594 0.534573793411255 0.54524439573288 0.537998974323273 0.537185549736023 0.551847159862518 0.553862690925598 0.538761079311371 0.528078317642212 0.538476526737213 0.547914266586304 0.561828911304474 0.573325574398041 0.577547788619995 0.583863615989685 0.588179588317871 0.58828216791153 0.59029757976532 0.596874415874481 0.600299119949341 0.598656952381134 0.605874419212341 0.616253197193146 0.614921689033508 0.615283608436584 0.613767564296722
0.551289439201355 0.560904383659363 0.572980999946594 0.578685939311981 0.582637310028076 0.580644905567169 0.566854357719421 0.538025259971619 0.544510781764984 0.564167022705078 0.558086037635803 0.549725770950317 0.543287575244904 0.542745292186737 0.54352480173111 0.541985511779785 0.544587850570679 0.546732187271118 0.549047768115997 0.557669937610626 0.564872801303864 0.563414871692657 0.567258179187775 0.573012471199036 0.562757074832916 0.565477013587952 0.578138470649719 0.582415461540222 0.572801947593689 0.56316202878952 0.568665504455566 0.567072689533234 0.58340859413147 0.601833581924438 0.608459770679474 0.61109846830368 0.611614227294922 0.611378073692322 0.612505376338959 0.615542531013489 0.616581082344055 0.617741525173187 0.625955939292908 0.632949888706207 0.629444241523743 0.631084740161896 0.633494198322296
0.554099261760712 0.572213113307953 0.581280887126923 0.575721263885498 0.571670293807983 0.579705715179443 0.581259727478027 0.560180425643921 0.566603064537048 0.569552958011627 0.554271101951599 0.545057713985443 0.547105252742767 0.566471934318542 0.572686553001404 0.564393639564514 0.561887145042419 0.566140472888947 0.563732862472534 0.573276281356812 0.58943772315979 0.590637385845184 0.594280183315277 0.594001710414886 0.583940207958221 0.591059446334839 0.60769784450531 0.610022902488708 0.600198268890381 0.589773058891296 0.586278200149536 0.585983276367188 0.596573233604431 0.615420281887054 0.625502049922943 0.628697335720062 0.62898188829422 0.629715442657471 0.633253395557404 0.63638561964035 0.636702418327332 0.637325286865234 0.644264876842499 0.645790755748749 0.641084790229797 0.641749203205109 0.648335874080658
0.567566633224487 0.581507325172424 0.583889126777649 0.57354736328125 0.571890830993652 0.585716962814331 0.59373676776886 0.582803070545197 0.588819086551666 0.578388273715973 0.562066197395325 0.56207138299942 0.567338407039642 0.577973663806915 0.582904934883118 0.579923927783966 0.585471451282501 0.597705125808716 0.590062499046326 0.588206470012665 0.590681970119476 0.590373814105988 0.592570722103119 0.599657714366913 0.599861264228821 0.604568839073181 0.616716206073761 0.617866992950439 0.606904447078705 0.604621410369873 0.609206736087799 0.61025196313858 0.602826714515686 0.608413934707642 0.619916439056396 0.62262350320816 0.62446802854538 0.629770338535309 0.637453138828278 0.640232920646667 0.639946281909943 0.643303096294403 0.651251256465912 0.650007605552673 0.641533434391022 0.638857483863831 0.640681266784668
0.568377792835236 0.580444693565369 0.585952639579773 0.581918478012085 0.580932021141052 0.589760959148407 0.592755079269409 0.58831125497818 0.593307375907898 0.585137784481049 0.581063687801361 0.587847828865051 0.591417133808136 0.590380251407623 0.590442478656769 0.598613202571869 0.612914443016052 0.617788851261139 0.610449433326721 0.614560186862946 0.606357336044312 0.593108177185059 0.589687645435333 0.59629362821579 0.604298532009125 0.609143674373627 0.616015255451202 0.614429891109467 0.607368111610413 0.608416020870209 0.612600207328796 0.615786552429199 0.608842968940735 0.611229658126831 0.621881425380707 0.624061942100525 0.628441333770752 0.633478820323944 0.633163452148438 0.629045903682709 0.625140070915222 0.630731344223022 0.641785502433777 0.641216397285461 0.634024620056152 0.627681195735931 -3.4e+38
0.574128091335297 0.58843594789505 0.596448063850403 0.595509588718414 0.59146386384964 0.591500699520111 0.587091147899628 0.587738394737244 0.594558238983154 0.591244876384735 0.597279012203217 0.608617186546326 0.608827948570251 0.602359116077423 0.606589674949646 0.622488617897034 0.630179524421692 0.620411694049835 0.613782048225403 0.629221796989441 0.620490491390228 0.600417256355286 0.598543465137482 0.593118488788605 0.591454982757568 0.59807562828064 0.60307639837265 0.607106506824493 0.60960179567337 0.608120560646057 0.598115742206573 0.605037987232208 0.61811238527298 0.615265667438507 0.62333869934082 0.636026740074158 0.640429973602295 0.643690526485443 0.64249849319458 0.632809102535248 0.626325786113739 0.626717329025269 -3.4e+38 -3.4e+38 -3.4e+38 -3.4e+38 -3.4e+38
0.593406498432159 0.603057324886322 0.607552647590637 0.60958456993103 0.607212960720062 0.603195309638977 0.593517124652863 0.599762201309204 0.608477592468262 0.601769208908081 0.608567297458649 0.619433343410492 0.619152843952179 0.612619400024414 0.62518721818924 0.642184853553772 0.641615748405457 0.621540129184723 0.618732035160065 0.641123414039612 0.62516462802887 0.604483783245087 0.600548982620239 0.592497169971466 0.584084689617157 0.587804555892944 0.595366895198822 0.606460392475128 0.620663940906525 0.622663676738739 0.619924068450928 0.621058404445648 0.624355852603912 0.616084277629852 0.626912713050842 -3.4e+38 -3.4e+38 -3.4e+38 -3.4e+38 -3.4e+38 -3.4e+38 -3.4e+38 -3.4e+38 -3.4e+38 -3.4e+38 -3.4e+38 -3.4e+38
0.616724193096161 0.616876542568207 0.616546273231506 0.619997620582581 0.62386828660965 0.620118498802185 0.610667169094086 0.62141227722168 0.629229128360748 0.619947791099548 0.623521089553833 0.627173900604248 0.624223947525024 0.618709325790405 0.634644567966461 0.652383148670197 0.651581048965454 0.633604526519775 0.636597633361816 0.652591586112976 0.634083807468414 0.6187863945961 0.613690495491028 0.604231655597687 0.594802439212799 0.596423447132111 0.60779082775116 0.619202315807343 -3.4e+38 -3.4e+38 -3.4e+38 -3.4e+38 -3.4e+38 -3.4e+38 -3.4e+38 -3.4e+38 -3.4e+38 -3.4e+38 -3.4e+38 -3.4e+38 -3.4e+38 -3.4e+38 -3.4e+38 -3.4e+38 -3.4e+38 -3.4e+38 -3.4e+38
0.63035124540329 0.620224356651306 0.613655388355255 0.622456431388855 0.635179162025452 0.630878031253815 0.623231828212738 0.634096682071686 0.642270028591156 0.637251973152161 0.634918332099915 0.635156571865082 0.630176782608032 0.628495693206787 0.64194643497467 0.656152606010437 0.655316889286041 -3.4e+38 -3.4e+38 -3.4e+38 -3.4e+38 -3.4e+38 -3.4e+38 -3.4e+38 -3.4e+38 -3.4e+38 -3.4e+38 -3.4e+38 -3.4e+38 -3.4e+38 -3.4e+38 -3.4e+38 -3.4e+38 -3.4e+38 -3.4e+38 -3.4e+38 -3.4e+38 -3.4e+38 -3.4e+38 -3.4e+38 -3.4e+38 -3.4e+38 -3.4e+38 -3.4e+38 -3.4e+38 -3.4e+38 -3.4e+38
0.626322388648987 0.614268004894257 0.608905255794525 0.621651947498322 0.642103433609009 0.639273881912231 -3.4e+38 -3.4e+38 -3.4e+38 -3.4e+38 -3.4e+38 -3.4e+38 -3.4e+38 -3.4e+38 -3.4e+38 -3.4e+38 -3.4e+38 -3.4e+38 -3.4e+38 -3.4e+38 -3.4e+38 -3.4e+38 -3.4e+38 -3.4e+38 -3.4e+38 -3.4e+38 -3.4e+38 -3.4e+38 -3.4e+38 -3.4e+38 -3.4e+38 -3.4e+38 -3.4e+38 -3.4e+38 -3.4e+38 -3.4e+38 -3.4e+38 -3.4e+38 -3.4e+38 -3.4e+38 -3.4e+38 -3.4e+38 -3.4e+38 -3.4e+38 -3.4e+38 -3.4e+38 -3.4e+38
0.618413507938385 0.614174723625183 -3.4e+38 -3.4e+38 -3.4e+38 -3.4e+38 -3.4e+38 -3.4e+38 -3.4e+38 -3.4e+38 -3.4e+38 -3.4e+38 -3.4e+38 -3.4e+38 -3.4e+38 -3.4e+38 -3.4e+38 -3.4e+38 -3.4e+38 -3.4e+38 -3.4e+38 -3.4e+38 -3.4e+38 -3.4e+38 -3.4e+38 -3.4e+38 -3.4e+38 -3.4e+38 -3.4e+38 -3.4e+38 -3.4e+38 -3.4e+38 -3.4e+38 -3.4e+38 -3.4e+38 -3.4e+38 -3.4e+38 -3.4e+38 -3.4e+38 -3.4e+38 -3.4e+38 -3.4e+38 -3.4e+38 -3.4e+38 -3.4e+38 -3.4e+38 -3.4e+38
