data/trimmed_ndre/Od_ndre.84.2012_no_clouds.asc
NCOLS 144 
NROWS 65 
XLLCORNER 512965 
YLLCORNER 5150865 
CELLSIZE 5 
NODATA_value -3.4e+38 
[rows 21 to 41 of 65, columns 47 to 93 of 144]
0.193104803562164 0.193077236413956 0.188905045390129 0.183182135224342 0.187084376811981 0.186980530619621 0.184050977230072 0.172794237732887 0.173580527305603 0.180282473564148 0.192431375384331 0.19424344599247 0.177010744810104 0.178831085562706 0.184857398271561 0.184095606207848 0.189342185854912 0.191742017865181 0.188631996512413 0.187977984547615 0.182599887251854 0.179534316062927 0.182829573750496 0.185655117034912 0.183761313557625 0.181067600846291 0.183618783950806 0.188864856958389 0.165618881583214 0.171659260988235 0.189599215984344 0.158973693847656 0.14480048418045 0.168370023369789 0.185982555150986 0.185481026768684 0.170532047748566 0.165009289979935 0.170803651213646 0.168890655040741 0.165994182229042 0.168709322810173 0.169483840465546 0.167072743177414 0.156170517206192 0.146895706653595 0.155956238508224
0.190865278244019 0.186848938465118 0.17580583691597 0.175236701965332 0.197997286915779 0.198173254728317 0.191228047013283 0.177313640713692 0.170803889632225 0.180254712700844 0.200829535722733 0.19832256436348 0.176659986376762 0.192013904452324 0.197156444191933 0.185266450047493 0.189218923449516 0.188967376947403 0.189254716038704 0.187309324741364 0.183885708451271 0.180718988180161 0.18239551782608 0.186011657118797 0.186203256249428 0.182037726044655 0.178310349583626 0.177712306380272 0.151843935251236 0.162686556577682 0.197100460529327 0.180174738168716 0.158438965678215 0.155754998326302 0.174958065152168 0.185552537441254 0.164971172809601 0.146033108234406 0.157146915793419 0.171401217579842 0.154511988162994 0.153351843357086 0.161282941699028 0.154098629951477 0.15386076271534 0.163110837340355 0.165274441242218
0.190710887312889 0.176812082529068 0.174936980009079 0.175234764814377 0.176922813057899 0.175047606229782 0.173489272594452 0.179160445928574 0.170203253626823 0.166109323501587 0.191461339592934 0.187030732631683 0.172329783439636 0.1984823346138 0.205548405647278 0.197636142373085 0.184805408120155 0.166903421282768 0.172141179442406 0.185041397809982 0.187753349542618 0.183992236852646 0.180443033576012 0.182532712817192 0.183287039399147 0.182043343782425 0.175999075174332 0.172793596982956 0.168235525488853 0.160464957356453 0.174011737108231 0.181879356503487 0.17337392270565 0.157528236508369 0.161200642585754 0.174027383327484 0.167214617133141 0.15068955719471 0.146163940429688 0.158704996109009 0.1521215736866 0.151231244206429 0.159889578819275 0.156981945037842 0.149027824401855 0.165025621652603 0.175228387117386
0.183034896850586 0.17422741651535 0.164377376437187 0.166678264737129 0.176306709647179 0.173686355352402 0.163393944501877 0.186116084456444 0.181042522192001 0.156855434179306 0.185097798705101 0.177750781178474 0.168172538280487 0.192316234111786 0.179570123553276 0.178703144192696 0.175010472536087 0.161775946617126 0.172294303774834 0.183831214904785 0.187469333410263 0.179355755448341 0.171028345823288 0.169834867119789 0.175738155841827 0.180671617388725 0.173309773206711 0.169957369565964 0.173451364040375 0.152211934328079 0.138266175985336 0.157581195235252 0.180212289094925 0.175006195902824 0.157661586999893 0.157312363386154 0.163904264569283 0.166154384613037 0.159939989447594 0.157407134771347 0.162559285759926 0.165431454777718 0.150894314050674 0.149444997310638 0.162054553627968 0.175480931997299 0.181119725108147
0.173677235841751 0.172758460044861 0.150768771767616 0.161576136946678 0.181034505367279 0.185859873890877 0.175630539655685 0.184872508049011 0.178861290216446 0.165764182806015 0.181701943278313 0.177651524543762 0.16740594804287 0.178176671266556 0.179759159684181 0.171728745102882 0.173890605568886 0.180850237607956 0.20191890001297 0.189402848482132 0.181294158101082 0.177954122424126 0.169553592801094 0.163681551814079 0.170982018113136 0.179190516471863 0.175789639353752 0.160255953669548 0.159160032868385 0.163712561130524 0.147391512989998 0.153368532657623 0.174363553524017 0.174507573246956 0.160713165998459 0.143466621637344 0.154666736721992 0.17789027094841 0.171465888619423 0.15592223405838 0.152329087257385 0.168547719717026 0.163150668144226 0.160315543413162 0.1791652739048 0.182938441634178 0.165160402655602
0.177878126502037 0.171479746699333 0.153099983930588 0.159757360816002 0.158871978521347 0.161955177783966 0.161620184779167 0.164056345820427 0.180889546871185 0.176317766308784 0.166245073080063 0.16073614358902 0.154060304164886 0.165733143687248 0.181308418512344 0.162313342094421 0.169073805212975 0.186818957328796 0.197669610381126 0.177619457244873 0.171409517526627 0.181223765015602 0.182453617453575 0.175271466374397 0.167403563857079 0.169693425297737 0.173569813370705 0.174311906099319 0.173265874385834 0.168679177761078 0.15000493824482 0.14865431189537 0.14792312681675 0.154406890273094 0.158732950687408 0.153141155838966 0.160174071788788 0.174053505063057 0.160408094525337 0.162040218710899 0.166883155703545 0.172848746180534 0.172583982348442 0.176000013947487 0.171921014785767 0.1709054261446 0.168427973985672
0.168383806943893 0.165623769164085 0.161515817046165 0.165732309222221 0.163451448082924 0.157721474766731 0.159150451421738 0.159741252660751 0.169492021203041 0.16853378713131 0.152964219450951 0.152979955077171 0.16253525018692 0.16549976170063 0.162084653973579 0.154443979263306 0.166758805513382 0.179467007517815 0.177206948399544 0.1649349629879 0.162536531686783 0.165938273072243 0.173452004790306 0.177600711584091 0.168332144618034 0.159509420394897 0.164571166038513 0.173731222748756 0.153970405459404 0.155845254659653 0.154891386628151 0.146449595689774 0.148286789655685 0.160843536257744 0.178692743182182 0.181202724575996 0.173668384552002 0.170170933008194 0.167599454522133 0.160451143980026 0.172070071101189 0.17599281668663 0.17225070297718 0.194927245378494 0.19208163022995 0.173332214355469 0.171476364135742
0.165514931082726 0.160712838172913 0.154926240444183 0.165915563702583 0.178455263376236 0.176300004124641 0.177694827318192 0.162464052438736 0.146494835615158 0.164512500166893 0.15796110033989 0.154784515500069 0.169489115476608 0.173137873411179 0.171061918139458 0.169214710593224 0.171095788478851 0.16437366604805 0.166700094938278 0.164286836981773 0.159335017204285 0.154069572687149 0.16656482219696 0.177504926919937 0.170006588101387 0.164063096046448 0.162669867277145 0.161717563867569 0.140522584319115 0.161657437682152 0.171215161681175 0.152261435985565 0.162440687417984 0.180302709341049 0.191442012786865 0.186080023646355 0.175638377666473 0.169709175825119 0.166136145591736 0.15663543343544 0.171086609363556 0.179503008723259 0.182962238788605 0.201435282826424 0.202481865882874 0.186047494411469 0.180602177977562
0.187750965356827 0.180924370884895 0.17242231965065 0.167646944522858 0.175280556082726 0.18098720908165 0.175510123372078 0.151682659983635 0.146376192569733 0.174524933099747 0.163801625370979 0.146853223443031 0.157622441649437 0.176001250743866 0.172021359205246 0.176406964659691 0.167866468429565 0.15130227804184 0.165646225214005 0.170652255415916 0.160726562142372 0.154011785984039 0.166679203510284 0.173316359519958 0.166208356618881 0.164974749088287 0.167553603649139 0.163365453481674 0.155737027525902 0.169316872954369 0.177352249622345 0.162330821156502 0.167093068361282 0.184829130768776 0.190902814269066 0.172700315713882 0.154701814055443 0.157242015004158 0.163175046443939 0.165357440710068 0.170859426259995 0.16047590970993 0.175571233034134 0.203196212649345 0.196044713258743 0.202000617980957 0.207211121916771
0.166229814291 0.170991495251656 0.187671437859535 0.170026183128357 0.155671864748001 0.162067130208015 0.171112924814224 0.164451226592064 0.167305365204811 0.175452172756195 0.160720735788345 0.148135811090469 0.151287719607353 0.163575127720833 0.156127840280533 0.169106066226959 0.159137025475502 0.139953598380089 0.16395378112793 0.171405911445618 0.161838039755821 0.157712087035179 0.168156057596207 0.163619190454483 0.157943159341812 0.16484123468399 0.175971165299416 0.16961182653904 0.154228612780571 0.158053249120712 0.176229178905487 0.161112904548645 0.154208689928055 0.179723501205444 0.18574745953083 0.175231799483299 0.162869915366173 0.168905735015869 0.171936690807343 0.162767693400383 0.1623555123806 0.170276030898094 0.179352328181267 0.2016461789608 0.197058230638504 0.189308226108551 0.20118023455143
0.166537582874298 0.172088384628296 0.174354434013367 0.155955255031586 0.153668999671936 0.160322889685631 0.169951364398003 0.171477034687996 0.170207977294922 0.170204475522041 0.166850119829178 0.17076849937439 0.159603402018547 0.155324786901474 0.155330806970596 0.162328228354454 0.15041521191597 0.14222939312458 0.161068856716156 0.15950208902359 0.158069759607315 0.160395100712776 0.167438894510269 0.157948508858681 0.15422211587429 0.167142927646637 0.179201766848564 0.170603632926941 0.148216262459755 0.147510200738907 0.173048317432404 0.154568120837212 0.157809317111969 0.184040024876595 0.184215620160103 0.182607010006905 0.177081257104874 0.174034029245377 0.175274178385735 0.173958256840706 0.176235795021057 0.188486844301224 0.175281450152397 0.200862646102905 0.227276593446732 0.214407905936241 0.203400373458862
0.177107259631157 0.17492587864399 0.15744449198246 0.147935718297958 0.158849820494652 0.157166823744774 0.163985311985016 0.171243280172348 0.167981863021851 0.171930760145187 0.164393946528435 0.15914660692215 0.163964539766312 0.166423499584198 0.169778883457184 0.158879473805428 0.157542824745178 0.15677110850811 0.155704468488693 0.150187447667122 0.157178863883018 0.16298796236515 0.166633486747742 0.164419576525688 0.16333994269371 0.164902180433273 0.172507777810097 0.17376135289669 0.161635905504227 0.160199493169785 0.170738026499748 0.154272958636284 0.173292085528374 0.194645076990128 0.185152262449265 0.182412594556808 0.175249993801117 0.165855348110199 0.165195763111115 0.166811734437943 0.176964640617371 0.183962047100067 0.175706937909126 0.195184096693993 0.225437209010124 0.222948715090752 0.20748096704483
0.166925132274628 0.160153210163116 0.149724304676056 0.154790714383125 0.167924910783768 0.152034446597099 0.162868052721024 0.176084935665131 0.164420396089554 0.16013391315937 0.150345787405968 0.139518305659294 0.16156892478466 0.147636890411377 0.146892055869102 0.160568252205849 0.177619740366936 0.170521005988121 0.15885816514492 0.155830636620522 0.166862308979034 0.163727387785912 0.16853654384613 0.176689997315407 0.176123484969139 0.162871927022934 0.169969975948334 0.187650144100189 0.185368105769157 0.178163304924965 0.175256341695786 0.167175024747849 0.189496010541916 0.197066694498062 0.183668106794357 0.180140018463135 0.181727215647697 0.177917867898941 0.164345443248749 0.152249217033386 0.157636970281601 0.173058986663818 0.180683851242065 0.198727816343307 0.218569323420525 0.218652650713921 0.204052180051804
0.196117997169495 0.190094113349915 0.176716536283493 0.180901646614075 0.185737311840057 0.166110828518867 0.170764192938805 0.175183996558189 0.159399881958961 0.145935267210007 0.165405228734016 0.16475048661232 0.157738044857979 0.151154294610023 0.146975412964821 0.171231880784035 0.189940840005875 0.179536640644073 0.165747314691544 0.173320204019547 0.181965664029121 0.15851017832756 0.168539837002754 0.186484590172768 0.18524831533432 0.167061328887939 0.175010114908218 0.189705893397331 0.18208721280098 0.181191846728325 0.184750452637672 0.187410652637482 0.194962710142136 0.191872164607048 0.18967367708683 0.190238878130913 0.189622804522514 0.188146725296974 0.170611247420311 0.153374865651131 0.152701824903488 0.165835544466972 0.191421672701836 0.213798433542252 0.227374643087387 0.214942678809166 0.191271916031837
0.207555562257767 0.198640123009682 0.19402340054512 0.196155697107315 0.188139006495476 0.175617456436157 0.181773290038109 0.183411985635757 0.169280484318733 0.157892271876335 0.173125058412552 0.169885575771332 0.169853642582893 0.190532252192497 0.17651355266571 0.170466914772987 0.17778491973877 0.173293933272362 0.179712146520615 0.185000106692314 0.183447510004044 0.155669167637825 0.16805163025856 0.192135840654373 0.191065534949303 0.174777686595917 0.182939305901527 0.174643963575363 0.167424365878105 0.178521633148193 0.196093827486038 0.200042545795441 0.195455059409142 0.193672373890877 0.194464892148972 0.185732796788216 0.176659226417542 0.184435129165649 0.177286416292191 0.164065599441528 0.164519235491753 0.179276302456856 0.201567187905312 0.224989488720894 0.230918154120445 0.209267064929008 0.206524670124054
0.210593447089195 0.194713667035103 0.184399724006653 0.191614344716072 0.18439944088459 0.173209831118584 0.179635897278786 0.187807887792587 0.180486530065536 0.174228876829147 0.18036550283432 0.169078186154366 0.179453283548355 0.197727873921394 0.193624675273895 0.187454625964165 0.176817834377289 0.183778688311577 0.206558436155319 0.17847266793251 0.170008078217506 0.174838304519653 0.180873230099678 0.183247715234756 0.187760889530182 0.185842245817184 0.190303117036819 0.165418773889542 0.163973063230515 0.188558176159859 0.197835013270378 0.197400316596031 0.193458646535873 0.191050469875336 0.187772303819656 0.168777108192444 0.161435782909393 0.177032694220543 0.180121526122093 0.190286666154861 0.204535812139511 0.209148377180099 0.211767882108688 0.224615126848221 0.219688415527344 0.199997201561928 0.226047545671463
0.21343132853508 0.201080933213234 0.197472810745239 0.205635696649551 0.192971050739288 0.173657521605492 0.174426853656769 0.184327885508537 0.183891654014587 0.18386971950531 0.179840669035912 0.167453438043594 0.180210515856743 0.183784916996956 0.182775989174843 0.193290427327156 0.183287754654884 0.183767721056938 0.195674672722816 0.174651846289635 0.175196349620819 0.185456827282906 0.18323378264904 0.17758497595787 0.182974129915237 0.185965657234192 0.182036116719246 0.181378334760666 0.188043415546417 0.199253082275391 0.19465483725071 0.174345687031746 0.17327669262886 0.188073024153709 0.184688150882721 0.165634587407112 0.161500260233879 0.174126103520393 0.179964482784271 0.205651566386223 0.236356317996979 0.249386921525002 0.255183637142181 0.244318947196007 0.218998238444328 0.205479547381401 0.226875737309456
0.216025844216347 0.210854351520538 0.196964114904404 0.201595023274422 0.20728899538517 0.184433698654175 0.176580280065536 0.183419272303581 0.180779084563255 0.181434884667397 0.175475120544434 0.168511852622032 0.182250678539276 0.177108153700829 0.174437165260315 0.186510309576988 0.179453805088997 0.177670329809189 0.180140152573586 0.172954872250557 0.182985067367554 0.176174744963646 0.170696437358856 0.171313837170601 0.169632032513618 0.17906542122364 0.182436808943748 0.189359456300735 0.201933071017265 0.201988965272903 0.188489481806755 0.167100802063942 0.166482016444206 0.179088115692139 0.185256645083427 0.16172556579113 0.16442996263504 0.184366822242737 0.206229284405708 0.237075015902519 0.264665424823761 0.284069836139679 0.278598457574844 0.253372132778168 0.227943435311317 0.217852085828781 0.232790812849998
0.204350784420967 0.210528463125229 0.20245073735714 0.200091376900673 0.208705276250839 0.195125296711922 0.193840548396111 0.190335288643837 0.179167494177818 0.175491154193878 0.168569698929787 0.174317672848701 0.186442285776138 0.172055706381798 0.163403615355492 0.164635986089706 0.158485189080238 0.156924024224281 0.162122502923012 0.170157626271248 0.176976919174194 0.156506896018982 0.165456369519234 0.181602358818054 0.171490415930748 0.179183572530746 0.181111693382263 0.180136606097221 0.199308574199677 0.183178186416626 0.181967586278915 0.18851400911808 0.173492014408112 0.137221664190292 0.146934390068054 0.177543357014656 0.179109126329422 0.213334813714027 0.252916753292084 0.283339887857437 0.289113283157349 0.294455379247665 0.291299700737 0.267524421215057 0.250531494617462 0.229394525289536 0.229884833097458
0.197209015488625 0.202672094106674 0.202566057443619 0.200326576828957 0.198962613940239 0.197901800274849 0.207257643342018 0.197478637099266 0.180065095424652 0.176421657204628 0.168891414999962 0.181905567646027 0.182270780205727 0.157836213707924 0.148596733808517 0.149234414100647 0.152218386530876 0.150119826197624 0.156362697482109 0.186991900205612 0.194814756512642 0.163441836833954 0.177708745002747 0.198292642831802 0.187088206410408 0.182393118739128 0.188657432794571 0.18646913766861 0.187899813055992 0.179326727986336 0.190476551651955 0.20071667432785 0.186157554388046 0.167245253920555 0.171423465013504 0.210470080375671 0.214176714420319 0.255566418170929 0.305327773094177 0.325241267681122 0.319809049367905 0.318608015775681 0.299822747707367 0.262041240930557 0.254842191934586 0.225397765636444 0.217223599553108
0.197527512907982 0.20215667784214 0.193813532590866 0.209083274006844 0.20606230199337 0.20295937359333 0.209346815943718 0.197456613183022 0.192382648587227 0.188975304365158 0.179877430200577 0.186246380209923 0.172153800725937 0.147578924894333 0.149512141942978 0.159548982977867 0.175022691488266 0.179242685437202 0.177016705274582 0.207845747470856 0.227518454194069 0.210170984268188 0.213034018874168 0.213662505149841 0.208355098962784 0.209735617041588 0.225628361105919 0.221759647130966 0.213384225964546 0.208126500248909 0.197939217090607 0.209045812487602 0.216038316488266 0.213663503527641 0.194749921560287 0.211577653884888 0.243909224867821 0.271546393632889 0.325853854417801 0.336163759231567 0.313514798879623 0.310207158327103 0.298026621341705 0.27910840511322 0.262100547552109 0.228063225746155 0.219639912247658
