data/trimmed_ndre/Od_ndre.84.2012_no_clouds.asc
NCOLS 144 
NROWS 65 
XLLCORNER 512965 
YLLCORNER 5150865 
CELLSIZE 5 
NODATA_value -3.4e+38 
[rows 21 to 41 of 65, columns 94 to 140 of 144]
0.154827237129211 0.160522371530533 0.170029193162918 0.17917038500309 0.155745029449463 0.147865980863571 0.174217641353607 0.163640186190605 0.154901966452599 0.159603416919708 0.167218908667564 0.16363637149334 0.162457957863808 0.155577823519707 0.15178319811821 0.15998312830925 0.181153371930122 0.181828454136848 0.161139637231827 0.160103738307953 0.180441945791245 0.192794159054756 0.187801584601402 0.171822756528854 0.158824071288109 0.163692623376846 0.174485370516777 0.175847426056862 0.168514221906662 0.165163919329643 0.170148029923439 0.18657673895359 0.203351631760597 0.208489060401917 0.198968455195427 -3.4e+38 -3.4e+38 -3.4e+38 -3.4e+38 -3.4e+38 -3.4e+38 -3.4e+38 -3.4e+38 -3.4e+38 -3.4e+38 -3.4e+38 -3.4e+38
0.148935601115227 0.163176670670509 0.178789481520653 0.170265838503838 0.170540153980255 0.169817581772804 0.174897730350494 0.163922935724258 0.156174063682556 0.163793385028839 0.169341966509819 0.154535636305809 0.159427970647812 0.154985681176186 0.143761247396469 0.143549963831902 0.175400912761688 0.198033586144447 0.18793486058712 0.181703522801399 0.184539034962654 0.195467948913574 0.194800212979317 0.187899425625801 0.174169555306435 0.164709374308586 0.165095582604408 0.163563579320908 0.169658988714218 0.181915730237961 0.191572666168213 0.195157438516617 0.200472414493561 0.199322268366814 0.194881603121758 0.190102785825729 0.19669234752655 -3.4e+38 -3.4e+38 -3.4e+38 -3.4e+38 -3.4e+38 -3.4e+38 -3.4e+38 -3.4e+38 -3.4e+38 -3.4e+38
0.157301172614098 0.162554144859314 0.17947082221508 0.170412197709084 0.166464328765869 0.16328164935112 0.167981922626495 0.166601702570915 0.152868807315826 0.157056853175163 0.158347636461258 0.145535200834274 0.149538442492485 0.149013221263885 0.146157950162888 0.155930295586586 0.182317346334457 0.203115865588188 0.209008544683456 0.204549357295036 0.203760460019112 0.196750104427338 0.193693175911903 0.19842554628849 0.195789337158203 0.174459770321846 0.159211322665215 0.160145074129105 0.175549447536469 0.199446991086006 0.206896677613258 0.197938606142998 0.187231957912445 0.190740093588829 0.198670938611031 0.194573283195496 0.20032973587513 0.205176755785942 -3.4e+38 -3.4e+38 -3.4e+38 -3.4e+38 -3.4e+38 -3.4e+38 -3.4e+38 -3.4e+38 -3.4e+38
0.169530466198921 0.158024370670319 0.167228996753693 0.169864922761917 0.155940607190132 0.150203317403793 0.170264974236488 0.175774842500687 0.155537903308868 0.147247895598412 0.145373418927193 0.145204663276672 0.146281749010086 0.149657160043716 0.158919349312782 0.1712546646595 0.184978812932968 0.191804990172386 0.205640077590942 0.228197544813156 0.236832499504089 0.224105060100555 0.201481148600578 0.19006884098053 0.200060576200485 0.188535764813423 0.169812828302383 0.168452069163322 0.178752675652504 0.193349003791809 0.193463176488876 0.179635480046272 0.173509493470192 0.184540495276451 0.20109923183918 0.199195221066475 0.193223133683205 0.192794352769852 0.193675473332405 -3.4e+38 -3.4e+38 -3.4e+38 -3.4e+38 -3.4e+38 -3.4e+38 -3.4e+38 -3.4e+38
0.159085154533386 0.167673736810684 0.169085130095482 0.177897796034813 0.172856107354164 0.163841992616653 0.178662583231926 0.174977853894234 0.153126984834671 0.141518950462341 0.134955361485481 0.140844702720642 0.151461437344551 0.154509603977203 0.163306534290314 0.174959406256676 0.182898342609406 0.190156355500221 0.217866122722626 0.253779530525208 0.26434662938118 0.249886900186539 0.234116464853287 0.217368721961975 0.202875435352325 0.190351217985153 0.182783454656601 0.17853944003582 0.180069640278816 0.180188313126564 0.178810432553291 0.173936396837234 0.174172922968864 0.177275151014328 0.192048266530037 0.192150041460991 0.183490291237831 0.18043377995491 0.185383409261703 -3.4e+38 -3.4e+38 -3.4e+38 -3.4e+38 -3.4e+38 -3.4e+38 -3.4e+38 -3.4e+38
0.166490584611893 0.176603853702545 0.174457103013992 0.185959652066231 0.1805469840765 0.169990748167038 0.175173610448837 0.162770003080368 0.156582817435265 0.155480220913887 0.150131925940514 0.150929495692253 0.162836670875549 0.164675787091255 0.161562234163284 0.172608852386475 0.191856488585472 0.207092329859734 0.231568977236748 0.264613121747971 0.265797197818756 0.248632043600082 0.244783505797386 0.239529237151146 0.213508576154709 0.194149896502495 0.185426443815231 0.19036278128624 0.186721086502075 0.17677129805088 0.181444108486176 0.186686262488365 0.180623665452003 0.168986186385155 0.180339142680168 0.188300043344498 0.179889157414436 0.173402979969978 0.170363053679466 0.178804695606232 -3.4e+38 -3.4e+38 -3.4e+38 -3.4e+38 -3.4e+38 -3.4e+38 -3.4e+38
0.177469804883003 0.173307627439499 0.180153861641884 0.186114907264709 0.172051146626472 0.166970476508141 0.167621672153473 0.153305053710938 0.160241097211838 0.170138716697693 0.162578076124191 0.150412946939468 0.163285672664642 0.169542267918587 0.164413273334503 0.167875900864601 0.187701866030693 0.211431279778481 0.2257459461689 0.261825025081635 0.275944650173187 0.268227517604828 0.261895775794983 0.255406558513641 0.240463063120842 0.203897923231125 0.180974438786507 0.186189636588097 0.182194828987122 0.170211955904961 0.180181086063385 0.198376476764679 0.180916666984558 0.154139146208763 0.165130287408829 0.175060659646988 0.177292957901955 0.17074029147625 0.165528580546379 0.176263988018036 0.187801495194435 -3.4e+38 -3.4e+38 -3.4e+38 -3.4e+38 -3.4e+38 -3.4e+38
0.200502425432205 0.191403567790985 0.188462808728218 0.189636051654816 0.169227465987206 0.170666068792343 0.17086336016655 0.15660049021244 0.159944117069244 0.167707189917564 0.160428941249847 0.148365035653114 0.170587509870529 0.186430707573891 0.179849803447723 0.169609621167183 0.18613600730896 0.194458484649658 0.21443809568882 0.257949680089951 0.269067645072937 0.270770758390427 0.27246031165123 0.254815131425858 0.250675916671753 0.224017053842545 0.191751390695572 0.19295459985733 0.18608520925045 0.16267417371273 0.158520311117172 0.18265800178051 0.180283635854721 0.150922954082489 0.149779438972473 0.161674007773399 0.176511615514755 0.183957234025002 0.179158806800842 0.184642866253853 0.187131702899933 0.193318232893944 -3.4e+38 -3.4e+38 -3.4e+38 -3.4e+38 -3.4e+38
0.213087543845177 0.200494676828384 0.195194587111473 0.192809149622917 0.176477953791618 0.174352213740349 0.169466882944107 0.159283429384232 0.158048987388611 0.156917870044708 0.157662451267242 0.157483354210854 0.168490588665009 0.18449379503727 0.183185875415802 0.181997358798981 0.204107195138931 0.203016430139542 0.228039085865021 0.26317286491394 0.255064070224762 0.26275634765625 0.25741508603096 0.24432472884655 0.258836001157761 0.234175950288773 0.200874194502831 0.195752248167992 0.181950032711029 0.15609784424305 0.147370710968971 0.170723274350166 0.184257566928864 0.167137995362282 0.155515179038048 0.168209359049797 0.171148210763931 0.189063012599945 0.19085468351841 0.182482466101646 0.174120470881462 0.178330153226852 0.189427703619003 -3.4e+38 -3.4e+38 -3.4e+38 -3.4e+38
0.207380533218384 0.199502065777779 0.190294206142426 0.189540162682533 0.178513407707214 0.166591659188271 0.158167734742165 0.158464208245277 0.161123424768448 0.156008213758469 0.162652537226677 0.171286895871162 0.17583966255188 0.183494657278061 0.174285873770714 0.179645523428917 0.207487717270851 0.207758992910385 0.238164827227592 0.262354493141174 0.252169400453568 0.272999167442322 0.258883655071259 0.237496554851532 0.247455105185509 0.222552061080933 0.193012192845345 0.182725146412849 0.175648674368858 0.156018763780594 0.154288977384567 0.174020424485207 0.18586565554142 0.184496983885765 0.178715899586678 0.177806124091148 0.166521564126015 0.189904302358627 0.193047717213631 0.169421538710594 0.164341598749161 0.168869808316231 0.184572279453278 0.188231334090233 -3.4e+38 -3.4e+38 -3.4e+38
0.20010507106781 0.195061445236206 0.180772393941879 0.174432933330536 0.175223931670189 0.167706117033958 0.161220818758011 0.163438588380814 0.165809094905853 0.162942588329315 0.168264836072922 0.173327714204788 0.186201214790344 0.194866433739662 0.18360161781311 0.201231196522713 0.225082844495773 0.2195103764534 0.246632426977158 0.246896386146545 0.241692364215851 0.269136399030685 0.26073095202446 0.238937497138977 0.229375690221786 0.213569596409798 0.193075433373451 0.178694888949394 0.17262102663517 0.167049363255501 0.167446061968803 0.169140011072159 0.172246545553207 0.183393523097038 0.180021733045578 0.173891544342041 0.171107187867165 0.178659096360207 0.178852245211601 0.175322487950325 0.17768894135952 0.174980103969574 0.191475331783295 0.197681084275246 0.181941494345665 -3.4e+38 -3.4e+38
0.191201746463776 0.200117722153664 0.200700581073761 0.183391511440277 0.180707305669785 0.180262297391891 0.16910682618618 0.164445236325264 0.155808165669441 0.16135410964489 0.175135493278503 0.165424078702927 0.17634953558445 0.199364900588989 0.206758409738541 0.222541391849518 0.234787225723267 0.245491907000542 0.268600523471832 0.260977864265442 0.25839376449585 0.271163910627365 0.256965905427933 0.244105964899063 0.237375736236572 0.227780386805534 0.206515148282051 0.179968357086182 0.168444022536278 0.171509265899658 0.180669039487839 0.168255656957626 0.156807616353035 0.165661334991455 0.155838012695312 0.149845078587532 0.16447739303112 0.181055977940559 0.184326946735382 0.191107377409935 0.198805302381516 0.190772473812103 0.171140804886818 0.169215694069862 0.175437584519386 0.190571486949921 -3.4e+38
0.182039946317673 0.19892543554306 0.21038456261158 0.189040154218674 0.17718294262886 0.17047618329525 0.159222334623337 0.151334404945374 0.157700955867767 0.173981040716171 0.183430835604668 0.160809859633446 0.176344946026802 0.222223520278931 0.2468131929636 0.236420035362244 0.231103360652924 0.24495455622673 0.263418883085251 0.258947968482971 0.263117700815201 0.257375240325928 0.237155273556709 0.237388402223587 0.237067058682442 0.222774967551231 0.198222249746323 0.177619889378548 0.163861066102982 0.17139407992363 0.184305503964424 0.180537894368172 0.16070930659771 0.160751223564148 0.172062367200851 0.174995377659798 0.177094861865044 0.185823574662209 0.189317241311073 0.178630650043488 0.183113381266594 0.187464192509651 0.172024816274643 0.162119418382645 0.177644476294518 0.190133571624756 0.184781134128571
0.179013714194298 0.201398208737373 0.198395147919655 0.171782165765762 0.159604012966156 0.154823437333107 0.154909566044807 0.162227213382721 0.181796088814735 0.187810987234116 0.199029237031937 0.200703486800194 0.209350243210793 0.240781486034393 0.26571586728096 0.260366976261139 0.269731968641281 0.26202255487442 0.249922662973404 0.242903038859367 0.242194771766663 0.223681375384331 0.206298306584358 0.212742879986763 0.209367305040359 0.195502161979675 0.181908816099167 0.178854122757912 0.172254875302315 0.172753512859344 0.183784544467926 0.194145873188972 0.181113794445992 0.176098734140396 0.189658656716347 0.19440558552742 0.178216382861137 0.166829332709312 0.166598737239838 0.160953298211098 0.174289599061012 0.190408572554588 0.190451815724373 0.173363596200943 0.179599419236183 0.194306790828705 0.193960294127464
0.205602243542671 0.197553873062134 0.17765973508358 0.157685697078705 0.154968500137329 0.161336034536362 0.172925382852554 0.189462944865227 0.190296858549118 0.186193525791168 0.210971847176552 0.247702434659004 0.246350571513176 0.228482604026794 0.228637352585793 0.234447300434113 0.249498724937439 0.266924917697906 0.250783205032349 0.237547934055328 0.233874127268791 0.205032005906105 0.180452972650528 0.184730783104897 0.189463138580322 0.183303818106651 0.178466781973839 0.183625623583794 0.184102743864059 0.174749553203583 0.173912346363068 0.186162486672401 0.190698385238647 0.179910480976105 0.177170425653458 0.178559333086014 0.169698938727379 0.166573464870453 0.166706278920174 0.169793590903282 0.185149297118187 0.184372931718826 0.178080886602402 0.17486546933651 0.181701049208641 0.192149788141251 0.195415124297142
0.21668016910553 0.178443863987923 0.167087718844414 0.170347973704338 0.183017373085022 0.188991710543633 0.185509815812111 0.195199832320213 0.208760604262352 0.206256434321404 0.22902412712574 0.255780875682831 0.251649975776672 0.2066620439291 0.204339504241943 0.201899453997612 0.207621574401855 0.249232813715935 0.249313041567802 0.21898478269577 0.206661552190781 0.191894099116325 0.165335550904274 0.17613585293293 0.200357154011726 0.201020002365112 0.186608865857124 0.179549247026443 0.18020798265934 0.172385111451149 0.163857787847519 0.171547636389732 0.189339905977249 0.183676466345787 0.169946908950806 0.170136705040932 0.179439842700958 0.186491325497627 0.183764666318893 0.186685636639595 0.195576250553131 0.184055089950562 0.177209407091141 0.179042160511017 0.178511112928391 0.183361575007439 0.186933413147926
0.213026344776154 0.193846568465233 0.202629402279854 0.211210906505585 0.218666434288025 0.20956052839756 0.197030782699585 0.2117830067873 0.230841755867004 0.238050043582916 0.243365302681923 0.220388159155846 0.208748906850815 0.195588558912277 0.194056302309036 0.182977765798569 0.179497972130775 0.197701618075371 0.22776934504509 0.209075406193733 0.187730565667152 0.18439556658268 0.168533220887184 0.168042659759521 0.166318148374557 0.158730179071426 0.162637770175934 0.168234005570412 0.17088708281517 0.170840412378311 0.179186746478081 0.18653404712677 0.19469365477562 0.200593844056129 0.198995396494865 0.181252002716064 0.177394285798073 0.187368914484978 0.187200754880905 0.186370372772217 0.195152774453163 0.194553703069687 0.192869767546654 0.183603793382645 0.175378859043121 0.17894558608532 0.17692594230175
0.228095471858978 0.233883485198021 0.246192425489426 0.235653355717659 0.231281340122223 0.242833286523819 0.246930345892906 0.246198788285255 0.250400364398956 0.253458827733994 0.241011142730713 0.21368396282196 0.18898743391037 0.1874058842659 0.176407724618912 0.159787595272064 0.175519645214081 0.190388023853302 0.19669409096241 0.191681563854218 0.169411644339561 0.17373825609684 0.179131746292114 0.173668131232262 0.145099774003029 0.133479624986649 0.159046500921249 0.177818462252617 0.184738397598267 0.179175645112991 0.185711562633514 0.196672424674034 0.188936650753021 0.179853677749634 0.183593168854713 0.181570485234261 0.171278536319733 0.174954995512962 0.185168996453285 0.18738329410553 0.184652283787727 0.190873652696609 0.200189366936684 0.186330422759056 0.175859943032265 0.175402536988258 -3.4e+38
0.233330175280571 0.24369652569294 0.242742747068405 0.240078687667847 0.248511925339699 0.269745916128159 0.275466740131378 0.259667575359344 0.253494203090668 0.257359564304352 0.245305404067039 0.217864468693733 0.181615859270096 0.171686574816704 0.172346413135529 0.157219529151917 0.165706872940063 0.174193620681763 0.166354447603226 0.178624615073204 0.161515414714813 0.169017031788826 0.179602786898613 0.169372692704201 0.162346184253693 0.161529555916786 0.171674355864525 0.178045764565468 0.188703343272209 0.179497882723808 0.163565322756767 0.171479344367981 0.180383250117302 0.180351033806801 0.185446083545685 0.19463948905468 0.18921385705471 0.182574316859245 0.181997522711754 0.178279712796211 0.179577693343163 0.184742152690887 0.198456168174744 0.183002829551697 -3.4e+38 -3.4e+38 -3.4e+38
0.229212552309036 0.231987103819847 0.22713977098465 0.230935201048851 0.241384759545326 0.250489115715027 0.240676864981651 0.232677906751633 0.22941954433918 0.234404593706131 0.220523923635483 0.203978434205055 0.181865945458412 0.16838912665844 0.159740820527077 0.147365003824234 0.147376194596291 0.160847038030624 0.149954453110695 0.141616985201836 0.148565843701363 0.163895845413208 0.164690941572189 0.162182286381721 0.174221873283386 0.174139723181725 0.172755613923073 0.173480466008186 0.177871569991112 0.185396671295166 0.165671721100807 0.154811277985573 0.17465004324913 0.18536488711834 0.194315373897552 0.19696156680584 0.185635730624199 0.18169504404068 0.179375812411308 0.180775806307793 0.196177557110786 0.199286878108978 -3.4e+38 -3.4e+38 -3.4e+38 -3.4e+38 -3.4e+38
0.243486225605011 0.24677862226963 0.215605646371841 0.212264463305473 0.224616348743439 0.217442825436592 0.193826243281364 0.182622686028481 0.186120614409447 0.191221490502357 0.188197553157806 0.205224126577377 0.210986256599426 0.172900423407555 0.148268550634384 0.146901562809944 0.150500863790512 0.155262917280197 0.137225896120071 0.128669306635857 0.15054951608181 0.158070951700211 0.156368479132652 0.167116299271584 0.185205146670341 0.184096351265907 0.182582244277 0.174140006303787 0.173048198223114 0.184141620993614 0.166827991604805 0.161161154508591 0.178948745131493 0.169700458645821 0.171520456671715 0.178530663251877 0.178606554865837 0.182661429047585 0.187483966350555 0.186229363083839 -3.4e+38 -3.4e+38 -3.4e+38 -3.4e+38 -3.4e+38 -3.4e+38 -3.4e+38
