data/trimmed_ndre/Od_ndre.78.2015_no_clouds.asc
NCOLS 144 
NROWS 65 
XLLCORNER 512965 
YLLCORNER 5150865 
CELLSIZE 5 
NODATA_value -3.4e+38 
[rows 42 to 62 of 65, columns 47 to 93 of 144]
0.176462516188622 0.173810333013535 0.171096354722977 0.182638064026833 0.197045460343361 0.177776604890823 0.178417533636093 0.182080939412117 0.181898966431618 0.176953002810478 0.179271727800369 0.176701813936234 0.171875193715096 0.173706546425819 0.164888128638268 0.156990244984627 0.159479796886444 0.164701238274574 0.162970885634422 0.168225601315498 0.18067555129528 0.17737865447998 0.178937643766403 0.1837278008461 0.17526638507843 0.183718785643578 0.183761045336723 0.176504284143448 0.180439874529839 0.179985582828522 0.182993605732918 0.18328745663166 0.168664649128914 0.154833823442459 0.160642698407173 0.177773356437683 0.170150026679039 0.173420265316963 0.182586833834648 0.190914437174797 0.197649046778679 0.203111827373505 0.21120423078537 0.222854718565941 0.233327344059944 0.242943227291107 0.244742512702942
0.18287405371666 0.180248856544495 0.172176256775856 0.177066147327423 0.181323975324631 0.172622546553612 0.186537623405457 0.200096592307091 0.197910413146019 0.17907178401947 0.187993854284286 0.18304531276226 0.174619182944298 0.172816336154938 0.163405954837799 0.162703186273575 0.170873805880547 0.178762331604958 0.168249934911728 0.175510555505753 0.191577970981598 0.189822390675545 0.18745444715023 0.190032318234444 0.192592620849609 0.194573521614075 0.190651312470436 0.190214872360229 0.192729607224464 0.179010257124901 0.177866593003273 0.180068463087082 0.175469860434532 0.162414714694023 0.170255482196808 0.17749847471714 0.168631821870804 0.172834545373917 0.188793271780014 0.200868487358093 0.201859906315804 0.203077107667923 0.212250292301178 0.227525219321251 0.246178805828094 0.25584676861763 0.250203311443329
0.184093102812767 0.182745367288589 0.176173403859138 0.18215112388134 0.177496895194054 0.173168763518333 0.184836313128471 0.197842985391617 0.192068114876747 0.179783642292023 0.190162688493729 0.182936415076256 0.178790256381035 0.178226515650749 0.172272175550461 0.16545681655407 0.170011624693871 0.179653540253639 0.175191923975945 0.182961955666542 0.189382344484329 0.1844152957201 0.179378226399422 0.190827742218971 0.200280666351318 0.197300210595131 0.188685819506645 0.197391360998154 0.199755042791367 0.180201828479767 0.180935695767403 0.187492966651917 0.188321724534035 0.179567962884903 0.192552387714386 0.190042063593864 0.176923289895058 0.17369744181633 0.188393458724022 0.197514623403549 0.193411394953728 0.185262233018875 0.191977888345718 0.208369553089142 0.228647902607918 0.241244196891785 0.237128600478172
0.189966842532158 0.187191247940063 0.183571845293045 0.19141511619091 0.189270555973053 0.184662058949471 0.1839220225811 0.18668095767498 0.180260509252548 0.180334076285362 0.189264759421349 0.184378623962402 0.189493253827095 0.191498473286629 0.183849781751633 0.170964866876602 0.175578743219376 0.183932974934578 0.18820296227932 0.188737511634827 0.189676582813263 0.187824010848999 0.183285668492317 0.187029719352722 0.194139152765274 0.193522095680237 0.181571692228317 0.190662398934364 0.194661617279053 0.191062122583389 0.198413968086243 0.208386048674583 0.209341183304787 0.206400379538536 0.216957002878189 0.199115559458733 0.182327464222908 0.176527410745621 0.18327908217907 0.185337826609612 0.182992711663246 0.18017952144146 0.188789591193199 0.197102963924408 0.205219626426697 0.211245730519295 0.212895333766937
0.192480951547623 0.188835054636002 0.18754355609417 0.1916863322258 0.196965679526329 0.195566609501839 0.18842701613903 0.180391326546669 0.176196813583374 0.183924466371536 0.192318275570869 0.189528286457062 0.191894426941872 0.196466267108917 0.190658509731293 0.176117405295372 0.185531362891197 0.193986266851425 0.194915905594826 0.189090922474861 0.184993758797646 0.18436124920845 0.181947663426399 0.173445746302605 0.174761384725571 0.179498553276062 0.181250765919685 0.182343825697899 0.185919627547264 0.197242051362991 0.214422389864922 0.226486623287201 0.219953000545502 0.215506851673126 0.219795733690262 0.199560776352882 0.186075985431671 0.181010186672211 0.181795418262482 0.179877623915672 0.176348820328712 0.176709309220314 0.186453655362129 0.186023592948914 0.185146018862724 0.184534713625908 0.186380296945572
0.195638790726662 0.189766377210617 0.188401356339455 0.19305893778801 0.201321944594383 0.201757743954659 0.194013193249702 0.185433477163315 0.184627339243889 0.18851925432682 0.195860341191292 0.198938757181168 0.196370750665665 0.196659788489342 0.192849650979042 0.18066231906414 0.181615903973579 0.187231823801994 0.188450872898102 0.183598354458809 0.178521186113358 0.176149532198906 0.170901462435722 0.164509877562523 0.16874760389328 0.17421081662178 0.179069459438324 0.17841549217701 0.177411511540413 0.185484334826469 0.197260275483131 0.20495730638504 0.196635782718658 0.197363972663879 0.202869594097137 0.195677444338799 0.188619405031204 0.181824997067451 0.176569119095802 0.17037644982338 0.167883262038231 0.171694234013557 0.178337037563324 0.169461593031883 0.165581256151199 0.168684482574463 0.17523093521595
0.205864012241364 0.20463590323925 0.207298815250397 0.207406371831894 0.207255840301514 0.205231919884682 0.200555056333542 0.200651526451111 0.203575283288956 0.203515976667404 0.204227104783058 0.201744467020035 0.195972517132759 0.190607309341431 0.201267123222351 0.204098537564278 0.193165853619576 0.179944336414337 0.176809474825859 0.175621435046196 0.174191907048225 0.172449931502342 0.166109681129456 0.164938554167747 0.173891648650169 0.176176145672798 0.179939970374107 0.18200695514679 0.178212866187096 0.175375282764435 0.176790043711662 0.179233819246292 0.175154149532318 0.176466435194016 0.182538732886314 0.190581783652306 0.194421917200089 0.183434203267097 0.171797886490822 0.164768815040588 0.164771944284439 0.165493577718735 0.167011097073555 0.162923455238342 0.159694373607635 0.171324193477631 0.178604334592819
0.206949785351753 0.203431069850922 0.202511444687843 0.204074457287788 0.204695075750351 0.203161776065826 0.199125736951828 0.203775107860565 0.206901669502258 0.205097883939743 0.201294258236885 0.191964223980904 0.187353581190109 0.189446061849594 0.190384849905968 0.191809922456741 0.186136797070503 0.172371193766594 0.170798122882843 0.169724002480507 0.16735628247261 0.162685751914978 0.159285202622414 0.165807634592056 0.1779525578022 0.180723547935486 0.181859731674194 0.182534068822861 0.180727332830429 0.174257099628448 0.169411763548851 0.169717490673065 0.173526018857956 0.178754463791847 0.181704044342041 0.18372018635273 0.185393214225769 0.180565491318703 0.171970933675766 0.167836114764214 0.172344863414764 0.166576594114304 0.171215906739235 0.172727510333061 0.162140503525734 0.183081090450287 0.184985622763634
0.197977781295776 0.193578615784645 0.184394493699074 0.181706875562668 0.184414759278297 0.182231888175011 0.175731316208839 0.188605591654778 0.194959864020348 0.193682238459587 0.186700373888016 0.173211947083473 0.174386978149414 0.180933102965355 0.17870868742466 0.175780043005943 0.173919588327408 0.173778116703033 0.182181507349014 0.185705438256264 0.182549729943275 0.172735631465912 0.162416011095047 0.165455490350723 0.174775272607803 0.180599093437195 0.180340379476547 0.178826838731766 0.177148446440697 0.173910081386566 0.171332895755768 0.176285281777382 0.181919291615486 0.181022807955742 0.173900365829468 0.168521538376808 0.169941306114197 0.179579511284828 0.177363187074661 0.172176495194435 0.16864275932312 0.163879543542862 0.176519379019737 0.17730325460434 0.165472492575645 0.187188506126404 0.180223897099495
0.18804107606411 0.187908872961998 0.180501356720924 0.17491702735424 0.180248826742172 0.17301082611084 0.164348974823952 0.175728678703308 0.180521503090858 0.181188553571701 0.176616996526718 0.164333775639534 0.171439230442047 0.180305436253548 0.180247277021408 0.172272086143494 0.17130583524704 0.175826698541641 0.183057755231857 0.184234201908112 0.18343061208725 0.178712382912636 0.169379338622093 0.166518837213516 0.171254172921181 0.177646577358246 0.177249506115913 0.171625092625618 0.170449063181877 0.17028683423996 0.168102756142616 0.169645458459854 0.170559495687485 0.168962895870209 0.165990263223648 0.155875235795975 0.159776493906975 0.176967144012451 0.174105852842331 0.16734890639782 0.162747025489807 0.162928104400635 0.1770388931036 0.171705037355423 0.164246022701263 0.174273788928986 0.170564413070679
0.183818787336349 0.192548885941505 0.185196712613106 0.172216013073921 0.176544234156609 0.172489434480667 0.169822365045547 0.178122848272324 0.184734642505646 0.18712554872036 0.181969508528709 0.171964094042778 0.177597463130951 0.18540732562542 0.191987246274948 0.186653092503548 0.177338644862175 0.173545032739639 0.172479048371315 0.167277812957764 0.164150893688202 0.162652760744095 0.165127635002136 0.17436346411705 0.174297362565994 0.175403743982315 0.173828065395355 0.164516761898994 0.167106539011002 0.174333021044731 0.176904246211052 0.165173694491386 0.157773554325104 0.157882645726204 0.165398195385933 0.157797172665596 0.159825503826141 0.169093146920204 0.171308815479279 0.165954396128654 0.163394182920456 0.166255220770836 0.176538944244385 0.168171316385269 0.162178844213486 0.165643706917763 0.1705442070961
0.182066515088081 0.180520042777061 0.175244227051735 0.170970126986504 0.174896463751793 0.178227826952934 0.174500465393066 0.172048270702362 0.176048904657364 0.183487936854362 0.186592251062393 0.183270171284676 0.181372657418251 0.171082124114037 0.173925086855888 0.181661546230316 0.176986455917358 0.172279313206673 0.163731813430786 0.153170138597488 0.150518268346786 0.15596105158329 0.169449791312218 0.183467224240303 0.174140736460686 0.174755394458771 0.171719774603844 0.16328039765358 0.168109059333801 0.180722922086716 0.183117181062698 0.16401082277298 0.155004665255547 0.156402572989464 0.162503853440285 0.162298604846001 0.167573034763336 0.171704337000847 0.173305585980415 0.170641183853149 0.172701373696327 0.175087988376617 0.176964342594147 0.17127750813961 0.16670261323452 0.168189704418182 0.176724344491959
0.182803675532341 0.178784385323524 0.171971261501312 0.174569234251976 0.182314336299896 0.185469850897789 0.17996446788311 0.171997055411339 0.170437604188919 0.179204285144806 0.18671689927578 0.180012866854668 0.166681438684464 0.165642112493515 0.171121120452881 0.177816271781921 0.177897572517395 0.178059905767441 0.178989827632904 0.175888106226921 0.170783385634422 0.169906377792358 0.178225010633469 0.184106543660164 0.171112954616547 0.177721872925758 0.175416097044945 0.167387381196022 0.168864101171494 0.180608943104744 0.181881934404373 0.169634446501732 0.165863305330276 0.170551285147667 0.174469918012619 0.174424976110458 0.176508203148842 0.17724609375 0.176224634051323 0.174202725291252 0.176311150193214 0.172931805253029 0.173226401209831 0.176659107208252 0.175400376319885 0.175992891192436 0.176514029502869
0.182920068502426 0.186119109392166 0.178440541028976 0.17910148203373 0.186314016580582 0.191760763525963 0.185610190033913 0.173151716589928 0.171385765075684 0.181889668107033 0.187828168272972 0.179274246096611 0.170773088932037 0.173573926091194 0.172502264380455 0.177549466490746 0.179562762379646 0.175347536802292 0.179354503750801 0.178916394710541 0.178025782108307 0.180197566747665 0.179917752742767 0.177788376808167 0.172951847314835 0.176010727882385 0.177244886755943 0.172411754727364 0.168684303760529 0.173002347350121 0.176570057868958 0.176696226000786 0.17616394162178 0.178188741207123 0.182574212551117 0.183049723505974 0.179535046219826 0.175977975130081 0.174391999840736 0.176304444670677 0.181129425764084 0.16913990676403 0.171212419867516 0.179841414093971 0.179217517375946 0.183217599987984 0.182872027158737
0.177762925624847 0.176487803459167 0.166014298796654 0.166667565703392 0.177887037396431 0.187372267246246 0.185440793633461 0.171839743852615 0.169529035687447 0.174634128808975 0.177533537149429 0.169231325387955 0.173172354698181 0.178493663668633 0.169197127223015 0.173815861344337 0.178217664361 0.178712010383606 0.18184332549572 0.175653636455536 0.17432476580143 0.178879871964455 0.175901129841805 0.17922967672348 0.174590587615967 0.167278975248337 0.179416760802269 0.175840795040131 0.169876784086227 0.17070659995079 0.176482126116753 0.178670272231102 0.176929786801338 0.174126416444778 0.182765111327171 0.183775126934052 0.177143916487694 0.169555068016052 0.168172851204872 0.178097605705261 0.185215875506401 0.167088970541954 0.172599226236343 0.179831758141518 0.180928185582161 0.181928873062134 -3.4e+38
0.179384291172028 0.176251515746117 0.166541576385498 0.159494802355766 0.165867686271667 0.174947902560234 0.177050605416298 0.1695586591959 0.167157635092735 0.169166103005409 0.168897107243538 0.158882230520248 0.167276933789253 0.171572148799896 0.165411606431007 0.168552547693253 0.173174232244492 0.180138796567917 0.185350120067596 0.176450148224831 0.175494119524956 0.178830221295357 0.179940015077591 0.181532084941864 0.171512246131897 0.164364725351334 0.183061078190804 0.175713881850243 0.174147322773933 0.17835246026516 0.182319074869156 0.181670546531677 0.173437714576721 0.165582492947578 0.177532017230988 0.18585467338562 0.183090493083 0.173248454928398 0.168782159686089 0.182311072945595 0.184619933366776 0.166338369250298 -3.4e+38 -3.4e+38 -3.4e+38 -3.4e+38 -3.4e+38
0.171707034111023 0.176424592733383 0.171866565942764 0.162095934152603 0.161232873797417 0.173461362719536 0.178180053830147 0.172478705644608 0.167190194129944 0.169450581073761 0.168878853321075 0.162050783634186 0.164081946015358 0.169241443276405 0.169445678591728 0.167566746473312 0.169430613517761 0.180688574910164 0.186941295862198 0.177160263061523 0.179056733846664 0.180705696344376 0.182186931371689 0.181534707546234 0.172311544418335 0.176107466220856 0.186056971549988 0.170426085591316 0.17255611717701 0.18001514673233 0.185368597507477 0.187320098280907 0.180518090724945 0.17109851539135 0.169658467173576 -3.4e+38 -3.4e+38 -3.4e+38 -3.4e+38 -3.4e+38 -3.4e+38 -3.4e+38 -3.4e+38 -3.4e+38 -3.4e+38 -3.4e+38 -3.4e+38
0.167413532733917 0.177251309156418 0.176261946558952 0.168163165450096 0.160846933722496 0.167962253093719 0.171290323138237 0.169998034834862 0.167860597372055 0.173901841044426 0.177660182118416 0.175806045532227 0.170715659856796 0.170885503292084 0.171357721090317 0.169771119952202 0.171374440193176 0.185979038476944 0.184822514653206 0.173364207148552 0.178476303815842 0.17840513586998 0.180685415863991 0.183184444904327 0.173118993639946 0.184053137898445 0.189335405826569 0.175398901104927 -3.4e+38 -3.4e+38 -3.4e+38 -3.4e+38 -3.4e+38 -3.4e+38 -3.4e+38 -3.4e+38 -3.4e+38 -3.4e+38 -3.4e+38 -3.4e+38 -3.4e+38 -3.4e+38 -3.4e+38 -3.4e+38 -3.4e+38 -3.4e+38 -3.4e+38
0.172208592295647 0.177901223301888 0.176213502883911 0.170316427946091 0.162911832332611 0.161187157034874 0.161289483308792 0.162658199667931 0.166443958878517 0.176850572228432 0.183403849601746 0.186887294054031 0.182307794690132 0.171934142708778 0.170152515172958 0.169787928462029 0.171579971909523 -3.4e+38 -3.4e+38 -3.4e+38 -3.4e+38 -3.4e+38 -3.4e+38 -3.4e+38 -3.4e+38 -3.4e+38 -3.4e+38 -3.4e+38 -3.4e+38 -3.4e+38 -3.4e+38 -3.4e+38 -3.4e+38 -3.4e+38 -3.4e+38 -3.4e+38 -3.4e+38 -3.4e+38 -3.4e+38 -3.4e+38 -3.4e+38 -3.4e+38 -3.4e+38 -3.4e+38 -3.4e+38 -3.4e+38 -3.4e+38
0.181384667754173 0.181992873549461 0.17479382455349 0.171712875366211 0.165670350193977 0.159405454993248 -3.4e+38 -3.4e+38 -3.4e+38 -3.4e+38 -3.4e+38 -3.4e+38 -3.4e+38 -3.4e+38 -3.4e+38 -3.4e+38 -3.4e+38 -3.4e+38 -3.4e+38 -3.4e+38 -3.4e+38 -3.4e+38 -3.4e+38 -3.4e+38 -3.4e+38 -3.4e+38 -3.4e+38 -3.4e+38 -3.4e+38 -3.4e+38 -3.4e+38 -3.4e+38 -3.4e+38 -3.4e+38 -3.4e+38 -3.4e+38 -3.4e+38 -3.4e+38 -3.4e+38 -3.4e+38 -3.4e+38 -3.4e+38 -3.4e+38 -3.4e+38 -3.4e+38 -3.4e+38 -3.4e+38
0.18851463496685 0.186980038881302 -3.4e+38 -3.4e+38 -3.4e+38 -3.4e+38 -3.4e+38 -3.4e+38 -3.4e+38 -3.4e+38 -3.4e+38 -3.4e+38 -3.4e+38 -3.4e+38 -3.4e+38 -3.4e+38 -3.4e+38 -3.4e+38 -3.4e+38 -3.4e+38 -3.4e+38 -3.4e+38 -3.4e+38 -3.4e+38 -3.4e+38 -3.4e+38 -3.4e+38 -3.4e+38 -3.4e+38 -3.4e+38 -3.4e+38 -3.4e+38 -3.4e+38 -3.4e+38 -3.4e+38 -3.4e+38 -3.4e+38 -3.4e+38 -3.4e+38 -3.4e+38 -3.4e+38 -3.4e+38 -3.4e+38 -3.4e+38 -3.4e+38 -3.4e+38 -3.4e+38
