data/trimmed_ndre/Od_ndre.613.2012_no_clouds.asc
NCOLS 144 
NROWS 65 
XLLCORNER 512965 
YLLCORNER 5150865 
CELLSIZE 5 
NODATA_value -3.4e+38 
[rows 42 to 62 of 65, columns 0 to 46 of 144]
-3.4e+38 -3.4e+38 -3.4e+38 -3.4e+38 -3.4e+38 -3.4e+38 -3.4e+38 -3.4e+38 -3.4e+38 -3.4e+38 -3.4e+38 -3.4e+38 -3.4e+38 -3.4e+38 -3.4e+38 -3.4e+38 -3.4e+38 -3.4e+38 -3.4e+38 -3.4e+38 -3.4e+38 0.523412823677063 0.518365323543549 0.516344964504242 0.515808284282684 0.510370016098022 0.502188980579376 0.501098275184631 0.505196154117584 0.508524715900421 0.512521982192993 0.525952637195587 0.553630292415619 0.582846164703369 0.596868991851807 0.607412934303284 0.617102384567261 0.606061339378357 0.603106319904327 0.610356569290161 0.609506964683533 0.59831041097641 0.592788875102997 0.595926463603973 0.59862208366394 0.602688908576965 0.601129114627838
-3.4e+38 -3.4e+38 -3.4e+38 -3.4e+38 -3.4e+38 -3.4e+38 -3.4e+38 -3.4e+38 -3.4e+38 -3.4e+38 -3.4e+38 -3.4e+38 -3.4e+38 -3.4e+38 -3.4e+38 -3.4e+38 -3.4e+38 -3.4e+38 -3.4e+38 0.53259813785553 0.531158804893494 0.527645289897919 0.52167284488678 0.517776727676392 0.517056941986084 0.515734553337097 0.514756262302399 0.516662657260895 0.516443192958832 0.52046799659729 0.530920922756195 0.541994988918304 0.559666216373444 0.57248866558075 0.582836151123047 0.595058143138885 0.593654870986938 0.576078295707703 0.565460920333862 0.555372178554535 0.546607553958893 0.54441773891449 0.540126442909241 0.546667456626892 0.554002404212952 0.56669819355011 0.575456619262695
-3.4e+38 -3.4e+38 -3.4e+38 -3.4e+38 -3.4e+38 -3.4e+38 -3.4e+38 -3.4e+38 -3.4e+38 -3.4e+38 -3.4e+38 -3.4e+38 -3.4e+38 -3.4e+38 -3.4e+38 -3.4e+38 -3.4e+38 -3.4e+38 0.54096519947052 0.537066519260406 0.53523987531662 0.533767998218536 0.528347551822662 0.524904847145081 0.525476098060608 0.526599109172821 0.529383718967438 0.531502425670624 0.532100200653076 0.537483990192413 0.546101748943329 0.551441848278046 0.547020256519318 0.5375936627388 0.540459275245667 0.541933178901672 0.515521168708801 0.48774841427803 0.461136132478714 0.440482467412949 0.446930527687073 0.460196405649185 0.457180827856064 0.459782868623734 0.484780818223953 0.519272685050964 0.554155707359314
-3.4e+38 -3.4e+38 -3.4e+38 -3.4e+38 -3.4e+38 -3.4e+38 -3.4e+38 -3.4e+38 -3.4e+38 -3.4e+38 -3.4e+38 -3.4e+38 -3.4e+38 -3.4e+38 -3.4e+38 -3.4e+38 -3.4e+38 0.561022281646729 0.557496905326843 0.547486364841461 0.544999241828918 0.547831892967224 0.540140390396118 0.536279320716858 0.537650763988495 0.539270222187042 0.546253740787506 0.547380208969116 0.545898377895355 0.540087401866913 0.538939118385315 0.543928980827332 0.530521094799042 0.496596902608871 0.465787649154663 0.441950798034668 0.400516360998154 0.381770819425583 0.382740646600723 0.382393807172775 0.400529682636261 0.425073683261871 0.437623560428619 0.456976920366287 0.491917490959167 0.529450535774231 0.561374187469482
-3.4e+38 -3.4e+38 -3.4e+38 -3.4e+38 -3.4e+38 -3.4e+38 -3.4e+38 -3.4e+38 -3.4e+38 -3.4e+38 -3.4e+38 -3.4e+38 -3.4e+38 -3.4e+38 -3.4e+38 -3.4e+38 0.583985090255737 0.577295184135437 0.569857001304626 0.553548872470856 0.557514488697052 0.56587290763855 0.55699896812439 0.549959242343903 0.551678478717804 0.55627053976059 0.561058878898621 0.554860353469849 0.543215990066528 0.523259341716766 0.513984382152557 0.512655317783356 0.490733563899994 0.444912523031235 0.394167721271515 0.372947722673416 0.358949780464172 0.371446818113327 0.388364911079407 0.403367966413498 0.445124834775925 0.484425246715546 0.509547173976898 0.5260990858078 0.55061000585556 0.570353150367737 0.583087086677551
-3.4e+38 -3.4e+38 -3.4e+38 -3.4e+38 -3.4e+38 -3.4e+38 -3.4e+38 -3.4e+38 -3.4e+38 -3.4e+38 -3.4e+38 -3.4e+38 -3.4e+38 -3.4e+38 -3.4e+38 0.582673788070679 0.573912739753723 0.564215779304504 0.562941431999207 0.557494819164276 0.570473968982697 0.584197461605072 0.574245810508728 0.569423377513885 0.574206590652466 0.5778688788414 0.572295844554901 0.555408418178558 0.530985951423645 0.502966225147247 0.487612068653107 0.465008109807968 0.439632534980774 0.412831604480743 0.391356587409973 0.398243725299835 0.409666061401367 0.440181285142899 0.469564735889435 0.487747192382812 0.526739180088043 0.552570223808289 0.562432527542114 0.567195415496826 0.58423924446106 0.595662891864777 0.594939410686493
-3.4e+38 -3.4e+38 -3.4e+38 -3.4e+38 -3.4e+38 -3.4e+38 -3.4e+38 -3.4e+38 -3.4e+38 -3.4e+38 -3.4e+38 -3.4e+38 -3.4e+38 -3.4e+38 0.602773308753967 0.583216428756714 0.567473888397217 0.552095174789429 0.565705239772797 0.574606835842133 0.565794348716736 0.579518377780914 0.587665021419525 0.585466682910919 0.587221741676331 0.59109503030777 0.582109689712524 0.557561874389648 0.520423650741577 0.492101520299911 0.472130358219147 0.43430882692337 0.424025893211365 0.432215213775635 0.437428116798401 0.461997956037521 0.485325932502747 0.514140903949738 0.522111833095551 0.528805673122406 0.555183172225952 0.570008635520935 0.576873779296875 0.580826342105865 0.587347984313965 0.5836181640625 0.576820731163025
-3.4e+38 -3.4e+38 -3.4e+38 -3.4e+38 -3.4e+38 -3.4e+38 -3.4e+38 -3.4e+38 -3.4e+38 -3.4e+38 -3.4e+38 -3.4e+38 -3.4e+38 0.605834066867828 0.609837174415588 0.599210500717163 0.585215449333191 0.573561012744904 0.574159741401672 0.573858678340912 0.562578618526459 0.576766133308411 0.588173806667328 0.581797301769257 0.575572729110718 0.572930812835693 0.569972693920135 0.550397753715515 0.518068969249725 0.490074425935745 0.471853077411652 0.441116482019424 0.446481555700302 0.474870175123215 0.491440445184708 0.518779456615448 0.537388861179352 0.542917311191559 0.523792207241058 0.521338164806366 0.543606817722321 0.545430183410645 0.552193224430084 0.55524343252182 0.551138162612915 0.540128231048584 0.533740639686584
-3.4e+38 -3.4e+38 -3.4e+38 -3.4e+38 -3.4e+38 -3.4e+38 -3.4e+38 -3.4e+38 -3.4e+38 -3.4e+38 -3.4e+38 -3.4e+38 0.578385233879089 0.603706777095795 0.607494533061981 0.595299780368805 0.576983690261841 0.57060432434082 0.562870502471924 0.560392916202545 0.562949240207672 0.566148281097412 0.572069644927979 0.57843154668808 0.581319510936737 0.578251123428345 0.565293610095978 0.54977959394455 0.524444341659546 0.487792730331421 0.477514445781708 0.489089488983154 0.505459308624268 0.521140396595001 0.526124596595764 0.532631814479828 0.544006884098053 0.542964696884155 0.51983916759491 0.513348042964935 0.511899948120117 0.49028667807579 0.493363052606583 0.503404974937439 0.500669002532959 0.497180908918381 0.491123855113983
-3.4e+38 -3.4e+38 -3.4e+38 -3.4e+38 -3.4e+38 -3.4e+38 -3.4e+38 -3.4e+38 -3.4e+38 -3.4e+38 -3.4e+38 0.563834965229034 0.587104082107544 0.605616927146912 0.598810851573944 0.585508584976196 0.582660555839539 0.580140769481659 0.562434077262878 0.552760899066925 0.545528590679169 0.542771756649017 0.546824336051941 0.563690781593323 0.580510377883911 0.587254345417023 0.573454141616821 0.55338180065155 0.536730885505676 0.521123647689819 0.517903327941895 0.533714413642883 0.542616248130798 0.537730753421783 0.526626944541931 0.524533212184906 0.535191118717194 0.523836851119995 0.487877458333969 0.477973103523254 0.470753371715546 0.443663567304611 0.440863877534866 0.454811722040176 0.461933523416519 0.458424627780914 0.456160694360733
-3.4e+38 -3.4e+38 -3.4e+38 -3.4e+38 -3.4e+38 -3.4e+38 -3.4e+38 -3.4e+38 -3.4e+38 -3.4e+38 0.578197717666626 0.579931616783142 0.602718114852905 0.613484025001526 0.602294266223907 0.59311580657959 0.603152275085449 0.599280059337616 0.580098927021027 0.559496521949768 0.548655211925507 0.541329145431519 0.53663831949234 0.545543491840363 0.564520180225372 0.576596915721893 0.568661510944366 0.55201929807663 0.552198350429535 0.551747798919678 0.542310059070587 0.533235311508179 0.530748307704926 0.512503266334534 0.493875771760941 0.496033519506454 0.507400453090668 0.491016149520874 0.457546561956406 0.446745842695236 0.455268442630768 0.454346507787704 0.445131361484528 0.446072340011597 0.447178095579147 0.446220129728317 0.449011951684952
-3.4e+38 -3.4e+38 -3.4e+38 -3.4e+38 -3.4e+38 -3.4e+38 -3.4e+38 -3.4e+38 -3.4e+38 0.588839948177338 0.586593866348267 0.589211821556091 0.607060015201569 0.612015664577484 0.609051108360291 0.608716368675232 0.615047097206116 0.60011488199234 0.583619296550751 0.57620757818222 0.568286120891571 0.560358047485352 0.548242509365082 0.546141684055328 0.559373497962952 0.576430916786194 0.578622817993164 0.568674147129059 0.553228378295898 0.539935708045959 0.535141229629517 0.520647525787354 0.512972474098206 0.506710708141327 0.488943934440613 0.482988893985748 0.486116915941238 0.482292264699936 0.476654231548309 0.470014870166779 0.449910849332809 0.438855171203613 0.440528571605682 0.44125360250473 0.446274250745773 0.451143771409988 0.459646612405777
-3.4e+38 -3.4e+38 -3.4e+38 -3.4e+38 -3.4e+38 -3.4e+38 -3.4e+38 -3.4e+38 0.576168775558472 0.579532325267792 0.580365419387817 0.581611692905426 0.589637041091919 0.595377445220947 0.604685425758362 0.613921582698822 0.614495694637299 0.600942969322205 0.587470173835754 0.584784090518951 0.578363955020905 0.570949018001556 0.561748445034027 0.555032193660736 0.56084281206131 0.57404226064682 0.57698929309845 0.564399778842926 0.53007960319519 0.508316278457642 0.509975135326385 0.488205432891846 0.475282460451126 0.483289480209351 0.484411209821701 0.484191030263901 0.478035807609558 0.470951735973358 0.474747538566589 0.469752728939056 0.443826884031296 0.43258860707283 0.433473348617554 0.425026684999466 0.433620870113373 0.44379922747612 0.453255444765091
-3.4e+38 -3.4e+38 -3.4e+38 -3.4e+38 -3.4e+38 -3.4e+38 -3.4e+38 0.565140962600708 0.57229095697403 0.580228745937347 0.582185864448547 0.570356488227844 0.561345279216766 0.57186883687973 0.595507204532623 0.615696787834167 0.616260886192322 0.608664453029633 0.589759886264801 0.573552668094635 0.565399050712585 0.560096979141235 0.559014856815338 0.556509912014008 0.55033266544342 0.539642214775085 0.533738255500793 0.526376247406006 0.50493860244751 0.484970986843109 0.480364352464676 0.450451046228409 0.441764950752258 0.45572704076767 0.463336765766144 0.469449698925018 0.458454787731171 0.44457870721817 0.448163837194443 0.454670459032059 0.451786488294601 0.456375420093536 0.451020151376724 0.436884164810181 0.442138373851776 0.432398438453674 0.436732679605484
-3.4e+38 -3.4e+38 -3.4e+38 -3.4e+38 -3.4e+38 -3.4e+38 0.539683401584625 0.54048877954483 0.552552700042725 0.573406100273132 0.576698839664459 0.557738363742828 0.542678415775299 0.546136081218719 0.565311193466187 0.569628596305847 0.57784765958786 0.591316759586334 0.585556507110596 0.560896992683411 0.54533052444458 0.538079142570496 0.53852790594101 0.535314083099365 0.518026888370514 0.492302745580673 0.479556798934937 0.48682114481926 0.492499649524689 0.481766909360886 0.462349444627762 0.44213542342186 0.446363389492035 0.44901442527771 0.441639304161072 0.449564874172211 0.458741039037704 0.462516933679581 0.462788969278336 0.455943524837494 0.455308675765991 0.464532643556595 0.464331567287445 0.45334604382515 0.453081667423248 0.428101807832718 0.436664432287216
-3.4e+38 -3.4e+38 -3.4e+38 -3.4e+38 -3.4e+38 0.51045960187912 0.511923670768738 0.51818460226059 0.535331785678864 0.550370752811432 0.540897250175476 0.526022255420685 0.527471244335175 0.525317847728729 0.525538504123688 0.521545946598053 0.526359558105469 0.552133142948151 0.571511507034302 0.552819550037384 0.51796156167984 0.501293480396271 0.497185349464417 0.50082939863205 0.490474611520767 0.472884565591812 0.462866902351379 0.474487364292145 0.494635552167892 0.484001278877258 0.463502675294876 0.456810057163239 0.47177842259407 0.470149725675583 0.454957187175751 0.465097904205322 0.495873719453812 0.516494035720825 0.507537364959717 0.471758842468262 0.446959465742111 0.452364802360535 0.469079464673996 0.471850752830505 0.460432022809982 0.438340038061142 0.454795151948929
-3.4e+38 -3.4e+38 -3.4e+38 -3.4e+38 0.487135052680969 0.497532516717911 0.502896547317505 0.515642404556274 0.533410906791687 0.545426607131958 0.530284643173218 0.513066232204437 0.521892547607422 0.515935242176056 0.521088719367981 0.534429728984833 0.538091838359833 0.544660687446594 0.551050186157227 0.531802654266357 0.496831446886063 0.477809458971024 0.471407741308212 0.473683953285217 0.480018049478531 0.480286926031113 0.472127288579941 0.471295356750488 0.482252091169357 0.475697249174118 0.457304000854492 0.461103886365891 0.48636993765831 0.493285953998566 0.486586809158325 0.499635100364685 0.51967066526413 0.528694748878479 0.51782900094986 0.496270686388016 0.461798459291458 0.459792822599411 0.482748448848724 0.484439164400101 0.465193003416061 0.452025443315506 0.464572876691818
-3.4e+38 -3.4e+38 -3.4e+38 0.493977665901184 0.497554332017899 0.511373281478882 0.509392619132996 0.513076782226562 0.530832827091217 0.53453665971756 0.526493489742279 0.520854830741882 0.520370900630951 0.510011255741119 0.520288467407227 0.537438452243805 0.541561484336853 0.53592312335968 0.524910688400269 0.512575685977936 0.495378017425537 0.504324853420258 0.518884539604187 0.517873227596283 0.49934133887291 0.484427690505981 0.475312560796738 0.461572110652924 0.461143344640732 0.461083889007568 0.461215078830719 0.482714027166367 0.507609844207764 0.500750780105591 0.503094494342804 0.512202680110931 0.508919358253479 0.497594028711319 0.503637671470642 0.523158550262451 0.503974676132202 0.492920875549316 0.508619248867035 0.500998914241791 0.485184729099274 0.477855145931244 0.483061611652374
-3.4e+38 -3.4e+38 0.520355343818665 0.501691520214081 0.502319872379303 0.520122110843658 0.522802293300629 0.523117899894714 0.528377175331116 0.523859918117523 0.520473957061768 0.521174907684326 0.51135915517807 0.494938045740128 0.503148555755615 0.518252909183502 0.524805307388306 0.529750466346741 0.529028832912445 0.516332745552063 0.495792120695114 0.50457239151001 0.528478503227234 0.533539414405823 0.502719581127167 0.474411904811859 0.473372787237167 0.469586670398712 0.479429930448532 0.494015902280807 0.495273411273956 0.514468848705292 0.522864758968353 0.496432840824127 0.504083812236786 0.528913021087646 0.530616044998169 0.507877290248871 0.50824385881424 0.538567960262299 0.536415576934814 0.522617936134338 0.524133920669556 0.517406940460205 0.511938333511353 0.508382081985474 0.511070609092712
-3.4e+38 0.525532722473145 0.532245874404907 0.507835566997528 0.496745496988297 0.519285559654236 0.530350267887115 0.524557173252106 0.520552754402161 0.511764824390411 0.50932639837265 0.510046899318695 0.493621557950974 0.478084623813629 0.483781188726425 0.498794704675674 0.511259019374847 0.529467284679413 0.547583281993866 0.540251553058624 0.514732241630554 0.502251982688904 0.503733932971954 0.503636598587036 0.495435535907745 0.487073808908463 0.485382914543152 0.48822283744812 0.502079904079437 0.517503798007965 0.52126556634903 0.528648495674133 0.526450037956238 0.511900782585144 0.521820843219757 0.546694457530975 0.554776906967163 0.543062567710876 0.528879463672638 0.539246082305908 0.543401598930359 0.524615526199341 0.521080493927002 0.534382104873657 0.527238249778748 0.527301251888275 0.530576229095459
0.466809064149857 0.522389113903046 0.540913045406342 0.50998866558075 0.486735224723816 0.507318019866943 0.51937073469162 0.511270403862 0.50792795419693 0.497369021177292 0.494960367679596 0.495244413614273 0.473783880472183 0.462429076433182 0.472578853368759 0.489982664585114 0.507699728012085 0.527456641197205 0.553316414356232 0.554636478424072 0.530315577983856 0.511778235435486 0.500111699104309 0.496920257806778 0.49886754155159 0.50431102514267 0.501414954662323 0.501813054084778 0.499119579792023 0.507390439510345 0.526898205280304 0.541492164134979 0.538384139537811 0.52589613199234 0.529122173786163 0.531565010547638 0.537926495075226 0.54964005947113 0.539354264736176 0.536698579788208 0.543910980224609 0.526945769786835 0.521612107753754 0.535234391689301 0.526419341564178 0.531482934951782 0.53030252456665
