data/trimmed_ndre/Od_ndre.731.2012_no_clouds.asc
NCOLS 144 
NROWS 65 
XLLCORNER 512965 
YLLCORNER 5150865 
CELLSIZE 5 
NODATA_value -3.4e+38 
[rows 42 to 62 of 65, columns 47 to 93 of 144]
0.263794600963593 0.266796588897705 0.257758557796478 0.256281197071075 0.259445488452911 0.256499856710434 0.266887605190277 0.251700520515442 0.232098966836929 0.227225705981255 0.216912806034088 0.212689995765686 0.211626768112183 0.195096880197525 0.197196364402771 0.189199015498161 0.189087510108948 0.195753365755081 0.192601144313812 0.204925313591957 0.229618966579437 0.24690480530262 0.238791882991791 0.231103792786598 0.245043843984604 0.25981405377388 0.263277858495712 0.265351831912994 0.261092960834503 0.243164554238319 0.229562565684319 0.237329736351967 0.243060618638992 0.233011290431023 0.22992867231369 0.248361900448799 0.270825624465942 0.289055645465851 0.314408957958221 0.335814833641052 0.342417240142822 0.341306835412979 0.335091471672058 0.323575347661972 0.299631059169769 0.285613238811493 0.263535618782043
0.264376610517502 0.272324800491333 0.269510686397552 0.261049956083298 0.256915122270584 0.255093514919281 0.266833394765854 0.260719209909439 0.260956555604935 0.25549903512001 0.23913885653019 0.232387334108353 0.224379256367683 0.213695421814919 0.213106125593185 0.19821472465992 0.204077869653702 0.226236298680305 0.239248469471931 0.254663556814194 0.27466669678688 0.287184804677963 0.266538769006729 0.260101318359375 0.276724934577942 0.286112993955612 0.28082674741745 0.281153678894043 0.285762697458267 0.277443766593933 0.270893603563309 0.275163531303406 0.276805818080902 0.254047304391861 0.248100385069847 0.273439943790436 0.300494223833084 0.310145258903503 0.330184668302536 0.325406491756439 0.312628209590912 0.318768173456192 0.327705830335617 0.331340491771698 0.317226409912109 0.30375400185585 0.288763135671616
0.253081947565079 0.264440178871155 0.278528034687042 0.272462606430054 0.26899927854538 0.255802750587463 0.257885754108429 0.271442711353302 0.287974447011948 0.28231093287468 0.258567571640015 0.253293246030807 0.243895053863525 0.243768483400345 0.254015028476715 0.239812105894089 0.231889307498932 0.251296162605286 0.281975239515305 0.294144690036774 0.294387519359589 0.297709256410599 0.284390777349472 0.279837429523468 0.291574746370316 0.292529702186584 0.284762233495712 0.286325246095657 0.29839301109314 0.297396540641785 0.284993290901184 0.272106945514679 0.274061977863312 0.275091230869293 0.268329471349716 0.293507128953934 0.298225879669189 0.289994031190872 0.313971877098083 0.304494738578796 0.291921615600586 0.293899983167648 0.306628823280334 0.314465135335922 0.3121737241745 0.318917870521545 0.315908521413803
0.24486018717289 0.263685762882233 0.284229636192322 0.290159612894058 0.287241756916046 0.270272374153137 0.264120697975159 0.277616024017334 0.288384437561035 0.287580877542496 0.283666342496872 0.280854433774948 0.265954375267029 0.248837009072304 0.260089844465256 0.258964985609055 0.24411952495575 0.254365056753159 0.283744096755981 0.288546651601791 0.283468723297119 0.292600810527802 0.287063211202621 0.274910748004913 0.292293578386307 0.295948714017868 0.287687629461288 0.27922123670578 0.277777791023254 0.273208796977997 0.266803383827209 0.261350452899933 0.282230883836746 0.295356005430222 0.282888531684875 0.292677342891693 0.278667420148849 0.265065521001816 0.274773150682449 0.249075755476952 0.2403933852911 0.245605990290642 0.257947415113449 0.281620383262634 0.30373027920723 0.32098788022995 0.316294401884079
0.267590403556824 0.274389415979385 0.280523866415024 0.287256181240082 0.2847720682621 0.269602805376053 0.269141137599945 0.275456696748734 0.274871408939362 0.265109121799469 0.286280125379562 0.307748258113861 0.287022024393082 0.260863929986954 0.256253242492676 0.25571596622467 0.248670101165771 0.262274324893951 0.274704724550247 0.271158427000046 0.266788214445114 0.269819498062134 0.262872397899628 0.250138372182846 0.259608954191208 0.266223639249802 0.264819443225861 0.25523853302002 0.247367560863495 0.253179788589478 0.26419273018837 0.274529606103897 0.3042271733284 0.308733016252518 0.286663174629211 0.282913237810135 0.262026727199554 0.239191085100174 0.223059445619583 0.208109274506569 0.216592356562614 0.216572344303131 0.219812825322151 0.236846446990967 0.259652704000473 0.272483080625534 0.269114524126053
0.298814743757248 0.28569570183754 0.276759177446365 0.276695549488068 0.278882175683975 0.275204122066498 0.277091324329376 0.281376391649246 0.28033658862114 0.274400889873505 0.286348253488541 0.299880534410477 0.300921410322189 0.297886818647385 0.284896671772003 0.272823810577393 0.260644823312759 0.254854589700699 0.249174907803535 0.251257658004761 0.24550099670887 0.231949284672737 0.23274253308773 0.23019777238369 0.227309957146645 0.22470586001873 0.234400123357773 0.23710572719574 0.232266962528229 0.233585998415947 0.239172548055649 0.268786817789078 0.301788359880447 0.300363004207611 0.277876168489456 0.257461816072464 0.243204206228256 0.222414299845695 0.203843295574188 0.207272216677666 0.223002776503563 0.217278584837914 0.206654995679855 0.200710475444794 0.209526225924492 0.223793998360634 0.229676276445389
0.311805754899979 0.305183738470078 0.292778939008713 0.284359276294708 0.28830748796463 0.290483474731445 0.288108378648758 0.293861716985703 0.298965096473694 0.291842073202133 0.273696601390839 0.269202440977097 0.290902823209763 0.30328556895256 0.295077919960022 0.282599866390228 0.251750141382217 0.230072394013405 0.226543694734573 0.233485028147697 0.229375556111336 0.215497747063637 0.217038348317146 0.217145040631294 0.209050521254539 0.209258794784546 0.218195155262947 0.211932256817818 0.208778589963913 0.213228613138199 0.216083079576492 0.238785803318024 0.262289792299271 0.257900565862656 0.231477662920952 0.218461200594902 0.228804349899292 0.21812815964222 0.200945824384689 0.195561707019806 0.1987364590168 0.198122143745422 0.198407605290413 0.191924646496773 0.197835892438889 0.216174453496933 0.217113554477692
0.316673874855042 0.319792628288269 0.309070527553558 0.299847364425659 0.295559972524643 0.291725516319275 0.286700189113617 0.285042583942413 0.280848920345306 0.275328665971756 0.257851749658585 0.249852925539017 0.268225193023682 0.271898090839386 0.262438237667084 0.260064750909805 0.236076205968857 0.21184541285038 0.207554072141647 0.206469625234604 0.206468597054482 0.212411135435104 0.215526565909386 0.202399164438248 0.187426254153252 0.189946800470352 0.202518045902252 0.196621164679527 0.200195655226707 0.209246888756752 0.219015315175056 0.225511312484741 0.227537840604782 0.227122455835342 0.217956051230431 0.215087160468102 0.22178016602993 0.207126617431641 0.197048768401146 0.186790779232979 0.179594606161118 0.186323463916779 0.194775283336639 0.197885736823082 0.20462241768837 0.21959525346756 0.222262755036354
0.306746542453766 0.309346079826355 0.299370408058167 0.289844989776611 0.280499339103699 0.266978293657303 0.257301896810532 0.25194039940834 0.243703857064247 0.251616537570953 0.252177596092224 0.239883497357368 0.24449947476387 0.23075595498085 0.222246423363686 0.229442283511162 0.225402623414993 0.21359471976757 0.2083800137043 0.206603318452835 0.19666987657547 0.209209203720093 0.213514313101768 0.196945190429688 0.175302892923355 0.181566148996353 0.194126218557358 0.190071910619736 0.193410962820053 0.205791279673576 0.215422138571739 0.204106137156487 0.199502184987068 0.219120845198631 0.23728084564209 0.233440026640892 0.223446696996689 0.209760308265686 0.205760985612869 0.195810481905937 0.190230786800385 0.195233851671219 0.198357909917831 0.196040987968445 0.203543439507484 0.221231132745743 0.220564782619476
0.288279563188553 0.288595199584961 0.277730315923691 0.262360781431198 0.247402489185333 0.239233285188675 0.236618056893349 0.23720383644104 0.243235647678375 0.246536508202553 0.237153902649879 0.226864114403725 0.229540154337883 0.21570049226284 0.217526853084564 0.223082080483437 0.22376574575901 0.221331983804703 0.217022269964218 0.206421747803688 0.193489536643028 0.206184864044189 0.204542517662048 0.186827287077904 0.17579397559166 0.185538500547409 0.192842349410057 0.179648965597153 0.177423909306526 0.197893157601357 0.210379958152771 0.1961350440979 0.191204518079758 0.203721046447754 0.214851245284081 0.213239207863808 0.203750908374786 0.192645594477654 0.195857182145119 0.206083431839943 0.209925815463066 0.202881515026093 0.197996124625206 0.201029881834984 0.208189681172371 0.212119370698929 0.206275224685669
0.275828331708908 0.269275039434433 0.25972855091095 0.247651964426041 0.23706142604351 0.236909940838814 0.239979460835457 0.240920946002007 0.242645233869553 0.232544109225273 0.216034293174744 0.215232372283936 0.218088626861572 0.207996815443039 0.212891906499863 0.222586333751678 0.226833358407021 0.225458785891533 0.209436163306236 0.191980704665184 0.187560513615608 0.198587030172348 0.199915647506714 0.187883645296097 0.182205095887184 0.192619800567627 0.203855440020561 0.190664619207382 0.179319843649864 0.200484231114388 0.210302636027336 0.20127372443676 0.196769312024117 0.201875537633896 0.204556196928024 0.202674716711044 0.195296809077263 0.180083259940147 0.183020249009132 0.194537118077278 0.204037308692932 0.201693058013916 0.202374070882797 0.212757095694542 0.21482041478157 0.208333417773247 0.202668905258179
0.248267143964767 0.239389777183533 0.244583517313004 0.24799157679081 0.247308567166328 0.248772844672203 0.239218786358833 0.216836079955101 0.2168869972229 0.21670301258564 0.204731896519661 0.208267033100128 0.205985769629478 0.200416818261147 0.208383664488792 0.214102536439896 0.21962471306324 0.217663317918777 0.199830800294876 0.181760430335999 0.179664105176926 0.196533143520355 0.208359584212303 0.193038254976273 0.186907514929771 0.201231509447098 0.20947377383709 0.205826297402382 0.196593344211578 0.208747014403343 0.208641111850739 0.19349317252636 0.184805527329445 0.190743774175644 0.206154629588127 0.207689955830574 0.205497667193413 0.201974987983704 0.211637020111084 0.221321120858192 0.219669103622437 0.211593016982079 0.214490503072739 0.221220269799232 0.216492757201195 0.20860481262207 0.207944467663765
0.2139952480793 0.21302056312561 0.229173555970192 0.235643416643143 0.223092794418335 0.223156630992889 0.225820332765579 0.197602286934853 0.200168535113335 0.216383934020996 0.208275705575943 0.213065102696419 0.206926926970482 0.200752824544907 0.201122388243675 0.198507145047188 0.205268770456314 0.200702875852585 0.188259571790695 0.178850531578064 0.183572471141815 0.209116995334625 0.219380125403404 0.199602678418159 0.19966521859169 0.213089004158974 0.211916625499725 0.219671025872231 0.210413038730621 0.210895568132401 0.206403434276581 0.194048896431923 0.190197557210922 0.199343264102936 0.21909798681736 0.204692706465721 0.200907364487648 0.214720383286476 0.216213077306747 0.228267043828964 0.229925408959389 0.218488946557045 0.222219228744507 0.230852916836739 0.225142702460289 0.216910988092422 0.221685841679573
0.201339825987816 0.20107826590538 0.21194863319397 0.218796744942665 0.214133620262146 0.214674547314644 0.221699446439743 0.210807874798775 0.199057385325432 0.197359889745712 0.204771935939789 0.215867057442665 0.21036122739315 0.203861817717552 0.198978886008263 0.195065945386887 0.196389392018318 0.192037090659142 0.189753085374832 0.18816964328289 0.200163036584854 0.221929535269737 0.226162746548653 0.21318282186985 0.21994286775589 0.220349714159966 0.217021033167839 0.227680504322052 0.21184329688549 0.206007912755013 0.212675660848618 0.212681278586388 0.212177693843842 0.221333310008049 0.230173245072365 0.210903614759445 0.207199335098267 0.214071661233902 0.207174316048622 0.221418976783752 0.222855433821678 0.213198155164719 0.220910355448723 0.221439376473427 0.221390172839165 0.221057146787643 0.228495314717293
0.213439598679543 0.204325303435326 0.198762476444244 0.20842219889164 0.221732392907143 0.219358772039413 0.216388523578644 0.211161017417908 0.19980451464653 0.192069724202156 0.207130402326584 0.215562492609024 0.21105620265007 0.210807338356972 0.20354288816452 0.197008863091469 0.195019602775574 0.196837082505226 0.201382473111153 0.200442224740982 0.21449139714241 0.226357132196426 0.22803595662117 0.22707487642765 0.233436644077301 0.227125346660614 0.223254933953285 0.22975942492485 0.216644510626793 0.213240802288055 0.226341545581818 0.231229737401009 0.225467056035995 0.233541652560234 0.238113254308701 0.221749544143677 0.216063588857651 0.213496744632721 0.215998113155365 0.227451890707016 0.2231485247612 0.2151710242033 0.219787150621414 0.213048323988914 0.220268413424492 0.224415212869644 -3.4e+38
0.22684520483017 0.218317046761513 0.204849973320961 0.205179393291473 0.214997917413712 0.206759914755821 0.214617058634758 0.222035959362984 0.211189523339272 0.208956986665726 0.221795916557312 0.218832209706306 0.208892002701759 0.212257593870163 0.212974905967712 0.212367385625839 0.209912806749344 0.208486706018448 0.215578258037567 0.231840804219246 0.24290719628334 0.2303856164217 0.226391211152077 0.229443982243538 0.237008556723595 0.235440999269485 0.229265496134758 0.229672387242317 0.226283520460129 0.225415706634521 0.230677798390388 0.228758960962296 0.222934156656265 0.23177270591259 0.233279883861542 0.224605470895767 0.223764255642891 0.223051220178604 0.227087303996086 0.237019836902618 0.225276753306389 0.220541462302208 -3.4e+38 -3.4e+38 -3.4e+38 -3.4e+38 -3.4e+38
0.220792576670647 0.228241488337517 0.222721070051193 0.209865525364876 0.203596621751785 0.200186491012573 0.226197212934494 0.238024324178696 0.226624071598053 0.22715650498867 0.23543943464756 0.219929099082947 0.210018709301949 0.220930740237236 0.226919054985046 0.233647465705872 0.234126761555672 0.233948335051537 0.224650576710701 0.235262036323547 0.244355604052544 0.233881086111069 0.224880188703537 0.221979066729546 0.228107497096062 0.236013635993004 0.233109414577484 0.22897307574749 0.230811655521393 0.232840806245804 0.233048498630524 0.222194045782089 0.211931958794594 0.21501536667347 0.218914195895195 -3.4e+38 -3.4e+38 -3.4e+38 -3.4e+38 -3.4e+38 -3.4e+38 -3.4e+38 -3.4e+38 -3.4e+38 -3.4e+38 -3.4e+38 -3.4e+38
0.208674103021622 0.232598468661308 0.23659859597683 0.2259501516819 0.21855953335762 0.218762174248695 0.227579429745674 0.238048195838928 0.233863845467567 0.23267525434494 0.241238728165627 0.231079086661339 0.225735664367676 0.233872309327126 0.236509263515472 0.239093586802483 0.243224918842316 0.241218999028206 0.230754390358925 0.225084826350212 0.234250500798225 0.23312683403492 0.227299362421036 0.230055525898933 0.233632951974869 0.23409603536129 0.228618055582047 0.225728794932365 -3.4e+38 -3.4e+38 -3.4e+38 -3.4e+38 -3.4e+38 -3.4e+38 -3.4e+38 -3.4e+38 -3.4e+38 -3.4e+38 -3.4e+38 -3.4e+38 -3.4e+38 -3.4e+38 -3.4e+38 -3.4e+38 -3.4e+38 -3.4e+38 -3.4e+38
0.213269576430321 0.23506698012352 0.237343356013298 0.227079644799232 0.237606823444366 0.227743312716484 0.215416014194489 0.231187030673027 0.229878112673759 0.22637577354908 0.237531885504723 0.244390666484833 0.241851553320885 0.242297515273094 0.24301965534687 0.238494262099266 0.230787962675095 -3.4e+38 -3.4e+38 -3.4e+38 -3.4e+38 -3.4e+38 -3.4e+38 -3.4e+38 -3.4e+38 -3.4e+38 -3.4e+38 -3.4e+38 -3.4e+38 -3.4e+38 -3.4e+38 -3.4e+38 -3.4e+38 -3.4e+38 -3.4e+38 -3.4e+38 -3.4e+38 -3.4e+38 -3.4e+38 -3.4e+38 -3.4e+38 -3.4e+38 -3.4e+38 -3.4e+38 -3.4e+38 -3.4e+38 -3.4e+38
0.227780014276505 0.228843286633492 0.21766471862793 0.215024009346962 0.235217928886414 0.229183927178383 -3.4e+38 -3.4e+38 -3.4e+38 -3.4e+38 -3.4e+38 -3.4e+38 -3.4e+38 -3.4e+38 -3.4e+38 -3.4e+38 -3.4e+38 -3.4e+38 -3.4e+38 -3.4e+38 -3.4e+38 -3.4e+38 -3.4e+38 -3.4e+38 -3.4e+38 -3.4e+38 -3.4e+38 -3.4e+38 -3.4e+38 -3.4e+38 -3.4e+38 -3.4e+38 -3.4e+38 -3.4e+38 -3.4e+38 -3.4e+38 -3.4e+38 -3.4e+38 -3.4e+38 -3.4e+38 -3.4e+38 -3.4e+38 -3.4e+38 -3.4e+38 -3.4e+38 -3.4e+38 -3.4e+38
0.237051323056221 0.229302167892456 -3.4e+38 -3.4e+38 -3.4e+38 -3.4e+38 -3.4e+38 -3.4e+38 -3.4e+38 -3.4e+38 -3.4e+38 -3.4e+38 -3.4e+38 -3.4e+38 -3.4e+38 -3.4e+38 -3.4e+38 -3.4e+38 -3.4e+38 -3.4e+38 -3.4e+38 -3.4e+38 -3.4e+38 -3.4e+38 -3.4e+38 -3.4e+38 -3.4e+38 -3.4e+38 -3.4e+38 -3.4e+38 -3.4e+38 -3.4e+38 -3.4e+38 -3.4e+38 -3.4e+38 -3.4e+38 -3.4e+38 -3.4e+38 -3.4e+38 -3.4e+38 -3.4e+38 -3.4e+38 -3.4e+38 -3.4e+38 -3.4e+38 -3.4e+38 -3.4e+38
