data/trimmed_ndre/Od_ndre.731.2012_no_clouds.asc
NCOLS 144 
NROWS 65 
XLLCORNER 512965 
YLLCORNER 5150865 
CELLSIZE 5 
NODATA_value -3.4e+38 
[rows 21 to 41 of 65, columns 94 to 140 of 144]
0.185128197073936 0.17818009853363 0.182586804032326 0.175298079848289 0.168110176920891 0.175947204232216 0.174389496445656 0.17539356648922 0.180941835045815 0.186413660645485 0.181066855788231 0.168421432375908 0.160726919770241 0.155351623892784 0.15746146440506 0.170005366206169 0.182173535227776 0.191651597619057 0.182871118187904 0.176167577505112 0.182969376444817 0.188131213188171 0.186725243926048 0.187656536698341 0.189910963177681 0.191455125808716 0.193811506032944 0.195366442203522 0.197807148098946 0.205140128731728 0.213396444916725 0.227136835455894 0.231270477175713 0.225256606936455 0.233906820416451 -3.4e+38 -3.4e+38 -3.4e+38 -3.4e+38 -3.4e+38 -3.4e+38 -3.4e+38 -3.4e+38 -3.4e+38 -3.4e+38 -3.4e+38 -3.4e+38
0.184331506490707 0.185797914862633 0.185232952237129 0.170888543128967 0.168438985943794 0.179297506809235 0.170204475522041 0.173182338476181 0.184386074542999 0.187603056430817 0.177387356758118 0.165012195706367 0.16506427526474 0.16993847489357 0.165199771523476 0.16820228099823 0.180422753095627 0.190674737095833 0.191446542739868 0.190194055438042 0.199516326189041 0.205026134848595 0.201930940151215 0.200833439826965 0.19719010591507 0.197659224271774 0.196643456816673 0.190586894750595 0.188609674572945 0.189703285694122 0.198781102895737 0.213751018047333 0.220139250159264 0.227113515138626 0.237398058176041 0.228160694241524 0.221323937177658 -3.4e+38 -3.4e+38 -3.4e+38 -3.4e+38 -3.4e+38 -3.4e+38 -3.4e+38 -3.4e+38 -3.4e+38 -3.4e+38
0.182748094201088 0.189485117793083 0.18545101583004 0.178217977285385 0.178423851728439 0.182400152087212 0.178379043936729 0.183244526386261 0.189116284251213 0.174464270472527 0.151892334222794 0.149743720889091 0.164761915802956 0.176315099000931 0.17282198369503 0.175594806671143 0.1857058852911 0.201640963554382 0.208353325724602 0.217572093009949 0.227850779891014 0.226668447256088 0.216492906212807 0.208385035395622 0.200721576809883 0.20090414583683 0.19599637389183 0.18843138217926 0.185893997550011 0.186282739043236 0.193258494138718 0.207398995757103 0.208549857139587 0.213163703680038 0.229294806718826 0.228431537747383 0.228724256157875 0.239639297127724 -3.4e+38 -3.4e+38 -3.4e+38 -3.4e+38 -3.4e+38 -3.4e+38 -3.4e+38 -3.4e+38 -3.4e+38
0.188029304146767 0.184638664126396 0.183750003576279 0.185885235667229 0.184584110975266 0.18139211833477 0.180384457111359 0.184014081954956 0.179692685604095 0.162552490830421 0.149910405278206 0.157095402479172 0.162385448813438 0.166782349348068 0.17496982216835 0.184301629662514 0.193909242749214 0.21046182513237 0.22172923386097 0.235118523240089 0.253935724496841 0.251337260007858 0.234460964798927 0.216461822390556 0.211733534932137 0.213437646627426 0.207430317997932 0.194365829229355 0.190200686454773 0.19588765501976 0.206644833087921 0.215737923979759 0.210468411445618 0.209730446338654 0.216449946165085 0.221232235431671 0.23546527326107 0.238874822854996 0.218945413827896 -3.4e+38 -3.4e+38 -3.4e+38 -3.4e+38 -3.4e+38 -3.4e+38 -3.4e+38 -3.4e+38
0.185855820775032 0.180840507149696 0.178323492407799 0.184791699051857 0.186145707964897 0.184081897139549 0.177454173564911 0.17103436589241 0.162432074546814 0.155560597777367 0.160246655344963 0.170634105801582 0.167315453290939 0.161392793059349 0.172744646668434 0.189560532569885 0.20677250623703 0.234416708350182 0.252313882112503 0.262425661087036 0.279600352048874 0.286859273910522 0.270454913377762 0.246782854199409 0.245340690016747 0.239264711737633 0.218712583184242 0.199098393321037 0.188939779996872 0.192920416593552 0.205869674682617 0.208226665854454 0.210086956620216 0.212681904435158 0.207487463951111 0.207793354988098 0.227825030684471 0.230011522769928 0.214564219117165 -3.4e+38 -3.4e+38 -3.4e+38 -3.4e+38 -3.4e+38 -3.4e+38 -3.4e+38 -3.4e+38
0.187927559018135 0.199712470173836 0.204691678285599 0.198802664875984 0.189944624900818 0.187582984566689 0.178550407290459 0.161672785878181 0.149261444807053 0.156250312924385 0.163912832736969 0.173489794135094 0.17614671587944 0.169874295592308 0.178595006465912 0.19646480679512 0.218195214867592 0.253115177154541 0.284273862838745 0.305007427930832 0.308768272399902 0.30990993976593 0.306661874055862 0.291734784841537 0.284359604120255 0.257212102413177 0.221177518367767 0.205547586083412 0.196399331092834 0.189366966485977 0.192541182041168 0.194757893681526 0.199141263961792 0.21290722489357 0.210430935025215 0.195867195725441 0.205917626619339 0.21576464176178 0.220552504062653 0.228804767131805 -3.4e+38 -3.4e+38 -3.4e+38 -3.4e+38 -3.4e+38 -3.4e+38 -3.4e+38
0.212323725223541 0.226960837841034 0.225593537092209 0.209759265184402 0.192380726337433 0.187650173902512 0.186288475990295 0.174941226840019 0.16526748239994 0.170430555939674 0.163415133953094 0.166872188448906 0.166495025157928 0.163805395364761 0.177231684327126 0.195931687951088 0.226794272661209 0.252340614795685 0.285537391901016 0.321471512317657 0.334059029817581 0.329290807247162 0.334228843450546 0.323830366134644 0.29148268699646 0.253860086202621 0.217035561800003 0.20452119410038 0.200097918510437 0.190809145569801 0.189704701304436 0.196742922067642 0.20084211230278 0.202660962939262 0.198024079203606 0.190401166677475 0.197711542248726 0.206078305840492 0.228832542896271 0.236040577292442 0.221687793731689 -3.4e+38 -3.4e+38 -3.4e+38 -3.4e+38 -3.4e+38 -3.4e+38
0.23478439450264 0.233392164111137 0.223154634237289 0.21299934387207 0.197655096650124 0.194393530488014 0.198503583669662 0.192297786474228 0.182670205831528 0.178807437419891 0.167733386158943 0.173434019088745 0.176453322172165 0.175994694232941 0.181932404637337 0.199878349900246 0.230734542012215 0.255984574556351 0.284997344017029 0.334630340337753 0.348443478345871 0.338838070631027 0.33765321969986 0.325324147939682 0.299982249736786 0.268867939710617 0.238014876842499 0.20921978354454 0.195891752839088 0.198534071445465 0.201979011297226 0.201634764671326 0.196612313389778 0.19133722782135 0.194916978478432 0.20253823697567 0.208772599697113 0.205226927995682 0.229631572961807 0.232550755143166 0.216935202479362 0.225866183638573 -3.4e+38 -3.4e+38 -3.4e+38 -3.4e+38 -3.4e+38
0.246790856122971 0.230566635727882 0.221702963113785 0.2260372787714 0.209088712930679 0.200131595134735 0.201029434800148 0.194327056407928 0.181569397449493 0.173920944333076 0.175484299659729 0.19465509057045 0.205334603786469 0.20030352473259 0.201647475361824 0.208845198154449 0.22737792134285 0.253588765859604 0.278693616390228 0.321197003126144 0.337346881628036 0.335979074239731 0.333622366189957 0.326252907514572 0.324364334344864 0.302749663591385 0.275209099054337 0.21849650144577 0.181823074817657 0.185383453965187 0.195902019739151 0.197686180472374 0.187271192669868 0.192484557628632 0.207306385040283 0.209919422864914 0.209764152765274 0.209781423211098 0.217574834823608 0.210585743188858 0.210015475749969 0.227854058146477 0.226624712347984 -3.4e+38 -3.4e+38 -3.4e+38 -3.4e+38
0.262790977954865 0.247265338897705 0.242635115981102 0.244161203503609 0.214289501309395 0.192636340856552 0.191668286919594 0.191683039069176 0.183725953102112 0.171044588088989 0.180395379662514 0.208730578422546 0.219022393226624 0.213166683912277 0.217085421085358 0.219841793179512 0.219862028956413 0.246629729866982 0.278332531452179 0.301740825176239 0.313357979059219 0.337527960538864 0.346125453710556 0.327576726675034 0.329500794410706 0.321479439735413 0.284386932849884 0.224175706505775 0.181528821587563 0.182182878255844 0.193157494068146 0.188952535390854 0.182317182421684 0.192363873124123 0.212865829467773 0.208500787615776 0.204634726047516 0.204332768917084 0.195532754063606 0.19891645014286 0.213958829641342 0.221240043640137 0.214963123202324 0.210733637213707 -3.4e+38 -3.4e+38 -3.4e+38
0.270905196666718 0.263527393341064 0.25572070479393 0.238711938261986 0.203997597098351 0.184104815125465 0.182577326893806 0.187073945999146 0.175425946712494 0.167445927858353 0.182661294937134 0.202027574181557 0.209229126572609 0.214395835995674 0.229170307517052 0.234806716442108 0.227709919214249 0.258419752120972 0.295942276716232 0.30441153049469 0.301024913787842 0.342312932014465 0.351637780666351 0.318935841321945 0.313109189271927 0.304752290248871 0.276305109262466 0.233872160315514 0.207176893949509 0.196416229009628 0.193192169070244 0.185734927654266 0.187959834933281 0.191615864634514 0.202834904193878 0.198364973068237 0.206422135233879 0.199134156107903 0.185445487499237 0.200506374239922 0.216030076146126 0.212785363197327 0.207181334495544 0.217179805040359 0.223568543791771 -3.4e+38 -3.4e+38
0.268873691558838 0.261273890733719 0.245371073484421 0.222447261214256 0.203022077679634 0.193565413355827 0.183944076299667 0.178145065903664 0.172362133860588 0.173844844102859 0.19196118414402 0.20854714512825 0.22373141348362 0.235518723726273 0.253091812133789 0.258438408374786 0.259007811546326 0.281560987234116 0.329898118972778 0.335631132125854 0.326167583465576 0.337628215551376 0.336209803819656 0.319319218397141 0.308943927288055 0.301944613456726 0.274383068084717 0.239243507385254 0.221723735332489 0.202558293938637 0.187837496399879 0.184107095003128 0.198944896459579 0.192756071686745 0.189856544137001 0.197539865970612 0.213755175471306 0.203387066721916 0.188019573688507 0.203966394066811 0.213760316371918 0.21169824898243 0.213306948542595 0.223495155572891 0.22344870865345 0.212464734911919 -3.4e+38
0.264526158571243 0.250277370214462 0.243438377976418 0.228758156299591 0.209695115685463 0.194661825895309 0.177829086780548 0.173391431570053 0.179762125015259 0.185871154069901 0.203483372926712 0.223475724458694 0.254620730876923 0.271773010492325 0.279239475727081 0.283177077770233 0.284538209438324 0.301849335432053 0.333116322755814 0.346621066331863 0.335514813661575 0.316530674695969 0.32413911819458 0.329877525568008 0.313175678253174 0.301148980855942 0.26484489440918 0.223946079611778 0.19892705976963 0.189740493893623 0.179937794804573 0.190088763833046 0.212821632623672 0.194637194275856 0.192486673593521 0.198241993784904 0.205065101385117 0.205398291349411 0.192767754197121 0.198101833462715 0.210789933800697 0.21282722055912 0.21643553674221 0.225145682692528 0.227647885680199 0.213151156902313 0.208039432764053
0.260673463344574 0.246008038520813 0.232774943113327 0.220796182751656 0.195982053875923 0.174890413880348 0.166728764772415 0.168272271752357 0.178002968430519 0.195205897092819 0.213196575641632 0.234309703111649 0.275812923908234 0.2955262362957 0.293991267681122 0.308072149753571 0.310187339782715 0.314872145652771 0.324615031480789 0.327742040157318 0.31096625328064 0.293707132339478 0.30970960855484 0.314119666814804 0.295644283294678 0.275695651769638 0.248521566390991 0.206099972128868 0.177472963929176 0.178211331367493 0.191550701856613 0.201895892620087 0.210332602262497 0.195970460772514 0.196589514613152 0.198434233665466 0.202184304594994 0.210127010941505 0.188696771860123 0.190701395273209 0.206870272755623 0.210458099842072 0.220484390854836 0.234375938773155 0.233582898974419 0.217522725462914 0.214993342757225
0.247709095478058 0.224460646510124 0.205975815653801 0.198408156633377 0.188419446349144 0.170006439089775 0.170947819948196 0.183720916509628 0.185158103704453 0.207734644412994 0.232086345553398 0.247245967388153 0.278170257806778 0.30547633767128 0.314133673906326 0.320645987987518 0.321978777647018 0.325783908367157 0.328283250331879 0.335609644651413 0.319036900997162 0.281293392181396 0.268093705177307 0.272602379322052 0.260053128004074 0.245724037289619 0.233996704220772 0.201666921377182 0.173319190740585 0.184829875826836 0.208596915006638 0.203321173787117 0.200781553983688 0.200875476002693 0.203618124127388 0.199532270431519 0.205168873071671 0.206535920500755 0.183778882026672 0.186984121799469 0.187774822115898 0.190272584557533 0.216868504881859 0.234469711780548 0.227645024657249 0.215488016605377 0.216267913579941
0.243449583649635 0.219283923506737 0.199392914772034 0.203163534402847 0.207259356975555 0.198636204004288 0.19837848842144 0.213755667209625 0.209555342793465 0.224946796894073 0.256275177001953 0.273094654083252 0.279119998216629 0.304582178592682 0.302770525217056 0.299617528915405 0.307473242282867 0.319954544305801 0.312419831752777 0.303531259298325 0.293957233428955 0.245416536927223 0.223510518670082 0.247032672166824 0.241630867123604 0.221132636070251 0.212685257196426 0.212009653449059 0.191656664013863 0.193902373313904 0.207125321030617 0.201890856027603 0.205011427402496 0.205748856067657 0.201543465256691 0.203337281942368 0.204382926225662 0.202287033200264 0.189816877245903 0.193266317248344 0.184321105480194 0.191211700439453 0.216947346925735 0.223216399550438 0.213055044412613 0.205606579780579 0.211156472563744
0.257693469524384 0.240701869130135 0.222226694226265 0.219901815056801 0.229604452848434 0.23303110897541 0.24630406498909 0.249606475234032 0.236468866467476 0.238648295402527 0.269270896911621 0.295095950365067 0.298751413822174 0.292586654424667 0.268947660923004 0.264711171388626 0.280754536390305 0.287022978067398 0.277741998434067 0.268248200416565 0.261068612337112 0.220760673284531 0.207324594259262 0.212940230965614 0.20332071185112 0.186201483011246 0.191509515047073 0.211381241679192 0.202346608042717 0.202555939555168 0.215407177805901 0.219615235924721 0.223500415682793 0.216119587421417 0.203531369566917 0.209262296557426 0.199515178799629 0.202006191015244 0.213183537125587 0.21034237742424 0.207023724913597 0.212152123451233 0.223525270819664 0.224265426397324 0.214548587799072 0.212335124611855 0.219530537724495
0.278962165117264 0.26309061050415 0.25656646490097 0.257431119680405 0.2701455950737 0.28416833281517 0.296243876218796 0.267589181661606 0.25170373916626 0.274235337972641 0.296678692102432 0.309267967939377 0.292687267065048 0.264080762863159 0.244947582483292 0.239198863506317 0.241404950618744 0.242941975593567 0.241844937205315 0.2501580119133 0.251029133796692 0.217219233512878 0.199951216578484 0.184224382042885 0.174774378538132 0.173549294471741 0.182355299592018 0.186405718326569 0.179135575890541 0.190412878990173 0.209520310163498 0.226366773247719 0.230590045452118 0.235375046730042 0.213871717453003 0.198534429073334 0.199470639228821 0.206920325756073 0.222309023141861 0.221931546926498 0.223047614097595 0.218056946992874 0.215632423758507 0.221230745315552 0.21886970102787 0.224932163953781 -3.4e+38
0.29797375202179 0.296118378639221 0.30058228969574 0.30641120672226 0.310383975505829 0.321364402770996 0.325845897197723 0.304817944765091 0.300393223762512 0.317200690507889 0.319344818592072 0.30582731962204 0.26741236448288 0.232127323746681 0.216649085283279 0.211159095168114 0.208298474550247 0.202405333518982 0.20224167406559 0.217406272888184 0.222331017255783 0.199502736330032 0.18885463476181 0.182628780603409 0.177188813686371 0.184560313820839 0.200921833515167 0.198858439922333 0.182673737406731 0.189867407083511 0.199425131082535 0.208214625716209 0.219582855701447 0.232625052332878 0.220278948545456 0.20829039812088 0.210261434316635 0.203116953372955 0.21806925535202 0.218693494796753 0.213542640209198 0.219140350818634 0.217855915427208 0.220907106995583 -3.4e+38 -3.4e+38 -3.4e+38
0.308579683303833 0.317633867263794 0.326264888048172 0.329492628574371 0.323586344718933 0.33579221367836 0.338290423154831 0.321205139160156 0.317464977502823 0.32027605175972 0.313140779733658 0.294240415096283 0.253509968519211 0.214385583996773 0.200843662023544 0.195246860384941 0.187742665410042 0.169048830866814 0.159549936652184 0.176074296236038 0.187837973237038 0.182977885007858 0.183913946151733 0.193484291434288 0.178772404789925 0.183459654450417 0.207089796662331 0.202172353863716 0.199588343501091 0.205300584435463 0.203090444207191 0.196642011404037 0.202234163880348 0.213856816291809 0.213720634579659 0.218264698982239 0.213184595108032 0.206186085939407 0.218755766749382 0.200504630804062 0.19160008430481 0.211588814854622 -3.4e+38 -3.4e+38 -3.4e+38 -3.4e+38 -3.4e+38
0.28025358915329 0.300918638706207 0.323069870471954 0.323169827461243 0.314287006855011 0.30658745765686 0.292948931455612 0.282272607088089 0.277863264083862 0.289792120456696 0.290397077798843 0.268102616071701 0.246867075562477 0.22285558283329 0.205817833542824 0.192621633410454 0.173018917441368 0.155729025602341 0.152275711297989 0.164755567908287 0.178147628903389 0.183908134698868 0.188130289316177 0.193435773253441 0.182348266243935 0.193469375371933 0.207727953791618 0.198381796479225 0.207406774163246 0.215130776166916 0.207776859402657 0.198256567120552 0.198513746261597 0.199644163250923 0.199845850467682 0.211009413003922 0.206260815262794 0.209366276860237 0.225083187222481 0.203223124146461 -3.4e+38 -3.4e+38 -3.4e+38 -3.4e+38 -3.4e+38 -3.4e+38 -3.4e+38
