data/trimmed_ndre/Od_ndre.74.2013_no_clouds.asc
NCOLS 144 
NROWS 65 
XLLCORNER 512965 
YLLCORNER 5150865 
CELLSIZE 5 
NODATA_value -3.4e+38 
[rows 21 to 41 of 65, columns 47 to 93 of 144]
0.649523317813873 0.644453167915344 0.640554666519165 0.642177879810333 0.633423864841461 0.64048570394516 0.641511559486389 0.622954964637756 0.618800163269043 0.625554025173187 0.633261978626251 0.632262825965881 0.623567521572113 0.621786653995514 0.628327429294586 0.624124884605408 0.627456068992615 0.633337020874023 0.63102924823761 0.620022714138031 0.626672804355621 0.641411304473877 0.635179340839386 0.624474585056305 0.611146688461304 0.603019535541534 0.594290316104889 0.598141729831696 0.60777348279953 0.605241894721985 0.600149691104889 0.577580809593201 0.552680611610413 0.554755866527557 0.562792956829071 0.557389855384827 0.542692422866821 0.542872667312622 0.548966825008392 0.536049902439117 0.532105982303619 0.534091413021088 0.528475999832153 0.524270057678223 0.530947089195251 0.526386976242065 0.509152412414551
0.634206593036652 0.642123997211456 0.638525903224945 0.627501308917999 0.618275046348572 0.610750377178192 0.619448244571686 0.62101948261261 0.611675798892975 0.612921237945557 0.620575606822968 0.621498644351959 0.610065162181854 0.610448598861694 0.620470643043518 0.624418497085571 0.623481273651123 0.624176561832428 0.623521327972412 0.609820187091827 0.609047770500183 0.618205547332764 0.62069046497345 0.626406192779541 0.609926819801331 0.590800106525421 0.582048237323761 0.589929461479187 0.599676251411438 0.592087149620056 0.57348245382309 0.545586347579956 0.535469949245453 0.549912512302399 0.567170560359955 0.558383762836456 0.536003351211548 0.533358871936798 0.537891745567322 0.528611540794373 0.505849242210388 0.50351482629776 0.506991386413574 0.505853176116943 0.512849628925323 0.512459397315979 0.502054452896118
0.599152445793152 0.6011883020401 0.593672692775726 0.595812559127808 0.600706577301025 0.593378126621246 0.60719883441925 0.613986551761627 0.602981805801392 0.605675458908081 0.613107919692993 0.610124051570892 0.598405957221985 0.600674152374268 0.610902607440948 0.615093111991882 0.601930379867554 0.60066956281662 0.613279402256012 0.611987352371216 0.618490993976593 0.617307186126709 0.608697891235352 0.609787046909332 0.607453942298889 0.58837366104126 0.571486592292786 0.576704859733582 0.572144329547882 0.562790334224701 0.556510210037231 0.539766013622284 0.524470806121826 0.529197812080383 0.544828772544861 0.557273030281067 0.546961843967438 0.533563435077667 0.515584945678711 0.500420033931732 0.497337073087692 0.510060548782349 0.515588104724884 0.512313067913055 0.51433789730072 0.517882347106934 0.509880423545837
0.573244392871857 0.564778864383698 0.561683654785156 0.574273943901062 0.593941390514374 0.593056559562683 0.589766383171082 0.590768754482269 0.592358469963074 0.599336922168732 0.607644379138947 0.603242993354797 0.593372881412506 0.594278037548065 0.599286735057831 0.597859442234039 0.591856777667999 0.591578841209412 0.596556305885315 0.605890989303589 0.621823668479919 0.617457687854767 0.581654727458954 0.562911927700043 0.570383071899414 0.574154198169708 0.564146518707275 0.560231506824493 0.539427042007446 0.526843905448914 0.539622068405151 0.546944081783295 0.531680226325989 0.51561439037323 0.523502588272095 0.551056504249573 0.553670048713684 0.535174369812012 0.525120913982391 0.50537121295929 0.505435287952423 0.526453495025635 0.528976321220398 0.527890801429749 0.533982038497925 0.540595352649689 0.537016034126282
0.564891993999481 0.56536203622818 0.566024005413055 0.560159504413605 0.568449854850769 0.568966507911682 0.557723224163055 0.56133908033371 0.568373680114746 0.578151345252991 0.584137618541718 0.580118894577026 0.57249653339386 0.574633359909058 0.583770871162415 0.581669926643372 0.578817188739777 0.585669696331024 0.577997088432312 0.577449977397919 0.587759733200073 0.587110936641693 0.570328950881958 0.549582183361053 0.552003622055054 0.55951452255249 0.558324098587036 0.546591103076935 0.544235169887543 0.533713340759277 0.52784252166748 0.534418404102325 0.528483092784882 0.527390718460083 0.53700715303421 0.557342350482941 0.547783017158508 0.518457114696503 0.51706326007843 0.520055055618286 0.52517831325531 0.534922003746033 0.529035210609436 0.532842218875885 0.543560028076172 0.551999092102051 0.55639237165451
0.545207858085632 0.557350218296051 0.555908501148224 0.533824801445007 0.529853224754333 0.537185966968536 0.545234203338623 0.549992740154266 0.550781905651093 0.550916075706482 0.549407541751862 0.543703377246857 0.540596306324005 0.542911410331726 0.546658873558044 0.542739689350128 0.553279280662537 0.566609144210815 0.553477883338928 0.550134181976318 0.554777979850769 0.553340315818787 0.554160714149475 0.545550584793091 0.53992086648941 0.537845253944397 0.543686151504517 0.536229312419891 0.526803076267242 0.519490003585815 0.513804495334625 0.519477069377899 0.523080408573151 0.547304749488831 0.555021047592163 0.545213043689728 0.540515661239624 0.522237598896027 0.518239736557007 0.533072471618652 0.545239746570587 0.544256091117859 0.540253818035126 0.550827443599701 0.563474893569946 0.574352562427521 0.578652739524841
0.529146194458008 0.540941119194031 0.538260817527771 0.524066686630249 0.523642063140869 0.537364482879639 0.552236557006836 0.549915790557861 0.540467023849487 0.532464802265167 0.527966558933258 0.525072455406189 0.52003800868988 0.514117658138275 0.513360679149628 0.515563547611237 0.527581453323364 0.537587702274323 0.532197177410126 0.531622886657715 0.526593923568726 0.52812123298645 0.539479553699493 0.541901588439941 0.529568493366241 0.523497343063354 0.540418803691864 0.534941375255585 0.515551507472992 0.51332688331604 0.521087884902954 0.532007217407227 0.534525632858276 0.548982620239258 0.547076642513275 0.531902730464935 0.540396988391876 0.53993421792984 0.526735663414001 0.525644540786743 0.544743895530701 0.553817331790924 0.551429986953735 0.557347178459167 0.57791656255722 0.596676349639893 0.598256289958954
0.531025052070618 0.533936738967896 0.537702798843384 0.541994571685791 0.543091118335724 0.545418441295624 0.55231648683548 0.544668138027191 0.531570255756378 0.525187492370605 0.518886566162109 0.515373706817627 0.511145651340485 0.507154226303101 0.515581786632538 0.524666488170624 0.511866807937622 0.511673390865326 0.523132741451263 0.526618897914886 0.517336189746857 0.522141218185425 0.538444340229034 0.543697655200958 0.525273442268372 0.520214974880219 0.539380550384521 0.542144477367401 0.530254244804382 0.525936305522919 0.534879863262177 0.542494714260101 0.544491767883301 0.547040045261383 0.530202925205231 0.524870157241821 0.534892141819 0.536268472671509 0.532711625099182 0.52990597486496 0.536736488342285 0.53895890712738 0.540197789669037 0.553868234157562 0.583308756351471 0.608629703521729 0.614880502223969
0.550900876522064 0.548102021217346 0.552455067634583 0.555514991283417 0.55123507976532 0.543213665485382 0.545195519924164 0.534362137317657 0.518949329853058 0.513082683086395 0.511273622512817 0.50912880897522 0.509001195430756 0.514340758323669 0.533149421215057 0.539923191070557 0.514463901519775 0.509208202362061 0.525559663772583 0.52984082698822 0.519759058952332 0.524195730686188 0.539946436882019 0.542406260967255 0.521110534667969 0.514513969421387 0.532224118709564 0.54606968164444 0.543018817901611 0.535270929336548 0.544980347156525 0.547160625457764 0.552679777145386 0.551021933555603 0.531327903270721 0.527248799800873 0.532720327377319 0.528947055339813 0.527182340621948 0.518189251422882 0.508996784687042 0.508857488632202 0.522866725921631 0.561949729919434 0.595686852931976 0.614041268825531 0.615962266921997
0.550800681114197 0.550886809825897 0.560518801212311 0.567190289497375 0.558694958686829 0.552244007587433 0.552556693553925 0.538274049758911 0.5261549949646 0.525712132453918 0.530234515666962 0.520392298698425 0.508297562599182 0.510920703411102 0.528716444969177 0.543633580207825 0.534229457378387 0.52894800901413 0.533944547176361 0.53415322303772 0.520273923873901 0.515887796878815 0.530840933322906 0.537635266780853 0.523248434066772 0.517075836658478 0.527312934398651 0.53900420665741 0.535491406917572 0.533623814582825 0.54520457983017 0.546846687793732 0.560485363006592 0.564880669116974 0.546277821063995 0.539530873298645 0.528531908988953 0.511870682239532 0.501806735992432 0.49473163485527 0.487142860889435 0.493314832448959 0.514750778675079 0.560225546360016 0.600741982460022 0.611708462238312 0.615833342075348
0.563759326934814 0.556287467479706 0.565116167068481 0.579901695251465 0.571684777736664 0.559812605381012 0.555317997932434 0.549413681030273 0.548012971878052 0.551774680614471 0.554526448249817 0.542586326599121 0.517809391021729 0.508570492267609 0.519939184188843 0.546420693397522 0.554145216941833 0.541025340557098 0.544150054454803 0.543712913990021 0.528991997241974 0.518044352531433 0.531429886817932 0.547782063484192 0.542215049266815 0.540403783321381 0.53824520111084 0.53889536857605 0.537522673606873 0.545607149600983 0.555371046066284 0.555710196495056 0.570352077484131 0.578382134437561 0.565098941326141 0.554129362106323 0.534813582897186 0.506640791893005 0.492366075515747 0.494411379098892 0.492603749036789 0.49845027923584 0.519806444644928 0.561661899089813 0.608430862426758 0.62858909368515 0.632721960544586
0.591716408729553 0.589743793010712 0.583812236785889 0.58207231760025 0.576487958431244 0.568053901195526 0.56714403629303 0.568335890769958 0.569319903850555 0.555653929710388 0.540733575820923 0.537270367145538 0.536877810955048 0.531537592411041 0.532365143299103 0.545583724975586 0.545988619327545 0.53908497095108 0.558003604412079 0.577378809452057 0.567421972751617 0.548254132270813 0.553387522697449 0.565148234367371 0.566717624664307 0.568284273147583 0.560363292694092 0.555749595165253 0.562690675258636 0.573984265327454 0.578383266925812 0.57556414604187 0.5826455950737 0.583654344081879 0.578786432743073 0.57314544916153 0.555962324142456 0.526722073554993 0.506540954113007 0.507754802703857 0.509218633174896 0.515670001506805 0.544777870178223 0.582060575485229 0.631147980690002 0.657833516597748 0.656917095184326
0.60792875289917 0.607131779193878 0.596823334693909 0.59004020690918 0.584648489952087 0.573408842086792 0.567866206169128 0.562672913074493 0.558122575283051 0.541868031024933 0.523178160190582 0.526800870895386 0.541880249977112 0.546089112758636 0.535133719444275 0.532315194606781 0.532171607017517 0.538937747478485 0.55913257598877 0.58079731464386 0.58655458688736 0.576353669166565 0.576456725597382 0.574630379676819 0.571886897087097 0.574075818061829 0.577706754207611 0.574998795986176 0.579871773719788 0.591566920280457 0.594038128852844 0.592377364635468 0.594354391098022 0.587083697319031 0.584892451763153 0.584950804710388 0.572536706924438 0.551013469696045 0.520692944526672 0.509019315242767 0.516210496425629 0.532771170139313 0.569217443466187 0.60950756072998 0.648425459861755 0.67425674200058 0.665289342403412
0.599444985389709 0.592812180519104 0.585829019546509 0.584715068340302 0.580609381198883 0.565773844718933 0.555345773696899 0.544562876224518 0.53653210401535 0.524216175079346 0.51442152261734 0.512058973312378 0.519911348819733 0.529730319976807 0.521848797798157 0.510996460914612 0.516426503658295 0.527874648571014 0.540500700473785 0.552825331687927 0.563839912414551 0.571283638477325 0.574848353862762 0.574748158454895 0.56581449508667 0.564996719360352 0.578692257404327 0.574027836322784 0.570300817489624 0.58330237865448 0.587045192718506 0.596982359886169 0.603620886802673 0.591466665267944 0.582712590694427 0.577061891555786 0.564185500144958 0.548694431781769 0.518629550933838 0.50376296043396 0.52021062374115 0.545095145702362 0.580597937107086 0.611969351768494 0.635083138942719 0.654069721698761 0.652159690856934
0.585776925086975 0.576970279216766 0.575656056404114 0.572809636592865 0.574284851551056 0.562929391860962 0.54866498708725 0.541159510612488 0.530953228473663 0.520257949829102 0.513023197650909 0.506125807762146 0.509377062320709 0.513834774494171 0.512636184692383 0.506614625453949 0.508483648300171 0.522659063339233 0.540423333644867 0.548520088195801 0.550345599651337 0.55807238817215 0.561761200428009 0.564498543739319 0.561450600624084 0.561527371406555 0.575142681598663 0.574228882789612 0.566192924976349 0.56327360868454 0.569285094738007 0.589069187641144 0.599612414836884 0.586185872554779 0.572529971599579 0.553378105163574 0.525787591934204 0.515585124492645 0.513132274150848 0.519923388957977 0.541438400745392 0.566358029842377 0.584191262722015 0.597975790500641 0.611904859542847 0.628067255020142 0.636460065841675
0.598050117492676 0.594564497470856 0.588506102561951 0.579767882823944 0.581781685352325 0.573493361473083 0.56201034784317 0.562610328197479 0.553540289402008 0.542201578617096 0.53264194726944 0.522787749767303 0.513105571269989 0.513929724693298 0.52824866771698 0.528236150741577 0.525994658470154 0.536510765552521 0.548870027065277 0.550422132015228 0.544510662555695 0.548009812831879 0.555218636989594 0.561113178730011 0.563657224178314 0.559804558753967 0.57079142332077 0.58351856470108 0.583876550197601 0.57033383846283 0.56800901889801 0.576455056667328 0.579423069953918 0.571807980537415 0.554420530796051 0.532216250896454 0.507026076316833 0.507909297943115 0.527907967567444 0.553889155387878 0.575531125068665 0.587209105491638 0.59220689535141 0.605554282665253 0.623565673828125 0.633099377155304 0.633830606937408
0.629458725452423 0.627181708812714 0.619196593761444 0.609549164772034 0.611344516277313 0.599615752696991 0.594135344028473 0.594336748123169 0.585666060447693 0.576138198375702 0.565183520317078 0.551653504371643 0.530603110790253 0.529492199420929 0.547008752822876 0.547561764717102 0.547634124755859 0.560193777084351 0.56972736120224 0.563914716243744 0.553703904151917 0.551807999610901 0.555732190608978 0.557315945625305 0.55424439907074 0.56264066696167 0.578151822090149 0.597453355789185 0.603161454200745 0.59736967086792 0.584780693054199 0.574739277362823 0.568025231361389 0.552352070808411 0.530949890613556 0.523147284984589 0.518142759799957 0.522354304790497 0.550355195999146 0.58517050743103 0.614153981208801 0.619731068611145 0.618877470493317 0.633410096168518 0.656699419021606 0.663027167320251 0.646656930446625
0.655723750591278 0.651653051376343 0.649910390377045 0.648440480232239 0.645754456520081 0.631877183914185 0.621667087078094 0.616228044033051 0.607932269573212 0.603458106517792 0.589178085327148 0.568496584892273 0.548828601837158 0.537317395210266 0.540972888469696 0.540381491184235 0.543446600437164 0.559632241725922 0.574605047702789 0.574672937393188 0.567024648189545 0.559470534324646 0.556012094020844 0.560500502586365 0.56068342924118 0.571360528469086 0.590750277042389 0.599957168102264 0.596527278423309 0.595186591148376 0.596535384654999 0.57889986038208 0.553349852561951 0.534963548183441 0.521519482135773 0.524758100509644 0.529435873031616 0.539817273616791 0.573345303535461 0.610467970371246 0.636679828166962 0.645451486110687 0.639588475227356 0.644414484500885 0.664362609386444 0.678424537181854 0.668488025665283
0.677394509315491 0.668010652065277 0.664371967315674 0.662870109081268 0.658177375793457 0.646312832832336 0.635987401008606 0.629727065563202 0.623502790927887 0.6142817735672 0.595894515514374 0.572326123714447 0.554023265838623 0.540626764297485 0.529465794563293 0.524667739868164 0.524486482143402 0.543936908245087 0.566689372062683 0.572480916976929 0.57163941860199 0.575090646743774 0.573774695396423 0.564634144306183 0.554984152317047 0.564355552196503 0.594500184059143 0.623404383659363 0.621546745300293 0.601092517375946 0.588382303714752 0.576290130615234 0.552207767963409 0.529845237731934 0.50172370672226 0.514702260494232 0.550926268100739 0.561805129051208 0.586846828460693 0.618956029415131 0.637665688991547 0.642370045185089 0.64433217048645 0.650451123714447 0.662506103515625 0.679121613502502 0.680360615253448
0.672769606113434 0.659813344478607 0.649763464927673 0.654851615428925 0.65799754858017 0.645236968994141 0.638333022594452 0.640969812870026 0.63627564907074 0.618532717227936 0.601628065109253 0.588988959789276 0.57440048456192 0.556990027427673 0.540195405483246 0.529561698436737 0.531242191791534 0.543848633766174 0.559221923351288 0.568054616451263 0.57404887676239 0.583533585071564 0.58473664522171 0.571617126464844 0.571611881256104 0.584265112876892 0.598467111587524 0.608684062957764 0.61834442615509 0.601603925228119 0.574251353740692 0.551282048225403 0.534280955791473 0.526729047298431 0.524505198001862 0.537282347679138 0.567093253135681 0.573172926902771 0.591121554374695 0.619366347789764 0.636240482330322 0.638833701610565 0.646149516105652 0.658157289028168 0.669096708297729 0.676586925983429 0.676102221012115
0.659773826599121 0.655172944068909 0.649046003818512 0.648126244544983 0.649076402187347 0.649144768714905 0.649727821350098 0.655061841011047 0.649093568325043 0.627674281597137 0.611094236373901 0.615225911140442 0.60456919670105 0.578308820724487 0.563291728496552 0.556718170642853 0.559018671512604 0.562587916851044 0.564314186573029 0.572882115840912 0.584789335727692 0.595007419586182 0.59564346075058 0.586253106594086 0.578719079494476 0.58865624666214 0.597484171390533 0.592714488506317 0.590934813022614 0.593438267707825 0.58891624212265 0.573405146598816 0.55839329957962 0.55643105506897 0.568879246711731 0.566340029239655 0.568597376346588 0.578007936477661 0.592225790023804 0.617578089237213 0.630996227264404 0.635838985443115 0.646082639694214 0.660477101802826 0.670223832130432 0.670666992664337 0.670588552951813
