data/trimmed_ndre/Od_ndre.84.2012_no_clouds.asc
NCOLS 144 
NROWS 65 
XLLCORNER 512965 
YLLCORNER 5150865 
CELLSIZE 5 
NODATA_value -3.4e+38 
[rows 42 to 62 of 65, columns 47 to 93 of 144]
0.190387770533562 0.190251991152763 0.195296958088875 0.216059565544128 0.208539664745331 0.202736541628838 0.205065056681633 0.20134648680687 0.203760802745819 0.19817391037941 0.189113438129425 0.186032295227051 0.181497663259506 0.17719441652298 0.182108104228973 0.183120235800743 0.198306173086166 0.206963077187538 0.205892473459244 0.233862340450287 0.263020187616348 0.256910383701324 0.240592285990715 0.226961255073547 0.235715344548225 0.250964879989624 0.26030769944191 0.26112225651741 0.247720435261726 0.229713708162308 0.21539369225502 0.224316015839577 0.238153532147408 0.229499325156212 0.202558562159538 0.225573122501373 0.262359380722046 0.265833348035812 0.278927564620972 0.286035984754562 0.27274289727211 0.272304475307465 0.286075681447983 0.277684301137924 0.269045233726501 0.257029861211777 0.244805976748466
0.202748626470566 0.209790393710136 0.20792219042778 0.210822150111198 0.213473334908485 0.214395493268967 0.200631096959114 0.191909372806549 0.210948944091797 0.206689864397049 0.192386046051979 0.190171405673027 0.192551344633102 0.207651272416115 0.205460622906685 0.186150580644608 0.191721126437187 0.221290424466133 0.243986025452614 0.256587952375412 0.26861834526062 0.25491988658905 0.242670208215714 0.242346584796906 0.253998190164566 0.257699817419052 0.254692375659943 0.264116317033768 0.260676026344299 0.247302144765854 0.23310649394989 0.21732796728611 0.239590868353844 0.248312667012215 0.231385335326195 0.234200358390808 0.257290422916412 0.242902204394341 0.217431604862213 0.23408405482769 0.266663938760757 0.26324599981308 0.244432553648949 0.238503813743591 0.256981045007706 0.275103807449341 0.265089720487595
0.206320390105247 0.229178562760353 0.224197387695312 0.205814763903618 0.213225588202477 0.216369763016701 0.199111387133598 0.193777903914452 0.218425586819649 0.221770629286766 0.219459414482117 0.208193764090538 0.194717332720757 0.214250043034554 0.214018404483795 0.197353154420853 0.204245939850807 0.232105597853661 0.246206849813461 0.2458855509758 0.243588969111443 0.218448981642723 0.214058861136436 0.233073279261589 0.238115251064301 0.222661450505257 0.22442789375782 0.248132809996605 0.25211289525032 0.235479861497879 0.212664857506752 0.200338840484619 0.263815462589264 0.284069657325745 0.242347717285156 0.212874874472618 0.222853615880013 0.228677555918694 0.208590611815453 0.202141836285591 0.215277597308159 0.212089404463768 0.21228401362896 0.236487835645676 0.243440091609955 0.250567495822906 0.245241656899452
0.206590995192528 0.19977131485939 0.204193994402885 0.213931739330292 0.224866613745689 0.227995112538338 0.220359966158867 0.205209016799927 0.219138398766518 0.237962514162064 0.249934539198875 0.235175803303719 0.209636226296425 0.21713288128376 0.21635976433754 0.222159594297409 0.22586190700531 0.210392266511917 0.199159786105156 0.202209621667862 0.224525019526482 0.208240956068039 0.202169477939606 0.210799723863602 0.205042913556099 0.201216742396355 0.203697293996811 0.215633273124695 0.218550026416779 0.19807143509388 0.195981040596962 0.222591042518616 0.26795020699501 0.26387220621109 0.242637604475021 0.207147806882858 0.193541318178177 0.213668957352638 0.183980330824852 0.152247861027718 0.164187401533127 0.181735679507256 0.19069692492485 0.197901800274849 0.19997826218605 0.204057559370995 0.20710326731205
0.21677365899086 0.215186938643456 0.215998381376266 0.222359582781792 0.234388589859009 0.236412867903709 0.229044184088707 0.230915933847427 0.231523185968399 0.23433743417263 0.24095244705677 0.241983994841576 0.230819657444954 0.2288588732481 0.21258419752121 0.23226635158062 0.218250945210457 0.175755128264427 0.205169454216957 0.209240615367889 0.203118041157722 0.200171336531639 0.205759450793266 0.200490087270737 0.181989565491676 0.176447212696075 0.194087073206902 0.192182436585426 0.185759961605072 0.185721799731255 0.207259953022003 0.222150936722755 0.228310942649841 0.223770350217819 0.243669047951698 0.221212312579155 0.182571217417717 0.185387462377548 0.171731874346733 0.153877303004265 0.162311285734177 0.171881824731827 0.149165257811546 0.14354507625103 0.172369182109833 0.190997675061226 0.19167186319828
0.242059245705605 0.255672097206116 0.235869333148003 0.223845973610878 0.231482312083244 0.221600919961929 0.22035026550293 0.24950547516346 0.238838404417038 0.201849445700645 0.189361751079559 0.216347724199295 0.243568897247314 0.234559550881386 0.209876894950867 0.219764977693558 0.19112254679203 0.170265913009644 0.209085911512375 0.197131916880608 0.176949396729469 0.173492416739464 0.175726026296616 0.173567607998848 0.160858631134033 0.164365485310555 0.19367915391922 0.176824674010277 0.168651849031448 0.182673156261444 0.197963669896126 0.201253294944763 0.193763166666031 0.192858055233955 0.210553541779518 0.205310598015785 0.174769878387451 0.172095626592636 0.189563930034637 0.17782598733902 0.171020463109016 0.17586088180542 0.166179373860359 0.15676037967205 0.188991457223892 0.205202728509903 0.189332440495491
0.262265712022781 0.2584208548069 0.234605267643929 0.226663246750832 0.241809248924255 0.215425938367844 0.205010116100311 0.233796074986458 0.222118675708771 0.205750182271004 0.191230356693268 0.203369602560997 0.226896092295647 0.223853752017021 0.206792205572128 0.211263254284859 0.16979706287384 0.168860629200935 0.196761921048164 0.180076718330383 0.162436991930008 0.169232875108719 0.174142256379128 0.166377305984497 0.169773325324059 0.17996047437191 0.180825784802437 0.156314298510551 0.167794674634933 0.188725292682648 0.189368948340416 0.187158063054085 0.180716812610626 0.182496875524521 0.184018865227699 0.169764474034309 0.164781168103218 0.176811650395393 0.192560240626335 0.172683387994766 0.142955929040909 0.168206453323364 0.207003116607666 0.184633895754814 0.191966041922569 0.203817427158356 0.188184157013893
0.232230737805367 0.226646736264229 0.228141292929649 0.234963297843933 0.240050867199898 0.216740652918816 0.195218726992607 0.197967663407326 0.194010108709335 0.21502885222435 0.206671938300133 0.191470190882683 0.2042306214571 0.202438503503799 0.192843079566956 0.185504406690598 0.159184813499451 0.179416075348854 0.193880304694176 0.165906965732574 0.143356636166573 0.152337968349457 0.16901458799839 0.166911825537682 0.174852252006531 0.192443817853928 0.182581424713135 0.154401913285255 0.167292013764381 0.179803282022476 0.18148934841156 0.17533166706562 0.162921190261841 0.164632841944695 0.166904866695404 0.148782938718796 0.161568060517311 0.178595691919327 0.188891097903252 0.170514926314354 0.142310917377472 0.165746062994003 0.201470747590065 0.173405542969704 0.181131958961487 0.187672436237335 0.179753348231316
0.215698376297951 0.216892495751381 0.214344069361687 0.211425065994263 0.209696114063263 0.204660966992378 0.192142799496651 0.176204785704613 0.170245409011841 0.192400619387627 0.198037385940552 0.194528952240944 0.197713434696198 0.185993015766144 0.18135966360569 0.172816723585129 0.165819182991982 0.187077984213829 0.188129752874374 0.16084261238575 0.143214777112007 0.146326914429665 0.165920898318291 0.168232187628746 0.165531486272812 0.183997958898544 0.182034313678741 0.162721171975136 0.161393716931343 0.163516715168953 0.175454214215279 0.184165492653847 0.177824094891548 0.165382668375969 0.179312601685524 0.198055431246758 0.191116869449615 0.158308267593384 0.166307732462883 0.190271809697151 0.188572853803635 0.184055954217911 0.183101072907448 0.176289618015289 0.183105245232582 0.181464090943336 0.175306066870689
0.2027817517519 0.193473517894745 0.187472224235535 0.190063253045082 0.17909874022007 0.181699216365814 0.193275898694992 0.193378254771233 0.174392953515053 0.16792918741703 0.183567985892296 0.191715911030769 0.191949218511581 0.185641467571259 0.18388457596302 0.176062345504761 0.169311419129372 0.177744284272194 0.174283668398857 0.164392545819283 0.159601956605911 0.168419256806374 0.19089663028717 0.187104180455208 0.168310537934303 0.169064596295357 0.168155506253242 0.16949063539505 0.17266471683979 0.170896142721176 0.170782417058945 0.185145050287247 0.195480108261108 0.186374634504318 0.158884391188622 0.172875702381134 0.186087429523468 0.159740954637527 0.161290183663368 0.174497678875923 0.178327172994614 0.173576235771179 0.181295529007912 0.194342434406281 0.200453624129295 0.196083664894104 0.189698487520218
0.183499664068222 0.169702097773552 0.176300659775734 0.204262271523476 0.192181006073952 0.191156134009361 0.213103711605072 0.207922622561455 0.195400074124336 0.174901351332664 0.174246296286583 0.173714354634285 0.179893404245377 0.182128101587296 0.179775789380074 0.179169550538063 0.166773408651352 0.161418706178665 0.164309576153755 0.165821418166161 0.169220805168152 0.176056236028671 0.180347725749016 0.176392436027527 0.16841521859169 0.162239566445351 0.160392135381699 0.167550206184387 0.185414373874664 0.185752153396606 0.175302416086197 0.187385782599449 0.18839330971241 0.182201266288757 0.152029812335968 0.154600128531456 0.176158413290977 0.192477867007256 0.197812885046005 0.178052350878716 0.178217306733131 0.185831665992737 0.187807679176331 0.196028754115105 0.202623724937439 0.202226936817169 0.198376089334488
0.176818504929543 0.177851438522339 0.181298643350601 0.198445692658424 0.203804329037666 0.200517863035202 0.195511043071747 0.181348517537117 0.184128537774086 0.166672810912132 0.155159890651703 0.161131396889687 0.170236513018608 0.169058352708817 0.171918481588364 0.178897559642792 0.168478861451149 0.162088364362717 0.166128948330879 0.170430317521095 0.177171885967255 0.189135804772377 0.185142174363136 0.169889450073242 0.178101494908333 0.180108949542046 0.173084914684296 0.173910558223724 0.186013489961624 0.177111253142357 0.174092248082161 0.209813326597214 0.188577935099602 0.174971684813499 0.182023346424103 0.189399167895317 0.173282593488693 0.185462668538094 0.209157213568687 0.182743325829506 0.182873144745827 0.191324278712273 0.173795253038406 0.173849001526833 0.186434388160706 0.192323595285416 0.184103772044182
0.167756453156471 0.166189029812813 0.17200942337513 0.188723340630531 0.195983797311783 0.179897665977478 0.166741847991943 0.171709671616554 0.186102226376534 0.176051184535027 0.162061467766762 0.166280463337898 0.176436215639114 0.164266780018806 0.170534014701843 0.182735577225685 0.175233006477356 0.17578986287117 0.179029196500778 0.191055715084076 0.208536595106125 0.196629986166954 0.174416676163673 0.169162571430206 0.19353760778904 0.191898986697197 0.174171566963196 0.170327752828598 0.181577563285828 0.171383023262024 0.163784712553024 0.190082535147667 0.187897443771362 0.18820795416832 0.207025796175003 0.207213088870049 0.164068207144737 0.169632583856583 0.198682025074959 0.180758118629456 0.167332217097282 0.178799659013748 0.177306145429611 0.169588074088097 0.17926986515522 0.19029588997364 0.186011776328087
0.172802895307541 0.162800014019012 0.166783004999161 0.181762486696243 0.189619600772858 0.178660333156586 0.163682743906975 0.174797251820564 0.191708117723465 0.183277785778046 0.17698061466217 0.177254363894463 0.17794543504715 0.175514847040176 0.180937454104424 0.188699185848236 0.188032642006874 0.187507897615433 0.178907200694084 0.189720422029495 0.211345955729485 0.196298286318779 0.161491826176643 0.167796596884727 0.19855971634388 0.192642003297806 0.174076735973358 0.170692846179008 0.184743270277977 0.199586674571037 0.192400559782982 0.190147563815117 0.199310183525085 0.186226099729538 0.18079349398613 0.19083197414875 0.178640455007553 0.171892762184143 0.18784499168396 0.1856709420681 0.171097919344902 0.197561636567116 0.196525305509567 0.177611365914345 0.185079172253609 0.191030904650688 0.196720451116562
0.185005336999893 0.177680745720863 0.179875537753105 0.181833863258362 0.178312093019485 0.168443262577057 0.166189804673195 0.183497384190559 0.188301652669907 0.172176033258438 0.162318617105484 0.17141680419445 0.180250406265259 0.188037544488907 0.188497796654701 0.186028063297272 0.18326823413372 0.182650238275528 0.177655428647995 0.174847945570946 0.185233309864998 0.196216180920601 0.17577913403511 0.188505113124847 0.204795360565186 0.188970625400543 0.177853927016258 0.169525191187859 0.187648445367813 0.215954855084419 0.211106985807419 0.188710242509842 0.185351982712746 0.1812734156847 0.160993307828903 0.180984482169151 0.199520662426949 0.175731465220451 0.173001781105995 0.18257138133049 0.188970103859901 0.202810496091843 0.195999443531036 0.183008089661598 0.185438767075539 0.185285523533821 -3.4e+38
0.184895053505898 0.187880337238312 0.19025556743145 0.186410963535309 0.179946050047874 0.174891754984856 0.175105348229408 0.185366436839104 0.178567692637444 0.181329265236855 0.195189222693443 0.192975729703903 0.1933334171772 0.188951402902603 0.18987087905407 0.195085436105728 0.180106446146965 0.177093625068665 0.187386512756348 0.199070706963539 0.180231228470802 0.174663424491882 0.18578827381134 0.199268072843552 0.19905124604702 0.1898273229599 0.194237053394318 0.185297876596451 0.189619675278664 0.202302113175392 0.202511623501778 0.172753900289536 0.177340745925903 0.197996243834496 0.178004011511803 0.17631708085537 0.18773290514946 0.176959335803986 0.174433514475822 0.176408305764198 0.180696666240692 0.181216388940811 -3.4e+38 -3.4e+38 -3.4e+38 -3.4e+38 -3.4e+38
0.182686373591423 0.189043298363686 0.192792668938637 0.193015694618225 0.193778425455093 0.193393051624298 0.191030964255333 0.189537197351456 0.173446342349052 0.172298729419708 0.19742739200592 0.192961990833282 0.201028808951378 0.207468956708908 0.196364521980286 0.190794825553894 0.179536908864975 0.181630864739418 0.194857835769653 0.187094658613205 0.179565623402596 0.176813572645187 0.191932305693626 0.191962406039238 0.189080253243446 0.185900554060936 0.198865696787834 0.203502506017685 0.207010120153427 0.192018389701843 0.17506667971611 0.175082385540009 0.182988405227661 0.215067759156227 0.208092302083969 -3.4e+38 -3.4e+38 -3.4e+38 -3.4e+38 -3.4e+38 -3.4e+38 -3.4e+38 -3.4e+38 -3.4e+38 -3.4e+38 -3.4e+38 -3.4e+38
0.186416193842888 0.188249439001083 0.188165992498398 0.188474521040916 0.19465397298336 0.198763623833656 0.194848224520683 0.182650029659271 0.170229762792587 0.171968281269073 0.184582501649857 0.199669852852821 0.193048104643822 0.209488123655319 0.206771686673164 0.186571910977364 0.192265674471855 0.193301543593407 0.190193757414818 0.180796474218369 0.188971325755119 0.192264094948769 0.181237265467644 0.181309461593628 0.197599023580551 0.188273295760155 0.18480820953846 0.202389016747475 -3.4e+38 -3.4e+38 -3.4e+38 -3.4e+38 -3.4e+38 -3.4e+38 -3.4e+38 -3.4e+38 -3.4e+38 -3.4e+38 -3.4e+38 -3.4e+38 -3.4e+38 -3.4e+38 -3.4e+38 -3.4e+38 -3.4e+38 -3.4e+38 -3.4e+38
0.191672995686531 0.194059476256371 0.185666531324387 0.180621460080147 0.187854126095772 0.194984793663025 0.187594681978226 0.181355878710747 0.188444420695305 0.224716112017632 0.214054867625237 0.198486045002937 0.191957235336304 0.202927753329277 0.213290229439735 0.199409574270248 0.186155095696449 -3.4e+38 -3.4e+38 -3.4e+38 -3.4e+38 -3.4e+38 -3.4e+38 -3.4e+38 -3.4e+38 -3.4e+38 -3.4e+38 -3.4e+38 -3.4e+38 -3.4e+38 -3.4e+38 -3.4e+38 -3.4e+38 -3.4e+38 -3.4e+38 -3.4e+38 -3.4e+38 -3.4e+38 -3.4e+38 -3.4e+38 -3.4e+38 -3.4e+38 -3.4e+38 -3.4e+38 -3.4e+38 -3.4e+38 -3.4e+38
0.19527143239975 0.203245803713799 0.192819103598595 0.187631160020828 0.194450631737709 0.200013473629951 -3.4e+38 -3.4e+38 -3.4e+38 -3.4e+38 -3.4e+38 -3.4e+38 -3.4e+38 -3.4e+38 -3.4e+38 -3.4e+38 -3.4e+38 -3.4e+38 -3.4e+38 -3.4e+38 -3.4e+38 -3.4e+38 -3.4e+38 -3.4e+38 -3.4e+38 -3.4e+38 -3.4e+38 -3.4e+38 -3.4e+38 -3.4e+38 -3.4e+38 -3.4e+38 -3.4e+38 -3.4e+38 -3.4e+38 -3.4e+38 -3.4e+38 -3.4e+38 -3.4e+38 -3.4e+38 -3.4e+38 -3.4e+38 -3.4e+38 -3.4e+38 -3.4e+38 -3.4e+38 -3.4e+38
0.204168707132339 0.213588804006577 -3.4e+38 -3.4e+38 -3.4e+38 -3.4e+38 -3.4e+38 -3.4e+38 -3.4e+38 -3.4e+38 -3.4e+38 -3.4e+38 -3.4e+38 -3.4e+38 -3.4e+38 -3.4e+38 -3.4e+38 -3.4e+38 -3.4e+38 -3.4e+38 -3.4e+38 -3.4e+38 -3.4e+38 -3.4e+38 -3.4e+38 -3.4e+38 -3.4e+38 -3.4e+38 -3.4e+38 -3.4e+38 -3.4e+38 -3.4e+38 -3.4e+38 -3.4e+38 -3.4e+38 -3.4e+38 -3.4e+38 -3.4e+38 -3.4e+38 -3.4e+38 -3.4e+38 -3.4e+38 -3.4e+38 -3.4e+38 -3.4e+38 -3.4e+38 -3.4e+38
