data/trimmed_ndre/Od_ndre.728.2009_no_clouds.asc
NCOLS 144 
NROWS 65 
XLLCORNER 512965 
YLLCORNER 5150865 
CELLSIZE 5 
NODATA_value -3.4e+38 
[rows 42 to 62 of 65, columns 0 to 46 of 144]
-3.4e+38 -3.4e+38 -3.4e+38 -3.4e+38 -3.4e+38 -3.4e+38 -3.4e+38 -3.4e+38 -3.4e+38 -3.4e+38 -3.4e+38 -3.4e+38 -3.4e+38 -3.4e+38 -3.4e+38 -3.4e+38 -3.4e+38 -3.4e+38 -3.4e+38 -3.4e+38 -3.4e+38 0.254116237163544 0.257020324468613 0.24530029296875 0.227393865585327 0.214400380849838 0.215851426124573 0.216057017445564 0.215020373463631 0.190527483820915 0.186045497655869 0.190765514969826 0.194989785552025 0.213711276650429 0.262804865837097 0.351400047540665 0.420568525791168 0.444618552923203 0.465954393148422 0.471014320850372 0.467222660779953 0.46188485622406 0.44224026799202 0.425700813531876 0.407961457967758 0.396483719348907 0.390161216259003
-3.4e+38 -3.4e+38 -3.4e+38 -3.4e+38 -3.4e+38 -3.4e+38 -3.4e+38 -3.4e+38 -3.4e+38 -3.4e+38 -3.4e+38 -3.4e+38 -3.4e+38 -3.4e+38 -3.4e+38 -3.4e+38 -3.4e+38 -3.4e+38 -3.4e+38 0.248626261949539 0.251648247241974 0.253408879041672 0.25204074382782 0.249526366591454 0.238065510988235 0.215774476528168 0.214518278837204 0.222737744450569 0.214553415775299 0.193172097206116 0.184823080897331 0.190291807055473 0.209119215607643 0.248022437095642 0.284785032272339 0.360253810882568 0.436599135398865 0.460855424404144 0.467007339000702 0.451477706432343 0.4461590051651 0.440864980220795 0.420404076576233 0.402805507183075 0.388577997684479 0.382763385772705 0.384169667959213
-3.4e+38 -3.4e+38 -3.4e+38 -3.4e+38 -3.4e+38 -3.4e+38 -3.4e+38 -3.4e+38 -3.4e+38 -3.4e+38 -3.4e+38 -3.4e+38 -3.4e+38 -3.4e+38 -3.4e+38 -3.4e+38 -3.4e+38 -3.4e+38 0.246579095721245 0.239778965711594 0.23578155040741 0.23547525703907 0.236157119274139 0.233043372631073 0.236295267939568 0.232110738754272 0.222926065325737 0.225120812654495 0.21778516471386 0.199809193611145 0.189725294709206 0.202304095029831 0.235765591263771 0.289528727531433 0.330262631177902 0.390369951725006 0.452205806970596 0.470481216907501 0.452973127365112 0.426739037036896 0.415095597505569 0.406267076730728 0.394304782152176 0.375902205705643 0.36515200138092 0.384656488895416 0.390259712934494
-3.4e+38 -3.4e+38 -3.4e+38 -3.4e+38 -3.4e+38 -3.4e+38 -3.4e+38 -3.4e+38 -3.4e+38 -3.4e+38 -3.4e+38 -3.4e+38 -3.4e+38 -3.4e+38 -3.4e+38 -3.4e+38 -3.4e+38 0.215950712561607 0.224908113479614 0.232554495334625 0.231492415070534 0.233768656849861 0.230407625436783 0.227510556578636 0.237473994493484 0.24337263405323 0.232288762927055 0.224189043045044 0.219890624284744 0.211835995316505 0.207734033465385 0.218379318714142 0.230345115065575 0.293244689702988 0.368516445159912 0.389095276594162 0.406904309988022 0.421582758426666 0.418437957763672 0.394792884588242 0.375062376260757 0.371246248483658 0.378688931465149 0.372381031513214 0.355922490358353 0.357646346092224 0.345354378223419
-3.4e+38 -3.4e+38 -3.4e+38 -3.4e+38 -3.4e+38 -3.4e+38 -3.4e+38 -3.4e+38 -3.4e+38 -3.4e+38 -3.4e+38 -3.4e+38 -3.4e+38 -3.4e+38 -3.4e+38 -3.4e+38 0.209668233990669 0.203220725059509 0.214208871126175 0.228885248303413 0.227580964565277 0.225214287638664 0.231554746627808 0.242191314697266 0.249458134174347 0.24638694524765 0.236406162381172 0.225490644574165 0.22726933658123 0.234151512384415 0.236248299479485 0.246888279914856 0.262099891901016 0.301465153694153 0.344528913497925 0.335882604122162 0.325096368789673 0.318111270666122 0.319293767213821 0.332684457302094 0.343190252780914 0.351071417331696 0.346729815006256 0.331160068511963 0.33002632856369 0.33706060051918 0.327238768339157
-3.4e+38 -3.4e+38 -3.4e+38 -3.4e+38 -3.4e+38 -3.4e+38 -3.4e+38 -3.4e+38 -3.4e+38 -3.4e+38 -3.4e+38 -3.4e+38 -3.4e+38 -3.4e+38 -3.4e+38 0.224648505449295 0.219215229153633 0.216227516531944 0.224301263689995 0.229953989386559 0.219389498233795 0.215633943676949 0.233322411775589 0.248827174305916 0.249443084001541 0.246542736887932 0.248484164476395 0.247325092554092 0.251800507307053 0.257366508245468 0.264749377965927 0.28729721903801 0.301447063684464 0.284912824630737 0.29263436794281 0.299258887767792 0.272033303976059 0.258353561162949 0.284465730190277 0.324558466672897 0.335444778203964 0.346429020166397 0.356166481971741 0.360309153795242 0.362199664115906 0.37181693315506 0.375875115394592
-3.4e+38 -3.4e+38 -3.4e+38 -3.4e+38 -3.4e+38 -3.4e+38 -3.4e+38 -3.4e+38 -3.4e+38 -3.4e+38 -3.4e+38 -3.4e+38 -3.4e+38 -3.4e+38 0.210311412811279 0.22050704061985 0.22131173312664 0.220099866390228 0.22176556289196 0.225639015436172 0.217329904437065 0.22079062461853 0.237282916903496 0.254111498594284 0.270357638597488 0.292518973350525 0.301471143960953 0.29282683134079 0.28506526350975 0.288248389959335 0.287647873163223 0.304739117622375 0.306443601846695 0.273662835359573 0.262597560882568 0.286107450723648 0.303357154130936 0.319528222084045 0.359787404537201 0.383264511823654 0.376112639904022 0.374429106712341 0.395027369260788 0.415608823299408 0.405542850494385 0.392753720283508 0.390905827283859
-3.4e+38 -3.4e+38 -3.4e+38 -3.4e+38 -3.4e+38 -3.4e+38 -3.4e+38 -3.4e+38 -3.4e+38 -3.4e+38 -3.4e+38 -3.4e+38 -3.4e+38 0.217734292149544 0.211342960596085 0.228253349661827 0.230665117502213 0.220632776618004 0.219622254371643 0.233509182929993 0.23692624270916 0.250820279121399 0.277573347091675 0.296662986278534 0.334776401519775 0.373105317354202 0.373575180768967 0.352219641208649 0.332161337137222 0.312913984060287 0.294649183750153 0.286338865756989 0.294403493404388 0.294724643230438 0.321737676858902 0.358719676733017 0.394020199775696 0.414515823125839 0.424316555261612 0.433946251869202 0.421649992465973 0.410594135522842 0.407318443059921 0.409703463315964 0.401463985443115 0.405161410570145 0.411586284637451
-3.4e+38 -3.4e+38 -3.4e+38 -3.4e+38 -3.4e+38 -3.4e+38 -3.4e+38 -3.4e+38 -3.4e+38 -3.4e+38 -3.4e+38 -3.4e+38 0.224837735295296 0.235161811113358 0.228419631719589 0.225847259163857 0.237653523683548 0.243379771709442 0.246648386120796 0.260966300964355 0.272891908884048 0.294493466615677 0.323826104402542 0.36300453543663 0.398836851119995 0.410465568304062 0.396524161100388 0.374271720647812 0.347062408924103 0.323731482028961 0.298469007015228 0.270501434803009 0.301664769649506 0.378887146711349 0.424987018108368 0.427870184183121 0.441825658082962 0.451519668102264 0.440471976995468 0.436010599136353 0.427684217691422 0.414495646953583 0.407588273286819 0.412568122148514 0.412296503782272 0.415827125310898 0.415161430835724
-3.4e+38 -3.4e+38 -3.4e+38 -3.4e+38 -3.4e+38 -3.4e+38 -3.4e+38 -3.4e+38 -3.4e+38 -3.4e+38 -3.4e+38 0.254415601491928 0.252007514238358 0.254558652639389 0.250002175569534 0.257752358913422 0.277866393327713 0.297673612833023 0.303197532892227 0.326579511165619 0.347102373838425 0.353293597698212 0.362981468439102 0.395918250083923 0.408858865499496 0.395877063274384 0.372195243835449 0.348177701234818 0.341231793165207 0.33735391497612 0.324872612953186 0.322856247425079 0.378107070922852 0.442112267017365 0.448525875806808 0.434227287769318 0.455859124660492 0.444427758455276 0.410054713487625 0.403211236000061 0.402890115976334 0.394293993711472 0.384837299585342 0.395416170358658 0.397191524505615 0.393570989370346 0.39250522851944
-3.4e+38 -3.4e+38 -3.4e+38 -3.4e+38 -3.4e+38 -3.4e+38 -3.4e+38 -3.4e+38 -3.4e+38 -3.4e+38 0.263319879770279 0.26822954416275 0.291891276836395 0.295945376157761 0.309119194746017 0.336338043212891 0.363114029169083 0.374042153358459 0.372375428676605 0.37271636724472 0.384746581315994 0.400852352380753 0.398676335811615 0.40902516245842 0.405239015817642 0.382977843284607 0.366292595863342 0.349601835012436 0.348513633012772 0.375089854001999 0.405656546354294 0.427627325057983 0.444319695234299 0.43546849489212 0.444870471954346 0.458483278751373 0.460607498884201 0.424901574850082 0.383381426334381 0.375992178916931 0.380376487970352 0.360490471124649 0.337912261486053 0.342034369707108 0.340637683868408 0.350964903831482 0.368905961513519
-3.4e+38 -3.4e+38 -3.4e+38 -3.4e+38 -3.4e+38 -3.4e+38 -3.4e+38 -3.4e+38 -3.4e+38 0.256947338581085 0.271329879760742 0.28258016705513 0.303899943828583 0.333995908498764 0.347432166337967 0.356556981801987 0.361235052347183 0.369755387306213 0.373388111591339 0.361871033906937 0.34176304936409 0.357006728649139 0.394882082939148 0.412717640399933 0.417017310857773 0.410383582115173 0.411273032426834 0.413893580436707 0.413895159959793 0.417904436588287 0.45275953412056 0.454426735639572 0.426774740219116 0.408169567584991 0.421036422252655 0.427013009786606 0.417592525482178 0.39451789855957 0.359658539295197 0.330990821123123 0.317216724157333 0.299101084470749 0.291447401046753 0.29574453830719 0.300687104463577 0.307605594396591 0.314280569553375
-3.4e+38 -3.4e+38 -3.4e+38 -3.4e+38 -3.4e+38 -3.4e+38 -3.4e+38 -3.4e+38 0.256716907024384 0.26869010925293 0.289289176464081 0.290238678455353 0.287675768136978 0.326840400695801 0.351471602916718 0.34531843662262 0.337280660867691 0.344056993722916 0.366799980401993 0.371160805225372 0.354977667331696 0.366815954446793 0.408601343631744 0.42713138461113 0.432753562927246 0.433363765478134 0.449120163917542 0.465910106897354 0.441102415323257 0.3990578353405 0.401276797056198 0.383106827735901 0.356926262378693 0.346507608890533 0.350980788469315 0.33802717924118 0.349749982357025 0.353948056697845 0.31877726316452 0.27357679605484 0.254902392625809 0.25315910577774 0.258698463439941 0.265928477048874 0.261514842510223 0.263413280248642 0.271141618490219
-3.4e+38 -3.4e+38 -3.4e+38 -3.4e+38 -3.4e+38 -3.4e+38 -3.4e+38 0.264094769954681 0.258441478013992 0.270650327205658 0.303499937057495 0.302600175142288 0.288916319608688 0.31309911608696 0.326953917741776 0.335819929838181 0.353787660598755 0.374633491039276 0.394180923700333 0.412422925233841 0.420004814863205 0.415637940168381 0.426073640584946 0.440556406974792 0.437625914812088 0.450235456228256 0.4608214199543 0.440107822418213 0.407495886087418 0.368724375963211 0.349443405866623 0.334916979074478 0.310710728168488 0.284528464078903 0.283411264419556 0.273595452308655 0.28781333565712 0.300321877002716 0.27927154302597 0.255298167467117 0.247137889266014 0.250898450613022 0.249658793210983 0.256235778331757 0.2485141903162 0.253247201442719 0.262094646692276
-3.4e+38 -3.4e+38 -3.4e+38 -3.4e+38 -3.4e+38 -3.4e+38 0.267528653144836 0.285266011953354 0.285329818725586 0.283555090427399 0.321933925151825 0.321274936199188 0.30864953994751 0.323492705821991 0.325736731290817 0.348457962274551 0.370560377836227 0.397493720054626 0.421380341053009 0.451612859964371 0.454751670360565 0.419405430555344 0.409540951251984 0.423445820808411 0.423697173595428 0.427675515413284 0.421341001987457 0.391281932592392 0.365003764629364 0.333315283060074 0.303278416395187 0.290429592132568 0.268688261508942 0.250131338834763 0.255569398403168 0.250570893287659 0.247522205114365 0.251824975013733 0.255903452634811 0.26151904463768 0.265299588441849 0.249362826347351 0.223174914717674 0.232973054051399 0.244960322976112 0.232429295778275 0.240570440888405
-3.4e+38 -3.4e+38 -3.4e+38 -3.4e+38 -3.4e+38 0.259040892124176 0.273020833730698 0.306735038757324 0.337117969989777 0.324471175670624 0.321285396814346 0.329434305429459 0.345585227012634 0.352010995149612 0.354708701372147 0.373842716217041 0.391520440578461 0.400516182184219 0.412771999835968 0.430384486913681 0.425689280033112 0.401443064212799 0.377405226230621 0.380273222923279 0.374797016382217 0.364971786737442 0.366832047700882 0.347269535064697 0.328086286783218 0.300995290279388 0.271416634321213 0.247877091169357 0.237481519579887 0.236663043498993 0.239579871296883 0.243246778845787 0.242084830999374 0.23896449804306 0.238536074757576 0.242523953318596 0.252194881439209 0.244575425982475 0.218214258551598 0.209879666566849 0.225063294172287 0.222080424427986 0.227074444293976
-3.4e+38 -3.4e+38 -3.4e+38 -3.4e+38 0.263911426067352 0.2732312977314 0.300474673509598 0.324754595756531 0.341293215751648 0.359521150588989 0.361233174800873 0.361435800790787 0.362262725830078 0.360665410757065 0.366311550140381 0.376651167869568 0.376174092292786 0.361793577671051 0.363598883152008 0.377852231264114 0.368553668260574 0.362152248620987 0.343967705965042 0.346800088882446 0.330331772565842 0.311305731534958 0.313713729381561 0.315064311027527 0.307384938001633 0.287416279315948 0.270222783088684 0.249521225690842 0.232994467020035 0.236371204257011 0.241389006376266 0.248242005705833 0.252940952777863 0.258492648601532 0.267480105161667 0.266404628753662 0.260507136583328 0.261255353689194 0.25526162981987 0.242450997233391 0.24620646238327 0.23537440598011 0.225839421153069
-3.4e+38 -3.4e+38 -3.4e+38 0.281840831041336 0.296297460794449 0.295749068260193 0.315579473972321 0.348900377750397 0.358389973640442 0.377419084310532 0.397481650114059 0.367232143878937 0.351931899785995 0.347758501768112 0.329654365777969 0.317601561546326 0.318000704050064 0.317144185304642 0.320239692926407 0.323162049055099 0.308742851018906 0.31912836432457 0.328911900520325 0.331958085298538 0.31060516834259 0.281698942184448 0.289515167474747 0.301214098930359 0.29877781867981 0.290906518697739 0.28632977604866 0.283988833427429 0.263753771781921 0.258134812116623 0.268696486949921 0.27811673283577 0.287256151437759 0.29695650935173 0.308808505535126 0.312917470932007 0.297354012727737 0.28017520904541 0.274650603532791 0.278848916292191 0.278180569410324 0.260607659816742 0.240329816937447
-3.4e+38 -3.4e+38 0.298245429992676 0.291714280843735 0.283328801393509 0.295056700706482 0.301285117864609 0.322321385145187 0.349041730165482 0.353055149316788 0.372766107320786 0.359052240848541 0.34302493929863 0.332985669374466 0.293303072452545 0.266545951366425 0.275870323181152 0.287477791309357 0.289833575487137 0.292612016201019 0.286579370498657 0.28963315486908 0.307664632797241 0.314686477184296 0.29677626490593 0.282448589801788 0.290746212005615 0.29682183265686 0.291753858327866 0.288299053907394 0.299470484256744 0.310261875391006 0.29468446969986 0.281589448451996 0.285198181867599 0.298329412937164 0.314487934112549 0.325756758451462 0.32914999127388 0.327896893024445 0.320763796567917 0.311019688844681 0.299747169017792 0.293598145246506 0.289115607738495 0.279345124959946 0.266902536153793
-3.4e+38 0.317210048437119 0.314311057329178 0.301285594701767 0.284519881010056 0.284671306610107 0.271027594804764 0.282970398664474 0.339686363935471 0.364504873752594 0.349091529846191 0.311243176460266 0.302062094211578 0.300817757844925 0.293872177600861 0.288888543844223 0.286002397537231 0.282705903053284 0.271534204483032 0.28593310713768 0.299451112747192 0.28518357872963 0.289736449718475 0.303975582122803 0.300892680883408 0.290259331464767 0.293596744537354 0.298770070075989 0.294584155082703 0.290382355451584 0.29951810836792 0.301173329353333 0.296154975891113 0.305022388696671 0.313021272420883 0.320375084877014 0.329280495643616 0.340625524520874 0.345088392496109 0.338997811079025 0.334427177906036 0.32746896147728 0.308274507522583 0.291118502616882 0.29020830988884 0.298342794179916 0.291787505149841
0.298513352870941 0.314522981643677 0.308611929416656 0.309708178043365 0.288833767175674 0.263666987419128 0.266435563564301 0.290151834487915 0.325014978647232 0.340286642313004 0.315281718969345 0.267674595117569 0.24543109536171 0.263154834508896 0.274644762277603 0.271711707115173 0.268376559019089 0.269543468952179 0.267313599586487 0.279919266700745 0.300907790660858 0.290979236364365 0.295505046844482 0.309143543243408 0.311311781406403 0.289621651172638 0.286445587873459 0.299229174852371 0.299391716718674 0.297826766967773 0.301267951726913 0.302912831306458 0.302619457244873 0.315675377845764 0.331569314002991 0.338214129209518 0.338039577007294 0.341405868530273 0.344596207141876 0.341042220592499 0.334349572658539 0.326497912406921 0.321891933679581 0.323349326848984 0.324641853570938 0.324842661619186 0.315092325210571
