data/trimmed_ndre/Od_ndre.715.2015_no_clouds.asc
NCOLS 144 
NROWS 65 
XLLCORNER 512965 
YLLCORNER 5150865 
CELLSIZE 5 
NODATA_value -3.4e+38 
[rows 21 to 41 of 65, columns 47 to 93 of 144]
0.146648496389389 0.14292323589325 0.15177957713604 0.161101087927818 0.152794003486633 0.152793437242508 0.153598889708519 0.15266552567482 0.152553290128708 0.150248691439629 0.151314049959183 0.150079473853111 0.143474608659744 0.154873177409172 0.149446398019791 0.147711575031281 0.148715987801552 0.141587466001511 0.147525295615196 0.149200230836868 0.147102206945419 0.145118489861488 0.153124824166298 0.150616064667702 0.148428395390511 0.149643987417221 0.151126801967621 0.151122272014618 0.152027890086174 0.151405110955238 0.146223351359367 0.142620295286179 0.145525991916656 0.147519841790199 0.148309946060181 0.152362167835236 0.148990765213966 0.15110832452774 0.155443012714386 0.140938401222229 0.145501866936684 0.148096829652786 0.145757794380188 0.149209722876549 0.134691670536995 0.138494566082954 0.15095691382885
0.148311093449593 0.144169002771378 0.157099828124046 0.161744967103004 0.151217103004456 0.153329268097878 0.154237613081932 0.150430932641029 0.148793414235115 0.156887829303741 0.151184216141701 0.151506438851357 0.153332695364952 0.158181115984917 0.145499214529991 0.143532663583755 0.141867071390152 0.139476865530014 0.151838466525078 0.149387285113335 0.144027933478355 0.141985163092613 0.149398416280746 0.148582637310028 0.148495435714722 0.154408723115921 0.158850103616714 0.150960072875023 0.148426383733749 0.151510134339333 0.151490345597267 0.13791224360466 0.145221427083015 0.151706054806709 0.157100737094879 0.159066274762154 0.150077491998672 0.150975286960602 0.152441620826721 0.143663331866264 0.146598786115646 0.147364944219589 0.151608482003212 0.154473841190338 0.138944044709206 0.140734225511551 0.149799466133118
0.15242637693882 0.152199000120163 0.153807729482651 0.152563333511353 0.150071948766708 0.153011456131935 0.149776965379715 0.143282324075699 0.148443937301636 0.158280044794083 0.147431373596191 0.154408290982246 0.157583802938461 0.158254235982895 0.156992495059967 0.157390892505646 0.147943302989006 0.146069124341011 0.156353279948235 0.149847030639648 0.144667625427246 0.144649147987366 0.149978548288345 0.15388435125351 0.145392909646034 0.152923494577408 0.15869477391243 0.146797373890877 0.147525757551193 0.15256255865097 0.152309089899063 0.141929790377617 0.148236006498337 0.142543226480484 0.14253856241703 0.147748783230782 0.145760864019394 0.143210545182228 0.143091946840286 0.143273174762726 0.145183399319649 0.148045733571053 0.151688814163208 0.151706516742706 0.144763454794884 0.144373714923859 0.146260917186737
0.143871814012527 0.150225102901459 0.145832747220993 0.147420033812523 0.150852411985397 0.150707498192787 0.14183197915554 0.140490487217903 0.150155112147331 0.155051097273827 0.147433891892433 0.152736753225327 0.148472025990486 0.146821737289429 0.150503933429718 0.154988184571266 0.148814603686333 0.150325700640678 0.15538826584816 0.152978137135506 0.147533416748047 0.151354134082794 0.155839666724205 0.15616999566555 0.139258563518524 0.143807277083397 0.14511913061142 0.141454964876175 0.146894738078117 0.145599886775017 0.150643289089203 0.150931909680367 0.149510324001312 0.144233301281929 0.143623694777489 0.146808624267578 0.145123451948166 0.132605537772179 0.131322547793388 0.136776402592659 0.142432436347008 0.142893075942993 0.147812187671661 0.150153785943985 0.147076055407524 0.144895538687706 0.147150292992592
0.15032821893692 0.151083827018738 0.145341202616692 0.149240896105766 0.14636792242527 0.144736081361771 0.142418876290321 0.144010648131371 0.148353382945061 0.154068499803543 0.152045086026192 0.149259522557259 0.149671033024788 0.145524278283119 0.143903881311417 0.145157366991043 0.1438879519701 0.146181806921959 0.152421414852142 0.155453905463219 0.151808008551598 0.154698193073273 0.154154479503632 0.149465963244438 0.140388414263725 0.138314604759216 0.140754342079163 0.143285199999809 0.145220145583153 0.135837122797966 0.147171571850777 0.145745858550072 0.142099976539612 0.146071702241898 0.14436049759388 0.150814399123192 0.14819523692131 0.136646524071693 0.143503025174141 0.138434737920761 0.140833124518394 0.142878100275993 0.146902546286583 0.160482212901115 0.157177209854126 0.148892536759377 0.147362425923347
0.157332822680473 0.157152071595192 0.15318900346756 0.151289954781532 0.140658512711525 0.146137356758118 0.150876834988594 0.149679347872734 0.143757626414299 0.156251385807991 0.147808596491814 0.145136520266533 0.158234134316444 0.149374455213547 0.146124690771103 0.148550525307655 0.154734402894974 0.154326364398003 0.153461843729019 0.156840324401855 0.15474933385849 0.146340593695641 0.138267263770103 0.137406572699547 0.139196783304214 0.139884516596794 0.144699573516846 0.146591678261757 0.148279502987862 0.148997321724892 0.152052342891693 0.146270498633385 0.141339749097824 0.142960444092751 0.139916926622391 0.145831093192101 0.142040923237801 0.139190226793289 0.147944197058678 0.144107401371002 0.146568655967712 0.147811993956566 0.144835889339447 0.161476045846939 0.159408941864967 0.151188775897026 0.145532846450806
0.149256691336632 0.157391548156738 0.157827481627464 0.151642754673958 0.141447588801384 0.149499520659447 0.160168081521988 0.156152188777924 0.146460741758347 0.158298149704933 0.14087963104248 0.149009004235268 0.164929881691933 0.154406234622002 0.161412328481674 0.159011125564575 0.154407903552055 0.15079091489315 0.14832778275013 0.156502515077591 0.154393807053566 0.143731072545052 0.143722116947174 0.141578167676926 0.145430535078049 0.148555532097816 0.148353606462479 0.147481352090836 0.150763362646103 0.154423207044601 0.1548912525177 0.152239754796028 0.141337275505066 0.13795892894268 0.140431076288223 0.141430601477623 0.137709677219391 0.140059888362885 0.148493766784668 0.155650466680527 0.145322442054749 0.145096465945244 0.147092193365097 0.151979431509972 0.150230914354324 0.14940370619297 0.144810706377029
0.14181849360466 0.151990905404091 0.150872707366943 0.148230463266373 0.1441440731287 0.142273426055908 0.150779649615288 0.151727810502052 0.153075352311134 0.158417448401451 0.141052573919296 0.155907452106476 0.161608755588531 0.154009103775024 0.156807035207748 0.152005255222321 0.147595286369324 0.14266936480999 0.141426563262939 0.148931115865707 0.155325025320053 0.15502867102623 0.155042096972466 0.152802616357803 0.156362786889076 0.156579867005348 0.153656303882599 0.153348609805107 0.151637196540833 0.156567424535751 0.158415704965591 0.155796930193901 0.145374834537506 0.145089566707611 0.146760389208794 0.145248472690582 0.141927987337112 0.143199995160103 0.146331623196602 0.151067152619362 0.151857554912567 0.153583973646164 0.14729568362236 0.141229838132858 0.137828424572945 0.149277895689011 0.141407012939453
0.145787924528122 0.14800463616848 0.142288193106651 0.141767516732216 0.146371111273766 0.150182813405991 0.150313153862953 0.149116814136505 0.153943717479706 0.155362635850906 0.148195445537567 0.163599476218224 0.162012964487076 0.152499660849571 0.146480232477188 0.143622636795044 0.149005323648453 0.149222835898399 0.148517742753029 0.152518093585968 0.159703806042671 0.162285938858986 0.163484781980515 0.164493337273598 0.15987728536129 0.155578136444092 0.155890509486198 0.155229702591896 0.145830735564232 0.158630922436714 0.159476906061172 0.154447674751282 0.150540664792061 0.152010455727577 0.150333613157272 0.151912331581116 0.153450965881348 0.151406034827232 0.146047919988632 0.151372328400612 0.158095583319664 0.154145672917366 0.147276595234871 0.147717535495758 0.149679094552994 0.145651116967201 0.142125934362411
0.149374052882195 0.148475885391235 0.146386086940765 0.147885113954544 0.148942768573761 0.152710676193237 0.152144536375999 0.146188512444496 0.144189864397049 0.143342673778534 0.143623784184456 0.151731610298157 0.153288215398788 0.148446947336197 0.143286541104317 0.145643785595894 0.154864504933357 0.145480036735535 0.146764382719994 0.153676778078079 0.15654930472374 0.161233499646187 0.167277112603188 0.16740183532238 0.15688793361187 0.151997894048691 0.155188232660294 0.148919701576233 0.136988013982773 0.155191749334335 0.149651482701302 0.149475112557411 0.153253182768822 0.153981372714043 0.146374270319939 0.153508886694908 0.158214956521988 0.150080725550652 0.141886308789253 0.152324303984642 0.153688445687294 0.145027428865433 0.156517267227173 0.153991535305977 0.15296559035778 0.150556012988091 0.150538623332977
0.145763203501701 0.1424420773983 0.14396670460701 0.151295885443687 0.150472283363342 0.154138505458832 0.154245480895042 0.147371292114258 0.141904160380363 0.143982961773872 0.141350075602531 0.140629053115845 0.145060583949089 0.149871721863747 0.14885812997818 0.14682075381279 0.14764678478241 0.138150155544281 0.14374366402626 0.148825243115425 0.147694274783134 0.157041683793068 0.155619367957115 0.158163696527481 0.154014214873314 0.147519394755363 0.150271445512772 0.142255783081055 0.141582354903221 0.1551833152771 0.142328962683678 0.15043032169342 0.154946550726891 0.150895312428474 0.140815168619156 0.148889556527138 0.14874479174614 0.144656985998154 0.144019722938538 0.149877473711967 0.143094792962074 0.140224575996399 0.153791800141335 0.157780483365059 0.156737864017487 0.155076995491982 0.153519481420517
0.147583305835724 0.141826316714287 0.145091742277145 0.151969507336617 0.152493476867676 0.153426766395569 0.153109937906265 0.146656572818756 0.138317123055458 0.141475066542625 0.138966530561447 0.141612708568573 0.150762230157852 0.157154694199562 0.156732603907585 0.152396142482758 0.146197021007538 0.14004747569561 0.141014993190765 0.151048764586449 0.157523214817047 0.157845467329025 0.149006724357605 0.15359990298748 0.152223572134972 0.144330143928528 0.148891344666481 0.151502266526222 0.154690980911255 0.153542444109917 0.141072481870651 0.1574397534132 0.158800005912781 0.151730194687843 0.145295023918152 0.150373578071594 0.144532710313797 0.146740466356277 0.154836088418961 0.147314816713333 0.145600706338882 0.146274358034134 0.154754191637039 0.163190603256226 0.154686808586121 0.141829043626785 0.140828564763069
0.150257855653763 0.143553778529167 0.14705316722393 0.149308815598488 0.148592054843903 0.148134797811508 0.146928206086159 0.145292684435844 0.140693873167038 0.138010784983635 0.137100800871849 0.142967745661736 0.145549520850182 0.147644340991974 0.155841216444969 0.160165846347809 0.156841591000557 0.150128424167633 0.143985539674759 0.145711824297905 0.155812650918961 0.156204894185066 0.149073615670204 0.150990024209023 0.155587032437325 0.150878772139549 0.147046953439713 0.15424807369709 0.15540312230587 0.148446053266525 0.14138388633728 0.149759665131569 0.151619479060173 0.147592216730118 0.147068783640862 0.152932241559029 0.153149366378784 0.144835323095322 0.147112503647804 0.149646088480949 0.1446243673563 0.150658056139946 0.157844677567482 0.163022235035896 0.155532866716385 0.145132467150688 0.1401207447052
0.151348263025284 0.145616859197617 0.148214593529701 0.148493111133575 0.14729255437851 0.145202428102493 0.142748191952705 0.151252284646034 0.155401021242142 0.153074651956558 0.146257907152176 0.147440314292908 0.143504455685616 0.142854452133179 0.152250647544861 0.163823336362839 0.159945577383041 0.151497364044189 0.144587516784668 0.141738712787628 0.155503407120705 0.149395316839218 0.138704985380173 0.142172634601593 0.158997133374214 0.151264116168022 0.144096285104752 0.146216377615929 0.142541885375977 0.139919519424438 0.140764907002449 0.145895585417747 0.149159803986549 0.145808696746826 0.144032746553421 0.147113904356956 0.149910196661949 0.145001709461212 0.152980774641037 0.152236357331276 0.141205593943596 0.151789337396622 0.150814861059189 0.150251686573029 0.147477090358734 0.142085641622543 0.142937019467354
0.151137515902519 0.148882806301117 0.149475246667862 0.149551644921303 0.150658681988716 0.14675335586071 0.145400136709213 0.160305336117744 0.164640337228775 0.157407566905022 0.148253992199898 0.148654535412788 0.149250656366348 0.152530059218407 0.158652305603027 0.163859620690346 0.164366573095322 0.153696298599243 0.147018730640411 0.147680252790451 0.160786718130112 0.149526804685593 0.143332704901695 0.146904855966568 0.157041013240814 0.147479191422462 0.143512919545174 0.145684316754341 0.149319976568222 0.152015432715416 0.151304975152016 0.14916318655014 0.149672046303749 0.15142822265625 0.147863358259201 0.151885107159615 0.156878218054771 0.154087200760841 0.155089974403381 0.151175707578659 0.144418716430664 0.144884496927261 0.143531993031502 0.150532692670822 0.146031603217125 0.140738263726234 0.153776809573174
0.147985532879829 0.149042069911957 0.149633392691612 0.146883860230446 0.154332846403122 0.151270374655724 0.149237394332886 0.15608923137188 0.153954535722733 0.147914364933968 0.145891353487968 0.148810505867004 0.152549117803574 0.147224202752113 0.148634254932404 0.153899326920509 0.158982366323471 0.151538953185081 0.151963964104652 0.152204424142838 0.150143668055534 0.14775188267231 0.147110685706139 0.149447813630104 0.15006597340107 0.14657424390316 0.149849072098732 0.149954006075859 0.151854082942009 0.156895086169243 0.158297941088676 0.14977915585041 0.143672943115234 0.145760834217072 0.149776995182037 0.154170706868172 0.159411266446114 0.157333850860596 0.142268478870392 0.140185445547104 0.144302949309349 0.147845834493637 0.148509085178375 0.156615719199181 0.151055723428726 0.148628637194633 0.156512379646301
0.141367197036743 0.149277076125145 0.146564513444901 0.138524264097214 0.145381927490234 0.152632296085358 0.152419552206993 0.149775922298431 0.143428429961205 0.141580805182457 0.149080514907837 0.156463593244553 0.155612275004387 0.142995044589043 0.14562201499939 0.146067038178444 0.144527435302734 0.142359405755997 0.139569506049156 0.141186699271202 0.14220142364502 0.145400747656822 0.147277936339378 0.148781478404999 0.15234549343586 0.153860554099083 0.154938206076622 0.146853253245354 0.145012706518173 0.148081466555595 0.149518340826035 0.141168564558029 0.136431112885475 0.141351968050003 0.150299042463303 0.147596180438995 0.150665625929832 0.150854989886284 0.144290164113045 0.135533735156059 0.143645465373993 0.152459695935249 0.155036136507988 0.151714265346527 0.152090534567833 0.150104135274887 0.149443596601486
0.138232514262199 0.147188916802406 0.148341596126556 0.14135730266571 0.141208216547966 0.15406708419323 0.153186246752739 0.148723736405373 0.150481909513474 0.160646438598633 0.162561699748039 0.158757820725441 0.153098955750465 0.146534711122513 0.155098795890808 0.154198557138443 0.145127400755882 0.138325557112694 0.141500324010849 0.143071904778481 0.142521873116493 0.144855797290802 0.153687924146652 0.148735925555229 0.153377309441566 0.160213887691498 0.159153878688812 0.141089826822281 0.134841710329056 0.138767823576927 0.147298946976662 0.150215283036232 0.144355118274689 0.141871184110641 0.143938407301903 0.138299554586411 0.149158671498299 0.151004135608673 0.149667143821716 0.143069714307785 0.141925156116486 0.150029346346855 0.150806710124016 0.148454874753952 0.153566434979439 0.149055019021034 0.143968567252159
0.139029294252396 0.137776106595993 0.15662881731987 0.150807976722717 0.146435528993607 0.153961330652237 0.154674932360649 0.150480672717094 0.153652086853981 0.160210832953453 0.157443344593048 0.150673091411591 0.148918002843857 0.154321417212486 0.163683503866196 0.163918107748032 0.152888417243958 0.147547796368599 0.152460977435112 0.151531636714935 0.153908520936966 0.1528300344944 0.15120393037796 0.145169794559479 0.149043351411819 0.158861503005028 0.160661831498146 0.147499725222588 0.141868785023689 0.14177517592907 0.148761674761772 0.157388105988503 0.155932709574699 0.138090461492538 0.135734349489212 0.144409820437431 0.153862684965134 0.146390065550804 0.157301113009453 0.155517473816872 0.137804627418518 0.138948991894722 0.136479154229164 0.138029456138611 0.146947294473648 0.151859998703003 0.147928819060326
0.14702433347702 0.139366045594215 0.151104465126991 0.15113154053688 0.150334924459457 0.152497440576553 0.153604581952095 0.14908704161644 0.149130865931511 0.14891853928566 0.145305782556534 0.141848042607307 0.139308899641037 0.144181102514267 0.151381194591522 0.152838066220284 0.151305973529816 0.156065762042999 0.154575183987617 0.147565111517906 0.156511306762695 0.146537661552429 0.143849149346352 0.143549337983131 0.139989092946053 0.1408651471138 0.142356023192406 0.14566408097744 0.151248514652252 0.148432329297066 0.147585391998291 0.150647878646851 0.151024386286736 0.140073820948601 0.137220665812492 0.143424600362778 0.147990688681602 0.138037964701653 0.158513456583023 0.156942814588547 0.144507631659508 0.140344068408012 0.1327123939991 0.128675162792206 0.141135841608047 0.16078095138073 0.160301402211189
0.150101527571678 0.145333543419838 0.141120091080666 0.141588389873505 0.140938714146614 0.145551443099976 0.150036081671715 0.149149835109711 0.145824655890465 0.142704173922539 0.142595306038857 0.14707849919796 0.152230456471443 0.150540515780449 0.144343957304955 0.138492584228516 0.140017673373222 0.150115773081779 0.147326767444611 0.14585155248642 0.153613924980164 0.136372432112694 0.142426252365112 0.147200882434845 0.143788680434227 0.141860917210579 0.133542463183403 0.140247672796249 0.152208149433136 0.152097254991531 0.145061612129211 0.14532658457756 0.14667971432209 0.143691599369049 0.143567070364952 0.138533532619476 0.136686578392982 0.137135177850723 0.147873640060425 0.14266063272953 0.141616433858871 0.144006326794624 0.140602454543114 0.128659784793854 0.144047439098358 0.16263073682785 0.16263222694397
