data/trimmed_ndre/Od_ndre.711.2014_no_clouds.asc
NCOLS 144 
NROWS 65 
XLLCORNER 512965 
YLLCORNER 5150865 
CELLSIZE 5 
NODATA_value -3.4e+38 
[rows 21 to 41 of 65, columns 94 to 140 of 144]
0.392388880252838 0.393972754478455 0.396908611059189 0.403366923332214 0.401335209608078 0.397997319698334 0.391635477542877 0.386410385370255 0.394480049610138 0.378003180027008 0.354805082082748 0.354127675294876 0.370479226112366 0.39010614156723 0.391659259796143 0.397128343582153 0.413175135850906 0.439572364091873 0.450915724039078 0.441441595554352 0.43081596493721 0.422452658414841 0.40927529335022 0.395152449607849 0.387375265359879 0.383578211069107 0.38520947098732 0.398625433444977 0.431277364492416 0.456654250621796 0.454242944717407 0.459669858217239 0.474335879087448 0.488972276449203 0.495953738689423 -3.4e+38 -3.4e+38 -3.4e+38 -3.4e+38 -3.4e+38 -3.4e+38 -3.4e+38 -3.4e+38 -3.4e+38 -3.4e+38 -3.4e+38 -3.4e+38
0.378623634576797 0.387076556682587 0.381700664758682 0.378468483686447 0.380616873502731 0.387711673974991 0.395421415567398 0.381170302629471 0.36180517077446 0.36019092798233 0.359135210514069 0.350066542625427 0.35756841301918 0.379402130842209 0.400061249732971 0.416090875864029 0.442700356245041 0.472140938043594 0.480225563049316 0.466599255800247 0.464288920164108 0.461096614599228 0.451459884643555 0.432204335927963 0.413378953933716 0.397953242063522 0.390322178602219 0.386158406734467 0.407782167196274 0.434186100959778 0.438378989696503 0.453634470701218 0.466048151254654 0.483354598283768 0.495715826749802 0.501339316368103 0.504125773906708 -3.4e+38 -3.4e+38 -3.4e+38 -3.4e+38 -3.4e+38 -3.4e+38 -3.4e+38 -3.4e+38 -3.4e+38 -3.4e+38
0.354832947254181 0.365932911634445 0.370413601398468 0.355860203504562 0.353893309831619 0.362405806779861 0.364050984382629 0.354898869991302 0.337009251117706 0.343505859375 0.353053987026215 0.35782977938652 0.365767985582352 0.380740851163864 0.406918197870255 0.432269662618637 0.45258817076683 0.462288171052933 0.478073388338089 0.495568484067917 0.496823370456696 0.490267932415009 0.479151755571365 0.457829892635345 0.434537470340729 0.420543909072876 0.410898149013519 0.39685994386673 0.403377532958984 0.428007811307907 0.441400140523911 0.450916409492493 0.452821731567383 0.470903396606445 0.484648495912552 0.485942453145981 0.496687799692154 0.496504068374634 -3.4e+38 -3.4e+38 -3.4e+38 -3.4e+38 -3.4e+38 -3.4e+38 -3.4e+38 -3.4e+38 -3.4e+38
0.371688693761826 0.380479156970978 0.390854626893997 0.372016459703445 0.371948838233948 0.37751230597496 0.357971370220184 0.353593766689301 0.34479683637619 0.331440031528473 0.330074727535248 0.341126143932343 0.368709117174149 0.393592417240143 0.415833443403244 0.443530052900314 0.472743421792984 0.496391773223877 0.507527887821198 0.520175516605377 0.517857551574707 0.506907522678375 0.490435928106308 0.474154829978943 0.46163135766983 0.451975464820862 0.439302086830139 0.42098543047905 0.419813364744186 0.436371624469757 0.448415130376816 0.446655869483948 0.441949218511581 0.459030091762543 0.465206116437912 0.466885298490524 0.482349008321762 0.48528328537941 0.487837672233582 -3.4e+38 -3.4e+38 -3.4e+38 -3.4e+38 -3.4e+38 -3.4e+38 -3.4e+38 -3.4e+38
0.42351445555687 0.424672842025757 0.419880777597427 0.403344094753265 0.405529022216797 0.409218281507492 0.383685767650604 0.375695586204529 0.361559212207794 0.340784966945648 0.343260198831558 0.354786932468414 0.384018421173096 0.411858409643173 0.429686903953552 0.446047693490982 0.474869400262833 0.513528287410736 0.524174869060516 0.525980651378632 0.52819687128067 0.518466174602509 0.504385054111481 0.495619177818298 0.490646868944168 0.478191912174225 0.456730544567108 0.436324626207352 0.433025479316711 0.433535665273666 0.439131915569305 0.436183780431747 0.436760604381561 0.450589507818222 0.44502055644989 0.451003611087799 0.471013873815536 0.471651613712311 0.472648680210114 -3.4e+38 -3.4e+38 -3.4e+38 -3.4e+38 -3.4e+38 -3.4e+38 -3.4e+38 -3.4e+38
0.466510742902756 0.458146661520004 0.452771067619324 0.448936343193054 0.447049170732498 0.436936527490616 0.407209664583206 0.388515651226044 0.376882970333099 0.370417058467865 0.382718682289124 0.390606611967087 0.399524509906769 0.418428212404251 0.43904510140419 0.464185863733292 0.488296687602997 0.512009263038635 0.522116482257843 0.524163603782654 0.528260231018066 0.526933908462524 0.519406080245972 0.517805874347687 0.512380599975586 0.491795986890793 0.465074449777603 0.438756972551346 0.422916740179062 0.410739839076996 0.415161222219467 0.422919750213623 0.431207984685898 0.441626131534576 0.43454647064209 0.447299152612686 0.468208104372025 0.464658796787262 0.461959570646286 0.465958923101425 -3.4e+38 -3.4e+38 -3.4e+38 -3.4e+38 -3.4e+38 -3.4e+38 -3.4e+38
0.491596192121506 0.481817930936813 0.480252593755722 0.480783849954605 0.467571914196014 0.445403128862381 0.410151898860931 0.390529036521912 0.386626720428467 0.396124541759491 0.410901218652725 0.411859631538391 0.412073493003845 0.42182868719101 0.443084359169006 0.474903464317322 0.497921943664551 0.507370114326477 0.524989187717438 0.540075778961182 0.531096994876862 0.526100516319275 0.530628561973572 0.529014468193054 0.522204697132111 0.501717865467072 0.467059135437012 0.425044447183609 0.398227095603943 0.387857586145401 0.39297741651535 0.406006276607513 0.421660274267197 0.433636337518692 0.435537695884705 0.448513954877853 0.463507175445557 0.455534100532532 0.451146274805069 0.460309326648712 0.469444811344147 -3.4e+38 -3.4e+38 -3.4e+38 -3.4e+38 -3.4e+38 -3.4e+38
0.50867635011673 0.494995713233948 0.495007634162903 0.484571367502213 0.463586449623108 0.440500468015671 0.408620655536652 0.392108798027039 0.391215324401855 0.407024204730988 0.420758068561554 0.417812436819077 0.424022227525711 0.431057065725327 0.444249123334885 0.466381847858429 0.482243090867996 0.500730574131012 0.523837387561798 0.537907361984253 0.52180814743042 0.523250758647919 0.532534122467041 0.528937458992004 0.52435290813446 0.501528382301331 0.464211642742157 0.422609508037567 0.387774646282196 0.376722127199173 0.376693844795227 0.39333564043045 0.41218775510788 0.428202927112579 0.437121480703354 0.443208247423172 0.451483070850372 0.445459246635437 0.444467425346375 0.452380508184433 0.459518074989319 0.460198938846588 -3.4e+38 -3.4e+38 -3.4e+38 -3.4e+38 -3.4e+38
0.512752532958984 0.504174649715424 0.503913223743439 0.480056703090668 0.449054002761841 0.428048461675644 0.410463720560074 0.397386759519577 0.397832065820694 0.417024224996567 0.433710932731628 0.435204267501831 0.443419367074966 0.449059724807739 0.453644722700119 0.468016535043716 0.477720320224762 0.492300659418106 0.503039181232452 0.50859123468399 0.512579917907715 0.524913191795349 0.530025362968445 0.519507169723511 0.51739639043808 0.497158616781235 0.475102663040161 0.449374735355377 0.393955767154694 0.360715478658676 0.373534858226776 0.39749675989151 0.40931111574173 0.427997618913651 0.434314787387848 0.428877532482147 0.440657377243042 0.442829489707947 0.442126214504242 0.444110244512558 0.450731694698334 0.45296785235405 0.455942034721375 -3.4e+38 -3.4e+38 -3.4e+38 -3.4e+38
0.512716054916382 0.511514604091644 0.508886218070984 0.477106958627701 0.440288096666336 0.422261089086533 0.413302570581436 0.399473518133163 0.404038786888123 0.424140959978104 0.443745195865631 0.454978942871094 0.460275739431381 0.464315325021744 0.46325945854187 0.470462381839752 0.47657573223114 0.480881720781326 0.480427294969559 0.489460706710815 0.504963755607605 0.515858352184296 0.51563560962677 0.50700432062149 0.507791876792908 0.499456197023392 0.475430101156235 0.457051247358322 0.418476402759552 0.378802180290222 0.393598556518555 0.410866260528564 0.40700900554657 0.422421097755432 0.431795090436935 0.433332502841949 0.445383161306381 0.444790899753571 0.444509238004684 0.447373420000076 0.453018367290497 0.457424312829971 0.460547357797623 0.470798701047897 -3.4e+38 -3.4e+38 -3.4e+38
0.511860311031342 0.511755228042603 0.50252765417099 0.473323702812195 0.441221445798874 0.417900741100311 0.404108434915543 0.389949351549149 0.398507684469223 0.420601934194565 0.443695843219757 0.463359981775284 0.474331825971603 0.481839030981064 0.479226231575012 0.476152449846268 0.478796601295471 0.478802978992462 0.476796686649323 0.487938791513443 0.503493905067444 0.504870235919952 0.507260262966156 0.500580191612244 0.501026034355164 0.501982092857361 0.469665437936783 0.453841179609299 0.442638099193573 0.413604497909546 0.417930871248245 0.421656608581543 0.413329720497131 0.419845461845398 0.438363581895828 0.452927023172379 0.456659853458405 0.456842988729477 0.456054657697678 0.458318591117859 0.46246874332428 0.459697395563126 0.460910081863403 0.473143100738525 0.474497735500336 -3.4e+38 -3.4e+38
0.502965688705444 0.496625125408173 0.486314535140991 0.463365107774734 0.438507378101349 0.406462669372559 0.38476625084877 0.378309339284897 0.391763597726822 0.417196393013 0.439770340919495 0.469811171293259 0.492844998836517 0.500172019004822 0.494817763566971 0.486264824867249 0.485116392374039 0.490599751472473 0.494919568300247 0.503745257854462 0.505149841308594 0.50345903635025 0.512217998504639 0.502628803253174 0.501875817775726 0.502212762832642 0.465039968490601 0.44717401266098 0.433806926012039 0.41640916466713 0.421943008899689 0.42557430267334 0.425060003995895 0.42564457654953 0.438937187194824 0.447447419166565 0.450365364551544 0.456231743097305 0.46363753080368 0.469150185585022 0.471068769693375 0.470789968967438 0.472664833068848 0.474913448095322 0.477907091379166 0.478334754705429 -3.4e+38
0.508552610874176 0.497039616107941 0.474315285682678 0.452169626951218 0.424581259489059 0.384292542934418 0.36639478802681 0.378145337104797 0.399756908416748 0.426841348409653 0.45261025428772 0.477645486593246 0.499842554330826 0.5078986287117 0.503324866294861 0.500357747077942 0.496887296438217 0.508645832538605 0.519415974617004 0.512980401515961 0.500608086585999 0.505192637443542 0.517146289348602 0.500636696815491 0.500036656856537 0.497887372970581 0.466502666473389 0.438355267047882 0.417396992444992 0.407427251338959 0.409729778766632 0.428475558757782 0.433866113424301 0.437737882137299 0.450876444578171 0.450198590755463 0.451087415218353 0.456931620836258 0.469253718852997 0.476475834846497 0.478087365627289 0.480653345584869 0.481792211532593 0.474437713623047 0.471779674291611 0.472410261631012 0.478904843330383
0.525177597999573 0.511536180973053 0.471447676420212 0.440493494272232 0.419404715299606 0.383227288722992 0.369700014591217 0.389676719903946 0.416580408811569 0.442640691995621 0.466102540493011 0.479208916425705 0.497408509254456 0.50311666727066 0.502274096012115 0.506695508956909 0.503269553184509 0.512676179409027 0.516320824623108 0.50270801782608 0.48910716176033 0.496732622385025 0.496551364660263 0.475222140550613 0.482761740684509 0.492453306913376 0.472585916519165 0.441297352313995 0.421598047018051 0.40977954864502 0.412399858236313 0.435762614011765 0.439759135246277 0.454457491636276 0.463246047496796 0.457762777805328 0.46455180644989 0.467099517583847 0.47406479716301 0.480026692152023 0.479654848575592 0.478466361761093 0.480187505483627 0.478502959012985 0.478270798921585 0.478821992874146 0.483348846435547
0.513269364833832 0.493887305259705 0.448993414640427 0.425062626600266 0.417975276708603 0.404256850481033 0.387607753276825 0.402563899755478 0.432716071605682 0.455916106700897 0.471579253673553 0.480618447065353 0.494221419095993 0.495330631732941 0.494764804840088 0.502948224544525 0.499225944280624 0.499295115470886 0.495323956012726 0.485844194889069 0.480023950338364 0.47083991765976 0.449176728725433 0.436227291822433 0.453723430633545 0.470716804265976 0.460235148668289 0.442481994628906 0.435667425394058 0.424076229333878 0.430482715368271 0.445214986801147 0.442133277654648 0.454836577177048 0.453223586082458 0.45263135433197 0.466613799333572 0.462275505065918 0.459937155246735 0.463895887136459 0.460919857025146 0.463748127222061 0.473625957965851 0.474153578281403 0.478611081838608 0.481135308742523 0.478287130594254
0.478338479995728 0.456585615873337 0.424316197633743 0.410594522953033 0.407155454158783 0.40570917725563 0.408438742160797 0.430484086275101 0.458005517721176 0.46709880232811 0.477171421051025 0.487631142139435 0.495751857757568 0.490893632173538 0.487377494573593 0.49217888712883 0.490136086940765 0.483927071094513 0.4700528383255 0.471705406904221 0.469540387392044 0.436056584119797 0.411456763744354 0.401549965143204 0.412111937999725 0.424889087677002 0.425639688968658 0.430015683174133 0.432245850563049 0.426822751760483 0.440343856811523 0.447384804487228 0.439672619104385 0.440351396799088 0.429499983787537 0.430547267198563 0.437005966901779 0.427435696125031 0.427299797534943 0.433084547519684 0.430155366659164 0.436497718095779 0.447810590267181 0.452688068151474 0.462975054979324 0.473704040050507 0.475223362445831
0.453530639410019 0.446471035480499 0.426342725753784 0.414129048585892 0.423704147338867 0.436257392168045 0.446947813034058 0.467494696378708 0.480317562818527 0.482445061206818 0.493031054735184 0.496336817741394 0.48629105091095 0.476170122623444 0.477223515510559 0.471118956804276 0.458208501338959 0.452817171812057 0.444409638643265 0.453327298164368 0.444210916757584 0.414140254259109 0.391368597745895 0.374329596757889 0.374286025762558 0.383265763521194 0.400680989027023 0.417793869972229 0.424185544252396 0.426484942436218 0.438743621110916 0.449174821376801 0.443792432546616 0.43051490187645 0.415085196495056 0.409781128168106 0.404617220163345 0.398511379957199 0.406402081251144 0.40871798992157 0.399501323699951 0.403546392917633 0.417443007230759 0.433104932308197 0.451000183820724 0.467037051916122 0.471418142318726
0.469636231660843 0.46769705414772 0.451602399349213 0.446485728025436 0.464860111474991 0.474611908197403 0.483659148216248 0.493875026702881 0.494045823812485 0.493938952684402 0.500252306461334 0.495326638221741 0.471852868795395 0.448156267404556 0.448817759752274 0.444616794586182 0.426311731338501 0.417251944541931 0.414446175098419 0.419129610061646 0.41909471154213 0.402932524681091 0.385862946510315 0.376312971115112 0.375839948654175 0.379621773958206 0.401139408349991 0.419647455215454 0.426946073770523 0.429603397846222 0.438498467206955 0.456518828868866 0.452849745750427 0.436265289783478 0.428109169006348 0.422360926866531 0.408988445997238 0.402140885591507 0.40656253695488 0.405058890581131 0.401139855384827 0.40404212474823 0.416176408529282 0.434966593980789 0.454120546579361 0.465798765420914 -3.4e+38
0.4973124563694 0.498873025178909 0.489033967256546 0.481672614812851 0.489279121160507 0.489883273839951 0.499614328145981 0.508849143981934 0.503692984580994 0.497940689325333 0.49773296713829 0.494532465934753 0.474961161613464 0.447728991508484 0.432966083288193 0.416721403598785 0.389110296964645 0.378992289304733 0.384959191083908 0.390479564666748 0.394214779138565 0.392046093940735 0.38970947265625 0.399114459753036 0.409091234207153 0.411518514156342 0.421078532934189 0.431838542222977 0.440245032310486 0.439466953277588 0.446261703968048 0.467563450336456 0.461000055074692 0.457043588161469 0.45880138874054 0.452643543481827 0.431169062852859 0.425244748592377 0.43312081694603 0.43497222661972 0.435970216989517 0.434565991163254 0.436503410339355 0.448563009500504 -3.4e+38 -3.4e+38 -3.4e+38
0.516729772090912 0.519163966178894 0.503958523273468 0.492025792598724 0.488953977823257 0.493949830532074 0.504334330558777 0.504538834095001 0.493828415870667 0.491277992725372 0.496775448322296 0.496105670928955 0.478875786066055 0.452988266944885 0.415716826915741 0.384285032749176 0.350408226251602 0.33716008067131 0.347885429859161 0.36158749461174 0.374307096004486 0.390240281820297 0.400340765714645 0.41148853302002 0.42807748913765 0.43559867143631 0.442221373319626 0.448118627071381 0.454336404800415 0.452666610479355 0.463670969009399 0.470173746347427 0.461888909339905 0.470352053642273 0.472977876663208 0.469623327255249 0.461430042982101 0.460786908864975 0.463733971118927 0.463006764650345 0.462000966072083 0.460272669792175 -3.4e+38 -3.4e+38 -3.4e+38 -3.4e+38 -3.4e+38
0.515224635601044 0.512384593486786 0.499203413724899 0.499932825565338 0.494716972112656 0.49059322476387 0.487635374069214 0.472658842802048 0.464365214109421 0.475266337394714 0.487135678529739 0.483673572540283 0.465212315320969 0.43989697098732 0.401952147483826 0.366314053535461 0.342205226421356 0.32716703414917 0.33594337105751 0.359472900629044 0.37706258893013 0.403339505195618 0.422300517559052 0.433174103498459 0.442732721567154 0.446303367614746 0.45603683590889 0.46532467007637 0.467768996953964 0.459829300642014 0.464757174253464 0.463736295700073 0.463427811861038 0.476309835910797 0.47768047451973 0.476986736059189 0.475173890590668 0.474060207605362 0.471883237361908 0.469199299812317 -3.4e+38 -3.4e+38 -3.4e+38 -3.4e+38 -3.4e+38 -3.4e+38 -3.4e+38
