data/trimmed_ndre/Od_ndre.715.2011_no_clouds.asc
NCOLS 144 
NROWS 65 
XLLCORNER 512965 
YLLCORNER 5150865 
CELLSIZE 5 
NODATA_value -3.4e+38 
[rows 21 to 41 of 65, columns 94 to 140 of 144]
0.393320232629776 0.386073112487793 0.376904219388962 0.362513601779938 0.384191691875458 0.415134072303772 0.408024698495865 0.422671854496002 0.446343094110489 0.44484406709671 0.426790565252304 0.411422431468964 0.399419367313385 0.401164293289185 0.419447958469391 0.415635287761688 0.407430827617645 0.396339505910873 0.363531053066254 0.370404541492462 0.415080398321152 0.444111585617065 0.429838746786118 0.421590715646744 0.425666868686676 0.437071800231934 0.420161843299866 0.407913386821747 0.447228640317917 0.520290791988373 0.564385592937469 0.586875081062317 0.594406306743622 0.598304629325867 0.596184849739075 -3.4e+38 -3.4e+38 -3.4e+38 -3.4e+38 -3.4e+38 -3.4e+38 -3.4e+38 -3.4e+38 -3.4e+38 -3.4e+38 -3.4e+38 -3.4e+38
0.369546473026276 0.365772604942322 0.353706777095795 0.369098365306854 0.388520896434784 0.415021985769272 0.418213695287704 0.414103746414185 0.432388246059418 0.428430676460266 0.396203070878983 0.376247048377991 0.383238434791565 0.39267885684967 0.397762387990952 0.406916171312332 0.393753677606583 0.397549420595169 0.425707161426544 0.462371617555618 0.478386551141739 0.500590264797211 0.507372915744781 0.492290526628494 0.480063527822495 0.447438269853592 0.417506366968155 0.396963983774185 0.40789720416069 0.46259942650795 0.515171945095062 0.541066527366638 0.549318790435791 0.570149004459381 0.603632748126984 0.626013994216919 0.613026201725006 -3.4e+38 -3.4e+38 -3.4e+38 -3.4e+38 -3.4e+38 -3.4e+38 -3.4e+38 -3.4e+38 -3.4e+38 -3.4e+38
0.37978783249855 0.399320334196091 0.382594615221024 0.367632836103439 0.401783108711243 0.408772110939026 0.4138123691082 0.407558172941208 0.41163158416748 0.427468508481979 0.398673385381699 0.371006697416306 0.393588900566101 0.400251567363739 0.407462388277054 0.41099089384079 0.393704175949097 0.432005763053894 0.514497697353363 0.559302031993866 0.547750234603882 0.536234438419342 0.5425044298172 0.548259377479553 0.542507946491241 0.51776248216629 0.463589578866959 0.415766984224319 0.402226030826569 0.423915237188339 0.46521058678627 0.497133672237396 0.522329807281494 0.54722261428833 0.587281942367554 0.633762121200562 0.615541160106659 0.592839419841766 -3.4e+38 -3.4e+38 -3.4e+38 -3.4e+38 -3.4e+38 -3.4e+38 -3.4e+38 -3.4e+38 -3.4e+38
0.37327441573143 0.361265122890472 0.388200700283051 0.41131004691124 0.426897138357162 0.407303839921951 0.417782872915268 0.424887508153915 0.405804038047791 0.395091027021408 0.391387045383453 0.391586720943451 0.412088125944138 0.401269108057022 0.40625661611557 0.427532136440277 0.444515109062195 0.487910568714142 0.558224499225616 0.591411769390106 0.583872437477112 0.587713539600372 0.580200493335724 0.569635033607483 0.554326117038727 0.551215350627899 0.53106015920639 0.486108660697937 0.447805613279343 0.432411074638367 0.442075431346893 0.46472704410553 0.487833797931671 0.542460441589355 0.576841592788696 0.594244241714478 0.588750779628754 0.590242922306061 0.598129868507385 -3.4e+38 -3.4e+38 -3.4e+38 -3.4e+38 -3.4e+38 -3.4e+38 -3.4e+38 -3.4e+38
0.398458659648895 0.399383157491684 0.443106144666672 0.481741636991501 0.468069761991501 0.451634168624878 0.450244516134262 0.44704070687294 0.418897598981857 0.385847240686417 0.388526380062103 0.399140685796738 0.408607959747314 0.414339780807495 0.421593636274338 0.458129435777664 0.500637471675873 0.528316080570221 0.578966379165649 0.608625054359436 0.611812591552734 0.623922944068909 0.610210239887238 0.58450311422348 0.578515946865082 0.595839202404022 0.575808584690094 0.524878799915314 0.47161465883255 0.439521878957748 0.441194981336594 0.449112296104431 0.468345433473587 0.522728800773621 0.535272479057312 0.53793877363205 0.559070348739624 0.57144683599472 0.584977865219116 -3.4e+38 -3.4e+38 -3.4e+38 -3.4e+38 -3.4e+38 -3.4e+38 -3.4e+38 -3.4e+38
0.45799794793129 0.495959132909775 0.511500537395477 0.54173070192337 0.514080822467804 0.472990930080414 0.48200061917305 0.470758646726608 0.450517445802689 0.432431310415268 0.411269158124924 0.424692898988724 0.449597239494324 0.458637416362762 0.452049255371094 0.477049559354782 0.524065256118774 0.556089401245117 0.582453429698944 0.608968496322632 0.621818423271179 0.625475525856018 0.619260787963867 0.60254842042923 0.601474821567535 0.607145130634308 0.556603014469147 0.512794196605682 0.45976448059082 0.417217880487442 0.435209184885025 0.442767888307571 0.450087517499924 0.483224034309387 0.494381904602051 0.521063387393951 0.551719009876251 0.562454640865326 0.57824182510376 0.57526171207428 -3.4e+38 -3.4e+38 -3.4e+38 -3.4e+38 -3.4e+38 -3.4e+38 -3.4e+38
0.533933341503143 0.5658038854599 0.556122720241547 0.557185649871826 0.547530651092529 0.503248751163483 0.4803247153759 0.471107602119446 0.455014824867249 0.457172572612762 0.467481970787048 0.465050041675568 0.482285887002945 0.481336176395416 0.471449851989746 0.489243388175964 0.532062888145447 0.56403386592865 0.583194434642792 0.613995671272278 0.625831544399261 0.628608226776123 0.633893132209778 0.635528385639191 0.62864875793457 0.594589471817017 0.537975907325745 0.512077510356903 0.444926172494888 0.383378565311432 0.410421848297119 0.434325903654099 0.441641092300415 0.458203762769699 0.484317988157272 0.534343600273132 0.561152279376984 0.556967496871948 0.564823627471924 0.571650981903076 0.576481223106384 -3.4e+38 -3.4e+38 -3.4e+38 -3.4e+38 -3.4e+38 -3.4e+38
0.582179665565491 0.598214209079742 0.590108633041382 0.573236525058746 0.565449416637421 0.511137783527374 0.447306275367737 0.437514126300812 0.462230443954468 0.478803217411041 0.476712495088577 0.463088840246201 0.483463168144226 0.472986847162247 0.457146614789963 0.470310270786285 0.502244174480438 0.550342440605164 0.590717554092407 0.621312379837036 0.633072912693024 0.647388219833374 0.654173195362091 0.642517983913422 0.643400013446808 0.598534524440765 0.526331663131714 0.502302825450897 0.435806959867477 0.386815130710602 0.408797472715378 0.434858947992325 0.468541413545609 0.478239357471466 0.494544744491577 0.534547090530396 0.556349337100983 0.538416385650635 0.540788114070892 0.57757967710495 0.602887511253357 0.597598433494568 -3.4e+38 -3.4e+38 -3.4e+38 -3.4e+38 -3.4e+38
0.602905094623566 0.63086611032486 0.602234125137329 0.566260159015656 0.545285940170288 0.499959617853165 0.444433629512787 0.431552976369858 0.465665817260742 0.462612330913544 0.443579405546188 0.469193965196609 0.51389741897583 0.498900800943375 0.461975961923599 0.455688863992691 0.4811792075634 0.538137972354889 0.584627449512482 0.605951964855194 0.612433254718781 0.633549928665161 0.637965202331543 0.616502463817596 0.631780028343201 0.615482807159424 0.563054800033569 0.518909633159637 0.461009800434113 0.432339519262314 0.441098153591156 0.454984247684479 0.469704896211624 0.494842112064362 0.500113248825073 0.520958065986633 0.546136200428009 0.558906257152557 0.563610553741455 0.588676393032074 0.60510790348053 0.596058070659637 0.592267453670502 -3.4e+38 -3.4e+38 -3.4e+38 -3.4e+38
0.61502468585968 0.63337904214859 0.594743132591248 0.556406319141388 0.532356739044189 0.482947617769241 0.430841088294983 0.429931432008743 0.450504720211029 0.44394326210022 0.435003727674484 0.486568212509155 0.549453437328339 0.526045918464661 0.4890296459198 0.473403960466385 0.497773438692093 0.548938632011414 0.582764089107513 0.592092037200928 0.595608234405518 0.596402525901794 0.621653318405151 0.63314300775528 0.63031131029129 0.622013926506042 0.601144134998322 0.549117207527161 0.489833623170853 0.462269484996796 0.469578891992569 0.467023313045502 0.460513323545456 0.508667051792145 0.51647812128067 0.512885451316833 0.54095333814621 0.573605537414551 0.570505559444427 0.567882239818573 0.588763833045959 0.593091666698456 0.586354613304138 0.600954234600067 -3.4e+38 -3.4e+38 -3.4e+38
0.619451582431793 0.620777547359467 0.613835752010345 0.581756353378296 0.512362062931061 0.441585272550583 0.422023147344589 0.426982849836349 0.425627738237381 0.401575535535812 0.425917118787766 0.505823850631714 0.554479241371155 0.529505908489227 0.514001846313477 0.495677947998047 0.51681786775589 0.552669107913971 0.581071317195892 0.602226138114929 0.60956084728241 0.60403573513031 0.618458211421967 0.63234806060791 0.624323844909668 0.615651607513428 0.604482710361481 0.555362224578857 0.497946858406067 0.480945914983749 0.472493499517441 0.480151265859604 0.485900968313217 0.507100284099579 0.51584804058075 0.519077956676483 0.543824732303619 0.565061330795288 0.555686175823212 0.547877788543701 0.575352668762207 0.605080962181091 0.593090772628784 0.605149269104004 0.626887679100037 -3.4e+38 -3.4e+38
0.623605668544769 0.617847383022308 0.609226703643799 0.583525657653809 0.494829028844833 0.418282806873322 0.413474380970001 0.391711235046387 0.376128524541855 0.38858899474144 0.438066720962524 0.504642963409424 0.540178239345551 0.543121635913849 0.565378785133362 0.557326972484589 0.543439030647278 0.562458753585815 0.594242453575134 0.600818634033203 0.6043381690979 0.612403810024261 0.63003146648407 0.634021103382111 0.63262951374054 0.623906254768372 0.614188015460968 0.568091571331024 0.506460785865784 0.475177317857742 0.454641699790955 0.489962786436081 0.53032374382019 0.537586748600006 0.54187798500061 0.532817721366882 0.537316858768463 0.56071138381958 0.569937765598297 0.563241839408875 0.577645182609558 0.605792999267578 0.605639517307281 0.604515314102173 0.61529529094696 0.608324110507965 -3.4e+38
0.616431832313538 0.613444864749908 0.60271555185318 0.559516906738281 0.484813421964645 0.403127789497375 0.388519287109375 0.387128174304962 0.367087930440903 0.394815921783447 0.457306981086731 0.505090355873108 0.542025089263916 0.58097916841507 0.608335256576538 0.593276262283325 0.57892644405365 0.592933893203735 0.626066327095032 0.607848584651947 0.606839120388031 0.616876244544983 0.627467095851898 0.635591149330139 0.648861587047577 0.618090450763702 0.570271074771881 0.545620083808899 0.494389683008194 0.46001261472702 0.452348232269287 0.464150816202164 0.523669064044952 0.560455739498138 0.554822325706482 0.531506657600403 0.522474408149719 0.543871700763702 0.568299472332001 0.568015813827515 0.568792402744293 0.584442317485809 0.595541536808014 0.586707830429077 0.606997132301331 0.618955850601196 0.609695076942444
0.612447798252106 0.611582458019257 0.579626977443695 0.525142729282379 0.475686490535736 0.387556463479996 0.36864760518074 0.40270584821701 0.384598314762115 0.406924933195114 0.476327687501907 0.527376472949982 0.548286974430084 0.594556510448456 0.614649176597595 0.600961863994598 0.613678932189941 0.617141366004944 0.616111278533936 0.603310227394104 0.610116899013519 0.59459513425827 0.575639069080353 0.581401944160461 0.616643249988556 0.602110147476196 0.548486828804016 0.524935364723206 0.472988933324814 0.455159425735474 0.480888783931732 0.503283202648163 0.547905325889587 0.565939366817474 0.556206107139587 0.549987316131592 0.543917775154114 0.549445331096649 0.564034581184387 0.56463360786438 0.56373792886734 0.587828934192657 0.60736095905304 0.594709753990173 0.610048890113831 0.611954987049103 0.611304998397827
0.608524084091187 0.586747705936432 0.53054940700531 0.479938894510269 0.461632370948792 0.415308952331543 0.385404527187347 0.410159915685654 0.420245558023453 0.441926538944244 0.513637840747833 0.568782567977905 0.573484063148499 0.599594056606293 0.618768751621246 0.619209349155426 0.629007637500763 0.631080210208893 0.624521732330322 0.613433837890625 0.598838865756989 0.581424236297607 0.551364779472351 0.540995061397552 0.562552332878113 0.58921891450882 0.573872148990631 0.539172530174255 0.506346940994263 0.483852982521057 0.512204945087433 0.559260010719299 0.58430153131485 0.57092559337616 0.556726515293121 0.559452176094055 0.561391651630402 0.552876472473145 0.572040200233459 0.584628701210022 0.574479222297668 0.571928977966309 0.599411964416504 0.615208804607391 0.614412248134613 0.595383703708649 0.599152386188507
0.587218642234802 0.535538792610168 0.48098823428154 0.452652096748352 0.470438480377197 0.467762321233749 0.421361267566681 0.441662073135376 0.483258008956909 0.497283786535263 0.536656737327576 0.58245986700058 0.594650864601135 0.602259278297424 0.605192840099335 0.609075665473938 0.622193694114685 0.633691787719727 0.645266175270081 0.625901341438293 0.583437323570251 0.556206703186035 0.515348851680756 0.47621414065361 0.492225468158722 0.544639825820923 0.530695974826813 0.500876426696777 0.496561616659164 0.492551535367966 0.51243382692337 0.545649886131287 0.562059581279755 0.561809897422791 0.563776612281799 0.570611178874969 0.56572437286377 0.549616277217865 0.568755686283112 0.602359890937805 0.601148068904877 0.575268805027008 0.594055235385895 0.624803245067596 0.619516611099243 0.596886515617371 0.592714488506317
0.564561486244202 0.511686325073242 0.46872016787529 0.468596369028091 0.486663013696671 0.487127840518951 0.461676597595215 0.507167637348175 0.548868000507355 0.542887806892395 0.548737347126007 0.569690763950348 0.579452514648438 0.565008938312531 0.557858467102051 0.578105866909027 0.593632280826569 0.597914397716522 0.601230621337891 0.572198331356049 0.54007750749588 0.514089107513428 0.459682017564774 0.401298582553864 0.410517305135727 0.455719083547592 0.446630537509918 0.452121078968048 0.478387981653214 0.504274904727936 0.529675126075745 0.57940673828125 0.584146499633789 0.568387866020203 0.577497541904449 0.583365082740784 0.574881196022034 0.560460984706879 0.574424386024475 0.603793144226074 0.612372577190399 0.599299252033234 0.607479512691498 0.629948854446411 0.629684448242188 0.605467855930328 0.595274984836578
0.522648394107819 0.505265295505524 0.496776193380356 0.512029051780701 0.505392372608185 0.528596162796021 0.555721044540405 0.577633202075958 0.585067689418793 0.590791285037994 0.599878072738647 0.577335059642792 0.56495463848114 0.548414885997772 0.536788463592529 0.559069156646729 0.552153646945953 0.534801602363586 0.533317148685455 0.51947009563446 0.50270140171051 0.48601970076561 0.440831452608109 0.392730414867401 0.374192416667938 0.399966835975647 0.42964842915535 0.458637654781342 0.494205892086029 0.526621401309967 0.552359342575073 0.584995627403259 0.586000978946686 0.574168980121613 0.580782473087311 0.569082736968994 0.569882750511169 0.576734244823456 0.582742869853973 0.582234799861908 0.585767924785614 0.598590791225433 0.619038641452789 0.625246405601501 0.61758553981781 0.608654141426086 -3.4e+38
0.485137790441513 0.505368590354919 0.530592024326324 0.54645973443985 0.536956131458282 0.58900660276413 0.622258484363556 0.6019366979599 0.608592331409454 0.617102026939392 0.607871294021606 0.574045360088348 0.56221741437912 0.56683611869812 0.545184671878815 0.505872905254364 0.460861176252365 0.43200609087944 0.445325165987015 0.465808838605881 0.466525912284851 0.458001881837845 0.438771605491638 0.421577751636505 0.407603859901428 0.427191495895386 0.473686873912811 0.503842651844025 0.527429938316345 0.557301640510559 0.563011229038239 0.557744383811951 0.569457352161407 0.59023904800415 0.591138541698456 0.567413687705994 0.573205709457397 0.585547924041748 0.582744896411896 0.575335144996643 0.586215198040009 0.612765431404114 0.627942264080048 0.612746477127075 -3.4e+38 -3.4e+38 -3.4e+38
0.498468220233917 0.516097784042358 0.551807999610901 0.582095980644226 0.589197754859924 0.611468732357025 0.614592015743256 0.598588407039642 0.616601586341858 0.624724388122559 0.620194375514984 0.589129030704498 0.560927987098694 0.555282950401306 0.530264258384705 0.459014087915421 0.398006319999695 0.357764273881912 0.355001837015152 0.387768447399139 0.414756447076797 0.434451192617416 0.461874783039093 0.473322302103043 0.465103328227997 0.477020740509033 0.507643461227417 0.543055534362793 0.5641148686409 0.578894853591919 0.568470537662506 0.558720827102661 0.573436319828033 0.59119987487793 0.583846926689148 0.567329168319702 0.575431108474731 0.576999127864838 0.570121586322784 0.572306931018829 0.596168100833893 0.613414764404297 -3.4e+38 -3.4e+38 -3.4e+38 -3.4e+38 -3.4e+38
0.543999373912811 0.574766397476196 0.591441929340363 0.608035445213318 0.60400253534317 0.576860129833221 0.576219081878662 0.578299641609192 0.593684256076813 0.612263441085815 0.630607426166534 0.613329291343689 0.567936360836029 0.548219799995422 0.53357070684433 0.458867102861404 0.371678203344345 0.333599984645844 0.320413857698441 0.355331391096115 0.409930169582367 0.452387720346451 0.497423350811005 0.516818523406982 0.517631649971008 0.539008319377899 0.54732221364975 0.570671558380127 0.587304770946503 0.580237209796906 0.565471529960632 0.560124337673187 0.571585178375244 0.57472437620163 0.564740657806396 0.568182468414307 0.576379179954529 0.570391833782196 0.57007509469986 0.589024305343628 -3.4e+38 -3.4e+38 -3.4e+38 -3.4e+38 -3.4e+38 -3.4e+38 -3.4e+38
