data/trimmed_ndre/Od_ndre.75.2011_no_clouds.asc
NCOLS 144 
NROWS 65 
XLLCORNER 512965 
YLLCORNER 5150865 
CELLSIZE 5 
NODATA_value -3.4e+38 
[rows 42 to 62 of 65, columns 0 to 46 of 144]
-3.4e+38 -3.4e+38 -3.4e+38 -3.4e+38 -3.4e+38 -3.4e+38 -3.4e+38 -3.4e+38 -3.4e+38 -3.4e+38 -3.4e+38 -3.4e+38 -3.4e+38 -3.4e+38 -3.4e+38 -3.4e+38 -3.4e+38 -3.4e+38 -3.4e+38 -3.4e+38 -3.4e+38 0.544663310050964 0.543339431285858 0.536890208721161 0.528913736343384 0.537988901138306 0.536618828773499 0.52724426984787 0.510421514511108 0.497707635164261 0.480927288532257 0.454168796539307 0.444106757640839 0.45388388633728 0.456331014633179 0.520880818367004 0.581653594970703 0.606392443180084 0.611801147460938 0.613556981086731 0.610773265361786 0.601189613342285 0.588934004306793 0.584750831127167 0.594084620475769 0.611894369125366 0.612541913986206
-3.4e+38 -3.4e+38 -3.4e+38 -3.4e+38 -3.4e+38 -3.4e+38 -3.4e+38 -3.4e+38 -3.4e+38 -3.4e+38 -3.4e+38 -3.4e+38 -3.4e+38 -3.4e+38 -3.4e+38 -3.4e+38 -3.4e+38 -3.4e+38 -3.4e+38 0.5384641289711 0.542318522930145 0.533058166503906 0.522913813591003 0.522159934043884 0.531883776187897 0.532093107700348 0.50761753320694 0.49731981754303 0.501562714576721 0.496839880943298 0.492959409952164 0.458774775266647 0.4402194917202 0.463394492864609 0.484155714511871 0.539754092693329 0.571550786495209 0.571282684803009 0.569432020187378 0.564586937427521 0.559032201766968 0.548993170261383 0.544807612895966 0.544755637645721 0.557803153991699 0.580228388309479 0.578138411045074
-3.4e+38 -3.4e+38 -3.4e+38 -3.4e+38 -3.4e+38 -3.4e+38 -3.4e+38 -3.4e+38 -3.4e+38 -3.4e+38 -3.4e+38 -3.4e+38 -3.4e+38 -3.4e+38 -3.4e+38 -3.4e+38 -3.4e+38 -3.4e+38 0.528990685939789 0.525931477546692 0.51533180475235 0.504371285438538 0.502208590507507 0.50795567035675 0.525459349155426 0.522586822509766 0.498235702514648 0.486474812030792 0.495975524187088 0.503777503967285 0.497336804866791 0.475992262363434 0.460753560066223 0.485519737005234 0.506700158119202 0.534660041332245 0.531890988349915 0.504843294620514 0.483497560024261 0.46916002035141 0.470827400684357 0.475180506706238 0.48311847448349 0.489723712205887 0.499144583940506 0.51518702507019 0.523548424243927
-3.4e+38 -3.4e+38 -3.4e+38 -3.4e+38 -3.4e+38 -3.4e+38 -3.4e+38 -3.4e+38 -3.4e+38 -3.4e+38 -3.4e+38 -3.4e+38 -3.4e+38 -3.4e+38 -3.4e+38 -3.4e+38 -3.4e+38 0.511222124099731 0.509910047054291 0.507732748985291 0.499479979276657 0.488781630992889 0.488149106502533 0.490362405776978 0.493501722812653 0.49133712053299 0.479916661977768 0.474865138530731 0.486090898513794 0.483435392379761 0.473405450582504 0.474529772996902 0.469524383544922 0.480939894914627 0.492368578910828 0.487202644348145 0.458424180746078 0.413432091474533 0.390125960111618 0.385020613670349 0.399122089147568 0.427661299705505 0.441066473722458 0.442957788705826 0.452454566955566 0.479005306959152 0.501441955566406
-3.4e+38 -3.4e+38 -3.4e+38 -3.4e+38 -3.4e+38 -3.4e+38 -3.4e+38 -3.4e+38 -3.4e+38 -3.4e+38 -3.4e+38 -3.4e+38 -3.4e+38 -3.4e+38 -3.4e+38 -3.4e+38 0.502969563007355 0.509865522384644 0.498566776514053 0.472363770008087 0.468211740255356 0.470360904932022 0.488978326320648 0.501265227794647 0.497660428285599 0.502171158790588 0.509593605995178 0.508084952831268 0.499974578619003 0.484712541103363 0.475971519947052 0.476705729961395 0.473000347614288 0.464266240596771 0.444808602333069 0.405172199010849 0.372789680957794 0.352527171373367 0.375144720077515 0.412741363048553 0.431815028190613 0.439231693744659 0.455874919891357 0.467023342847824 0.480343848466873 0.516143083572388 0.54780387878418
-3.4e+38 -3.4e+38 -3.4e+38 -3.4e+38 -3.4e+38 -3.4e+38 -3.4e+38 -3.4e+38 -3.4e+38 -3.4e+38 -3.4e+38 -3.4e+38 -3.4e+38 -3.4e+38 -3.4e+38 0.467771172523499 0.485479176044464 0.492057472467422 0.4855577647686 0.462543904781342 0.44811886548996 0.461044549942017 0.500394582748413 0.527213990688324 0.536137938499451 0.558994293212891 0.57736212015152 0.568375289440155 0.536204934120178 0.512405574321747 0.499749064445496 0.485773265361786 0.454429447650909 0.418684154748917 0.394793063402176 0.372987121343613 0.367560833692551 0.370854735374451 0.406722396612167 0.471549719572067 0.508030831813812 0.50509649515152 0.518603146076202 0.547203481197357 0.546806514263153 0.568296611309052 0.591404616832733
-3.4e+38 -3.4e+38 -3.4e+38 -3.4e+38 -3.4e+38 -3.4e+38 -3.4e+38 -3.4e+38 -3.4e+38 -3.4e+38 -3.4e+38 -3.4e+38 -3.4e+38 -3.4e+38 0.448764950037003 0.461276113986969 0.473196774721146 0.473453789949417 0.481567323207855 0.488680988550186 0.471690326929092 0.47312718629837 0.520712733268738 0.541512429714203 0.556862831115723 0.587611019611359 0.607356071472168 0.589984774589539 0.550342917442322 0.521170854568481 0.503115832805634 0.45177161693573 0.396350979804993 0.383420795202255 0.395155191421509 0.403760313987732 0.422055155038834 0.442332863807678 0.467518478631973 0.523853778839111 0.56400054693222 0.558032214641571 0.574550151824951 0.597023010253906 0.59030544757843 0.605449557304382 0.602289199829102
-3.4e+38 -3.4e+38 -3.4e+38 -3.4e+38 -3.4e+38 -3.4e+38 -3.4e+38 -3.4e+38 -3.4e+38 -3.4e+38 -3.4e+38 -3.4e+38 -3.4e+38 0.429748326539993 0.438384741544724 0.47132471203804 0.476130157709122 0.48588553071022 0.511200726032257 0.530526280403137 0.51151978969574 0.512906134128571 0.550646781921387 0.556693732738495 0.563067734241486 0.578776776790619 0.588251650333405 0.567717492580414 0.534095525741577 0.496390044689178 0.457823425531387 0.397498160600662 0.37664994597435 0.408280611038208 0.430439382791519 0.460514664649963 0.500596523284912 0.528034210205078 0.54141640663147 0.575268030166626 0.599410951137543 0.595005512237549 0.612018585205078 0.615812182426453 0.60663902759552 0.619204103946686 0.607245206832886
-3.4e+38 -3.4e+38 -3.4e+38 -3.4e+38 -3.4e+38 -3.4e+38 -3.4e+38 -3.4e+38 -3.4e+38 -3.4e+38 -3.4e+38 -3.4e+38 0.446284979581833 0.439703792333603 0.470564126968384 0.518790483474731 0.516824543476105 0.531398832798004 0.542876124382019 0.54457426071167 0.545512318611145 0.549191236495972 0.5569868683815 0.552345097064972 0.553518950939178 0.554343044757843 0.552623331546783 0.53734427690506 0.513918578624725 0.472788065671921 0.43991032242775 0.43294695019722 0.451930373907089 0.482744991779327 0.519492268562317 0.545232713222504 0.56384950876236 0.572544872760773 0.574824213981628 0.588534891605377 0.60290652513504 0.614091038703918 0.628308653831482 0.610199809074402 0.601992964744568 0.610811054706573 0.593322277069092
-3.4e+38 -3.4e+38 -3.4e+38 -3.4e+38 -3.4e+38 -3.4e+38 -3.4e+38 -3.4e+38 -3.4e+38 -3.4e+38 -3.4e+38 0.474502384662628 0.475672364234924 0.477971196174622 0.511151492595673 0.540448665618896 0.537325143814087 0.561897754669189 0.549100279808044 0.518400073051453 0.520211338996887 0.516313672065735 0.518210351467133 0.513880252838135 0.511849820613861 0.507821023464203 0.515181124210358 0.519138395786285 0.5106241106987 0.494254559278488 0.49083599448204 0.507864475250244 0.532389938831329 0.561058700084686 0.589266240596771 0.601576447486877 0.602495670318604 0.598311901092529 0.593282222747803 0.598643481731415 0.604619383811951 0.606904447078705 0.615088582038879 0.602585315704346 0.601481080055237 0.602097272872925 0.583542168140411
-3.4e+38 -3.4e+38 -3.4e+38 -3.4e+38 -3.4e+38 -3.4e+38 -3.4e+38 -3.4e+38 -3.4e+38 -3.4e+38 0.470176845788956 0.454810470342636 0.463796824216843 0.48475182056427 0.502571582794189 0.498911559581757 0.504775106906891 0.528000473976135 0.524858891963959 0.482878565788269 0.46384409070015 0.452083259820938 0.460456788539886 0.476292103528976 0.489141821861267 0.506057500839233 0.523989975452423 0.538325369358063 0.539249122142792 0.540560960769653 0.553850173950195 0.571347534656525 0.577950656414032 0.585232019424438 0.596240222454071 0.600697576999664 0.601354479789734 0.6033695936203 0.600211322307587 0.5985267162323 0.599545538425446 0.58672559261322 0.58202862739563 0.579835712909698 0.594870030879974 0.595794320106506 0.578638195991516
-3.4e+38 -3.4e+38 -3.4e+38 -3.4e+38 -3.4e+38 -3.4e+38 -3.4e+38 -3.4e+38 -3.4e+38 0.514208316802979 0.482427656650543 0.444112718105316 0.444754749536514 0.461910456418991 0.458372682332993 0.454885452985764 0.440990954637527 0.461243778467178 0.498289048671722 0.472971379756927 0.463095098733902 0.485135167837143 0.498683869838715 0.527746617794037 0.557259321212769 0.569594919681549 0.574980616569519 0.581406652927399 0.580988049507141 0.586220622062683 0.602102279663086 0.598991215229034 0.583153247833252 0.583939492702484 0.594404995441437 0.597032487392426 0.593722939491272 0.593545734882355 0.588288903236389 0.575631976127625 0.564293682575226 0.557109117507935 0.551428318023682 0.556546807289124 0.575991928577423 0.577576637268066 0.568256258964539
-3.4e+38 -3.4e+38 -3.4e+38 -3.4e+38 -3.4e+38 -3.4e+38 -3.4e+38 -3.4e+38 0.452973753213882 0.486522793769836 0.505397021770477 0.470017373561859 0.453940689563751 0.43989172577858 0.435976654291153 0.441994339227676 0.421167582273483 0.451286494731903 0.515415132045746 0.519860744476318 0.533845186233521 0.567825794219971 0.578483641147614 0.601643025875092 0.627750158309937 0.635319113731384 0.622034311294556 0.604882955551147 0.596652746200562 0.601064324378967 0.606106519699097 0.587784111499786 0.561130285263062 0.564036011695862 0.581930756568909 0.587125778198242 0.582207024097443 0.584016382694244 0.585036635398865 0.57024222612381 0.548067092895508 0.53788298368454 0.533245205879211 0.545698702335358 0.566021621227264 0.560273766517639 0.558590888977051
-3.4e+38 -3.4e+38 -3.4e+38 -3.4e+38 -3.4e+38 -3.4e+38 -3.4e+38 0.432337582111359 0.475537657737732 0.491492420434952 0.499375820159912 0.47203341126442 0.44889223575592 0.446288406848907 0.463337510824203 0.483851909637451 0.481127381324768 0.499735504388809 0.559851467609406 0.59599906206131 0.603734254837036 0.60444450378418 0.600067377090454 0.604254961013794 0.621620774269104 0.629943013191223 0.615978717803955 0.595065712928772 0.58664482831955 0.58900660276413 0.583179891109467 0.571696996688843 0.552042007446289 0.552359342575073 0.565855383872986 0.574643194675446 0.57263171672821 0.568170011043549 0.567765414714813 0.563052773475647 0.55154949426651 0.547436118125916 0.542974650859833 0.563156843185425 0.584477424621582 0.566702485084534 0.556578457355499
-3.4e+38 -3.4e+38 -3.4e+38 -3.4e+38 -3.4e+38 -3.4e+38 0.418856084346771 0.431978970766068 0.480506747961044 0.480672627687454 0.480409532785416 0.474417179822922 0.474144965410233 0.493158131837845 0.513136267662048 0.519876539707184 0.524391055107117 0.557066738605499 0.596805691719055 0.629393041133881 0.62717467546463 0.617817759513855 0.60091108083725 0.591464757919312 0.594793140888214 0.595048248767853 0.589915215969086 0.581170916557312 0.581027925014496 0.577851712703705 0.560971140861511 0.560830056667328 0.558930158615112 0.559347689151764 0.564789652824402 0.578140079975128 0.594683647155762 0.590903460979462 0.578665971755981 0.5750492811203 0.572354376316071 0.569039881229401 0.56499046087265 0.588577568531036 0.600403726100922 0.580676913261414 0.574654996395111
-3.4e+38 -3.4e+38 -3.4e+38 -3.4e+38 -3.4e+38 0.416522800922394 0.391953617334366 0.404547691345215 0.449549615383148 0.472277194261551 0.500243186950684 0.515397369861603 0.527219474315643 0.534183859825134 0.541996002197266 0.544534206390381 0.558382451534271 0.584422588348389 0.597933828830719 0.608416497707367 0.613174140453339 0.612078964710236 0.602567076683044 0.588500678539276 0.586000025272369 0.584183394908905 0.578904151916504 0.56782078742981 0.558022141456604 0.562198579311371 0.5619997382164 0.566778421401978 0.574878334999084 0.580041348934174 0.578426599502563 0.581279337406158 0.59574693441391 0.607244610786438 0.603286445140839 0.602933585643768 0.601113259792328 0.593520879745483 0.582444489002228 0.594402313232422 0.598989605903625 0.592487215995789 0.596080839633942
-3.4e+38 -3.4e+38 -3.4e+38 -3.4e+38 0.420126169919968 0.391984522342682 0.37482538819313 0.419618040323257 0.454001396894455 0.499759018421173 0.546277761459351 0.564128398895264 0.567645668983459 0.560667276382446 0.555438816547394 0.569694042205811 0.582829117774963 0.586572289466858 0.594030380249023 0.588458299636841 0.583735466003418 0.59043163061142 0.596146583557129 0.591800570487976 0.587140798568726 0.58823698759079 0.582602202892303 0.564785122871399 0.549816071987152 0.572726845741272 0.583094418048859 0.57106739282608 0.572727859020233 0.583365559577942 0.589658379554749 0.592271327972412 0.592306613922119 0.594950139522552 0.603660881519318 0.611691772937775 0.599107086658478 0.58910346031189 0.591078221797943 0.599351763725281 0.593529760837555 0.600768029689789 0.616895973682404
-3.4e+38 -3.4e+38 -3.4e+38 0.366625636816025 0.397293716669083 0.398563086986542 0.419581651687622 0.489992916584015 0.497382014989853 0.507074475288391 0.548523843288422 0.566451609134674 0.575170814990997 0.568911910057068 0.569681465625763 0.591013848781586 0.595159769058228 0.586227536201477 0.602850317955017 0.60001528263092 0.593660354614258 0.599241852760315 0.598851382732391 0.588028788566589 0.583046197891235 0.594108760356903 0.608614385128021 0.604430675506592 0.590612351894379 0.604169130325317 0.607394754886627 0.595037341117859 0.594533443450928 0.597639799118042 0.606317162513733 0.616852760314941 0.622292876243591 0.617748379707336 0.617876887321472 0.624200046062469 0.614892661571503 0.597314476966858 0.604048907756805 0.619409143924713 0.615355908870697 0.619122922420502 0.624720215797424
-3.4e+38 -3.4e+38 0.363295346498489 0.373437881469727 0.416684091091156 0.433169454336166 0.459989964962006 0.490008324384689 0.505533397197723 0.526685416698456 0.552769303321838 0.557165145874023 0.565287053585052 0.570379793643951 0.568059504032135 0.583793520927429 0.587141692638397 0.590777277946472 0.613824665546417 0.616507411003113 0.618961095809937 0.619603216648102 0.610452175140381 0.591728925704956 0.587807774543762 0.608342885971069 0.632764279842377 0.637164056301117 0.618771374225616 0.604415476322174 0.599045872688293 0.607993245124817 0.624003112316132 0.626360416412354 0.618212103843689 0.614230632781982 0.61529129743576 0.615339756011963 0.623773336410522 0.638817846775055 0.645002424716949 0.618908703327179 0.600765883922577 0.600789248943329 0.604823172092438 0.62211811542511 0.623627543449402
-3.4e+38 0.43267160654068 0.421684861183167 0.418065935373306 0.46134153008461 0.469660997390747 0.487411439418793 0.511431515216827 0.520461320877075 0.540607869625092 0.57148665189743 0.566474795341492 0.560887277126312 0.566964566707611 0.567532002925873 0.578326404094696 0.58529394865036 0.59200793504715 0.60465931892395 0.607281446456909 0.614409506320953 0.617729008197784 0.614958167076111 0.607823073863983 0.605648398399353 0.617186665534973 0.629402101039886 0.622714340686798 0.623778522014618 0.626385152339935 0.612932801246643 0.609558522701263 0.622224450111389 0.627654135227203 0.622264087200165 0.616084277629852 0.611417770385742 0.611582219600677 0.624601125717163 0.637004852294922 0.63637501001358 0.61880487203598 0.612236976623535 0.607240557670593 0.606014668941498 0.61742502450943 0.624174773693085
0.423409849405289 0.442601233720779 0.44800016283989 0.440754294395447 0.475803911685944 0.496699720621109 0.488181501626968 0.509006857872009 0.520021736621857 0.533978819847107 0.56824004650116 0.583514451980591 0.572821319103241 0.565659582614899 0.578350722789764 0.587765872478485 0.585474371910095 0.591281473636627 0.604785203933716 0.606799125671387 0.607904613018036 0.608984112739563 0.609823524951935 0.614335477352142 0.619413793087006 0.621071517467499 0.618687987327576 0.610732078552246 0.620597958564758 0.636615872383118 0.625053286552429 0.618082344532013 0.615897953510284 0.62575489282608 0.633090615272522 0.632515132427216 0.626607060432434 0.627858102321625 0.639190435409546 0.64438259601593 0.636464834213257 0.621003389358521 0.620220959186554 0.627611756324768 0.624013364315033 0.617643058300018 0.615188181400299
