data/trimmed_ndre/Od_ndre.74.2013_no_clouds.asc
NCOLS 144 
NROWS 65 
XLLCORNER 512965 
YLLCORNER 5150865 
CELLSIZE 5 
NODATA_value -3.4e+38 
[rows 21 to 41 of 65, columns 94 to 140 of 144]
0.50921767950058 0.515777468681335 0.517322063446045 0.497592836618423 0.510666012763977 0.533369243144989 0.521188974380493 0.500400543212891 0.482225090265274 0.465098768472672 0.446371555328369 0.438281446695328 0.457669198513031 0.488564431667328 0.503193914890289 0.522682666778564 0.543091595172882 0.556227922439575 0.566868424415588 0.581567227840424 0.594293057918549 0.575421214103699 0.566810667514801 0.564483880996704 0.549379825592041 0.554198861122131 0.547852754592896 0.549389839172363 0.565724849700928 0.588422238826752 0.612591624259949 0.623037397861481 0.62608391046524 0.63549143075943 0.647128641605377 -3.4e+38 -3.4e+38 -3.4e+38 -3.4e+38 -3.4e+38 -3.4e+38 -3.4e+38 -3.4e+38 -3.4e+38 -3.4e+38 -3.4e+38 -3.4e+38
0.500560700893402 0.515009164810181 0.514865040779114 0.499331772327423 0.511675000190735 0.523854076862335 0.509425401687622 0.487285554409027 0.472681194543839 0.452823668718338 0.438205897808075 0.440414577722549 0.452996581792831 0.474857926368713 0.489424496889114 0.520764410495758 0.55505907535553 0.580789387226105 0.600760340690613 0.615910649299622 0.616782784461975 0.604323983192444 0.589285790920258 0.576833069324493 0.567963302135468 0.578322410583496 0.565702438354492 0.554654121398926 0.566027998924255 0.575163662433624 0.595340132713318 0.616432905197144 0.622237980365753 0.630380630493164 0.640637099742889 0.644813537597656 0.644389629364014 -3.4e+38 -3.4e+38 -3.4e+38 -3.4e+38 -3.4e+38 -3.4e+38 -3.4e+38 -3.4e+38 -3.4e+38 -3.4e+38
0.504988551139832 0.518564641475677 0.519358158111572 0.515525758266449 0.522935092449188 0.527995526790619 0.516252756118774 0.493518114089966 0.47879683971405 0.44866755604744 0.426972806453705 0.430532962083817 0.44405671954155 0.462492883205414 0.484216034412384 0.51755702495575 0.548998475074768 0.580996215343475 0.609739661216736 0.629529774188995 0.638997435569763 0.63329017162323 0.621570587158203 0.604471027851105 0.593999981880188 0.586273610591888 0.567959070205688 0.563100755214691 0.57274204492569 0.581041097640991 0.59336918592453 0.606997787952423 0.612118065357208 0.61832320690155 0.627548515796661 0.638617336750031 0.648295342922211 0.645913243293762 -3.4e+38 -3.4e+38 -3.4e+38 -3.4e+38 -3.4e+38 -3.4e+38 -3.4e+38 -3.4e+38 -3.4e+38
0.536278307437897 0.544319272041321 0.545738697052002 0.544547379016876 0.546229243278503 0.543173015117645 0.533741891384125 0.513277173042297 0.491907864809036 0.455985635519028 0.425509870052338 0.431911826133728 0.457602024078369 0.480226159095764 0.503841817378998 0.529682219028473 0.548631548881531 0.577617287635803 0.611873090267181 0.63475638628006 0.646847009658813 0.650099873542786 0.641751229763031 0.626834034919739 0.617137968540192 0.60881632566452 0.600853025913239 0.594498515129089 0.592036783695221 0.592003047466278 0.59403133392334 0.59558779001236 0.596994936466217 0.603279650211334 0.612600684165955 0.622760355472565 0.635262012481689 0.64409738779068 0.647500157356262 -3.4e+38 -3.4e+38 -3.4e+38 -3.4e+38 -3.4e+38 -3.4e+38 -3.4e+38 -3.4e+38
0.572735905647278 0.585076570510864 0.57826167345047 0.575610160827637 0.56855297088623 0.556808888912201 0.54214334487915 0.527350783348083 0.502768039703369 0.469511866569519 0.445601433515549 0.450324714183807 0.478199452161789 0.49880987405777 0.524235904216766 0.548458516597748 0.568554878234863 0.589743912220001 0.619367063045502 0.643466949462891 0.651595294475555 0.657849967479706 0.651527404785156 0.639200031757355 0.633570790290833 0.622506320476532 0.61053478717804 0.600778877735138 0.583965301513672 0.573952078819275 0.579357981681824 0.587386190891266 0.594381868839264 0.602161943912506 0.604878783226013 0.601476490497589 0.603926360607147 0.616025507450104 0.627833008766174 -3.4e+38 -3.4e+38 -3.4e+38 -3.4e+38 -3.4e+38 -3.4e+38 -3.4e+38 -3.4e+38
0.59228777885437 0.600112736225128 0.595275104045868 0.596530735492706 0.587620615959167 0.562219977378845 0.539076387882233 0.526978313922882 0.506528556346893 0.484443843364716 0.475685089826584 0.484014630317688 0.499845713376999 0.511303603649139 0.536913335323334 0.566639840602875 0.590712308883667 0.610760092735291 0.631939291954041 0.646927118301392 0.649450719356537 0.651821255683899 0.650770246982574 0.643769204616547 0.639555513858795 0.630957186222076 0.61064350605011 0.585728824138641 0.560471534729004 0.546030044555664 0.55337518453598 0.56145566701889 0.57656192779541 0.587563455104828 0.587065637111664 0.585033237934113 0.585781693458557 0.594817042350769 0.603713095188141 0.618780612945557 -3.4e+38 -3.4e+38 -3.4e+38 -3.4e+38 -3.4e+38 -3.4e+38 -3.4e+38
0.605201065540314 0.612573742866516 0.610110342502594 0.604650914669037 0.596504926681519 0.565547525882721 0.532398581504822 0.521542966365814 0.506790995597839 0.495162934064865 0.497488856315613 0.507507979869843 0.507638394832611 0.5123610496521 0.537559032440186 0.566422700881958 0.597737193107605 0.622075438499451 0.638214290142059 0.644710659980774 0.643324613571167 0.641796410083771 0.644208371639252 0.640006124973297 0.636524498462677 0.640615820884705 0.622927129268646 0.580084323883057 0.544828295707703 0.52878075838089 0.529631555080414 0.539182603359222 0.553538262844086 0.563821196556091 0.566120386123657 0.569205164909363 0.575399816036224 0.583396553993225 0.589940428733826 0.600234746932983 0.608076691627502 -3.4e+38 -3.4e+38 -3.4e+38 -3.4e+38 -3.4e+38 -3.4e+38
0.614893198013306 0.617489278316498 0.614523112773895 0.603864192962646 0.594834387302399 0.568294405937195 0.533485889434814 0.517408013343811 0.503358781337738 0.499231964349747 0.504208445549011 0.511242032051086 0.507220447063446 0.512136101722717 0.535386383533478 0.556602418422699 0.587049305438995 0.616308152675629 0.630811214447021 0.635600030422211 0.635682344436646 0.635516762733459 0.634767234325409 0.632099628448486 0.635209202766418 0.646011769771576 0.630629003047943 0.582758963108063 0.539968848228455 0.527270972728729 0.528699100017548 0.543690741062164 0.558952689170837 0.565672755241394 0.56480348110199 0.568133473396301 0.582438826560974 0.589933156967163 0.589166402816772 0.592590570449829 0.594232618808746 0.601369798183441 -3.4e+38 -3.4e+38 -3.4e+38 -3.4e+38 -3.4e+38
0.61290454864502 0.617831885814667 0.61940461397171 0.613006889820099 0.592828631401062 0.569477677345276 0.543527722358704 0.515509903430939 0.496056109666824 0.491445958614349 0.500585675239563 0.513986825942993 0.514844238758087 0.527469158172607 0.548750400543213 0.564800679683685 0.585215330123901 0.610922396183014 0.627003908157349 0.632179200649261 0.634547114372253 0.638435184955597 0.637036442756653 0.635173380374908 0.62879478931427 0.62603360414505 0.620989561080933 0.595095634460449 0.563008844852448 0.547606885433197 0.544880509376526 0.559268116950989 0.571790218353271 0.569718360900879 0.552806496620178 0.563998878002167 0.597879588603973 0.601209700107574 0.595638871192932 0.594475090503693 0.59244829416275 0.601050615310669 0.618277370929718 -3.4e+38 -3.4e+38 -3.4e+38 -3.4e+38
0.630236566066742 0.640219986438751 0.621873319149017 0.598988234996796 0.5742347240448 0.554314196109772 0.535067081451416 0.508991956710815 0.493669271469116 0.49330073595047 0.503913342952728 0.523726046085358 0.536642491817474 0.558367908000946 0.58421915769577 0.594748437404633 0.603602647781372 0.620993852615356 0.637962102890015 0.646222949028015 0.650846183300018 0.652444899082184 0.647873878479004 0.643468618392944 0.624844491481781 0.615669429302216 0.62162584066391 0.614181458950043 0.593722641468048 0.565565943717957 0.550006091594696 0.552900433540344 0.562993288040161 0.563534677028656 0.545399308204651 0.566792607307434 0.61249828338623 0.608029246330261 0.604615151882172 0.602559924125671 0.597995460033417 0.6025710105896 0.619087636470795 0.629855692386627 -3.4e+38 -3.4e+38 -3.4e+38
0.647185921669006 0.652604341506958 0.623330056667328 0.593007266521454 0.559971272945404 0.527668535709381 0.508156538009644 0.494693070650101 0.494366824626923 0.505425572395325 0.5145423412323 0.534184813499451 0.56005734205246 0.583676815032959 0.609674394130707 0.623170077800751 0.627028524875641 0.637002110481262 0.656347572803497 0.664243936538696 0.665446698665619 0.662229299545288 0.653189063072205 0.645468354225159 0.642262160778046 0.632454514503479 0.625847041606903 0.618756175041199 0.608718514442444 0.576204478740692 0.549254417419434 0.547262132167816 0.557958245277405 0.568326532840729 0.564286112785339 0.58714497089386 0.619315385818481 0.612648904323578 0.613321244716644 0.606727659702301 0.598816871643066 0.601314902305603 0.614926874637604 0.621356427669525 0.612928450107574 -3.4e+38 -3.4e+38
0.651352643966675 0.652991950511932 0.633455634117126 0.597689390182495 0.559847712516785 0.515668451786041 0.491430550813675 0.482033371925354 0.487792074680328 0.511878967285156 0.531767189502716 0.554189503192902 0.58478581905365 0.617215871810913 0.639719545841217 0.650097846984863 0.648361384868622 0.65084308385849 0.668148636817932 0.672903180122375 0.661283850669861 0.653760075569153 0.650924980640411 0.656894624233246 0.665913462638855 0.648767173290253 0.612930357456207 0.590757489204407 0.587196111679077 0.575923204421997 0.567940711975098 0.573153972625732 0.575753808021545 0.589363515377045 0.597288370132446 0.601255774497986 0.607726335525513 0.606402575969696 0.608846366405487 0.60266637802124 0.596521079540253 0.599348306655884 0.610262989997864 0.613529860973358 0.608969926834106 0.61568021774292 -3.4e+38
0.644344806671143 0.641838073730469 0.629071474075317 0.590371668338776 0.556223273277283 0.515245139598846 0.49019193649292 0.485914379358292 0.495523452758789 0.521603345870972 0.551477909088135 0.575908124446869 0.601119697093964 0.632332265377045 0.654561936855316 0.660559177398682 0.652564406394958 0.64692884683609 0.653173744678497 0.662110805511475 0.649040758609772 0.634590625762939 0.636623442173004 0.644577443599701 0.646279990673065 0.63539183139801 0.610432267189026 0.583133816719055 0.574625194072723 0.57200038433075 0.58580493927002 0.59577089548111 0.591901302337646 0.588397622108459 0.588626444339752 0.585573792457581 0.585641384124756 0.590929090976715 0.595670521259308 0.59397280216217 0.591155529022217 0.597439050674438 0.60829222202301 0.607285439968109 0.607034921646118 0.613543152809143 0.599487543106079
0.631943106651306 0.617977976799011 0.599637031555176 0.565789699554443 0.538100779056549 0.517626583576202 0.503011584281921 0.506737112998962 0.518803954124451 0.538699746131897 0.563908457756042 0.587900698184967 0.601913213729858 0.620902895927429 0.641111195087433 0.647674202919006 0.643329501152039 0.633443355560303 0.631683826446533 0.639260828495026 0.630788266658783 0.610128164291382 0.603342592716217 0.612885773181915 0.618596017360687 0.611980438232422 0.597564220428467 0.584445476531982 0.578282713890076 0.57326465845108 0.575977563858032 0.576040804386139 0.570541739463806 0.571272373199463 0.561570823192596 0.562412023544312 0.568750202655792 0.577916622161865 0.584883034229279 0.581114411354065 0.58013653755188 0.585094749927521 0.593173205852509 0.591518580913544 0.599854707717896 0.59969025850296 0.571980118751526
0.619787931442261 0.595502734184265 0.576631307601929 0.551619470119476 0.538241267204285 0.536910712718964 0.530551493167877 0.535449385643005 0.553293168544769 0.569295465946198 0.588968634605408 0.602238833904266 0.605798780918121 0.606345236301422 0.618492484092712 0.629067778587341 0.63336569070816 0.620611786842346 0.612954914569855 0.615871846675873 0.608087837696075 0.576901733875275 0.55711305141449 0.559431374073029 0.565992295742035 0.569291353225708 0.563258409500122 0.565047800540924 0.566986501216888 0.567773699760437 0.567541003227234 0.557213068008423 0.556816160678864 0.575231373310089 0.566880524158478 0.554503977298737 0.564472019672394 0.575289666652679 0.588656961917877 0.58718603849411 0.578869104385376 0.580256521701813 0.58253276348114 0.573999464511871 0.580255806446075 0.578589022159576 0.562238693237305
0.62283843755722 0.602471649646759 0.590079784393311 0.578644096851349 0.575459659099579 0.57627135515213 0.570460379123688 0.579117774963379 0.599702060222626 0.613897860050201 0.624570965766907 0.628208875656128 0.619048714637756 0.604742228984833 0.604695916175842 0.614752531051636 0.616158962249756 0.601371109485626 0.593856453895569 0.598163306713104 0.591544210910797 0.556263983249664 0.52107310295105 0.516912043094635 0.52094179391861 0.528188228607178 0.534119784832001 0.547803521156311 0.559494137763977 0.56525057554245 0.570518732070923 0.567719697952271 0.573355972766876 0.586121439933777 0.592486977577209 0.590547442436218 0.590688467025757 0.596590638160706 0.607175886631012 0.608974993228912 0.600411176681519 0.605604827404022 0.608611464500427 0.598476946353912 0.588730216026306 0.581120014190674 0.580390512943268
0.641870260238647 0.634377360343933 0.625512182712555 0.619589805603027 0.618140041828156 0.619589745998383 0.619207680225372 0.627702534198761 0.637931704521179 0.643223881721497 0.649821400642395 0.647687613964081 0.625372231006622 0.599676489830017 0.589982151985168 0.587672770023346 0.581378817558289 0.566562652587891 0.569580316543579 0.58357435464859 0.583435595035553 0.559504806995392 0.527971088886261 0.523217737674713 0.528321802616119 0.530098736286163 0.537740290164948 0.553795576095581 0.567456781864166 0.582313179969788 0.591905057430267 0.594000935554504 0.611235737800598 0.620843827724457 0.605362951755524 0.602708518505096 0.609863579273224 0.614333152770996 0.612007021903992 0.607398390769958 0.606101453304291 0.611298441886902 0.620733857154846 0.621094346046448 0.60874992609024 0.608979046344757 0.595750451087952
0.664380729198456 0.654611647129059 0.644613206386566 0.642033994197845 0.642310619354248 0.641749799251556 0.63945609331131 0.642190933227539 0.643772125244141 0.648828148841858 0.655184805393219 0.644067645072937 0.619555592536926 0.591966152191162 0.5714071393013 0.558419346809387 0.541290044784546 0.527703106403351 0.533733189105988 0.548349797725677 0.564123213291168 0.567610442638397 0.547419190406799 0.537706792354584 0.544942855834961 0.540410280227661 0.549627304077148 0.570560872554779 0.583878755569458 0.596344590187073 0.601032793521881 0.601168155670166 0.622086226940155 0.631137728691101 0.605772137641907 0.596222639083862 0.608000457286835 0.619746148586273 0.626726090908051 0.621737778186798 0.615478694438934 0.616566121578217 0.617987990379333 0.61757630109787 0.613593518733978 0.610846996307373 -3.4e+38
0.672165811061859 0.661782503128052 0.655828535556793 0.652125000953674 0.643846690654755 0.636840105056763 0.627912402153015 0.626512169837952 0.629777133464813 0.636693596839905 0.643424868583679 0.63503760099411 0.627363860607147 0.599977612495422 0.559918165206909 0.533502399921417 0.500951647758484 0.486772388219833 0.490234702825546 0.500339448451996 0.533989012241364 0.558052241802216 0.544483721256256 0.53853452205658 0.553908884525299 0.553446412086487 0.562813758850098 0.585739374160767 0.599572241306305 0.606045484542847 0.602571666240692 0.598049640655518 0.608444392681122 0.620188176631927 0.618555068969727 0.609776258468628 0.603234350681305 0.605018675327301 0.612118005752563 0.615046501159668 0.61854499578476 0.622922897338867 0.618611693382263 0.600486576557159 -3.4e+38 -3.4e+38 -3.4e+38
0.670307040214539 0.660927653312683 0.653167128562927 0.646396160125732 0.632875740528107 0.621880948543549 0.610401749610901 0.606842458248138 0.612341344356537 0.61604917049408 0.632382869720459 0.642272114753723 0.643941581249237 0.61451131105423 0.550906896591187 0.499297976493835 0.464122503995895 0.454837560653687 0.471011310815811 0.486314088106155 0.521140158176422 0.547156572341919 0.54504668712616 0.552721083164215 0.569054126739502 0.571863353252411 0.578389286994934 0.598346948623657 0.611215770244598 0.616748631000519 0.609886586666107 0.60007256269455 0.602605700492859 0.602946877479553 0.60514622926712 0.607291698455811 0.605706214904785 0.608952105045319 0.607251644134521 0.60188764333725 0.608068585395813 0.623334884643555 -3.4e+38 -3.4e+38 -3.4e+38 -3.4e+38 -3.4e+38
0.666268944740295 0.653853237628937 0.639831185340881 0.632815599441528 0.623363733291626 0.611236691474915 0.611433386802673 0.609069228172302 0.599980473518372 0.592229127883911 0.611794650554657 0.626458346843719 0.613954484462738 0.600087404251099 0.554850578308105 0.499913960695267 0.457065969705582 0.453957945108414 0.485525965690613 0.5117027759552 0.548325657844543 0.563765823841095 0.559847950935364 0.575118720531464 0.589413940906525 0.592896461486816 0.596154808998108 0.609034240245819 0.620667040348053 0.623331010341644 0.616351783275604 0.605546236038208 0.606010138988495 0.612990260124207 0.617230594158173 0.61254495382309 0.61206579208374 0.627684950828552 0.632951200008392 0.626241743564606 -3.4e+38 -3.4e+38 -3.4e+38 -3.4e+38 -3.4e+38 -3.4e+38 -3.4e+38
