data/trimmed_ndre/Od_ndre.715.2015_no_clouds.asc
NCOLS 144 
NROWS 65 
XLLCORNER 512965 
YLLCORNER 5150865 
CELLSIZE 5 
NODATA_value -3.4e+38 
[rows 42 to 62 of 65, columns 47 to 93 of 144]
0.14884777367115 0.154088601469994 0.152709856629372 0.147430330514908 0.143077462911606 0.144631206989288 0.147223085165024 0.148990660905838 0.150586977601051 0.156422406435013 0.157545760273933 0.155296742916107 0.154043614864349 0.151852533221245 0.145965665578842 0.141085088253021 0.140004500746727 0.14163239300251 0.139205992221832 0.144284695386887 0.147336319088936 0.135718286037445 0.14689277112484 0.144513249397278 0.141329944133759 0.141147926449776 0.130098223686218 0.134937852621078 0.142587721347809 0.146445885300636 0.144809931516647 0.145736753940582 0.146531164646149 0.14830493927002 0.152125775814056 0.139444947242737 0.133615002036095 0.134145885705948 0.139063835144043 0.140134140849113 0.138113006949425 0.14862984418869 0.155343905091286 0.140578255057335 0.150007367134094 0.159031927585602 0.159864082932472
0.137830257415771 0.144124776124954 0.147634953260422 0.146909683942795 0.144970923662186 0.14555636048317 0.144732341170311 0.141699969768524 0.140894874930382 0.147590309381485 0.152716055512428 0.150788098573685 0.145655930042267 0.143871411681175 0.145417124032974 0.146991282701492 0.144736722111702 0.141204193234444 0.141120314598083 0.143792599439621 0.145402982831001 0.144450753927231 0.149061232805252 0.140025064349174 0.137385472655296 0.136798113584518 0.13331227004528 0.143395379185677 0.146515116095543 0.143863350152969 0.141088932752609 0.144862398505211 0.14695431292057 0.147283226251602 0.145464032888412 0.136723890900612 0.131820514798164 0.131443947553635 0.138531684875488 0.148418664932251 0.136984974145889 0.14166322350502 0.151216089725494 0.151497974991798 0.152045145630836 0.153553932905197 0.159576520323753
0.140993565320969 0.14121775329113 0.143912777304649 0.145454213023186 0.145979225635529 0.14723664522171 0.147345706820488 0.143122762441635 0.140712693333626 0.141502797603607 0.141798302531242 0.143120139837265 0.143603965640068 0.142506554722786 0.141543805599213 0.145861104130745 0.144337892532349 0.145069032907486 0.149949386715889 0.146560251712799 0.148132935166359 0.151546955108643 0.15294261276722 0.143571645021439 0.137072414159775 0.130105882883072 0.13069711625576 0.143678233027458 0.145713523030281 0.140700817108154 0.139331206679344 0.1436567902565 0.142453163862228 0.135925784707069 0.139340668916702 0.141958951950073 0.135196551680565 0.134524464607239 0.139173105359077 0.145137593150139 0.141712814569473 0.139908194541931 0.149516269564629 0.157133176922798 0.154426068067551 0.151195362210274 0.157125368714333
0.140719071030617 0.139605775475502 0.143690645694733 0.146363094449043 0.14706027507782 0.146658152341843 0.145915538072586 0.144925504922867 0.143542677164078 0.140379264950752 0.136822551488876 0.142520144581795 0.150809839367867 0.148804649710655 0.143150106072426 0.143980875611305 0.139624774456024 0.141956716775894 0.143867328763008 0.140559524297714 0.149485245347023 0.152713760733604 0.156243056058884 0.157205104827881 0.154561728239059 0.145175844430923 0.144099295139313 0.148985356092453 0.147180557250977 0.14337420463562 0.147918328642845 0.149869784712791 0.141690045595169 0.131049558520317 0.143820762634277 0.15009942650795 0.14447845518589 0.146274745464325 0.143886014819145 0.151650935411453 0.155553877353668 0.147584319114685 0.150030255317688 0.160561248660088 0.165747597813606 0.161180764436722 0.157797560095787
0.141388118267059 0.142909213900566 0.149146720767021 0.150898441672325 0.147924274206161 0.145145639777184 0.144529119133949 0.146315455436707 0.144502237439156 0.14028038084507 0.137432962656021 0.140283823013306 0.149631902575493 0.147816345095634 0.146259039640427 0.146417260169983 0.141428470611572 0.140983536839485 0.136423036456108 0.137168869376183 0.15072363615036 0.146115273237228 0.147069290280342 0.153219565749168 0.157910063862801 0.152917131781578 0.153613835573196 0.153899654746056 0.15309827029705 0.156508654356003 0.162822887301445 0.154512524604797 0.141870275139809 0.135754182934761 0.151495784521103 0.155308455228806 0.153301104903221 0.152038782835007 0.144484236836433 0.157613083720207 0.165136143565178 0.159999221563339 0.154676631093025 0.161642044782639 0.164649650454521 0.162517085671425 0.158791705965996
0.148601979017258 0.153444081544876 0.155318945646286 0.151697739958763 0.145418733358383 0.14191734790802 0.143304020166397 0.146231427788734 0.145931005477905 0.140326574444771 0.140575662255287 0.142685055732727 0.143932327628136 0.137249305844307 0.140985682606697 0.145923286676407 0.145801886916161 0.143218621611595 0.134864568710327 0.140652105212212 0.152504101395607 0.146238669753075 0.1456478536129 0.153411015868187 0.15921126306057 0.156338229775429 0.154760092496872 0.15176460146904 0.15227584540844 0.157941773533821 0.165781006217003 0.157674446702003 0.148976638913155 0.146962344646454 0.152277827262878 0.153570249676704 0.15208126604557 0.149070397019386 0.144436612725258 0.153534203767776 0.157416954636574 0.153792083263397 0.149993792176247 0.155758813023567 0.156845927238464 0.158113956451416 0.160705596208572
0.155832633376122 0.160375207662582 0.157718077301979 0.150217294692993 0.141955241560936 0.137035831809044 0.140013337135315 0.146383374929428 0.149961456656456 0.145795270800591 0.147469475865364 0.149110406637192 0.145394280552864 0.133867412805557 0.138786360621452 0.147361055016518 0.150684714317322 0.14740963280201 0.141457885503769 0.147570133209229 0.150077760219574 0.146609276533127 0.149485468864441 0.158174619078636 0.161630272865295 0.160215497016907 0.15799805521965 0.1536495834589 0.15552194416523 0.160172820091248 0.16489040851593 0.164776355028152 0.164124965667725 0.161424204707146 0.157139733433723 0.150936096906662 0.147008746862411 0.146444663405418 0.145343452692032 0.145501494407654 0.15308241546154 0.150754988193512 0.149529248476028 0.152707234025002 0.150989189743996 0.151101484894753 0.155126333236694
0.154318124055862 0.157644376158714 0.154702976346016 0.148170590400696 0.142227053642273 0.141367346048355 0.147591009736061 0.153527602553368 0.154494881629944 0.15119181573391 0.14934478700161 0.145174995064735 0.143387347459793 0.142186224460602 0.145892515778542 0.152876347303391 0.153165116906166 0.149627417325974 0.149021565914154 0.162583112716675 0.161312937736511 0.155511230230331 0.156366780400276 0.163040176033974 0.16325606405735 0.159788191318512 0.154770076274872 0.149644553661346 0.152960553765297 0.160782918334007 0.164545387029648 0.163757190108299 0.166651993989944 0.163299426436424 0.154939115047455 0.146253943443298 0.145098313689232 0.150024265050888 0.148658454418182 0.146172553300858 0.151390105485916 0.149718716740608 0.1531952470541 0.15722268819809 0.15555003285408 0.14897383749485 0.149804756045341
0.151708871126175 0.150740265846252 0.147099331021309 0.144162476062775 0.144205883145332 0.147637486457825 0.154889404773712 0.159085303544998 0.153777703642845 0.143547296524048 0.137314721941948 0.139973327517509 0.14571250975132 0.150938153266907 0.155053332448006 0.157982811331749 0.153683632612228 0.152274489402771 0.155207231640816 0.165028899908066 0.16679373383522 0.162744760513306 0.157351583242416 0.157420262694359 0.157279044389725 0.153705984354019 0.151157036423683 0.14690700173378 0.143013402819633 0.152725324034691 0.154323279857635 0.152510285377502 0.154545933008194 0.15483358502388 0.147058978676796 0.143195584416389 0.147603213787079 0.15425118803978 0.148472338914871 0.14468440413475 0.1471276730299 0.149317979812622 0.153183996677399 0.155924335122108 0.15509295463562 0.149782106280327 0.147500678896904
0.155272960662842 0.153089374303818 0.148615658283234 0.145852535963058 0.148140430450439 0.152178078889847 0.156227126717567 0.157377853989601 0.157241895794868 0.155682578682899 0.150924026966095 0.14791077375412 0.149997562170029 0.151169896125793 0.152819186449051 0.155092239379883 0.15389846265316 0.15447224676609 0.1523058116436 0.151362389326096 0.153565585613251 0.158659175038338 0.150262489914894 0.142974227666855 0.145188823342323 0.151141956448555 0.155533120036125 0.157983303070068 0.159652441740036 0.173410803079605 0.154990434646606 0.143202573060989 0.142135307192802 0.14666536450386 0.140570282936096 0.142662048339844 0.149540543556213 0.154570192098618 0.148041769862175 0.142324030399323 0.142803654074669 0.147337794303894 0.148998662829399 0.152504652738571 0.153868675231934 0.151953235268593 0.147830754518509
0.160163819789886 0.157721787691116 0.152188435196877 0.148408442735672 0.15042445063591 0.151748135685921 0.152800306677818 0.155671939253807 0.162731364369392 0.161388963460922 0.159836232662201 0.156734064221382 0.153724536299706 0.148720487952232 0.146795123815536 0.147148221731186 0.148133844137192 0.14948844909668 0.141497924923897 0.137874484062195 0.145155176520348 0.159090802073479 0.148638814687729 0.137629806995392 0.140988409519196 0.159653052687645 0.157254844903946 0.152526542544365 0.155654340982437 0.167896464467049 0.153646901249886 0.142491206526756 0.146951794624329 0.155511364340782 0.149420514702797 0.151692762970924 0.151569083333015 0.152136415243149 0.151472330093384 0.150849908590317 0.151202276349068 0.15063963830471 0.148459777235985 0.150105535984039 0.152291491627693 0.152672976255417 0.149996757507324
0.161780044436455 0.160014554858208 0.154870241880417 0.150087088346481 0.14867028594017 0.149092093110085 0.150203436613083 0.154812216758728 0.160655573010445 0.150966644287109 0.147782698273659 0.148064136505127 0.15061192214489 0.151275977492332 0.149180695414543 0.144725978374481 0.140413716435432 0.137679353356361 0.134430676698685 0.139285460114479 0.149036064743996 0.159038990736008 0.152316436171532 0.147239476442337 0.152222976088524 0.157621696591377 0.145789384841919 0.142800003290176 0.143665164709091 0.148446321487427 0.153777807950974 0.14816327393055 0.152099475264549 0.15427277982235 0.150481328368187 0.152758434414864 0.148055478930473 0.147293850779533 0.150965124368668 0.153849765658379 0.153490334749222 0.151013180613518 0.147900938987732 0.14718796312809 0.149003237485886 0.152256906032562 0.15046663582325
0.158952787518501 0.158754914999008 0.157029211521149 0.155079662799835 0.152535706758499 0.149578467011452 0.148373425006866 0.153133943676949 0.15292626619339 0.144994586706161 0.148472443223 0.149914458394051 0.152048796415329 0.155212223529816 0.156865045428276 0.153681889176369 0.147193863987923 0.141134887933731 0.139144092798233 0.149031698703766 0.153170794248581 0.153589457273483 0.149503529071808 0.148876756429672 0.153896450996399 0.152753859758377 0.143674433231354 0.143288403749466 0.144286394119263 0.141761064529419 0.141076654195786 0.144053399562836 0.151551187038422 0.1495291441679 0.143708243966103 0.139782294631004 0.138619765639305 0.142998456954956 0.149691045284271 0.152613431215286 0.148473158478737 0.147031486034393 0.142247423529625 0.138739228248596 0.141168162226677 0.149706125259399 0.150071322917938
0.15224589407444 0.154012769460678 0.15513402223587 0.157640248537064 0.15693062543869 0.153169259428978 0.149711534380913 0.155349597334862 0.156018793582916 0.153582766652107 0.155620887875557 0.155274853110313 0.154457956552505 0.155100092291832 0.15739281475544 0.15905599296093 0.155066907405853 0.146644607186317 0.144254133105278 0.154839277267456 0.150692343711853 0.142584189772606 0.141427233815193 0.148621708154678 0.152648136019707 0.150493264198303 0.150732278823853 0.154864102602005 0.153710573911667 0.142353653907776 0.138211250305176 0.143078804016113 0.150630176067352 0.148209288716316 0.145295083522797 0.142673015594482 0.140771940350533 0.142178311944008 0.14885601401329 0.148496568202972 0.141256496310234 0.142829746007919 0.143457502126694 0.141061156988144 0.141753062605858 0.14961576461792 0.152142003178596
0.144684448838234 0.146508052945137 0.149189069867134 0.155284434556961 0.157796904444695 0.159390136599541 0.159908354282379 0.159300655126572 0.154335737228394 0.156548514962196 0.15905450284481 0.156744167208672 0.155795559287071 0.153504505753517 0.1543238312006 0.158048152923584 0.155888542532921 0.147039622068405 0.143458068370819 0.149571493268013 0.153216183185577 0.146655052900314 0.14674499630928 0.150855556130409 0.150044992566109 0.145086541771889 0.143232375383377 0.144896551966667 0.147711858153343 0.146769791841507 0.143108457326889 0.145927950739861 0.1505286693573 0.147435963153839 0.144425764679909 0.144908890128136 0.144777745008469 0.143236860632896 0.147527053952217 0.151246145367622 0.150570392608643 0.149892181158066 0.150156795978546 0.147793754935265 0.148358091711998 0.153290033340454 -3.4e+38
0.140489310026169 0.139263927936554 0.141827940940857 0.147187605500221 0.149344742298126 0.154024258255959 0.159669294953346 0.160980060696602 0.153064906597137 0.156574457883835 0.153053253889084 0.146586209535599 0.150011837482452 0.14956046640873 0.151768758893013 0.153211295604706 0.149785682559013 0.145629420876503 0.141256406903267 0.148558840155602 0.160516038537025 0.15836289525032 0.154068127274513 0.150469660758972 0.144192427396774 0.137668997049332 0.138889506459236 0.144510388374329 0.148689448833466 0.152999594807625 0.14887098968029 0.148586928844452 0.147122949361801 0.142559871077538 0.13949066400528 0.145519748330116 0.147730335593224 0.14516307413578 0.143731251358986 0.154867053031921 0.156053557991982 0.154346287250519 -3.4e+38 -3.4e+38 -3.4e+38 -3.4e+38 -3.4e+38
0.141832575201988 0.138186976313591 0.137777373194695 0.140418484807014 0.143416076898575 0.147268027067184 0.155818670988083 0.158705547451973 0.153446465730667 0.156289979815483 0.144341185688972 0.137969404459 0.143216520547867 0.146655350923538 0.149972036480904 0.148145139217377 0.147262364625931 0.151873856782913 0.146854221820831 0.150852397084236 0.161251306533813 0.164109796285629 0.149716570973396 0.139096483588219 0.139496430754662 0.144334942102432 0.147307634353638 0.152922004461288 0.151711761951447 0.147053852677345 0.146757990121841 0.147802710533142 0.143558353185654 0.138814583420753 0.137138962745667 -3.4e+38 -3.4e+38 -3.4e+38 -3.4e+38 -3.4e+38 -3.4e+38 -3.4e+38 -3.4e+38 -3.4e+38 -3.4e+38 -3.4e+38 -3.4e+38
0.150344774127007 0.150799199938774 0.148913264274597 0.145632684230804 0.142443805932999 0.140755206346512 0.149084955453873 0.147624224424362 0.140511631965637 0.138890326023102 0.135972812771797 0.135930940508842 0.139807045459747 0.144938856363297 0.148088216781616 0.143652930855751 0.148489415645599 0.156845882534981 0.15238182246685 0.147290676832199 0.147599145770073 0.147480115294456 0.141431137919426 0.137622773647308 0.141574382781982 0.150215178728104 0.155234426259995 0.151017993688583 -3.4e+38 -3.4e+38 -3.4e+38 -3.4e+38 -3.4e+38 -3.4e+38 -3.4e+38 -3.4e+38 -3.4e+38 -3.4e+38 -3.4e+38 -3.4e+38 -3.4e+38 -3.4e+38 -3.4e+38 -3.4e+38 -3.4e+38 -3.4e+38 -3.4e+38
0.147432744503021 0.148414194583893 0.1531842648983 0.150442451238632 0.144216194748878 0.137861832976341 0.139771476387978 0.137724563479424 0.136247336864471 0.136480167508125 0.139455825090408 0.140125274658203 0.14017279446125 0.142074689269066 0.145317777991295 0.14398755133152 0.150902912020683 -3.4e+38 -3.4e+38 -3.4e+38 -3.4e+38 -3.4e+38 -3.4e+38 -3.4e+38 -3.4e+38 -3.4e+38 -3.4e+38 -3.4e+38 -3.4e+38 -3.4e+38 -3.4e+38 -3.4e+38 -3.4e+38 -3.4e+38 -3.4e+38 -3.4e+38 -3.4e+38 -3.4e+38 -3.4e+38 -3.4e+38 -3.4e+38 -3.4e+38 -3.4e+38 -3.4e+38 -3.4e+38 -3.4e+38 -3.4e+38
0.144402265548706 0.14625558257103 0.154039219021797 0.151524156332016 0.152817666530609 0.152545988559723 -3.4e+38 -3.4e+38 -3.4e+38 -3.4e+38 -3.4e+38 -3.4e+38 -3.4e+38 -3.4e+38 -3.4e+38 -3.4e+38 -3.4e+38 -3.4e+38 -3.4e+38 -3.4e+38 -3.4e+38 -3.4e+38 -3.4e+38 -3.4e+38 -3.4e+38 -3.4e+38 -3.4e+38 -3.4e+38 -3.4e+38 -3.4e+38 -3.4e+38 -3.4e+38 -3.4e+38 -3.4e+38 -3.4e+38 -3.4e+38 -3.4e+38 -3.4e+38 -3.4e+38 -3.4e+38 -3.4e+38 -3.4e+38 -3.4e+38 -3.4e+38 -3.4e+38 -3.4e+38 -3.4e+38
0.144457325339317 0.147712990641594 -3.4e+38 -3.4e+38 -3.4e+38 -3.4e+38 -3.4e+38 -3.4e+38 -3.4e+38 -3.4e+38 -3.4e+38 -3.4e+38 -3.4e+38 -3.4e+38 -3.4e+38 -3.4e+38 -3.4e+38 -3.4e+38 -3.4e+38 -3.4e+38 -3.4e+38 -3.4e+38 -3.4e+38 -3.4e+38 -3.4e+38 -3.4e+38 -3.4e+38 -3.4e+38 -3.4e+38 -3.4e+38 -3.4e+38 -3.4e+38 -3.4e+38 -3.4e+38 -3.4e+38 -3.4e+38 -3.4e+38 -3.4e+38 -3.4e+38 -3.4e+38 -3.4e+38 -3.4e+38 -3.4e+38 -3.4e+38 -3.4e+38 -3.4e+38 -3.4e+38
