data/trimmed_ndre/Od_ndre.627.2013_no_clouds.asc
NCOLS 144 
NROWS 65 
XLLCORNER 512965 
YLLCORNER 5150865 
CELLSIZE 5 
NODATA_value -3.4e+38 
[rows 21 to 41 of 65, columns 47 to 93 of 144]
0.627332508563995 0.630203187465668 0.614030480384827 0.614186227321625 0.627603888511658 0.626847386360168 0.620988667011261 0.623671889305115 0.617328345775604 0.607601940631866 0.603325426578522 0.611396372318268 0.615594208240509 0.611378908157349 0.609260320663452 0.61264955997467 0.617430448532104 0.606852769851685 0.611161351203918 0.620838046073914 0.605939924716949 0.619150459766388 0.633881151676178 0.616844177246094 0.61874258518219 0.62451583147049 0.616628289222717 0.618788540363312 0.618168711662292 0.609401762485504 0.601270854473114 0.598853290081024 0.604040384292603 0.601249277591705 0.588627934455872 0.574359595775604 0.56951117515564 0.57107013463974 0.574835658073425 0.573133766651154 0.569759547710419 0.566475868225098 0.557867467403412 0.559500575065613 0.566043317317963 0.562000751495361 0.552552223205566
0.630770444869995 0.634842216968536 0.623160183429718 0.62638133764267 0.637167096138 0.638808846473694 0.632933020591736 0.635350227355957 0.627847671508789 0.61433482170105 0.606661260128021 0.607451736927032 0.603853583335876 0.596290707588196 0.608244776725769 0.618807554244995 0.618719398975372 0.614156246185303 0.619983613491058 0.616558730602264 0.594845056533813 0.619658172130585 0.63700932264328 0.625282227993011 0.61537891626358 0.603797018527985 0.598452270030975 0.604822874069214 0.606523036956787 0.597437500953674 0.588793039321899 0.588896632194519 0.595673501491547 0.585347771644592 0.571483731269836 0.563197553157806 0.556373298168182 0.562340438365936 0.562912881374359 0.557277977466583 0.549710035324097 0.547087132930756 0.549369096755981 0.556982398033142 0.561874449253082 0.556162893772125 0.548194527626038
0.629441618919373 0.631044745445251 0.621495068073273 0.617119610309601 0.618185341358185 0.618986785411835 0.612503170967102 0.612253487110138 0.610823214054108 0.601294815540314 0.59384948015213 0.590287327766418 0.59550017118454 0.600882887840271 0.609760224819183 0.607070565223694 0.609185874462128 0.618160963058472 0.626501142978668 0.614608943462372 0.597361624240875 0.619180679321289 0.624878883361816 0.61911803483963 0.618031084537506 0.60046523809433 0.587271094322205 0.588248550891876 0.588464140892029 0.584024131298065 0.573759913444519 0.566306352615356 0.567678689956665 0.559541940689087 0.54763925075531 0.549147069454193 0.549028933048248 0.555232465267181 0.552249252796173 0.542155802249908 0.533993363380432 0.537412405014038 0.546365559101105 0.556575000286102 0.559601843357086 0.551437318325043 0.538465917110443
0.613632380962372 0.610749959945679 0.602049827575684 0.593861103057861 0.587558925151825 0.585186302661896 0.583855390548706 0.590337693691254 0.594503283500671 0.594640672206879 0.596325576305389 0.596036911010742 0.594681799411774 0.599623739719391 0.601736485958099 0.600839793682098 0.611822366714478 0.627897202968597 0.630516886711121 0.616602003574371 0.603940904140472 0.613853394985199 0.614135503768921 0.610205233097076 0.612419664859772 0.59970098733902 0.591042876243591 0.589602470397949 0.58334344625473 0.578348219394684 0.565246224403381 0.554858684539795 0.554565131664276 0.558285534381866 0.553281128406525 0.550640821456909 0.550975680351257 0.55702131986618 0.552156269550323 0.535588383674622 0.5263991355896 0.535350143909454 0.549064815044403 0.557780206203461 0.560188591480255 0.550324499607086 0.540353894233704
0.590854048728943 0.584208905696869 0.578994631767273 0.579586088657379 0.579417705535889 0.579309463500977 0.583384692668915 0.591923713684082 0.592176020145416 0.593751907348633 0.597834527492523 0.598672449588776 0.59131795167923 0.583895564079285 0.580075681209564 0.581708490848541 0.600003182888031 0.616679489612579 0.618670403957367 0.603093087673187 0.593907713890076 0.59965056180954 0.592004358768463 0.58631843328476 0.584946095943451 0.579583406448364 0.575604856014252 0.574016511440277 0.564077436923981 0.556510269641876 0.544938147068024 0.542613089084625 0.540877342224121 0.530668675899506 0.531009793281555 0.538712859153748 0.549464404582977 0.560793519020081 0.555979549884796 0.54229748249054 0.536834895610809 0.551138877868652 0.566518485546112 0.570210933685303 0.563924193382263 0.556445300579071 0.560605943202972
0.563298344612122 0.568568468093872 0.562803685665131 0.559060752391815 0.561959087848663 0.569588184356689 0.584564924240112 0.594227194786072 0.590176343917847 0.585907340049744 0.581231653690338 0.581705570220947 0.581748962402344 0.577228307723999 0.568880677223206 0.56873744726181 0.578513920307159 0.589575707912445 0.592897653579712 0.581519722938538 0.578690826892853 0.577925205230713 0.566726446151733 0.561740279197693 0.561411082744598 0.557575404644012 0.558840453624725 0.558383762836456 0.549124538898468 0.538566291332245 0.526074051856995 0.523638784885406 0.538205683231354 0.541897535324097 0.542004823684692 0.542901396751404 0.54998654127121 0.55935400724411 0.552161514759064 0.542332530021667 0.548675179481506 0.568595051765442 0.583305954933167 0.580377340316772 0.563949286937714 0.563255429267883 0.586003184318542
0.548942625522614 0.558380901813507 0.554822146892548 0.548145771026611 0.543871521949768 0.548653066158295 0.563208043575287 0.574284374713898 0.571880102157593 0.563431441783905 0.554730117321014 0.550189197063446 0.550741672515869 0.549465477466583 0.549633622169495 0.549756109714508 0.553604185581207 0.562929809093475 0.564980685710907 0.55512934923172 0.551113903522491 0.544807910919189 0.550262629985809 0.555675029754639 0.552125334739685 0.549683034420013 0.550387144088745 0.552340984344482 0.550828397274017 0.544143259525299 0.53812849521637 0.538270473480225 0.557398974895477 0.576779663562775 0.58345103263855 0.567204594612122 0.551687955856323 0.552914202213287 0.552578747272491 0.549696326255798 0.555666327476501 0.572306752204895 0.58526337146759 0.579893410205841 0.566687524318695 0.575713753700256 0.600596606731415
0.539599478244781 0.545577943325043 0.551472187042236 0.549161076545715 0.53685849905014 0.533093571662903 0.539458036422729 0.54006689786911 0.542556881904602 0.546983122825623 0.544951617717743 0.524591743946075 0.509049773216248 0.511475920677185 0.524518013000488 0.528883099555969 0.534066557884216 0.544517040252686 0.546675086021423 0.540142714977264 0.533987104892731 0.52329421043396 0.542290687561035 0.559201121330261 0.547691285610199 0.548458755016327 0.548843324184418 0.547101378440857 0.551434218883514 0.549106299877167 0.551728963851929 0.56126743555069 0.564249515533447 0.569169998168945 0.581231594085693 0.573778510093689 0.554640233516693 0.552072584629059 0.559203207492828 0.563594222068787 0.564864337444305 0.576261460781097 0.592475295066833 0.592291712760925 0.580748379230499 0.585431039333344 0.60315066576004
0.546489536762238 0.548938453197479 0.562815248966217 0.5618936419487 0.548819124698639 0.536831855773926 0.53507137298584 0.536464929580688 0.541643619537354 0.551529049873352 0.549917221069336 0.526609838008881 0.501200556755066 0.500991940498352 0.516314089298248 0.518387317657471 0.522705078125 0.534230411052704 0.542552292346954 0.544999361038208 0.547028303146362 0.54344916343689 0.55481094121933 0.553854584693909 0.539167463779449 0.547923862934113 0.550069749355316 0.546305954456329 0.55340051651001 0.561274409294128 0.564807415008545 0.572113931179047 0.568800985813141 0.557704269886017 0.564431726932526 0.570263028144836 0.565121412277222 0.563053667545319 0.564975440502167 0.565698623657227 0.561774373054504 0.572543323040009 0.596030592918396 0.610553205013275 0.609707355499268 0.610190451145172 0.608315825462341
0.56441605091095 0.562211513519287 0.568586468696594 0.56757128238678 0.558808267116547 0.552872359752655 0.551543831825256 0.551554083824158 0.550559401512146 0.554481267929077 0.553539574146271 0.537934124469757 0.520074486732483 0.52537477016449 0.533251106739044 0.520591914653778 0.51911723613739 0.529696762561798 0.539299666881561 0.546688497066498 0.561408400535583 0.567446708679199 0.564022958278656 0.54898476600647 0.53583961725235 0.543567061424255 0.551697075366974 0.55827122926712 0.565341651439667 0.566707611083984 0.563645362854004 0.572460055351257 0.57417756319046 0.55476850271225 0.555988132953644 0.568104684352875 0.566135346889496 0.564438462257385 0.55731737613678 0.548223674297333 0.539838910102844 0.548472881317139 0.576042592525482 0.593991279602051 0.605297982692719 0.609328746795654 0.604081153869629
0.57223516702652 0.566374957561493 0.569942116737366 0.564675986766815 0.559706151485443 0.561923325061798 0.56783539056778 0.563274323940277 0.557149052619934 0.550511181354523 0.546769201755524 0.523594737052917 0.514385402202606 0.53362363576889 0.53922164440155 0.526274800300598 0.524838626384735 0.527093827724457 0.529180228710175 0.526129543781281 0.539452970027924 0.554533243179321 0.559261381626129 0.553329408168793 0.540381491184235 0.537759721279144 0.545079350471497 0.559471726417542 0.564296245574951 0.556721985340118 0.551640093326569 0.566900432109833 0.57793265581131 0.567677199840546 0.570762872695923 0.572457075119019 0.556011378765106 0.544183015823364 0.529640316963196 0.518831133842468 0.507583498954773 0.512861013412476 0.535365581512451 0.560630857944489 0.587446987628937 0.607924520969391 0.615339696407318
0.575267195701599 0.571852624416351 0.577979624271393 0.576778769493103 0.564821541309357 0.566862642765045 0.568913459777832 0.563660502433777 0.557674467563629 0.545058786869049 0.547059953212738 0.531372129917145 0.520854473114014 0.543084442615509 0.546991407871246 0.537507951259613 0.541436851024628 0.553776443004608 0.548977851867676 0.525122702121735 0.525885879993439 0.537399411201477 0.556372404098511 0.557650506496429 0.550750017166138 0.543355047702789 0.546672701835632 0.561968803405762 0.558766782283783 0.549877524375916 0.555009663105011 0.576741397380829 0.590700089931488 0.588627517223358 0.596093237400055 0.589376389980316 0.566213190555573 0.542518079280853 0.526145458221436 0.508489787578583 0.492003440856934 0.492006808519363 0.512786746025085 0.554662585258484 0.600879669189453 0.631910085678101 0.647855877876282
0.595208168029785 0.585360944271088 0.591881394386292 0.595947742462158 0.582420766353607 0.569177091121674 0.561904847621918 0.556419730186462 0.550659000873566 0.54425448179245 0.55315363407135 0.54339873790741 0.539420962333679 0.559184014797211 0.566223204135895 0.559842109680176 0.552299559116364 0.561155319213867 0.570504486560822 0.55865466594696 0.562966287136078 0.551851391792297 0.545673489570618 0.563107073307037 0.577721953392029 0.569185674190521 0.566078066825867 0.575354337692261 0.573656678199768 0.576290309429169 0.584092855453491 0.59822016954422 0.606453120708466 0.602346658706665 0.60465794801712 0.593083620071411 0.572104632854462 0.551583707332611 0.541866660118103 0.527010321617126 0.508249163627625 0.51170140504837 0.54382598400116 0.588837385177612 0.625369489192963 0.641582846641541 0.650514245033264
0.613680422306061 0.603682041168213 0.605649709701538 0.608068883419037 0.599549949169159 0.579980790615082 0.574160099029541 0.576720893383026 0.57573014497757 0.566998898983002 0.550193667411804 0.53594970703125 0.549147188663483 0.570942342281342 0.578814625740051 0.573961198329926 0.556226789951324 0.559280395507812 0.580297708511353 0.584887623786926 0.581025540828705 0.575595617294312 0.567651987075806 0.585873961448669 0.598155915737152 0.589117109775543 0.579877138137817 0.593983054161072 0.605140149593353 0.604970157146454 0.601911127567291 0.603890299797058 0.610795378684998 0.609007477760315 0.602466404438019 0.588905513286591 0.568642735481262 0.551378667354584 0.55119651556015 0.543544352054596 0.533666610717773 0.548453867435455 0.58697634935379 0.630569338798523 0.66214919090271 0.660468459129333 0.649848461151123
0.593263506889343 0.590793013572693 0.596315085887909 0.598902821540833 0.590706527233124 0.567293226718903 0.56028163433075 0.562371373176575 0.569984078407288 0.559350967407227 0.521012187004089 0.51262378692627 0.530641674995422 0.545738995075226 0.550136148929596 0.551150977611542 0.551411151885986 0.561137616634369 0.581961929798126 0.58609527349472 0.579012751579285 0.580733776092529 0.586853742599487 0.590423285961151 0.589950442314148 0.586375892162323 0.580509126186371 0.591705799102783 0.603670179843903 0.607628405094147 0.596523463726044 0.587229669094086 0.60267037153244 0.597448945045471 0.588258385658264 0.583333671092987 0.571581542491913 0.556296467781067 0.545358180999756 0.537272036075592 0.533863723278046 0.552483439445496 0.587070107460022 0.608425080776215 0.634494364261627 0.652270257472992 0.652309894561768
0.545504629611969 0.543229341506958 0.557360231876373 0.571018278598785 0.558471918106079 0.532017469406128 0.520364344120026 0.51663726568222 0.521365344524384 0.529128968715668 0.509557545185089 0.496610760688782 0.494998723268509 0.494006484746933 0.499480396509171 0.514949083328247 0.525210976600647 0.524334728717804 0.538763225078583 0.552152931690216 0.55329418182373 0.554207384586334 0.558127105236053 0.556451261043549 0.560035288333893 0.573635041713715 0.581330955028534 0.567966341972351 0.561499834060669 0.571192383766174 0.580100774765015 0.583807945251465 0.596543908119202 0.581619262695312 0.568124234676361 0.561842143535614 0.554823160171509 0.540936768054962 0.526502072811127 0.526533424854279 0.527121365070343 0.539860188961029 0.562396228313446 0.572511076927185 0.588694512844086 0.611122786998749 0.618439674377441
0.556102275848389 0.556366145610809 0.563993990421295 0.569812059402466 0.557040214538574 0.536444842815399 0.529022753238678 0.516534149646759 0.513131380081177 0.526317238807678 0.524033725261688 0.514810860157013 0.50872790813446 0.497803062200546 0.503586947917938 0.520072400569916 0.528827369213104 0.527135372161865 0.536023557186127 0.542413294315338 0.558976590633392 0.570086359977722 0.559832334518433 0.545030474662781 0.549232602119446 0.57261323928833 0.591816067695618 0.57863837480545 0.569463908672333 0.581512808799744 0.591776490211487 0.597778379917145 0.58966451883316 0.578443646430969 0.567055583000183 0.548691630363464 0.535753190517426 0.530898153781891 0.530206263065338 0.544600307941437 0.561720609664917 0.569994568824768 0.579384624958038 0.60235071182251 0.624040067195892 0.631243586540222 0.620072185993195
0.616796851158142 0.615629971027374 0.611178040504456 0.603697597980499 0.594657003879547 0.589129626750946 0.585694134235382 0.571065008640289 0.557285964488983 0.556646585464478 0.550542116165161 0.544811308383942 0.543134689331055 0.53489476442337 0.545323610305786 0.558434426784515 0.558898627758026 0.556543409824371 0.563108325004578 0.57109147310257 0.586238980293274 0.592302978038788 0.571702778339386 0.552351176738739 0.556118428707123 0.582298934459686 0.604636967182159 0.597599923610687 0.595157563686371 0.598792552947998 0.596365749835968 0.578507304191589 0.556869626045227 0.548324227333069 0.541520297527313 0.523102939128876 0.518754184246063 0.53664368391037 0.558228194713593 0.587222158908844 0.609564661979675 0.621452450752258 0.614869892597198 0.620298027992249 0.63693630695343 0.65101158618927 0.64682525396347
0.649286091327667 0.648408114910126 0.638329863548279 0.628016829490662 0.620925605297089 0.620437681674957 0.613952219486237 0.599349498748779 0.59532368183136 0.589301943778992 0.568118691444397 0.552559375762939 0.543239653110504 0.541028261184692 0.55571174621582 0.564897239208221 0.563918232917786 0.561718881130219 0.561871707439423 0.568934798240662 0.570329368114471 0.572219491004944 0.555666327476501 0.544513583183289 0.554636657238007 0.587279796600342 0.611199557781219 0.606782495975494 0.602700412273407 0.595377266407013 0.577990472316742 0.569648146629333 0.547193765640259 0.522877037525177 0.51371306180954 0.518684864044189 0.531048953533173 0.557804107666016 0.583507120609283 0.603005051612854 0.623017966747284 0.631960928440094 0.626043438911438 0.626762926578522 0.638854742050171 0.648136138916016 0.654649138450623
0.65203720331192 0.643322467803955 0.636053621768951 0.628928899765015 0.621633648872375 0.623945116996765 0.616734385490417 0.602826595306396 0.601316094398499 0.593135356903076 0.570440649986267 0.554892718791962 0.539402663707733 0.528964638710022 0.526594519615173 0.53006786108017 0.539490163326263 0.541603326797485 0.53941547870636 0.546836912631989 0.55279129743576 0.554359138011932 0.541026473045349 0.539155602455139 0.559131860733032 0.591325581073761 0.610211372375488 0.615630567073822 0.624464094638824 0.622200012207031 0.589273452758789 0.565892577171326 0.545400857925415 0.522195041179657 0.523837327957153 0.54190194606781 0.558663249015808 0.574925661087036 0.589387834072113 0.59928834438324 0.614631831645966 0.628929853439331 0.63006603717804 0.635610461235046 0.639252543449402 0.641304790973663 0.649150431156158
0.637821912765503 0.623631000518799 0.624733150005341 0.622530043125153 0.618570983409882 0.617558181285858 0.604906976222992 0.590584754943848 0.583299994468689 0.56803023815155 0.562706351280212 0.567409694194794 0.55584979057312 0.532344043254852 0.512111365795135 0.518025815486908 0.535551488399506 0.538675665855408 0.539559006690979 0.552287817001343 0.569177627563477 0.567594945430756 0.555355906486511 0.556025326251984 0.571091175079346 0.589588582515717 0.597187876701355 0.607141733169556 0.612927734851837 0.604066431522369 0.576885044574738 0.545213520526886 0.529648780822754 0.51302570104599 0.509117901325226 0.536230146884918 0.568778991699219 0.583786249160767 0.593923807144165 0.604226291179657 0.619726777076721 0.634913146495819 0.638332843780518 0.638838648796082 0.631570041179657 0.629189670085907 0.637678503990173
