data/trimmed_ndre/Od_ndre.627.2010_no_clouds.asc
NCOLS 144 
NROWS 65 
XLLCORNER 512965 
YLLCORNER 5150865 
CELLSIZE 5 
NODATA_value -3.4e+38 
[rows 42 to 62 of 65, columns 0 to 46 of 144]
-3.4e+38 -3.4e+38 -3.4e+38 -3.4e+38 -3.4e+38 -3.4e+38 -3.4e+38 -3.4e+38 -3.4e+38 -3.4e+38 -3.4e+38 -3.4e+38 -3.4e+38 -3.4e+38 -3.4e+38 -3.4e+38 -3.4e+38 -3.4e+38 -3.4e+38 -3.4e+38 -3.4e+38 0.187018558382988 0.181592956185341 0.179848223924637 0.168383181095123 0.1832435131073 0.187838271260262 0.174567803740501 0.182174474000931 0.192689180374146 0.194338336586952 0.186602368950844 0.184307560324669 0.194169834256172 0.201024070382118 0.193764373660088 0.18471397459507 0.189720332622528 0.19164602458477 0.193985134363174 0.199393317103386 0.197819486260414 0.201643705368042 0.209562674164772 0.198397323489189 0.191539093852043 0.200084537267685
-3.4e+38 -3.4e+38 -3.4e+38 -3.4e+38 -3.4e+38 -3.4e+38 -3.4e+38 -3.4e+38 -3.4e+38 -3.4e+38 -3.4e+38 -3.4e+38 -3.4e+38 -3.4e+38 -3.4e+38 -3.4e+38 -3.4e+38 -3.4e+38 -3.4e+38 0.213370189070702 0.199737459421158 0.19079065322876 0.185524314641953 0.190157011151314 0.198778346180916 0.196464896202087 0.19287596642971 0.18046835064888 0.184526950120926 0.202117756009102 0.207215264439583 0.204956516623497 0.198597088456154 0.199106857180595 0.203542232513428 0.193790853023529 0.181392893195152 0.182134330272675 0.187295034527779 0.194661647081375 0.193315014243126 0.186076045036316 0.18726347386837 0.194172874093056 0.185073509812355 0.188615545630455 0.191174641251564
-3.4e+38 -3.4e+38 -3.4e+38 -3.4e+38 -3.4e+38 -3.4e+38 -3.4e+38 -3.4e+38 -3.4e+38 -3.4e+38 -3.4e+38 -3.4e+38 -3.4e+38 -3.4e+38 -3.4e+38 -3.4e+38 -3.4e+38 -3.4e+38 0.205068692564964 0.209654822945595 0.195895805954933 0.183131173253059 0.199785113334656 0.196769952774048 0.205803647637367 0.211295172572136 0.209637954831123 0.203838109970093 0.197554841637611 0.220345586538315 0.21795117855072 0.205119267106056 0.205539494752884 0.191352233290672 0.183847874403 0.174140453338623 0.187541395425797 0.198823794722557 0.192696079611778 0.200752899050713 0.199506968259811 0.182791769504547 0.175370246171951 0.179975464940071 0.181270524859428 0.201072096824646 0.200872659683228
-3.4e+38 -3.4e+38 -3.4e+38 -3.4e+38 -3.4e+38 -3.4e+38 -3.4e+38 -3.4e+38 -3.4e+38 -3.4e+38 -3.4e+38 -3.4e+38 -3.4e+38 -3.4e+38 -3.4e+38 -3.4e+38 -3.4e+38 0.189275279641151 0.18743896484375 0.191097512841225 0.198459163308144 0.204460620880127 0.208880454301834 0.194825276732445 0.201488316059113 0.215822115540504 0.202925682067871 0.199555307626724 0.200367346405983 0.20739708840847 0.201832428574562 0.187456145882607 0.197825416922569 0.178795456886292 0.167033046483994 0.176164582371712 0.202731415629387 0.211092367768288 0.200103282928467 0.204750031232834 0.197984889149666 0.184250295162201 0.17808435857296 0.17142628133297 0.172329112887383 0.192925348877907 0.199619844555855
-3.4e+38 -3.4e+38 -3.4e+38 -3.4e+38 -3.4e+38 -3.4e+38 -3.4e+38 -3.4e+38 -3.4e+38 -3.4e+38 -3.4e+38 -3.4e+38 -3.4e+38 -3.4e+38 -3.4e+38 -3.4e+38 0.17132380604744 0.173224374651909 0.179906189441681 0.193010181188583 0.192243948578835 0.197128996253014 0.201339542865753 0.198908746242523 0.202775686979294 0.198776394128799 0.18044975399971 0.191696435213089 0.191955417394638 0.179534748196602 0.192964389920235 0.194677248597145 0.187406465411186 0.185098528862 0.189556136727333 0.190645217895508 0.208899587392807 0.219053044915199 0.207111164927483 0.204421266913414 0.196954816579819 0.194882243871689 0.196583062410355 0.197776511311531 0.187703236937523 0.178021505475044 0.171682998538017
-3.4e+38 -3.4e+38 -3.4e+38 -3.4e+38 -3.4e+38 -3.4e+38 -3.4e+38 -3.4e+38 -3.4e+38 -3.4e+38 -3.4e+38 -3.4e+38 -3.4e+38 -3.4e+38 -3.4e+38 0.180101379752159 0.162761345505714 0.175475716590881 0.181581377983093 0.192423045635223 0.194502115249634 0.185230404138565 0.18531559407711 0.190650150179863 0.190197065472603 0.183614626526833 0.178294107317924 0.198167070746422 0.201138451695442 0.180819109082222 0.172934994101524 0.185558542609215 0.191596016287804 0.193951964378357 0.22583581507206 0.235816016793251 0.22039170563221 0.213335692882538 0.215485483407974 0.22615972161293 0.226184144616127 0.216342091560364 0.21436519920826 0.223699674010277 0.213222742080688 0.179609745740891 0.161331847310066
-3.4e+38 -3.4e+38 -3.4e+38 -3.4e+38 -3.4e+38 -3.4e+38 -3.4e+38 -3.4e+38 -3.4e+38 -3.4e+38 -3.4e+38 -3.4e+38 -3.4e+38 -3.4e+38 0.182504773139954 0.203724935650826 0.1955656260252 0.177961245179176 0.185709074139595 0.194787293672562 0.200859740376472 0.196936652064323 0.186325907707214 0.174764782190323 0.172261536121368 0.187846109271049 0.195547372102737 0.191301435232162 0.182762816548347 0.186928495764732 0.190858423709869 0.200111612677574 0.202618807554245 0.196768894791603 0.242664948105812 0.26236230134964 0.228303372859955 0.212430834770203 0.214040845632553 0.231746673583984 0.238267064094543 0.216624483466148 0.205964744091034 0.218026965856552 0.213719576597214 0.197622820734978 0.192155912518501
-3.4e+38 -3.4e+38 -3.4e+38 -3.4e+38 -3.4e+38 -3.4e+38 -3.4e+38 -3.4e+38 -3.4e+38 -3.4e+38 -3.4e+38 -3.4e+38 -3.4e+38 0.182015404105186 0.18569727241993 0.187212094664574 0.192434668540955 0.185340523719788 0.184976518154144 0.185991063714027 0.189323663711548 0.19083659350872 0.181987553834915 0.166818335652351 0.165142104029655 0.183940216898918 0.186033293604851 0.173776388168335 0.173839017748833 0.191407650709152 0.208103954792023 0.211033642292023 0.228424891829491 0.232610285282135 0.234907522797585 0.243216440081596 0.237154766917229 0.226927176117897 0.212893351912498 0.207986623048782 0.210187494754791 0.200388312339783 0.197453692555428 0.208203718066216 0.208390265703201 0.203833922743797 0.208037853240967
-3.4e+38 -3.4e+38 -3.4e+38 -3.4e+38 -3.4e+38 -3.4e+38 -3.4e+38 -3.4e+38 -3.4e+38 -3.4e+38 -3.4e+38 -3.4e+38 0.170556113123894 0.177234053611755 0.17618727684021 0.169718131422997 0.175728887319565 0.184614390134811 0.188679873943329 0.197263181209564 0.197477623820305 0.189487189054489 0.180604800581932 0.169726893305779 0.170318573713303 0.180715993046761 0.179891139268875 0.188401892781258 0.199358150362968 0.207369074225426 0.212017118930817 0.21260304749012 0.212470471858978 0.218995094299316 0.216146841645241 0.216037973761559 0.203695923089981 0.192991331219673 0.193186387419701 0.184377282857895 0.191534817218781 0.196657702326775 0.194807901978493 0.194651663303375 0.191364765167236 0.189511939883232 0.191369831562042
-3.4e+38 -3.4e+38 -3.4e+38 -3.4e+38 -3.4e+38 -3.4e+38 -3.4e+38 -3.4e+38 -3.4e+38 -3.4e+38 -3.4e+38 0.182107880711555 0.192020744085312 0.18229204416275 0.186481237411499 0.182908207178116 0.178290635347366 0.185137137770653 0.19391205906868 0.197288259863853 0.188470080494881 0.182333320379257 0.180745422840118 0.1756322234869 0.182401016354561 0.197127729654312 0.207284137606621 0.218392118811607 0.229007512331009 0.232577294111252 0.222837567329407 0.199701547622681 0.189741626381874 0.207446277141571 0.206208199262619 0.185765713453293 0.179171800613403 0.18369035422802 0.187343791127205 0.179700404405594 0.193533718585968 0.196630463004112 0.183072134852409 0.176997169852257 0.178030595183372 0.17989507317543 0.186228469014168
-3.4e+38 -3.4e+38 -3.4e+38 -3.4e+38 -3.4e+38 -3.4e+38 -3.4e+38 -3.4e+38 -3.4e+38 -3.4e+38 0.187830522656441 0.188246265053749 0.201233968138695 0.202233746647835 0.20547953248024 0.201024323701859 0.191296562552452 0.186214104294777 0.19090823829174 0.193036913871765 0.176326259970665 0.174823924899101 0.185085877776146 0.19029101729393 0.214221596717834 0.217689245939255 0.222467303276062 0.231936514377594 0.246393129229546 0.24076235294342 0.208451390266418 0.187780752778053 0.184390276670456 0.19015721976757 0.188154146075249 0.177722424268723 0.185667112469673 0.18437248468399 0.180700659751892 0.184156611561775 0.197710976004601 0.188626065850258 0.164163246750832 0.16419330239296 0.171836391091347 0.181978836655617 0.191549152135849
-3.4e+38 -3.4e+38 -3.4e+38 -3.4e+38 -3.4e+38 -3.4e+38 -3.4e+38 -3.4e+38 -3.4e+38 0.215749979019165 0.213383883237839 0.192265003919601 0.204563319683075 0.219714283943176 0.199812173843384 0.183285877108574 0.181649267673492 0.183946818113327 0.190751656889915 0.194318473339081 0.191012069582939 0.215950354933739 0.221971392631531 0.207530304789543 0.216114148497581 0.206898495554924 0.196309372782707 0.2191112190485 0.221182137727737 0.218364685773849 0.204365268349648 0.193291842937469 0.189825445413589 0.184396594762802 0.183964535593987 0.193245083093643 0.189450353384018 0.164967268705368 0.167717635631561 0.178760334849358 0.183523163199425 0.173114895820618 0.161510765552521 0.167072236537933 0.175308346748352 0.183893501758575 0.182302057743073
-3.4e+38 -3.4e+38 -3.4e+38 -3.4e+38 -3.4e+38 -3.4e+38 -3.4e+38 -3.4e+38 0.186151757836342 0.202095165848732 0.217562913894653 0.202202513813972 0.198190242052078 0.196565762162209 0.175486341118813 0.173540413379669 0.186192825436592 0.200472757220268 0.205412462353706 0.208036214113235 0.215797066688538 0.233334243297577 0.222577065229416 0.187549814581871 0.170400127768517 0.194031745195389 0.19675225019455 0.190507486462593 0.184272184967995 0.198406592011452 0.19911752641201 0.17695552110672 0.177199512720108 0.18417152762413 0.191310092806816 0.199415475130081 0.187872186303139 0.164292395114899 0.17525751888752 0.182013466954231 0.178677827119827 0.17295891046524 0.172869116067886 0.174933463335037 0.174218684434891 0.173566773533821 0.168720081448555
-3.4e+38 -3.4e+38 -3.4e+38 -3.4e+38 -3.4e+38 -3.4e+38 -3.4e+38 0.186210617423058 0.193747445940971 0.201302826404572 0.208264961838722 0.200171053409576 0.190814554691315 0.18541431427002 0.183746352791786 0.186724960803986 0.197827383875847 0.211042195558548 0.215682998299599 0.215570956468582 0.21058389544487 0.211697816848755 0.208575516939163 0.199737787246704 0.196931749582291 0.206187844276428 0.190790146589279 0.177673876285553 0.180507510900497 0.184335365891457 0.18639187514782 0.178587511181831 0.18856954574585 0.185081124305725 0.179118558764458 0.170046344399452 0.179910242557526 0.177753165364265 0.18049630522728 0.180224910378456 0.184991061687469 0.183474972844124 0.167107403278351 0.168334424495697 0.170265406370163 0.160272568464279 0.170668423175812
-3.4e+38 -3.4e+38 -3.4e+38 -3.4e+38 -3.4e+38 -3.4e+38 0.176192983984947 0.184879764914513 0.203170925378799 0.204286307096481 0.198083639144897 0.197627156972885 0.209512636065483 0.206957936286926 0.202969282865524 0.197932586073875 0.200206235051155 0.208779215812683 0.209418013691902 0.202219173312187 0.192009046673775 0.203835591673851 0.214467495679855 0.208042472600937 0.203459426760674 0.195536673069 0.187695324420929 0.190916791558266 0.192755058407784 0.172978684306145 0.186021953821182 0.191153481602669 0.192677482962608 0.183648437261581 0.160468176007271 0.158673852682114 0.184008821845055 0.187637016177177 0.17065803706646 0.167303144931793 0.184861645102501 0.193156614899635 0.175021842122078 0.174795806407928 0.17230997979641 0.161962792277336 0.165665447711945
-3.4e+38 -3.4e+38 -3.4e+38 -3.4e+38 -3.4e+38 0.1955306828022 0.180653229355812 0.183045014739037 0.193757236003876 0.19205442070961 0.188014417886734 0.194377452135086 0.212250292301178 0.206649407744408 0.187824308872223 0.177584365010262 0.17594350874424 0.187548980116844 0.202640146017075 0.203412190079689 0.195202454924583 0.209313794970512 0.207814857363701 0.185968667268753 0.180690631270409 0.186690285801888 0.187224432826042 0.177405446767807 0.177626773715019 0.173820734024048 0.187616288661957 0.166265666484833 0.15174788236618 0.171992897987366 0.17478621006012 0.172738254070282 0.185967549681664 0.194444954395294 0.182565823197365 0.171201333403587 0.178826510906219 0.190596848726273 0.192184939980507 0.187145426869392 0.166959211230278 0.1594398021698 0.172755196690559
-3.4e+38 -3.4e+38 -3.4e+38 -3.4e+38 0.186326295137405 0.185710161924362 0.166403502225876 0.180660575628281 0.190983295440674 0.190861478447914 0.190950125455856 0.184299305081367 0.195239394903183 0.211882054805756 0.195298299193382 0.16862978041172 0.160147979855537 0.175572946667671 0.196722403168678 0.193707823753357 0.175913438200951 0.174737423658371 0.175041452050209 0.173112601041794 0.176159128546715 0.185198962688446 0.183815076947212 0.166050463914871 0.173848792910576 0.172773763537407 0.156173884868622 0.146577298641205 0.154354304075241 0.183929800987244 0.197390675544739 0.175409078598022 0.166541025042534 0.180465891957283 0.197265893220901 0.185022488236427 0.173395693302155 0.182830482721329 0.185195297002792 0.185172140598297 0.182193666696548 0.185858070850372 0.185463637113571
-3.4e+38 -3.4e+38 -3.4e+38 0.164942771196365 0.181619554758072 0.170813962817192 0.159156069159508 0.186572715640068 0.186821520328522 0.190714612603188 0.19985519349575 0.202527776360512 0.190279603004456 0.191795095801353 0.193959802389145 0.179297417402267 0.1689622849226 0.173193693161011 0.175829514861107 0.172639846801758 0.164579406380653 0.160274818539619 0.157813027501106 0.167766883969307 0.176828414201736 0.183250650763512 0.181324973702431 0.178935110569 0.183060750365257 0.18447682261467 0.176890805363655 0.168354049324989 0.178671136498451 0.188701838254929 0.194968074560165 0.174735486507416 0.167834103107452 0.187365099787712 0.20324482023716 0.186603963375092 0.167789801955223 0.184319764375687 0.172101750969887 0.168195262551308 0.182036876678467 0.181560158729553 0.171162560582161
-3.4e+38 -3.4e+38 0.177287817001343 0.157475516200066 0.162813752889633 0.177545607089996 0.172802358865738 0.175667256116867 0.175563186407089 0.169824942946434 0.175746068358421 0.188233867287636 0.192094311118126 0.196950152516365 0.200710788369179 0.184237226843834 0.185596466064453 0.187558233737946 0.177029922604561 0.165350437164307 0.179937213659286 0.196399927139282 0.194786816835403 0.190916016697884 0.183475136756897 0.176828652620316 0.168893665075302 0.173842296004295 0.187534675002098 0.170575857162476 0.166540995240211 0.175791367888451 0.191614776849747 0.190920814871788 0.176726415753365 0.172728970646858 0.184510409832001 0.188190326094627 0.182659819722176 0.174259632825851 0.172064512968063 0.187263295054436 0.172361001372337 0.161917924880981 0.173838540911674 0.168274030089378 0.171811401844025
-3.4e+38 0.210101991891861 0.192845523357391 0.16583888232708 0.167667433619499 0.176970586180687 0.15715703368187 0.158012807369232 0.167268559336662 0.154668152332306 0.174763157963753 0.194099053740501 0.197833478450775 0.216425821185112 0.204135343432426 0.181180760264397 0.184693902730942 0.197090208530426 0.192008063197136 0.173987746238708 0.18056483566761 0.183120608329773 0.177326872944832 0.186500713229179 0.184821471571922 0.170564398169518 0.163938775658607 0.162362650036812 0.169837906956673 0.156283587217331 0.160236716270447 0.183754354715347 0.186799123883247 0.184694588184357 0.168691262602806 0.167213976383209 0.183664485812187 0.182701677083969 0.174374505877495 0.185069292783737 0.178599163889885 0.186334744095802 0.193819597363472 0.178231716156006 0.175741627812386 0.178966715931892 0.179171040654182
0.263669908046722 0.193111404776573 0.192224755883217 0.169433295726776 0.158154666423798 0.158971801400185 0.140421956777573 0.156803593039513 0.171189352869987 0.151727333664894 0.178758978843689 0.192383274435997 0.17936098575592 0.198001861572266 0.18707038462162 0.169256255030632 0.174804076552391 0.186532244086266 0.187607869505882 0.177473425865173 0.178159683942795 0.166419193148613 0.160732597112656 0.17484350502491 0.195953458547592 0.174096673727036 0.152577266097069 0.16283643245697 0.169577986001968 0.178604543209076 0.176234692335129 0.18627542257309 0.188456490635872 0.18226620554924 0.167684152722359 0.165708601474762 0.179695576429367 0.185051307082176 0.198041766881943 0.203666627407074 0.182753294706345 0.17788203060627 0.196902438998222 0.193300291895866 0.182600766420364 0.175679087638855 0.171190455555916
