data/trimmed_ndre/Od_ndre.627.2010_no_clouds.asc
NCOLS 144 
NROWS 65 
XLLCORNER 512965 
YLLCORNER 5150865 
CELLSIZE 5 
NODATA_value -3.4e+38 
[rows 21 to 41 of 65, columns 94 to 140 of 144]
0.167971074581146 0.171998605132103 0.160651788115501 0.161218702793121 0.165955886244774 0.166109800338745 0.158479928970337 0.148984223604202 0.160636052489281 0.174977257847786 0.172277063131332 0.177863448858261 0.174762353301048 0.176027074456215 0.177374914288521 0.17818483710289 0.181785210967064 0.175326764583588 0.17284868657589 0.170535698533058 0.151867434382439 0.14217734336853 0.147589385509491 0.137553825974464 0.140848472714424 0.146391361951828 0.142233446240425 0.154343456029892 0.170673176646233 0.174535393714905 0.17901423573494 0.172615244984627 0.173224866390228 0.170571386814117 0.171633124351501 -3.4e+38 -3.4e+38 -3.4e+38 -3.4e+38 -3.4e+38 -3.4e+38 -3.4e+38 -3.4e+38 -3.4e+38 -3.4e+38 -3.4e+38 -3.4e+38
0.156902313232422 0.160376712679863 0.152543842792511 0.156494036316872 0.16630756855011 0.173448234796524 0.165590703487396 0.150235444307327 0.149620100855827 0.152795687317848 0.159765258431435 0.173870205879211 0.181130424141884 0.178726643323898 0.179720103740692 0.176446527242661 0.178936302661896 0.179246112704277 0.17906841635704 0.185560047626495 0.181805685162544 0.158727154135704 0.141473457217216 0.134452134370804 0.148492574691772 0.154564306139946 0.144654810428619 0.145684644579887 0.152138203382492 0.157642096281052 0.164541840553284 0.162526324391365 0.155452132225037 0.155174970626831 0.158166036009789 0.168767675757408 0.176549673080444 -3.4e+38 -3.4e+38 -3.4e+38 -3.4e+38 -3.4e+38 -3.4e+38 -3.4e+38 -3.4e+38 -3.4e+38 -3.4e+38
0.171543553471565 0.162018850445747 0.166374281048775 0.179230913519859 0.174554243683815 0.165012896060944 0.158755853772163 0.156904995441437 0.158047094941139 0.161691054701805 0.161072507500648 0.162216141819954 0.168532848358154 0.175405576825142 0.17892237007618 0.177802890539169 0.186600849032402 0.200598135590553 0.203023582696915 0.204717844724655 0.194734930992126 0.168675392866135 0.150273352861404 0.14875827729702 0.163407608866692 0.174709737300873 0.162733644247055 0.152603074908257 0.142869606614113 0.14679691195488 0.159784764051437 0.167322039604187 0.168784335255623 0.173490703105927 0.171623811125755 0.172613114118576 0.176907494664192 0.183627516031265 -3.4e+38 -3.4e+38 -3.4e+38 -3.4e+38 -3.4e+38 -3.4e+38 -3.4e+38 -3.4e+38 -3.4e+38
0.190079644322395 0.178076937794685 0.169492274522781 0.170603707432747 0.156028464436531 0.148677363991737 0.157299593091011 0.166881516575813 0.179887980222702 0.179696902632713 0.166752174496651 0.158392548561096 0.165587946772575 0.179945304989815 0.194780543446541 0.19995291531086 0.207473069429398 0.215037897229195 0.218272715806961 0.216763153672218 0.195683211088181 0.174985334277153 0.164020538330078 0.157263398170471 0.154222473502159 0.165246352553368 0.160537332296371 0.152780845761299 0.147226214408875 0.153415367007256 0.161764100193977 0.16546955704689 0.174240186810493 0.183294713497162 0.185793474316597 0.18281227350235 0.179370537400246 0.175990507006645 0.167677938938141 -3.4e+38 -3.4e+38 -3.4e+38 -3.4e+38 -3.4e+38 -3.4e+38 -3.4e+38 -3.4e+38
0.181016355752945 0.180780604481697 0.172296032309532 0.164014562964439 0.146722674369812 0.155942156910896 0.177828833460808 0.167338579893112 0.175993949174881 0.183495506644249 0.164297133684158 0.157259106636047 0.166606709361076 0.176755174994469 0.194751277565956 0.202220126986504 0.20293790102005 0.197132363915443 0.194669917225838 0.198421582579613 0.191771656274796 0.181753784418106 0.174647822976112 0.159537672996521 0.151734530925751 0.158156245946884 0.157878965139389 0.153585642576218 0.159346207976341 0.167607054114342 0.17573344707489 0.167340636253357 0.171501621603966 0.179926976561546 0.184662356972694 0.183110654354095 0.186080664396286 0.183665528893471 0.168448641896248 -3.4e+38 -3.4e+38 -3.4e+38 -3.4e+38 -3.4e+38 -3.4e+38 -3.4e+38 -3.4e+38
0.183522403240204 0.178774535655975 0.179875358939171 0.177598506212234 0.159439593553543 0.149849206209183 0.16070468723774 0.153371229767799 0.159375444054604 0.176523849368095 0.166079074144363 0.163619205355644 0.171268239617348 0.174573063850403 0.184422463178635 0.190186485648155 0.189856424927711 0.185218572616577 0.187068924307823 0.195528566837311 0.196613758802414 0.197390034794807 0.192045912146568 0.170234009623528 0.155912145972252 0.156290531158447 0.158232390880585 0.160022392868996 0.16321288049221 0.16392856836319 0.162268877029419 0.156813576817513 0.165366426110268 0.184532359242439 0.186254724860191 0.167800053954124 0.173219323158264 0.18581597507 0.181235283613205 0.174080938100815 -3.4e+38 -3.4e+38 -3.4e+38 -3.4e+38 -3.4e+38 -3.4e+38 -3.4e+38
0.182973876595497 0.17927311360836 0.176054492592812 0.185710042715073 0.184296205639839 0.179284512996674 0.168878704309464 0.162476718425751 0.165000423789024 0.183986350893974 0.19539138674736 0.199312433600426 0.198516070842743 0.190245375037193 0.187532305717468 0.187890186905861 0.189152419567108 0.184581995010376 0.20153534412384 0.220325142145157 0.212716937065125 0.209920853376389 0.210806757211685 0.197751507163048 0.170198634266853 0.155978485941887 0.157223775982857 0.169729590415955 0.17208369076252 0.159572333097458 0.145977154374123 0.143557712435722 0.15264455974102 0.168705359101295 0.170855283737183 0.155761554837227 0.160137847065926 0.172872737050056 0.177884712815285 0.168937042355537 0.152773454785347 -3.4e+38 -3.4e+38 -3.4e+38 -3.4e+38 -3.4e+38 -3.4e+38
0.191423773765564 0.189987912774086 0.176656886935234 0.187274813652039 0.197682902216911 0.199624940752983 0.185668289661407 0.173286616802216 0.179734885692596 0.205250725150108 0.223665907979012 0.22624959051609 0.217149510979652 0.205341592431068 0.199936956167221 0.196937069296837 0.203336134552956 0.205015257000923 0.222961351275444 0.244326174259186 0.240274354815483 0.245260015130043 0.243586733937263 0.228294596076012 0.182377427816391 0.151818722486496 0.15214778482914 0.16278313100338 0.168267786502838 0.163512885570526 0.151969462633133 0.145555555820465 0.149189174175262 0.144964635372162 0.158672615885735 0.1681949198246 0.167560666799545 0.16098228096962 0.159806966781616 0.157757699489594 0.150780111551285 0.156462609767914 -3.4e+38 -3.4e+38 -3.4e+38 -3.4e+38 -3.4e+38
0.202971622347832 0.197020083665848 0.179219871759415 0.186926335096359 0.194863483309746 0.192981496453285 0.190678343176842 0.183976680040359 0.190687745809555 0.205406501889229 0.219978645443916 0.220781356096268 0.209231242537498 0.203275755047798 0.211207583546638 0.217058688402176 0.219708293676376 0.224822878837585 0.244036793708801 0.261639624834061 0.262527495622635 0.268497437238693 0.260935544967651 0.239268377423286 0.205833435058594 0.175530210137367 0.168746739625931 0.16178934276104 0.158968135714531 0.157925441861153 0.158452704548836 0.168603792786598 0.160249963402748 0.141887426376343 0.155291363596916 0.166409209370613 0.155481174588203 0.138668641448021 0.144655242562294 0.165931895375252 0.171184837818146 0.16871964931488 0.170216575264931 -3.4e+38 -3.4e+38 -3.4e+38 -3.4e+38
0.202944323420525 0.19844077527523 0.179687052965164 0.184380874037743 0.187510251998901 0.183068722486496 0.1826451420784 0.179226472973824 0.18057245016098 0.186026453971863 0.201845735311508 0.212677106261253 0.207310855388641 0.206634342670441 0.214930728077888 0.221517860889435 0.217208787798882 0.227793261408806 0.260135054588318 0.261525422334671 0.248502418398857 0.251223623752594 0.240859463810921 0.218545183539391 0.206515580415726 0.183989122509956 0.177247226238251 0.172199413180351 0.165117561817169 0.165255188941956 0.172105133533478 0.183888345956802 0.171799302101135 0.152835562825203 0.163950398564339 0.166629821062088 0.151038944721222 0.137372896075249 0.147384732961655 0.172023415565491 0.178047984838486 0.166836500167847 0.162931427359581 0.165742456912994 -3.4e+38 -3.4e+38 -3.4e+38
0.210496753454208 0.20165690779686 0.188812375068665 0.1892119795084 0.185881659388542 0.175796166062355 0.170780286192894 0.171521365642548 0.169435262680054 0.171522170305252 0.18857803940773 0.200398728251457 0.198073863983154 0.202365905046463 0.205449923872948 0.209479123353958 0.191396266222 0.202494993805885 0.233771279454231 0.232768699526787 0.223091959953308 0.227464556694031 0.21827720105648 0.203104063868523 0.196552485227585 0.184998154640198 0.170820742845535 0.166411891579628 0.159633234143257 0.160350233316422 0.167148277163506 0.169703334569931 0.160767078399658 0.158967584371567 0.170575216412544 0.172185033559799 0.167557656764984 0.157412365078926 0.157089948654175 0.171502098441124 0.169468656182289 0.155294731259346 0.159225329756737 0.17095984518528 0.17728328704834 -3.4e+38 -3.4e+38
0.208068907260895 0.204748377203941 0.19390980899334 0.189392119646072 0.186529636383057 0.177229017019272 0.173147737979889 0.181287944316864 0.182442232966423 0.18083031475544 0.189829796552658 0.194716647267342 0.189891904592514 0.193022415041924 0.195277601480484 0.191933035850525 0.17486834526062 0.168188467621803 0.188347727060318 0.203209459781647 0.199223473668098 0.195596113801003 0.199879616498947 0.200571790337563 0.20424784719944 0.205599129199982 0.184741944074631 0.167705550789833 0.162903323769569 0.157588973641396 0.152365133166313 0.153645932674408 0.163698196411133 0.168462336063385 0.171357840299606 0.178366973996162 0.183821946382523 0.172386780381203 0.161506950855255 0.170787319540977 0.171370133757591 0.161874338984489 0.165978342294693 0.174795255064964 0.178105905652046 0.178498685359955 -3.4e+38
0.19867517054081 0.189458787441254 0.17797526717186 0.178401410579681 0.182189553976059 0.176873832941055 0.176121562719345 0.181446835398674 0.186212778091431 0.189667373895645 0.196089521050453 0.201515197753906 0.204912170767784 0.201706737279892 0.188128724694252 0.178291246294975 0.168917074799538 0.165891513228416 0.17425374686718 0.185169383883476 0.190170526504517 0.193251386284828 0.199223637580872 0.201923310756683 0.192657217383385 0.178665146231651 0.162917718291283 0.163323014974594 0.171344503760338 0.170849904417992 0.15811362862587 0.153026506304741 0.170613288879395 0.171023607254028 0.170248538255692 0.175672426819801 0.177489459514618 0.177713260054588 0.171842202544212 0.179207354784012 0.177302196621895 0.177609637379646 0.187820419669151 0.179334849119186 0.176179826259613 0.18337194621563 0.167008146643639
0.20027731359005 0.189556613564491 0.181686043739319 0.178491443395615 0.175513744354248 0.17102986574173 0.176116779446602 0.180958867073059 0.184107512235641 0.187388494610786 0.19207489490509 0.189453542232513 0.184056118130684 0.183554142713547 0.180332288146019 0.169961124658585 0.161042973399162 0.169512882828712 0.174113243818283 0.173190534114838 0.183021277189255 0.190494492650032 0.195690363645554 0.196905463933945 0.190786764025688 0.171172127127647 0.151558622717857 0.151191234588623 0.155777752399445 0.16002930700779 0.160351514816284 0.158663094043732 0.173247575759888 0.177427530288696 0.17392772436142 0.171924233436584 0.17230823636055 0.180828168988228 0.179601714015007 0.170575231313705 0.162889286875725 0.173075795173645 0.184373706579208 0.167873173952103 0.172774776816368 0.175118938088417 0.152795404195786
0.196616962552071 0.194678440690041 0.194386065006256 0.187512576580048 0.177403345704079 0.17065092921257 0.176245912909508 0.177482053637505 0.176509127020836 0.175398781895638 0.170943215489388 0.163701862096786 0.156109735369682 0.167711362242699 0.178292110562325 0.182423055171967 0.18023094534874 0.17875948548317 0.180664613842964 0.170250579714775 0.159315377473831 0.154119595885277 0.172049015760422 0.186135366559029 0.189889505505562 0.187871143221855 0.173432976007462 0.165692374110222 0.154807433485985 0.154549703001976 0.164003953337669 0.160050943493843 0.170969545841217 0.187438517808914 0.182796746492386 0.172029674053192 0.171885818243027 0.180536463856697 0.180313885211945 0.167260631918907 0.157241329550743 0.170021042227745 0.170369669795036 0.156444579362869 0.177730679512024 0.174170210957527 0.144228652119637
0.187701910734177 0.188891217112541 0.190335497260094 0.188114807009697 0.170090094208717 0.1639254540205 0.174943685531616 0.171368837356567 0.162199974060059 0.155598819255829 0.160183697938919 0.164997592568398 0.160103842616081 0.174964964389801 0.196127414703369 0.217615678906441 0.20980566740036 0.185856625437737 0.184816047549248 0.176747754216194 0.170193716883659 0.160079926252365 0.17750757932663 0.18953301012516 0.174878224730492 0.168891370296478 0.18550643324852 0.187262997031212 0.165291085839272 0.160692796111107 0.174360662698746 0.185609698295593 0.177043780684471 0.180926576256752 0.184720382094383 0.175022482872009 0.171462446451187 0.179162889719009 0.174750745296478 0.170724183320999 0.171778693795204 0.178432270884514 0.17046032845974 0.157614633440971 0.170998945832253 0.16198742389679 0.149359121918678
0.180892676115036 0.17600105702877 0.172880634665489 0.172453284263611 0.166939049959183 0.164360031485558 0.166999250650406 0.161916926503181 0.153374895453453 0.149986803531647 0.156060501933098 0.175965651869774 0.177456319332123 0.190867185592651 0.201715156435966 0.208761647343636 0.200720131397247 0.180897250771523 0.186559095978737 0.188016578555107 0.181527525186539 0.16853304207325 0.173806384205818 0.186344459652901 0.180080637335777 0.172844246029854 0.181173726916313 0.180819064378738 0.163849219679832 0.167593374848366 0.171938121318817 0.174281015992165 0.154312834143639 0.160467475652695 0.182412400841713 0.180522605776787 0.17928358912468 0.176892146468163 0.169558003544807 0.177459463477135 0.18605349957943 0.186734139919281 0.180506616830826 0.163656994700432 0.158456712961197 0.158501088619232 0.16228461265564
0.189613506197929 0.173985227942467 0.167416498064995 0.172662302851677 0.178374603390694 0.170817688107491 0.164275869727135 0.168255418539047 0.172000482678413 0.161447435617447 0.146999940276146 0.163835808634758 0.178316831588745 0.176345363259315 0.176089853048325 0.171368584036827 0.174742072820663 0.177110627293587 0.192828923463821 0.201163068413734 0.187496483325958 0.164758026599884 0.158966854214668 0.170621454715729 0.178827062249184 0.173080161213875 0.166558146476746 0.162541657686234 0.174265295267105 0.189399644732475 0.164759993553162 0.146614834666252 0.146430015563965 0.15743812918663 0.179099082946777 0.179439753293991 0.169504255056381 0.166790425777435 0.165219247341156 0.167463183403015 0.164931103587151 0.171972081065178 0.183050870895386 0.165559396147728 0.156623005867004 0.16652874648571 -3.4e+38
0.187870606780052 0.190885916352272 0.188734084367752 0.191288784146309 0.191347703337669 0.182990342378616 0.178288608789444 0.183431252837181 0.190520465373993 0.179772853851318 0.1620092689991 0.165036603808403 0.171671226620674 0.164705514907837 0.169174194335938 0.173929825425148 0.170771151781082 0.183155372738838 0.192809253931046 0.191068053245544 0.181933954358101 0.184271991252899 0.17823651432991 0.172269746661186 0.164968371391296 0.170365110039711 0.16804239153862 0.162790969014168 0.175482183694839 0.183112099766731 0.160363599658012 0.160672634840012 0.175312519073486 0.165557399392128 0.171300560235977 0.171781942248344 0.159110501408577 0.164394900202751 0.16953107714653 0.162861078977585 0.145311385393143 0.151278123259544 0.169932752847672 0.161480635404587 -3.4e+38 -3.4e+38 -3.4e+38
0.180198505520821 0.19738233089447 0.192754566669464 0.190564453601837 0.192061379551888 0.187893241643906 0.183698371052742 0.178544774651527 0.186151474714279 0.186815813183784 0.174781680107117 0.174997925758362 0.179697275161743 0.177205502986908 0.170503064990044 0.17579297721386 0.171951085329056 0.167840495705605 0.169887498021126 0.172464147210121 0.18439032137394 0.189856424927711 0.176222041249275 0.161593735218048 0.155518755316734 0.181136444211006 0.182855635881424 0.165435895323753 0.173293307423592 0.17316247522831 0.169586107134819 0.166463971138 0.174544543027878 0.171384915709496 0.171502664685249 0.175658687949181 0.175419196486473 0.165487542748451 0.171957314014435 0.173465013504028 0.155633792281151 0.147840663790703 -3.4e+38 -3.4e+38 -3.4e+38 -3.4e+38 -3.4e+38
0.179054707288742 0.181504100561142 0.18186266720295 0.184132516384125 0.185939028859138 0.178644120693207 0.176902070641518 0.178044617176056 0.184274464845657 0.190217360854149 0.183374643325806 0.180629223585129 0.187247484922409 0.178257212042809 0.158410668373108 0.181201681494713 0.1734689027071 0.147991895675659 0.157558962702751 0.158569917082787 0.158752590417862 0.163683041930199 0.163817256689072 0.161234766244888 0.164910227060318 0.187972575426102 0.18467865884304 0.160916164517403 0.171556413173676 0.167188376188278 0.156814530491829 0.162532165646553 0.169427827000618 0.17352369427681 0.17410235106945 0.173590987920761 0.185233414173126 0.188035815954208 0.17968213558197 0.183666005730629 -3.4e+38 -3.4e+38 -3.4e+38 -3.4e+38 -3.4e+38 -3.4e+38 -3.4e+38
