data/trimmed_ndre/Od_ndre.715.2015_no_clouds.asc
NCOLS 144 
NROWS 65 
XLLCORNER 512965 
YLLCORNER 5150865 
CELLSIZE 5 
NODATA_value -3.4e+38 
[rows 42 to 62 of 65, columns 0 to 46 of 144]
-3.4e+38 -3.4e+38 -3.4e+38 -3.4e+38 -3.4e+38 -3.4e+38 -3.4e+38 -3.4e+38 -3.4e+38 -3.4e+38 -3.4e+38 -3.4e+38 -3.4e+38 -3.4e+38 -3.4e+38 -3.4e+38 -3.4e+38 -3.4e+38 -3.4e+38 -3.4e+38 -3.4e+38 0.142549455165863 0.143828153610229 0.143307417631149 0.143596634268761 0.145848616957664 0.144688919186592 0.145545050501823 0.146480157971382 0.135912477970123 0.146991193294525 0.145833298563957 0.14255228638649 0.146785765886307 0.146955788135529 0.139238804578781 0.138835966587067 0.143963679671288 0.139451175928116 0.148386672139168 0.144907712936401 0.139780834317207 0.151322841644287 0.139467105269432 0.138453096151352 0.141119241714478 0.140708893537521
-3.4e+38 -3.4e+38 -3.4e+38 -3.4e+38 -3.4e+38 -3.4e+38 -3.4e+38 -3.4e+38 -3.4e+38 -3.4e+38 -3.4e+38 -3.4e+38 -3.4e+38 -3.4e+38 -3.4e+38 -3.4e+38 -3.4e+38 -3.4e+38 -3.4e+38 0.149113491177559 0.143552958965302 0.136517062783241 0.140217751264572 0.141149625182152 0.141510784626007 0.143269553780556 0.142728731036186 0.136031061410904 0.1324812322855 0.134943127632141 0.146929502487183 0.143751949071884 0.144936054944992 0.150430873036385 0.149898514151573 0.141419723629951 0.142084375023842 0.143234193325043 0.138084918260574 0.144505202770233 0.138420835137367 0.139232590794563 0.146206229925156 0.141573876142502 0.142865583300591 0.140115901827812 0.13639397919178
-3.4e+38 -3.4e+38 -3.4e+38 -3.4e+38 -3.4e+38 -3.4e+38 -3.4e+38 -3.4e+38 -3.4e+38 -3.4e+38 -3.4e+38 -3.4e+38 -3.4e+38 -3.4e+38 -3.4e+38 -3.4e+38 -3.4e+38 -3.4e+38 0.142163589596748 0.141915455460548 0.142675876617432 0.144833654165268 0.149438634514809 0.145110502839088 0.141347751021385 0.140206038951874 0.139717906713486 0.138288244605064 0.137412175536156 0.139357373118401 0.146576300263405 0.150239780545235 0.147567182779312 0.14371383190155 0.141350507736206 0.139002501964569 0.139451965689659 0.142141327261925 0.143868774175644 0.145635798573494 0.137407585978508 0.14150670170784 0.143861383199692 0.140994846820831 0.142300814390182 0.142491146922112 0.141590267419815
-3.4e+38 -3.4e+38 -3.4e+38 -3.4e+38 -3.4e+38 -3.4e+38 -3.4e+38 -3.4e+38 -3.4e+38 -3.4e+38 -3.4e+38 -3.4e+38 -3.4e+38 -3.4e+38 -3.4e+38 -3.4e+38 -3.4e+38 0.140480786561966 0.135001957416534 0.137745231389999 0.145199134945869 0.153262540698051 0.157426282763481 0.150740191340446 0.142898768186569 0.142627105116844 0.14345882833004 0.140807867050171 0.14043490588665 0.139851093292236 0.145448461174965 0.157005086541176 0.154833152890205 0.143023058772087 0.140656724572182 0.141108185052872 0.135417833924294 0.140681907534599 0.143714442849159 0.147159233689308 0.149563103914261 0.145766243338585 0.143025472760201 0.136059567332268 0.132708981633186 0.141036942601204 0.142888054251671
-3.4e+38 -3.4e+38 -3.4e+38 -3.4e+38 -3.4e+38 -3.4e+38 -3.4e+38 -3.4e+38 -3.4e+38 -3.4e+38 -3.4e+38 -3.4e+38 -3.4e+38 -3.4e+38 -3.4e+38 -3.4e+38 0.143864750862122 0.14303894340992 0.141109704971313 0.141037791967392 0.145198196172714 0.152182564139366 0.155163586139679 0.150834247469902 0.14494389295578 0.149089723825455 0.145979642868042 0.139634326100349 0.138148531317711 0.140133574604988 0.145391941070557 0.151683926582336 0.151020154356956 0.141143321990967 0.146714940667152 0.146180003881454 0.135265409946442 0.136613175272942 0.143640264868736 0.153023362159729 0.157935917377472 0.147272035479546 0.147560402750969 0.141705363988876 0.138822063803673 0.14561353623867 0.144404396414757
-3.4e+38 -3.4e+38 -3.4e+38 -3.4e+38 -3.4e+38 -3.4e+38 -3.4e+38 -3.4e+38 -3.4e+38 -3.4e+38 -3.4e+38 -3.4e+38 -3.4e+38 -3.4e+38 -3.4e+38 0.145811900496483 0.140458732843399 0.142898693680763 0.144559636712074 0.142743498086929 0.138442367315292 0.138524532318115 0.143562808632851 0.146325886249542 0.145514324307442 0.149440065026283 0.144679114222527 0.138352870941162 0.139787614345551 0.148043915629387 0.145283475518227 0.144142135977745 0.143654853105545 0.141543462872505 0.148712545633316 0.148632153868675 0.140179052948952 0.135114997625351 0.142505675554276 0.154195874929428 0.155558466911316 0.14920012652874 0.146575704216957 0.147583067417145 0.150651142001152 0.152108386158943 0.147588074207306
-3.4e+38 -3.4e+38 -3.4e+38 -3.4e+38 -3.4e+38 -3.4e+38 -3.4e+38 -3.4e+38 -3.4e+38 -3.4e+38 -3.4e+38 -3.4e+38 -3.4e+38 -3.4e+38 0.147461012005806 0.145067095756531 0.139592811465263 0.140811994671822 0.142624706029892 0.14093953371048 0.136865004897118 0.135273829102516 0.140400275588036 0.143479824066162 0.142981842160225 0.142174497246742 0.147593006491661 0.14572411775589 0.145094126462936 0.147968545556068 0.141467064619064 0.138619691133499 0.14067505300045 0.143888384103775 0.145642638206482 0.152940854430199 0.143865615129471 0.13586850464344 0.139711037278175 0.15182426571846 0.146578192710876 0.143459752202034 0.147483289241791 0.153722181916237 0.159733772277832 0.156454846262932 0.151447594165802
-3.4e+38 -3.4e+38 -3.4e+38 -3.4e+38 -3.4e+38 -3.4e+38 -3.4e+38 -3.4e+38 -3.4e+38 -3.4e+38 -3.4e+38 -3.4e+38 -3.4e+38 0.147514775395393 0.142608925700188 0.146186396479607 0.143521577119827 0.138445302844048 0.138997703790665 0.141499847173691 0.141948714852333 0.141089394688606 0.142531499266624 0.142308726906776 0.138988956809044 0.139192596077919 0.149136930704117 0.148508012294769 0.147087559103966 0.14388020336628 0.138876855373383 0.138673111796379 0.140677616000175 0.143316328525543 0.146249651908875 0.154827192425728 0.14307077229023 0.14010326564312 0.146425262093544 0.153744831681252 0.147241994738579 0.143854543566704 0.147370517253876 0.153208404779434 0.15831832587719 0.154600203037262 0.1517373919487
-3.4e+38 -3.4e+38 -3.4e+38 -3.4e+38 -3.4e+38 -3.4e+38 -3.4e+38 -3.4e+38 -3.4e+38 -3.4e+38 -3.4e+38 -3.4e+38 0.144274890422821 0.146384686231613 0.136382579803467 0.152680173516273 0.15079128742218 0.138724341988564 0.134454444050789 0.140091523528099 0.144577458500862 0.146018087863922 0.144849225878716 0.142882764339447 0.142369136214256 0.141462773084641 0.144111454486847 0.144737184047699 0.145996451377869 0.142080515623093 0.1387028247118 0.140636160969734 0.144090741872787 0.146797463297844 0.149238437414169 0.149670585989952 0.137306496500969 0.138806566596031 0.14865517616272 0.155808240175247 0.151417165994644 0.145047292113304 0.143055319786072 0.143493056297302 0.144411563873291 0.147429004311562 0.150719463825226
-3.4e+38 -3.4e+38 -3.4e+38 -3.4e+38 -3.4e+38 -3.4e+38 -3.4e+38 -3.4e+38 -3.4e+38 -3.4e+38 -3.4e+38 0.145782381296158 0.149766117334366 0.14428822696209 0.136091142892838 0.14980448782444 0.149825349450111 0.139315024018288 0.133079454302788 0.139411836862564 0.143958747386932 0.141046047210693 0.136498525738716 0.13422866165638 0.142168253660202 0.139655485749245 0.136617109179497 0.137022376060486 0.14091594517231 0.138087376952171 0.138018593192101 0.142475306987762 0.148834511637688 0.151382192969322 0.150624051690102 0.148031502962112 0.142880111932755 0.143299624323845 0.14841465651989 0.153006583452225 0.151934444904327 0.148831397294998 0.144597843289375 0.141022011637688 0.140282094478607 0.145052433013916 0.152779415249825
-3.4e+38 -3.4e+38 -3.4e+38 -3.4e+38 -3.4e+38 -3.4e+38 -3.4e+38 -3.4e+38 -3.4e+38 -3.4e+38 0.141685947775841 0.143850475549698 0.151585072278976 0.147134512662888 0.13853220641613 0.139050677418709 0.143964216113091 0.137268558144569 0.135749623179436 0.14443139731884 0.153548315167427 0.139779135584831 0.131561055779457 0.132452890276909 0.1419348269701 0.138550981879234 0.136640533804893 0.139127567410469 0.142631128430367 0.138252034783363 0.139576375484467 0.145106673240662 0.150984391570091 0.15036629140377 0.147898867726326 0.150994196534157 0.151625871658325 0.14804208278656 0.144398108124733 0.143879175186157 0.149542167782784 0.157114893198013 0.157515496015549 0.151230648159981 0.147645235061646 0.149040713906288 0.155200123786926
-3.4e+38 -3.4e+38 -3.4e+38 -3.4e+38 -3.4e+38 -3.4e+38 -3.4e+38 -3.4e+38 -3.4e+38 0.138250425457954 0.138739302754402 0.136395558714867 0.135774955153465 0.13915242254734 0.13806077837944 0.135334745049477 0.137450486421585 0.135859072208405 0.138446897268295 0.147199064493179 0.152751892805099 0.135997995734215 0.133207842707634 0.138075575232506 0.145116120576859 0.144434750080109 0.141823828220367 0.146892249584198 0.147346332669258 0.140678927302361 0.14268234372139 0.147300109267235 0.148185685276985 0.145830020308495 0.143680199980736 0.150054484605789 0.153458386659622 0.150980472564697 0.148244082927704 0.146251708269119 0.151876345276833 0.159740522503853 0.164129957556725 0.161516040563583 0.161081686615944 0.156014204025269 0.154070913791656
-3.4e+38 -3.4e+38 -3.4e+38 -3.4e+38 -3.4e+38 -3.4e+38 -3.4e+38 -3.4e+38 0.139275163412094 0.150151476264 0.151502624154091 0.141745612025261 0.132345408201218 0.136748492717743 0.141249790787697 0.138313546776772 0.136304885149002 0.139577746391296 0.13983565568924 0.144409656524658 0.143261894583702 0.133800119161606 0.139181464910507 0.14382515847683 0.148766294121742 0.151238456368446 0.149763837456703 0.154618993401527 0.150851726531982 0.142140597105026 0.141396090388298 0.153950825333595 0.154356613755226 0.14483530819416 0.138630375266075 0.144337058067322 0.146300926804543 0.150147214531898 0.153320834040642 0.153354838490486 0.155548855662346 0.155295714735985 0.153470277786255 0.152248725295067 0.159736767411232 0.15436777472496 0.152689233422279
-3.4e+38 -3.4e+38 -3.4e+38 -3.4e+38 -3.4e+38 -3.4e+38 -3.4e+38 0.146940127015114 0.152956292033195 0.148743718862534 0.147755295038223 0.142390012741089 0.134918972849846 0.136324182152748 0.14332614839077 0.13764376938343 0.137223124504089 0.139446258544922 0.135776370763779 0.136398464441299 0.133333802223206 0.133321583271027 0.142803952097893 0.145929515361786 0.14531446993351 0.149647384881973 0.153600364923477 0.154492303729057 0.152986824512482 0.14887298643589 0.148558706045151 0.157883837819099 0.159268379211426 0.14406219124794 0.141176164150238 0.160869970917702 0.157233446836472 0.150835037231445 0.150783285498619 0.155190259218216 0.158836349844933 0.155448794364929 0.152698889374733 0.155412375926971 0.162746384739876 0.15003676712513 0.149004742503166
-3.4e+38 -3.4e+38 -3.4e+38 -3.4e+38 -3.4e+38 -3.4e+38 0.149837374687195 0.159692972898483 0.153572887182236 0.143045216798782 0.14342600107193 0.147596508264542 0.13847728073597 0.134351924061775 0.14248152077198 0.141172885894775 0.144108027219772 0.141076475381851 0.133453145623207 0.131825894117355 0.13538670539856 0.141882613301277 0.150174155831337 0.151835709810257 0.138660237193108 0.14380806684494 0.147151336073875 0.145517006516457 0.152118727564812 0.155694246292114 0.152649819850922 0.152967423200607 0.157013460993767 0.152838498353958 0.148426964879036 0.153131648898125 0.153941974043846 0.146367147564888 0.141671523451805 0.148179486393929 0.159802064299583 0.161337733268738 0.156937286257744 0.158529669046402 0.159982442855835 0.143927097320557 0.143234223127365
-3.4e+38 -3.4e+38 -3.4e+38 -3.4e+38 -3.4e+38 0.149998605251312 0.144527196884155 0.149839892983437 0.140849947929382 0.137995645403862 0.144878923892975 0.157256796956062 0.155055746436119 0.142459094524384 0.137683391571045 0.142052471637726 0.151896789669991 0.148501232266426 0.141732633113861 0.138991504907608 0.144846946001053 0.147634387016296 0.154558151960373 0.155254065990448 0.138526484370232 0.146695509552956 0.144774571061134 0.143238916993141 0.15157476067543 0.159457176923752 0.147000446915627 0.140343755483627 0.14827087521553 0.160385712981224 0.151002407073975 0.148516625165939 0.149806782603264 0.146382540464401 0.138831540942192 0.146425485610962 0.157212182879448 0.160641118884087 0.156503811478615 0.154474705457687 0.150652959942818 0.145068168640137 0.14495562016964
-3.4e+38 -3.4e+38 -3.4e+38 -3.4e+38 0.151922956109047 0.15200486779213 0.144882664084435 0.138248533010483 0.13234381377697 0.137746348977089 0.143478885293007 0.148991584777832 0.152827560901642 0.140639141201973 0.135339319705963 0.142109036445618 0.156435966491699 0.154154628515244 0.147510007023811 0.146828413009644 0.15186870098114 0.148167297244072 0.150921270251274 0.151820912957191 0.148567736148834 0.151431664824486 0.14660370349884 0.145222336053848 0.150515362620354 0.155586495995522 0.139580324292183 0.134518042206764 0.142223954200745 0.156188264489174 0.152726426720619 0.15631927549839 0.15838910639286 0.155498310923576 0.147560283541679 0.147229373455048 0.151617407798767 0.154046475887299 0.152048707008362 0.151613637804985 0.144716143608093 0.143714651465416 0.146929323673248
-3.4e+38 -3.4e+38 -3.4e+38 0.14189125597477 0.151392742991447 0.153180032968521 0.143332675099373 0.136546224355698 0.139326095581055 0.144424125552177 0.139231815934181 0.139526933431625 0.14586766064167 0.142796903848648 0.142458647489548 0.146007627248764 0.152556344866753 0.153264537453651 0.147425830364227 0.149632677435875 0.151996940374374 0.14773140847683 0.150515288114548 0.151071727275848 0.14776648581028 0.146118566393852 0.148384556174278 0.147448495030403 0.147649124264717 0.148183792829514 0.141954436898232 0.140564739704132 0.138470053672791 0.144832253456116 0.154295012354851 0.161748185753822 0.157193645834923 0.153468310832977 0.14924356341362 0.142468690872192 0.146049484610558 0.149524837732315 0.155263036489487 0.162251070141792 0.148744225502014 0.144135713577271 0.147729501128197
-3.4e+38 -3.4e+38 0.150054737925529 0.141716092824936 0.145885318517685 0.151578515768051 0.137210607528687 0.136953502893448 0.142019122838974 0.139448255300522 0.132976174354553 0.139639213681221 0.148021355271339 0.15543906390667 0.155051425099373 0.141847923398018 0.143225982785225 0.14948496222496 0.144408494234085 0.144599869847298 0.144084841012955 0.144604682922363 0.149277701973915 0.148744687438011 0.141334548592567 0.138846293091774 0.145971775054932 0.14768423140049 0.14404408633709 0.143446177244186 0.146224558353424 0.149719804525375 0.135494917631149 0.136133626103401 0.147840648889542 0.158563509583473 0.15417093038559 0.151805192232132 0.145336866378784 0.136926144361496 0.14368537068367 0.146981835365295 0.155766829848289 0.16258393228054 0.15063114464283 0.141542106866837 0.143490344285965
-3.4e+38 0.182309195399284 0.155574649572372 0.139415517449379 0.141324833035469 0.158625245094299 0.149697855114937 0.145136013627052 0.140987306833267 0.135741978883743 0.136651024222374 0.156050100922585 0.154986888170242 0.148490890860558 0.150044992566109 0.139870673418045 0.143666952848434 0.148724183440208 0.144901603460312 0.139445930719376 0.13886696100235 0.145143538713455 0.149791866540909 0.146190136671066 0.144495695829391 0.144707590341568 0.147317960858345 0.147158697247505 0.14098159968853 0.140711724758148 0.147819489240646 0.151055097579956 0.132996380329132 0.1302420347929 0.140303194522858 0.15088926255703 0.151311323046684 0.153144150972366 0.149973064661026 0.147217243909836 0.150270476937294 0.150903627276421 0.15486378967762 0.153204753994942 0.144850969314575 0.13681198656559 0.142523497343063
0.239538788795471 0.197324126958847 0.15445876121521 0.144920289516449 0.139433354139328 0.143928170204163 0.146743327379227 0.14385125041008 0.139174863696098 0.144257873296738 0.148606017231941 0.139403685927391 0.147554591298103 0.146021813154221 0.144614145159721 0.147398367524147 0.154367968440056 0.158303946256638 0.153812184929848 0.143061280250549 0.136341154575348 0.143695369362831 0.14732526242733 0.147049635648727 0.158967584371567 0.152490869164467 0.145159423351288 0.142459943890572 0.140602096915245 0.139005064964294 0.146974951028824 0.147452414035797 0.135982528328896 0.135408461093903 0.140812337398529 0.144066691398621 0.143789917230606 0.147082194685936 0.148179158568382 0.150122135877609 0.152665376663208 0.153709903359413 0.153982639312744 0.143537804484367 0.136794209480286 0.137862473726273 0.143440544605255
