data/trimmed_ndre/Od_ndre.610.2009_no_clouds.asc
NCOLS 144 
NROWS 65 
XLLCORNER 512965 
YLLCORNER 5150865 
CELLSIZE 5 
NODATA_value -3.4e+38 
[rows 42 to 62 of 65, columns 0 to 46 of 144]
-3.4e+38 -3.4e+38 -3.4e+38 -3.4e+38 -3.4e+38 -3.4e+38 -3.4e+38 -3.4e+38 -3.4e+38 -3.4e+38 -3.4e+38 -3.4e+38 -3.4e+38 -3.4e+38 -3.4e+38 -3.4e+38 -3.4e+38 -3.4e+38 -3.4e+38 -3.4e+38 -3.4e+38 0.417334318161011 0.422111064195633 0.413893640041351 0.400287598371506 0.406181961297989 0.429835706949234 0.421219170093536 0.412363499403 0.411189675331116 0.397271066904068 0.386150896549225 0.394547671079636 0.406873524188995 0.42072930932045 0.452446699142456 0.467936515808105 0.453390747308731 0.466051012277603 0.47398766875267 0.468910962343216 0.474018573760986 0.465371608734131 0.469953119754791 0.480330467224121 0.475088328123093 0.481531918048859
-3.4e+38 -3.4e+38 -3.4e+38 -3.4e+38 -3.4e+38 -3.4e+38 -3.4e+38 -3.4e+38 -3.4e+38 -3.4e+38 -3.4e+38 -3.4e+38 -3.4e+38 -3.4e+38 -3.4e+38 -3.4e+38 -3.4e+38 -3.4e+38 -3.4e+38 0.437990605831146 0.430000513792038 0.422753036022186 0.430460184812546 0.421070456504822 0.409363001585007 0.405383855104446 0.416680604219437 0.411189645528793 0.402545720338821 0.401428431272507 0.404380440711975 0.40895214676857 0.412542670965195 0.416151434183121 0.412682890892029 0.415893763303757 0.403936356306076 0.394208252429962 0.413277059793472 0.418296039104462 0.424800187349319 0.441032916307449 0.443583011627197 0.454025983810425 0.47255477309227 0.475868999958038 0.47441378235817
-3.4e+38 -3.4e+38 -3.4e+38 -3.4e+38 -3.4e+38 -3.4e+38 -3.4e+38 -3.4e+38 -3.4e+38 -3.4e+38 -3.4e+38 -3.4e+38 -3.4e+38 -3.4e+38 -3.4e+38 -3.4e+38 -3.4e+38 -3.4e+38 0.419868409633636 0.432435214519501 0.431845456361771 0.422282367944717 0.419680595397949 0.418733775615692 0.418022006750107 0.396595060825348 0.385094225406647 0.39126318693161 0.406185567378998 0.420713067054749 0.423309624195099 0.421636253595352 0.433103084564209 0.419559240341187 0.382746487855911 0.345213532447815 0.30814516544342 0.297016143798828 0.298489958047867 0.303995341062546 0.346177846193314 0.386446684598923 0.406650513410568 0.427408576011658 0.461489230394363 0.475604236125946 0.464264571666718
-3.4e+38 -3.4e+38 -3.4e+38 -3.4e+38 -3.4e+38 -3.4e+38 -3.4e+38 -3.4e+38 -3.4e+38 -3.4e+38 -3.4e+38 -3.4e+38 -3.4e+38 -3.4e+38 -3.4e+38 -3.4e+38 -3.4e+38 0.42032128572464 0.423740267753601 0.416764855384827 0.417762905359268 0.41192814707756 0.410088419914246 0.422778457403183 0.435740292072296 0.42358061671257 0.405259162187576 0.400563389062881 0.415958881378174 0.435316026210785 0.448871999979019 0.43469563126564 0.403713554143906 0.362811267375946 0.312269479036331 0.272043287754059 0.242235645651817 0.230607897043228 0.251514762639999 0.295049607753754 0.34410360455513 0.379110276699066 0.400720119476318 0.420264422893524 0.456276297569275 0.470556765794754 0.453365415334702
-3.4e+38 -3.4e+38 -3.4e+38 -3.4e+38 -3.4e+38 -3.4e+38 -3.4e+38 -3.4e+38 -3.4e+38 -3.4e+38 -3.4e+38 -3.4e+38 -3.4e+38 -3.4e+38 -3.4e+38 -3.4e+38 0.454222619533539 0.436333149671555 0.425013393163681 0.413335114717484 0.41186997294426 0.420890927314758 0.416936933994293 0.437882959842682 0.457979679107666 0.45977994799614 0.451780438423157 0.430847316980362 0.431474953889847 0.441974818706512 0.431451499462128 0.380502671003342 0.308731079101562 0.265182912349701 0.238917395472527 0.217089578509331 0.2411218136549 0.279681205749512 0.335361182689667 0.383281588554382 0.40620630979538 0.426670521497726 0.441463083028793 0.451569765806198 0.468044370412827 0.470860719680786 0.451166927814484
-3.4e+38 -3.4e+38 -3.4e+38 -3.4e+38 -3.4e+38 -3.4e+38 -3.4e+38 -3.4e+38 -3.4e+38 -3.4e+38 -3.4e+38 -3.4e+38 -3.4e+38 -3.4e+38 -3.4e+38 0.486233919858932 0.46177551150322 0.437921494245529 0.431920975446701 0.438131004571915 0.432625114917755 0.42845293879509 0.434090435504913 0.447777360677719 0.454487681388855 0.45704647898674 0.471493393182755 0.468245387077332 0.439521282911301 0.403540045022964 0.347427099943161 0.296661883592606 0.24646620452404 0.228445574641228 0.237038567662239 0.267737537622452 0.330036729574203 0.374730736017227 0.401105254888535 0.432286739349365 0.448691159486771 0.462977021932602 0.463959634304047 0.458762466907501 0.463829845190048 0.459242075681686 0.450202196836472
-3.4e+38 -3.4e+38 -3.4e+38 -3.4e+38 -3.4e+38 -3.4e+38 -3.4e+38 -3.4e+38 -3.4e+38 -3.4e+38 -3.4e+38 -3.4e+38 -3.4e+38 -3.4e+38 0.487669616937637 0.47931843996048 0.447239905595779 0.446591645479202 0.461928397417068 0.461211085319519 0.448301404714584 0.444351553916931 0.446778416633606 0.451942622661591 0.454676061868668 0.450218558311462 0.454511135816574 0.437471210956573 0.393997371196747 0.33170872926712 0.267848074436188 0.267456918954849 0.27820548415184 0.29451397061348 0.338383495807648 0.366937965154648 0.400873184204102 0.422337383031845 0.429753929376602 0.444265961647034 0.451689869165421 0.450482070446014 0.444338440895081 0.442537486553192 0.441713184118271 0.436671048402786 0.442787557840347
-3.4e+38 -3.4e+38 -3.4e+38 -3.4e+38 -3.4e+38 -3.4e+38 -3.4e+38 -3.4e+38 -3.4e+38 -3.4e+38 -3.4e+38 -3.4e+38 -3.4e+38 0.472243428230286 0.484230697154999 0.481248587369919 0.464547097682953 0.472427010536194 0.479327738285065 0.463911026716232 0.453789889812469 0.451346516609192 0.439722955226898 0.429676622152328 0.422836273908615 0.393848717212677 0.36977019906044 0.344229280948639 0.321063339710236 0.289516597986221 0.274846374988556 0.332685083150864 0.371213912963867 0.39133483171463 0.417275428771973 0.418235272169113 0.430211424827576 0.429424494504929 0.413422614336014 0.419112771749496 0.421465009450912 0.423507690429688 0.436078727245331 0.449024111032486 0.44342178106308 0.432871878147125 0.43342536687851
-3.4e+38 -3.4e+38 -3.4e+38 -3.4e+38 -3.4e+38 -3.4e+38 -3.4e+38 -3.4e+38 -3.4e+38 -3.4e+38 -3.4e+38 -3.4e+38 0.478418976068497 0.470229059457779 0.474062204360962 0.479040294885635 0.477730810642242 0.472058683633804 0.454291194677353 0.43327197432518 0.435952246189117 0.423831105232239 0.407068490982056 0.386217713356018 0.356893062591553 0.327223241329193 0.312484174966812 0.312000930309296 0.309810072183609 0.329975932836533 0.361734658479691 0.400769770145416 0.410974472761154 0.427972227334976 0.44370898604393 0.427948594093323 0.431726723909378 0.417016923427582 0.396314948797226 0.393755733966827 0.387120455503464 0.400977849960327 0.428068101406097 0.442975282669067 0.441348522901535 0.431093990802765 0.421907633543015
-3.4e+38 -3.4e+38 -3.4e+38 -3.4e+38 -3.4e+38 -3.4e+38 -3.4e+38 -3.4e+38 -3.4e+38 -3.4e+38 -3.4e+38 0.472769796848297 0.4701107442379 0.462683618068695 0.459357142448425 0.463748157024384 0.464770823717117 0.445921510457993 0.426736563444138 0.388075679540634 0.358992666006088 0.360059559345245 0.359370976686478 0.360524028539658 0.340749979019165 0.35566321015358 0.37508550286293 0.371031731367111 0.372514665126801 0.400038003921509 0.4111328125 0.411878257989883 0.40399956703186 0.416274547576904 0.424509555101395 0.406103312969208 0.412042438983917 0.403709501028061 0.40203183889389 0.413291841745377 0.392747312784195 0.383266150951385 0.396159917116165 0.407021343708038 0.407900840044022 0.411067515611649 0.406408309936523
-3.4e+38 -3.4e+38 -3.4e+38 -3.4e+38 -3.4e+38 -3.4e+38 -3.4e+38 -3.4e+38 -3.4e+38 -3.4e+38 0.485204666852951 0.479996591806412 0.471627920866013 0.457093000411987 0.452904224395752 0.453124940395355 0.445242524147034 0.425663352012634 0.400415778160095 0.371550500392914 0.351399302482605 0.362337499856949 0.37078469991684 0.393945783376694 0.40796235203743 0.398239731788635 0.413772255182266 0.413256704807281 0.41150164604187 0.407885730266571 0.386908143758774 0.393563479185104 0.401770114898682 0.396285831928253 0.404033362865448 0.395208030939102 0.391004145145416 0.403846919536591 0.403596937656403 0.40517857670784 0.392149418592453 0.370288968086243 0.37029492855072 0.372481316328049 0.374393105506897 0.38294193148613 0.384076029062271
-3.4e+38 -3.4e+38 -3.4e+38 -3.4e+38 -3.4e+38 -3.4e+38 -3.4e+38 -3.4e+38 -3.4e+38 0.495020389556885 0.485177248716354 0.490582346916199 0.478986412286758 0.466638594865799 0.463764131069183 0.458517879247665 0.435444116592407 0.419591039419174 0.410915285348892 0.407774925231934 0.409354329109192 0.408919751644135 0.427848905324936 0.438569694757462 0.440437763929367 0.419755935668945 0.412102162837982 0.394696176052094 0.388066023588181 0.392785727977753 0.37301567196846 0.378401309251785 0.400072872638702 0.40106862783432 0.414477437734604 0.422147572040558 0.40638342499733 0.395367950201035 0.379981696605682 0.369608461856842 0.373460173606873 0.3702412545681 0.368663102388382 0.356016218662262 0.350413352251053 0.36202734708786 0.368707865476608
-3.4e+38 -3.4e+38 -3.4e+38 -3.4e+38 -3.4e+38 -3.4e+38 -3.4e+38 -3.4e+38 0.463492453098297 0.493765532970428 0.488816380500793 0.489451259374619 0.491764396429062 0.477254390716553 0.464058756828308 0.449273228645325 0.417102813720703 0.419422090053558 0.43053787946701 0.423438340425491 0.415414243936539 0.41704049706459 0.437025398015976 0.434579581022263 0.426872164011002 0.41092124581337 0.395203173160553 0.396104127168655 0.399482816457748 0.399377286434174 0.391133636236191 0.386157780885696 0.396210074424744 0.41304686665535 0.414688110351562 0.412363618612289 0.3869748711586 0.369455128908157 0.368236601352692 0.353884130716324 0.345516234636307 0.352697461843491 0.360684186220169 0.358807623386383 0.35243147611618 0.356646984815598 0.367430806159973
-3.4e+38 -3.4e+38 -3.4e+38 -3.4e+38 -3.4e+38 -3.4e+38 -3.4e+38 0.437519937753677 0.472373217344284 0.4871726334095 0.484125196933746 0.479237824678421 0.485050797462463 0.463485538959503 0.431450217962265 0.41582578420639 0.407904624938965 0.417129367589951 0.422535181045532 0.414854794740677 0.404582411050797 0.387224286794662 0.384913086891174 0.386730074882507 0.37430077791214 0.356353104114532 0.358465135097504 0.387103110551834 0.408415973186493 0.432253867387772 0.423209875822067 0.407079488039017 0.383024841547012 0.381732225418091 0.390320420265198 0.383046627044678 0.370667368173599 0.368839770555496 0.360935747623444 0.360619753599167 0.355980157852173 0.35528764128685 0.354785621166229 0.35641348361969 0.351120829582214 0.349295556545258 0.348541110754013
-3.4e+38 -3.4e+38 -3.4e+38 -3.4e+38 -3.4e+38 -3.4e+38 0.428576648235321 0.445269167423248 0.478866577148438 0.482780247926712 0.468634396791458 0.46294841170311 0.462134122848511 0.442154169082642 0.415930569171906 0.408473610877991 0.412171244621277 0.403854697942734 0.395827233791351 0.386929363012314 0.378761947154999 0.350784927606583 0.349617570638657 0.368619590997696 0.36192062497139 0.378921389579773 0.374978274106979 0.384408533573151 0.411236941814423 0.437103539705276 0.412322521209717 0.377674281597137 0.372550487518311 0.355747610330582 0.365733534097672 0.376631736755371 0.37108051776886 0.378352671861649 0.367857217788696 0.365807980298996 0.374213308095932 0.371056228876114 0.364047050476074 0.358648359775543 0.352409183979034 0.357341259717941 0.354610949754715
-3.4e+38 -3.4e+38 -3.4e+38 -3.4e+38 -3.4e+38 0.413337886333466 0.431932240724564 0.425745934247971 0.446857839822769 0.465072423219681 0.450105994939804 0.448704302310944 0.44134259223938 0.423069298267365 0.41720312833786 0.42405578494072 0.412562131881714 0.38732248544693 0.376384496688843 0.362565726041794 0.361707180738449 0.370373129844666 0.376828074455261 0.389159172773361 0.389214903116226 0.391631931066513 0.39616259932518 0.385670989751816 0.384109824895859 0.382322430610657 0.382871240377426 0.374936401844025 0.38385346531868 0.366122514009476 0.366673678159714 0.38976377248764 0.407073557376862 0.390213817358017 0.380152732133865 0.383950352668762 0.386656075716019 0.371571630239487 0.362347692251205 0.366293758153915 0.371231824159622 0.386398702859879 0.382333040237427
-3.4e+38 -3.4e+38 -3.4e+38 -3.4e+38 0.413502782583237 0.411006242036819 0.423659801483154 0.393239587545395 0.393110930919647 0.438728362321854 0.440148651599884 0.429064899682999 0.418813496828079 0.409317463636398 0.40824356675148 0.431272596120834 0.424413174390793 0.390336483716965 0.381525218486786 0.378719419240952 0.369900315999985 0.371855676174164 0.398273289203644 0.41830974817276 0.419273287057877 0.393250226974487 0.404877841472626 0.394661396741867 0.381440132856369 0.382244139909744 0.393492579460144 0.389039814472198 0.390700161457062 0.394567936658859 0.391786515712738 0.401778310537338 0.421859055757523 0.408870428800583 0.413694441318512 0.42337754368782 0.421625345945358 0.401392996311188 0.381132990121841 0.380632191896439 0.396070331335068 0.40732678771019 0.391850590705872
-3.4e+38 -3.4e+38 -3.4e+38 0.401396930217743 0.427376598119736 0.428193122148514 0.407730609178543 0.389374375343323 0.368787109851837 0.385798215866089 0.40791517496109 0.40472537279129 0.40655517578125 0.418635547161102 0.41294601559639 0.41011968255043 0.419856756925583 0.414591163396835 0.406125515699387 0.404517978429794 0.38936123251915 0.39446085691452 0.426663964986801 0.435381233692169 0.441788166761398 0.433284074068069 0.419272035360336 0.408702254295349 0.392889440059662 0.402349859476089 0.408124536275864 0.400259554386139 0.406576216220856 0.39712455868721 0.396222203969955 0.403793215751648 0.420580744743347 0.444351762533188 0.440975993871689 0.430401772260666 0.427135825157166 0.413108944892883 0.403716921806335 0.404924154281616 0.427639663219452 0.435222834348679 0.413540929555893
-3.4e+38 -3.4e+38 0.393997311592102 0.403536647558212 0.427614241838455 0.41987743973732 0.401993840932846 0.401698291301727 0.357845783233643 0.343791514635086 0.378767818212509 0.385800123214722 0.376482725143433 0.396112978458405 0.40698516368866 0.394755005836487 0.409111887216568 0.425486981868744 0.42992103099823 0.43714439868927 0.432761311531067 0.426380574703217 0.430475383996964 0.438889503479004 0.43806004524231 0.431320607662201 0.41811814904213 0.416546911001205 0.407508254051208 0.423608899116516 0.424453228712082 0.386166870594025 0.404380649328232 0.408003330230713 0.406352609395981 0.413497000932693 0.42356264591217 0.438724845647812 0.445714920759201 0.429351717233658 0.419840008020401 0.414340168237686 0.415117770433426 0.420870244503021 0.435943275690079 0.434517502784729 0.421705901622772
-3.4e+38 0.408058911561966 0.401072651147842 0.392115861177444 0.40181428194046 0.420839011669159 0.413165152072906 0.405314952135086 0.373011112213135 0.353243798017502 0.382314383983612 0.379293441772461 0.354195147752762 0.374666333198547 0.405802220106125 0.408972650766373 0.416700392961502 0.435227304697037 0.443659394979477 0.442443013191223 0.434271901845932 0.42376834154129 0.425921648740768 0.436186105012894 0.433967798948288 0.415997922420502 0.404589831829071 0.415869504213333 0.422587275505066 0.436716377735138 0.436245858669281 0.407842248678207 0.421622633934021 0.43014121055603 0.413536906242371 0.411669701337814 0.445249199867249 0.447463363409042 0.432541340589523 0.422957360744476 0.424042522907257 0.426058977842331 0.426739752292633 0.425697088241577 0.42945596575737 0.415992826223373 0.41190430521965
0.436615914106369 0.427497863769531 0.413815677165985 0.378561168909073 0.378141283988953 0.415555834770203 0.399936258792877 0.398191273212433 0.398352742195129 0.364180475473404 0.367032766342163 0.386293768882751 0.383938878774643 0.384243696928024 0.399620682001114 0.401192516088486 0.394618093967438 0.404888808727264 0.41925236582756 0.418879479169846 0.408293306827545 0.405362993478775 0.405337870121002 0.412307411432266 0.413435012102127 0.403602093458176 0.399903535842896 0.406389385461807 0.416121065616608 0.427229791879654 0.427115380764008 0.421153962612152 0.42738950252533 0.430068850517273 0.415136605501175 0.420955747365952 0.448072522878647 0.433197170495987 0.420600414276123 0.427107214927673 0.428366363048553 0.421218186616898 0.412734150886536 0.410418212413788 0.414149105548859 0.403101861476898 0.408810436725616
