data/trimmed_ndre/Od_ndre.627.2010_no_clouds.asc
NCOLS 144 
NROWS 65 
XLLCORNER 512965 
YLLCORNER 5150865 
CELLSIZE 5 
NODATA_value -3.4e+38 
[rows 21 to 41 of 65, columns 47 to 93 of 144]
0.18017965555191 0.181849047541618 0.17737740278244 0.168020933866501 0.158115074038506 0.163295105099678 0.183449074625969 0.184053257107735 0.168118640780449 0.169802516698837 0.168030858039856 0.168551445007324 0.167167901992798 0.162425264716148 0.15399569272995 0.173727825284004 0.176836609840393 0.165827557444572 0.171569913625717 0.177201062440872 0.170116484165192 0.174803912639618 0.181071564555168 0.180995389819145 0.179450929164886 0.176155045628548 0.171672821044922 0.179378926753998 0.172803491353989 0.160219684243202 0.18807178735733 0.18180838227272 0.163177788257599 0.16240605711937 0.166443213820457 0.176648616790771 0.174081802368164 0.172087699174881 0.174379914999008 0.165775313973427 0.160015046596527 0.162858322262764 0.167252764105797 0.173314496874809 0.177967980504036 0.170820280909538 0.160711616277695
0.162765562534332 0.17632032930851 0.19479264318943 0.18343722820282 0.170645728707314 0.157019898295403 0.166575834155083 0.183199718594551 0.175092592835426 0.17839452624321 0.190399765968323 0.18360747396946 0.161897793412209 0.157112583518028 0.166751489043236 0.186565697193146 0.19167572259903 0.17330239713192 0.158534824848175 0.151787206530571 0.161076739430428 0.172294184565544 0.16388863325119 0.161273613572121 0.166808053851128 0.173651292920113 0.173217996954918 0.159959927201271 0.170269817113876 0.173532322049141 0.175462290644646 0.162702336907387 0.153909623622894 0.15681554377079 0.155386403203011 0.172741308808327 0.178647607564926 0.166884198784828 0.168810114264488 0.170976117253304 0.157547563314438 0.157486155629158 0.166655257344246 0.162716135382652 0.161290943622589 0.166217938065529 0.158375695347786
0.169832348823547 0.18919475376606 0.214561119675636 0.200146794319153 0.191130146384239 0.184671953320503 0.175190776586533 0.185536444187164 0.186699345707893 0.170049667358398 0.168953463435173 0.176342874765396 0.173704043030739 0.168766438961029 0.17834560573101 0.188307479023933 0.181405022740364 0.168951526284218 0.166426703333855 0.154125303030014 0.159668669104576 0.169379949569702 0.15886090695858 0.163433358073235 0.170751720666885 0.171809956431389 0.168404161930084 0.161991313099861 0.169137954711914 0.161723047494888 0.147787243127823 0.14522910118103 0.159122437238693 0.171573787927628 0.164758995175362 0.172036990523338 0.171323463320732 0.155431777238846 0.160418003797531 0.165623694658279 0.15761199593544 0.14901465177536 0.154766067862511 0.153581455349922 0.142765060067177 0.157278344035149 0.180188566446304
0.178951695561409 0.178693816065788 0.181658655405045 0.191181972622871 0.180883124470711 0.17390863597393 0.169854342937469 0.171223804354668 0.171920731663704 0.166422456502914 0.170604258775711 0.166376113891602 0.170652478933334 0.174674808979034 0.166459456086159 0.169376015663147 0.177953824400902 0.170103132724762 0.167177885770798 0.163064822554588 0.174994960427284 0.183596968650818 0.17081193625927 0.173772513866425 0.176351577043533 0.168516054749489 0.159346833825111 0.162849962711334 0.174861431121826 0.175114765763283 0.157036602497101 0.149409577250481 0.159805685281754 0.166434571146965 0.161632046103477 0.167109370231628 0.163829073309898 0.153296902775764 0.156609386205673 0.167920812964439 0.168495953083038 0.158378288149834 0.154383912682533 0.163535788655281 0.17312578856945 0.176560774445534 0.186428382992744
0.169088065624237 0.178656667470932 0.177071049809456 0.175623834133148 0.17439641058445 0.160839170217514 0.167995125055313 0.172724083065987 0.172087073326111 0.16661311686039 0.166110634803772 0.160890266299248 0.157232463359833 0.177967324852943 0.174989327788353 0.164767622947693 0.172488853335381 0.169289752840996 0.159668356180191 0.158074736595154 0.155042082071304 0.175765663385391 0.184571534395218 0.174849525094032 0.172368913888931 0.171476796269417 0.16367219388485 0.161904439330101 0.174154013395309 0.184047773480415 0.168610796332359 0.152039274573326 0.162017866969109 0.157442793250084 0.151562720537186 0.158383801579475 0.170115798711777 0.16749706864357 0.163635492324829 0.170875862240791 0.175694584846497 0.172172531485558 0.168948709964752 0.168176501989365 0.176589071750641 0.174394205212593 0.170983418822289
0.161660254001617 0.160582527518272 0.173086896538734 0.174263313412666 0.179205998778343 0.164966195821762 0.157044529914856 0.173823639750481 0.18506383895874 0.178263127803802 0.16612933576107 0.184754475951195 0.181132018566132 0.170553505420685 0.167795211076736 0.161375418305397 0.165004596114159 0.184233665466309 0.179350167512894 0.163521572947502 0.147728741168976 0.165354385972023 0.179235875606537 0.164668440818787 0.169959932565689 0.172517344355583 0.160914435982704 0.158522456884384 0.161346092820168 0.165727317333221 0.1676304936409 0.160425364971161 0.15947313606739 0.155065625905991 0.147386208176613 0.152228519320488 0.163697421550751 0.171084880828857 0.167670667171478 0.168484032154083 0.165228143334389 0.164896279573441 0.176843881607056 0.175232529640198 0.16852667927742 0.174873948097229 0.181313574314117
0.157791197299957 0.15397447347641 0.168610632419586 0.16650016605854 0.161817938089371 0.175680592656136 0.169196918606758 0.175264805555344 0.188990324735641 0.189809754490852 0.18408191204071 0.18960890173912 0.195305839180946 0.180768877267838 0.167624816298485 0.159186825156212 0.168909639120102 0.174153700470924 0.155703976750374 0.151298925280571 0.163645952939987 0.173243075609207 0.163064628839493 0.149014055728912 0.163503721356392 0.168505102396011 0.158957168459892 0.164693474769592 0.172939032316208 0.170927777886391 0.166805028915405 0.160175576806068 0.155325293540955 0.160147964954376 0.157827243208885 0.158693566918373 0.16311939060688 0.166856974363327 0.170521944761276 0.167865455150604 0.163608491420746 0.170488491654396 0.188450857996941 0.183487147092819 0.177690923213959 0.17959226667881 0.180081754922867
0.15967769920826 0.164493337273598 0.160089522600174 0.169246435165405 0.169243767857552 0.172793596982956 0.169066488742828 0.17113384604454 0.185983747243881 0.180479645729065 0.175071477890015 0.178317174315453 0.188312202692032 0.194505944848061 0.170495882630348 0.140304774045944 0.154294058680534 0.16645085811615 0.146320044994354 0.161922484636307 0.182694107294083 0.181801974773407 0.156850755214691 0.143852159380913 0.162908181548119 0.166139274835587 0.160691246390343 0.165235042572021 0.170425191521645 0.171372503042221 0.165595933794975 0.165525764226913 0.164876505732536 0.160418778657913 0.14912286400795 0.159927383065224 0.17365126311779 0.169489920139313 0.170741647481918 0.172759965062141 0.178860828280449 0.18772466480732 0.192263200879097 0.17955918610096 0.178366675972939 0.186931252479553 0.183884799480438
0.160892009735107 0.166713804006577 0.155507907271385 0.166194826364517 0.16719351708889 0.160654112696648 0.165473446249962 0.157636433839798 0.164502501487732 0.17425662279129 0.168886810541153 0.166150882840157 0.166921019554138 0.176451086997986 0.176734507083893 0.156623810529709 0.161401197314262 0.169660195708275 0.156195804476738 0.167327553033829 0.177751168608665 0.173171907663345 0.161348402500153 0.157786965370178 0.165195614099503 0.160631522536278 0.154830113053322 0.163414016366005 0.182317331433296 0.184647247195244 0.176716536283493 0.171345964074135 0.17100028693676 0.165115281939507 0.152641102671623 0.159165143966675 0.173954546451569 0.171193197369576 0.182205602526665 0.189292952418327 0.188804164528847 0.196944013237953 0.196318849921227 0.181496232748032 0.180156737565994 0.190169885754585 0.189611732959747
0.16580893099308 0.172590643167496 0.159654855728149 0.154676824808121 0.164189383387566 0.164042055606842 0.161384016275406 0.156312867999077 0.160357654094696 0.176013544201851 0.171437412500381 0.169308543205261 0.172393962740898 0.171254470944405 0.176290035247803 0.174175336956978 0.162148863077164 0.154788881540298 0.155390024185181 0.171416118741035 0.179044783115387 0.176777929067612 0.175179436802864 0.168192744255066 0.169209614396095 0.167986363172531 0.151934400200844 0.1681949198246 0.201981261372566 0.196851968765259 0.188484311103821 0.191689401865005 0.187481343746185 0.187217086553574 0.183695003390312 0.186516642570496 0.192506819963455 0.184351712465286 0.1905896961689 0.191048607230186 0.183001786470413 0.191839337348938 0.209304794669151 0.209591373801231 0.199516296386719 0.195000857114792 0.193668439984322
0.168120503425598 0.171418190002441 0.165599286556244 0.161100476980209 0.173659950494766 0.171925023198128 0.160169288516045 0.160101786255836 0.164291515946388 0.167549520730972 0.166339516639709 0.166903257369995 0.166089296340942 0.162498965859413 0.161238700151443 0.162164941430092 0.165252432227135 0.176001578569412 0.175122365355492 0.176391825079918 0.184249088168144 0.186563536524773 0.184125304222107 0.176259264349937 0.184774100780487 0.191100016236305 0.171454653143883 0.1798045784235 0.208577632904053 0.203590765595436 0.186129778623581 0.180837154388428 0.179282635450363 0.180329322814941 0.180379867553711 0.180887997150421 0.190355479717255 0.188322782516479 0.180713951587677 0.182307526469231 0.187233835458755 0.199109807610512 0.217872247099876 0.226769313216209 0.219220235943794 0.215113013982773 0.210346326231956
0.174652695655823 0.169616416096687 0.180726081132889 0.183703765273094 0.182992190122604 0.185623347759247 0.177308410406113 0.167548030614853 0.1695297062397 0.164924129843712 0.160704806447029 0.165934458374977 0.161735326051712 0.162529096007347 0.165360257029533 0.160280659794807 0.167895153164864 0.187932893633842 0.183656275272369 0.176054567098618 0.186449155211449 0.194338992238045 0.200131937861443 0.195299476385117 0.197803497314453 0.20584924519062 0.194582372903824 0.185327485203743 0.197925746440887 0.198898524045944 0.170377537608147 0.153475612401962 0.167331784963608 0.193508625030518 0.192132979631424 0.172502905130386 0.18493527173996 0.191044449806213 0.180547431111336 0.186077862977982 0.18804369866848 0.195409446954727 0.208031505346298 0.208564102649689 0.209662318229675 0.212540715932846 0.208933889865875
0.179504320025444 0.180662244558334 0.199117943644524 0.199753373861313 0.181792870163918 0.194152027368546 0.194326102733612 0.188331857323647 0.196934372186661 0.183291167020798 0.171915367245674 0.181807294487953 0.167252391576767 0.165516525506973 0.175506412982941 0.17274197936058 0.172927036881447 0.178703308105469 0.177319154143333 0.177602171897888 0.186350345611572 0.194316416978836 0.203612312674522 0.199885353446007 0.187117651104927 0.191583156585693 0.194037094712257 0.182174921035767 0.185731023550034 0.192028254270554 0.178895831108093 0.166731283068657 0.174460336565971 0.198613494634628 0.19136868417263 0.177627086639404 0.193532720208168 0.182670891284943 0.17788852751255 0.201080977916718 0.185295343399048 0.171986654400826 0.193322196602821 0.195896223187447 0.194305226206779 0.201489135622978 0.201406732201576
0.183684483170509 0.19336986541748 0.20111671090126 0.197735980153084 0.181397914886475 0.18746891617775 0.178379252552986 0.177260294556618 0.195937931537628 0.189872086048126 0.186923503875732 0.196992963552475 0.174395874142647 0.173237010836601 0.192226484417915 0.189284861087799 0.186630815267563 0.191553294658661 0.195305645465851 0.186396270990372 0.177831277251244 0.181223168969154 0.191157564520836 0.187425881624222 0.176875740289688 0.180720597505569 0.186810493469238 0.183255329728127 0.184079647064209 0.189847007393837 0.1905687302351 0.184627085924149 0.185262143611908 0.185648798942566 0.160969510674477 0.156735941767693 0.173905596137047 0.163168385624886 0.174645394086838 0.206968128681183 0.203148350119591 0.180472806096077 0.182141050696373 0.188949197530746 0.183657944202423 0.188371106982231 0.200328409671783
0.179729342460632 0.187403485178947 0.1906598508358 0.198599830269814 0.191909953951836 0.178630188107491 0.172085583209991 0.176349475979805 0.18714140355587 0.181751176714897 0.182252928614616 0.184797823429108 0.168262973427773 0.181268453598022 0.19947375357151 0.191439986228943 0.187114760279655 0.187644109129906 0.193067848682404 0.188904047012329 0.178356423974037 0.177395537495613 0.186846137046814 0.188464164733887 0.181676417589188 0.183024153113365 0.184198349714279 0.184647783637047 0.186187699437141 0.18945474922657 0.197172969579697 0.201202601194382 0.202459052205086 0.194060772657394 0.166585236787796 0.1573286652565 0.167946696281433 0.165078386664391 0.177399218082428 0.194543465971947 0.193955615162849 0.183659926056862 0.178930044174194 0.189763993024826 0.177725225687027 0.174543306231499 0.191444739699364
0.182092502713203 0.178909301757812 0.185299754142761 0.201751962304115 0.201956197619438 0.194673657417297 0.196041315793991 0.189679622650146 0.191702887415886 0.192031905055046 0.189219132065773 0.183898836374283 0.180972918868065 0.197615697979927 0.200503557920456 0.184416621923447 0.179992690682411 0.178136363625526 0.185345485806465 0.19380034506321 0.201508402824402 0.195081666111946 0.188930928707123 0.186984524130821 0.192241430282593 0.196002870798111 0.184008374810219 0.181002721190453 0.192430436611176 0.200256064534187 0.202883034944534 0.204506024718285 0.197645723819733 0.181226417422295 0.167941004037857 0.167971029877663 0.16786552965641 0.16906775534153 0.18806529045105 0.187974706292152 0.175901502370834 0.177805751562119 0.177700445055962 0.182185113430023 0.174029245972633 0.175706565380096 0.188698574900627
0.185402825474739 0.17535100877285 0.177933543920517 0.190424785017967 0.190424859523773 0.193601161241531 0.197637036442757 0.182451874017715 0.180575102567673 0.192443996667862 0.189203515648842 0.196163266897202 0.207451194524765 0.21615281701088 0.215389773249626 0.194867178797722 0.181338027119637 0.184539616107941 0.192351296544075 0.199837192893028 0.217853158712387 0.209648936986923 0.186198800802231 0.180545493960381 0.1949163377285 0.204492226243019 0.190068081021309 0.182233154773712 0.195738166570663 0.212429419159889 0.208268374204636 0.193043053150177 0.18617607653141 0.172217488288879 0.166741669178009 0.174890726804733 0.162235915660858 0.157227054238319 0.179206877946854 0.183470636606216 0.172843933105469 0.178394734859467 0.173051759600639 0.167326003313065 0.166714787483215 0.175120234489441 0.183834224939346
0.189266636967659 0.173854768276215 0.181203246116638 0.192587018013 0.178503692150116 0.179524064064026 0.180888503789902 0.168261423707008 0.176796212792397 0.190231293439865 0.185576632618904 0.198002904653549 0.198992431163788 0.192093536257744 0.202590584754944 0.198157623410225 0.188293874263763 0.202874436974525 0.206804797053337 0.201381370425224 0.209361687302589 0.201151356101036 0.183397144079208 0.17901049554348 0.192550405859947 0.209482923150063 0.202599331736565 0.185068488121033 0.183537408709526 0.198023349046707 0.193681463599205 0.185860082507133 0.186131536960602 0.173565626144409 0.168357476592064 0.178860530257225 0.174463927745819 0.168336525559425 0.179708480834961 0.185066804289818 0.175602808594704 0.167190164327621 0.177365720272064 0.176493614912033 0.171495154500008 0.176298543810844 0.191551804542542
0.177628964185715 0.167258784174919 0.182768300175667 0.196708813309669 0.183716744184494 0.188508823513985 0.183959797024727 0.169958963990211 0.176165461540222 0.188760817050934 0.187197417020798 0.193775847554207 0.192917495965958 0.180855974555016 0.191029846668243 0.184023663401604 0.17492963373661 0.189489766955376 0.196360319852829 0.193623006343842 0.191953048110008 0.190415158867836 0.191967993974686 0.191941916942596 0.186167106032372 0.19253109395504 0.196800425648689 0.185411006212234 0.165798529982567 0.164638206362724 0.167213827371597 0.186321824789047 0.188545688986778 0.169606417417526 0.16063229739666 0.169844523072243 0.174606263637543 0.179173961281776 0.183573663234711 0.172945514321327 0.162887424230576 0.164346814155579 0.187882527709007 0.188788965344429 0.172292500734329 0.170322254300117 0.178415104746819
0.175830483436584 0.162506848573685 0.173476919531822 0.190122082829475 0.188696995377541 0.187469363212585 0.181240424513817 0.174730345606804 0.179863527417183 0.188942834734917 0.180297762155533 0.17099092900753 0.1801428347826 0.187194228172302 0.193761736154556 0.183581873774529 0.170824214816093 0.171447485685349 0.185013115406036 0.194119915366173 0.193615183234215 0.190190926194191 0.191987574100494 0.188934653997421 0.173745885491371 0.172370254993439 0.183001399040222 0.184875696897507 0.172146022319794 0.160439178347588 0.164072930812836 0.181755676865578 0.180957168340683 0.161744773387909 0.148428842425346 0.15065498650074 0.160595193505287 0.168281495571136 0.161122709512711 0.152358129620552 0.163764506578445 0.176680490374565 0.181834369897842 0.182073011994362 0.170196235179901 0.161807134747505 0.164652183651924
0.184615284204483 0.170857116580009 0.181137204170227 0.191359713673592 0.185923099517822 0.174009948968887 0.174130842089653 0.17397503554821 0.183751225471497 0.190834194421768 0.181999430060387 0.163992896676064 0.173353806138039 0.184934243559837 0.178536579012871 0.159940347075462 0.154902204871178 0.162918329238892 0.18001689016819 0.193021506071091 0.193431079387665 0.191644936800003 0.185929164290428 0.178571984171867 0.172559127211571 0.162259086966515 0.168622553348541 0.181546345353127 0.185939490795135 0.184712246060371 0.17550028860569 0.17577275633812 0.157450243830681 0.143875867128372 0.153863683342934 0.165668517351151 0.168597787618637 0.171471565961838 0.169008523225784 0.167219579219818 0.177508756518364 0.176848217844963 0.170826464891434 0.174185246229172 0.169533044099808 0.170771226286888 0.179164722561836
