data/trimmed_ndre/Od_ndre.711.2014_no_clouds.asc
NCOLS 144 
NROWS 65 
XLLCORNER 512965 
YLLCORNER 5150865 
CELLSIZE 5 
NODATA_value -3.4e+38 
[rows 42 to 62 of 65, columns 47 to 93 of 144]
0.512401640415192 0.510692894458771 0.518181681632996 0.519426167011261 0.511556446552277 0.505912721157074 0.522170066833496 0.518877446651459 0.510709226131439 0.509048223495483 0.497701108455658 0.487937718629837 0.468408674001694 0.443061739206314 0.433546900749207 0.428662359714508 0.41642951965332 0.419995725154877 0.456362545490265 0.487820416688919 0.500446140766144 0.506495594978333 0.506161212921143 0.503272771835327 0.500446081161499 0.504349529743195 0.502431154251099 0.499730736017227 0.493536174297333 0.47576493024826 0.450040906667709 0.430001318454742 0.429874211549759 0.447329223155975 0.460901230573654 0.468152523040771 0.468158811330795 0.472470879554749 0.485268265008926 0.493615180253983 0.515013754367828 0.511134028434753 0.498014032840729 0.505102038383484 0.517340838909149 0.51809024810791 0.500803768634796
0.506998538970947 0.500143885612488 0.514311969280243 0.521906971931458 0.511307060718536 0.50494784116745 0.526100516319275 0.526499092578888 0.516665518283844 0.511830270290375 0.505612134933472 0.494442969560623 0.482275158166885 0.469516426324844 0.461555451154709 0.451642543077469 0.438287556171417 0.436131328344345 0.46247923374176 0.487341821193695 0.503292858600616 0.512283802032471 0.507984101772308 0.500312924385071 0.503113269805908 0.509143710136414 0.507944643497467 0.502829790115356 0.501096427440643 0.491624504327774 0.479145646095276 0.475266933441162 0.474543422460556 0.476937502622604 0.484572440385818 0.486408889293671 0.486639678478241 0.493287235498428 0.490971326828003 0.47848379611969 0.490527480840683 0.500251770019531 0.495723813772202 0.505010068416595 0.512230277061462 0.50503134727478 0.491665840148926
0.503906071186066 0.498992055654526 0.514356136322021 0.528501152992249 0.518862247467041 0.507931053638458 0.522189140319824 0.52083146572113 0.512836277484894 0.513933658599854 0.513265490531921 0.49998340010643 0.495021522045135 0.494357347488403 0.482633471488953 0.470358073711395 0.472890317440033 0.480247646570206 0.488698482513428 0.492062717676163 0.496593654155731 0.502451002597809 0.505855977535248 0.50231921672821 0.498153239488602 0.503824353218079 0.510052621364594 0.509868919849396 0.508854866027832 0.508973062038422 0.507780373096466 0.508141040802002 0.50128698348999 0.497022688388824 0.500813961029053 0.500827372074127 0.490724056959152 0.48603755235672 0.473707944154739 0.462057441473007 0.472419232130051 0.473299831151962 0.474811762571335 0.489449471235275 0.493793904781342 0.488039076328278 0.478267252445221
0.507608413696289 0.508734345436096 0.513442635536194 0.521601259708405 0.524255275726318 0.515527009963989 0.512077569961548 0.510777652263641 0.504337251186371 0.518304765224457 0.526206791400909 0.506569743156433 0.509881913661957 0.509914398193359 0.495164483785629 0.493592709302902 0.493332207202911 0.497615933418274 0.504622995853424 0.495330929756165 0.490461647510529 0.503016829490662 0.511259496212006 0.50160413980484 0.489989012479782 0.495010077953339 0.499024748802185 0.502360165119171 0.503543555736542 0.50629734992981 0.506764113903046 0.510845720767975 0.509015142917633 0.507588326931 0.502458989620209 0.485223382711411 0.464046537876129 0.45075261592865 0.44228982925415 0.426761567592621 0.427388429641724 0.424293011426926 0.43326398730278 0.454242557287216 0.47552415728569 0.473302721977234 0.45197257399559
0.506739854812622 0.506672978401184 0.514950394630432 0.520460069179535 0.528276562690735 0.518920958042145 0.507548332214355 0.510552883148193 0.510122954845428 0.522786796092987 0.526134192943573 0.512375771999359 0.52018928527832 0.515599250793457 0.510230541229248 0.508634030818939 0.485407710075378 0.483768314123154 0.500711441040039 0.496951013803482 0.492947787046432 0.491602540016174 0.485168784856796 0.475600391626358 0.474175989627838 0.472179263830185 0.467411816120148 0.477999836206436 0.479720771312714 0.481730341911316 0.487935692071915 0.499040216207504 0.502228915691376 0.495367676019669 0.479362785816193 0.453707039356232 0.426063776016235 0.414873361587524 0.401265621185303 0.375974029302597 0.371973693370819 0.381766319274902 0.403291285037994 0.420451581478119 0.430314958095551 0.431799471378326 0.419733583927155
0.514984130859375 0.514514029026031 0.520190715789795 0.523702502250671 0.525254964828491 0.518418669700623 0.513228058815002 0.516358613967896 0.516667783260345 0.515651702880859 0.514294147491455 0.512612044811249 0.515777468681335 0.508857429027557 0.503689765930176 0.494914889335632 0.476499438285828 0.480916887521744 0.481525957584381 0.471674501895905 0.468546509742737 0.453519135713577 0.432127475738525 0.429094403982162 0.43586939573288 0.440078139305115 0.43782764673233 0.447837233543396 0.452844709157944 0.458225816488266 0.465780466794968 0.47779107093811 0.476756513118744 0.461534351110458 0.448239505290985 0.432318091392517 0.408949494361877 0.39300349354744 0.3741754591465 0.34963446855545 0.351679086685181 0.368452459573746 0.379781395196915 0.383953601121902 0.395602077245712 0.408051133155823 0.409735888242722
0.518550515174866 0.516049206256866 0.517270088195801 0.520033240318298 0.515901029109955 0.504719078540802 0.50257807970047 0.504172325134277 0.503398656845093 0.504327535629272 0.501624584197998 0.501986920833588 0.4991654753685 0.488991022109985 0.477100312709808 0.47012186050415 0.4592604637146 0.445758312940598 0.442002862691879 0.438405901193619 0.431313306093216 0.428418457508087 0.423352271318436 0.417728364467621 0.417673498392105 0.424944400787354 0.421989679336548 0.423375934362411 0.434037953615189 0.437046140432358 0.441772907972336 0.45149502158165 0.443629801273346 0.434182316064835 0.422640264034271 0.414119452238083 0.405030906200409 0.392967462539673 0.373357474803925 0.35552591085434 0.353042304515839 0.36196693778038 0.366987764835358 0.375663876533508 0.401898920536041 0.421145558357239 0.410172671079636
0.504354596138 0.501407027244568 0.506356537342072 0.508987963199615 0.490785330533981 0.473935216665268 0.473309606313705 0.476767957210541 0.479691058397293 0.480852723121643 0.472729921340942 0.472125053405762 0.469443500041962 0.464434683322906 0.458206713199615 0.455427497625351 0.440341204404831 0.421070784330368 0.42638486623764 0.419948846101761 0.417064547538757 0.41459921002388 0.401380896568298 0.404957950115204 0.412359893321991 0.41799584031105 0.409837603569031 0.411984503269196 0.420966982841492 0.422275543212891 0.424921691417694 0.427908927202225 0.423107326030731 0.41556704044342 0.408816784620285 0.402862310409546 0.401257216930389 0.39541020989418 0.377122163772583 0.364110887050629 0.365146368741989 0.374677568674088 0.381782114505768 0.392715841531754 0.407170712947845 0.421459823846817 0.417811244726181
0.487112492322922 0.485550135374069 0.489614754915237 0.489724099636078 0.472740739583969 0.454354047775269 0.451206058263779 0.450440913438797 0.450897395610809 0.446049362421036 0.438856571912766 0.441417038440704 0.439459621906281 0.438293904066086 0.435289829969406 0.426195979118347 0.421495914459229 0.4227274954319 0.422808647155762 0.403544425964355 0.401026636362076 0.404969394207001 0.39133220911026 0.396102875471115 0.406267493963242 0.409486621618271 0.400018483400345 0.397475987672806 0.400880753993988 0.409792065620422 0.408707588911057 0.408172070980072 0.413200169801712 0.413245171308517 0.408978879451752 0.401353120803833 0.39971649646759 0.402267545461655 0.396224290132523 0.392697483301163 0.395867854356766 0.40179243683815 0.402575969696045 0.409923791885376 0.423336774110794 0.431607484817505 0.433117419481277
0.479984194040298 0.477299332618713 0.475375801324844 0.47597524523735 0.473414182662964 0.460388422012329 0.449246048927307 0.44362336397171 0.437275767326355 0.425824642181396 0.420698761940002 0.427886486053467 0.420458734035492 0.419569939374924 0.414007544517517 0.40358704328537 0.412141233682632 0.421905547380447 0.417586743831635 0.402755945920944 0.40859466791153 0.415750205516815 0.409196376800537 0.400790363550186 0.391271203756332 0.390902936458588 0.388600409030914 0.384562462568283 0.386656314134598 0.403981953859329 0.405122250318527 0.393870651721954 0.402111679315567 0.417862206697464 0.417442142963409 0.408476501703262 0.406450539827347 0.4191674888134 0.426402419805527 0.4258973300457 0.427401334047318 0.424677044153214 0.426709026098251 0.436917990446091 0.448782503604889 0.447751700878143 0.452720165252686
0.471368193626404 0.471436858177185 0.466478884220123 0.467541992664337 0.471200674772263 0.463997364044189 0.455617487430573 0.449931293725967 0.440818905830383 0.424474000930786 0.421028137207031 0.420549958944321 0.409089356660843 0.410957396030426 0.414902448654175 0.413666844367981 0.420485287904739 0.426809877157211 0.420264273881912 0.416641294956207 0.419394046068192 0.427375376224518 0.433338701725006 0.422850131988525 0.403369814157486 0.392667025327682 0.395958870649338 0.394673347473145 0.397468209266663 0.414051741361618 0.412535935640335 0.398631811141968 0.404282063245773 0.427757769823074 0.426084905862808 0.416170001029968 0.429928123950958 0.441126137971878 0.444104343652725 0.442617386579514 0.442106455564499 0.451501965522766 0.46275532245636 0.463382542133331 0.464217603206635 0.462671905755997 0.457335889339447
0.457869052886963 0.46010810136795 0.456738859415054 0.45722022652626 0.459270060062408 0.4554822742939 0.454312860965729 0.450419157743454 0.43827810883522 0.420851022005081 0.419404536485672 0.418698936700821 0.410150200128555 0.412094116210938 0.42023977637291 0.423200309276581 0.424284219741821 0.425448179244995 0.424007922410965 0.421625882387161 0.415420979261398 0.426558583974838 0.440279394388199 0.434985488653183 0.421678185462952 0.414025217294693 0.416702598333359 0.419708520174026 0.427418559789658 0.437354117631912 0.434377402067184 0.43019899725914 0.431041836738586 0.448261231184006 0.446894645690918 0.449205040931702 0.464198440313339 0.449478089809418 0.443477392196655 0.458504915237427 0.462375640869141 0.475265175104141 0.483738273382187 0.475299060344696 0.468961238861084 0.473285377025604 0.473179012537003
0.448302745819092 0.451761454343796 0.453412592411041 0.463479250669479 0.456344962120056 0.446033656597137 0.446915090084076 0.444189995527267 0.43078225851059 0.422667533159256 0.425376921892166 0.424148887395859 0.422942310571671 0.418825089931488 0.417138427495956 0.42017936706543 0.422736793756485 0.426259845495224 0.428160309791565 0.424918949604034 0.426202893257141 0.433716416358948 0.439288854598999 0.437188565731049 0.43418487906456 0.435983419418335 0.441093444824219 0.44796359539032 0.455707550048828 0.45530241727829 0.452740788459778 0.452180832624435 0.455891638994217 0.464480608701706 0.462540000677109 0.477203965187073 0.485064476728439 0.468072056770325 0.46637687087059 0.473423659801483 0.471577197313309 0.480694472789764 0.48001629114151 0.480953186750412 0.479912132024765 0.485254675149918 0.484151661396027
0.46299085021019 0.464658409357071 0.451036661863327 0.456265419721603 0.458695203065872 0.448600023984909 0.448323220014572 0.445337176322937 0.435670882463455 0.433360904455185 0.437180727720261 0.433954745531082 0.436326771974564 0.434026300907135 0.424890220165253 0.428553640842438 0.432861685752869 0.441991060972214 0.444453626871109 0.440291464328766 0.448641061782837 0.452232658863068 0.451671451330185 0.453666806221008 0.458777695894241 0.468384236097336 0.467437952756882 0.46535924077034 0.465704530477524 0.460463255643845 0.458992779254913 0.463153749704361 0.468867361545563 0.469563335180283 0.465903490781784 0.477619469165802 0.484230369329453 0.476949512958527 0.47830793261528 0.469928115606308 0.468834310770035 0.477326720952988 0.477844476699829 0.482950001955032 0.480041950941086 0.481853634119034 0.479558944702148
0.464360326528549 0.460570633411407 0.433457970619202 0.435595571994781 0.461944371461868 0.458522319793701 0.456319957971573 0.451579630374908 0.445169657468796 0.445797324180603 0.443186104297638 0.442171633243561 0.447552710771561 0.445731848478317 0.447704672813416 0.451877892017365 0.450334906578064 0.46184104681015 0.462195068597794 0.457516044378281 0.467021912336349 0.468434602022171 0.473901689052582 0.481543838977814 0.480174899101257 0.481924444437027 0.479980856180191 0.475557327270508 0.470946669578552 0.465910851955414 0.462874829769135 0.466133654117584 0.470817506313324 0.47157347202301 0.471965700387955 0.478885978460312 0.479852586984634 0.476882219314575 0.470267295837402 0.463886290788651 0.470400989055634 0.474429041147232 0.476604133844376 0.480201661586761 0.47250360250473 0.468311339616776 -3.4e+38
0.460188090801239 0.448410928249359 0.44163903594017 0.450543791055679 0.466544836759567 0.463209986686707 0.466382265090942 0.456103473901749 0.450712472200394 0.459946244955063 0.450934767723083 0.455069422721863 0.45785203576088 0.450806587934494 0.457948237657547 0.467878997325897 0.47039258480072 0.478503108024597 0.469141036272049 0.469371497631073 0.476029425859451 0.472977191209793 0.482523530721664 0.490937292575836 0.484299004077911 0.479908883571625 0.478998363018036 0.476324409246445 0.470836490392685 0.469425529241562 0.469835251569748 0.471235513687134 0.468389749526978 0.467186033725739 0.469566971063614 0.471058964729309 0.473685711622238 0.471265733242035 0.459584504365921 0.456751376390457 0.466797888278961 0.470758527517319 -3.4e+38 -3.4e+38 -3.4e+38 -3.4e+38 -3.4e+38
0.469431459903717 0.458854079246521 0.459301352500916 0.459966659545898 0.462568640708923 0.468373477458954 0.474860459566116 0.466303259134293 0.46612673997879 0.471994191408157 0.461411714553833 0.470214307308197 0.470724374055862 0.465925514698029 0.474821299314499 0.477388113737106 0.478277832269669 0.480876296758652 0.469079196453094 0.479280024766922 0.485635638237 0.474674701690674 0.473318189382553 0.483806669712067 0.488434821367264 0.484667718410492 0.486758172512054 0.48200786113739 0.473277449607849 0.475462704896927 0.479647308588028 0.477284014225006 0.473011821508408 0.471533626317978 0.473307013511658 -3.4e+38 -3.4e+38 -3.4e+38 -3.4e+38 -3.4e+38 -3.4e+38 -3.4e+38 -3.4e+38 -3.4e+38 -3.4e+38 -3.4e+38 -3.4e+38
0.466999530792236 0.470084607601166 0.471953243017197 0.458812236785889 0.462927609682083 0.474348872900009 0.483068436384201 0.476898223161697 0.472519338130951 0.472653418779373 0.470230102539062 0.47705665230751 0.46936696767807 0.466437041759491 0.476590305566788 0.477950602769852 0.474222362041473 0.477585017681122 0.480686396360397 0.484168708324432 0.480671972036362 0.468382209539413 0.467427879571915 0.48231253027916 0.491235256195068 0.489056020975113 0.49436691403389 0.484111487865448 -3.4e+38 -3.4e+38 -3.4e+38 -3.4e+38 -3.4e+38 -3.4e+38 -3.4e+38 -3.4e+38 -3.4e+38 -3.4e+38 -3.4e+38 -3.4e+38 -3.4e+38 -3.4e+38 -3.4e+38 -3.4e+38 -3.4e+38 -3.4e+38 -3.4e+38
0.458664208650589 0.471257418394089 0.470630645751953 0.456769376993179 0.467475652694702 0.475701868534088 0.480946391820908 0.474772036075592 0.466007500886917 0.467160552740097 0.469232469797134 0.471804022789001 0.460599064826965 0.458304822444916 0.472565531730652 0.479178845882416 0.476447880268097 -3.4e+38 -3.4e+38 -3.4e+38 -3.4e+38 -3.4e+38 -3.4e+38 -3.4e+38 -3.4e+38 -3.4e+38 -3.4e+38 -3.4e+38 -3.4e+38 -3.4e+38 -3.4e+38 -3.4e+38 -3.4e+38 -3.4e+38 -3.4e+38 -3.4e+38 -3.4e+38 -3.4e+38 -3.4e+38 -3.4e+38 -3.4e+38 -3.4e+38 -3.4e+38 -3.4e+38 -3.4e+38 -3.4e+38 -3.4e+38
0.457260012626648 0.464268445968628 0.463142603635788 0.459087133407593 0.473298102617264 0.469860225915909 -3.4e+38 -3.4e+38 -3.4e+38 -3.4e+38 -3.4e+38 -3.4e+38 -3.4e+38 -3.4e+38 -3.4e+38 -3.4e+38 -3.4e+38 -3.4e+38 -3.4e+38 -3.4e+38 -3.4e+38 -3.4e+38 -3.4e+38 -3.4e+38 -3.4e+38 -3.4e+38 -3.4e+38 -3.4e+38 -3.4e+38 -3.4e+38 -3.4e+38 -3.4e+38 -3.4e+38 -3.4e+38 -3.4e+38 -3.4e+38 -3.4e+38 -3.4e+38 -3.4e+38 -3.4e+38 -3.4e+38 -3.4e+38 -3.4e+38 -3.4e+38 -3.4e+38 -3.4e+38 -3.4e+38
0.46247935295105 0.455893903970718 -3.4e+38 -3.4e+38 -3.4e+38 -3.4e+38 -3.4e+38 -3.4e+38 -3.4e+38 -3.4e+38 -3.4e+38 -3.4e+38 -3.4e+38 -3.4e+38 -3.4e+38 -3.4e+38 -3.4e+38 -3.4e+38 -3.4e+38 -3.4e+38 -3.4e+38 -3.4e+38 -3.4e+38 -3.4e+38 -3.4e+38 -3.4e+38 -3.4e+38 -3.4e+38 -3.4e+38 -3.4e+38 -3.4e+38 -3.4e+38 -3.4e+38 -3.4e+38 -3.4e+38 -3.4e+38 -3.4e+38 -3.4e+38 -3.4e+38 -3.4e+38 -3.4e+38 -3.4e+38 -3.4e+38 -3.4e+38 -3.4e+38 -3.4e+38 -3.4e+38
