data/trimmed_ndre/Od_ndre.78.2015_no_clouds.asc
NCOLS 144 
NROWS 65 
XLLCORNER 512965 
YLLCORNER 5150865 
CELLSIZE 5 
NODATA_value -3.4e+38 
[rows 21 to 41 of 65, columns 47 to 93 of 144]
0.174678027629852 0.176557719707489 0.17405703663826 0.179639831185341 0.183414921164513 0.17574654519558 0.183669254183769 0.17835359275341 0.170279577374458 0.173323079943657 0.167542815208435 0.169125095009804 0.177809476852417 0.18187703192234 0.164110943675041 0.16198456287384 0.174854293465614 0.17133204638958 0.171501189470291 0.174693390727043 0.1769640147686 0.169900417327881 0.174573943018913 0.173904523253441 0.167180135846138 0.178044140338898 0.179700240492821 0.175735294818878 0.172806218266487 0.172114387154579 0.165585428476334 0.165809765458107 0.182041242718697 0.174834340810776 0.167855262756348 0.16603484749794 0.169236615300179 0.173427820205688 0.175767600536346 0.173819154500961 0.168525218963623 0.158535778522491 0.158364668488503 0.166497796773911 0.165839716792107 0.164691284298897 0.165052622556686
0.177890747785568 0.170458674430847 0.168044865131378 0.175362750887871 0.174760162830353 0.171255588531494 0.185167253017426 0.180712044239044 0.176770120859146 0.179245755076408 0.179247990250587 0.178423330187798 0.179646417498589 0.17936298251152 0.165989488363266 0.16782283782959 0.172993645071983 0.169133126735687 0.170856893062592 0.176352426409721 0.1760523468256 0.166222274303436 0.173826143145561 0.168174833059311 0.162951812148094 0.173165053129196 0.175817459821701 0.172556549310684 0.168486773967743 0.166312739253044 0.160894453525543 0.168216869235039 0.179332658648491 0.171074345707893 0.163569584488869 0.163812816143036 0.169163763523102 0.171920657157898 0.171637028455734 0.16965289413929 0.163872197270393 0.15230330824852 0.15277798473835 0.16127410531044 0.17061722278595 0.166704073548317 0.160605803132057
0.18062749505043 0.173142969608307 0.171794354915619 0.180393815040588 0.172118291258812 0.167600408196449 0.173269882798195 0.16848811507225 0.175411075353622 0.183041766285896 0.184103012084961 0.175786375999451 0.171947717666626 0.173253804445267 0.175365954637527 0.172914505004883 0.170442819595337 0.168186828494072 0.169431388378143 0.17551277577877 0.172262743115425 0.164416670799255 0.167948722839355 0.161605283617973 0.161929279565811 0.169456124305725 0.172591149806976 0.16934110224247 0.164359197020531 0.161768481135368 0.161978244781494 0.170940652489662 0.175639018416405 0.169462323188782 0.160371899604797 0.160932555794716 0.164034575223923 0.165619015693665 0.165639072656631 0.164676755666733 0.159587815403938 0.152035966515541 0.159337639808655 0.17097869515419 0.175763696432114 0.16660450398922 0.154168054461479
0.17022579908371 0.165463879704475 0.169954925775528 0.183433592319489 0.174011304974556 0.172592043876648 0.171287104487419 0.162678986787796 0.172996163368225 0.174450233578682 0.171490579843521 0.163788124918938 0.159553036093712 0.166502505540848 0.176543831825256 0.174695417284966 0.166410192847252 0.164682954549789 0.168303936719894 0.17505045235157 0.174480468034744 0.168776988983154 0.164865136146545 0.165325775742531 0.168523624539375 0.169557645916939 0.168913036584854 0.171449884772301 0.170109137892723 0.16657766699791 0.164979189634323 0.16942997276783 0.171908557415009 0.170460775494576 0.165545374155045 0.165824711322784 0.164857283234596 0.163102850317955 0.162081703543663 0.163262844085693 0.161255598068237 0.159027382731438 0.161437332630157 0.164467036724091 0.167975574731827 0.165080890059471 0.15549373626709
0.166025638580322 0.161315053701401 0.170336216688156 0.182077810168266 0.1772520840168 0.183971539139748 0.178999841213226 0.167761385440826 0.16926234960556 0.160835519433022 0.156584843993187 0.159016385674477 0.161766484379768 0.165439337491989 0.169797956943512 0.170202568173409 0.163383096456528 0.164504244923592 0.173556223511696 0.184116393327713 0.177272245287895 0.169173464179039 0.165313899517059 0.171019732952118 0.179202884435654 0.173841804265976 0.169571951031685 0.175090864300728 0.176426813006401 0.169937685132027 0.165654167532921 0.166156217455864 0.164201483130455 0.167961403727531 0.17284132540226 0.175673857331276 0.172615110874176 0.166981667280197 0.16321724653244 0.165733814239502 0.16610686480999 0.166869893670082 0.166332215070724 0.161855295300484 0.164021745324135 0.169106185436249 0.175139009952545
0.170914754271507 0.166375115513802 0.175288930535316 0.177877724170685 0.173005253076553 0.177131175994873 0.173369482159615 0.168768584728241 0.166423693299294 0.1629858314991 0.166115254163742 0.169348135590553 0.168872281908989 0.164198905229568 0.163406848907471 0.16580294072628 0.170376926660538 0.175835445523262 0.175460547208786 0.172914981842041 0.166137754917145 0.166707172989845 0.164787739515305 0.16757832467556 0.177965223789215 0.172263845801353 0.166879668831825 0.169317126274109 0.174837306141853 0.168122127652168 0.168233066797256 0.172530740499496 0.165523007512093 0.167829006910324 0.172283500432968 0.176906362175941 0.179003864526749 0.176820293068886 0.16971991956234 0.162573665380478 0.157751217484474 0.168300271034241 0.173472464084625 0.17195825278759 0.173027843236923 0.169667884707451 0.169214487075806
0.180444866418839 0.17463655769825 0.174985468387604 0.167839661240578 0.163268387317657 0.164599284529686 0.16295437514782 0.167523339390755 0.172582820057869 0.174683853983879 0.172422468662262 0.168879806995392 0.168408319354057 0.167531669139862 0.166327312588692 0.167142853140831 0.170942723751068 0.175812885165215 0.174915745854378 0.164908334612846 0.157329022884369 0.16520756483078 0.164745315909386 0.163156345486641 0.164036452770233 0.16153284907341 0.161639213562012 0.16295225918293 0.167115673422813 0.169337779283524 0.170803681015968 0.170211985707283 0.166120126843452 0.167945697903633 0.164497524499893 0.162513390183449 0.165775880217552 0.173825234174728 0.171237096190453 0.163908571004868 0.157293155789375 0.169544443488121 0.177684098482132 0.179141566157341 0.176397323608398 0.167298391461372 0.160967111587524
0.18033355474472 0.176604583859444 0.174369469285011 0.162465795874596 0.160905465483665 0.16190542280674 0.162496984004974 0.173747047781944 0.174142748117447 0.1722212433815 0.172681584954262 0.165451318025589 0.168629795312881 0.180692136287689 0.184134393930435 0.176884055137634 0.172369703650475 0.173500776290894 0.177791520953178 0.170799270272255 0.165644213557243 0.1686941832304 0.16910295188427 0.170200005173683 0.167594432830811 0.16340297460556 0.16745862364769 0.172970205545425 0.173714056611061 0.169717535376549 0.169610202312469 0.169301524758339 0.169304236769676 0.171349331736565 0.166607975959778 0.1637864112854 0.166751191020012 0.175112932920456 0.17349673807621 0.169300675392151 0.167920053005219 0.167702600359917 0.165546387434006 0.166672304272652 0.169015854597092 0.168100014328957 0.164175286889076
0.171590313315392 0.171334609389305 0.169048473238945 0.160510137677193 0.172744154930115 0.17697474360466 0.175928696990013 0.181949183344841 0.170940116047859 0.166016936302185 0.170890659093857 0.172506645321846 0.173839434981346 0.177333474159241 0.179889246821404 0.174176529049873 0.16977559030056 0.170847326517105 0.177021965384483 0.177739053964615 0.172844737768173 0.167916640639305 0.167433723807335 0.179289072751999 0.186631754040718 0.186972424387932 0.182811200618744 0.179362624883652 0.179559946060181 0.177953720092773 0.175884023308754 0.172730043530464 0.17492787539959 0.176662236452103 0.173369616270065 0.169233396649361 0.172615960240364 0.177566096186638 0.173765674233437 0.15977580845356 0.159933865070343 0.167880535125732 0.16629347205162 0.165687575936317 0.169336184859276 0.176866590976715 0.182887092232704
0.165338709950447 0.167331159114838 0.158472463488579 0.151026278734207 0.171097204089165 0.177335545420647 0.178439036011696 0.179025232791901 0.168007865548134 0.160172536969185 0.159256830811501 0.162411168217659 0.162491664290428 0.164922937750816 0.16635525226593 0.164697304368019 0.163826122879982 0.165514573454857 0.169552937150002 0.173606738448143 0.17448715865612 0.167574137449265 0.163951531052589 0.17659729719162 0.186162412166595 0.182787925004959 0.173259362578392 0.169487580657005 0.181233078241348 0.187699183821678 0.186140894889832 0.171346917748451 0.172052830457687 0.174316704273224 0.173502847552299 0.170384019613266 0.176649942994118 0.177451476454735 0.168016374111176 0.151515409350395 0.156522184610367 0.163639724254608 0.166069075465202 0.173400670289993 0.180298864841461 0.181602165102959 0.178473815321922
0.169610157608986 0.17661589384079 0.166074395179749 0.161003515124321 0.171822383999825 0.176007658243179 0.172126606106758 0.169876620173454 0.170663684606552 0.163358256220818 0.156332746148109 0.155479326844215 0.158211827278137 0.159635096788406 0.157021969556808 0.156897574663162 0.164400234818459 0.172756046056747 0.16973902285099 0.168200343847275 0.178160473704338 0.174536496400833 0.167945817112923 0.166756957769394 0.173623934388161 0.17240796983242 0.163097590208054 0.158102378249168 0.174142494797707 0.173368275165558 0.167168840765953 0.161478534340858 0.16956889629364 0.171607092022896 0.169829353690147 0.166895776987076 0.172211319208145 0.1693364828825 0.161342784762383 0.153403416275978 0.163543745875359 0.15914611518383 0.156712368130684 0.167036533355713 0.181980848312378 0.185308456420898 0.177945256233215
0.179584458470345 0.186272710561752 0.179615646600723 0.172878757119179 0.172098383307457 0.173848688602448 0.168570548295975 0.163708731532097 0.16223381459713 0.159205704927444 0.155116036534309 0.157283112406731 0.166280716657639 0.172013625502586 0.164451703429222 0.160231485962868 0.165969684720039 0.178218320012093 0.170716837048531 0.169056087732315 0.182613223791122 0.18012997508049 0.172802075743675 0.167231857776642 0.167985305190086 0.17143140733242 0.164529398083687 0.15934382379055 0.162825033068657 0.160699456930161 0.160832062363625 0.163340970873833 0.171520188450813 0.171511560678482 0.171655312180519 0.171172842383385 0.171329885721207 0.167354956269264 0.1622244566679 0.163625717163086 0.177925914525986 0.169314324855804 0.167585134506226 0.175420969724655 0.187161028385162 0.185084372758865 0.177731111645699
0.174269556999207 0.18173386156559 0.185381352901459 0.175358802080154 0.167597651481628 0.167164772748947 0.172796502709389 0.166122794151306 0.162566050887108 0.16167713701725 0.161594420671463 0.162341624498367 0.168729305267334 0.177144944667816 0.176396235823631 0.16995170712471 0.168962776660919 0.176500514149666 0.176064118742943 0.171684071421623 0.171824917197227 0.171693697571754 0.168306738138199 0.16787788271904 0.170581474900246 0.176151305437088 0.168794617056847 0.168328359723091 0.166637986898422 0.157009065151215 0.159123823046684 0.168855935335159 0.174865931272507 0.171063616871834 0.170791611075401 0.169962182641029 0.168738886713982 0.168117359280586 0.165750175714493 0.167728289961815 0.171469151973724 0.165098831057549 0.169416218996048 0.178154245018959 0.184797421097755 0.176387414336205 0.170131012797356
0.168726414442062 0.17825174331665 0.183489874005318 0.167832344770432 0.161004915833473 0.173515945672989 0.187525272369385 0.17074379324913 0.170419916510582 0.173212602734566 0.174608796834946 0.172524467110634 0.176222965121269 0.180869981646538 0.182126119732857 0.175906077027321 0.171499818563461 0.172218218445778 0.178466275334358 0.16270500421524 0.16518734395504 0.169897794723511 0.163756594061852 0.168297156691551 0.168654173612595 0.167410045862198 0.164850816130638 0.180122405290604 0.17735980451107 0.16016797721386 0.152283385396004 0.165830180048943 0.176391884684563 0.17654176056385 0.176952064037323 0.17505057156086 0.171074643731117 0.167982563376427 0.164289996027946 0.170296385884285 0.172320246696472 0.168251663446426 0.173374533653259 0.178126305341721 0.17642942070961 0.168751329183578 0.172855585813522
0.169822499155998 0.187852114439011 0.194668933749199 0.178988710045815 0.166421219706535 0.180850699543953 0.190644159913063 0.175283446907997 0.180473044514656 0.183273896574974 0.182917982339859 0.179970026016235 0.183556318283081 0.182658329606056 0.178221955895424 0.174004882574081 0.184266269207001 0.185098946094513 0.178931534290314 0.161303088068962 0.168729186058044 0.173661082983017 0.170171469449997 0.184904903173447 0.178524225950241 0.169348627328873 0.167226910591125 0.186880186200142 0.185967490077019 0.173766747117043 0.166415065526962 0.174473524093628 0.180542796850204 0.18158857524395 0.181830823421478 0.185385465621948 0.182553082704544 0.175461828708649 0.169590502977371 0.177256688475609 0.17513832449913 0.174217373132706 0.181978583335876 0.189493343234062 0.18673238158226 0.180121392011642 0.181847184896469
0.168531000614166 0.172719597816467 0.179154723882675 0.1767638027668 0.169241845607758 0.175184160470963 0.182460814714432 0.187774911522865 0.197542890906334 0.190741494297981 0.184384271502495 0.182800754904747 0.188770517706871 0.184916824102402 0.177042335271835 0.172473549842834 0.18420746922493 0.182331174612045 0.176299333572388 0.169209346175194 0.166639193892479 0.166004166007042 0.171779945492744 0.184687107801437 0.173132613301277 0.170512944459915 0.170528128743172 0.17456217110157 0.178363025188446 0.17545747756958 0.171217307448387 0.173815935850143 0.18183159828186 0.179300218820572 0.174720883369446 0.177491918206215 0.177936404943466 0.171827524900436 0.168387457728386 0.177102848887444 0.174066722393036 0.174390658736229 0.183113723993301 0.195059716701508 0.200769007205963 0.195589005947113 0.18778258562088
0.166804134845734 0.163410395383835 0.170995607972145 0.172085478901863 0.167523428797722 0.164419069886208 0.173869654536247 0.184192344546318 0.190212443470955 0.180914685130119 0.177752435207367 0.181423798203468 0.18612964451313 0.173199206590652 0.163307219743729 0.164967015385628 0.175129964947701 0.169746354222298 0.171143993735313 0.16976423561573 0.163998603820801 0.16577373445034 0.176010802388191 0.179019004106522 0.162643656134605 0.16968734562397 0.172490060329437 0.173075303435326 0.176314800977707 0.178377091884613 0.174452871084213 0.171748384833336 0.179181158542633 0.171315684914589 0.163038745522499 0.163057416677475 0.170005187392235 0.164387911558151 0.162321716547012 0.16669225692749 0.171442613005638 0.173891812562943 0.180043086409569 0.191763997077942 0.205044895410538 0.202800735831261 0.186525627970695
0.17779777944088 0.172422930598259 0.177725031971931 0.175308138132095 0.169718682765961 0.16460844874382 0.168740347027779 0.173127815127373 0.171651557087898 0.164383918046951 0.169537156820297 0.182121574878693 0.184612810611725 0.168860763311386 0.155450195074081 0.161724984645844 0.16681994497776 0.157464176416397 0.162731051445007 0.168059900403023 0.167537495493889 0.167959064245224 0.179950386285782 0.176730796694756 0.166413500905037 0.17629736661911 0.171332076191902 0.173100918531418 0.17905530333519 0.182065799832344 0.179224774241447 0.17986835539341 0.181696891784668 0.170375660061836 0.154666736721992 0.153169110417366 0.163217023015022 0.160948187112808 0.166350305080414 0.167438924312592 0.165641725063324 0.174164086580276 0.175110518932343 0.178514644503593 0.18800762295723 0.196995854377747 0.187511920928955
0.190688967704773 0.189747005701065 0.186729669570923 0.177388086915016 0.170631423592567 0.16792157292366 0.16798609495163 0.164262026548386 0.165027648210526 0.16415011882782 0.163664668798447 0.16653099656105 0.16748982667923 0.161877289414406 0.155205264687538 0.166590616106987 0.170150324702263 0.160575270652771 0.152361243963242 0.16691467165947 0.169704154133797 0.167071953415871 0.176423996686935 0.172585815191269 0.168010130524635 0.170610785484314 0.16351717710495 0.175059586763382 0.182099595665932 0.176481634378433 0.163188725709915 0.162803009152412 0.168132811784744 0.167183995246887 0.152376711368561 0.154143333435059 0.159455701708794 0.159314841032028 0.171107143163681 0.169197201728821 0.167165443301201 0.177709728479385 0.170787945389748 0.160141870379448 0.164387285709381 0.191784843802452 0.200767412781715
0.17900225520134 0.173333391547203 0.167665764689445 0.165659725666046 0.168898433446884 0.172185078263283 0.171067118644714 0.159377336502075 0.165470719337463 0.169621884822845 0.16572467982769 0.154573112726212 0.152588337659836 0.153789043426514 0.153621643781662 0.151590123772621 0.158211573958397 0.153868153691292 0.146281599998474 0.167070552706718 0.165372416377068 0.16000634431839 0.163237303495407 0.167853102087975 0.161859586834908 0.158961176872253 0.158921256661415 0.174610733985901 0.176449343562126 0.165467634797096 0.150858655571938 0.150328323245049 0.154068291187286 0.1596689671278 0.158997744321823 0.170050412416458 0.162739902734756 0.156306847929955 0.169719099998474 0.171677514910698 0.175327003002167 0.181990295648575 0.179246306419373 0.173837646842003 0.17850024998188 0.198758155107498 0.216788098216057
0.171890422701836 0.167374819517136 0.162075206637383 0.163663446903229 0.17379729449749 0.170954838395119 0.168004035949707 0.164087057113647 0.169215515255928 0.174505680799484 0.171750128269196 0.162295758724213 0.163484871387482 0.169788807630539 0.164712876081467 0.151270121335983 0.154103875160217 0.152295023202896 0.152867063879967 0.164781749248505 0.165943622589111 0.163140743970871 0.165531635284424 0.173323109745979 0.159324362874031 0.160094693303108 0.165488585829735 0.165508776903152 0.170827463269234 0.168661072850227 0.161236345767975 0.157892301678658 0.146798565983772 0.146495997905731 0.158269822597504 0.177674010396004 0.166691079735756 0.161417230963707 0.170084059238434 0.17779803276062 0.18436299264431 0.190908342599869 0.196061566472054 0.200691342353821 0.206026166677475 0.2157381772995 0.225038051605225
