data/trimmed_ndre/Od_ndre.77.2010_no_clouds.asc
NCOLS 144 
NROWS 65 
XLLCORNER 512965 
YLLCORNER 5150865 
CELLSIZE 5 
NODATA_value -3.4e+38 
[rows 21 to 41 of 65, columns 94 to 140 of 144]
0.181362107396126 0.179131016135216 0.180711537599564 0.177388265728951 0.179322153329849 0.185908123850822 0.175944700837135 0.177309066057205 0.19720920920372 0.184962525963783 0.176871582865715 0.192934706807137 0.206326276063919 0.200690165162086 0.203949883580208 0.205675214529037 0.205388784408569 0.222609862685204 0.221144422888756 0.207117855548859 0.20633065700531 0.189688354730606 0.159125566482544 0.15565599501133 0.166038408875465 0.165432974696159 0.147477045655251 0.149497911334038 0.148541897535324 0.139461472630501 0.14460352063179 0.165453463792801 0.170689016580582 0.169228747487068 0.19124299287796 -3.4e+38 -3.4e+38 -3.4e+38 -3.4e+38 -3.4e+38 -3.4e+38 -3.4e+38 -3.4e+38 -3.4e+38 -3.4e+38 -3.4e+38 -3.4e+38
0.203297212719917 0.19943131506443 0.191986277699471 0.187215864658356 0.19035841524601 0.198411673307419 0.185229584574699 0.180149003863335 0.193788528442383 0.198606893420219 0.195864498615265 0.20094607770443 0.203291475772858 0.19781331717968 0.209246084094048 0.216756090521812 0.218038395047188 0.235503330826759 0.237858846783638 0.228354886174202 0.235901013016701 0.228715285658836 0.196743160486221 0.180035904049873 0.179812043905258 0.180783033370972 0.176694825291634 0.169690832495689 0.150531277060509 0.139561653137207 0.14328770339489 0.145429968833923 0.164481982588768 0.171189203858376 0.186100259423256 0.195362687110901 0.179649040102959 -3.4e+38 -3.4e+38 -3.4e+38 -3.4e+38 -3.4e+38 -3.4e+38 -3.4e+38 -3.4e+38 -3.4e+38 -3.4e+38
0.21831502020359 0.216223910450935 0.200341776013374 0.194838494062424 0.207627266645432 0.206201210618019 0.183831423521042 0.178716123104095 0.193154767155647 0.206070184707642 0.200166180729866 0.191394492983818 0.183931723237038 0.182816654443741 0.201825335621834 0.224649026989937 0.233206331729889 0.238523945212364 0.2488724142313 0.244828760623932 0.236962661147118 0.230928897857666 0.216414213180542 0.194659546017647 0.175823763012886 0.173478633165359 0.174812838435173 0.164467185735703 0.143640607595444 0.136254906654358 0.141699284315109 0.158356711268425 0.187289893627167 0.192788258194923 0.19082872569561 0.198859229683876 0.200422510504723 0.193930923938751 -3.4e+38 -3.4e+38 -3.4e+38 -3.4e+38 -3.4e+38 -3.4e+38 -3.4e+38 -3.4e+38 -3.4e+38
0.210537254810333 0.218098565936089 0.210554212331772 0.200118482112885 0.204259678721428 0.201701670885086 0.186033800244331 0.18698625266552 0.191758811473846 0.182468682527542 0.177756145596504 0.178847700357437 0.182187795639038 0.1882334202528 0.201110556721687 0.228408873081207 0.23372046649456 0.229776427149773 0.23795410990715 0.226204052567482 0.213777273893356 0.218953624367714 0.226993754506111 0.215144902467728 0.186101078987122 0.17391063272953 0.160536289215088 0.153345257043839 0.152640715241432 0.160047173500061 0.17248147726059 0.180341213941574 0.192024573683739 0.19769786298275 0.195851892232895 0.192482426762581 0.200841635465622 0.203496277332306 0.193621024489403 -3.4e+38 -3.4e+38 -3.4e+38 -3.4e+38 -3.4e+38 -3.4e+38 -3.4e+38 -3.4e+38
0.205111160874367 0.209425151348114 0.214657232165337 0.215875372290611 0.218339890241623 0.219182044267654 0.212162554264069 0.195940986275673 0.197539523243904 0.206522062420845 0.204214528203011 0.20533649623394 0.222910806536674 0.219602555036545 0.212634146213531 0.222652196884155 0.214171379804611 0.215503424406052 0.224506586790085 0.212631925940514 0.224314779043198 0.243601232767105 0.257526993751526 0.238325014710426 0.193070948123932 0.17013131082058 0.154215812683105 0.164900124073029 0.172553896903992 0.171873047947884 0.174064874649048 0.164224922657013 0.167908489704132 0.179165303707123 0.196882694959641 0.193256959319115 0.177738174796104 0.178476303815842 0.185788214206696 -3.4e+38 -3.4e+38 -3.4e+38 -3.4e+38 -3.4e+38 -3.4e+38 -3.4e+38 -3.4e+38
0.221998363733292 0.214410901069641 0.214963495731354 0.228010356426239 0.239918082952499 0.244443818926811 0.241896003484726 0.225836902856827 0.223362281918526 0.244066447019577 0.243723705410957 0.244015723466873 0.258792608976364 0.248762384057045 0.234820336103439 0.224629446864128 0.207452923059464 0.221629291772842 0.23634922504425 0.223681077361107 0.237340331077576 0.254756361246109 0.261818408966064 0.253888100385666 0.209836319088936 0.171087801456451 0.150883451104164 0.170873075723648 0.186913684010506 0.176294133067131 0.158968612551689 0.151653692126274 0.169234156608582 0.166086837649345 0.155319005250931 0.173787280917168 0.173738420009613 0.161497414112091 0.162243038415909 0.156971037387848 -3.4e+38 -3.4e+38 -3.4e+38 -3.4e+38 -3.4e+38 -3.4e+38 -3.4e+38
0.2243372797966 0.228583335876465 0.23194982111454 0.239306584000587 0.244728922843933 0.241074666380882 0.235049083828926 0.23068867623806 0.228630378842354 0.245029225945473 0.2508724629879 0.251165479421616 0.260425329208374 0.257113248109818 0.247970417141914 0.236043512821198 0.225026249885559 0.231631964445114 0.245268434286118 0.247011005878448 0.258648574352264 0.253962695598602 0.252684563398361 0.268858343362808 0.235531061887741 0.203992605209351 0.198093205690384 0.197456613183022 0.190206930041313 0.174662977457047 0.164226472377777 0.169354811310768 0.168317645788193 0.154304787516594 0.144458636641502 0.170213624835014 0.19529202580452 0.187547996640205 0.175378456711769 0.186589628458023 0.175955340266228 -3.4e+38 -3.4e+38 -3.4e+38 -3.4e+38 -3.4e+38 -3.4e+38
0.235732734203339 0.243074104189873 0.244531556963921 0.240948796272278 0.234694868326187 0.225269481539726 0.210135206580162 0.216209635138512 0.219974234700203 0.223256036639214 0.241681575775146 0.25007900595665 0.244095355272293 0.240890443325043 0.248224645853043 0.250837802886963 0.24125774204731 0.236895397305489 0.246696129441261 0.24918606877327 0.25104358792305 0.252245396375656 0.252848207950592 0.254343599081039 0.23971600830555 0.230314195156097 0.227351054549217 0.205301940441132 0.184564664959908 0.156660333275795 0.148556366562843 0.167550787329674 0.176670104265213 0.169004738330841 0.166722863912582 0.167798951268196 0.172798410058022 0.178233459591866 0.17538520693779 0.185941532254219 0.177658677101135 0.161251306533813 -3.4e+38 -3.4e+38 -3.4e+38 -3.4e+38 -3.4e+38
0.243212476372719 0.237282603979111 0.23506960272789 0.230312392115593 0.230547234416008 0.219918012619019 0.197722643613815 0.210137471556664 0.236578390002251 0.228438138961792 0.221485182642937 0.228828743100166 0.230763509869576 0.234103679656982 0.249751314520836 0.25803679227829 0.246819540858269 0.234622299671173 0.237223595380783 0.240218058228493 0.241045325994492 0.251916378736496 0.258385330438614 0.247839167714119 0.233935743570328 0.222742393612862 0.212454065680504 0.199443787336349 0.183773711323738 0.158310621976852 0.164413064718246 0.180245190858841 0.180750831961632 0.175764083862305 0.180092915892601 0.18565471470356 0.177467778325081 0.170142382383347 0.168497234582901 0.163679197430611 0.162152215838432 0.17772114276886 0.196945369243622 -3.4e+38 -3.4e+38 -3.4e+38 -3.4e+38
0.249838039278984 0.249149546027184 0.243457868695259 0.238996654748917 0.235066711902618 0.223121166229248 0.197132989764214 0.191239178180695 0.228498101234436 0.224776893854141 0.204331964254379 0.217533707618713 0.238928750157356 0.247986257076263 0.2463299036026 0.245366662740707 0.227633357048035 0.210618704557419 0.216309323906898 0.24635374546051 0.243187099695206 0.239359706640244 0.263992518186569 0.242617100477219 0.210313454270363 0.202865466475487 0.199989125132561 0.190976932644844 0.178280487656593 0.162968099117279 0.168447032570839 0.172641724348068 0.170639783143997 0.181084379553795 0.182584777474403 0.187977015972137 0.187976896762848 0.179205521941185 0.180964574217796 0.181791990995407 0.1650760024786 0.169001117348671 0.198289006948471 0.20527483522892 -3.4e+38 -3.4e+38 -3.4e+38
0.270997583866119 0.27174574136734 0.25487032532692 0.243553400039673 0.235170140862465 0.225704655051231 0.213781490921974 0.207170784473419 0.215558141469955 0.211186856031418 0.20650178194046 0.21848826110363 0.233740136027336 0.239694327116013 0.228285625576973 0.218150287866592 0.207884132862091 0.18604764342308 0.195923924446106 0.22409276664257 0.217939004302025 0.226083114743233 0.252171874046326 0.228859454393387 0.196852430701256 0.190464809536934 0.193702176213264 0.189373806118965 0.178449794650078 0.154114305973053 0.14861498773098 0.160725265741348 0.176720499992371 0.188517943024635 0.187419295310974 0.189080983400345 0.196333408355713 0.192265138030052 0.169969320297241 0.169105187058449 0.172540694475174 0.168007731437683 0.1911401450634 0.199032962322235 0.198668345808983 -3.4e+38 -3.4e+38
0.272211462259293 0.2669597864151 0.248249173164368 0.237100720405579 0.234211802482605 0.229928344488144 0.224228486418724 0.21844470500946 0.207776874303818 0.20086196064949 0.20956027507782 0.225115194916725 0.227127134799957 0.232633888721466 0.223421886563301 0.210433483123779 0.217518612742424 0.201854914426804 0.191802799701691 0.20899173617363 0.201465994119644 0.214225053787231 0.225118264555931 0.223812744021416 0.203874543309212 0.187531173229218 0.191567033529282 0.189841687679291 0.17308908700943 0.155515477061272 0.157768279314041 0.162325367331505 0.181410267949104 0.203174516558647 0.206184715032578 0.196110054850578 0.190914556384087 0.189716935157776 0.181238532066345 0.186233654618263 0.194398865103722 0.196780532598495 0.206347972154617 0.185022801160812 0.173238307237625 0.174581855535507 -3.4e+38
0.242356225848198 0.242739617824554 0.240520015358925 0.242389544844627 0.24291555583477 0.231524646282196 0.213257387280464 0.217114135622978 0.216025620698929 0.206360682845116 0.215002194046974 0.217219218611717 0.212951526045799 0.229822367429733 0.229928255081177 0.21383148431778 0.21332012116909 0.217167973518372 0.206167012453079 0.208309456706047 0.200677663087845 0.211369782686234 0.216602474451065 0.210634186863899 0.208856135606766 0.191014632582664 0.183694869279861 0.180393144488335 0.171766147017479 0.166447773575783 0.17159104347229 0.172177791595459 0.190513923764229 0.219388917088509 0.223353371024132 0.204985544085503 0.197524279356003 0.193918645381927 0.199487999081612 0.198522910475731 0.201594799757004 0.206763878464699 0.196768134832382 0.17318557202816 0.173143908381462 0.181323736906052 0.188779428601265
0.22005195915699 0.228060483932495 0.230651363730431 0.231837421655655 0.234229385852814 0.224548205733299 0.20965576171875 0.223336055874825 0.212407454848289 0.189447402954102 0.196186646819115 0.192427113652229 0.19733352959156 0.222669899463654 0.227625101804733 0.214699819684029 0.21647909283638 0.238167360424995 0.22574707865715 0.209199324250221 0.200353726744652 0.204743728041649 0.198765262961388 0.197264313697815 0.207117542624474 0.184616193175316 0.17130309343338 0.175667643547058 0.185038223862648 0.181981325149536 0.180038765072823 0.183068424463272 0.196302235126495 0.219168603420258 0.221903473138809 0.209345653653145 0.206489622592926 0.192744135856628 0.193573072552681 0.196901589632034 0.202325388789177 0.204743340611458 0.182619854807854 0.170527964830399 0.189723744988441 0.19638979434967 0.184488192200661
0.218004703521729 0.221006035804749 0.222563341259956 0.217487335205078 0.219871625304222 0.224839121103287 0.207592323422432 0.194896563887596 0.177830278873444 0.169053956866264 0.178905591368675 0.177362114191055 0.185375705361366 0.21088844537735 0.227796077728271 0.22298376262188 0.221056416630745 0.232996165752411 0.227644294500351 0.20401494204998 0.19157749414444 0.199126869440079 0.187774062156677 0.189217492938042 0.1910370439291 0.179771363735199 0.176417797803879 0.186082109808922 0.20295849442482 0.194887831807137 0.185405984520912 0.183385089039803 0.188731089234352 0.194986313581467 0.197513192892075 0.205388069152832 0.207702964544296 0.186075463891029 0.185490757226944 0.200557217001915 0.200320914387703 0.196821317076683 0.187255084514618 0.179398223757744 0.184004008769989 0.196280881762505 0.190943539142609
0.228661015629768 0.229384735226631 0.232178375124931 0.226688176393509 0.219130456447601 0.225584834814072 0.204141646623611 0.16881200671196 0.166968479752541 0.17777481675148 0.192557036876678 0.195744186639786 0.198951005935669 0.214066624641418 0.228272154927254 0.223705023527145 0.201153963804245 0.203446805477142 0.214698404073715 0.199609085917473 0.198668166995049 0.200969025492668 0.189045011997223 0.178990080952644 0.169723957777023 0.169649496674538 0.180844843387604 0.19140787422657 0.207218945026398 0.198709473013878 0.194063887000084 0.191880837082863 0.18355131149292 0.173745885491371 0.174787536263466 0.196970656514168 0.206794053316116 0.185660839080811 0.187482744455338 0.19938713312149 0.192478030920029 0.186604186892509 0.196330189704895 0.195377200841904 0.187007486820221 0.200286492705345 0.191652938723564
0.221893221139908 0.23100808262825 0.239118069410324 0.238818347454071 0.233501672744751 0.233204767107964 0.208527803421021 0.185424238443375 0.193803384900093 0.191454291343689 0.18874180316925 0.19543269276619 0.209728538990021 0.216333448886871 0.208789706230164 0.191260099411011 0.17289225757122 0.188933596014977 0.201224312186241 0.194685146212578 0.20306234061718 0.200346171855927 0.191686376929283 0.17707534134388 0.160833045840263 0.169639214873314 0.180070444941521 0.181617066264153 0.194981291890144 0.190364271402359 0.185555562376976 0.188106834888458 0.1808100938797 0.175530523061752 0.174637258052826 0.183828294277191 0.193579152226448 0.190689474344254 0.189971596002579 0.194451704621315 0.191025599837303 0.178112983703613 0.180695310235023 0.179124161601067 0.176547423005104 0.18782813847065 0.183119654655457
0.207650348544121 0.225447610020638 0.222266525030136 0.225864678621292 0.234225794672966 0.233454495668411 0.215027913451195 0.209814608097076 0.219844579696655 0.213598802685738 0.19837711751461 0.197038859128952 0.21035161614418 0.205011576414108 0.188658356666565 0.176116466522217 0.172423407435417 0.173301190137863 0.173396334052086 0.180263847112656 0.18375138938427 0.170027062296867 0.169036537408829 0.167635902762413 0.165562391281128 0.17791973054409 0.180766835808754 0.176221743226051 0.188236013054848 0.181643918156624 0.178292959928513 0.183676213026047 0.179877638816833 0.182665929198265 0.188626810908318 0.187737688422203 0.193504899740219 0.202710703015327 0.19715316593647 0.192170143127441 0.193285182118416 0.175837427377701 0.163882091641426 0.168335974216461 0.166243702173233 0.170484974980354 -3.4e+38
0.203566983342171 0.22121025621891 0.208145886659622 0.214275255799294 0.223335742950439 0.231243714690208 0.220056146383286 0.209527015686035 0.212509527802467 0.208951786160469 0.204964593052864 0.206694260239601 0.208307325839996 0.198316797614098 0.183358803391457 0.18961027264595 0.180733546614647 0.147106096148491 0.147288247942924 0.162161484360695 0.157028138637543 0.140142396092415 0.157457485795021 0.174548536539078 0.172244444489479 0.182982414960861 0.186236396431923 0.184167131781578 0.192912966012955 0.185861766338348 0.188259765505791 0.192808449268341 0.183466225862503 0.192581713199615 0.202694296836853 0.196050256490707 0.199173554778099 0.213808566331863 0.212766334414482 0.193834394216537 0.190190613269806 0.178302884101868 0.173257485032082 0.186883255839348 -3.4e+38 -3.4e+38 -3.4e+38
0.201003417372704 0.205459848046303 0.207032144069672 0.222967356443405 0.222288563847542 0.223344326019287 0.216602459549904 0.194027870893478 0.184128701686859 0.184278681874275 0.193344727158546 0.197750255465508 0.200401991605759 0.199902921915054 0.197511121630669 0.204000264406204 0.183291584253311 0.147981151938438 0.147537887096405 0.153711766004562 0.151989340782166 0.15051956474781 0.172664970159531 0.188840016722679 0.182894363999367 0.180793657898903 0.190194964408875 0.196693643927574 0.201616555452347 0.193789526820183 0.20532600581646 0.205184042453766 0.190480932593346 0.202347293496132 0.205054640769958 0.195289254188538 0.201385602355003 0.213898524641991 0.213432148098946 0.193068280816078 0.189572215080261 0.185729965567589 -3.4e+38 -3.4e+38 -3.4e+38 -3.4e+38 -3.4e+38
0.196344286203384 0.197267636656761 0.214384764432907 0.22389805316925 0.209816083312035 0.2109335064888 0.205897256731987 0.189225435256958 0.184116527438164 0.185461208224297 0.19296045601368 0.192712843418121 0.194018691778183 0.202182397246361 0.206623524427414 0.19302049279213 0.178282096982002 0.160489723086357 0.153304547071457 0.152028650045395 0.16350519657135 0.169832944869995 0.174315437674522 0.181362926959991 0.187418296933174 0.193854257464409 0.204821944236755 0.202282622456551 0.199309751391411 0.199693620204926 0.222049072384834 0.215985685586929 0.198838710784912 0.211198747158051 0.204732164740562 0.198473826050758 0.204669207334518 0.194578379392624 0.206705272197723 0.200789466500282 -3.4e+38 -3.4e+38 -3.4e+38 -3.4e+38 -3.4e+38 -3.4e+38 -3.4e+38
