data/trimmed_ndre/Od_ndre.613.2012_no_clouds.asc
NCOLS 144 
NROWS 65 
XLLCORNER 512965 
YLLCORNER 5150865 
CELLSIZE 5 
NODATA_value -3.4e+38 
[rows 21 to 41 of 65, columns 94 to 140 of 144]
0.48764830827713 0.483396798372269 0.481519728899002 0.495209634304047 0.503992974758148 0.498874843120575 0.487438410520554 0.489378154277802 0.495870500802994 0.477467179298401 0.450092613697052 0.439777970314026 0.445097535848618 0.463079303503036 0.491974234580994 0.509237945079803 0.516201555728912 0.503706812858582 0.504902303218842 0.517461836338043 0.520417749881744 0.528811931610107 0.526654541492462 0.51246565580368 0.48628568649292 0.473162233829498 0.475609958171844 0.47636142373085 0.495944261550903 0.509137690067291 0.501232087612152 0.497194319963455 0.515947580337524 0.530889928340912 0.526601433753967 -3.4e+38 -3.4e+38 -3.4e+38 -3.4e+38 -3.4e+38 -3.4e+38 -3.4e+38 -3.4e+38 -3.4e+38 -3.4e+38 -3.4e+38 -3.4e+38
0.502728939056396 0.507066369056702 0.511809468269348 0.527883589267731 0.52853935956955 0.511358022689819 0.489061146974564 0.487551182508469 0.487359285354614 0.463032811880112 0.441561698913574 0.441614031791687 0.445192873477936 0.449849307537079 0.476789474487305 0.502348661422729 0.511756598949432 0.512115359306335 0.517833650112152 0.522563755512238 0.518869280815125 0.527419984340668 0.530689358711243 0.520463287830353 0.498785942792892 0.480765372514725 0.467544078826904 0.464806437492371 0.489909708499908 0.506615340709686 0.502960562705994 0.500871181488037 0.515393912792206 0.525510013103485 0.520203590393066 0.524937748908997 0.528891623020172 -3.4e+38 -3.4e+38 -3.4e+38 -3.4e+38 -3.4e+38 -3.4e+38 -3.4e+38 -3.4e+38 -3.4e+38 -3.4e+38
0.519112110137939 0.520856857299805 0.522077620029449 0.533634901046753 0.534121215343475 0.515454173088074 0.494579583406448 0.483823239803314 0.467800706624985 0.446942239999771 0.431377500295639 0.424250066280365 0.421052902936935 0.427501380443573 0.452889055013657 0.481474310159683 0.49959322810173 0.511770784854889 0.515710532665253 0.514751672744751 0.515163540840149 0.524163544178009 0.520660161972046 0.514353811740875 0.510208368301392 0.502876281738281 0.487808078527451 0.484679251909256 0.503879845142365 0.51456207036972 0.510913133621216 0.508327662944794 0.508134543895721 0.506090462207794 0.508454620838165 0.514140188694 0.520120441913605 0.516999542713165 -3.4e+38 -3.4e+38 -3.4e+38 -3.4e+38 -3.4e+38 -3.4e+38 -3.4e+38 -3.4e+38 -3.4e+38
0.52265864610672 0.517134785652161 0.51184207201004 0.517285704612732 0.517920851707458 0.511726677417755 0.5026735663414 0.488022744655609 0.461115300655365 0.437358886003494 0.421627700328827 0.419698476791382 0.419724345207214 0.426949560642242 0.440851628780365 0.467083364725113 0.498555541038513 0.514125049114227 0.526113450527191 0.524416625499725 0.515389621257782 0.510466873645782 0.49818953871727 0.499263852834702 0.504593014717102 0.500740945339203 0.4939925968647 0.503075778484344 0.520408093929291 0.523895442485809 0.522581219673157 0.515946090221405 0.509268403053284 0.493027895689011 0.489119321107864 0.497782915830612 0.509765267372131 0.51442164182663 0.514201402664185 -3.4e+38 -3.4e+38 -3.4e+38 -3.4e+38 -3.4e+38 -3.4e+38 -3.4e+38 -3.4e+38
0.520740389823914 0.515542089939117 0.51226007938385 0.511970162391663 0.514833629131317 0.515407562255859 0.515047371387482 0.499322772026062 0.465197026729584 0.433857172727585 0.422307729721069 0.426480829715729 0.430660903453827 0.439055800437927 0.446400552988052 0.46580097079277 0.490821957588196 0.50964093208313 0.520869612693787 0.52259087562561 0.514218091964722 0.507691025733948 0.497221738100052 0.493661791086197 0.501424312591553 0.506164133548737 0.509684681892395 0.519964933395386 0.520524263381958 0.518247961997986 0.531200349330902 0.539711833000183 0.530945181846619 0.505635738372803 0.496458441019058 0.50829553604126 0.514199912548065 0.515293478965759 0.525057196617126 -3.4e+38 -3.4e+38 -3.4e+38 -3.4e+38 -3.4e+38 -3.4e+38 -3.4e+38 -3.4e+38
0.533081412315369 0.528690993785858 0.528685331344604 0.524564623832703 0.522192776203156 0.520836591720581 0.519786953926086 0.49884045124054 0.462159365415573 0.441745638847351 0.439412534236908 0.447801828384399 0.451550513505936 0.459236055612564 0.465908050537109 0.474275469779968 0.481069713830948 0.495513379573822 0.509658098220825 0.519810199737549 0.520060300827026 0.530965030193329 0.535337567329407 0.517601788043976 0.509201526641846 0.511735618114471 0.515804052352905 0.531381487846375 0.530966401100159 0.523012697696686 0.529279112815857 0.531363546848297 0.531366407871246 0.520977139472961 0.508845388889313 0.527628242969513 0.529248654842377 0.496545672416687 0.50742894411087 0.528448462486267 -3.4e+38 -3.4e+38 -3.4e+38 -3.4e+38 -3.4e+38 -3.4e+38 -3.4e+38
0.554397642612457 0.556118786334991 0.554624080657959 0.546119272708893 0.536017298698425 0.526732504367828 0.515702486038208 0.484137922525406 0.456357508897781 0.458824545145035 0.468144088983536 0.471834093332291 0.472054541110992 0.474685609340668 0.476893573999405 0.477850139141083 0.477488696575165 0.491527825593948 0.514605104923248 0.529980182647705 0.531800866127014 0.549192309379578 0.559534072875977 0.537840604782104 0.520065128803253 0.50325745344162 0.503318667411804 0.521411836147308 0.534873068332672 0.541721761226654 0.534304738044739 0.514162838459015 0.519842743873596 0.530103087425232 0.508553147315979 0.52080911397934 0.525701284408569 0.503026068210602 0.516591310501099 0.522103190422058 0.518518328666687 -3.4e+38 -3.4e+38 -3.4e+38 -3.4e+38 -3.4e+38 -3.4e+38
0.574474275112152 0.574627697467804 0.570484280586243 0.562324583530426 0.554340004920959 0.540115177631378 0.519486308097839 0.480013102293015 0.462949991226196 0.481720328330994 0.495973497629166 0.494699031114578 0.492275208234787 0.494776010513306 0.496089071035385 0.500114321708679 0.502282381057739 0.514618039131165 0.534368872642517 0.554195761680603 0.559249937534332 0.563219010829926 0.561319470405579 0.54587733745575 0.532085120677948 0.518609821796417 0.529510021209717 0.545085608959198 0.545939981937408 0.55505359172821 0.552199900150299 0.537708401679993 0.524436414241791 0.524412035942078 0.520347833633423 0.53038489818573 0.530998289585114 0.523913621902466 0.531580567359924 0.515268921852112 0.502682864665985 0.515081286430359 -3.4e+38 -3.4e+38 -3.4e+38 -3.4e+38 -3.4e+38
0.58118337392807 0.580056190490723 0.577706634998322 0.577438175678253 0.581432044506073 0.569737613201141 0.53542172908783 0.491139888763428 0.477135390043259 0.497339516878128 0.508464753627777 0.504553318023682 0.506482720375061 0.512571930885315 0.518478810787201 0.525819838047028 0.534708559513092 0.545433759689331 0.554943859577179 0.568681955337524 0.574672758579254 0.566674947738647 0.556025743484497 0.545840561389923 0.540584325790405 0.534189999103546 0.549226462841034 0.55854207277298 0.550180315971375 0.550231337547302 0.546456038951874 0.533667325973511 0.519371747970581 0.528133630752563 0.54149854183197 0.538293242454529 0.524900913238525 0.507208108901978 0.507060289382935 0.50175952911377 0.498014479875565 0.505794107913971 0.518737852573395 -3.4e+38 -3.4e+38 -3.4e+38 -3.4e+38
0.590439975261688 0.588250577449799 0.579427361488342 0.57722008228302 0.581393718719482 0.573344111442566 0.534383714199066 0.493761748075485 0.490351468324661 0.494191110134125 0.497164189815521 0.500268995761871 0.511400520801544 0.52188640832901 0.530891358852386 0.539955079555511 0.553365230560303 0.563434958457947 0.562385022640228 0.566485583782196 0.57387238740921 0.567720711231232 0.548204958438873 0.539205551147461 0.534037709236145 0.528459072113037 0.537836849689484 0.543013393878937 0.536614418029785 0.535269320011139 0.520084619522095 0.511346518993378 0.520445466041565 0.537312209606171 0.540447294712067 0.526433050632477 0.514678001403809 0.502183198928833 0.501687228679657 0.508953213691711 0.510536432266235 0.505964577198029 0.50937420129776 0.516539514064789 -3.4e+38 -3.4e+38 -3.4e+38
0.57967621088028 0.575385510921478 0.571676135063171 0.562247216701508 0.552534461021423 0.536321401596069 0.512637913227081 0.496284812688828 0.493235617876053 0.482412308454514 0.485896110534668 0.499084651470184 0.51404732465744 0.527692854404449 0.535286068916321 0.542590618133545 0.550510227680206 0.56211245059967 0.565792202949524 0.566442847251892 0.558043837547302 0.545386612415314 0.533427119255066 0.53252249956131 0.523349642753601 0.511741459369659 0.51844447851181 0.519896924495697 0.520614624023438 0.523941397666931 0.50764936208725 0.503094375133514 0.521007239818573 0.52681440114975 0.511983215808868 0.503930330276489 0.515145838260651 0.510644495487213 0.50347489118576 0.51171886920929 0.519063174724579 0.519628524780273 0.510256588459015 0.501813471317291 0.496354728937149 -3.4e+38 -3.4e+38
0.572113215923309 0.566158711910248 0.568286955356598 0.566921412944794 0.559592664241791 0.539889514446259 0.511989533901215 0.493243396282196 0.487540602684021 0.485706984996796 0.497036129236221 0.508384108543396 0.519828498363495 0.546929597854614 0.556261539459229 0.554320514202118 0.555557548999786 0.564296841621399 0.578603506088257 0.575011849403381 0.557086706161499 0.537708044052124 0.531979739665985 0.534269869327545 0.527626574039459 0.525174379348755 0.532089829444885 0.52279669046402 0.521509647369385 0.526147246360779 0.519687831401825 0.509162724018097 0.512583196163177 0.52017080783844 0.505197763442993 0.500925958156586 0.518663346767426 0.518910050392151 0.500494956970215 0.49642276763916 0.507409512996674 0.526441335678101 0.522266447544098 0.50079357624054 0.49606665968895 0.493331521749496 -3.4e+38
0.586146771907806 0.580122292041779 0.576558172702789 0.566333413124084 0.552648782730103 0.535160064697266 0.515969812870026 0.494017601013184 0.489075005054474 0.500735342502594 0.512993812561035 0.522071421146393 0.540652751922607 0.575188815593719 0.57629257440567 0.577092945575714 0.582563817501068 0.572928130626678 0.5775386095047 0.571652173995972 0.556623458862305 0.542312979698181 0.534235715866089 0.534102201461792 0.527247428894043 0.532196640968323 0.53210985660553 0.518495619297028 0.518922030925751 0.522038161754608 0.521831810474396 0.515272736549377 0.526781260967255 0.537544846534729 0.526778519153595 0.511590838432312 0.511557579040527 0.51495486497879 0.499046623706818 0.492868542671204 0.50420868396759 0.518453061580658 0.52872359752655 0.518626034259796 0.511649370193481 0.509357988834381 0.523906767368317
0.590715289115906 0.585050940513611 0.575441181659698 0.552694916725159 0.529384315013885 0.523435473442078 0.5221928358078 0.51215523481369 0.507630586624146 0.521830260753632 0.529776394367218 0.536842703819275 0.555296957492828 0.574525833129883 0.571370780467987 0.578451156616211 0.581514835357666 0.562145590782166 0.557657241821289 0.550547897815704 0.538194477558136 0.524573147296906 0.517688870429993 0.522323250770569 0.521390914916992 0.528693675994873 0.518096685409546 0.498572707176208 0.505478501319885 0.515853047370911 0.522171914577484 0.52351713180542 0.531734943389893 0.537986755371094 0.53333193063736 0.513618648052216 0.508900463581085 0.521393418312073 0.50715833902359 0.511948823928833 0.515662908554077 0.502375841140747 0.519175171852112 0.513051211833954 0.496911913156509 0.519496858119965 0.527132749557495
0.566459834575653 0.564574599266052 0.554826974868774 0.543145060539246 0.529160976409912 0.52594405412674 0.531738519668579 0.528304219245911 0.524363279342651 0.539145767688751 0.551055669784546 0.556750357151031 0.560748994350433 0.561813533306122 0.568475484848022 0.574081599712372 0.556907474994659 0.536344528198242 0.529258251190186 0.522882223129272 0.510733067989349 0.502237319946289 0.500615239143372 0.500676512718201 0.49913963675499 0.515237510204315 0.510775685310364 0.494204103946686 0.506186127662659 0.517243802547455 0.517995655536652 0.515258848667145 0.514075517654419 0.509687840938568 0.508698165416718 0.499975264072418 0.51762467622757 0.527617335319519 0.501838207244873 0.527882635593414 0.526792764663696 0.498599529266357 0.515581607818604 0.515869736671448 0.497534036636353 0.510257244110107 0.514703631401062
0.566932141780853 0.56085878610611 0.557370483875275 0.56223851442337 0.548778772354126 0.536368489265442 0.539998710155487 0.541137933731079 0.539993703365326 0.554060876369476 0.569057762622833 0.574224591255188 0.569271266460419 0.557726263999939 0.556107938289642 0.549359917640686 0.528384625911713 0.510420858860016 0.501957952976227 0.502851366996765 0.503228366374969 0.500163018703461 0.501330733299255 0.49311700463295 0.487477600574493 0.504080891609192 0.506835341453552 0.50484025478363 0.518435001373291 0.518939614295959 0.505851626396179 0.50038081407547 0.508963465690613 0.514009833335876 0.515742480754852 0.515685856342316 0.53036493062973 0.526089727878571 0.497193455696106 0.522441208362579 0.527730524539948 0.508264780044556 0.513670146465302 0.495140612125397 0.483990669250488 0.491442084312439 0.526845872402191
0.582512378692627 0.580454111099243 0.577598452568054 0.577906131744385 0.569585978984833 0.559567749500275 0.555991411209106 0.562162816524506 0.564473330974579 0.57009094953537 0.578364670276642 0.576382279396057 0.565391480922699 0.547575056552887 0.531464755535126 0.521305620670319 0.507774233818054 0.498493373394012 0.498522043228149 0.50408262014389 0.508731365203857 0.515167891979218 0.51672887802124 0.50443422794342 0.503641426563263 0.507579326629639 0.50635701417923 0.516837418079376 0.52347457408905 0.515957653522491 0.505614161491394 0.506639719009399 0.515211462974548 0.52195805311203 0.528649270534515 0.530038952827454 0.527202367782593 0.536971271038055 0.532205998897552 0.529484391212463 0.526926219463348 0.507091343402863 0.490891426801682 0.46900749206543 0.47357451915741 0.489087551832199 0.502395272254944
0.581722795963287 0.588293850421906 0.584293782711029 0.581844568252563 0.579710960388184 0.573930859565735 0.570169985294342 0.581412792205811 0.58560186624527 0.583917200565338 0.58476847410202 0.570996880531311 0.557218730449677 0.539955079555511 0.517803132534027 0.50628674030304 0.499662846326828 0.489890843629837 0.483822166919708 0.488796293735504 0.499993532896042 0.517022967338562 0.520707547664642 0.509149491786957 0.506092250347137 0.503648161888123 0.500906229019165 0.516497611999512 0.523736536502838 0.521126091480255 0.516385912895203 0.518419921398163 0.528881669044495 0.532184064388275 0.5343337059021 0.533062279224396 0.529397130012512 0.537450134754181 0.538029730319977 0.526166558265686 0.519707262516022 0.494125306606293 0.482803553342819 0.492094337940216 0.494815111160278 0.495180010795593 -3.4e+38
0.565298855304718 0.579041123390198 0.576377332210541 0.573089361190796 0.568592429161072 0.560088276863098 0.566765666007996 0.581208407878876 0.583665668964386 0.58367931842804 0.581970036029816 0.562044739723206 0.549585342407227 0.536050200462341 0.508446753025055 0.486733555793762 0.475896179676056 0.463004440069199 0.452493101358414 0.457682907581329 0.475152611732483 0.501912534236908 0.505845189094543 0.495863527059555 0.498905807733536 0.495004832744598 0.491267919540405 0.509744763374329 0.51703816652298 0.517318367958069 0.525172173976898 0.527563452720642 0.532054126262665 0.532866537570953 0.533608078956604 0.530758559703827 0.526281654834747 0.531652867794037 0.524485945701599 0.510503530502319 0.502279937267303 0.498026907444 0.497401267290115 0.501120388507843 -3.4e+38 -3.4e+38 -3.4e+38
0.500418543815613 0.518791139125824 0.54067325592041 0.548102378845215 0.544240474700928 0.533716261386871 0.542228400707245 0.551554143428802 0.543843448162079 0.551967799663544 0.558826446533203 0.548113882541656 0.545668601989746 0.528899133205414 0.497505187988281 0.470354199409485 0.454096466302872 0.444904804229736 0.438488841056824 0.445277512073517 0.462747424840927 0.479897439479828 0.485635071992874 0.487413734197617 0.499310880899429 0.496641010046005 0.493464738130569 0.503290057182312 0.505060732364655 0.514043867588043 0.528135895729065 0.528911352157593 0.529567778110504 0.528408825397491 0.52729994058609 0.518397450447083 0.512252688407898 0.521130979061127 0.513645648956299 0.50152999162674 0.499824911355972 0.503075420856476 -3.4e+38 -3.4e+38 -3.4e+38 -3.4e+38 -3.4e+38
0.430603802204132 0.445489883422852 0.479022771120071 0.500672101974487 0.507581233978271 0.495657652616501 0.494563668966293 0.498152554035187 0.487119644880295 0.502114057540894 0.523668944835663 0.530669867992401 0.545705854892731 0.522712826728821 0.49099189043045 0.471635699272156 0.453949272632599 0.453249275684357 0.457366079092026 0.464572668075562 0.474798113107681 0.480182528495789 0.488020837306976 0.502788841724396 0.510741710662842 0.508905231952667 0.510416448116302 0.512693881988525 0.507424592971802 0.513985574245453 0.52492493391037 0.529316127300262 0.532251060009003 0.528745949268341 0.525020480155945 0.510745584964752 0.502791285514832 0.510881781578064 0.511068820953369 0.514567911624908 -3.4e+38 -3.4e+38 -3.4e+38 -3.4e+38 -3.4e+38 -3.4e+38 -3.4e+38
