data/trimmed_ndre/Od_ndre.627.2013_no_clouds.asc
NCOLS 144 
NROWS 65 
XLLCORNER 512965 
YLLCORNER 5150865 
CELLSIZE 5 
NODATA_value -3.4e+38 
[rows 21 to 41 of 65, columns 94 to 140 of 144]
0.548004329204559 0.555351912975311 0.558046042919159 0.549642860889435 0.545887649059296 0.548540771007538 0.553281784057617 0.560716986656189 0.553725838661194 0.528185129165649 0.505903959274292 0.497637361288071 0.511340618133545 0.526010632514954 0.54087221622467 0.554582476615906 0.563490033149719 0.566841900348663 0.57053154706955 0.572793900966644 0.57187294960022 0.570671141147614 0.580687284469604 0.600299775600433 0.618019282817841 0.613302052021027 0.58659440279007 0.572881519794464 0.589956104755402 0.610307037830353 0.604752838611603 0.601377189159393 0.620360672473907 0.631489396095276 0.631940603256226 -3.4e+38 -3.4e+38 -3.4e+38 -3.4e+38 -3.4e+38 -3.4e+38 -3.4e+38 -3.4e+38 -3.4e+38 -3.4e+38 -3.4e+38 -3.4e+38
0.550736486911774 0.559892535209656 0.562369763851166 0.556610405445099 0.5542151927948 0.552976310253143 0.550416827201843 0.552037000656128 0.54252678155899 0.512914776802063 0.4814073741436 0.464493781328201 0.481070995330811 0.516035676002502 0.542109906673431 0.55749249458313 0.568971276283264 0.587511777877808 0.597184658050537 0.598407626152039 0.593202292919159 0.588347852230072 0.596990764141083 0.602391302585602 0.602296471595764 0.58891087770462 0.570156693458557 0.576448857784271 0.60888010263443 0.627991378307343 0.615199148654938 0.599619805812836 0.620001673698425 0.637355387210846 0.627816319465637 0.632886052131653 0.622128188610077 -3.4e+38 -3.4e+38 -3.4e+38 -3.4e+38 -3.4e+38 -3.4e+38 -3.4e+38 -3.4e+38 -3.4e+38 -3.4e+38
0.539582133293152 0.553297162055969 0.558716833591461 0.55917227268219 0.559543490409851 0.550832450389862 0.54491263628006 0.535996437072754 0.514541745185852 0.486724495887756 0.462127178907394 0.453923642635345 0.468278437852859 0.49898898601532 0.529217720031738 0.546319186687469 0.559386551380157 0.588811039924622 0.611810147762299 0.624513268470764 0.624071300029755 0.616060256958008 0.607198894023895 0.593328893184662 0.586738348007202 0.584866404533386 0.58140629529953 0.594074428081512 0.62253725528717 0.64117294549942 0.635332226753235 0.62492561340332 0.637460708618164 0.643317341804504 0.634010374546051 0.641936838626862 0.63861471414566 0.622914791107178 -3.4e+38 -3.4e+38 -3.4e+38 -3.4e+38 -3.4e+38 -3.4e+38 -3.4e+38 -3.4e+38 -3.4e+38
0.541665017604828 0.552791118621826 0.557413876056671 0.5604487657547 0.562836647033691 0.553409814834595 0.542710602283478 0.528659462928772 0.496578931808472 0.469117492437363 0.463021695613861 0.465819895267487 0.467905819416046 0.48686209321022 0.517703056335449 0.548754632472992 0.574574947357178 0.6058589220047 0.637801349163055 0.650863885879517 0.647008776664734 0.633986294269562 0.623223125934601 0.601170837879181 0.597540974617004 0.608166038990021 0.612477481365204 0.603065729141235 0.605449795722961 0.616198420524597 0.625049352645874 0.62518972158432 0.62582790851593 0.631664931774139 0.635923683643341 0.647863328456879 0.648158073425293 0.638427674770355 0.624102830886841 -3.4e+38 -3.4e+38 -3.4e+38 -3.4e+38 -3.4e+38 -3.4e+38 -3.4e+38 -3.4e+38
0.56690114736557 0.574789524078369 0.574596405029297 0.573768019676208 0.567968606948853 0.556657552719116 0.546790838241577 0.532951891422272 0.496531307697296 0.462100952863693 0.470005750656128 0.478827297687531 0.479494750499725 0.496241569519043 0.519213080406189 0.547971189022064 0.582082450389862 0.613727867603302 0.642104804515839 0.6561598777771 0.657324314117432 0.642686724662781 0.623219072818756 0.608397722244263 0.609512269496918 0.617912173271179 0.619216024875641 0.606592059135437 0.596991539001465 0.596797347068787 0.600932002067566 0.603410184383392 0.598266541957855 0.60579913854599 0.619219958782196 0.626420199871063 0.629546999931335 0.631428122520447 0.627615928649902 -3.4e+38 -3.4e+38 -3.4e+38 -3.4e+38 -3.4e+38 -3.4e+38 -3.4e+38 -3.4e+38
0.598795592784882 0.605583965778351 0.604233503341675 0.60102105140686 0.585643351078033 0.569479703903198 0.55629175901413 0.535301566123962 0.504436433315277 0.475180238485336 0.471605330705643 0.486084401607513 0.501319825649261 0.519178211688995 0.537076056003571 0.555195093154907 0.584338068962097 0.609683632850647 0.631456613540649 0.650487422943115 0.658487856388092 0.643728852272034 0.618467092514038 0.609408020973206 0.61137580871582 0.618369281291962 0.613311290740967 0.599656879901886 0.60040420293808 0.599324107170105 0.60354608297348 0.600853621959686 0.59252256155014 0.591103076934814 0.590942323207855 0.594241619110107 0.608185172080994 0.620497345924377 0.619199573993683 0.616287231445312 -3.4e+38 -3.4e+38 -3.4e+38 -3.4e+38 -3.4e+38 -3.4e+38 -3.4e+38
0.616106331348419 0.625270366668701 0.629904389381409 0.625793874263763 0.60307103395462 0.580952882766724 0.561532914638519 0.541202247142792 0.520725250244141 0.490111291408539 0.47515794634819 0.494444251060486 0.520468950271606 0.54288649559021 0.55869448184967 0.570464432239532 0.592694342136383 0.613180816173553 0.627568125724792 0.645041882991791 0.651582002639771 0.636472940444946 0.624962031841278 0.620423316955566 0.617892503738403 0.617870211601257 0.610290586948395 0.592580437660217 0.581658720970154 0.583208680152893 0.589854896068573 0.585287928581238 0.582849204540253 0.578183829784393 0.570609629154205 0.578259170055389 0.588408052921295 0.601872384548187 0.606307566165924 0.606550931930542 0.607702314853668 -3.4e+38 -3.4e+38 -3.4e+38 -3.4e+38 -3.4e+38 -3.4e+38
0.622375965118408 0.632463037967682 0.637620866298676 0.631588101387024 0.606546342372894 0.584918737411499 0.566221237182617 0.541205704212189 0.516981244087219 0.500832140445709 0.497841626405716 0.516629993915558 0.543447852134705 0.560096442699432 0.568647384643555 0.583905160427094 0.606451630592346 0.623455941677094 0.631053984165192 0.635338366031647 0.633387625217438 0.628618836402893 0.636648833751678 0.641437292098999 0.627297937870026 0.614015579223633 0.610485196113586 0.590437889099121 0.556510984897614 0.547413945198059 0.556036472320557 0.559902548789978 0.562772810459137 0.566535234451294 0.556844115257263 0.561786711215973 0.577082574367523 0.589596331119537 0.592356503009796 0.590716540813446 0.599389970302582 0.610597729682922 -3.4e+38 -3.4e+38 -3.4e+38 -3.4e+38 -3.4e+38
0.616107106208801 0.626608371734619 0.633363246917725 0.623930394649506 0.599569082260132 0.581247091293335 0.566143333911896 0.536886751651764 0.512521803379059 0.51390552520752 0.525590717792511 0.533857583999634 0.546457350254059 0.552075803279877 0.558683812618256 0.580197513103485 0.612675487995148 0.63370817899704 0.63605397939682 0.627409398555756 0.616570293903351 0.615226626396179 0.623991310596466 0.626863658428192 0.615082085132599 0.605361759662628 0.605777502059937 0.591753244400024 0.5524862408638 0.528929948806763 0.537065923213959 0.54338014125824 0.553045392036438 0.557905256748199 0.549568355083466 0.557402193546295 0.579575538635254 0.587782144546509 0.592009603977203 0.595400810241699 0.606488764286041 0.612383961677551 0.609566748142242 -3.4e+38 -3.4e+38 -3.4e+38 -3.4e+38
0.604208886623383 0.618177711963654 0.629954636096954 0.627674639225006 0.603873252868652 0.576538801193237 0.560604214668274 0.543384909629822 0.52295196056366 0.534126222133636 0.540826976299286 0.537178993225098 0.540547311306 0.539229571819305 0.535829603672028 0.56061464548111 0.600527048110962 0.629948437213898 0.633421540260315 0.621208369731903 0.614689648151398 0.617276787757874 0.612589597702026 0.603934466838837 0.601434946060181 0.596660435199738 0.597071409225464 0.586106777191162 0.554835021495819 0.534554183483124 0.536982357501984 0.529722332954407 0.531166315078735 0.539472937583923 0.543803691864014 0.561614632606506 0.579240739345551 0.585880100727081 0.591278612613678 0.600611746311188 0.612013339996338 0.619443833827972 0.618837237358093 0.605135321617126 -3.4e+38 -3.4e+38 -3.4e+38
0.618419051170349 0.622445583343506 0.628322601318359 0.629187524318695 0.604863047599792 0.564002573490143 0.533021330833435 0.542339503765106 0.539278328418732 0.531702816486359 0.535069942474365 0.535206735134125 0.544262170791626 0.547657489776611 0.553830862045288 0.577463030815125 0.60634309053421 0.625885009765625 0.628328442573547 0.615689039230347 0.616863071918488 0.628289341926575 0.623258113861084 0.612310409545898 0.610919952392578 0.610266268253326 0.604284048080444 0.586529672145844 0.56758850812912 0.547955870628357 0.543684959411621 0.530068039894104 0.523657739162445 0.528761863708496 0.538349747657776 0.565822422504425 0.581842541694641 0.583324134349823 0.584799647331238 0.591928482055664 0.601926565170288 0.604974627494812 0.614388167858124 0.620093524456024 0.609146773815155 -3.4e+38 -3.4e+38
0.652817785739899 0.643310010433197 0.628806054592133 0.614723920822144 0.592963993549347 0.553798139095306 0.516469180583954 0.535345792770386 0.53601861000061 0.520245492458344 0.536151885986328 0.543355822563171 0.561671853065491 0.582445621490479 0.603864312171936 0.623989403247833 0.639941930770874 0.642803251743317 0.636288821697235 0.621987283229828 0.622259795665741 0.63488781452179 0.640233635902405 0.635084629058838 0.629980087280273 0.62426632642746 0.611631870269775 0.593436360359192 0.581352412700653 0.565037131309509 0.555801868438721 0.552288115024567 0.546257019042969 0.543111503124237 0.549428164958954 0.570482730865479 0.579348742961884 0.578243792057037 0.583014070987701 0.595310628414154 0.607388615608215 0.608418524265289 0.60737156867981 0.610651969909668 0.609591662883759 0.604626595973969 -3.4e+38
0.659426093101501 0.650867879390717 0.633736848831177 0.609259724617004 0.582249939441681 0.537540018558502 0.494768172502518 0.502899408340454 0.503857612609863 0.50239086151123 0.525411903858185 0.553820788860321 0.585265159606934 0.614139318466187 0.631708204746246 0.643425524234772 0.654635846614838 0.65452116727829 0.645998954772949 0.62942910194397 0.618193328380585 0.627451837062836 0.648212194442749 0.660176455974579 0.648971796035767 0.627009868621826 0.606722831726074 0.587137520313263 0.575591564178467 0.562193810939789 0.557915866374969 0.566419541835785 0.564366102218628 0.562516748905182 0.57643336057663 0.589565396308899 0.583835124969482 0.576703071594238 0.585666298866272 0.601651966571808 0.615149557590485 0.616750240325928 0.606606125831604 0.600605487823486 0.60608446598053 0.611101031303406 0.623488903045654
0.6464022397995 0.640481948852539 0.633140444755554 0.607495963573456 0.565110146999359 0.513529598712921 0.487868249416351 0.494898557662964 0.501722872257233 0.508499145507812 0.534704148769379 0.568873643875122 0.606170177459717 0.633311033248901 0.648662030696869 0.652365624904633 0.650498032569885 0.649988830089569 0.646215736865997 0.643284976482391 0.627690732479095 0.621462881565094 0.636246085166931 0.655877888202667 0.647567451000214 0.621243476867676 0.59601229429245 0.582517743110657 0.567504703998566 0.551546692848206 0.543689906597137 0.545573592185974 0.551663458347321 0.557996809482574 0.578580260276794 0.591386675834656 0.584809958934784 0.57045567035675 0.572084009647369 0.586177468299866 0.593945324420929 0.600739002227783 0.610915303230286 0.609856426715851 0.602809965610504 0.60580450296402 0.622555077075958
0.638805627822876 0.619930744171143 0.594332277774811 0.56548947095871 0.529099464416504 0.50024950504303 0.516722559928894 0.529366850852966 0.525967180728912 0.532530903816223 0.55382639169693 0.584929525852203 0.610142767429352 0.62957888841629 0.639009296894073 0.63755202293396 0.633367538452148 0.634084224700928 0.631222605705261 0.624355494976044 0.610173344612122 0.6003737449646 0.604962468147278 0.611310064792633 0.615250408649445 0.60253381729126 0.58503383398056 0.579589903354645 0.5663703083992 0.545871078968048 0.547109842300415 0.543169021606445 0.538691639900208 0.541089296340942 0.558187961578369 0.572502613067627 0.569030225276947 0.559726357460022 0.560451567173004 0.566363394260406 0.562796831130981 0.575225412845612 0.595639228820801 0.59455144405365 0.580116212368011 0.584025263786316 0.599593639373779
0.601475358009338 0.56924307346344 0.540807664394379 0.522053718566895 0.493959665298462 0.467967599630356 0.49054029583931 0.543235242366791 0.557837069034576 0.558506667613983 0.567265152931213 0.582288384437561 0.597266316413879 0.601410508155823 0.599981069564819 0.602033197879791 0.611306190490723 0.622628509998322 0.615668058395386 0.587652623653412 0.562552809715271 0.566261887550354 0.564728200435638 0.558530807495117 0.568480014801025 0.576414406299591 0.57299393415451 0.565463304519653 0.563366532325745 0.556419968605042 0.552673876285553 0.55558055639267 0.551659643650055 0.547989428043365 0.551926672458649 0.561870396137238 0.562740623950958 0.565354406833649 0.575138747692108 0.574415624141693 0.563651859760284 0.560349583625793 0.568985164165497 0.571816742420197 0.567205011844635 0.571814298629761 0.579773783683777
0.587783515453339 0.551182746887207 0.545596182346344 0.548192203044891 0.54221510887146 0.531541228294373 0.545490503311157 0.575352907180786 0.587136805057526 0.588727056980133 0.597465753555298 0.602967321872711 0.593395054340363 0.577210068702698 0.56628543138504 0.570501446723938 0.585107743740082 0.594305038452148 0.597335457801819 0.573538899421692 0.544888138771057 0.537809073925018 0.526275873184204 0.507089495658875 0.51837146282196 0.546914398670197 0.554573595523834 0.550325036048889 0.557584702968597 0.551969528198242 0.544243812561035 0.567363083362579 0.581772565841675 0.582300961017609 0.582264959812164 0.582928240299225 0.580006837844849 0.580282390117645 0.587645411491394 0.582160890102386 0.576008200645447 0.574354410171509 0.572259366512299 0.582241296768188 0.580561339855194 0.58413028717041 0.58004230260849
0.61768627166748 0.579025268554688 0.578734695911407 0.59845757484436 0.606152474880219 0.617298543453217 0.630545020103455 0.620930790901184 0.611904263496399 0.617396891117096 0.623749494552612 0.618561804294586 0.601174473762512 0.577771723270416 0.562253713607788 0.557363629341125 0.56598836183548 0.56905722618103 0.577809035778046 0.574093103408813 0.558554887771606 0.545551776885986 0.519226133823395 0.487643927335739 0.503509938716888 0.537155747413635 0.535391509532928 0.539088249206543 0.556657254695892 0.55650520324707 0.559244573116302 0.585227131843567 0.59828507900238 0.593285441398621 0.59285444021225 0.598126113414764 0.594791531562805 0.591507911682129 0.597731053829193 0.598582684993744 0.597228586673737 0.6064173579216 0.608624160289764 0.605335772037506 0.599366545677185 0.602877140045166 -3.4e+38
0.634136736392975 0.615125954151154 0.622141122817993 0.624939501285553 0.611088216304779 0.608344972133636 0.625534236431122 0.636366188526154 0.627871990203857 0.627188980579376 0.627945482730865 0.612915515899658 0.595062136650085 0.578403532505035 0.552856922149658 0.534056127071381 0.53846001625061 0.540565729141235 0.550007522106171 0.553588569164276 0.549437046051025 0.545856177806854 0.527468204498291 0.506970643997192 0.517977058887482 0.535217821598053 0.523348093032837 0.533695578575134 0.561209857463837 0.576539635658264 0.575654208660126 0.583835422992706 0.589318156242371 0.586354494094849 0.585608541965485 0.590380430221558 0.593490660190582 0.600836992263794 0.607540011405945 0.616490721702576 0.61221444606781 0.609763503074646 0.608514904975891 0.601968169212341 -3.4e+38 -3.4e+38 -3.4e+38
0.639744997024536 0.62728613615036 0.630521714687347 0.623443722724915 0.605584859848022 0.609938085079193 0.615560173988342 0.619135320186615 0.611500859260559 0.612141311168671 0.615752816200256 0.603203296661377 0.585324227809906 0.573444843292236 0.537653982639313 0.499171942472458 0.492897838354111 0.492071062326431 0.496151089668274 0.504430592060089 0.514065563678741 0.527635931968689 0.527749240398407 0.525363922119141 0.534895300865173 0.541453182697296 0.532456338405609 0.535837113857269 0.559513926506042 0.582914888858795 0.584518730640411 0.57939088344574 0.584157109260559 0.588343799114227 0.584233045578003 0.582196056842804 0.587667226791382 0.59547758102417 0.599980413913727 0.603617489337921 0.594469249248505 0.590686976909637 -3.4e+38 -3.4e+38 -3.4e+38 -3.4e+38 -3.4e+38
0.630438983440399 0.614700555801392 0.607181251049042 0.598468720912933 0.592636466026306 0.59150493144989 0.573126971721649 0.564429581165314 0.57124525308609 0.588148891925812 0.606886565685272 0.606042683124542 0.590490520000458 0.571416854858398 0.532783508300781 0.479209572076797 0.444653540849686 0.443928390741348 0.458686083555222 0.480053633451462 0.502970337867737 0.519591748714447 0.529425323009491 0.545618414878845 0.557561993598938 0.558522641658783 0.549812376499176 0.547426402568817 0.568361878395081 0.593315005302429 0.593103468418121 0.583136975765228 0.583342015743256 0.587358832359314 0.586566925048828 0.58341658115387 0.580339193344116 0.585977435112 0.589282631874084 0.593685984611511 -3.4e+38 -3.4e+38 -3.4e+38 -3.4e+38 -3.4e+38 -3.4e+38 -3.4e+38
