data/trimmed_ndre/Od_ndre.715.2011_no_clouds.asc
NCOLS 144 
NROWS 65 
XLLCORNER 512965 
YLLCORNER 5150865 
CELLSIZE 5 
NODATA_value -3.4e+38 
[rows 21 to 41 of 65, columns 47 to 93 of 144]
0.630440175533295 0.630450308322906 0.635975241661072 0.640540242195129 0.628826797008514 0.62472540140152 0.632250010967255 0.642008721828461 0.627098262310028 0.615951120853424 0.634688079357147 0.627381265163422 0.633242607116699 0.622055768966675 0.602182745933533 0.599766075611115 0.605421245098114 0.618779957294464 0.627616465091705 0.619718194007874 0.63154661655426 0.638797760009766 0.633184731006622 0.621933281421661 0.627128958702087 0.629954099655151 0.616056859493256 0.60077965259552 0.627118587493896 0.652939081192017 0.626614391803741 0.589367389678955 0.570011138916016 0.575563013553619 0.584462761878967 0.590627014636993 0.594444870948792 0.572890341281891 0.538217961788177 0.548329651355743 0.537434995174408 0.498207628726959 0.469324827194214 0.459671020507812 0.430841356515884 0.401641011238098 0.394214987754822
0.625990986824036 0.628184139728546 0.638701498508453 0.644485235214233 0.63800722360611 0.639146864414215 0.633685708045959 0.62734466791153 0.637269794940948 0.6271111369133 0.624966144561768 0.628098785877228 0.63914567232132 0.626563847064972 0.601047813892365 0.60236668586731 0.621598601341248 0.630243301391602 0.620698392391205 0.611002147197723 0.635405302047729 0.639000058174133 0.62336003780365 0.615163266658783 0.619447648525238 0.616486370563507 0.606029152870178 0.602938175201416 0.608975529670715 0.615246295928955 0.59295392036438 0.571526944637299 0.571556448936462 0.556688964366913 0.529044389724731 0.513762474060059 0.518869340419769 0.517080962657928 0.496120721101761 0.490059942007065 0.467325210571289 0.424136877059937 0.399674266576767 0.415482878684998 0.406766086816788 0.372951537370682 0.359931975603104
0.613821744918823 0.613376021385193 0.614895820617676 0.615562260150909 0.615132629871368 0.620324373245239 0.611434161663055 0.605472922325134 0.623919785022736 0.612246632575989 0.613941490650177 0.623461604118347 0.62029105424881 0.621088445186615 0.607262134552002 0.608798325061798 0.633396029472351 0.635426819324493 0.607161104679108 0.600571274757385 0.633289396762848 0.624929547309875 0.617345869541168 0.614059150218964 0.607784628868103 0.603540897369385 0.595825612545013 0.592545449733734 0.583007454872131 0.574943363666534 0.561078608036041 0.541326642036438 0.542087554931641 0.517939805984497 0.475620746612549 0.463169693946838 0.474051386117935 0.486752808094025 0.474914133548737 0.450822710990906 0.426930457353592 0.398923993110657 0.390018939971924 0.399798333644867 0.387590050697327 0.381070733070374 0.375895828008652
0.595056056976318 0.585886418819427 0.58532452583313 0.571138978004456 0.565775632858276 0.575079619884491 0.584680914878845 0.596124947071075 0.601412892341614 0.589449226856232 0.603639543056488 0.618130326271057 0.612120091915131 0.610558032989502 0.600042641162872 0.595000565052032 0.60490083694458 0.612436652183533 0.607958972454071 0.606792628765106 0.620503425598145 0.60852575302124 0.616297543048859 0.61488538980484 0.590253472328186 0.58329576253891 0.573157072067261 0.570406019687653 0.570132374763489 0.556407034397125 0.529260993003845 0.505660593509674 0.495856642723083 0.481336325407028 0.466070294380188 0.459094196557999 0.466635584831238 0.471769213676453 0.453998565673828 0.425395399332047 0.410592317581177 0.399096786975861 0.393606275320053 0.389424413442612 0.374253064393997 0.393488854169846 0.396552443504333
0.552504181861877 0.554222822189331 0.57014924287796 0.560438215732574 0.542231619358063 0.544529378414154 0.559589743614197 0.579820990562439 0.584130883216858 0.580760180950165 0.594442665576935 0.605895698070526 0.598364114761353 0.586284339427948 0.580084681510925 0.585380434989929 0.585461437702179 0.580754041671753 0.593867123126984 0.59531033039093 0.593742370605469 0.596931993961334 0.599031090736389 0.581220030784607 0.558649659156799 0.557768166065216 0.552496373653412 0.54652065038681 0.534982264041901 0.512715280056 0.492938190698624 0.474960833787918 0.463682293891907 0.452001810073853 0.45901021361351 0.450116813182831 0.437207341194153 0.436116427183151 0.433210819959641 0.40721583366394 0.392236769199371 0.400104165077209 0.421707212924957 0.404689341783524 0.370867967605591 0.378515362739563 0.397644966840744
0.513380289077759 0.528316080570221 0.538548648357391 0.5262051820755 0.520433723926544 0.525389850139618 0.534707903862 0.545404374599457 0.545804440975189 0.545882165431976 0.560164213180542 0.567750632762909 0.568593323230743 0.566772639751434 0.570752859115601 0.578728854656219 0.550205707550049 0.538062512874603 0.563799560070038 0.566064536571503 0.561811983585358 0.558662176132202 0.553135991096497 0.54216057062149 0.536913692951202 0.540125072002411 0.539021849632263 0.529752314090729 0.490774035453796 0.464377254247665 0.470593363046646 0.455757170915604 0.445348501205444 0.435936331748962 0.438187092542648 0.425909489393234 0.411848247051239 0.42221412062645 0.451877504587173 0.457152456045151 0.447149246931076 0.443491876125336 0.439228951931 0.414875894784927 0.377097636461258 0.372731238603592 0.402256190776825
0.504222929477692 0.51425713300705 0.516380369663239 0.502041399478912 0.508923947811127 0.51235443353653 0.523480355739594 0.535733342170715 0.530950307846069 0.526387512683868 0.529868185520172 0.53060108423233 0.538002371788025 0.542001307010651 0.543252468109131 0.544805347919464 0.516359686851501 0.512553334236145 0.541075587272644 0.538760423660278 0.521112859249115 0.511700451374054 0.513277471065521 0.517681777477264 0.526471197605133 0.515868604183197 0.494384437799454 0.487724393606186 0.445167601108551 0.435086488723755 0.458694249391556 0.445534408092499 0.447437882423401 0.446254968643188 0.430404543876648 0.418574333190918 0.435673385858536 0.460485845804214 0.476044714450836 0.47027862071991 0.467725366353989 0.45341682434082 0.421506285667419 0.38887232542038 0.394729793071747 0.440963685512543 0.481891363859177
0.477768152952194 0.489632129669189 0.494879454374313 0.491432636976242 0.501441180706024 0.501422762870789 0.50541490316391 0.518378913402557 0.520812332630157 0.517492175102234 0.522367119789124 0.530635952949524 0.527654051780701 0.532798826694489 0.525822103023529 0.513591468334198 0.508713722229004 0.50542825460434 0.507797658443451 0.499201089143753 0.489463269710541 0.492859542369843 0.49803638458252 0.49639093875885 0.50044310092926 0.485618412494659 0.455339401960373 0.441705346107483 0.424036949872971 0.424204409122467 0.452874630689621 0.457038670778275 0.463367611169815 0.452348858118057 0.436145931482315 0.42682147026062 0.445278227329254 0.47367399930954 0.480424761772156 0.463029891252518 0.444918692111969 0.442278146743774 0.441694438457489 0.442653864622116 0.484196186065674 0.528284668922424 0.555636048316956
0.475493967533112 0.479013442993164 0.47640523314476 0.481725186109543 0.491517901420593 0.490566372871399 0.498761236667633 0.506790399551392 0.505724728107452 0.50454568862915 0.499471426010132 0.501893877983093 0.504199504852295 0.513945281505585 0.511439800262451 0.50796902179718 0.498818933963776 0.473614126443863 0.450760126113892 0.458657652139664 0.47784897685051 0.485651463270187 0.471840739250183 0.463974714279175 0.472044557332993 0.476087927818298 0.452157407999039 0.434408724308014 0.441698640584946 0.440145373344421 0.437824577093124 0.444434523582458 0.452043175697327 0.433800935745239 0.4289610683918 0.456419318914413 0.494176208972931 0.481330454349518 0.472361624240875 0.471697449684143 0.454527258872986 0.460780411958694 0.494630932807922 0.526964962482452 0.553763866424561 0.555116832256317 0.566772043704987
0.483958750963211 0.493249773979187 0.483152240514755 0.48664253950119 0.489796668291092 0.482562571763992 0.498462587594986 0.512313067913055 0.503161072731018 0.488064169883728 0.480861455202103 0.475589960813522 0.476646900177002 0.475585222244263 0.470477610826492 0.480518370866776 0.47577178478241 0.440676331520081 0.417385578155518 0.43146738409996 0.466144293546677 0.47600382566452 0.4593206346035 0.441560298204422 0.45901808142662 0.481363534927368 0.480264872312546 0.45421501994133 0.441767573356628 0.429309248924255 0.412850946187973 0.418342173099518 0.441402316093445 0.446407645940781 0.479410886764526 0.516820311546326 0.524937987327576 0.487709760665894 0.458687871694565 0.448535084724426 0.434073597192764 0.468191772699356 0.526146471500397 0.565168082714081 0.57121604681015 0.571643888950348 0.586125612258911
0.477894157171249 0.491765886545181 0.493741244077682 0.497396498918533 0.490907400846481 0.482823461294174 0.49444317817688 0.500985205173492 0.485304355621338 0.464107841253281 0.466067492961884 0.459925353527069 0.472183018922806 0.472532033920288 0.450760692358017 0.459722816944122 0.458731979131699 0.435441792011261 0.421779334545135 0.409418761730194 0.424047708511353 0.44046875834465 0.442635595798492 0.433384656906128 0.441606134176254 0.471090346574783 0.489482343196869 0.465018928050995 0.436659336090088 0.433617413043976 0.429545760154724 0.454881489276886 0.48078528046608 0.494130074977875 0.528996407985687 0.539650857448578 0.517428278923035 0.491541534662247 0.439913719892502 0.413659572601318 0.422483175992966 0.457579553127289 0.521519303321838 0.572509586811066 0.589550256729126 0.600704252719879 0.611642360687256
0.491015642881393 0.49113991856575 0.493741095066071 0.494836568832397 0.493355125188828 0.499274522066116 0.507698953151703 0.498963505029678 0.473973393440247 0.454191505908966 0.448248296976089 0.442594051361084 0.455555468797684 0.457342714071274 0.44372633099556 0.455989569425583 0.44729620218277 0.441791921854019 0.431919664144516 0.40538290143013 0.394374698400497 0.413112282752991 0.434422969818115 0.442171841859818 0.45480340719223 0.480814397335052 0.498712360858917 0.482034295797348 0.477192580699921 0.470448195934296 0.466796845197678 0.497344791889191 0.524104595184326 0.531567573547363 0.539993643760681 0.544359505176544 0.519801795482635 0.473974496126175 0.42683020234108 0.393400281667709 0.410575777292252 0.450025618076324 0.505004823207855 0.577828645706177 0.599602222442627 0.604581892490387 0.629220604896545
0.514326870441437 0.497957676649094 0.490462124347687 0.489186733961105 0.493476808071136 0.503205716609955 0.506070137023926 0.493673622608185 0.469455480575562 0.464969843626022 0.463280111551285 0.450885534286499 0.45666241645813 0.461908757686615 0.458364635705948 0.459001272916794 0.433048069477081 0.440256923437119 0.456840634346008 0.438774764537811 0.416836678981781 0.440243601799011 0.475715130567551 0.490925997495651 0.501965820789337 0.512583613395691 0.519518971443176 0.52034991979599 0.540671527385712 0.521253407001495 0.500771582126617 0.523670613765717 0.557158291339874 0.554969966411591 0.543748795986176 0.551127135753632 0.528355002403259 0.463707566261292 0.411531388759613 0.376763224601746 0.398518651723862 0.473289132118225 0.53073388338089 0.57827353477478 0.594914019107819 0.602523326873779 0.640554904937744
0.539640486240387 0.521129846572876 0.518779754638672 0.512696146965027 0.499213099479675 0.505873322486877 0.510892450809479 0.496128469705582 0.470679640769958 0.472741544246674 0.474852681159973 0.47482630610466 0.487945139408112 0.497027158737183 0.48562827706337 0.468870401382446 0.458220779895782 0.472460508346558 0.49170258641243 0.481320768594742 0.459639012813568 0.494127184152603 0.535013735294342 0.543807566165924 0.538627624511719 0.537016272544861 0.533816814422607 0.538800954818726 0.567243456840515 0.553285539150238 0.534515798091888 0.555941760540009 0.588541448116302 0.590463161468506 0.574009597301483 0.561672151088715 0.529262840747833 0.463950753211975 0.403418660163879 0.40596866607666 0.42997270822525 0.498996555805206 0.565730571746826 0.590336203575134 0.615175545215607 0.63447242975235 0.636728644371033
0.563187181949615 0.551355123519897 0.562809765338898 0.559076368808746 0.532768845558167 0.53253173828125 0.540993213653564 0.531620860099792 0.504506170749664 0.495504111051559 0.486780315637589 0.499595761299133 0.516717553138733 0.507891416549683 0.512513637542725 0.505454063415527 0.50339537858963 0.50924277305603 0.51336932182312 0.50497442483902 0.501024127006531 0.530382454395294 0.552342355251312 0.546652853488922 0.532688081264496 0.52671492099762 0.540022552013397 0.556784391403198 0.568737089633942 0.566316843032837 0.573293626308441 0.588761389255524 0.598795056343079 0.590480804443359 0.579019248485565 0.550897300243378 0.514187037944794 0.479185581207275 0.410475522279739 0.402745068073273 0.460946530103683 0.514933228492737 0.58333158493042 0.620603024959564 0.614174604415894 0.63348913192749 0.634478271007538
0.607617974281311 0.594157338142395 0.589680433273315 0.583824634552002 0.566751718521118 0.547552525997162 0.541116774082184 0.551303565502167 0.547919690608978 0.530618190765381 0.516809403896332 0.518545627593994 0.543915331363678 0.549541354179382 0.542362213134766 0.539631903171539 0.525377869606018 0.524329841136932 0.533854007720947 0.529689371585846 0.529728710651398 0.538363933563232 0.538951218128204 0.525338768959045 0.51200270652771 0.517811715602875 0.533340811729431 0.563874661922455 0.569549977779388 0.564599215984344 0.578616738319397 0.602362394332886 0.598547577857971 0.571027994155884 0.54504382610321 0.516996502876282 0.471531718969345 0.435759633779526 0.398524463176727 0.413924157619476 0.484779298305511 0.524260818958282 0.558783054351807 0.605267643928528 0.624033868312836 0.616122245788574 0.617283761501312
0.642868041992188 0.616048455238342 0.584555745124817 0.563592612743378 0.56126481294632 0.567463934421539 0.567195951938629 0.579918503761292 0.577203691005707 0.562748491764069 0.55509740114212 0.549779534339905 0.55880343914032 0.55587899684906 0.53314596414566 0.554959416389465 0.551632583141327 0.536919176578522 0.546393811702728 0.543839931488037 0.542064249515533 0.543140709400177 0.535983264446259 0.514385163784027 0.480083912611008 0.485585272312164 0.516541957855225 0.560267686843872 0.568333387374878 0.562513649463654 0.587035953998566 0.583944618701935 0.566219866275787 0.532857656478882 0.49270948767662 0.450874775648117 0.405105322599411 0.382266908884048 0.409720480442047 0.450490653514862 0.494656294584274 0.528755724430084 0.55598258972168 0.591087579727173 0.607455849647522 0.577379822731018 0.58047753572464
0.646042048931122 0.620185911655426 0.596170902252197 0.600058078765869 0.598243236541748 0.593972861766815 0.596482038497925 0.60552042722702 0.579789519309998 0.547149538993835 0.539429187774658 0.544966399669647 0.535761952400208 0.509678721427917 0.500727295875549 0.527992367744446 0.518003582954407 0.504999399185181 0.525681138038635 0.54152524471283 0.542451620101929 0.513790547847748 0.476631283760071 0.458159148693085 0.437868028879166 0.458747625350952 0.517404913902283 0.546652317047119 0.548307955265045 0.548335254192352 0.551930844783783 0.515305578708649 0.497478693723679 0.465527981519699 0.427572160959244 0.413134127855301 0.383699953556061 0.387707769870758 0.428169965744019 0.465908885002136 0.500059545040131 0.522789478302002 0.550510287284851 0.555905520915985 0.563392102718353 0.553607821464539 0.533763289451599
0.639242112636566 0.632002711296082 0.618170976638794 0.623903810977936 0.629847586154938 0.604728162288666 0.593386054039001 0.602568209171295 0.588127434253693 0.556538224220276 0.530390560626984 0.51970899105072 0.501566410064697 0.469600558280945 0.459228366613388 0.473986476659775 0.451793551445007 0.447198331356049 0.489706873893738 0.524518072605133 0.529747784137726 0.486200541257858 0.430218547582626 0.413866996765137 0.423283189535141 0.458323806524277 0.518749058246613 0.551229953765869 0.535433888435364 0.51378333568573 0.478354901075363 0.436084300279617 0.446535348892212 0.432886600494385 0.406298130750656 0.409433543682098 0.402441293001175 0.40514549612999 0.423577338457108 0.418281316757202 0.443966567516327 0.480879306793213 0.504903435707092 0.512828886508942 0.510068237781525 0.497552096843719 0.483753114938736
0.643076002597809 0.641002118587494 0.61995542049408 0.61901468038559 0.636278033256531 0.619795143604279 0.618201792240143 0.617843329906464 0.599424123764038 0.582587361335754 0.551739394664764 0.498422414064407 0.444173276424408 0.405318140983582 0.409220635890961 0.420550853013992 0.400372207164764 0.396705806255341 0.446822971105576 0.510190367698669 0.529098510742188 0.495445877313614 0.443829774856567 0.428088515996933 0.427548676729202 0.475301474332809 0.522835552692413 0.536471486091614 0.513963401317596 0.47752434015274 0.419751107692719 0.371279627084732 0.381817787885666 0.397500783205032 0.398421883583069 0.403034240007401 0.423257112503052 0.421756356954575 0.399789363145828 0.37184602022171 0.396158993244171 0.435143887996674 0.452729076147079 0.447524696588516 0.466488003730774 0.478970110416412 0.489384710788727
0.615835428237915 0.626959979534149 0.614571094512939 0.620367467403412 0.632458329200745 0.608909904956818 0.613158226013184 0.616069376468658 0.598880529403687 0.575681030750275 0.557984471321106 0.518598437309265 0.453684955835342 0.4049271941185 0.400142520666122 0.407506555318832 0.389722675085068 0.379709541797638 0.422531932592392 0.515653192996979 0.555702865123749 0.523337721824646 0.457444250583649 0.466607183218002 0.503587305545807 0.507801234722137 0.511183440685272 0.504979193210602 0.496066600084305 0.463435113430023 0.380343228578568 0.341289758682251 0.354766190052032 0.362509161233902 0.38697549700737 0.419306933879852 0.45036718249321 0.446793049573898 0.429795384407043 0.422455936670303 0.418275654315948 0.413196057081223 0.430552691221237 0.462767392396927 0.501579344272614 0.523106217384338 0.523803055286407
