data/trimmed_ndre/Od_ndre.627.2010_no_clouds.asc
NCOLS 144 
NROWS 65 
XLLCORNER 512965 
YLLCORNER 5150865 
CELLSIZE 5 
NODATA_value -3.4e+38 
[rows 42 to 62 of 65, columns 47 to 93 of 144]
0.183041989803314 0.178224831819534 0.186578452587128 0.182013258337975 0.174504593014717 0.174053266644478 0.19124810397625 0.188025385141373 0.186196461319923 0.192633524537086 0.188316076993942 0.185134649276733 0.178865730762482 0.17590169608593 0.165639579296112 0.14805993437767 0.156380459666252 0.177220731973648 0.175990253686905 0.16959947347641 0.189353749155998 0.203334331512451 0.191472962498665 0.18019300699234 0.173543617129326 0.171396031975746 0.180730015039444 0.193401977419853 0.188883230090141 0.186183407902718 0.189140602946281 0.179572656750679 0.164661467075348 0.163158863782883 0.180851712822914 0.199758276343346 0.211070641875267 0.217675939202309 0.222353532910347 0.210661500692368 0.196191608905792 0.187378346920013 0.182021528482437 0.179304495453835 0.17837817966938 0.186210721731186 0.194148376584053
0.17180672287941 0.17981593310833 0.182896792888641 0.167126387357712 0.17290286719799 0.188995197415352 0.200427293777466 0.195890963077545 0.192207634449005 0.194571197032928 0.173746600747108 0.174478814005852 0.184459835290909 0.176280453801155 0.171169430017471 0.173155650496483 0.163664594292641 0.172363877296448 0.185768902301788 0.184868603944778 0.200705721974373 0.213877990841866 0.198792085051537 0.193428725004196 0.196440413594246 0.202883914113045 0.202892690896988 0.211319983005524 0.224464893341064 0.221808657050133 0.213942095637321 0.210595563054085 0.214206203818321 0.219733387231827 0.225338116288185 0.223404422402382 0.233636289834976 0.244917556643486 0.249380961060524 0.235549762845039 0.218268826603889 0.217198237776756 0.21684904396534 0.207368284463882 0.204440757632256 0.210196137428284 0.221179947257042
0.173110693693161 0.176925018429756 0.183327361941338 0.169695645570755 0.169441074132919 0.181263819336891 0.192300990223885 0.197741702198982 0.194987460970879 0.188584983348846 0.17419221997261 0.179592788219452 0.193855151534081 0.183500573039055 0.171504482626915 0.181000024080276 0.199961110949516 0.203067496418953 0.212944358587265 0.220472365617752 0.219197422266006 0.211880043148994 0.203460469841957 0.205962166190147 0.223521903157234 0.235599294304848 0.230079606175423 0.240308806300163 0.246659800410271 0.234016016125679 0.228607460856438 0.222586423158646 0.218262389302254 0.226524204015732 0.227452889084816 0.212614923715591 0.213367775082588 0.201782137155533 0.198501512408257 0.217639893293381 0.22253829240799 0.228247061371803 0.234689325094223 0.222425132989883 0.225400447845459 0.230074822902679 0.22995936870575
0.179896995425224 0.172794744372368 0.170227557420731 0.161447286605835 0.155432030558586 0.168493002653122 0.182163998484612 0.192280933260918 0.189956814050674 0.197183787822723 0.199840605258942 0.185884714126587 0.190611973404884 0.193058639764786 0.187913313508034 0.184708654880524 0.203175887465477 0.219191312789917 0.220652997493744 0.216834634542465 0.227495610713959 0.23047636449337 0.223130434751511 0.213516175746918 0.221051603555679 0.232223853468895 0.22790901362896 0.232991635799408 0.224899053573608 0.217500224709511 0.220594838261604 0.206099823117256 0.189685478806496 0.196571558713913 0.196345999836922 0.190386831760406 0.197380155324936 0.192984417080879 0.188216999173164 0.202407643198967 0.200399518013 0.203811228275299 0.213188469409943 0.208556815981865 0.206586554646492 0.210018157958984 0.201361775398254
0.173171103000641 0.182397201657295 0.173423409461975 0.160287201404572 0.161182343959808 0.173984050750732 0.17824387550354 0.177628263831139 0.178084090352058 0.190875113010406 0.192756444215775 0.174250110983849 0.186954721808434 0.199483633041382 0.193346038460732 0.18347142636776 0.175303295254707 0.187566086649895 0.211799204349518 0.226291492581367 0.225404441356659 0.212060078978539 0.202824905514717 0.200138166546822 0.195326596498489 0.203778192400932 0.208778873085976 0.207229495048523 0.203519254922867 0.202585890889168 0.20871527493 0.192794159054756 0.175632804632187 0.179624289274216 0.183447286486626 0.186203882098198 0.190293103456497 0.195155650377274 0.195023417472839 0.183769434690475 0.169430732727051 0.185259282588959 0.193190947175026 0.174756363034248 0.183359622955322 0.187133610248566 0.175201967358589
0.169073879718781 0.190691083669662 0.190315395593643 0.181839793920517 0.178977593779564 0.183892518281937 0.18455682694912 0.182830035686493 0.18400114774704 0.172146156430244 0.170055344700813 0.182420700788498 0.201920330524445 0.195812433958054 0.179377838969231 0.182900160551071 0.186888545751572 0.180383503437042 0.174816504120827 0.176878154277802 0.182385995984077 0.175688460469246 0.173803269863129 0.197391077876091 0.199300393462181 0.195496246218681 0.207560107111931 0.212506994605064 0.211189687252045 0.209459856152534 0.208123907446861 0.19402714073658 0.179910287261009 0.175169408321381 0.182124778628349 0.179261818528175 0.169569164514542 0.168755114078522 0.167533427476883 0.162278845906258 0.161669254302979 0.17368845641613 0.178155705332756 0.175281256437302 0.191361293196678 0.192013263702393 0.180071577429771
0.200402617454529 0.212173819541931 0.209590211510658 0.197375133633614 0.189102008938789 0.19658350944519 0.209866002202034 0.211352065205574 0.199696868658066 0.188397392630577 0.202355459332466 0.218650102615356 0.208912044763565 0.187092036008835 0.168562605977058 0.181886583566666 0.199753180146217 0.185130506753922 0.155286639928818 0.136522546410561 0.166040986776352 0.198756963014603 0.195158079266548 0.193825006484985 0.200731262564659 0.195939585566521 0.193220466375351 0.202871546149254 0.208695784211159 0.207597345113754 0.202816933393478 0.195056200027466 0.190123781561852 0.191436856985092 0.192616432905197 0.181052014231682 0.165214642882347 0.157022833824158 0.165321126580238 0.170475587248802 0.168642044067383 0.170425906777382 0.181978777050972 0.184374928474426 0.190213516354561 0.189822494983673 0.196598887443542
0.216490864753723 0.21789088845253 0.224617183208466 0.221204623579979 0.212513908743858 0.211336836218834 0.222543627023697 0.215367540717125 0.213048443198204 0.213299855589867 0.208661437034607 0.217525511980057 0.214179858565331 0.201970994472504 0.194829896092415 0.194072037935257 0.194235116243362 0.191819027066231 0.172108024358749 0.156859323382378 0.178356736898422 0.205113708972931 0.198484033346176 0.192854315042496 0.19493605196476 0.206631600856781 0.202068567276001 0.202329531311989 0.198553919792175 0.187166258692741 0.190484136343002 0.199622824788094 0.204106390476227 0.202585816383362 0.205824762582779 0.200894817709923 0.190380021929741 0.166864573955536 0.155376672744751 0.15836837887764 0.162288978695869 0.16999863088131 0.182285189628601 0.170390143990517 0.168582007288933 0.187315866351128 0.205242782831192
0.187919721007347 0.188978523015976 0.21132755279541 0.221299961209297 0.217684894800186 0.207491055130959 0.206355348229408 0.211476266384125 0.213046655058861 0.213492333889008 0.198574915528297 0.204498335719109 0.223997175693512 0.220045655965805 0.192459627985954 0.180287763476372 0.18502376973629 0.184498593211174 0.174410074949265 0.158877298235893 0.162697851657867 0.181137964129448 0.200827062129974 0.206872463226318 0.192116633057594 0.182048246264458 0.18936325609684 0.205134987831116 0.195755839347839 0.18889981508255 0.205883234739304 0.219891563057899 0.213570043444633 0.202187016606331 0.2098089158535 0.212812721729279 0.195786744356155 0.16961282491684 0.154190272092819 0.161078482866287 0.178606316447258 0.182455107569695 0.183580189943314 0.183035224676132 0.177734509110451 0.19404074549675 0.208191826939583
0.185496419668198 0.180143594741821 0.190290853381157 0.193780794739723 0.186572939157486 0.185674265027046 0.194848224520683 0.196855515241623 0.186967715620995 0.210331946611404 0.218483537435532 0.206144332885742 0.194187805056572 0.196532413363457 0.190263286232948 0.189233973622322 0.195410624146461 0.18931171298027 0.193390265107155 0.174857243895531 0.15720446407795 0.170014873147011 0.187520086765289 0.198165357112885 0.198498979210854 0.1708984375 0.172640413045883 0.200987473130226 0.191889464855194 0.183562412858009 0.200302124023438 0.214688256382942 0.206150636076927 0.190882697701454 0.199938386678696 0.212658584117889 0.196365535259247 0.174301624298096 0.176696851849556 0.179769515991211 0.177156180143356 0.166935250163078 0.171763002872467 0.190827757120132 0.180991902947426 0.168903812766075 0.173022523522377
0.18991793692112 0.178976729512215 0.171260252594948 0.172192305326462 0.179104372859001 0.182733446359634 0.189736977219582 0.17411370575428 0.168427765369415 0.194985926151276 0.197920694947243 0.181867823004723 0.176595702767372 0.197409197688103 0.19878813624382 0.17057603597641 0.183511182665825 0.190662518143654 0.189005687832832 0.175820752978325 0.160350441932678 0.161917522549629 0.166863188147545 0.182756915688515 0.189325049519539 0.162410035729408 0.166286751627922 0.184914529323578 0.178356349468231 0.187538206577301 0.19724315404892 0.202428534626961 0.196667939424515 0.195726245641708 0.201232567429543 0.201870411634445 0.18808202445507 0.18319283425808 0.188405752182007 0.165826201438904 0.152859374880791 0.159456506371498 0.160192534327507 0.166909664869308 0.16372187435627 0.160245925188065 0.156644865870476
0.168351545929909 0.16255134344101 0.169936925172806 0.173677027225494 0.176729410886765 0.1827412545681 0.185588702559471 0.160638391971588 0.156992629170418 0.180097460746765 0.177631020545959 0.184955269098282 0.199494063854218 0.19719024002552 0.197989404201508 0.182733833789825 0.1802968531847 0.177770286798477 0.157327145338058 0.149159774184227 0.162991791963577 0.178541794419289 0.176198109984398 0.161832809448242 0.170447677373886 0.171648189425468 0.171594455838203 0.168461516499519 0.175392523407936 0.194597348570824 0.202988266944885 0.193055659532547 0.183051273226738 0.18266487121582 0.182781904935837 0.179461121559143 0.169718712568283 0.163727149367332 0.169234365224838 0.154331237077713 0.153399139642715 0.170160815119743 0.16419991850853 0.166491344571114 0.174086064100266 0.170221716165543 0.166061550378799
0.155348435044289 0.151722520589828 0.167285054922104 0.176867887377739 0.170012176036835 0.179595589637756 0.177881523966789 0.154346853494644 0.157020926475525 0.18039071559906 0.184590190649033 0.188503235578537 0.198982134461403 0.196938052773476 0.204614415764809 0.198407873511314 0.187342599034309 0.199592754244804 0.190028250217438 0.169781342148781 0.165488064289093 0.19065822660923 0.191135942935944 0.168224155902863 0.178172737360001 0.182478114962578 0.166903734207153 0.162715941667557 0.175622582435608 0.185356706380844 0.181773215532303 0.168809548020363 0.1600551456213 0.164109706878662 0.162513807415962 0.16129831969738 0.160845384001732 0.14960989356041 0.155503571033478 0.163876503705978 0.154568165540695 0.161270707845688 0.167822301387787 0.16397425532341 0.179374530911446 0.189414203166962 0.199123114347458
0.168917074799538 0.160041093826294 0.174770057201385 0.179416283965111 0.174182221293449 0.189278304576874 0.192313402891159 0.178831174969673 0.180044084787369 0.183380678296089 0.182892113924026 0.176130920648575 0.197398126125336 0.201391190290451 0.186988607048988 0.192141026258469 0.199840947985649 0.202135056257248 0.189453363418579 0.161687970161438 0.157425954937935 0.184282124042511 0.180383905768394 0.162140190601349 0.171029165387154 0.170658588409424 0.16075810790062 0.157766878604889 0.155993103981018 0.169612303376198 0.175644174218178 0.168628931045532 0.161172226071358 0.160637572407722 0.146322757005692 0.151916548609734 0.169959500432014 0.171341106295586 0.175930246710777 0.181612968444824 0.171339094638824 0.18320332467556 0.182284027338028 0.162142172455788 0.175560936331749 0.184236496686935 0.179520547389984
0.185954660177231 0.184213325381279 0.180042773485184 0.179401263594627 0.184556379914284 0.202628135681152 0.205094575881958 0.19318799674511 0.193006843328476 0.186336994171143 0.186351597309113 0.189900413155556 0.191516146063805 0.185690015554428 0.179057717323303 0.201793059706688 0.204317331314087 0.176837235689163 0.156139582395554 0.156278252601624 0.16186660528183 0.174314439296722 0.174255773425102 0.162274450063705 0.158068001270294 0.167001232504845 0.177894845604897 0.170024663209915 0.157380193471909 0.164682775735855 0.178730070590973 0.182171240448952 0.176307693123817 0.168320044875145 0.165633663535118 0.157172217965126 0.178273424506187 0.194138497114182 0.175891920924187 0.171141043305397 0.18027101457119 0.187457501888275 0.188954427838326 0.179274067282677 0.180303633213043 0.17280650138855 -3.4e+38
0.191343367099762 0.189918667078018 0.164578929543495 0.164566829800606 0.182261645793915 0.197299599647522 0.189278393983841 0.185144543647766 0.186227187514305 0.186359360814095 0.189403519034386 0.185243248939514 0.173849523067474 0.175160482525826 0.160816088318825 0.166215598583221 0.175480335950851 0.164646849036217 0.158786177635193 0.173010736703873 0.161236897110939 0.155407503247261 0.167902708053589 0.168937355279922 0.163844048976898 0.16882635653019 0.18248738348484 0.184791088104248 0.171634644269943 0.165371254086494 0.167606219649315 0.174487516283989 0.17927373945713 0.185936659574509 0.181999832391739 0.158849015831947 0.172238007187843 0.189362749457359 0.173299044370651 0.164302319288254 0.170705452561378 0.170585185289383 -3.4e+38 -3.4e+38 -3.4e+38 -3.4e+38 -3.4e+38
0.17140494287014 0.175424918532372 0.169677123427391 0.165001064538956 0.177092924714088 0.182719066739082 0.178269803524017 0.182541742920876 0.178604528307915 0.172899201512337 0.181035384535789 0.17785918712616 0.162897527217865 0.160963475704193 0.150799036026001 0.153439074754715 0.166867762804031 0.169032126665115 0.169570252299309 0.173152551054955 0.166761159896851 0.157569944858551 0.1646758466959 0.168025746941566 0.169107854366302 0.171888515353203 0.176208272576332 0.17934949696064 0.175885617733002 0.168782815337181 0.165324330329895 0.175085365772247 0.183520406484604 0.184341549873352 0.171756014227867 -3.4e+38 -3.4e+38 -3.4e+38 -3.4e+38 -3.4e+38 -3.4e+38 -3.4e+38 -3.4e+38 -3.4e+38 -3.4e+38 -3.4e+38 -3.4e+38
0.151709705591202 0.158440560102463 0.17024639248848 0.172817707061768 0.182193517684937 0.1822799295187 0.172833949327469 0.170986905694008 0.162981003522873 0.160296782851219 0.179065957665443 0.171094611287117 0.159623473882675 0.164114743471146 0.160306423902512 0.171205669641495 0.175958096981049 0.163297325372696 0.172744736075401 0.185852408409119 0.186997562646866 0.183815538883209 0.186039075255394 0.186300933361053 0.188930734992027 0.175418496131897 0.162979230284691 0.166986495256424 -3.4e+38 -3.4e+38 -3.4e+38 -3.4e+38 -3.4e+38 -3.4e+38 -3.4e+38 -3.4e+38 -3.4e+38 -3.4e+38 -3.4e+38 -3.4e+38 -3.4e+38 -3.4e+38 -3.4e+38 -3.4e+38 -3.4e+38 -3.4e+38 -3.4e+38
0.169312343001366 0.16365547478199 0.16945281624794 0.179020613431931 0.175787627696991 0.165280744433403 0.161693915724754 0.162844404578209 0.16050860285759 0.161360114812851 0.171544432640076 0.172830209136009 0.172600895166397 0.174433186650276 0.168779417872429 0.173643797636032 0.176608934998512 -3.4e+38 -3.4e+38 -3.4e+38 -3.4e+38 -3.4e+38 -3.4e+38 -3.4e+38 -3.4e+38 -3.4e+38 -3.4e+38 -3.4e+38 -3.4e+38 -3.4e+38 -3.4e+38 -3.4e+38 -3.4e+38 -3.4e+38 -3.4e+38 -3.4e+38 -3.4e+38 -3.4e+38 -3.4e+38 -3.4e+38 -3.4e+38 -3.4e+38 -3.4e+38 -3.4e+38 -3.4e+38 -3.4e+38 -3.4e+38
0.187556177377701 0.179057747125626 0.165760859847069 0.162384554743767 0.168253868818283 0.166345849633217 -3.4e+38 -3.4e+38 -3.4e+38 -3.4e+38 -3.4e+38 -3.4e+38 -3.4e+38 -3.4e+38 -3.4e+38 -3.4e+38 -3.4e+38 -3.4e+38 -3.4e+38 -3.4e+38 -3.4e+38 -3.4e+38 -3.4e+38 -3.4e+38 -3.4e+38 -3.4e+38 -3.4e+38 -3.4e+38 -3.4e+38 -3.4e+38 -3.4e+38 -3.4e+38 -3.4e+38 -3.4e+38 -3.4e+38 -3.4e+38 -3.4e+38 -3.4e+38 -3.4e+38 -3.4e+38 -3.4e+38 -3.4e+38 -3.4e+38 -3.4e+38 -3.4e+38 -3.4e+38 -3.4e+38
0.185596808791161 0.183185115456581 -3.4e+38 -3.4e+38 -3.4e+38 -3.4e+38 -3.4e+38 -3.4e+38 -3.4e+38 -3.4e+38 -3.4e+38 -3.4e+38 -3.4e+38 -3.4e+38 -3.4e+38 -3.4e+38 -3.4e+38 -3.4e+38 -3.4e+38 -3.4e+38 -3.4e+38 -3.4e+38 -3.4e+38 -3.4e+38 -3.4e+38 -3.4e+38 -3.4e+38 -3.4e+38 -3.4e+38 -3.4e+38 -3.4e+38 -3.4e+38 -3.4e+38 -3.4e+38 -3.4e+38 -3.4e+38 -3.4e+38 -3.4e+38 -3.4e+38 -3.4e+38 -3.4e+38 -3.4e+38 -3.4e+38 -3.4e+38 -3.4e+38 -3.4e+38 -3.4e+38
