data/trimmed_ndre/Od_ndre.78.2015_no_clouds.asc
NCOLS 144 
NROWS 65 
XLLCORNER 512965 
YLLCORNER 5150865 
CELLSIZE 5 
NODATA_value -3.4e+38 
[rows 42 to 62 of 65, columns 0 to 46 of 144]
-3.4e+38 -3.4e+38 -3.4e+38 -3.4e+38 -3.4e+38 -3.4e+38 -3.4e+38 -3.4e+38 -3.4e+38 -3.4e+38 -3.4e+38 -3.4e+38 -3.4e+38 -3.4e+38 -3.4e+38 -3.4e+38 -3.4e+38 -3.4e+38 -3.4e+38 -3.4e+38 -3.4e+38 0.169755563139915 0.172058060765266 0.167274072766304 0.157262846827507 0.155299812555313 0.168745636940002 0.179119884967804 0.177077144384384 0.165237933397293 0.173540055751801 0.174733862280846 0.164910778403282 0.162417963147163 0.179176166653633 0.190828546881676 0.18493127822876 0.198422312736511 0.196430668234825 0.19347682595253 0.203874796628952 0.191794916987419 0.184653341770172 0.185573920607567 0.18333026766777 0.180509015917778 0.177183702588081
-3.4e+38 -3.4e+38 -3.4e+38 -3.4e+38 -3.4e+38 -3.4e+38 -3.4e+38 -3.4e+38 -3.4e+38 -3.4e+38 -3.4e+38 -3.4e+38 -3.4e+38 -3.4e+38 -3.4e+38 -3.4e+38 -3.4e+38 -3.4e+38 -3.4e+38 0.174440056085587 0.171446338295937 0.173076987266541 0.175866469740868 0.174354448914528 0.167189419269562 0.160546585917473 0.165722623467445 0.170197784900665 0.171601086854935 0.172467038035393 0.189171731472015 0.176857188344002 0.160350814461708 0.158321246504784 0.170931190252304 0.18510976433754 0.193550065159798 0.201504364609718 0.198631033301353 0.198672637343407 0.202489003539085 0.202553763985634 0.202197596430779 0.195313528180122 0.186706393957138 0.184585854411125 0.183460265398026
-3.4e+38 -3.4e+38 -3.4e+38 -3.4e+38 -3.4e+38 -3.4e+38 -3.4e+38 -3.4e+38 -3.4e+38 -3.4e+38 -3.4e+38 -3.4e+38 -3.4e+38 -3.4e+38 -3.4e+38 -3.4e+38 -3.4e+38 -3.4e+38 0.17744468152523 0.176904886960983 0.17192617058754 0.170287624001503 0.173626035451889 0.176980331540108 0.173367142677307 0.167161762714386 0.165065214037895 0.167534276843071 0.168811976909637 0.170633986592293 0.178296566009521 0.162646129727364 0.159611016511917 0.164896130561829 0.163174465298653 0.175648003816605 0.184310749173164 0.188135892152786 0.190313294529915 0.190956965088844 0.185032814741135 0.178420975804329 0.190102696418762 0.192902073264122 0.187079712748528 0.181617856025696 0.181698426604271
-3.4e+38 -3.4e+38 -3.4e+38 -3.4e+38 -3.4e+38 -3.4e+38 -3.4e+38 -3.4e+38 -3.4e+38 -3.4e+38 -3.4e+38 -3.4e+38 -3.4e+38 -3.4e+38 -3.4e+38 -3.4e+38 -3.4e+38 0.164027154445648 0.167474523186684 0.17609691619873 0.172121286392212 0.168261677026749 0.169163674116135 0.173598200082779 0.17205473780632 0.16806323826313 0.165421515703201 0.16675016283989 0.166217431426048 0.164986178278923 0.159972816705704 0.150761857628822 0.167241334915161 0.179200112819672 0.177372917532921 0.179430648684502 0.175497934222221 0.175250023603439 0.18054986000061 0.181196555495262 0.177850544452667 0.176335662603378 0.184779018163681 0.190214946866035 0.18463622033596 0.179057747125626 0.185094058513641
-3.4e+38 -3.4e+38 -3.4e+38 -3.4e+38 -3.4e+38 -3.4e+38 -3.4e+38 -3.4e+38 -3.4e+38 -3.4e+38 -3.4e+38 -3.4e+38 -3.4e+38 -3.4e+38 -3.4e+38 -3.4e+38 0.16884733736515 0.168081998825073 0.169010832905769 0.17117814719677 0.167092651128769 0.163574263453484 0.164934515953064 0.1695446819067 0.171218886971474 0.169497653841972 0.168097406625748 0.168273746967316 0.167546167969704 0.170690983533859 0.1712406873703 0.168167516589165 0.182453647255898 0.194956004619598 0.193755567073822 0.184868335723877 0.178400039672852 0.177244573831558 0.182809799909592 0.187962234020233 0.184972286224365 0.183998882770538 0.18632797896862 0.188928052783012 0.185951486229897 0.186326131224632 0.190477356314659
-3.4e+38 -3.4e+38 -3.4e+38 -3.4e+38 -3.4e+38 -3.4e+38 -3.4e+38 -3.4e+38 -3.4e+38 -3.4e+38 -3.4e+38 -3.4e+38 -3.4e+38 -3.4e+38 -3.4e+38 0.161824762821198 0.163890793919563 0.172828212380409 0.170653894543648 0.164911314845085 0.159374117851257 0.158800810575485 0.164411544799805 0.172029480338097 0.176053643226624 0.173142805695534 0.171004116535187 0.172133982181549 0.175240755081177 0.175698593258858 0.174361765384674 0.173222541809082 0.18024580180645 0.199344202876091 0.194497972726822 0.182286828756332 0.184822157025337 0.175301656126976 0.179620683193207 0.19072337448597 0.192992001771927 0.191818073391914 0.191626414656639 0.192590534687042 0.192289546132088 0.194167420268059 0.196517586708069
-3.4e+38 -3.4e+38 -3.4e+38 -3.4e+38 -3.4e+38 -3.4e+38 -3.4e+38 -3.4e+38 -3.4e+38 -3.4e+38 -3.4e+38 -3.4e+38 -3.4e+38 -3.4e+38 0.159785866737366 0.15318164229393 0.156087562441826 0.167540863156319 0.168594405055046 0.162903338670731 0.161098793148994 0.166599556803703 0.167888030409813 0.173576906323433 0.178168043494225 0.17620524764061 0.171962425112724 0.172450736165047 0.176981896162033 0.181464716792107 0.181424081325531 0.175661221146584 0.172802284359932 0.186020135879517 0.182463690638542 0.185667499899864 0.19460828602314 0.182005286216736 0.185434252023697 0.192364782094955 0.196492716670036 0.196583062410355 0.201620131731033 0.205075815320015 0.204799920320511 0.202441573143005 0.204027235507965
-3.4e+38 -3.4e+38 -3.4e+38 -3.4e+38 -3.4e+38 -3.4e+38 -3.4e+38 -3.4e+38 -3.4e+38 -3.4e+38 -3.4e+38 -3.4e+38 -3.4e+38 0.171799942851067 0.16828840970993 0.158383265137672 0.151768863201141 0.155803799629211 0.164823636412621 0.166581720113754 0.172101065516472 0.176328152418137 0.171481475234032 0.172244861721992 0.17611101269722 0.178583726286888 0.177659288048744 0.182280153036118 0.182093322277069 0.182256832718849 0.186803922057152 0.187672823667526 0.184053674340248 0.185492664575577 0.196125343441963 0.195994406938553 0.198391631245613 0.196160152554512 0.203832432627678 0.205369263887405 0.201148435473442 0.196980431675911 0.207707419991493 0.212843105196953 0.211911156773567 0.207015499472618 0.208049535751343
-3.4e+38 -3.4e+38 -3.4e+38 -3.4e+38 -3.4e+38 -3.4e+38 -3.4e+38 -3.4e+38 -3.4e+38 -3.4e+38 -3.4e+38 -3.4e+38 0.157390087842941 0.170034915208817 0.178690642118454 0.17521670460701 0.159955024719238 0.160344764590263 0.170201331377029 0.17421418428421 0.180535882711411 0.181840166449547 0.175452768802643 0.170547723770142 0.174277231097221 0.177953407168388 0.180091232061386 0.189215838909149 0.186166152358055 0.180766746401787 0.183341786265373 0.19115337729454 0.189294934272766 0.193230926990509 0.209867000579834 0.199403032660484 0.197493225336075 0.200738787651062 0.199876025319099 0.198520436882973 0.192613571882248 0.189593479037285 0.203551396727562 0.206164643168449 0.200119495391846 0.19250500202179 0.195413842797279
-3.4e+38 -3.4e+38 -3.4e+38 -3.4e+38 -3.4e+38 -3.4e+38 -3.4e+38 -3.4e+38 -3.4e+38 -3.4e+38 -3.4e+38 0.153834089636803 0.151224628090858 0.167764291167259 0.183272287249565 0.188550040125847 0.178428143262863 0.181352704763412 0.184056833386421 0.182786673307419 0.182984471321106 0.183071166276932 0.179688856005669 0.173245027661324 0.173317134380341 0.176212266087532 0.181299045681953 0.191206082701683 0.198445841670036 0.20175489783287 0.203503847122192 0.205520763993263 0.195466130971909 0.199825301766396 0.209268152713776 0.20241890847683 0.201515421271324 0.202584818005562 0.200460985302925 0.193993285298347 0.184076502919197 0.180103048682213 0.187265738844872 0.187722474336624 0.182251796126366 0.177127614617348 0.179840356111526
-3.4e+38 -3.4e+38 -3.4e+38 -3.4e+38 -3.4e+38 -3.4e+38 -3.4e+38 -3.4e+38 -3.4e+38 -3.4e+38 0.173484966158867 0.161866337060928 0.15686771273613 0.169691264629364 0.179806888103485 0.183077052235603 0.17879356443882 0.181088924407959 0.185342982411385 0.18528239428997 0.181935116648674 0.175271198153496 0.172295212745667 0.17223659157753 0.175110414624214 0.17877870798111 0.183528125286102 0.191858842968941 0.206265166401863 0.212294057011604 0.210449889302254 0.205281093716621 0.194489628076553 0.19711446762085 0.195392444729805 0.186921045184135 0.187570795416832 0.194230765104294 0.197736263275146 0.192903593182564 0.185212686657906 0.179456874728203 0.179925844073296 0.184040531516075 0.180543497204781 0.174789249897003 0.173939093947411
-3.4e+38 -3.4e+38 -3.4e+38 -3.4e+38 -3.4e+38 -3.4e+38 -3.4e+38 -3.4e+38 -3.4e+38 0.181400254368782 0.178346365690231 0.16881451010704 0.161636352539062 0.162796929478645 0.170184597373009 0.177362233400345 0.170686990022659 0.155593886971474 0.161605104804039 0.168957933783531 0.173627123236656 0.174452558159828 0.175877600908279 0.17947681248188 0.185028776526451 0.188343092799187 0.191164642572403 0.196914672851562 0.206932559609413 0.212362885475159 0.202391743659973 0.189365535974503 0.183254256844521 0.18718284368515 0.180434867739677 0.175048932433128 0.179919272661209 0.18700684607029 0.191356360912323 0.191145449876785 0.184816733002663 0.179619431495667 0.181029006838799 0.186787575483322 0.187661603093147 0.18462398648262 0.182462885975838
-3.4e+38 -3.4e+38 -3.4e+38 -3.4e+38 -3.4e+38 -3.4e+38 -3.4e+38 -3.4e+38 0.176939442753792 0.179942473769188 0.186930224299431 0.173896998167038 0.161741733551025 0.155309215188026 0.159550473093987 0.1776462495327 0.170581847429276 0.15082161128521 0.155904948711395 0.167845904827118 0.178980395197868 0.186408132314682 0.191980347037315 0.196742609143257 0.200685754418373 0.202118769288063 0.204611882567406 0.203848347067833 0.205279633402824 0.207190915942192 0.195964336395264 0.180652424693108 0.173409774899483 0.179805681109428 0.173513352870941 0.174325495958328 0.182726606726646 0.187221363186836 0.186870142817497 0.185453146696091 0.18443937599659 0.185394302010536 0.187374025583267 0.188403159379959 0.186201363801956 0.181280359625816 0.181859463453293
-3.4e+38 -3.4e+38 -3.4e+38 -3.4e+38 -3.4e+38 -3.4e+38 -3.4e+38 0.1874710470438 0.172552332282066 0.178617462515831 0.186395332217216 0.170108333230019 0.164733603596687 0.155371934175491 0.153195261955261 0.170090973377228 0.176066696643829 0.173976942896843 0.175238445401192 0.183226212859154 0.193566784262657 0.201107054948807 0.202628865838051 0.19544817507267 0.192581787705421 0.195423662662506 0.202994912862778 0.201179727911949 0.202231407165527 0.203184351325035 0.19524559378624 0.177955821156502 0.172237128019333 0.177507385611534 0.174629494547844 0.178173303604126 0.179404094815254 0.177213937044144 0.182377055287361 0.183131635189056 0.184879407286644 0.190496891736984 0.191565185785294 0.18546923995018 0.176566392183304 0.169691845774651 0.174970716238022
-3.4e+38 -3.4e+38 -3.4e+38 -3.4e+38 -3.4e+38 -3.4e+38 0.178675442934036 0.177999123930931 0.167870879173279 0.177003651857376 0.174593836069107 0.162394434213638 0.17412868142128 0.168672055006027 0.16723869740963 0.17820605635643 0.182756066322327 0.187694907188416 0.191516131162643 0.195830956101418 0.202058166265488 0.203555524349213 0.198664173483849 0.186287462711334 0.180463314056396 0.181585714221001 0.185054779052734 0.18039658665657 0.181426122784615 0.182903051376343 0.180523052811623 0.171039566397667 0.175461083650589 0.178838014602661 0.173920914530754 0.172333016991615 0.164349645376205 0.162844866514206 0.177136719226837 0.180031821131706 0.180764764547348 0.179853975772858 0.174945473670959 0.167816296219826 0.163919493556023 0.16348685324192 0.170544609427452
-3.4e+38 -3.4e+38 -3.4e+38 -3.4e+38 -3.4e+38 0.173182666301727 0.177262231707573 0.175209641456604 0.169773146510124 0.176599845290184 0.16199791431427 0.155106469988823 0.169177025556564 0.168369054794312 0.175079181790352 0.181522503495216 0.178521394729614 0.182063534855843 0.181762427091599 0.17905105650425 0.180460646748543 0.183661088347435 0.184342160820961 0.179990544915199 0.177788600325584 0.179876580834389 0.1826141923666 0.179929912090302 0.176522463560104 0.17314475774765 0.16817507147789 0.163910657167435 0.179992914199829 0.183833926916122 0.178632616996765 0.175419464707375 0.16817407310009 0.164618581533432 0.171963974833488 0.172379747033119 0.171634584665298 0.167479231953621 0.161535575985909 0.158682897686958 0.16333931684494 0.170176208019257 0.177143037319183
-3.4e+38 -3.4e+38 -3.4e+38 -3.4e+38 0.174872905015945 0.180158272385597 0.177193015813828 0.171443343162537 0.172935575246811 0.182310417294502 0.164772003889084 0.165611132979393 0.176209703087807 0.175303250551224 0.177347123622894 0.174770295619965 0.167454540729523 0.170659393072128 0.172960370779037 0.175052031874657 0.176537558436394 0.176934525370598 0.179022222757339 0.182769864797592 0.185987576842308 0.182660236954689 0.182796776294708 0.182586327195168 0.179282307624817 0.177886426448822 0.169291943311691 0.164391949772835 0.179577007889748 0.180014193058014 0.178424254059792 0.181076556444168 0.189710840582848 0.182295203208923 0.174010306596756 0.170166730880737 0.169871836900711 0.16341894865036 0.158761456608772 0.162996515631676 0.176379054784775 0.181708961725235 0.178691804409027
-3.4e+38 -3.4e+38 -3.4e+38 0.175869226455688 0.172176882624626 0.175475314259529 0.173881724476814 0.165014564990997 0.172962382435799 0.183488041162491 0.167714178562164 0.167407035827637 0.175183013081551 0.178594946861267 0.173146545886993 0.162802219390869 0.160136222839355 0.16899585723877 0.17034038901329 0.17599456012249 0.183119624853134 0.187666088342667 0.189900025725365 0.189844027161598 0.18632747232914 0.176496431231499 0.178348928689957 0.181145146489143 0.182974845170975 0.189552113413811 0.177116736769676 0.170192077755928 0.177709802985191 0.177579537034035 0.176389008760452 0.182117283344269 0.194262236356735 0.183950409293175 0.177018508315086 0.174731492996216 0.175110206007957 0.167567327618599 0.164206996560097 0.167589336633682 0.177050575613976 0.178031593561172 0.173221364617348
-3.4e+38 -3.4e+38 0.182750284671783 0.180205926299095 0.166630312800407 0.167128026485443 0.172344207763672 0.166881486773491 0.169384703040123 0.172283932566643 0.166338115930557 0.163482472300529 0.166792631149292 0.174291953444481 0.177352368831635 0.16968722641468 0.166418746113777 0.169620677828789 0.169547259807587 0.17423377931118 0.179156333208084 0.18284672498703 0.185170665383339 0.184924125671387 0.179145634174347 0.169021353125572 0.170510932803154 0.173559680581093 0.179298788309097 0.186553671956062 0.177899986505508 0.175113439559937 0.177735820412636 0.179673820734024 0.17668017745018 0.176980063319206 0.18066580593586 0.17560002207756 0.177788376808167 0.17926874756813 0.179935127496719 0.174732625484467 0.170740962028503 0.16806598007679 0.168585255742073 0.168311268091202 0.170036524534225
-3.4e+38 0.22545100748539 0.191192805767059 0.185742363333702 0.167937397956848 0.1705022752285 0.174417614936829 0.16959522664547 0.161613702774048 0.163519307971001 0.165408685803413 0.164870083332062 0.159842416644096 0.169777855277061 0.182634443044662 0.182959362864494 0.178544953465462 0.174021124839783 0.171233773231506 0.171318277716637 0.171906068921089 0.172764584422112 0.173646166920662 0.173664554953575 0.170651778578758 0.167362526059151 0.168018519878387 0.166411459445953 0.170929536223412 0.175551608204842 0.171557545661926 0.174886167049408 0.178318604826927 0.180111542344093 0.181631222367287 0.175047546625137 0.170256122946739 0.169155105948448 0.177643433213234 0.175213500857353 0.174277976155281 0.177521362900734 0.1791061013937 0.170390337705612 0.162998825311661 0.163320630788803 0.173681676387787
0.25638136267662 0.231738895177841 0.201397612690926 0.185397207736969 0.177378952503204 0.177707731723785 0.17507204413414 0.166706651449203 0.154805570840836 0.163443818688393 0.169533610343933 0.167678743600845 0.155913054943085 0.168158710002899 0.183431804180145 0.190178886055946 0.188229203224182 0.186749637126923 0.183357805013657 0.179147005081177 0.173896938562393 0.169486284255981 0.166158899664879 0.164346814155579 0.163612499833107 0.167101442813873 0.171700924634933 0.169820174574852 0.171267315745354 0.167874753475189 0.160704523324966 0.162896424531937 0.169497460126877 0.177740752696991 0.183386147022247 0.174594402313232 0.166792064905167 0.169032081961632 0.180078014731407 0.173647984862328 0.175355434417725 0.182100877165794 0.186205044388771 0.174531728029251 0.168268457055092 0.170769646763802 0.17830690741539
