data/trimmed_ndre/Od_ndre.615.2010_no_clouds.asc
NCOLS 144 
NROWS 65 
XLLCORNER 512965 
YLLCORNER 5150865 
CELLSIZE 5 
NODATA_value -3.4e+38 
[rows 21 to 41 of 65, columns 94 to 140 of 144]
0.139864698052406 0.140282869338989 0.142401695251465 0.135344743728638 0.137981414794922 0.148248955607414 0.143329814076424 0.13065393269062 0.146141961216927 0.154699265956879 0.149414598941803 0.139558777213097 0.1292465031147 0.134182125329971 0.134489089250565 0.142546862363815 0.159815862774849 0.15056911110878 0.159035980701447 0.16414001584053 0.145165264606476 0.150746136903763 0.156943991780281 0.133056655526161 0.136788502335548 0.15594956278801 0.165023878216743 0.15643610060215 0.14384725689888 0.133352905511856 0.142358601093292 0.141556486487389 0.154854491353035 0.162623822689056 0.150259390473366 -3.4e+38 -3.4e+38 -3.4e+38 -3.4e+38 -3.4e+38 -3.4e+38 -3.4e+38 -3.4e+38 -3.4e+38 -3.4e+38 -3.4e+38 -3.4e+38
0.134281635284424 0.147314548492432 0.15783154964447 0.141884759068489 0.134192049503326 0.139150083065033 0.141552343964577 0.139864698052406 0.139775052666664 0.153237134218216 0.15590812265873 0.143131971359253 0.132245078682899 0.139619916677475 0.136276707053185 0.138654738664627 0.153914928436279 0.156007900834084 0.150434941053391 0.158571913838387 0.156377777457237 0.13960325717926 0.15256766974926 0.157217174768448 0.145290449261665 0.152127340435982 0.154193297028542 0.148215904831886 0.147865623235703 0.149998664855957 0.143772765994072 0.139906704425812 0.15361975133419 0.163106173276901 0.158570528030396 0.157268583774567 0.161967590451241 -3.4e+38 -3.4e+38 -3.4e+38 -3.4e+38 -3.4e+38 -3.4e+38 -3.4e+38 -3.4e+38 -3.4e+38 -3.4e+38
0.159311011433601 0.157779395580292 0.147501945495605 0.136012360453606 0.13737328350544 0.149004936218262 0.144548758864403 0.130122974514961 0.131206080317497 0.148032620549202 0.15018305182457 0.137705832719803 0.1363475471735 0.146877303719521 0.149141624569893 0.150719821453094 0.153452813625336 0.14812733232975 0.137295573949814 0.150681272149086 0.164976939558983 0.152102842926979 0.147687152028084 0.155267134308815 0.147517040371895 0.148813173174858 0.14429734647274 0.138308316469193 0.153907105326653 0.16082127392292 0.152065277099609 0.152668014168739 0.158554837107658 0.165973871946335 0.15906947851181 0.153660297393799 0.161210536956787 0.164368405938148 -3.4e+38 -3.4e+38 -3.4e+38 -3.4e+38 -3.4e+38 -3.4e+38 -3.4e+38 -3.4e+38 -3.4e+38
0.143705070018768 0.147490009665489 0.145206734538078 0.141585454344749 0.144666388630867 0.145613387227058 0.139519989490509 0.132433086633682 0.141079246997833 0.150104478001595 0.147062465548515 0.138028144836426 0.134103819727898 0.144719243049622 0.154095694422722 0.156819820404053 0.147061049938202 0.144144505262375 0.148896142840385 0.147387981414795 0.154967576265335 0.15396685898304 0.139291286468506 0.148780435323715 0.148263707756996 0.139233246445656 0.146569788455963 0.144847840070724 0.146662548184395 0.152640223503113 0.159824103116989 0.158422082662582 0.153816491365433 0.152723580598831 0.160348832607269 0.170684888958931 0.173944354057312 0.172541752457619 0.159384787082672 -3.4e+38 -3.4e+38 -3.4e+38 -3.4e+38 -3.4e+38 -3.4e+38 -3.4e+38 -3.4e+38
0.141483470797539 0.142379626631737 0.152589023113251 0.140402644872665 0.135994255542755 0.151430711150169 0.144882157444954 0.137060537934303 0.151930034160614 0.150753363966942 0.148484006524086 0.14559331536293 0.133293360471725 0.13775734603405 0.146066352725029 0.144973054528236 0.135330036282539 0.141441226005554 0.151411846280098 0.147331938147545 0.151028454303741 0.156051486730576 0.152662932872772 0.158886209130287 0.14483368396759 0.132954761385918 0.154878497123718 0.1486447006464 0.141609773039818 0.157276138663292 0.161156833171844 0.157702624797821 0.155880212783813 0.16006626188755 0.170946851372719 0.174565091729164 0.167226523160934 0.161025851964951 0.166536554694176 -3.4e+38 -3.4e+38 -3.4e+38 -3.4e+38 -3.4e+38 -3.4e+38 -3.4e+38 -3.4e+38
0.145238772034645 0.137304186820984 0.147339373826981 0.146847397089005 0.148262709379196 0.166396126151085 0.158215582370758 0.148594930768013 0.154830276966095 0.145290106534958 0.150406286120415 0.153177753090858 0.145057216286659 0.147007718682289 0.144496232271194 0.139502555131912 0.131592467427254 0.133638769388199 0.14632673561573 0.14756815135479 0.153590276837349 0.167759016156197 0.173174783587456 0.160476386547089 0.156241714954376 0.15173727273941 0.161184504628181 0.157637476921082 0.154855489730835 0.167062684893608 0.168323293328285 0.170644342899323 0.16854240000248 0.163408264517784 0.164645776152611 0.156861037015915 0.144201546907425 0.153428137302399 0.170109063386917 0.166609019041061 -3.4e+38 -3.4e+38 -3.4e+38 -3.4e+38 -3.4e+38 -3.4e+38 -3.4e+38
0.145817309617996 0.134745255112648 0.146478652954102 0.148726835846901 0.145232886075974 0.162006005644798 0.169047504663467 0.162478253245354 0.153368949890137 0.141738891601562 0.151176735758781 0.158429756760597 0.156360790133476 0.163103193044662 0.154930025339127 0.153679713606834 0.151735603809357 0.151499688625336 0.153503626585007 0.153947323560715 0.16582153737545 0.174469202756882 0.171751976013184 0.165223076939583 0.173806592822075 0.161300301551819 0.158092483878136 0.165616974234581 0.146303296089172 0.143422603607178 0.148832187056541 0.167197346687317 0.172474339604378 0.152779713273048 0.153117597103119 0.151294633746147 0.142429769039154 0.156208321452141 0.154121994972229 0.151339337229729 0.156832173466682 -3.4e+38 -3.4e+38 -3.4e+38 -3.4e+38 -3.4e+38 -3.4e+38
0.155576005578041 0.152343198657036 0.161422953009605 0.150077804923058 0.13650369644165 0.150005981326103 0.166418194770813 0.162515476346016 0.152456283569336 0.150915682315826 0.158385828137398 0.155541524291039 0.15066559612751 0.152726605534554 0.144589483737946 0.148722693324089 0.15541310608387 0.15816704928875 0.157528474926949 0.153576821088791 0.173793584108353 0.174906894564629 0.181511148810387 0.184710085391998 0.171681061387062 0.157233148813248 0.155140355229378 0.162427425384521 0.162077128887177 0.153348058462143 0.1425391882658 0.156123995780945 0.167474240064621 0.162451803684235 0.169988393783569 0.158071339130402 0.14679579436779 0.1517713367939 0.150953605771065 0.153449073433876 0.154019266366959 0.151486754417419 -3.4e+38 -3.4e+38 -3.4e+38 -3.4e+38 -3.4e+38
0.153905972838402 0.158694863319397 0.160850495100021 0.154883459210396 0.145171716809273 0.142016783356667 0.160328879952431 0.159998193383217 0.151748314499855 0.156927421689034 0.161766469478607 0.156949609518051 0.148563355207443 0.141230821609497 0.137976706027985 0.143069177865982 0.139102652668953 0.143351003527641 0.168990969657898 0.168198123574257 0.173889756202698 0.173677414655685 0.177442386746407 0.181399673223495 0.155260264873505 0.155133083462715 0.16624790430069 0.156877055764198 0.167101785540581 0.161971896886826 0.144594743847847 0.141678586602211 0.142119735479355 0.146815344691277 0.165787473320961 0.163052171468735 0.148433953523636 0.14246529340744 0.143572345376015 0.140333920717239 0.14386348426342 0.150339588522911 0.16234527528286 -3.4e+38 -3.4e+38 -3.4e+38 -3.4e+38
0.149068266153336 0.145853355526924 0.145764335989952 0.152463063597679 0.158870831131935 0.149593517184258 0.15216276049614 0.154974564909935 0.148125514388084 0.138509631156921 0.141894042491913 0.151152774691582 0.154536843299866 0.150385484099388 0.152226492762566 0.159994468092918 0.148701444268227 0.14233435690403 0.157897293567657 0.163234248757362 0.17037233710289 0.162671118974686 0.153248399496078 0.168328583240509 0.165255337953568 0.167435690760612 0.162646412849426 0.148761436343193 0.152925625443459 0.150013625621796 0.150042369961739 0.160662487149239 0.145039185881615 0.136725977063179 0.147779017686844 0.158426716923714 0.161396577954292 0.150873616337776 0.143344447016716 0.140879601240158 0.139164984226227 0.141050189733505 0.168028622865677 0.167075723409653 -3.4e+38 -3.4e+38 -3.4e+38
0.153185844421387 0.141891226172447 0.139728367328644 0.147493124008179 0.155560940504074 0.154337540268898 0.146829411387444 0.153918221592903 0.15637418627739 0.144734755158424 0.137457996606827 0.141638875007629 0.150136932730675 0.156940221786499 0.156457960605621 0.156057342886925 0.152827695012093 0.14709909260273 0.14641572535038 0.156782105565071 0.164577916264534 0.157159373164177 0.158575475215912 0.163108840584755 0.156902015209198 0.15331956744194 0.151855975389481 0.15387362241745 0.162286221981049 0.158664390444756 0.159750655293465 0.165427580475807 0.154640957713127 0.145276442170143 0.149836167693138 0.162328436970711 0.160998404026031 0.147437900304794 0.148438274860382 0.153143435716629 0.142108261585236 0.134420186281204 0.152357295155525 0.147691294550896 0.138202428817749 -3.4e+38 -3.4e+38
0.148138269782066 0.144906237721443 0.146745398640633 0.150468602776527 0.148619547486305 0.156956791877747 0.156964093446732 0.147272929549217 0.144255056977272 0.145058929920197 0.141629442572594 0.136439085006714 0.138753533363342 0.146366819739342 0.144384667277336 0.146441981196404 0.151190146803856 0.146296888589859 0.143849149346352 0.150622144341469 0.14924830198288 0.148020923137665 0.161451697349548 0.159088686108589 0.140079274773598 0.142133355140686 0.152253657579422 0.165713682770729 0.16730797290802 0.156028002500534 0.150837272405624 0.153361454606056 0.15253946185112 0.159542307257652 0.156737610697746 0.155148312449455 0.150060907006264 0.150303423404694 0.148202642798424 0.151474803686142 0.156064748764038 0.151746407151222 0.149397179484367 0.149285674095154 0.141446068882942 0.146985173225403 -3.4e+38
0.142096057534218 0.152992710471153 0.155274793505669 0.155458241701126 0.145491167902946 0.145193487405777 0.153551012277603 0.14865717291832 0.146693527698517 0.151633009314537 0.15037414431572 0.148257955908775 0.140485614538193 0.139401465654373 0.134501025080681 0.143462970852852 0.144545182585716 0.129916623234749 0.131472796201706 0.138483166694641 0.13681897521019 0.138122364878654 0.153002306818962 0.153350204229355 0.147987276315689 0.156594812870026 0.153728723526001 0.16101185977459 0.156104192137718 0.146519899368286 0.151497587561607 0.162770211696625 0.158243954181671 0.164343252778053 0.167842134833336 0.157368555665016 0.159213334321976 0.161380708217621 0.15051743388176 0.157849624752998 0.161253854632378 0.159318476915359 0.149791732430458 0.155714422464371 0.149961292743683 0.142961725592613 0.147744074463844
0.148296713829041 0.153044164180756 0.148527666926384 0.153573483228683 0.153408706188202 0.154788330197334 0.157330483198166 0.153133317828178 0.154037237167358 0.156197965145111 0.14882193505764 0.132251992821693 0.128732860088348 0.139524891972542 0.141064360737801 0.14197088778019 0.137418821454048 0.130672246217728 0.149695947766304 0.160370945930481 0.152393192052841 0.144595876336098 0.147062808275223 0.143329903483391 0.149559587240219 0.161258742213249 0.168406561017036 0.15683051943779 0.148770675063133 0.155374377965927 0.145967245101929 0.148612588644028 0.158176213502884 0.159434348344803 0.162797793745995 0.167108088731766 0.170913442969322 0.163985788822174 0.153881847858429 0.153399854898453 0.148659557104111 0.152275890111923 0.138645336031914 0.136455893516541 0.155512109398842 0.150140434503555 0.137005493044853
0.147634387016296 0.140617743134499 0.142271593213081 0.152048125863075 0.156589403748512 0.151860296726227 0.152659460902214 0.145184755325317 0.1351388245821 0.134696885943413 0.138472065329552 0.133776620030403 0.136157587170601 0.153130233287811 0.153374880552292 0.143186435103416 0.146937236189842 0.154566839337349 0.168465465307236 0.175979316234589 0.169399455189705 0.158641755580902 0.151892989873886 0.146668791770935 0.160346046090126 0.165743663907051 0.166913047432899 0.154163435101509 0.150396823883057 0.171240046620369 0.16054430603981 0.146997585892677 0.15027542412281 0.142529293894768 0.145718634128571 0.152913942933083 0.154746413230896 0.160800486803055 0.160041093826294 0.148987650871277 0.144110664725304 0.148433029651642 0.142850175499916 0.143926694989204 0.152952179312706 0.14658297598362 0.136415734887123
0.134676739573479 0.138123080134392 0.155864685773849 0.162131130695343 0.153125777840614 0.145142361521721 0.149200141429901 0.147059798240662 0.134061500430107 0.126129627227783 0.135558307170868 0.141072198748589 0.149280279874802 0.150288432836533 0.144804283976555 0.151211366057396 0.160522058606148 0.157134413719177 0.160051479935646 0.163769438862801 0.166624113917351 0.168788880109787 0.162008211016655 0.156011655926704 0.165378883481026 0.159666582942009 0.158107995986938 0.163658767938614 0.157082512974739 0.15371772646904 0.153179943561554 0.151571676135063 0.14640100300312 0.139033481478691 0.15279258787632 0.155241817235947 0.146513372659683 0.152171432971954 0.155389547348022 0.149829342961311 0.144072905182838 0.14870822429657 0.159376919269562 0.159971132874489 0.146333023905754 0.144903913140297 0.147913366556168
0.14186817407608 0.144534423947334 0.15926106274128 0.166479900479317 0.162798926234245 0.150908976793289 0.141166239976883 0.140872433781624 0.139298543334007 0.133651822805405 0.134211048483849 0.135927081108093 0.140602305531502 0.148220956325531 0.150096163153648 0.158533334732056 0.152276962995529 0.141038715839386 0.142362281680107 0.149874448776245 0.159098893404007 0.166878804564476 0.164705216884613 0.159724995493889 0.158773183822632 0.160619005560875 0.162774682044983 0.164592295885086 0.144086062908173 0.138375177979469 0.153778478503227 0.157799765467644 0.151605382561684 0.146765917539597 0.146658048033714 0.148144513368607 0.147801458835602 0.14583432674408 0.14162577688694 0.146181493997574 0.143285676836967 0.134453594684601 0.146369755268097 0.162348166108131 0.148978054523468 0.149165347218513 0.153473034501076
0.146079242229462 0.144276022911072 0.148596525192261 0.160170957446098 0.158743560314178 0.153375923633575 0.153310045599937 0.153014913201332 0.149266719818115 0.14486375451088 0.14873369038105 0.148046493530273 0.150691300630569 0.148483231663704 0.154624596238136 0.157186701893806 0.147374585270882 0.142788976430893 0.149045839905739 0.155834764242172 0.160354673862457 0.164589107036591 0.165903493762016 0.15661808848381 0.151505768299103 0.16498589515686 0.168261408805847 0.15350067615509 0.13951188325882 0.149952873587608 0.15813572704792 0.142460316419601 0.139638751745224 0.148076251149178 0.148927345871925 0.149258583784103 0.154798045754433 0.145839527249336 0.129561021924019 0.136209651827812 0.137893706560135 0.131291314959526 0.135046079754829 0.150413945317268 0.141672000288963 0.144294694066048 -3.4e+38
0.140315636992455 0.146617546677589 0.142292112112045 0.151295125484467 0.157476246356964 0.156969100236893 0.161479756236076 0.165941342711449 0.145120903849602 0.130166053771973 0.144353777170181 0.153962194919586 0.15043531358242 0.142772451043129 0.150599345564842 0.1586674451828 0.166592016816139 0.164128556847572 0.1619693338871 0.159010156989098 0.161854103207588 0.166414588689804 0.168826282024384 0.157093390822411 0.141336396336555 0.15775266289711 0.158178403973579 0.147403046488762 0.152861908078194 0.154847696423531 0.153318792581558 0.143584415316582 0.137362405657768 0.15095616877079 0.15521240234375 0.150941759347916 0.148093417286873 0.135097786784172 0.136358827352524 0.143826112151146 0.137116894125938 0.139978066086769 0.142603397369385 0.149773180484772 -3.4e+38 -3.4e+38 -3.4e+38
0.128649607300758 0.134292796254158 0.143861770629883 0.146862685680389 0.148393422365189 0.148960933089256 0.144657745957375 0.163067042827606 0.156755834817886 0.142414569854736 0.163204073905945 0.157562479376793 0.142056331038475 0.138003572821617 0.149011343717575 0.148884013295174 0.160452514886856 0.168257921934128 0.161074057221413 0.152492687106133 0.155699357390404 0.154605820775032 0.158153712749481 0.150868013501167 0.1391721367836 0.149179384112358 0.151666894555092 0.153279453516006 0.16065439581871 0.148872897028923 0.145756259560585 0.145276665687561 0.137391895055771 0.15032297372818 0.154479935765266 0.147319778800011 0.146667659282684 0.146368086338043 0.155344247817993 0.154844403266907 0.137012019753456 0.139081940054893 -3.4e+38 -3.4e+38 -3.4e+38 -3.4e+38 -3.4e+38
0.142287582159042 0.138930425047874 0.147080048918724 0.148096844553947 0.137095704674721 0.142610102891922 0.158963352441788 0.15270072221756 0.161056995391846 0.168798342347145 0.180763274431229 0.15729783475399 0.142695724964142 0.155565530061722 0.157923221588135 0.138161763548851 0.146417155861855 0.158845633268356 0.157188400626183 0.154201403260231 0.161168739199638 0.154737174510956 0.148194774985313 0.153012543916702 0.151358157396317 0.147341072559357 0.145265460014343 0.142626896500587 0.151088625192642 0.146505117416382 0.143082097172737 0.147211015224457 0.13899801671505 0.151787176728249 0.157840117812157 0.144661962985992 0.152497783303261 0.158510029315948 0.155874475836754 0.154764413833618 -3.4e+38 -3.4e+38 -3.4e+38 -3.4e+38 -3.4e+38 -3.4e+38 -3.4e+38
