data/trimmed_ndre/Od_ndre.711.2014_no_clouds.asc
NCOLS 144 
NROWS 65 
XLLCORNER 512965 
YLLCORNER 5150865 
CELLSIZE 5 
NODATA_value -3.4e+38 
[rows 21 to 41 of 65, columns 47 to 93 of 144]
0.489621669054031 0.484504550695419 0.481232017278671 0.494131684303284 0.488178908824921 0.480692565441132 0.480716824531555 0.479311048984528 0.482203781604767 0.482803195714951 0.482681095600128 0.484291732311249 0.478840827941895 0.473572254180908 0.471933841705322 0.47396457195282 0.476271063089371 0.479570597410202 0.482083976268768 0.470393568277359 0.462574928998947 0.468837261199951 0.461995422840118 0.445987433195114 0.44027453660965 0.443891763687134 0.431496143341064 0.41929429769516 0.424879461526871 0.436462908983231 0.450607061386108 0.449275016784668 0.447492182254791 0.450047641992569 0.450155168771744 0.445664674043655 0.430694043636322 0.429544001817703 0.428006678819656 0.419739365577698 0.414741992950439 0.409664869308472 0.406512975692749 0.402103871107101 0.401745021343231 0.399017333984375 0.394146472215652
0.49267452955246 0.480933129787445 0.472585797309875 0.4886434674263 0.481814533472061 0.480472594499588 0.485651195049286 0.483185797929764 0.483917087316513 0.483991086483002 0.485004633665085 0.489523321390152 0.486226946115494 0.47656574845314 0.47020959854126 0.470582097768784 0.472430765628815 0.480949461460114 0.489992678165436 0.480013161897659 0.468407034873962 0.46235379576683 0.449130922555923 0.430183112621307 0.423384487628937 0.417930245399475 0.397814184427261 0.387604534626007 0.392845034599304 0.413754165172577 0.432866096496582 0.428830832242966 0.425991296768188 0.435025662183762 0.435399621725082 0.424143016338348 0.412903338670731 0.412988305091858 0.415949553251266 0.4101203083992 0.402543574571609 0.401924222707748 0.409640938043594 0.401230096817017 0.384496599435806 0.375856906175613 0.372315585613251
0.47039532661438 0.472674965858459 0.471269875764847 0.478897988796234 0.475290656089783 0.479335159063339 0.48372021317482 0.47940069437027 0.481585949659348 0.487714946269989 0.491188436746597 0.494901418685913 0.494901329278946 0.4883933365345 0.478433310985565 0.475352138280869 0.471515774726868 0.480042934417725 0.487692594528198 0.481074303388596 0.47434538602829 0.463091850280762 0.44545316696167 0.431168526411057 0.431852221488953 0.424087643623352 0.400221079587936 0.391867399215698 0.393092960119247 0.408417493104935 0.418562889099121 0.411740988492966 0.409049719572067 0.412927210330963 0.411274284124374 0.398660898208618 0.388503283262253 0.39490795135498 0.406549870967865 0.411921232938766 0.400062263011932 0.386941283941269 0.38332262635231 0.385419428348541 0.380618989467621 0.371859669685364 0.356797367334366
0.458121001720428 0.471084386110306 0.466742366552353 0.464583814144135 0.463846981525421 0.469198256731033 0.474099636077881 0.468142747879028 0.468471080064774 0.477174043655396 0.47815153002739 0.483566910028458 0.491781115531921 0.4884914457798 0.480021417140961 0.474633604288101 0.467850208282471 0.470739513635635 0.470421433448792 0.465966761112213 0.468502998352051 0.460457861423492 0.440529704093933 0.429906845092773 0.439352244138718 0.436595380306244 0.42151802778244 0.413167834281921 0.406143367290497 0.410581529140472 0.4133161008358 0.406445413827896 0.404845058917999 0.411378651857376 0.408474653959274 0.395704060792923 0.38561087846756 0.390556395053864 0.398114174604416 0.406768947839737 0.40254732966423 0.386090725660324 0.374679565429688 0.388746082782745 0.402825117111206 0.395891517400742 0.379700005054474
0.455759882926941 0.458379179239273 0.455595731735229 0.456008076667786 0.452111184597015 0.451487690210342 0.457320630550385 0.461326688528061 0.468663603067398 0.472022920846939 0.457098752260208 0.456957757472992 0.47121673822403 0.472449272871017 0.467468768358231 0.457813382148743 0.450801253318787 0.451536357402802 0.448247700929642 0.450435161590576 0.459751576185226 0.458525806665421 0.43487760424614 0.422499299049377 0.428450554609299 0.424744129180908 0.421373426914215 0.417297422885895 0.407047927379608 0.408282518386841 0.411052197217941 0.404451131820679 0.39947634935379 0.404946327209473 0.408389985561371 0.40662556886673 0.401377499103546 0.396142065525055 0.391753733158112 0.393979549407959 0.401670664548874 0.40069967508316 0.397798031568527 0.407278835773468 0.420541763305664 0.421865165233612 0.418346792459488
0.435124695301056 0.430930912494659 0.427989691495895 0.440066605806351 0.440813481807709 0.430736631155014 0.431448042392731 0.433537900447845 0.43986052274704 0.44871112704277 0.443705022335052 0.436659723520279 0.446263283491135 0.452364474534988 0.452825874090195 0.44064649939537 0.430959820747375 0.433175086975098 0.435330510139465 0.437421590089798 0.445235669612885 0.448159694671631 0.427716881036758 0.416320592164993 0.417061805725098 0.411631405353546 0.41246086359024 0.405297309160233 0.39550444483757 0.4020034968853 0.404792815446854 0.397378951311111 0.391801595687866 0.397571712732315 0.405631929636002 0.411156982183456 0.409189760684967 0.402360796928406 0.395481824874878 0.394704043865204 0.403280705213547 0.412680596113205 0.412003248929977 0.4184630215168 0.436061292886734 0.446381747722626 0.453456848859787
0.432422608137131 0.409825801849365 0.406551420688629 0.423742800951004 0.429781526327133 0.424016058444977 0.421113878488541 0.41829314827919 0.417013704776764 0.431111246347427 0.448076158761978 0.44150984287262 0.436629861593246 0.436343908309937 0.438719987869263 0.427996844053268 0.418873727321625 0.422117739915848 0.422283679246902 0.431324899196625 0.432735770940781 0.430094808340073 0.422856330871582 0.424057304859161 0.414015918970108 0.399675667285919 0.401441395282745 0.396665215492249 0.394423305988312 0.40282991528511 0.400298833847046 0.401964992284775 0.406409233808517 0.404907554388046 0.405367016792297 0.41026708483696 0.411402940750122 0.412373065948486 0.410808712244034 0.408204346895218 0.410492777824402 0.420471101999283 0.425507515668869 0.433164983987808 0.452613264322281 0.464516907930374 0.47884801030159
0.435817003250122 0.411959379911423 0.406261324882507 0.41849085688591 0.423868149518967 0.425552785396576 0.422329694032669 0.417554885149002 0.420949369668961 0.41940039396286 0.417904078960419 0.415491133928299 0.414780020713806 0.419447988271713 0.423245579004288 0.416919589042664 0.411704957485199 0.412426918745041 0.414169400930405 0.431626915931702 0.425581157207489 0.415252029895782 0.416037708520889 0.412549555301666 0.411599516868591 0.40374693274498 0.405217945575714 0.401677072048187 0.408193975687027 0.416107714176178 0.406311362981796 0.417591392993927 0.431615710258484 0.42488569021225 0.421400457620621 0.423012107610703 0.42254838347435 0.423167288303375 0.419203132390976 0.416000097990036 0.42086535692215 0.433491975069046 0.44535031914711 0.4561907351017 0.472144722938538 0.478926151990891 0.495595812797546
0.436036616563797 0.421088963747025 0.414016336202621 0.420050233602524 0.42513120174408 0.427905052900314 0.420189529657364 0.410865545272827 0.410470455884933 0.413736373186111 0.409091264009476 0.40365794301033 0.397977769374847 0.405788689851761 0.413496941328049 0.40675088763237 0.408557027578354 0.407274544239044 0.410557776689529 0.426328212022781 0.427096873521805 0.42696624994278 0.422203421592712 0.411376148462296 0.418475329875946 0.420797556638718 0.418880760669708 0.419947445392609 0.419250816106796 0.430008113384247 0.424461245536804 0.423671036958694 0.434583306312561 0.434420496225357 0.441649347543716 0.447057962417603 0.438929617404938 0.427029103040695 0.413800716400146 0.41057026386261 0.417830258607864 0.436915993690491 0.463034212589264 0.47883066534996 0.491445809602737 0.500921726226807 0.511593997478485
0.435514152050018 0.428163349628448 0.427971392869949 0.426242917776108 0.42427521944046 0.424749493598938 0.415930062532425 0.40246444940567 0.405595988035202 0.423304706811905 0.423208206892014 0.415077418088913 0.407929271459579 0.408622711896896 0.413079500198364 0.413015991449356 0.414085686206818 0.407044947147369 0.409999340772629 0.423070192337036 0.426562786102295 0.434912323951721 0.433481276035309 0.424835920333862 0.424452573060989 0.42471918463707 0.426142036914825 0.423534095287323 0.41391733288765 0.436098903417587 0.445900022983551 0.426717579364777 0.442494571208954 0.461112797260284 0.465781688690186 0.465168029069901 0.452160060405731 0.434580266475677 0.41400671005249 0.404554158449173 0.415833294391632 0.437781661748886 0.471945136785507 0.492287755012512 0.509312689304352 0.522422552108765 0.517634332180023
0.446701467037201 0.441517561674118 0.440657734870911 0.430710136890411 0.420899242162704 0.421945184469223 0.419144868850708 0.418977916240692 0.416773438453674 0.422369033098221 0.422776609659195 0.415927976369858 0.408312767744064 0.407498121261597 0.414212584495544 0.423164337873459 0.419778913259506 0.408835351467133 0.407878160476685 0.415596693754196 0.422681659460068 0.430878818035126 0.433810889720917 0.423887372016907 0.416272103786469 0.424692958593369 0.431177169084549 0.424288660287857 0.41412827372551 0.429821372032166 0.445880472660065 0.442304253578186 0.464546620845795 0.48590287566185 0.47979012131691 0.468164563179016 0.448495596647263 0.425421237945557 0.413709431886673 0.407737195491791 0.425341993570328 0.45340496301651 0.477172553539276 0.494627088308334 0.523346066474915 0.529548346996307 0.514991998672485
0.452192038297653 0.45090064406395 0.448776721954346 0.435178160667419 0.423408955335617 0.422626465559006 0.428065657615662 0.443690448999405 0.42351496219635 0.402379155158997 0.405473083257675 0.404763728380203 0.404794663190842 0.406713336706161 0.412440419197083 0.423494815826416 0.421900123357773 0.411879926919937 0.412199348211288 0.418524116277695 0.426308184862137 0.430490076541901 0.433625936508179 0.418580830097198 0.413033276796341 0.429197520017624 0.440069556236267 0.440813988447189 0.43389305472374 0.437821120023727 0.460772335529327 0.472677886486053 0.479388684034348 0.486631572246552 0.489260852336884 0.483652919530869 0.458076506853104 0.428424447774887 0.416580557823181 0.410257339477539 0.419852286577225 0.454248696565628 0.478722214698792 0.498921275138855 0.527219176292419 0.526553928852081 0.507559359073639
0.462857246398926 0.459706604480743 0.459205955266953 0.455310583114624 0.45227575302124 0.443132489919662 0.439918667078018 0.445905536413193 0.430437713861465 0.415166765451431 0.41780748963356 0.415510386228561 0.418189525604248 0.419332802295685 0.41676527261734 0.429313540458679 0.433885931968689 0.428977310657501 0.432017236948013 0.436651021242142 0.436241030693054 0.436820805072784 0.440148532390594 0.427010983228683 0.428246796131134 0.436336159706116 0.436900824308395 0.447107255458832 0.445236951112747 0.449949890375137 0.480829209089279 0.492054015398026 0.489244431257248 0.494604170322418 0.499249190092087 0.495341300964355 0.471976727247238 0.443623811006546 0.424428939819336 0.417218685150146 0.425467044115067 0.460555195808411 0.490206748247147 0.503410756587982 0.519362151622772 0.516312837600708 0.511945307254791
0.484507858753204 0.478613048791885 0.478837639093399 0.484426498413086 0.481531172990799 0.468292385339737 0.454330623149872 0.448823124170303 0.444459199905396 0.441482305526733 0.44576096534729 0.447290927171707 0.444158345460892 0.443735033273697 0.445477902889252 0.455923289060593 0.456863313913345 0.451680421829224 0.453127443790436 0.458614736795425 0.457927614450455 0.456967502832413 0.45530691742897 0.445258617401123 0.448592096567154 0.447697967290878 0.438156247138977 0.441703289747238 0.44372496008873 0.460392832756042 0.491417467594147 0.4986712038517 0.498955249786377 0.504035949707031 0.50153648853302 0.488654762506485 0.467289686203003 0.445961564779282 0.434366762638092 0.43253967165947 0.44614914059639 0.472895532846451 0.49328950047493 0.508063733577728 0.516973316669464 0.511299908161163 0.5173060297966
0.499324321746826 0.496242642402649 0.499464482069016 0.496330291032791 0.487671405076981 0.477892011404037 0.484944552183151 0.480126738548279 0.465272486209869 0.460982799530029 0.458718180656433 0.4577976167202 0.457939356565475 0.465551465749741 0.478196293115616 0.481300324201584 0.472561538219452 0.46686527132988 0.472900062799454 0.483881205320358 0.483376264572144 0.475762665271759 0.468097895383835 0.459381312131882 0.470332324504852 0.468199133872986 0.451515018939972 0.446367472410202 0.449249565601349 0.469077348709106 0.496694594621658 0.502220809459686 0.506328821182251 0.506016612052917 0.49507549405098 0.477753072977066 0.457739681005478 0.442844390869141 0.437741458415985 0.443229705095291 0.459378242492676 0.479493081569672 0.49408957362175 0.510465323925018 0.513999879360199 0.501225888729095 0.503539562225342
0.500861406326294 0.502788603305817 0.50410920381546 0.502536535263062 0.499663114547729 0.495620131492615 0.506251454353333 0.499668687582016 0.482365876436234 0.476154357194901 0.466527760028839 0.473712474107742 0.478648871183395 0.475846648216248 0.487396985292435 0.490340054035187 0.482431083917618 0.482482433319092 0.489679604768753 0.498892605304718 0.496850103139877 0.482643693685532 0.474869579076767 0.473377257585526 0.477288007736206 0.477779179811478 0.470345109701157 0.471757739782333 0.476175278425217 0.484380394220352 0.49657991528511 0.500128090381622 0.500970363616943 0.496573984622955 0.482413172721863 0.457800388336182 0.435860753059387 0.431976526975632 0.43427985906601 0.44282740354538 0.456665813922882 0.470347672700882 0.482655227184296 0.49742516875267 0.499620467424393 0.488245278596878 0.480612128973007
0.500857651233673 0.497597754001617 0.5005983710289 0.511483550071716 0.514823198318481 0.504690051078796 0.501660048961639 0.50130033493042 0.493246257305145 0.483516931533813 0.472367107868195 0.481513917446136 0.483307957649231 0.472369730472565 0.486861526966095 0.48639389872551 0.479912608861923 0.482537180185318 0.49164804816246 0.50125253200531 0.498280256986618 0.483592540025711 0.479247748851776 0.47459414601326 0.468846827745438 0.472842454910278 0.477224051952362 0.491089701652527 0.498983412981033 0.490775108337402 0.487457633018494 0.484865337610245 0.481792628765106 0.466972529888153 0.442416340112686 0.421188592910767 0.415963739156723 0.428222805261612 0.43545588850975 0.443169862031937 0.454817056655884 0.464351415634155 0.472312659025192 0.481209814548492 0.477603673934937 0.460842162370682 0.452504128217697
0.503996014595032 0.496021777391434 0.504199981689453 0.519639790058136 0.520816147327423 0.507358908653259 0.50184428691864 0.507144033908844 0.500970840454102 0.487124353647232 0.473374933004379 0.468550354242325 0.464039832353592 0.458318203687668 0.470072090625763 0.463341563940048 0.458326578140259 0.465528100728989 0.485033959150314 0.50123804807663 0.489143997430801 0.472354471683502 0.470369637012482 0.464387834072113 0.465601444244385 0.470733225345612 0.47051140666008 0.491863906383514 0.498959183692932 0.485134840011597 0.472323924303055 0.459103286266327 0.446454375982285 0.425391465425491 0.402248203754425 0.400358647108078 0.417635798454285 0.44196680188179 0.458865195512772 0.466160386800766 0.472807109355927 0.476859480142593 0.482349842786789 0.489329814910889 0.483904242515564 0.466867864131927 0.462730079889297
0.511605679988861 0.510467827320099 0.512305676937103 0.522637367248535 0.52178692817688 0.515160620212555 0.512360751628876 0.511314570903778 0.50006228685379 0.488920450210571 0.471091151237488 0.453258007764816 0.439264446496964 0.430842041969299 0.438199430704117 0.432193368673325 0.434417635202408 0.448550999164581 0.459311157464981 0.486242979764938 0.488099485635757 0.469901859760284 0.458052575588226 0.451756179332733 0.455926835536957 0.46637237071991 0.474333226680756 0.487414509057999 0.486567139625549 0.474105149507523 0.454672366380692 0.429313182830811 0.415399521589279 0.404457032680511 0.396780639886856 0.401715934276581 0.425947308540344 0.458844035863876 0.488387286663055 0.496805667877197 0.495585799217224 0.491656243801117 0.490261018276215 0.498009592294693 0.50006628036499 0.494970500469208 0.493178814649582
0.520065248012543 0.519328653812408 0.51659631729126 0.52330219745636 0.52398157119751 0.52588951587677 0.522820174694061 0.50911158323288 0.497797876596451 0.492140144109726 0.470759212970734 0.448146492242813 0.429866701364517 0.414100587368011 0.416981756687164 0.415026992559433 0.414082378149033 0.435190826654434 0.452786535024643 0.486021518707275 0.498696357011795 0.483987271785736 0.462524890899658 0.447422206401825 0.44974347949028 0.47081458568573 0.492009282112122 0.488667070865631 0.476237803697586 0.457093596458435 0.429409056901932 0.405334025621414 0.404335170984268 0.4095818400383 0.414766937494278 0.420869469642639 0.433804869651794 0.464128494262695 0.492957592010498 0.508082628250122 0.51309472322464 0.514501869678497 0.504944086074829 0.506759703159332 0.509190618991852 0.508976578712463 0.511986494064331
0.518822014331818 0.513433933258057 0.517255306243896 0.521737813949585 0.520279943943024 0.519894599914551 0.522776484489441 0.511299729347229 0.502353668212891 0.500446081161499 0.482280313968658 0.467177093029022 0.448563665151596 0.422636538743973 0.416069537401199 0.412520945072174 0.405740797519684 0.424693167209625 0.461785644292831 0.490656018257141 0.497462779283524 0.489504843950272 0.482483297586441 0.47234383225441 0.468514442443848 0.480328530073166 0.496065586805344 0.494972944259644 0.481856048107147 0.455538630485535 0.425497680902481 0.403325140476227 0.402161717414856 0.420724481344223 0.436284869909286 0.44432133436203 0.445424020290375 0.45650452375412 0.477012246847153 0.502540409564972 0.525258958339691 0.524518370628357 0.509362459182739 0.512135088443756 0.519199848175049 0.518563449382782 0.513148844242096
