data/trimmed_ndre/Od_ndre.630.2016.asc
NCOLS 144 
NROWS 65 
XLLCORNER 512965 
YLLCORNER 5150865 
CELLSIZE 5 
NODATA_value -3.4e+38 
[rows 21 to 41 of 65, columns 47 to 93 of 144]
0.631779432296753 0.6294846534729 0.638984322547913 0.652544319629669 0.647098660469055 0.635701656341553 0.627851486206055 0.622965276241302 0.611648976802826 0.605516910552979 0.606528162956238 0.611690163612366 0.608134567737579 0.601693332195282 0.588704466819763 0.572929263114929 0.581097066402435 0.593721985816956 0.602410018444061 0.603157937526703 0.611631155014038 0.619535446166992 0.618250131607056 0.610791265964508 0.605515718460083 0.604952037334442 0.60767650604248 0.605784118175507 0.604994297027588 0.595857441425323 0.591687321662903 0.596922993659973 0.609048128128052 0.611222088336945 0.597005188465118 0.588832855224609 0.581849694252014 0.573745965957642 0.562350392341614 0.554686307907104 0.551576793193817 0.5523761510849 0.539681851863861 0.523073256015778 0.51317024230957 0.508515357971191 0.495741367340088
0.63316535949707 0.629232704639435 0.636737823486328 0.64558881521225 0.639589726924896 0.623179852962494 0.615373492240906 0.613267600536346 0.610351622104645 0.608666121959686 0.602603852748871 0.595672190189362 0.589738965034485 0.597718060016632 0.598974764347076 0.5955850481987 0.600900530815125 0.595958828926086 0.588974118232727 0.584313631057739 0.591456651687622 0.599907577037811 0.606479525566101 0.607315063476562 0.603882133960724 0.602019190788269 0.597298085689545 0.586703419685364 0.603286683559418 0.611613631248474 0.604082703590393 0.587426960468292 0.586145520210266 0.585460364818573 0.5761838555336 0.563993871212006 0.551169097423553 0.545885860919952 0.543979227542877 0.540366590023041 0.529803216457367 0.524220526218414 0.517948031425476 0.504890263080597 0.494046926498413 0.482474237680435 0.465472370386124
0.629839718341827 0.629526317119598 0.619797050952911 0.612220048904419 0.606850624084473 0.601020216941833 0.597076416015625 0.595291912555695 0.595379531383514 0.600264728069305 0.598667979240417 0.592151820659637 0.588109910488129 0.603885233402252 0.608510196208954 0.60833215713501 0.607001483440399 0.599236667156219 0.589631617069244 0.584371328353882 0.589907348155975 0.593075692653656 0.600769400596619 0.602841556072235 0.594678938388824 0.587313771247864 0.582538604736328 0.579320907592773 0.591939270496368 0.597363710403442 0.589192688465118 0.567919909954071 0.550443112850189 0.544265508651733 0.545298457145691 0.548272609710693 0.539310038089752 0.533036768436432 0.528331458568573 0.517968416213989 0.487987250089645 0.478861838579178 0.488076686859131 0.500191390514374 0.487195789813995 0.479517847299576 0.476391732692719
0.614895462989807 0.621821403503418 0.600393891334534 0.58443295955658 0.581339478492737 0.583110570907593 0.57660448551178 0.574459254741669 0.57918506860733 0.589125156402588 0.592954039573669 0.595147371292114 0.60106635093689 0.614229321479797 0.606506109237671 0.598289787769318 0.596026718616486 0.599127113819122 0.602904915809631 0.611913442611694 0.615093648433685 0.600004911422729 0.59731113910675 0.593519151210785 0.578954100608826 0.556701421737671 0.555487036705017 0.560245454311371 0.564929127693176 0.5655198097229 0.558699071407318 0.54020631313324 0.5171999335289 0.516833782196045 0.52072811126709 0.52724152803421 0.527946949005127 0.520107507705688 0.50373238325119 0.479519367218018 0.447695016860962 0.449106246232986 0.473030686378479 0.497806370258331 0.481768220663071 0.487294375896454 0.504196524620056
0.588970243930817 0.597893536090851 0.582430720329285 0.564550817012787 0.56991446018219 0.577255666255951 0.572152078151703 0.570855140686035 0.573218107223511 0.577740371227264 0.580873131752014 0.589785754680634 0.596739292144775 0.602745056152344 0.600644648075104 0.59230762720108 0.585810840129852 0.588438510894775 0.594570100307465 0.607628881931305 0.609767735004425 0.59622597694397 0.586061179637909 0.577404141426086 0.562592446804047 0.535957098007202 0.51909077167511 0.52595067024231 0.534794270992279 0.534116983413696 0.527647733688354 0.51502913236618 0.503812074661255 0.506782710552216 0.505623459815979 0.50949364900589 0.511068344116211 0.498081028461456 0.471286237239838 0.448243081569672 0.433548390865326 0.443644732236862 0.471271067857742 0.490983963012695 0.490705072879791 0.505077302455902 0.527448832988739
0.550828158855438 0.557323813438416 0.556258141994476 0.544407904148102 0.54642128944397 0.550118565559387 0.554923236370087 0.563076376914978 0.565846621990204 0.562303006649017 0.558111667633057 0.561373174190521 0.565511405467987 0.573410928249359 0.583049893379211 0.589251637458801 0.580377042293549 0.568526983261108 0.564429640769958 0.57807183265686 0.581563591957092 0.575853168964386 0.56325501203537 0.538989901542664 0.530780613422394 0.51845121383667 0.494310349225998 0.498038113117218 0.513114452362061 0.522411823272705 0.514296591281891 0.499540537595749 0.493046164512634 0.498711347579956 0.502366423606873 0.505194485187531 0.50214958190918 0.488806307315826 0.464560061693192 0.45086595416069 0.448386967182159 0.459373623132706 0.485762447118759 0.509316325187683 0.517107427120209 0.518712282180786 0.533876001834869
0.511739671230316 0.507428526878357 0.510257959365845 0.514068424701691 0.521272480487823 0.523475229740143 0.532657027244568 0.545387983322144 0.548846065998077 0.541136980056763 0.53460818529129 0.535317599773407 0.540091633796692 0.539994835853577 0.546967148780823 0.555651068687439 0.546924591064453 0.538144290447235 0.534846842288971 0.542342603206635 0.542164027690887 0.538496792316437 0.529456436634064 0.511984288692474 0.509720146656036 0.504878401756287 0.490064650774002 0.484304994344711 0.491659104824066 0.496817916631699 0.495247781276703 0.493852704763412 0.489039480686188 0.494478404521942 0.510483920574188 0.515109658241272 0.510033667087555 0.501581251621246 0.490325093269348 0.482311338186264 0.483022451400757 0.49135610461235 0.507361710071564 0.526437401771545 0.533857047557831 0.52974271774292 0.532745599746704
0.500666260719299 0.485861420631409 0.489513099193573 0.501526057720184 0.510460674762726 0.505161046981812 0.510882258415222 0.520194351673126 0.525956749916077 0.52264416217804 0.514609396457672 0.514484167098999 0.524549126625061 0.514902532100677 0.513057172298431 0.518535554409027 0.519146978855133 0.519702911376953 0.517437934875488 0.517928838729858 0.51665997505188 0.519222438335419 0.517947137355804 0.509410202503204 0.4999920129776 0.500453889369965 0.494339257478714 0.481762230396271 0.478017032146454 0.475609362125397 0.484872996807098 0.50315922498703 0.502887964248657 0.501897811889648 0.509700179100037 0.521536469459534 0.522810339927673 0.526309788227081 0.529880583286285 0.521066784858704 0.518441677093506 0.520029723644257 0.523398995399475 0.526748836040497 0.542888522148132 0.557660162448883 0.57203084230423
0.516645908355713 0.514183342456818 0.511765360832214 0.511413931846619 0.511317849159241 0.501815795898438 0.505333960056305 0.51161515712738 0.515208542346954 0.512479066848755 0.500227093696594 0.493046700954437 0.49188706278801 0.489028602838516 0.494074553251266 0.501320958137512 0.508280396461487 0.515159606933594 0.509027302265167 0.505646884441376 0.508486092090607 0.5162233710289 0.518819272518158 0.516691148281097 0.506947338581085 0.508234620094299 0.501401722431183 0.489832907915115 0.481285184621811 0.475240021944046 0.494783252477646 0.519436657428741 0.520539224147797 0.515202939510345 0.520731389522552 0.531952679157257 0.534381747245789 0.533087730407715 0.530906140804291 0.52692836523056 0.524521887302399 0.52942830324173 0.527988910675049 0.521042346954346 0.554673790931702 0.593901395797729 0.614979684352875
0.536347687244415 0.541690051555634 0.5404332280159 0.522298514842987 0.509603142738342 0.504238486289978 0.508641958236694 0.514394998550415 0.516176700592041 0.510612368583679 0.49691379070282 0.488265961408615 0.485150039196014 0.484735786914825 0.488448828458786 0.501312911510468 0.508319735527039 0.505720674991608 0.49732705950737 0.505967795848846 0.51621288061142 0.522821426391602 0.520086109638214 0.520476400852203 0.521313190460205 0.521060168743134 0.519204676151276 0.510952949523926 0.503957092761993 0.504906713962555 0.52764481306076 0.54253226518631 0.542647540569305 0.536780655384064 0.543474495410919 0.546775698661804 0.541036546230316 0.533207476139069 0.528457760810852 0.521098792552948 0.513746201992035 0.524150133132935 0.542427182197571 0.560326457023621 0.5867680311203 0.615908801555634 0.62980055809021
0.544122576713562 0.547261238098145 0.544791996479034 0.5193692445755 0.51254266500473 0.515382349491119 0.521153032779694 0.523685336112976 0.524336278438568 0.523137509822845 0.514897286891937 0.499564051628113 0.493701368570328 0.491232752799988 0.488975822925568 0.50301456451416 0.51395308971405 0.514750599861145 0.507854461669922 0.523560464382172 0.532140254974365 0.536578297615051 0.545301854610443 0.546769678592682 0.537296056747437 0.529610931873322 0.536501407623291 0.53594297170639 0.528983473777771 0.525927543640137 0.542728126049042 0.553857505321503 0.559038877487183 0.561356902122498 0.570544421672821 0.565023839473724 0.551879227161407 0.53868156671524 0.53031313419342 0.511551201343536 0.50038868188858 0.516553819179535 0.558410704135895 0.593278288841248 0.615343868732452 0.62380063533783 0.62616640329361
0.538250029087067 0.540239930152893 0.54245263338089 0.530558884143829 0.524473547935486 0.529344260692596 0.534822344779968 0.531674802303314 0.521872937679291 0.526727139949799 0.526686787605286 0.511497020721436 0.505239307880402 0.503350853919983 0.507691562175751 0.522778868675232 0.531679272651672 0.532773971557617 0.53198653459549 0.546468913555145 0.552106022834778 0.551637649536133 0.552409470081329 0.556681275367737 0.54181295633316 0.53094357252121 0.536153972148895 0.545383155345917 0.54347687959671 0.538274824619293 0.542445719242096 0.553641736507416 0.564277589321136 0.572261869907379 0.578854560852051 0.571325778961182 0.558684289455414 0.545971930027008 0.53600138425827 0.504397213459015 0.490485429763794 0.509628653526306 0.562030911445618 0.605803430080414 0.633672297000885 0.6421217918396 0.638995707035065
0.544270098209381 0.548913478851318 0.54865550994873 0.543973922729492 0.536844849586487 0.535134732723236 0.533548653125763 0.529899597167969 0.522782444953918 0.531007707118988 0.532507419586182 0.52141273021698 0.51385372877121 0.515238642692566 0.520842373371124 0.52937239408493 0.535178601741791 0.543661177158356 0.549345135688782 0.552033245563507 0.543804228305817 0.536288559436798 0.540445327758789 0.551974177360535 0.542318522930145 0.5349480509758 0.537727355957031 0.548886656761169 0.55352383852005 0.550311267375946 0.54462331533432 0.549994170665741 0.560822904109955 0.577358603477478 0.589580476284027 0.584200441837311 0.566940665245056 0.551591694355011 0.53754711151123 0.503448724746704 0.491216748952866 0.513410449028015 0.562586486339569 0.602159380912781 0.634293437004089 0.654179215431213 0.656842589378357
0.565734446048737 0.561626791954041 0.555160999298096 0.551711678504944 0.548567831516266 0.544186890125275 0.538974106311798 0.535539865493774 0.5334352850914 0.536691844463348 0.541798949241638 0.540677785873413 0.532164335250854 0.523326277732849 0.522225379943848 0.520887672901154 0.517508089542389 0.529293119907379 0.542021930217743 0.544552266597748 0.533641219139099 0.527068674564362 0.53567773103714 0.55164909362793 0.554955184459686 0.549857616424561 0.553932726383209 0.564468562602997 0.573034286499023 0.582243740558624 0.586845219135284 0.588834226131439 0.595118284225464 0.605962455272675 0.613698184490204 0.609494268894196 0.58666580915451 0.565843522548676 0.545566618442535 0.519588947296143 0.508825778961182 0.535892605781555 0.58425909280777 0.624660611152649 0.648167192935944 0.665757060050964 0.67077773809433
0.587902426719666 0.574283182621002 0.560901284217834 0.561447739601135 0.56684273481369 0.568641781806946 0.562330305576324 0.556635618209839 0.552873134613037 0.549397766590118 0.548228919506073 0.546729326248169 0.541581988334656 0.530863225460052 0.523631155490875 0.517062187194824 0.517639756202698 0.532973349094391 0.548470735549927 0.551218569278717 0.547472238540649 0.557064354419708 0.572837889194489 0.57759153842926 0.574301242828369 0.571785569190979 0.582927525043488 0.59682559967041 0.607844829559326 0.614896416664124 0.616888523101807 0.624173700809479 0.636705458164215 0.642994046211243 0.640712141990662 0.62823075056076 0.603399038314819 0.57711797952652 0.55852347612381 0.54582154750824 0.542252123355865 0.569133341312408 0.608809053897858 0.642792224884033 0.655345678329468 0.666389286518097 0.674488723278046
0.608212351799011 0.591759085655212 0.574629426002502 0.570583164691925 0.581013083457947 0.592274129390717 0.594157934188843 0.588954865932465 0.583176553249359 0.572492599487305 0.555782377719879 0.550193965435028 0.552667856216431 0.553015172481537 0.548382580280304 0.542965710163116 0.544694900512695 0.555634319782257 0.57004177570343 0.579738438129425 0.585288763046265 0.590926706790924 0.598578691482544 0.595754504203796 0.590824544429779 0.593704521656036 0.611124217510223 0.62747198343277 0.631367325782776 0.624949753284454 0.624244749546051 0.640781760215759 0.6570765376091 0.653819382190704 0.637084484100342 0.617746293544769 0.595166265964508 0.569998800754547 0.567061126232147 0.5666743516922 0.56707751750946 0.581059098243713 0.615714192390442 0.648114085197449 0.658346772193909 0.651889145374298 0.660964012145996
0.626708328723907 0.607796967029572 0.590004444122314 0.584252536296844 0.594041764736176 0.605218172073364 0.611483633518219 0.610869884490967 0.604148685932159 0.587154269218445 0.56611430644989 0.561040997505188 0.579207956790924 0.592864692211151 0.591656446456909 0.582924962043762 0.57954341173172 0.58336466550827 0.592716932296753 0.603190958499908 0.602181553840637 0.60100382566452 0.604158937931061 0.603117823600769 0.598184466362 0.597269117832184 0.605142414569855 0.622912883758545 0.631090879440308 0.626222848892212 0.621507823467255 0.632785081863403 0.640811085700989 0.634018361568451 0.611272990703583 0.585979998111725 0.561201930046082 0.542174935340881 0.558740079402924 0.574000120162964 0.583511650562286 0.591671943664551 0.617789328098297 0.651921153068542 0.669181704521179 0.655965507030487 0.651915490627289
0.637580573558807 0.626943409442902 0.613636910915375 0.608214020729065 0.614461660385132 0.619415581226349 0.623532056808472 0.623719036579132 0.615107476711273 0.59847229719162 0.583257377147675 0.582771599292755 0.605085968971252 0.612796366214752 0.611210882663727 0.605610251426697 0.60092169046402 0.596577525138855 0.600123226642609 0.611057043075562 0.60580039024353 0.59820544719696 0.595572948455811 0.598291337490082 0.588569581508636 0.582896769046783 0.587758362293243 0.605851352214813 0.623813688755035 0.635571599006653 0.639206230640411 0.635512232780457 0.621087908744812 0.598566770553589 0.569424033164978 0.539322555065155 0.515270233154297 0.51463782787323 0.549694836139679 0.579349637031555 0.601669907569885 0.613109171390533 0.627187848091125 0.658743262290955 0.676140666007996 0.666759192943573 0.645751774311066
0.650136351585388 0.653766691684723 0.644127190113068 0.640973210334778 0.646664619445801 0.64584082365036 0.642300963401794 0.635752260684967 0.624037504196167 0.613074421882629 0.59784197807312 0.591605961322784 0.603912472724915 0.598500430583954 0.59312629699707 0.588566482067108 0.585600554943085 0.575830042362213 0.588635742664337 0.6086186170578 0.607564985752106 0.592996895313263 0.580878496170044 0.573226869106293 0.559130430221558 0.559447526931763 0.572288036346436 0.593330800533295 0.614074885845184 0.626818478107452 0.623505115509033 0.603973984718323 0.584884166717529 0.553962349891663 0.519741296768188 0.497067749500275 0.492130786180496 0.511692225933075 0.549908041954041 0.584718942642212 0.623896181583405 0.642312467098236 0.641296029090881 0.642896950244904 0.658450484275818 0.66167414188385 0.644876778125763
0.666057288646698 0.678772926330566 0.666872024536133 0.665621817111969 0.669764995574951 0.668047487735748 0.66153222322464 0.653360366821289 0.642431557178497 0.628851413726807 0.601374685764313 0.585552930831909 0.578149616718292 0.555095076560974 0.545074224472046 0.540927290916443 0.537949502468109 0.527387380599976 0.564408302307129 0.602004170417786 0.613157153129578 0.589692056179047 0.566727817058563 0.548900723457336 0.536761701107025 0.545572698116302 0.572970807552338 0.598995566368103 0.611485779285431 0.608941555023193 0.587250351905823 0.556640565395355 0.540106773376465 0.518764138221741 0.493238240480423 0.477693468332291 0.491287112236023 0.51769345998764 0.549485504627228 0.581640720367432 0.61841893196106 0.635301530361176 0.632898151874542 0.621849894523621 0.633176207542419 0.642246007919312 0.641079723834991
0.66865998506546 0.672433435916901 0.672118067741394 0.678314924240112 0.6797935962677 0.676316916942596 0.669403612613678 0.664580404758453 0.650854349136353 0.630999803543091 0.601991832256317 0.579809367656708 0.549463748931885 0.51181024312973 0.500252783298492 0.496273428201675 0.487257391214371 0.478654682636261 0.53698056936264 0.588695824146271 0.609898447990417 0.591987133026123 0.569768369197845 0.548182666301727 0.539959371089935 0.55540919303894 0.596470475196838 0.615782082080841 0.609621465206146 0.584890425205231 0.548453807830811 0.512979447841644 0.489149302244186 0.467976778745651 0.458167284727097 0.464054942131042 0.49100798368454 0.513465940952301 0.524671673774719 0.547142744064331 0.58725917339325 0.609518527984619 0.617027282714844 0.616969466209412 0.625973522663116 0.636380255222321 0.640876710414886
