data/trimmed_ndre/Od_ndre.728.2009_no_clouds.asc
NCOLS 144 
NROWS 65 
XLLCORNER 512965 
YLLCORNER 5150865 
CELLSIZE 5 
NODATA_value -3.4e+38 
[rows 21 to 41 of 65, columns 47 to 93 of 144]
0.304763436317444 0.303962349891663 0.304945260286331 0.301898539066315 0.290658861398697 0.28860929608345 0.294519454240799 0.288892507553101 0.285041123628616 0.287833094596863 0.275352030992508 0.264562249183655 0.271359980106354 0.269585162401199 0.270473629236221 0.274300694465637 0.269311308860779 0.267101883888245 0.266421586275101 0.265735238790512 0.262557625770569 0.27706715464592 0.298195898532867 0.295429199934006 0.27941220998764 0.265223115682602 0.280399680137634 0.281020194292068 0.266391396522522 0.259399950504303 0.242486104369164 0.238550171256065 0.239164784550667 0.231605291366577 0.234062179923058 0.236944049596786 0.232786953449249 0.237390473484993 0.240754917263985 0.227690175175667 0.217802226543427 0.210213094949722 0.195572435855865 0.198926895856857 0.197858244180679 0.18479411303997 0.185924977064133
0.287751168012619 0.295529663562775 0.300312995910645 0.302275449037552 0.296505093574524 0.288971304893494 0.283445686101913 0.275339126586914 0.274297386407852 0.274533092975616 0.263951689004898 0.26379457116127 0.273597061634064 0.272621780633926 0.275242567062378 0.277858376502991 0.280510127544403 0.283030539751053 0.276145339012146 0.26938408613205 0.261663943529129 0.267504513263702 0.277510970830917 0.270039588212967 0.271066308021545 0.261905461549759 0.260409474372864 0.249866127967834 0.235567480325699 0.246196776628494 0.242357701063156 0.239908680319786 0.235574126243591 0.219879344105721 0.225743755698204 0.22664675116539 0.222689718008041 0.231501713395119 0.237733453512192 0.216897785663605 0.2014090269804 0.194885283708572 0.185554683208466 0.190540745854378 0.198297023773193 0.189494088292122 0.179232552647591
0.284608602523804 0.281088292598724 0.283362120389938 0.290764689445496 0.287824660539627 0.280173182487488 0.267336696386337 0.259748697280884 0.266085356473923 0.268650710582733 0.26641571521759 0.275932341814041 0.282826393842697 0.278790414333344 0.281622469425201 0.287695914506912 0.287623584270477 0.27868726849556 0.255167692899704 0.248617380857468 0.261647492647171 0.274104923009872 0.263636380434036 0.250283986330032 0.252686023712158 0.256954431533813 0.252224951982498 0.241763457655907 0.234141021966934 0.241870924830437 0.242571637034416 0.245546966791153 0.239773213863373 0.22043189406395 0.219839006662369 0.212784662842751 0.201942533254623 0.213238254189491 0.220474749803543 0.200771734118462 0.192660138010979 0.195390611886978 0.182067513465881 0.185184016823769 0.198209017515182 0.208890214562416 0.198133409023285
0.28271672129631 0.274908155202866 0.265481054782867 0.269423186779022 0.270813673734665 0.265432357788086 0.254896521568298 0.255205303430557 0.26401486992836 0.263791859149933 0.268649458885193 0.284499675035477 0.288360208272934 0.278879791498184 0.277128845453262 0.274578779935837 0.264514952898026 0.257391303777695 0.257286101579666 0.257776528596878 0.267101615667343 0.283677011728287 0.287925183773041 0.254974275827408 0.227794483304024 0.232829213142395 0.245512098073959 0.24097053706646 0.237479403614998 0.22811584174633 0.220107764005661 0.221514582633972 0.222013935446739 0.213618874549866 0.214214518666267 0.207146048545837 0.195641204714775 0.19878052175045 0.199747562408447 0.186424031853676 0.186608597636223 0.196759521961212 0.183687180280685 0.180677324533463 0.190367266535759 0.207633510231972 0.202004581689835
0.26879894733429 0.264226198196411 0.252892524003983 0.241154864430428 0.241290062665939 0.252017110586166 0.252022981643677 0.257227271795273 0.263820350170135 0.258894056081772 0.263859272003174 0.28050285577774 0.278223693370819 0.268264144659042 0.264846950769424 0.259314835071564 0.244795262813568 0.250539362430573 0.273809432983398 0.280201584100723 0.259135961532593 0.247488483786583 0.25893035531044 0.242313385009766 0.213507160544395 0.214519917964935 0.225116118788719 0.227083653211594 0.217602580785751 0.207719311118126 0.197144150733948 0.195400163531303 0.200800657272339 0.198880702257156 0.198751255869865 0.20320725440979 0.203896343708038 0.197543814778328 0.188131436705589 0.193731084465981 0.199884802103043 0.194172903895378 0.183889970183372 0.181511238217354 0.197833776473999 0.214170426130295 0.20709191262722
0.233494564890862 0.218346104025841 0.222200065851212 0.218305081129074 0.222434595227242 0.233423173427582 0.24369016289711 0.259726226329803 0.259169369935989 0.238995134830475 0.238705322146416 0.256117016077042 0.254785567522049 0.255346119403839 0.254036158323288 0.245040312409401 0.235349714756012 0.237784862518311 0.260083317756653 0.269680082798004 0.238185331225395 0.211181148886681 0.225334778428078 0.231684759259224 0.226659655570984 0.221830144524574 0.199052006006241 0.200846537947655 0.209024623036385 0.204749464988708 0.199450924992561 0.196125864982605 0.199699833989143 0.197973176836967 0.193577647209167 0.200446352362633 0.209758803248405 0.213642224669456 0.204642325639725 0.201036095619202 0.199574291706085 0.189893797039986 0.187661707401276 0.194947019219398 0.209511235356331 0.212236642837524 0.21310892701149
0.226904198527336 0.209743961691856 0.211244821548462 0.215696260333061 0.214574307203293 0.222281873226166 0.226003125309944 0.234105244278908 0.229696273803711 0.211652681231499 0.212000966072083 0.227758005261421 0.226536244153976 0.228664308786392 0.226661175489426 0.225273475050926 0.219115436077118 0.211323663592339 0.219507113099098 0.230632096529007 0.226936742663383 0.217123374342918 0.220113098621368 0.222647577524185 0.227201223373413 0.213885292410851 0.183556720614433 0.189156919717789 0.2091343998909 0.211308091878891 0.201001420617104 0.186925783753395 0.195294141769409 0.20049637556076 0.202349931001663 0.208857804536819 0.213539212942123 0.216346696019173 0.206718146800995 0.194207444787025 0.192905068397522 0.196966096758842 0.208870604634285 0.219387903809547 0.224020794034004 0.224481835961342 0.234966903924942
0.222311437129974 0.2126844227314 0.2064298838377 0.1969253718853 0.193222790956497 0.211058661341667 0.217764869332314 0.20848223567009 0.202730029821396 0.205481499433517 0.208160012960434 0.204458609223366 0.202911511063576 0.205591186881065 0.205702796578407 0.20704485476017 0.20688833296299 0.211628466844559 0.209768787026405 0.206940144300461 0.219889774918556 0.229837343096733 0.222917333245277 0.206892058253288 0.207860291004181 0.207904025912285 0.195153445005417 0.185206383466721 0.186420574784279 0.198266118764877 0.199264258146286 0.193821892142296 0.19857357442379 0.200941234827042 0.208278343081474 0.218552380800247 0.218017444014549 0.209607884287834 0.202621147036552 0.2000762373209 0.194388404488564 0.204616665840149 0.233143046498299 0.24613094329834 0.254076272249222 0.262940376996994 0.276045024394989
0.215597480535507 0.203515455126762 0.194740146398544 0.188132628798485 0.195665717124939 0.208888933062553 0.206826433539391 0.195220023393631 0.19366666674614 0.21003682911396 0.218593686819077 0.198097884654999 0.190992012619972 0.196599081158638 0.198117077350616 0.198820322751999 0.208364769816399 0.219603478908539 0.210146859288216 0.195205494761467 0.190851733088493 0.195496574044228 0.202933311462402 0.199316501617432 0.203733175992966 0.21477535367012 0.217165663838387 0.205630272626877 0.191505014896393 0.194274365901947 0.206219524145126 0.213545113801956 0.224524900317192 0.225118175148964 0.22921048104763 0.229579567909241 0.22097222507 0.215088695287704 0.215607225894928 0.20707842707634 0.195892378687859 0.210893824696541 0.245289981365204 0.268707126379013 0.287886440753937 0.315007895231247 0.339697390794754
0.213153690099716 0.214336976408958 0.202128008008003 0.191948592662811 0.207670390605927 0.207392498850822 0.191317439079285 0.187977612018585 0.191231340169907 0.209410965442657 0.223723396658897 0.202032864093781 0.1882364153862 0.192024797201157 0.19642648100853 0.204787373542786 0.214649900794029 0.212145984172821 0.191520929336548 0.191256463527679 0.200098648667336 0.194530725479126 0.198535695672035 0.207558140158653 0.209899887442589 0.214009135961533 0.210027381777763 0.212018743157387 0.207454577088356 0.201929524540901 0.206412345170975 0.210737586021423 0.214732155203819 0.223931133747101 0.233028829097748 0.236857891082764 0.223724037408829 0.215329423546791 0.220756322145462 0.205593675374985 0.194788113236427 0.215065121650696 0.250344842672348 0.28848472237587 0.330774366855621 0.368886262178421 0.388532012701035
0.203565448522568 0.21109676361084 0.202058017253876 0.193053290247917 0.204730063676834 0.20069694519043 0.192360505461693 0.197311341762543 0.197994083166122 0.205186545848846 0.212965905666351 0.199430048465729 0.195820033550262 0.195796594023705 0.198236048221588 0.201810672879219 0.208891898393631 0.205530226230621 0.194088757038116 0.197238937020302 0.215657815337181 0.212110474705696 0.21099017560482 0.201994135975838 0.192370563745499 0.205519899725914 0.207146152853966 0.21142965555191 0.215705335140228 0.210259035229683 0.208620876073837 0.208159744739532 0.21437369287014 0.229018583893776 0.24248743057251 0.248775392770767 0.248411148786545 0.227773547172546 0.21290086209774 0.191827192902565 0.195181295275688 0.22909089922905 0.257694631814957 0.311639100313187 0.372678369283676 0.400110334157944 0.399470448493958
0.206877216696739 0.206816852092743 0.201036542654037 0.197093814611435 0.207256376743317 0.205305084586143 0.210363462567329 0.217014133930206 0.211390286684036 0.205743074417114 0.200908437371254 0.19390743970871 0.200167521834373 0.195698410272598 0.195097804069519 0.196687266230583 0.209977135062218 0.211927875876427 0.199333876371384 0.208710491657257 0.219266086816788 0.218604147434235 0.225729942321777 0.224132284522057 0.205801144242287 0.21115343272686 0.215333983302116 0.209049493074417 0.206754624843597 0.215715155005455 0.21378256380558 0.218186885118484 0.247001349925995 0.269288271665573 0.271386384963989 0.264446616172791 0.254149615764618 0.227923482656479 0.19981686770916 0.18626107275486 0.199242159724236 0.238382115960121 0.27011051774025 0.329127073287964 0.387037336826324 0.403954327106476 0.394742876291275
0.231333792209625 0.221611246466637 0.219479903578758 0.21141254901886 0.211841195821762 0.215832084417343 0.220310360193253 0.219929873943329 0.220233559608459 0.214480385184288 0.19990274310112 0.197627663612366 0.20604495704174 0.194273799657822 0.200694262981415 0.208852052688599 0.205473482608795 0.210214614868164 0.203535333275795 0.212917312979698 0.217635631561279 0.205072730779648 0.213218241930008 0.235966682434082 0.230031102895737 0.217115074396133 0.224006533622742 0.223312512040138 0.218617007136345 0.231758579611778 0.237376496195793 0.244937315583229 0.278397619724274 0.301003128290176 0.308139741420746 0.291812658309937 0.260080575942993 0.233137235045433 0.207756087183952 0.201485976576805 0.216162845492363 0.248832747340202 0.293324857950211 0.337182193994522 0.385441482067108 0.395417392253876 0.38185253739357
0.265145629644394 0.239005818963051 0.231774643063545 0.221820846199989 0.221760585904121 0.226988047361374 0.21657757461071 0.199808821082115 0.21176466345787 0.217016935348511 0.209081754088402 0.206265717744827 0.20712186396122 0.197166606783867 0.189128890633583 0.199192956089973 0.204813823103905 0.209925532341003 0.20929229259491 0.203036800026894 0.209395110607147 0.213826522231102 0.217458426952362 0.234862104058266 0.241075113415718 0.229662165045738 0.230631142854691 0.233994126319885 0.230941414833069 0.247735992074013 0.265513002872467 0.276786714792252 0.314007610082626 0.333460658788681 0.342297434806824 0.319499254226685 0.275253713130951 0.236461013555527 0.203899741172791 0.212216645479202 0.236107841134071 0.261573255062103 0.313850939273834 0.354120433330536 0.385704696178436 0.385571390390396 0.367864817380905
0.286625504493713 0.260849922895432 0.255829960107803 0.249973267316818 0.248097032308578 0.243437007069588 0.225234761834145 0.20009608566761 0.213040515780449 0.229307219386101 0.223814502358437 0.212866902351379 0.203059732913971 0.199301034212112 0.193409994244576 0.202712506055832 0.216016739606857 0.215670794248581 0.228631854057312 0.237754464149475 0.244236424565315 0.243190109729767 0.238127246499062 0.24113430082798 0.262690216302872 0.257119029760361 0.252580195665359 0.262659102678299 0.247393727302551 0.257657021284103 0.289623588323593 0.31485578417778 0.335048288106918 0.338394671678543 0.340597182512283 0.300782382488251 0.261199295520782 0.2429338991642 0.211995124816895 0.218153953552246 0.253138989210129 0.271559953689575 0.319658994674683 0.37730997800827 0.403335243463516 0.380245357751846 0.349899351596832
0.324683278799057 0.316461354494095 0.304698556661606 0.294399231672287 0.284936964511871 0.28630131483078 0.27770859003067 0.247789710760117 0.245111748576164 0.250691324472427 0.239173263311386 0.228547796607018 0.226818755269051 0.228784397244453 0.227089703083038 0.225666612386703 0.233073532581329 0.26058954000473 0.261556059122086 0.264697432518005 0.277040421962738 0.257578313350677 0.263012498617172 0.272807657718658 0.271166384220123 0.263752162456512 0.281495213508606 0.306918144226074 0.288633763790131 0.291957676410675 0.331713944673538 0.35352611541748 0.343314409255981 0.315188139677048 0.300500184297562 0.273691892623901 0.249641433358192 0.239618465304375 0.223448857665062 0.231800839304924 0.259764552116394 0.285086333751678 0.337837606668472 0.397037386894226 0.404077559709549 0.377147972583771 0.33744341135025
0.35359725356102 0.355184227228165 0.345051407814026 0.312740504741669 0.3007792532444 0.318163067102432 0.320229977369308 0.293039262294769 0.281647980213165 0.273746609687805 0.258889228105545 0.249536201357841 0.263428449630737 0.261926829814911 0.259304225444794 0.275925248861313 0.26990869641304 0.272989124059677 0.267421960830688 0.262893319129944 0.281003206968307 0.275870144367218 0.268552541732788 0.278398185968399 0.26521036028862 0.258787095546722 0.289037257432938 0.320885986089706 0.316275388002396 0.319495767354965 0.352219223976135 0.362609207630157 0.346616894006729 0.3121637403965 0.276773750782013 0.253895193338394 0.22620815038681 0.222830697894096 0.215118616819382 0.229112863540649 0.278574526309967 0.332207560539246 0.378515034914017 0.399637877941132 0.377045482397079 0.363547831773758 0.345593839883804
0.36431348323822 0.34906741976738 0.354947656393051 0.344241678714752 0.327986806631088 0.331993162631989 0.318542808294296 0.291363298892975 0.288959950208664 0.289908170700073 0.274321675300598 0.261475920677185 0.26943102478981 0.271681576967239 0.270159065723419 0.282821357250214 0.271151721477509 0.261854916810989 0.26973420381546 0.276252806186676 0.274380534887314 0.266738742589951 0.257541000843048 0.261749386787415 0.264255523681641 0.258050084114075 0.273252636194229 0.309954732656479 0.326800942420959 0.333218574523926 0.343171894550323 0.336992889642715 0.315751910209656 0.287148922681808 0.250203400850296 0.228822723031044 0.205631032586098 0.212621927261353 0.243559762835503 0.272620856761932 0.33649018406868 0.396252900362015 0.416103482246399 0.421102195978165 0.420135736465454 0.400193095207214 0.383102685213089
0.398088008165359 0.389882683753967 0.380392074584961 0.370573431253433 0.358386486768723 0.350280493497849 0.346340924501419 0.327163636684418 0.299242913722992 0.283105254173279 0.273166745901108 0.262869268655777 0.264879643917084 0.277733594179153 0.2732934653759 0.261186540126801 0.254868626594543 0.263385117053986 0.285543471574783 0.291326224803925 0.283627152442932 0.267667233943939 0.249954715371132 0.235045492649078 0.242129623889923 0.253865092992783 0.272216737270355 0.309403896331787 0.336872726678848 0.338919252157211 0.331244856119156 0.287844598293304 0.253151595592499 0.239230707287788 0.220563441514969 0.207526683807373 0.212787240743637 0.240725174546242 0.307023674249649 0.359236657619476 0.38949915766716 0.428863763809204 0.446172177791595 0.446104407310486 0.453371465206146 0.433842360973358 0.423432290554047
0.424100786447525 0.404880195856094 0.382643431425095 0.378442108631134 0.364491015672684 0.344884037971497 0.353569805622101 0.350147068500519 0.298349618911743 0.258043020963669 0.254459738731384 0.244578242301941 0.240071684122086 0.259987086057663 0.252044022083282 0.239278137683868 0.233849287033081 0.2420674264431 0.271621525287628 0.284372627735138 0.291700124740601 0.278339833021164 0.236981436610222 0.211955741047859 0.221017107367516 0.26318770647049 0.305511623620987 0.334014773368835 0.340077251195908 0.314328253269196 0.281064391136169 0.226758077740669 0.204496055841446 0.209631577134132 0.218308553099632 0.230257734656334 0.245637580752373 0.28184574842453 0.347052812576294 0.418917953968048 0.445365458726883 0.457180321216583 0.45276752114296 0.445463180541992 0.43968003988266 0.431637674570084 0.435162961483002
0.398390054702759 0.373735427856445 0.364968776702881 0.376238822937012 0.365360766649246 0.342791676521301 0.346212923526764 0.350802570581436 0.304312437772751 0.258769899606705 0.250693619251251 0.230575323104858 0.218997806310654 0.230666503310204 0.219566628336906 0.203532040119171 0.204450786113739 0.217532023787498 0.248738810420036 0.279666930437088 0.275458723306656 0.268941968679428 0.242680862545967 0.224069803953171 0.247915804386139 0.298974841833115 0.336274325847626 0.33911269903183 0.311371922492981 0.256767392158508 0.222863629460335 0.199010074138641 0.190703138709068 0.203799143433571 0.220108896493912 0.254505693912506 0.276621431112289 0.304039895534515 0.357856005430222 0.416872143745422 0.442683726549149 0.444426357746124 0.438758611679077 0.437355875968933 0.429401934146881 0.41493946313858 0.429859459400177
