data/trimmed_ndre/Od_ndre.530.2014_no_clouds.asc
NCOLS 144 
NROWS 65 
XLLCORNER 512965 
YLLCORNER 5150865 
CELLSIZE 5 
NODATA_value -3.4e+38 
[rows 21 to 41 of 65, columns 47 to 93 of 144]
0.278341740369797 0.272669583559036 0.264762699604034 0.263440400362015 0.273724228143692 0.274930775165558 0.267082631587982 0.281898498535156 0.281494736671448 0.273551404476166 0.270870536565781 0.266294896602631 0.266320139169693 0.265214741230011 0.260307341814041 0.262827455997467 0.261481374502182 0.257493078708649 0.262178629636765 0.270835697650909 0.2702876329422 0.265100598335266 0.265256881713867 0.267904430627823 0.26732462644577 0.255628049373627 0.252395749092102 0.248504936695099 0.245517387986183 0.252427935600281 0.254851102828979 0.258499056100845 0.257541626691818 0.255352139472961 0.263757586479187 0.265505403280258 0.254045933485031 0.25398650765419 0.255578368902206 0.251172810792923 0.241082355380058 0.248150929808617 0.259815633296967 0.263169527053833 0.259655624628067 0.278099298477173 0.285637974739075
0.281478255987167 0.2767314016819 0.268518835306168 0.265768021345139 0.282475590705872 0.279086649417877 0.268706887960434 0.273029774427414 0.267323106527328 0.269959658384323 0.275912553071976 0.270017355680466 0.270084887742996 0.268319189548492 0.262704193592072 0.26721003651619 0.268031269311905 0.264320731163025 0.263557463884354 0.275713950395584 0.27239578962326 0.260316431522369 0.25695675611496 0.25500825047493 0.257635295391083 0.255163937807083 0.248795852065086 0.239330023527145 0.239975646138191 0.252410531044006 0.264673680067062 0.270123094320297 0.268478244543076 0.25216880440712 0.250811964273453 0.259627550840378 0.264118731021881 0.263419270515442 0.269646823406219 0.276592910289764 0.273098766803741 0.255761474370956 0.26536226272583 0.275306224822998 0.27808541059494 0.296646237373352 0.289795815944672
0.277936726808548 0.276957243680954 0.269536048173904 0.267558336257935 0.282367527484894 0.273944139480591 0.266541421413422 0.263380706310272 0.256958991289139 0.262230008840561 0.268375188112259 0.267221480607986 0.265988141298294 0.263806730508804 0.263716667890549 0.271074593067169 0.273889660835266 0.270409286022186 0.266672968864441 0.271303862333298 0.267417699098587 0.263155579566956 0.260738849639893 0.25436994433403 0.259292900562286 0.26385760307312 0.259442090988159 0.244363278150558 0.24391596019268 0.255155235528946 0.271791517734528 0.276127517223358 0.272711932659149 0.265146136283875 0.263968378305435 0.26650807261467 0.271953701972961 0.272838950157166 0.273526668548584 0.276815444231033 0.278461962938309 0.269853591918945 0.277272433042526 0.283886760473251 0.286267787218094 0.2925725877285 0.278683423995972
0.263269275426865 0.265485495328903 0.26409375667572 0.264415413141251 0.26996773481369 0.261057525873184 0.259616672992706 0.257115632295609 0.251439034938812 0.253069192171097 0.257705479860306 0.258743911981583 0.255960524082184 0.259605228900909 0.266787976026535 0.273456305265427 0.273167103528976 0.269082278013229 0.264927446842194 0.265291571617126 0.269548654556274 0.26923343539238 0.267520666122437 0.264565140008926 0.269060075283051 0.273393720388412 0.272178173065186 0.26262030005455 0.257057577371597 0.259036809206009 0.261013567447662 0.258937507867813 0.261142909526825 0.269265413284302 0.278437972068787 0.274652928113937 0.272617787122726 0.2771897315979 0.285268127918243 0.278981298208237 0.280070662498474 0.284309029579163 0.289317190647125 0.296264946460724 0.294985264539719 0.288267195224762 0.277206629514694
0.264166712760925 0.254942923784256 0.263073533773422 0.255831182003021 0.251158475875854 0.247577384114265 0.251627087593079 0.251432299613953 0.25058913230896 0.251993715763092 0.254739135503769 0.261566370725632 0.267071157693863 0.271289765834808 0.274604111909866 0.272959470748901 0.26663264632225 0.265946835279465 0.270049929618835 0.272024512290955 0.273193687200546 0.270897328853607 0.269388049840927 0.266824334859848 0.2626973092556 0.265597075223923 0.26727157831192 0.268593221902847 0.268580079078674 0.275276392698288 0.271170854568481 0.257598459720612 0.260516345500946 0.275055021047592 0.287023305892944 0.286484271287918 0.285394549369812 0.289720386266708 0.292828261852264 0.280634194612503 0.283467948436737 0.288754492998123 0.297030597925186 0.311975598335266 0.3124860227108 0.303643316030502 0.293965131044388
0.255716472864151 0.251206517219543 0.265322625637054 0.249061942100525 0.251368910074234 0.258685022592545 0.255657166242599 0.255361974239349 0.260446637868881 0.26805117726326 0.263410985469818 0.268773943185806 0.273466616868973 0.275548487901688 0.276100069284439 0.270014941692352 0.261575222015381 0.258312463760376 0.268696546554565 0.273933082818985 0.273045629262924 0.267063230276108 0.258481025695801 0.256061285734177 0.256521224975586 0.258938580751419 0.256316423416138 0.258011370897293 0.268211007118225 0.278170317411423 0.273078411817551 0.264583498239517 0.269955337047577 0.282547563314438 0.286440938711166 0.284810811281204 0.286681890487671 0.295376300811768 0.294390767812729 0.285668939352036 0.296208471059799 0.297220349311829 0.30202305316925 0.317247122526169 0.321757107973099 0.323770314455032 0.321100920438766
0.261644005775452 0.253838360309601 0.255045086145401 0.261979520320892 0.269666403532028 0.274545699357986 0.269638210535049 0.270913422107697 0.272383511066437 0.273739695549011 0.271396636962891 0.268929600715637 0.272145301103592 0.267645359039307 0.260962843894958 0.25687563419342 0.25655522942543 0.259733349084854 0.270424544811249 0.273718476295471 0.276423960924149 0.27606400847435 0.262645453214645 0.260543674230576 0.262301683425903 0.265122532844543 0.268451899290085 0.272390395402908 0.276755422353745 0.279169529676437 0.276431113481522 0.277478396892548 0.284902960062027 0.294088959693909 0.291393995285034 0.287962406873703 0.288778841495514 0.29630783200264 0.292124420404434 0.288912773132324 0.299517512321472 0.296028524637222 0.29992663860321 0.307921975851059 0.306652277708054 0.309700638055801 0.308955609798431
0.300685793161392 0.282839000225067 0.275430560112 0.283150166273117 0.274969518184662 0.28420627117157 0.285856634378433 0.278961807489395 0.282658338546753 0.287099629640579 0.281373083591461 0.265189200639725 0.279808819293976 0.278544515371323 0.266812324523926 0.262912631034851 0.270075023174286 0.275801926851273 0.2835733294487 0.288666725158691 0.285159647464752 0.281163781881332 0.274667948484421 0.274879932403564 0.27863609790802 0.282615065574646 0.287519574165344 0.286086589097977 0.286412596702576 0.2857506275177 0.285742551088333 0.289348781108856 0.291921377182007 0.292427241802216 0.287639915943146 0.289063483476639 0.291641771793365 0.293853133916855 0.289109259843826 0.28453665971756 0.28728649020195 0.288861513137817 0.292788624763489 0.290681421756744 0.282522231340408 0.281133592128754 0.279246658086777
0.312455832958221 0.292238533496857 0.296233206987381 0.295517235994339 0.264814227819443 0.272675305604935 0.278635233640671 0.280406355857849 0.289113640785217 0.302567452192307 0.291907757520676 0.273197591304779 0.280947148799896 0.278883039951324 0.273150473833084 0.274523138999939 0.292980402708054 0.294044971466064 0.289523869752884 0.288662165403366 0.286757588386536 0.286674082279205 0.287378817796707 0.284772604703903 0.293586611747742 0.300942212343216 0.303933262825012 0.299555867910385 0.299830615520477 0.303329586982727 0.305133253335953 0.304476141929626 0.295970022678375 0.287200272083282 0.280693590641022 0.284634619951248 0.286966025829315 0.285604774951935 0.281120628118515 0.273965865373611 0.274741291999817 0.283673673868179 0.289879828691483 0.286081314086914 0.276460021734238 0.26765650510788 0.259509384632111
0.310882866382599 0.300210654735565 0.31003925204277 0.31245830655098 0.29949015378952 0.293504565954208 0.286066949367523 0.282297998666763 0.28910568356514 0.310611724853516 0.297714024782181 0.284918367862701 0.287589877843857 0.284743994474411 0.278702318668365 0.275624662637711 0.281872719526291 0.280906647443771 0.281133264303207 0.284540086984634 0.290402144193649 0.292798966169357 0.29693403840065 0.299723505973816 0.301039099693298 0.30681312084198 0.312592953443527 0.31341290473938 0.308879524469376 0.310623347759247 0.312715023756027 0.309672355651855 0.294541478157043 0.286307245492935 0.284100264310837 0.285137951374054 0.285913527011871 0.283169329166412 0.277527183294296 0.271526902914047 0.27793875336647 0.286604315042496 0.289295703172684 0.285611003637314 0.28095680475235 0.276233613491058 0.273691833019257
0.31236943602562 0.315822601318359 0.317939519882202 0.319647461175919 0.315765708684921 0.307836174964905 0.297402381896973 0.282496422529221 0.283150851726532 0.302936881780624 0.290943473577499 0.288953453302383 0.294333249330521 0.295956045389175 0.290625661611557 0.277607709169388 0.276447266340256 0.292924880981445 0.287586838006973 0.289624124765396 0.299153983592987 0.303355664014816 0.306990027427673 0.306055068969727 0.300162702798843 0.301397413015366 0.311679303646088 0.31610232591629 0.305439323186874 0.307277530431747 0.308002561330795 0.30478173494339 0.291620790958405 0.286754190921783 0.288491606712341 0.292571842670441 0.297882378101349 0.293896347284317 0.286844879388809 0.283892393112183 0.294347167015076 0.299433082342148 0.296421527862549 0.288692981004715 0.288308441638947 0.291467577219009 0.29473477602005
0.319983869791031 0.319069564342499 0.305444121360779 0.305212289094925 0.306103199720383 0.305824548006058 0.301676422357559 0.284411787986755 0.28783106803894 0.29896143078804 0.287554949522018 0.287993758916855 0.295036345720291 0.302384883165359 0.302539497613907 0.287382692098618 0.288403153419495 0.313409596681595 0.308227866888046 0.304612368345261 0.302646785974503 0.300370126962662 0.300893187522888 0.299408107995987 0.294361978769302 0.291922718286514 0.301847666501999 0.302606225013733 0.295860707759857 0.300593763589859 0.296537816524506 0.300754994153976 0.308328479528427 0.29938018321991 0.299404501914978 0.30441415309906 0.313978433609009 0.316107153892517 0.306104153394699 0.296396136283875 0.306315958499908 0.311503648757935 0.304810762405396 0.29276368021965 0.290928155183792 0.296570777893066 0.299957722425461
0.303055912256241 0.295825749635696 0.282848536968231 0.28152272105217 0.279650747776031 0.286500453948975 0.293018758296967 0.278634011745453 0.287956386804581 0.29556468129158 0.290911793708801 0.291273385286331 0.293955206871033 0.300259202718735 0.304337710142136 0.293890386819839 0.293950915336609 0.297801911830902 0.295792907476425 0.28994420170784 0.287326276302338 0.285383760929108 0.282984793186188 0.282432734966278 0.276091575622559 0.27021336555481 0.276163697242737 0.279610931873322 0.285494357347488 0.296834975481033 0.29319828748703 0.298548549413681 0.304059982299805 0.29673370718956 0.300876438617706 0.30309197306633 0.300983041524887 0.298006147146225 0.301426827907562 0.299080908298492 0.302238464355469 0.311093181371689 0.305179446935654 0.290426462888718 0.281750440597534 0.288961261510849 0.292090266942978
0.294757276773453 0.282209694385529 0.273505806922913 0.276314467191696 0.279305517673492 0.287789613008499 0.29160213470459 0.282622367143631 0.288415610790253 0.289271265268326 0.294073522090912 0.30439355969429 0.30461710691452 0.300349235534668 0.296048790216446 0.285124510526657 0.288852781057358 0.29279425740242 0.291920185089111 0.282694011926651 0.277092695236206 0.27365118265152 0.275125533342361 0.281934767961502 0.270668029785156 0.261462599039078 0.260845899581909 0.263514578342438 0.270374834537506 0.280468702316284 0.286837548017502 0.296456009149551 0.292282521724701 0.280732721090317 0.276155292987823 0.274999439716339 0.278849542140961 0.283622205257416 0.290978729724884 0.288548350334167 0.276181071996689 0.268767267465591 0.272797614336014 0.271023005247116 0.267703711986542 0.276192039251328 0.289530813694
0.297407895326614 0.294345527887344 0.296007215976715 0.297687292098999 0.296182364225388 0.292356908321381 0.293559670448303 0.297089517116547 0.301950603723526 0.287541478872299 0.289764225482941 0.303714036941528 0.309713780879974 0.298485666513443 0.287568330764771 0.283983796834946 0.293564528226852 0.292543172836304 0.293278694152832 0.292799949645996 0.292080521583557 0.283663958311081 0.281191021203995 0.287488222122192 0.277256220579147 0.274766176939011 0.27898383140564 0.279036313295364 0.279473900794983 0.287211537361145 0.296494781970978 0.304289788007736 0.290961563587189 0.278012633323669 0.27423495054245 0.277062475681305 0.282433927059174 0.2865070104599 0.280872195959091 0.282254010438919 0.284398674964905 0.279522448778152 0.271350920200348 0.262642949819565 0.262558132410049 0.274334460496902 0.300874888896942
0.295944184064865 0.297220647335052 0.301385521888733 0.297766298055649 0.293039113283157 0.286484867334366 0.285697549581528 0.296252816915512 0.304548054933548 0.286778599023819 0.287411659955978 0.295092970132828 0.300854533910751 0.294372260570526 0.294131696224213 0.299441576004028 0.307644009590149 0.29574903845787 0.296958148479462 0.302600473165512 0.302463322877884 0.294753849506378 0.293103218078613 0.296022415161133 0.293459266424179 0.295597583055496 0.303592443466187 0.30820295214653 0.299393653869629 0.304133415222168 0.315122812986374 0.322995781898499 0.309062868356705 0.300830990076065 0.295851230621338 0.295714974403381 0.300032615661621 0.308448314666748 0.310534119606018 0.2984679043293 0.294433534145355 0.293154358863831 0.286391943693161 0.275830656290054 0.276051014661789 0.28826692700386 0.310015857219696
0.287821024656296 0.280133217573166 0.283168762922287 0.278011500835419 0.270902514457703 0.268553495407104 0.269185364246368 0.283876776695251 0.292393416166306 0.285197973251343 0.289713174104691 0.293052285909653 0.294323086738586 0.291167974472046 0.293446689844131 0.301348686218262 0.311277210712433 0.304025650024414 0.303268313407898 0.303321301937103 0.301681280136108 0.298212498426437 0.300331860780716 0.303647994995117 0.306449413299561 0.315449327230453 0.316642254590988 0.317639023065567 0.311461269855499 0.310899406671524 0.3150874376297 0.316591680049896 0.307451993227005 0.311005741357803 0.311585009098053 0.305621445178986 0.297960221767426 0.293336778879166 0.295283436775208 0.293975412845612 0.291192054748535 0.28852790594101 0.286499917507172 0.286412417888641 0.287346303462982 0.292831361293793 0.302298605442047
0.278351873159409 0.268847018480301 0.265275657176971 0.268658548593521 0.274035513401031 0.274031043052673 0.270130962133408 0.279062032699585 0.280954420566559 0.281193524599075 0.287078112363815 0.285932660102844 0.289595782756805 0.292268991470337 0.289147913455963 0.27610856294632 0.276326447725296 0.287340879440308 0.291509419679642 0.296974390745163 0.297409147024155 0.293455511331558 0.291028589010239 0.291951030492783 0.299734890460968 0.314364433288574 0.310281753540039 0.307559996843338 0.304683923721313 0.300788938999176 0.308531671762466 0.3100945353508 0.3035007417202 0.304342210292816 0.304725259542465 0.30637314915657 0.303850799798965 0.284571647644043 0.277421146631241 0.280371159315109 0.286882489919662 0.297653645277023 0.295732319355011 0.286552488803864 0.277502357959747 0.278515815734863 0.274005979299545
0.278926253318787 0.280371814966202 0.281496077775955 0.280665069818497 0.28154444694519 0.2768714427948 0.27503114938736 0.285237997770309 0.283411055803299 0.28478154540062 0.287457764148712 0.279683887958527 0.285889685153961 0.296231180429459 0.301332980394363 0.294140815734863 0.283367693424225 0.282968521118164 0.287137091159821 0.294738560914993 0.30082905292511 0.302993357181549 0.301827490329742 0.30539008975029 0.307895570993423 0.309210121631622 0.302979409694672 0.307802528142929 0.30574044585228 0.301522433757782 0.314462810754776 0.315632730722427 0.310467153787613 0.303872883319855 0.296978563070297 0.307188123464584 0.312826067209244 0.291745990514755 0.277240246534348 0.276401102542877 0.284678757190704 0.297266989946365 0.294752150774002 0.277526825666428 0.255893886089325 0.26233696937561 0.265967309474945
0.286821842193604 0.291672497987747 0.289216786623001 0.28423073887825 0.282349526882172 0.273483514785767 0.274805873632431 0.284221142530441 0.283168643712997 0.284851133823395 0.283184915781021 0.275158494710922 0.280915588140488 0.285423338413239 0.289890021085739 0.28913414478302 0.280387550592422 0.28531488776207 0.295586466789246 0.297185063362122 0.297634601593018 0.302759528160095 0.310776770114899 0.322465300559998 0.32982811331749 0.323783069849014 0.310823112726212 0.31736496090889 0.311108857393265 0.312049895524979 0.330548465251923 0.330787569284439 0.327599108219147 0.31927302479744 0.305102974176407 0.311930984258652 0.317839711904526 0.310257643461227 0.293306410312653 0.287121266126633 0.292291134595871 0.301424115896225 0.298763662576675 0.280314356088638 0.268911302089691 0.279458671808243 0.285477101802826
0.293913990259171 0.294944435358047 0.293679445981979 0.287107586860657 0.281112372875214 0.275411784648895 0.289599567651749 0.299076765775681 0.293311297893524 0.28757244348526 0.279238730669022 0.279404759407043 0.296823412179947 0.288449645042419 0.285181671380997 0.282783776521683 0.272864907979965 0.285915106534958 0.296942681074142 0.300352424383163 0.305388152599335 0.31163814663887 0.315132975578308 0.318190544843674 0.325627982616425 0.314537286758423 0.307807594537735 0.32171294093132 0.317157119512558 0.323036760091782 0.336522459983826 0.330375760793686 0.326904833316803 0.319237053394318 0.309014081954956 0.309763014316559 0.29693728685379 0.288690447807312 0.290152728557587 0.297059625387192 0.307419389486313 0.31820160150528 0.325066328048706 0.310184717178345 0.301619231700897 0.304942756891251 0.310812771320343
