data/trimmed_ndre/Od_ndre.731.2012_no_clouds.asc
NCOLS 144 
NROWS 65 
XLLCORNER 512965 
YLLCORNER 5150865 
CELLSIZE 5 
NODATA_value -3.4e+38 
[rows 42 to 62 of 65, columns 0 to 46 of 144]
-3.4e+38 -3.4e+38 -3.4e+38 -3.4e+38 -3.4e+38 -3.4e+38 -3.4e+38 -3.4e+38 -3.4e+38 -3.4e+38 -3.4e+38 -3.4e+38 -3.4e+38 -3.4e+38 -3.4e+38 -3.4e+38 -3.4e+38 -3.4e+38 -3.4e+38 -3.4e+38 -3.4e+38 0.19910329580307 0.183444648981094 0.175529509782791 0.184270486235619 0.192876905202866 0.188573464751244 0.179088324308395 0.176641941070557 0.179337650537491 0.181668192148209 0.17888742685318 0.18547098338604 0.193919360637665 0.207392126321793 0.24666428565979 0.280172854661942 0.297092199325562 0.32737722992897 0.319046914577484 0.302870035171509 0.307186454534531 0.312888383865356 0.301703244447708 0.28107351064682 0.275613397359848 0.2684326171875
-3.4e+38 -3.4e+38 -3.4e+38 -3.4e+38 -3.4e+38 -3.4e+38 -3.4e+38 -3.4e+38 -3.4e+38 -3.4e+38 -3.4e+38 -3.4e+38 -3.4e+38 -3.4e+38 -3.4e+38 -3.4e+38 -3.4e+38 -3.4e+38 -3.4e+38 0.191947877407074 0.200186863541603 0.196687281131744 0.186848506331444 0.188426524400711 0.191327482461929 0.197977110743523 0.197764843702316 0.18640960752964 0.178342014551163 0.177557036280632 0.178877919912338 0.17258757352829 0.176573216915131 0.195124983787537 0.216913357377052 0.258367896080017 0.301336705684662 0.31741726398468 0.331554383039474 0.329684197902679 0.299893736839294 0.281514286994934 0.279324024915695 0.281775534152985 0.273208558559418 0.263698041439056 0.265875697135925
-3.4e+38 -3.4e+38 -3.4e+38 -3.4e+38 -3.4e+38 -3.4e+38 -3.4e+38 -3.4e+38 -3.4e+38 -3.4e+38 -3.4e+38 -3.4e+38 -3.4e+38 -3.4e+38 -3.4e+38 -3.4e+38 -3.4e+38 -3.4e+38 0.200336948037148 0.192884653806686 0.204454615712166 0.196248084306717 0.194589465856552 0.199976041913033 0.1998281031847 0.197620674967766 0.197646424174309 0.195712149143219 0.191545426845551 0.186509430408478 0.188511341810226 0.184305563569069 0.18758761882782 0.217075735330582 0.242582648992538 0.263857215642929 0.306957066059113 0.328177750110626 0.335388094186783 0.337234944105148 0.30044823884964 0.272977322340012 0.278506696224213 0.287666767835617 0.293427586555481 0.285729378461838 0.271239131689072
-3.4e+38 -3.4e+38 -3.4e+38 -3.4e+38 -3.4e+38 -3.4e+38 -3.4e+38 -3.4e+38 -3.4e+38 -3.4e+38 -3.4e+38 -3.4e+38 -3.4e+38 -3.4e+38 -3.4e+38 -3.4e+38 -3.4e+38 0.201773270964622 0.191551268100739 0.18851126730442 0.195820972323418 0.187180206179619 0.191513046622276 0.200919881463051 0.204390540719032 0.189118415117264 0.185378134250641 0.198512524366379 0.199633866548538 0.194594010710716 0.198617905378342 0.204379558563232 0.213476896286011 0.237123593688011 0.255265563726425 0.28045529127121 0.316579759120941 0.328870624303818 0.333641082048416 0.332493811845779 0.318923830986023 0.313570141792297 0.310600787401199 0.305305153131485 0.304404377937317 0.293590366840363 0.26800999045372
-3.4e+38 -3.4e+38 -3.4e+38 -3.4e+38 -3.4e+38 -3.4e+38 -3.4e+38 -3.4e+38 -3.4e+38 -3.4e+38 -3.4e+38 -3.4e+38 -3.4e+38 -3.4e+38 -3.4e+38 -3.4e+38 0.200003638863564 0.205250948667526 0.193717837333679 0.195211514830589 0.194994673132896 0.182730495929718 0.186109036207199 0.19813472032547 0.202303990721703 0.18782277405262 0.19197753071785 0.209025278687477 0.207366093993187 0.199945330619812 0.200185433030128 0.21163173019886 0.225691333413124 0.239622816443443 0.264118134975433 0.302098304033279 0.320783257484436 0.312724679708481 0.316026121377945 0.315979212522507 0.322591245174408 0.339371114969254 0.321821838617325 0.292199164628983 0.272778004407883 0.261863380670547 0.264533996582031
-3.4e+38 -3.4e+38 -3.4e+38 -3.4e+38 -3.4e+38 -3.4e+38 -3.4e+38 -3.4e+38 -3.4e+38 -3.4e+38 -3.4e+38 -3.4e+38 -3.4e+38 -3.4e+38 -3.4e+38 0.202555388212204 0.200496077537537 0.187514096498489 0.184492990374565 0.201801285147667 0.205172434449196 0.193566143512726 0.192653134465218 0.199499681591988 0.206063061952591 0.205682635307312 0.213457271456718 0.224476873874664 0.222332045435905 0.21796977519989 0.222082376480103 0.232671827077866 0.247935324907303 0.26295405626297 0.280857086181641 0.304004848003387 0.306769818067551 0.297908365726471 0.315241634845734 0.309286803007126 0.307879149913788 0.316301077604294 0.304360002279282 0.289214968681335 0.271915853023529 0.261824607849121 0.286520302295685
-3.4e+38 -3.4e+38 -3.4e+38 -3.4e+38 -3.4e+38 -3.4e+38 -3.4e+38 -3.4e+38 -3.4e+38 -3.4e+38 -3.4e+38 -3.4e+38 -3.4e+38 -3.4e+38 0.168224155902863 0.188108414411545 0.199012503027916 0.185707658529282 0.189031183719635 0.20711162686348 0.21295790374279 0.210549145936966 0.204071775078773 0.214548915624619 0.227590546011925 0.234180644154549 0.237511724233627 0.237389102578163 0.236811086535454 0.250206887722015 0.268111854791641 0.270896136760712 0.287673681974411 0.290372490882874 0.294216185808182 0.311798095703125 0.310763537883759 0.311949014663696 0.319423794746399 0.318023711442947 0.312180489301682 0.314145982265472 0.304936140775681 0.307778209447861 0.304155945777893 0.298332512378693 0.302780240774155
-3.4e+38 -3.4e+38 -3.4e+38 -3.4e+38 -3.4e+38 -3.4e+38 -3.4e+38 -3.4e+38 -3.4e+38 -3.4e+38 -3.4e+38 -3.4e+38 -3.4e+38 0.192457139492035 0.182160317897797 0.194856896996498 0.203353583812714 0.202263906598091 0.212531223893166 0.220279365777969 0.215370774269104 0.213567197322845 0.215634554624557 0.23761548101902 0.254651457071304 0.259004175662994 0.275255411863327 0.283132940530777 0.28141450881958 0.284981667995453 0.295316487550735 0.294087737798691 0.307029724121094 0.297833621501923 0.302460640668869 0.329744637012482 0.329810798168182 0.333335399627686 0.333989381790161 0.335434883832932 0.33437117934227 0.325160503387451 0.317562848329544 0.32231816649437 0.321934401988983 0.313133776187897 0.305796146392822
-3.4e+38 -3.4e+38 -3.4e+38 -3.4e+38 -3.4e+38 -3.4e+38 -3.4e+38 -3.4e+38 -3.4e+38 -3.4e+38 -3.4e+38 -3.4e+38 0.22112837433815 0.215697214007378 0.215314835309982 0.217802047729492 0.21403680741787 0.203706696629524 0.222571715712547 0.239089205861092 0.237074017524719 0.234928995370865 0.233990222215652 0.257003784179688 0.291883111000061 0.308969676494598 0.31204754114151 0.314506024122238 0.309623092412949 0.295754879713058 0.28984871506691 0.300692439079285 0.321793407201767 0.328892379999161 0.337380647659302 0.349394470453262 0.347403883934021 0.350136995315552 0.352304339408875 0.340625166893005 0.332690417766571 0.319963991641998 0.309186100959778 0.307706564664841 0.313690572977066 0.301914125680923 0.293234407901764
-3.4e+38 -3.4e+38 -3.4e+38 -3.4e+38 -3.4e+38 -3.4e+38 -3.4e+38 -3.4e+38 -3.4e+38 -3.4e+38 -3.4e+38 0.228020593523979 0.232492759823799 0.232200711965561 0.233581826090813 0.240379437804222 0.248566806316376 0.252785623073578 0.269180595874786 0.286137849092484 0.286923557519913 0.274593681097031 0.268665015697479 0.283600211143494 0.30390477180481 0.314646303653717 0.318705528974533 0.311109870672226 0.305074542760849 0.307595312595367 0.312628567218781 0.324464380741119 0.332306087017059 0.352527856826782 0.344437748193741 0.3382807970047 0.350337982177734 0.353317737579346 0.343054533004761 0.31622040271759 0.292826920747757 0.294540762901306 0.284529268741608 0.286228150129318 0.29686376452446 0.287786602973938 0.281773775815964
-3.4e+38 -3.4e+38 -3.4e+38 -3.4e+38 -3.4e+38 -3.4e+38 -3.4e+38 -3.4e+38 -3.4e+38 -3.4e+38 0.232673943042755 0.237065479159355 0.242487624287605 0.236851215362549 0.245590507984161 0.266793876886368 0.290190190076828 0.30182734131813 0.306259363889694 0.323442935943604 0.318043410778046 0.295189797878265 0.289426147937775 0.288461327552795 0.289247304201126 0.304280638694763 0.323319375514984 0.315158605575562 0.305044382810593 0.308806538581848 0.315840095281601 0.316825449466705 0.309776991605759 0.314791321754456 0.317416548728943 0.318481236696243 0.322032272815704 0.319019466638565 0.305486589670181 0.271402508020401 0.248482704162598 0.27541109919548 0.26063260436058 0.252271622419357 0.266856461763382 0.264690637588501 0.274198681116104
-3.4e+38 -3.4e+38 -3.4e+38 -3.4e+38 -3.4e+38 -3.4e+38 -3.4e+38 -3.4e+38 -3.4e+38 0.234236985445023 0.242372959852219 0.251118779182434 0.25156506896019 0.248687744140625 0.254487842321396 0.270776182413101 0.28922313451767 0.29654324054718 0.296575546264648 0.315101563930511 0.327043414115906 0.314910799264908 0.303855836391449 0.299486815929413 0.300070494413376 0.313399314880371 0.330501794815063 0.334405153989792 0.314999371767044 0.291206330060959 0.282403767108917 0.287428230047226 0.280971646308899 0.272170424461365 0.272496044635773 0.271389037370682 0.274416953325272 0.275231897830963 0.250724077224731 0.238674491643906 0.237231194972992 0.259930074214935 0.242659658193588 0.226440235972404 0.227088153362274 0.214874282479286 0.238878473639488
-3.4e+38 -3.4e+38 -3.4e+38 -3.4e+38 -3.4e+38 -3.4e+38 -3.4e+38 -3.4e+38 0.215768590569496 0.226668328046799 0.250037163496017 0.260360270738602 0.249739021062851 0.242397308349609 0.24731832742691 0.254708707332611 0.261800527572632 0.266915500164032 0.282915830612183 0.309151619672775 0.330832153558731 0.328611344099045 0.319146692752838 0.321797460317612 0.31912162899971 0.322309106588364 0.327609419822693 0.330684423446655 0.314958035945892 0.276929587125778 0.257763177156448 0.252304136753082 0.250010460615158 0.245262250304222 0.243803784251213 0.239247232675552 0.252489119768143 0.253149718046188 0.223143994808197 0.233510836958885 0.223269805312157 0.222793489694595 0.230222344398499 0.21403594315052 0.206121146678925 0.205726116895676 0.215544983744621
-3.4e+38 -3.4e+38 -3.4e+38 -3.4e+38 -3.4e+38 -3.4e+38 -3.4e+38 0.233744159340858 0.215336725115776 0.21907277405262 0.241115644574165 0.2501100897789 0.242375195026398 0.236565977334976 0.244895473122597 0.258442580699921 0.265296429395676 0.276778370141983 0.300988048315048 0.323023080825806 0.324597269296646 0.322936922311783 0.321657687425613 0.317045390605927 0.308859884738922 0.300079494714737 0.296191871166229 0.302133291959763 0.300522565841675 0.279322594404221 0.253431349992752 0.237577244639397 0.226557090878487 0.230571985244751 0.234845668077469 0.233206450939178 0.251796245574951 0.246455460786819 0.21966589987278 0.230548024177551 0.20219886302948 0.192390635609627 0.209967166185379 0.205126211047173 0.193488553166389 0.193543910980225 0.197006434202194
-3.4e+38 -3.4e+38 -3.4e+38 -3.4e+38 -3.4e+38 -3.4e+38 0.20979143679142 0.226972728967667 0.23762908577919 0.235907673835754 0.249570265412331 0.251363784074783 0.24367855489254 0.241987332701683 0.257138520479202 0.269305050373077 0.269145458936691 0.273425132036209 0.302929788827896 0.318093121051788 0.304103881120682 0.291027098894119 0.296412736177444 0.299073100090027 0.288184553384781 0.275730580091476 0.266459733247757 0.274496823549271 0.27924433350563 0.267592906951904 0.247984245419502 0.225567147135735 0.210736393928528 0.220738753676414 0.227685853838921 0.216553822159767 0.22339129447937 0.228297054767609 0.223220646381378 0.222402468323708 0.210915297269821 0.192234724760056 0.201853960752487 0.21152152121067 0.19508159160614 0.187449291348457 0.197398945689201
-3.4e+38 -3.4e+38 -3.4e+38 -3.4e+38 -3.4e+38 0.219876512885094 0.216401517391205 0.229922369122505 0.243873924016953 0.246492624282837 0.259331583976746 0.259984791278839 0.242851540446281 0.241873413324356 0.258323937654495 0.265754491090775 0.259782046079636 0.256388068199158 0.272796779870987 0.286479949951172 0.281107634305954 0.270762830972672 0.27487251162529 0.272408992052078 0.260718554258347 0.259539514780045 0.255707740783691 0.253531873226166 0.245141237974167 0.236045897006989 0.229115441441536 0.217484682798386 0.206711336970329 0.211924940347672 0.215109005570412 0.203361883759499 0.200911298394203 0.214671283960342 0.225611999630928 0.230893045663834 0.232367962598801 0.209402993321419 0.201198562979698 0.212890356779099 0.206697925925255 0.203236430883408 0.212730094790459
-3.4e+38 -3.4e+38 -3.4e+38 -3.4e+38 0.224646642804146 0.220654919743538 0.218261003494263 0.23165138065815 0.244622960686684 0.248911187052727 0.254321902990341 0.270932614803314 0.267748296260834 0.253647416830063 0.253134518861771 0.249629631638527 0.244328573346138 0.248567417263985 0.261890798807144 0.264860361814499 0.261852324008942 0.25590592622757 0.250228941440582 0.24052383005619 0.231434553861618 0.224734723567963 0.224321469664574 0.230270758271217 0.223454058170319 0.21656334400177 0.215509951114655 0.224955812096596 0.220539152622223 0.204722613096237 0.210601896047592 0.214137837290764 0.213364273309708 0.224738791584969 0.226155623793602 0.240504115819931 0.253836005926132 0.225713133811951 0.207674384117126 0.209800139069557 0.218034863471985 0.22107495367527 0.21537509560585
-3.4e+38 -3.4e+38 -3.4e+38 0.230104386806488 0.209560513496399 0.216990232467651 0.224743902683258 0.232543364167213 0.243186384439468 0.25067812204361 0.257034212350845 0.265886515378952 0.254306435585022 0.237439155578613 0.232990354299545 0.232728868722916 0.226096868515015 0.223947048187256 0.224933877587318 0.219159722328186 0.236786305904388 0.23803086578846 0.222094252705574 0.214828833937645 0.215818360447884 0.217103227972984 0.22271366417408 0.230876326560974 0.227443873882294 0.22083255648613 0.218471199274063 0.229181215167046 0.226319938898087 0.212506577372551 0.222109466791153 0.237790703773499 0.236956655979156 0.233033448457718 0.223486974835396 0.238591179251671 0.251054644584656 0.232816144824028 0.233897238969803 0.223787754774094 0.224615186452866 0.230456084012985 0.205678597092628
-3.4e+38 -3.4e+38 0.232071533799171 0.232407853007317 0.215991854667664 0.222774162888527 0.221690356731415 0.227172628045082 0.232134446501732 0.242762804031372 0.256358325481415 0.246913343667984 0.222595706582069 0.21260741353035 0.215329676866531 0.221657872200012 0.222461462020874 0.223527535796165 0.21144500374794 0.201267257332802 0.225641012191772 0.229786962270737 0.2163075953722 0.212892204523087 0.221499130129814 0.234099447727203 0.244247525930405 0.243038147687912 0.234202921390533 0.234694615006447 0.236053854227066 0.235784024000168 0.237541496753693 0.231492176651955 0.231555283069611 0.254443854093552 0.238875865936279 0.220400243997574 0.224974647164345 0.231458976864815 0.238667994737625 0.240992203354836 0.253142803907394 0.22918513417244 0.22332489490509 0.227551966905594 0.207056179642677
-3.4e+38 0.22050815820694 0.221258074045181 0.232016414403915 0.232926726341248 0.224904716014862 0.21202552318573 0.227056592702866 0.234785616397858 0.237507984042168 0.252144068479538 0.235139593482018 0.213998854160309 0.216779187321663 0.217678219079971 0.228416934609413 0.231925249099731 0.232755646109581 0.2283945530653 0.22912061214447 0.248737558722496 0.23345610499382 0.217071443796158 0.225084096193314 0.235625714063644 0.241072222590446 0.243334636092186 0.231427669525146 0.221878215670586 0.227415084838867 0.237683042883873 0.244226396083832 0.25638934969902 0.24819079041481 0.230329066514969 0.229985803365707 0.218393966555595 0.216744303703308 0.232446178793907 0.234225615859032 0.237120434641838 0.237947002053261 0.239103123545647 0.231069564819336 0.224609643220901 0.22771517932415 0.220411643385887
0.231706619262695 0.222626656293869 0.216975197196007 0.229016214609146 0.235715791583061 0.222864881157875 0.207382827997208 0.223043069243431 0.229309469461441 0.228185296058655 0.233767583966255 0.225560784339905 0.219613894820213 0.225556567311287 0.224760577082634 0.230064779520035 0.227198213338852 0.226942896842957 0.230144634842873 0.234659641981125 0.248926132917404 0.235263153910637 0.224266484379768 0.234741896390915 0.246727243065834 0.252301603555679 0.249730423092842 0.235995814204216 0.226381614804268 0.223505645990372 0.226655274629593 0.234903275966644 0.250823348760605 0.253415614366531 0.230824112892151 0.215870663523674 0.229644253849983 0.222417488694191 0.22448904812336 0.232248440384865 0.229867398738861 0.226972743868828 0.230915054678917 0.240894913673401 0.225292906165123 0.226325824856758 0.236977502703667
