data/trimmed_ndre/Od_ndre.715.2015_no_clouds.asc
NCOLS 144 
NROWS 65 
XLLCORNER 512965 
YLLCORNER 5150865 
CELLSIZE 5 
NODATA_value -3.4e+38 
[rows 21 to 41 of 65, columns 94 to 140 of 144]
0.155507102608681 0.147043451666832 0.143336042761803 0.142835721373558 0.143144935369492 0.147462546825409 0.151366993784904 0.151107609272003 0.148605540394783 0.149367362260818 0.151821047067642 0.15195432305336 0.147614657878876 0.144004866480827 0.157635763287544 0.154048666357994 0.148843333125114 0.147069022059441 0.151456773281097 0.151153102517128 0.152581542730331 0.153843432664871 0.155944809317589 0.159160494804382 0.156371831893921 0.15142410993576 0.153249964118004 0.156730815768242 0.157488822937012 0.157041102647781 0.156130582094193 0.151126548647881 0.1406210064888 0.145150527358055 0.153340563178062 -3.4e+38 -3.4e+38 -3.4e+38 -3.4e+38 -3.4e+38 -3.4e+38 -3.4e+38 -3.4e+38 -3.4e+38 -3.4e+38 -3.4e+38 -3.4e+38
0.157730951905251 0.156517565250397 0.154358625411987 0.15288057923317 0.15075571835041 0.149887397885323 0.151131585240364 0.151762038469315 0.150859266519547 0.148688331246376 0.144862815737724 0.144580364227295 0.143838867545128 0.146416217088699 0.15594907104969 0.144751578569412 0.143167480826378 0.147463038563728 0.152161881327629 0.153686463832855 0.16327953338623 0.157430306077003 0.143620952963829 0.145011633634567 0.150477185845375 0.142920285463333 0.13878732919693 0.150907203555107 0.158434584736824 0.15596829354763 0.154780969023705 0.156884297728539 0.153497204184532 0.156085625290871 0.151872962713242 0.142117753624916 0.14336895942688 -3.4e+38 -3.4e+38 -3.4e+38 -3.4e+38 -3.4e+38 -3.4e+38 -3.4e+38 -3.4e+38 -3.4e+38 -3.4e+38
0.155660465359688 0.162185922265053 0.156792372465134 0.155853390693665 0.15176585316658 0.145330265164375 0.140319883823395 0.142769336700439 0.14558607339859 0.146184310317039 0.142586097121239 0.139528766274452 0.139588832855225 0.144698545336723 0.151723176240921 0.151711076498032 0.147578448057175 0.15215665102005 0.15691052377224 0.155594244599342 0.158755213022232 0.148221388459206 0.135349109768867 0.134263813495636 0.145798087120056 0.14136403799057 0.150201693177223 0.163703426718712 0.158879294991493 0.149791747331619 0.151453644037247 0.154886826872826 0.156744495034218 0.158126816153526 0.152118548750877 0.143009960651398 0.138817071914673 0.143996670842171 -3.4e+38 -3.4e+38 -3.4e+38 -3.4e+38 -3.4e+38 -3.4e+38 -3.4e+38 -3.4e+38 -3.4e+38
0.155537202954292 0.154213920235634 0.146095454692841 0.147446572780609 0.145777076482773 0.139329344034195 0.138310670852661 0.148222297430038 0.149780496954918 0.148675948381424 0.146467536687851 0.141839668154716 0.138621717691422 0.151862427592278 0.157366633415222 0.157020926475525 0.153081133961678 0.156112983822823 0.16315084695816 0.163142487406731 0.153872177004814 0.148793503642082 0.139691531658173 0.138798832893372 0.15061043202877 0.152481809258461 0.158294066786766 0.15811975300312 0.150686174631119 0.146543443202972 0.153200834989548 0.151834517717361 0.151427537202835 0.157372072339058 0.151359468698502 0.145961031317711 0.144275516271591 0.148947849869728 0.145466148853302 -3.4e+38 -3.4e+38 -3.4e+38 -3.4e+38 -3.4e+38 -3.4e+38 -3.4e+38 -3.4e+38
0.149523302912712 0.140979900956154 0.131363764405251 0.134362831711769 0.147305473685265 0.150123208761215 0.148933097720146 0.1536895185709 0.156458795070648 0.150111794471741 0.148604422807693 0.145420655608177 0.141336843371391 0.158944666385651 0.160252898931503 0.156590729951859 0.155477523803711 0.15167261660099 0.150784105062485 0.156066969037056 0.155137702822685 0.154370501637459 0.154153257608414 0.153724104166031 0.148783341050148 0.141498982906342 0.147189259529114 0.147325992584229 0.14628329873085 0.151052445173264 0.155305087566376 0.148912265896797 0.152532756328583 0.158104315400124 0.150796636939049 0.151229485869408 0.146595150232315 0.142651557922363 0.144397661089897 -3.4e+38 -3.4e+38 -3.4e+38 -3.4e+38 -3.4e+38 -3.4e+38 -3.4e+38 -3.4e+38
0.142623633146286 0.141855582594872 0.138969272375107 0.139767810702324 0.148246765136719 0.154234051704407 0.15008370578289 0.149602130055428 0.151366144418716 0.141049116849899 0.140638157725334 0.140256434679031 0.142460271716118 0.156851500272751 0.162805214524269 0.160580739378929 0.151350080966949 0.139780253171921 0.137279316782951 0.153991267085075 0.158040970563889 0.148828774690628 0.147246435284615 0.154599502682686 0.152613773941994 0.142211616039276 0.13933964073658 0.146834909915924 0.150121033191681 0.147606953978539 0.144852682948112 0.146850258111954 0.15743300318718 0.158629760146141 0.152968317270279 0.155656397342682 0.152533799409866 0.146125882863998 0.147547677159309 0.160059735178947 -3.4e+38 -3.4e+38 -3.4e+38 -3.4e+38 -3.4e+38 -3.4e+38 -3.4e+38
0.142973452806473 0.141835123300552 0.138690903782845 0.14029985666275 0.144452437758446 0.145917341113091 0.139791056513786 0.140439286828041 0.140409260988235 0.136663556098938 0.140848964452744 0.13889391720295 0.140032798051834 0.147345781326294 0.158247634768486 0.153757557272911 0.144277766346931 0.13474340736866 0.135694295167923 0.155646473169327 0.159172385931015 0.152498662471771 0.147234842181206 0.154070466756821 0.16018146276474 0.154740005731583 0.145670458674431 0.144584164023399 0.146881371736526 0.14873680472374 0.146574422717094 0.150171265006065 0.160782933235168 0.156450763344765 0.154578924179077 0.159013167023659 0.158166453242302 0.151589646935463 0.152195453643799 0.156427025794983 0.151795387268066 -3.4e+38 -3.4e+38 -3.4e+38 -3.4e+38 -3.4e+38 -3.4e+38
0.135679498314857 0.138055607676506 0.13994787633419 0.141085520386696 0.142003387212753 0.142957016825676 0.14078015089035 0.140672266483307 0.138662219047546 0.142336547374725 0.151712030172348 0.146121770143509 0.146178394556046 0.1531583070755 0.158788189291954 0.1481903642416 0.144156038761139 0.141857102513313 0.144545644521713 0.154663518071175 0.151226207613945 0.150172263383865 0.148685872554779 0.151016771793365 0.156680792570114 0.149785816669464 0.144491031765938 0.144183397293091 0.145941615104675 0.157456755638123 0.15718749165535 0.15349942445755 0.155967280268669 0.148597881197929 0.15208600461483 0.156995534896851 0.15733203291893 0.153752505779266 0.153425857424736 0.152564451098442 0.148370862007141 0.144145742058754 -3.4e+38 -3.4e+38 -3.4e+38 -3.4e+38 -3.4e+38
0.138014793395996 0.140964969992638 0.148707658052444 0.151085123419762 0.143194615840912 0.139545455574989 0.142862126231194 0.149524092674255 0.146965101361275 0.152804210782051 0.158659890294075 0.152718618512154 0.15034519135952 0.157207727432251 0.15706992149353 0.147378489375114 0.148563235998154 0.151816815137863 0.155293256044388 0.154287800192833 0.143463686108589 0.150232747197151 0.150062695145607 0.149490043520927 0.151198282837868 0.146086037158966 0.144734919071198 0.142988324165344 0.144484996795654 0.15798445045948 0.153202146291733 0.149458095431328 0.147756665945053 0.141854822635651 0.147837579250336 0.148789525032043 0.147270530462265 0.146044120192528 0.147356405854225 0.147089421749115 0.143854916095734 0.145482793450356 0.169472903013229 -3.4e+38 -3.4e+38 -3.4e+38 -3.4e+38
0.147680729627609 0.150360405445099 0.15511916577816 0.154749602079391 0.142427086830139 0.138109609484673 0.147375538945198 0.161306664347649 0.15896512567997 0.154452115297318 0.155840590596199 0.154514268040657 0.150119706988335 0.155953407287598 0.152663484215736 0.144413441419601 0.141290575265884 0.146456196904182 0.151646718382835 0.148658484220505 0.142593383789062 0.155742302536964 0.151279643177986 0.151612266898155 0.153500974178314 0.150262877345085 0.148931339383125 0.137794867157936 0.13753916323185 0.149928331375122 0.148131877183914 0.146403357386589 0.142788276076317 0.139826893806458 0.144990026950836 0.14049668610096 0.140021160244942 0.142963111400604 0.145841136574745 0.14435276389122 0.142689436674118 0.150124967098236 0.165675416588783 0.156725376844406 -3.4e+38 -3.4e+38 -3.4e+38
0.151317730545998 0.14680278301239 0.147076964378357 0.146820515394211 0.140294656157494 0.139329627156258 0.148738503456116 0.157483637332916 0.156993612647057 0.154203474521637 0.157267704606056 0.153199091553688 0.147552967071533 0.152446180582047 0.151958882808685 0.143651872873306 0.136498019099236 0.137666627764702 0.140768378973007 0.142670825123787 0.145603597164154 0.152324169874191 0.149025186896324 0.152090728282928 0.156934186816216 0.158374324440956 0.156582325696945 0.133385375142097 0.139277026057243 0.149589955806732 0.145122274756432 0.145058766007423 0.14353534579277 0.143281415104866 0.143811106681824 0.137209504842758 0.136207073926926 0.142154559493065 0.147766396403313 0.146502450108528 0.145872622728348 0.148130416870117 0.154242634773254 0.155572175979614 0.151941135525703 -3.4e+38 -3.4e+38
0.147704035043716 0.144345864653587 0.140312865376472 0.138109892606735 0.138691022992134 0.143367230892181 0.14311645925045 0.143792495131493 0.148714110255241 0.155706405639648 0.159752294421196 0.150894224643707 0.145060241222382 0.146558657288551 0.147172048687935 0.140989869832993 0.13549767434597 0.13435423374176 0.137713328003883 0.146541476249695 0.146741896867752 0.146650090813637 0.146774470806122 0.147980779409409 0.156255856156349 0.156841680407524 0.148900225758553 0.131533309817314 0.144538328051567 0.146751448512077 0.141573250293732 0.144813656806946 0.147255063056946 0.14934766292572 0.145720213651657 0.137153059244156 0.134017676115036 0.141818434000015 0.147698000073433 0.147049084305763 0.141588166356087 0.144054174423218 0.147133320569992 0.154964461922646 0.16260714828968 0.148202896118164 -3.4e+38
0.142782419919968 0.144710093736649 0.142158702015877 0.138142079114914 0.141269370913506 0.147745206952095 0.145371273159981 0.14267486333847 0.146855637431145 0.155370235443115 0.155869886279106 0.144650787115097 0.14071661233902 0.141933009028435 0.143354833126068 0.140607744455338 0.138465136289597 0.139340043067932 0.142432868480682 0.147994726896286 0.145322293043137 0.144324645400047 0.143737927079201 0.141895487904549 0.153008535504341 0.148096993565559 0.143131002783775 0.140285775065422 0.146606355905533 0.139721408486366 0.137577414512634 0.143546909093857 0.150339722633362 0.152929499745369 0.148276105523109 0.139033511281013 0.135646313428879 0.149014785885811 0.151145860552788 0.146793559193611 0.141067937016487 0.145017057657242 0.144644424319267 0.144775822758675 0.149950698018074 0.152539044618607 0.149467289447784
0.142101123929024 0.146833553910255 0.154324039816856 0.151010155677795 0.14716711640358 0.145213305950165 0.146609082818031 0.154576480388641 0.152333423495293 0.152823090553284 0.152032226324081 0.143617808818817 0.140879482030869 0.14341501891613 0.145947650074959 0.144563734531403 0.140026226639748 0.140357077121735 0.142143994569778 0.144502118229866 0.145844548940659 0.145784795284271 0.142773285508156 0.142398774623871 0.150182574987411 0.143798068165779 0.147917032241821 0.152445256710052 0.148639470338821 0.142059952020645 0.142246335744858 0.145937919616699 0.150628343224525 0.152338281273842 0.151993080973625 0.144580274820328 0.138752460479736 0.14418551325798 0.145747810602188 0.147319495677948 0.146033272147179 0.147375017404556 0.152999222278595 0.152601569890976 0.152028456330299 0.154867172241211 0.153586536645889
0.152981594204903 0.148950755596161 0.148525074124336 0.148802533745766 0.144593507051468 0.135545715689659 0.134819194674492 0.144692897796631 0.144493505358696 0.14665599167347 0.147238746285439 0.145405426621437 0.146254107356071 0.151301294565201 0.152870148420334 0.148701876401901 0.140948131680489 0.140906855463982 0.140289425849915 0.141362622380257 0.145385593175888 0.148546293377876 0.147657990455627 0.148631006479263 0.150995165109634 0.148591250181198 0.153578460216522 0.154198616743088 0.152248308062553 0.150339543819427 0.149605065584183 0.147209689021111 0.147037148475647 0.149290665984154 0.153122127056122 0.148714810609818 0.140467762947083 0.138205111026764 0.142322555184364 0.149399265646935 0.148665830492973 0.145203292369843 0.148341745138168 0.152438625693321 0.148465126752853 0.148296862840652 0.14910951256752
0.152973458170891 0.147200167179108 0.144829362630844 0.143729269504547 0.1413584202528 0.140915885567665 0.151085034012794 0.157238364219666 0.151652812957764 0.149586170911789 0.146022588014603 0.146513596177101 0.150103971362114 0.153797656297684 0.151018217206001 0.145206838846207 0.1412613093853 0.144604623317719 0.145926728844643 0.147043526172638 0.148060381412506 0.149771675467491 0.151712581515312 0.154473304748535 0.154341846704483 0.151687562465668 0.153043955564499 0.148329496383667 0.15175923705101 0.155807644128799 0.153632715344429 0.145393058657646 0.141850620508194 0.14394699037075 0.149239122867584 0.149728894233704 0.142348974943161 0.14322617650032 0.150523707270622 0.148967936635017 0.158821135759354 0.150531053543091 0.142604157328606 0.144258365035057 0.136319473385811 0.141292452812195 0.156533524394035
0.147791638970375 0.148565977811813 0.152726575732231 0.152404919266701 0.147662609815598 0.146489307284355 0.159233152866364 0.160217329859734 0.158363774418831 0.160908609628677 0.152558997273445 0.14760023355484 0.148328632116318 0.150758042931557 0.145875066518784 0.140390872955322 0.143601328134537 0.151158630847931 0.150822654366493 0.154601320624352 0.152951717376709 0.151272237300873 0.151979297399521 0.151051059365273 0.148405164480209 0.148182973265648 0.148507162928581 0.141087263822556 0.148383677005768 0.15390756726265 0.15228383243084 0.146830305457115 0.144076377153397 0.145089581608772 0.147342696785927 0.148821473121643 0.149345368146896 0.155060470104218 0.15492445230484 0.150489419698715 0.163990333676338 0.149976998567581 0.140314176678658 0.13984052836895 0.140213504433632 0.139786690473557 0.155663937330246
0.144588306546211 0.151990085840225 0.155341386795044 0.145760461688042 0.138644352555275 0.14162689447403 0.155249834060669 0.145730346441269 0.146495878696442 0.153577595949173 0.151469811797142 0.15174525976181 0.152448743581772 0.150758311152458 0.14649423956871 0.144584223628044 0.146402284502983 0.149695321917534 0.151157036423683 0.156546950340271 0.154523715376854 0.155728206038475 0.156823381781578 0.152654096484184 0.145231083035469 0.145905509591103 0.144601181149483 0.137935385107994 0.142190173268318 0.146279379725456 0.148005604743958 0.147608876228333 0.147883743047714 0.14920212328434 0.148286327719688 0.147392585873604 0.148758143186569 0.148376673460007 0.148631185293198 0.151783406734467 0.157140672206879 0.140511080622673 0.138432666659355 0.144381761550903 0.149630427360535 0.146171063184738 -3.4e+38
0.146433904767036 0.146487042307854 0.141790822148323 0.131879583001137 0.130404353141785 0.137507185339928 0.148440703749657 0.138417154550552 0.146713837981224 0.155532896518707 0.157471314072609 0.15884056687355 0.161244764924049 0.157623365521431 0.152920201420784 0.153483539819717 0.152712047100067 0.150230303406715 0.148152604699135 0.146560534834862 0.14375202357769 0.152453199028969 0.15143409371376 0.146939501166344 0.146527856588364 0.146775305271149 0.144205003976822 0.142654225230217 0.145920634269714 0.146258100867271 0.146506413817406 0.148124173283577 0.149618253111839 0.148267075419426 0.145876616239548 0.146881595253944 0.147626385092735 0.142087489366531 0.142490833997726 0.153986886143684 0.1595688611269 0.148845821619034 0.146122857928276 0.149655312299728 -3.4e+38 -3.4e+38 -3.4e+38
0.146352335810661 0.136713147163391 0.132398292422295 0.131701618432999 0.138198658823967 0.146733850240707 0.150910556316376 0.144176334142685 0.151425033807755 0.161142095923424 0.163154780864716 0.157978162169456 0.151202335953712 0.145379021763802 0.146481946110725 0.152760297060013 0.15610583126545 0.153228223323822 0.14728207886219 0.138273328542709 0.130793318152428 0.143279865384102 0.134924501180649 0.139422371983528 0.151912122964859 0.145708978176117 0.135526224970818 0.138003706932068 0.142895549535751 0.141627445816994 0.146058425307274 0.148902505636215 0.147066742181778 0.140859887003899 0.137908235192299 0.143744900822639 0.14799502491951 0.145630165934563 0.140554413199425 0.148534506559372 0.151907444000244 0.149128556251526 -3.4e+38 -3.4e+38 -3.4e+38 -3.4e+38 -3.4e+38
0.144760936498642 0.135202273726463 0.140296787023544 0.153568372130394 0.159287214279175 0.148041427135468 0.151893571019173 0.153865918517113 0.152865692973137 0.161090940237045 0.15802113711834 0.147925019264221 0.138688310980797 0.137391641736031 0.14071686565876 0.145644173026085 0.151450216770172 0.155491888523102 0.148098111152649 0.136553570628166 0.131682649254799 0.138623923063278 0.120506606996059 0.133614152669907 0.146733373403549 0.14288118481636 0.136332392692566 0.13928197324276 0.13577963411808 0.132687941193581 0.147076189517975 0.153498724102974 0.149366095662117 0.141314551234245 0.136640444397926 0.141319274902344 0.148468106985092 0.148147508502007 0.1410843282938 0.143811777234077 -3.4e+38 -3.4e+38 -3.4e+38 -3.4e+38 -3.4e+38 -3.4e+38 -3.4e+38
