data/trimmed_ndre/Od_ndre.530.2014_no_clouds.asc
NCOLS 144 
NROWS 65 
XLLCORNER 512965 
YLLCORNER 5150865 
CELLSIZE 5 
NODATA_value -3.4e+38 
[rows 42 to 62 of 65, columns 47 to 93 of 144]
0.295221537351608 0.296986430883408 0.303266853094101 0.29661351442337 0.29128310084343 0.29329040646553 0.31156799197197 0.314307242631912 0.305863916873932 0.296797871589661 0.286912530660629 0.292755126953125 0.306493103504181 0.291914820671082 0.293635189533234 0.290015459060669 0.280011922121048 0.296443939208984 0.300550580024719 0.305252939462662 0.319251716136932 0.331049084663391 0.319852560758591 0.305955022573471 0.309036314487457 0.311800330877304 0.313892006874084 0.323540419340134 0.32349568605423 0.316984593868256 0.317092567682266 0.317130029201508 0.315293550491333 0.303750544786453 0.295835226774216 0.304315567016602 0.285958886146545 0.281325042247772 0.288418918848038 0.300868839025497 0.320396542549133 0.329430013895035 0.325016468763351 0.308045893907547 0.315473943948746 0.322737902402878 0.325307011604309
0.303017199039459 0.306087225675583 0.316501170396805 0.300631910562515 0.298577725887299 0.310161918401718 0.328097134828568 0.321711450815201 0.310932874679565 0.302986532449722 0.299990147352219 0.314032375812531 0.317494183778763 0.302124261856079 0.314980685710907 0.312341123819351 0.306562930345535 0.316329568624496 0.306817919015884 0.310437053442001 0.328303188085556 0.34863269329071 0.33638733625412 0.318157434463501 0.312049984931946 0.32643324136734 0.33229860663414 0.335769385099411 0.335910767316818 0.324309378862381 0.316370099782944 0.312134504318237 0.308808863162994 0.30573970079422 0.300019562244415 0.295126885175705 0.281404972076416 0.294997096061707 0.290895313024521 0.278992086648941 0.280870914459229 0.298528343439102 0.303362756967545 0.295281410217285 0.312381088733673 0.32350093126297 0.322039872407913
0.319609940052032 0.323982298374176 0.326491385698318 0.305977940559387 0.307103008031845 0.319788902997971 0.332644671201706 0.323628515005112 0.31954351067543 0.317166328430176 0.318904668092728 0.335796236991882 0.329973101615906 0.321694016456604 0.339628607034683 0.33045819401741 0.327809065580368 0.329671233892441 0.310947239398956 0.313065499067307 0.326098799705505 0.339150786399841 0.330167561769485 0.324935108423233 0.324289083480835 0.33066114783287 0.332034438848495 0.333124279975891 0.333946108818054 0.331251621246338 0.330371588468552 0.326688706874847 0.318610489368439 0.30770081281662 0.297798186540604 0.291569799184799 0.292716652154922 0.32547801733017 0.312100321054459 0.290944069623947 0.280046164989471 0.285563290119171 0.294990628957748 0.298360526561737 0.303737550973892 0.308130323886871 0.311223983764648
0.317510694265366 0.327640891075134 0.324416518211365 0.307042598724365 0.308267503976822 0.316935062408447 0.320477485656738 0.313040465116501 0.317524820566177 0.31814444065094 0.324886351823807 0.340238690376282 0.327297449111938 0.318304479122162 0.324383527040482 0.320143848657608 0.327580809593201 0.324757963418961 0.303875803947449 0.299212753772736 0.302320837974548 0.306097030639648 0.301459729671478 0.305977076292038 0.304608911275864 0.305574268102646 0.310682028532028 0.316839933395386 0.321361482143402 0.323463886976242 0.32524585723877 0.327277004718781 0.32550373673439 0.316945046186447 0.304365545511246 0.302985101938248 0.316569477319717 0.335485011339188 0.314948260784149 0.304061263799667 0.300188541412354 0.30223485827446 0.320357769727707 0.325607687234879 0.325882375240326 0.327424675226212 0.317968815565109
0.301892876625061 0.31788033246994 0.310379385948181 0.294538766145706 0.287748485803604 0.291638940572739 0.294155180454254 0.297320783138275 0.308007180690765 0.293244779109955 0.291226804256439 0.301247656345367 0.299296289682388 0.291961580514908 0.288172960281372 0.287557125091553 0.297366589307785 0.294442862272263 0.284200668334961 0.27955561876297 0.27352038025856 0.268948048353195 0.270524859428406 0.286163359880447 0.287508428096771 0.288649827241898 0.293773233890533 0.302213400602341 0.310371249914169 0.312525272369385 0.311486124992371 0.317481458187103 0.325375705957413 0.327725201845169 0.322098970413208 0.311350792646408 0.319164127111435 0.326441317796707 0.314666450023651 0.318568021059036 0.324663400650024 0.328193426132202 0.32845401763916 0.320580095052719 0.33051261305809 0.345328241586685 0.327334016561508
0.294276922941208 0.306075662374496 0.288255959749222 0.277108520269394 0.28060382604599 0.292748481035233 0.288133293390274 0.294720500707626 0.304288178682327 0.277274966239929 0.280169039964676 0.289843559265137 0.29104670882225 0.280466288328171 0.27475243806839 0.281192928552628 0.294886350631714 0.289652287960052 0.281885653734207 0.274417966604233 0.264039069414139 0.259320795536041 0.269889831542969 0.28856173157692 0.288257628679276 0.292142868041992 0.298111230134964 0.306328505277634 0.312414735555649 0.308099329471588 0.302466452121735 0.305661410093307 0.317138224840164 0.318245738744736 0.315494537353516 0.314365118741989 0.331118077039719 0.332317352294922 0.327641367912292 0.336631238460541 0.344038605690002 0.337832897901535 0.323695659637451 0.307957977056503 0.312961459159851 0.332532525062561 0.350249588489532
0.306115716695786 0.31282365322113 0.300891160964966 0.291118621826172 0.29508438706398 0.311237335205078 0.310395747423172 0.314496636390686 0.315479576587677 0.299810349941254 0.298547506332397 0.305999934673309 0.317110985517502 0.327730983495712 0.324341207742691 0.320160895586014 0.318027079105377 0.308041334152222 0.301356911659241 0.298637092113495 0.295546114444733 0.293962836265564 0.300653219223022 0.308453679084778 0.308582246303558 0.318583458662033 0.324037134647369 0.325927704572678 0.32560396194458 0.320657193660736 0.309678256511688 0.308656126260757 0.325653463602066 0.330786734819412 0.340590357780457 0.348570793867111 0.362400203943253 0.366243302822113 0.365321189165115 0.361041158437729 0.352178931236267 0.330771237611771 0.31699937582016 0.312875300645828 0.320303112268448 0.327729761600494 0.338881701231003
0.302761107683182 0.308183521032333 0.313435435295105 0.307936578989029 0.307921379804611 0.319760262966156 0.333362877368927 0.324224293231964 0.323957622051239 0.321668714284897 0.317659318447113 0.324220061302185 0.327392131090164 0.331732749938965 0.336625128984451 0.334653854370117 0.337488114833832 0.333935976028442 0.322268217802048 0.322749435901642 0.327921956777573 0.332484424114227 0.333560705184937 0.33427220582962 0.337194204330444 0.346056401729584 0.347114264965057 0.341283440589905 0.340900540351868 0.350002616643906 0.345074355602264 0.34719780087471 0.353891372680664 0.355149924755096 0.368276327848434 0.382226675748825 0.381780683994293 0.367975920438766 0.353620260953903 0.349295347929001 0.34171187877655 0.316361248493195 0.312320023775101 0.311789333820343 0.308809757232666 0.309429407119751 0.315477967262268
0.29270988702774 0.306794673204422 0.31887874007225 0.311711251735687 0.306040912866592 0.320637494325638 0.332678884267807 0.318787485361099 0.327708870172501 0.321437239646912 0.313335865736008 0.32588467001915 0.326479256153107 0.32429826259613 0.324692755937576 0.318074017763138 0.336947232484818 0.347456991672516 0.338177174329758 0.348445385694504 0.355694442987442 0.357711762189865 0.352383434772491 0.352346032857895 0.360420346260071 0.367695778608322 0.363561153411865 0.347386479377747 0.349684417247772 0.359497666358948 0.349704176187515 0.352647036314011 0.361270099878311 0.362009614706039 0.349959135055542 0.3577860891819 0.36573314666748 0.357854425907135 0.331127375364304 0.32545405626297 0.321975350379944 0.308972865343094 0.305421710014343 0.295781046152115 0.289098262786865 0.289978474378586 0.291932046413422
0.296486377716064 0.314217358827591 0.319113790988922 0.312737166881561 0.307525813579559 0.315861016511917 0.318005621433258 0.313616871833801 0.331724494695663 0.32203409075737 0.325526565313339 0.341064423322678 0.332672983407974 0.318518847227097 0.318542212247849 0.331456363201141 0.340295761823654 0.353868186473846 0.36071303486824 0.370156049728394 0.371637344360352 0.376049935817719 0.379473745822906 0.380763679742813 0.376067817211151 0.37264746427536 0.367053538560867 0.356285035610199 0.362848460674286 0.359392106533051 0.345496028661728 0.342638045549393 0.346355766057968 0.342828840017319 0.330035448074341 0.335206061601639 0.348868519067764 0.343976616859436 0.318696975708008 0.307260900735855 0.292835235595703 0.289905279874802 0.299008697271347 0.287398904561996 0.27848607301712 0.277661383152008 0.276951402425766
0.322567254304886 0.326982021331787 0.316792219877243 0.315986275672913 0.315009951591492 0.307572364807129 0.312280774116516 0.321242421865463 0.334217578172684 0.325998902320862 0.332627207040787 0.347187846899033 0.344769537448883 0.330539643764496 0.333637326955795 0.333572119474411 0.327176362276077 0.353666096925735 0.371146351099014 0.377490162849426 0.372974753379822 0.371643662452698 0.372828334569931 0.373261332511902 0.36144632101059 0.348684459924698 0.339122891426086 0.33695974946022 0.349508762359619 0.344827741384506 0.338962316513062 0.339772820472717 0.33486270904541 0.342980057001114 0.336344480514526 0.324708431959152 0.332734644412994 0.328217834234238 0.316863387823105 0.307911336421967 0.285769432783127 0.289865255355835 0.301774144172668 0.294787794351578 0.284101516008377 0.28192725777626 0.285651504993439
0.334847748279572 0.329012364149094 0.302371829748154 0.31442403793335 0.316796183586121 0.307588636875153 0.321843653917313 0.322803318500519 0.325615555047989 0.325763076543808 0.320954620838165 0.333664327859879 0.34136837720871 0.331700354814529 0.336876809597015 0.317404747009277 0.306492149829865 0.330673664808273 0.338863372802734 0.341782033443451 0.338540136814117 0.331967324018478 0.329821407794952 0.325690299272537 0.317429721355438 0.309081524610519 0.308177411556244 0.31360912322998 0.323799550533295 0.323113888502121 0.324056535959244 0.321935325860977 0.315728515386581 0.323099464178085 0.325932323932648 0.315892159938812 0.307323068380356 0.300423800945282 0.310241520404816 0.316296219825745 0.300342738628387 0.306019961833954 0.304461389780045 0.296943575143814 0.299016416072845 0.300975233316422 0.303371995687485
0.323096871376038 0.313730269670486 0.286391645669937 0.303325653076172 0.308723926544189 0.313003659248352 0.324963569641113 0.31479349732399 0.313039720058441 0.315466016530991 0.312158316373825 0.323324859142303 0.323539584875107 0.318063288927078 0.319333791732788 0.29292568564415 0.277165681123734 0.281422555446625 0.289765387773514 0.2902672290802 0.288491755723953 0.279929876327515 0.278008133172989 0.285090297460556 0.290264129638672 0.290381014347076 0.294395208358765 0.295585542917252 0.298880785703659 0.299069344997406 0.299097567796707 0.296357750892639 0.293363064527512 0.291054487228394 0.300376534461975 0.297327220439911 0.288287937641144 0.284477889537811 0.305530041456223 0.320418506860733 0.322269201278687 0.326101154088974 0.301203310489655 0.29304713010788 0.306690573692322 0.311038970947266 0.312181413173676
0.289212644100189 0.28699004650116 0.281272441148758 0.291311115026474 0.297829508781433 0.296244740486145 0.299913704395294 0.298677891492844 0.293101161718369 0.292764574289322 0.291875153779984 0.291806161403656 0.292759984731674 0.292385667562485 0.289383709430695 0.275969743728638 0.266686081886292 0.270910114049911 0.273024290800095 0.25337541103363 0.262738704681396 0.266389906406403 0.261107593774796 0.265092402696609 0.274049341678619 0.285978585481644 0.296205878257751 0.286467343568802 0.286152392625809 0.290736705064774 0.291834861040115 0.282704472541809 0.282078474760056 0.287497729063034 0.297468960285187 0.290845304727554 0.282932728528976 0.281478762626648 0.297251462936401 0.301917195320129 0.301432430744171 0.301990926265717 0.297611266374588 0.294969409704208 0.301599860191345 0.301685452461243 0.301852732896805
0.248496577143669 0.248715326189995 0.252024620771408 0.262532383203506 0.276382893323898 0.26358887553215 0.265687495470047 0.270631462335587 0.257377237081528 0.265847414731979 0.271995097398758 0.269337564706802 0.269376873970032 0.273212522268295 0.282293379306793 0.284245729446411 0.266969859600067 0.279318451881409 0.279023140668869 0.255213022232056 0.282029986381531 0.290255129337311 0.283652275800705 0.276136249303818 0.275463253259659 0.28681144118309 0.298357486724854 0.295435845851898 0.295584350824356 0.297118246555328 0.297865778207779 0.288649946451187 0.292830020189285 0.302403181791306 0.308915138244629 0.29948878288269 0.290530055761337 0.288258254528046 0.293179750442505 0.288827806711197 0.291230410337448 0.293548732995987 0.300487816333771 0.294403612613678 0.295312851667404 0.303594291210175 -3.4e+38
0.272614181041718 0.264473736286163 0.259670853614807 0.256253242492676 0.259157419204712 0.253497779369354 0.271707624197006 0.274112075567245 0.259215205907822 0.267144858837128 0.272552698850632 0.273811310529709 0.26887109875679 0.264370501041412 0.276528179645538 0.283105701208115 0.270159512758255 0.278778970241547 0.279734700918198 0.27833017706871 0.297884821891785 0.303953051567078 0.302802801132202 0.301215082406998 0.304080575704575 0.313529163599014 0.311827749013901 0.303197622299194 0.299935400485992 0.301189094781876 0.30505046248436 0.307275474071503 0.304653167724609 0.312170296907425 0.317576318979263 0.312441766262054 0.302252262830734 0.298721998929977 0.297234982252121 0.29133814573288 0.293201833963394 0.290791451931 -3.4e+38 -3.4e+38 -3.4e+38 -3.4e+38 -3.4e+38
0.277350634336472 0.274605631828308 0.275767713785172 0.264572650194168 0.262776792049408 0.269234895706177 0.274091482162476 0.279042810201645 0.278656870126724 0.285178035497665 0.284845650196075 0.287739038467407 0.285393416881561 0.275273650884628 0.272170066833496 0.27744922041893 0.277196079492569 0.275348484516144 0.281851023435593 0.283784121274948 0.289622962474823 0.293310791254044 0.28663381934166 0.281074106693268 0.285658329725266 0.302647590637207 0.305563122034073 0.296469688415527 0.28590789437294 0.28908759355545 0.297193646430969 0.300232142210007 0.295907407999039 0.304797291755676 0.310923367738724 -3.4e+38 -3.4e+38 -3.4e+38 -3.4e+38 -3.4e+38 -3.4e+38 -3.4e+38 -3.4e+38 -3.4e+38 -3.4e+38 -3.4e+38 -3.4e+38
0.273383647203445 0.273967891931534 0.271275401115417 0.260706663131714 0.262213557958603 0.267640054225922 0.268327504396439 0.281751811504364 0.287821829319 0.284429758787155 0.277035772800446 0.280218780040741 0.284729272127151 0.281905829906464 0.269026100635529 0.274838328361511 0.27216050028801 0.26714551448822 0.281342178583145 0.274050265550613 0.268048405647278 0.269606500864029 0.269713014364243 0.268938511610031 0.272853434085846 0.283345431089401 0.288263380527496 0.283850312232971 -3.4e+38 -3.4e+38 -3.4e+38 -3.4e+38 -3.4e+38 -3.4e+38 -3.4e+38 -3.4e+38 -3.4e+38 -3.4e+38 -3.4e+38 -3.4e+38 -3.4e+38 -3.4e+38 -3.4e+38 -3.4e+38 -3.4e+38 -3.4e+38 -3.4e+38
0.272170275449753 0.27750426530838 0.275274157524109 0.2660031914711 0.266110390424728 0.266358852386475 0.266498953104019 0.271080404520035 0.277066111564636 0.278664201498032 0.274014085531235 0.269887387752533 0.269986063241959 0.272209972143173 0.272255212068558 0.273478120565414 0.268493354320526 -3.4e+38 -3.4e+38 -3.4e+38 -3.4e+38 -3.4e+38 -3.4e+38 -3.4e+38 -3.4e+38 -3.4e+38 -3.4e+38 -3.4e+38 -3.4e+38 -3.4e+38 -3.4e+38 -3.4e+38 -3.4e+38 -3.4e+38 -3.4e+38 -3.4e+38 -3.4e+38 -3.4e+38 -3.4e+38 -3.4e+38 -3.4e+38 -3.4e+38 -3.4e+38 -3.4e+38 -3.4e+38 -3.4e+38 -3.4e+38
0.273086220026016 0.279533565044403 0.279300034046173 0.275323361158371 0.275869160890579 0.278378397226334 -3.4e+38 -3.4e+38 -3.4e+38 -3.4e+38 -3.4e+38 -3.4e+38 -3.4e+38 -3.4e+38 -3.4e+38 -3.4e+38 -3.4e+38 -3.4e+38 -3.4e+38 -3.4e+38 -3.4e+38 -3.4e+38 -3.4e+38 -3.4e+38 -3.4e+38 -3.4e+38 -3.4e+38 -3.4e+38 -3.4e+38 -3.4e+38 -3.4e+38 -3.4e+38 -3.4e+38 -3.4e+38 -3.4e+38 -3.4e+38 -3.4e+38 -3.4e+38 -3.4e+38 -3.4e+38 -3.4e+38 -3.4e+38 -3.4e+38 -3.4e+38 -3.4e+38 -3.4e+38 -3.4e+38
0.288471549749374 0.285497784614563 -3.4e+38 -3.4e+38 -3.4e+38 -3.4e+38 -3.4e+38 -3.4e+38 -3.4e+38 -3.4e+38 -3.4e+38 -3.4e+38 -3.4e+38 -3.4e+38 -3.4e+38 -3.4e+38 -3.4e+38 -3.4e+38 -3.4e+38 -3.4e+38 -3.4e+38 -3.4e+38 -3.4e+38 -3.4e+38 -3.4e+38 -3.4e+38 -3.4e+38 -3.4e+38 -3.4e+38 -3.4e+38 -3.4e+38 -3.4e+38 -3.4e+38 -3.4e+38 -3.4e+38 -3.4e+38 -3.4e+38 -3.4e+38 -3.4e+38 -3.4e+38 -3.4e+38 -3.4e+38 -3.4e+38 -3.4e+38 -3.4e+38 -3.4e+38 -3.4e+38
