data/trimmed_ndre/Od_ndre.77.2010_no_clouds.asc
NCOLS 144 
NROWS 65 
XLLCORNER 512965 
YLLCORNER 5150865 
CELLSIZE 5 
NODATA_value -3.4e+38 
[rows 42 to 62 of 65, columns 0 to 46 of 144]
-3.4e+38 -3.4e+38 -3.4e+38 -3.4e+38 -3.4e+38 -3.4e+38 -3.4e+38 -3.4e+38 -3.4e+38 -3.4e+38 -3.4e+38 -3.4e+38 -3.4e+38 -3.4e+38 -3.4e+38 -3.4e+38 -3.4e+38 -3.4e+38 -3.4e+38 -3.4e+38 -3.4e+38 0.231992065906525 0.248429983854294 0.268093824386597 0.245665863156319 0.232021406292915 0.231798350811005 0.231617614626884 0.238202527165413 0.250750303268433 0.24356971681118 0.234613656997681 0.239260941743851 0.237082526087761 0.233718022704124 0.21812042593956 0.215556234121323 0.229183837771416 0.253420472145081 0.261236727237701 0.247933253645897 0.239392966032028 0.249184414744377 0.252049833536148 0.24532824754715 0.237200379371643 0.23958146572113
-3.4e+38 -3.4e+38 -3.4e+38 -3.4e+38 -3.4e+38 -3.4e+38 -3.4e+38 -3.4e+38 -3.4e+38 -3.4e+38 -3.4e+38 -3.4e+38 -3.4e+38 -3.4e+38 -3.4e+38 -3.4e+38 -3.4e+38 -3.4e+38 -3.4e+38 0.263401478528976 0.240739986300468 0.221627503633499 0.234475046396255 0.270783811807632 0.264586865901947 0.261975586414337 0.2577965259552 0.251775979995728 0.242374181747437 0.244397312402725 0.236276403069496 0.226736098527908 0.239064767956734 0.235259503126144 0.210840433835983 0.199051752686501 0.207110837101936 0.232214644551277 0.260426223278046 0.268733203411102 0.256804317235947 0.240142151713371 0.237348273396492 0.242564424872398 0.246275424957275 0.235601395368576 0.235471919178963
-3.4e+38 -3.4e+38 -3.4e+38 -3.4e+38 -3.4e+38 -3.4e+38 -3.4e+38 -3.4e+38 -3.4e+38 -3.4e+38 -3.4e+38 -3.4e+38 -3.4e+38 -3.4e+38 -3.4e+38 -3.4e+38 -3.4e+38 -3.4e+38 0.24133987724781 0.235460475087166 0.242567598819733 0.254583716392517 0.256231844425201 0.262267231941223 0.260564923286438 0.259304106235504 0.24570244550705 0.248544305562973 0.257309854030609 0.247178465127945 0.238315507769585 0.230242803692818 0.229046672582626 0.237656027078629 0.21574929356575 0.200690105557442 0.225915819406509 0.243333116173744 0.264127552509308 0.277612596750259 0.268805682659149 0.249173849821091 0.234987735748291 0.239072278141975 0.246112331748009 0.236653074622154 0.226400062441826
-3.4e+38 -3.4e+38 -3.4e+38 -3.4e+38 -3.4e+38 -3.4e+38 -3.4e+38 -3.4e+38 -3.4e+38 -3.4e+38 -3.4e+38 -3.4e+38 -3.4e+38 -3.4e+38 -3.4e+38 -3.4e+38 -3.4e+38 0.224124819040298 0.225521489977837 0.231468677520752 0.251244127750397 0.263281941413879 0.253511548042297 0.242562785744667 0.231455251574516 0.233885079622269 0.236271232366562 0.244632974267006 0.251166611909866 0.239829570055008 0.240025013685226 0.236154556274414 0.232999905943871 0.236293822526932 0.228623166680336 0.239476144313812 0.276393800973892 0.271333366632462 0.270407974720001 0.287448883056641 0.288609206676483 0.282074213027954 0.253330022096634 0.234521135687828 0.237595483660698 0.247496485710144 0.239112168550491
-3.4e+38 -3.4e+38 -3.4e+38 -3.4e+38 -3.4e+38 -3.4e+38 -3.4e+38 -3.4e+38 -3.4e+38 -3.4e+38 -3.4e+38 -3.4e+38 -3.4e+38 -3.4e+38 -3.4e+38 -3.4e+38 0.220889315009117 0.225032597780228 0.232624396681786 0.232925295829773 0.242056027054787 0.245810210704803 0.235710486769676 0.223321035504341 0.216686740517616 0.22943839430809 0.23673951625824 0.230311915278435 0.227087080478668 0.222696721553802 0.218966886401176 0.220187664031982 0.223803505301476 0.241070285439491 0.266746312379837 0.301245003938675 0.319738537073135 0.298896640539169 0.283314436674118 0.281905859708786 0.284632325172424 0.293868660926819 0.269475936889648 0.239445835351944 0.24238258600235 0.255011647939682 0.246209591627121
-3.4e+38 -3.4e+38 -3.4e+38 -3.4e+38 -3.4e+38 -3.4e+38 -3.4e+38 -3.4e+38 -3.4e+38 -3.4e+38 -3.4e+38 -3.4e+38 -3.4e+38 -3.4e+38 -3.4e+38 0.221724927425385 0.230606764554977 0.227319657802582 0.227012723684311 0.229340806603432 0.237196817994118 0.241417169570923 0.234184518456459 0.218016967177391 0.207818523049355 0.225221619009972 0.237211227416992 0.224672913551331 0.219868585467339 0.218683898448944 0.220206469297409 0.224440455436707 0.237710103392601 0.263866722583771 0.300771534442902 0.333375841379166 0.332576870918274 0.29538756608963 0.281699448823929 0.276978522539139 0.273107469081879 0.284772157669067 0.289031445980072 0.264803856611252 0.244590014219284 0.24629382789135 0.246926203370094
-3.4e+38 -3.4e+38 -3.4e+38 -3.4e+38 -3.4e+38 -3.4e+38 -3.4e+38 -3.4e+38 -3.4e+38 -3.4e+38 -3.4e+38 -3.4e+38 -3.4e+38 -3.4e+38 0.223991706967354 0.224476933479309 0.220895305275917 0.222223147749901 0.223046064376831 0.231123000383377 0.248081177473068 0.244884550571442 0.225094199180603 0.208475261926651 0.20353077352047 0.220763966441154 0.240845263004303 0.237065494060516 0.235159426927567 0.235488817095757 0.245816305279732 0.257554948329926 0.265660643577576 0.280547082424164 0.299682915210724 0.320340216159821 0.315434277057648 0.277233183383942 0.263611644506454 0.275694489479065 0.284237712621689 0.270408749580383 0.25338488817215 0.252714574337006 0.237231835722923 0.234492346644402 0.247568398714066
-3.4e+38 -3.4e+38 -3.4e+38 -3.4e+38 -3.4e+38 -3.4e+38 -3.4e+38 -3.4e+38 -3.4e+38 -3.4e+38 -3.4e+38 -3.4e+38 -3.4e+38 0.229899495840073 0.22633983194828 0.220420494675636 0.214905083179474 0.228223785758018 0.230680823326111 0.22119103372097 0.226523235440254 0.220928102731705 0.210754975676537 0.210002303123474 0.2162696570158 0.225451350212097 0.245776906609535 0.257485449314117 0.268624722957611 0.270483076572418 0.276359438896179 0.276625603437424 0.262838989496231 0.275403410196304 0.287331521511078 0.286913990974426 0.28111058473587 0.251347810029984 0.232545986771584 0.237184226512909 0.237654536962509 0.228645443916321 0.217204183340073 0.227996960282326 0.227260604500771 0.226366654038429 0.228518217802048
-3.4e+38 -3.4e+38 -3.4e+38 -3.4e+38 -3.4e+38 -3.4e+38 -3.4e+38 -3.4e+38 -3.4e+38 -3.4e+38 -3.4e+38 -3.4e+38 0.216992795467377 0.238795548677444 0.239284709095955 0.22829432785511 0.22666771709919 0.232288002967834 0.223794564604759 0.20497639477253 0.207835763692856 0.217810690402985 0.220500245690346 0.229520112276077 0.231727913022041 0.233979761600494 0.258044183254242 0.279766589403152 0.291931390762329 0.292894154787064 0.281236886978149 0.258961319923401 0.24336040019989 0.258741319179535 0.257899671792984 0.252459049224854 0.25454318523407 0.233272865414619 0.213873296976089 0.211387053132057 0.21229450404644 0.215861037373543 0.21113395690918 0.206666216254234 0.203301504254341 0.214996784925461 0.212552115321159
-3.4e+38 -3.4e+38 -3.4e+38 -3.4e+38 -3.4e+38 -3.4e+38 -3.4e+38 -3.4e+38 -3.4e+38 -3.4e+38 -3.4e+38 0.237610325217247 0.246259942650795 0.252577930688858 0.249633625149727 0.234597086906433 0.228455170989037 0.231693506240845 0.227881550788879 0.209452286362648 0.218863368034363 0.243758007884026 0.251282155513763 0.250348299741745 0.244106933474541 0.246166065335274 0.268151760101318 0.281796485185623 0.288908123970032 0.281264752149582 0.258076339960098 0.235837250947952 0.220798432826996 0.228525042533875 0.222033023834229 0.219045355916023 0.215579003095627 0.20660026371479 0.205228745937347 0.207559376955032 0.215472057461739 0.215447381138802 0.199500232934952 0.189259916543961 0.193136543035507 0.210988655686378 0.215276524424553
-3.4e+38 -3.4e+38 -3.4e+38 -3.4e+38 -3.4e+38 -3.4e+38 -3.4e+38 -3.4e+38 -3.4e+38 -3.4e+38 0.263625413179398 0.247897922992706 0.263830959796906 0.256954312324524 0.241417348384857 0.218978047370911 0.21330851316452 0.219014063477516 0.235877931118011 0.240804195404053 0.245732218027115 0.258171170949936 0.261080354452133 0.248839125037193 0.243705108761787 0.247490733861923 0.258709728717804 0.266290336847305 0.266044914722443 0.247887283563614 0.232696413993835 0.225741997361183 0.208550482988358 0.201893866062164 0.207035019993782 0.217433407902718 0.215957269072533 0.203423872590065 0.202580809593201 0.197992444038391 0.193630173802376 0.199765548110008 0.199006885290146 0.185977026820183 0.187144681811333 0.202554866671562 0.217259243130684
-3.4e+38 -3.4e+38 -3.4e+38 -3.4e+38 -3.4e+38 -3.4e+38 -3.4e+38 -3.4e+38 -3.4e+38 0.261115550994873 0.255594491958618 0.242140144109726 0.267540246248245 0.255298167467117 0.23149411380291 0.222776815295219 0.224020346999168 0.224979355931282 0.246681600809097 0.272976845502853 0.274712234735489 0.258320063352585 0.248926535248756 0.24674054980278 0.246063470840454 0.242700636386871 0.245734915137291 0.245543703436852 0.234601363539696 0.2248525172472 0.221839919686317 0.224296897649765 0.220239996910095 0.20583812892437 0.202691316604614 0.213163733482361 0.216321602463722 0.20572255551815 0.195000603795052 0.186172962188721 0.181999921798706 0.192156940698624 0.201547741889954 0.18553127348423 0.176654890179634 0.189494431018829 0.201541543006897
-3.4e+38 -3.4e+38 -3.4e+38 -3.4e+38 -3.4e+38 -3.4e+38 -3.4e+38 -3.4e+38 0.229744866490364 0.243630424141884 0.251141458749771 0.256308525800705 0.267616152763367 0.247373133897781 0.224370092153549 0.228852123022079 0.239596277475357 0.243458837270737 0.255351394414902 0.276700049638748 0.275975853204727 0.247872948646545 0.246717855334282 0.257740944623947 0.253034889698029 0.237415641546249 0.219840943813324 0.213847145438194 0.216397702693939 0.22064745426178 0.209963575005531 0.201691865921021 0.210577100515366 0.20685800909996 0.198667466640472 0.19678096473217 0.196169003844261 0.209634482860565 0.211782082915306 0.206472456455231 0.199284568428993 0.198168873786926 0.199145704507828 0.187935665249825 0.187461882829666 0.194209933280945 0.200616106390953
-3.4e+38 -3.4e+38 -3.4e+38 -3.4e+38 -3.4e+38 -3.4e+38 -3.4e+38 0.211246490478516 0.229182437062263 0.256208598613739 0.273236513137817 0.263543128967285 0.242429420351982 0.224515587091446 0.220288142561913 0.226846426725388 0.233846783638 0.228545874357224 0.231607973575592 0.249906867742538 0.248895853757858 0.240858092904091 0.250435084104538 0.254707872867584 0.244883045554161 0.23009380698204 0.204879239201546 0.196143254637718 0.211437091231346 0.220025554299355 0.219695910811424 0.20082351565361 0.196027994155884 0.206514671444893 0.209299668669701 0.19941221177578 0.195565745234489 0.207604825496674 0.218458995223045 0.216691926121712 0.213296249508858 0.211134716868401 0.197595596313477 0.185550183057785 0.19018965959549 0.197248131036758 0.204052865505219
-3.4e+38 -3.4e+38 -3.4e+38 -3.4e+38 -3.4e+38 -3.4e+38 0.196747079491615 0.204076915979385 0.201883003115654 0.221375733613968 0.245781555771828 0.243679791688919 0.222816675901413 0.215461507439613 0.227532476186752 0.226029634475708 0.225393801927567 0.218667656183243 0.218260765075684 0.215610533952713 0.218577444553375 0.22285820543766 0.233189612627029 0.225194156169891 0.219941958785057 0.224463030695915 0.208825930953026 0.196354612708092 0.201052948832512 0.201148852705956 0.197393730282784 0.19055899977684 0.191670596599579 0.206130892038345 0.212234646081924 0.201987102627754 0.201949700713158 0.220475375652313 0.222243800759315 0.213715597987175 0.203943163156509 0.209372773766518 0.199558243155479 0.199615240097046 0.211203843355179 0.208971783518791 0.200462847948074
-3.4e+38 -3.4e+38 -3.4e+38 -3.4e+38 -3.4e+38 0.15984582901001 0.177996978163719 0.196050271391869 0.196438476443291 0.205784276127815 0.220263943076134 0.234737887978554 0.230758711695671 0.239261046051979 0.251332879066467 0.230500236153603 0.210279390215874 0.209476128220558 0.214033782482147 0.206449791789055 0.214241042733192 0.209746196866035 0.19890221953392 0.196995943784714 0.20706082880497 0.221194997429848 0.213481277227402 0.203384205698967 0.199456542730331 0.193614661693573 0.186397463083267 0.203270360827446 0.212238773703575 0.210833102464676 0.19825741648674 0.199209347367287 0.213206484913826 0.22782176733017 0.233472272753716 0.231753557920456 0.219194903969765 0.217643812298775 0.218422323465347 0.220422491431236 0.230691477656364 0.231226906180382 0.215249553322792
-3.4e+38 -3.4e+38 -3.4e+38 -3.4e+38 0.172067239880562 0.176125377416611 0.182944744825363 0.190251171588898 0.188920825719833 0.195342049002647 0.209967076778412 0.230822965502739 0.237909927964211 0.239189937710762 0.239834606647491 0.226946040987968 0.209789782762527 0.205963730812073 0.216828271746635 0.220148384571075 0.228331461548805 0.21270777285099 0.190899699926376 0.205210492014885 0.211658403277397 0.205317556858063 0.199729725718498 0.191518008708954 0.200666889548302 0.208826944231987 0.206388309597969 0.221579119563103 0.213621124625206 0.208207875490189 0.202610000967979 0.207818791270256 0.21897129714489 0.221355050802231 0.224933415651321 0.220266535878181 0.220137223601341 0.223843783140182 0.224406093358994 0.217308014631271 0.20266979932785 0.200148552656174 0.199558138847351
-3.4e+38 -3.4e+38 -3.4e+38 0.171810075640678 0.174253806471825 0.171528965234756 0.178734928369522 0.183517754077911 0.174936473369598 0.178641349077225 0.194571137428284 0.219540014863014 0.244793877005577 0.235870972275734 0.230903014540672 0.229175716638565 0.224878743290901 0.226527646183968 0.229799643158913 0.234024927020073 0.239042162895203 0.229301795363426 0.206728920340538 0.200440987944603 0.206706956028938 0.203374922275543 0.19524185359478 0.18644754588604 0.202004984021187 0.212544783949852 0.211791187524796 0.214610040187836 0.20582677423954 0.203053668141365 0.212991163134575 0.21692031621933 0.229433864355087 0.234774723649025 0.227036625146866 0.212925210595131 0.223802536725998 0.220546692609787 0.213702023029327 0.223743885755539 0.203554943203926 0.193256065249443 0.202841103076935
-3.4e+38 -3.4e+38 0.189113408327103 0.170428022742271 0.174359351396561 0.169611945748329 0.167588993906975 0.177125677466393 0.169560164213181 0.165116235613823 0.188621491193771 0.209444656968117 0.237379163503647 0.24544295668602 0.243770465254784 0.231103524565697 0.212239444255829 0.201113402843475 0.212001174688339 0.227661207318306 0.233274713158607 0.234970226883888 0.219823852181435 0.205750703811646 0.21301506459713 0.213480353355408 0.207117915153503 0.200323477387428 0.206665247678757 0.201335921883583 0.20486131310463 0.210208639502525 0.204836443066597 0.199409037828445 0.217943772673607 0.231667533516884 0.221678823232651 0.231771409511566 0.233490735292435 0.223194375634193 0.230791106820107 0.228101655840874 0.223682284355164 0.229184329509735 0.203745916485786 0.203903719782829 0.226244077086449
-3.4e+38 0.239107757806778 0.189313605427742 0.169834345579147 0.168360203504562 0.166333168745041 0.161459341645241 0.175224795937538 0.176754966378212 0.180273398756981 0.205916732549667 0.199998304247856 0.220591828227043 0.243846893310547 0.224560022354126 0.204003348946571 0.210335686802864 0.207211524248123 0.206506684422493 0.213901877403259 0.216226115822792 0.222766369581223 0.22073370218277 0.215952798724174 0.215809464454651 0.2103201597929 0.210887730121613 0.208510935306549 0.204049214720726 0.191432103514671 0.193335399031639 0.209425047039986 0.218855753540993 0.231734037399292 0.235818520188332 0.232219114899635 0.222754240036011 0.22119814157486 0.235560521483421 0.239007845520973 0.23564288020134 0.240417540073395 0.23922336101532 0.228102266788483 0.206144407391548 0.209977254271507 0.232847645878792
0.334984600543976 0.285765737295151 0.210450500249863 0.184231400489807 0.169627696275711 0.166692912578583 0.156018063426018 0.154400676488876 0.17205111682415 0.194249987602234 0.207795679569244 0.191828891634941 0.204418405890465 0.219005674123764 0.194109976291656 0.182355895638466 0.214065536856651 0.232270836830139 0.218195423483849 0.217567354440689 0.210159614682198 0.211488902568817 0.211748987436295 0.211409166455269 0.202420428395271 0.19961553812027 0.209798887372017 0.204714342951775 0.205020949244499 0.203178986907005 0.196393370628357 0.220787361264229 0.226641237735748 0.214019894599915 0.230964317917824 0.232626736164093 0.222109988331795 0.212770640850067 0.238984525203705 0.237223565578461 0.22200508415699 0.237328141927719 0.237376868724823 0.227868303656578 0.215023666620255 0.214025244116783 0.219169601798058
