data/trimmed_ndre/W_ndre.613.2015_no_clouds.asc
NCOLS 130 
NROWS 71 
XLLCORNER 530645 
YLLCORNER 5158205 
CELLSIZE 5 
NODATA_value -3.4e+38 
[rows 0 to 20 of 71, columns 0 to 48 of 130]
-339999999999999996123846586046231871488.000000000000000 -3.4e+38 -3.4e+38 -3.4e+38 -3.4e+38 -3.4e+38 -3.4e+38 -3.4e+38 -3.4e+38 -3.4e+38 -3.4e+38 0.23016320168972 0.222709313035011 0.223275274038315 0.230142891407013 0.236823245882988 0.244072005152702 -3.4e+38 -3.4e+38 -3.4e+38 -3.4e+38 -3.4e+38 -3.4e+38 -3.4e+38 -3.4e+38 -3.4e+38 -3.4e+38 -3.4e+38 -3.4e+38 -3.4e+38 -3.4e+38 -3.4e+38 -3.4e+38 -3.4e+38 -3.4e+38 -3.4e+38 -3.4e+38 -3.4e+38 -3.4e+38 -3.4e+38 -3.4e+38 -3.4e+38 -3.4e+38 -3.4e+38 -3.4e+38 -3.4e+38 -3.4e+38 -3.4e+38 -3.4e+38
-3.4e+38 -3.4e+38 -3.4e+38 -3.4e+38 -3.4e+38 -3.4e+38 -3.4e+38 -3.4e+38 -3.4e+38 -3.4e+38 0.250571668148041 0.237374395132065 0.229063183069229 0.224523857235909 0.232979267835617 0.238318115472794 0.236831545829773 0.224470689892769 -3.4e+38 -3.4e+38 -3.4e+38 -3.4e+38 -3.4e+38 -3.4e+38 -3.4e+38 -3.4e+38 -3.4e+38 -3.4e+38 -3.4e+38 -3.4e+38 -3.4e+38 -3.4e+38 -3.4e+38 -3.4e+38 -3.4e+38 -3.4e+38 -3.4e+38 -3.4e+38 -3.4e+38 -3.4e+38 -3.4e+38 -3.4e+38 -3.4e+38 -3.4e+38 -3.4e+38 -3.4e+38 -3.4e+38 -3.4e+38 -3.4e+38
-3.4e+38 -3.4e+38 -3.4e+38 -3.4e+38 -3.4e+38 -3.4e+38 -3.4e+38 -3.4e+38 0.347437530755997 0.292292088270187 0.255342960357666 0.243912994861603 0.232332766056061 0.224004477262497 0.22847019135952 0.228034004569054 0.222678497433662 0.214244186878204 0.209783509373665 -3.4e+38 -3.4e+38 -3.4e+38 -3.4e+38 -3.4e+38 -3.4e+38 -3.4e+38 -3.4e+38 -3.4e+38 -3.4e+38 -3.4e+38 -3.4e+38 -3.4e+38 -3.4e+38 -3.4e+38 -3.4e+38 -3.4e+38 -3.4e+38 -3.4e+38 -3.4e+38 -3.4e+38 -3.4e+38 -3.4e+38 -3.4e+38 -3.4e+38 -3.4e+38 -3.4e+38 -3.4e+38 -3.4e+38 -3.4e+38
-3.4e+38 -3.4e+38 -3.4e+38 -3.4e+38 -3.4e+38 -3.4e+38 -3.4e+38 -3.4e+38 -3.4e+38 0.313110113143921 0.259813338518143 0.244309976696968 0.230175405740738 0.217210620641708 0.211990281939507 0.214659214019775 0.212740123271942 0.20809243619442 0.208924204111099 0.210729315876961 0.216219782829285 -3.4e+38 -3.4e+38 -3.4e+38 -3.4e+38 -3.4e+38 -3.4e+38 -3.4e+38 -3.4e+38 -3.4e+38 -3.4e+38 -3.4e+38 0.249092057347298 0.252853006124496 -3.4e+38 -3.4e+38 -3.4e+38 -3.4e+38 -3.4e+38 -3.4e+38 -3.4e+38 -3.4e+38 -3.4e+38 -3.4e+38 -3.4e+38 -3.4e+38 -3.4e+38 -3.4e+38 -3.4e+38
-3.4e+38 -3.4e+38 -3.4e+38 -3.4e+38 -3.4e+38 -3.4e+38 -3.4e+38 -3.4e+38 -3.4e+38 0.322208970785141 0.260136753320694 0.236668586730957 0.231058105826378 0.214400440454483 0.199462592601776 0.201333165168762 0.200293466448784 0.201505094766617 0.209179520606995 0.213977977633476 0.22193555533886 0.235078826546669 0.25128585100174 0.261793792247772 0.263767451047897 0.256256103515625 0.250259637832642 0.247651353478432 -3.4e+38 -3.4e+38 -3.4e+38 0.256558537483215 0.25535774230957 0.263563513755798 0.277958631515503 0.292871326208115 0.291040807962418 -3.4e+38 -3.4e+38 -3.4e+38 -3.4e+38 -3.4e+38 -3.4e+38 -3.4e+38 -3.4e+38 -3.4e+38 -3.4e+38 -3.4e+38 -3.4e+38
-3.4e+38 -3.4e+38 -3.4e+38 -3.4e+38 -3.4e+38 -3.4e+38 -3.4e+38 -3.4e+38 -3.4e+38 0.319909334182739 0.256290704011917 0.227557256817818 0.231082692742348 0.212241813540459 0.196750819683075 0.194299429655075 0.190019324421883 0.196118757128716 0.209563866257668 0.216693609952927 0.224139302968979 0.235909253358841 0.2530557513237 0.263375014066696 0.262712001800537 0.253549575805664 0.24962192773819 0.250976383686066 0.25426259636879 0.253462880849838 0.258933037519455 0.263298541307449 0.260957002639771 0.267505407333374 0.285648584365845 0.305389016866684 0.308837324380875 0.298618644475937 0.291917830705643 0.287375241518021 -3.4e+38 -3.4e+38 -3.4e+38 -3.4e+38 -3.4e+38 -3.4e+38 -3.4e+38 -3.4e+38 -3.4e+38
-3.4e+38 -3.4e+38 -3.4e+38 -3.4e+38 -3.4e+38 -3.4e+38 -3.4e+38 -3.4e+38 -3.4e+38 0.325656175613403 0.264340192079544 0.227997735142708 0.22262316942215 0.207379624247551 0.199758946895599 0.197278708219528 0.193221971392632 0.20443956553936 0.2193962931633 0.227629110217094 0.230126455426216 0.238750144839287 0.25132143497467 0.255569338798523 0.247600629925728 0.239657670259476 0.243886023759842 0.253070592880249 0.258305758237839 0.257613956928253 0.262047976255417 0.266774296760559 0.26830980181694 0.268267691135406 0.282902628183365 0.301679849624634 0.312706381082535 0.305815577507019 0.30554735660553 0.299880653619766 0.267585575580597 0.244664371013641 -3.4e+38 -3.4e+38 -3.4e+38 -3.4e+38 -3.4e+38 -3.4e+38 -3.4e+38
-3.4e+38 -3.4e+38 -3.4e+38 -3.4e+38 -3.4e+38 -3.4e+38 -3.4e+38 -3.4e+38 -3.4e+38 0.363505393266678 0.289067536592484 0.237178325653076 0.214086681604385 0.203820034861565 0.203400835394859 0.204229041934013 0.202326536178589 0.212889015674591 0.226146027445793 0.236065328121185 0.237636849284172 0.249445989727974 0.263698548078537 0.268931001424789 0.254479020833969 0.242194667458534 0.243226498365402 0.25639221072197 0.258278340101242 0.253581017255783 0.251605153083801 0.255619496107101 0.259235262870789 0.260299772024155 0.268434822559357 0.282456964254379 0.296348661184311 0.302649289369583 0.313223898410797 0.30892089009285 0.28655880689621 0.269623339176178 0.262827605009079 -3.4e+38 -3.4e+38 -3.4e+38 -3.4e+38 -3.4e+38 -3.4e+38
-3.4e+38 -3.4e+38 -3.4e+38 -3.4e+38 -3.4e+38 -3.4e+38 -3.4e+38 -3.4e+38 0.361514836549759 0.379915744066238 0.317110240459442 0.25373837351799 0.221545517444611 0.219014450907707 0.21959975361824 0.22194017469883 0.221685126423836 0.221944585442543 0.228548794984818 0.235978230834007 0.23973636329174 0.252264648675919 0.267639070749283 0.276268661022186 0.265148222446442 0.252235233783722 0.249359428882599 0.262192875146866 0.257334202528 0.248717665672302 0.242873996496201 0.244756832718849 0.250274181365967 0.252743452787399 0.251890987157822 0.257895827293396 0.275950312614441 0.299028784036636 0.317230641841888 0.318401038646698 0.307923257350922 0.296653538942337 0.291891485452652 0.27453738451004 0.250453919172287 0.248577639460564 0.244478389620781 -3.4e+38 -3.4e+38
-3.4e+38 -3.4e+38 -3.4e+38 -3.4e+38 -3.4e+38 -3.4e+38 -3.4e+38 0.297076374292374 0.342266380786896 0.36772084236145 0.342499375343323 0.28255957365036 0.243326812982559 0.230782076716423 0.235077083110809 0.239348441362381 0.239663168787956 0.232615411281586 0.230819374322891 0.235412880778313 0.241113975644112 0.24424247443676 0.257809370756149 0.271148413419724 0.272375702857971 0.263513624668121 0.261027842760086 0.265478551387787 0.255514770746231 0.246940776705742 0.24126709997654 0.241404682397842 0.251539200544357 0.255711197853088 0.251652359962463 0.245522573590279 0.261035978794098 0.288076788187027 0.312376409769058 0.324085414409637 0.325562208890915 0.320060431957245 0.313462883234024 0.293645620346069 0.274443000555038 0.266678154468536 0.256179213523865 0.242466762661934 -3.4e+38
-3.4e+38 -3.4e+38 -3.4e+38 -3.4e+38 -3.4e+38 -3.4e+38 0.279038488864899 0.281347930431366 0.321824997663498 0.346808880567551 0.343083262443542 0.31043067574501 0.277167230844498 0.255151748657227 0.250677436590195 0.248780578374863 0.249239966273308 0.247211068868637 0.23935404419899 0.242146149277687 0.244451224803925 0.239866733551025 0.246748611330986 0.258965015411377 0.270649969577789 0.268296331167221 0.26381379365921 0.260982751846313 0.255994528532028 0.254755198955536 0.250640690326691 0.250142365694046 0.261331111192703 0.267534404993057 0.262838363647461 0.249706566333771 0.254268258810043 0.273168414831161 0.297648310661316 0.317156255245209 0.32730108499527 0.32997715473175 0.326048254966736 0.307774543762207 0.291192919015884 0.278045624494553 0.263088017702103 0.254390269517899 0.239956647157669
-3.4e+38 -3.4e+38 -3.4e+38 -3.4e+38 -3.4e+38 0.280571162700653 0.269292086362839 0.266395390033722 0.294061690568924 0.310396492481232 0.318980038166046 0.317873328924179 0.307724416255951 0.286134630441666 0.266351133584976 0.258945852518082 0.260177701711655 0.25916188955307 0.251541316509247 0.250506281852722 0.250022888183594 0.249530255794525 0.256687313318253 0.256621867418289 0.257864713668823 0.25991889834404 0.262067943811417 0.260223776102066 0.261043727397919 0.271698564291 0.270535677671432 0.264835864305496 0.265328675508499 0.273138374090195 0.272176951169968 0.262733101844788 0.256455808877945 0.261659890413284 0.2773078083992 0.297380238771439 0.315450519323349 0.328508764505386 0.331257522106171 0.317657828330994 0.299285173416138 0.278687477111816 0.259918838739395 0.252375841140747 0.240326091647148
-3.4e+38 -3.4e+38 -3.4e+38 -3.4e+38 -3.4e+38 0.278173446655273 0.270987719297409 0.266907453536987 0.27823406457901 0.276672214269638 0.283579468727112 0.297793567180634 0.31331804394722 0.30708572268486 0.288350075483322 0.270541578531265 0.27014821767807 0.268100082874298 0.261756539344788 0.254366904497147 0.252653688192368 0.256301373243332 0.263483434915543 0.258300393819809 0.256105720996857 0.258442848920822 0.26592817902565 0.265246868133545 0.261851638555527 0.263070613145828 0.271594405174255 0.267417997121811 0.260120123624802 0.265451014041901 0.272127658128738 0.2744020819664 0.27121764421463 0.262332618236542 0.265291333198547 0.280096024274826 0.301785200834274 0.322734415531158 0.333554655313492 0.329594850540161 0.311975538730621 0.287181705236435 0.267550110816956 0.259422063827515 0.244897767901421
-3.4e+38 -3.4e+38 -3.4e+38 -3.4e+38 0.266765803098679 0.277742236852646 0.274181306362152 0.270874530076981 0.269519239664078 0.254385679960251 0.252221435308456 0.264893174171448 0.286690503358841 0.294402837753296 0.284573376178741 0.271386682987213 0.272041767835617 0.270548284053802 0.262740969657898 0.252327054738998 0.254474759101868 0.266266524791718 0.275933712720871 0.271301805973053 0.269751995801926 0.270023703575134 0.269909858703613 0.265599250793457 0.260649502277374 0.258958488702774 0.267559140920639 0.260498255491257 0.249003186821938 0.245098292827606 0.25540953874588 0.271378189325333 0.277505785226822 0.259611815214157 0.260802239179611 0.271283358335495 0.291045248508453 0.317194193601608 0.335065186023712 0.339861571788788 0.328332483768463 0.296597570180893 0.27719059586525 0.270223021507263 0.257278859615326
-3.4e+38 -3.4e+38 -3.4e+38 -3.4e+38 0.268800258636475 0.279218405485153 0.277516096830368 0.275480777025223 0.266675442457199 0.248573243618011 0.23686683177948 0.239707246422768 0.253869444131851 0.266465157270432 0.267767369747162 0.263610988855362 0.263036698102951 0.262921720743179 0.256986975669861 0.251685827970505 0.257854133844376 0.279756039381027 0.293375074863434 0.292738974094391 0.287205636501312 0.281290709972382 0.274709850549698 0.265663266181946 0.25775146484375 0.25513744354248 0.257823675870895 0.250663161277771 0.24532949924469 0.244724854826927 0.253493130207062 0.273047596216202 0.275497108697891 0.256007105112076 0.262712478637695 0.2693752348423 0.281646817922592 0.307460159063339 0.33207306265831 0.343877583742142 0.337350100278854 0.304948717355728 0.280167639255524 0.266587853431702 0.257763594388962
-3.4e+38 -3.4e+38 -3.4e+38 -3.4e+38 0.266226142644882 0.275958567857742 0.277849286794662 0.282539486885071 0.272940963506699 0.251217663288116 0.230628862977028 0.225107446312904 0.230894029140472 0.242744937539101 0.257730603218079 0.259232372045517 0.255407691001892 0.252975076436996 0.252081573009491 0.25242817401886 0.261596441268921 0.291000366210938 0.307262033224106 0.306142508983612 0.290175437927246 0.278250366449356 0.267899662256241 0.257538050413132 0.249581634998322 0.247636795043945 0.246418550610542 0.239165082573891 0.242614433169365 0.250647872686386 0.261235564947128 0.275701701641083 0.267352133989334 0.252705961465836 0.256619274616241 0.265908002853394 0.284941762685776 0.309475749731064 0.327152252197266 0.337377279996872 0.336837589740753 0.320539265871048 0.289579272270203 0.277024775743484 0.274245887994766
-3.4e+38 -3.4e+38 -3.4e+38 0.255536317825317 0.259657740592957 0.265109717845917 0.27054026722908 0.281998157501221 0.280339121818542 0.264478385448456 0.240920647978783 0.228906527161598 0.22864818572998 0.241981416940689 0.266111820936203 0.261653184890747 0.252063602209091 0.246763154864311 0.251140385866165 0.253569364547729 0.263030469417572 0.287197321653366 0.304354131221771 0.306776911020279 0.292570382356644 0.27253520488739 0.255109131336212 0.242084845900536 0.234964191913605 0.237957879900932 0.233468174934387 0.223459601402283 0.232824683189392 0.247639402747154 0.26357239484787 0.272583961486816 0.257682114839554 0.256620109081268 0.272036820650101 0.276035785675049 0.287403434514999 0.305103778839111 0.315809458494186 0.321876883506775 0.333439111709595 0.335009157657623 0.305275142192841 0.29060035943985 0.285874396562576
-3.4e+38 -3.4e+38 0.262468993663788 0.262867987155914 0.266797065734863 0.263334929943085 0.264369875192642 0.276874125003815 0.278920292854309 0.271657109260559 0.259967029094696 0.254595875740051 0.252381563186646 0.265245407819748 0.286263912916183 0.273277431726456 0.258998960256577 0.25137785077095 0.254724144935608 0.257115483283997 0.265814781188965 0.280149191617966 0.29167366027832 0.295715928077698 0.288531720638275 0.268294721841812 0.248328253626823 0.235407918691635 0.233134746551514 0.247385874390602 0.239299461245537 0.222206085920334 0.220576852560043 0.226067215204239 0.239014595746994 0.254663914442062 0.261626124382019 0.269502252340317 0.280765920877457 0.28260749578476 0.277800619602203 0.285389065742493 0.303076922893524 0.314758628606796 0.329690396785736 0.336522400379181 0.321335583925247 0.298610776662827 0.280984550714493
-3.4e+38 0.257183909416199 0.256155341863632 0.259747564792633 0.267211407423019 0.272509306669235 0.275711745023727 0.277707070112228 0.265037089586258 0.248591005802155 0.240703597664833 0.247097313404083 0.256915360689163 0.276522636413574 0.293013036251068 0.282338231801987 0.27573749423027 0.273718297481537 0.274165123701096 0.267372488975525 0.269099920988083 0.27258089184761 0.273948192596436 0.273805201053619 0.272317320108414 0.265379875898361 0.251934468746185 0.237144470214844 0.234080582857132 0.252472072839737 0.253002285957336 0.23793388903141 0.220420330762863 0.215319618582726 0.226849123835564 0.240847915410995 0.249921143054962 0.265495091676712 0.274781554937363 0.278599053621292 0.274361103773117 0.268463045358658 0.2796471118927 0.305270195007324 0.329690873622894 0.334899097681046 0.328962683677673 0.308074474334717 0.285192459821701
-3.4e+38 0.255521893501282 0.255436033010483 0.262751698493958 0.274438381195068 0.285758584737778 0.297306954860687 0.292314141988754 0.263814717531204 0.238708391785622 0.237367287278175 0.249707937240601 0.258526355028152 0.273292571306229 0.278736293315887 0.27041283249855 0.275447994470596 0.28213632106781 0.279043018817902 0.263340175151825 0.264488488435745 0.264262944459915 0.258688539266586 0.249799787998199 0.252885818481445 0.258228242397308 0.254688143730164 0.237012580037117 0.228871211409569 0.237938091158867 0.248885259032249 0.246803402900696 0.232933506369591 0.218879029154778 0.227977424860001 0.232242986559868 0.228000059723854 0.246873036026955 0.25955456495285 0.262071013450623 0.257966339588165 0.256741464138031 0.266962468624115 0.292936652898788 0.326494514942169 0.323464304208755 0.316273838281631 0.312193363904953 0.29368656873703
0.26744556427002 0.264810770750046 0.266824960708618 0.272685617208481 0.281932353973389 0.282843142747879 0.294582009315491 0.294179975986481 0.273039072751999 0.242116421461105 0.248644113540649 0.260166764259338 0.261469662189484 0.267109781503677 0.265924394130707 0.261670470237732 0.266358524560928 0.272638350725174 0.265752106904984 0.249147176742554 0.250998705625534 0.256201922893524 0.254632949829102 0.24220509827137 0.236827924847603 0.243054181337357 0.248777642846107 0.232238337397575 0.217484429478645 0.214966773986816 0.227750137448311 0.242295145988464 0.243902370333672 0.234974250197411 0.239990964531898 0.239049285650253 0.229573175311089 0.220311537384987 0.229583069682121 0.23991534113884 0.245432555675507 0.2519371509552 0.257910162210464 0.266375690698624 0.279448211193085 0.295492351055145 0.305334389209747 0.308954834938049 0.299451768398285
