data/trimmed_ndre/W_ndre.724.2009_no_clouds.asc
NCOLS 130 
NROWS 71 
XLLCORNER 530645 
YLLCORNER 5158205 
CELLSIZE 5 
NODATA_value -3.4e+38 
[rows 0 to 20 of 71, columns 0 to 48 of 130]
-339999999999999996123846586046231871488.000000000000000 -3.4e+38 -3.4e+38 -3.4e+38 -3.4e+38 -3.4e+38 -3.4e+38 -3.4e+38 -3.4e+38 -3.4e+38 -3.4e+38 0.39306777715683 0.395807087421417 0.393433272838593 0.370692431926727 0.364560663700104 0.361350387334824 -3.4e+38 -3.4e+38 -3.4e+38 -3.4e+38 -3.4e+38 -3.4e+38 -3.4e+38 -3.4e+38 -3.4e+38 -3.4e+38 -3.4e+38 -3.4e+38 -3.4e+38 -3.4e+38 -3.4e+38 -3.4e+38 -3.4e+38 -3.4e+38 -3.4e+38 -3.4e+38 -3.4e+38 -3.4e+38 -3.4e+38 -3.4e+38 -3.4e+38 -3.4e+38 -3.4e+38 -3.4e+38 -3.4e+38 -3.4e+38 -3.4e+38 -3.4e+38
-3.4e+38 -3.4e+38 -3.4e+38 -3.4e+38 -3.4e+38 -3.4e+38 -3.4e+38 -3.4e+38 -3.4e+38 -3.4e+38 0.423594653606415 0.414402931928635 0.400946021080017 0.392401039600372 0.375494658946991 0.351949095726013 0.333137989044189 0.333428114652634 -3.4e+38 -3.4e+38 -3.4e+38 -3.4e+38 -3.4e+38 -3.4e+38 -3.4e+38 -3.4e+38 -3.4e+38 -3.4e+38 -3.4e+38 -3.4e+38 -3.4e+38 -3.4e+38 -3.4e+38 -3.4e+38 -3.4e+38 -3.4e+38 -3.4e+38 -3.4e+38 -3.4e+38 -3.4e+38 -3.4e+38 -3.4e+38 -3.4e+38 -3.4e+38 -3.4e+38 -3.4e+38 -3.4e+38 -3.4e+38 -3.4e+38
-3.4e+38 -3.4e+38 -3.4e+38 -3.4e+38 -3.4e+38 -3.4e+38 -3.4e+38 -3.4e+38 0.369769304990768 0.411585032939911 0.409081131219864 0.416122198104858 0.394335001707077 0.38635241985321 0.374411344528198 0.344572246074677 0.320901244878769 0.325423836708069 0.351242303848267 -3.4e+38 -3.4e+38 -3.4e+38 -3.4e+38 -3.4e+38 -3.4e+38 -3.4e+38 -3.4e+38 -3.4e+38 -3.4e+38 -3.4e+38 -3.4e+38 -3.4e+38 -3.4e+38 -3.4e+38 -3.4e+38 -3.4e+38 -3.4e+38 -3.4e+38 -3.4e+38 -3.4e+38 -3.4e+38 -3.4e+38 -3.4e+38 -3.4e+38 -3.4e+38 -3.4e+38 -3.4e+38 -3.4e+38 -3.4e+38
-3.4e+38 -3.4e+38 -3.4e+38 -3.4e+38 -3.4e+38 -3.4e+38 -3.4e+38 -3.4e+38 -3.4e+38 0.405866831541061 0.40378338098526 0.409972012042999 0.39036563038826 0.370435148477554 0.360696643590927 0.325522303581238 0.313899606466293 0.321134626865387 0.343868434429169 0.385755509138107 0.409449189901352 -3.4e+38 -3.4e+38 -3.4e+38 -3.4e+38 -3.4e+38 -3.4e+38 -3.4e+38 -3.4e+38 -3.4e+38 -3.4e+38 -3.4e+38 0.411137580871582 0.420741528272629 -3.4e+38 -3.4e+38 -3.4e+38 -3.4e+38 -3.4e+38 -3.4e+38 -3.4e+38 -3.4e+38 -3.4e+38 -3.4e+38 -3.4e+38 -3.4e+38 -3.4e+38 -3.4e+38 -3.4e+38
-3.4e+38 -3.4e+38 -3.4e+38 -3.4e+38 -3.4e+38 -3.4e+38 -3.4e+38 -3.4e+38 -3.4e+38 0.384516209363937 0.417311757802963 0.409440368413925 0.395532518625259 0.35299277305603 0.331663727760315 0.305892527103424 0.305551558732986 0.315483182668686 0.33097505569458 0.358605027198792 0.381969153881073 0.403348684310913 0.423070669174194 0.433386743068695 0.425489246845245 0.429531097412109 0.430511146783829 0.428025275468826 -3.4e+38 -3.4e+38 -3.4e+38 0.412058353424072 0.433170586824417 0.439143449068069 0.437037974596024 0.431217968463898 0.420339703559875 -3.4e+38 -3.4e+38 -3.4e+38 -3.4e+38 -3.4e+38 -3.4e+38 -3.4e+38 -3.4e+38 -3.4e+38 -3.4e+38 -3.4e+38 -3.4e+38
-3.4e+38 -3.4e+38 -3.4e+38 -3.4e+38 -3.4e+38 -3.4e+38 -3.4e+38 -3.4e+38 -3.4e+38 0.344367295503616 0.380243539810181 0.369235992431641 0.359044045209885 0.339796721935272 0.332303494215012 0.316644698381424 0.309034377336502 0.315444141626358 0.33258193731308 0.356705605983734 0.381572991609573 0.395431488752365 0.40443229675293 0.415872246026993 0.419637233018875 0.438579887151718 0.436861038208008 0.42097744345665 0.437236756086349 0.452935516834259 0.437265902757645 0.422451883554459 0.425618350505829 0.40973773598671 0.406014204025269 0.426723182201385 0.433558166027069 0.438325077295303 0.432286709547043 0.408220767974854 -3.4e+38 -3.4e+38 -3.4e+38 -3.4e+38 -3.4e+38 -3.4e+38 -3.4e+38 -3.4e+38 -3.4e+38
-3.4e+38 -3.4e+38 -3.4e+38 -3.4e+38 -3.4e+38 -3.4e+38 -3.4e+38 -3.4e+38 -3.4e+38 0.348697453737259 0.380844473838806 0.370835512876511 0.338623583316803 0.343771010637283 0.342686325311661 0.324339479207993 0.319878160953522 0.325945615768433 0.343183159828186 0.371493190526962 0.392570286989212 0.402817934751511 0.422498881816864 0.422623515129089 0.414467394351959 0.417558938264847 0.425759881734848 0.426790982484818 0.435991674661636 0.439820438623428 0.436348766088486 0.424593210220337 0.408445626497269 0.40519118309021 0.408007174730301 0.427018910646439 0.440369099378586 0.452971249818802 0.437139928340912 0.410460591316223 0.408723473548889 0.408150017261505 -3.4e+38 -3.4e+38 -3.4e+38 -3.4e+38 -3.4e+38 -3.4e+38 -3.4e+38
-3.4e+38 -3.4e+38 -3.4e+38 -3.4e+38 -3.4e+38 -3.4e+38 -3.4e+38 -3.4e+38 -3.4e+38 0.366084367036819 0.389638751745224 0.398459821939468 0.344421625137329 0.317011505365372 0.324208945035934 0.32858794927597 0.338510304689407 0.337520629167557 0.344611376523972 0.359663397073746 0.391795814037323 0.41433909535408 0.425961792469025 0.423877209424973 0.410100638866425 0.412327021360397 0.428066283464432 0.437416315078735 0.427758872509003 0.415269732475281 0.416964292526245 0.425667345523834 0.420216917991638 0.412330061197281 0.409445852041245 0.422749698162079 0.433511525392532 0.439410209655762 0.427986562252045 0.416107952594757 0.419668644666672 0.417917311191559 0.418117433786392 -3.4e+38 -3.4e+38 -3.4e+38 -3.4e+38 -3.4e+38 -3.4e+38
-3.4e+38 -3.4e+38 -3.4e+38 -3.4e+38 -3.4e+38 -3.4e+38 -3.4e+38 -3.4e+38 0.266803413629532 0.33907213807106 0.37488454580307 0.394260138273239 0.363229602575302 0.323104918003082 0.333116352558136 0.341238677501678 0.348940908908844 0.362251996994019 0.363968044519424 0.36883482336998 0.404686599969864 0.428028792142868 0.418160647153854 0.41846689581871 0.421910971403122 0.425421893596649 0.432847768068314 0.435326159000397 0.432131379842758 0.426061153411865 0.431591063737869 0.436838537454605 0.431422710418701 0.420046865940094 0.409968197345734 0.423249840736389 0.439042687416077 0.431298404932022 0.409489244222641 0.411484748125076 0.426094263792038 0.420364797115326 0.413385510444641 0.410851567983627 0.403647691011429 0.391508013010025 0.385929107666016 -3.4e+38 -3.4e+38
-3.4e+38 -3.4e+38 -3.4e+38 -3.4e+38 -3.4e+38 -3.4e+38 -3.4e+38 0.158517673611641 0.207515865564346 0.304595440626144 0.376668155193329 0.398650199174881 0.391975402832031 0.356470704078674 0.352435231208801 0.343754440546036 0.352437764406204 0.388764590024948 0.390096127986908 0.385903418064117 0.415965676307678 0.449338883161545 0.457271188497543 0.440807312726974 0.423475205898285 0.426034063100815 0.429461658000946 0.433447003364563 0.447087287902832 0.450225114822388 0.434900611639023 0.424115389585495 0.429481595754623 0.431590646505356 0.420165985822678 0.428561389446259 0.443683266639709 0.430019587278366 0.405064910650253 0.398707002401352 0.420357882976532 0.433901965618134 0.431384235620499 0.433002471923828 0.433882147073746 0.413347005844116 0.398786783218384 0.404168605804443 -3.4e+38
-3.4e+38 -3.4e+38 -3.4e+38 -3.4e+38 -3.4e+38 -3.4e+38 0.122833788394928 0.123302772641182 0.194404661655426 0.283947020769119 0.350693643093109 0.375874221324921 0.385588079690933 0.368144512176514 0.34991529583931 0.35582771897316 0.370996475219727 0.401479452848434 0.404395639896393 0.400824844837189 0.417610943317413 0.428765207529068 0.451405256986618 0.448729127645493 0.431429386138916 0.428008764982224 0.431675553321838 0.4358791410923 0.438945442438126 0.448159068822861 0.433682382106781 0.418165564537048 0.432135432958603 0.448358505964279 0.431947857141495 0.430714547634125 0.442416608333588 0.439431846141815 0.41921454668045 0.402668178081512 0.422871649265289 0.451156049966812 0.446660935878754 0.42705637216568 0.42778006196022 0.429024696350098 0.419553697109222 0.422240376472473 0.397781491279602
-3.4e+38 -3.4e+38 -3.4e+38 -3.4e+38 -3.4e+38 0.138167306780815 0.142939314246178 0.140874117612839 0.187719240784645 0.252158254384995 0.290059030056 0.310815572738647 0.343528032302856 0.366545230150223 0.351185172796249 0.340912967920303 0.348382592201233 0.379522740840912 0.403978943824768 0.417766720056534 0.428063571453094 0.416139721870422 0.420632690191269 0.440106481313705 0.456735640764236 0.455105006694794 0.447244465351105 0.453229755163193 0.446502029895782 0.454233020544052 0.456808775663376 0.446899920701981 0.437146186828613 0.438418030738831 0.43611216545105 0.438943326473236 0.443444669246674 0.449172258377075 0.43469700217247 0.405574142932892 0.419254332780838 0.444230884313583 0.436882764101028 0.412409842014313 0.417957127094269 0.426163077354431 0.423660010099411 0.426387965679169 0.400952905416489
-3.4e+38 -3.4e+38 -3.4e+38 -3.4e+38 -3.4e+38 0.146169647574425 0.160663023591042 0.157210826873779 0.160294964909554 0.193173974752426 0.227484136819839 0.245497569441795 0.27427664399147 0.307063519954681 0.300839990377426 0.282069057226181 0.291267871856689 0.325249791145325 0.342340558767319 0.348631292581558 0.365772902965546 0.376244008541107 0.389202415943146 0.417344957590103 0.453472435474396 0.458581656217575 0.452138811349869 0.463349342346191 0.461441993713379 0.455837965011597 0.445242375135422 0.444638639688492 0.43979686498642 0.431693017482758 0.444250762462616 0.451095700263977 0.441793233156204 0.436866968870163 0.421846151351929 0.409410238265991 0.418592810630798 0.42663037776947 0.422046095132828 0.416443794965744 0.425667524337769 0.425814509391785 0.422541946172714 0.423344343900681 0.414056032896042
-3.4e+38 -3.4e+38 -3.4e+38 -3.4e+38 0.148197904229164 0.163214057683945 0.166144222021103 0.153117746114731 0.137183755636215 0.156831964850426 0.199179023504257 0.217566058039665 0.220787763595581 0.2278833091259 0.222761645913124 0.224111527204514 0.229151338338852 0.244579508900642 0.252002239227295 0.247213810682297 0.26263952255249 0.311050146818161 0.354792177677155 0.37126949429512 0.386035770177841 0.391352027654648 0.403870016336441 0.442545831203461 0.446403443813324 0.436785906553268 0.431780517101288 0.434085220098495 0.429984658956528 0.431363880634308 0.453118026256561 0.442533195018768 0.428865909576416 0.429952919483185 0.426016509532928 0.432090312242508 0.441002160310745 0.438154250383377 0.422262519598007 0.430957078933716 0.444567829370499 0.43850964307785 0.429900258779526 0.424556910991669 0.429820150136948
-3.4e+38 -3.4e+38 -3.4e+38 -3.4e+38 0.16034959256649 0.160608485341072 0.161031052470207 0.153353422880173 0.15349680185318 0.168162673711777 0.163205564022064 0.176786378026009 0.190707474946976 0.190445348620415 0.180100068449974 0.167068675160408 0.155416458845139 0.170779451727867 0.194534048438072 0.196450755000114 0.207760512828827 0.235998407006264 0.246154457330704 0.254031866788864 0.269643068313599 0.280861496925354 0.320592910051346 0.384011596441269 0.406780123710632 0.409228563308716 0.413897126913071 0.41103059053421 0.401821613311768 0.414031326770782 0.444150298833847 0.443109720945358 0.429522335529327 0.43757563829422 0.445854604244232 0.446609199047089 0.434419065713882 0.430708169937134 0.438847243785858 0.441527515649796 0.445161730051041 0.439380705356598 0.427600651979446 0.421116173267365 0.433373004198074
-3.4e+38 -3.4e+38 -3.4e+38 -3.4e+38 0.149326726794243 0.150820717215538 0.161818414926529 0.168227404356003 0.171790987253189 0.171535536646843 0.148027658462524 0.148083135485649 0.162444204092026 0.170227184891701 0.173594444990158 0.167266845703125 0.151104733347893 0.158510074019432 0.184795826673508 0.19235235452652 0.162398815155029 0.146455377340317 0.137550354003906 0.15808367729187 0.19572825729847 0.206714883446693 0.222018018364906 0.268069982528687 0.307681322097778 0.345321804285049 0.368114680051804 0.385676205158234 0.396181255578995 0.412912726402283 0.437373548746109 0.44230455160141 0.425220966339111 0.424188107252121 0.437007129192352 0.445273131132126 0.430389940738678 0.430062532424927 0.451579570770264 0.436840057373047 0.43005108833313 0.435103505849838 0.427959948778152 0.424223393201828 0.434761643409729
-3.4e+38 -3.4e+38 -3.4e+38 0.130739629268646 0.141070678830147 0.156452924013138 0.168718621134758 0.172959342598915 0.163886934518814 0.161231100559235 0.175208330154419 0.179200172424316 0.161242097616196 0.153940379619598 0.158653795719147 0.170934870839119 0.165330961346626 0.153830543160439 0.149871915578842 0.151431426405907 0.151694968342781 0.143088668584824 0.142055153846741 0.154280781745911 0.152543917298317 0.154053196310997 0.158678323030472 0.17255049943924 0.202133193612099 0.251947045326233 0.284592092037201 0.30451026558876 0.338439553976059 0.37779712677002 0.413077801465988 0.421063810586929 0.416459023952484 0.420779138803482 0.431504875421524 0.444251328706741 0.438564747571945 0.431912451982498 0.441121697425842 0.445012301206589 0.445112526416779 0.43938136100769 0.433040529489517 0.428463310003281 0.437540411949158
-3.4e+38 -3.4e+38 0.128922462463379 0.120002128183842 0.155464217066765 0.170470595359802 0.162629351019859 0.16546593606472 0.158415794372559 0.15412637591362 0.170270666480064 0.171129122376442 0.16520644724369 0.156913787126541 0.142777726054192 0.146914690732956 0.156358122825623 0.151762053370476 0.153750374913216 0.172603711485863 0.177431762218475 0.16370989382267 0.158209577202797 0.163001224398613 0.157645106315613 0.157476395368576 0.155843153595924 0.149609133601189 0.163325443863869 0.182007983326912 0.203194692730904 0.219119906425476 0.238390043377876 0.304534822702408 0.378023505210876 0.40390545129776 0.408465385437012 0.418417006731033 0.430338740348816 0.439288020133972 0.436656981706619 0.447711735963821 0.453253984451294 0.447683930397034 0.451881974935532 0.443026036024094 0.427034020423889 0.424576312303543 0.434865146875381
-3.4e+38 0.137157812714577 0.14215075969696 0.147289052605629 0.169551342725754 0.170108824968338 0.15204444527626 0.166634142398834 0.178459271788597 0.158707305788994 0.170573189854622 0.181843683123589 0.182787984609604 0.169946953654289 0.15049235522747 0.149846225976944 0.1651461571455 0.169597253203392 0.17709393799305 0.185487926006317 0.160492062568665 0.139044091105461 0.151791200041771 0.159012734889984 0.163743078708649 0.155301004648209 0.148634418845177 0.150863155722618 0.150367915630341 0.150038495659828 0.158144116401672 0.180712804198265 0.195824891328812 0.234105095267296 0.294487357139587 0.329722732305527 0.350600391626358 0.390870779752731 0.421046495437622 0.434600681066513 0.444961100816727 0.461189031600952 0.45086994767189 0.434677004814148 0.448761999607086 0.447825223207474 0.437545448541641 0.435855984687805 0.440375864505768
-3.4e+38 0.155924156308174 0.150625810027122 0.143297925591469 0.153551056981087 0.155820980668068 0.150157704949379 0.149314701557159 0.155294045805931 0.152698025107384 0.178817540407181 0.195831790566444 0.178685858845711 0.155885174870491 0.139743939042091 0.151359140872955 0.175790071487427 0.175907030701637 0.145445466041565 0.132178708910942 0.145681902766228 0.151270255446434 0.153829455375671 0.146515533328056 0.153898194432259 0.163879960775375 0.164877116680145 0.17183381319046 0.169506326317787 0.154672518372536 0.141157895326614 0.153096809983253 0.166088581085205 0.179136022925377 0.193085074424744 0.211727917194366 0.252647697925568 0.319143444299698 0.368833512067795 0.394678175449371 0.420406520366669 0.433459460735321 0.428955763578415 0.43105673789978 0.436282008886337 0.438423484563828 0.44668236374855 0.454244315624237 0.451492846012115
0.150731816887856 0.142775192856789 0.140029057860374 0.133810669183731 0.139049097895622 0.142775073647499 0.145333543419838 0.159343600273132 0.165403753519058 0.16315846145153 0.180015444755554 0.182662233710289 0.155936822295189 0.136090666055679 0.133222743868828 0.146605610847473 0.165466412901878 0.15544630587101 0.14384388923645 0.152326166629791 0.14911937713623 0.15078192949295 0.153542533516884 0.146367624402046 0.153169050812721 0.153887689113617 0.157249912619591 0.171727329492569 0.171327188611031 0.179749205708504 0.18227881193161 0.149317756295204 0.13706362247467 0.153340548276901 0.154942914843559 0.169931009411812 0.201959162950516 0.235661804676056 0.263083219528198 0.294108748435974 0.34213975071907 0.385315209627151 0.407243072986603 0.418468594551086 0.415692836046219 0.422547250986099 0.442935466766357 0.466007620096207 0.47006618976593
