data/trimmed_ndre/W_ndre.613.2015_no_clouds.asc
NCOLS 130 
NROWS 71 
XLLCORNER 530645 
YLLCORNER 5158205 
CELLSIZE 5 
NODATA_value -3.4e+38 
[rows 21 to 41 of 71, columns 0 to 48 of 130]
0.276098996400833 0.277289807796478 0.282556563615799 0.278612166643143 0.280378460884094 0.287504971027374 0.285820692777634 0.290096759796143 0.282304584980011 0.259017825126648 0.262549489736557 0.267054677009583 0.266142755746841 0.270551741123199 0.264966696500778 0.258217990398407 0.255652785301208 0.255177080631256 0.248456865549088 0.240553662180901 0.240852028131485 0.250958055257797 0.253519088029861 0.243825048208237 0.227833032608032 0.227934926748276 0.234030425548553 0.228429585695267 0.219414666295052 0.215516731142998 0.222853884100914 0.242187172174454 0.253250032663345 0.255700558423996 0.255544066429138 0.252133190631866 0.239715948700905 0.222149193286896 0.217335686087608 0.221590653061867 0.232784926891327 0.241932302713394 0.243765607476234 0.247119024395943 0.25650691986084 0.275140255689621 0.288849532604218 0.297897428274155 0.297918289899826
0.281046688556671 0.283418595790863 0.28686586022377 0.303231477737427 0.291305273771286 0.282061547040939 0.280498862266541 0.289663821458817 0.29160350561142 0.281859993934631 0.260329157114029 0.261520564556122 0.266674101352692 0.269323408603668 0.264210551977158 0.254940509796143 0.248919054865837 0.249801203608513 0.250182271003723 0.246849894523621 0.242803975939751 0.244751274585724 0.244544416666031 0.241700261831284 0.232801139354706 0.231366664171219 0.234478488564491 0.23529152572155 0.226774796843529 0.22325998544693 0.227504581212997 0.242655426263809 0.254222452640533 0.260197788476944 0.259292602539062 0.251535832881927 0.23848420381546 0.226918756961823 0.21840700507164 0.206448897719383 0.209841296076775 0.225564226508141 0.240539267659187 0.241402015089989 0.244912773370743 0.256606936454773 0.270148068666458 0.282108843326569 0.289488226175308
-3.4e+38 0.284345597028732 0.287204563617706 0.301008105278015 0.292896747589111 0.280739992856979 0.281372219324112 0.292800486087799 0.287062406539917 0.277527421712875 0.268432885408401 0.262752771377563 0.262846052646637 0.262470334768295 0.258616805076599 0.24670198559761 0.241988196969032 0.246970817446709 0.249280840158463 0.243870973587036 0.237589329481125 0.23229293525219 0.221967190504074 0.220595553517342 0.227903544902802 0.232989653944969 0.237244054675102 0.237353265285492 0.228740602731705 0.227224871516228 0.226857960224152 0.228089943528175 0.23577356338501 0.252130061388016 0.261142313480377 0.254395425319672 0.234685614705086 0.227107524871826 0.227022364735603 0.219327837228775 0.217077776789665 0.226709187030792 0.242269039154053 0.240197703242302 0.239984065294266 0.246782228350639 0.262945592403412 0.273034423589706 0.277393847703934
-3.4e+38 -3.4e+38 0.283749848604202 0.295023858547211 0.29487407207489 0.282064735889435 0.271521091461182 0.277649492025375 0.287227928638458 0.279908001422882 0.269418746232986 0.259971916675568 0.255503743886948 0.252967178821564 0.248067632317543 0.237236097455025 0.234170958399773 0.238280043005943 0.241146564483643 0.228621274232864 0.221625745296478 0.220713764429092 0.216569229960442 0.220017865300179 0.227433249354362 0.231415256857872 0.236409604549408 0.23278534412384 0.222331374883652 0.219052463769913 0.221512854099274 0.226214200258255 0.233461275696754 0.25154373049736 0.26695728302002 0.267140060663223 0.244012117385864 0.23351863026619 0.232324481010437 0.232320636510849 0.228711843490601 0.233999565243721 0.243048816919327 0.242001473903656 0.246707826852798 0.260037332773209 0.276907950639725 0.282748520374298 0.27538874745369
-3.4e+38 -3.4e+38 -3.4e+38 0.295700043439865 0.281028062105179 0.278088092803955 0.273644119501114 0.272291988134384 0.279893487691879 0.275286197662354 0.262906491756439 0.25480842590332 0.245837867259979 0.244446963071823 0.243634298443794 0.236423119902611 0.231582015752792 0.230220556259155 0.229415655136108 0.212279796600342 0.214462235569954 0.223174899816513 0.225177153944969 0.221680715680122 0.223498493432999 0.226704984903336 0.232989281415939 0.232738897204399 0.229396343231201 0.229649871587753 0.2337297052145 0.236128583550453 0.240951165556908 0.254747748374939 0.272038996219635 0.273709297180176 0.252068191766739 0.236162737011909 0.232147842645645 0.233903676271439 0.23141011595726 0.237218618392944 0.245921850204468 0.253059238195419 0.254823595285416 0.264064937829971 0.279689401388168 0.291405439376831 0.284727185964584
-3.4e+38 -3.4e+38 -3.4e+38 0.283401072025299 0.278912514448166 0.275131791830063 0.272239148616791 0.269263863563538 0.266422241926193 0.270852893590927 0.266181290149689 0.254278928041458 0.243004307150841 0.242726489901543 0.243250653147697 0.239714533090591 0.234272927045822 0.229219496250153 0.221995934844017 0.210031777620316 0.218390896916389 0.226801007986069 0.229447945952415 0.221504122018814 0.22036312520504 0.22382715344429 0.22592431306839 0.230225205421448 0.234137088060379 0.238448247313499 0.244270130991936 0.244190037250519 0.243802636861801 0.24968233704567 0.265137583017349 0.267341315746307 0.253483325242996 0.235470965504646 0.22918726503849 0.22439232468605 0.217398196458817 0.225847646594048 0.241673037409782 0.2538221180439 0.255038052797318 0.262349516153336 0.274233013391495 0.290615260601044 0.304136723279953
-3.4e+38 -3.4e+38 -3.4e+38 0.277205586433411 0.27519279718399 0.274995893239975 0.269677042961121 0.27057945728302 0.271224230527878 0.26554000377655 0.26472595334053 0.25751131772995 0.246514976024628 0.244344651699066 0.242697775363922 0.239106744527817 0.232463747262955 0.232966527342796 0.22627979516983 0.216138675808907 0.226470574736595 0.226817756891251 0.226129248738289 0.2310641258955 0.233442917466164 0.232013612985611 0.228131607174873 0.226330429315567 0.23201721906662 0.238450855016708 0.241491392254829 0.240318968892097 0.244141533970833 0.253062933683395 0.265841245651245 0.265840262174606 0.254549890756607 0.237869188189507 0.232795879244804 0.234403386712074 0.235105663537979 0.233719915151596 0.24244749546051 0.246572285890579 0.248576402664185 0.264624387025833 0.27719709277153 0.290140986442566 0.304808735847473
-3.4e+38 -3.4e+38 -3.4e+38 -3.4e+38 0.274091809988022 0.279441267251968 0.269839912652969 0.265268832445145 0.262068718671799 0.257479757070541 0.260640501976013 0.258731335401535 0.251576125621796 0.24523651599884 0.237564206123352 0.231778085231781 0.227471068501472 0.229770675301552 0.227172344923019 0.223020881414413 0.231180593371391 0.226814433932304 0.22334523499012 0.227704927325249 0.239803746342659 0.237983614206314 0.230112552642822 0.22210468351841 0.2272839397192 0.237646713852882 0.248035132884979 0.251847445964813 0.256746292114258 0.26342049241066 0.270887285470963 0.271139562129974 0.260828018188477 0.249022424221039 0.247774854302406 0.244329616427422 0.242674455046654 0.241440445184708 0.246961355209351 0.239012822508812 0.238444462418556 0.261847525835037 0.282696813344955 0.293738633394241 0.301349401473999
-3.4e+38 -3.4e+38 -3.4e+38 -3.4e+38 -3.4e+38 0.276910394430161 0.278331130743027 0.267508924007416 0.258570998907089 0.252570509910583 0.251840561628342 0.254040956497192 0.252334803342819 0.244733244180679 0.231067225337029 0.228104919195175 0.228516384959221 0.228087678551674 0.225400313735008 0.22294819355011 0.219460099935532 0.217230647802353 0.217366188764572 0.22066430747509 0.231104657053947 0.237962305545807 0.233196079730988 0.229350745677948 0.239523336291313 0.250982671976089 0.260040581226349 0.264462202787399 0.26819109916687 0.271887749433517 0.275251626968384 0.277887374162674 0.270971119403839 0.264792233705521 0.263505607843399 0.257737517356873 0.250820338726044 0.250638097524643 0.261583715677261 0.25747948884964 0.252521425485611 0.259818285703659 0.278638601303101 0.293476760387421 0.304077237844467
-3.4e+38 -3.4e+38 -3.4e+38 -3.4e+38 -3.4e+38 -3.4e+38 -3.4e+38 -3.4e+38 0.261926829814911 0.252321511507034 0.241665691137314 0.238672226667404 0.242262706160545 0.243996724486351 0.237926319241524 0.235370054841042 0.236484184861183 0.235443294048309 0.221042513847351 0.220447823405266 0.224399000406265 0.226420894265175 0.224625244736671 0.220533102750778 0.219671010971069 0.242292210459709 0.24781633913517 0.247696995735168 0.252318024635315 0.259007573127747 0.264288753271103 0.267607092857361 0.26963198184967 0.274062305688858 0.280523121356964 0.285608410835266 0.280926078557968 0.278608590364456 0.277805685997009 0.276500642299652 0.271208822727203 0.268882513046265 0.271972596645355 0.272026866674423 0.264254570007324 0.262870460748672 0.275444805622101 0.297873824834824 0.318283706903458
-3.4e+38 -3.4e+38 -3.4e+38 -3.4e+38 -3.4e+38 -3.4e+38 -3.4e+38 -3.4e+38 -3.4e+38 -3.4e+38 0.260263025760651 0.239828944206238 0.237588420510292 0.243789702653885 0.249775126576424 0.245115235447884 0.238707080483437 0.235059186816216 0.2326430529356 0.236739009618759 0.240701124072075 0.243671283125877 0.243384301662445 0.246027320623398 0.249303296208382 0.253615498542786 0.250411957502365 0.25522854924202 0.262296259403229 0.26573583483696 0.261591017246246 0.259816199541092 0.263699054718018 0.269809246063232 0.281956613063812 0.290327996015549 0.287481933832169 0.286516278982162 0.286590486764908 0.285998910665512 0.285491019487381 0.286304712295532 0.287281811237335 0.286661773920059 0.275261789560318 0.274108678102493 0.289256751537323 0.316888630390167 0.328741580247879
-3.4e+38 -3.4e+38 -3.4e+38 -3.4e+38 -3.4e+38 -3.4e+38 -3.4e+38 -3.4e+38 -3.4e+38 -3.4e+38 -3.4e+38 0.246169537305832 0.240561082959175 0.241410121321678 0.242267921566963 0.236883535981178 0.235503822565079 0.23779433965683 0.245058804750443 0.256756782531738 0.255538523197174 0.253477603197098 0.254846185445786 0.250971406698227 0.252478301525116 0.253262549638748 0.24601836502552 0.256825536489487 0.272716701030731 0.285456627607346 0.280459672212601 0.266699433326721 0.259443730115891 0.26686304807663 0.285707712173462 0.293779581785202 0.289631605148315 0.283745944499969 0.286249727010727 0.290615558624268 0.292996734380722 0.293015003204346 0.293978124856949 0.293293565511703 0.28448611497879 0.276476860046387 0.283112764358521 0.307468056678772 0.32253709435463
-3.4e+38 -3.4e+38 -3.4e+38 -3.4e+38 -3.4e+38 -3.4e+38 -3.4e+38 -3.4e+38 -3.4e+38 -3.4e+38 -3.4e+38 -3.4e+38 -3.4e+38 -3.4e+38 -3.4e+38 -3.4e+38 -3.4e+38 -3.4e+38 -3.4e+38 -3.4e+38 -3.4e+38 -3.4e+38 -3.4e+38 -3.4e+38 -3.4e+38 -3.4e+38 -3.4e+38 -3.4e+38 -3.4e+38 -3.4e+38 -3.4e+38 0.277465760707855 0.271248251199722 0.274514079093933 0.29369643330574 0.297968953847885 0.287935107946396 0.274889200925827 0.279517501592636 0.283600121736526 0.285115391016006 0.283141016960144 0.281457483768463 0.280068635940552 0.277769535779953 0.265205919742584 0.267991870641708 0.286738812923431 0.309295952320099
-3.4e+38 -3.4e+38 -3.4e+38 -3.4e+38 -3.4e+38 -3.4e+38 -3.4e+38 -3.4e+38 -3.4e+38 -3.4e+38 -3.4e+38 -3.4e+38 -3.4e+38 -3.4e+38 -3.4e+38 -3.4e+38 -3.4e+38 -3.4e+38 -3.4e+38 -3.4e+38 -3.4e+38 -3.4e+38 -3.4e+38 -3.4e+38 -3.4e+38 -3.4e+38 -3.4e+38 -3.4e+38 -3.4e+38 -3.4e+38 -3.4e+38 -3.4e+38 -3.4e+38 0.292546927928925 0.292152464389801 0.290066629648209 0.279182940721512 0.265993446111679 0.268543362617493 0.268683433532715 0.265376150608063 0.262125670909882 0.260947912931442 0.260086417198181 0.260401517152786 0.256573587656021 0.259983867406845 0.271668523550034 0.29191330075264
-3.4e+38 -3.4e+38 -3.4e+38 -3.4e+38 -3.4e+38 -3.4e+38 -3.4e+38 -3.4e+38 -3.4e+38 -3.4e+38 -3.4e+38 -3.4e+38 -3.4e+38 -3.4e+38 -3.4e+38 -3.4e+38 -3.4e+38 -3.4e+38 -3.4e+38 -3.4e+38 -3.4e+38 -3.4e+38 -3.4e+38 -3.4e+38 -3.4e+38 -3.4e+38 -3.4e+38 -3.4e+38 -3.4e+38 -3.4e+38 -3.4e+38 -3.4e+38 -3.4e+38 -3.4e+38 0.283797681331635 0.283298403024673 0.269912630319595 0.258268147706985 0.256883859634399 0.262647986412048 0.265715003013611 0.263626873493195 0.258383840322495 0.249932587146759 0.247349545359612 0.254310429096222 0.266512364149094 0.273272663354874 0.279135882854462
-3.4e+38 -3.4e+38 -3.4e+38 -3.4e+38 -3.4e+38 -3.4e+38 -3.4e+38 -3.4e+38 -3.4e+38 -3.4e+38 -3.4e+38 -3.4e+38 -3.4e+38 -3.4e+38 -3.4e+38 -3.4e+38 -3.4e+38 -3.4e+38 -3.4e+38 -3.4e+38 -3.4e+38 -3.4e+38 -3.4e+38 -3.4e+38 -3.4e+38 -3.4e+38 -3.4e+38 -3.4e+38 -3.4e+38 -3.4e+38 -3.4e+38 -3.4e+38 -3.4e+38 -3.4e+38 0.286198109388351 0.284553438425064 0.264107048511505 0.252377033233643 0.250539809465408 0.252656847238541 0.253026604652405 0.254650801420212 0.255139827728271 0.247292026877403 0.240566939115524 0.239139825105667 0.245833516120911 0.25450399518013 0.261597454547882
-3.4e+38 -3.4e+38 -3.4e+38 -3.4e+38 -3.4e+38 -3.4e+38 -3.4e+38 -3.4e+38 -3.4e+38 -3.4e+38 -3.4e+38 -3.4e+38 -3.4e+38 -3.4e+38 -3.4e+38 -3.4e+38 -3.4e+38 -3.4e+38 -3.4e+38 -3.4e+38 -3.4e+38 -3.4e+38 -3.4e+38 -3.4e+38 -3.4e+38 -3.4e+38 -3.4e+38 -3.4e+38 -3.4e+38 -3.4e+38 -3.4e+38 -3.4e+38 -3.4e+38 -3.4e+38 0.296106845140457 0.294258773326874 0.269834935665131 0.25470033288002 0.249016761779785 0.248592913150787 0.243770003318787 0.242417633533478 0.244431003928185 0.243075922131538 0.241879686713219 0.237773552536964 0.232810035347939 0.233587145805359 0.243406027555466
-3.4e+38 -3.4e+38 -3.4e+38 -3.4e+38 -3.4e+38 -3.4e+38 -3.4e+38 -3.4e+38 -3.4e+38 -3.4e+38 -3.4e+38 -3.4e+38 -3.4e+38 -3.4e+38 -3.4e+38 -3.4e+38 -3.4e+38 -3.4e+38 -3.4e+38 -3.4e+38 -3.4e+38 -3.4e+38 -3.4e+38 -3.4e+38 -3.4e+38 -3.4e+38 -3.4e+38 -3.4e+38 -3.4e+38 -3.4e+38 -3.4e+38 -3.4e+38 -3.4e+38 -3.4e+38 -3.4e+38 0.286510974168777 0.269693195819855 0.258676677942276 0.251493126153946 0.248858034610748 0.246136918663979 0.243682444095612 0.239564955234528 0.233644783496857 0.225368604063988 0.224011585116386 0.222250699996948 0.217954963445663 0.229946732521057
-3.4e+38 -3.4e+38 -3.4e+38 -3.4e+38 -3.4e+38 -3.4e+38 -3.4e+38 -3.4e+38 -3.4e+38 -3.4e+38 -3.4e+38 -3.4e+38 -3.4e+38 -3.4e+38 -3.4e+38 -3.4e+38 -3.4e+38 -3.4e+38 -3.4e+38 -3.4e+38 -3.4e+38 -3.4e+38 -3.4e+38 -3.4e+38 -3.4e+38 -3.4e+38 -3.4e+38 -3.4e+38 -3.4e+38 -3.4e+38 -3.4e+38 -3.4e+38 -3.4e+38 -3.4e+38 -3.4e+38 -3.4e+38 0.270982891321182 0.263252645730972 0.251844167709351 0.242068961262703 0.235543012619019 0.235000237822533 0.234195202589035 0.228073284029961 0.212870076298714 0.212644204497337 0.217897936701775 0.222586438059807 0.222477152943611
-3.4e+38 -3.4e+38 -3.4e+38 -3.4e+38 -3.4e+38 -3.4e+38 -3.4e+38 -3.4e+38 -3.4e+38 -3.4e+38 -3.4e+38 -3.4e+38 -3.4e+38 -3.4e+38 -3.4e+38 -3.4e+38 -3.4e+38 -3.4e+38 -3.4e+38 -3.4e+38 -3.4e+38 -3.4e+38 -3.4e+38 -3.4e+38 -3.4e+38 -3.4e+38 -3.4e+38 -3.4e+38 -3.4e+38 -3.4e+38 -3.4e+38 -3.4e+38 -3.4e+38 -3.4e+38 -3.4e+38 -3.4e+38 -3.4e+38 0.263211309909821 0.243048772215843 0.229711249470711 0.226285725831985 0.232881724834442 0.237709254026413 0.233720287680626 0.222641512751579 0.222228676080704 0.223388865590096 0.225476384162903 0.225152835249901
-3.4e+38 -3.4e+38 -3.4e+38 -3.4e+38 -3.4e+38 -3.4e+38 -3.4e+38 -3.4e+38 -3.4e+38 -3.4e+38 -3.4e+38 -3.4e+38 -3.4e+38 -3.4e+38 -3.4e+38 -3.4e+38 -3.4e+38 -3.4e+38 -3.4e+38 -3.4e+38 -3.4e+38 -3.4e+38 -3.4e+38 -3.4e+38 -3.4e+38 -3.4e+38 -3.4e+38 -3.4e+38 -3.4e+38 -3.4e+38 -3.4e+38 -3.4e+38 -3.4e+38 -3.4e+38 -3.4e+38 -3.4e+38 -3.4e+38 -3.4e+38 0.233570575714111 0.224426195025444 0.226199775934219 0.236971944570541 0.2481399923563 0.248308405280113 0.240181148052216 0.232356235384941 0.225261330604553 0.222963616251945 0.225490182638168
