data/trimmed_ndre/W_ndre.722.2014_no_clouds.asc
NCOLS 130 
NROWS 71 
XLLCORNER 530645 
YLLCORNER 5158205 
CELLSIZE 5 
NODATA_value -3.4e+38 
[rows 42 to 62 of 71, columns 49 to 97 of 130]
0.342802107334137 0.315845191478729 0.310300767421722 0.290678530931473 0.302217394113541 0.36982649564743 0.42335644364357 0.455214530229568 0.449758917093277 0.423225909471512 0.412288933992386 0.385206967592239 0.388865649700165 0.391650199890137 0.376362711191177 0.386314004659653 0.390266269445419 0.390544414520264 0.382452219724655 0.38118189573288 0.40336748957634 0.433996826410294 0.422617673873901 0.407288700342178 0.412196338176727 0.412541508674622 0.403630465269089 0.403886914253235 0.403653383255005 0.404462069272995 0.407814830541611 0.39446809887886 0.399805784225464 0.401223957538605 0.387021481990814 0.387663632631302 0.394229114055634 0.38433176279068 0.381271570920944 0.389372646808624 0.400591611862183 0.412184298038483 0.429485678672791 0.43485900759697 0.430519342422485 0.42095822095871 0.424980729818344 0.429817616939545 0.402387261390686
0.318004280328751 0.284103006124496 0.278976798057556 0.273659944534302 0.290207982063293 0.353715181350708 0.404085606336594 0.427153587341309 0.416535794734955 0.396822720766068 0.390065670013428 0.381956309080124 0.396962255239487 0.396453469991684 0.396830916404724 0.418606787919998 0.406272679567337 0.386752784252167 0.379249006509781 0.391065388917923 0.407451868057251 0.412004142999649 0.40323331952095 0.387210816144943 0.388300210237503 0.402528524398804 0.400566816329956 0.392611563205719 0.395559281110764 0.416323810815811 0.415658086538315 0.398890733718872 0.410220295190811 0.41201314330101 0.393807977437973 0.393874317407608 0.411432147026062 0.408105045557022 0.409955561161041 0.408211469650269 0.410161048173904 0.421589732170105 0.435849577188492 0.429302155971527 0.423190861940384 0.416973531246185 0.413469940423965 0.408334225416183 0.388590097427368
0.267791330814362 0.251389145851135 0.261213213205338 0.275448650121689 0.300599902868271 0.352102756500244 0.403209567070007 0.422377735376358 0.402807861566544 0.38743269443512 0.365782618522644 0.36678272485733 0.400589644908905 0.416907638311386 0.415674984455109 0.417025506496429 0.405073523521423 0.385305017232895 0.388599991798401 0.3870729804039 0.397689193487167 0.400866627693176 0.397843718528748 0.385905116796494 0.390925914049149 0.388403683900833 0.382665485143661 0.395837128162384 0.40806320309639 0.427055835723877 0.421881198883057 0.408866941928864 0.42266121506691 0.417926967144012 0.384221285581589 0.401580512523651 0.437130868434906 0.43088087439537 0.433407306671143 0.421676903963089 0.417267501354218 0.421429395675659 0.42741984128952 0.422188729047775 0.423354417085648 0.41614106297493 0.399403005838394 0.404382258653641 0.417674422264099
0.229746624827385 0.235877856612206 0.253582268953323 0.270869374275208 0.311244010925293 0.361950725317001 0.426869034767151 0.451207727193832 0.417749762535095 0.39295020699501 0.355160683393478 0.357431650161743 0.40049222111702 0.419085562229156 0.407332509756088 0.397584766149521 0.406894356012344 0.401890724897385 0.395060122013092 0.394207030534744 0.404162764549255 0.40951532125473 0.400765031576157 0.39058244228363 0.383159905672073 0.372449696063995 0.378944307565689 0.404603123664856 0.415087103843689 0.420830219984055 0.423497080802917 0.415002405643463 0.419568836688995 0.412250548601151 0.386002600193024 0.409867882728577 0.438500255346298 0.43086189031601 0.433196187019348 0.419416636228561 0.410031288862228 0.409388065338135 0.413288682699203 0.41629695892334 0.417507767677307 0.410256445407867 0.409398108720779 0.42362043261528 0.444504678249359
0.230329006910324 0.243761315941811 0.256722658872604 0.274996489286423 0.32518458366394 0.386444121599197 0.450700253248215 0.474430322647095 0.44522550702095 0.412121415138245 0.369619965553284 0.370713263750076 0.395764499902725 0.402743428945541 0.399598211050034 0.404949754476547 0.421037703752518 0.410771548748016 0.40248504281044 0.407099306583405 0.403554618358612 0.40430024266243 0.402233183383942 0.394491851329803 0.388189703226089 0.38611963391304 0.387581139802933 0.400188654661179 0.402377724647522 0.401381313800812 0.397746562957764 0.386759102344513 0.399653434753418 0.413489162921906 0.408825427293777 0.409768760204315 0.420630812644958 0.42930206656456 0.426804035902023 0.415140300989151 0.405527889728546 0.400046080350876 0.403510928153992 0.409066021442413 0.406752526760101 0.416373282670975 0.435415804386139 0.432710558176041 0.44415095448494
0.260988801717758 0.275876522064209 0.288486421108246 0.300652772188187 0.338624179363251 0.398524075746536 0.45481476187706 0.475377857685089 0.463784247636795 0.434666186571121 0.399024099111557 0.40013787150383 0.397498399019241 0.402274787425995 0.41883459687233 0.435209572315216 0.443251639604568 0.417918533086777 0.404588013887405 0.4053975045681 0.407905697822571 0.414981454610825 0.412584692239761 0.401587158441544 0.393644601106644 0.395766973495483 0.386662811040878 0.382598608732224 0.379205256700516 0.3769351541996 0.370266020298004 0.370979785919189 0.393760681152344 0.410094439983368 0.396519213914871 0.381071090698242 0.398649245500565 0.423058271408081 0.426871538162231 0.421573758125305 0.42048567533493 0.416605919599533 0.424491226673126 0.427740037441254 0.419695913791656 0.429413259029388 0.445145219564438 0.440662801265717 0.448027163743973
0.304145872592926 0.321074247360229 0.332911252975464 0.331348866224289 0.349627584218979 0.397405177354813 0.44350391626358 0.451374888420105 0.4568150639534 0.440762877464294 0.419523894786835 0.428933054208755 0.423427790403366 0.428687781095505 0.445975422859192 0.457719564437866 0.454617559909821 0.423287153244019 0.403838992118835 0.404591470956802 0.414375454187393 0.423127770423889 0.418082445859909 0.402265846729279 0.38440203666687 0.382036626338959 0.382379114627838 0.385367661714554 0.38332536816597 0.383523225784302 0.380668252706528 0.387147575616837 0.397306531667709 0.397129476070404 0.384238302707672 0.370555251836777 0.386900454759598 0.409686118364334 0.417801827192307 0.422128647565842 0.431090384721756 0.44175997376442 0.458516180515289 0.459139943122864 0.451522558927536 0.434620201587677 0.438070267438889 0.444335967302322 0.442833364009857
0.349497377872467 0.358383029699326 0.356309950351715 0.348509550094604 0.361572086811066 0.391164630651474 0.424469828605652 0.432274401187897 0.445964694023132 0.434586822986603 0.435594230890274 0.455919593572617 0.453639000654221 0.44133335351944 0.440173506736755 0.450043350458145 0.442395448684692 0.415703743696213 0.398750066757202 0.401810258626938 0.413841396570206 0.418479204177856 0.414523303508759 0.403386890888214 0.382491737604141 0.375533729791641 0.39092144370079 0.408843666315079 0.41111096739769 0.41062718629837 0.398624360561371 0.399850934743881 0.403188914060593 0.3953458070755 0.393465101718903 0.378955215215683 0.389092415571213 0.408805340528488 0.415671765804291 0.428337961435318 0.442400187253952 0.459094971418381 0.474225074052811 0.465838223695755 0.459057331085205 0.445365965366364 0.444922804832458 0.437764793634415 0.42316859960556
0.396041095256805 0.382086545228958 0.377146154642105 0.384058505296707 0.394166797399521 0.410431742668152 0.426088154315948 0.437454015016556 0.448754727840424 0.43400302529335 0.44284400343895 0.457787394523621 0.449601024389267 0.427212178707123 0.4200159907341 0.426246404647827 0.416817665100098 0.401796698570251 0.390220820903778 0.39388370513916 0.40478515625 0.410833686590195 0.412142902612686 0.402933895587921 0.380295127630234 0.384963631629944 0.410139739513397 0.425309211015701 0.426030278205872 0.42056268453598 0.406260579824448 0.400495767593384 0.400601089000702 0.398607611656189 0.399778932332993 0.390443742275238 0.398512780666351 0.418945580720901 0.425602555274963 0.437095552682877 0.447685301303864 0.466060698032379 0.48016157746315 0.473667919635773 0.467665493488312 0.458957344293594 0.453239679336548 0.424767881631851 0.398983091115952
0.424719989299774 0.416469186544418 0.412831008434296 0.418601989746094 0.425691217184067 0.445808917284012 0.439695566892624 0.434064596891403 0.44137904047966 0.435954451560974 0.448630750179291 0.448496848344803 0.433276027441025 0.415463745594025 0.405666559934616 0.401907324790955 0.398899048566818 0.392919301986694 0.384175390005112 0.386108905076981 0.39599871635437 0.403392463922501 0.402936369180679 0.392471313476562 0.381883293390274 0.401386350393295 0.422085762023926 0.428524971008301 0.429324358701706 0.423333644866943 0.40574723482132 0.398121476173401 0.397382438182831 0.39820921421051 0.404992341995239 0.403154760599136 0.414388000965118 0.427083849906921 0.433532655239105 0.436124622821808 0.436767905950546 0.454895615577698 0.468176603317261 0.463540434837341 0.449418693780899 0.448272734880447 0.446006387472153 0.419844478368759 0.411554455757141
0.433611154556274 0.422720372676849 0.422245889902115 0.419646203517914 0.422632157802582 0.436720579862595 0.431637972593307 0.436887145042419 0.447903126478195 0.451943099498749 0.466230601072311 0.463199853897095 0.441632747650146 0.423204332590103 0.414595246315002 0.413013160228729 0.401514917612076 0.391225636005402 0.385666370391846 0.386215180158615 0.386892378330231 0.391797661781311 0.390917301177979 0.389490514993668 0.391973525285721 0.409871250391006 0.42630672454834 0.423489421606064 0.423607975244522 0.423201322555542 0.41042822599411 0.413080215454102 0.413400560617447 0.404652982950211 0.411354035139084 0.416524529457092 0.427845895290375 0.430861830711365 0.431319653987885 0.423260867595673 0.41233828663826 0.422525852918625 0.432855308055878 0.428167790174484 0.421156644821167 0.437878578901291 0.423310548067093 0.388400703668594 0.397215455770493
0.436272114515305 0.416252613067627 0.421048820018768 0.424043744802475 0.438514679670334 0.445029318332672 0.44398358464241 0.458142548799515 0.464530736207962 0.468457490205765 0.47247976064682 0.455395042896271 0.435340762138367 0.431612730026245 0.431545615196228 0.441936999559402 0.415735095739365 0.396177917718887 0.395023256540298 0.380473017692566 0.385073393583298 0.392066478729248 0.393682301044464 0.405246466398239 0.413490235805511 0.430844038724899 0.436285227537155 0.423069715499878 0.421724945306778 0.421646267175674 0.419053167104721 0.430514752864838 0.435645461082458 0.426227003335953 0.428251981735229 0.43450602889061 0.440961897373199 0.440814197063446 0.434820085763931 0.415933728218079 0.400976955890656 0.398601293563843 0.400414735078812 0.405663549900055 0.406753569841385 0.415697336196899 0.388011068105698 0.357531905174255 0.362076103687286
0.466114223003387 0.444800615310669 0.441512942314148 0.447400093078613 0.468447864055634 0.471294820308685 0.46852919459343 0.466813623905182 0.457525998353958 0.474501967430115 0.467401802539825 0.448294639587402 0.439872980117798 0.427042156457901 0.416859060525894 0.421125262975693 0.398638486862183 0.39093866944313 0.391747832298279 0.378505200147629 0.398264557123184 0.415875852108002 0.419401407241821 0.431576639413834 0.44512951374054 0.45026221871376 0.443780601024628 0.429565340280533 0.422007739543915 0.415114969015121 0.419837445020676 0.435640841722488 0.445360958576202 0.439799010753632 0.436400771141052 0.443868637084961 0.443579822778702 0.441758066415787 0.438705891370773 0.414818912744522 0.400711119174957 0.394439965486526 0.383537411689758 0.379021376371384 0.37437829375267 0.375018835067749 0.369142323732376 0.371156007051468 0.373695313930511
0.49018195271492 0.475858956575394 0.467025965452194 0.471596658229828 0.487952768802643 0.485292255878448 0.47853147983551 0.455672770738602 0.441393196582794 0.459282279014587 0.459174811840057 0.455125421285629 0.442295461893082 0.417450278997421 0.39409738779068 0.384411364793777 0.383926421403885 0.386295944452286 0.389924585819244 0.38680100440979 0.403574079275131 0.413936287164688 0.407881408929825 0.421297013759613 0.444015294313431 0.442988187074661 0.431085735559464 0.426902920007706 0.428275555372238 0.423005431890488 0.424142777919769 0.432283669710159 0.432926625013351 0.424980491399765 0.420462936162949 0.424867987632751 0.421205908060074 0.422065913677216 0.427705138921738 0.407808005809784 0.393862873315811 0.385974496603012 0.369317412376404 0.363521367311478 0.359733700752258 0.358196675777435 0.373070895671844 0.395062983036041 0.399910897016525
0.49618873000145 0.500020384788513 0.48880872130394 0.485624253749847 0.490622103214264 0.485624253749847 0.488667130470276 0.461012721061707 0.443218261003494 0.45169135928154 0.452377617359161 0.438528388738632 0.421251714229584 0.409740090370178 0.374015212059021 0.367299050092697 0.387251824140549 0.386744260787964 0.387147724628448 0.382245242595673 0.386719733476639 0.38761830329895 0.38046595454216 0.395802050828934 0.419248104095459 0.429418534040451 0.430329918861389 0.438052445650101 0.44000843167305 0.433211207389832 0.428323358297348 0.434246182441711 0.415123492479324 0.375252604484558 0.356801688671112 0.365395545959473 0.385395079851151 0.403429627418518 0.407265871763229 0.391228824853897 0.389083594083786 0.390671849250793 0.384349673986435 0.383116632699966 0.376297354698181 0.359977066516876 0.367041885852814 0.368567824363708 0.377229869365692
0.494336098432541 0.505062580108643 0.505949914455414 0.513838171958923 0.506342172622681 0.495278865098953 0.495939284563065 0.472570598125458 0.458197295665741 0.452764362096786 0.439491897821426 0.431217163801193 0.424524903297424 0.409907609224319 0.377103418111801 0.374849736690521 0.385860770940781 0.388493061065674 0.398363769054413 0.382043331861496 0.373290508985519 0.378598868846893 0.388322204351425 0.405196100473404 0.417293310165405 0.409118115901947 0.413808226585388 0.433980911970139 0.431728363037109 0.425346046686172 0.416375488042831 0.412913292646408 0.397618800401688 0.35403510928154 0.319232314825058 0.326625972986221 0.367854654788971 0.412467658519745 0.419789463281631 0.411832571029663 0.407544940710068 0.413063108921051 0.412283957004547 0.401045083999634 0.377398908138275 0.371876776218414 0.374892145395279 0.344290733337402 0.352874338626862
0.49358469247818 0.501954078674316 0.521602153778076 0.542813718318939 0.520266711711884 0.493639200925827 0.481767117977142 0.462478548288345 0.457628011703491 0.443074703216553 0.434306025505066 0.433322608470917 0.426493614912033 0.411399990320206 0.39215075969696 0.401167452335358 0.394416719675064 0.390714555978775 0.395551532506943 0.377861768007278 0.376567661762238 0.376481801271439 0.381789267063141 0.398454368114471 0.406942486763 0.392910748720169 0.399136334657669 0.409112870693207 0.403591513633728 0.411633342504501 0.40698915719986 0.400578320026398 0.401643365621567 0.374335169792175 0.347352236509323 0.347013235092163 0.367212116718292 0.410236597061157 0.424492746591568 0.429932981729507 0.421663105487823 0.418475389480591 0.420036524534225 0.419312357902527 0.391528934240341 0.389411747455597 0.393050223588943 -3.4e+38 -3.4e+38
0.488905817270279 0.507519900798798 0.529027819633484 0.537348389625549 0.498869746923447 0.47204452753067 0.454919219017029 0.444254964590073 0.449230432510376 0.442776560783386 0.434043943881989 0.420548647642136 0.40986180305481 0.402081876993179 0.400439828634262 0.417289793491364 0.401659965515137 0.389597803354263 0.381117701530457 0.373020887374878 0.378061980009079 0.362008064985275 0.362885445356369 0.379254132509232 0.391993910074234 0.400146067142487 0.410304039716721 0.413408100605011 0.405774623155594 0.407895147800446 0.400786221027374 0.402926623821259 0.413194864988327 0.389513581991196 0.38303279876709 0.393460065126419 0.399686545133591 0.416191816329956 0.416571259498596 0.413314878940582 0.414145559072495 0.414675325155258 0.399387747049332 0.400535583496094 0.390235155820847 0.38964432477951 -3.4e+38 -3.4e+38 -3.4e+38
0.504073679447174 0.518606066703796 0.52426666021347 0.501149713993073 0.459275424480438 0.455495029687881 0.448104560375214 0.440641462802887 0.445399463176727 0.436913549900055 0.419530034065247 0.398886680603027 0.400635242462158 0.404065668582916 0.404265880584717 0.412099838256836 0.407367795705795 0.39117231965065 0.376152604818344 0.376690328121185 0.387504518032074 0.384182453155518 0.377277314662933 0.377425104379654 0.387498885393143 0.393840432167053 0.401488542556763 0.406819671392441 0.404488414525986 0.404067635536194 0.387567639350891 0.394178628921509 0.419566780328751 0.408656030893326 0.426465004682541 0.436650097370148 0.428647428750992 0.427391409873962 0.420977145433426 0.397200435400009 0.398890346288681 0.41534611582756 0.390324652194977 0.372267037630081 0.376464486122131 -3.4e+38 -3.4e+38 -3.4e+38 -3.4e+38
0.499296218156815 0.511679768562317 0.522722601890564 0.495094984769821 0.458446502685547 0.445146024227142 0.447474718093872 0.449411153793335 0.440107792615891 0.412700772285461 0.40669173002243 0.403189539909363 0.407568454742432 0.419203072786331 0.406844556331635 0.410522222518921 0.414826065301895 0.401454359292984 0.391990035772324 0.39067742228508 0.396154671907425 0.408593267202377 0.400537550449371 0.397520184516907 0.395999848842621 0.389313280582428 0.390475690364838 0.397029638290405 0.401723086833954 0.403492271900177 0.386998057365417 0.377882391214371 0.401591897010803 0.410345703363419 0.433104395866394 0.439127266407013 0.426286488771439 0.414241403341293 0.41301816701889 0.39719420671463 0.400502055883408 -3.4e+38 -3.4e+38 -3.4e+38 -3.4e+38 -3.4e+38 -3.4e+38 -3.4e+38 -3.4e+38
0.475250840187073 0.4785136282444 0.483801484107971 0.466554433107376 0.45961794257164 0.452644675970078 0.458546787500381 0.457917809486389 0.443030774593353 0.426517963409424 0.412514835596085 0.414851784706116 0.431208670139313 0.439549565315247 0.418234020471573 0.424556076526642 0.425585091114044 0.405730247497559 0.408034682273865 0.399536609649658 0.388917922973633 0.386931896209717 0.388942211866379 0.405244410037994 0.407110989093781 0.4032102227211 0.399947106838226 0.398079723119736 0.411783367395401 0.416604578495026 0.415484100580215 0.406527698040009 0.393990486860275 0.407268524169922 0.423937976360321 -3.4e+38 -3.4e+38 -3.4e+38 -3.4e+38 -3.4e+38 -3.4e+38 -3.4e+38 -3.4e+38 -3.4e+38 -3.4e+38 -3.4e+38 -3.4e+38 -3.4e+38 -3.4e+38
