data/trimmed_ndre/W_ndre.72.2009_no_clouds.asc
NCOLS 130 
NROWS 71 
XLLCORNER 530645 
YLLCORNER 5158205 
CELLSIZE 5 
NODATA_value -3.4e+38 
[rows 21 to 41 of 71, columns 0 to 48 of 130]
0.409726947546005 0.418559551239014 0.411905407905579 0.410916268825531 0.433394342660904 0.44402003288269 0.452446192502975 0.445561587810516 0.428673326969147 0.422747522592545 0.40760862827301 0.380011200904846 0.375335186719894 0.356623589992523 0.347444623708725 0.356873571872711 0.349863797426224 0.33978670835495 0.333439022302628 0.337934464216232 0.325956553220749 0.320567071437836 0.329696416854858 0.331437319517136 0.32584872841835 0.310192793607712 0.304693967103958 0.296955704689026 0.320511341094971 0.367393106222153 0.399977087974548 0.432215332984924 0.456849366426468 0.454593658447266 0.42364963889122 0.390489101409912 0.371702939271927 0.364167779684067 0.348064839839935 0.349405765533447 0.355067610740662 0.346325129270554 0.328652113676071 0.344947129487991 0.365620017051697 0.370594650506973 0.380409091711044 0.386855840682983 0.38367286324501
0.410374224185944 0.421758413314819 0.425449103116989 0.435625106096268 0.460199475288391 0.472845196723938 0.476990014314651 0.461741656064987 0.430889487266541 0.409900337457657 0.402955710887909 0.407108575105667 0.415219813585281 0.39081883430481 0.371694564819336 0.368929445743561 0.35713717341423 0.334508776664734 0.317568182945251 0.315483301877975 0.312347114086151 0.310557156801224 0.309090286493301 0.298082888126373 0.311732143163681 0.285469710826874 0.249985054135323 0.246326088905334 0.273538410663605 0.321483880281448 0.368133574724197 0.406879633665085 0.460295528173447 0.466293603181839 0.433268815279007 0.409808814525604 0.375732094049454 0.351938039064407 0.333805739879608 0.327112525701523 0.329163104295731 0.327794164419174 0.318337559700012 0.327563226222992 0.357679843902588 0.365004241466522 0.370225042104721 0.383137792348862 0.388737887144089
-3.4e+38 0.432486236095428 0.441815346479416 0.449025392532349 0.471333652734756 0.487356573343277 0.475312888622284 0.459787279367447 0.433778584003448 0.413237988948822 0.414226919412613 0.432280361652374 0.427943080663681 0.393262773752213 0.37571856379509 0.354840993881226 0.335334837436676 0.32913675904274 0.310825228691101 0.303019136190414 0.297139763832092 0.266179323196411 0.259444683790207 0.27252858877182 0.286026805639267 0.258835881948471 0.258190929889679 0.270981431007385 0.268987983465195 0.302865743637085 0.333808034658432 0.363146215677261 0.426669955253601 0.445917993783951 0.427919328212738 0.411852180957794 0.364464402198792 0.334801614284515 0.329652786254883 0.328705847263336 0.327841252088547 0.326637774705887 0.323671221733093 0.316538572311401 0.345523476600647 0.366130471229553 0.359522879123688 0.385692685842514 0.393105655908585
-3.4e+38 -3.4e+38 0.44871860742569 0.449612468481064 0.46365150809288 0.479705154895782 0.470900446176529 0.464695900678635 0.438728302717209 0.409949332475662 0.407703101634979 0.427053213119507 0.400940358638763 0.353800773620605 0.351851761341095 0.347504615783691 0.340251356363297 0.337801843881607 0.319933146238327 0.306178897619247 0.293946355581284 0.270371735095978 0.25911957025528 0.261292308568954 0.247514948248863 0.214227586984634 0.222491905093193 0.256596624851227 0.279359430074692 0.313764661550522 0.320042282342911 0.357291162014008 0.413325488567352 0.422758609056473 0.425147652626038 0.391201943159103 0.335020333528519 0.310676395893097 0.300734966993332 0.304074764251709 0.320487827062607 0.324404746294022 0.320328563451767 0.318013042211533 0.338217079639435 0.360395818948746 0.363770037889481 0.379735469818115 0.385110884904861
-3.4e+38 -3.4e+38 -3.4e+38 0.451979249715805 0.452560275793076 0.465169042348862 0.464489370584488 0.454425066709518 0.447305500507355 0.41227588057518 0.394650667905807 0.425059020519257 0.399621248245239 0.348725855350494 0.344309657812119 0.350345283746719 0.353969752788544 0.338553577661514 0.323101669549942 0.317118763923645 0.296691805124283 0.276546508073807 0.261965692043304 0.237283378839493 0.22894848883152 0.219260424375534 0.223945826292038 0.247457146644592 0.282059878110886 0.306071609258652 0.288081049919128 0.31998685002327 0.379095435142517 0.390267729759216 0.407060325145721 0.373611271381378 0.314988940954208 0.301803201436996 0.292809307575226 0.304560333490372 0.324912548065186 0.320078611373901 0.327143907546997 0.3243208527565 0.319823890924454 0.349920064210892 0.360542595386505 0.368238300085068 0.393216639757156
-3.4e+38 -3.4e+38 -3.4e+38 0.458261787891388 0.45485246181488 0.459891080856323 0.4516461789608 0.433453351259232 0.445390522480011 0.426654040813446 0.398745983839035 0.401061564683914 0.388467520475388 0.366336941719055 0.348014950752258 0.339357703924179 0.348883748054504 0.331396579742432 0.300701439380646 0.293210476636887 0.273104757070541 0.252108246088028 0.241691455245018 0.213383600115776 0.220341667532921 0.244127556681633 0.247389808297157 0.24659988284111 0.260548144578934 0.282544672489166 0.288971275091171 0.31585419178009 0.356232434511185 0.369046866893768 0.371983110904694 0.349666804075241 0.298786491155624 0.278788179159164 0.287702411413193 0.314387142658234 0.332622110843658 0.328927367925644 0.325738430023193 0.317630469799042 0.310490906238556 0.334604531526566 0.353636980056763 0.397061735391617 0.431328922510147
-3.4e+38 -3.4e+38 -3.4e+38 0.43987625837326 0.448642462491989 0.451685518026352 0.437127768993378 0.41286301612854 0.405902802944183 0.400083810091019 0.386579751968384 0.384275436401367 0.389342218637466 0.380015552043915 0.353810161352158 0.338213205337524 0.343461871147156 0.327790677547455 0.284189283847809 0.260597288608551 0.271982997655869 0.265530377626419 0.241753920912743 0.219621196389198 0.232634305953979 0.242704883217812 0.245300084352493 0.242379873991013 0.263104498386383 0.287375122308731 0.312995433807373 0.336359173059464 0.369843244552612 0.380057215690613 0.36872535943985 0.364843845367432 0.308623611927032 0.269749492406845 0.278899967670441 0.28887528181076 0.299223363399506 0.295993566513062 0.292850345373154 0.308273434638977 0.308985352516174 0.312398791313171 0.33318766951561 0.36743101477623 0.404000639915466
-3.4e+38 -3.4e+38 -3.4e+38 -3.4e+38 0.450871229171753 0.432036250829697 0.426076948642731 0.404876112937927 0.39000728726387 0.387432932853699 0.376325517892838 0.382062137126923 0.392366647720337 0.383863061666489 0.351809084415436 0.330050259828568 0.329722076654434 0.323728203773499 0.284363240003586 0.254715621471405 0.259577333927155 0.268134415149689 0.253174930810928 0.238339483737946 0.245957493782043 0.227986633777618 0.233163893222809 0.254349499940872 0.270527541637421 0.304120570421219 0.333661377429962 0.366454750299454 0.396297931671143 0.412206500768661 0.406006872653961 0.398489564657211 0.342041552066803 0.307662039995193 0.309525519609451 0.296582907438278 0.284466713666916 0.289933532476425 0.295953512191772 0.298205941915512 0.308453410863876 0.320355743169785 0.334522515535355 0.326644718647003 0.362674504518509
-3.4e+38 -3.4e+38 -3.4e+38 -3.4e+38 -3.4e+38 0.406926840543747 0.415556997060776 0.401510119438171 0.392587333917618 0.383690536022186 0.362706393003464 0.362339109182358 0.374183923006058 0.369115978479385 0.345908313989639 0.322846502065659 0.310635209083557 0.292607009410858 0.254063159227371 0.231778472661972 0.236577689647675 0.2471903860569 0.246006458997726 0.241789788007736 0.245143383741379 0.233028665184975 0.260184943675995 0.279470473527908 0.287302106618881 0.333268970251083 0.378899872303009 0.396105051040649 0.407041132450104 0.4371258020401 0.446906089782715 0.421117544174194 0.376291960477829 0.348733007907867 0.332838118076324 0.316746860742569 0.309166222810745 0.329532712697983 0.335332691669464 0.312586933374405 0.321442544460297 0.335979223251343 0.341759383678436 0.339058071374893 0.373155415058136
-3.4e+38 -3.4e+38 -3.4e+38 -3.4e+38 -3.4e+38 -3.4e+38 -3.4e+38 -3.4e+38 0.384858787059784 0.367961525917053 0.345625758171082 0.340342968702316 0.34258759021759 0.33378604054451 0.317440450191498 0.312286615371704 0.303614467382431 0.277792185544968 0.240939855575562 0.229528352618217 0.225429713726044 0.223800703883171 0.231172263622284 0.252866208553314 0.274233549833298 0.278700470924377 0.293950945138931 0.299336016178131 0.301703244447708 0.332782387733459 0.379438549280167 0.410915195941925 0.428207248449326 0.458951950073242 0.473415583372116 0.453489363193512 0.415789276361465 0.39074918627739 0.376202285289764 0.356850534677505 0.339008837938309 0.331740587949753 0.348855346441269 0.355597287416458 0.355183959007263 0.34132993221283 0.339921683073044 0.349606484174728 0.366328537464142
-3.4e+38 -3.4e+38 -3.4e+38 -3.4e+38 -3.4e+38 -3.4e+38 -3.4e+38 -3.4e+38 -3.4e+38 -3.4e+38 0.320326119661331 0.31827449798584 0.306882441043854 0.286683559417725 0.27622178196907 0.291425228118896 0.278738260269165 0.241894453763962 0.223538383841515 0.238034263253212 0.239296495914459 0.244275465607643 0.255310028791428 0.267677813768387 0.297019481658936 0.304637253284454 0.296745300292969 0.298205971717834 0.320047408342361 0.353582710027695 0.381318002939224 0.424128532409668 0.46208456158638 0.479945480823517 0.489806324243546 0.481976896524429 0.461284697055817 0.442463040351868 0.433226019144058 0.414990067481995 0.387565642595291 0.368853330612183 0.390608459711075 0.399729758501053 0.379697561264038 0.351409018039703 0.343226283788681 0.367872416973114 0.389786064624786
-3.4e+38 -3.4e+38 -3.4e+38 -3.4e+38 -3.4e+38 -3.4e+38 -3.4e+38 -3.4e+38 -3.4e+38 -3.4e+38 -3.4e+38 0.290574193000793 0.275983273983002 0.263777822256088 0.249564245343208 0.247275590896606 0.24458709359169 0.219982698559761 0.216065376996994 0.239762634038925 0.24082687497139 0.252128720283508 0.270505785942078 0.280045509338379 0.290185183286667 0.301557600498199 0.30200207233429 0.304879397153854 0.321899056434631 0.365653693675995 0.398414760828018 0.42604124546051 0.466157346963882 0.487501323223114 0.491741418838501 0.49189293384552 0.490034282207489 0.473752200603485 0.444836467504501 0.424654066562653 0.423481076955795 0.42351159453392 0.424680918455124 0.400423169136047 0.387280166149139 0.388477891683578 0.381852775812149 0.397344589233398 0.425988882780075
-3.4e+38 -3.4e+38 -3.4e+38 -3.4e+38 -3.4e+38 -3.4e+38 -3.4e+38 -3.4e+38 -3.4e+38 -3.4e+38 -3.4e+38 -3.4e+38 -3.4e+38 -3.4e+38 -3.4e+38 -3.4e+38 -3.4e+38 -3.4e+38 -3.4e+38 -3.4e+38 -3.4e+38 -3.4e+38 -3.4e+38 -3.4e+38 -3.4e+38 -3.4e+38 -3.4e+38 -3.4e+38 -3.4e+38 -3.4e+38 -3.4e+38 0.450807213783264 0.486541122198105 0.495612591505051 0.486774295568466 0.489189267158508 0.480683624744415 0.473817467689514 0.457173705101013 0.441172629594803 0.450792223215103 0.440514832735062 0.411695569753647 0.38955157995224 0.398011088371277 0.419894337654114 0.413969486951828 0.406286180019379 0.425721824169159
-3.4e+38 -3.4e+38 -3.4e+38 -3.4e+38 -3.4e+38 -3.4e+38 -3.4e+38 -3.4e+38 -3.4e+38 -3.4e+38 -3.4e+38 -3.4e+38 -3.4e+38 -3.4e+38 -3.4e+38 -3.4e+38 -3.4e+38 -3.4e+38 -3.4e+38 -3.4e+38 -3.4e+38 -3.4e+38 -3.4e+38 -3.4e+38 -3.4e+38 -3.4e+38 -3.4e+38 -3.4e+38 -3.4e+38 -3.4e+38 -3.4e+38 -3.4e+38 -3.4e+38 0.499401599168777 0.489325255155563 0.478365063667297 0.456743568181992 0.462187588214874 0.467623442411423 0.457182675600052 0.454185515642166 0.420654237270355 0.387331426143646 0.387779831886292 0.393193781375885 0.400557219982147 0.406044125556946 0.406973987817764 0.417196065187454
-3.4e+38 -3.4e+38 -3.4e+38 -3.4e+38 -3.4e+38 -3.4e+38 -3.4e+38 -3.4e+38 -3.4e+38 -3.4e+38 -3.4e+38 -3.4e+38 -3.4e+38 -3.4e+38 -3.4e+38 -3.4e+38 -3.4e+38 -3.4e+38 -3.4e+38 -3.4e+38 -3.4e+38 -3.4e+38 -3.4e+38 -3.4e+38 -3.4e+38 -3.4e+38 -3.4e+38 -3.4e+38 -3.4e+38 -3.4e+38 -3.4e+38 -3.4e+38 -3.4e+38 -3.4e+38 0.485910892486572 0.457566648721695 0.42949041724205 0.441616475582123 0.449970781803131 0.442836701869965 0.431710630655289 0.426737695932388 0.386260569095612 0.365819931030273 0.366696715354919 0.353009194135666 0.385522544384003 0.429055571556091 0.429573565721512
-3.4e+38 -3.4e+38 -3.4e+38 -3.4e+38 -3.4e+38 -3.4e+38 -3.4e+38 -3.4e+38 -3.4e+38 -3.4e+38 -3.4e+38 -3.4e+38 -3.4e+38 -3.4e+38 -3.4e+38 -3.4e+38 -3.4e+38 -3.4e+38 -3.4e+38 -3.4e+38 -3.4e+38 -3.4e+38 -3.4e+38 -3.4e+38 -3.4e+38 -3.4e+38 -3.4e+38 -3.4e+38 -3.4e+38 -3.4e+38 -3.4e+38 -3.4e+38 -3.4e+38 -3.4e+38 0.464905619621277 0.43755629658699 0.417193233966827 0.418856382369995 0.426747590303421 0.433897942304611 0.419329911470413 0.404780387878418 0.359463334083557 0.331957072019577 0.345297187566757 0.336533218622208 0.375280141830444 0.436536371707916 0.443517595529556
-3.4e+38 -3.4e+38 -3.4e+38 -3.4e+38 -3.4e+38 -3.4e+38 -3.4e+38 -3.4e+38 -3.4e+38 -3.4e+38 -3.4e+38 -3.4e+38 -3.4e+38 -3.4e+38 -3.4e+38 -3.4e+38 -3.4e+38 -3.4e+38 -3.4e+38 -3.4e+38 -3.4e+38 -3.4e+38 -3.4e+38 -3.4e+38 -3.4e+38 -3.4e+38 -3.4e+38 -3.4e+38 -3.4e+38 -3.4e+38 -3.4e+38 -3.4e+38 -3.4e+38 -3.4e+38 0.450396299362183 0.437445431947708 0.416282564401627 0.3989617228508 0.393594771623611 0.388583213090897 0.378580212593079 0.345595091581345 0.329904198646545 0.334295928478241 0.314751207828522 0.298076510429382 0.339396566152573 0.394728511571884 0.429628044366837
-3.4e+38 -3.4e+38 -3.4e+38 -3.4e+38 -3.4e+38 -3.4e+38 -3.4e+38 -3.4e+38 -3.4e+38 -3.4e+38 -3.4e+38 -3.4e+38 -3.4e+38 -3.4e+38 -3.4e+38 -3.4e+38 -3.4e+38 -3.4e+38 -3.4e+38 -3.4e+38 -3.4e+38 -3.4e+38 -3.4e+38 -3.4e+38 -3.4e+38 -3.4e+38 -3.4e+38 -3.4e+38 -3.4e+38 -3.4e+38 -3.4e+38 -3.4e+38 -3.4e+38 -3.4e+38 -3.4e+38 0.44197753071785 0.403967499732971 0.351329267024994 0.328599601984024 0.32952806353569 0.350619822740555 0.334968268871307 0.28717428445816 0.311308294534683 0.286097556352615 0.256824433803558 0.300232410430908 0.335826933383942 0.367867320775986
-3.4e+38 -3.4e+38 -3.4e+38 -3.4e+38 -3.4e+38 -3.4e+38 -3.4e+38 -3.4e+38 -3.4e+38 -3.4e+38 -3.4e+38 -3.4e+38 -3.4e+38 -3.4e+38 -3.4e+38 -3.4e+38 -3.4e+38 -3.4e+38 -3.4e+38 -3.4e+38 -3.4e+38 -3.4e+38 -3.4e+38 -3.4e+38 -3.4e+38 -3.4e+38 -3.4e+38 -3.4e+38 -3.4e+38 -3.4e+38 -3.4e+38 -3.4e+38 -3.4e+38 -3.4e+38 -3.4e+38 -3.4e+38 0.398708254098892 0.322281956672668 0.294916212558746 0.32702112197876 0.309145241975784 0.302540004253387 0.29337066411972 0.302400588989258 0.27005210518837 0.243963211774826 0.253523796796799 0.275820881128311 0.303719967603683
-3.4e+38 -3.4e+38 -3.4e+38 -3.4e+38 -3.4e+38 -3.4e+38 -3.4e+38 -3.4e+38 -3.4e+38 -3.4e+38 -3.4e+38 -3.4e+38 -3.4e+38 -3.4e+38 -3.4e+38 -3.4e+38 -3.4e+38 -3.4e+38 -3.4e+38 -3.4e+38 -3.4e+38 -3.4e+38 -3.4e+38 -3.4e+38 -3.4e+38 -3.4e+38 -3.4e+38 -3.4e+38 -3.4e+38 -3.4e+38 -3.4e+38 -3.4e+38 -3.4e+38 -3.4e+38 -3.4e+38 -3.4e+38 -3.4e+38 0.333501815795898 0.292064815759659 0.298472106456757 0.286685466766357 0.285305768251419 0.303027719259262 0.287193417549133 0.237096756696701 0.242600902915001 0.261368721723557 0.266658037900925 0.275590240955353
-3.4e+38 -3.4e+38 -3.4e+38 -3.4e+38 -3.4e+38 -3.4e+38 -3.4e+38 -3.4e+38 -3.4e+38 -3.4e+38 -3.4e+38 -3.4e+38 -3.4e+38 -3.4e+38 -3.4e+38 -3.4e+38 -3.4e+38 -3.4e+38 -3.4e+38 -3.4e+38 -3.4e+38 -3.4e+38 -3.4e+38 -3.4e+38 -3.4e+38 -3.4e+38 -3.4e+38 -3.4e+38 -3.4e+38 -3.4e+38 -3.4e+38 -3.4e+38 -3.4e+38 -3.4e+38 -3.4e+38 -3.4e+38 -3.4e+38 -3.4e+38 0.283695787191391 0.275650560855865 0.275181502103806 0.259420543909073 0.261677771806717 0.273465365171432 0.256713658571243 0.253388196229935 0.276376575231552 0.272211700677872 0.256946980953217
