data/trimmed_ndre/W_ndre.72.2009_no_clouds.asc
NCOLS 130 
NROWS 71 
XLLCORNER 530645 
YLLCORNER 5158205 
CELLSIZE 5 
NODATA_value -3.4e+38 
[rows 21 to 41 of 71, columns 49 to 97 of 130]
0.378519713878632 0.384606957435608 0.387489348649979 0.384992718696594 0.391716212034225 0.383261412382126 0.373077690601349 0.370386064052582 0.359217435121536 0.354672789573669 0.365700960159302 0.367485642433167 0.385648339986801 0.405323892831802 0.414474487304688 0.427378803491592 0.415121018886566 0.416010051965714 -3.4e+38 -3.4e+38 -3.4e+38 -3.4e+38 -3.4e+38 -3.4e+38 -3.4e+38 -3.4e+38 -3.4e+38 -3.4e+38 -3.4e+38 -3.4e+38 -3.4e+38 -3.4e+38 -3.4e+38 -3.4e+38 -3.4e+38 -3.4e+38 -3.4e+38 -3.4e+38 -3.4e+38 -3.4e+38 -3.4e+38 -3.4e+38 -3.4e+38 -3.4e+38 -3.4e+38 -3.4e+38 -3.4e+38 -3.4e+38 -3.4e+38
0.384767800569534 0.379625350236893 0.373426884412766 0.375959932804108 0.383341580629349 0.364394217729568 0.356959640979767 0.366621941328049 0.368459403514862 0.35162740945816 0.346662580966949 0.352028608322144 0.356922388076782 0.371260315179825 0.377562135457993 0.389302939176559 0.401195377111435 0.407999843358994 0.421265214681625 0.41659614443779 0.405095338821411 0.392580151557922 0.393106877803802 0.410274088382721 0.409385979175568 0.400043427944183 0.393198400735855 0.370917052030563 -3.4e+38 -3.4e+38 -3.4e+38 -3.4e+38 -3.4e+38 -3.4e+38 -3.4e+38 -3.4e+38 -3.4e+38 -3.4e+38 -3.4e+38 -3.4e+38 -3.4e+38 -3.4e+38 -3.4e+38 -3.4e+38 -3.4e+38 -3.4e+38 -3.4e+38 -3.4e+38 -3.4e+38
0.389214754104614 0.387710094451904 0.380422830581665 0.383510529994965 0.386568188667297 0.371834933757782 0.36657327413559 0.369056969881058 0.369112879037857 0.35469001531601 0.35101592540741 0.346291542053223 0.337702035903931 0.35433554649353 0.36029902100563 0.370082169771194 0.39477327466011 0.387692719697952 0.391791641712189 0.395993888378143 0.380811274051666 0.383892595767975 0.394761800765991 0.408742487430573 0.416263163089752 0.414882123470306 0.394606053829193 0.376423388719559 0.394626885652542 -3.4e+38 -3.4e+38 -3.4e+38 -3.4e+38 -3.4e+38 -3.4e+38 -3.4e+38 -3.4e+38 -3.4e+38 -3.4e+38 -3.4e+38 -3.4e+38 -3.4e+38 -3.4e+38 -3.4e+38 -3.4e+38 -3.4e+38 -3.4e+38 -3.4e+38 -3.4e+38
0.380823761224747 0.377429246902466 0.369531363248825 0.369235694408417 0.373744010925293 0.375505685806274 0.378393143415451 0.359279274940491 0.343977570533752 0.34362006187439 0.349791616201401 0.353358656167984 0.343570291996002 0.347644180059433 0.356598168611526 0.360652506351471 0.377098560333252 0.379226624965668 0.377179324626923 0.395190924406052 0.402564406394958 0.399566054344177 0.39501616358757 0.391295343637466 0.395059913396835 0.400089234113693 0.386627286672592 0.373741656541824 0.383635371923447 0.390170305967331 -3.4e+38 -3.4e+38 -3.4e+38 -3.4e+38 -3.4e+38 -3.4e+38 -3.4e+38 -3.4e+38 -3.4e+38 -3.4e+38 -3.4e+38 -3.4e+38 -3.4e+38 -3.4e+38 -3.4e+38 -3.4e+38 -3.4e+38 -3.4e+38 -3.4e+38
0.390496999025345 0.386268645524979 0.377234101295471 0.363401502370834 0.348945409059525 0.347491025924683 0.350164502859116 0.346135884523392 0.342450052499771 0.344924211502075 0.34577351808548 0.358682155609131 0.343090444803238 0.328787207603455 0.349455177783966 0.354469180107117 0.36897075176239 0.389616250991821 0.376307427883148 0.383087992668152 0.39211118221283 0.384431630373001 0.387186050415039 0.383056938648224 0.390875369310379 0.406446009874344 0.405376493930817 0.388058423995972 0.381049901247025 0.395042240619659 0.390694707632065 -3.4e+38 -3.4e+38 -3.4e+38 -3.4e+38 -3.4e+38 -3.4e+38 -3.4e+38 -3.4e+38 -3.4e+38 -3.4e+38 -3.4e+38 -3.4e+38 -3.4e+38 -3.4e+38 -3.4e+38 -3.4e+38 -3.4e+38 -3.4e+38
0.404467344284058 0.396504610776901 0.395348310470581 0.376219660043716 0.34921607375145 0.361361175775528 0.378474980592728 0.370258361101151 0.361209899187088 0.358398795127869 0.354796499013901 0.355589479207993 0.349786132574081 0.339455097913742 0.351387858390808 0.36259800195694 0.365297675132751 0.372514873743057 0.373120605945587 0.377925604581833 0.373394936323166 0.368519097566605 0.382089048624039 0.387229174375534 0.38556244969368 0.394125252962112 0.40504190325737 0.402721226215363 0.391678392887115 0.390745460987091 0.384420394897461 0.395701020956039 0.403783738613129 0.382858842611313 -3.4e+38 -3.4e+38 -3.4e+38 -3.4e+38 -3.4e+38 -3.4e+38 -3.4e+38 -3.4e+38 -3.4e+38 -3.4e+38 -3.4e+38 -3.4e+38 -3.4e+38 -3.4e+38 -3.4e+38
0.397420138120651 0.393342047929764 0.397753834724426 0.382343381643295 0.352205872535706 0.363262861967087 0.384006261825562 0.374648362398148 0.361315101385117 0.364848792552948 0.355934232473373 0.34343296289444 0.352682948112488 0.361031144857407 0.358489871025085 0.357142865657806 0.343921840190887 0.360871851444244 0.384303897619247 0.384872138500214 0.390161454677582 0.383003234863281 0.381163537502289 0.384854912757874 0.380712330341339 0.37473601102829 0.382024675607681 0.397134035825729 0.402365475893021 0.391027450561523 0.375890910625458 0.372494339942932 0.374232232570648 0.379367023706436 0.397125750780106 0.390732735395432 0.382350534200668 0.398258030414581 0.408872485160828 0.415260404348373 0.415688723325729 0.408190459012985 0.394467711448669 0.392904162406921 0.395038038492203 0.389098465442657 0.405052751302719 0.388889580965042 0.358009487390518
0.395816206932068 0.39714440703392 0.403626412153244 0.396217435598373 0.364618182182312 0.345665365457535 0.347127735614777 0.351216822862625 0.35351973772049 0.367376565933228 0.364719688892365 0.345422744750977 0.344493985176086 0.359266757965088 0.36292627453804 0.357448250055313 0.353887170553207 0.373562544584274 0.390672594308853 0.386295825242996 0.394057184457779 0.385658472776413 0.373617172241211 0.375974267721176 0.382962554693222 0.380086451768875 0.379945755004883 0.389847010374069 0.385595291852951 0.37427544593811 0.365847438573837 0.369660764932632 0.383132100105286 0.395656794309616 0.40169295668602 0.391234993934631 0.377440869808197 0.3871109187603 0.410501807928085 0.402658820152283 0.401466071605682 0.405236899852753 0.405771464109421 0.410789906978607 0.395959854125977 0.378554135560989 0.385210543870926 0.375650703907013 0.353973925113678
0.395864367485046 0.386172473430634 0.391784429550171 0.39474692940712 0.377964556217194 0.354188770055771 0.355475902557373 0.360902070999146 0.362875431776047 0.366634607315063 0.374564945697784 0.36626410484314 0.356876909732819 0.36821261048317 0.363402515649796 0.368383079767227 0.376725256443024 0.375534921884537 0.39345195889473 0.385975807905197 0.371013641357422 0.364224642515182 0.356031119823456 0.36331981420517 0.375848829746246 0.373499095439911 0.380730241537094 0.383091151714325 0.363272041082382 0.361026883125305 0.363586515188217 0.369121909141541 0.382910132408142 0.401713937520981 0.394037455320358 0.373893111944199 0.37661674618721 0.385781288146973 0.395010590553284 0.388826966285706 0.385770529508591 0.37495145201683 0.376231014728546 0.397467315196991 0.395478904247284 0.380924940109253 0.373832762241364 0.373621821403503 0.360611915588379
0.381053537130356 0.394147604703903 0.397009402513504 0.376036107540131 0.381510227918625 0.379498541355133 0.372645616531372 0.371056795120239 0.370764970779419 0.366316854953766 0.369064718484879 0.378935784101486 0.377239674329758 0.370004236698151 0.359407991170883 0.372520446777344 0.360587596893311 0.332419365644455 0.36704483628273 0.375904858112335 0.353899538516998 0.345765441656113 0.3365518450737 0.358505964279175 0.37670049071312 0.367570042610168 0.380585193634033 0.382029354572296 0.368029624223709 0.376744240522385 0.374840080738068 0.382227212190628 0.395046472549438 0.39060714840889 0.390635997056961 0.385439962148666 0.386087864637375 0.396458029747009 0.399123519659042 0.396900117397308 0.397225677967072 0.384828269481659 0.38019385933876 0.394372433423996 0.391676843166351 0.391366094350815 0.386081546545029 0.376316696405411 0.362241894006729
0.40348893404007 0.42907851934433 0.419624924659729 0.371184885501862 0.380448848009109 0.381065040826797 0.364296406507492 0.364732712507248 0.376797020435333 0.374223262071609 0.36310088634491 0.363770663738251 0.369257718324661 0.364265471696854 0.35847732424736 0.371301501989365 0.381432503461838 0.355633407831192 0.350709348917007 0.371216326951981 0.362893581390381 0.344722121953964 0.322508662939072 0.339447200298309 0.363968551158905 0.36167511343956 0.370949327945709 0.372943073511124 0.372577488422394 0.385261237621307 0.382770717144012 0.382376581430435 0.384179353713989 0.365090638399124 0.367555290460587 0.380986362695694 0.390980899333954 0.403883635997772 0.39892590045929 0.386702746152878 0.386644780635834 0.385987639427185 0.382513791322708 0.379018902778625 0.374199479818344 0.376706033945084 0.374561697244644 0.364803671836853 0.356922745704651
0.434551537036896 0.410375714302063 0.420095533132553 0.41211012005806 0.395293086767197 0.373230576515198 0.359001159667969 0.362086057662964 0.371896147727966 0.358792036771774 0.342173010110855 0.34576278924942 0.362287849187851 0.370418578386307 0.364980936050415 0.361877739429474 0.366481006145477 0.344103693962097 0.323684275150299 0.366696715354919 0.344025582075119 0.322485953569412 0.326316654682159 0.326825648546219 0.342583537101746 0.353294312953949 0.353762418031693 0.351086288690567 0.347908467054367 0.350775539875031 0.35463073849678 0.337478041648865 0.337356179952621 0.3429816365242 0.346128761768341 0.357244819402695 0.367931216955185 0.370134264230728 0.367119073867798 0.351454168558121 0.346861451864243 0.355184614658356 0.358176290988922 0.356075674295425 0.351008862257004 0.348956853151321 0.340431243181229 0.333884179592133 0.338207751512527
0.448269039392471 0.437157809734344 0.448598682880402 0.454520761966705 0.418079078197479 0.395183593034744 0.384173184633255 0.381461888551712 0.378019601106644 0.369571149349213 0.364916026592255 0.370290100574493 0.376593172550201 0.363667249679565 0.349860101938248 0.334665596485138 0.314200103282928 0.291775196790695 0.283867627382278 0.295245558023453 0.284224152565002 0.306698799133301 0.322002917528152 0.303134441375732 0.320365637540817 0.325197815895081 0.308410108089447 0.296081990003586 0.283024400472641 0.29064929485321 0.306279510259628 0.303250342607498 0.295215547084808 0.302501201629639 0.311194241046906 0.323676258325577 0.321404188871384 0.332209944725037 0.343993693590164 0.322943896055222 0.30837869644165 0.313047230243683 0.325997143983841 0.347157001495361 0.346356719732285 0.333381205797195 0.327185422182083 0.325618028640747 0.325455546379089
0.442741751670837 0.454383134841919 0.442931532859802 0.45039102435112 0.447602957487106 0.428607821464539 0.421209365129471 0.425447702407837 0.428275167942047 0.427873522043228 0.416405916213989 0.402577966451645 0.380863755941391 0.352172762155533 0.345962852239609 0.334088623523712 0.315916448831558 0.292745977640152 0.271075487136841 0.250951409339905 0.247300297021866 0.290237486362457 0.279717624187469 0.247710511088371 0.265012115240097 0.284919202327728 0.283265233039856 0.258962005376816 0.2399842441082 0.250665813684464 0.273358911275864 0.276747614145279 0.2720787525177 0.269562363624573 0.287560343742371 0.307023048400879 0.283658444881439 0.272089838981628 0.290224999189377 0.28575873374939 0.292427748441696 0.293604522943497 0.296481519937515 0.313642591238022 0.325573712587357 0.325821816921234 0.334010273218155 0.350672483444214 0.327580541372299
0.436647176742554 0.434597820043564 0.426697134971619 0.43726846575737 0.453183621168137 0.45349383354187 0.44966858625412 0.46531417965889 0.472874492406845 0.458434045314789 0.442820429801941 0.441707760095596 0.404738336801529 0.365612059831619 0.366261154413223 0.324204117059708 0.298772990703583 0.308201491832733 0.287629812955856 0.270626902580261 0.260387867689133 0.289121896028519 0.281896591186523 0.254590004682541 0.258692115545273 0.278460532426834 0.297500967979431 0.286411792039871 0.256958484649658 0.25130757689476 0.256795883178711 0.26814866065979 0.274829715490341 0.273277103900909 0.268941819667816 0.274515777826309 0.2606201171875 0.244135797023773 0.247007712721825 0.260118156671524 0.270611345767975 0.260187596082687 0.253403306007385 0.270261526107788 0.29246723651886 0.297612816095352 0.30804243683815 0.339814156293869 0.330087184906006
0.440999239683151 0.419050693511963 0.398378521203995 0.402192890644073 0.419216454029083 0.439136177301407 0.448476523160934 0.456853330135345 0.457986801862717 0.450925976037979 0.44248503446579 0.448701769113541 0.422855377197266 0.374523133039474 0.358413517475128 0.33117750287056 0.299138784408569 0.310615867376328 0.30763167142868 0.318704009056091 0.296484589576721 0.270480453968048 0.281476408243179 0.294514358043671 0.290450751781464 0.285674184560776 0.28759890794754 0.296497106552124 0.290796637535095 0.277693420648575 0.274012416601181 0.268882840871811 0.279802113771439 0.295787781476974 0.276496559381485 0.280002772808075 0.294665783643723 0.277480036020279 0.268642544746399 0.271290212869644 0.274380922317505 0.265109926462173 0.258215129375458 0.267195492982864 0.278716892004013 0.294634789228439 0.309808701276779 0.325081914663315 0.328349530696869
0.432917356491089 0.406138837337494 0.368002623319626 0.358824759721756 0.370171248912811 0.402949541807175 0.433561354875565 0.447546809911728 0.453790992498398 0.443616151809692 0.426173150539398 0.408786654472351 0.402207255363464 0.38098207116127 0.349496066570282 0.33367931842804 0.291577607393265 0.300288915634155 0.332018673419952 0.301343351602554 0.25881490111351 0.250532448291779 0.292150408029556 0.308867961168289 0.301945596933365 0.281581968069077 0.283471405506134 0.310729533433914 0.333500236272812 0.324156880378723 0.314967751502991 0.295131862163544 0.309940844774246 0.335938692092896 0.302216202020645 0.32389760017395 0.337558269500732 0.311944246292114 0.314202278852463 0.316640079021454 0.315469175577164 0.309134244918823 0.302424669265747 0.3025022149086 0.305982291698456 0.306677877902985 0.304774791002274 0.309861928224564 0.311450630426407
0.382156491279602 0.37166365981102 0.338983178138733 0.324771612882614 0.347417414188385 0.382861971855164 0.411107927560806 0.42993426322937 0.440887153148651 0.427600502967834 0.425999730825424 0.399500042200089 0.358465760946274 0.359120488166809 0.346114009618759 0.321722805500031 0.303493976593018 0.290298312902451 0.296764105558395 0.27469676733017 0.26234769821167 0.279120117425919 0.309214890003204 0.30052438378334 0.308658331632614 0.309902667999268 0.308855772018433 0.317525386810303 0.360981971025467 0.361938536167145 0.334789246320724 0.319981247186661 0.337371230125427 0.35034590959549 0.326963365077972 0.356602102518082 0.363366425037384 0.350978255271912 0.365838766098022 0.366656333208084 0.351018011569977 0.333183109760284 0.325652867555618 0.329041033983231 0.333456814289093 0.324853777885437 0.30968451499939 0.321212321519852 0.338075280189514
0.324089974164963 0.320925056934357 0.303892761468887 0.300117641687393 0.323130220174789 0.355639785528183 0.378161579370499 0.402621418237686 0.406773865222931 0.397238224744797 0.40237882733345 0.377177357673645 0.337757706642151 0.351128727197647 0.347627192735672 0.344107121229172 0.341702163219452 0.306475251913071 0.292140990495682 0.299550443887711 0.305375903844833 0.308436870574951 0.309264242649078 0.304338812828064 0.312309801578522 0.334132611751556 0.32805398106575 0.31148973107338 0.345495969057083 0.349315106868744 0.335717588663101 0.342897713184357 0.342423260211945 0.344649821519852 0.346555262804031 0.368699818849564 0.359057635068893 0.355515480041504 0.376844495534897 0.384183704853058 0.37023001909256 0.351278007030487 0.344391375780106 0.342261701822281 0.342029124498367 0.350311905145645 0.349756747484207 0.338967770338058 0.349190026521683
0.280855119228363 0.277536690235138 0.271733403205872 0.274655312299728 0.293851286172867 0.329487532377243 0.359626680612564 0.394334882497787 0.395654946565628 0.375284373760223 0.370824605226517 0.378721088171005 0.366463512182236 0.355038493871689 0.348827511072159 0.349936991930008 0.331913024187088 0.295487582683563 0.301817953586578 0.294624269008636 0.283936530351639 0.297520488500595 0.31285634636879 0.312136143445969 0.308309644460678 0.328238099813461 0.339182376861572 0.345059871673584 0.363205164670944 0.343949854373932 0.341004014015198 0.351068943738937 0.341381222009659 0.337605595588684 0.343561410903931 0.350802510976791 0.34535938501358 0.344201415777206 0.364970117807388 0.384456872940063 0.384393960237503 0.372745841741562 0.359878778457642 0.350496709346771 0.331978172063828 0.3426673412323 0.359262436628342 0.342650651931763 0.357405662536621
0.249184742569923 0.238972634077072 0.244336277246475 0.258063524961472 0.276899784803391 0.322138696908951 0.36580154299736 0.387394666671753 0.39515021443367 0.382296204566956 0.373066365718842 0.386403441429138 0.369721800088882 0.330422669649124 0.319772332906723 0.338507860898972 0.31143656373024 0.272745102643967 0.282071232795715 0.29110985994339 0.31793949007988 0.341940760612488 0.327504307031631 0.31859615445137 0.314979523420334 0.333088308572769 0.34040692448616 0.348324745893478 0.358780711889267 0.352740049362183 0.342368185520172 0.344900220632553 0.342751026153564 0.334564834833145 0.339116603136063 0.345863908529282 0.350255161523819 0.355391383171082 0.373174697160721 0.384160071611404 0.375670671463013 0.372389137744904 0.37358769774437 0.368952363729477 0.351583898067474 0.343059420585632 0.347226917743683 0.347083181142807 0.360484927892685
