data/trimmed_ndre/W_ndre.627.2013_no_clouds.asc
NCOLS 130 
NROWS 71 
XLLCORNER 530645 
YLLCORNER 5158205 
CELLSIZE 5 
NODATA_value -3.4e+38 
[rows 21 to 41 of 71, columns 49 to 97 of 130]
0.571075022220612 0.558055579662323 0.547771573066711 0.540074646472931 0.537931442260742 0.535027742385864 0.524784445762634 0.521226108074188 0.510415494441986 0.49418979883194 0.481120198965073 0.458538502454758 0.452050864696503 0.451927423477173 0.453009426593781 0.468708902597427 0.4787318110466 0.493575483560562 -3.4e+38 -3.4e+38 -3.4e+38 -3.4e+38 -3.4e+38 -3.4e+38 -3.4e+38 -3.4e+38 -3.4e+38 -3.4e+38 -3.4e+38 -3.4e+38 -3.4e+38 -3.4e+38 -3.4e+38 -3.4e+38 -3.4e+38 -3.4e+38 -3.4e+38 -3.4e+38 -3.4e+38 -3.4e+38 -3.4e+38 -3.4e+38 -3.4e+38 -3.4e+38 -3.4e+38 -3.4e+38 -3.4e+38 -3.4e+38 -3.4e+38
0.594150483608246 0.588532090187073 0.564884006977081 0.539143264293671 0.528127670288086 0.530020892620087 0.522896289825439 0.514150321483612 0.509587466716766 0.498895972967148 0.491588443517685 0.463372975587845 0.454669326543808 0.469628840684891 0.462399005889893 0.455762922763824 0.46786841750145 0.483794957399368 0.471569299697876 0.454042106866837 0.44616162776947 0.440623819828033 0.445277065038681 0.462832063436508 0.514896869659424 0.510700404644012 0.469824016094208 0.474296569824219 -3.4e+38 -3.4e+38 -3.4e+38 -3.4e+38 -3.4e+38 -3.4e+38 -3.4e+38 -3.4e+38 -3.4e+38 -3.4e+38 -3.4e+38 -3.4e+38 -3.4e+38 -3.4e+38 -3.4e+38 -3.4e+38 -3.4e+38 -3.4e+38 -3.4e+38 -3.4e+38 -3.4e+38
0.61259937286377 0.6127570271492 0.589143931865692 0.546499073505402 0.528200328350067 0.527842044830322 0.510743618011475 0.493804186582565 0.503846883773804 0.498777240514755 0.486096173524857 0.471046805381775 0.464022070169449 0.478019028902054 0.481614500284195 0.468741744756699 0.463386863470078 0.46667417883873 0.453940778970718 0.431060761213303 0.43046498298645 0.439668476581573 0.448930710554123 0.473006516695023 0.5065957903862 0.495274692773819 0.462933003902435 0.467552185058594 0.471780240535736 -3.4e+38 -3.4e+38 -3.4e+38 -3.4e+38 -3.4e+38 -3.4e+38 -3.4e+38 -3.4e+38 -3.4e+38 -3.4e+38 -3.4e+38 -3.4e+38 -3.4e+38 -3.4e+38 -3.4e+38 -3.4e+38 -3.4e+38 -3.4e+38 -3.4e+38 -3.4e+38
0.613276422023773 0.610445559024811 0.594470977783203 0.552644431591034 0.529758453369141 0.530878901481628 0.505598545074463 0.494079083204269 0.50474750995636 0.490473210811615 0.484425157308578 0.481207728385925 0.461922943592072 0.458517611026764 0.470554977655411 0.471654891967773 0.467096507549286 0.467077165842056 0.470140814781189 0.45113217830658 0.439357250928879 0.445316523313522 0.459608912467957 0.477748960256577 0.485745549201965 0.474538654088974 0.461533099412918 0.462213069200516 0.466453552246094 0.464801162481308 -3.4e+38 -3.4e+38 -3.4e+38 -3.4e+38 -3.4e+38 -3.4e+38 -3.4e+38 -3.4e+38 -3.4e+38 -3.4e+38 -3.4e+38 -3.4e+38 -3.4e+38 -3.4e+38 -3.4e+38 -3.4e+38 -3.4e+38 -3.4e+38 -3.4e+38
0.607219994068146 0.618068337440491 0.609185934066772 0.579198718070984 0.554579973220825 0.540701448917389 0.506178140640259 0.500062584877014 0.505003094673157 0.488478928804398 0.494901865720749 0.499132484197617 0.481050103902817 0.463837057352066 0.470625281333923 0.484218806028366 0.48368826508522 0.483592003583908 0.482957601547241 0.467217117547989 0.450057655572891 0.457599222660065 0.477156281471252 0.499395668506622 0.508390545845032 0.499672681093216 0.494467616081238 0.484369307756424 0.474551498889923 0.46638435125351 0.455475687980652 -3.4e+38 -3.4e+38 -3.4e+38 -3.4e+38 -3.4e+38 -3.4e+38 -3.4e+38 -3.4e+38 -3.4e+38 -3.4e+38 -3.4e+38 -3.4e+38 -3.4e+38 -3.4e+38 -3.4e+38 -3.4e+38 -3.4e+38 -3.4e+38
0.595740258693695 0.611879944801331 0.614965856075287 0.605552077293396 0.589667141437531 0.549747705459595 0.507066130638123 0.509694159030914 0.510946810245514 0.495869398117065 0.504735231399536 0.512451410293579 0.507229149341583 0.498452812433243 0.499834984540939 0.505234837532043 0.498205870389938 0.485529750585556 0.476134985685349 0.472135275602341 0.464922368526459 0.47225233912468 0.494972109794617 0.504741728305817 0.524025022983551 0.532536566257477 0.528465390205383 0.505359172821045 0.474847674369812 0.461767613887787 0.443685978651047 0.442046940326691 0.460173696279526 0.486787974834442 -3.4e+38 -3.4e+38 -3.4e+38 -3.4e+38 -3.4e+38 -3.4e+38 -3.4e+38 -3.4e+38 -3.4e+38 -3.4e+38 -3.4e+38 -3.4e+38 -3.4e+38 -3.4e+38 -3.4e+38
0.575696647167206 0.594352245330811 0.607751905918121 0.609551191329956 0.605694532394409 0.571674168109894 0.538307070732117 0.537761092185974 0.516687989234924 0.502319931983948 0.510340690612793 0.51381927728653 0.516032695770264 0.51857590675354 0.522552132606506 0.511936366558075 0.501708507537842 0.49819752573967 0.492630183696747 0.495913952589035 0.498169243335724 0.494550615549088 0.5037682056427 0.513528764247894 0.531559526920319 0.549547255039215 0.54571408033371 0.526798784732819 0.497203975915909 0.474993973970413 0.45893982052803 0.456840008497238 0.469299226999283 0.481539905071259 0.494536280632019 0.5062455534935 0.523160517215729 0.533842980861664 0.546772181987762 0.54581081867218 0.529427349567413 0.526224553585052 0.541413426399231 0.55536299943924 0.552740037441254 0.549522757530212 0.549409806728363 0.532714009284973 0.516014814376831
0.559037923812866 0.586239576339722 0.593976676464081 0.595528721809387 0.596826016902924 0.587127983570099 0.577139437198639 0.559922993183136 0.520668804645538 0.509886682033539 0.518146872520447 0.509161412715912 0.513851463794708 0.520161211490631 0.531209349632263 0.53498512506485 0.534278213977814 0.538505256175995 0.53921765089035 0.531211972236633 0.523002028465271 0.523916184902191 0.525348126888275 0.530734121799469 0.534521818161011 0.549460351467133 0.551176249980927 0.540991842746735 0.522764325141907 0.506318926811218 0.499187409877777 0.494555413722992 0.502189874649048 0.503688633441925 0.490605682134628 0.501181185245514 0.503708481788635 0.500991463661194 0.527391850948334 0.542139172554016 0.536161482334137 0.536300361156464 0.541278421878815 0.545238018035889 0.542506337165833 0.552758514881134 0.551751911640167 0.532431304454803 0.520374834537506
0.551122903823853 0.577030181884766 0.575781881809235 0.576228380203247 0.579084396362305 0.575991213321686 0.585769891738892 0.57634699344635 0.545774638652802 0.541056334972382 0.540016829967499 0.527107834815979 0.539249897003174 0.563109874725342 0.572409808635712 0.579620659351349 0.580016016960144 0.574454724788666 0.571414411067963 0.574698567390442 0.568806886672974 0.564285397529602 0.552209377288818 0.543104708194733 0.545277655124664 0.563538014888763 0.570177316665649 0.555170238018036 0.533028423786163 0.514454126358032 0.512728810310364 0.520319402217865 0.533214747905731 0.532319486141205 0.520402848720551 0.544938802719116 0.551996886730194 0.53796374797821 0.537901103496552 0.546029329299927 0.551868438720703 0.552579045295715 0.555746734142303 0.548771798610687 0.543299078941345 0.561694204807281 0.562089860439301 0.53716629743576 0.523924648761749
0.553203940391541 0.585778415203094 0.580328345298767 0.581726670265198 0.573615074157715 0.569001317024231 0.583885312080383 0.579776167869568 0.566447079181671 0.570417165756226 0.566453337669373 0.566560208797455 0.579618215560913 0.60030734539032 0.610378503799438 0.61006885766983 0.604634284973145 0.595939099788666 0.592835545539856 0.600813865661621 0.598042070865631 0.583693504333496 0.568324089050293 0.564583003520966 0.574986398220062 0.588652849197388 0.598976254463196 0.588564455509186 0.55998706817627 0.540042638778687 0.537319421768188 0.547359883785248 0.552239179611206 0.554176867008209 0.561502158641815 0.582121431827545 0.591988861560822 0.576996743679047 0.561649918556213 0.555207908153534 0.559340178966522 0.568917751312256 0.574812829494476 0.572240948677063 0.567457258701324 0.575795590877533 0.569691777229309 0.549184441566467 0.536268889904022
0.580624282360077 0.608791351318359 0.60791689157486 0.60766077041626 0.58795154094696 0.58249968290329 0.594131946563721 0.586114048957825 0.582353055477142 0.585465371608734 0.579921722412109 0.582376778125763 0.593916535377502 0.606169700622559 0.614492774009705 0.614283323287964 0.609243869781494 0.598746538162231 0.59382039308548 0.599144637584686 0.599506020545959 0.587677597999573 0.579388201236725 0.573668897151947 0.578364670276642 0.59346741437912 0.606030285358429 0.605275928974152 0.582623481750488 0.562733352184296 0.553218126296997 0.5589998960495 0.568282246589661 0.581056296825409 0.591857135295868 0.595320045948029 0.592829823493958 0.575901865959167 0.56664377450943 0.572702050209045 0.585856795310974 0.595322549343109 0.594317197799683 0.596079587936401 0.590824842453003 0.583518326282501 0.576868653297424 0.566958725452423 0.552326500415802
0.600396990776062 0.611408591270447 0.622231900691986 0.625603437423706 0.617480933666229 0.614355742931366 0.616453945636749 0.60211455821991 0.605779230594635 0.617007255554199 0.610839903354645 0.598933815956116 0.593437969684601 0.597090125083923 0.603090465068817 0.602728664875031 0.594818711280823 0.57982611656189 0.574611485004425 0.584337651729584 0.591734528541565 0.583521544933319 0.565032243728638 0.554030001163483 0.550683736801147 0.570666968822479 0.587214946746826 0.588122427463531 0.567930996417999 0.547586262226105 0.54044371843338 0.55169403553009 0.566975951194763 0.57680344581604 0.575662791728973 0.57550984621048 0.576980412006378 0.569400310516357 0.561056137084961 0.568479716777802 0.580589830875397 0.586761236190796 0.58706796169281 0.590869903564453 0.589054048061371 0.586387991905212 0.582912087440491 0.572294235229492 0.558946251869202
0.618831098079681 0.620317339897156 0.626887142658234 0.631859600543976 0.632944285869598 0.629735887050629 0.630239903926849 0.628480851650238 0.634929418563843 0.635277807712555 0.62801730632782 0.619214177131653 0.604554533958435 0.591761291027069 0.580676555633545 0.57352602481842 0.561066210269928 0.550012469291687 0.544056177139282 0.54477196931839 0.546021223068237 0.539895117282867 0.528323113918304 0.529966771602631 0.533658087253571 0.539634346961975 0.541464686393738 0.537747442722321 0.525946140289307 0.509548187255859 0.503930389881134 0.511593401432037 0.522708117961884 0.525125503540039 0.521358609199524 0.523955941200256 0.526187479496002 0.530719935894012 0.527929663658142 0.527565717697144 0.531669437885284 0.538362383842468 0.54265946149826 0.551981270313263 0.562081158161163 0.576662003993988 0.581959009170532 0.579131662845612 0.573719441890717
0.60793000459671 0.60505598783493 0.612404584884644 0.616728961467743 0.616720020771027 0.616114377975464 0.621643662452698 0.630228996276855 0.631927192211151 0.623203277587891 0.611020445823669 0.611592411994934 0.603318572044373 0.583713173866272 0.566312551498413 0.551096975803375 0.533489167690277 0.523608863353729 0.517210423946381 0.505870640277863 0.49545681476593 0.490629464387894 0.499717384576797 0.512774467468262 0.518343985080719 0.518154799938202 0.512824654579163 0.510046482086182 0.509051501750946 0.496824562549591 0.48189178109169 0.477645933628082 0.481505513191223 0.489527374505997 0.48837673664093 0.491697251796722 0.483074903488159 0.48067444562912 0.489794433116913 0.493262588977814 0.490729033946991 0.487370938062668 0.493640005588531 0.511938631534576 0.528348743915558 0.54524028301239 0.563590526580811 0.57668000459671 0.586017906665802
0.586573004722595 0.579864740371704 0.586120069026947 0.589516282081604 0.592295467853546 0.594211101531982 0.599875330924988 0.606852650642395 0.609296321868896 0.613355994224548 0.610572695732117 0.605202078819275 0.596238851547241 0.581191658973694 0.565769672393799 0.553536117076874 0.527937889099121 0.507247805595398 0.505421459674835 0.506187617778778 0.501936495304108 0.502411544322968 0.513883650302887 0.518911421298981 0.519507348537445 0.519915997982025 0.52151083946228 0.521622240543365 0.520686328411102 0.512782096862793 0.501678943634033 0.493852555751801 0.491695702075958 0.498282998800278 0.500412046909332 0.499052137136459 0.47588700056076 0.466304987668991 0.484539657831192 0.485619902610779 0.473984867334366 0.469754904508591 0.482048660516739 0.500250577926636 0.512878358364105 0.520640730857849 0.538057804107666 0.557822406291962 0.570150852203369
0.575332522392273 0.576630532741547 0.573149144649506 0.563892185688019 0.558323323726654 0.56825315952301 0.580308020114899 0.597546100616455 0.604346454143524 0.604433000087738 0.604738116264343 0.597956418991089 0.587446272373199 0.575217664241791 0.558613181114197 0.541887104511261 0.520673751831055 0.505430579185486 0.507859766483307 0.509280443191528 0.495588541030884 0.487284541130066 0.499056816101074 0.506877422332764 0.509317338466644 0.513577580451965 0.518810927867889 0.52497524023056 0.529634833335876 0.528483748435974 0.52145254611969 0.509997129440308 0.508313536643982 0.520788252353668 0.528347432613373 0.516094744205475 0.489774465560913 0.482281714677811 0.49241915345192 0.49058398604393 0.485001176595688 0.486750513315201 0.495985567569733 0.510182738304138 0.506997525691986 0.500702738761902 0.516483843326569 0.529419362545013 0.531818032264709
0.560357689857483 0.562764823436737 0.542902886867523 0.527468860149384 0.518976867198944 0.531976640224457 0.556621491909027 0.572656869888306 0.584999084472656 0.59103387594223 0.593817710876465 0.586058735847473 0.566081464290619 0.552767992019653 0.534462690353394 0.515830338001251 0.505297303199768 0.500758945941925 0.50492650270462 0.508354365825653 0.499293059110641 0.484690755605698 0.474850654602051 0.474510490894318 0.48763033747673 0.503754317760468 0.512271285057068 0.514088153839111 0.518642902374268 0.525442838668823 0.529480397701263 0.529460787773132 0.526337504386902 0.527922034263611 0.526270508766174 0.508718729019165 0.489713191986084 0.492691427469254 0.498969793319702 0.496371865272522 0.493655741214752 0.496722549200058 0.496451735496521 0.492427498102188 0.483141839504242 0.487083226442337 0.510979950428009 0.524765014648438 0.520074188709259
0.518098652362823 0.516658186912537 0.492112457752228 0.476522743701935 0.479988723993301 0.491675823926926 0.515908896923065 0.537660121917725 0.561751425266266 0.58195549249649 0.586100399494171 0.580797910690308 0.553406178951263 0.52531236410141 0.507565915584564 0.491599768400192 0.487603604793549 0.493349254131317 0.48953840136528 0.481845051050186 0.482746690511703 0.492502838373184 0.479592204093933 0.461694449186325 0.464744687080383 0.478763788938522 0.492685317993164 0.495954245328903 0.50257021188736 0.505277097225189 0.510251343250275 0.515130698680878 0.51239275932312 0.505448937416077 0.505593061447144 0.487524807453156 0.479558199644089 0.493587583303452 0.498122751712799 0.495292812585831 0.49266529083252 0.49835404753685 0.484539121389389 0.465385258197784 0.467191606760025 0.482385903596878 0.506739556789398 0.516599237918854 0.521362960338593
0.452855616807938 0.446896344423294 0.435208946466446 0.427193403244019 0.433583170175552 0.440852761268616 0.475400894880295 0.518160700798035 0.545921623706818 0.574826419353485 0.575892567634583 0.560702204704285 0.541972279548645 0.517537772655487 0.500569403171539 0.491733282804489 0.492975234985352 0.490214020013809 0.468195706605911 0.446081310510635 0.448853075504303 0.465038299560547 0.458434790372849 0.444788128137589 0.447828829288483 0.453875958919525 0.463862866163254 0.473438858985901 0.483808428049088 0.489857763051987 0.482401877641678 0.473309367895126 0.48355695605278 0.485400676727295 0.48029962182045 0.469363689422607 0.472506999969482 0.490115165710449 0.496580213308334 0.500244617462158 0.50294554233551 0.505789458751678 0.487473458051682 0.468909949064255 0.473313868045807 0.479407608509064 0.493828117847443 0.506709396839142 0.519547939300537
0.406780689954758 0.398993611335754 0.403108686208725 0.398752123117447 0.401892989873886 0.416855871677399 0.457652300596237 0.51031482219696 0.536760568618774 0.56218558549881 0.563334465026855 0.543758809566498 0.539219558238983 0.521759688854218 0.495064735412598 0.486159801483154 0.492197722196579 0.48095965385437 0.452830612659454 0.443347811698914 0.448637664318085 0.453011363744736 0.446336030960083 0.451534509658813 0.454662203788757 0.453319936990738 0.447326749563217 0.455099761486053 0.471161812543869 0.480604082345963 0.475035220384598 0.462012410163879 0.469695150852203 0.47241199016571 0.468617528676987 0.470416039228439 0.479604482650757 0.491116344928741 0.492750972509384 0.495389521121979 0.504921853542328 0.512143313884735 0.507982611656189 0.496983259916306 0.490071505308151 0.485880702733994 0.485876590013504 0.49807733297348 0.512301683425903
0.394055843353271 0.375898420810699 0.379281252622604 0.380156844854355 0.389794051647186 0.418000251054764 0.450164198875427 0.503376126289368 0.542123973369598 0.561824023723602 0.564161479473114 0.549795627593994 0.541825115680695 0.524182677268982 0.499627709388733 0.488834500312805 0.494742631912231 0.476738750934601 0.440980315208435 0.431668519973755 0.436802625656128 0.452078014612198 0.459615468978882 0.467843532562256 0.465891867876053 0.456815779209137 0.445522874593735 0.462882548570633 0.476460576057434 0.464566230773926 0.461163222789764 0.473357975482941 0.486437618732452 0.480381220579147 0.471042096614838 0.470748871564865 0.475234538316727 0.482095241546631 0.483405500650406 0.483056098222733 0.490103006362915 0.493129223585129 0.493405610322952 0.501467227935791 0.496828258037567 0.48944941163063 0.4885273873806 0.495974481105804 0.504667699337006
