data/trimmed_ndre/W_ndre.79.2013_no_clouds.asc
NCOLS 130 
NROWS 71 
XLLCORNER 530645 
YLLCORNER 5158205 
CELLSIZE 5 
NODATA_value -3.4e+38 
[rows 42 to 62 of 71, columns 49 to 97 of 130]
0.192906513810158 0.169875517487526 0.145323917269707 0.155891358852386 0.196360528469086 0.183783277869225 0.181958302855492 0.209511384367943 0.221648827195168 0.238198786973953 0.243965566158295 0.243754461407661 0.24619434773922 0.243048086762428 0.235179990530014 0.220828399062157 0.213272005319595 0.224390476942062 0.201760202646255 0.188240945339203 0.196408316493034 0.20218962430954 0.220642596483231 0.217114642262459 0.198147356510162 0.196315914392471 0.20133812725544 0.208692774176598 0.21652440726757 0.203977480530739 0.207216426730156 0.212297827005386 0.208531737327576 0.211722925305367 0.208332255482674 0.218987494707108 0.234344571828842 0.216620370745659 0.206492736935616 0.226966962218285 0.228246465325356 0.219071075320244 0.20749044418335 0.201540365815163 0.212188363075256 0.20896078646183 0.207469329237938 0.218155771493912 0.221715420484543
0.172407776117325 0.161465913057327 0.156981572508812 0.167242720723152 0.191321983933449 0.2028648853302 0.197085365653038 0.202102988958359 0.229091256856918 0.255874574184418 0.263366043567657 0.258367121219635 0.246025905013084 0.24017621576786 0.243206486105919 0.229525178670883 0.213964715600014 0.229618594050407 0.223292484879494 0.195698887109756 0.190202012658119 0.189803123474121 0.212092444300652 0.221235364675522 0.210733637213707 0.199483826756477 0.189421862363815 0.205274656414986 0.224050849676132 0.206002905964851 0.21143040060997 0.213788986206055 0.205759286880493 0.215048864483833 0.214803174138069 0.218904480338097 0.225389063358307 0.207008093595505 0.197131425142288 0.209832668304443 0.217050015926361 0.220059245824814 0.215463608503342 0.216996937990189 0.221963003277779 0.202388256788254 0.193436324596405 0.204898923635483 0.211883842945099
0.163509353995323 0.153515368700027 0.15846611559391 0.179794743657112 0.188612535595894 0.187225118279457 0.191724196076393 0.189124122262001 0.219544917345047 0.251383155584335 0.262296468019485 0.263963222503662 0.249047607183456 0.237360253930092 0.238439694046974 0.228815481066704 0.21498429775238 0.212647065520287 0.223967984318733 0.206656634807587 0.184049308300018 0.185826644301414 0.187441542744637 0.182881370186806 0.189331576228142 0.200784876942635 0.191460132598877 0.207702502608299 0.223275050520897 0.203876256942749 0.211832314729691 0.204282686114311 0.198102012276649 0.208301916718483 0.216960981488228 0.218738675117493 0.213342592120171 0.205644845962524 0.20105929672718 0.204068154096603 0.204435452818871 0.204636782407761 0.20338848233223 0.216423839330673 0.221932217478752 0.203229561448097 0.203345224261284 0.21035461127758 0.208851426839828
0.171438291668892 0.157828897237778 0.167307913303375 0.186148345470428 0.175524175167084 0.167481496930122 0.190456405282021 0.203695744276047 0.225581526756287 0.25472229719162 0.267330527305603 0.264413207769394 0.252703636884689 0.24567349255085 0.24191777408123 0.218711256980896 0.192202508449554 0.193249344825745 0.210767284035683 0.200029343366623 0.199345603585243 0.214544966816902 0.192645341157913 0.175518676638603 0.186602756381035 0.198452323675156 0.199464529752731 0.209333077073097 0.210601329803467 0.201541304588318 0.2043437063694 0.189340323209763 0.1889328956604 0.197846263647079 0.205461114645004 0.213454365730286 0.2093845307827 0.211126103997231 0.218647032976151 0.222497746348381 0.21682958304882 0.201608955860138 0.190168395638466 0.203630074858665 0.210724264383316 0.203385829925537 0.212170407176018 0.216250762343407 0.211847484111786
0.171387016773224 0.152099788188934 0.162367179989815 0.179196402430534 0.180563271045685 0.18405781686306 0.206631898880005 0.225744187831879 0.237770721316338 0.257077485322952 0.263334691524506 0.254456400871277 0.254000425338745 0.248182743787766 0.23643596470356 0.212847352027893 0.192996546626091 0.195696383714676 0.193453565239906 0.181457534432411 0.1894790828228 0.19776925444603 0.190192133188248 0.183296024799347 0.175194397568703 0.174328342080116 0.19147877395153 0.19415657222271 0.186367243528366 0.192157089710236 0.199263602495193 0.194306895136833 0.194975659251213 0.191961154341698 0.197160795331001 0.209282472729683 0.201096713542938 0.19649900496006 0.209905952215195 0.219879373908043 0.218864098191261 0.203359067440033 0.188793152570724 0.19824443757534 0.2048210054636 0.20412889122963 0.212361246347427 0.220278471708298 0.221470862627029
0.163140013813972 0.150037780404091 0.160955756902695 0.179702669382095 0.201127871870995 0.201641455292702 0.211112856864929 0.231901094317436 0.243388757109642 0.255239963531494 0.255064457654953 0.244110643863678 0.241738870739937 0.236383244395256 0.227786242961884 0.214164465665817 0.202433794736862 0.198288038372993 0.194210156798363 0.196633011102676 0.18809862434864 0.187601640820503 0.189583614468575 0.175428286194801 0.176517218351364 0.178731083869934 0.187199860811234 0.201607003808022 0.192492812871933 0.189053475856781 0.201792865991592 0.208792462944984 0.207926154136658 0.193505629897118 0.191750735044479 0.206128492951393 0.208078950643539 0.20231032371521 0.204538226127625 0.214363485574722 0.215356454253197 0.204137593507767 0.1980120241642 0.195926144719124 0.189572855830193 0.199712947010994 0.215844616293907 0.229695320129395 0.219313815236092
0.168922811746597 0.16757507622242 0.171769946813583 0.178055092692375 0.195714175701141 0.194641098380089 0.201290264725685 0.227755963802338 0.246517822146416 0.259583234786987 0.253090173006058 0.237083286046982 0.232170268893242 0.232572376728058 0.228594794869423 0.220822229981422 0.211152836680412 0.202770993113518 0.2027907371521 0.20288522541523 0.187294617295265 0.194188728928566 0.190923124551773 0.180010184645653 0.195748701691628 0.193296104669571 0.193338304758072 0.212583810091019 0.205169767141342 0.184282526373863 0.185204774141312 0.200286895036697 0.212903082370758 0.220302060246468 0.196991875767708 0.190778777003288 0.21731248497963 0.218441367149353 0.207221731543541 0.215542823076248 0.22414830327034 0.208586424589157 0.212303072214127 0.216050773859024 0.199488684535027 0.207898736000061 0.220982164144516 0.221627101302147 0.20367768406868
0.182591184973717 0.189242213964462 0.182024225592613 0.173474967479706 0.178829103708267 0.185714170336723 0.194379106163979 0.217530682682991 0.243008643388748 0.255171746015549 0.24889212846756 0.237005829811096 0.236242949962616 0.23161469399929 0.216344967484474 0.206689834594727 0.205710634589195 0.205451130867004 0.194790586829185 0.175821661949158 0.168770417571068 0.176205784082413 0.175000846385956 0.170083045959473 0.187936574220657 0.18885163962841 0.184596836566925 0.193707406520844 0.201552361249924 0.196095526218414 0.190539538860321 0.191100209951401 0.197373673319817 0.217843949794769 0.196737855672836 0.180897697806358 0.202347904443741 0.201394572854042 0.198840484023094 0.209845095872879 0.218759015202522 0.185506343841553 0.203429013490677 0.245789438486099 0.218719467520714 0.222218737006187 0.231312707066536 0.218312829732895 0.209390848875046
0.188428685069084 0.19415158033371 0.18141582608223 0.183670431375504 0.190923124551773 0.195908188819885 0.19700026512146 0.205021351575851 0.22730515897274 0.242199525237083 0.24051721394062 0.237576216459274 0.238847449421883 0.226914539933205 0.195471405982971 0.189125835895538 0.200638458132744 0.206206873059273 0.183991014957428 0.175245076417923 0.171104565262794 0.165412381291389 0.17473316192627 0.170625314116478 0.176401749253273 0.187668859958649 0.190448597073555 0.192271620035172 0.202160581946373 0.211461424827576 0.203477665781975 0.200060963630676 0.186160743236542 0.184646487236023 0.188502594828606 0.191738456487656 0.20116713643074 0.195029869675636 0.198991596698761 0.215213745832443 0.217342972755432 0.198106333613396 0.219881445169449 0.239697635173798 0.213427737355232 0.233556389808655 0.254831671714783 0.235455423593521 0.207392320036888
0.203835800290108 0.193690925836563 0.196828663349152 0.198949635028839 0.209625959396362 0.212066426873207 0.20538492500782 0.207108959555626 0.220383152365685 0.227886006236076 0.224352836608887 0.227006062865257 0.227956727147102 0.213139325380325 0.188889175653458 0.189309850335121 0.20325730741024 0.205581605434418 0.190308377146721 0.19786448776722 0.191083088517189 0.179852932691574 0.202997833490372 0.193607643246651 0.187983483076096 0.196929201483727 0.206380486488342 0.207734748721123 0.199870437383652 0.191755145788193 0.187987864017487 0.192634731531143 0.183957993984222 0.182927325367928 0.198562204837799 0.208635956048965 0.206786051392555 0.196864500641823 0.208779469132423 0.220375955104828 0.229547142982483 0.235056355595589 0.229211121797562 0.21296426653862 0.21176390349865 0.233696386218071 0.244966670870781 0.229760363698006 0.209926322102547
0.189551785588264 0.194081947207451 0.211174353957176 0.202085167169571 0.216303646564484 0.231733769178391 0.222727432847023 0.210737735033035 0.21261790394783 0.216019317507744 0.215676352381706 0.216240003705025 0.213360339403152 0.208553701639175 0.200629696249962 0.202064961194992 0.207786098122597 0.205046355724335 0.190511673688889 0.197483271360397 0.19368152320385 0.2008236348629 0.223688036203384 0.21115405857563 0.206042677164078 0.205442309379578 0.205076053738594 0.208120971918106 0.197797432541847 0.178684085607529 0.181119471788406 0.199690595269203 0.210080727934837 0.210323795676231 0.206824153661728 0.217587143182755 0.223175913095474 0.218537136912346 0.220236375927925 0.212845057249069 0.228386506438255 0.237526074051857 0.211090609431267 0.204517364501953 0.217550754547119 0.226833134889603 0.226858466863632 0.217963725328445 0.210206255316734
0.185241028666496 0.198604956269264 0.214169383049011 0.210033759474754 0.213422432541847 0.225579410791397 0.222869902849197 0.209733784198761 0.208319500088692 0.217977836728096 0.228581741452217 0.220705702900887 0.207031831145287 0.203182622790337 0.202114954590797 0.202195659279823 0.202217251062393 0.203398615121841 0.18930421769619 0.180647686123848 0.192644715309143 0.20685850083828 0.211911857128143 0.19876429438591 0.201058715581894 0.194988787174225 0.18479973077774 0.198623567819595 0.20575900375843 0.19398207962513 0.193782240152359 0.205604463815689 0.213156372308731 0.211815625429153 0.203069657087326 0.210637435317039 0.218471437692642 0.216359913349152 0.203881025314331 0.199172899127007 0.21269853413105 0.213123425841331 0.197174623608589 0.2035191655159 0.219736680388451 0.216742917895317 0.205819562077522 0.199791997671127 0.198866069316864
0.193646878004074 0.209331303834915 0.21429243683815 0.211636200547218 0.21684405207634 0.225021541118622 0.223244234919548 0.220291674137115 0.221815317869186 0.229841083288193 0.237773731350899 0.222951322793961 0.200101986527443 0.184840112924576 0.19083009660244 0.195000723004341 0.185171708464622 0.191559880971909 0.18582321703434 0.184124872088432 0.206360787153244 0.205938324332237 0.194746553897858 0.186548814177513 0.190990254282951 0.182779774069786 0.17594863474369 0.197917982935905 0.213843137025833 0.208577394485474 0.195216834545135 0.188143640756607 0.191484287381172 0.198762655258179 0.199435293674469 0.195821076631546 0.201211035251617 0.191539630293846 0.183706402778625 0.191751107573509 0.196158394217491 0.192468523979187 0.187304183840752 0.195345088839531 0.214410305023193 0.214920595288277 0.204533934593201 0.203947365283966 0.201613560318947
0.203916907310486 0.222430497407913 0.218034088611603 0.219396963715553 0.229289367794991 0.233552128076553 0.226594910025597 0.219833537936211 0.218340560793877 0.222385227680206 0.223337352275848 0.205416947603226 0.194672957062721 0.189989998936653 0.187288343906403 0.182523310184479 0.177768245339394 0.191179737448692 0.186793684959412 0.197757318615913 0.210677102208138 0.19595505297184 0.188745588064194 0.178565725684166 0.179062202572823 0.18833900988102 0.185986816883087 0.196902841329575 0.202636167407036 0.203186586499214 0.191132932901382 0.179691582918167 0.185029223561287 0.1907859146595 0.201201185584068 0.202568113803864 0.195830836892128 0.189983576536179 0.185227811336517 0.195978626608849 0.195030212402344 0.193568289279938 0.18124458193779 0.183744356036186 0.208341255784035 0.206050395965576 0.211816355586052 0.218461066484451 0.21236515045166
0.213625624775887 0.233320534229279 0.229235574603081 0.223527520895004 0.230592846870422 0.233093410730362 0.223004803061485 0.211417734622955 0.200874924659729 0.20040899515152 0.203454419970512 0.197509750723839 0.202903896570206 0.210638836026192 0.199599668383598 0.193218633532524 0.193265244364738 0.19417168200016 0.181865826249123 0.190654933452606 0.204219162464142 0.198772564530373 0.194624334573746 0.168205082416534 0.16862465441227 0.185373038053513 0.188820466399193 0.19260185956955 0.195055693387985 0.199409604072571 0.201474443078041 0.195714250206947 0.188298746943474 0.188394844532013 0.209109932184219 0.215634942054749 0.209660604596138 0.209024399518967 0.190766155719757 0.195865526795387 0.207044422626495 0.205317229032516 0.187421247363091 0.185886517167091 0.204343467950821 0.195064425468445 0.205080777406693 0.214834854006767 0.209315374493599
0.216028273105621 0.237535730004311 0.234422609210014 0.214925050735474 0.21640220284462 0.222291618585587 0.215458884835243 0.20557427406311 0.196062371134758 0.191409423947334 0.193689674139023 0.195964336395264 0.210875958204269 0.216806143522263 0.202490329742432 0.198395073413849 0.204104259610176 0.196997836232185 0.179696097970009 0.183668449521065 0.200580447912216 0.206201836466789 0.19898234307766 0.175849303603172 0.181794837117195 0.193994864821434 0.194619923830032 0.197027891874313 0.197894126176834 0.196994304656982 0.196856945753098 0.206412777304649 0.20080554485321 0.193044036626816 0.202450126409531 0.207962825894356 0.221778064966202 0.224773436784744 0.179521545767784 0.188441649079323 0.200762823224068 0.196188166737556 0.200041994452477 0.197981253266335 0.19823956489563 0.19488188624382 0.196726933121681 0.195385634899139 0.193437159061432
0.209526181221008 0.221602335572243 0.227564975619316 0.217731058597565 0.21731299161911 0.215604081749916 0.215203195810318 0.211420074105263 0.207091256976128 0.20155768096447 0.191382527351379 0.189639717340469 0.204494163393974 0.211749747395515 0.197664022445679 0.189450785517693 0.198912277817726 0.204320088028908 0.201487883925438 0.199478194117546 0.193030655384064 0.199089601635933 0.19679482281208 0.1829554438591 0.204193904995918 0.210836857557297 0.201193615794182 0.19829298555851 0.19540311396122 0.188724026083946 0.191782310605049 0.210351526737213 0.215286001563072 0.19441182911396 0.182876154780388 0.196278393268585 0.21704974770546 0.214199125766754 0.181394785642624 0.192312642931938 0.183432802557945 0.172715157270432 0.198016092181206 0.191163495182991 0.197217553853989 0.207701355218887 0.192364931106567 -3.4e+38 -3.4e+38
0.203735902905464 0.201808884739876 0.224365845322609 0.238900393247604 0.226913824677467 0.21549965441227 0.214235663414001 0.215162664651871 0.213977053761482 0.210202693939209 0.190850704908371 0.179054588079453 0.184605523943901 0.189920380711555 0.179618567228317 0.171867847442627 0.189555153250694 0.204729855060577 0.217305064201355 0.212817534804344 0.187603905797005 0.184267282485962 0.190685912966728 0.191446796059608 0.209390074014664 0.209519654512405 0.200926408171654 0.189775213599205 0.181645601987839 0.17725558578968 0.196030914783478 0.212013095617294 0.201694697141647 0.186559841036797 0.176374405622482 0.19043841958046 0.202195554971695 0.209501370787621 0.209042608737946 0.201075464487076 0.194902762770653 0.181467592716217 0.188801139593124 0.183166965842247 0.19894015789032 0.211190447211266 -3.4e+38 -3.4e+38 -3.4e+38
0.204941764473915 0.20438714325428 0.222669422626495 0.235245749354362 0.219462662935257 0.208647876977921 0.204940021038055 0.206374600529671 0.209099724888802 0.202948555350304 0.183940425515175 0.174165844917297 0.176748275756836 0.175256162881851 0.172662183642387 0.174066454172134 0.189357027411461 0.198845818638802 0.217297270894051 0.21826896071434 0.187195762991905 0.172719821333885 0.18304468691349 0.193157628178596 0.199400544166565 0.200344145298004 0.201810941100121 0.193597763776779 0.18412421643734 0.179870367050171 0.184923484921455 0.195485204458237 0.191090777516365 0.189490154385567 0.181561052799225 0.182022422552109 0.186659976840019 0.192504703998566 0.197733804583549 0.196339830756187 0.203085616230965 0.194085285067558 0.183451101183891 0.182534173130989 0.191478163003922 -3.4e+38 -3.4e+38 -3.4e+38 -3.4e+38
0.22427923977375 0.222699224948883 0.203231424093246 0.202776715159416 0.196550875902176 0.192494824528694 0.196698352694511 0.20000347495079 0.199046775698662 0.194327428936958 0.186320394277573 0.190407142043114 0.187391608953476 0.176475703716278 0.18147774040699 0.188122719526291 0.186259806156158 0.186950951814651 0.203753054141998 0.205143541097641 0.190447777509689 0.185759365558624 0.191937133669853 0.189381554722786 0.1848434060812 0.195074394345284 0.203598201274872 0.20115764439106 0.194175988435745 0.184063956141472 0.177381604909897 0.183130979537964 0.190916985273361 0.194001451134682 0.184438362717628 0.173800989985466 0.173072844743729 0.177865669131279 0.183781802654266 0.18265500664711 0.186964213848114 -3.4e+38 -3.4e+38 -3.4e+38 -3.4e+38 -3.4e+38 -3.4e+38 -3.4e+38 -3.4e+38
0.236344933509827 0.229967802762985 0.197986662387848 0.203123435378075 0.204569295048714 0.203815504908562 0.206943646073341 0.208340361714363 0.205730855464935 0.20330248773098 0.201159000396729 0.206950753927231 0.200159728527069 0.186086475849152 0.191332623362541 0.200437501072884 0.185687184333801 0.173917412757874 0.188820406794548 0.188343524932861 0.200648054480553 0.205563768744469 0.195589393377304 0.187066465616226 0.179790496826172 0.194471657276154 0.206560283899307 0.210126906633377 0.208509907126427 0.195995524525642 0.1893380433321 0.179916724562645 0.177242502570152 0.18651856482029 0.195259183645248 -3.4e+38 -3.4e+38 -3.4e+38 -3.4e+38 -3.4e+38 -3.4e+38 -3.4e+38 -3.4e+38 -3.4e+38 -3.4e+38 -3.4e+38 -3.4e+38 -3.4e+38 -3.4e+38
