data/trimmed_ndre/W_ndre.610.2009_no_clouds.asc
NCOLS 130 
NROWS 71 
XLLCORNER 530645 
YLLCORNER 5158205 
CELLSIZE 5 
NODATA_value -3.4e+38 
[rows 21 to 41 of 71, columns 49 to 97 of 130]
0.218223825097084 0.218436673283577 0.21181221306324 0.209533557295799 0.22178541123867 0.219060555100441 0.217958301305771 0.202898576855659 0.193142995238304 0.202578663825989 0.206981986761093 0.200641989707947 0.196340262889862 0.186309665441513 0.187918081879616 0.194857016205788 0.198456928133965 0.213504776358604 -3.4e+38 -3.4e+38 -3.4e+38 -3.4e+38 -3.4e+38 -3.4e+38 -3.4e+38 -3.4e+38 -3.4e+38 -3.4e+38 -3.4e+38 -3.4e+38 -3.4e+38 -3.4e+38 -3.4e+38 -3.4e+38 -3.4e+38 -3.4e+38 -3.4e+38 -3.4e+38 -3.4e+38 -3.4e+38 -3.4e+38 -3.4e+38 -3.4e+38 -3.4e+38 -3.4e+38 -3.4e+38 -3.4e+38 -3.4e+38 -3.4e+38
0.212562993168831 0.207411363720894 0.20734766125679 0.212625563144684 0.219899162650108 0.214646324515343 0.208097830414772 0.200951814651489 0.197286933660507 0.196837648749352 0.198241353034973 0.206954628229141 0.208805814385414 0.195825323462486 0.189636960625648 0.199220985174179 0.204480066895485 0.199897482991219 0.191994115710258 0.200718104839325 0.210956305265427 0.199612781405449 0.206346467137337 0.215747848153114 0.216255307197571 0.217682093381882 0.231359228491783 0.202714905142784 -3.4e+38 -3.4e+38 -3.4e+38 -3.4e+38 -3.4e+38 -3.4e+38 -3.4e+38 -3.4e+38 -3.4e+38 -3.4e+38 -3.4e+38 -3.4e+38 -3.4e+38 -3.4e+38 -3.4e+38 -3.4e+38 -3.4e+38 -3.4e+38 -3.4e+38 -3.4e+38 -3.4e+38
0.223751664161682 0.190801963210106 0.197311624884605 0.218284577131271 0.221193805336952 0.208979696035385 0.204879358410835 0.19817265868187 0.199259296059608 0.196495026350021 0.195819303393364 0.209825411438942 0.219015672802925 0.208772853016853 0.202898606657982 0.213658079504967 0.221886992454529 0.20397025346756 0.202174887061119 0.207482352852821 0.213268667459488 0.215311795473099 0.228468507528305 0.210072413086891 0.202443495392799 0.219188213348389 0.227276712656021 0.230490356683731 0.217997461557388 -3.4e+38 -3.4e+38 -3.4e+38 -3.4e+38 -3.4e+38 -3.4e+38 -3.4e+38 -3.4e+38 -3.4e+38 -3.4e+38 -3.4e+38 -3.4e+38 -3.4e+38 -3.4e+38 -3.4e+38 -3.4e+38 -3.4e+38 -3.4e+38 -3.4e+38 -3.4e+38
0.236722767353058 0.221398383378983 0.210934743285179 0.20426407456398 0.209489956498146 0.209466204047203 0.211852535605431 0.205329865217209 0.201234877109528 0.198672726750374 0.197268515825272 0.20447550714016 0.204917669296265 0.202458962798119 0.20686562359333 0.199078351259232 0.203291684389114 0.208356916904449 0.21695214509964 0.210562333464622 0.210327163338661 0.223820462822914 0.210409864783287 0.191200956702232 0.197932675480843 0.220496654510498 0.218195617198944 0.231098294258118 0.23816479742527 0.222310617566109 -3.4e+38 -3.4e+38 -3.4e+38 -3.4e+38 -3.4e+38 -3.4e+38 -3.4e+38 -3.4e+38 -3.4e+38 -3.4e+38 -3.4e+38 -3.4e+38 -3.4e+38 -3.4e+38 -3.4e+38 -3.4e+38 -3.4e+38 -3.4e+38 -3.4e+38
0.273000001907349 0.234684392809868 0.223184183239937 0.221209853887558 0.219212681055069 0.218430787324905 0.218926683068275 0.205225393176079 0.204704627394676 0.209692269563675 0.21130733191967 0.212005496025085 0.202615395188332 0.19963912665844 0.194619074463844 0.190421983599663 0.211595088243484 0.203586250543594 0.20371487736702 0.225036486983299 0.216039285063744 0.211182206869125 0.208249658346176 0.211766988039017 0.21065765619278 0.209444254636765 0.219611451029778 0.227439567446709 0.230384662747383 0.222447291016579 0.205651298165321 -3.4e+38 -3.4e+38 -3.4e+38 -3.4e+38 -3.4e+38 -3.4e+38 -3.4e+38 -3.4e+38 -3.4e+38 -3.4e+38 -3.4e+38 -3.4e+38 -3.4e+38 -3.4e+38 -3.4e+38 -3.4e+38 -3.4e+38 -3.4e+38
0.386792182922363 0.306173235177994 0.246099904179573 0.233398273587227 0.217980921268463 0.214457809925079 0.214985191822052 0.207065299153328 0.210024163126945 0.218011036515236 0.223442897200584 0.217992663383484 0.206468567252159 0.204568356275558 0.199304595589638 0.207724243402481 0.222555726766586 0.192801803350449 0.192743644118309 0.232360988855362 0.214069411158562 0.21028134226799 0.217986583709717 0.214055016636848 0.21064393222332 0.205131113529205 0.219607964158058 0.220018565654755 0.211564123630524 0.203656792640686 0.195357233285904 0.192987650632858 0.197083413600922 0.20586022734642 -3.4e+38 -3.4e+38 -3.4e+38 -3.4e+38 -3.4e+38 -3.4e+38 -3.4e+38 -3.4e+38 -3.4e+38 -3.4e+38 -3.4e+38 -3.4e+38 -3.4e+38 -3.4e+38 -3.4e+38
0.508804678916931 0.411126106977463 0.296739220619202 0.245745003223419 0.23316253721714 0.222154796123505 0.218697726726532 0.212406799197197 0.207634195685387 0.21678851544857 0.228586003184319 0.225606486201286 0.211266562342644 0.213871091604233 0.208842411637306 0.207256615161896 0.215908855199814 0.205247223377228 0.193232268095016 0.212621226906776 0.211661174893379 0.213366746902466 0.21665433049202 0.201128423213959 0.195801258087158 0.198552027344704 0.210728883743286 0.214413747191429 0.214296787977219 0.215884789824486 0.20960034430027 0.207266643643379 0.203702315688133 0.207047358155251 0.221985578536987 0.220721334218979 0.228568732738495 0.237483397126198 0.235253617167473 0.216846331954002 0.209323793649673 0.207109987735748 0.214208632707596 0.205438852310181 0.221305087208748 0.231518238782883 0.212678596377373 0.212753355503082 0.213247090578079
0.571590185165405 0.509857058525085 0.402585446834564 0.289720505475998 0.235885962843895 0.224123552441597 0.211464166641235 0.214197397232056 0.210412085056305 0.213246867060661 0.227626517415047 0.224524945020676 0.211447864770889 0.213260367512703 0.202018648386002 0.197595730423927 0.213596791028976 0.212629705667496 0.196780443191528 0.20831523835659 0.209880143404007 0.194032773375511 0.211810827255249 0.205687984824181 0.191546052694321 0.193634554743767 0.19888935983181 0.206128552556038 0.216410145163536 0.223566293716431 0.220908686518669 0.213757306337357 0.199119657278061 0.204113066196442 0.226398557424545 0.225894153118134 0.226100265979767 0.215556606650352 0.212588518857956 0.213839262723923 0.201472863554955 0.20881724357605 0.227738916873932 0.223759844899178 0.228935286402702 0.229080975055695 0.212582483887672 0.21125915646553 0.211519613862038
0.586150646209717 0.573842465877533 0.509712040424347 0.402120590209961 0.295057207345963 0.235072314739227 0.208406716585159 0.211284905672073 0.221638813614845 0.225473463535309 0.228671848773956 0.218876793980598 0.206102520227432 0.21095871925354 0.213776782155037 0.220582753419876 0.223445996642113 0.21149754524231 0.205850034952164 0.20558674633503 0.200125843286514 0.196855217218399 0.218707457184792 0.221739649772644 0.210681140422821 0.213885739445686 0.211721733212471 0.211311802268028 0.218002662062645 0.220274433493614 0.21930319070816 0.219245880842209 0.215796425938606 0.206357225775719 0.214920684695244 0.223532870411873 0.2242441624403 0.216845721006393 0.23394675552845 0.23821322619915 0.20737524330616 0.214571252465248 0.243179038167 0.23346321284771 0.225497826933861 0.215044483542442 0.209383383393288 0.219957768917084 0.211519986391068
0.621194303035736 0.616977691650391 0.583081841468811 0.515376210212708 0.419967949390411 0.322906374931335 0.269970566034317 0.258250176906586 0.256198346614838 0.251551479101181 0.241310074925423 0.231573060154915 0.225563243031502 0.232525065541267 0.239317625761032 0.241831704974174 0.246920347213745 0.236031413078308 0.233772486448288 0.226043835282326 0.23356531560421 0.235930025577545 0.228203743696213 0.233786195516586 0.231118470430374 0.229307025671005 0.234805718064308 0.233474567532539 0.238278239965439 0.239966407418251 0.230200007557869 0.221056818962097 0.219762191176414 0.21197609603405 0.212019890546799 0.219233155250549 0.224878534674644 0.227547481656075 0.253080099821091 0.26714488863945 0.240629389882088 0.229587554931641 0.235035002231598 0.217858657240868 0.212692245841026 0.219542056322098 0.233661398291588 0.236257076263428 0.215142443776131
0.643605709075928 0.627436578273773 0.617982923984528 0.594004571437836 0.533509254455566 0.461716651916504 0.412061214447021 0.389722138643265 0.355688899755478 0.338073134422302 0.32415845990181 0.321403861045837 0.324584573507309 0.323784798383713 0.308159708976746 0.29771363735199 0.311708629131317 0.283977657556534 0.279854118824005 0.301753342151642 0.309118568897247 0.29381462931633 0.270680159330368 0.276331573724747 0.275460481643677 0.271429419517517 0.278476625680923 0.272073030471802 0.283226788043976 0.297788560390472 0.291328579187393 0.272429883480072 0.257195562124252 0.254306644201279 0.260041981935501 0.269178956747055 0.283881485462189 0.293207496404648 0.303912997245789 0.317012667655945 0.307074099779129 0.289313346147537 0.282692670822144 0.273423194885254 0.280634194612503 0.291567206382751 0.29026934504509 0.275627553462982 0.257906585931778
0.619150876998901 0.610242247581482 0.617589712142944 0.613541960716248 0.593976438045502 0.560764491558075 0.534771203994751 0.522676944732666 0.50371915102005 0.48541471362114 0.47397568821907 0.470770537853241 0.466631442308426 0.452854037284851 0.443814367055893 0.423106729984283 0.408987522125244 0.395098358392715 0.383856624364853 0.387182950973511 0.381044209003448 0.375684916973114 0.370294898748398 0.373954087495804 0.365359544754028 0.36134472489357 0.362727761268616 0.356058239936829 0.35872283577919 0.378212332725525 0.383256047964096 0.37190517783165 0.359760522842407 0.361507385969162 0.360620349645615 0.366973668336868 0.384725600481033 0.386440604925156 0.382112562656403 0.395668298006058 0.3934366106987 0.375887632369995 0.376907169818878 0.389336228370667 0.400477468967438 0.401973903179169 0.402473390102386 0.392903804779053 0.376151531934738
0.586738348007202 0.574824869632721 0.579386591911316 0.594325065612793 0.605844676494598 0.592378497123718 0.5842005610466 0.581147968769073 0.585873961448669 0.587937951087952 0.585065841674805 0.574913859367371 0.566333472728729 0.558659315109253 0.548047244548798 0.531372964382172 0.511534214019775 0.50256073474884 0.466549098491669 0.453651577234268 0.455146253108978 0.44296658039093 0.450529843568802 0.46589383482933 0.449914842844009 0.437285870313644 0.435709059238434 0.432637333869934 0.431114971637726 0.433670997619629 0.439280986785889 0.435646116733551 0.433739930391312 0.435277014970779 0.432129561901093 0.436528205871582 0.445870280265808 0.437767595052719 0.436230361461639 0.445682048797607 0.445299237966537 0.437054008245468 0.446455508470535 0.469839423894882 0.478496581315994 0.486821174621582 0.493679970502853 0.505404233932495 0.498107999563217
0.585797905921936 0.558791935443878 0.555482923984528 0.581322073936462 0.601280450820923 0.602466523647308 0.600788354873657 0.599044561386108 0.608883321285248 0.615920126438141 0.618206560611725 0.617930889129639 0.598770081996918 0.59154486656189 0.586328685283661 0.57566910982132 0.560328125953674 0.543342471122742 0.5151287317276 0.506597876548767 0.50859808921814 0.496796578168869 0.504994988441467 0.519942462444305 0.510628998279572 0.490098387002945 0.493452131748199 0.486789613962173 0.473334193229675 0.470009326934814 0.476056605577469 0.480932772159576 0.482468456029892 0.482011795043945 0.470438987016678 0.464107483625412 0.467366963624954 0.465625435113907 0.465360701084137 0.472882390022278 0.473958909511566 0.467038363218307 0.470971256494522 0.474040627479553 0.472582668066025 0.483138769865036 0.499496430158615 0.52964836359024 0.542646288871765
0.590481340885162 0.575049042701721 0.568737983703613 0.580566763877869 0.592199325561523 0.607103586196899 0.608006715774536 0.600756764411926 0.609021067619324 0.616294264793396 0.616749703884125 0.608385920524597 0.574831545352936 0.562820017337799 0.565401792526245 0.565428674221039 0.555608034133911 0.54497230052948 0.529696702957153 0.522707521915436 0.520925641059875 0.522213160991669 0.535004377365112 0.529822528362274 0.517970144748688 0.511497795581818 0.518445789813995 0.508575916290283 0.504713237285614 0.513868391513824 0.518309354782104 0.529659807682037 0.526914477348328 0.517793357372284 0.510268926620483 0.505709588527679 0.507921576499939 0.515463709831238 0.505712568759918 0.498953461647034 0.506023108959198 0.516954958438873 0.515945911407471 0.497834175825119 0.48374992609024 0.494847536087036 0.500097513198853 0.507499814033508 0.514763414859772
0.572006285190582 0.587870240211487 0.587866008281708 0.577673852443695 0.570590674877167 0.585343599319458 0.605686962604523 0.608720719814301 0.607029139995575 0.599092304706573 0.589449107646942 0.577910184860229 0.550940692424774 0.536231100559235 0.53869241476059 0.544245183467865 0.538248836994171 0.537435531616211 0.52661919593811 0.510972678661346 0.507687866687775 0.513630628585815 0.529375553131104 0.526013553142548 0.5186767578125 0.519403696060181 0.522461712360382 0.51610916852951 0.519077241420746 0.529047012329102 0.537079036235809 0.547912001609802 0.540077209472656 0.528485417366028 0.523227572441101 0.515231251716614 0.525212407112122 0.545084774494171 0.541055202484131 0.529879689216614 0.532001316547394 0.543256282806396 0.541103363037109 0.536395490169525 0.534073173999786 0.540386974811554 0.536011576652527 0.533704578876495 0.529507100582123
0.545750498771667 0.568305790424347 0.571767568588257 0.550027847290039 0.536079406738281 0.554453432559967 0.588551461696625 0.607546985149384 0.60464334487915 0.583268344402313 0.567611992359161 0.566572189331055 0.558824479579926 0.538187801837921 0.534426093101501 0.536348700523376 0.527969837188721 0.535848915576935 0.522569239139557 0.50529271364212 0.498606860637665 0.499294221401215 0.517195403575897 0.527769804000854 0.530694007873535 0.535569190979004 0.535622656345367 0.532068908214569 0.537139713764191 0.542501926422119 0.546770811080933 0.549639821052551 0.540415287017822 0.538703322410583 0.538922667503357 0.52699601650238 0.527410268783569 0.544545114040375 0.556856215000153 0.555657982826233 0.554336726665497 0.555960595607758 0.55263876914978 0.552786350250244 0.544973969459534 0.547096431255341 0.540487110614777 0.539383947849274 0.547212839126587
0.51039069890976 0.501067817211151 0.507782578468323 0.499448895454407 0.504979610443115 0.537858724594116 0.578611433506012 0.606969058513641 0.606984317302704 0.591656446456909 0.577388226985931 0.563096165657043 0.555604696273804 0.539618611335754 0.53186708688736 0.525538265705109 0.527098774909973 0.53890061378479 0.520924031734467 0.502916872501373 0.496021628379822 0.494188100099564 0.518994927406311 0.535744249820709 0.537979483604431 0.542032182216644 0.543813943862915 0.544695854187012 0.546355307102203 0.54919844865799 0.556231319904327 0.563564777374268 0.560563862323761 0.564191460609436 0.56468391418457 0.553772330284119 0.547645449638367 0.549362361431122 0.554948687553406 0.559020638465881 0.566891968250275 0.565562129020691 0.567509651184082 0.568675100803375 0.558301687240601 0.558813691139221 0.552481532096863 0.553598046302795 0.556003928184509
0.486723095178604 0.461091697216034 0.471168428659439 0.47644105553627 0.499266713857651 0.546244144439697 0.589036703109741 0.600202560424805 0.591234505176544 0.591005444526672 0.596132814884186 0.570823788642883 0.55630487203598 0.545674979686737 0.527762711048126 0.518082857131958 0.522744596004486 0.528721153736115 0.509069800376892 0.495376765727997 0.494694650173187 0.507736146450043 0.535234093666077 0.543531656265259 0.542970299720764 0.546678423881531 0.545592248439789 0.540869414806366 0.542335391044617 0.552954018115997 0.564862906932831 0.571517527103424 0.572519063949585 0.575557172298431 0.567682325839996 0.565784156322479 0.566562414169312 0.558742344379425 0.55741024017334 0.562902271747589 0.568276822566986 0.56194680929184 0.564162611961365 0.565558075904846 0.55261492729187 0.55391252040863 0.569429457187653 0.578663229942322 0.562246024608612
0.482685059309006 0.449822932481766 0.45208528637886 0.474674254655838 0.507307291030884 0.553245425224304 0.588384449481964 0.601983666419983 0.593529224395752 0.596739888191223 0.60224437713623 0.570452868938446 0.564226984977722 0.559420228004456 0.544495522975922 0.537873566150665 0.533646523952484 0.527952134609222 0.509759545326233 0.496829092502594 0.505663156509399 0.528498768806458 0.550552427768707 0.550381720066071 0.546776711940765 0.551234245300293 0.557210147380829 0.548490822315216 0.546966791152954 0.555911898612976 0.564319014549255 0.56194269657135 0.560189962387085 0.572200000286102 0.574731349945068 0.572977721691132 0.567083120346069 0.560494959354401 0.557995617389679 0.567003965377808 0.568678617477417 0.55985152721405 0.560559928417206 0.56167995929718 0.560214877128601 0.563932597637177 0.566509962081909 0.557774484157562 0.538226664066315
0.458573400974274 0.434044897556305 0.444960653781891 0.481335818767548 0.519720554351807 0.550870299339294 0.582306802272797 0.605838596820831 0.613290369510651 0.607410728931427 0.59081506729126 0.574256777763367 0.577893555164337 0.568479716777802 0.565330326557159 0.570472121238708 0.552693367004395 0.539387881755829 0.525630116462708 0.514707684516907 0.530911803245544 0.544635713100433 0.550037860870361 0.550416469573975 0.545374035835266 0.554870128631592 0.565933227539062 0.55954384803772 0.561044633388519 0.562751829624176 0.561870694160461 0.56581312417984 0.567000806331635 0.568548858165741 0.574577271938324 0.574277222156525 0.559170961380005 0.556277275085449 0.560841262340546 0.570697247982025 0.569300353527069 0.560554683208466 0.565566420555115 0.567283928394318 0.579959988594055 0.58748197555542 0.573149800300598 0.544943928718567 0.535576105117798
