data/trimmed_ndre/W_ndre.715.2013_no_clouds.asc
NCOLS 130 
NROWS 71 
XLLCORNER 530645 
YLLCORNER 5158205 
CELLSIZE 5 
NODATA_value -3.4e+38 
[rows 0 to 20 of 71, columns 0 to 48 of 130]
-339999999999999996123846586046231871488.000000000000000 -3.4e+38 -3.4e+38 -3.4e+38 -3.4e+38 -3.4e+38 -3.4e+38 -3.4e+38 -3.4e+38 -3.4e+38 -3.4e+38 0.17552787065506 0.175523117184639 0.152359768748283 0.14085553586483 0.143419325351715 0.14341539144516 -3.4e+38 -3.4e+38 -3.4e+38 -3.4e+38 -3.4e+38 -3.4e+38 -3.4e+38 -3.4e+38 -3.4e+38 -3.4e+38 -3.4e+38 -3.4e+38 -3.4e+38 -3.4e+38 -3.4e+38 -3.4e+38 -3.4e+38 -3.4e+38 -3.4e+38 -3.4e+38 -3.4e+38 -3.4e+38 -3.4e+38 -3.4e+38 -3.4e+38 -3.4e+38 -3.4e+38 -3.4e+38 -3.4e+38 -3.4e+38 -3.4e+38 -3.4e+38
-3.4e+38 -3.4e+38 -3.4e+38 -3.4e+38 -3.4e+38 -3.4e+38 -3.4e+38 -3.4e+38 -3.4e+38 -3.4e+38 0.165346518158913 0.182820603251457 0.159924134612083 0.159919485449791 0.146240040659904 0.135355472564697 0.138892322778702 0.143702611327171 -3.4e+38 -3.4e+38 -3.4e+38 -3.4e+38 -3.4e+38 -3.4e+38 -3.4e+38 -3.4e+38 -3.4e+38 -3.4e+38 -3.4e+38 -3.4e+38 -3.4e+38 -3.4e+38 -3.4e+38 -3.4e+38 -3.4e+38 -3.4e+38 -3.4e+38 -3.4e+38 -3.4e+38 -3.4e+38 -3.4e+38 -3.4e+38 -3.4e+38 -3.4e+38 -3.4e+38 -3.4e+38 -3.4e+38 -3.4e+38 -3.4e+38
-3.4e+38 -3.4e+38 -3.4e+38 -3.4e+38 -3.4e+38 -3.4e+38 -3.4e+38 -3.4e+38 0.360955208539963 0.241030395030975 0.241025909781456 0.219948828220367 0.143562287092209 0.144943952560425 0.146240040659904 0.141047462821007 0.133707016706467 0.133707016706467 0.150530979037285 -3.4e+38 -3.4e+38 -3.4e+38 -3.4e+38 -3.4e+38 -3.4e+38 -3.4e+38 -3.4e+38 -3.4e+38 -3.4e+38 -3.4e+38 -3.4e+38 -3.4e+38 -3.4e+38 -3.4e+38 -3.4e+38 -3.4e+38 -3.4e+38 -3.4e+38 -3.4e+38 -3.4e+38 -3.4e+38 -3.4e+38 -3.4e+38 -3.4e+38 -3.4e+38 -3.4e+38 -3.4e+38 -3.4e+38 -3.4e+38
-3.4e+38 -3.4e+38 -3.4e+38 -3.4e+38 -3.4e+38 -3.4e+38 -3.4e+38 -3.4e+38 -3.4e+38 0.327008277177811 0.302041172981262 0.228591695427895 0.157137334346771 0.154170215129852 0.154170215129852 0.160983085632324 0.152728974819183 0.144238695502281 0.142394736409187 0.129429385066032 0.145044803619385 -3.4e+38 -3.4e+38 -3.4e+38 -3.4e+38 -3.4e+38 -3.4e+38 -3.4e+38 -3.4e+38 -3.4e+38 -3.4e+38 -3.4e+38 0.14688278734684 0.152095124125481 -3.4e+38 -3.4e+38 -3.4e+38 -3.4e+38 -3.4e+38 -3.4e+38 -3.4e+38 -3.4e+38 -3.4e+38 -3.4e+38 -3.4e+38 -3.4e+38 -3.4e+38 -3.4e+38 -3.4e+38
-3.4e+38 -3.4e+38 -3.4e+38 -3.4e+38 -3.4e+38 -3.4e+38 -3.4e+38 -3.4e+38 -3.4e+38 0.355845957994461 0.233217254281044 0.191558584570885 0.153387293219566 0.153179377317429 0.145541340112686 0.145533517003059 0.144465699791908 0.144236519932747 0.141544595360756 0.142738595604897 0.157876253128052 0.154185816645622 0.156688094139099 0.170235127210617 0.170553714036942 0.194501489400864 0.194500043988228 0.183050751686096 -3.4e+38 -3.4e+38 -3.4e+38 0.144737392663956 0.150508359074593 0.150508359074593 0.152073085308075 0.151358976960182 0.156020388007164 -3.4e+38 -3.4e+38 -3.4e+38 -3.4e+38 -3.4e+38 -3.4e+38 -3.4e+38 -3.4e+38 -3.4e+38 -3.4e+38 -3.4e+38 -3.4e+38
-3.4e+38 -3.4e+38 -3.4e+38 -3.4e+38 -3.4e+38 -3.4e+38 -3.4e+38 -3.4e+38 -3.4e+38 0.379683762788773 0.233217254281044 0.20876556634903 0.208760738372803 0.161241844296455 0.139479875564575 0.141691997647285 0.144465699791908 0.137776762247086 0.152710184454918 0.147416412830353 0.156072467565536 0.151517421007156 0.170147031545639 0.170140653848648 0.161841452121735 0.175936624407768 0.169112369418144 0.17254926264286 0.163919910788536 0.157230958342552 0.143970251083374 0.147068932652473 0.160969808697701 0.151620045304298 0.152073085308075 0.168384164571762 0.146801754832268 0.149551123380661 0.148942425847054 0.141857653856277 -3.4e+38 -3.4e+38 -3.4e+38 -3.4e+38 -3.4e+38 -3.4e+38 -3.4e+38 -3.4e+38 -3.4e+38
-3.4e+38 -3.4e+38 -3.4e+38 -3.4e+38 -3.4e+38 -3.4e+38 -3.4e+38 -3.4e+38 -3.4e+38 0.400338709354401 0.254638701677322 0.216103926301003 0.139838814735413 0.139830365777016 0.139476045966148 0.147259950637817 0.151855126023293 0.148845836520195 0.134682387113571 0.132340490818024 0.156066983938217 0.151512086391449 0.153277605772018 0.138840854167938 0.138840854167938 0.146345317363739 0.169112369418144 0.157962575554848 0.157071486115456 0.168323263525963 0.15641276538372 0.15641276538372 0.160975426435471 0.15162567794323 0.170191690325737 0.167550325393677 0.155064299702644 0.158008426427841 0.138678625226021 0.141857653856277 0.152680546045303 0.149660885334015 -3.4e+38 -3.4e+38 -3.4e+38 -3.4e+38 -3.4e+38 -3.4e+38 -3.4e+38
-3.4e+38 -3.4e+38 -3.4e+38 -3.4e+38 -3.4e+38 -3.4e+38 -3.4e+38 -3.4e+38 -3.4e+38 0.372087419033051 0.372087419033051 0.227584093809128 0.150686904788017 0.142895877361298 0.162687540054321 0.159826144576073 0.130415290594101 0.130415290594101 0.148122578859329 0.132340490818024 0.144809663295746 0.144809663295746 0.150037184357643 0.150188595056534 0.138344526290894 0.146345317363739 0.144521549344063 0.136240407824516 0.136234909296036 0.166659817099571 0.159659400582314 0.163135021924973 0.165937304496765 0.154230237007141 0.16492010653019 0.16492010653019 0.15686571598053 0.158008426427841 0.144611701369286 0.144611701369286 0.14955061674118 0.144287675619125 0.146322265267372 -3.4e+38 -3.4e+38 -3.4e+38 -3.4e+38 -3.4e+38 -3.4e+38
-3.4e+38 -3.4e+38 -3.4e+38 -3.4e+38 -3.4e+38 -3.4e+38 -3.4e+38 -3.4e+38 0.301268875598907 0.404411822557449 0.383713483810425 0.227578744292259 0.160113915801048 0.126099765300751 0.126099765300751 0.153051480650902 0.151569470763206 0.149949684739113 0.149949684739113 0.134448692202568 0.150559172034264 0.142503052949905 0.152418687939644 0.150188595056534 0.156073346734047 0.156073346734047 0.157097473740578 0.137692347168922 0.145884275436401 0.166659817099571 0.159661412239075 0.160083830356598 0.148959472775459 0.148299485445023 0.15825642645359 0.156871274113655 0.156871274113655 0.159858018159866 0.151709243655205 0.171647503972054 0.169490739703178 0.144206404685974 0.137793034315109 0.137793034315109 0.149543046951294 0.154348060488701 0.1405129134655 -3.4e+38 -3.4e+38
-3.4e+38 -3.4e+38 -3.4e+38 -3.4e+38 -3.4e+38 -3.4e+38 -3.4e+38 0.208099111914635 0.25532802939415 0.384432315826416 0.34790500998497 0.315400898456573 0.234035044908524 0.181172221899033 0.146088123321533 0.155873194336891 0.151569470763206 0.133222162723541 0.125484094023705 0.147143885493279 0.145013853907585 0.157647371292114 0.152418687939644 0.147797778248787 0.151833266019821 0.156244456768036 0.156243279576302 0.151915982365608 0.145884275436401 0.155657514929771 0.160438716411591 0.162631139159203 0.150596126914024 0.150596126914024 0.15825642645359 0.150087028741837 0.155312106013298 0.14783026278019 0.150779917836189 0.166043326258659 0.169490739703178 0.159837275743484 0.147676005959511 0.157705292105675 0.157705292105675 0.155308306217194 0.1405129134655 0.136254623532295 -3.4e+38
-3.4e+38 -3.4e+38 -3.4e+38 -3.4e+38 -3.4e+38 -3.4e+38 0.184143334627151 0.225225031375885 0.291068464517593 0.326398819684982 0.401144474744797 0.353987038135529 0.353987038135529 0.266667425632477 0.146085873246193 0.13664698600769 0.125039801001549 0.152391493320465 0.145083159208298 0.127666756510735 0.145013853907585 0.148601025342941 0.157551273703575 0.157545194029808 0.143827468156815 0.148147225379944 0.152803003787994 0.151915982365608 0.143261417746544 0.159418314695358 0.159418314695358 0.145835280418396 0.163392797112465 0.14101767539978 0.14101767539978 0.176945373415947 0.164702281355858 0.159902885556221 0.16587932407856 0.166048973798752 0.158177375793457 0.158177375793457 0.143704026937485 0.157062277197838 0.155056372284889 0.155308306217194 0.13677404820919 0.141094982624054 0.150907352566719
-3.4e+38 -3.4e+38 -3.4e+38 -3.4e+38 -3.4e+38 0.20083774626255 0.189856976270676 0.225225031375885 0.268439412117004 0.268439412117004 0.331603646278381 0.358720034360886 0.29909160733223 0.266667425632477 0.201064094901085 0.150427967309952 0.142132043838501 0.153429627418518 0.14783738553524 0.140396907925606 0.140391737222672 0.152739137411118 0.158641025424004 0.158312991261482 0.182687073945999 0.148147225379944 0.161337658762932 0.161337658762932 0.151994675397873 0.161163076758385 0.156280621886253 0.145835280418396 0.156317993998528 0.152064070105553 0.180368706583977 0.190212145447731 0.195730745792389 0.164139047265053 0.164139047265053 0.157603323459625 0.154691725969315 0.139357104897499 0.14633221924305 0.157062277197838 0.142226472496986 0.129278346896172 0.138935714960098 0.148228794336319 0.158372223377228
-3.4e+38 -3.4e+38 -3.4e+38 -3.4e+38 -3.4e+38 0.193414986133575 0.199459999799728 0.210316061973572 0.241377502679825 0.246832832694054 0.246832832694054 0.358709216117859 0.349789679050446 0.342503070831299 0.325771629810333 0.271993368864059 0.220555737614632 0.153429627418518 0.153396934270859 0.171014845371246 0.170847967267036 0.196465045213699 0.194238290190697 0.182687073945999 0.184605643153191 0.174175724387169 0.161419481039047 0.151768833398819 0.151768833398819 0.158568665385246 0.156280621886253 0.152607008814812 0.147881627082825 0.137696504592896 0.165002271533012 0.177105933427811 0.195730745792389 0.19085431098938 0.171068474650383 0.171068474650383 0.162125796079636 0.153697893023491 0.163743883371353 0.168021306395531 0.155546367168427 0.14337083697319 0.14337083697319 0.148228794336319 0.158372223377228
-3.4e+38 -3.4e+38 -3.4e+38 -3.4e+38 0.141310214996338 0.161993086338043 0.179889723658562 0.179889723658562 0.183009043335915 0.214223429560661 0.244675278663635 0.24466735124588 0.264989644289017 0.26275497674942 0.26275497674942 0.271993368864059 0.220555737614632 0.219083666801453 0.219083666801453 0.209377080202103 0.199424356222153 0.192504376173019 0.194238290190697 0.20122766494751 0.198352515697479 0.198352515697479 0.189332917332649 0.195281341671944 0.153772339224815 0.149747654795647 0.145751163363457 0.15258626639843 0.15258626639843 0.16455352306366 0.165002271533012 0.173300668597221 0.173300668597221 0.172638565301895 0.136648237705231 0.145521283149719 0.162125796079636 0.151968762278557 0.162802800536156 0.162802800536156 0.158024504780769 0.137318536639214 0.148154333233833 0.148154333233833 0.146186366677284
-3.4e+38 -3.4e+38 -3.4e+38 -3.4e+38 0.181560263037682 0.147960677742958 0.152744561433792 0.184788465499878 0.183001384139061 0.212510779500008 0.195391565561295 0.195949301123619 0.191623628139496 0.17778579890728 0.247183531522751 0.247183531522751 0.223839327692986 0.217557296156883 0.209280043840408 0.20729798078537 0.199424356222153 0.194876074790955 0.194870442152023 0.18159818649292 0.187153741717339 0.189506515860558 0.211292862892151 0.195281341671944 0.192031905055046 0.19098624587059 0.183800414204597 0.177634790539742 0.189256176352501 0.16455140709877 0.163009911775589 0.164388045668602 0.151512652635574 0.155723318457603 0.165055483579636 0.143860846757889 0.143860846757889 0.16352704167366 0.162720888853073 0.144648462533951 0.160505160689354 0.137324139475822 0.140230596065521 0.132552653551102 0.134439453482628
-3.4e+38 -3.4e+38 -3.4e+38 -3.4e+38 0.156369596719742 0.156369596719742 0.164136067032814 0.184788465499878 0.187298014760017 0.166181445121765 0.174740195274353 0.185258522629738 0.194518864154816 0.17778579890728 0.1887576431036 0.183220610022545 0.189637407660484 0.173743546009064 0.17414765059948 0.20729798078537 0.188282087445259 0.173251524567604 0.18300972878933 0.183002889156342 0.190681606531143 0.192155063152313 0.208781510591507 0.213249832391739 0.225080624222755 0.219533354043961 0.219533354043961 0.177634790539742 0.1838588565588 0.183675915002823 0.179676279425621 0.170668035745621 0.156968086957932 0.155723318457603 0.157882004976273 0.149366334080696 0.150445803999901 0.150445803999901 0.149758815765381 0.144648462533951 0.139343693852425 0.152484223246574 0.149648293852806 0.162291303277016 0.139992982149124
-3.4e+38 -3.4e+38 -3.4e+38 0.172745659947395 0.148283094167709 0.162507101893425 0.150418192148209 0.154938042163849 0.1454146951437 0.1454146951437 0.166198283433914 0.185254365205765 0.191116392612457 0.191116392612457 0.177476495504379 0.161780312657356 0.170812144875526 0.173743546009064 0.17414765059948 0.179655864834785 0.179655864834785 0.164487212896347 0.180627405643463 0.205739885568619 0.190681606531143 0.19163116812706 0.181850433349609 0.181850433349609 0.195568233728409 0.225354999303818 0.212748005986214 0.203054845333099 0.186071455478668 0.210655257105827 0.210655257105827 0.181484282016754 0.156968086957932 0.165941342711449 0.165941342711449 0.145350068807602 0.135616064071655 0.158274337649345 0.149758815765381 0.146658167243004 0.146430656313896 0.149798214435577 0.144290372729301 0.159803256392479 0.145466074347496
-3.4e+38 -3.4e+38 0.152850016951561 0.142675995826721 0.148283094167709 0.140716210007668 0.152448430657387 0.145813748240471 0.141145929694176 0.166198283433914 0.166198283433914 0.185445845127106 0.182139575481415 0.175029471516609 0.181408807635307 0.147416204214096 0.171943083405495 0.171943083405495 0.160610362887383 0.155891597270966 0.154490813612938 0.168455511331558 0.180627405643463 0.189150273799896 0.189150273799896 0.184760913252831 0.173051998019218 0.17808136343956 0.195568233728409 0.198918104171753 0.198070600628853 0.187068909406662 0.191475585103035 0.200736716389656 0.197270259261131 0.197270259261131 0.185749173164368 0.163254931569099 0.16444593667984 0.152010813355446 0.135616064071655 0.150163903832436 0.150163903832436 0.15507110953331 0.152191653847694 0.137803226709366 0.144290372729301 0.158025532960892 0.159368395805359
-3.4e+38 0.175667926669121 0.150001347064972 0.133264973759651 0.132798954844475 0.147060975432396 0.156721919775009 0.156721919775009 0.141140446066856 0.168157801032066 0.18337544798851 0.176823630928993 0.179265081882477 0.192468762397766 0.181402936577797 0.147412270307541 0.16913977265358 0.162444472312927 0.162444472312927 0.16181318461895 0.168455511331558 0.176207572221756 0.156873270869255 0.160628274083138 0.152845144271851 0.152839079499245 0.167123973369598 0.17929944396019 0.175120562314987 0.167458161711693 0.171570375561714 0.17579397559166 0.194340899586678 0.200730636715889 0.198903501033783 0.193932771682739 0.206786394119263 0.173129737377167 0.162620708346367 0.148770928382874 0.140156492590904 0.154562473297119 0.153020083904266 0.153020083904266 0.165445551276207 0.137803226709366 0.137470871210098 0.150150150060654 0.129175066947937
-3.4e+38 0.175667926669121 0.168542474508286 0.161922186613083 0.161922186613083 0.16769415140152 0.156721919775009 0.151318475604057 0.147351264953613 0.168256521224976 0.175614446401596 0.175614446401596 0.182735785841942 0.192468762397766 0.148321345448494 0.148326933383942 0.149706706404686 0.137347355484962 0.134600967168808 0.16181318461895 0.140384539961815 0.158297345042229 0.158290699124336 0.162437066435814 0.16809618473053 0.169415384531021 0.163331583142281 0.164684787392616 0.159516051411629 0.159516051411629 0.162728175520897 0.17579397559166 0.165769189596176 0.165762901306152 0.174528822302818 0.189339309930801 0.183711126446724 0.173129737377167 0.158977434039116 0.142577916383743 0.142577916383743 0.158199846744537 0.161260887980461 0.150335982441902 0.16179583966732 0.149056196212769 0.160581097006798 0.153046011924744 0.147903442382812
0.177363753318787 0.177363753318787 0.18753482401371 0.18005895614624 0.166817754507065 0.16769415140152 0.174570962786674 0.165240779519081 0.17978173494339 0.174528703093529 0.197076201438904 0.182728856801987 0.182728856801987 0.176329001784325 0.156882390379906 0.157337546348572 0.152661383152008 0.137335404753685 0.155174016952515 0.155174016952515 0.165479958057404 0.167699605226517 0.149495556950569 0.139580622315407 0.168089866638184 0.146192237734795 0.168246194720268 0.163728132843971 0.159562811255455 0.171609491109848 0.162721827626228 0.170889273285866 0.179044857621193 0.175885751843452 0.17540642619133 0.186518430709839 0.168735936284065 0.168735936284065 0.161303132772446 0.145152568817139 0.142228558659554 0.182577922940254 0.161254987120628 0.160029605031013 0.163484588265419 0.163407981395721 0.184243947267532 0.160873681306839 0.147897660732269
