data/trimmed_ndre/W_ndre.619.2014_no_clouds.asc
NCOLS 130 
NROWS 71 
XLLCORNER 530645 
YLLCORNER 5158205 
CELLSIZE 5 
NODATA_value -3.4e+38 
[rows 21 to 41 of 71, columns 49 to 97 of 130]
0.54577773809433 0.559082448482513 0.563583195209503 0.587202191352844 0.594017148017883 0.598445296287537 0.59857565164566 0.594043552875519 0.584150791168213 0.566285848617554 0.561744809150696 0.582118570804596 0.597347497940063 0.598477482795715 0.592090666294098 0.600185751914978 0.608399391174316 0.608789026737213 -3.4e+38 -3.4e+38 -3.4e+38 -3.4e+38 -3.4e+38 -3.4e+38 -3.4e+38 -3.4e+38 -3.4e+38 -3.4e+38 -3.4e+38 -3.4e+38 -3.4e+38 -3.4e+38 -3.4e+38 -3.4e+38 -3.4e+38 -3.4e+38 -3.4e+38 -3.4e+38 -3.4e+38 -3.4e+38 -3.4e+38 -3.4e+38 -3.4e+38 -3.4e+38 -3.4e+38 -3.4e+38 -3.4e+38 -3.4e+38 -3.4e+38
0.553400695323944 0.539530336856842 0.547060072422028 0.577612817287445 0.574141681194305 0.582798302173615 0.59153813123703 0.586540579795837 0.594762206077576 0.583824217319489 0.571584403514862 0.584421157836914 0.573389053344727 0.562939465045929 0.569793283939362 0.587902665138245 0.59980833530426 0.608934283256531 0.612892031669617 0.601590216159821 0.590140342712402 0.593049287796021 0.598126173019409 0.596006214618683 0.589982271194458 0.591185748577118 0.599999845027924 0.607700884342194 -3.4e+38 -3.4e+38 -3.4e+38 -3.4e+38 -3.4e+38 -3.4e+38 -3.4e+38 -3.4e+38 -3.4e+38 -3.4e+38 -3.4e+38 -3.4e+38 -3.4e+38 -3.4e+38 -3.4e+38 -3.4e+38 -3.4e+38 -3.4e+38 -3.4e+38 -3.4e+38 -3.4e+38
0.585806310176849 0.558559536933899 0.558199644088745 0.574389696121216 0.560948312282562 0.573878347873688 0.567525088787079 0.553321182727814 0.570271551609039 0.572138547897339 0.572903156280518 0.577318608760834 0.556526958942413 0.550507724285126 0.560305595397949 0.570970416069031 0.575494170188904 0.590252280235291 0.602882981300354 0.598884642124176 0.589319705963135 0.587653458118439 0.592124044895172 0.593013167381287 0.591430842876434 0.589150249958038 0.591035068035126 0.59534478187561 0.597013235092163 -3.4e+38 -3.4e+38 -3.4e+38 -3.4e+38 -3.4e+38 -3.4e+38 -3.4e+38 -3.4e+38 -3.4e+38 -3.4e+38 -3.4e+38 -3.4e+38 -3.4e+38 -3.4e+38 -3.4e+38 -3.4e+38 -3.4e+38 -3.4e+38 -3.4e+38 -3.4e+38
0.629637181758881 0.607770442962646 0.600166499614716 0.597268283367157 0.582538843154907 0.579861104488373 0.55233508348465 0.533443868160248 0.542048096656799 0.539259672164917 0.553304255008698 0.553927421569824 0.537401854991913 0.532446086406708 0.535837233066559 0.547534644603729 0.557740569114685 0.568523645401001 0.589333832263947 0.591388881206512 0.577617645263672 0.579614460468292 0.586277008056641 0.586554348468781 0.58521580696106 0.579666137695312 0.576709508895874 0.580044567584991 0.58443146944046 0.601321816444397 -3.4e+38 -3.4e+38 -3.4e+38 -3.4e+38 -3.4e+38 -3.4e+38 -3.4e+38 -3.4e+38 -3.4e+38 -3.4e+38 -3.4e+38 -3.4e+38 -3.4e+38 -3.4e+38 -3.4e+38 -3.4e+38 -3.4e+38 -3.4e+38 -3.4e+38
0.662164092063904 0.647429585456848 0.634995639324188 0.619498610496521 0.595868229866028 0.574566960334778 0.548230767250061 0.541570842266083 0.534287452697754 0.513937830924988 0.53151547908783 0.526382863521576 0.502270519733429 0.495079606771469 0.504749536514282 0.53289920091629 0.559181928634644 0.569357633590698 0.582268059253693 0.56620717048645 0.54816734790802 0.563021600246429 0.571972846984863 0.570967435836792 0.563117027282715 0.563692271709442 0.562151849269867 0.562555491924286 0.573735773563385 0.59465366601944 0.597723484039307 -3.4e+38 -3.4e+38 -3.4e+38 -3.4e+38 -3.4e+38 -3.4e+38 -3.4e+38 -3.4e+38 -3.4e+38 -3.4e+38 -3.4e+38 -3.4e+38 -3.4e+38 -3.4e+38 -3.4e+38 -3.4e+38 -3.4e+38 -3.4e+38
0.658967971801758 0.651736736297607 0.636648654937744 0.633348107337952 0.597485363483429 0.55508691072464 0.543487071990967 0.546889245510101 0.533584535121918 0.513366758823395 0.517085373401642 0.505944728851318 0.482537478208542 0.480005174875259 0.502515554428101 0.518184244632721 0.54263710975647 0.558767259120941 0.559949517250061 0.529291093349457 0.512876749038696 0.5322625041008 0.529223084449768 0.540099680423737 0.551357984542847 0.555166780948639 0.559494256973267 0.55444198846817 0.558822214603424 0.58070433139801 0.59387332201004 0.56153130531311 0.529799997806549 0.544889211654663 -3.4e+38 -3.4e+38 -3.4e+38 -3.4e+38 -3.4e+38 -3.4e+38 -3.4e+38 -3.4e+38 -3.4e+38 -3.4e+38 -3.4e+38 -3.4e+38 -3.4e+38 -3.4e+38 -3.4e+38
0.634649634361267 0.644226014614105 0.645184874534607 0.650222957134247 0.605254113674164 0.551750719547272 0.529630899429321 0.525560140609741 0.518380403518677 0.511513471603394 0.507677972316742 0.503858864307404 0.499741762876511 0.497692883014679 0.506912529468536 0.502331793308258 0.521131575107574 0.53856486082077 0.531531751155853 0.509924471378326 0.486376345157623 0.481871873140335 0.488790482282639 0.521755993366241 0.546698749065399 0.562503278255463 0.567731261253357 0.565647542476654 0.558053255081177 0.568679690361023 0.585776627063751 0.563676655292511 0.552323222160339 0.560693919658661 0.553424060344696 0.534423351287842 0.539807438850403 0.559175610542297 0.555372714996338 0.566649496555328 0.570337533950806 0.560564637184143 0.560334205627441 0.549284517765045 0.540364623069763 0.54358971118927 0.549445807933807 0.535750150680542 0.523501038551331
0.577986776828766 0.604405581951141 0.629125952720642 0.635509788990021 0.611123561859131 0.567110419273376 0.522134006023407 0.515283346176147 0.520422101020813 0.522638380527496 0.518554627895355 0.513862490653992 0.515260100364685 0.514732122421265 0.512060046195984 0.508171558380127 0.520233869552612 0.532118797302246 0.530147075653076 0.521680951118469 0.503664791584015 0.492942214012146 0.505842566490173 0.527302443981171 0.53106564283371 0.550910592079163 0.570721864700317 0.574443638324738 0.563576996326447 0.564912140369415 0.573987722396851 0.547892928123474 0.550381481647491 0.557500123977661 0.546538829803467 0.531006455421448 0.547845244407654 0.570832669734955 0.571880042552948 0.582693159580231 0.579280257225037 0.571667730808258 0.571374773979187 0.562039852142334 0.55605149269104 0.558210432529449 0.560640931129456 0.545020818710327 0.525149464607239
0.530667841434479 0.553026795387268 0.594679772853851 0.620826840400696 0.613424599170685 0.589135408401489 0.553686022758484 0.545597612857819 0.557233929634094 0.540666878223419 0.523171067237854 0.520682334899902 0.535951852798462 0.540097236633301 0.53624963760376 0.534852743148804 0.539982438087463 0.549220263957977 0.560933411121368 0.567221581935883 0.565969824790955 0.560014367103577 0.547422647476196 0.542984068393707 0.539509117603302 0.550036787986755 0.565721929073334 0.566210627555847 0.561438500881195 0.565343976020813 0.558292090892792 0.543536067008972 0.552917540073395 0.555676579475403 0.543286740779877 0.530281066894531 0.540002167224884 0.548301339149475 0.55466103553772 0.566180825233459 0.566592931747437 0.568203926086426 0.571585774421692 0.57010155916214 0.566555202007294 0.568536460399628 0.562463641166687 0.542711496353149 0.51719868183136
0.535729587078094 0.557682037353516 0.589247167110443 0.616632223129272 0.616348028182983 0.598895788192749 0.583168148994446 0.570792376995087 0.564611494541168 0.554715752601624 0.569594919681549 0.574293553829193 0.569193840026855 0.560607612133026 0.550823748111725 0.536468803882599 0.541195273399353 0.56566447019577 0.590873062610626 0.605191230773926 0.606614708900452 0.599418997764587 0.572052538394928 0.553301572799683 0.555888772010803 0.551742255687714 0.554281294345856 0.552090525627136 0.549406766891479 0.566759943962097 0.56199985742569 0.553525567054749 0.558764219284058 0.551282227039337 0.531215727329254 0.522038519382477 0.532907485961914 0.528961420059204 0.537210047245026 0.550361335277557 0.552282452583313 0.563226044178009 0.569741129875183 0.569987893104553 0.567886650562286 0.567985236644745 0.553419589996338 0.51884663105011 0.48919004201889
0.562430500984192 0.574058055877686 0.581802666187286 0.590429663658142 0.591419637203217 0.593601226806641 0.600052893161774 0.596192479133606 0.589951694011688 0.595818161964417 0.608815312385559 0.605548024177551 0.593247652053833 0.584406197071075 0.580130934715271 0.568967461585999 0.564380943775177 0.57727986574173 0.593939363956451 0.604320049285889 0.606130123138428 0.608445465564728 0.596514463424683 0.578425645828247 0.568372786045074 0.552638530731201 0.549471259117126 0.551789343357086 0.560743808746338 0.575591146945953 0.562382280826569 0.554343640804291 0.558733224868774 0.556433141231537 0.545672237873077 0.54934686422348 0.561065018177032 0.554667472839355 0.557761490345001 0.5612673163414 0.561014413833618 0.56863659620285 0.571304440498352 0.572976768016815 0.57102233171463 0.564318537712097 0.552829563617706 0.519599318504333 0.485118687152863
0.574661910533905 0.574503481388092 0.573317229747772 0.572096526622772 0.567147791385651 0.590174317359924 0.613277554512024 0.612283408641815 0.604278028011322 0.611214101314545 0.624565601348877 0.626806795597076 0.624508440494537 0.621187448501587 0.615901708602905 0.608490347862244 0.603374004364014 0.596314013004303 0.603408694267273 0.629838705062866 0.620723128318787 0.610771179199219 0.612447738647461 0.587286770343781 0.580389320850372 0.5861576795578 0.587084054946899 0.590240657329559 0.593642711639404 0.590513586997986 0.574819266796112 0.577895402908325 0.582149803638458 0.576973915100098 0.570196449756622 0.585449516773224 0.600417196750641 0.602083384990692 0.605763792991638 0.601146340370178 0.5938760638237 0.591920554637909 0.585677325725555 0.5972501039505 0.606775522232056 0.601929306983948 0.592679679393768 0.567101955413818 0.53094607591629
0.577351748943329 0.566699743270874 0.561095297336578 0.569504082202911 0.572088479995728 0.577303051948547 0.578076720237732 0.571845173835754 0.571369588375092 0.595532059669495 0.62862104177475 0.639724731445312 0.628598511219025 0.610861599445343 0.600128173828125 0.605741500854492 0.619770288467407 0.605934381484985 0.602986991405487 0.626522362232208 0.617475926876068 0.624443531036377 0.627162337303162 0.595953047275543 0.590352714061737 0.590816497802734 0.591420948505402 0.599246084690094 0.611642479896545 0.613293945789337 0.60321581363678 0.601167619228363 0.591225445270538 0.581527173519135 0.586383163928986 0.609148442745209 0.61846250295639 0.611125349998474 0.606471598148346 0.608069181442261 0.610880315303802 0.609955787658691 0.60559093952179 0.609854459762573 0.618307650089264 0.616887271404266 0.60956335067749 0.603302896022797 0.590570628643036
0.548938035964966 0.540544629096985 0.526094794273376 0.515116214752197 0.510216772556305 0.507333695888519 0.508855044841766 0.518247723579407 0.541051149368286 0.558632612228394 0.575619399547577 0.584347724914551 0.575095653533936 0.561381340026855 0.544583082199097 0.549417495727539 0.568764090538025 0.550285816192627 0.554305613040924 0.58181631565094 0.591280043125153 0.620103776454926 0.614203095436096 0.583678781986237 0.576360464096069 0.562660396099091 0.558281421661377 0.571264266967773 0.582753241062164 0.58233255147934 0.575732231140137 0.571189880371094 0.559757590293884 0.551329493522644 0.559582531452179 0.578871667385101 0.578897178173065 0.569112241268158 0.559405505657196 0.566771805286407 0.583644568920135 0.580058157444 0.564363062381744 0.564519166946411 0.577335119247437 0.58000260591507 0.575965046882629 0.580248296260834 0.578577637672424
0.515458643436432 0.502823054790497 0.486418455839157 0.465598523616791 0.4549820125103 0.463656783103943 0.487359553575516 0.489488780498505 0.48237606883049 0.476749569177628 0.481021910905838 0.491138607263565 0.501917600631714 0.510513067245483 0.493505716323853 0.494083136320114 0.488365292549133 0.461018681526184 0.485147953033447 0.521345674991608 0.544992983341217 0.57553768157959 0.562940359115601 0.542716920375824 0.537379324436188 0.525016784667969 0.520864188671112 0.509146869182587 0.496624946594238 0.48837685585022 0.487693339586258 0.49425208568573 0.502472639083862 0.504211068153381 0.496106207370758 0.491887509822845 0.494074791669846 0.497089445590973 0.509353935718536 0.515055894851685 0.522361397743225 0.515700459480286 0.495388031005859 0.4947270154953 0.526625394821167 0.530169248580933 0.512450754642487 0.503473043441772 0.49872487783432
0.508689105510712 0.496397316455841 0.478625595569611 0.467889845371246 0.453834176063538 0.450719892978668 0.463528841733932 0.463616728782654 0.467503249645233 0.470123589038849 0.467453598976135 0.465602487325668 0.460846066474915 0.451183170080185 0.434700340032578 0.46287927031517 0.449511170387268 0.423557013273239 0.462845534086227 0.482488244771957 0.517856895923615 0.551915943622589 0.534106433391571 0.540306985378265 0.534598171710968 0.4943608045578 0.468023538589478 0.426154851913452 0.41175788640976 0.428280860185623 0.440226137638092 0.44220358133316 0.439480632543564 0.447196125984192 0.442626237869263 0.441192209720612 0.450765132904053 0.450020462274551 0.453583687543869 0.456970572471619 0.455825656652451 0.471708983182907 0.473035961389542 0.473617881536484 0.481225371360779 0.467307358980179 0.450483649969101 0.434302926063538 0.432167291641235
0.519037783145905 0.505096435546875 0.49363985657692 0.488798469305038 0.47439181804657 0.459197759628296 0.452794849872589 0.45717379450798 0.470576196908951 0.473836779594421 0.465659648180008 0.455682158470154 0.445007532835007 0.426968306303024 0.418351024389267 0.447381287813187 0.439312130212784 0.416943848133087 0.443729549646378 0.462910354137421 0.521161019802094 0.555900454521179 0.539449870586395 0.539292514324188 0.517447352409363 0.464526861906052 0.43748864531517 0.392975568771362 0.382490903139114 0.405439764261246 0.408826619386673 0.403077811002731 0.40090611577034 0.407728374004364 0.409412711858749 0.416459202766418 0.413394004106522 0.402382969856262 0.393238872289658 0.408150911331177 0.433980077505112 0.458013623952866 0.459956258535385 0.431675523519516 0.40962627530098 0.408205896615982 0.430723905563354 0.440331041812897 0.430204182863235
0.530816912651062 0.517815351486206 0.497147232294083 0.481465578079224 0.466902613639832 0.469029992818832 0.458626627922058 0.448102951049805 0.455302327871323 0.46021780371666 0.45802429318428 0.455442011356354 0.458528637886047 0.426146626472473 0.402798354625702 0.417142689228058 0.423138409852982 0.412452071905136 0.415818393230438 0.439212560653687 0.493924558162689 0.549069941043854 0.566021800041199 0.577030181884766 0.545700669288635 0.479449301958084 0.419728219509125 0.388201385736465 0.368097245693207 0.365058302879333 0.366484522819519 0.369270592927933 0.368101984262466 0.374088525772095 0.383228421211243 0.40286386013031 0.401952177286148 0.382810682058334 0.370509028434753 0.386788904666901 0.406676948070526 0.430138647556305 0.445808470249176 0.433218419551849 0.399178296327591 0.388863414525986 0.409422099590302 0.418443530797958 0.399122565984726
0.524373829364777 0.517091631889343 0.492331236600876 0.465198487043381 0.459363251924515 0.475794643163681 0.467466026544571 0.44704207777977 0.436415940523148 0.431439191102982 0.42686453461647 0.430553257465363 0.434194177389145 0.403108805418015 0.385901391506195 0.384746134281158 0.382863342761993 0.382266610860825 0.384946823120117 0.412629723548889 0.440212100744247 0.502399921417236 0.560590147972107 0.582224547863007 0.559599816799164 0.511809110641479 0.44243335723877 0.388485938310623 0.36494517326355 0.348746627569199 0.349520891904831 0.357395440340042 0.359022706747055 0.357586085796356 0.367107897996902 0.387435436248779 0.393983453512192 0.39174485206604 0.387308180332184 0.397296905517578 0.374719977378845 0.38116043806076 0.418400317430496 0.430731296539307 0.424971073865891 0.415543258190155 0.417865395545959 0.41423636674881 0.411207169294357
0.515338897705078 0.52231240272522 0.501419603824615 0.478156626224518 0.467796236276627 0.474721640348434 0.471960663795471 0.465303599834442 0.441574841737747 0.416286140680313 0.404025673866272 0.408926457166672 0.393666714429855 0.360653817653656 0.361438602209091 0.34977000951767 0.344435065984726 0.370730370283127 0.37732321023941 0.38902422785759 0.423710823059082 0.479040116071701 0.530423700809479 0.542877972126007 0.527558624744415 0.510002791881561 0.463288187980652 0.407741218805313 0.394197911024094 0.380471557378769 0.369910448789597 0.358073145151138 0.349036395549774 0.348167359828949 0.358379900455475 0.374064862728119 0.384435623884201 0.396348267793655 0.39574471116066 0.386914014816284 0.370611786842346 0.36686584353447 0.384981036186218 0.404772698879242 0.413664072751999 0.43221390247345 0.451280117034912 0.459320396184921 0.459973186254501
0.533172488212585 0.543185412883759 0.509062826633453 0.487264484167099 0.461995959281921 0.462400048971176 0.473611146211624 0.469773143529892 0.435229957103729 0.390379041433334 0.372406363487244 0.384272962808609 0.367417991161346 0.33467760682106 0.339523792266846 0.347077190876007 0.350619822740555 0.364571690559387 0.379779905080795 0.396099954843521 0.457926273345947 0.514359891414642 0.54267030954361 0.547026515007019 0.521306455135345 0.510805726051331 0.468161642551422 0.434874385595322 0.419646680355072 0.404537945985794 0.398458510637283 0.383848547935486 0.366912215948105 0.36110645532608 0.36703896522522 0.381676465272903 0.389233499765396 0.391662150621414 0.381121009588242 0.378746628761292 0.392929285764694 0.387162536382675 0.36066272854805 0.366482108831406 0.406320035457611 0.435464084148407 0.475606024265289 0.479546874761581 0.456418931484222
