data/trimmed_ndre/W_ndre.530.2014_no_clouds.asc
NCOLS 130 
NROWS 71 
XLLCORNER 530645 
YLLCORNER 5158205 
CELLSIZE 5 
NODATA_value -3.4e+38 
[rows 21 to 41 of 71, columns 49 to 97 of 130]
0.182729780673981 0.185272306203842 0.189904317259789 0.217972904443741 0.228933602571487 0.225305706262589 0.21541939675808 0.205592125654221 0.201452136039734 0.202240154147148 0.202371835708618 0.200783938169479 0.202931344509125 0.205540791153908 0.201627314090729 0.196177452802658 0.191911712288857 0.189565017819405 -3.4e+38 -3.4e+38 -3.4e+38 -3.4e+38 -3.4e+38 -3.4e+38 -3.4e+38 -3.4e+38 -3.4e+38 -3.4e+38 -3.4e+38 -3.4e+38 -3.4e+38 -3.4e+38 -3.4e+38 -3.4e+38 -3.4e+38 -3.4e+38 -3.4e+38 -3.4e+38 -3.4e+38 -3.4e+38 -3.4e+38 -3.4e+38 -3.4e+38 -3.4e+38 -3.4e+38 -3.4e+38 -3.4e+38 -3.4e+38 -3.4e+38
0.19935154914856 0.193158537149429 0.191781133413315 0.212009415030479 0.221804216504097 0.220638185739517 0.212401896715164 0.2024996727705 0.199942871928215 0.203433901071548 0.207303836941719 0.200706109404564 0.201691001653671 0.203017145395279 0.198601886630058 0.196743056178093 0.194914117455482 0.194001451134682 0.195585697889328 0.196725890040398 0.193407133221626 0.185865864157677 0.182605296373367 0.183253556489944 0.188493281602859 0.195159956812859 0.178050056099892 0.172630801796913 -3.4e+38 -3.4e+38 -3.4e+38 -3.4e+38 -3.4e+38 -3.4e+38 -3.4e+38 -3.4e+38 -3.4e+38 -3.4e+38 -3.4e+38 -3.4e+38 -3.4e+38 -3.4e+38 -3.4e+38 -3.4e+38 -3.4e+38 -3.4e+38 -3.4e+38 -3.4e+38 -3.4e+38
0.20617763698101 0.20125837624073 0.202498719096184 0.208396315574646 0.209038913249969 0.203087985515594 0.19290329515934 0.18456158041954 0.188216507434845 0.198094487190247 0.20273831486702 0.195071965456009 0.195982754230499 0.195827692747116 0.194055333733559 0.194905534386635 0.196860074996948 0.197898685932159 0.196091815829277 0.190751284360886 0.181007966399193 0.177240937948227 0.183122366666794 0.181681796908379 0.177299350500107 0.173867180943489 0.166151165962219 0.168794468045235 0.172126322984695 -3.4e+38 -3.4e+38 -3.4e+38 -3.4e+38 -3.4e+38 -3.4e+38 -3.4e+38 -3.4e+38 -3.4e+38 -3.4e+38 -3.4e+38 -3.4e+38 -3.4e+38 -3.4e+38 -3.4e+38 -3.4e+38 -3.4e+38 -3.4e+38 -3.4e+38 -3.4e+38
0.215421348810196 0.217732593417168 0.218545660376549 0.217680513858795 0.209995284676552 0.199227288365364 0.187004551291466 0.179191172122955 0.181287154555321 0.186779603362083 0.184573203325272 0.180513173341751 0.18687416613102 0.187729984521866 0.187781929969788 0.188184589147568 0.18922184407711 0.192184284329414 0.192004814743996 0.185256496071815 0.170754104852676 0.174272820353508 0.188652217388153 0.188523590564728 0.178869932889938 0.171459540724754 0.169443801045418 0.171279832720757 0.178898572921753 0.183686092495918 -3.4e+38 -3.4e+38 -3.4e+38 -3.4e+38 -3.4e+38 -3.4e+38 -3.4e+38 -3.4e+38 -3.4e+38 -3.4e+38 -3.4e+38 -3.4e+38 -3.4e+38 -3.4e+38 -3.4e+38 -3.4e+38 -3.4e+38 -3.4e+38 -3.4e+38
0.228796392679214 0.233563393354416 0.219603404402733 0.211761951446533 0.205923020839691 0.199105322360992 0.192434057593346 0.190683707594872 0.189197912812233 0.182587236166 0.173825159668922 0.173786386847496 0.181276276707649 0.181319713592529 0.181366875767708 0.18207123875618 0.184122964739799 0.188425704836845 0.190065070986748 0.184769585728645 0.171522453427315 0.173529088497162 0.184873074293137 0.192232251167297 0.185881763696671 0.182954713702202 0.179586112499237 0.173562124371529 0.18261156976223 0.186069518327713 0.184776306152344 -3.4e+38 -3.4e+38 -3.4e+38 -3.4e+38 -3.4e+38 -3.4e+38 -3.4e+38 -3.4e+38 -3.4e+38 -3.4e+38 -3.4e+38 -3.4e+38 -3.4e+38 -3.4e+38 -3.4e+38 -3.4e+38 -3.4e+38 -3.4e+38
0.235657870769501 0.238061025738716 0.221498414874077 0.205114424228668 0.196358576416969 0.195416167378426 0.198534175753593 0.203817710280418 0.191704526543617 0.173285037279129 0.173154264688492 0.176726385951042 0.180985435843468 0.181077003479004 0.181772395968437 0.181266903877258 0.182928398251534 0.188231363892555 0.193069383502007 0.188621520996094 0.176807940006256 0.171603992581367 0.176634833216667 0.185659900307655 0.188860669732094 0.192674279212952 0.184809938073158 0.175552785396576 0.18202143907547 0.180490076541901 0.178793683648109 0.177753895521164 0.170073747634888 0.164737895131111 -3.4e+38 -3.4e+38 -3.4e+38 -3.4e+38 -3.4e+38 -3.4e+38 -3.4e+38 -3.4e+38 -3.4e+38 -3.4e+38 -3.4e+38 -3.4e+38 -3.4e+38 -3.4e+38 -3.4e+38
0.207820177078247 0.20665830373764 0.205075353384018 0.198866680264473 0.187468305230141 0.182203739881516 0.185969918966293 0.194403007626534 0.184476345777512 0.175286069512367 0.182758256793022 0.183944523334503 0.183473736047745 0.182169437408447 0.184235885739326 0.18187803030014 0.184270650148392 0.191672384738922 0.200382083654404 0.19514562189579 0.184940248727798 0.175303250551224 0.166905388236046 0.168124452233315 0.176250621676445 0.189591035246849 0.186256393790245 0.182051345705986 0.183347553014755 0.17822377383709 0.181549340486526 0.189551547169685 0.191682785749435 0.174462303519249 0.172955244779587 0.184658214449883 0.191462621092796 0.177735045552254 0.169431924819946 0.17597222328186 0.183009028434753 0.187290832400322 0.185974642634392 0.182355403900146 0.173565700650215 0.170162960886955 0.171812355518341 0.174059346318245 0.162984937429428
0.173388913273811 0.180651813745499 0.191231474280357 0.203854084014893 0.206611514091492 0.19875168800354 0.191307216882706 0.188802435994148 0.185447946190834 0.187365591526031 0.186972498893738 0.173595786094666 0.178493574261665 0.187326312065125 0.190420359373093 0.181059464812279 0.18484103679657 0.198224633932114 0.212290719151497 0.205266147851944 0.196887716650963 0.184487447142601 0.163516789674759 0.16027757525444 0.170856565237045 0.187084928154945 0.189194619655609 0.190607339143753 0.192291736602783 0.189916804432869 0.191670492291451 0.195337176322937 0.197084084153175 0.179433673620224 0.172723546624184 0.175559103488922 0.182453766465187 0.17227578163147 0.164898186922073 0.165387645363808 0.176679834723473 0.194467276334763 0.190537855029106 0.176565572619438 0.171092763543129 0.174601346254349 0.177467793226242 0.177539184689522 0.165450632572174
0.16557539999485 0.180249005556107 0.186714395880699 0.199289068579674 0.212208181619644 0.213090449571609 0.204898193478584 0.196856677532196 0.192350670695305 0.17836295068264 0.171432316303253 0.168471336364746 0.177697092294693 0.195702999830246 0.195125564932823 0.173602700233459 0.173076003789902 0.194407567381859 0.214488342404366 0.211544439196587 0.20632991194725 0.191287532448769 0.172236993908882 0.173434391617775 0.179323554039001 0.188502356410027 0.191652566194534 0.187309384346008 0.186912387609482 0.187942653894424 0.190011292695999 0.185938775539398 0.179768115282059 0.170643657445908 0.167273283004761 0.164933547377586 0.168922379612923 0.172324195504189 0.175781264901161 0.175028383731842 0.178196758031845 0.190860703587532 0.183710038661957 0.171815127134323 0.169961810112 0.182376772165298 0.185966163873672 0.180013194680214 0.166753202676773
0.184684157371521 0.195754736661911 0.181264653801918 0.189208000898361 0.207643315196037 0.221547767519951 0.221337676048279 0.222394526004791 0.225709810853004 0.222649723291397 0.205037921667099 0.18836897611618 0.182237043976784 0.192361876368523 0.188141629099846 0.17639222741127 0.174160480499268 0.193152323365211 0.207168996334076 0.207448318600655 0.203558802604675 0.191287010908127 0.179484084248543 0.181864783167839 0.18764665722847 0.192677780985832 0.18968802690506 0.172006323933601 0.17664048075676 0.182235896587372 0.183279380202293 0.176940694451332 0.174044281244278 0.176106318831444 0.178447768092155 0.167181700468063 0.167624533176422 0.18111090362072 0.197413951158524 0.189029306173325 0.180058270692825 0.179618254303932 0.176030054688454 0.177742063999176 0.180338993668556 0.186103463172913 0.188283309340477 0.18026165664196 0.16762986779213
0.190059125423431 0.190615013241768 0.1749666929245 0.181104019284248 0.198630854487419 0.217046171426773 0.221631705760956 0.226531997323036 0.241735503077507 0.257887899875641 0.249448925256729 0.221898198127747 0.200822457671165 0.199855357408524 0.188933104276657 0.182896167039871 0.183810114860535 0.195020645856857 0.200026124715805 0.198116973042488 0.192983821034431 0.190986976027489 0.183005198836327 0.176773563027382 0.182625383138657 0.185892015695572 0.184927091002464 0.174172475934029 0.174697905778885 0.179474845528603 0.188673049211502 0.196367859840393 0.184968143701553 0.185567036271095 0.191304415464401 0.182457208633423 0.17859573662281 0.185141488909721 0.196956917643547 0.187703505158424 0.178021535277367 0.169722557067871 0.166603207588196 0.18225009739399 0.189407557249069 0.190358266234398 0.190464347600937 0.18168780207634 0.171185314655304
0.183885484933853 0.180434390902519 0.173160314559937 0.177902698516846 0.184704855084419 0.192327603697777 0.198275953531265 0.206375077366829 0.221098765730858 0.240975365042686 0.242254436016083 0.210369229316711 0.193862989544868 0.19233538210392 0.186532199382782 0.187566220760345 0.188530564308167 0.190992370247841 0.193348556756973 0.195466116070747 0.192551031708717 0.193798735737801 0.196537911891937 0.191849142313004 0.185365259647369 0.183150127530098 0.192651480436325 0.191607519984245 0.179075986146927 0.173444479703903 0.184340506792068 0.19891069829464 0.193143352866173 0.191575348377228 0.195692643523216 0.196528345346451 0.190242007374763 0.19065073132515 0.192283555865288 0.184942603111267 0.180768072605133 0.170489981770515 0.165775835514069 0.186230391263962 0.192575886845589 0.193447217345238 0.192696332931519 0.187940254807472 0.18285571038723
0.180134460330009 0.173463329672813 0.170751675963402 0.170868694782257 0.170007482171059 0.170827761292458 0.174702242016792 0.177704036235809 0.162849768996239 0.174360781908035 0.19232451915741 0.181612655520439 0.177023530006409 0.1773661673069 0.179374843835831 0.187981516122818 0.183357551693916 0.179132774472237 0.183324187994003 0.19677297770977 0.198026046156883 0.188946753740311 0.183347553014755 0.176379054784775 0.173144534230232 0.17838653922081 0.204825863242149 0.205289885401726 0.188239425420761 0.173182129859924 0.170457631349564 0.18402935564518 0.195169687271118 0.189915791153908 0.191706702113152 0.195902407169342 0.194170504808426 0.190510153770447 0.189610749483109 0.189343720674515 0.1933673620224 0.192241623997688 0.185776099562645 0.187224745750427 0.187231048941612 0.190738290548325 0.192089915275574 0.190990954637527 0.189297899603844
0.182017475366592 0.16851918399334 0.165995180606842 0.167197585105896 0.166734337806702 0.164902284741402 0.17053784430027 0.179269045591354 0.179473280906677 0.177537053823471 0.174311473965645 0.166582614183426 0.164171785116196 0.170831173658371 0.182197630405426 0.192532584071159 0.180792316794395 0.173550263047218 0.173648834228516 0.180343613028526 0.179876297712326 0.177775695919991 0.176229909062386 0.169173404574394 0.161805093288422 0.1683529317379 0.194802895188332 0.194165080785751 0.181506633758545 0.16615928709507 0.151360124349594 0.160629987716675 0.175504788756371 0.178198680281639 0.179308727383614 0.180919080972672 0.182725742459297 0.180226251482964 0.186373323202133 0.188699916005135 0.188822314143181 0.191559076309204 0.19209960103035 0.180860906839371 0.16905514895916 0.177890837192535 0.184919789433479 0.187372714281082 0.186861395835876
0.181163713335991 0.177407711744308 0.174531936645508 0.172395870089531 0.172928929328918 0.174722924828529 0.181146666407585 0.190065801143646 0.193869143724442 0.183071076869965 0.17294941842556 0.165281876921654 0.160978615283966 0.16507862508297 0.176609367132187 0.186489164829254 0.181195750832558 0.180383935570717 0.172567322850227 0.163636714220047 0.172672614455223 0.177981451153755 0.183485016226768 0.186915844678879 0.177633702754974 0.178387045860291 0.186395317316055 0.178358882665634 0.167914256453514 0.159673422574997 0.156356006860733 0.160181239247322 0.166163563728333 0.170834496617317 0.171288385987282 0.163459569215775 0.1580630838871 0.16207055747509 0.182048335671425 0.184392035007477 0.174771770834923 0.164853319525719 0.179562285542488 0.177365437150002 0.167774632573128 0.173163369297981 0.180048480629921 0.181225627660751 0.179345667362213
0.18846407532692 0.185978695750237 0.183319076895714 0.177394166588783 0.174612015485764 0.177466705441475 0.188324853777885 0.186824664473534 0.182649582624435 0.170154824852943 0.157931566238403 0.158602982759476 0.162676095962524 0.164117187261581 0.168549582362175 0.175796702504158 0.180131256580353 0.184860676527023 0.177383720874786 0.170693278312683 0.18011212348938 0.182278737425804 0.19325678050518 0.198790714144707 0.184694305062294 0.179431959986687 0.174854278564453 0.164827346801758 0.159493908286095 0.16587983071804 0.17279240489006 0.171620413661003 0.166221499443054 0.170666888356209 0.176923722028732 0.172179743647575 0.161039859056473 0.158665731549263 0.172697857022285 0.175666823983192 0.163129806518555 0.153136312961578 0.169776275753975 0.176424205303192 0.173922255635262 0.173254504799843 0.17933101952076 0.182849884033203 0.177144289016724
0.194305941462517 0.187040686607361 0.180380567908287 0.173212572932243 0.176164224743843 0.18144403398037 0.186262920498848 0.169575169682503 0.156861886382103 0.151243627071381 0.151390433311462 0.156513124704361 0.16509935259819 0.167610004544258 0.16475485265255 0.176232889294624 0.17899477481842 0.17354092001915 0.170227840542793 0.178631663322449 0.18538835644722 0.17649607360363 0.189327508211136 0.191507533192635 0.177978515625 0.172099605202675 0.165454208850861 0.157144606113434 0.152403846383095 0.162821516394615 0.177022159099579 0.181264236569405 0.1706552952528 0.172371223568916 0.175482586026192 0.170746430754662 0.160700738430023 0.156140059232712 0.159642204642296 0.165030628442764 0.163800433278084 0.163050830364227 0.170024499297142 0.176440492272377 0.17752294242382 0.174600079655647 0.175837799906731 0.184018403291702 0.176232263445854
0.192618951201439 0.185630813241005 0.179184526205063 0.172855406999588 0.17314624786377 0.17732298374176 0.178900599479675 0.17370118200779 0.173884615302086 0.173892974853516 0.170725211501122 0.163711294531822 0.167967066168785 0.167964443564415 0.160890653729439 0.184381499886513 0.17424264550209 0.157838046550751 0.155346378684044 0.170557096600533 0.180464789271355 0.181407377123833 0.197290539741516 0.185401156544685 0.169033721089363 0.166013866662979 0.170070692896843 0.163411483168602 0.155174404382706 0.159825131297112 0.172540411353111 0.183029070496559 0.180101037025452 0.170047670602798 0.16435731947422 0.163136750459671 0.162681803107262 0.156285107135773 0.154607608914375 0.159524962306023 0.165215983986855 0.167661279439926 0.170434683561325 0.171801254153252 0.173751994967461 0.165327742695808 0.162622764706612 0.17521145939827 0.173135355114937
0.174244314432144 0.17306487262249 0.176833435893059 0.173557296395302 0.166344523429871 0.170140609145164 0.17698235809803 0.178989097476006 0.174953758716583 0.184379413723946 0.186920925974846 0.174970865249634 0.157028198242188 0.145040392875671 0.148310780525208 0.17678140103817 0.164796844124794 0.153841406106949 0.157337531447411 0.169859513640404 0.174959689378738 0.189454346895218 0.210499703884125 0.187495917081833 0.168902844190598 0.167170315980911 0.183202117681503 0.176729515194893 0.163506209850311 0.158781632781029 0.162925466895103 0.173319548368454 0.174679338932037 0.160722985863686 0.154717534780502 0.161529764533043 0.174430549144745 0.175424918532372 0.16804264485836 0.165443181991577 0.168533712625504 0.164338558912277 0.170361131429672 0.179131701588631 0.183336183428764 0.16357484459877 0.157718107104301 0.165725722908974 0.166353166103363
0.1678237169981 0.166598349809647 0.17599692940712 0.17575341463089 0.174100413918495 0.186881422996521 0.1800836622715 0.176379457116127 0.171309560537338 0.175684675574303 0.175170764327049 0.167785659432411 0.152632966637611 0.150275886058807 0.153454065322876 0.16378952562809 0.162819370627403 0.166567414999008 0.171052873134613 0.174677908420563 0.169820979237556 0.192503646016121 0.214492991566658 0.189403474330902 0.163425326347351 0.161945849657059 0.181256234645844 0.181448355317116 0.166586637496948 0.154415816068649 0.157503768801689 0.16916312277317 0.168158739805222 0.157198950648308 0.15598538517952 0.171264261007309 0.182585850358009 0.182816654443741 0.177653849124908 0.175539895892143 0.170644506812096 0.156581670045853 0.166249394416809 0.179720506072044 0.183101236820221 0.161193326115608 0.161791488528252 0.168518990278244 0.172302827239037
0.167706549167633 0.16452819108963 0.17206583917141 0.186000853776932 0.192695185542107 0.192838236689568 0.172853797674179 0.17401684820652 0.18282687664032 0.191435500979424 0.178527474403381 0.16513280570507 0.158848151564598 0.171065002679825 0.175631910562515 0.171250015497208 0.161862879991531 0.165473937988281 0.175259649753571 0.17879444360733 0.168403461575508 0.172411113977432 0.185582652688026 0.18813119828701 0.175768435001373 0.168228581547737 0.16850183904171 0.165838479995728 0.16224205493927 0.164835751056671 0.170035690069199 0.173779711127281 0.166328117251396 0.161170154809952 0.161634236574173 0.174680635333061 0.170984104275703 0.168027088046074 0.173752665519714 0.181521013379097 0.171672493219376 0.156105533242226 0.160842895507812 0.173870369791985 0.173240318894386 0.157742187380791 0.16670286655426 0.177635982632637 0.184967771172523
