data/trimmed_ndre/W_ndre.625.2012_no_clouds.asc
NCOLS 130 
NROWS 71 
XLLCORNER 530645 
YLLCORNER 5158205 
CELLSIZE 5 
NODATA_value -3.4e+38 
[rows 21 to 41 of 71, columns 49 to 97 of 130]
0.229556933045387 0.236870631575584 0.24322098493576 0.240770012140274 0.235238954424858 0.232158273458481 0.225906133651733 0.223919093608856 0.224113926291466 0.228443175554276 0.222398445010185 0.218529626727104 0.229618385434151 0.21608017385006 0.195763304829597 0.212425976991653 0.226191878318787 0.218829065561295 -3.4e+38 -3.4e+38 -3.4e+38 -3.4e+38 -3.4e+38 -3.4e+38 -3.4e+38 -3.4e+38 -3.4e+38 -3.4e+38 -3.4e+38 -3.4e+38 -3.4e+38 -3.4e+38 -3.4e+38 -3.4e+38 -3.4e+38 -3.4e+38 -3.4e+38 -3.4e+38 -3.4e+38 -3.4e+38 -3.4e+38 -3.4e+38 -3.4e+38 -3.4e+38 -3.4e+38 -3.4e+38 -3.4e+38 -3.4e+38 -3.4e+38
0.223678976297379 0.230816245079041 0.235392302274704 0.229277789592743 0.221608445048332 0.217100083827972 0.211665123701096 0.210693717002869 0.214520812034607 0.222974345088005 0.220689192414284 0.214910194277763 0.228471502661705 0.218006417155266 0.19753310084343 0.211363226175308 0.226710885763168 0.230551615357399 0.232720077037811 0.237407729029655 0.227452576160431 0.223372042179108 0.231583997607231 0.229311481118202 0.221944123506546 0.222610831260681 0.222356736660004 0.224172726273537 -3.4e+38 -3.4e+38 -3.4e+38 -3.4e+38 -3.4e+38 -3.4e+38 -3.4e+38 -3.4e+38 -3.4e+38 -3.4e+38 -3.4e+38 -3.4e+38 -3.4e+38 -3.4e+38 -3.4e+38 -3.4e+38 -3.4e+38 -3.4e+38 -3.4e+38 -3.4e+38 -3.4e+38
0.226593792438507 0.224151566624641 0.227830693125725 0.223015204071999 0.21770067512989 0.212595254182816 0.209500804543495 0.206191807985306 0.202909246087074 0.206317663192749 0.209390580654144 0.207739174365997 0.221565335988998 0.218624845147133 0.202790439128876 0.208790823817253 0.225381255149841 0.237169235944748 0.240059196949005 0.244726166129112 0.239552974700928 0.224895149469376 0.21750196814537 0.219470411539078 0.223008170723915 0.227735698223114 0.230122625827789 0.234450861811638 0.241118595004082 -3.4e+38 -3.4e+38 -3.4e+38 -3.4e+38 -3.4e+38 -3.4e+38 -3.4e+38 -3.4e+38 -3.4e+38 -3.4e+38 -3.4e+38 -3.4e+38 -3.4e+38 -3.4e+38 -3.4e+38 -3.4e+38 -3.4e+38 -3.4e+38 -3.4e+38 -3.4e+38
0.24600088596344 0.239631652832031 0.229787021875381 0.225383162498474 0.225845590233803 0.223991066217422 0.22447307407856 0.22122298181057 0.210727453231812 0.203595414757729 0.205440863966942 0.210999846458435 0.22050903737545 0.218770876526833 0.206254005432129 0.199004396796227 0.218958973884583 0.240345120429993 0.246021687984467 0.252768576145172 0.253880769014359 0.236441373825073 0.216678217053413 0.224039673805237 0.23200748860836 0.229262605309486 0.21963694691658 0.219255983829498 0.224570006132126 0.224592596292496 -3.4e+38 -3.4e+38 -3.4e+38 -3.4e+38 -3.4e+38 -3.4e+38 -3.4e+38 -3.4e+38 -3.4e+38 -3.4e+38 -3.4e+38 -3.4e+38 -3.4e+38 -3.4e+38 -3.4e+38 -3.4e+38 -3.4e+38 -3.4e+38 -3.4e+38
0.254165053367615 0.24729235470295 0.229409918189049 0.216590896248817 0.218201652169228 0.219726875424385 0.225234284996986 0.229423031210899 0.225292846560478 0.215114906430244 0.209209471940994 0.217197075486183 0.225339785218239 0.230496555566788 0.215757444500923 0.200913026928902 0.226629242300987 0.249179035425186 0.249966084957123 0.252842336893082 0.264821857213974 0.253670394420624 0.228619381785393 0.23199799656868 0.23381119966507 0.223534300923347 0.210857138037682 0.209153369069099 0.21554784476757 0.222886383533478 0.230900794267654 -3.4e+38 -3.4e+38 -3.4e+38 -3.4e+38 -3.4e+38 -3.4e+38 -3.4e+38 -3.4e+38 -3.4e+38 -3.4e+38 -3.4e+38 -3.4e+38 -3.4e+38 -3.4e+38 -3.4e+38 -3.4e+38 -3.4e+38 -3.4e+38
0.247992113232613 0.247391790151596 0.230110213160515 0.216903418302536 0.210719034075737 0.209281459450722 0.211322441697121 0.217155918478966 0.226348847150803 0.224608778953552 0.20770925283432 0.210916429758072 0.224131524562836 0.231643378734589 0.217230707406998 0.213350847363472 0.245928138494492 0.26521047949791 0.261669814586639 0.26270791888237 0.2718625664711 0.261236369609833 0.237466499209404 0.228293463587761 0.226120352745056 0.217360883951187 0.2124854773283 0.216304183006287 0.222146064043045 0.231137216091156 0.237757623195648 0.231486722826958 0.214134931564331 0.206296935677528 -3.4e+38 -3.4e+38 -3.4e+38 -3.4e+38 -3.4e+38 -3.4e+38 -3.4e+38 -3.4e+38 -3.4e+38 -3.4e+38 -3.4e+38 -3.4e+38 -3.4e+38 -3.4e+38 -3.4e+38
0.249491676688194 0.252809286117554 0.245584681630135 0.234921291470528 0.222231447696686 0.213884264230728 0.210229635238647 0.205976665019989 0.205063611268997 0.203800722956657 0.188303336501122 0.194663405418396 0.211712971329689 0.219098925590515 0.206781223416328 0.220970064401627 0.2578986287117 0.265015125274658 0.264133840799332 0.268898695707321 0.263233840465546 0.248806700110435 0.230724290013313 0.216157823801041 0.214301645755768 0.216556906700134 0.222992241382599 0.227580904960632 0.226892381906509 0.229583516716957 0.231541961431503 0.230936452746391 0.226337283849716 0.214992374181747 0.207446664571762 0.216585993766785 0.225866556167603 0.228634506464005 0.233710736036301 0.233756512403488 0.231578484177589 0.228415176272392 0.221315979957581 0.214680045843124 0.209618106484413 0.211958184838295 0.207048565149307 0.216083943843842 0.223955884575844
0.267520248889923 0.269533783197403 0.272929579019547 0.262980043888092 0.238992989063263 0.223644331097603 0.223545894026756 0.218775346875191 0.2049690335989 0.199728831648827 0.191029116511345 0.197854116559029 0.211511716246605 0.205867022275925 0.195654839277267 0.216575473546982 0.236611410975456 0.230681285262108 0.246078968048096 0.251956343650818 0.23359726369381 0.227600857615471 0.220285281538963 0.212146744132042 0.212788477540016 0.21781587600708 0.230013996362686 0.231006383895874 0.223923161625862 0.217502802610397 0.215341374278069 0.219895228743553 0.221454814076424 0.21398700773716 0.210423916578293 0.215962097048759 0.220251977443695 0.227318182587624 0.235116213560104 0.24147692322731 0.239222079515457 0.231294482946396 0.2288428992033 0.224126040935516 0.212789237499237 0.211012735962868 0.214561894536018 0.226677224040031 0.230348378419876
0.258685857057571 0.268394559621811 0.28073912858963 0.273315280675888 0.246654465794563 0.235586315393448 0.235223680734634 0.226337537169456 0.209550157189369 0.206232875585556 0.206254959106445 0.21282060444355 0.212819263339043 0.20754037797451 0.204767495393753 0.218601614236832 0.210511147975922 0.196361809968948 0.2197135835886 0.219994843006134 0.213992863893509 0.22053262591362 0.22134992480278 0.219987511634827 0.215816348791122 0.215569585561752 0.220600962638855 0.221180066466331 0.216616690158844 0.209812894463539 0.210956081748009 0.217555090785027 0.215847104787827 0.213465705513954 0.211455509066582 0.214696571230888 0.2130077034235 0.216419085860252 0.224227577447891 0.228322952985764 0.226435914635658 0.222994729876518 0.229105859994888 0.23356306552887 0.227596819400787 0.222423180937767 0.2254299223423 0.229678124189377 0.225067123770714
0.246929153800011 0.259815752506256 0.274636328220367 0.264220505952835 0.241604283452034 0.239832162857056 0.236365765333176 0.213801696896553 0.202089712023735 0.203296259045601 0.207426592707634 0.213681876659393 0.199540510773659 0.191950216889381 0.20676301419735 0.224173203110695 0.214698538184166 0.2032490670681 0.219341605901718 0.213206857442856 0.218875020742416 0.229962512850761 0.229586243629456 0.22584867477417 0.211794003844261 0.209088325500488 0.210539266467094 0.214783132076263 0.219518750905991 0.216466888785362 0.217875495553017 0.2257129997015 0.223737314343452 0.223299592733383 0.223259061574936 0.221638411283493 0.214288383722305 0.210006013512611 0.216627925634384 0.219213455915451 0.216264143586159 0.22105710208416 0.226764753460884 0.237841248512268 0.247927457094193 0.238939955830574 0.229375272989273 0.225937947630882 0.214155703783035
0.23478165268898 0.255619287490845 0.273551970720291 0.269592732191086 0.254234135150909 0.252848267555237 0.237295106053352 0.211561188101768 0.20767542719841 0.205753535032272 0.212698236107826 0.225481793284416 0.208467334508896 0.196937397122383 0.206214770674706 0.211620554327965 0.207987055182457 0.210961356759071 0.223526418209076 0.22412471473217 0.221407562494278 0.218648120760918 0.211657002568245 0.207389518618584 0.199110329151154 0.204663082957268 0.214326456189156 0.219717353582382 0.229805290699005 0.231667309999466 0.226272255182266 0.229857221245766 0.237829223275185 0.23565348982811 0.234139248728752 0.23046700656414 0.221337005496025 0.21671561896801 0.225339725613594 0.229025840759277 0.227089941501617 0.229046851396561 0.218203961849213 0.230892792344093 0.253475248813629 0.245379522442818 0.22693158686161 0.214300140738487 0.207317024469376
0.216758817434311 0.246502891182899 0.273008823394775 0.27557435631752 0.272491544485092 0.269545346498489 0.247818395495415 0.240144580602646 0.233248889446259 0.211274772882462 0.220759034156799 0.230755135416985 0.22064420580864 0.222665026783943 0.225458800792694 0.218119338154793 0.204952731728554 0.203633144497871 0.216338187456131 0.223811939358711 0.203077971935272 0.197867795825005 0.20967361330986 0.208931773900986 0.206089466810226 0.211682185530663 0.21976825594902 0.222861543297768 0.234259635210037 0.240024164319038 0.23257003724575 0.223457857966423 0.22327384352684 0.222605973482132 0.223500028252602 0.226872906088829 0.220855683088303 0.221603736281395 0.229423552751541 0.230286538600922 0.233738020062447 0.228279694914818 0.212295696139336 0.224925667047501 0.241669997572899 0.234304487705231 0.225406393408775 0.221642673015594 0.216216340661049
0.207272693514824 0.227951064705849 0.249990090727806 0.25880840420723 0.271492332220078 0.270994037389755 0.248819336295128 0.245689988136292 0.235105037689209 0.210225105285645 0.21475687623024 0.211359843611717 0.207812383770943 0.21976837515831 0.229038044810295 0.223339676856995 0.213549792766571 0.207155361771584 0.222171425819397 0.228951454162598 0.201474726200104 0.200537025928497 0.218132004141808 0.217932462692261 0.218342483043671 0.20887616276741 0.2081208974123 0.221834033727646 0.227517575025558 0.230319797992706 0.231605514883995 0.224729746580124 0.217706322669983 0.211227342486382 0.211781427264214 0.21796703338623 0.216228917241096 0.218363970518112 0.221420139074326 0.218541964888573 0.224187970161438 0.223418146371841 0.218269899487495 0.217760592699051 0.215469568967819 0.218422621488571 0.232670575380325 0.244807541370392 0.240684285759926
0.209084436297417 0.213133901357651 0.216283857822418 0.224293261766434 0.245782122015953 0.247557535767555 0.22003099322319 0.21837243437767 0.226591944694519 0.217206194996834 0.214602321386337 0.204525947570801 0.200546145439148 0.206539496779442 0.211121827363968 0.216327786445618 0.219693064689636 0.220695286989212 0.226986154913902 0.223051160573959 0.204081788659096 0.208809405565262 0.205255091190338 0.202764704823494 0.205646395683289 0.192168980836868 0.195275366306305 0.21892811357975 0.221808686852455 0.220758065581322 0.222991913557053 0.220683336257935 0.213180929422379 0.209750816226006 0.211812943220139 0.210797384381294 0.210124164819717 0.222771525382996 0.22581447660923 0.220131024718285 0.235889032483101 0.235411703586578 0.21882675588131 0.20646545290947 0.202168494462967 0.2173220962286 0.240952685475349 0.250817656517029 0.247126147150993
0.224181547760963 0.216943696141243 0.202026158571243 0.200277179479599 0.217972636222839 0.218444094061852 0.200492352247238 0.203396528959274 0.221361383795738 0.226527735590935 0.225769013166428 0.21555857360363 0.20947428047657 0.204027965664864 0.200503438711166 0.209746301174164 0.225453153252602 0.226759701967239 0.213447406888008 0.209030389785767 0.210437566041946 0.213474422693253 0.204968646168709 0.210196703672409 0.217555895447731 0.201170027256012 0.205166399478912 0.22342437505722 0.229077160358429 0.22720243036747 0.222094386816025 0.216900482773781 0.20796525478363 0.206232011318207 0.211575865745544 0.207484543323517 0.205368727445602 0.218511253595352 0.221457406878471 0.210731714963913 0.215831324458122 0.218201950192451 0.213231131434441 0.21148943901062 0.21683743596077 0.231342688202858 0.235426366329193 0.223884418606758 0.226232782006264
0.236650601029396 0.224583342671394 0.203153654932976 0.202268406748772 0.215697169303894 0.218423828482628 0.209384873509407 0.199821025133133 0.202368870377541 0.211581334471703 0.221581965684891 0.223185136914253 0.223142132163048 0.209052786231041 0.198906496167183 0.207370802760124 0.221712693572044 0.216938659548759 0.205773338675499 0.209443137049675 0.21725295484066 0.209689766168594 0.198158770799637 0.222433373332024 0.235839322209358 0.22289414703846 0.217286974191666 0.216308131814003 0.219306945800781 0.221665024757385 0.221378102898598 0.216493621468544 0.206637740135193 0.20958349108696 0.219516575336456 0.216602489352226 0.212611809372902 0.216978967189789 0.219829097390175 0.220715969800949 0.215895488858223 0.204653307795525 0.199255838990211 0.205986425280571 0.217224881052971 0.236480832099915 0.236063674092293 0.221628963947296 0.225842922925949
0.24237185716629 0.227374196052551 0.207179725170135 0.215070307254791 0.222756743431091 0.215036764740944 0.206617042422295 0.195867925882339 0.191110074520111 0.193010404706001 0.206003367900848 0.215791389346123 0.213858753442764 0.196383655071259 0.193995267152786 0.212792500853539 0.219912394881248 0.211788073182106 0.215169876813889 0.221145510673523 0.221129059791565 0.201275959610939 0.191210478544235 0.225273743271828 0.231231048703194 0.220760866999626 0.212265938520432 0.195155531167984 0.201143056154251 0.21455143392086 0.217398837208748 0.209186986088753 0.204296067357063 0.216196179389954 0.22516693174839 0.222259044647217 0.216582342982292 0.213638499379158 0.216203406453133 0.236937463283539 0.242312714457512 0.215236619114876 0.191903784871101 0.191505804657936 0.211199089884758 0.240635186433792 0.253623396158218 0.250824272632599 0.247771829366684
0.25341334939003 0.236233323812485 0.21114593744278 0.206453546881676 0.210989639163017 0.204763323068619 0.206564709544182 0.216464951634407 0.209694191813469 0.197237998247147 0.203650802373886 0.212978705763817 0.201611116528511 0.184688955545425 0.197797700762749 0.222192794084549 0.221524149179459 0.206100106239319 0.211062893271446 0.222678795456886 0.221929222345352 0.199186742305756 0.198936715722084 0.222295299172401 0.214853152632713 0.215127766132355 0.20992586016655 0.194541648030281 0.196560710668564 0.211411684751511 0.213698759675026 0.204957783222198 0.203676551580429 0.211979627609253 0.219235584139824 0.219095885753632 0.212262377142906 0.200142905116081 0.20351454615593 0.224403977394104 0.235696613788605 0.225367113947868 0.205936938524246 0.196992591023445 0.215789884328842 0.245506152510643 0.2578404545784 0.258623480796814 0.250614523887634
0.244013279676437 0.233527317643166 0.219777554273605 0.214255854487419 0.216293692588806 0.221337243914604 0.230089277029037 0.229278534650803 0.216484367847443 0.210716083645821 0.214942619204521 0.226941257715225 0.215322226285934 0.19553168118 0.212329283356667 0.231008425354958 0.221841156482697 0.205008044838905 0.206035584211349 0.22138936817646 0.226934358477592 0.208926811814308 0.218761742115021 0.229724496603012 0.216241866350174 0.223755672574043 0.222894936800003 0.218971088528633 0.215128004550934 0.219502836465836 0.219751253724098 0.208117485046387 0.202253386378288 0.199937999248505 0.208087533712387 0.213318035006523 0.210324987769127 0.199222877621651 0.198309302330017 0.206616550683975 0.197244018316269 0.194368049502373 0.195068150758743 0.197024554014206 0.209038928151131 0.221447497606277 0.227714017033577 0.234750837087631 0.235018655657768
0.21799735724926 0.210586383938789 0.212496876716614 0.216770678758621 0.220785424113274 0.233789339661598 0.227877721190453 0.208157196640968 0.204669401049614 0.218861639499664 0.221982553601265 0.224085003137589 0.218631252646446 0.213007032871246 0.226513043045998 0.221053332090378 0.216786980628967 0.21857425570488 0.212313383817673 0.226698204874992 0.231198385357857 0.222782015800476 0.238281950354576 0.229691475629807 0.218021914362907 0.22762905061245 0.223893612623215 0.231838315725327 0.232594028115273 0.227304145693779 0.223130896687508 0.212953686714172 0.204217731952667 0.194050714373589 0.203089416027069 0.214642003178596 0.215536653995514 0.210615143179893 0.206668138504028 0.203308716416359 0.187360614538193 0.181373879313469 0.193989127874374 0.207684010267258 0.218863934278488 0.218954414129257 0.20915699005127 0.208853125572205 0.215016648173332
0.207606956362724 0.197145015001297 0.198040515184402 0.203715443611145 0.199786767363548 0.200601994991302 0.211974665522575 0.205693408846855 0.199930012226105 0.213556483387947 0.211343005299568 0.19692799448967 0.194354116916656 0.216691702604294 0.238743841648102 0.221122324466705 0.216887652873993 0.217498913407326 0.206432014703751 0.222028747200966 0.219436153769493 0.212189957499504 0.225470557808876 0.205231413245201 0.205489546060562 0.216990768909454 0.205163016915321 0.215732246637344 0.224822744727135 0.219462066888809 0.216588661074638 0.215238556265831 0.207305565476418 0.198833525180817 0.207022652029991 0.215495109558105 0.215970754623413 0.218981146812439 0.214106872677803 0.210026189684868 0.210713103413582 0.208064496517181 0.21076326072216 0.21342496573925 0.217790901660919 0.21966390311718 0.215343862771988 0.215829983353615 0.223907694220543
