data/trimmed_ndre/W_ndre.625.2012_no_clouds.asc
NCOLS 130 
NROWS 71 
XLLCORNER 530645 
YLLCORNER 5158205 
CELLSIZE 5 
NODATA_value -3.4e+38 
[rows 42 to 62 of 71, columns 49 to 97 of 130]
0.208122059702873 0.197952210903168 0.196743175387383 0.200315952301025 0.199139878153801 0.19535219669342 0.209850192070007 0.210294961929321 0.198398321866989 0.194880679249763 0.200016498565674 0.191247195005417 0.189972847700119 0.216375142335892 0.233666256070137 0.214355573058128 0.199204817414284 0.203687220811844 0.21724796295166 0.222542896866798 0.212236046791077 0.195945367217064 0.200516194105148 0.194487363100052 0.202607825398445 0.204505726695061 0.186311841011047 0.189100787043571 0.199686869978905 0.198824316263199 0.196510583162308 0.206941053271294 0.204314783215523 0.204386293888092 0.210782766342163 0.211282446980476 0.212373420596123 0.213599354028702 0.204834267497063 0.202940359711647 0.208780169487 0.216311484575272 0.2258580327034 0.224299684166908 0.221190795302391 0.217817947268486 0.213730663061142 0.223660588264465 0.236754283308983
0.208456218242645 0.203956201672554 0.204103127121925 0.202553778886795 0.211030423641205 0.208715170621872 0.212484747171402 0.214489623904228 0.204505071043968 0.200032472610474 0.213991701602936 0.206083863973618 0.195626363158226 0.210526898503304 0.202034875750542 0.189260259270668 0.194035530090332 0.20114529132843 0.212420359253883 0.218505725264549 0.215954273939133 0.211576774716377 0.206061109900475 0.201942041516304 0.193095073103905 0.188996225595474 0.182053074240685 0.183337926864624 0.194157406687737 0.194468796253204 0.187349483370781 0.199195966124535 0.19727511703968 0.198949411511421 0.205393269658089 0.202165752649307 0.20680046081543 0.205687895417213 0.19380022585392 0.200048744678497 0.207519128918648 0.21733595430851 0.232004195451736 0.229052200913429 0.224915966391563 0.217249915003777 0.202790111303329 0.210131138563156 0.224723696708679
0.201734349131584 0.201597705483437 0.202086180448532 0.194886818528175 0.209233790636063 0.21643990278244 0.214508041739464 0.217898175120354 0.218060374259949 0.21690945327282 0.22416153550148 0.21345491707325 0.20018544793129 0.201493322849274 0.185858845710754 0.194671675562859 0.217240035533905 0.209194883704185 0.201004609465599 0.202046126127243 0.20409482717514 0.210417315363884 0.209846884012222 0.205006197094917 0.197037726640701 0.194912388920784 0.201159372925758 0.192514166235924 0.192003160715103 0.188831523060799 0.187260523438454 0.193253666162491 0.201214045286179 0.20551136136055 0.199905470013618 0.191876500844955 0.20413538813591 0.210031718015671 0.205248177051544 0.212918505072594 0.208621516823769 0.207399442791939 0.212286055088043 0.204799234867096 0.20275205373764 0.19876417517662 0.191871017217636 0.202145114541054 0.20220385491848
0.199059367179871 0.20074163377285 0.199738547205925 0.190167024731636 0.2060756534338 0.225322231650352 0.219743132591248 0.208014816045761 0.207190871238708 0.217605635523796 0.215643376111984 0.201325684785843 0.202731043100357 0.202873319387436 0.191845715045929 0.199343577027321 0.222111031413078 0.219676584005356 0.210445672273636 0.201066732406616 0.197970867156982 0.198059424757957 0.199566826224327 0.202104523777962 0.201187238097191 0.201950803399086 0.207841709256172 0.191464185714722 0.185055583715439 0.190808728337288 0.195675194263458 0.197874680161476 0.199534311890602 0.211772635579109 0.207177296280861 0.204070642590523 0.211036294698715 0.212120771408081 0.210688725113869 0.211291775107384 0.202295914292336 0.195378392934799 0.189000725746155 0.188431888818741 0.197614163160324 0.194705933332443 0.197408184409142 0.21434873342514 0.216654136776924
0.198997616767883 0.202407673001289 0.205449849367142 0.211810991168022 0.228169038891792 0.233542263507843 0.216137394309044 0.19490647315979 0.189746960997581 0.216146692633629 0.204137533903122 0.187817379832268 0.202844053506851 0.203189894556999 0.196908354759216 0.192272514104843 0.211720377206802 0.217225626111031 0.206436529755592 0.198801204562187 0.195710614323616 0.193003267049789 0.192831262946129 0.201022014021873 0.196727395057678 0.190378546714783 0.187933072447777 0.183977663516998 0.190409913659096 0.200864642858505 0.207107394933701 0.206366658210754 0.204492479562759 0.212731406092644 0.209850609302521 0.208307832479477 0.209851399064064 0.211620897054672 0.213098153471947 0.209152966737747 0.197590976953506 0.191161423921585 0.183514535427094 0.189197584986687 0.204606920480728 0.201318547129631 0.204681724309921 0.216698691248894 0.214613139629364
0.198103293776512 0.200599938631058 0.203922286629677 0.229106053709984 0.238932982087135 0.223122626543045 0.214986145496368 0.20061556994915 0.197005197405815 0.21579198539257 0.195665493607521 0.184827566146851 0.201359480619431 0.200906366109848 0.202082499861717 0.195281356573105 0.202304646372795 0.207786545157433 0.203689128160477 0.202577441930771 0.199166223406792 0.193294912576675 0.197975873947144 0.20987905561924 0.210129156708717 0.197342753410339 0.186729654669762 0.188360184431076 0.194919943809509 0.193285942077637 0.196308612823486 0.194726586341858 0.204625248908997 0.210464090108871 0.199634194374084 0.200496047735214 0.207730174064636 0.206380665302277 0.21190257370472 0.215128570795059 0.203149452805519 0.200074017047882 0.193712845444679 0.201396331191063 0.207935005426407 0.20074151456356 0.209570288658142 0.217771619558334 0.222886979579926
0.205208659172058 0.206379935145378 0.193189308047295 0.214441657066345 0.226949065923691 0.216799303889275 0.226167246699333 0.221683114767075 0.215848550200462 0.213224038481712 0.187690123915672 0.196083933115005 0.211655259132385 0.205239966511726 0.205374255776405 0.201750054955482 0.20008459687233 0.20326255261898 0.203497782349586 0.204269409179688 0.200510442256927 0.186538353562355 0.191951766610146 0.205563202500343 0.216472506523132 0.215295448899269 0.198419794440269 0.194404676556587 0.203914359211922 0.20448887348175 0.20134499669075 0.195004835724831 0.204810753464699 0.210803508758545 0.200295016169548 0.194890782237053 0.19864484667778 0.203091263771057 0.206126436591148 0.212236598134041 0.216273233294487 0.219021931290627 0.21272885799408 0.209550485014915 0.200234666466713 0.199853226542473 0.219453573226929 0.227092906832695 0.22291462123394
0.207238465547562 0.221863687038422 0.212863236665726 0.202667221426964 0.209514483809471 0.21218316257 0.217417255043983 0.216207712888718 0.208920374512672 0.189813613891602 0.179518505930901 0.219896674156189 0.230067983269691 0.202958852052689 0.189176946878433 0.190949320793152 0.197505205869675 0.200326204299927 0.203930139541626 0.209087997674942 0.205288261175156 0.189439743757248 0.189667567610741 0.199876889586449 0.209126114845276 0.214911952614784 0.198274403810501 0.19476218521595 0.208238616585732 0.215691179037094 0.206959933042526 0.200506046414375 0.210743844509125 0.21153549849987 0.206373542547226 0.198729231953621 0.201167091727257 0.217191204428673 0.220788866281509 0.213387846946716 0.211967408657074 0.214117854833603 0.211533740162849 0.206480801105499 0.19418278336525 0.197955995798111 0.209489956498146 0.205266192555428 0.210889413952827
0.204497635364532 0.212849915027618 0.2155721783638 0.209330216050148 0.206301152706146 0.21041114628315 0.213793233036995 0.203096032142639 0.19898733496666 0.194571986794472 0.195472329854965 0.220897987484932 0.22315976023674 0.194195806980133 0.189367830753326 0.194834306836128 0.197864204645157 0.20041997730732 0.203562051057816 0.211829349398613 0.212888553738594 0.206687211990356 0.205165982246399 0.203301802277565 0.208101406693459 0.213430032134056 0.198105543851852 0.189868956804276 0.197430223226547 0.206510007381439 0.204108104109764 0.201107889413834 0.208847612142563 0.202308475971222 0.205247610807419 0.20839911699295 0.202991992235184 0.214269056916237 0.219938263297081 0.209542751312256 0.207095101475716 0.205032825469971 0.202997118234634 0.198293030261993 0.198811173439026 0.213391050696373 0.215599492192268 0.206285193562508 0.220053344964981
0.20900222659111 0.201702237129211 0.211829721927643 0.2136360257864 0.203452676534653 0.216038763523102 0.22202455997467 0.207431197166443 0.210350081324577 0.2140923589468 0.203800529241562 0.199280872941017 0.20587295293808 0.208758383989334 0.21424588561058 0.21377520263195 0.211630344390869 0.213807463645935 0.21258482336998 0.208823904395103 0.201441422104836 0.205517128109932 0.214070290327072 0.216126203536987 0.217580527067184 0.219293311238289 0.206591382622719 0.19212007522583 0.195823758840561 0.207096442580223 0.203043445944786 0.199711084365845 0.205747365951538 0.206737443804741 0.215540736913681 0.217113479971886 0.21197846531868 0.216859728097916 0.213279604911804 0.20599938929081 0.218203693628311 0.22352422773838 0.218824505805969 0.208325624465942 0.213415935635567 0.232884183526039 0.233018144965172 0.223583191633224 0.222134232521057
0.222525924444199 0.211078941822052 0.214203342795372 0.206782296299934 0.198439225554466 0.219068095088005 0.216583132743835 0.200400173664093 0.20456163585186 0.212007492780685 0.203019425272942 0.196152105927467 0.204738318920135 0.209057301282883 0.210620015859604 0.216005504131317 0.214690372347832 0.205965399742126 0.207905158400536 0.20781983435154 0.190702080726624 0.186891198158264 0.193930014967918 0.200367853045464 0.204095765948296 0.209251195192337 0.208810731768608 0.197430074214935 0.206371203064919 0.214998140931129 0.207867234945297 0.206734135746956 0.219108358025551 0.23589101433754 0.244973257184029 0.238294273614883 0.233660668134689 0.225348249077797 0.206975877285004 0.20808619260788 0.227466464042664 0.237792357802391 0.225227177143097 0.211553946137428 0.220336332917213 0.227052211761475 0.216470956802368 0.203845277428627 0.21320466697216
0.227042883634567 0.215081796050072 0.213043123483658 0.215481087565422 0.21905492246151 0.230330020189285 0.207132533192635 0.19216887652874 0.204400599002838 0.218307286500931 0.208751484751701 0.203488364815712 0.210673183202744 0.210502550005913 0.207662492990494 0.206866502761841 0.2011499106884 0.189777195453644 0.196360394358635 0.213409751653671 0.211036637425423 0.201830446720123 0.192855983972549 0.19113577902317 0.196340784430504 0.204398944973946 0.208771005272865 0.199779033660889 0.205689623951912 0.207760661840439 0.199429705739021 0.205685570836067 0.231595814228058 0.266370326280594 0.275141805410385 0.25069186091423 0.239671885967255 0.226426333189011 0.20887479186058 0.211710810661316 0.228912696242332 0.231986686587334 0.215203747153282 0.207368955016136 0.219247072935104 0.216981247067451 0.222472742199898 0.226640716195107 0.227410763502121
0.214897513389587 0.212368175387383 0.217840626835823 0.219644084572792 0.224624067544937 0.220332786440849 0.197568282485008 0.196087762713432 0.213516607880592 0.222739219665527 0.210853844881058 0.199116423726082 0.208503887057304 0.21547731757164 0.209092065691948 0.201418146491051 0.195160210132599 0.197167426347733 0.20579020678997 0.212448865175247 0.210551142692566 0.202311873435974 0.197390362620354 0.201733946800232 0.216495454311371 0.218011245131493 0.212682113051414 0.210804805159569 0.205613106489182 0.200589925050735 0.19633911550045 0.202922895550728 0.218737795948982 0.254769384860992 0.263530343770981 0.233372405171394 0.226239293813705 0.219803616404533 0.208712294697762 0.225398242473602 0.240300998091698 0.227914720773697 0.205507263541222 0.211873203516006 0.232490494847298 0.235075682401657 0.237974509596825 0.233487293124199 0.220515415072441
0.213426113128662 0.216404423117638 0.216302067041397 0.206315219402313 0.21621935069561 0.209980666637421 0.198442474007607 0.208654686808586 0.221774861216545 0.219084724783897 0.201226025819778 0.190744042396545 0.204095274209976 0.212250202894211 0.200947359204292 0.197016060352325 0.199759617447853 0.207664772868156 0.215584248304367 0.208167776465416 0.196139872074127 0.192353904247284 0.201159328222275 0.212768033146858 0.218736529350281 0.212414786219597 0.205739200115204 0.211976304650307 0.209762006998062 0.206899419426918 0.210262313485146 0.220226883888245 0.226279824972153 0.239375755190849 0.249585896730423 0.247977778315544 0.234131321310997 0.210684433579445 0.204778015613556 0.227405652403831 0.247125133872032 0.225329786539078 0.207309648394585 0.225794732570648 0.237821117043495 0.232487931847572 0.218961074948311 0.206413120031357 0.221795693039894
0.226343855261803 0.222049593925476 0.219030827283859 0.212284997105598 0.221282467246056 0.210464775562286 0.200733035802841 0.214288830757141 0.225476667284966 0.21604685485363 0.196237415075302 0.193338200449944 0.205731064081192 0.204102337360382 0.191072434186935 0.196611404418945 0.208988264203072 0.217239692807198 0.217793807387352 0.207104101777077 0.191999033093452 0.192042469978333 0.207634076476097 0.218675568699837 0.212272867560387 0.207058042287827 0.206117391586304 0.207293152809143 0.205390855669975 0.199169024825096 0.204689353704453 0.222392693161964 0.233716771006584 0.243750393390656 0.247578352689743 0.246270954608917 0.232751205563545 0.215201944112778 0.216598197817802 0.22412970662117 0.226405292749405 0.211324468255043 0.211463883519173 0.23767825961113 0.227571442723274 0.205226868391037 0.21629498898983 0.228163406252861 0.228885471820831
0.227403804659843 0.221424132585526 0.215370908379555 0.22014544904232 0.231498137116432 0.219346076250076 0.210296228528023 0.217797785997391 0.220549955964088 0.211131632328033 0.203719452023506 0.204180017113686 0.208457469940186 0.205713614821434 0.198764830827713 0.205204427242279 0.215272337198257 0.218291610479355 0.220636963844299 0.215504199266434 0.19827926158905 0.196803495287895 0.210271313786507 0.21172733604908 0.205113977193832 0.205344647169113 0.214008674025536 0.212934494018555 0.208541676402092 0.202942594885826 0.205954894423485 0.212929293513298 0.218498349189758 0.225337997078896 0.228558152914047 0.232816383242607 0.232389718294144 0.225501745939255 0.230317458510399 0.226980984210968 0.220138117671013 0.22358900308609 0.230397313833237 0.241385743021965 0.225429847836494 0.205509170889854 0.222399726510048 0.246386721730232 0.223332718014717
0.211283817887306 0.220316335558891 0.213854372501373 0.219929039478302 0.229009687900543 0.220136985182762 0.214849442243576 0.206769272685051 0.203614294528961 0.203783199191093 0.21086984872818 0.205839261412621 0.204166606068611 0.21209704875946 0.209535852074623 0.212290376424789 0.213863402605057 0.209299117326736 0.217215776443481 0.215114459395409 0.2049590498209 0.202205702662468 0.204370275139809 0.20409020781517 0.197045788168907 0.196492061018944 0.206568315625191 0.2088732868433 0.209971040487289 0.214345872402191 0.221999853849411 0.221440643072128 0.221323922276497 0.222300335764885 0.224271833896637 0.229267433285713 0.223804116249084 0.220691978931427 0.22620390355587 0.219030693173409 0.215428367257118 0.223628252744675 0.233052223920822 0.2363161444664 0.232495784759521 0.226647451519966 0.219738364219666 -3.4e+38 -3.4e+38
0.211508885025978 0.2208142131567 0.219125971198082 0.223129346966743 0.230238035321236 0.213973686099052 0.206465467810631 0.192284151911736 0.186638280749321 0.200373858213425 0.218260139226913 0.205723658204079 0.197586432099342 0.204714983701706 0.207617074251175 0.215161681175232 0.206759214401245 0.194708734750748 0.210480540990829 0.217585146427155 0.213568165898323 0.203475013375282 0.200383096933365 0.204880744218826 0.19890670478344 0.194584235548973 0.193834528326988 0.197267726063728 0.204935878515244 0.213932484388351 0.220516830682755 0.216157376766205 0.219157129526138 0.224450275301933 0.223011493682861 0.222489595413208 0.218503803014755 0.220077231526375 0.220003306865692 0.211347982287407 0.208173096179962 0.214689284563065 0.222879514098167 0.222049593925476 0.229221373796463 0.236146956682205 -3.4e+38 -3.4e+38 -3.4e+38
0.218523547053337 0.216097787022591 0.211558863520622 0.208615124225616 0.218486785888672 0.208684757351875 0.208809152245522 0.211431130766869 0.198202565312386 0.20403416454792 0.217388480901718 0.211018219590187 0.195572346448898 0.191602483391762 0.204544454813004 0.220925107598305 0.20634900033474 0.195057183504105 0.210600823163986 0.216880276799202 0.213624596595764 0.204327613115311 0.200213044881821 0.209012806415558 0.207228124141693 0.201671689748764 0.190176084637642 0.19074958562851 0.20128345489502 0.211356744170189 0.212070241570473 0.204619020223618 0.207857549190521 0.217804342508316 0.222786039113998 0.221225723624229 0.217534407973289 0.219883695244789 0.217722058296204 0.210981577634811 0.211678475141525 0.212103977799416 0.213735893368721 0.208390399813652 0.222134903073311 -3.4e+38 -3.4e+38 -3.4e+38 -3.4e+38
0.227701455354691 0.219642713665962 0.211078464984894 0.204965695738792 0.214710921049118 0.215540289878845 0.220519959926605 0.23230417072773 0.218980506062508 0.208139464259148 0.210384353995323 0.213218584656715 0.194596365094185 0.190605655312538 0.21173731982708 0.227302670478821 0.215641170740128 0.208783224225044 0.216856807470322 0.216265588998795 0.215302884578705 0.204149678349495 0.191528186202049 0.202739804983139 0.212904796004295 0.209489107131958 0.194894373416901 0.197714671492577 0.211135357618332 0.219748392701149 0.211016669869423 0.200520545244217 0.206375032663345 0.219426155090332 0.229768872261047 0.224552974104881 0.221475392580032 0.220012649893761 0.216200858354568 0.21438755095005 0.216719269752502 -3.4e+38 -3.4e+38 -3.4e+38 -3.4e+38 -3.4e+38 -3.4e+38 -3.4e+38 -3.4e+38
0.223531976342201 0.220302224159241 0.211367085576057 0.201073154807091 0.209005489945412 0.213046297430992 0.215746864676476 0.229089513421059 0.225019007921219 0.213093191385269 0.208015471696854 0.215589269995689 0.214082345366478 0.212851300835609 0.218694299459457 0.223980814218521 0.217215731739998 0.20376318693161 0.200214713811874 0.200879260897636 0.212337791919708 0.19802825152874 0.185545653104782 0.199539795517921 0.206647753715515 0.203664734959602 0.196032151579857 0.203288033604622 0.220190301537514 0.224862560629845 0.212638810276985 0.208551198244095 0.220930024981499 0.224083855748177 0.22607946395874 -3.4e+38 -3.4e+38 -3.4e+38 -3.4e+38 -3.4e+38 -3.4e+38 -3.4e+38 -3.4e+38 -3.4e+38 -3.4e+38 -3.4e+38 -3.4e+38 -3.4e+38 -3.4e+38
