data/trimmed_ndre/W_ndre.623.2012_no_clouds.asc
NCOLS 130 
NROWS 71 
XLLCORNER 530645 
YLLCORNER 5158205 
CELLSIZE 5 
NODATA_value -3.4e+38 
[rows 0 to 20 of 71, columns 0 to 48 of 130]
-339999999999999996123846586046231871488.000000000000000 -3.4e+38 -3.4e+38 -3.4e+38 -3.4e+38 -3.4e+38 -3.4e+38 -3.4e+38 -3.4e+38 -3.4e+38 -3.4e+38 0.216837763786316 0.219387710094452 0.215093284845352 0.207653537392616 0.215432226657867 0.2210583537817 -3.4e+38 -3.4e+38 -3.4e+38 -3.4e+38 -3.4e+38 -3.4e+38 -3.4e+38 -3.4e+38 -3.4e+38 -3.4e+38 -3.4e+38 -3.4e+38 -3.4e+38 -3.4e+38 -3.4e+38 -3.4e+38 -3.4e+38 -3.4e+38 -3.4e+38 -3.4e+38 -3.4e+38 -3.4e+38 -3.4e+38 -3.4e+38 -3.4e+38 -3.4e+38 -3.4e+38 -3.4e+38 -3.4e+38 -3.4e+38 -3.4e+38 -3.4e+38
-3.4e+38 -3.4e+38 -3.4e+38 -3.4e+38 -3.4e+38 -3.4e+38 -3.4e+38 -3.4e+38 -3.4e+38 -3.4e+38 0.287587285041809 0.231351926922798 0.223858937621117 0.221793219447136 0.211864694952965 0.21059438586235 0.214359879493713 0.231734901666641 -3.4e+38 -3.4e+38 -3.4e+38 -3.4e+38 -3.4e+38 -3.4e+38 -3.4e+38 -3.4e+38 -3.4e+38 -3.4e+38 -3.4e+38 -3.4e+38 -3.4e+38 -3.4e+38 -3.4e+38 -3.4e+38 -3.4e+38 -3.4e+38 -3.4e+38 -3.4e+38 -3.4e+38 -3.4e+38 -3.4e+38 -3.4e+38 -3.4e+38 -3.4e+38 -3.4e+38 -3.4e+38 -3.4e+38 -3.4e+38 -3.4e+38
-3.4e+38 -3.4e+38 -3.4e+38 -3.4e+38 -3.4e+38 -3.4e+38 -3.4e+38 -3.4e+38 0.440478175878525 0.386470347642899 0.292653948068619 0.242173105478287 0.219176635146141 0.221427485346794 0.216192364692688 0.204876974225044 0.203529044985771 0.220255300402641 0.23034031689167 -3.4e+38 -3.4e+38 -3.4e+38 -3.4e+38 -3.4e+38 -3.4e+38 -3.4e+38 -3.4e+38 -3.4e+38 -3.4e+38 -3.4e+38 -3.4e+38 -3.4e+38 -3.4e+38 -3.4e+38 -3.4e+38 -3.4e+38 -3.4e+38 -3.4e+38 -3.4e+38 -3.4e+38 -3.4e+38 -3.4e+38 -3.4e+38 -3.4e+38 -3.4e+38 -3.4e+38 -3.4e+38 -3.4e+38 -3.4e+38
-3.4e+38 -3.4e+38 -3.4e+38 -3.4e+38 -3.4e+38 -3.4e+38 -3.4e+38 -3.4e+38 -3.4e+38 0.397614777088165 0.29420194029808 0.230221003293991 0.210107624530792 0.210927471518517 0.212989941239357 0.205950900912285 0.202589064836502 0.201584473252296 0.204535141587257 0.197079181671143 0.195257768034935 -3.4e+38 -3.4e+38 -3.4e+38 -3.4e+38 -3.4e+38 -3.4e+38 -3.4e+38 -3.4e+38 -3.4e+38 -3.4e+38 -3.4e+38 0.243462011218071 0.245998457074165 -3.4e+38 -3.4e+38 -3.4e+38 -3.4e+38 -3.4e+38 -3.4e+38 -3.4e+38 -3.4e+38 -3.4e+38 -3.4e+38 -3.4e+38 -3.4e+38 -3.4e+38 -3.4e+38 -3.4e+38
-3.4e+38 -3.4e+38 -3.4e+38 -3.4e+38 -3.4e+38 -3.4e+38 -3.4e+38 -3.4e+38 -3.4e+38 0.391166597604752 0.291161209344864 0.229425102472305 0.204159304499626 0.193949565291405 0.196417257189751 0.197775200009346 0.201548457145691 0.187031760811806 0.187536954879761 0.200820103287697 0.19808666408062 0.208308070898056 0.210810378193855 0.204746469855309 0.207432195544243 0.208013266324997 0.204747557640076 0.210410952568054 -3.4e+38 -3.4e+38 -3.4e+38 0.218498229980469 0.242233902215958 0.240787923336029 0.232759073376656 0.238317370414734 0.233564972877502 -3.4e+38 -3.4e+38 -3.4e+38 -3.4e+38 -3.4e+38 -3.4e+38 -3.4e+38 -3.4e+38 -3.4e+38 -3.4e+38 -3.4e+38 -3.4e+38
-3.4e+38 -3.4e+38 -3.4e+38 -3.4e+38 -3.4e+38 -3.4e+38 -3.4e+38 -3.4e+38 -3.4e+38 0.387203395366669 0.309369504451752 0.250744581222534 0.217539504170418 0.202887356281281 0.198555693030357 0.197250425815582 0.202291071414948 0.189122766256332 0.193846270442009 0.20306608080864 0.204992830753326 0.221714839339256 0.22044013440609 0.21623757481575 0.21616131067276 0.206521257758141 0.201244577765465 0.205386534333229 0.202083349227905 0.209241271018982 0.213284462690353 0.216170251369476 0.238797292113304 0.226789116859436 0.228371798992157 0.247791588306427 0.2478928565979 0.238154768943787 0.234413385391235 0.230536833405495 -3.4e+38 -3.4e+38 -3.4e+38 -3.4e+38 -3.4e+38 -3.4e+38 -3.4e+38 -3.4e+38 -3.4e+38
-3.4e+38 -3.4e+38 -3.4e+38 -3.4e+38 -3.4e+38 -3.4e+38 -3.4e+38 -3.4e+38 -3.4e+38 0.380576521158218 0.323727399110794 0.262545078992844 0.221760496497154 0.225171014666557 0.218290776014328 0.206663995981216 0.211953237652779 0.204774484038353 0.208381190896034 0.208897724747658 0.215305715799332 0.236713886260986 0.228738531470299 0.219445124268532 0.215240329504013 0.204719558358192 0.198355734348297 0.199463054537773 0.200235962867737 0.207117512822151 0.212690353393555 0.219828948378563 0.235676124691963 0.228544563055038 0.227594703435898 0.2355045825243 0.241403624415398 0.238921254873276 0.234454214572906 0.217512533068657 0.223752200603485 0.24259127676487 -3.4e+38 -3.4e+38 -3.4e+38 -3.4e+38 -3.4e+38 -3.4e+38 -3.4e+38
-3.4e+38 -3.4e+38 -3.4e+38 -3.4e+38 -3.4e+38 -3.4e+38 -3.4e+38 -3.4e+38 -3.4e+38 0.380306780338287 0.346459031105042 0.263632744550705 0.205022558569908 0.216686978936195 0.221516355872154 0.211403146386147 0.218566715717316 0.215311512351036 0.220423936843872 0.218371957540512 0.219166040420532 0.232514590024948 0.229677855968475 0.221902966499329 0.219860658049583 0.213704898953438 0.210732877254486 0.208093523979187 0.201515600085258 0.204310864210129 0.20701752603054 0.211413413286209 0.226876303553581 0.239572912454605 0.231341555714607 0.212441056966782 0.209250435233116 0.228224962949753 0.236497312784195 0.224356830120087 0.225461363792419 0.239284589886665 0.23780819773674 -3.4e+38 -3.4e+38 -3.4e+38 -3.4e+38 -3.4e+38 -3.4e+38
-3.4e+38 -3.4e+38 -3.4e+38 -3.4e+38 -3.4e+38 -3.4e+38 -3.4e+38 -3.4e+38 0.333991229534149 0.388234943151474 0.363256365060806 0.291410028934479 0.224012717604637 0.195586010813713 0.197759255766869 0.200572669506073 0.212756186723709 0.213075235486031 0.21508127450943 0.212155893445015 0.213252395391464 0.21363477408886 0.214243143796921 0.216410964727402 0.216919079422951 0.218135163187981 0.222916007041931 0.221606582403183 0.214716389775276 0.214627847075462 0.20915088057518 0.204094380140305 0.207142770290375 0.220449224114418 0.22457093000412 0.208432987332344 0.206072211265564 0.225532829761505 0.236174568533897 0.234464704990387 0.222532704472542 0.220103234052658 0.234061315655708 0.230694130063057 0.23164339363575 0.233680784702301 0.220860183238983 -3.4e+38 -3.4e+38
-3.4e+38 -3.4e+38 -3.4e+38 -3.4e+38 -3.4e+38 -3.4e+38 -3.4e+38 0.23531436920166 0.309002637863159 0.376327961683273 0.390585571527481 0.351437926292419 0.274179846048355 0.210530683398247 0.190495505928993 0.1968954205513 0.200741186738014 0.210909754037857 0.218147501349449 0.206630274653435 0.212400197982788 0.210698559880257 0.209970250725746 0.217078626155853 0.213258653879166 0.21168626844883 0.219221949577332 0.221389159560204 0.219002187252045 0.223560929298401 0.220371097326279 0.215142354369164 0.213812664151192 0.211472794413567 0.222561955451965 0.226835578680038 0.227312684059143 0.22857666015625 0.229851201176643 0.234673276543617 0.219492793083191 0.21112072467804 0.226643517613411 0.234007805585861 0.233539506793022 0.231916204094887 0.226152196526527 0.236665889620781 -3.4e+38
-3.4e+38 -3.4e+38 -3.4e+38 -3.4e+38 -3.4e+38 -3.4e+38 0.214005023241043 0.226138845086098 0.260192096233368 0.328698366880417 0.374472111463547 0.373154670000076 0.337875247001648 0.288835823535919 0.246632903814316 0.22942478954792 0.210243582725525 0.214392617344856 0.226669043302536 0.208132073283195 0.209390893578529 0.217742547392845 0.215759113430977 0.225340873003006 0.223737627267838 0.219865500926971 0.215314656496048 0.213463082909584 0.217883229255676 0.22421483695507 0.221913814544678 0.223000928759575 0.220646768808365 0.21356189250946 0.226028457283974 0.237879484891891 0.233944445848465 0.22487510740757 0.222204253077507 0.230587631464005 0.225397706031799 0.21915490925312 0.215529233217239 0.219620183110237 0.228616774082184 0.225357562303543 0.224244326353073 0.227147564291954 0.218352854251862
-3.4e+38 -3.4e+38 -3.4e+38 -3.4e+38 -3.4e+38 0.217712819576263 0.227705255150795 0.230705544352531 0.228928789496422 0.293619722127914 0.345534026622772 0.381701976060867 0.397665053606033 0.365489304065704 0.318095654249191 0.27724352478981 0.239242017269135 0.226153656840324 0.216816693544388 0.200984552502632 0.204278185963631 0.214655831456184 0.220433622598648 0.226428836584091 0.22766900062561 0.230637356638908 0.221094086766243 0.217237651348114 0.226068153977394 0.225780680775642 0.221011430025101 0.235197246074677 0.232459083199501 0.219924703240395 0.223374336957932 0.233960703015327 0.238317802548409 0.228033229708672 0.230055302381516 0.231894999742508 0.224027246236801 0.222616583108902 0.20803339779377 0.206739693880081 0.221145555377007 0.214419916272163 0.217378795146942 0.220540151000023 0.21094998717308
-3.4e+38 -3.4e+38 -3.4e+38 -3.4e+38 -3.4e+38 0.238431766629219 0.243390664458275 0.239467427134514 0.225489974021912 0.249361395835876 0.293043702840805 0.32965886592865 0.349436610937119 0.351505726575851 0.341818690299988 0.317977488040924 0.27367639541626 0.244823604822159 0.218025550246239 0.215105652809143 0.214299783110619 0.2141984552145 0.220511168241501 0.220478877425194 0.224938452243805 0.231233909726143 0.225328385829926 0.221363514661789 0.233549654483795 0.229259863495827 0.220288306474686 0.228902995586395 0.22881655395031 0.223549485206604 0.217371463775635 0.229215055704117 0.249187722802162 0.236284464597702 0.228088825941086 0.227384462952614 0.219070315361023 0.226252153515816 0.219222724437714 0.211272686719894 0.216204658150673 0.208636447787285 0.214648589491844 0.216942995786667 0.208437532186508
-3.4e+38 -3.4e+38 -3.4e+38 -3.4e+38 0.230776980519295 0.243384167551994 0.247324705123901 0.238758787512779 0.222874566912651 0.216472923755646 0.230100825428963 0.259000599384308 0.276341289281845 0.307920813560486 0.33870267868042 0.327940255403519 0.300616651773453 0.270033985376358 0.2323137819767 0.228267043828964 0.235837891697884 0.227356567978859 0.212894290685654 0.213812544941902 0.217363655567169 0.219805896282196 0.214836433529854 0.219255775213242 0.237566500902176 0.237012565135956 0.226010754704475 0.221186280250549 0.219759061932564 0.218205153942108 0.208927556872368 0.221113994717598 0.242572218179703 0.229485332965851 0.219710826873779 0.219179525971413 0.214796885848045 0.213277325034142 0.208958685398102 0.21044859290123 0.205978348851204 0.202230170369148 0.211485803127289 0.211377829313278 0.204034924507141
-3.4e+38 -3.4e+38 -3.4e+38 -3.4e+38 0.228839218616486 0.237789243459702 0.245403707027435 0.233664110302925 0.22401151061058 0.222365334630013 0.213327884674072 0.208360001444817 0.225287407636642 0.250230491161346 0.273292899131775 0.27452227473259 0.265935510396957 0.272540539503098 0.242817774415016 0.219301581382751 0.217550411820412 0.220655277371407 0.220804288983345 0.22842213511467 0.239948734641075 0.234804809093475 0.216803297400475 0.218318536877632 0.231914594769478 0.230236276984215 0.228520557284355 0.223641753196716 0.218339875340462 0.209548816084862 0.200408056378365 0.209974139928818 0.220867574214935 0.219455316662788 0.212521240115166 0.204578399658203 0.205912232398987 0.208112344145775 0.207426145672798 0.211382865905762 0.198562547564507 0.204952865839005 0.219511672854424 0.217870876193047 0.212375074625015
-3.4e+38 -3.4e+38 -3.4e+38 -3.4e+38 0.22293159365654 0.226572602987289 0.24547615647316 0.247385054826736 0.235678672790527 0.226867526769638 0.221892178058624 0.22823640704155 0.22218444943428 0.204522803425789 0.220229178667068 0.229944884777069 0.225222498178482 0.232404708862305 0.229142904281616 0.219242662191391 0.21484600007534 0.221500739455223 0.227665305137634 0.228618025779724 0.244071394205093 0.242205142974854 0.224660456180573 0.225435763597488 0.23434878885746 0.233554005622864 0.233090654015541 0.230368986725807 0.228809878230095 0.222158268094063 0.214178457856178 0.211616024374962 0.210658773779869 0.213456019759178 0.202701181173325 0.193293154239655 0.203722074627876 0.215281561017036 0.223168045282364 0.222282230854034 0.213837683200836 0.21595373749733 0.219838216900826 0.221356853842735 0.221623778343201
-3.4e+38 -3.4e+38 -3.4e+38 0.227791324257851 0.233349934220314 0.238971218466759 0.251418352127075 0.263598650693893 0.251968562602997 0.226414918899536 0.222216546535492 0.228760913014412 0.222882643342018 0.21486209332943 0.221523582935333 0.221505478024483 0.213317096233368 0.210256546735764 0.223750069737434 0.239221140742302 0.241460382938385 0.230852335691452 0.222061917185783 0.21691033244133 0.22390966117382 0.223308622837067 0.22228416800499 0.235105752944946 0.238174483180046 0.235655635595322 0.233743995428085 0.234529659152031 0.246071502566338 0.248313575983047 0.245255678892136 0.226136714220047 0.213570579886436 0.216411918401718 0.20208241045475 0.19696831703186 0.21312615275383 0.224198162555695 0.235267400741577 0.224926769733429 0.217397153377533 0.221762225031853 0.213452756404877 0.210299015045166 0.21547394990921
-3.4e+38 -3.4e+38 0.217511460185051 0.228220716118813 0.245654091238976 0.251150190830231 0.243628740310669 0.251719236373901 0.264027118682861 0.247782334685326 0.214397713541985 0.202054336667061 0.20513691008091 0.214679971337318 0.213588923215866 0.204701617360115 0.212329253554344 0.217922776937485 0.222517445683479 0.230403557419777 0.22771044075489 0.214743599295616 0.216684266924858 0.219518706202507 0.221299916505814 0.221807524561882 0.230664417147636 0.245812609791756 0.241842418909073 0.237171500921249 0.233789995312691 0.232014864683151 0.246515855193138 0.254250913858414 0.255219280719757 0.237531036138535 0.224700063467026 0.224842831492424 0.209378853440285 0.210493713617325 0.219872906804085 0.21632182598114 0.224874645471573 0.226175770163536 0.220422506332397 0.222515314817429 0.210223481059074 0.19721807539463 0.199974089860916
-3.4e+38 0.215231448411942 0.21798999607563 0.235114336013794 0.249244228005409 0.246051833033562 0.226958110928535 0.224966034293175 0.248684406280518 0.240098685026169 0.200480356812477 0.195411041378975 0.196391895413399 0.212258517742157 0.222280099987984 0.21465365588665 0.223997786641121 0.220927372574806 0.214550226926804 0.219252347946167 0.215167969465256 0.221257343888283 0.23174649477005 0.23153230547905 0.220168799161911 0.211600363254547 0.223640844225883 0.236757606267929 0.237097516655922 0.242910027503967 0.237508147954941 0.245336845517159 0.260946422815323 0.257766634225845 0.253673851490021 0.243906185030937 0.236198037862778 0.233879044651985 0.227300435304642 0.221698895096779 0.221956685185432 0.213294357061386 0.215725809335709 0.219819307327271 0.21951687335968 0.212923064827919 0.206398516893387 0.209265604615211 0.207718387246132
-3.4e+38 0.211109563708305 0.221555203199387 0.235026672482491 0.237888053059578 0.232634514570236 0.217836827039719 0.212791249155998 0.223512262105942 0.225555628538132 0.219223707914352 0.219787657260895 0.221778497099876 0.23316852748394 0.232301071286201 0.224883422255516 0.220061630010605 0.215094164013863 0.218427166342735 0.22432242333889 0.213221907615662 0.234490573406219 0.255546540021896 0.253083169460297 0.235941886901855 0.218768671154976 0.222941011190414 0.224780857563019 0.222807034850121 0.237091422080994 0.236966416239738 0.246300965547562 0.259613960981369 0.257835119962692 0.260133028030396 0.258620828390121 0.25452184677124 0.257107079029083 0.253551661968231 0.237575277686119 0.240487366914749 0.228383243083954 0.207494676113129 0.205412283539772 0.229091793298721 0.232063040137291 0.216180741786957 0.220089018344879 0.226588442921638
0.213816121220589 0.209674745798111 0.208814784884453 0.211513444781303 0.211668938398361 0.216441348195076 0.219732597470284 0.217370450496674 0.209299460053444 0.218784838914871 0.230631977319717 0.225415229797363 0.23068867623806 0.238020747900009 0.227966174483299 0.223690465092659 0.22254940867424 0.212695732712746 0.218462377786636 0.225824296474457 0.21655747294426 0.233905732631683 0.253822594881058 0.243696615099907 0.227862924337387 0.232944443821907 0.238586097955704 0.23341016471386 0.229741767048836 0.243311613798141 0.23663729429245 0.232042819261551 0.228267624974251 0.229364156723022 0.248225420713425 0.25151926279068 0.257137358188629 0.270482093095779 0.263332277536392 0.254433482885361 0.258708596229553 0.252568781375885 0.239051729440689 0.23052778840065 0.234037205576897 0.23416069149971 0.215962916612625 0.208820685744286 0.221574872732162
