data/trimmed_ndre/W_ndre.627.2013_no_clouds.asc
NCOLS 130 
NROWS 71 
XLLCORNER 530645 
YLLCORNER 5158205 
CELLSIZE 5 
NODATA_value -3.4e+38 
[rows 42 to 62 of 71, columns 49 to 97 of 130]
0.369730710983276 0.345701187849045 0.353242814540863 0.369248151779175 0.381968855857849 0.413225412368774 0.451258540153503 0.501412451267242 0.556131720542908 0.574666202068329 0.567914187908173 0.552632093429565 0.538708388805389 0.526074409484863 0.508786380290985 0.502648293972015 0.50492912530899 0.483073502779007 0.450691282749176 0.444073110818863 0.443532109260559 0.460741430521011 0.473689794540405 0.475208163261414 0.46687850356102 0.456670761108398 0.458746075630188 0.481934726238251 0.499629467725754 0.486493498086929 0.472953289747238 0.495281755924225 0.511782944202423 0.494162172079086 0.482168883085251 0.477349132299423 0.478064924478531 0.480169802904129 0.484759241342545 0.487192958593369 0.493014961481094 0.490385383367538 0.494857668876648 0.506366550922394 0.498616486787796 0.493740111589432 0.497460603713989 0.507269024848938 0.504515886306763
0.348754018545151 0.329283833503723 0.339099377393723 0.366097897291183 0.379367083311081 0.414417713880539 0.468146532773972 0.513178944587708 0.56579327583313 0.585721969604492 0.565793335437775 0.550674736499786 0.532397389411926 0.521478235721588 0.512077391147614 0.507057309150696 0.504637360572815 0.49052757024765 0.471184492111206 0.459143280982971 0.455846697092056 0.46624368429184 0.471831917762756 0.460881263017654 0.447645008563995 0.446922093629837 0.462660372257233 0.476870208978653 0.489991933107376 0.492662459611893 0.489769488573074 0.499981969594955 0.51047956943512 0.495671361684799 0.491330981254578 0.48828512430191 0.489055335521698 0.491093367338181 0.496291697025299 0.500156342983246 0.49861952662468 0.488494604825974 0.49893057346344 0.511701881885529 0.499244958162308 0.499041199684143 0.510762155056 0.520746469497681 0.50721275806427
0.351813733577728 0.344483762979507 0.354625105857849 0.383009940385818 0.405512779951096 0.433511883020401 0.493728131055832 0.53777939081192 0.562055587768555 0.574061751365662 0.560211420059204 0.547745585441589 0.530610799789429 0.515134990215302 0.508463144302368 0.503792583942413 0.493147045373917 0.478675872087479 0.467876344919205 0.449856668710709 0.448045969009399 0.462251454591751 0.455318868160248 0.436027646064758 0.426780223846436 0.432372093200684 0.450146555900574 0.46402233839035 0.469762176275253 0.483522027730942 0.487728148698807 0.482531160116196 0.492168068885803 0.495003700256348 0.492098957300186 0.494478762149811 0.494772553443909 0.499344736337662 0.50558203458786 0.509461462497711 0.494322448968887 0.473247557878494 0.488642066717148 0.504008710384369 0.493577182292938 0.495080947875977 0.504715323448181 0.51156085729599 0.504047095775604
0.354831218719482 0.337000280618668 0.347996890544891 0.384949594736099 0.43011063337326 0.45593136548996 0.501347780227661 0.548895955085754 0.561637818813324 0.564226448535919 0.5572829246521 0.548123717308044 0.537950694561005 0.517969906330109 0.50106680393219 0.492729336023331 0.475354731082916 0.455633699893951 0.448315888643265 0.445566594600677 0.447826474905014 0.452331334352493 0.441613048315048 0.429640531539917 0.428505480289459 0.436632633209229 0.453431010246277 0.461385846138 0.458680599927902 0.462759166955948 0.461304277181625 0.454943239688873 0.468923032283783 0.480653256177902 0.484865218400955 0.494572162628174 0.490057528018951 0.489679574966431 0.498692870140076 0.498477131128311 0.479798346757889 0.464223444461823 0.482690900564194 0.490852683782578 0.484230101108551 0.484353065490723 0.493187457323074 0.501760184764862 0.500954747200012
0.364009708166122 0.363282293081284 0.370778739452362 0.385550409555435 0.438850104808807 0.480877339839935 0.505343616008759 0.546549558639526 0.565096020698547 0.559437811374664 0.551865994930267 0.541372299194336 0.532652497291565 0.515162706375122 0.492772877216339 0.482906013727188 0.474220722913742 0.465318232774734 0.450562685728073 0.436021357774734 0.436415880918503 0.442005127668381 0.438469052314758 0.43449667096138 0.440759927034378 0.454817831516266 0.465090423822403 0.461703509092331 0.447945117950439 0.440195173025131 0.440572708845139 0.443144649267197 0.449233174324036 0.460826367139816 0.47747614979744 0.488612800836563 0.481290817260742 0.481120616197586 0.487131744623184 0.476158291101456 0.465102970600128 0.469160705804825 0.484696835279465 0.475742518901825 0.472831070423126 0.478527069091797 0.485972672700882 0.497158020734787 0.507735073566437
0.387965857982635 0.394165337085724 0.403505027294159 0.407692641019821 0.443120032548904 0.484660416841507 0.505264699459076 0.539230406284332 0.556414127349854 0.550786256790161 0.546918511390686 0.533570766448975 0.516696035861969 0.506237924098969 0.490432441234589 0.479718446731567 0.479004979133606 0.468573957681656 0.439915776252747 0.412709593772888 0.41692116856575 0.427331328392029 0.432613372802734 0.439381748437881 0.451584190130234 0.460775464773178 0.464528143405914 0.459170371294022 0.436525940895081 0.427185446023941 0.445535957813263 0.439477443695068 0.435595244169235 0.449116855859756 0.465354174375534 0.474067836999893 0.470133543014526 0.478042215108871 0.488138139247894 0.483099848031998 0.47753369808197 0.489845633506775 0.494635403156281 0.474058926105499 0.469543904066086 0.480181515216827 0.488563984632492 0.492918282747269 0.507584631443024
0.413325786590576 0.406392931938171 0.415743201971054 0.43494576215744 0.450447678565979 0.478510558605194 0.5057412981987 0.529471814632416 0.544978380203247 0.543186604976654 0.539789497852325 0.526823997497559 0.509315490722656 0.501246213912964 0.492640942335129 0.481924116611481 0.472355306148529 0.457300126552582 0.431092768907547 0.413162291049957 0.414463639259338 0.421453207731247 0.435118049383163 0.442835867404938 0.449159950017929 0.447500050067902 0.442421853542328 0.440577149391174 0.436002463102341 0.445605516433716 0.455957889556885 0.430576145648956 0.416370153427124 0.434328734874725 0.451933920383453 0.462012410163879 0.461361020803452 0.467760026454926 0.475913524627686 0.48906546831131 0.500061810016632 0.510333180427551 0.508274495601654 0.49597641825676 0.497601449489594 0.499172508716583 0.493062734603882 0.48134708404541 0.496468484401703
0.442949175834656 0.436589509248734 0.438863843679428 0.453610271215439 0.463182210922241 0.476850569248199 0.492588192224503 0.502770364284515 0.511570990085602 0.518626093864441 0.520769834518433 0.520511090755463 0.512196660041809 0.50289660692215 0.493954211473465 0.475616961717606 0.464290976524353 0.461994707584381 0.446671783924103 0.438317477703094 0.440642297267914 0.439936816692352 0.446388512849808 0.444274544715881 0.440868705511093 0.434224098920822 0.42725533246994 0.431489437818527 0.442154914140701 0.459814131259918 0.454421162605286 0.42753678560257 0.423249274492264 0.435958743095398 0.449706643819809 0.465089023113251 0.461201071739197 0.453013032674789 0.45835879445076 0.489641308784485 0.517524421215057 0.519828259944916 0.517343938350677 0.516139090061188 0.520572543144226 0.513895630836487 0.491820693016052 0.478806465864182 0.496371924877167
0.45768016576767 0.453456699848175 0.45323583483696 0.461214661598206 0.467765718698502 0.468325525522232 0.481484830379486 0.487318634986877 0.489247381687164 0.494951188564301 0.501617848873138 0.507744908332825 0.509507119655609 0.4963758289814 0.479297608137131 0.463836967945099 0.459024727344513 0.45972090959549 0.454486519098282 0.46016201376915 0.461454212665558 0.454731494188309 0.456239283084869 0.447440654039383 0.431508213281631 0.423147141933441 0.424058109521866 0.430325627326965 0.439375400543213 0.462307959794998 0.461078017950058 0.446664392948151 0.454187005758286 0.446891456842422 0.442801982164383 0.453165322542191 0.45955017209053 0.458037734031677 0.461130648851395 0.492795497179031 0.517408132553101 0.517930626869202 0.517007946968079 0.517629146575928 0.515132367610931 0.511635839939117 0.498464941978455 0.490092068910599 0.501346409320831
0.47934901714325 0.477994680404663 0.473459869623184 0.464389145374298 0.466121405363083 0.477818965911865 0.497858762741089 0.505036294460297 0.4980748295784 0.493585675954819 0.492969512939453 0.493885576725006 0.492771685123444 0.478775948286057 0.463742852210999 0.462651163339615 0.467660576105118 0.464092314243317 0.452436625957489 0.454499453306198 0.452039361000061 0.449911743402481 0.452388167381287 0.447299599647522 0.430322557687759 0.416124075651169 0.416637778282166 0.420281559228897 0.428980499505997 0.446241766214371 0.457950174808502 0.462281376123428 0.465331882238388 0.452936857938766 0.446366161108017 0.459638208150864 0.476687788963318 0.482671052217484 0.494001418352127 0.524638712406158 0.518526196479797 0.510108947753906 0.515911400318146 0.50807523727417 0.502443909645081 0.498731076717377 0.493496060371399 0.487907499074936 0.489713996648788
0.50376307964325 0.511725664138794 0.509811282157898 0.495075881481171 0.492397636175156 0.503736793994904 0.519635200500488 0.519955217838287 0.513286709785461 0.504546940326691 0.495642066001892 0.482131004333496 0.473483800888062 0.469886273145676 0.462999880313873 0.461716175079346 0.464209079742432 0.461783200502396 0.444696247577667 0.432851374149323 0.426158934831619 0.430017054080963 0.438969165086746 0.440759241580963 0.435086846351624 0.425020635128021 0.423075348138809 0.431789249181747 0.428675055503845 0.426793456077576 0.444127798080444 0.458537340164185 0.463187992572784 0.462072193622589 0.467600494623184 0.484844952821732 0.494248032569885 0.490811854600906 0.508610010147095 0.53029328584671 0.506453454494476 0.509960234165192 0.517570436000824 0.493150025606155 0.484542697668076 0.47685968875885 0.467294663190842 0.463670611381531 0.46224719285965
0.503008544445038 0.506511330604553 0.524186193943024 0.531010448932648 0.524690628051758 0.516430735588074 0.512152016162872 0.512883841991425 0.51172411441803 0.504872918128967 0.492476910352707 0.472472459077835 0.464275449514389 0.46587860584259 0.459649175405502 0.455189079046249 0.455902844667435 0.459057062864304 0.452378064393997 0.434586346149445 0.423376262187958 0.420671135187149 0.424712002277374 0.428642928600311 0.434864938259125 0.433698266744614 0.433694690465927 0.445506244897842 0.441419392824173 0.434290856122971 0.448895186185837 0.455892205238342 0.465698838233948 0.478140890598297 0.48497274518013 0.497994661331177 0.500017762184143 0.491337150335312 0.496732324361801 0.503235816955566 0.495818138122559 0.504802048206329 0.496126502752304 0.466432929039001 0.463683277368546 0.449147403240204 0.439310371875763 0.453789353370667 0.440932214260101
0.514472186565399 0.516764402389526 0.525601089000702 0.541589975357056 0.545111119747162 0.548380076885223 0.528136789798737 0.508765697479248 0.506929337978363 0.495066612958908 0.475612670183182 0.456415176391602 0.447358995676041 0.45038515329361 0.445792883634567 0.444136083126068 0.450574904680252 0.458138018846512 0.46118226647377 0.454158335924149 0.438097059726715 0.422921776771545 0.416306555271149 0.425874054431915 0.436431646347046 0.437646239995956 0.442064851522446 0.454075157642365 0.457634389400482 0.45419654250145 0.460019469261169 0.465594440698624 0.475919306278229 0.489880859851837 0.493531674146652 0.501805007457733 0.489123731851578 0.47219505906105 0.47554486989975 0.482958793640137 0.484496235847473 0.485944300889969 0.463153809309006 0.441903650760651 0.447102904319763 0.433866530656815 0.433507204055786 0.444721788167953 0.429819017648697
0.527207911014557 0.529528737068176 0.522346675395966 0.51788192987442 0.5273597240448 0.546082198619843 0.525755107402802 0.503989696502686 0.509211719036102 0.493829488754272 0.468627363443375 0.451108396053314 0.450985819101334 0.443991124629974 0.435839891433716 0.430580973625183 0.417407691478729 0.428149193525314 0.451375782489777 0.461422562599182 0.44413685798645 0.419735670089722 0.408969521522522 0.421262800693512 0.44145655632019 0.443293362855911 0.452069312334061 0.46652564406395 0.473106652498245 0.47068053483963 0.475350707769394 0.483099728822708 0.482178270816803 0.489821642637253 0.499576926231384 0.505624234676361 0.484666913747787 0.462490081787109 0.466999679803848 0.474781960248947 0.476781070232391 0.467289954423904 0.444666415452957 0.440567880868912 0.45159837603569 0.440619617700577 0.45014762878418 0.45582303404808 0.445987164974213
0.521390676498413 0.527431011199951 0.523833274841309 0.520431160926819 0.519205868244171 0.518985033035278 0.503672003746033 0.493071407079697 0.493327140808105 0.482713580131531 0.46602389216423 0.463501274585724 0.468855023384094 0.446345269680023 0.43046247959137 0.436205953359604 0.431321799755096 0.428090393543243 0.441728830337524 0.450574904680252 0.433082580566406 0.405674666166306 0.40190988779068 0.421751499176025 0.446619778871536 0.449929624795914 0.456697523593903 0.470086842775345 0.474361777305603 0.470605790615082 0.481860160827637 0.490608900785446 0.490493834018707 0.491595685482025 0.50035697221756 0.505735218524933 0.4926498234272 0.48269110918045 0.484208524227142 0.48445662856102 0.476490646600723 0.467184275388718 0.456270754337311 0.453332364559174 0.462074011564255 0.463705331087112 0.476090222597122 0.4699726998806 0.455984771251678
0.521208226680756 0.525672554969788 0.531930148601532 0.537290573120117 0.524778425693512 0.507085740566254 0.499248862266541 0.494332700967789 0.482283473014832 0.467851996421814 0.459851026535034 0.464015781879425 0.466240435838699 0.450454145669937 0.44611132144928 0.46285355091095 0.474717915058136 0.456258088350296 0.438107907772064 0.438640177249908 0.430580973625183 0.407958567142487 0.404314517974854 0.427973330020905 0.458876222372055 0.463113725185394 0.457718223333359 0.463539332151413 0.462424725294113 0.461032748222351 0.473886102437973 0.483016073703766 0.480668216943741 0.477516829967499 0.485068649053574 0.494472920894623 0.491659700870514 0.49850869178772 0.496812671422958 0.488977283239365 0.473233550786972 0.47630786895752 0.485747128725052 0.486054956912994 0.489532738924026 0.487282961606979 0.484086990356445 0.471692651510239 0.463141471147537
0.540666699409485 0.537352323532104 0.536066889762878 0.535930335521698 0.523354232311249 0.507249474525452 0.502772688865662 0.498809933662415 0.476558178663254 0.455834150314331 0.451288968324661 0.45583102107048 0.455132484436035 0.448191046714783 0.449744880199432 0.454814821481705 0.460278183221817 0.452874720096588 0.442245543003082 0.439358025789261 0.439805895090103 0.42272424697876 0.403141111135483 0.406068027019501 0.429957538843155 0.446305364370346 0.449845194816589 0.459362655878067 0.456774890422821 0.455985754728317 0.463997721672058 0.464764773845673 0.458554923534393 0.457430720329285 0.468910157680511 0.477809518575668 0.483275145292282 0.496413826942444 0.494645088911057 0.479808628559113 0.468690991401672 0.481452345848083 0.494141519069672 0.493480384349823 0.498377442359924 0.488175272941589 0.475637137889862 -3.4e+38 -3.4e+38
0.544821858406067 0.537774860858917 0.524074673652649 0.514637172222137 0.508741855621338 0.494487643241882 0.492242425680161 0.489572018384933 0.468503803014755 0.451426953077316 0.450945168733597 0.451145350933075 0.436049520969391 0.428088009357452 0.427561104297638 0.435059696435928 0.440940231084824 0.444064289331436 0.443172693252563 0.44207164645195 0.439186424016953 0.421834141016006 0.402294307947159 0.397532045841217 0.409781664609909 0.427532374858856 0.446890622377396 0.458173871040344 0.460908025503159 0.463880002498627 0.460968941450119 0.450158327817917 0.4483842253685 0.454868793487549 0.462406486272812 0.464710861444473 0.47297990322113 0.485864698886871 0.492265462875366 0.480765163898468 0.470673173666 0.483304768800735 0.476314604282379 0.472704261541367 0.485437363386154 0.479677736759186 -3.4e+38 -3.4e+38 -3.4e+38
0.524700939655304 0.525165259838104 0.518190681934357 0.51032543182373 0.499299943447113 0.482345640659332 0.482041597366333 0.475394815206528 0.455199539661407 0.437926381826401 0.439815729856491 0.44292876124382 0.426527738571167 0.418414056301117 0.427118897438049 0.433085471391678 0.439231693744659 0.441115945577621 0.43886461853981 0.442839205265045 0.443599939346313 0.432948738336563 0.423741400241852 0.422990828752518 0.430353075265884 0.438051909208298 0.454497784376144 0.463328003883362 0.463060170412064 0.467720836400986 0.460718989372253 0.449616670608521 0.445759296417236 0.454270988702774 0.463862776756287 0.463737964630127 0.4702088534832 0.480141192674637 0.488039642572403 0.478521525859833 0.469077974557877 0.471556186676025 0.454670965671539 0.458825588226318 0.470872461795807 -3.4e+38 -3.4e+38 -3.4e+38 -3.4e+38
0.508885025978088 0.521186530590057 0.520421624183655 0.514699399471283 0.499039232730865 0.485010355710983 0.485269904136658 0.469293624162674 0.449846237897873 0.442076742649078 0.446684837341309 0.448536813259125 0.435345828533173 0.413706451654434 0.411065816879272 0.42738550901413 0.435723006725311 0.44478565454483 0.448514074087143 0.452598541975021 0.458554178476334 0.45690193772316 0.449989497661591 0.445115596055984 0.448623239994049 0.454893559217453 0.473730862140656 0.473765462636948 0.456998467445374 0.452186465263367 0.442491382360458 0.437286913394928 0.439696878194809 0.458014458417892 0.468128144741058 0.466679275035858 0.4819695353508 0.472648739814758 0.464491456747055 0.467725932598114 0.464401930570602 -3.4e+38 -3.4e+38 -3.4e+38 -3.4e+38 -3.4e+38 -3.4e+38 -3.4e+38 -3.4e+38
0.509324193000793 0.509209156036377 0.51026576757431 0.510129809379578 0.498489797115326 0.49377316236496 0.495714336633682 0.483957231044769 0.472000509500504 0.470540314912796 0.474652051925659 0.45706894993782 0.43374952673912 0.419723868370056 0.427422910928726 0.438499599695206 0.430787950754166 0.442016929388046 0.453995615243912 0.454032719135284 0.465468168258667 0.472262620925903 0.468776673078537 0.462080270051956 0.463366597890854 0.476789772510529 0.491128712892532 0.482101380825043 0.464106053113937 0.451785683631897 0.439406037330627 0.441479444503784 0.451593846082687 0.467249989509583 0.4648677110672 -3.4e+38 -3.4e+38 -3.4e+38 -3.4e+38 -3.4e+38 -3.4e+38 -3.4e+38 -3.4e+38 -3.4e+38 -3.4e+38 -3.4e+38 -3.4e+38 -3.4e+38 -3.4e+38
