data/trimmed_ndre/W_ndre.79.2013_no_clouds.asc
NCOLS 130 
NROWS 71 
XLLCORNER 530645 
YLLCORNER 5158205 
CELLSIZE 5 
NODATA_value -3.4e+38 
[rows 0 to 20 of 71, columns 0 to 48 of 130]
-339999999999999996123846586046231871488.000000000000000 -3.4e+38 -3.4e+38 -3.4e+38 -3.4e+38 -3.4e+38 -3.4e+38 -3.4e+38 -3.4e+38 -3.4e+38 -3.4e+38 0.220205456018448 0.204475492238998 0.195592656731606 0.187782034277916 0.176453456282616 0.191377177834511 -3.4e+38 -3.4e+38 -3.4e+38 -3.4e+38 -3.4e+38 -3.4e+38 -3.4e+38 -3.4e+38 -3.4e+38 -3.4e+38 -3.4e+38 -3.4e+38 -3.4e+38 -3.4e+38 -3.4e+38 -3.4e+38 -3.4e+38 -3.4e+38 -3.4e+38 -3.4e+38 -3.4e+38 -3.4e+38 -3.4e+38 -3.4e+38 -3.4e+38 -3.4e+38 -3.4e+38 -3.4e+38 -3.4e+38 -3.4e+38 -3.4e+38 -3.4e+38
-3.4e+38 -3.4e+38 -3.4e+38 -3.4e+38 -3.4e+38 -3.4e+38 -3.4e+38 -3.4e+38 -3.4e+38 -3.4e+38 0.275678604841232 0.228165194392204 0.208931714296341 0.206036582589149 0.19035929441452 0.176793947815895 0.193182423710823 0.216098889708519 -3.4e+38 -3.4e+38 -3.4e+38 -3.4e+38 -3.4e+38 -3.4e+38 -3.4e+38 -3.4e+38 -3.4e+38 -3.4e+38 -3.4e+38 -3.4e+38 -3.4e+38 -3.4e+38 -3.4e+38 -3.4e+38 -3.4e+38 -3.4e+38 -3.4e+38 -3.4e+38 -3.4e+38 -3.4e+38 -3.4e+38 -3.4e+38 -3.4e+38 -3.4e+38 -3.4e+38 -3.4e+38 -3.4e+38 -3.4e+38 -3.4e+38
-3.4e+38 -3.4e+38 -3.4e+38 -3.4e+38 -3.4e+38 -3.4e+38 -3.4e+38 -3.4e+38 0.404514670372009 0.35853636264801 0.291181951761246 0.245616525411606 0.214193403720856 0.203625276684761 0.180230498313904 0.174841344356537 0.190900251269341 0.196448296308517 0.21237450838089 -3.4e+38 -3.4e+38 -3.4e+38 -3.4e+38 -3.4e+38 -3.4e+38 -3.4e+38 -3.4e+38 -3.4e+38 -3.4e+38 -3.4e+38 -3.4e+38 -3.4e+38 -3.4e+38 -3.4e+38 -3.4e+38 -3.4e+38 -3.4e+38 -3.4e+38 -3.4e+38 -3.4e+38 -3.4e+38 -3.4e+38 -3.4e+38 -3.4e+38 -3.4e+38 -3.4e+38 -3.4e+38 -3.4e+38 -3.4e+38
-3.4e+38 -3.4e+38 -3.4e+38 -3.4e+38 -3.4e+38 -3.4e+38 -3.4e+38 -3.4e+38 -3.4e+38 0.403605997562408 0.324190437793732 0.269724428653717 0.234753683209419 0.214380726218224 0.183829367160797 0.178319409489632 0.181422680616379 0.181041464209557 0.214181184768677 0.227754130959511 0.223529577255249 -3.4e+38 -3.4e+38 -3.4e+38 -3.4e+38 -3.4e+38 -3.4e+38 -3.4e+38 -3.4e+38 -3.4e+38 -3.4e+38 -3.4e+38 0.195592492818832 0.211917385458946 -3.4e+38 -3.4e+38 -3.4e+38 -3.4e+38 -3.4e+38 -3.4e+38 -3.4e+38 -3.4e+38 -3.4e+38 -3.4e+38 -3.4e+38 -3.4e+38 -3.4e+38 -3.4e+38 -3.4e+38
-3.4e+38 -3.4e+38 -3.4e+38 -3.4e+38 -3.4e+38 -3.4e+38 -3.4e+38 -3.4e+38 -3.4e+38 0.425817847251892 0.344495981931686 0.278037697076797 0.253196895122528 0.223634079098701 0.198034703731537 0.193745911121368 0.186193153262138 0.186506971716881 0.200588285923004 0.201735615730286 0.211397856473923 0.221480682492256 0.228512644767761 0.235372215509415 0.248133391141891 0.259075790643692 0.260195314884186 0.254783093929291 -3.4e+38 -3.4e+38 -3.4e+38 0.185320392251015 0.192888543009758 0.211022466421127 0.221385315060616 0.216055646538734 0.20095519721508 -3.4e+38 -3.4e+38 -3.4e+38 -3.4e+38 -3.4e+38 -3.4e+38 -3.4e+38 -3.4e+38 -3.4e+38 -3.4e+38 -3.4e+38 -3.4e+38
-3.4e+38 -3.4e+38 -3.4e+38 -3.4e+38 -3.4e+38 -3.4e+38 -3.4e+38 -3.4e+38 -3.4e+38 0.406987637281418 0.344684958457947 0.275718778371811 0.25269427895546 0.220316529273987 0.221444234251976 0.219481512904167 0.17931754887104 0.175679832696915 0.184830039739609 0.180359274148941 0.19574947655201 0.207795679569244 0.218293532729149 0.231210604310036 0.243343979120255 0.253684133291245 0.260114461183548 0.25510311126709 0.240024015307426 0.231232285499573 0.216732755303383 0.198945105075836 0.189807593822479 0.201726675033569 0.219279304146767 0.217529863119125 0.212326437234879 0.199161231517792 0.18303182721138 0.18044675886631 -3.4e+38 -3.4e+38 -3.4e+38 -3.4e+38 -3.4e+38 -3.4e+38 -3.4e+38 -3.4e+38 -3.4e+38
-3.4e+38 -3.4e+38 -3.4e+38 -3.4e+38 -3.4e+38 -3.4e+38 -3.4e+38 -3.4e+38 -3.4e+38 0.401425868272781 0.336230993270874 0.274252414703369 0.246729329228401 0.216009333729744 0.20591627061367 0.207398116588593 0.183678641915321 0.177953094244003 0.187566101551056 0.188143074512482 0.188968166708946 0.194839537143707 0.204889327287674 0.222372964024544 0.231988340616226 0.242007821798325 0.24798196554184 0.244798988103867 0.23604616522789 0.228890806436539 0.219018504023552 0.204419046640396 0.189930006861687 0.19973923265934 0.212028667330742 0.209227815270424 0.208228021860123 0.208270370960236 0.199254035949707 0.189821809530258 0.19328661262989 0.170308455824852 -3.4e+38 -3.4e+38 -3.4e+38 -3.4e+38 -3.4e+38 -3.4e+38 -3.4e+38
-3.4e+38 -3.4e+38 -3.4e+38 -3.4e+38 -3.4e+38 -3.4e+38 -3.4e+38 -3.4e+38 -3.4e+38 0.419831275939941 0.340720474720001 0.272234171628952 0.237976834177971 0.214158177375793 0.195560157299042 0.205256655812263 0.200157895684242 0.195528253912926 0.192146629095078 0.188814714550972 0.190802440047264 0.194212794303894 0.200230285525322 0.213905513286591 0.227828830480576 0.23791441321373 0.24120044708252 0.230960294604301 0.219217732548714 0.21231110394001 0.207393884658813 0.20716392993927 0.204896584153175 0.212139472365379 0.213898450136185 0.204616144299507 0.200639232993126 0.207362055778503 0.211503565311432 0.205854028463364 0.198750540614128 0.183938026428223 0.184160202741623 -3.4e+38 -3.4e+38 -3.4e+38 -3.4e+38 -3.4e+38 -3.4e+38
-3.4e+38 -3.4e+38 -3.4e+38 -3.4e+38 -3.4e+38 -3.4e+38 -3.4e+38 -3.4e+38 0.400704652070999 0.442121177911758 0.378254055976868 0.288272529840469 0.225896418094635 0.207437843084335 0.199047088623047 0.200747013092041 0.175249069929123 0.168807566165924 0.183706656098366 0.184037178754807 0.197020262479782 0.205901801586151 0.201348900794983 0.196613863110542 0.200143158435822 0.212972044944763 0.220222145318985 0.210198566317558 0.207888334989548 0.213475704193115 0.211441949009895 0.21183942258358 0.219541102647781 0.22662353515625 0.218705371022224 0.205716267228127 0.198765888810158 0.202399954199791 0.207165509462357 0.199659332633018 0.200728535652161 0.212482824921608 0.212727904319763 0.205266535282135 0.192331075668335 0.189034774899483 0.191529616713524 -3.4e+38 -3.4e+38
-3.4e+38 -3.4e+38 -3.4e+38 -3.4e+38 -3.4e+38 -3.4e+38 -3.4e+38 0.336477071046829 0.397504895925522 0.454881489276886 0.431619137525558 0.335069209337234 0.25880354642868 0.206955716013908 0.18345020711422 0.179957449436188 0.166774556040764 0.16547155380249 0.18121163547039 0.182450920343399 0.200458362698555 0.21770541369915 0.215882524847984 0.205589115619659 0.197114154696465 0.196716919541359 0.200774103403091 0.199689090251923 0.20743453502655 0.217357292771339 0.220179423689842 0.215397953987122 0.225820913910866 0.232864499092102 0.218569025397301 0.202864959836006 0.19510543346405 0.195785894989967 0.193019166588783 0.186353072524071 0.198787853121758 0.216662958264351 0.205898240208626 0.20357745885849 0.190619334578514 0.191352218389511 0.194131761789322 0.199044346809387 -3.4e+38
-3.4e+38 -3.4e+38 -3.4e+38 -3.4e+38 -3.4e+38 -3.4e+38 0.299627840518951 0.346003025770187 0.391700387001038 0.440488249063492 0.455683201551437 0.394271731376648 0.320516467094421 0.238678395748138 0.171029463410378 0.160246029496193 0.176586002111435 0.188098222017288 0.190645307302475 0.182471334934235 0.193619534373283 0.20396363735199 0.210191830992699 0.215494886040688 0.212844520807266 0.207392260432243 0.197666496038437 0.192638725042343 0.201643586158752 0.2154251486063 0.223332107067108 0.210025146603584 0.218403235077858 0.231350436806679 0.220333874225616 0.20522803068161 0.200651556253433 0.196334466338158 0.192154720425606 0.19174587726593 0.199721157550812 0.207428500056267 0.194490864872932 0.19275264441967 0.183822363615036 0.182273700833321 0.193153828382492 0.193832784891129 0.202351287007332
-3.4e+38 -3.4e+38 -3.4e+38 -3.4e+38 -3.4e+38 0.252695351839066 0.268261909484863 0.307580441236496 0.36118084192276 0.413519561290741 0.454325616359711 0.449705719947815 0.400129705667496 0.318359434604645 0.234854221343994 0.199777483940125 0.203491017222404 0.212421342730522 0.19843478500843 0.190432459115982 0.211542084813118 0.213335916399956 0.212313115596771 0.216370612382889 0.214507475495338 0.210001647472382 0.198434799909592 0.194139838218689 0.205785647034645 0.221255540847778 0.216697514057159 0.19738182425499 0.202702432870865 0.211815714836121 0.210806474089622 0.209064856171608 0.213490799069405 0.208387061953545 0.201384946703911 0.195427760481834 0.196976318955421 0.194296717643738 0.183008834719658 0.193278044462204 0.192288130521774 0.197530895471573 0.204089611768723 0.191052362322807 0.187059104442596
-3.4e+38 -3.4e+38 -3.4e+38 -3.4e+38 -3.4e+38 0.272137761116028 0.287345767021179 0.318025171756744 0.360710173845291 0.394092738628387 0.434330344200134 0.462195366621017 0.439433485269547 0.382306069135666 0.329224526882172 0.266354501247406 0.227044776082039 0.227068662643433 0.199929654598236 0.206536561250687 0.253352224826813 0.254553377628326 0.246663480997086 0.246191263198853 0.249371036887169 0.246447265148163 0.23524497449398 0.225384041666985 0.227567046880722 0.23173226416111 0.223889648914337 0.206413224339485 0.200106635689735 0.198832497000694 0.20576474070549 0.21757560968399 0.226159363985062 0.223406955599785 0.219337493181229 0.206449881196022 0.197477027773857 0.187928885221481 0.185126259922981 0.19783017039299 0.194573894143105 0.211366847157478 0.21489292383194 0.18954673409462 0.186159461736679
-3.4e+38 -3.4e+38 -3.4e+38 -3.4e+38 0.245672404766083 0.258316159248352 0.286875337362289 0.326987564563751 0.366406410932541 0.362526476383209 0.367571890354156 0.391829013824463 0.401339024305344 0.390446394681931 0.360745429992676 0.324994027614594 0.298797994852066 0.285983592271805 0.270678043365479 0.260761469602585 0.275461256504059 0.280294358730316 0.278358101844788 0.278386652469635 0.280071496963501 0.279744356870651 0.273402720689774 0.258300065994263 0.248602464795113 0.244722157716751 0.248014733195305 0.235712498426437 0.21494734287262 0.209632739424706 0.218149021267891 0.227619379758835 0.229393556714058 0.225047826766968 0.21990829706192 0.208196371793747 0.194412127137184 0.194940224289894 0.194100812077522 0.191143244504929 0.18596014380455 0.212969347834587 0.208314001560211 0.186111286282539 0.192628264427185
-3.4e+38 -3.4e+38 -3.4e+38 -3.4e+38 0.225804656744003 0.229385167360306 0.267705619335175 0.301658719778061 0.333268195390701 0.325567722320557 0.308044493198395 0.320161163806915 0.345754504203796 0.359460711479187 0.347986936569214 0.334573537111282 0.32405886054039 0.319112330675125 0.318950235843658 0.301038831472397 0.284377574920654 0.284938752651215 0.281870037317276 0.283085316419601 0.29037156701088 0.287158161401749 0.281106621026993 0.284553617238998 0.27749040722847 0.26360160112381 0.270238518714905 0.256096631288528 0.224708244204521 0.218982130289078 0.224002525210381 0.22251595556736 0.215201914310455 0.210154697299004 0.204373314976692 0.188898727297783 0.184852346777916 0.201136603951454 0.199584364891052 0.189203664660454 0.185420542955399 0.201329216361046 0.187593311071396 0.174587056040764 0.189732864499092
-3.4e+38 -3.4e+38 -3.4e+38 -3.4e+38 0.215152218937874 0.217757120728493 0.244073092937469 0.272932112216949 0.297912389039993 0.308015763759613 0.29804590344429 0.2995365858078 0.31288081407547 0.319831252098083 0.309554487466812 0.29911807179451 0.290345072746277 0.295106917619705 0.308590233325958 0.304391771554947 0.29586324095726 0.285476386547089 0.283048957586288 0.293110072612762 0.305429726839066 0.298803597688675 0.294036209583282 0.309492886066437 0.321242332458496 0.305297762155533 0.27442991733551 0.252351939678192 0.227972075343132 0.219236925244331 0.22461174428463 0.219374641776085 0.204003930091858 0.203499153256416 0.204646810889244 0.180399730801582 0.186045914888382 0.212027713656425 0.20318329334259 0.196841314435005 0.195172026753426 0.196973457932472 0.185999736189842 0.175626456737518 0.183113813400269
-3.4e+38 -3.4e+38 -3.4e+38 0.233446225523949 0.221144869923592 0.223366469144821 0.237916991114616 0.25403705239296 0.269366651773453 0.288273632526398 0.294538557529449 0.290282189846039 0.2894307076931 0.284992814064026 0.270725607872009 0.263691633939743 0.266317337751389 0.276421695947647 0.28207802772522 0.278589338064194 0.283429026603699 0.279891967773438 0.277132540941238 0.292225062847137 0.306915700435638 0.303159534931183 0.294783413410187 0.306425899267197 0.328057140111923 0.321808308362961 0.283034831285477 0.274835497140884 0.269082546234131 0.256058603525162 0.248544529080391 0.241777494549751 0.232040762901306 0.229781553149223 0.22388331592083 0.202883064746857 0.203365862369537 0.210927873849869 0.202141493558884 0.204924792051315 0.200703203678131 0.201256468892097 0.199925988912582 0.192586064338684 0.191269159317017
-3.4e+38 -3.4e+38 0.24154232442379 0.233666628599167 0.22813493013382 0.22363655269146 0.230639517307281 0.229923605918884 0.237026929855347 0.262469917535782 0.275354146957397 0.270096063613892 0.263551533222198 0.253940671682358 0.250009417533875 0.24860805273056 0.250601470470428 0.254727989435196 0.251196622848511 0.255603015422821 0.272943317890167 0.272269755601883 0.255182445049286 0.2559974193573 0.275149464607239 0.280173033475876 0.267192959785461 0.272590786218643 0.297127574682236 0.320880055427551 0.32009568810463 0.306097328662872 0.304516702890396 0.289215177297592 0.278353184461594 0.281838238239288 0.281545728445053 0.258367657661438 0.22306564450264 0.2081288844347 0.217434525489807 0.21468348801136 0.205764576792717 0.204247325658798 0.192931964993477 0.20109811425209 0.212051495909691 0.203760921955109 0.210262715816498
-3.4e+38 0.245926424860954 0.240174233913422 0.236000418663025 0.227484807372093 0.219123676419258 0.215012967586517 0.215651288628578 0.23021987080574 0.253007769584656 0.262058138847351 0.254716098308563 0.242109254002571 0.235648095607758 0.242882803082466 0.238716274499893 0.232347473502159 0.234013393521309 0.229491055011749 0.245438426733017 0.264633744955063 0.260877758264542 0.238461434841156 0.233242332935333 0.245402321219444 0.250838786363602 0.254169642925262 0.253337800502777 0.265909403562546 0.30312967300415 0.317560315132141 0.308901339769363 0.309414952993393 0.29995858669281 0.29772612452507 0.296338826417923 0.292230367660522 0.264248728752136 0.215237691998482 0.199128404259682 0.217641532421112 0.221179753541946 0.220064252614975 0.217270985245705 0.20748470723629 0.200813844799995 0.203036233782768 0.206287175416946 0.220438256859779
-3.4e+38 0.247976794838905 0.252550065517426 0.246893346309662 0.230286225676537 0.217867285013199 0.212972193956375 0.232205912470818 0.255435168743134 0.263411968946457 0.264483451843262 0.259938091039658 0.246827572584152 0.241307392716408 0.243951320648193 0.233742386102676 0.231195122003555 0.225546643137932 0.209883898496628 0.228067472577095 0.251950860023499 0.24899511039257 0.23504900932312 0.232592016458511 0.236056879162788 0.241772055625916 0.245934635400772 0.242394432425499 0.245816722512245 0.276158154010773 0.284761190414429 0.280859589576721 0.298443853855133 0.299684911966324 0.296839028596878 0.299528509378433 0.297422021627426 0.274376779794693 0.232940450310707 0.204629376530647 0.197331771254539 0.199592500925064 0.212008625268936 0.228916212916374 0.231357306241989 0.207480132579803 0.202474355697632 0.211067840456963 0.21470482647419
0.263765692710876 0.264001429080963 0.271448463201523 0.265018552541733 0.240261092782021 0.230433613061905 0.237265691161156 0.264783382415771 0.275963425636292 0.26778107881546 0.26857978105545 0.276101917028427 0.268594294786453 0.252122551202774 0.242658078670502 0.23483407497406 0.236681297421455 0.224896624684334 0.211250230669975 0.226687043905258 0.23908631503582 0.230982273817062 0.224354073405266 0.229807555675507 0.22819758951664 0.231213018298149 0.232358306646347 0.223260387778282 0.241915464401245 0.266560018062592 0.258048623800278 0.255967378616333 0.281785130500793 0.293372243642807 0.294567674398422 0.30870446562767 0.298318326473236 0.26568004488945 0.234954282641411 0.213339701294899 0.204372420907021 0.202187985181808 0.210284799337387 0.231116756796837 0.2384013235569 0.219014510512352 0.213739395141602 0.213813528418541 0.20625127851963
