data/trimmed_ndre/W_ndre.610.2009_no_clouds.asc
NCOLS 130 
NROWS 71 
XLLCORNER 530645 
YLLCORNER 5158205 
CELLSIZE 5 
NODATA_value -3.4e+38 
[rows 21 to 41 of 71, columns 0 to 48 of 130]
0.610432505607605 0.608386218547821 0.597717702388763 0.60147750377655 0.617218136787415 0.607620239257812 0.582310020923615 0.571393609046936 0.568057298660278 0.539874076843262 0.531973600387573 0.548411786556244 0.5626420378685 0.555436432361603 0.536078929901123 0.530753016471863 0.526567101478577 0.511808156967163 0.500683844089508 0.495178282260895 0.488803327083588 0.485659092664719 0.465399324893951 0.45735576748848 0.463474690914154 0.461240172386169 0.454507678747177 0.450003653764725 0.449005573987961 0.456753820180893 0.483612865209579 0.522033870220184 0.554239511489868 0.588883221149445 0.604301929473877 0.59040504693985 0.563792824745178 0.545527815818787 0.52716201543808 0.506549417972565 0.472930401563644 0.428132981061935 0.375242650508881 0.283569037914276 0.228981286287308 0.228079319000244 0.211620062589645 0.207307100296021 0.223044455051422
0.601916611194611 0.604212939739227 0.600758075714111 0.604255616664886 0.611464262008667 0.590449273586273 0.564864754676819 0.563458800315857 0.58145546913147 0.568381488323212 0.552095949649811 0.560989558696747 0.565424978733063 0.558025479316711 0.548695683479309 0.542765319347382 0.536649227142334 0.51872193813324 0.496196210384369 0.49183464050293 0.472966551780701 0.46553972363472 0.45604220032692 0.437491893768311 0.431272089481354 0.42302018404007 0.426982074975967 0.438884556293488 0.444602757692337 0.447604924440384 0.470125943422318 0.499018937349319 0.537910997867584 0.592571675777435 0.609958946704865 0.592949151992798 0.563075721263885 0.543665587902069 0.541298508644104 0.538060128688812 0.530060648918152 0.504217684268951 0.475568503141403 0.420544773340225 0.341002076864243 0.267732620239258 0.228833451867104 0.220883369445801 0.224945783615112
-3.4e+38 0.589400112628937 0.582529366016388 0.583735346794128 0.583965420722961 0.574311196804047 0.567320942878723 0.57197117805481 0.576376497745514 0.567331910133362 0.552740097045898 0.551564693450928 0.554036140441895 0.552174866199493 0.555438995361328 0.553678452968597 0.542403697967529 0.523597836494446 0.505773782730103 0.509468674659729 0.492456018924713 0.45842432975769 0.458553552627563 0.445169597864151 0.421848028898239 0.396432191133499 0.389168858528137 0.408164322376251 0.423860996961594 0.4301777780056 0.455500900745392 0.496376514434814 0.530909180641174 0.577711641788483 0.605945587158203 0.59265673160553 0.560609400272369 0.533693253993988 0.522234261035919 0.523887932300568 0.530370771884918 0.535808265209198 0.530247330665588 0.504831254482269 0.458660840988159 0.379610955715179 0.300939857959747 0.250581204891205 0.234856367111206
-3.4e+38 -3.4e+38 0.547032237052917 0.556174099445343 0.561142206192017 0.568272352218628 0.572904527187347 0.57897824048996 0.564489603042603 0.549641072750092 0.546361029148102 0.539669036865234 0.540995359420776 0.551374614238739 0.562767446041107 0.562198877334595 0.54108864068985 0.516458511352539 0.508972406387329 0.51328843832016 0.497113555669785 0.474709182977676 0.470264166593552 0.450087070465088 0.421052694320679 0.393817663192749 0.377502381801605 0.376393735408783 0.391121417284012 0.413896262645721 0.443205207586288 0.502265572547913 0.548661112785339 0.579052627086639 0.594398021697998 0.58367931842804 0.559175372123718 0.530656814575195 0.504542887210846 0.509695529937744 0.533967435359955 0.551748633384705 0.544562041759491 0.534180283546448 0.523897588253021 0.499422192573547 0.433661639690399 0.342342376708984 0.270195037126541
-3.4e+38 -3.4e+38 -3.4e+38 0.565196812152863 0.568277835845947 0.576516330242157 0.589421570301056 0.589368999004364 0.563306391239166 0.537310540676117 0.535258591175079 0.537989437580109 0.542739570140839 0.556686162948608 0.561659336090088 0.550715744495392 0.530393004417419 0.508747398853302 0.506330966949463 0.503354549407959 0.475015044212341 0.461460560560226 0.450927555561066 0.432630032300949 0.40360426902771 0.372098416090012 0.357557892799377 0.357803165912628 0.383484423160553 0.42014068365097 0.451365292072296 0.508691489696503 0.553757190704346 0.568968057632446 0.581210970878601 0.579048812389374 0.566088318824768 0.535157263278961 0.506847620010376 0.497066468000412 0.517110645771027 0.535427451133728 0.530812621116638 0.534663200378418 0.540233850479126 0.544548690319061 0.525935351848602 0.443319201469421 0.345802009105682
-3.4e+38 -3.4e+38 -3.4e+38 0.601184248924255 0.588088393211365 0.586294591426849 0.59625506401062 0.592971682548523 0.56976717710495 0.552522003650665 0.553382575511932 0.555089890956879 0.559116959571838 0.562630534172058 0.556167364120483 0.542714774608612 0.527626752853394 0.505086064338684 0.492297202348709 0.479896396398544 0.452546775341034 0.433428019285202 0.42973467707634 0.427850753068924 0.41377928853035 0.390564054250717 0.37867733836174 0.384400099515915 0.420767962932587 0.489899277687073 0.529907524585724 0.541449010372162 0.557545840740204 0.575230956077576 0.58906877040863 0.588779747486115 0.586008071899414 0.551973402500153 0.523746073246002 0.505262672901154 0.496999740600586 0.505241990089417 0.512502551078796 0.516641438007355 0.528605043888092 0.545067012310028 0.546888649463654 0.516903400421143 0.451872885227203
-3.4e+38 -3.4e+38 -3.4e+38 0.614764392375946 0.588801383972168 0.577904760837555 0.587451457977295 0.592623949050903 0.580840468406677 0.564770877361298 0.568415462970734 0.567028999328613 0.567936956882477 0.565271079540253 0.55127489566803 0.532546281814575 0.519643843173981 0.498518794775009 0.469376742839813 0.45736488699913 0.449645727872849 0.432099282741547 0.420890539884567 0.432932019233704 0.43726646900177 0.433576673269272 0.44724714756012 0.463338702917099 0.495834231376648 0.544825673103333 0.575755774974823 0.567448198795319 0.580070912837982 0.603955566883087 0.607451260089874 0.604607701301575 0.598606288433075 0.566636860370636 0.553642570972443 0.544810771942139 0.525747835636139 0.511972188949585 0.506679713726044 0.507524430751801 0.512654364109039 0.533835530281067 0.550939321517944 0.559705197811127 0.556160271167755
-3.4e+38 -3.4e+38 -3.4e+38 -3.4e+38 0.579104959964752 0.567820966243744 0.573794603347778 0.581661462783813 0.575993776321411 0.557370245456696 0.560670971870422 0.559072256088257 0.55494487285614 0.549689412117004 0.536510288715363 0.514162600040436 0.499010801315308 0.480978906154633 0.45015823841095 0.437155485153198 0.43913346529007 0.431139141321182 0.430241584777832 0.449057132005692 0.466614753007889 0.475985646247864 0.509774446487427 0.541650712490082 0.556434988975525 0.558213233947754 0.578546643257141 0.591415464878082 0.601555943489075 0.621451854705811 0.619850277900696 0.611292541027069 0.600311398506165 0.586503744125366 0.586782872676849 0.574873208999634 0.554372012615204 0.534596085548401 0.526541769504547 0.53741443157196 0.536985039710999 0.537803888320923 0.543821632862091 0.555068016052246 0.580448627471924
-3.4e+38 -3.4e+38 -3.4e+38 -3.4e+38 -3.4e+38 0.575895130634308 0.575669944286346 0.559827208518982 0.560401797294617 0.551609575748444 0.54624730348587 0.538611531257629 0.526111483573914 0.519845068454742 0.510904788970947 0.488739728927612 0.465096861124039 0.445631772279739 0.421586275100708 0.413960516452789 0.423617988824844 0.432487428188324 0.446890980005264 0.468111306428909 0.484246253967285 0.494811594486237 0.525193870067596 0.562521278858185 0.57391369342804 0.569921314716339 0.586037337779999 0.602966547012329 0.60771656036377 0.619089066982269 0.61898136138916 0.613089263439178 0.606406033039093 0.602778494358063 0.608874022960663 0.596426904201508 0.580832302570343 0.570177435874939 0.56060266494751 0.566333830356598 0.565269708633423 0.555871367454529 0.555444598197937 0.560983777046204 0.572433352470398
-3.4e+38 -3.4e+38 -3.4e+38 -3.4e+38 -3.4e+38 -3.4e+38 -3.4e+38 -3.4e+38 0.542281746864319 0.544188261032104 0.52927428483963 0.506629586219788 0.49414536356926 0.496806025505066 0.483823418617249 0.458701193332672 0.440168350934982 0.42635977268219 0.422224372625351 0.427998840808868 0.432554602622986 0.429021269083023 0.434351146221161 0.460761219263077 0.487664043903351 0.49972477555275 0.520587265491486 0.557766377925873 0.588836312294006 0.598085403442383 0.604910731315613 0.603817760944366 0.599137902259827 0.608105540275574 0.612001836299896 0.607649743556976 0.607357859611511 0.613287150859833 0.615711450576782 0.606824398040771 0.599595606327057 0.593507409095764 0.58352792263031 0.59379106760025 0.587566435337067 0.57212221622467 0.586012303829193 0.595045387744904 0.603087186813354
-3.4e+38 -3.4e+38 -3.4e+38 -3.4e+38 -3.4e+38 -3.4e+38 -3.4e+38 -3.4e+38 -3.4e+38 -3.4e+38 0.507784008979797 0.479193478822708 0.480161041021347 0.479241818189621 0.449273973703384 0.433503419160843 0.435625553131104 0.453684031963348 0.462695688009262 0.45385080575943 0.448531746864319 0.422506839036942 0.401323258876801 0.42038306593895 0.472090661525726 0.517356038093567 0.5358926653862 0.557595074176788 0.584359765052795 0.609337031841278 0.618307888507843 0.60484904050827 0.595639169216156 0.602378904819489 0.612433314323425 0.613653481006622 0.617107570171356 0.624126255512238 0.622150897979736 0.618391752243042 0.612614512443542 0.604396164417267 0.595245718955994 0.601923227310181 0.587896585464478 0.583795428276062 0.610912382602692 0.615164577960968 0.629788756370544
-3.4e+38 -3.4e+38 -3.4e+38 -3.4e+38 -3.4e+38 -3.4e+38 -3.4e+38 -3.4e+38 -3.4e+38 -3.4e+38 -3.4e+38 0.477593302726746 0.475017458200455 0.465697199106216 0.443626046180725 0.451457619667053 0.466901570558548 0.483104318380356 0.464087724685669 0.454251348972321 0.473203659057617 0.444552570581436 0.40280693769455 0.416779398918152 0.48077529668808 0.531435906887054 0.553855538368225 0.563222348690033 0.578345894813538 0.602323472499847 0.617722511291504 0.598870456218719 0.583043694496155 0.603033125400543 0.630618274211884 0.628499865531921 0.624243557453156 0.626337766647339 0.631331205368042 0.633079648017883 0.628550231456757 0.617781341075897 0.599176108837128 0.591196954250336 0.582005560398102 0.591352105140686 0.615021765232086 0.611826837062836 0.621599674224854
-3.4e+38 -3.4e+38 -3.4e+38 -3.4e+38 -3.4e+38 -3.4e+38 -3.4e+38 -3.4e+38 -3.4e+38 -3.4e+38 -3.4e+38 -3.4e+38 -3.4e+38 -3.4e+38 -3.4e+38 -3.4e+38 -3.4e+38 -3.4e+38 -3.4e+38 -3.4e+38 -3.4e+38 -3.4e+38 -3.4e+38 -3.4e+38 -3.4e+38 -3.4e+38 -3.4e+38 -3.4e+38 -3.4e+38 -3.4e+38 -3.4e+38 0.583072662353516 0.573111891746521 0.612453460693359 0.640502452850342 0.629487335681915 0.621894836425781 0.622333586215973 0.631321907043457 0.634057939052582 0.641650140285492 0.638993799686432 0.617232859134674 0.596005082130432 0.579563558101654 0.583383619785309 0.594766318798065 0.596565425395966 0.602108180522919
-3.4e+38 -3.4e+38 -3.4e+38 -3.4e+38 -3.4e+38 -3.4e+38 -3.4e+38 -3.4e+38 -3.4e+38 -3.4e+38 -3.4e+38 -3.4e+38 -3.4e+38 -3.4e+38 -3.4e+38 -3.4e+38 -3.4e+38 -3.4e+38 -3.4e+38 -3.4e+38 -3.4e+38 -3.4e+38 -3.4e+38 -3.4e+38 -3.4e+38 -3.4e+38 -3.4e+38 -3.4e+38 -3.4e+38 -3.4e+38 -3.4e+38 -3.4e+38 -3.4e+38 0.612876772880554 0.631427705287933 0.626544415950775 0.617271423339844 0.606554508209229 0.605651378631592 0.615133941173553 0.636027097702026 0.634952366352081 0.613024353981018 0.58729362487793 0.570706188678741 0.561739981174469 0.570891916751862 0.581426322460175 0.592766582965851
-3.4e+38 -3.4e+38 -3.4e+38 -3.4e+38 -3.4e+38 -3.4e+38 -3.4e+38 -3.4e+38 -3.4e+38 -3.4e+38 -3.4e+38 -3.4e+38 -3.4e+38 -3.4e+38 -3.4e+38 -3.4e+38 -3.4e+38 -3.4e+38 -3.4e+38 -3.4e+38 -3.4e+38 -3.4e+38 -3.4e+38 -3.4e+38 -3.4e+38 -3.4e+38 -3.4e+38 -3.4e+38 -3.4e+38 -3.4e+38 -3.4e+38 -3.4e+38 -3.4e+38 -3.4e+38 0.618508815765381 0.618069708347321 0.609318315982819 0.587075412273407 0.57675689458847 0.585878849029541 0.596757292747498 0.5927694439888 0.586664319038391 0.566085755825043 0.54683780670166 0.533737897872925 0.5389643907547 0.560579776763916 0.584334969520569
-3.4e+38 -3.4e+38 -3.4e+38 -3.4e+38 -3.4e+38 -3.4e+38 -3.4e+38 -3.4e+38 -3.4e+38 -3.4e+38 -3.4e+38 -3.4e+38 -3.4e+38 -3.4e+38 -3.4e+38 -3.4e+38 -3.4e+38 -3.4e+38 -3.4e+38 -3.4e+38 -3.4e+38 -3.4e+38 -3.4e+38 -3.4e+38 -3.4e+38 -3.4e+38 -3.4e+38 -3.4e+38 -3.4e+38 -3.4e+38 -3.4e+38 -3.4e+38 -3.4e+38 -3.4e+38 0.630733013153076 0.622314095497131 0.60337370634079 0.578111112117767 0.558741986751556 0.5469069480896 0.541530728340149 0.555039525032043 0.569460868835449 0.547512352466583 0.523762166500092 0.509162664413452 0.506343424320221 0.53119969367981 0.556430220603943
-3.4e+38 -3.4e+38 -3.4e+38 -3.4e+38 -3.4e+38 -3.4e+38 -3.4e+38 -3.4e+38 -3.4e+38 -3.4e+38 -3.4e+38 -3.4e+38 -3.4e+38 -3.4e+38 -3.4e+38 -3.4e+38 -3.4e+38 -3.4e+38 -3.4e+38 -3.4e+38 -3.4e+38 -3.4e+38 -3.4e+38 -3.4e+38 -3.4e+38 -3.4e+38 -3.4e+38 -3.4e+38 -3.4e+38 -3.4e+38 -3.4e+38 -3.4e+38 -3.4e+38 -3.4e+38 0.636258065700531 0.619507908821106 0.592751204967499 0.562116682529449 0.537148654460907 0.533556401729584 0.524413824081421 0.543833374977112 0.551663756370544 0.522075235843658 0.513428747653961 0.495542049407959 0.483464419841766 0.514113008975983 0.534161806106567
-3.4e+38 -3.4e+38 -3.4e+38 -3.4e+38 -3.4e+38 -3.4e+38 -3.4e+38 -3.4e+38 -3.4e+38 -3.4e+38 -3.4e+38 -3.4e+38 -3.4e+38 -3.4e+38 -3.4e+38 -3.4e+38 -3.4e+38 -3.4e+38 -3.4e+38 -3.4e+38 -3.4e+38 -3.4e+38 -3.4e+38 -3.4e+38 -3.4e+38 -3.4e+38 -3.4e+38 -3.4e+38 -3.4e+38 -3.4e+38 -3.4e+38 -3.4e+38 -3.4e+38 -3.4e+38 -3.4e+38 0.605210483074188 0.584031999111176 0.570975065231323 0.541910290718079 0.525747179985046 0.506533205509186 0.514568626880646 0.52141934633255 0.510371387004852 0.506026208400726 0.482547581195831 0.479516446590424 0.522506594657898 0.534054338932037
-3.4e+38 -3.4e+38 -3.4e+38 -3.4e+38 -3.4e+38 -3.4e+38 -3.4e+38 -3.4e+38 -3.4e+38 -3.4e+38 -3.4e+38 -3.4e+38 -3.4e+38 -3.4e+38 -3.4e+38 -3.4e+38 -3.4e+38 -3.4e+38 -3.4e+38 -3.4e+38 -3.4e+38 -3.4e+38 -3.4e+38 -3.4e+38 -3.4e+38 -3.4e+38 -3.4e+38 -3.4e+38 -3.4e+38 -3.4e+38 -3.4e+38 -3.4e+38 -3.4e+38 -3.4e+38 -3.4e+38 -3.4e+38 0.570652186870575 0.568648755550385 0.547174692153931 0.507643043994904 0.476563066244125 0.482954829931259 0.495099037885666 0.494054615497589 0.489735335111618 0.477409154176712 0.495962768793106 0.52906721830368 0.521283626556396
-3.4e+38 -3.4e+38 -3.4e+38 -3.4e+38 -3.4e+38 -3.4e+38 -3.4e+38 -3.4e+38 -3.4e+38 -3.4e+38 -3.4e+38 -3.4e+38 -3.4e+38 -3.4e+38 -3.4e+38 -3.4e+38 -3.4e+38 -3.4e+38 -3.4e+38 -3.4e+38 -3.4e+38 -3.4e+38 -3.4e+38 -3.4e+38 -3.4e+38 -3.4e+38 -3.4e+38 -3.4e+38 -3.4e+38 -3.4e+38 -3.4e+38 -3.4e+38 -3.4e+38 -3.4e+38 -3.4e+38 -3.4e+38 -3.4e+38 0.552743554115295 0.539079427719116 0.503488719463348 0.473573058843613 0.482347756624222 0.486905783414841 0.484248697757721 0.480770200490952 0.477225333452225 0.497087836265564 0.510574102401733 0.50245076417923
-3.4e+38 -3.4e+38 -3.4e+38 -3.4e+38 -3.4e+38 -3.4e+38 -3.4e+38 -3.4e+38 -3.4e+38 -3.4e+38 -3.4e+38 -3.4e+38 -3.4e+38 -3.4e+38 -3.4e+38 -3.4e+38 -3.4e+38 -3.4e+38 -3.4e+38 -3.4e+38 -3.4e+38 -3.4e+38 -3.4e+38 -3.4e+38 -3.4e+38 -3.4e+38 -3.4e+38 -3.4e+38 -3.4e+38 -3.4e+38 -3.4e+38 -3.4e+38 -3.4e+38 -3.4e+38 -3.4e+38 -3.4e+38 -3.4e+38 -3.4e+38 0.543049514293671 0.514565885066986 0.49678435921669 0.496050924062729 0.487351417541504 0.47493651509285 0.464629203081131 0.474383562803268 0.490187585353851 0.488224983215332 0.481308579444885
