data/trimmed_ndre/W_ndre.615.2013_no_clouds.asc
NCOLS 130 
NROWS 71 
XLLCORNER 530645 
YLLCORNER 5158205 
CELLSIZE 5 
NODATA_value -3.4e+38 
[rows 21 to 41 of 71, columns 49 to 97 of 130]
0.638539373874664 0.641136646270752 0.642924666404724 0.630508542060852 0.611276507377625 0.595987260341644 0.590340673923492 0.579947292804718 0.570410192012787 0.561603546142578 0.546297371387482 0.529377520084381 0.508540451526642 0.501615047454834 0.50508975982666 0.511575222015381 0.517949342727661 0.518958628177643 -3.4e+38 -3.4e+38 -3.4e+38 -3.4e+38 -3.4e+38 -3.4e+38 -3.4e+38 -3.4e+38 -3.4e+38 -3.4e+38 -3.4e+38 -3.4e+38 -3.4e+38 -3.4e+38 -3.4e+38 -3.4e+38 -3.4e+38 -3.4e+38 -3.4e+38 -3.4e+38 -3.4e+38 -3.4e+38 -3.4e+38 -3.4e+38 -3.4e+38 -3.4e+38 -3.4e+38 -3.4e+38 -3.4e+38 -3.4e+38 -3.4e+38
0.635813295841217 0.641617715358734 0.643016040325165 0.628312349319458 0.613958954811096 0.599753439426422 0.585743010044098 0.573516547679901 0.563752889633179 0.557447016239166 0.542794644832611 0.523916184902191 0.511922180652618 0.512093424797058 0.517504692077637 0.52134507894516 0.518267035484314 0.506832242012024 0.503459453582764 0.496056467294693 0.477843105792999 0.481552064418793 0.496515691280365 0.511464893817902 0.52719908952713 0.532046318054199 0.517864882946014 0.508164465427399 -3.4e+38 -3.4e+38 -3.4e+38 -3.4e+38 -3.4e+38 -3.4e+38 -3.4e+38 -3.4e+38 -3.4e+38 -3.4e+38 -3.4e+38 -3.4e+38 -3.4e+38 -3.4e+38 -3.4e+38 -3.4e+38 -3.4e+38 -3.4e+38 -3.4e+38 -3.4e+38 -3.4e+38
0.634040355682373 0.64696192741394 0.642696619033813 0.625669300556183 0.614459216594696 0.601857960224152 0.580677807331085 0.560734450817108 0.553183495998383 0.549445688724518 0.53586208820343 0.521373093128204 0.520706057548523 0.525877296924591 0.531136929988861 0.53156453371048 0.5219686627388 0.512721300125122 0.504860818386078 0.489398270845413 0.47321280837059 0.477939426898956 0.496848165988922 0.513178169727325 0.5343257188797 0.538367927074432 0.522878408432007 0.512070953845978 0.503366947174072 -3.4e+38 -3.4e+38 -3.4e+38 -3.4e+38 -3.4e+38 -3.4e+38 -3.4e+38 -3.4e+38 -3.4e+38 -3.4e+38 -3.4e+38 -3.4e+38 -3.4e+38 -3.4e+38 -3.4e+38 -3.4e+38 -3.4e+38 -3.4e+38 -3.4e+38 -3.4e+38
0.63630884885788 0.651045918464661 0.645482301712036 0.633344650268555 0.620001375675201 0.606807827949524 0.584742248058319 0.561238944530487 0.553743481636047 0.5491943359375 0.540392577648163 0.533111751079559 0.532111823558807 0.53549337387085 0.543111205101013 0.545625925064087 0.539114832878113 0.535175263881683 0.52452141046524 0.511268973350525 0.503694355487823 0.503849148750305 0.509175419807434 0.514977395534515 0.536403894424438 0.545449614524841 0.537205934524536 0.529406130313873 0.520350873470306 0.507790088653564 -3.4e+38 -3.4e+38 -3.4e+38 -3.4e+38 -3.4e+38 -3.4e+38 -3.4e+38 -3.4e+38 -3.4e+38 -3.4e+38 -3.4e+38 -3.4e+38 -3.4e+38 -3.4e+38 -3.4e+38 -3.4e+38 -3.4e+38 -3.4e+38 -3.4e+38
0.633306622505188 0.657517910003662 0.656166553497314 0.644115149974823 0.630828082561493 0.615933358669281 0.594777584075928 0.576184749603271 0.566775679588318 0.560229778289795 0.552846193313599 0.541542708873749 0.54035359621048 0.54803854227066 0.55743134021759 0.560007095336914 0.554815590381622 0.551728248596191 0.540183365345001 0.531462013721466 0.526909112930298 0.527885437011719 0.527059197425842 0.532275140285492 0.55469411611557 0.558688819408417 0.558416306972504 0.556790590286255 0.543390393257141 0.520058035850525 0.494469076395035 -3.4e+38 -3.4e+38 -3.4e+38 -3.4e+38 -3.4e+38 -3.4e+38 -3.4e+38 -3.4e+38 -3.4e+38 -3.4e+38 -3.4e+38 -3.4e+38 -3.4e+38 -3.4e+38 -3.4e+38 -3.4e+38 -3.4e+38 -3.4e+38
0.626280725002289 0.649168968200684 0.650376200675964 0.643694996833801 0.638125658035278 0.628185987472534 0.609288692474365 0.596760392189026 0.579905152320862 0.567342817783356 0.559405326843262 0.554354131221771 0.553915917873383 0.561433851718903 0.570599794387817 0.570151448249817 0.560807585716248 0.555554389953613 0.544646561145782 0.539800524711609 0.54031902551651 0.543864250183105 0.548732995986938 0.561814606189728 0.581223905086517 0.581163346767426 0.582681357860565 0.577930808067322 0.554585933685303 0.527116656303406 0.495021373033524 0.478961527347565 0.478550881147385 0.49009495973587 -3.4e+38 -3.4e+38 -3.4e+38 -3.4e+38 -3.4e+38 -3.4e+38 -3.4e+38 -3.4e+38 -3.4e+38 -3.4e+38 -3.4e+38 -3.4e+38 -3.4e+38 -3.4e+38 -3.4e+38
0.612736999988556 0.628031432628632 0.636995255947113 0.637695729732513 0.639130592346191 0.635078072547913 0.622579514980316 0.611506640911102 0.588682651519775 0.564665257930756 0.552154183387756 0.563066303730011 0.573766946792603 0.577895939350128 0.585972249507904 0.582843065261841 0.577542006969452 0.572859585285187 0.565187275409698 0.563693881034851 0.5643230676651 0.56492155790329 0.572801470756531 0.587732911109924 0.604329466819763 0.605858564376831 0.603187620639801 0.591240108013153 0.565467536449432 0.535723924636841 0.507946074008942 0.490282863378525 0.492164433002472 0.511883020401001 0.538203477859497 0.550036251544952 0.555708527565002 0.562390804290771 0.578162610530853 0.60011887550354 0.590020418167114 0.591228246688843 0.599510312080383 0.604720652103424 0.608542501926422 0.60355406999588 0.597913205623627 0.592879414558411 0.584817409515381
0.595034301280975 0.608578443527222 0.622589468955994 0.626260817050934 0.628414213657379 0.624543309211731 0.616894900798798 0.604982733726501 0.58742892742157 0.580360472202301 0.57752513885498 0.580116808414459 0.588201820850372 0.594959437847137 0.604669332504272 0.604981899261475 0.602879583835602 0.605185389518738 0.602551758289337 0.60421621799469 0.601969659328461 0.597894728183746 0.599795520305634 0.614127635955811 0.624651312828064 0.622573614120483 0.618124127388 0.607482314109802 0.59140944480896 0.574761509895325 0.559856951236725 0.549423217773438 0.552824556827545 0.562144160270691 0.573031067848206 0.567183911800385 0.563609540462494 0.578016638755798 0.581913769245148 0.593738436698914 0.599754691123962 0.594821453094482 0.596890866756439 0.610391795635223 0.623320996761322 0.609894454479218 0.594237804412842 0.593014657497406 0.597280085086823
0.596294283866882 0.61684638261795 0.6273153424263 0.628690421581268 0.623365879058838 0.617294669151306 0.616003096103668 0.607900321483612 0.597764611244202 0.6069495677948 0.610920786857605 0.602729976177216 0.603718101978302 0.604038298130035 0.619627833366394 0.636804521083832 0.637221693992615 0.634800672531128 0.632385671138763 0.633531093597412 0.638839960098267 0.630425333976746 0.619098365306854 0.630744516849518 0.637005507946014 0.633794367313385 0.632068812847137 0.626754760742188 0.622805178165436 0.61984771490097 0.616282105445862 0.613154709339142 0.60903936624527 0.600834012031555 0.600464999675751 0.59398078918457 0.596952438354492 0.61474484205246 0.599448561668396 0.603913486003876 0.614627540111542 0.606730401515961 0.611582338809967 0.622621595859528 0.62958812713623 0.623482882976532 0.613454818725586 0.606306374073029 0.606423795223236
0.617039382457733 0.636565089225769 0.644393742084503 0.640929520130157 0.630298614501953 0.620244860649109 0.62317943572998 0.616700649261475 0.610503733158112 0.615499496459961 0.619306266307831 0.628070056438446 0.636622607707977 0.633928298950195 0.642256200313568 0.65319687128067 0.646362602710724 0.648088455200195 0.645389199256897 0.643753588199615 0.654695570468903 0.650772869586945 0.63373863697052 0.633972883224487 0.636843979358673 0.640909194946289 0.643679618835449 0.642288386821747 0.637234687805176 0.632606089115143 0.629258573055267 0.629301249980927 0.627380192279816 0.624135851860046 0.625978887081146 0.6214639544487 0.629920601844788 0.635429203510284 0.614536345005035 0.625488817691803 0.637480676174164 0.631856441497803 0.638801217079163 0.639140903949738 0.635962128639221 0.638517022132874 0.636968672275543 0.623838663101196 0.612170815467834
0.6335529088974 0.653339147567749 0.65851491689682 0.65377402305603 0.64374566078186 0.635709762573242 0.638894379138947 0.630582451820374 0.620952188968658 0.619571387767792 0.62079256772995 0.641822636127472 0.652637422084808 0.6481112241745 0.64650696516037 0.640312910079956 0.63370943069458 0.642806231975555 0.639808833599091 0.632015466690063 0.638082325458527 0.642021834850311 0.6396124958992 0.631474256515503 0.629043519496918 0.639038443565369 0.64596426486969 0.63891327381134 0.626058518886566 0.616099238395691 0.615178525447845 0.621072173118591 0.63099080324173 0.629938840866089 0.624209821224213 0.62926197052002 0.635239064693451 0.634799659252167 0.625921368598938 0.636488497257233 0.644325733184814 0.642074406147003 0.643900632858276 0.645894706249237 0.639633297920227 0.640601277351379 0.645660758018494 0.639725923538208 0.628596484661102
0.654975771903992 0.666138231754303 0.665037989616394 0.660583138465881 0.65365082025528 0.648548781871796 0.653564631938934 0.655096173286438 0.650890231132507 0.641580998897552 0.624916613101959 0.63942152261734 0.649171054363251 0.638945341110229 0.632512629032135 0.613847672939301 0.604215204715729 0.613897860050201 0.610461473464966 0.603725910186768 0.605681538581848 0.610838115215302 0.606983363628387 0.593348681926727 0.585232973098755 0.59601104259491 0.60866504907608 0.604715824127197 0.592934429645538 0.584138929843903 0.580023646354675 0.580870985984802 0.586577415466309 0.588519990444183 0.591009318828583 0.604910671710968 0.608422815799713 0.609625339508057 0.609079658985138 0.607401549816132 0.618084788322449 0.617679119110107 0.615699052810669 0.630364835262299 0.622514367103577 0.618313014507294 0.630995571613312 0.643801152706146 0.64717173576355
0.65755569934845 0.662547409534454 0.660473942756653 0.656430065631866 0.647407293319702 0.645760357379913 0.651978671550751 0.657777845859528 0.658023655414581 0.649205267429352 0.633922696113586 0.635828614234924 0.638174295425415 0.621069014072418 0.606120705604553 0.582837581634521 0.573412358760834 0.577813565731049 0.572195649147034 0.56783539056778 0.56335461139679 0.563942968845367 0.562377095222473 0.554096102714539 0.547523677349091 0.556948602199554 0.562770307064056 0.559949100017548 0.549432814121246 0.540641367435455 0.537559151649475 0.530252397060394 0.52967494726181 0.537652194499969 0.545398473739624 0.55720442533493 0.567090094089508 0.568127155303955 0.563290178775787 0.561320662498474 0.573403418064117 0.571411311626434 0.566310524940491 0.584234714508057 0.592214643955231 0.596139907836914 0.611449599266052 0.633647859096527 0.647226095199585
0.626473546028137 0.63871169090271 0.648013651371002 0.642456650733948 0.632779181003571 0.63785845041275 0.641644179821014 0.641460657119751 0.642240107059479 0.648179054260254 0.654673099517822 0.650367558002472 0.640404343605042 0.621532678604126 0.604818224906921 0.583823561668396 0.572855889797211 0.567009329795837 0.553195595741272 0.551352441310883 0.535071432590485 0.526666879653931 0.537838697433472 0.545859217643738 0.553748190402985 0.562592387199402 0.562704384326935 0.558841109275818 0.550369679927826 0.541390478610992 0.538148641586304 0.530707180500031 0.523752272129059 0.524338126182556 0.525248110294342 0.535110950469971 0.545857191085815 0.540156126022339 0.536033630371094 0.529307544231415 0.52807605266571 0.530821084976196 0.522416055202484 0.532316088676453 0.556643426418304 0.578189015388489 0.590303897857666 0.60470724105835 0.617638349533081
0.612282156944275 0.616260468959808 0.632758975028992 0.631149351596832 0.619311392307281 0.626704275608063 0.629019975662231 0.627447366714478 0.632037580013275 0.643389284610748 0.659919321537018 0.65863049030304 0.643181681632996 0.635565519332886 0.622584104537964 0.59504759311676 0.578523218631744 0.561614155769348 0.55161315202713 0.560400724411011 0.547655820846558 0.535191178321838 0.540487885475159 0.543888688087463 0.558212161064148 0.567933082580566 0.566551208496094 0.56895923614502 0.567492425441742 0.564349591732025 0.563942968845367 0.558846592903137 0.545294463634491 0.543514966964722 0.543487906455994 0.546393215656281 0.54875636100769 0.540644764900208 0.531453967094421 0.517920911312103 0.511656701564789 0.518567264080048 0.518408119678497 0.517640650272369 0.534456729888916 0.552282810211182 0.565352261066437 0.574966669082642 0.581034600734711
0.611663699150085 0.621108055114746 0.622347354888916 0.610250413417816 0.594071388244629 0.595389902591705 0.606905162334442 0.624666273593903 0.640386879444122 0.633181691169739 0.639656364917755 0.643181681632996 0.629767000675201 0.629221796989441 0.612255811691284 0.585283994674683 0.573476552963257 0.556945562362671 0.55261105298996 0.562239825725555 0.553223609924316 0.546813368797302 0.54033899307251 0.534234344959259 0.544537305831909 0.546927392482758 0.546245694160461 0.553879082202911 0.563528299331665 0.574962735176086 0.58158004283905 0.577188670635223 0.570495784282684 0.567644536495209 0.559191107749939 0.551581144332886 0.544142842292786 0.541414260864258 0.540498673915863 0.532829284667969 0.527832627296448 0.5329669713974 0.540168344974518 0.527243256568909 0.523773550987244 0.534582138061523 0.545626819133759 0.558539509773254 0.562245190143585
0.568752825260162 0.58164119720459 0.580141425132751 0.568959772586823 0.55526214838028 0.556359469890594 0.567064583301544 0.587676644325256 0.609467148780823 0.606737017631531 0.617857158184052 0.622384548187256 0.609395563602448 0.604083001613617 0.581047415733337 0.562045753002167 0.559025049209595 0.545200705528259 0.544415056705475 0.548006653785706 0.543573260307312 0.548968613147736 0.541933834552765 0.529675841331482 0.5290447473526 0.523399353027344 0.527388274669647 0.541810214519501 0.557184398174286 0.578721165657043 0.581510901451111 0.570062041282654 0.572196364402771 0.569520711898804 0.559158623218536 0.554860711097717 0.546009302139282 0.549207508563995 0.557794392108917 0.554427087306976 0.544518172740936 0.545493245124817 0.54877495765686 0.534912586212158 0.528193235397339 0.530824244022369 0.541263401508331 0.559706807136536 0.570357084274292
0.527067959308624 0.531136989593506 0.532076597213745 0.530833303928375 0.514426708221436 0.512290179729462 0.529880046844482 0.553544104099274 0.583623826503754 0.605488896369934 0.617892324924469 0.617009699344635 0.602375030517578 0.583784699440002 0.551071643829346 0.546767771244049 0.552939116954803 0.541572630405426 0.538462698459625 0.535106897354126 0.520290613174438 0.522158920764923 0.525309979915619 0.526671886444092 0.529491901397705 0.526220560073853 0.527798593044281 0.537009596824646 0.54960972070694 0.563761532306671 0.559495806694031 0.554226934909821 0.561882257461548 0.557135999202728 0.548654913902283 0.546234607696533 0.542928874492645 0.55137312412262 0.560762643814087 0.558243989944458 0.550194442272186 0.547986030578613 0.547852754592896 0.540895998477936 0.542415678501129 0.540887117385864 0.5475212931633 0.558273255825043 0.566682755947113
0.499292612075806 0.494575977325439 0.484884113073349 0.485015869140625 0.475362867116928 0.473123013973236 0.501717925071716 0.536331236362457 0.573397934436798 0.604781806468964 0.612861275672913 0.606463968753815 0.59040641784668 0.568770051002502 0.553438127040863 0.556658029556274 0.557529926300049 0.546542763710022 0.536943793296814 0.542606890201569 0.526042222976685 0.506072342395782 0.505376279354095 0.513899028301239 0.525721549987793 0.525260329246521 0.525955021381378 0.527025938034058 0.533639073371887 0.537274897098541 0.54261040687561 0.548347771167755 0.551933228969574 0.547089755535126 0.542717754840851 0.537306904792786 0.5347660779953 0.544142842292786 0.552114605903625 0.552971661090851 0.546362042427063 0.54566365480423 0.548722684383392 0.54905754327774 0.552430510520935 0.55364465713501 0.558454096317291 0.561134159564972 0.558181583881378
0.455167770385742 0.444780975580215 0.424783229827881 0.424624383449554 0.449267953634262 0.466217428445816 0.493197560310364 0.530402898788452 0.566608309745789 0.598519921302795 0.607907176017761 0.603552281856537 0.584894239902496 0.568402647972107 0.566713035106659 0.563065230846405 0.553745687007904 0.54149729013443 0.533052802085876 0.532591462135315 0.524223566055298 0.507907092571259 0.50763326883316 0.510916531085968 0.526050090789795 0.53363823890686 0.536385178565979 0.533404767513275 0.524947583675385 0.525199234485626 0.543536067008972 0.555081427097321 0.550847947597504 0.546732306480408 0.547163844108582 0.541707098484039 0.537616193294525 0.544524073600769 0.549518406391144 0.548726439476013 0.54556143283844 0.55539470911026 0.558296859264374 0.553255438804626 0.553262650966644 0.559230089187622 0.56232613325119 0.556402623653412 0.547671437263489
0.426158577203751 0.408210963010788 0.386349111795425 0.395528972148895 0.436137199401855 0.469462215900421 0.507354378700256 0.54568088054657 0.572670817375183 0.594905734062195 0.614587903022766 0.611772179603577 0.591874718666077 0.581631243228912 0.575642645359039 0.566076278686523 0.554239809513092 0.542290866374969 0.526516318321228 0.510031163692474 0.505429327487946 0.517440438270569 0.531097769737244 0.538212478160858 0.541452169418335 0.542564451694489 0.546178936958313 0.547726154327393 0.537624597549438 0.533759474754333 0.555917799472809 0.559935331344604 0.552923262119293 0.550620079040527 0.554204225540161 0.548656463623047 0.544993758201599 0.549648940563202 0.550526678562164 0.551267027854919 0.554523706436157 0.568178951740265 0.566886723041534 0.555373549461365 0.554384231567383 0.55601966381073 0.555938422679901 0.555401027202606 0.550132870674133
