data/trimmed_ndre/W_ndre.613.2015_no_clouds.asc
NCOLS 130 
NROWS 71 
XLLCORNER 530645 
YLLCORNER 5158205 
CELLSIZE 5 
NODATA_value -3.4e+38 
[rows 42 to 62 of 71, columns 49 to 97 of 130]
0.223778054118156 0.225439414381981 0.239056423306465 0.264818459749222 0.281054019927979 0.280677825212479 0.267268389463425 0.24854202568531 0.237658753991127 0.229807943105698 0.222513943910599 0.216773822903633 0.218336462974548 0.225566506385803 0.234371066093445 0.235940083861351 0.226238206028938 0.216200307011604 0.215271025896072 0.216348335146904 0.21534575521946 0.215105623006821 0.22129699587822 0.221614480018616 0.216763988137245 0.212927237153053 0.225123345851898 0.220898494124413 0.215022087097168 0.222671464085579 0.224048912525177 0.225146979093552 0.229203790426254 0.2354346960783 0.232340887188911 0.228008985519409 0.22410050034523 0.236345574259758 0.24229097366333 0.24016073346138 0.23378412425518 0.23320409655571 0.239059045910835 0.242472216486931 0.238780185580254 0.239543899893761 0.246909767389297 0.256128132343292 0.270981758832932
0.226594090461731 0.223108500242233 0.2364192456007 0.262278228998184 0.289305299520493 0.297942101955414 0.284775674343109 0.260255873203278 0.239987224340439 0.221678897738457 0.213166356086731 0.212034106254578 0.214833438396454 0.218173086643219 0.223670169711113 0.228420153260231 0.224706962704659 0.220576778054237 0.218017056584358 0.21415576338768 0.20942685008049 0.209555044770241 0.215113863348961 0.217915326356888 0.213631361722946 0.210363626480103 0.221228495240211 0.216824278235435 0.216896429657936 0.226777642965317 0.230391263961792 0.232619911432266 0.237894833087921 0.245997875928879 0.23607212305069 0.22815728187561 0.226866707205772 0.235994383692741 0.241170540452003 0.241590172052383 0.235885575413704 0.22839692234993 0.230899050831795 0.241955950856209 0.253346115350723 0.26020947098732 0.264949440956116 0.270594835281372 0.280165761709213
0.231075555086136 0.22298076748848 0.237096771597862 0.268601506948471 0.30401211977005 0.322295695543289 0.307435303926468 0.278362095355988 0.246896058320999 0.212201490998268 0.198845624923706 0.202415600419044 0.214168280363083 0.217670306563377 0.221334472298622 0.225489005446434 0.225386813282967 0.226727470755577 0.226411029696465 0.223369672894478 0.221294760704041 0.225542679429054 0.228909313678741 0.224908873438835 0.215750247240067 0.214286848902702 0.221336588263512 0.22717322409153 0.228176265954971 0.233176618814468 0.240882962942123 0.240813866257668 0.245059072971344 0.251866370439529 0.247308492660522 0.244829684495926 0.24272483587265 0.241403952240944 0.239218488335609 0.241117224097252 0.242816984653473 0.24311226606369 0.246993169188499 0.254064381122589 0.264240145683289 0.272579818964005 0.274364084005356 0.278561055660248 0.288372308015823
0.233413577079773 0.22427624464035 0.23947961628437 0.274468392133713 0.312828987836838 0.336799919605255 0.324373215436935 0.294665187597275 0.256159275770187 0.213931128382683 0.200713098049164 0.2072933614254 0.221050232648849 0.222696185112 0.223019301891327 0.223822966217995 0.224345922470093 0.227654784917831 0.228024736046791 0.226076632738113 0.225590005517006 0.227338626980782 0.230219796299934 0.227549523115158 0.215661764144897 0.210225611925125 0.216877579689026 0.229705154895782 0.225817859172821 0.233893111348152 0.24696059525013 0.244796976447105 0.236536055803299 0.237231224775314 0.245163083076477 0.246706545352936 0.248220697045326 0.246406644582748 0.240164130926132 0.241958811879158 0.242932975292206 0.243263185024261 0.251428037881851 0.258605897426605 0.268154144287109 0.279047340154648 0.281836688518524 0.289259493350983 0.303887724876404
0.232709318399429 0.225773245096207 0.235700100660324 0.273050248622894 0.31367090344429 0.339979320764542 0.334789514541626 0.304601937532425 0.266165465116501 0.232105121016502 0.220528468489647 0.223415806889534 0.229376375675201 0.22718970477581 0.222585797309875 0.21902160346508 0.217192023992538 0.218770414590836 0.221074610948563 0.22058217227459 0.218978554010391 0.215749964118004 0.213239848613739 0.216277167201042 0.223454043269157 0.212178498506546 0.214320912957191 0.225545614957809 0.22041292488575 0.231994926929474 0.247995749115944 0.253638476133347 0.240886986255646 0.240786835551262 0.246244266629219 0.244063079357147 0.248037934303284 0.249971330165863 0.249040216207504 0.253585308790207 0.250231742858887 0.250951707363129 0.263563305139542 0.271714091300964 0.278885662555695 0.289973676204681 0.308135420084 0.312476485967636 0.310895353555679
0.232206717133522 0.233513385057449 0.243529200553894 0.271151542663574 0.306759685277939 0.334646672010422 0.339960247278214 0.310774743556976 0.27005410194397 0.239438101649284 0.231969356536865 0.236335411667824 0.234243586659431 0.226049184799194 0.21769317984581 0.214387893676758 0.212434783577919 0.211340591311455 0.211520224809647 0.213762566447258 0.213278636336327 0.215569287538528 0.215186193585396 0.2199786901474 0.227128595113754 0.21805314719677 0.222482547163963 0.226044923067093 0.223430246114731 0.233365952968597 0.248047649860382 0.256391972303391 0.247098326683044 0.249318286776543 0.248131066560745 0.24221283197403 0.245624333620071 0.245732098817825 0.247428670525551 0.256012767553329 0.256808459758759 0.264419049024582 0.281694203615189 0.299662530422211 0.309163480997086 0.314006149768829 0.319235682487488 0.31228306889534 0.304439932107925
0.231226354837418 0.237477853894234 0.250523835420609 0.268231093883514 0.293886303901672 0.317171424627304 0.327917128801346 0.314444750547409 0.273722589015961 0.245910182595253 0.238370761275291 0.243206590414047 0.236328914761543 0.22665236890316 0.220524176955223 0.221220254898071 0.219501093029976 0.214065879583359 0.207609176635742 0.221791490912437 0.231277167797089 0.229871064424515 0.221447378396988 0.226006701588631 0.228770598769188 0.225386828184128 0.239749297499657 0.237798556685448 0.228806093335152 0.240298792719841 0.252457201480865 0.25446218252182 0.247564762830734 0.252419173717499 0.248154357075691 0.243902146816254 0.249300628900528 0.249422326683998 0.255240708589554 0.266071557998657 0.272005766630173 0.282503515481949 0.298671782016754 0.319049477577209 0.328412801027298 0.323098480701447 0.311301857233047 0.29810956120491 0.290239930152893
0.236266553401947 0.238627627491951 0.248326435685158 0.267601162195206 0.294485062360764 0.317124664783478 0.326928794384003 0.318281590938568 0.279077857732773 0.258244276046753 0.250897526741028 0.248763993382454 0.240826949477196 0.234738066792488 0.231769204139709 0.234128400683403 0.23373781144619 0.228636592626572 0.221228405833244 0.230200245976448 0.236792549490929 0.234224572777748 0.22349126636982 0.232511639595032 0.228336930274963 0.219627112150192 0.231166958808899 0.243449315428734 0.249405667185783 0.255344480276108 0.258167713880539 0.250254929065704 0.239864215254784 0.241284236311913 0.237199977040291 0.240656495094299 0.251191884279251 0.255416870117188 0.269016355276108 0.285404711961746 0.29780188202858 0.31098797917366 0.320317357778549 0.327070027589798 0.326774299144745 0.315891534090042 0.298025190830231 0.282564729452133 0.277160227298737
0.258814245462418 0.269437313079834 0.277927428483963 0.288249731063843 0.302765518426895 0.317741990089417 0.325513273477554 0.314926356077194 0.282954394817352 0.26154088973999 0.246899873018265 0.24230931699276 0.246373236179352 0.24540351331234 0.244681671261787 0.242511406540871 0.233043283224106 0.22682099044323 0.226557031273842 0.235117718577385 0.236453101038933 0.231390878558159 0.22563211619854 0.239839315414429 0.233292251825333 0.228262946009636 0.236235693097115 0.248043298721313 0.259677946567535 0.26509690284729 0.262532562017441 0.257561534643173 0.250733196735382 0.246251955628395 0.241583839058876 0.250096499919891 0.261125564575195 0.26674023270607 0.282786220312119 0.300904303789139 0.315979391336441 0.326233357191086 0.323454618453979 0.316278994083405 0.307302087545395 0.305197507143021 0.293836653232574 0.278075963258743 0.265046179294586
0.278112322092056 0.284767270088196 0.291580200195312 0.298303455114365 0.3041772544384 0.307972371578217 0.310720384120941 0.295734137296677 0.271661460399628 0.260551691055298 0.247814282774925 0.243989691138268 0.252393692731857 0.251259982585907 0.25188672542572 0.248697683215141 0.23646454513073 0.229942992329597 0.232432588934898 0.239485055208206 0.236225545406342 0.232703983783722 0.236855819821358 0.250264704227448 0.240183398127556 0.236713916063309 0.243009030818939 0.250892400741577 0.254777282476425 0.259900152683258 0.263170659542084 0.266188234090805 0.258864104747772 0.253141045570374 0.254451274871826 0.271019399166107 0.283442050218582 0.291475743055344 0.305489659309387 0.321670770645142 0.331898093223572 0.332015991210938 0.314867049455643 0.296052068471909 0.283924371004105 0.292600303888321 0.278678745031357 0.263371229171753 0.253695875406265
0.300937235355377 0.288473904132843 0.288948714733124 0.291128724813461 0.29437455534935 0.297153413295746 0.299498796463013 0.284247994422913 0.269151896238327 0.264807254076004 0.25886133313179 0.254759967327118 0.253154397010803 0.249216720461845 0.25092476606369 0.250158041715622 0.243190109729767 0.235950544476509 0.238348558545113 0.24504192173481 0.248273253440857 0.247793614864349 0.246666774153709 0.249618634581566 0.247434824705124 0.24811615049839 0.25606307387352 0.266961872577667 0.254177898168564 0.254986703395844 0.265521734952927 0.278324335813522 0.272042363882065 0.265316218137741 0.270025551319122 0.291996091604233 0.304139375686646 0.310921430587769 0.318834453821182 0.330193221569061 0.334619283676147 0.327433496713638 0.306406557559967 0.290649890899658 0.276604741811752 0.268884778022766 0.254865318536758 0.251370996236801 0.252986073493958
0.314016491174698 0.289172291755676 0.279209822416306 0.274416357278824 0.277433156967163 0.283526718616486 0.288468569517136 0.281279534101486 0.274398237466812 0.2726089656353 0.271663427352905 0.261551797389984 0.25327867269516 0.24848285317421 0.247979685664177 0.248675212264061 0.246607914566994 0.239886403083801 0.240468993782997 0.247166976332664 0.254338175058365 0.254951268434525 0.245884224772453 0.245930656790733 0.257934838533401 0.270784288644791 0.283736079931259 0.286172240972519 0.26792299747467 0.266074806451797 0.275756776332855 0.290822207927704 0.294341683387756 0.286344408988953 0.285392224788666 0.302446186542511 0.313273102045059 0.317584365606308 0.318267285823822 0.319255799055099 0.31831681728363 0.30752632021904 0.288977771997452 0.278003841638565 0.268608093261719 0.258589744567871 0.249201387166977 0.253992557525635 0.266630053520203
0.322981119155884 0.301059812307358 0.283440053462982 0.274596691131592 0.275909125804901 0.282920330762863 0.289076775312424 0.288890063762665 0.28119969367981 0.277710914611816 0.277115613222122 0.265280455350876 0.255498737096786 0.24918694794178 0.245467722415924 0.243140563368797 0.238422811031342 0.233414635062218 0.235794335603714 0.242140725255013 0.248401656746864 0.24939352273941 0.239233583211899 0.24768178164959 0.267510741949081 0.283300518989563 0.30879682302475 0.316402405500412 0.30279278755188 0.292793780565262 0.291029036045074 0.29902058839798 0.311226963996887 0.309605479240417 0.303422152996063 0.304626941680908 0.311941564083099 0.313665449619293 0.305291742086411 0.292216867208481 0.289570689201355 0.282617330551147 0.271457523107529 0.262961626052856 0.264639347791672 0.269584894180298 0.272402971982956 0.268726885318756 0.26419734954834
0.312188774347305 0.296616166830063 0.283895581960678 0.277490615844727 0.279588609933853 0.290399521589279 0.302421659231186 0.308379143476486 0.30201330780983 0.298602998256683 0.293405115604401 0.279718339443207 0.266597926616669 0.25576514005661 0.248154014348984 0.243765160441399 0.237230837345123 0.234292164444923 0.237904608249664 0.240327447652817 0.239913314580917 0.237869635224342 0.23577493429184 0.256455391645432 0.281634271144867 0.303815007209778 0.333638340234756 0.343335807323456 0.339249819517136 0.325537353754044 0.309672892093658 0.307828277349472 0.317779511213303 0.324655324220657 0.309508413076401 0.299192398786545 0.302390784025192 0.307712852954865 0.296913713216782 0.280508935451508 0.273516654968262 0.268979549407959 0.259724110364914 0.252575218677521 0.263279974460602 0.278297513723373 0.285054266452789 0.274905413389206 0.257374256849289
0.306380540132523 0.29048553109169 0.281105786561966 0.276612132787704 0.275646656751633 0.277170449495316 0.281369656324387 0.284333467483521 0.282464385032654 0.29100826382637 0.299196749925613 0.298397600650787 0.28970468044281 0.27939310669899 0.267190545797348 0.255380481481552 0.243343785405159 0.241104409098625 0.245540544390678 0.248042374849319 0.248064368963242 0.248269036412239 0.253536850214005 0.278333067893982 0.301511466503143 0.323154717683792 0.344647735357285 0.342521607875824 0.34379056096077 0.344362080097198 0.328684449195862 0.316624671220779 0.313368380069733 0.316514760255814 0.299244344234467 0.287437707185745 0.286213755607605 0.292383134365082 0.285766869783401 0.274388492107391 0.266063272953033 0.264134764671326 0.258495211601257 0.256771504878998 0.269077032804489 0.278620332479477 0.286034554243088 0.281743615865707 0.262973606586456
0.294511884450912 0.28180205821991 0.275448501110077 0.270879983901978 0.267045378684998 0.261185854673386 0.256089270114899 0.251157134771347 0.248364239931107 0.258672565221786 0.281770706176758 0.298901706933975 0.29843533039093 0.296589136123657 0.284906476736069 0.268941968679428 0.254342168569565 0.249897599220276 0.250625014305115 0.252469062805176 0.254733890295029 0.25649955868721 0.268220275640488 0.297515451908112 0.317052960395813 0.329192698001862 0.333596497774124 0.32231593132019 0.326549142599106 0.32826292514801 0.316949933767319 0.307446509599686 0.292781710624695 0.280317723751068 0.275836288928986 0.278719186782837 0.282679259777069 0.284044623374939 0.273536950349808 0.267709106206894 0.263114929199219 0.260940402746201 0.27128654718399 0.283406108617783 0.290551006793976 0.281707495450974 0.282428294420242 0.286554127931595 0.283817231655121
0.278117656707764 0.272902548313141 0.272746026515961 0.266448765993118 0.259597450494766 0.252077251672745 0.242881178855896 0.233674228191376 0.228921785950661 0.233889505267143 0.248875185847282 0.270274370908737 0.287254095077515 0.297707200050354 0.290674477815628 0.278754949569702 0.268203616142273 0.2592713534832 0.250188708305359 0.247835636138916 0.255347907543182 0.264625489711761 0.281792342662811 0.307402789592743 0.320774555206299 0.322458893060684 0.314498335123062 0.299814164638519 0.30498144030571 0.297464847564697 0.283947616815567 0.282556682825089 0.2745341360569 0.265388458967209 0.262331575155258 0.268726915121078 0.2787224650383 0.278432905673981 0.260814666748047 0.258994877338409 0.270077347755432 0.285347670316696 0.299766063690186 0.306085616350174 0.304657816886902 0.288921445608139 0.273362278938293 -3.4e+38 -3.4e+38
0.27970626950264 0.279511958360672 0.28009706735611 0.269734501838684 0.261737674474716 0.254758834838867 0.249923825263977 0.247303515672684 0.241633832454681 0.235160335898399 0.231912642717361 0.242982238531113 0.262352883815765 0.279827445745468 0.280626833438873 0.279916942119598 0.278459250926971 0.271627843379974 0.252677738666534 0.244656667113304 0.25503745675087 0.280594915151596 0.303574770689011 0.320376873016357 0.324517399072647 0.313802987337112 0.294465839862823 0.278747737407684 0.285216569900513 0.274973094463348 0.26990869641304 0.277220100164413 0.278605908155441 0.268488168716431 0.259650409221649 0.260800242424011 0.272168755531311 0.274824440479279 0.267977327108383 0.265917301177979 0.279946446418762 0.301058441400528 0.317602336406708 0.314222127199173 0.310520380735397 0.304312586784363 -3.4e+38 -3.4e+38 -3.4e+38
0.281445533037186 0.281745612621307 0.28012278676033 0.271631270647049 0.269763290882111 0.261404454708099 0.249388143420219 0.245974943041801 0.243653431534767 0.23754571378231 0.227953687310219 0.225556716322899 0.232945635914803 0.247807696461678 0.262593805789948 0.269587844610214 0.272893488407135 0.271618157625198 0.257269382476807 0.248988091945648 0.260629832744598 0.295558214187622 0.314911127090454 0.321369767189026 0.315286546945572 0.296287655830383 0.270540028810501 0.258056372404099 0.26129275560379 0.246490240097046 0.243876561522484 0.255756556987762 0.272665649652481 0.270686119794846 0.264271557331085 0.261603742837906 0.267087280750275 0.262962371110916 0.26199597120285 0.270134627819061 0.288115859031677 0.306186139583588 0.320023357868195 0.321167349815369 0.326517701148987 -3.4e+38 -3.4e+38 -3.4e+38 -3.4e+38
0.2731112241745 0.27209147810936 0.266633957624435 0.258892267942429 0.258765876293182 0.259711712598801 0.25831925868988 0.255679339170456 0.249042153358459 0.240180447697639 0.232612743973732 0.228783085942268 0.231056913733482 0.242735490202904 0.259119391441345 0.263798266649246 0.262226104736328 0.263268023729324 0.267595231533051 0.266632199287415 0.277281850576401 0.298283994197845 0.304978400468826 0.303048133850098 0.29307234287262 0.272412836551666 0.240864634513855 0.238406553864479 0.248510986566544 0.239541947841644 0.234230250120163 0.243166849017143 0.260931670665741 0.266525447368622 0.272079706192017 0.273798078298569 0.270647048950195 0.256161838769913 0.254936784505844 0.268747091293335 0.29117751121521 -3.4e+38 -3.4e+38 -3.4e+38 -3.4e+38 -3.4e+38 -3.4e+38 -3.4e+38 -3.4e+38
0.25885421037674 0.256005078554153 0.252020955085754 0.252380192279816 0.259083956480026 0.26239088177681 0.26729753613472 0.268726050853729 0.259201914072037 0.242302224040031 0.236089035868645 0.241957694292068 0.247207805514336 0.256514251232147 0.267043858766556 0.269225299358368 0.261258870363235 0.264273166656494 0.277431786060333 0.280567228794098 0.283498257398605 0.287337273359299 0.284061968326569 0.273622930049896 0.271703600883484 0.268449693918228 0.250915944576263 0.243252813816071 0.242655754089355 0.240939199924469 0.241967394948006 0.255125969648361 0.266644477844238 0.263393402099609 0.26484289765358 -3.4e+38 -3.4e+38 -3.4e+38 -3.4e+38 -3.4e+38 -3.4e+38 -3.4e+38 -3.4e+38 -3.4e+38 -3.4e+38 -3.4e+38 -3.4e+38 -3.4e+38 -3.4e+38
