data/trimmed_ndre/W_ndre.715.2012_no_clouds.asc
NCOLS 130 
NROWS 71 
XLLCORNER 530645 
YLLCORNER 5158205 
CELLSIZE 5 
NODATA_value -3.4e+38 
[rows 0 to 20 of 71, columns 0 to 48 of 130]
-339999999999999996123846586046231871488.000000000000000 -3.4e+38 -3.4e+38 -3.4e+38 -3.4e+38 -3.4e+38 -3.4e+38 -3.4e+38 -3.4e+38 -3.4e+38 -3.4e+38 0.405666410923004 0.4038245677948 0.397773146629333 0.361480861902237 0.364343196153641 0.411812901496887 -3.4e+38 -3.4e+38 -3.4e+38 -3.4e+38 -3.4e+38 -3.4e+38 -3.4e+38 -3.4e+38 -3.4e+38 -3.4e+38 -3.4e+38 -3.4e+38 -3.4e+38 -3.4e+38 -3.4e+38 -3.4e+38 -3.4e+38 -3.4e+38 -3.4e+38 -3.4e+38 -3.4e+38 -3.4e+38 -3.4e+38 -3.4e+38 -3.4e+38 -3.4e+38 -3.4e+38 -3.4e+38 -3.4e+38 -3.4e+38 -3.4e+38 -3.4e+38
-3.4e+38 -3.4e+38 -3.4e+38 -3.4e+38 -3.4e+38 -3.4e+38 -3.4e+38 -3.4e+38 -3.4e+38 -3.4e+38 0.407199710607529 0.400747537612915 0.40264755487442 0.40515410900116 0.378324210643768 0.360998779535294 0.387661993503571 0.412335515022278 -3.4e+38 -3.4e+38 -3.4e+38 -3.4e+38 -3.4e+38 -3.4e+38 -3.4e+38 -3.4e+38 -3.4e+38 -3.4e+38 -3.4e+38 -3.4e+38 -3.4e+38 -3.4e+38 -3.4e+38 -3.4e+38 -3.4e+38 -3.4e+38 -3.4e+38 -3.4e+38 -3.4e+38 -3.4e+38 -3.4e+38 -3.4e+38 -3.4e+38 -3.4e+38 -3.4e+38 -3.4e+38 -3.4e+38 -3.4e+38 -3.4e+38
-3.4e+38 -3.4e+38 -3.4e+38 -3.4e+38 -3.4e+38 -3.4e+38 -3.4e+38 -3.4e+38 0.445237159729004 0.402727961540222 0.397415339946747 0.387896925210953 0.391884475946426 0.397227168083191 0.382389515638351 0.356479465961456 0.359790056943893 0.384404808282852 0.385808765888214 -3.4e+38 -3.4e+38 -3.4e+38 -3.4e+38 -3.4e+38 -3.4e+38 -3.4e+38 -3.4e+38 -3.4e+38 -3.4e+38 -3.4e+38 -3.4e+38 -3.4e+38 -3.4e+38 -3.4e+38 -3.4e+38 -3.4e+38 -3.4e+38 -3.4e+38 -3.4e+38 -3.4e+38 -3.4e+38 -3.4e+38 -3.4e+38 -3.4e+38 -3.4e+38 -3.4e+38 -3.4e+38 -3.4e+38 -3.4e+38
-3.4e+38 -3.4e+38 -3.4e+38 -3.4e+38 -3.4e+38 -3.4e+38 -3.4e+38 -3.4e+38 -3.4e+38 0.420334726572037 0.390803456306458 0.387345284223557 0.395562171936035 0.402963608503342 0.385020911693573 0.350621372461319 0.336518913507462 0.351849287748337 0.365134507417679 0.360583782196045 0.368395566940308 -3.4e+38 -3.4e+38 -3.4e+38 -3.4e+38 -3.4e+38 -3.4e+38 -3.4e+38 -3.4e+38 -3.4e+38 -3.4e+38 -3.4e+38 0.421296089887619 0.425812214612961 -3.4e+38 -3.4e+38 -3.4e+38 -3.4e+38 -3.4e+38 -3.4e+38 -3.4e+38 -3.4e+38 -3.4e+38 -3.4e+38 -3.4e+38 -3.4e+38 -3.4e+38 -3.4e+38 -3.4e+38
-3.4e+38 -3.4e+38 -3.4e+38 -3.4e+38 -3.4e+38 -3.4e+38 -3.4e+38 -3.4e+38 -3.4e+38 0.423226833343506 0.395422160625458 0.390518367290497 0.392366409301758 0.399580627679825 0.378414779901505 0.344368368387222 0.334353297948837 0.341445982456207 0.350281536579132 0.364560544490814 0.381741106510162 0.374615788459778 0.379585385322571 0.390811264514923 0.400694370269775 0.409884333610535 0.401015132665634 0.396140515804291 -3.4e+38 -3.4e+38 -3.4e+38 0.42307448387146 0.42939019203186 0.438807606697083 0.444789439439774 0.443420022726059 0.436000108718872 -3.4e+38 -3.4e+38 -3.4e+38 -3.4e+38 -3.4e+38 -3.4e+38 -3.4e+38 -3.4e+38 -3.4e+38 -3.4e+38 -3.4e+38 -3.4e+38
-3.4e+38 -3.4e+38 -3.4e+38 -3.4e+38 -3.4e+38 -3.4e+38 -3.4e+38 -3.4e+38 -3.4e+38 0.419514983892441 0.407071322202682 0.39608696103096 0.38758447766304 0.387278914451599 0.370535433292389 0.34503161907196 0.341672271490097 0.354603141546249 0.361356317996979 0.383095920085907 0.396770775318146 0.383328855037689 0.384048461914062 0.386800736188889 0.40133398771286 0.413406997919083 0.402101457118988 0.397197812795639 0.399081647396088 0.406556844711304 0.411240190267563 0.426775932312012 0.443181961774826 0.44934606552124 0.449957609176636 0.444746464490891 0.436813145875931 0.441815882921219 0.430698037147522 0.413151681423187 -3.4e+38 -3.4e+38 -3.4e+38 -3.4e+38 -3.4e+38 -3.4e+38 -3.4e+38 -3.4e+38 -3.4e+38
-3.4e+38 -3.4e+38 -3.4e+38 -3.4e+38 -3.4e+38 -3.4e+38 -3.4e+38 -3.4e+38 -3.4e+38 0.449873745441437 0.421680957078934 0.394454956054688 0.383067280054092 0.383718311786652 0.375986576080322 0.369580656290054 0.377493262290955 0.386753171682358 0.384285598993301 0.402392357587814 0.411137729883194 0.403872579336166 0.402211487293243 0.39745157957077 0.412491768598557 0.404931545257568 0.385378152132034 0.386274605989456 0.394543379545212 0.406093627214432 0.406231850385666 0.41995644569397 0.440530151128769 0.445463985204697 0.436577051877975 0.424369424581528 0.420367419719696 0.431403428316116 0.43254742026329 0.423502445220947 0.438076615333557 0.435092598199844 -3.4e+38 -3.4e+38 -3.4e+38 -3.4e+38 -3.4e+38 -3.4e+38 -3.4e+38
-3.4e+38 -3.4e+38 -3.4e+38 -3.4e+38 -3.4e+38 -3.4e+38 -3.4e+38 -3.4e+38 -3.4e+38 0.465871751308441 0.422119677066803 0.386741638183594 0.37769490480423 0.388794630765915 0.396503388881683 0.401410102844238 0.405061483383179 0.400748282670975 0.39393475651741 0.405798077583313 0.412120908498764 0.417239844799042 0.414208829402924 0.40818202495575 0.426982313394547 0.406352043151855 0.385761201381683 0.391571044921875 0.394375383853912 0.403258979320526 0.403185486793518 0.406267642974854 0.420496463775635 0.421457529067993 0.414536118507385 0.413037270307541 0.411704778671265 0.417252272367477 0.420676589012146 0.4281867146492 0.441244274377823 0.436836183071136 0.422136127948761 -3.4e+38 -3.4e+38 -3.4e+38 -3.4e+38 -3.4e+38 -3.4e+38
-3.4e+38 -3.4e+38 -3.4e+38 -3.4e+38 -3.4e+38 -3.4e+38 -3.4e+38 -3.4e+38 0.450089544057846 0.460537165403366 0.427100986242294 0.389716327190399 0.376265913248062 0.382079184055328 0.398127853870392 0.405356585979462 0.405634522438049 0.404202520847321 0.39937087893486 0.399358451366425 0.401208341121674 0.412889361381531 0.410072863101959 0.411484092473984 0.428732752799988 0.406484305858612 0.400248378515244 0.405996143817902 0.39791339635849 0.401294142007828 0.399936735630035 0.396974802017212 0.404109418392181 0.403729677200317 0.415613979101181 0.429090827703476 0.424674808979034 0.416937381029129 0.411235183477402 0.420021712779999 0.423572033643723 0.420665860176086 0.427671015262604 0.43364480137825 0.433213651180267 0.435032963752747 0.432037562131882 -3.4e+38 -3.4e+38
-3.4e+38 -3.4e+38 -3.4e+38 -3.4e+38 -3.4e+38 -3.4e+38 -3.4e+38 0.430232912302017 0.45163881778717 0.453339874744415 0.432541191577911 0.401290863752365 0.385491788387299 0.383826076984406 0.391419380903244 0.404522389173508 0.411666840314865 0.411524623632431 0.413345575332642 0.409677654504776 0.404596298933029 0.409191787242889 0.401985138654709 0.408944338560104 0.424307703971863 0.41691792011261 0.420723497867584 0.409423500299454 0.391620844602585 0.402492612600327 0.408484160900116 0.408959716558456 0.410004496574402 0.407115459442139 0.423116892576218 0.43855407834053 0.434210807085037 0.426048070192337 0.411046087741852 0.414098918437958 0.420192748308182 0.42401909828186 0.439876616001129 0.438882976770401 0.431090623140335 0.431264996528625 0.429716140031815 0.422201454639435 -3.4e+38
-3.4e+38 -3.4e+38 -3.4e+38 -3.4e+38 -3.4e+38 -3.4e+38 0.434709429740906 0.431353241205215 0.432284325361252 0.437277913093567 0.429896920919418 0.421798676252365 0.413882881402969 0.407525658607483 0.412126541137695 0.411897540092468 0.411245286464691 0.414418190717697 0.414318978786469 0.425116062164307 0.427819311618805 0.425691902637482 0.419215261936188 0.415756791830063 0.427179217338562 0.433093369007111 0.440471976995468 0.432400465011597 0.414511829614639 0.421622484922409 0.430851608514786 0.429862439632416 0.422203004360199 0.416865706443787 0.427762866020203 0.444409489631653 0.445297390222549 0.434948951005936 0.420862913131714 0.422210693359375 0.423209965229034 0.427676975727081 0.442287623882294 0.434580266475677 0.426658868789673 0.421927183866501 0.417015016078949 0.41359668970108 0.401219516992569
-3.4e+38 -3.4e+38 -3.4e+38 -3.4e+38 -3.4e+38 0.421449065208435 0.426000028848648 0.411493241786957 0.410203963518143 0.422018110752106 0.419934213161469 0.431789845228195 0.437684953212738 0.428106009960175 0.422741025686264 0.413668274879456 0.411337196826935 0.403553873300552 0.386693567037582 0.4011190533638 0.405384689569473 0.421569377183914 0.434105157852173 0.421859592199326 0.429999500513077 0.430087059736252 0.436171650886536 0.44528865814209 0.433106541633606 0.432403862476349 0.447305947542191 0.438193500041962 0.418913036584854 0.416129410266876 0.425679594278336 0.453583270311356 0.453035295009613 0.431734710931778 0.4204261302948 0.412127077579498 0.407542586326599 0.416604459285736 0.428501069545746 0.42486098408699 0.428691893815994 0.420467585325241 0.414585441350937 0.414600998163223 0.397288769483566
-3.4e+38 -3.4e+38 -3.4e+38 -3.4e+38 -3.4e+38 0.417874157428741 0.41035321354866 0.405912697315216 0.411471158266068 0.412239730358124 0.411386370658875 0.420198202133179 0.436691135168076 0.436401903629303 0.42447617650032 0.415199398994446 0.41758930683136 0.405290395021439 0.386698931455612 0.388410031795502 0.383076846599579 0.417828917503357 0.432063430547714 0.420217573642731 0.430752158164978 0.416031032800674 0.421957552433014 0.443982005119324 0.426642447710037 0.423143714666367 0.441235691308975 0.426037222146988 0.4017613530159 0.403875201940536 0.426557928323746 0.457871168851852 0.458023399114609 0.429291933774948 0.410090416669846 0.399425715208054 0.395937412977219 0.407208204269409 0.413963258266449 0.412047177553177 0.4202880859375 0.410085022449493 0.412991285324097 0.416679918766022 0.402562260627747
-3.4e+38 -3.4e+38 -3.4e+38 -3.4e+38 0.443489462137222 0.434595078229904 0.419138997793198 0.420562267303467 0.421576142311096 0.41417470574379 0.402530491352081 0.403507769107819 0.421554446220398 0.433037519454956 0.42607656121254 0.408820420503616 0.41104644536972 0.408231675624847 0.392238259315491 0.385750591754913 0.391460448503494 0.428606182336807 0.440676718950272 0.432762801647186 0.42737028002739 0.400335907936096 0.413759738206863 0.433711528778076 0.409393459558487 0.405595421791077 0.420468032360077 0.409413278102875 0.392102986574173 0.39896360039711 0.42045122385025 0.438132584095001 0.443137884140015 0.422204375267029 0.40461665391922 0.40089413523674 0.396040469408035 0.397637158632278 0.402804136276245 0.408601015806198 0.407820045948029 0.40100947022438 0.407735884189606 0.408514201641083 0.401035755872726
-3.4e+38 -3.4e+38 -3.4e+38 -3.4e+38 0.432995826005936 0.449581116437912 0.435877770185471 0.428113490343094 0.429109960794449 0.410787433385849 0.386440098285675 0.387952297925949 0.411694288253784 0.423028975725174 0.421942621469498 0.410525590181351 0.405234485864639 0.403853714466095 0.389858186244965 0.386883616447449 0.400295794010162 0.421143978834152 0.437507510185242 0.438134282827377 0.422177106142044 0.405931353569031 0.417797952890396 0.428788810968399 0.418158024549484 0.40668323636055 0.412458002567291 0.409793168306351 0.398211270570755 0.400617808103561 0.407914131879807 0.413762301206589 0.418206512928009 0.412709563970566 0.408275276422501 0.402918070554733 0.402632653713226 0.409180253744125 0.413645625114441 0.410201221704483 0.40446999669075 0.406947880983353 0.409941583871841 0.403212249279022 0.398695886135101
-3.4e+38 -3.4e+38 -3.4e+38 -3.4e+38 0.428689062595367 0.45029953122139 0.438781082630157 0.423118770122528 0.414339512586594 0.39709335565567 0.366603702306747 0.373938977718353 0.40329310297966 0.410978019237518 0.416283577680588 0.40863162279129 0.403906643390656 0.400656193494797 0.391244918107986 0.400592684745789 0.412289619445801 0.409485429525375 0.424828469753265 0.431632816791534 0.429303020238876 0.422255128622055 0.429462403059006 0.441896855831146 0.441824018955231 0.425720244646072 0.423705518245697 0.41750305891037 0.406353861093521 0.397975206375122 0.40884080529213 0.412780821323395 0.404602736234665 0.407407999038696 0.416105479001999 0.406243324279785 0.405313044786453 0.418785095214844 0.423890590667725 0.417652040719986 0.403679668903351 0.404304504394531 0.414373606443405 0.412823796272278 0.406375348567963
-3.4e+38 -3.4e+38 -3.4e+38 0.432732373476028 0.452045440673828 0.471357494592667 0.464784681797028 0.433387249708176 0.399702191352844 0.377644807100296 0.351606070995331 0.362510502338409 0.394198089838028 0.405511349439621 0.407998591661453 0.403160810470581 0.407838523387909 0.422529727220535 0.424312829971313 0.43596613407135 0.428776293992996 0.413301587104797 0.417609125375748 0.415867805480957 0.4134561419487 0.416021406650543 0.433118879795074 0.445520997047424 0.449453711509705 0.448348671197891 0.44086754322052 0.428643077611923 0.419998973608017 0.414658218622208 0.427605301141739 0.431839764118195 0.420378655195236 0.422532081604004 0.423425167798996 0.408927828073502 0.407186239957809 0.418203562498093 0.429198920726776 0.433871418237686 0.425886958837509 0.419795334339142 0.42652902007103 0.42782074213028 0.423638671636581
-3.4e+38 -3.4e+38 0.437597572803497 0.442384243011475 0.451887905597687 0.464534193277359 0.462313294410706 0.443141311407089 0.400982469320297 0.3551205098629 0.321785449981689 0.330274283885956 0.370948910713196 0.40408718585968 0.40981313586235 0.409055173397064 0.401498645544052 0.422876089811325 0.437984526157379 0.438757389783859 0.439623653888702 0.416033387184143 0.408543586730957 0.402103245258331 0.401341825723648 0.409516841173172 0.425963848829269 0.437064975500107 0.446627259254456 0.458688318729401 0.45474174618721 0.443818479776382 0.445503234863281 0.4424047768116 0.439059674739838 0.438708603382111 0.432426542043686 0.432145923376083 0.428282856941223 0.417615443468094 0.416588425636292 0.413236111402512 0.419237315654755 0.433374583721161 0.438950777053833 0.43323802947998 0.428351730108261 0.431379646062851 0.430839359760284
-3.4e+38 0.433694303035736 0.443852514028549 0.443619430065155 0.435033142566681 0.434658408164978 0.438645899295807 0.435470819473267 0.400330245494843 0.333789765834808 0.302373975515366 0.327173620462418 0.360096603631973 0.400742918252945 0.415451347827911 0.411088287830353 0.408769816160202 0.416723221540451 0.422717243432999 0.425695419311523 0.44129341840744 0.4211445748806 0.420435518026352 0.418333768844604 0.414814859628677 0.420166075229645 0.42423415184021 0.429740339517593 0.433498829603195 0.450007051229477 0.458900988101959 0.45790433883667 0.461497902870178 0.45415472984314 0.449853450059891 0.450586348772049 0.443258464336395 0.44222229719162 0.436255007982254 0.428004860877991 0.431849032640457 0.42003932595253 0.406764894723892 0.414429873228073 0.427917212247849 0.432546466588974 0.426273286342621 0.425151646137238 0.424747556447983
-3.4e+38 999999 999999 999999 999999 999999 999999 999999 999999 999999 999999 999999 999999 999999 999999 999999 999999 999999 999999 999999 999999 0.439054012298584 0.439529746770859 0.428683489561081 0.419116020202637 0.424226492643356 0.430246502161026 0.434768050909042 0.434904336929321 0.443610280752182 0.44721856713295 0.449155449867249 0.45229759812355 0.457576900720596 0.462652057409286 0.462281852960587 0.458023607730865 0.460766851902008 0.454738944768906 0.44596928358078 0.446481108665466 0.434148401021957 0.410495102405548 0.398504287004471 0.405284404754639 0.413972973823547 0.418182730674744 0.420560449361801 0.418430477380753
999999 999999 999999 999999 999999 999999 999999 999999 999999 999999 999999 999999 999999 999999 999999 999999 999999 999999 999999 999999 999999 0.44464910030365 0.432024329900742 0.41616427898407 0.419550001621246 0.438385933637619 0.45004990696907 0.445105850696564 0.444037437438965 0.453147172927856 0.448564469814301 0.439948409795761 0.442820161581039 0.460907936096191 0.467123121023178 0.462794601917267 0.463818848133087 0.46601527929306 0.462025672197342 0.452183842658997 0.446351021528244 0.442400574684143 0.41929879784584 0.394873768091202 0.389537543058395 0.398985624313354 0.407523155212402 0.427031964063644 0.426068931818008
