data/trimmed_ndre/W_ndre.630.2014_no_clouds.asc
NCOLS 130 
NROWS 71 
XLLCORNER 530645 
YLLCORNER 5158205 
CELLSIZE 5 
NODATA_value -3.4e+38 
[rows 42 to 62 of 71, columns 49 to 97 of 130]
0.531786739826202 0.506145238876343 0.496273905038834 0.501887202262878 0.52401739358902 0.56131386756897 0.556258320808411 0.488130122423172 0.416501462459564 0.364513576030731 0.355448782444 0.369551092386246 0.376142740249634 0.387973666191101 0.405757457017899 0.4337278008461 0.447693467140198 0.480048567056656 0.516322076320648 0.539914786815643 0.556703448295593 0.569165110588074 0.588021218776703 0.595747768878937 0.583469033241272 0.563523709774017 0.552940607070923 0.540234327316284 0.511512756347656 0.498058617115021 0.524180352687836 0.525030314922333 0.491656690835953 0.466326981782913 0.480220675468445 0.496506035327911 0.491290986537933 0.475135952234268 0.475170493125916 0.4737269282341 0.477124691009521 0.517808020114899 0.548800766468048 0.564202547073364 0.578727126121521 0.585345506668091 0.580796718597412 0.572514295578003 0.57398396730423
0.462403267621994 0.454743593931198 0.472834825515747 0.497848927974701 0.521738827228546 0.565558612346649 0.581360101699829 0.490452855825424 0.39185044169426 0.34549742937088 0.323864698410034 0.360336899757385 0.398585081100464 0.412831217050552 0.430205047130585 0.444803684949875 0.448907822370529 0.488817781209946 0.527132093906403 0.535003423690796 0.545347273349762 0.555730938911438 0.574691712856293 0.589902222156525 0.588549017906189 0.573227047920227 0.555910229682922 0.540056943893433 0.526111125946045 0.504344999790192 0.50403368473053 0.522137343883514 0.516756355762482 0.50468647480011 0.510369002819061 0.504989922046661 0.491559267044067 0.481444150209427 0.49369341135025 0.498596876859665 0.495938777923584 0.523196160793304 0.549854278564453 0.575693428516388 0.593025803565979 0.603497505187988 0.598277866840363 0.586313605308533 0.581093788146973
0.383903026580811 0.396159946918488 0.430612593889236 0.47651532292366 0.527454137802124 0.5744349360466 0.57502144575119 0.490694522857666 0.402702361345291 0.347964286804199 0.308531641960144 0.359591454267502 0.415618032217026 0.422142714262009 0.438305974006653 0.453173220157623 0.467779278755188 0.509202420711517 0.537583112716675 0.548091888427734 0.566380798816681 0.571253001689911 0.581852078437805 0.597578644752502 0.595831751823425 0.564933657646179 0.527220010757446 0.516991436481476 0.520207047462463 0.511297702789307 0.50670999288559 0.524625539779663 0.5267214179039 0.542210578918457 0.561299383640289 0.556649684906006 0.534968733787537 0.509137451648712 0.507680892944336 0.511712491512299 0.496613085269928 0.494242578744888 0.516918540000916 0.546094179153442 0.576229095458984 0.596454262733459 0.600164353847504 0.585497081279755 0.565337955951691
0.352385729551315 0.369895070791245 0.403757780790329 0.443238586187363 0.51717734336853 0.567469656467438 0.559831321239471 0.496408253908157 0.41753026843071 0.356748729944229 0.31046861410141 0.357750207185745 0.406794488430023 0.404597878456116 0.425403088331223 0.453429847955704 0.482934802770615 0.520104050636292 0.54414027929306 0.566670179367065 0.588773310184479 0.593417227268219 0.602458417415619 0.607997119426727 0.588302910327911 0.543262600898743 0.496630996465683 0.494003176689148 0.517302691936493 0.522652685642242 0.527280330657959 0.530981302261353 0.523191392421722 0.532771229743958 0.550301611423492 0.55584728717804 0.561896800994873 0.557247698307037 0.537339329719543 0.514045357704163 0.497637718915939 0.504262924194336 0.51851212978363 0.537869393825531 0.56853574514389 0.587289452552795 0.589530944824219 0.580404877662659 0.555234968662262
0.380135267972946 0.396013647317886 0.417879849672318 0.445697158575058 0.517647981643677 0.574346780776978 0.562285602092743 0.497934728860855 0.434120893478394 0.383733242750168 0.337204337120056 0.37888315320015 0.423533529043198 0.42624220252037 0.43560054898262 0.458170294761658 0.48985892534256 0.510901033878326 0.530787527561188 0.567179620265961 0.594402492046356 0.60779345035553 0.61315530538559 0.601619839668274 0.564203977584839 0.51744270324707 0.481289982795715 0.491996377706528 0.525022566318512 0.535233497619629 0.550241410732269 0.545194268226624 0.528720498085022 0.531542837619781 0.537258803844452 0.548003554344177 0.564347624778748 0.574533462524414 0.565091609954834 0.546010315418243 0.530471324920654 0.536819040775299 0.547374963760376 0.553375482559204 0.571264207363129 0.585134744644165 0.584769010543823 0.587264657020569 0.571724355220795
0.41759991645813 0.435362279415131 0.456153810024261 0.475043833255768 0.529859602451324 0.574083209037781 0.547573804855347 0.491811901330948 0.453725248575211 0.412936329841614 0.385802805423737 0.410821735858917 0.446920841932297 0.479325741529465 0.495093166828156 0.5049067735672 0.52317351102829 0.535630404949188 0.567549705505371 0.593283414840698 0.608077347278595 0.612149775028229 0.611569046974182 0.601496458053589 0.570391058921814 0.535972058773041 0.50933051109314 0.525504052639008 0.549934983253479 0.554339587688446 0.57650625705719 0.579928934574127 0.559604942798615 0.539157032966614 0.542402505874634 0.548140168190002 0.55088859796524 0.554660260677338 0.545447468757629 0.545778214931488 0.55755352973938 0.572098791599274 0.576802968978882 0.570268929004669 0.573170065879822 0.579767823219299 0.582512974739075 0.593204200267792 0.586865127086639
0.458336055278778 0.47808513045311 0.491134077310562 0.498894244432449 0.522785425186157 0.534949421882629 0.512747943401337 0.491522997617722 0.467876762151718 0.426534920930862 0.436253011226654 0.468415290117264 0.502789199352264 0.537821769714355 0.557511448860168 0.567282855510712 0.566734910011292 0.584565103054047 0.620934784412384 0.636106729507446 0.629291296005249 0.612496674060822 0.599515616893768 0.589332461357117 0.577841758728027 0.565209031105042 0.551640272140503 0.569596946239471 0.578690111637115 0.566181361675262 0.5765141248703 0.577020883560181 0.560334265232086 0.536807358264923 0.548674762248993 0.538510322570801 0.537732899188995 0.570107996463776 0.539785802364349 0.550345480442047 0.58855527639389 0.593279540538788 0.589853405952454 0.575742185115814 0.558754980564117 0.5542231798172 0.566803455352783 0.586026728153229 0.586204469203949
0.5215824842453 0.531715333461761 0.527505815029144 0.522179543972015 0.516582131385803 0.503836929798126 0.498470187187195 0.496836215257645 0.500470757484436 0.488551169633865 0.503701865673065 0.53420215845108 0.557198405265808 0.573579549789429 0.588047087192535 0.603738307952881 0.601285755634308 0.596669435501099 0.614795744419098 0.630683958530426 0.622885227203369 0.601762294769287 0.581481218338013 0.575704514980316 0.578899800777435 0.580274701118469 0.57425457239151 0.582833409309387 0.591090738773346 0.576519668102264 0.559397101402283 0.544036209583282 0.538080215454102 0.524689793586731 0.525842368602753 0.519962191581726 0.548164010047913 0.584804832935333 0.551145911216736 0.563099026679993 0.598157405853271 0.595029294490814 0.585313022136688 0.571582674980164 0.554098188877106 0.536449253559113 0.548627734184265 0.573226630687714 0.578471302986145
0.568803071975708 0.570613086223602 0.551589667797089 0.543808996677399 0.536644876003265 0.52910453081131 0.54244464635849 0.556114971637726 0.559958755970001 0.559748470783234 0.560685038566589 0.581920444965363 0.594554901123047 0.594289302825928 0.59465754032135 0.588868737220764 0.578532814979553 0.573744237422943 0.582855582237244 0.59931093454361 0.598365485668182 0.587553679943085 0.576388418674469 0.578623056411743 0.593462884426117 0.605238437652588 0.602715373039246 0.59164696931839 0.589450597763062 0.57486754655838 0.551459968090057 0.533739566802979 0.540290892124176 0.528911411762238 0.521267294883728 0.527145504951477 0.548720061779022 0.576497495174408 0.572849273681641 0.559102892875671 0.57214480638504 0.580537676811218 0.568691074848175 0.564693748950958 0.554359614849091 0.530581653118134 0.531142950057983 0.560285210609436 0.578774034976959
0.564886093139648 0.557571649551392 0.548394501209259 0.546699106693268 0.552610754966736 0.572932839393616 0.597404658794403 0.599477112293243 0.592162132263184 0.596736490726471 0.590439021587372 0.598122954368591 0.600505530834198 0.591869115829468 0.588637113571167 0.56136155128479 0.548344075679779 0.564846217632294 0.571462690830231 0.567323684692383 0.568954348564148 0.584199607372284 0.593768179416656 0.597551703453064 0.612083375453949 0.620839357376099 0.620775461196899 0.61384779214859 0.600991249084473 0.57540887594223 0.555192649364471 0.542796790599823 0.541896760463715 0.522688210010529 0.515745401382446 0.539259016513824 0.551940858364105 0.578311443328857 0.589531064033508 0.580057621002197 0.594788074493408 0.592807948589325 0.567918121814728 0.556704878807068 0.554362893104553 0.54852694272995 0.545997023582458 0.564674854278564 0.580642402172089
0.526326239109039 0.521125018596649 0.546376883983612 0.551196336746216 0.579100430011749 0.621319890022278 0.627885401248932 0.612366616725922 0.595186591148376 0.587967216968536 0.578019499778748 0.574687540531158 0.559952676296234 0.553011476993561 0.570716917514801 0.547948479652405 0.525330007076263 0.542885959148407 0.554813086986542 0.546778082847595 0.544548690319061 0.570205688476562 0.597415626049042 0.607538163661957 0.609500288963318 0.613299787044525 0.618013501167297 0.622894823551178 0.618113696575165 0.591437101364136 0.571136295795441 0.553289771080017 0.526700496673584 0.500369668006897 0.508238554000854 0.542092502117157 0.558872103691101 0.586946249008179 0.607674181461334 0.614039301872253 0.627032101154327 0.603592157363892 0.56313568353653 0.540300011634827 0.54196685552597 0.552100777626038 0.545832455158234 0.55410099029541 0.572366893291473
0.557410776615143 0.538593292236328 0.545389294624329 0.569862723350525 0.611942529678345 0.642749845981598 0.638578474521637 0.622967183589935 0.605559587478638 0.577792406082153 0.553619384765625 0.533370792865753 0.502307415008545 0.504582822322845 0.53143048286438 0.515689432621002 0.486822992563248 0.5043785572052 0.534385204315186 0.534923911094666 0.528967499732971 0.543316900730133 0.581056654453278 0.608868181705475 0.609185814857483 0.60284036397934 0.601888179779053 0.612004160881042 0.619000017642975 0.602633953094482 0.592227816581726 0.559316098690033 0.521046221256256 0.500869333744049 0.516660273075104 0.560046017169952 0.584214746952057 0.614473402500153 0.619733929634094 0.616311073303223 0.619480073451996 0.596581995487213 0.560131847858429 0.533614456653595 0.519227981567383 0.525989055633545 0.53442507982254 0.543262243270874 0.561290502548218
0.601050317287445 0.586590826511383 0.569789409637451 0.602106213569641 0.639839470386505 0.651614010334015 0.638244867324829 0.614526331424713 0.592852294445038 0.56509268283844 0.52506810426712 0.494630545377731 0.473648548126221 0.4753178358078 0.500137388706207 0.491124927997589 0.466378837823868 0.49299481511116 0.528297960758209 0.538557708263397 0.537962675094604 0.548133194446564 0.588794052600861 0.618140757083893 0.613116681575775 0.601808369159698 0.601046800613403 0.588093161582947 0.591788768768311 0.59753406047821 0.589030265808105 0.566157877445221 0.535416483879089 0.523294687271118 0.530499696731567 0.572997152805328 0.606450855731964 0.624276757240295 0.610226690769196 0.584483087062836 0.585166096687317 0.58067399263382 0.569600939750671 0.546899437904358 0.521854937076569 0.526690602302551 0.548231780529022 0.550407290458679 0.555583238601685
0.6101393699646 0.609825432300568 0.595007419586182 0.602463066577911 0.620624721050262 0.623625040054321 0.610203146934509 0.581916749477386 0.558578789234161 0.532869338989258 0.501748144626617 0.48864334821701 0.480792999267578 0.476198941469193 0.498584091663361 0.501877963542938 0.475535988807678 0.492452830076218 0.515821754932404 0.529742538928986 0.543496608734131 0.560949087142944 0.589552700519562 0.609248578548431 0.597062230110168 0.572933673858643 0.566928923130035 0.554885447025299 0.570977389812469 0.576500356197357 0.566336512565613 0.569897949695587 0.544645667076111 0.521169722080231 0.521723508834839 0.558669030666351 0.586373567581177 0.604185342788696 0.607840836048126 0.581252694129944 0.571444451808929 0.57693350315094 0.585753321647644 0.5667724609375 0.543852865695953 0.552693903446198 0.576196193695068 0.568616986274719 0.551340103149414
0.588998794555664 0.596147656440735 0.583865463733673 0.569729387760162 0.566786050796509 0.575835168361664 0.573954880237579 0.559111893177032 0.546467423439026 0.534216284751892 0.516909241676331 0.510920822620392 0.511487185955048 0.499016523361206 0.501330256462097 0.505132138729095 0.492017209529877 0.505965828895569 0.520304918289185 0.526129961013794 0.542071402072906 0.558250367641449 0.563797652721405 0.565013945102692 0.555148541927338 0.543575346469879 0.542050004005432 0.540690243244171 0.56902152299881 0.558429002761841 0.550722360610962 0.595858991146088 0.555132031440735 0.512772917747498 0.505865514278412 0.53148627281189 0.552477836608887 0.585673987865448 0.624766528606415 0.613925993442535 0.596450984477997 0.592484533786774 0.598403632640839 0.576579809188843 0.553749442100525 0.567919492721558 0.59522557258606 0.582293629646301 0.560054540634155
0.558812081813812 0.563863337039948 0.56333190202713 0.543061017990112 0.522634506225586 0.53339010477066 0.542837023735046 0.555267512798309 0.559273660182953 0.537969350814819 0.516260266304016 0.515746831893921 0.520776510238647 0.504834473133087 0.503743231296539 0.505690157413483 0.498850613832474 0.508747518062592 0.51723849773407 0.523774802684784 0.544143676757812 0.552791655063629 0.546729445457458 0.528264164924622 0.515110194683075 0.532766461372375 0.541760742664337 0.526638209819794 0.541242003440857 0.553322494029999 0.575340509414673 0.612772226333618 0.576809704303741 0.539399266242981 0.532361745834351 0.549690544605255 0.571491777896881 0.593779563903809 0.626228392124176 0.639333784580231 0.620532274246216 0.602467834949493 0.606049299240112 0.592722117900848 0.572206377983093 0.574538052082062 0.590959906578064 0.583575487136841 0.57504665851593
0.535153746604919 0.545989215373993 0.557284533977509 0.543348670005798 0.504819452762604 0.498952656984329 0.520633041858673 0.547007918357849 0.558506786823273 0.533865869045258 0.513231694698334 0.51377946138382 0.517861187458038 0.520528197288513 0.519810259342194 0.511125981807709 0.507389068603516 0.512647747993469 0.507301092147827 0.522017598152161 0.555124819278717 0.554281651973724 0.530652403831482 0.50187736749649 0.481712073087692 0.504804134368896 0.528237462043762 0.52708911895752 0.535207033157349 0.564013183116913 0.597502291202545 0.612476885318756 0.608678042888641 0.587214827537537 0.569414258003235 0.576098084449768 0.597800552845001 0.605890154838562 0.616126477718353 0.642207205295563 0.623293220996857 0.608428716659546 0.622450590133667 0.62983900308609 0.605118095874786 0.582853555679321 0.581973731517792 -3.4e+38 -3.4e+38
0.524217963218689 0.552346646785736 0.555570363998413 0.5356525182724 0.503014206886292 0.489707678556442 0.504956007003784 0.526552855968475 0.536515235900879 0.523945033550262 0.519298791885376 0.524624586105347 0.529829382896423 0.531743884086609 0.534177005290985 0.535437524318695 0.538699209690094 0.535422146320343 0.526387989521027 0.536733448505402 0.562932312488556 0.56299614906311 0.538884699344635 0.503425478935242 0.481758028268814 0.500478029251099 0.520835876464844 0.534286439418793 0.550484895706177 0.569071233272552 0.603538155555725 0.62380188703537 0.623291969299316 0.615364074707031 0.601204633712769 0.601335346698761 0.609807431697845 0.610502362251282 0.619285047054291 0.63405042886734 0.632584810256958 0.624569654464722 0.639746367931366 0.652072310447693 0.62497341632843 0.584591567516327 -3.4e+38 -3.4e+38 -3.4e+38
0.524258971214294 0.54817533493042 0.535058975219727 0.517140090465546 0.508282780647278 0.496455103158951 0.499197095632553 0.505585670471191 0.510398685932159 0.519015073776245 0.536640465259552 0.535055637359619 0.539975106716156 0.55446457862854 0.557143568992615 0.555650174617767 0.552301228046417 0.542849659919739 0.535360097885132 0.549287855625153 0.563734233379364 0.556909501552582 0.537535607814789 0.506406545639038 0.488061904907227 0.507033824920654 0.525347948074341 0.538233637809753 0.556026995182037 0.574669241905212 0.602671921253204 0.621603012084961 0.623989880084991 0.622543513774872 0.619813501834869 0.626310050487518 0.622303247451782 0.6011061668396 0.609119653701782 0.629646301269531 0.637568235397339 0.627132475376129 0.626753926277161 0.628004431724548 0.610951781272888 -3.4e+38 -3.4e+38 -3.4e+38 -3.4e+38
0.499920964241028 0.52153742313385 0.517656564712524 0.514983952045441 0.516595602035522 0.511408030986786 0.507890403270721 0.502104878425598 0.505775809288025 0.522404074668884 0.550529778003693 0.548801302909851 0.556622564792633 0.573940455913544 0.565757930278778 0.551049411296844 0.542490005493164 0.525540769100189 0.513255774974823 0.521457493305206 0.530929267406464 0.52487850189209 0.513525128364563 0.48774716258049 0.475204735994339 0.501571297645569 0.530629992485046 0.542352437973022 0.560858726501465 0.581653296947479 0.599472880363464 0.609498977661133 0.612334609031677 0.611138761043549 0.612176418304443 0.620507836341858 0.621016681194305 0.604782581329346 0.601332545280457 0.609857738018036 0.615086317062378 -3.4e+38 -3.4e+38 -3.4e+38 -3.4e+38 -3.4e+38 -3.4e+38 -3.4e+38 -3.4e+38
0.497278422117233 0.50829291343689 0.521447598934174 0.536344468593597 0.534192383289337 0.531761884689331 0.528383433818817 0.524155497550964 0.522719621658325 0.52291601896286 0.544782221317291 0.560025155544281 0.564685165882111 0.570610463619232 0.557985424995422 0.540167510509491 0.533951222896576 0.509260475635529 0.482596695423126 0.473090291023254 0.477954804897308 0.485768139362335 0.491339385509491 0.488139897584915 0.501113712787628 0.518124103546143 0.532848834991455 0.547517359256744 0.567794740200043 0.590758264064789 0.604255497455597 0.611257612705231 0.614484131336212 0.610674858093262 0.608453154563904 -3.4e+38 -3.4e+38 -3.4e+38 -3.4e+38 -3.4e+38 -3.4e+38 -3.4e+38 -3.4e+38 -3.4e+38 -3.4e+38 -3.4e+38 -3.4e+38 -3.4e+38 -3.4e+38
