data/trimmed_ndre/W_ndre.615.2013_no_clouds.asc
NCOLS 130 
NROWS 71 
XLLCORNER 530645 
YLLCORNER 5158205 
CELLSIZE 5 
NODATA_value -3.4e+38 
[rows 42 to 62 of 71, columns 49 to 97 of 130]
0.420502781867981 0.402284622192383 0.397726237773895 0.407668918371201 0.441972255706787 0.480057835578918 0.522552788257599 0.557543694972992 0.576235234737396 0.599397897720337 0.622907638549805 0.618209064006805 0.600285112857819 0.596098959445953 0.584414422512054 0.568707406520844 0.561251044273376 0.557983338832855 0.547142744064331 0.527974963188171 0.516455292701721 0.52522599697113 0.538661658763885 0.543039441108704 0.540442585945129 0.534948110580444 0.538679718971252 0.539161801338196 0.548363864421844 0.543175101280212 0.547021329402924 0.559919357299805 0.557241857051849 0.557423412799835 0.562269032001495 0.557444334030151 0.55031818151474 0.548190593719482 0.549344778060913 0.55664336681366 0.558337330818176 0.566096246242523 0.567050695419312 0.557934403419495 0.553362488746643 0.551643371582031 0.55544251203537 0.564995646476746 0.564970016479492
0.422824174165726 0.412031412124634 0.416214168071747 0.431974858045578 0.461065888404846 0.495102822780609 0.525423288345337 0.556961596012115 0.586006820201874 0.608001291751862 0.624327182769775 0.620683491230011 0.602703213691711 0.599392890930176 0.58584463596344 0.568526089191437 0.561210691928864 0.562714099884033 0.551732540130615 0.527658224105835 0.512493073940277 0.517188906669617 0.519007444381714 0.518998682498932 0.516611576080322 0.516255736351013 0.524521291255951 0.530078828334808 0.546898066997528 0.540593147277832 0.538776218891144 0.563525497913361 0.565916836261749 0.561929047107697 0.556960761547089 0.552259743213654 0.554852843284607 0.552395820617676 0.550570249557495 0.558939039707184 0.550077378749847 0.54211550951004 0.553087174892426 0.558688879013062 0.558100163936615 0.55869072675705 0.562024354934692 0.567852973937988 0.576813101768494
0.425559610128403 0.416372120380402 0.420303851366043 0.439422458410263 0.473026484251022 0.505244374275208 0.530420899391174 0.563719928264618 0.598480641841888 0.612239837646484 0.616177082061768 0.608758270740509 0.595053613185883 0.592901706695557 0.587453424930573 0.573916256427765 0.561123669147491 0.554190695285797 0.536283195018768 0.515041947364807 0.507039427757263 0.510559976100922 0.507844209671021 0.503908932209015 0.497587323188782 0.501655340194702 0.512028276920319 0.523404121398926 0.536489963531494 0.541906237602234 0.54484486579895 0.551012635231018 0.552312135696411 0.554688572883606 0.552626192569733 0.55355441570282 0.565339982509613 0.569238245487213 0.557206273078918 0.547370493412018 0.541649222373962 0.532842576503754 0.54032027721405 0.553363561630249 0.561944007873535 0.568871319293976 0.564061522483826 0.559993147850037 0.57086044549942
0.432047307491302 0.421724498271942 0.423765420913696 0.440421968698502 0.473034262657166 0.51196950674057 0.545433819293976 0.579487025737762 0.610577344894409 0.618410587310791 0.610723555088043 0.597004652023315 0.593597233295441 0.592765629291534 0.580842256546021 0.563667416572571 0.54636824131012 0.532620131969452 0.515816748142242 0.499424815177917 0.493199795484543 0.497842282056808 0.499664723873138 0.499352693557739 0.497211396694183 0.506236672401428 0.514524877071381 0.523078501224518 0.531476378440857 0.532102406024933 0.529485642910004 0.521586656570435 0.526206493377686 0.543110132217407 0.554426312446594 0.557008922100067 0.561602473258972 0.560743629932404 0.548251986503601 0.537616193294525 0.545149147510529 0.543554425239563 0.535515904426575 0.537343859672546 0.54425722360611 0.557044923305511 0.562770485877991 0.562711954116821 0.566718995571136
0.448544055223465 0.443418800830841 0.442329496145248 0.454609751701355 0.486164718866348 0.525579392910004 0.566797494888306 0.591326594352722 0.610140979290009 0.619969248771667 0.610413253307343 0.591118395328522 0.590126037597656 0.592732727527618 0.576467931270599 0.551029026508331 0.528841257095337 0.521270930767059 0.513218641281128 0.487686812877655 0.480278134346008 0.487063854932785 0.497351586818695 0.504779517650604 0.508979201316833 0.51519376039505 0.51783686876297 0.524393260478973 0.524069130420685 0.515039920806885 0.50862854719162 0.499582529067993 0.507263362407684 0.527577638626099 0.538897037506104 0.541656613349915 0.537635385990143 0.534596145153046 0.537147462368011 0.541303396224976 0.55031406879425 0.557218432426453 0.557690382003784 0.556487143039703 0.55242657661438 0.549582362174988 0.562641620635986 0.574066042900085 0.576999664306641
0.470555394887924 0.469302654266357 0.465013831853867 0.471860021352768 0.489934206008911 0.518120229244232 0.55494236946106 0.576153457164764 0.589195430278778 0.607152342796326 0.602728247642517 0.584921479225159 0.585715472698212 0.587452590465546 0.572960913181305 0.54858785867691 0.526827991008759 0.516851544380188 0.503351867198944 0.483526021242142 0.483741581439972 0.490221172571182 0.503731250762939 0.515480220317841 0.524969875812531 0.525476694107056 0.517257452011108 0.521628797054291 0.517471075057983 0.505933940410614 0.501428961753845 0.495108872652054 0.501193284988403 0.519963562488556 0.524622857570648 0.519473791122437 0.514066100120544 0.519729018211365 0.53536456823349 0.546937048435211 0.560894072055817 0.573862195014954 0.582126617431641 0.579400599002838 0.564552485942841 0.552103519439697 0.55226069688797 0.558341979980469 0.564608752727509
0.496912062168121 0.492212146520615 0.489795058965683 0.49631342291832 0.509892880916595 0.527827203273773 0.534965813159943 0.550686061382294 0.574899077415466 0.592138469219208 0.587833285331726 0.576031088829041 0.57483583688736 0.568907260894775 0.558702170848846 0.548244655132294 0.536138832569122 0.528584420681 0.512156128883362 0.497838526964188 0.498299032449722 0.497862458229065 0.506752073764801 0.522603869438171 0.537317276000977 0.531315982341766 0.515090525150299 0.515489399433136 0.51396119594574 0.513152480125427 0.516894698143005 0.514948606491089 0.518447697162628 0.521774053573608 0.518225133419037 0.51552826166153 0.518802762031555 0.525471746921539 0.538820624351501 0.555507183074951 0.568558514118195 0.580370128154755 0.585640609264374 0.578402459621429 0.56543105840683 0.551673114299774 0.543420672416687 0.549143731594086 0.555884003639221
0.519391894340515 0.515771389007568 0.5098717212677 0.511356830596924 0.522769749164581 0.540755808353424 0.532993912696838 0.52549159526825 0.543177425861359 0.561074793338776 0.567303657531738 0.566613495349884 0.563219964504242 0.548015356063843 0.537603974342346 0.531899631023407 0.534141778945923 0.541277647018433 0.526621520519257 0.511705994606018 0.511136054992676 0.505402684211731 0.507481873035431 0.519940674304962 0.5306676030159 0.521314978599548 0.50894683599472 0.512849450111389 0.518671214580536 0.525599598884583 0.532559216022491 0.534390330314636 0.534882426261902 0.519221186637878 0.511734247207642 0.520747721195221 0.53059321641922 0.539947807788849 0.551893353462219 0.568307757377625 0.573284685611725 0.578144133090973 0.580575823783875 0.57053929567337 0.562319099903107 0.551612973213196 0.546033918857574 0.552194952964783 0.549065709114075
0.541362285614014 0.537553548812866 0.529287755489349 0.520240426063538 0.517652630805969 0.529544532299042 0.537437736988068 0.532774388790131 0.540732085704803 0.551775753498077 0.554182052612305 0.558814883232117 0.556142747402191 0.541949093341827 0.528304815292358 0.526232659816742 0.529163599014282 0.53490537405014 0.519599616527557 0.505032956600189 0.508043646812439 0.504991829395294 0.500913619995117 0.503830790519714 0.508432745933533 0.500747740268707 0.494757026433945 0.497001767158508 0.509357511997223 0.528399586677551 0.532379806041718 0.533332109451294 0.534497082233429 0.5178102850914 0.517920136451721 0.532191812992096 0.542485058307648 0.55248612165451 0.56169456243515 0.57414299249649 0.578839719295502 0.580199956893921 0.577376842498779 0.565764605998993 0.553350746631622 0.547713100910187 0.542252480983734 0.541404366493225 0.537461400032043
0.558750092983246 0.55910587310791 0.557621657848358 0.548632562160492 0.538002133369446 0.549137234687805 0.569984257221222 0.566049218177795 0.56292337179184 0.564688980579376 0.558085680007935 0.553236305713654 0.543404817581177 0.531362116336823 0.527928233146667 0.529506325721741 0.526736617088318 0.528841197490692 0.522179663181305 0.500524401664734 0.497573286294937 0.5053551197052 0.503656029701233 0.50011533498764 0.500465512275696 0.494411289691925 0.495110660791397 0.495124965906143 0.505813598632812 0.522581577301025 0.520178318023682 0.527702808380127 0.53695160150528 0.531295239925385 0.538236021995544 0.547327280044556 0.552088260650635 0.555210590362549 0.561924338340759 0.57942122220993 0.587553024291992 0.590139210224152 0.585614025592804 0.563709437847137 0.538919627666473 0.526732623577118 0.519383668899536 0.512096226215363 0.506837427616119
0.566965878009796 0.574378609657288 0.578598856925964 0.579599261283875 0.57914263010025 0.583216786384583 0.592271745204926 0.580826699733734 0.568591058254242 0.560551226139069 0.554840922355652 0.548322141170502 0.533949255943298 0.520268738269806 0.518691599369049 0.518743336200714 0.516476213932037 0.522571086883545 0.518113255500793 0.497480452060699 0.498709708452225 0.513779282569885 0.512051522731781 0.503126204013824 0.499708563089371 0.506451666355133 0.516763687133789 0.517398595809937 0.516164660453796 0.519763886928558 0.521869003772736 0.53410267829895 0.548878133296967 0.552308976650238 0.56074595451355 0.562192678451538 0.559660673141479 0.559610545635223 0.567042589187622 0.577064692974091 0.583444237709045 0.588814616203308 0.58562558889389 0.553409695625305 0.517162024974823 0.498114913702011 0.487282395362854 0.477777093648911 0.476279735565186
0.574071407318115 0.579145133495331 0.58389538526535 0.597089350223541 0.605049431324005 0.593910813331604 0.584918081760406 0.575869143009186 0.567539870738983 0.557912647724152 0.549000561237335 0.545720279216766 0.535021841526031 0.523128628730774 0.516267657279968 0.512674033641815 0.504678428173065 0.504346430301666 0.503924667835236 0.497268795967102 0.501892983913422 0.508415460586548 0.50222259759903 0.496073484420776 0.496672034263611 0.513250529766083 0.529378235340118 0.529402792453766 0.532684087753296 0.540870487689972 0.54922342300415 0.557717978954315 0.564949870109558 0.564867675304413 0.568704843521118 0.571544289588928 0.56686669588089 0.565469205379486 0.574785470962524 0.574162364006042 0.568969190120697 0.567200481891632 0.557217061519623 0.530587673187256 0.49679884314537 0.475156724452972 0.467865258455276 0.467393606901169 0.477882832288742
0.584317982196808 0.58374559879303 0.581919968128204 0.59247887134552 0.596315801143646 0.5867520570755 0.580938875675201 0.574009656906128 0.567320048809052 0.555258214473724 0.546783864498138 0.544779360294342 0.536992013454437 0.52593857049942 0.52036726474762 0.511214733123779 0.496514976024628 0.492943435907364 0.504852473735809 0.508790016174316 0.510342240333557 0.508739352226257 0.500834882259369 0.497103214263916 0.500384867191315 0.514211297035217 0.533637166023254 0.542685627937317 0.55145388841629 0.558179974555969 0.564806997776031 0.573868691921234 0.573723614215851 0.568395256996155 0.569741368293762 0.573275327682495 0.566420674324036 0.562446475028992 0.566523730754852 0.563830435276031 0.556119799613953 0.546918034553528 0.534049987792969 0.517742455005646 0.495365619659424 0.477809250354767 0.474844664335251 0.478102564811707 0.498048812150955
0.593663930892944 0.59094649553299 0.585267782211304 0.592429995536804 0.595017552375793 0.584988474845886 0.57567697763443 0.572563111782074 0.562746465206146 0.549734532833099 0.550187051296234 0.546862721443176 0.537692487239838 0.528844892978668 0.524132668972015 0.514069318771362 0.494439899921417 0.491960465908051 0.501747071743011 0.512107312679291 0.516761481761932 0.510068535804749 0.501102864742279 0.499919563531876 0.508435726165771 0.518091559410095 0.536804914474487 0.551906228065491 0.5608149766922 0.562861859798431 0.568305134773254 0.575884401798248 0.576193511486053 0.573350787162781 0.571718275547028 0.569824635982513 0.564029157161713 0.559332609176636 0.55172860622406 0.541029691696167 0.533711850643158 0.521710216999054 0.516088724136353 0.517042279243469 0.511297702789307 0.49495393037796 0.487144023180008 0.481251448392868 0.49129518866539
0.593864738941193 0.591619610786438 0.591574788093567 0.59577888250351 0.594147682189941 0.584031999111176 0.569580674171448 0.56561291217804 0.55364578962326 0.542451679706573 0.546757280826569 0.53919780254364 0.532535076141357 0.525730967521667 0.521325290203094 0.513145089149475 0.500069499015808 0.501392126083374 0.5067418217659 0.511358201503754 0.510904550552368 0.500800848007202 0.490972518920898 0.494079649448395 0.510863304138184 0.523912370204926 0.536303162574768 0.549900591373444 0.556902766227722 0.559400677680969 0.568303465843201 0.568879723548889 0.561865389347076 0.560755550861359 0.558728218078613 0.556464076042175 0.557533264160156 0.559436798095703 0.551710188388824 0.544863700866699 0.537396907806396 0.523120999336243 0.521795272827148 0.523274600505829 0.521858692169189 0.515893936157227 0.51399302482605 0.508451998233795 0.489492893218994
0.590854108333588 0.587412595748901 0.588240265846252 0.58978259563446 0.591287970542908 0.58193176984787 0.564196884632111 0.552393972873688 0.542428255081177 0.5312859416008 0.530871510505676 0.522508084774017 0.516607165336609 0.513267517089844 0.512455701828003 0.512019455432892 0.510441482067108 0.517112910747528 0.514422595500946 0.509822726249695 0.499681085348129 0.488365083932877 0.482442259788513 0.486541241407394 0.501843988895416 0.516823947429657 0.528936982154846 0.547370076179504 0.557479858398438 0.557884335517883 0.562176525592804 0.551819682121277 0.538833677768707 0.538780808448792 0.5387002825737 0.541550517082214 0.544955134391785 0.549563407897949 0.54366934299469 0.538503110408783 0.540071487426758 0.53471964597702 0.53059047460556 0.526098906993866 0.518659949302673 0.51315701007843 0.520079553127289 0.518242359161377 0.497303426265717
0.60062837600708 0.597227990627289 0.597165584564209 0.599918901920319 0.588421225547791 0.577729344367981 0.556484937667847 0.542401850223541 0.530097186565399 0.517654061317444 0.513487875461578 0.506278574466705 0.497341632843018 0.49525049328804 0.496724843978882 0.503076732158661 0.514047563076019 0.521764516830444 0.518844783306122 0.512998521327972 0.500763475894928 0.484630137681961 0.47668519616127 0.481590837240219 0.490686386823654 0.498440712690353 0.511363446712494 0.530123472213745 0.542701721191406 0.543930768966675 0.542711496353149 0.531678915023804 0.521905183792114 0.524799168109894 0.528145611286163 0.53374445438385 0.535352051258087 0.537677407264709 0.535275042057037 0.527956187725067 0.530351102352142 0.531204223632812 0.527355849742889 0.51844322681427 0.506008625030518 0.500556349754333 0.507951855659485 -3.4e+38 -3.4e+38
0.60114711523056 0.598692417144775 0.60487312078476 0.607710957527161 0.578757882118225 0.571135938167572 0.573786914348602 0.558860719203949 0.534496307373047 0.514755964279175 0.505987465381622 0.494608908891678 0.481783658266068 0.478654652833939 0.481138288974762 0.496363788843155 0.510121881961823 0.515492796897888 0.51588374376297 0.513831853866577 0.504487812519073 0.493126571178436 0.487533926963806 0.493412166833878 0.494669198989868 0.501521110534668 0.513765454292297 0.522822618484497 0.527102470397949 0.526028096675873 0.522152543067932 0.51019811630249 0.507416784763336 0.517387747764587 0.526130318641663 0.535091936588287 0.535256624221802 0.534970164299011 0.53649491071701 0.531085133552551 0.524746537208557 0.523487627506256 0.519608616828918 0.508026659488678 0.499534487724304 0.499314546585083 -3.4e+38 -3.4e+38 -3.4e+38
0.587812602519989 0.583565533161163 0.586317598819733 0.591748774051666 0.579295217990875 0.575871884822845 0.585483908653259 0.571194231510162 0.54217118024826 0.522726833820343 0.505804240703583 0.497562199831009 0.492840468883514 0.484767854213715 0.484431505203247 0.499861150979996 0.507667720317841 0.508946597576141 0.511944174766541 0.515841722488403 0.514570116996765 0.511192739009857 0.509175717830658 0.511190354824066 0.512306988239288 0.51983380317688 0.529931247234344 0.527738273143768 0.526518642902374 0.520537137985229 0.508802175521851 0.495212912559509 0.493735134601593 0.506570100784302 0.521613836288452 0.532633483409882 0.532359063625336 0.526209712028503 0.524661421775818 0.520709574222565 0.512320041656494 0.509912192821503 0.51008403301239 0.499880999326706 0.495122492313385 -3.4e+38 -3.4e+38 -3.4e+38 -3.4e+38
0.576635241508484 0.570737659931183 0.573161005973816 0.575978338718414 0.576454520225525 0.572901725769043 0.573613524436951 0.563462674617767 0.549129843711853 0.538604617118835 0.52092307806015 0.520245969295502 0.515901148319244 0.501136660575867 0.500295341014862 0.512866795063019 0.516208410263062 0.514630019664764 0.52144455909729 0.529510021209717 0.531189620494843 0.529724061489105 0.532149612903595 0.533130049705505 0.530324041843414 0.529559731483459 0.537477374076843 0.538918793201447 0.533244013786316 0.528602540493011 0.512093782424927 0.496402770280838 0.497432172298431 0.50531804561615 0.516238570213318 0.520039498806 0.519566297531128 0.516539394855499 0.51186329126358 0.505729258060455 0.499208360910416 -3.4e+38 -3.4e+38 -3.4e+38 -3.4e+38 -3.4e+38 -3.4e+38 -3.4e+38 -3.4e+38
0.57211297750473 0.565244615077972 0.569860279560089 0.566712141036987 0.566645920276642 0.563920199871063 0.563425123691559 0.565003573894501 0.56341540813446 0.560648739337921 0.548685789108276 0.542434215545654 0.530595302581787 0.519841551780701 0.529282510280609 0.537797570228577 0.537690162658691 0.537266910076141 0.541324019432068 0.544314861297607 0.544203817844391 0.545941948890686 0.549288213253021 0.554819524288177 0.550835490226746 0.542460441589355 0.542527258396149 0.545008838176727 0.539346933364868 0.539408683776855 0.531581699848175 0.520979106426239 0.521569490432739 0.522838830947876 0.52422833442688 -3.4e+38 -3.4e+38 -3.4e+38 -3.4e+38 -3.4e+38 -3.4e+38 -3.4e+38 -3.4e+38 -3.4e+38 -3.4e+38 -3.4e+38 -3.4e+38 -3.4e+38 -3.4e+38
