data/trimmed_ndre/W_ndre.613.2015_no_clouds.asc
NCOLS 130 
NROWS 71 
XLLCORNER 530645 
YLLCORNER 5158205 
CELLSIZE 5 
NODATA_value -3.4e+38 
[rows 21 to 41 of 71, columns 49 to 97 of 130]
0.28291928768158 0.26675945520401 0.257914811372757 0.25969672203064 0.262649446725845 0.267143100500107 0.269313633441925 0.263317435979843 0.259835451841354 0.252058118581772 0.239764705300331 0.249611660838127 0.248257085680962 0.241816610097885 0.248889863491058 0.258938878774643 0.263231813907623 0.258783370256424 -3.4e+38 -3.4e+38 -3.4e+38 -3.4e+38 -3.4e+38 -3.4e+38 -3.4e+38 -3.4e+38 -3.4e+38 -3.4e+38 -3.4e+38 -3.4e+38 -3.4e+38 -3.4e+38 -3.4e+38 -3.4e+38 -3.4e+38 -3.4e+38 -3.4e+38 -3.4e+38 -3.4e+38 -3.4e+38 -3.4e+38 -3.4e+38 -3.4e+38 -3.4e+38 -3.4e+38 -3.4e+38 -3.4e+38 -3.4e+38 -3.4e+38
0.288449615240097 0.282026141881943 0.274183422327042 0.268815875053406 0.264276623725891 0.26559579372406 0.264359712600708 0.257599800825119 0.254890471696854 0.247783571481705 0.239100515842438 0.245032608509064 0.235830068588257 0.23070153594017 0.238962322473526 0.246028617024422 0.250316590070724 0.250698804855347 0.252573043107986 0.254182517528534 0.252833545207977 0.248584941029549 0.25413566827774 0.259083151817322 0.258548647165298 0.247615486383438 0.240249514579773 0.239011913537979 -3.4e+38 -3.4e+38 -3.4e+38 -3.4e+38 -3.4e+38 -3.4e+38 -3.4e+38 -3.4e+38 -3.4e+38 -3.4e+38 -3.4e+38 -3.4e+38 -3.4e+38 -3.4e+38 -3.4e+38 -3.4e+38 -3.4e+38 -3.4e+38 -3.4e+38 -3.4e+38 -3.4e+38
0.278605252504349 0.279625296592712 0.27896374464035 0.272472828626633 0.262066185474396 0.261517137289047 0.257160723209381 0.25129622220993 0.250318348407745 0.250437289476395 0.246574655175209 0.242138534784317 0.227884039282799 0.229086145758629 0.237192273139954 0.235132813453674 0.240615874528885 0.244104504585266 0.24491448700428 0.243513956665993 0.239057004451752 0.237052708864212 0.24425782263279 0.250990599393845 0.252887725830078 0.245935618877411 0.234584555029869 0.234797194600105 0.241502806544304 -3.4e+38 -3.4e+38 -3.4e+38 -3.4e+38 -3.4e+38 -3.4e+38 -3.4e+38 -3.4e+38 -3.4e+38 -3.4e+38 -3.4e+38 -3.4e+38 -3.4e+38 -3.4e+38 -3.4e+38 -3.4e+38 -3.4e+38 -3.4e+38 -3.4e+38 -3.4e+38
0.265797585248947 0.259228825569153 0.257128208875656 0.252794176340103 0.250418126583099 0.257959693670273 0.25511634349823 0.25028583407402 0.249834164977074 0.25811642408371 0.254914820194244 0.243425250053406 0.230353817343712 0.235211297869682 0.235846251249313 0.228045091032982 0.238819554448128 0.24163743853569 0.23832094669342 0.232760384678841 0.227162316441536 0.228377655148506 0.236248984932899 0.243085935711861 0.249032214283943 0.251160174608231 0.24721160531044 0.246102258563042 0.248256474733353 0.252387702465057 -3.4e+38 -3.4e+38 -3.4e+38 -3.4e+38 -3.4e+38 -3.4e+38 -3.4e+38 -3.4e+38 -3.4e+38 -3.4e+38 -3.4e+38 -3.4e+38 -3.4e+38 -3.4e+38 -3.4e+38 -3.4e+38 -3.4e+38 -3.4e+38 -3.4e+38
0.269396901130676 0.255764365196228 0.250280797481537 0.245355799794197 0.249639645218849 0.262123823165894 0.260716587305069 0.255522519350052 0.253508329391479 0.25921443104744 0.255340039730072 0.24735189974308 0.239981159567833 0.242218554019928 0.233651995658875 0.22764065861702 0.243773072957993 0.247342795133591 0.242303907871246 0.232771635055542 0.225703284144402 0.22726583480835 0.234624788165092 0.243593007326126 0.251588612794876 0.25714984536171 0.258904546499252 0.257607221603394 0.255918860435486 0.258592396974564 0.268480360507965 -3.4e+38 -3.4e+38 -3.4e+38 -3.4e+38 -3.4e+38 -3.4e+38 -3.4e+38 -3.4e+38 -3.4e+38 -3.4e+38 -3.4e+38 -3.4e+38 -3.4e+38 -3.4e+38 -3.4e+38 -3.4e+38 -3.4e+38 -3.4e+38
0.301277637481689 0.284429937601089 0.262612819671631 0.248193457722664 0.253719180822372 0.267497688531876 0.269669383764267 0.261590898036957 0.253232508897781 0.251617580652237 0.253520607948303 0.25222647190094 0.249047204852104 0.245099782943726 0.234281703829765 0.232009574770927 0.241863936185837 0.242223471403122 0.239661946892738 0.234917983412743 0.231720045208931 0.232517793774605 0.235343560576439 0.240151181817055 0.246373683214188 0.253095477819443 0.258339464664459 0.260756701231003 0.26235568523407 0.257935464382172 0.255525052547455 0.258366286754608 0.260801047086716 0.258829712867737 -3.4e+38 -3.4e+38 -3.4e+38 -3.4e+38 -3.4e+38 -3.4e+38 -3.4e+38 -3.4e+38 -3.4e+38 -3.4e+38 -3.4e+38 -3.4e+38 -3.4e+38 -3.4e+38 -3.4e+38
0.308958441019058 0.29825496673584 0.274843722581863 0.252066075801849 0.250252038240433 0.258150309324265 0.26433327794075 0.264038562774658 0.254085391759872 0.247247487306595 0.25301730632782 0.253434896469116 0.250058710575104 0.24498288333416 0.24348546564579 0.240923836827278 0.241566896438599 0.240018799901009 0.235986039042473 0.235314443707466 0.236503899097443 0.238214284181595 0.23749965429306 0.239839717745781 0.245791211724281 0.251133650541306 0.251643478870392 0.252871811389923 0.261374801397324 0.250189423561096 0.244960203766823 0.253854244947433 0.268177032470703 0.270961672067642 0.268378257751465 0.270962417125702 0.283283859491348 0.289953291416168 0.285278111696243 0.272041469812393 0.267680317163467 0.265000104904175 0.259085893630981 0.259390264749527 0.259944021701813 0.258978068828583 0.253226786851883 0.252517551183701 0.251684844493866
0.307600080966949 0.30129286646843 0.279562324285507 0.2484410405159 0.229556813836098 0.228257864713669 0.240856260061264 0.259800404310226 0.255537986755371 0.250016003847122 0.251754611730576 0.248243689537048 0.246016785502434 0.246049895882607 0.250472456216812 0.242665261030197 0.242352575063705 0.246439605951309 0.239375278353691 0.239806085824966 0.242276847362518 0.242566704750061 0.23888835310936 0.243136644363403 0.252618074417114 0.262764930725098 0.260198622941971 0.256403475999832 0.258873760700226 0.258459538221359 0.256034702062607 0.260722547769547 0.27368837594986 0.274902433156967 0.268688648939133 0.26417937874794 0.276503950357437 0.284798562526703 0.282800078392029 0.269707083702087 0.273510545492172 0.273801654577255 0.2696653008461 0.270154416561127 0.266599714756012 0.262511163949966 0.258830845355988 0.255186259746552 0.247229993343353
0.31402200460434 0.312816381454468 0.292118608951569 0.258039593696594 0.222147315740585 0.211618602275848 0.22050279378891 0.245165884494781 0.254216551780701 0.2577143907547 0.255418807268143 0.246457651257515 0.243007853627205 0.24779249727726 0.25332236289978 0.238369435071945 0.236976370215416 0.241883546113968 0.241458863019943 0.243035405874252 0.245326712727547 0.245395645499229 0.241585746407509 0.248089134693146 0.258299827575684 0.267061114311218 0.2640580534935 0.263220191001892 0.26529124379158 0.273829340934753 0.276124864816666 0.273063391447067 0.268759340047836 0.266502797603607 0.265624821186066 0.264987051486969 0.270312905311584 0.273169428110123 0.268552541732788 0.259372115135193 0.271669864654541 0.274569690227509 0.275586992502213 0.279336243867874 0.27396634221077 0.270025223493576 0.26733461022377 0.261056452989578 0.249370455741882
0.332561522722244 0.335201114416122 0.31680616736412 0.280647993087769 0.236350446939468 0.216932088136673 0.208298936486244 0.210115626454353 0.221183091402054 0.239386960864067 0.247952565550804 0.245713666081429 0.244126915931702 0.252978324890137 0.25835594534874 0.247241333127022 0.242402881383896 0.245529532432556 0.248912841081619 0.24624414741993 0.246656686067581 0.247705683112144 0.247899606823921 0.251334458589554 0.256578177213669 0.263476073741913 0.267718762159348 0.275283098220825 0.274831265211105 0.269827008247375 0.270049124956131 0.273029923439026 0.274306088685989 0.274018853902817 0.274599343538284 0.27327224612236 0.270744770765305 0.266041249036789 0.268216669559479 0.271196812391281 0.277982950210571 0.276134371757507 0.279475748538971 0.284166067838669 0.278753340244293 0.277255266904831 0.272835373878479 0.262995630502701 0.252427369356155
0.336823850870132 0.342339843511581 0.331209719181061 0.303131014108658 0.265105009078979 0.232851609587669 0.209383890032768 0.199902266263962 0.20494219660759 0.222199484705925 0.236909106373787 0.245656624436378 0.251453638076782 0.264137983322144 0.264009714126587 0.250459253787994 0.238306432962418 0.244437590241432 0.250730603933334 0.247760936617851 0.24561919271946 0.246106833219528 0.246767207980156 0.246552705764771 0.249538883566856 0.257702708244324 0.270101249217987 0.284405529499054 0.280445396900177 0.271159201860428 0.272642612457275 0.280280739068985 0.284258186817169 0.285344511270523 0.285002201795578 0.280809849500656 0.274642556905746 0.270912319421768 0.282219231128693 0.289030343294144 0.288394898176193 0.280058652162552 0.282438725233078 0.282063901424408 0.272781848907471 0.272923946380615 0.267258644104004 0.257984668016434 0.251854032278061
0.333757549524307 0.337955325841904 0.327470421791077 0.303129136562347 0.272935539484024 0.245167702436447 0.226756930351257 0.215633720159531 0.211471185088158 0.214722022414207 0.228247463703156 0.240812227129936 0.248634204268456 0.25291121006012 0.248868435621262 0.237126365303993 0.224216625094414 0.231869578361511 0.238587826490402 0.239291101694107 0.234958469867706 0.236815497279167 0.238820895552635 0.239167883992195 0.242125049233437 0.250692486763 0.260565131902695 0.266359955072403 0.269733637571335 0.263466000556946 0.262081533670425 0.278340876102448 0.28116649389267 0.279603570699692 0.27719846367836 0.280393302440643 0.278334617614746 0.276292473077774 0.285067915916443 0.293388187885284 0.293414175510406 0.285149306058884 0.286412507295609 0.278255075216293 0.266729414463043 0.267329812049866 0.257776170969009 0.24920617043972 0.245509698987007
0.328522443771362 0.3338463306427 0.321689814329147 0.294608652591705 0.267063468694687 0.248422026634216 0.244926005601883 0.241031363606453 0.231395080685616 0.221552774310112 0.228664308786392 0.230555534362793 0.231860280036926 0.232829973101616 0.231301963329315 0.21952323615551 0.208626076579094 0.212937846779823 0.218160212039948 0.222090512514114 0.223432198166847 0.228856489062309 0.231569454073906 0.233631014823914 0.236308634281158 0.237465888261795 0.237850084900856 0.239260002970695 0.248935386538506 0.244523122906685 0.241637483239174 0.255519181489944 0.248990803956985 0.248081356287003 0.258294373750687 0.280251652002335 0.274240851402283 0.266496360301971 0.264313876628876 0.270554900169373 0.270527571439743 0.268058478832245 0.272133529186249 0.268084555864334 0.262643903493881 0.261709749698639 0.247934341430664 0.24361464381218 0.245650395750999
0.315665513277054 0.327861934900284 0.321369051933289 0.294565051794052 0.264435023069382 0.24882672727108 0.251224458217621 0.251102894544601 0.241902336478233 0.232242733240128 0.233396455645561 0.22825913131237 0.224028125405312 0.224233701825142 0.231998905539513 0.222259715199471 0.213823989033699 0.214829191565514 0.214166104793549 0.214251548051834 0.217256516218185 0.225197359919548 0.22849203646183 0.229858845472336 0.230571910738945 0.228719621896744 0.225484266877174 0.225020796060562 0.230267226696014 0.228409692645073 0.224943339824677 0.224058330059052 0.224997356534004 0.229583323001862 0.242054507136345 0.263689815998077 0.252007693052292 0.241476073861122 0.239968195557594 0.247776582837105 0.247517749667168 0.2452063113451 0.246652632951736 0.250916689634323 0.255755752325058 0.252254277467728 0.233821213245392 0.231939315795898 0.242745205760002
0.292814195156097 0.31038373708725 0.313687831163406 0.297578036785126 0.270310401916504 0.252994507551193 0.245271623134613 0.240116596221924 0.240205153822899 0.240870267152786 0.241202935576439 0.2360779941082 0.235155001282692 0.237563326954842 0.240502178668976 0.226176619529724 0.219372451305389 0.21965067088604 0.218839898705482 0.217082142829895 0.215053126215935 0.215524464845657 0.220313370227814 0.22349725663662 0.225937336683273 0.227702036499977 0.23088750243187 0.232284769415855 0.23270571231842 0.220423877239227 0.221068292856216 0.219710603356361 0.2174381762743 0.221882671117783 0.224642351269722 0.225905805826187 0.226556614041328 0.230169624090195 0.234732791781425 0.239671736955643 0.235351055860519 0.22698563337326 0.220813155174255 0.221682652831078 0.230445817112923 0.230422794818878 0.21991491317749 0.219066277146339 0.235992774367332
0.270145952701569 0.288406759500504 0.297683656215668 0.293848693370819 0.279304027557373 0.269928067922592 0.254356324672699 0.238197445869446 0.240569666028023 0.244887664914131 0.245777443051338 0.237526834011078 0.230375304818153 0.227462098002434 0.227556735277176 0.221628174185753 0.219571262598038 0.22024430334568 0.222583934664726 0.226100087165833 0.227445051074028 0.226032838225365 0.223984032869339 0.222957521677017 0.22538298368454 0.232457190752029 0.246315345168114 0.238276109099388 0.229635789990425 0.22503662109375 0.22618767619133 0.224536061286926 0.220209673047066 0.22074094414711 0.222997039556503 0.219106987118721 0.214941814541817 0.231950744986534 0.236721992492676 0.236972972750664 0.233360484242439 0.226248323917389 0.222730338573456 0.224796265363693 0.233909502625465 0.231335535645485 0.222625017166138 0.217214435338974 0.223765075206757
0.255253791809082 0.270716726779938 0.282792091369629 0.28972139954567 0.28768864274025 0.277991414070129 0.258929193019867 0.24276876449585 0.2423315346241 0.236789762973785 0.231245204806328 0.226299807429314 0.223254531621933 0.215970531105995 0.213884264230728 0.216157704591751 0.216689735651016 0.215497046709061 0.216781422495842 0.223216265439987 0.227262660861015 0.228633433580399 0.22723014652729 0.226402550935745 0.226819634437561 0.231035396456718 0.238359749317169 0.227572917938232 0.224481210112572 0.22825799882412 0.229763925075531 0.22764578461647 0.228326976299286 0.231860488653183 0.234401151537895 0.231452628970146 0.227665051817894 0.238874495029449 0.236966386437416 0.23207776248455 0.230551645159721 0.231733083724976 0.241085663437843 0.248122721910477 0.250300675630569 0.240923836827278 0.238415762782097 0.237158685922623 0.227728188037872
0.24859082698822 0.266184389591217 0.275552421808243 0.286305785179138 0.287917792797089 0.27313631772995 0.255138218402863 0.245679765939713 0.244369685649872 0.236826464533806 0.22683373093605 0.2187330275774 0.214881226420403 0.207649484276772 0.210623353719711 0.21949203312397 0.224040046334267 0.221929803490639 0.220817506313324 0.222172066569328 0.220654875040054 0.220475256443024 0.222607642412186 0.226589873433113 0.225035667419434 0.222897887229919 0.222033694386482 0.216994181275368 0.220633536577225 0.227167695760727 0.232297763228416 0.225160092115402 0.223725736141205 0.230116114020348 0.24100287258625 0.244872063398361 0.241313830018044 0.23699876666069 0.242934957146645 0.241349175572395 0.236247807741165 0.233608692884445 0.245202854275703 0.257484614849091 0.257003873586655 0.233737200498581 0.23483495414257 0.241936758160591 0.239062771201134
0.232046335935593 0.247984632849693 0.262520730495453 0.280267506837845 0.280341476202011 0.263867110013962 0.247311308979988 0.243615627288818 0.244968235492706 0.241218388080597 0.229768455028534 0.21656222641468 0.205988794565201 0.200252503156662 0.199873626232147 0.205797642469406 0.212811335921288 0.211755484342575 0.216615617275238 0.21964418888092 0.216410338878632 0.213931873440742 0.214582443237305 0.217908173799515 0.219200596213341 0.218607664108276 0.214326545596123 0.213912427425385 0.226058140397072 0.235172927379608 0.23652608692646 0.22405931353569 0.218806862831116 0.224047943949699 0.236543253064156 0.238504156470299 0.22849540412426 0.223718017339706 0.235343083739281 0.241089031100273 0.238583713769913 0.232203617691994 0.231210678815842 0.238755404949188 0.241287276148796 0.228950396180153 0.234494894742966 0.242633864283562 0.247555360198021
0.226599127054214 0.233846440911293 0.248956203460693 0.273401528596878 0.277364403009415 0.265253096818924 0.247153133153915 0.240969881415367 0.24196420609951 0.242197334766388 0.233046069741249 0.220936134457588 0.213428020477295 0.213317364454269 0.21369144320488 0.215377524495125 0.211561620235443 0.199185937643051 0.203052997589111 0.209721431136131 0.213381797075272 0.212763369083405 0.215310215950012 0.217406809329987 0.219294369220734 0.224719673395157 0.220476076006889 0.217751920223236 0.234489604830742 0.235140964388847 0.231718182563782 0.224394902586937 0.219783365726471 0.218566238880157 0.221433654427528 0.223942428827286 0.22408527135849 0.224032923579216 0.229391247034073 0.236668601632118 0.238199323415756 0.237201303243637 0.237505689263344 0.237726002931595 0.232867166399956 0.226456478238106 0.232854664325714 0.24051171541214 0.249726593494415
0.228808417916298 0.231474056839943 0.24372111260891 0.271472096443176 0.27821934223175 0.270346432924271 0.253921747207642 0.24090550839901 0.236758470535278 0.232681035995483 0.223114788532257 0.216993421316147 0.217565640807152 0.223664462566376 0.230738192796707 0.235525473952293 0.228416875004768 0.214348062872887 0.214203491806984 0.21639484167099 0.216918215155602 0.215064108371735 0.220345437526703 0.223193228244781 0.22432267665863 0.225857734680176 0.227926895022392 0.224939003586769 0.226336359977722 0.226729527115822 0.225902065634727 0.227368965744972 0.231322348117828 0.228752806782722 0.227277055382729 0.226950004696846 0.224635362625122 0.22874690592289 0.230731129646301 0.232833355665207 0.2364541888237 0.243391439318657 0.247421637177467 0.241922408342361 0.232215359807014 0.228401675820351 0.234310701489449 0.240521833300591 0.256970793008804
