data/trimmed_ndre/W_ndre.724.2009_no_clouds.asc
NCOLS 130 
NROWS 71 
XLLCORNER 530645 
YLLCORNER 5158205 
CELLSIZE 5 
NODATA_value -3.4e+38 
[rows 21 to 41 of 71, columns 49 to 97 of 130]
0.467988222837448 0.461400210857391 0.450291246175766 0.437442719936371 0.424533724784851 0.430655539035797 0.430021315813065 0.423852026462555 0.406733065843582 0.387103080749512 0.393015295267105 0.395809054374695 0.378654211759567 0.384194850921631 0.38323050737381 0.364424109458923 0.37546768784523 0.384437888860703 -3.4e+38 -3.4e+38 -3.4e+38 -3.4e+38 -3.4e+38 -3.4e+38 -3.4e+38 -3.4e+38 -3.4e+38 -3.4e+38 -3.4e+38 -3.4e+38 -3.4e+38 -3.4e+38 -3.4e+38 -3.4e+38 -3.4e+38 -3.4e+38 -3.4e+38 -3.4e+38 -3.4e+38 -3.4e+38 -3.4e+38 -3.4e+38 -3.4e+38 -3.4e+38 -3.4e+38 -3.4e+38 -3.4e+38 -3.4e+38 -3.4e+38
0.471825480461121 0.470083445310593 0.449457079172134 0.436261087656021 0.430494964122772 0.426499962806702 0.421909242868423 0.42849463224411 0.420477956533432 0.390883475542068 0.384476840496063 0.383297234773636 0.377684593200684 0.38786444067955 0.402976840734482 0.39482793211937 0.387924462556839 0.382763475179672 0.380052477121353 0.390600234270096 0.392297655344009 0.404075384140015 0.414250582456589 0.416350543498993 0.427862197160721 0.425017029047012 0.399271905422211 0.392839998006821 -3.4e+38 -3.4e+38 -3.4e+38 -3.4e+38 -3.4e+38 -3.4e+38 -3.4e+38 -3.4e+38 -3.4e+38 -3.4e+38 -3.4e+38 -3.4e+38 -3.4e+38 -3.4e+38 -3.4e+38 -3.4e+38 -3.4e+38 -3.4e+38 -3.4e+38 -3.4e+38 -3.4e+38
0.470187544822693 0.470281720161438 0.459978848695755 0.451101094484329 0.444886356592178 0.428356349468231 0.403177469968796 0.404711157083511 0.412186414003372 0.396738559007645 0.397001087665558 0.395314693450928 0.384693682193756 0.378940403461456 0.391827553510666 0.40373307466507 0.39693546295166 0.388256520032883 0.378994703292847 0.381634205579758 0.387832820415497 0.396327674388885 0.414124697446823 0.420295596122742 0.420312017202377 0.418668419122696 0.420147627592087 0.420517593622208 0.428984820842743 -3.4e+38 -3.4e+38 -3.4e+38 -3.4e+38 -3.4e+38 -3.4e+38 -3.4e+38 -3.4e+38 -3.4e+38 -3.4e+38 -3.4e+38 -3.4e+38 -3.4e+38 -3.4e+38 -3.4e+38 -3.4e+38 -3.4e+38 -3.4e+38 -3.4e+38 -3.4e+38
0.484607875347137 0.481952160596848 0.473294049501419 0.4566850066185 0.445040434598923 0.431261032819748 0.412510246038437 0.41137483716011 0.416016548871994 0.411116242408752 0.409784764051437 0.401361882686615 0.392984002828598 0.388356000185013 0.390327453613281 0.398945927619934 0.399542063474655 0.401101529598236 0.401930183172226 0.400930047035217 0.39964371919632 0.400420814752579 0.409606248140335 0.431076407432556 0.430675566196442 0.418444186449051 0.427651405334473 0.429410010576248 0.42193540930748 0.407267838716507 -3.4e+38 -3.4e+38 -3.4e+38 -3.4e+38 -3.4e+38 -3.4e+38 -3.4e+38 -3.4e+38 -3.4e+38 -3.4e+38 -3.4e+38 -3.4e+38 -3.4e+38 -3.4e+38 -3.4e+38 -3.4e+38 -3.4e+38 -3.4e+38 -3.4e+38
0.440983921289444 0.469557583332062 0.47024741768837 0.454835146665573 0.442619949579239 0.428566932678223 0.417518615722656 0.414702266454697 0.419552236795425 0.410508632659912 0.405499547719955 0.404004842042923 0.406111419200897 0.401168912649155 0.392811179161072 0.406275480985641 0.409755706787109 0.40278759598732 0.410664945840836 0.413523226976395 0.410669028759003 0.41061794757843 0.412391096353531 0.420424729585648 0.440608084201813 0.444261789321899 0.437250882387161 0.417791604995728 0.408760726451874 0.393453538417816 0.367652714252472 -3.4e+38 -3.4e+38 -3.4e+38 -3.4e+38 -3.4e+38 -3.4e+38 -3.4e+38 -3.4e+38 -3.4e+38 -3.4e+38 -3.4e+38 -3.4e+38 -3.4e+38 -3.4e+38 -3.4e+38 -3.4e+38 -3.4e+38 -3.4e+38
0.360605716705322 0.425469487905502 0.474285334348679 0.47726184129715 0.459699273109436 0.436014384031296 0.417099356651306 0.414475947618484 0.420068860054016 0.408148765563965 0.395082950592041 0.398746758699417 0.406803905963898 0.39808052778244 0.394893854856491 0.408150792121887 0.410376042127609 0.402786135673523 0.410157442092896 0.415333896875381 0.413997769355774 0.416103392839432 0.42081344127655 0.425881266593933 0.451890617609024 0.467389166355133 0.453704446554184 0.433468043804169 0.416433751583099 0.403606444597244 0.384162753820419 0.385012239217758 0.412605345249176 0.42674446105957 -3.4e+38 -3.4e+38 -3.4e+38 -3.4e+38 -3.4e+38 -3.4e+38 -3.4e+38 -3.4e+38 -3.4e+38 -3.4e+38 -3.4e+38 -3.4e+38 -3.4e+38 -3.4e+38 -3.4e+38
0.296552062034607 0.365923255681992 0.429071843624115 0.443850576877594 0.437743812799454 0.43606048822403 0.428737491369247 0.43083381652832 0.424154669046402 0.417754679918289 0.415345996618271 0.416791528463364 0.410948991775513 0.396760404109955 0.406632363796234 0.419375360012054 0.421799719333649 0.416936814785004 0.417136430740356 0.419901132583618 0.424034148454666 0.428193271160126 0.43253830075264 0.432746440172195 0.446139723062515 0.449541181325912 0.43171814084053 0.425843060016632 0.424512982368469 0.421118885278702 0.410768508911133 0.405547171831131 0.416824340820312 0.41879415512085 0.432530254125595 0.442224740982056 0.43130686879158 0.423173487186432 0.420957565307617 0.428733855485916 0.427069455385208 0.431487411260605 0.436305731534958 0.420083373785019 0.421227604150772 0.449499696493149 0.458335846662521 0.442823022603989 0.41361591219902
0.22553351521492 0.295769661664963 0.346350461244583 0.386936634778976 0.410937935113907 0.427956014871597 0.436998695135117 0.441905677318573 0.431822955608368 0.436817944049835 0.443207412958145 0.443185538053513 0.437404751777649 0.418084859848022 0.426708549261093 0.434371739625931 0.432281732559204 0.430961519479752 0.435590416193008 0.439223527908325 0.438049226999283 0.432882159948349 0.425571084022522 0.434671252965927 0.449308633804321 0.44494166970253 0.427425801753998 0.430018693208694 0.431400328874588 0.42431178689003 0.41863676905632 0.416328251361847 0.418001621961594 0.407947570085526 0.426447570323944 0.453598260879517 0.447569698095322 0.436969846487045 0.42067688703537 0.419820129871368 0.413269519805908 0.431141823530197 0.453052520751953 0.438956320285797 0.420332878828049 0.435820192098618 0.452636063098907 0.455829620361328 0.433488130569458
0.161528915166855 0.215322718024254 0.27271580696106 0.345009088516235 0.417314559221268 0.429485410451889 0.41998279094696 0.420893549919128 0.422593772411346 0.43177917599678 0.438243597745895 0.429802983999252 0.438250750303268 0.435380488634109 0.434155106544495 0.426275432109833 0.41825345158577 0.430070668458939 0.43857678771019 0.43834388256073 0.430770635604858 0.417672127485275 0.406078815460205 0.422974467277527 0.439878195524216 0.436557620763779 0.428156554698944 0.430667668581009 0.438899308443069 0.435773849487305 0.429137617349625 0.422343254089355 0.421586781740189 0.40828812122345 0.421061456203461 0.440980702638626 0.430832058191299 0.428738802671432 0.433661937713623 0.437812715768814 0.420378178358078 0.421660274267197 0.447141915559769 0.448545962572098 0.43586003780365 0.43059229850769 0.443595230579376 0.444037675857544 0.432071715593338
0.131697982549667 0.157522305846214 0.218709707260132 0.264885425567627 0.329262167215347 0.356461524963379 0.356964290142059 0.373780280351639 0.390097796916962 0.409772992134094 0.41698756814003 0.402158319950104 0.405914396047592 0.416873812675476 0.415260255336761 0.405358195304871 0.390739917755127 0.394671380519867 0.396057814359665 0.395437479019165 0.401902318000793 0.406433701515198 0.397196084260941 0.395747989416122 0.40066134929657 0.399874150753021 0.401660263538361 0.409245669841766 0.416596323251724 0.403952389955521 0.391388952732086 0.390465646982193 0.399805217981339 0.406273812055588 0.423712015151978 0.42536672949791 0.398349672555923 0.395719230175018 0.417535871267319 0.433554083108902 0.427976369857788 0.419100254774094 0.412799894809723 0.412918984889984 0.422637075185776 0.422840029001236 0.414578944444656 0.411243975162506 0.404448926448822
0.142420411109924 0.146046906709671 0.169490486383438 0.199934765696526 0.221272274851799 0.242278710007668 0.283055394887924 0.315634071826935 0.325819224119186 0.330607503652573 0.337026953697205 0.322815090417862 0.324782848358154 0.34017613530159 0.342904657125473 0.337803483009338 0.311746567487717 0.299476534128189 0.312213957309723 0.326403498649597 0.33450248837471 0.331518620252609 0.320278644561768 0.320791572332382 0.328613549470901 0.337103098630905 0.342610210180283 0.340372860431671 0.326341807842255 0.308159708976746 0.316866099834442 0.331737488508224 0.326918870210648 0.322135776281357 0.332053452730179 0.34080895781517 0.334066897630692 0.336198776960373 0.326668351888657 0.321145981550217 0.335635393857956 0.349102526903152 0.341524422168732 0.332130998373032 0.341802328824997 0.356902062892914 0.344861745834351 0.33378803730011 0.331710308790207
0.155359253287315 0.151498571038246 0.158556073904037 0.174498274922371 0.182559117674828 0.187233120203018 0.202491372823715 0.20748233795166 0.210246056318283 0.215893402695656 0.223481357097626 0.218048647046089 0.221674263477325 0.230393916368484 0.225792855024338 0.22912335395813 0.207173690199852 0.208431556820869 0.211473926901817 0.206906616687775 0.212167724967003 0.213352784514427 0.210585191845894 0.220602765679359 0.22859688103199 0.222067654132843 0.224720656871796 0.221299409866333 0.202485725283623 0.202008619904518 0.231543853878975 0.240476503968239 0.221915200352669 0.215790703892708 0.206521555781364 0.215843200683594 0.244955971837044 0.254522144794464 0.230001255869865 0.200383916497231 0.213862851262093 0.251091152429581 0.262961030006409 0.234918981790543 0.221027165651321 0.228974416851997 0.231204003095627 0.224628552794456 0.239931374788284
0.156210348010063 0.155886843800545 0.154242694377899 0.153824403882027 0.153415575623512 0.156547397375107 0.162112295627594 0.157188653945923 0.154298067092896 0.165841266512871 0.177201598882675 0.167225256562233 0.151700794696808 0.157134130597115 0.158770352602005 0.164843961596489 0.165549024939537 0.157140225172043 0.148771151900291 0.137574315071106 0.138203084468842 0.153862416744232 0.162283405661583 0.147098332643509 0.150489404797554 0.154003545641899 0.148290082812309 0.156492695212364 0.162034153938293 0.156402185559273 0.163418784737587 0.154162853956223 0.154622793197632 0.170464664697647 0.172259256243706 0.16494582593441 0.155011892318726 0.153063058853149 0.167577564716339 0.167005866765976 0.168150097131729 0.191267773509026 0.183062374591827 0.148512080311775 0.133552044630051 0.142987385392189 0.165248945355415 0.162166878581047 0.163466796278954
0.144658416509628 0.151967108249664 0.149992659687996 0.137821927666664 0.137554958462715 0.149697974324226 0.166224747896194 0.163445964455605 0.157083734869957 0.153129056096077 0.147703886032104 0.157936051487923 0.155538037419319 0.150343775749207 0.145403578877449 0.147042497992516 0.144291445612907 0.140338361263275 0.148699149489403 0.149818956851959 0.147502332925797 0.144093126058578 0.140025824308395 0.125528857111931 0.13882951438427 0.156297042965889 0.152292966842651 0.158988773822784 0.157023936510086 0.139613077044487 0.1350227445364 0.137269914150238 0.13487620651722 0.129261165857315 0.134915351867676 0.150136604905128 0.142999917268753 0.132216885685921 0.155106410384178 0.165430799126625 0.148983165621758 0.146297514438629 0.143807664513588 0.139990240335464 0.139794200658798 0.145002976059914 0.138931274414062 0.126244083046913 0.141381561756134
0.142212525010109 0.15647029876709 0.160074695944786 0.148550629615784 0.148772537708282 0.147477656602859 0.154035374522209 0.160617038607597 0.162642136216164 0.153646320104599 0.148028746247292 0.163178443908691 0.160089194774628 0.158124193549156 0.157375827431679 0.162346184253693 0.154532358050346 0.154000923037529 0.148956403136253 0.137720763683319 0.141550302505493 0.145719945430756 0.145985096693039 0.138786375522614 0.133753806352615 0.152828127145767 0.166411876678467 0.154182985424995 0.144562676548958 0.143943727016449 0.144522532820702 0.147390380501747 0.149478703737259 0.147789224982262 0.138849124312401 0.14707612991333 0.163247093558311 0.157694846391678 0.154368802905083 0.148007437586784 0.141160860657692 0.14175195991993 0.145023852586746 0.15235610306263 0.147675797343254 0.137750536203384 0.124637067317963 0.119571663439274 0.144314169883728
0.159716725349426 0.168057516217232 0.157769560813904 0.156466007232666 0.161948412656784 0.147891476750374 0.142358675599098 0.153522178530693 0.164022997021675 0.166140615940094 0.15336936712265 0.151243016123772 0.147948652505875 0.155439525842667 0.157986700534821 0.158420205116272 0.156439051032066 0.158414036035538 0.151284083724022 0.136579513549805 0.138101816177368 0.150542363524437 0.155803695321083 0.144865661859512 0.126553505659103 0.12804014980793 0.143250375986099 0.137791693210602 0.153541207313538 0.173425942659378 0.170408621430397 0.149636656045914 0.140205219388008 0.154682785272598 0.139700889587402 0.132233485579491 0.142671644687653 0.146148353815079 0.147923544049263 0.149505764245987 0.15832893550396 0.153367653489113 0.137291982769966 0.149117782711983 0.159915953874588 0.153397724032402 0.145739763975143 0.139658287167549 0.142164841294289
0.159703627228737 0.160912305116653 0.138713836669922 0.144736215472221 0.160509437322617 0.15301251411438 0.147061318159103 0.15008544921875 0.162908986210823 0.172492146492004 0.149352267384529 0.139459282159805 0.149811655282974 0.156494200229645 0.140083625912666 0.128915444016457 0.135570466518402 0.14539860188961 0.155905291438103 0.145957082509995 0.135117202997208 0.150006055831909 0.160368725657463 0.156399354338646 0.148190855979919 0.134945794939995 0.13065704703331 0.14235919713974 0.171505495905876 0.182699128985405 0.165830135345459 0.15714493393898 0.139745324850082 0.139127925038338 0.148561894893646 0.160594463348389 0.155736222863197 0.142270773649216 0.149014085531235 0.164838463068008 0.160145625472069 0.145185813307762 0.13540805876255 0.144834592938423 0.164508059620857 0.166057556867599 0.167183145880699 0.160842373967171 0.147102832794189
0.153288930654526 0.146193638443947 0.130709752440453 0.142292603850365 0.148950546979904 0.144612908363342 0.142709895968437 0.145206347107887 0.157953187823296 0.157816201448441 0.14082795381546 0.141437202692032 0.159889563918114 0.162568658590317 0.139038771390915 0.126214921474457 0.133033514022827 0.142153948545456 0.160993129014969 0.151988103985786 0.137221276760101 0.15229769051075 0.144278183579445 0.138688877224922 0.15863923728466 0.152906835079193 0.140205219388008 0.137872502207756 0.156796663999557 0.169570073485374 0.158564984798431 0.163070738315582 0.150015607476234 0.146046668291092 0.156412392854691 0.166240707039833 0.158757835626602 0.143265604972839 0.148043364286423 0.157691016793251 0.147319465875626 0.143973127007484 0.150106996297836 0.145809397101402 0.158259764313698 0.161092340946198 0.139461636543274 0.149425879120827 0.153359577059746
0.148690953850746 0.141653269529343 0.13980071246624 0.144575953483582 0.146648496389389 0.137566864490509 0.136697396636009 0.139591634273529 0.151569411158562 0.146927744150162 0.137218967080116 0.149360567331314 0.163690984249115 0.166629463434219 0.152133211493492 0.140015453100204 0.140164196491241 0.142912238836288 0.154196977615356 0.148364886641502 0.140179127454758 0.148380398750305 0.13859960436821 0.134899854660034 0.153877392411232 0.150785773992538 0.141150638461113 0.13436721265316 0.137053892016411 0.158475384116173 0.155901625752449 0.149346724152565 0.14930959045887 0.153129294514656 0.152033925056458 0.147165507078171 0.143396705389023 0.143132746219635 0.145861074328423 0.162304118275642 0.153706580400467 0.150562614202499 0.154887780547142 0.138827562332153 0.138227358460426 0.149896934628487 0.145989343523979 0.153466373682022 0.148236185312271
0.146860376000404 0.138321042060852 0.134274795651436 0.14111864566803 0.149969562888145 0.1410131752491 0.140300303697586 0.14045138657093 0.140987604856491 0.154646292328835 0.152501210570335 0.154454827308655 0.157341793179512 0.161689758300781 0.157648593187332 0.143808215856552 0.140963643789291 0.142495736479759 0.143133625388145 0.143288344144821 0.142375975847244 0.148289144039154 0.154197961091995 0.151632457971573 0.159418478608131 0.161338075995445 0.149911567568779 0.144330471754074 0.136884585022926 0.144497841596603 0.143376305699348 0.140304774045944 0.144858181476593 0.148908704519272 0.142383486032486 0.13157631456852 0.127736255526543 0.136437863111496 0.148848965764046 0.163671478629112 0.149832636117935 0.145472526550293 0.151127725839615 0.144007742404938 0.13756337761879 0.142675787210464 0.158912822604179 0.156541272997856 0.140901505947113
0.139338433742523 0.139650374650955 0.133041903376579 0.138134703040123 0.140895038843155 0.136345565319061 0.144103601574898 0.151287764310837 0.151814952492714 0.173251658678055 0.166958823800087 0.142930269241333 0.143896326422691 0.148477509617805 0.151577323675156 0.140652343630791 0.146367803215981 0.150123775005341 0.143642321228981 0.143539130687714 0.150865688920021 0.150182455778122 0.153267115354538 0.146743059158325 0.141365975141525 0.142863601446152 0.145059034228325 0.163193494081497 0.15082648396492 0.133023962378502 0.130489647388458 0.137843534350395 0.144640579819679 0.144195362925529 0.140142485499382 0.130642101168633 0.130444511771202 0.145502969622612 0.159287735819817 0.149971202015877 0.130604818463326 0.138967022299767 0.143027901649475 0.142274171113968 0.142258435487747 0.14563712477684 0.151066422462463 0.158147975802422 0.150763735175133
