data/trimmed_ndre/W_ndre.72.2009_no_clouds.asc
NCOLS 130 
NROWS 71 
XLLCORNER 530645 
YLLCORNER 5158205 
CELLSIZE 5 
NODATA_value -3.4e+38 
[rows 42 to 62 of 71, columns 49 to 97 of 130]
0.228239476680756 0.223344579339027 0.238594308495522 0.261990934610367 0.275635033845901 0.310922622680664 0.366719424724579 0.403780877590179 0.420493096113205 0.415634006261826 0.389906466007233 0.376332581043243 0.372131526470184 0.34836208820343 0.332134604454041 0.349618345499039 0.340757846832275 0.320725619792938 0.320503562688828 0.317131996154785 0.342461138963699 0.360636949539185 0.331187784671783 0.326774507761002 0.3295718729496 0.333614647388458 0.333660304546356 0.332579642534256 0.339643895626068 0.349667340517044 0.345855742692947 0.35692572593689 0.349775373935699 0.334114074707031 0.358569473028183 0.353092402219772 0.355232745409012 0.376232385635376 0.376267194747925 0.366307288408279 0.352346777915955 0.351153701543808 0.365992814302444 0.377264767885208 0.364556401968002 0.339091300964355 0.347987115383148 0.343600273132324 0.331843852996826
0.229918956756592 0.232229858636856 0.248118713498116 0.273898661136627 0.29499164223671 0.31679093837738 0.370620578527451 0.428364276885986 0.446133643388748 0.435231149196625 0.404722362756729 0.382100343704224 0.387197226285934 0.387258976697922 0.364929974079132 0.339249342679977 0.312572687864304 0.300013452768326 0.314018756151199 0.324886977672577 0.315078496932983 0.320815891027451 0.327908217906952 0.328661292791367 0.337337911128998 0.339778482913971 0.340675473213196 0.353091299533844 0.361531347036362 0.359010398387909 0.354114890098572 0.361281543970108 0.347148776054382 0.341543018817902 0.37558302283287 0.339795351028442 0.32672518491745 0.359811961650848 0.363137811422348 0.357640534639359 0.352333813905716 0.349683225154877 0.353899270296097 0.364219307899475 0.361561477184296 0.347579121589661 0.369507044553757 0.352348148822784 0.326186239719391
0.229462236166 0.238185048103333 0.247290268540382 0.266178965568542 0.300038874149323 0.333832174539566 0.37439227104187 0.431837111711502 0.457267940044403 0.448976129293442 0.425722867250443 0.404722094535828 0.393390387296677 0.379113465547562 0.349104195833206 0.321117699146271 0.303922891616821 0.280598193407059 0.295142441987991 0.328287929296494 0.33903032541275 0.3331119120121 0.323749244213104 0.324556350708008 0.337938755750656 0.348199874162674 0.34355953335762 0.343790739774704 0.350006818771362 0.346684098243713 0.340449780225754 0.340872049331665 0.350426435470581 0.353979408740997 0.365012466907501 0.344738394021988 0.33378329873085 0.349760681390762 0.366906464099884 0.357907474040985 0.338827162981033 0.341658145189285 0.35665237903595 0.359201014041901 0.370017647743225 0.376584649085999 0.386950314044952 0.361852139234543 0.357245355844498
0.212562039494514 0.233381822705269 0.250709563493729 0.276396036148071 0.311336278915405 0.351941645145416 0.385624021291733 0.434935450553894 0.460623621940613 0.451318383216858 0.435243129730225 0.417941868305206 0.40366142988205 0.38345742225647 0.350915044546127 0.321184396743774 0.310262650251389 0.297502905130386 0.306141793727875 0.304717928171158 0.303457885980606 0.326852589845657 0.319445013999939 0.313898146152496 0.325477808713913 0.341803044080734 0.337588399648666 0.319832682609558 0.315294474363327 0.319494873285294 0.314433664083481 0.324160426855087 0.36486604809761 0.373220652341843 0.361898690462112 0.370237708091736 0.391803592443466 0.37413227558136 0.34821817278862 0.341466575860977 0.342071622610092 0.355670571327209 0.381266832351685 0.38313016295433 0.397695660591125 0.408662766218185 0.400900840759277 0.381536453962326 0.398859888315201
0.232480332255363 0.23916058242321 0.270851403474808 0.309711575508118 0.335352450609207 0.365475445985794 0.400035560131073 0.426473647356033 0.444847226142883 0.443795770406723 0.429373443126678 0.406895607709885 0.393157929182053 0.387530446052551 0.372415661811829 0.335155725479126 0.296625763177872 0.285269200801849 0.292287230491638 0.275370717048645 0.275725126266479 0.31500169634819 0.310678839683533 0.296489894390106 0.306740403175354 0.328757494688034 0.331634491682053 0.307783246040344 0.296264141798019 0.312954545021057 0.323555767536163 0.326978951692581 0.348510414361954 0.369608134031296 0.355436027050018 0.347240447998047 0.368820697069168 0.371186643838882 0.353161782026291 0.354121774435043 0.372991263866425 0.369030505418777 0.373551547527313 0.383961915969849 0.394049435853958 0.410976618528366 0.409304559230804 0.399337857961655 0.413347333669662
0.261352092027664 0.253111988306046 0.27673265337944 0.32415571808815 0.347854942083359 0.385835647583008 0.411252856254578 0.414647698402405 0.419784069061279 0.440284341573715 0.441888034343719 0.425032049417496 0.402544766664505 0.388156622648239 0.376933038234711 0.350652784109116 0.30656886100769 0.274379819631577 0.270917654037476 0.271725356578827 0.276301681995392 0.298104733228683 0.30828720331192 0.301863372325897 0.307775884866714 0.322218149900436 0.321079045534134 0.315551340579987 0.315160036087036 0.326462507247925 0.330885320901871 0.323091894388199 0.319081842899323 0.347282648086548 0.348368614912033 0.342634081840515 0.350192755460739 0.360137522220612 0.368177562952042 0.375881493091583 0.375349402427673 0.356078386306763 0.369939506053925 0.392111390829086 0.392875820398331 0.40515348315239 0.405323296785355 0.397859990596771 0.406869232654572
0.275127857923508 0.259218066930771 0.267724215984344 0.311601459980011 0.346800863742828 0.379945576190948 0.402552098035812 0.399395942687988 0.397388577461243 0.424319803714752 0.435776650905609 0.418868035078049 0.399742484092712 0.369307547807693 0.329873412847519 0.301669508218765 0.289699077606201 0.276873975992203 0.272344142198563 0.275409638881683 0.275628417730331 0.288823455572128 0.302105963230133 0.295429199934006 0.306251436471939 0.308482080698013 0.296791106462479 0.289838939905167 0.304066985845566 0.321299076080322 0.322830408811569 0.335403800010681 0.32711523771286 0.316898941993713 0.325840145349503 0.343127876520157 0.354603856801987 0.35992705821991 0.359212905168533 0.373992085456848 0.394847840070724 0.395994305610657 0.402500301599503 0.417101711034775 0.421259969472885 0.416459709405899 0.412885427474976 0.422436565160751 0.427977055311203
0.276576459407806 0.275020569562912 0.283307820558548 0.308262765407562 0.33655321598053 0.352499723434448 0.371979057788849 0.378484308719635 0.381781309843063 0.405455559492111 0.405842691659927 0.386013090610504 0.37285578250885 0.365892887115479 0.330157786607742 0.292996495962143 0.288715302944183 0.295415878295898 0.2891805768013 0.281110942363739 0.290257066488266 0.306329309940338 0.303197860717773 0.284466564655304 0.290434718132019 0.300468355417252 0.30206310749054 0.306338369846344 0.316699981689453 0.324458599090576 0.331641584634781 0.34466814994812 0.366585999727249 0.348889857530594 0.329043179750443 0.337952077388763 0.372142165899277 0.396492034196854 0.409941166639328 0.429645031690598 0.42671674489975 0.424840182065964 0.42323312163353 0.420139282941818 0.433509945869446 0.449078470468521 0.45758792757988 0.45471179485321 0.448387444019318
0.291599214076996 0.292782217264175 0.305089503526688 0.32189616560936 0.342743843793869 0.353723704814911 0.347457408905029 0.355397015810013 0.372309237718582 0.390069097280502 0.396227389574051 0.379902184009552 0.366954952478409 0.369543433189392 0.347996711730957 0.308819442987442 0.293971031904221 0.301501572132111 0.304200351238251 0.292399346828461 0.294723629951477 0.31289741396904 0.316615492105484 0.296543657779694 0.285967350006104 0.294784784317017 0.326732993125916 0.349985182285309 0.352943897247314 0.354350298643112 0.352435410022736 0.360678166151047 0.381060600280762 0.367246031761169 0.324691534042358 0.321400225162506 0.369214177131653 0.406927525997162 0.420297533273697 0.436744689941406 0.421589583158493 0.405676126480103 0.423965930938721 0.428347796201706 0.43294283747673 0.446383357048035 0.454543024301529 0.438209921121597 0.442406415939331
0.312513649463654 0.308943897485733 0.323321014642715 0.339637577533722 0.352096289396286 0.357378423213959 0.352167755365372 0.354204803705215 0.367172718048096 0.384938418865204 0.398067474365234 0.391300767660141 0.381465494632721 0.364085912704468 0.33132615685463 0.295214116573334 0.277928054332733 0.290075182914734 0.302578568458557 0.303283035755157 0.290842354297638 0.296615064144135 0.305375337600708 0.300328522920609 0.296076089143753 0.311719924211502 0.338034272193909 0.355265021324158 0.356441020965576 0.364454180002213 0.364477902650833 0.356166243553162 0.35093766450882 0.345108717679977 0.328238368034363 0.337280958890915 0.378670364618301 0.391351342201233 0.389490336179733 0.401178747415543 0.43584942817688 0.432245016098022 0.415522634983063 0.409790813922882 0.401198983192444 0.392900347709656 0.393532067537308 0.394390910863876 0.402985364198685
0.33961945772171 0.338229447603226 0.348332762718201 0.36707466840744 0.38403582572937 0.38293468952179 0.371325701475143 0.365841269493103 0.382929384708405 0.399158358573914 0.394912511110306 0.376917719841003 0.372105300426483 0.345763266086578 0.302434951066971 0.292883485555649 0.290673047304153 0.298859685659409 0.306590110063553 0.32581290602684 0.321020901203156 0.302363902330399 0.297159016132355 0.293278932571411 0.308301091194153 0.325885593891144 0.324400633573532 0.332730680704117 0.339404433965683 0.351783961057663 0.372464388608932 0.363762378692627 0.354687064886093 0.357929974794388 0.354562312364578 0.360367953777313 0.380174934864044 0.388712704181671 0.399061262607574 0.408471822738647 0.411958873271942 0.413951247930527 0.379890650510788 0.359528571367264 0.366113245487213 0.372004806995392 0.352534860372543 0.335638701915741 0.339473992586136
0.370218127965927 0.378375709056854 0.387274444103241 0.402977585792542 0.417995035648346 0.396828234195709 0.370761185884476 0.37731084227562 0.413907587528229 0.415448993444443 0.377876132726669 0.342407047748566 0.340036481618881 0.337044328451157 0.316849321126938 0.306202411651611 0.310095757246017 0.314268529415131 0.316134691238403 0.321387439966202 0.305298149585724 0.290857195854187 0.296710968017578 0.29926136136055 0.307076960802078 0.318511158227921 0.319743543863297 0.336500555276871 0.347287207841873 0.36124449968338 0.3929143846035 0.391720831394196 0.383455127477646 0.386641800403595 0.380668193101883 0.372502595186234 0.386051714420319 0.398695945739746 0.373291969299316 0.367773860692978 0.364109456539154 0.362444013357162 0.338731527328491 0.317387640476227 0.327779561281204 0.33422926068306 0.30992591381073 0.29747661948204 0.314038544893265
0.377705276012421 0.398959785699844 0.407365202903748 0.419989466667175 0.423431724309921 0.399505227804184 0.38858100771904 0.395442426204681 0.410604327917099 0.401397168636322 0.373287200927734 0.346517443656921 0.340329051017761 0.334212243556976 0.317746549844742 0.301638454198837 0.305424332618713 0.294977337121964 0.287374407052994 0.285369068384171 0.275428026914597 0.28679546713829 0.320755958557129 0.337320983409882 0.328788042068481 0.330923169851303 0.345241457223892 0.365274786949158 0.378524899482727 0.380538552999496 0.387261509895325 0.389921933412552 0.396547108888626 0.395136922597885 0.386154413223267 0.382052212953568 0.394014745950699 0.383559703826904 0.338005483150482 0.340454131364822 0.339835911989212 0.328093975782394 0.333553075790405 0.31262269616127 0.30170401930809 0.308108150959015 0.300161302089691 0.300232321023941 0.322610408067703
0.389783889055252 0.399049371480942 0.399955123662949 0.414982706308365 0.41381162405014 0.391750633716583 0.382003784179688 0.371914833784103 0.368928045034409 0.371382117271423 0.362945824861526 0.350944966077805 0.336273908615112 0.31561404466629 0.293876856565475 0.293119758367538 0.298811107873917 0.28500834107399 0.283146053552628 0.282692342996597 0.28211435675621 0.295024454593658 0.333501309156418 0.363533228635788 0.357706725597382 0.354956865310669 0.36421874165535 0.373733252286911 0.372782409191132 0.368783861398697 0.370374619960785 0.380593687295914 0.386519223451614 0.388527810573578 0.389015138149261 0.393702536821365 0.397917419672012 0.366588592529297 0.329614639282227 0.338760495185852 0.346372902393341 0.330461472272873 0.311634361743927 0.306938171386719 0.305366098880768 0.315314650535583 0.320698916912079 0.307909220457077 0.3219074010849
0.416036307811737 0.395585745573044 0.384211272001266 0.405527144670486 0.406328648328781 0.380870133638382 0.35548460483551 0.338372677564621 0.346197754144669 0.348671168088913 0.331779986619949 0.317325443029404 0.307982176542282 0.295140832662582 0.281257599592209 0.297004908323288 0.318694263696671 0.31103989481926 0.304017096757889 0.303386569023132 0.297211736440659 0.298859238624573 0.317531317472458 0.345262169837952 0.353051841259003 0.348044484853745 0.362286001443863 0.375779390335083 0.371857345104218 0.364478349685669 0.367311120033264 0.373428463935852 0.373684078454971 0.381818473339081 0.388663500547409 0.389270603656769 0.384192585945129 0.356261968612671 0.328715980052948 0.32081526517868 0.293280243873596 0.308060616254807 0.312675148248672 0.312208205461502 0.322816163301468 0.321603775024414 0.320175766944885 0.318613469600677 0.317615836858749
0.434993356466293 0.415467023849487 0.404050946235657 0.417027205228806 0.404337078332901 0.383291125297546 0.358614474534988 0.331138402223587 0.314188629388809 0.318089991807938 0.303294628858566 0.275696784257889 0.278995186090469 0.284204393625259 0.281106919050217 0.302037805318832 0.322468489408493 0.316120505332947 0.292341023683548 0.293154269456863 0.295769691467285 0.293285071849823 0.296444416046143 0.315815359354019 0.322125554084778 0.32153195142746 0.347188532352448 0.368427038192749 0.365730822086334 0.357675999403 0.365206599235535 0.366502910852432 0.360185474157333 0.362658679485321 0.361029416322708 0.364000648260117 0.359718173742294 0.340456664562225 0.322326153516769 0.31622377038002 0.305247992277145 0.313778162002563 0.329578936100006 0.315327256917953 0.328554749488831 0.32664629817009 0.310666471719742 0.313650876283646 0.314021587371826
0.416932076215744 0.416643559932709 0.42145699262619 0.419565439224243 0.3986796438694 0.370075613260269 0.343779593706131 0.314303398132324 0.286489427089691 0.297467887401581 0.304391443729401 0.281282007694244 0.290074229240417 0.299505263566971 0.295938491821289 0.293051242828369 0.288198888301849 0.280494719743729 0.272963970899582 0.277437001466751 0.276551336050034 0.282631665468216 0.298882812261581 0.322523295879364 0.322392135858536 0.317277938127518 0.331234067678452 0.343909084796906 0.338513344526291 0.332518339157104 0.348690360784531 0.347023963928223 0.340650081634521 0.338470757007599 0.331548392772675 0.343961417675018 0.335207581520081 0.30496534705162 0.317718774080276 0.325366973876953 0.331512302160263 0.313797235488892 0.331773012876511 0.330906242132187 0.314665764570236 0.321763634681702 0.310199707746506 -3.4e+38 -3.4e+38
0.397965043783188 0.411913245916367 0.412814617156982 0.409785985946655 0.380435198545456 0.333770275115967 0.303256720304489 0.290828436613083 0.277141332626343 0.275933563709259 0.273628652095795 0.264736533164978 0.273488461971283 0.297265827655792 0.297189772129059 0.284751713275909 0.28632315993309 0.283048212528229 0.271028876304626 0.261904925107956 0.257785201072693 0.271939128637314 0.303141474723816 0.331536114215851 0.314828544855118 0.306995689868927 0.312756836414337 0.312810987234116 0.306595951318741 0.304544299840927 0.315205037593842 0.311115860939026 0.319150626659393 0.328096389770508 0.326606392860413 0.333661079406738 0.313311576843262 0.296330660581589 0.325967818498611 0.30257260799408 0.308888375759125 0.340265423059464 0.3287413418293 0.3263019323349 0.311326175928116 0.317246347665787 -3.4e+38 -3.4e+38 -3.4e+38
0.403413832187653 0.419960618019104 0.409990221261978 0.403683304786682 0.364140391349792 0.310003161430359 0.288025796413422 0.286722272634506 0.283910006284714 0.27523148059845 0.264086931943893 0.244072467088699 0.247770309448242 0.280086010694504 0.285084873437881 0.280635803937912 0.291837453842163 0.30652180314064 0.296317964792252 0.271268665790558 0.258900463581085 0.272894084453583 0.291546255350113 0.314698696136475 0.322002589702606 0.310697853565216 0.304487138986588 0.30076864361763 0.301263511180878 0.306156605482101 0.299932360649109 0.287761837244034 0.304169803857803 0.316889435052872 0.321547567844391 0.329142600297928 0.314132779836655 0.309213280677795 0.326950311660767 0.324138998985291 0.301356166601181 0.301766991615295 0.299621492624283 0.321925461292267 0.31880134344101 -3.4e+38 -3.4e+38 -3.4e+38 -3.4e+38
0.408756494522095 0.41788437962532 0.405043065547943 0.401039749383926 0.369586020708084 0.338017523288727 0.330951750278473 0.32398134469986 0.298994660377502 0.27229630947113 0.273583114147186 0.248656064271927 0.260300546884537 0.296530067920685 0.294505715370178 0.286763489246368 0.302016615867615 0.329292625188828 0.330545365810394 0.309854060411453 0.294540971517563 0.299479901790619 0.285607278347015 0.315096288919449 0.356992423534393 0.328759610652924 0.309194475412369 0.307873219251633 0.315757066011429 0.324430853128433 0.30757462978363 0.291389942169189 0.302402943372726 0.316601186990738 0.330658912658691 0.33203712105751 0.317546427249908 0.305146843194962 0.305721163749695 0.304997622966766 0.273591667413712 -3.4e+38 -3.4e+38 -3.4e+38 -3.4e+38 -3.4e+38 -3.4e+38 -3.4e+38 -3.4e+38
0.379729330539703 0.382005602121353 0.383448511362076 0.393016576766968 0.383814036846161 0.379811614751816 0.379711329936981 0.352076679468155 0.320627599954605 0.297319203615189 0.296620219945908 0.268614113330841 0.286222457885742 0.320059686899185 0.314622044563293 0.312943965196609 0.320562213659286 0.334886968135834 0.338399857282639 0.340026885271072 0.33673369884491 0.332922846078873 0.315759599208832 0.3272305727005 0.344477504491806 0.326968818902969 0.335298776626587 0.330053150653839 0.32374519109726 0.326490789651871 0.309487849473953 0.314677804708481 0.33271136879921 0.322340279817581 0.327990055084229 -3.4e+38 -3.4e+38 -3.4e+38 -3.4e+38 -3.4e+38 -3.4e+38 -3.4e+38 -3.4e+38 -3.4e+38 -3.4e+38 -3.4e+38 -3.4e+38 -3.4e+38 -3.4e+38
