data/trimmed_ndre/W_ndre.615.2013_no_clouds.asc
NCOLS 130 
NROWS 71 
XLLCORNER 530645 
YLLCORNER 5158205 
CELLSIZE 5 
NODATA_value -3.4e+38 
[rows 21 to 41 of 71, columns 0 to 48 of 130]
0.627051532268524 0.638331830501556 0.641644060611725 0.641141057014465 0.64224761724472 0.63904869556427 0.641110599040985 0.648151695728302 0.65091472864151 0.635694265365601 0.610271453857422 0.603109836578369 0.593026220798492 0.581047713756561 0.580398321151733 0.560531258583069 0.553669989109039 0.561419188976288 0.558988451957703 0.555511116981506 0.558129847049713 0.560457706451416 0.561809539794922 0.562930881977081 0.557977259159088 0.546956419944763 0.526493668556213 0.499743610620499 0.469840943813324 0.460068702697754 0.485727816820145 0.522162020206451 0.562948405742645 0.592970073223114 0.607751607894897 0.613804936408997 0.593076944351196 0.560340106487274 0.5322265625 0.524021744728088 0.542422354221344 0.565290689468384 0.58262699842453 0.584658741950989 0.58618950843811 0.608723759651184 0.632844626903534 0.64104700088501 0.640169560909271
0.635689318180084 0.645901560783386 0.650512397289276 0.650661408901215 0.652309775352478 0.65185159444809 0.656467795372009 0.664820432662964 0.666388630867004 0.651132881641388 0.629335820674896 0.621447801589966 0.604512453079224 0.592826902866364 0.580612123012543 0.555748999118805 0.549557387828827 0.552419662475586 0.55584329366684 0.557759463787079 0.555207669734955 0.548242628574371 0.547825038433075 0.549878180027008 0.538981854915619 0.516241908073425 0.495550960302353 0.480640232563019 0.469001829624176 0.469839125871658 0.489800423383713 0.516482174396515 0.543460369110107 0.56744772195816 0.587427794933319 0.601149141788483 0.591851234436035 0.562272548675537 0.540028393268585 0.527254223823547 0.538638055324554 0.561529397964478 0.577398061752319 0.577043175697327 0.57598751783371 0.591972529888153 0.613590717315674 0.625587522983551 0.631349921226501
-3.4e+38 0.651814997196198 0.65504777431488 0.651855170726776 0.650380671024323 0.656502723693848 0.661842167377472 0.663088023662567 0.660711467266083 0.647583425045013 0.634081780910492 0.627440810203552 0.61444091796875 0.607855081558228 0.593220889568329 0.568886280059814 0.566719055175781 0.558806836605072 0.552801549434662 0.558454811573029 0.557793378829956 0.552030205726624 0.550997853279114 0.545622527599335 0.521818280220032 0.491227447986603 0.467751145362854 0.464736551046371 0.473090499639511 0.485647976398468 0.503425717353821 0.520452678203583 0.528553068637848 0.548729658126831 0.5698082447052 0.581637620925903 0.579690933227539 0.558090448379517 0.540346801280975 0.529769957065582 0.534046947956085 0.557148039340973 0.57421088218689 0.576519370079041 0.569108903408051 0.570454835891724 0.578805506229401 0.596943497657776 0.615609645843506
-3.4e+38 -3.4e+38 0.653524696826935 0.646975100040436 0.646819710731506 0.651835083961487 0.65811550617218 0.659355401992798 0.651614665985107 0.640352249145508 0.631048321723938 0.623927414417267 0.614887535572052 0.609841346740723 0.59867250919342 0.587139546871185 0.58835381269455 0.573658406734467 0.557629346847534 0.5612553358078 0.562097489833832 0.552957952022552 0.54752379655838 0.529840469360352 0.502793729305267 0.473565399646759 0.44847559928894 0.44828924536705 0.470072001218796 0.495519191026688 0.513839304447174 0.520703732967377 0.52421623468399 0.543474078178406 0.563389122486115 0.573332250118256 0.579556822776794 0.567770898342133 0.550367295742035 0.537490010261536 0.526144683361053 0.541713774204254 0.557045519351959 0.562265455722809 0.570444941520691 0.570671439170837 0.574875235557556 0.589384734630585 0.60925966501236
-3.4e+38 -3.4e+38 -3.4e+38 0.645535469055176 0.645223319530487 0.650813698768616 0.661578714847565 0.663773775100708 0.655127644538879 0.645936965942383 0.636024415493011 0.630171537399292 0.625329494476318 0.618497788906097 0.60618394613266 0.598075151443481 0.594306290149689 0.579843878746033 0.568166434764862 0.569524109363556 0.562315464019775 0.545142829418182 0.529265642166138 0.504826307296753 0.47726508975029 0.455434262752533 0.433800846338272 0.431108444929123 0.452503114938736 0.480993539094925 0.504387140274048 0.516648650169373 0.525260925292969 0.546066582202911 0.56692910194397 0.583873867988586 0.58721911907196 0.576765656471252 0.555845379829407 0.53587132692337 0.52602219581604 0.536106109619141 0.542025864124298 0.546971142292023 0.568000614643097 0.577583432197571 0.579385936260223 0.587982833385468 0.60084867477417
-3.4e+38 -3.4e+38 -3.4e+38 0.646117150783539 0.647823989391327 0.654637932777405 0.658811450004578 0.65805971622467 0.656356871128082 0.650171995162964 0.638829350471497 0.636978030204773 0.63363778591156 0.623271286487579 0.611419260501862 0.603994131088257 0.596372008323669 0.578993678092957 0.567253470420837 0.562157928943634 0.545588076114655 0.52333664894104 0.501689970493317 0.474823623895645 0.448343366384506 0.431540101766586 0.42323362827301 0.422912865877151 0.437430113554001 0.462494045495987 0.488646775484085 0.511884093284607 0.535572707653046 0.564617156982422 0.590216279029846 0.599437654018402 0.59039580821991 0.572152018547058 0.544573128223419 0.521054983139038 0.516704618930817 0.512870728969574 0.517228722572327 0.528890073299408 0.549188613891602 0.559310853481293 0.567211508750916 0.580403804779053 0.600480258464813
-3.4e+38 -3.4e+38 -3.4e+38 0.643425941467285 0.646784484386444 0.650355875492096 0.64480584859848 0.640690803527832 0.644461452960968 0.637226462364197 0.622314035892487 0.62483823299408 0.622363686561584 0.611509442329407 0.60685932636261 0.598816931247711 0.585033416748047 0.5631023645401 0.548263967037201 0.533848941326141 0.509190559387207 0.483365088701248 0.463689416646957 0.446698009967804 0.427460968494415 0.422385066747665 0.427122950553894 0.429019033908844 0.44581726193428 0.477810651063919 0.5078164935112 0.52981162071228 0.561372816562653 0.590821623802185 0.61115837097168 0.611668765544891 0.599417746067047 0.581777691841125 0.557252824306488 0.538145303726196 0.519606411457062 0.500371038913727 0.503611505031586 0.512141644954681 0.525595188140869 0.538642585277557 0.554507493972778 0.570708692073822 0.594331324100494
-3.4e+38 -3.4e+38 -3.4e+38 -3.4e+38 0.643475532531738 0.64174622297287 0.638293325901031 0.63484251499176 0.634857296943665 0.62261039018631 0.612348914146423 0.616769969463348 0.603940784931183 0.592321395874023 0.583422124385834 0.569223344326019 0.554206490516663 0.542364537715912 0.527724504470825 0.505882143974304 0.482113987207413 0.458193719387054 0.442524522542953 0.435257524251938 0.43482032418251 0.446946889162064 0.461171895265579 0.467576533555984 0.488128393888474 0.517213404178619 0.543759822845459 0.563878834247589 0.589115083217621 0.617044925689697 0.63338977098465 0.629973113536835 0.619555115699768 0.607809901237488 0.595534265041351 0.578558623790741 0.551622748374939 0.525872528553009 0.518136143684387 0.515244126319885 0.520656406879425 0.53102171421051 0.545693635940552 0.554338574409485 0.574656069278717
-3.4e+38 -3.4e+38 -3.4e+38 -3.4e+38 -3.4e+38 0.62386566400528 0.619061946868896 0.62521106004715 0.624354183673859 0.616318702697754 0.613573849201202 0.615860402584076 0.596844077110291 0.584939301013947 0.571754574775696 0.551577508449554 0.537117123603821 0.525952696800232 0.506770431995392 0.48190239071846 0.46191868185997 0.450954645872116 0.445500373840332 0.44679793715477 0.456706285476685 0.475324153900146 0.488636404275894 0.493921220302582 0.515665769577026 0.535471975803375 0.562948286533356 0.591181695461273 0.611577451229095 0.636861026287079 0.652345895767212 0.651496827602386 0.644410014152527 0.633954048156738 0.623514592647552 0.614635229110718 0.598734974861145 0.577777624130249 0.559782445430756 0.555805087089539 0.551585793495178 0.544471323490143 0.543774306774139 0.551762044429779 0.57122278213501
-3.4e+38 -3.4e+38 -3.4e+38 -3.4e+38 -3.4e+38 -3.4e+38 -3.4e+38 -3.4e+38 0.616452634334564 0.612165749073029 0.603859663009644 0.595973312854767 0.580455660820007 0.567839920520782 0.55616706609726 0.536542952060699 0.519952654838562 0.512757360935211 0.491645604372025 0.468082368373871 0.458564907312393 0.455310165882111 0.4535793364048 0.461819976568222 0.47842076420784 0.502000212669373 0.506022214889526 0.500777006149292 0.517940104007721 0.537413597106934 0.564350068569183 0.596665680408478 0.624634683132172 0.645090758800507 0.663098335266113 0.668207049369812 0.661861538887024 0.652544140815735 0.642176568508148 0.638157606124878 0.633282482624054 0.623955428600311 0.612053573131561 0.604585230350494 0.597795784473419 0.580098569393158 0.571223616600037 0.578871369361877 0.592168748378754
-3.4e+38 -3.4e+38 -3.4e+38 -3.4e+38 -3.4e+38 -3.4e+38 -3.4e+38 -3.4e+38 -3.4e+38 -3.4e+38 0.580226957798004 0.572614669799805 0.56142657995224 0.542838275432587 0.529264092445374 0.502783715724945 0.485835403203964 0.491993576288223 0.48958021402359 0.480494529008865 0.475162863731384 0.474736124277115 0.474752366542816 0.484892010688782 0.503277480602264 0.525692820549011 0.52066308259964 0.509127497673035 0.525216519832611 0.547627806663513 0.569598078727722 0.602867782115936 0.633484601974487 0.653457522392273 0.668851137161255 0.677479028701782 0.67641818523407 0.66627311706543 0.663926541805267 0.663845837116241 0.65620881319046 0.651382267475128 0.646606206893921 0.644580781459808 0.641398787498474 0.62788051366806 0.615722179412842 0.61953204870224 0.620686411857605
-3.4e+38 -3.4e+38 -3.4e+38 -3.4e+38 -3.4e+38 -3.4e+38 -3.4e+38 -3.4e+38 -3.4e+38 -3.4e+38 -3.4e+38 0.549620032310486 0.539739608764648 0.523564755916595 0.509795844554901 0.495857656002045 0.49366083741188 0.502214670181274 0.504891932010651 0.501758575439453 0.498478531837463 0.499021261930466 0.49550873041153 0.499747008085251 0.515789091587067 0.531212627887726 0.530028760433197 0.527056813240051 0.541719794273376 0.564704716205597 0.582503616809845 0.613934874534607 0.644760608673096 0.665549337863922 0.676073133945465 0.683454096317291 0.686463534832001 0.67635440826416 0.679479241371155 0.678485095500946 0.669198513031006 0.66659939289093 0.663219630718231 0.663127958774567 0.660510122776031 0.648941934108734 0.637568891048431 0.641382455825806 0.645405828952789
-3.4e+38 -3.4e+38 -3.4e+38 -3.4e+38 -3.4e+38 -3.4e+38 -3.4e+38 -3.4e+38 -3.4e+38 -3.4e+38 -3.4e+38 -3.4e+38 -3.4e+38 -3.4e+38 -3.4e+38 -3.4e+38 -3.4e+38 -3.4e+38 -3.4e+38 -3.4e+38 -3.4e+38 -3.4e+38 -3.4e+38 -3.4e+38 -3.4e+38 -3.4e+38 -3.4e+38 -3.4e+38 -3.4e+38 -3.4e+38 -3.4e+38 0.62067723274231 0.651840329170227 0.673174202442169 0.682076752185822 0.680720210075378 0.676391124725342 0.671097815036774 0.673236489295959 0.668679118156433 0.663277864456177 0.658555746078491 0.650805771350861 0.646152079105377 0.639323055744171 0.630102694034576 0.621836721897125 0.634020447731018 0.648093044757843
-3.4e+38 -3.4e+38 -3.4e+38 -3.4e+38 -3.4e+38 -3.4e+38 -3.4e+38 -3.4e+38 -3.4e+38 -3.4e+38 -3.4e+38 -3.4e+38 -3.4e+38 -3.4e+38 -3.4e+38 -3.4e+38 -3.4e+38 -3.4e+38 -3.4e+38 -3.4e+38 -3.4e+38 -3.4e+38 -3.4e+38 -3.4e+38 -3.4e+38 -3.4e+38 -3.4e+38 -3.4e+38 -3.4e+38 -3.4e+38 -3.4e+38 -3.4e+38 -3.4e+38 0.676136791706085 0.682983994483948 0.674933433532715 0.661820590496063 0.653209567070007 0.650223195552826 0.647718608379364 0.639408469200134 0.629891693592072 0.620975852012634 0.613596975803375 0.602609395980835 0.593767106533051 0.594342887401581 0.603007614612579 0.614262938499451
-3.4e+38 -3.4e+38 -3.4e+38 -3.4e+38 -3.4e+38 -3.4e+38 -3.4e+38 -3.4e+38 -3.4e+38 -3.4e+38 -3.4e+38 -3.4e+38 -3.4e+38 -3.4e+38 -3.4e+38 -3.4e+38 -3.4e+38 -3.4e+38 -3.4e+38 -3.4e+38 -3.4e+38 -3.4e+38 -3.4e+38 -3.4e+38 -3.4e+38 -3.4e+38 -3.4e+38 -3.4e+38 -3.4e+38 -3.4e+38 -3.4e+38 -3.4e+38 -3.4e+38 -3.4e+38 0.677835702896118 0.678720355033875 0.659502923488617 0.631725370883942 0.625028610229492 0.625933468341827 0.620482206344604 0.610339164733887 0.605437338352203 0.597082734107971 0.581027865409851 0.569196343421936 0.569471776485443 0.579983949661255 0.597509622573853
-3.4e+38 -3.4e+38 -3.4e+38 -3.4e+38 -3.4e+38 -3.4e+38 -3.4e+38 -3.4e+38 -3.4e+38 -3.4e+38 -3.4e+38 -3.4e+38 -3.4e+38 -3.4e+38 -3.4e+38 -3.4e+38 -3.4e+38 -3.4e+38 -3.4e+38 -3.4e+38 -3.4e+38 -3.4e+38 -3.4e+38 -3.4e+38 -3.4e+38 -3.4e+38 -3.4e+38 -3.4e+38 -3.4e+38 -3.4e+38 -3.4e+38 -3.4e+38 -3.4e+38 -3.4e+38 0.673166394233704 0.677226424217224 0.655550003051758 0.627078354358673 0.613414406776428 0.609780669212341 0.606245994567871 0.599421799182892 0.594303727149963 0.590740263462067 0.574159443378448 0.558500468730927 0.554689884185791 0.562373399734497 0.588103115558624
-3.4e+38 -3.4e+38 -3.4e+38 -3.4e+38 -3.4e+38 -3.4e+38 -3.4e+38 -3.4e+38 -3.4e+38 -3.4e+38 -3.4e+38 -3.4e+38 -3.4e+38 -3.4e+38 -3.4e+38 -3.4e+38 -3.4e+38 -3.4e+38 -3.4e+38 -3.4e+38 -3.4e+38 -3.4e+38 -3.4e+38 -3.4e+38 -3.4e+38 -3.4e+38 -3.4e+38 -3.4e+38 -3.4e+38 -3.4e+38 -3.4e+38 -3.4e+38 -3.4e+38 -3.4e+38 0.676841139793396 0.675551772117615 0.651685178279877 0.628612458705902 0.606516480445862 0.5918048620224 0.579976081848145 0.570904016494751 0.565489530563354 0.562237620353699 0.553123116493225 0.542254745960236 0.532641351222992 0.52426552772522 0.539806485176086
-3.4e+38 -3.4e+38 -3.4e+38 -3.4e+38 -3.4e+38 -3.4e+38 -3.4e+38 -3.4e+38 -3.4e+38 -3.4e+38 -3.4e+38 -3.4e+38 -3.4e+38 -3.4e+38 -3.4e+38 -3.4e+38 -3.4e+38 -3.4e+38 -3.4e+38 -3.4e+38 -3.4e+38 -3.4e+38 -3.4e+38 -3.4e+38 -3.4e+38 -3.4e+38 -3.4e+38 -3.4e+38 -3.4e+38 -3.4e+38 -3.4e+38 -3.4e+38 -3.4e+38 -3.4e+38 -3.4e+38 0.672566115856171 0.651250064373016 0.627942144870758 0.598659217357635 0.57532000541687 0.555935323238373 0.534601449966431 0.5247443318367 0.52359664440155 0.522491991519928 0.519096851348877 0.513095736503601 0.510406255722046 0.515857994556427
-3.4e+38 -3.4e+38 -3.4e+38 -3.4e+38 -3.4e+38 -3.4e+38 -3.4e+38 -3.4e+38 -3.4e+38 -3.4e+38 -3.4e+38 -3.4e+38 -3.4e+38 -3.4e+38 -3.4e+38 -3.4e+38 -3.4e+38 -3.4e+38 -3.4e+38 -3.4e+38 -3.4e+38 -3.4e+38 -3.4e+38 -3.4e+38 -3.4e+38 -3.4e+38 -3.4e+38 -3.4e+38 -3.4e+38 -3.4e+38 -3.4e+38 -3.4e+38 -3.4e+38 -3.4e+38 -3.4e+38 -3.4e+38 0.651773869991302 0.626996457576752 0.597283244132996 0.56514984369278 0.537458717823029 0.515371561050415 0.504709124565125 0.505184054374695 0.503141522407532 0.496635437011719 0.496238946914673 0.496880501508713 0.498174905776978
-3.4e+38 -3.4e+38 -3.4e+38 -3.4e+38 -3.4e+38 -3.4e+38 -3.4e+38 -3.4e+38 -3.4e+38 -3.4e+38 -3.4e+38 -3.4e+38 -3.4e+38 -3.4e+38 -3.4e+38 -3.4e+38 -3.4e+38 -3.4e+38 -3.4e+38 -3.4e+38 -3.4e+38 -3.4e+38 -3.4e+38 -3.4e+38 -3.4e+38 -3.4e+38 -3.4e+38 -3.4e+38 -3.4e+38 -3.4e+38 -3.4e+38 -3.4e+38 -3.4e+38 -3.4e+38 -3.4e+38 -3.4e+38 -3.4e+38 0.629616498947144 0.600993812084198 0.565542697906494 0.534768521785736 0.519098818302155 0.50521194934845 0.496695965528488 0.489945501089096 0.48368501663208 0.481579929590225 0.482255131006241 0.473464250564575
-3.4e+38 -3.4e+38 -3.4e+38 -3.4e+38 -3.4e+38 -3.4e+38 -3.4e+38 -3.4e+38 -3.4e+38 -3.4e+38 -3.4e+38 -3.4e+38 -3.4e+38 -3.4e+38 -3.4e+38 -3.4e+38 -3.4e+38 -3.4e+38 -3.4e+38 -3.4e+38 -3.4e+38 -3.4e+38 -3.4e+38 -3.4e+38 -3.4e+38 -3.4e+38 -3.4e+38 -3.4e+38 -3.4e+38 -3.4e+38 -3.4e+38 -3.4e+38 -3.4e+38 -3.4e+38 -3.4e+38 -3.4e+38 -3.4e+38 -3.4e+38 0.60322105884552 0.574722349643707 0.552334666252136 0.530630350112915 0.51073145866394 0.495133936405182 0.48493418097496 0.478223592042923 0.470843434333801 0.471923530101776 0.455500364303589
