data/trimmed_ndre/W_ndre.627.2010_no_clouds.asc
NCOLS 130 
NROWS 71 
XLLCORNER 530645 
YLLCORNER 5158205 
CELLSIZE 5 
NODATA_value -3.4e+38 
[rows 42 to 62 of 71, columns 49 to 97 of 130]
0.63027149438858 0.631918847560883 0.631767690181732 0.632079303264618 0.628985047340393 0.614069700241089 0.586083292961121 0.559400677680969 0.558735370635986 0.581080675125122 0.586790382862091 0.580615103244781 0.563830316066742 0.564867615699768 0.581999659538269 0.580789506435394 0.572350978851318 0.563195824623108 0.561363637447357 0.572342276573181 0.586980283260345 0.585160434246063 0.555838763713837 0.510878682136536 0.474965989589691 0.47488921880722 0.503060340881348 0.529573798179626 0.525344491004944 0.501310765743256 0.488562643527985 0.488493084907532 0.483113795518875 0.478979736566544 0.478012293577194 0.470497041940689 0.464606314897537 0.463708817958832 0.466473460197449 0.458224266767502 0.449072331190109 0.440141379833221 0.439358860254288 0.442928433418274 0.47459465265274 0.510951340198517 0.521425306797028 0.534533262252808 0.540191531181335
0.622000157833099 0.623811900615692 0.628713071346283 0.630006313323975 0.619993805885315 0.602119386196136 0.575638234615326 0.545536935329437 0.542976200580597 0.568660736083984 0.576054155826569 0.557639896869659 0.509675145149231 0.483212679624557 0.502191424369812 0.516949117183685 0.525993585586548 0.533281028270721 0.54638010263443 0.557215750217438 0.560653805732727 0.540509283542633 0.505374848842621 0.469332128763199 0.457503229379654 0.475276529788971 0.505642473697662 0.522219181060791 0.506651997566223 0.494056671857834 0.507397055625916 0.509834468364716 0.481823414564133 0.469288945198059 0.470643281936646 0.45787113904953 0.455666035413742 0.451659798622131 0.439271450042725 0.43732014298439 0.438845276832581 0.424370408058167 0.413319677114487 0.423577636480331 0.460376501083374 0.500837802886963 0.51551878452301 0.526771128177643 0.53509932756424
0.630509436130524 0.631790816783905 0.631969571113586 0.634691417217255 0.634208858013153 0.624206185340881 0.594396233558655 0.5646693110466 0.556948006153107 0.569476127624512 0.57024610042572 0.543711185455322 0.501702904701233 0.479625642299652 0.486472755670547 0.493027448654175 0.5010906457901 0.520689785480499 0.543968558311462 0.554284334182739 0.547289669513702 0.52354234457016 0.497867465019226 0.471239060163498 0.464187651872635 0.471462070941925 0.483987390995026 0.506649196147919 0.505125820636749 0.493936538696289 0.511114478111267 0.519869863986969 0.497535943984985 0.483951836824417 0.480560809373856 0.46138259768486 0.471302539110184 0.480944484472275 0.453928261995316 0.449244141578674 0.447588622570038 0.421029359102249 0.407937496900558 0.415367692708969 0.446972697973251 0.481378972530365 0.485511392354965 0.476362258195877 0.482734173536301
0.647285044193268 0.642518877983093 0.635238111019135 0.639464855194092 0.649182438850403 0.650154948234558 0.62832510471344 0.603422939777374 0.599808216094971 0.596266984939575 0.577428817749023 0.551018297672272 0.530371129512787 0.520435154438019 0.517445206642151 0.513511478900909 0.514019429683685 0.534534573554993 0.55719131231308 0.567507147789001 0.564911901950836 0.55957418680191 0.555837750434875 0.529847383499146 0.497462600469589 0.482042342424393 0.498432040214539 0.532309293746948 0.532222270965576 0.514863848686218 0.523136973381042 0.543107688426971 0.543786764144897 0.529709815979004 0.536275744438171 0.544938564300537 0.553533673286438 0.550039291381836 0.519116818904877 0.503560960292816 0.486506998538971 0.453443467617035 0.442678689956665 0.452716469764709 0.464496225118637 0.485654503107071 0.47886073589325 0.462579280138016 0.469591528177261
0.644398391246796 0.6489417552948 0.642761707305908 0.642390727996826 0.64599621295929 0.639012038707733 0.617737054824829 0.604534864425659 0.618058502674103 0.604310691356659 0.565544545650482 0.533337354660034 0.516975820064545 0.522760987281799 0.53300952911377 0.523577213287354 0.514623701572418 0.529254734516144 0.553025901317596 0.571670830249786 0.579108953475952 0.576468110084534 0.572111904621124 0.533161520957947 0.48785999417305 0.496095776557922 0.519620716571808 0.532713413238525 0.535094082355499 0.533540427684784 0.536963045597076 0.554438233375549 0.562397480010986 0.552508771419525 0.56798243522644 0.595186054706573 0.603757202625275 0.595734894275665 0.57047176361084 0.550401091575623 0.533198893070221 0.505656719207764 0.493476420640945 0.496585190296173 0.487616032361984 0.502204656600952 0.51336133480072 0.504388451576233 0.51809823513031
0.633890926837921 0.644282281398773 0.649337708950043 0.650555491447449 0.647092640399933 0.628754615783691 0.60640686750412 0.590551435947418 0.602908730506897 0.594354927539825 0.555710673332214 0.512169659137726 0.494130194187164 0.50903183221817 0.532984375953674 0.539327085018158 0.541936755180359 0.548178732395172 0.554602265357971 0.567974388599396 0.57878851890564 0.574756443500519 0.556558549404144 0.515318512916565 0.479043424129486 0.492617934942245 0.492128431797028 0.496956437826157 0.522962331771851 0.541571855545044 0.540237069129944 0.532425880432129 0.535633206367493 0.532308340072632 0.542246341705322 0.564385235309601 0.574670016765594 0.578783810138702 0.575508952140808 0.563242137432098 0.55513995885849 0.533884763717651 0.517093539237976 0.520569920539856 0.523089289665222 0.539900422096252 0.567363262176514 0.574369788169861 0.578373491764069
0.620625793933868 0.627108573913574 0.641308426856995 0.644075751304626 0.632746160030365 0.612297117710114 0.601594984531403 0.597882330417633 0.599604845046997 0.58000522851944 0.536029636859894 0.501640915870667 0.49802964925766 0.515193581581116 0.54139655828476 0.569375038146973 0.58665144443512 0.58953320980072 0.58191055059433 0.584510922431946 0.589397192001343 0.580236256122589 0.562897264957428 0.543831467628479 0.51977002620697 0.508693158626556 0.496341645717621 0.501066029071808 0.531746506690979 0.546918392181396 0.544667363166809 0.529609978199005 0.535578548908234 0.531159043312073 0.498809695243835 0.501972198486328 0.520122885704041 0.543899118900299 0.575293064117432 0.576762139797211 0.573586881160736 0.55844646692276 0.548465013504028 0.558633029460907 0.567117094993591 0.581601440906525 0.603576004505157 0.617347240447998 0.629332482814789
0.607958495616913 0.598963618278503 0.605821251869202 0.615842342376709 0.610002875328064 0.593414843082428 0.58727616071701 0.595329165458679 0.578269124031067 0.533919453620911 0.49306908249855 0.476703524589539 0.482790678739548 0.500351071357727 0.522909998893738 0.560284674167633 0.591254949569702 0.598448097705841 0.589023590087891 0.583163261413574 0.578222870826721 0.572839140892029 0.572852194309235 0.576869785785675 0.555601537227631 0.538083076477051 0.537447333335876 0.543261110782623 0.554202258586884 0.558076143264771 0.557622611522675 0.548374831676483 0.560471832752228 0.541967868804932 0.487760066986084 0.493289142847061 0.510119080543518 0.529910504817963 0.575771510601044 0.585201263427734 0.592717170715332 0.603876948356628 0.590909540653229 0.590044319629669 0.594477355480194 0.601946353912354 0.619216084480286 0.630669832229614 0.646829843521118
0.57775205373764 0.559700548648834 0.568052232265472 0.580077886581421 0.57591313123703 0.558869659900665 0.553273439407349 0.55751234292984 0.528194606304169 0.483115822076797 0.454431533813477 0.439956605434418 0.443705171346664 0.46746027469635 0.494288057088852 0.530682027339935 0.568065226078033 0.568273901939392 0.557502865791321 0.546542704105377 0.53759503364563 0.539325177669525 0.553927540779114 0.557611227035522 0.539986371994019 0.545861005783081 0.564607501029968 0.560616970062256 0.560278832912445 0.557279825210571 0.553813517093658 0.55251407623291 0.549258708953857 0.520309686660767 0.484499901533127 0.484374135732651 0.501716136932373 0.533397614955902 0.579154014587402 0.591078519821167 0.594668626785278 0.60771119594574 0.601028203964233 0.60432767868042 0.612742304801941 0.612106144428253 0.616344392299652 0.625295162200928 0.645013630390167
0.558400452136993 0.551066339015961 0.558327615261078 0.560476958751678 0.548492729663849 0.533513903617859 0.521923720836639 0.519853055477142 0.504156589508057 0.469808518886566 0.449057400226593 0.451782912015915 0.456745982170105 0.472831666469574 0.5037562251091 0.546306192874908 0.57405298948288 0.559421539306641 0.531411349773407 0.514549314975739 0.50279575586319 0.503173649311066 0.520528614521027 0.53413724899292 0.531921565532684 0.546776533126831 0.572578728199005 0.567190051078796 0.559058487415314 0.552640080451965 0.546318531036377 0.527747869491577 0.508195519447327 0.496987640857697 0.504960715770721 0.513336479663849 0.518079519271851 0.54723584651947 0.587485194206238 0.605084359645844 0.615351021289825 0.624198079109192 0.61565887928009 0.622861623764038 0.633808970451355 0.630709648132324 0.62041312456131 0.623850762844086 0.644217610359192
0.577059030532837 0.578754842281342 0.585621118545532 0.582819938659668 0.574285924434662 0.558456718921661 0.536342859268188 0.527074635028839 0.521807849407196 0.499676883220673 0.496671706438065 0.511149823665619 0.519845426082611 0.52760922908783 0.553400576114655 0.575736343860626 0.58160126209259 0.556578874588013 0.526832818984985 0.522168695926666 0.529297828674316 0.535601913928986 0.549373805522919 0.560602307319641 0.563568651676178 0.572279810905457 0.587536513805389 0.58348423242569 0.568203926086426 0.558356106281281 0.550291895866394 0.535172760486603 0.528056204319 0.530288815498352 0.538193166255951 0.546749234199524 0.554389297962189 0.578420221805573 0.594895303249359 0.608833789825439 0.62889438867569 0.640650928020477 0.637735247612 0.63468462228775 0.630334854125977 0.625304639339447 0.632094979286194 0.641444981098175 0.653600931167603
0.583593249320984 0.589477002620697 0.597058355808258 0.598949074745178 0.597954452037811 0.579574584960938 0.543724477291107 0.517171561717987 0.508040249347687 0.513594150543213 0.521389722824097 0.524413883686066 0.518300950527191 0.512999534606934 0.524239420890808 0.531615257263184 0.53375256061554 0.517341375350952 0.508138537406921 0.529768109321594 0.571103394031525 0.591368734836578 0.59173858165741 0.582045435905457 0.569833278656006 0.579258322715759 0.597363233566284 0.601916015148163 0.584070861339569 0.555944800376892 0.540672838687897 0.542593955993652 0.558512330055237 0.558350563049316 0.551759660243988 0.560451090335846 0.579539895057678 0.606796145439148 0.624713897705078 0.633177578449249 0.635404109954834 0.635483086109161 0.63497406244278 0.635494589805603 0.629740536212921 0.627478122711182 0.635908603668213 0.636923015117645 0.635906100273132
0.603278160095215 0.6027712225914 0.59864354133606 0.592829585075378 0.597572982311249 0.591948866844177 0.562581896781921 0.525578498840332 0.500710844993591 0.501599192619324 0.49645870923996 0.484163761138916 0.480503082275391 0.476191431283951 0.478301167488098 0.47685244679451 0.466753721237183 0.457433968782425 0.466482102870941 0.50909298658371 0.564037501811981 0.589626431465149 0.586664199829102 0.588230848312378 0.579206883907318 0.579528987407684 0.588630557060242 0.589771807193756 0.573603391647339 0.55039370059967 0.538527548313141 0.538610458374023 0.54275107383728 0.544175326824188 0.553404688835144 0.573558688163757 0.591503500938416 0.617216944694519 0.642814695835114 0.650491774082184 0.645651578903198 0.643880605697632 0.637952387332916 0.624488949775696 0.618303120136261 0.617706060409546 0.622631251811981 0.623804032802582 0.621126353740692
0.620091378688812 0.620491147041321 0.617139637470245 0.611816883087158 0.61151909828186 0.613093614578247 0.601682901382446 0.575707793235779 0.544272005558014 0.526800215244293 0.515298902988434 0.49718651175499 0.490417182445526 0.494629353284836 0.497311681509018 0.495075613260269 0.475808024406433 0.458501517772675 0.461550682783127 0.489570558071136 0.538477718830109 0.573198020458221 0.587679922580719 0.603763818740845 0.605857670307159 0.597224593162537 0.585167765617371 0.566070795059204 0.550719380378723 0.543619275093079 0.553947627544403 0.550625443458557 0.540543556213379 0.550339877605438 0.569260656833649 0.5922691822052 0.61143946647644 0.629110455513 0.651004493236542 0.652255654335022 0.647643625736237 0.6537926197052 0.646501898765564 0.631762683391571 0.626040935516357 0.624602496623993 0.634592711925507 0.64104300737381 0.644933938980103
0.610164999961853 0.61039936542511 0.619193732738495 0.627935528755188 0.628390908241272 0.626933395862579 0.616011321544647 0.601582407951355 0.584101259708405 0.570143580436707 0.558327317237854 0.54131418466568 0.529989838600159 0.526101887226105 0.514731287956238 0.510439097881317 0.504207193851471 0.490978837013245 0.488369405269623 0.495065480470657 0.518753111362457 0.558515071868896 0.591677010059357 0.615456521511078 0.625711619853973 0.620003163814545 0.59774523973465 0.566413879394531 0.547770082950592 0.552356362342834 0.577015161514282 0.590485453605652 0.59372866153717 0.602376878261566 0.601846992969513 0.607703864574432 0.628146469593048 0.645159900188446 0.654115438461304 0.655325055122375 0.658116817474365 0.663601279258728 0.657114565372467 0.658048152923584 0.666732013225555 0.660186231136322 0.656988263130188 0.659060776233673 0.665487468242645
0.589181423187256 0.58888566493988 0.5951207280159 0.605113863945007 0.612800478935242 0.612132668495178 0.606845617294312 0.600718915462494 0.58448189496994 0.567010045051575 0.552666783332825 0.532662749290466 0.517451405525208 0.502731084823608 0.484015464782715 0.486194133758545 0.493367731571198 0.489460915327072 0.487133502960205 0.496325463056564 0.500500380992889 0.522621214389801 0.560088515281677 0.587540805339813 0.59889805316925 0.592965483665466 0.565863311290741 0.545932829380035 0.543084383010864 0.561211287975311 0.596049964427948 0.613141238689423 0.62893682718277 0.643702507019043 0.629172027111053 0.613217234611511 0.621625125408173 0.640891909599304 0.651546478271484 0.65799343585968 0.659120202064514 0.661513805389404 0.665570020675659 0.66624504327774 0.669384837150574 0.664922118186951 0.66081690788269 0.664554953575134 0.669774293899536
0.573540389537811 0.563719153404236 0.570011734962463 0.581705868244171 0.593510985374451 0.604568898677826 0.612702250480652 0.61054515838623 0.585147380828857 0.560446619987488 0.548673570156097 0.536673188209534 0.526213824748993 0.515484750270844 0.494371205568314 0.484729498624802 0.490780353546143 0.499592334032059 0.505660772323608 0.513557016849518 0.50324547290802 0.505268812179565 0.534389555454254 0.550448417663574 0.554438769817352 0.541361033916473 0.520957469940186 0.522136688232422 0.53723531961441 0.57336014509201 0.610289514064789 0.626829445362091 0.642917513847351 0.654601514339447 0.644829452037811 0.630760073661804 0.632389724254608 0.645208775997162 0.657628238201141 0.667083203792572 0.669333696365356 0.665094912052155 0.664849758148193 0.659027218818665 0.658026933670044 0.664030849933624 0.663839519023895 -3.4e+38 -3.4e+38
0.561035573482513 0.539926946163177 0.553044259548187 0.578474283218384 0.588136434555054 0.594916939735413 0.601899981498718 0.607872724533081 0.605255663394928 0.594524264335632 0.590028822422028 0.581684589385986 0.575946509838104 0.575954079627991 0.568304777145386 0.563147127628326 0.557724297046661 0.55851012468338 0.552660644054413 0.545990526676178 0.537078499794006 0.541117966175079 0.557453274726868 0.552131175994873 0.547622859477997 0.532889604568481 0.528039216995239 0.53992486000061 0.557744860649109 0.592165648937225 0.620926439762115 0.635395407676697 0.64455246925354 0.655510425567627 0.657923877239227 0.658638417720795 0.65836501121521 0.666232347488403 0.673721611499786 0.67905455827713 0.677757561206818 0.673478484153748 0.663740217685699 0.659978985786438 0.669293582439423 0.675759673118591 -3.4e+38 -3.4e+38 -3.4e+38
0.546616971492767 0.516736626625061 0.502420961856842 0.51549905538559 0.526133239269257 0.542881011962891 0.565150618553162 0.582062840461731 0.601085126399994 0.599104881286621 0.6047443151474 0.613601565361023 0.603043794631958 0.591523945331573 0.588373720645905 0.590743064880371 0.598999679088593 0.596630036830902 0.576068878173828 0.561368644237518 0.572386503219604 0.588815093040466 0.593010067939758 0.573918223381042 0.560880541801453 0.555348932743073 0.563288807868958 0.575652718544006 0.585333287715912 0.607792675495148 0.628865420818329 0.64130026102066 0.646956145763397 0.657701134681702 0.670803666114807 0.674702525138855 0.670235157012939 0.666524469852448 0.670763194561005 0.673749625682831 0.673688232898712 0.67506355047226 0.669928133487701 0.662452340126038 0.66315895318985 -3.4e+38 -3.4e+38 -3.4e+38 -3.4e+38
0.524464249610901 0.498329877853394 0.478133052587509 0.476644784212112 0.489007264375687 0.509809494018555 0.537187576293945 0.548875093460083 0.56606513261795 0.582223176956177 0.599768280982971 0.605162978172302 0.5895836353302 0.581790089607239 0.593091368675232 0.602368831634521 0.591966152191162 0.580179750919342 0.571252763271332 0.548836886882782 0.555172145366669 0.586907029151917 0.590129494667053 0.56502640247345 0.550558924674988 0.558891892433167 0.577849447727203 0.590048551559448 0.597544133663177 0.609845519065857 0.618844509124756 0.631259143352509 0.64996463060379 0.659282147884369 0.667129755020142 0.672220587730408 0.67126339673996 0.659713089466095 0.656202495098114 0.659667432308197 0.668441832065582 -3.4e+38 -3.4e+38 -3.4e+38 -3.4e+38 -3.4e+38 -3.4e+38 -3.4e+38 -3.4e+38
0.518110632896423 0.505784451961517 0.49941611289978 0.500180304050446 0.508561074733734 0.5312659740448 0.565238058567047 0.58314973115921 0.588326275348663 0.602825284004211 0.614897727966309 0.624132990837097 0.616692066192627 0.603918552398682 0.600675761699677 0.60480535030365 0.581676840782166 0.5627681016922 0.560408413410187 0.559390962123871 0.555326998233795 0.568406045436859 0.565352201461792 0.548080861568451 0.550705134868622 0.57524961233139 0.590671837329865 0.598391652107239 0.615991771221161 0.629267752170563 0.633521735668182 0.640289902687073 0.650838077068329 0.658846497535706 0.663123250007629 -3.4e+38 -3.4e+38 -3.4e+38 -3.4e+38 -3.4e+38 -3.4e+38 -3.4e+38 -3.4e+38 -3.4e+38 -3.4e+38 -3.4e+38 -3.4e+38 -3.4e+38 -3.4e+38
