data/trimmed_ndre/W_ndre.628.2009_no_clouds.asc
NCOLS 130 
NROWS 71 
XLLCORNER 530645 
YLLCORNER 5158205 
CELLSIZE 5 
NODATA_value -3.4e+38 
[rows 21 to 41 of 71, columns 0 to 48 of 130]
0.464132189750671 0.489931911230087 0.498885452747345 0.488996565341949 0.489737719297409 0.510486125946045 0.519853949546814 0.512908697128296 0.5001420378685 0.474405586719513 0.440935969352722 0.431788474321365 0.441416084766388 0.453309059143066 0.436034888029099 0.419331043958664 0.421814918518066 0.407380282878876 0.389564573764801 0.380334198474884 0.380277395248413 0.38220676779747 0.372704386711121 0.361776500940323 0.366010755300522 0.370603412389755 0.344721168279648 0.313226819038391 0.314242273569107 0.316590249538422 0.35025742650032 0.408985882997513 0.440978169441223 0.470591872930527 0.484367728233337 0.484545826911926 0.458404570817947 0.39919450879097 0.355655640363693 0.341729074716568 0.328247547149658 0.31349903345108 0.299575716257095 0.29776406288147 0.290627956390381 0.309914737939835 0.326886743307114 0.319526463747025 0.339011460542679
0.478090345859528 0.508303701877594 0.516581952571869 0.50564831495285 0.492161303758621 0.503510594367981 0.522992432117462 0.520837068557739 0.504136085510254 0.487717717885971 0.469643473625183 0.464506238698959 0.469792515039444 0.465790241956711 0.434260219335556 0.409571945667267 0.417168080806732 0.418217480182648 0.40414035320282 0.381797879934311 0.365927010774612 0.35768935084343 0.346539378166199 0.327764570713043 0.325844377279282 0.339441865682602 0.31486651301384 0.285582542419434 0.290917456150055 0.31748953461647 0.334089070558548 0.387637674808502 0.452244937419891 0.492935240268707 0.511634290218353 0.496355146169662 0.465790092945099 0.418458193540573 0.386384218931198 0.377776086330414 0.364464044570923 0.344536542892456 0.308529496192932 0.296515166759491 0.305712223052979 0.29224106669426 0.311615586280823 0.339655786752701 0.354921013116837
-3.4e+38 0.507128894329071 0.50674706697464 0.497731566429138 0.490441650152206 0.497913420200348 0.513693451881409 0.509942352771759 0.505546629428864 0.486099749803543 0.460439890623093 0.451168328523636 0.455459326505661 0.448774367570877 0.426063656806946 0.397179961204529 0.397110641002655 0.411980986595154 0.398173451423645 0.373726218938828 0.350254505872726 0.339412093162537 0.336909681558609 0.319506049156189 0.312219113111496 0.314807415008545 0.29072242975235 0.282374888658524 0.298227578401566 0.319282174110413 0.31988924741745 0.3514524102211 0.424076437950134 0.480705946683884 0.512977004051208 0.504207789897919 0.446603029966354 0.397059440612793 0.371548980474472 0.375404417514801 0.384910434484482 0.367912590503693 0.345571339130402 0.316231787204742 0.309658139944077 0.309696227312088 0.30922669172287 0.346050918102264 0.359195858240128
-3.4e+38 -3.4e+38 0.488568961620331 0.485863834619522 0.491234660148621 0.492852807044983 0.493445456027985 0.494970798492432 0.510638236999512 0.508850038051605 0.481984525918961 0.461832970380783 0.449560344219208 0.443332672119141 0.434763550758362 0.421884536743164 0.39927738904953 0.394796788692474 0.387395918369293 0.369097709655762 0.341809779405594 0.321400880813599 0.314905196428299 0.301108747720718 0.29324197769165 0.289137005805969 0.277660012245178 0.284148067235947 0.308621615171432 0.325973659753799 0.322714686393738 0.329095214605331 0.370357364416122 0.42940354347229 0.46509513258934 0.476846933364868 0.434526711702347 0.371539056301117 0.338461607694626 0.332220315933228 0.358785569667816 0.383535116910934 0.384916245937347 0.356549501419067 0.334198743104935 0.337102919816971 0.315250337123871 0.335231363773346 0.360233068466187
-3.4e+38 -3.4e+38 -3.4e+38 0.452143758535385 0.472232908010483 0.489916115999222 0.487473577260971 0.485945731401443 0.485589951276779 0.476909250020981 0.459514260292053 0.447370588779449 0.45281445980072 0.449459403753281 0.430970370769501 0.408375561237335 0.38261091709137 0.383590489625931 0.3881975710392 0.370145857334137 0.345915377140045 0.307732611894608 0.288511514663696 0.289929062128067 0.278140515089035 0.272058218717575 0.262467056512833 0.254039943218231 0.263792842626572 0.289456933736801 0.31651383638382 0.336222231388092 0.353973954916 0.393419116735458 0.430766314268112 0.447910696268082 0.430280059576035 0.375494807958603 0.334082841873169 0.336416393518448 0.352626472711563 0.367517232894897 0.371015548706055 0.369493871927261 0.351793527603149 0.339846223592758 0.334481745958328 0.329699665307999 0.340226471424103
-3.4e+38 -3.4e+38 -3.4e+38 0.455842852592468 0.465246945619583 0.498026221990585 0.492006599903107 0.47466853260994 0.465619325637817 0.448798954486847 0.420698761940002 0.409433096647263 0.419382184743881 0.428742706775665 0.424923688173294 0.406765967607498 0.391193866729736 0.392185300588608 0.385343223810196 0.363184541463852 0.340636730194092 0.306136071681976 0.27932021021843 0.279681146144867 0.273326337337494 0.263229519128799 0.249773725867271 0.237458914518356 0.2383683770895 0.260497719049454 0.316835433244705 0.357350826263428 0.367032259702682 0.387030869722366 0.42636451125145 0.4488705098629 0.432809054851532 0.386487036943436 0.337135940790176 0.312633037567139 0.309323340654373 0.313025951385498 0.326579838991165 0.349322289228439 0.362156331539154 0.374289691448212 0.37457799911499 0.365167856216431 0.352377206087112
-3.4e+38 -3.4e+38 -3.4e+38 0.504522442817688 0.487641870975494 0.496447622776031 0.486094206571579 0.493185222148895 0.492285937070847 0.467441290616989 0.437837213277817 0.424848735332489 0.433721452951431 0.436415612697601 0.426158994436264 0.41958811879158 0.408959060907364 0.396851927042007 0.367918521165848 0.330286830663681 0.306172072887421 0.292181819677353 0.266842782497406 0.263052761554718 0.26610541343689 0.243022277951241 0.229412868618965 0.238902136683464 0.262205988168716 0.284137040376663 0.337597638368607 0.384326815605164 0.398016780614853 0.41595071554184 0.462862849235535 0.481572657823563 0.439581662416458 0.360670655965805 0.324026137590408 0.3183933198452 0.312348306179047 0.304083436727524 0.320385783910751 0.348413169384003 0.364594012498856 0.373695969581604 0.393052369356155 0.400903791189194 0.380290806293488
-3.4e+38 -3.4e+38 -3.4e+38 -3.4e+38 0.505571901798248 0.496324390172958 0.490889728069305 0.507056057453156 0.504519402980804 0.47546461224556 0.459724873304367 0.43804270029068 0.437732309103012 0.435523688793182 0.414497852325439 0.411342233419418 0.392314672470093 0.355011016130447 0.332371264696121 0.298391431570053 0.270424455404282 0.259249299764633 0.246579274535179 0.26010924577713 0.276990711688995 0.259811967611313 0.244230523705482 0.260582864284515 0.296777456998825 0.328734666109085 0.376390904188156 0.412690937519073 0.430698722600937 0.452614277601242 0.498893886804581 0.518694877624512 0.463240116834641 0.377450525760651 0.364755660295486 0.381320267915726 0.358305096626282 0.314885467290878 0.294254809617996 0.313954412937164 0.341701775789261 0.342744261026382 0.356222450733185 0.398807168006897 0.418246179819107
-3.4e+38 -3.4e+38 -3.4e+38 -3.4e+38 -3.4e+38 0.483085632324219 0.472611755132675 0.471508681774139 0.452926278114319 0.442401140928268 0.444962650537491 0.419744074344635 0.407827138900757 0.401890724897385 0.385384410619736 0.388474851846695 0.37102735042572 0.325215995311737 0.302535951137543 0.285676807165146 0.271327942609787 0.258183807134628 0.253040254116058 0.279122978448868 0.305583983659744 0.302305936813354 0.285809218883514 0.304380387067795 0.338200449943542 0.364605665206909 0.385800123214722 0.413130581378937 0.44320547580719 0.476551443338394 0.51176792383194 0.524010837078094 0.489844709634781 0.438965946435928 0.434227049350739 0.424576908349991 0.388532251119614 0.352036327123642 0.338078886270523 0.350694447755814 0.366734832525253 0.36005488038063 0.360978573560715 0.395340621471405 0.43507394194603
-3.4e+38 -3.4e+38 -3.4e+38 -3.4e+38 -3.4e+38 -3.4e+38 -3.4e+38 -3.4e+38 0.422411382198334 0.404450714588165 0.399077326059341 0.38579261302948 0.374522566795349 0.372539579868317 0.368347257375717 0.356927782297134 0.341183483600616 0.303642868995667 0.268134504556656 0.26125830411911 0.274220705032349 0.27543768286705 0.272644013166428 0.292214959859848 0.312484890222549 0.31268709897995 0.314548939466476 0.340725094079971 0.359839826822281 0.362074375152588 0.372621208429337 0.406317353248596 0.450725227594376 0.501591742038727 0.533039689064026 0.536334753036499 0.5151127576828 0.490252763032913 0.474872589111328 0.464374303817749 0.443816810846329 0.429069399833679 0.431759089231491 0.428850591182709 0.416037291288376 0.396993011236191 0.389331966638565 0.392282634973526 0.423835754394531
-3.4e+38 -3.4e+38 -3.4e+38 -3.4e+38 -3.4e+38 -3.4e+38 -3.4e+38 -3.4e+38 -3.4e+38 -3.4e+38 0.35336434841156 0.354591429233551 0.356684386730194 0.336780518293381 0.331688940525055 0.318554043769836 0.296637266874313 0.270850628614426 0.257379084825516 0.265661329030991 0.274652242660522 0.280756145715714 0.274519383907318 0.284417986869812 0.318869650363922 0.347052752971649 0.347544878721237 0.34732061624527 0.361930131912231 0.36642462015152 0.383948296308517 0.42581182718277 0.460563629865646 0.513147830963135 0.551807105541229 0.55277407169342 0.514591693878174 0.504050970077515 0.51873117685318 0.509423196315765 0.492489576339722 0.479814648628235 0.470025151968002 0.44989487528801 0.430835902690887 0.430431246757507 0.434240072965622 0.421206146478653 0.449440777301788
-3.4e+38 -3.4e+38 -3.4e+38 -3.4e+38 -3.4e+38 -3.4e+38 -3.4e+38 -3.4e+38 -3.4e+38 -3.4e+38 -3.4e+38 0.330470114946365 0.317694544792175 0.298432946205139 0.295565545558929 0.294111788272858 0.270224153995514 0.263497471809387 0.272843271493912 0.277226597070694 0.266061156988144 0.273786574602127 0.287026107311249 0.304944723844528 0.326944530010223 0.33350133895874 0.336897641420364 0.339358657598495 0.362656086683273 0.387782126665115 0.431009709835052 0.468482732772827 0.477041602134705 0.519104480743408 0.547211050987244 0.548065304756165 0.530789852142334 0.526139259338379 0.542405247688293 0.53639429807663 0.513251185417175 0.481135010719299 0.473132193088531 0.480424404144287 0.474569052457809 0.477065712213516 0.465836584568024 0.457403004169464 0.494312703609467
-3.4e+38 -3.4e+38 -3.4e+38 -3.4e+38 -3.4e+38 -3.4e+38 -3.4e+38 -3.4e+38 -3.4e+38 -3.4e+38 -3.4e+38 -3.4e+38 -3.4e+38 -3.4e+38 -3.4e+38 -3.4e+38 -3.4e+38 -3.4e+38 -3.4e+38 -3.4e+38 -3.4e+38 -3.4e+38 -3.4e+38 -3.4e+38 -3.4e+38 -3.4e+38 -3.4e+38 -3.4e+38 -3.4e+38 -3.4e+38 -3.4e+38 0.470074445009232 0.492329925298691 0.53698319196701 0.540867805480957 0.531327903270721 0.52970415353775 0.520334720611572 0.531017422676086 0.54466712474823 0.534161269664764 0.514080286026001 0.491067796945572 0.480510413646698 0.476516157388687 0.483324021100998 0.45152547955513 0.448536455631256 0.495779484510422
-3.4e+38 -3.4e+38 -3.4e+38 -3.4e+38 -3.4e+38 -3.4e+38 -3.4e+38 -3.4e+38 -3.4e+38 -3.4e+38 -3.4e+38 -3.4e+38 -3.4e+38 -3.4e+38 -3.4e+38 -3.4e+38 -3.4e+38 -3.4e+38 -3.4e+38 -3.4e+38 -3.4e+38 -3.4e+38 -3.4e+38 -3.4e+38 -3.4e+38 -3.4e+38 -3.4e+38 -3.4e+38 -3.4e+38 -3.4e+38 -3.4e+38 -3.4e+38 -3.4e+38 0.534805297851562 0.530992686748505 0.527942180633545 0.520211398601532 0.50818532705307 0.514092028141022 0.530389547348022 0.542799174785614 0.537290990352631 0.507247984409332 0.441987276077271 0.410498708486557 0.438187479972839 0.422600388526917 0.430577397346497 0.481332033872604
-3.4e+38 -3.4e+38 -3.4e+38 -3.4e+38 -3.4e+38 -3.4e+38 -3.4e+38 -3.4e+38 -3.4e+38 -3.4e+38 -3.4e+38 -3.4e+38 -3.4e+38 -3.4e+38 -3.4e+38 -3.4e+38 -3.4e+38 -3.4e+38 -3.4e+38 -3.4e+38 -3.4e+38 -3.4e+38 -3.4e+38 -3.4e+38 -3.4e+38 -3.4e+38 -3.4e+38 -3.4e+38 -3.4e+38 -3.4e+38 -3.4e+38 -3.4e+38 -3.4e+38 -3.4e+38 0.541164457798004 0.543829560279846 0.529268682003021 0.512081205844879 0.508904755115509 0.505350470542908 0.517185747623444 0.518007338047028 0.499212682247162 0.446606785058975 0.388531178236008 0.389953553676605 0.392399072647095 0.418632388114929 0.477176904678345
-3.4e+38 -3.4e+38 -3.4e+38 -3.4e+38 -3.4e+38 -3.4e+38 -3.4e+38 -3.4e+38 -3.4e+38 -3.4e+38 -3.4e+38 -3.4e+38 -3.4e+38 -3.4e+38 -3.4e+38 -3.4e+38 -3.4e+38 -3.4e+38 -3.4e+38 -3.4e+38 -3.4e+38 -3.4e+38 -3.4e+38 -3.4e+38 -3.4e+38 -3.4e+38 -3.4e+38 -3.4e+38 -3.4e+38 -3.4e+38 -3.4e+38 -3.4e+38 -3.4e+38 -3.4e+38 0.554602384567261 0.543476760387421 0.522665619850159 0.492036998271942 0.472471237182617 0.459930300712585 0.471271097660065 0.466661721467972 0.438368767499924 0.429698586463928 0.392294555902481 0.349955201148987 0.360452353954315 0.409275114536285 0.473226755857468
-3.4e+38 -3.4e+38 -3.4e+38 -3.4e+38 -3.4e+38 -3.4e+38 -3.4e+38 -3.4e+38 -3.4e+38 -3.4e+38 -3.4e+38 -3.4e+38 -3.4e+38 -3.4e+38 -3.4e+38 -3.4e+38 -3.4e+38 -3.4e+38 -3.4e+38 -3.4e+38 -3.4e+38 -3.4e+38 -3.4e+38 -3.4e+38 -3.4e+38 -3.4e+38 -3.4e+38 -3.4e+38 -3.4e+38 -3.4e+38 -3.4e+38 -3.4e+38 -3.4e+38 -3.4e+38 0.541798174381256 0.505093216896057 0.502085208892822 0.476777762174606 0.43715637922287 0.420537054538727 0.43547984957695 0.435959219932556 0.407415241003036 0.398727595806122 0.380301356315613 0.320067793130875 0.310713559389114 0.374315768480301 0.413663029670715
-3.4e+38 -3.4e+38 -3.4e+38 -3.4e+38 -3.4e+38 -3.4e+38 -3.4e+38 -3.4e+38 -3.4e+38 -3.4e+38 -3.4e+38 -3.4e+38 -3.4e+38 -3.4e+38 -3.4e+38 -3.4e+38 -3.4e+38 -3.4e+38 -3.4e+38 -3.4e+38 -3.4e+38 -3.4e+38 -3.4e+38 -3.4e+38 -3.4e+38 -3.4e+38 -3.4e+38 -3.4e+38 -3.4e+38 -3.4e+38 -3.4e+38 -3.4e+38 -3.4e+38 -3.4e+38 -3.4e+38 0.503929316997528 0.492715418338776 0.476109147071838 0.440538853406906 0.398279577493668 0.378630220890045 0.37398037314415 0.369297623634338 0.352696806192398 0.339078366756439 0.317570626735687 0.30927038192749 0.337258756160736 0.35625284910202
-3.4e+38 -3.4e+38 -3.4e+38 -3.4e+38 -3.4e+38 -3.4e+38 -3.4e+38 -3.4e+38 -3.4e+38 -3.4e+38 -3.4e+38 -3.4e+38 -3.4e+38 -3.4e+38 -3.4e+38 -3.4e+38 -3.4e+38 -3.4e+38 -3.4e+38 -3.4e+38 -3.4e+38 -3.4e+38 -3.4e+38 -3.4e+38 -3.4e+38 -3.4e+38 -3.4e+38 -3.4e+38 -3.4e+38 -3.4e+38 -3.4e+38 -3.4e+38 -3.4e+38 -3.4e+38 -3.4e+38 -3.4e+38 0.476358473300934 0.442787855863571 0.402395039796829 0.357363373041153 0.326726078987122 0.323999315500259 0.333417475223541 0.337999612092972 0.315728157758713 0.284404009580612 0.286331504583359 0.317087262868881 0.342202812433243
-3.4e+38 -3.4e+38 -3.4e+38 -3.4e+38 -3.4e+38 -3.4e+38 -3.4e+38 -3.4e+38 -3.4e+38 -3.4e+38 -3.4e+38 -3.4e+38 -3.4e+38 -3.4e+38 -3.4e+38 -3.4e+38 -3.4e+38 -3.4e+38 -3.4e+38 -3.4e+38 -3.4e+38 -3.4e+38 -3.4e+38 -3.4e+38 -3.4e+38 -3.4e+38 -3.4e+38 -3.4e+38 -3.4e+38 -3.4e+38 -3.4e+38 -3.4e+38 -3.4e+38 -3.4e+38 -3.4e+38 -3.4e+38 -3.4e+38 0.43582957983017 0.39253830909729 0.344222456216812 0.318621844053268 0.320895403623581 0.321465581655502 0.310484945774078 0.290790319442749 0.272419303655624 0.275970220565796 0.311373919248581 0.341678142547607
-3.4e+38 -3.4e+38 -3.4e+38 -3.4e+38 -3.4e+38 -3.4e+38 -3.4e+38 -3.4e+38 -3.4e+38 -3.4e+38 -3.4e+38 -3.4e+38 -3.4e+38 -3.4e+38 -3.4e+38 -3.4e+38 -3.4e+38 -3.4e+38 -3.4e+38 -3.4e+38 -3.4e+38 -3.4e+38 -3.4e+38 -3.4e+38 -3.4e+38 -3.4e+38 -3.4e+38 -3.4e+38 -3.4e+38 -3.4e+38 -3.4e+38 -3.4e+38 -3.4e+38 -3.4e+38 -3.4e+38 -3.4e+38 -3.4e+38 -3.4e+38 0.3942511677742 0.348791599273682 0.303197830915451 0.293146103620529 0.300259917974472 0.303221762180328 0.305647432804108 0.296910643577576 0.281851798295975 0.298676788806915 0.327313452959061
