data/trimmed_ndre/W_ndre.630.2014_no_clouds.asc
NCOLS 130 
NROWS 71 
XLLCORNER 530645 
YLLCORNER 5158205 
CELLSIZE 5 
NODATA_value -3.4e+38 
[rows 21 to 41 of 71, columns 0 to 48 of 130]
0.609131753444672 0.633723556995392 0.657021343708038 0.670483529567719 0.645667731761932 0.625891327857971 0.641711592674255 0.640946984291077 0.624523937702179 0.611369490623474 0.601741790771484 0.612922728061676 0.599108338356018 0.561303913593292 0.53912615776062 0.503399312496185 0.489121824502945 0.523402273654938 0.563506841659546 0.566391289234161 0.550574243068695 0.573250710964203 0.597569227218628 0.597115278244019 0.587855517864227 0.603897333145142 0.60486376285553 0.571873724460602 0.530652284622192 0.538042366504669 0.590078234672546 0.615552186965942 0.630920588970184 0.640699207782745 0.639385581016541 0.622442305088043 0.597807466983795 0.586475312709808 0.580036103725433 0.562124729156494 0.56629866361618 0.577482461929321 0.583476662635803 0.589949369430542 0.600731730461121 0.616463184356689 0.620884120464325 0.620424091815948 0.625491738319397
0.621231913566589 0.642277121543884 0.656154155731201 0.654813051223755 0.63361930847168 0.637050986289978 0.657212316989899 0.643145561218262 0.624662339687347 0.623000204563141 0.624589562416077 0.610844194889069 0.562563180923462 0.515242159366608 0.504190802574158 0.488780349493027 0.517479002475739 0.574574947357178 0.594654560089111 0.587401866912842 0.57015061378479 0.576333999633789 0.592569589614868 0.598142921924591 0.591824591159821 0.605315983295441 0.597401857376099 0.577115058898926 0.568947851657867 0.563701450824738 0.590051293373108 0.620192587375641 0.641276955604553 0.659106016159058 0.658773243427277 0.641817629337311 0.621837079524994 0.611218452453613 0.601177215576172 0.577858209609985 0.570605993270874 0.576839447021484 0.578672230243683 0.585492193698883 0.591673195362091 0.603097319602966 0.609651982784271 0.619880676269531 0.632881939411163
-3.4e+38 0.637341976165771 0.647210478782654 0.643728494644165 0.644888520240784 0.651300728321075 0.655313014984131 0.647747099399567 0.643997848033905 0.629375755786896 0.604439973831177 0.5611851811409 0.512281894683838 0.514267086982727 0.548353910446167 0.55576103925705 0.576425075531006 0.602459788322449 0.602356314659119 0.594478905200958 0.586520850658417 0.581607103347778 0.58437192440033 0.587785303592682 0.582592070102692 0.588296830654144 0.574285864830017 0.563567399978638 0.577296376228333 0.5893235206604 0.595884203910828 0.603612542152405 0.621756911277771 0.648252785205841 0.659685373306274 0.648408830165863 0.630953073501587 0.608071863651276 0.597976684570312 0.589349269866943 0.578644931316376 0.572295606136322 0.571346461772919 0.584161400794983 0.601985394954681 0.612521946430206 0.621390223503113 0.630622565746307 0.640300273895264
-3.4e+38 -3.4e+38 0.632582068443298 0.6340611577034 0.637917697429657 0.645100951194763 0.641033709049225 0.637891113758087 0.640235900878906 0.60632711648941 0.566359281539917 0.52790230512619 0.51034152507782 0.54831326007843 0.592722594738007 0.601262331008911 0.594770312309265 0.584524512290955 0.588870286941528 0.58988755941391 0.590089738368988 0.586169004440308 0.585452854633331 0.588570177555084 0.5867680311203 0.581772744655609 0.564981997013092 0.554480612277985 0.570026397705078 0.587185680866241 0.585056781768799 0.577692806720734 0.587666869163513 0.616471171379089 0.643396735191345 0.649332106113434 0.639292776584625 0.610257744789124 0.591286659240723 0.596315860748291 0.583587646484375 0.570222616195679 0.566716253757477 0.579082369804382 0.604032456874847 0.623960018157959 0.629392981529236 0.633990287780762 0.638476967811584
-3.4e+38 -3.4e+38 -3.4e+38 0.624735116958618 0.633004426956177 0.627329587936401 0.617235481739044 0.608901858329773 0.587636291980743 0.554568231105804 0.533268451690674 0.523646950721741 0.529204487800598 0.576224744319916 0.598537981510162 0.577765583992004 0.558740556240082 0.549807965755463 0.572112083435059 0.597514688968658 0.60258424282074 0.594862520694733 0.592935144901276 0.597636222839355 0.598305881023407 0.588339388370514 0.56708163022995 0.558845579624176 0.574140787124634 0.582235455513 0.577205002307892 0.579440534114838 0.593222439289093 0.616691172122955 0.632988095283508 0.641234636306763 0.640804350376129 0.624221622943878 0.608632266521454 0.600740790367126 0.580512344837189 0.562510848045349 0.556134939193726 0.566449880599976 0.589412271976471 0.613118052482605 0.625539720058441 0.632427632808685 0.638261616230011
-3.4e+38 -3.4e+38 -3.4e+38 0.637847423553467 0.639659821987152 0.619396865367889 0.599240660667419 0.578659653663635 0.55042028427124 0.530932664871216 0.545506417751312 0.563096463680267 0.577665090560913 0.604954719543457 0.617498636245728 0.590070486068726 0.553231537342072 0.530996143817902 0.559453964233398 0.600544691085815 0.612094104290009 0.594744861125946 0.57712197303772 0.574878334999084 0.580808877944946 0.592898607254028 0.581708014011383 0.576279044151306 0.586680233478546 0.591930985450745 0.585778772830963 0.586789131164551 0.609887540340424 0.632374882698059 0.636742949485779 0.625745296478271 0.617787301540375 0.609418213367462 0.612298130989075 0.606254279613495 0.582611262798309 0.566481113433838 0.558207154273987 0.564162194728851 0.579473316669464 0.601426780223846 0.619657635688782 0.629595637321472 0.634355485439301
-3.4e+38 -3.4e+38 -3.4e+38 0.642252147197723 0.631218254566193 0.604857563972473 0.573902606964111 0.543318569660187 0.5362149477005 0.5568967461586 0.599708080291748 0.614178895950317 0.611396372318268 0.615288913249969 0.618825435638428 0.59815514087677 0.566902220249176 0.562365710735321 0.576910495758057 0.585998952388763 0.586525917053223 0.572284281253815 0.569461405277252 0.579237520694733 0.581239700317383 0.581413924694061 0.585452139377594 0.595879316329956 0.598699569702148 0.601188898086548 0.60702645778656 0.612828016281128 0.636325120925903 0.645195722579956 0.628434777259827 0.610570669174194 0.595853924751282 0.596407771110535 0.609733521938324 0.607720196247101 0.588766634464264 0.575209379196167 0.577287018299103 0.576963424682617 0.572429597377777 0.581087291240692 0.597843587398529 0.613937437534332 0.613632619380951
-3.4e+38 -3.4e+38 -3.4e+38 -3.4e+38 0.594746172428131 0.562463998794556 0.541692733764648 0.527885913848877 0.548772394657135 0.594539284706116 0.636464238166809 0.629380643367767 0.612145304679871 0.603125333786011 0.603355467319489 0.598174333572388 0.593762993812561 0.60694831609726 0.622221887111664 0.609911262989044 0.576344192028046 0.554115355014801 0.567155838012695 0.591128349304199 0.585458040237427 0.567729353904724 0.576665341854095 0.594365894794464 0.596618115901947 0.606483399868011 0.616693198680878 0.634332537651062 0.663878619670868 0.677812516689301 0.6519495844841 0.622713208198547 0.59972482919693 0.594753623008728 0.605839252471924 0.602168142795563 0.596670627593994 0.596612274646759 0.601275861263275 0.594275951385498 0.573749542236328 0.571785032749176 0.581693947315216 0.598279714584351 0.592367887496948
-3.4e+38 -3.4e+38 -3.4e+38 -3.4e+38 -3.4e+38 0.52102792263031 0.537060260772705 0.552315354347229 0.572909832000732 0.605387389659882 0.62927657365799 0.616052210330963 0.596619784832001 0.586112797260284 0.590122938156128 0.597274303436279 0.601768553256989 0.604633748531342 0.612481892108917 0.594464242458344 0.559724867343903 0.541056931018829 0.5556920170784 0.577418684959412 0.581188321113586 0.576846897602081 0.60021561384201 0.61559271812439 0.609097003936768 0.615475416183472 0.618950486183167 0.6334547996521 0.660999119281769 0.68261331319809 0.667432427406311 0.641218364238739 0.622744381427765 0.601217031478882 0.609271109104156 0.616709351539612 0.595660388469696 0.587949812412262 0.603325724601746 0.61250501871109 0.596379458904266 0.583890438079834 0.583248019218445 0.594234824180603 0.597938895225525
-3.4e+38 -3.4e+38 -3.4e+38 -3.4e+38 -3.4e+38 -3.4e+38 -3.4e+38 -3.4e+38 0.593611598014832 0.607084691524506 0.606434762477875 0.581742644309998 0.573549807071686 0.584941506385803 0.588218152523041 0.572930991649628 0.558512628078461 0.562022566795349 0.571087837219238 0.567442178726196 0.561055779457092 0.562749624252319 0.58180296421051 0.589783489704132 0.583767414093018 0.588261246681213 0.624414563179016 0.647487282752991 0.6422318816185 0.645507454872131 0.637197315692902 0.63573956489563 0.643277823925018 0.654528856277466 0.650364279747009 0.646116554737091 0.64758825302124 0.62963855266571 0.625212371349335 0.624852061271667 0.59865003824234 0.590998768806458 0.610261023044586 0.629626035690308 0.616907596588135 0.626604497432709 0.621100425720215 0.596603989601135 0.611738324165344
-3.4e+38 -3.4e+38 -3.4e+38 -3.4e+38 -3.4e+38 -3.4e+38 -3.4e+38 -3.4e+38 -3.4e+38 -3.4e+38 0.597117960453033 0.577949404716492 0.576768636703491 0.591192603111267 0.58825945854187 0.559937953948975 0.548753798007965 0.557901322841644 0.572745144367218 0.574946939945221 0.575600743293762 0.582115769386292 0.596170663833618 0.593888878822327 0.593728959560394 0.60521787405014 0.631632328033447 0.648492515087128 0.656736373901367 0.663751721382141 0.657290101051331 0.647021591663361 0.635509192943573 0.633541703224182 0.624627649784088 0.619775891304016 0.6298788189888 0.637238204479218 0.635725200176239 0.628377556800842 0.629455983638763 0.635887205600739 0.648116827011108 0.648861348628998 0.62584376335144 0.652732193470001 0.651700735092163 0.607347011566162 0.612962603569031
-3.4e+38 -3.4e+38 -3.4e+38 -3.4e+38 -3.4e+38 -3.4e+38 -3.4e+38 -3.4e+38 -3.4e+38 -3.4e+38 -3.4e+38 0.592798948287964 0.594104409217834 0.589449942111969 0.589366018772125 0.574683666229248 0.567248702049255 0.582290828227997 0.599538862705231 0.5942502617836 0.577574074268341 0.567172765731812 0.580153107643127 0.58694052696228 0.611130595207214 0.629365086555481 0.639715254306793 0.647456169128418 0.660403966903687 0.666459619998932 0.66170608997345 0.654087662696838 0.646841764450073 0.639969766139984 0.631019055843353 0.634987592697144 0.644234657287598 0.651673018932343 0.643632352352142 0.64097934961319 0.644801557064056 0.644873917102814 0.656984150409698 0.646919786930084 0.627619981765747 0.647154092788696 0.66108238697052 0.637415409088135 0.626189529895782
-3.4e+38 -3.4e+38 -3.4e+38 -3.4e+38 -3.4e+38 -3.4e+38 -3.4e+38 -3.4e+38 -3.4e+38 -3.4e+38 -3.4e+38 -3.4e+38 -3.4e+38 -3.4e+38 -3.4e+38 -3.4e+38 -3.4e+38 -3.4e+38 -3.4e+38 -3.4e+38 -3.4e+38 -3.4e+38 -3.4e+38 -3.4e+38 -3.4e+38 -3.4e+38 -3.4e+38 -3.4e+38 -3.4e+38 -3.4e+38 -3.4e+38 0.641902983188629 0.648803055286407 0.653105676174164 0.649430811405182 0.659122228622437 0.656827628612518 0.649186432361603 0.645480811595917 0.656816959381104 0.651529490947723 0.63385671377182 0.636754393577576 0.628140807151794 0.61799556016922 0.633756101131439 0.650497913360596 0.633612275123596 0.613740622997284
-3.4e+38 -3.4e+38 -3.4e+38 -3.4e+38 -3.4e+38 -3.4e+38 -3.4e+38 -3.4e+38 -3.4e+38 -3.4e+38 -3.4e+38 -3.4e+38 -3.4e+38 -3.4e+38 -3.4e+38 -3.4e+38 -3.4e+38 -3.4e+38 -3.4e+38 -3.4e+38 -3.4e+38 -3.4e+38 -3.4e+38 -3.4e+38 -3.4e+38 -3.4e+38 -3.4e+38 -3.4e+38 -3.4e+38 -3.4e+38 -3.4e+38 -3.4e+38 -3.4e+38 0.637596428394318 0.644800305366516 0.658653497695923 0.644979119300842 0.62538605928421 0.625012814998627 0.651911973953247 0.638460218906403 0.612788677215576 0.617616295814514 0.618252515792847 0.618531107902527 0.624003827571869 0.632642149925232 0.621752917766571 0.599303424358368
-3.4e+38 -3.4e+38 -3.4e+38 -3.4e+38 -3.4e+38 -3.4e+38 -3.4e+38 -3.4e+38 -3.4e+38 -3.4e+38 -3.4e+38 -3.4e+38 -3.4e+38 -3.4e+38 -3.4e+38 -3.4e+38 -3.4e+38 -3.4e+38 -3.4e+38 -3.4e+38 -3.4e+38 -3.4e+38 -3.4e+38 -3.4e+38 -3.4e+38 -3.4e+38 -3.4e+38 -3.4e+38 -3.4e+38 -3.4e+38 -3.4e+38 -3.4e+38 -3.4e+38 -3.4e+38 0.621769428253174 0.632290184497833 0.62765246629715 0.603956937789917 0.599189221858978 0.625555336475372 0.611666738986969 0.600978255271912 0.611533343791962 0.620879352092743 0.622979700565338 0.620376169681549 0.616236865520477 0.607640564441681 0.592976808547974
-3.4e+38 -3.4e+38 -3.4e+38 -3.4e+38 -3.4e+38 -3.4e+38 -3.4e+38 -3.4e+38 -3.4e+38 -3.4e+38 -3.4e+38 -3.4e+38 -3.4e+38 -3.4e+38 -3.4e+38 -3.4e+38 -3.4e+38 -3.4e+38 -3.4e+38 -3.4e+38 -3.4e+38 -3.4e+38 -3.4e+38 -3.4e+38 -3.4e+38 -3.4e+38 -3.4e+38 -3.4e+38 -3.4e+38 -3.4e+38 -3.4e+38 -3.4e+38 -3.4e+38 -3.4e+38 0.626967310905457 0.62803852558136 0.619673311710358 0.590308666229248 0.58418732881546 0.604578256607056 0.600346863269806 0.605470716953278 0.61398708820343 0.617395043373108 0.611752808094025 0.608696401119232 0.606944739818573 0.59026026725769 0.587560296058655
-3.4e+38 -3.4e+38 -3.4e+38 -3.4e+38 -3.4e+38 -3.4e+38 -3.4e+38 -3.4e+38 -3.4e+38 -3.4e+38 -3.4e+38 -3.4e+38 -3.4e+38 -3.4e+38 -3.4e+38 -3.4e+38 -3.4e+38 -3.4e+38 -3.4e+38 -3.4e+38 -3.4e+38 -3.4e+38 -3.4e+38 -3.4e+38 -3.4e+38 -3.4e+38 -3.4e+38 -3.4e+38 -3.4e+38 -3.4e+38 -3.4e+38 -3.4e+38 -3.4e+38 -3.4e+38 0.644240319728851 0.630918681621552 0.611957490444183 0.597258746623993 0.599157512187958 0.608971416950226 0.609055757522583 0.626505136489868 0.626005470752716 0.609504818916321 0.596574544906616 0.593670010566711 0.606914937496185 0.609976232051849 0.591256976127625
-3.4e+38 -3.4e+38 -3.4e+38 -3.4e+38 -3.4e+38 -3.4e+38 -3.4e+38 -3.4e+38 -3.4e+38 -3.4e+38 -3.4e+38 -3.4e+38 -3.4e+38 -3.4e+38 -3.4e+38 -3.4e+38 -3.4e+38 -3.4e+38 -3.4e+38 -3.4e+38 -3.4e+38 -3.4e+38 -3.4e+38 -3.4e+38 -3.4e+38 -3.4e+38 -3.4e+38 -3.4e+38 -3.4e+38 -3.4e+38 -3.4e+38 -3.4e+38 -3.4e+38 -3.4e+38 -3.4e+38 0.613588690757751 0.591498374938965 0.604474782943726 0.620459794998169 0.617126703262329 0.610993027687073 0.63112074136734 0.629103779792786 0.609117269515991 0.591558992862701 0.581942081451416 0.583241283893585 0.587394058704376 0.573285102844238
-3.4e+38 -3.4e+38 -3.4e+38 -3.4e+38 -3.4e+38 -3.4e+38 -3.4e+38 -3.4e+38 -3.4e+38 -3.4e+38 -3.4e+38 -3.4e+38 -3.4e+38 -3.4e+38 -3.4e+38 -3.4e+38 -3.4e+38 -3.4e+38 -3.4e+38 -3.4e+38 -3.4e+38 -3.4e+38 -3.4e+38 -3.4e+38 -3.4e+38 -3.4e+38 -3.4e+38 -3.4e+38 -3.4e+38 -3.4e+38 -3.4e+38 -3.4e+38 -3.4e+38 -3.4e+38 -3.4e+38 -3.4e+38 0.585262656211853 0.604697942733765 0.617193698883057 0.610832452774048 0.602082192897797 0.615223050117493 0.618479371070862 0.606925070285797 0.575623571872711 0.532895982265472 0.51131284236908 0.531479716300964 0.562134802341461
-3.4e+38 -3.4e+38 -3.4e+38 -3.4e+38 -3.4e+38 -3.4e+38 -3.4e+38 -3.4e+38 -3.4e+38 -3.4e+38 -3.4e+38 -3.4e+38 -3.4e+38 -3.4e+38 -3.4e+38 -3.4e+38 -3.4e+38 -3.4e+38 -3.4e+38 -3.4e+38 -3.4e+38 -3.4e+38 -3.4e+38 -3.4e+38 -3.4e+38 -3.4e+38 -3.4e+38 -3.4e+38 -3.4e+38 -3.4e+38 -3.4e+38 -3.4e+38 -3.4e+38 -3.4e+38 -3.4e+38 -3.4e+38 -3.4e+38 0.585568368434906 0.597555637359619 0.602134346961975 0.597083508968353 0.598181307315826 0.597775042057037 0.582294642925262 0.544269323348999 0.500735819339752 0.491868227720261 0.524611830711365 0.557524383068085
-3.4e+38 -3.4e+38 -3.4e+38 -3.4e+38 -3.4e+38 -3.4e+38 -3.4e+38 -3.4e+38 -3.4e+38 -3.4e+38 -3.4e+38 -3.4e+38 -3.4e+38 -3.4e+38 -3.4e+38 -3.4e+38 -3.4e+38 -3.4e+38 -3.4e+38 -3.4e+38 -3.4e+38 -3.4e+38 -3.4e+38 -3.4e+38 -3.4e+38 -3.4e+38 -3.4e+38 -3.4e+38 -3.4e+38 -3.4e+38 -3.4e+38 -3.4e+38 -3.4e+38 -3.4e+38 -3.4e+38 -3.4e+38 -3.4e+38 -3.4e+38 0.598507523536682 0.597435235977173 0.594133317470551 0.595783174037933 0.595027327537537 0.576005458831787 0.550149023532867 0.545202672481537 0.562929034233093 0.571617782115936 0.573625266551971
