data/trimmed_ndre/W_ndre.610.2009_no_clouds.asc
NCOLS 130 
NROWS 71 
XLLCORNER 530645 
YLLCORNER 5158205 
CELLSIZE 5 
NODATA_value -3.4e+38 
[rows 0 to 20 of 71, columns 0 to 48 of 130]
-339999999999999996123846586046231871488.000000000000000 -3.4e+38 -3.4e+38 -3.4e+38 -3.4e+38 -3.4e+38 -3.4e+38 -3.4e+38 -3.4e+38 -3.4e+38 -3.4e+38 0.220243126153946 0.213359653949738 0.195730969309807 0.175617456436157 0.177333280444145 0.185009866952896 -3.4e+38 -3.4e+38 -3.4e+38 -3.4e+38 -3.4e+38 -3.4e+38 -3.4e+38 -3.4e+38 -3.4e+38 -3.4e+38 -3.4e+38 -3.4e+38 -3.4e+38 -3.4e+38 -3.4e+38 -3.4e+38 -3.4e+38 -3.4e+38 -3.4e+38 -3.4e+38 -3.4e+38 -3.4e+38 -3.4e+38 -3.4e+38 -3.4e+38 -3.4e+38 -3.4e+38 -3.4e+38 -3.4e+38 -3.4e+38 -3.4e+38 -3.4e+38
-3.4e+38 -3.4e+38 -3.4e+38 -3.4e+38 -3.4e+38 -3.4e+38 -3.4e+38 -3.4e+38 -3.4e+38 -3.4e+38 0.215880945324898 0.20148204267025 0.218550309538841 0.209737867116928 0.190466046333313 0.188124597072601 0.195644736289978 0.190423369407654 -3.4e+38 -3.4e+38 -3.4e+38 -3.4e+38 -3.4e+38 -3.4e+38 -3.4e+38 -3.4e+38 -3.4e+38 -3.4e+38 -3.4e+38 -3.4e+38 -3.4e+38 -3.4e+38 -3.4e+38 -3.4e+38 -3.4e+38 -3.4e+38 -3.4e+38 -3.4e+38 -3.4e+38 -3.4e+38 -3.4e+38 -3.4e+38 -3.4e+38 -3.4e+38 -3.4e+38 -3.4e+38 -3.4e+38 -3.4e+38 -3.4e+38
-3.4e+38 -3.4e+38 -3.4e+38 -3.4e+38 -3.4e+38 -3.4e+38 -3.4e+38 -3.4e+38 0.412451207637787 0.310554325580597 0.23814956843853 0.205545842647552 0.213656067848206 0.210961565375328 0.19480949640274 0.186225473880768 0.188393652439117 0.178225174546242 0.174468398094177 -3.4e+38 -3.4e+38 -3.4e+38 -3.4e+38 -3.4e+38 -3.4e+38 -3.4e+38 -3.4e+38 -3.4e+38 -3.4e+38 -3.4e+38 -3.4e+38 -3.4e+38 -3.4e+38 -3.4e+38 -3.4e+38 -3.4e+38 -3.4e+38 -3.4e+38 -3.4e+38 -3.4e+38 -3.4e+38 -3.4e+38 -3.4e+38 -3.4e+38 -3.4e+38 -3.4e+38 -3.4e+38 -3.4e+38 -3.4e+38
-3.4e+38 -3.4e+38 -3.4e+38 -3.4e+38 -3.4e+38 -3.4e+38 -3.4e+38 -3.4e+38 -3.4e+38 0.338996946811676 0.268437892198563 0.206920817494392 0.190178543329239 0.186613455414772 0.166460305452347 0.173959195613861 0.180702537298203 0.169659554958344 0.163161054253578 0.18255726993084 0.202194392681122 -3.4e+38 -3.4e+38 -3.4e+38 -3.4e+38 -3.4e+38 -3.4e+38 -3.4e+38 -3.4e+38 -3.4e+38 -3.4e+38 -3.4e+38 0.220230132341385 0.206875443458557 -3.4e+38 -3.4e+38 -3.4e+38 -3.4e+38 -3.4e+38 -3.4e+38 -3.4e+38 -3.4e+38 -3.4e+38 -3.4e+38 -3.4e+38 -3.4e+38 -3.4e+38 -3.4e+38 -3.4e+38
-3.4e+38 -3.4e+38 -3.4e+38 -3.4e+38 -3.4e+38 -3.4e+38 -3.4e+38 -3.4e+38 -3.4e+38 0.343145191669464 0.238425135612488 0.196469575166702 0.197393894195557 0.205449536442757 0.186832100152969 0.17164058983326 0.170392587780952 0.171950742602348 0.168044313788414 0.181557729840279 0.200486019253731 0.201722696423531 0.199695020914078 0.204553082585335 0.206091433763504 0.206537932157516 0.205811858177185 0.202520161867142 -3.4e+38 -3.4e+38 -3.4e+38 0.226178735494614 0.237776756286621 0.196403905749321 0.20877867937088 0.203107222914696 0.211026817560196 -3.4e+38 -3.4e+38 -3.4e+38 -3.4e+38 -3.4e+38 -3.4e+38 -3.4e+38 -3.4e+38 -3.4e+38 -3.4e+38 -3.4e+38 -3.4e+38
-3.4e+38 -3.4e+38 -3.4e+38 -3.4e+38 -3.4e+38 -3.4e+38 -3.4e+38 -3.4e+38 -3.4e+38 0.348436683416367 0.246674865484238 0.226329520344734 0.201060459017754 0.213218420743942 0.191478073596954 0.162383154034615 0.173428565263748 0.183628126978874 0.181672617793083 0.186665371060371 0.190345734357834 0.194501355290413 0.201605319976807 0.212627559900284 0.202257588505745 0.198994606733322 0.215399742126465 0.216124892234802 0.209297880530357 0.193265840411186 0.196075335144997 0.241526022553444 0.225660562515259 0.189231276512146 0.20805361866951 0.199262663722038 0.207238122820854 0.22700135409832 0.220880553126335 0.210680559277534 -3.4e+38 -3.4e+38 -3.4e+38 -3.4e+38 -3.4e+38 -3.4e+38 -3.4e+38 -3.4e+38 -3.4e+38
-3.4e+38 -3.4e+38 -3.4e+38 -3.4e+38 -3.4e+38 -3.4e+38 -3.4e+38 -3.4e+38 -3.4e+38 0.422978460788727 0.315670192241669 0.247179254889488 0.19692200422287 0.191530480980873 0.189464747905731 0.169171914458275 0.184183344244957 0.185141772031784 0.18912373483181 0.207789704203606 0.195622935891151 0.189877703785896 0.203548043966293 0.214807212352753 0.197598680853844 0.174732849001884 0.189222857356071 0.198299556970596 0.199283555150032 0.197456896305084 0.211915284395218 0.230155169963837 0.208098635077477 0.192465022206306 0.208527833223343 0.197495102882385 0.216239109635353 0.231338128447533 0.219554826617241 0.20607802271843 0.196382269263268 0.20254223048687 -3.4e+38 -3.4e+38 -3.4e+38 -3.4e+38 -3.4e+38 -3.4e+38 -3.4e+38
-3.4e+38 -3.4e+38 -3.4e+38 -3.4e+38 -3.4e+38 -3.4e+38 -3.4e+38 -3.4e+38 -3.4e+38 0.484342515468597 0.355002582073212 0.254824548959732 0.221264019608498 0.184816181659698 0.185385227203369 0.185270503163338 0.19432221353054 0.177131786942482 0.182360842823982 0.20610648393631 0.191555246710777 0.189746707677841 0.202891200780869 0.210540577769279 0.201663255691528 0.174457356333733 0.174702763557434 0.187157645821571 0.193675637245178 0.206026017665863 0.211686044931412 0.212007239460945 0.201715990900993 0.192972004413605 0.207029640674591 0.210919663310051 0.217540711164474 0.221072182059288 0.213360369205475 0.204628452658653 0.199078157544136 0.214798048138618 0.220106989145279 -3.4e+38 -3.4e+38 -3.4e+38 -3.4e+38 -3.4e+38 -3.4e+38
-3.4e+38 -3.4e+38 -3.4e+38 -3.4e+38 -3.4e+38 -3.4e+38 -3.4e+38 -3.4e+38 0.535285890102386 0.502019464969635 0.409409016370773 0.298505932092667 0.228470832109451 0.195677623152733 0.199692875146866 0.207105115056038 0.205994814634323 0.181744456291199 0.185870155692101 0.2031130194664 0.195138141512871 0.19609434902668 0.210493817925453 0.212004646658897 0.208729296922684 0.203695610165596 0.201105803251266 0.203853502869606 0.201967433094978 0.207779765129089 0.203459963202477 0.20337887108326 0.194971784949303 0.190515726804733 0.205269128084183 0.205441012978554 0.197417065501213 0.214133083820343 0.222241386771202 0.214233964681625 0.2033551633358 0.2217126339674 0.231773048639297 0.207262694835663 0.189270928502083 0.196804910898209 0.219973355531693 -3.4e+38 -3.4e+38
-3.4e+38 -3.4e+38 -3.4e+38 -3.4e+38 -3.4e+38 -3.4e+38 -3.4e+38 0.558371722698212 0.524066686630249 0.528872787952423 0.523208856582642 0.422910392284393 0.305426687002182 0.249692752957344 0.225062593817711 0.207772940397263 0.20197805762291 0.192084178328514 0.202075257897377 0.208561524748802 0.203955084085464 0.204725876450539 0.211851611733437 0.2039715051651 0.200603857636452 0.209927931427956 0.21083365380764 0.210228383541107 0.203616484999657 0.198050245642662 0.203803226351738 0.218588203191757 0.208627983927727 0.210290834307671 0.206466004252434 0.192453905940056 0.199923977255821 0.21413654088974 0.226191937923431 0.21521084010601 0.205139935016632 0.219592064619064 0.226076856255531 0.213351830840111 0.214012756943703 0.213524147868156 0.211593344807625 0.211858153343201 -3.4e+38
-3.4e+38 -3.4e+38 -3.4e+38 -3.4e+38 -3.4e+38 -3.4e+38 0.557527780532837 0.572890341281891 0.530925512313843 0.53093695640564 0.532252132892609 0.482408136129379 0.419089913368225 0.330083340406418 0.266653627157211 0.223409712314606 0.204845562577248 0.208962216973305 0.21622471511364 0.206876173615456 0.203014865517616 0.206237837672234 0.203176379203796 0.193001985549927 0.206946566700935 0.208939164876938 0.19963726401329 0.208131894469261 0.196270644664764 0.174677610397339 0.188539162278175 0.225612103939056 0.220792323350906 0.214721202850342 0.210239619016647 0.20879353582859 0.215645611286163 0.208223477005959 0.21469734609127 0.215061813592911 0.20804351568222 0.206493258476257 0.204764246940613 0.2106062322855 0.222509801387787 0.215833187103271 0.198790267109871 0.189720913767815 0.19576108455658
-3.4e+38 -3.4e+38 -3.4e+38 -3.4e+38 -3.4e+38 0.511683344841003 0.544244349002838 0.559145510196686 0.539002120494843 0.529048919677734 0.508907854557037 0.495104640722275 0.487137317657471 0.434626519680023 0.372593104839325 0.32177734375 0.290764331817627 0.271351605653763 0.247557193040848 0.216182112693787 0.204520240426064 0.2065739184618 0.201467797160149 0.200468435883522 0.22668394446373 0.219183772802353 0.207168772816658 0.216071426868439 0.201311126351357 0.181494608521461 0.197185665369034 0.23030249774456 0.212404757738113 0.194548293948174 0.207617774605751 0.223263010382652 0.220994994044304 0.208849355578423 0.204088047146797 0.202145859599113 0.205371230840683 0.201870918273926 0.198757827281952 0.196141019463539 0.199652284383774 0.204165875911713 0.202654093503952 0.198884323239326 0.202068999409676
-3.4e+38 -3.4e+38 -3.4e+38 -3.4e+38 -3.4e+38 0.483169764280319 0.512191355228424 0.531452476978302 0.539667665958405 0.531894385814667 0.501703441143036 0.481832146644592 0.472214996814728 0.476107895374298 0.470740050077438 0.452275663614273 0.431501805782318 0.404476344585419 0.368622869253159 0.329363495111465 0.310888797044754 0.29181170463562 0.267667233943939 0.243578910827637 0.227643087506294 0.196698382496834 0.200466901063919 0.221544608473778 0.206296384334564 0.18583008646965 0.202560156583786 0.230303555727005 0.20783032476902 0.196769133210182 0.214176744222641 0.217702507972717 0.207843616604805 0.203422144055367 0.196905627846718 0.196501553058624 0.210086926817894 0.218820333480835 0.213946998119354 0.205069005489349 0.194059312343597 0.201975584030151 0.215464189648628 0.212010353803635 0.220401793718338
-3.4e+38 -3.4e+38 -3.4e+38 -3.4e+38 0.466417968273163 0.464299619197845 0.482799738645554 0.505645275115967 0.518981873989105 0.527986705303192 0.500844061374664 0.46143051981926 0.43594491481781 0.46179324388504 0.505390763282776 0.522840440273285 0.526333630084991 0.510043501853943 0.489041447639465 0.470073938369751 0.456969231367111 0.433705985546112 0.408571124076843 0.376523017883301 0.335925757884979 0.299062669277191 0.285309970378876 0.267602413892746 0.231830924749374 0.184923201799393 0.181227117776871 0.194771006703377 0.187843546271324 0.197880730032921 0.211167529225349 0.213473856449127 0.204361602663994 0.194264143705368 0.187248811125755 0.200354680418968 0.221646666526794 0.22527089715004 0.216998115181923 0.212387561798096 0.208560317754745 0.203150615096092 0.208025351166725 0.210964933037758 0.220778003334999
-3.4e+38 -3.4e+38 -3.4e+38 -3.4e+38 0.490218937397003 0.481587797403336 0.485565394163132 0.504861414432526 0.505927801132202 0.509986817836761 0.499635189771652 0.463674634695053 0.431956857442856 0.458711892366409 0.515526294708252 0.537553131580353 0.546418964862823 0.548155605792999 0.546821534633636 0.541406869888306 0.533887982368469 0.529017508029938 0.516437411308289 0.50089704990387 0.484695345163345 0.462707817554474 0.43617582321167 0.394261986017227 0.333964765071869 0.271385967731476 0.238318875432014 0.221698924899101 0.207329258322716 0.204166382551193 0.198244944214821 0.199037939310074 0.200202003121376 0.193871319293976 0.184212625026703 0.193926513195038 0.204118072986603 0.206419959664345 0.195084795355797 0.19324155151844 0.207691133022308 0.208730027079582 0.202741384506226 0.205543905496597 0.211412534117699
-3.4e+38 -3.4e+38 -3.4e+38 -3.4e+38 0.532670438289642 0.528979241847992 0.528489232063293 0.528004765510559 0.521464228630066 0.523204863071442 0.502444803714752 0.463510870933533 0.447913467884064 0.475584834814072 0.518961012363434 0.529134809970856 0.532041192054749 0.542134881019592 0.551121950149536 0.550618290901184 0.545099496841431 0.551240086555481 0.552081525325775 0.543652355670929 0.544333636760712 0.544291496276855 0.534038722515106 0.504057824611664 0.461906045675278 0.410806506872177 0.357926666736603 0.297081410884857 0.247845083475113 0.2060427069664 0.199071779847145 0.200230434536934 0.209292784333229 0.217329889535904 0.209922611713409 0.199124917387962 0.193864703178406 0.199325084686279 0.194669008255005 0.192699611186981 0.206288918852806 0.224546998739243 0.21801646053791 0.206375926733017 0.206192627549171
-3.4e+38 -3.4e+38 -3.4e+38 0.55522608757019 0.557919383049011 0.552540063858032 0.550659537315369 0.546243906021118 0.549797594547272 0.542256414890289 0.4815494120121 0.447406023740768 0.460755169391632 0.495620608329773 0.523156404495239 0.514284670352936 0.50874787569046 0.51904833316803 0.532746076583862 0.532291233539581 0.535579323768616 0.535783052444458 0.532823264598846 0.528126239776611 0.537377119064331 0.555233180522919 0.560309231281281 0.547391176223755 0.538957417011261 0.521986901760101 0.4785136282444 0.418878942728043 0.355726271867752 0.293669134378433 0.259123295545578 0.221656128764153 0.203545033931732 0.214745536446571 0.218978434801102 0.192296013236046 0.188029244542122 0.214827924966812 0.22711381316185 0.215465724468231 0.206898853182793 0.219246178865433 0.212563633918762 0.200840994715691 0.196133553981781
-3.4e+38 -3.4e+38 0.569514453411102 0.573271691799164 0.569662094116211 0.568504750728607 0.564878463745117 0.561566293239594 0.559677302837372 0.53258866071701 0.456900119781494 0.418710738420486 0.454353719949722 0.498246997594833 0.519151926040649 0.511274218559265 0.50388240814209 0.510627925395966 0.522864282131195 0.523138165473938 0.520498216152191 0.509512901306152 0.519029855728149 0.527198851108551 0.52653580904007 0.544681429862976 0.549209356307983 0.541245579719543 0.548878073692322 0.560410916805267 0.542322933673859 0.513797163963318 0.491687923669815 0.445607721805573 0.364814281463623 0.287091642618179 0.221646279096603 0.20504854619503 0.215306878089905 0.189100027084351 0.184841051697731 0.21838290989399 0.231166109442711 0.212629050016403 0.20629957318306 0.220711946487427 0.209298104047775 0.198682144284248 0.196843728423119
-3.4e+38 0.583466470241547 0.575426757335663 0.586717188358307 0.594978213310242 0.59312516450882 0.586126327514648 0.585815370082855 0.573684930801392 0.527157843112946 0.4553262591362 0.436935633420944 0.480287164449692 0.516962766647339 0.523847877979279 0.517649054527283 0.514838039875031 0.517005205154419 0.516544818878174 0.514424920082092 0.504738390445709 0.497440755367279 0.519299745559692 0.528654634952545 0.522134900093079 0.524738192558289 0.51883202791214 0.512362837791443 0.523450791835785 0.543814241886139 0.552219331264496 0.560205221176147 0.559247672557831 0.538188695907593 0.493851333856583 0.425602406263351 0.353081107139587 0.297510147094727 0.257554471492767 0.210784882307053 0.201123490929604 0.214288800954819 0.219274073839188 0.215189397335052 0.21342271566391 0.223751991987228 0.214888155460358 0.201068356633186 0.200192645192146
-3.4e+38 0.597646832466125 0.595528662204742 0.601965427398682 0.610116243362427 0.601997673511505 0.59946209192276 0.598359405994415 0.57290107011795 0.5141322016716 0.475077003240585 0.49192476272583 0.522871732711792 0.539420187473297 0.541498780250549 0.536949694156647 0.535741925239563 0.531194031238556 0.516895473003387 0.509795248508453 0.504646897315979 0.488946527242661 0.49620857834816 0.502924621105194 0.512339949607849 0.51491641998291 0.496950924396515 0.474645495414734 0.477539747953415 0.506738722324371 0.534602284431458 0.572964370250702 0.576992213726044 0.557285606861115 0.560808658599854 0.543009281158447 0.495931088924408 0.432634294033051 0.356004118919373 0.282881617546082 0.253585159778595 0.232310935854912 0.213616758584976 0.218199953436852 0.217013090848923 0.220148324966431 0.213388606905937 0.197193473577499 0.195805326104164
0.598620533943176 0.605361819267273 0.599418163299561 0.602732121944427 0.613172888755798 0.607052445411682 0.596762955188751 0.58697772026062 0.558024644851685 0.505935549736023 0.495070517063141 0.521149337291718 0.544811010360718 0.547175109386444 0.540343225002289 0.531295001506805 0.526140630245209 0.523466527462006 0.51886773109436 0.513749003410339 0.509371042251587 0.487498581409454 0.475923508405685 0.476052314043045 0.483737140893936 0.48727610707283 0.472773760557175 0.446607559919357 0.442864239215851 0.466740697622299 0.50018697977066 0.548740804195404 0.563411891460419 0.56646066904068 0.589271664619446 0.586903810501099 0.554893910884857 0.513581156730652 0.458796560764313 0.400841385126114 0.355513513088226 0.306577801704407 0.247675016522408 0.210650056600571 0.201348945498466 0.207730367779732 0.199859797954559 0.189368695020676 0.199159026145935
