data/trimmed_ndre/W_ndre.530.2014_no_clouds.asc
NCOLS 130 
NROWS 71 
XLLCORNER 530645 
YLLCORNER 5158205 
CELLSIZE 5 
NODATA_value -3.4e+38 
[rows 21 to 41 of 71, columns 0 to 48 of 130]
0.177343413233757 0.166144818067551 0.161851674318314 0.166013836860657 0.177066698670387 0.18670055270195 0.198900833725929 0.202507525682449 0.191758066415787 0.1884575933218 0.195819556713104 0.203711271286011 0.182762876152992 0.177234798669815 0.17895033955574 0.181136131286621 0.183652639389038 0.18138162791729 0.174349874258041 0.164922282099724 0.170393958687782 0.177501007914543 0.177174925804138 0.176509097218513 0.187274143099785 0.200834378600121 0.203167244791985 0.188734620809555 0.174662053585052 0.181472465395927 0.190991058945656 0.212030008435249 0.222899690270424 0.220072478055954 0.214670434594154 0.214635029435158 0.214877143502235 0.206975445151329 0.191391870379448 0.182578817009926 0.178485125303268 0.171929255127907 0.180436715483665 0.188668996095657 0.187980085611343 0.189727783203125 0.190214797854424 0.187095955014229 0.178710296750069
0.163584604859352 0.159764379262924 0.163912534713745 0.17483189702034 0.182765990495682 0.180099859833717 0.191555142402649 0.19621741771698 0.189985826611519 0.184390813112259 0.193888828158379 0.193744421005249 0.174106076359749 0.172587305307388 0.172788232564926 0.177444502711296 0.18818011879921 0.192277938127518 0.190070956945419 0.182464003562927 0.175406575202942 0.175778716802597 0.177218854427338 0.174191653728485 0.177137657999992 0.182764753699303 0.191969096660614 0.200720980763435 0.187210902571678 0.174894362688065 0.178552553057671 0.205401882529259 0.230829253792763 0.235168054699898 0.221713244915009 0.219502523541451 0.218803644180298 0.210627377033234 0.189632907509804 0.183926522731781 0.181060537695885 0.176899909973145 0.186427429318428 0.189305022358894 0.190117493271828 0.197199046611786 0.203268006443977 0.199741661548615 0.192125335335732
-3.4e+38 0.170366883277893 0.174655437469482 0.183779388666153 0.181236654520035 0.17138834297657 0.181274905800819 0.190949946641922 0.187525570392609 0.177682384848595 0.187221005558968 0.181871086359024 0.17271688580513 0.177151262760162 0.176701292395592 0.186646938323975 0.199746146798134 0.201029926538467 0.196352764964104 0.187586084008217 0.176697373390198 0.172603115439415 0.173327296972275 0.177220553159714 0.183046773076057 0.180941015481949 0.183733016252518 0.194880768656731 0.194208815693855 0.183859378099442 0.180674329400063 0.198405638337135 0.224825397133827 0.22958342730999 0.219442650675774 0.218288317322731 0.219156622886658 0.210165604948997 0.189277127385139 0.176005735993385 0.177579984068871 0.181623697280884 0.187121734023094 0.183464154601097 0.188364893198013 0.202247649431229 0.21731598675251 0.213755950331688 0.206597417593002
-3.4e+38 -3.4e+38 0.184016212821007 0.180898696184158 0.175530284643173 0.173286885023117 0.180695906281471 0.19177234172821 0.184054270386696 0.175187081098557 0.183318585157394 0.175509557127953 0.176914483308792 0.186102241277695 0.188974380493164 0.207864031195641 0.215658962726593 0.204290688037872 0.192286491394043 0.186645358800888 0.179821416735649 0.172380208969116 0.168347045779228 0.171844527125359 0.17731936275959 0.172640472650528 0.166295602917671 0.174586176872253 0.195214107632637 0.20777040719986 0.203076004981995 0.200684040784836 0.210492447018623 0.211376518011093 0.218673124909401 0.229596823453903 0.227351784706116 0.209042444825172 0.18575045466423 0.164081200957298 0.168630883097649 0.18246191740036 0.193119138479233 0.188738197088242 0.192951053380966 0.207345098257065 0.226976156234741 0.225536346435547 0.218907102942467
-3.4e+38 -3.4e+38 -3.4e+38 0.170993953943253 0.173972874879837 0.178793206810951 0.185390144586563 0.191890865564346 0.182070687413216 0.179290443658829 0.181514739990234 0.171334534883499 0.180502727627754 0.192088052630424 0.199249073863029 0.213689923286438 0.213551163673401 0.202405124902725 0.18963897228241 0.19021338224411 0.190186411142349 0.183848053216934 0.172221690416336 0.170568943023682 0.170480519533157 0.163775518536568 0.152169242501259 0.164462506771088 0.192004576325417 0.21700556576252 0.209789618849754 0.200794413685799 0.199682384729385 0.20350393652916 0.221819281578064 0.23139762878418 0.223428994417191 0.203731805086136 0.188488095998764 0.180188491940498 0.181716933846474 0.184515058994293 0.190820813179016 0.194404616951942 0.201076194643974 0.204790592193604 0.208529621362686 0.208940580487251 0.219331964850426
-3.4e+38 -3.4e+38 -3.4e+38 0.181606531143188 0.183291554450989 0.184618964791298 0.185935005545616 0.185586735606194 0.179394379258156 0.184416204690933 0.179455623030663 0.167426407337189 0.176613464951515 0.186207577586174 0.194429457187653 0.201859533786774 0.201069116592407 0.197981223464012 0.195303380489349 0.197503551840782 0.193243205547333 0.18526166677475 0.175442114472389 0.175200343132019 0.174753725528717 0.177586674690247 0.182255432009697 0.184672936797142 0.192887023091316 0.20457723736763 0.195356830954552 0.187844559550285 0.188672289252281 0.199364438652992 0.222668796777725 0.219729125499725 0.207312032580376 0.200980320572853 0.201238572597504 0.195418074727058 0.186811447143555 0.176005020737648 0.180336132645607 0.189064502716064 0.198651313781738 0.198416233062744 0.198257610201836 0.200935482978821 0.219876065850258
-3.4e+38 -3.4e+38 -3.4e+38 0.195601597428322 0.194497168064117 0.188197046518326 0.181512743234634 0.180684179067612 0.183085426688194 0.191053822636604 0.177394896745682 0.164862260222435 0.172874987125397 0.178121387958527 0.187837645411491 0.191497847437859 0.186289176344872 0.186095371842384 0.190217643976212 0.193664252758026 0.186347603797913 0.177743077278137 0.177530646324158 0.189553767442703 0.194316416978836 0.193197637796402 0.194501668214798 0.194938093423843 0.188330352306366 0.183093994855881 0.182172760367393 0.182262763381004 0.187717095017433 0.201815500855446 0.221983909606934 0.201646104454994 0.187052726745605 0.190946012735367 0.207623615860939 0.202238142490387 0.183043584227562 0.163763016462326 0.176011100411415 0.190638691186905 0.198189213871956 0.191950544714928 0.195029348134995 0.203034773468971 0.212505891919136
-3.4e+38 -3.4e+38 -3.4e+38 -3.4e+38 0.187600046396255 0.184355065226555 0.174545332789421 0.178334504365921 0.187379136681557 0.19550333917141 0.183479890227318 0.169648662209511 0.167790785431862 0.175038769841194 0.190601274371147 0.192575499415398 0.181690588593483 0.178130626678467 0.192740395665169 0.197118669748306 0.182375028729439 0.167287945747375 0.173203900456429 0.189258962869644 0.195724621415138 0.18494014441967 0.18375027179718 0.191230267286301 0.195287525653839 0.197654962539673 0.198360577225685 0.196043223142624 0.195078030228615 0.209711477160454 0.224493354558945 0.204379543662071 0.186991155147552 0.187942922115326 0.204801797866821 0.199673846364021 0.176676407456398 0.16082963347435 0.177449434995651 0.191577568650246 0.193821743130684 0.185134276747704 0.183282256126404 0.176778957247734 0.174659579992294
-3.4e+38 -3.4e+38 -3.4e+38 -3.4e+38 -3.4e+38 0.18483367562294 0.174766793847084 0.17590494453907 0.177501544356346 0.178281307220459 0.175940096378326 0.16690619289875 0.16708442568779 0.179533317685127 0.195229589939117 0.193891987204552 0.187043130397797 0.183376997709274 0.191286116838455 0.200533419847488 0.190489798784256 0.168747499585152 0.173374846577644 0.187920957803726 0.192974135279655 0.169129133224487 0.171555235981941 0.191800177097321 0.21390101313591 0.210281148552895 0.210674434900284 0.209251046180725 0.201491802930832 0.213642686605453 0.219462990760803 0.206846833229065 0.194113090634346 0.189068391919136 0.19203008711338 0.187512695789337 0.172084867954254 0.171928435564041 0.186532840132713 0.193956047296524 0.188611626625061 0.183871254324913 0.182616204023361 0.162519156932831 0.158881083130836
-3.4e+38 -3.4e+38 -3.4e+38 -3.4e+38 -3.4e+38 -3.4e+38 -3.4e+38 -3.4e+38 0.178255125880241 0.176437169313431 0.173622384667397 0.168400511145592 0.171443536877632 0.176512494683266 0.179872587323189 0.176317825913429 0.179447263479233 0.179841786623001 0.165684387087822 0.180889561772346 0.191149160265923 0.187630236148834 0.188355460762978 0.192957416176796 0.194376915693283 0.179049283266068 0.189610973000526 0.20919081568718 0.222819477319717 0.209129497408867 0.210063144564629 0.202215895056725 0.190910667181015 0.204366713762283 0.211247280240059 0.206791535019875 0.199476256966591 0.189939349889755 0.180805340409279 0.175477683544159 0.17494261264801 0.186432883143425 0.197437062859535 0.200034037232399 0.191044852137566 0.193821489810944 0.191572144627571 0.168209820985794 0.170150458812714
-3.4e+38 -3.4e+38 -3.4e+38 -3.4e+38 -3.4e+38 -3.4e+38 -3.4e+38 -3.4e+38 -3.4e+38 -3.4e+38 0.178057596087456 0.179667249321938 0.183078244328499 0.179214105010033 0.172215461730957 0.164479702711105 0.162383005023003 0.162280514836311 0.165263876318932 0.187946245074272 0.196899309754372 0.202134072780609 0.203765690326691 0.19216476380825 0.19311811029911 0.19783553481102 0.208779364824295 0.218340426683426 0.218450099229813 0.205337673425674 0.2093485891819 0.194635882973671 0.184683009982109 0.195226386189461 0.203292056918144 0.196930959820747 0.183226004242897 0.178707554936409 0.177327364683151 0.177982285618782 0.183569222688675 0.194287270307541 0.198886930942535 0.195155292749405 0.185238912701607 0.192082315683365 0.194122359156609 0.184521183371544 0.182000130414963
-3.4e+38 -3.4e+38 -3.4e+38 -3.4e+38 -3.4e+38 -3.4e+38 -3.4e+38 -3.4e+38 -3.4e+38 -3.4e+38 -3.4e+38 0.18286058306694 0.185236513614655 0.179576903581619 0.176784932613373 0.174148350954056 0.168226554989815 0.165994822978973 0.170275241136551 0.184632077813148 0.189471498131752 0.194565042853355 0.192290425300598 0.177400648593903 0.193430855870247 0.210098683834076 0.219058692455292 0.216147124767303 0.219856545329094 0.218749895691872 0.212327763438225 0.191816031932831 0.184554889798164 0.189185619354248 0.190908774733543 0.179149106144905 0.175449803471565 0.182794943451881 0.19053803384304 0.190574631094933 0.190481096506119 0.190867766737938 0.193370416760445 0.188683927059174 0.180146738886833 0.180252254009247 0.184225916862488 0.183284714818001 0.177817344665527
-3.4e+38 -3.4e+38 -3.4e+38 -3.4e+38 -3.4e+38 -3.4e+38 -3.4e+38 -3.4e+38 -3.4e+38 -3.4e+38 -3.4e+38 -3.4e+38 -3.4e+38 -3.4e+38 -3.4e+38 -3.4e+38 -3.4e+38 -3.4e+38 -3.4e+38 -3.4e+38 -3.4e+38 -3.4e+38 -3.4e+38 -3.4e+38 -3.4e+38 -3.4e+38 -3.4e+38 -3.4e+38 -3.4e+38 -3.4e+38 -3.4e+38 0.193322584033012 0.186181649565697 0.186057046055794 0.187961563467979 0.186122924089432 0.190310791134834 0.197240799665451 0.205457344651222 0.198599651455879 0.18784074485302 0.181366458535194 0.186481714248657 0.183248654007912 0.17788915336132 0.174389854073524 0.170688912272453 0.175550952553749 0.178822085261345
-3.4e+38 -3.4e+38 -3.4e+38 -3.4e+38 -3.4e+38 -3.4e+38 -3.4e+38 -3.4e+38 -3.4e+38 -3.4e+38 -3.4e+38 -3.4e+38 -3.4e+38 -3.4e+38 -3.4e+38 -3.4e+38 -3.4e+38 -3.4e+38 -3.4e+38 -3.4e+38 -3.4e+38 -3.4e+38 -3.4e+38 -3.4e+38 -3.4e+38 -3.4e+38 -3.4e+38 -3.4e+38 -3.4e+38 -3.4e+38 -3.4e+38 -3.4e+38 -3.4e+38 0.174635112285614 0.180011212825775 0.191635340452194 0.202280655503273 0.195916756987572 0.18158021569252 0.172483325004578 0.179784134030342 0.183085158467293 0.184878006577492 0.178033113479614 0.171463653445244 0.172099202871323 0.178481370210648 0.180597245693207 0.183711752295494
-3.4e+38 -3.4e+38 -3.4e+38 -3.4e+38 -3.4e+38 -3.4e+38 -3.4e+38 -3.4e+38 -3.4e+38 -3.4e+38 -3.4e+38 -3.4e+38 -3.4e+38 -3.4e+38 -3.4e+38 -3.4e+38 -3.4e+38 -3.4e+38 -3.4e+38 -3.4e+38 -3.4e+38 -3.4e+38 -3.4e+38 -3.4e+38 -3.4e+38 -3.4e+38 -3.4e+38 -3.4e+38 -3.4e+38 -3.4e+38 -3.4e+38 -3.4e+38 -3.4e+38 -3.4e+38 0.175305932760239 0.179729864001274 0.176899075508118 0.170776814222336 0.16697683930397 0.167988523840904 0.186265468597412 0.195337548851967 0.19182100892067 0.176748886704445 0.174187496304512 0.178659498691559 0.187414050102234 0.185471594333649 0.183051407337189
-3.4e+38 -3.4e+38 -3.4e+38 -3.4e+38 -3.4e+38 -3.4e+38 -3.4e+38 -3.4e+38 -3.4e+38 -3.4e+38 -3.4e+38 -3.4e+38 -3.4e+38 -3.4e+38 -3.4e+38 -3.4e+38 -3.4e+38 -3.4e+38 -3.4e+38 -3.4e+38 -3.4e+38 -3.4e+38 -3.4e+38 -3.4e+38 -3.4e+38 -3.4e+38 -3.4e+38 -3.4e+38 -3.4e+38 -3.4e+38 -3.4e+38 -3.4e+38 -3.4e+38 -3.4e+38 0.18497359752655 0.184177175164223 0.177447557449341 0.168592154979706 0.172784268856049 0.181104332208633 0.191581413149834 0.196048066020012 0.195079013705254 0.18697826564312 0.183446630835533 0.178884103894234 0.181287363171577 0.185963928699493 0.190510854125023
-3.4e+38 -3.4e+38 -3.4e+38 -3.4e+38 -3.4e+38 -3.4e+38 -3.4e+38 -3.4e+38 -3.4e+38 -3.4e+38 -3.4e+38 -3.4e+38 -3.4e+38 -3.4e+38 -3.4e+38 -3.4e+38 -3.4e+38 -3.4e+38 -3.4e+38 -3.4e+38 -3.4e+38 -3.4e+38 -3.4e+38 -3.4e+38 -3.4e+38 -3.4e+38 -3.4e+38 -3.4e+38 -3.4e+38 -3.4e+38 -3.4e+38 -3.4e+38 -3.4e+38 -3.4e+38 0.193675562739372 0.185109883546829 0.176627233624458 0.171497642993927 0.182737737894058 0.178649425506592 0.171974211931229 0.173835724592209 0.186214804649353 0.192002594470978 0.187338694930077 0.172285035252571 0.172322779893875 0.186289876699448 0.201816409826279
-3.4e+38 -3.4e+38 -3.4e+38 -3.4e+38 -3.4e+38 -3.4e+38 -3.4e+38 -3.4e+38 -3.4e+38 -3.4e+38 -3.4e+38 -3.4e+38 -3.4e+38 -3.4e+38 -3.4e+38 -3.4e+38 -3.4e+38 -3.4e+38 -3.4e+38 -3.4e+38 -3.4e+38 -3.4e+38 -3.4e+38 -3.4e+38 -3.4e+38 -3.4e+38 -3.4e+38 -3.4e+38 -3.4e+38 -3.4e+38 -3.4e+38 -3.4e+38 -3.4e+38 -3.4e+38 -3.4e+38 0.180304974317551 0.16953481733799 0.167130947113037 0.181183770298958 0.169915094971657 0.160496041178703 0.160969123244286 0.176167905330658 0.185991138219833 0.188822239637375 0.181235551834106 0.165942177176476 0.184062615036964 0.202972933650017
-3.4e+38 -3.4e+38 -3.4e+38 -3.4e+38 -3.4e+38 -3.4e+38 -3.4e+38 -3.4e+38 -3.4e+38 -3.4e+38 -3.4e+38 -3.4e+38 -3.4e+38 -3.4e+38 -3.4e+38 -3.4e+38 -3.4e+38 -3.4e+38 -3.4e+38 -3.4e+38 -3.4e+38 -3.4e+38 -3.4e+38 -3.4e+38 -3.4e+38 -3.4e+38 -3.4e+38 -3.4e+38 -3.4e+38 -3.4e+38 -3.4e+38 -3.4e+38 -3.4e+38 -3.4e+38 -3.4e+38 -3.4e+38 0.165670335292816 0.167259216308594 0.178174674510956 0.172458127140999 0.16872338950634 0.169433519244194 0.176934316754341 0.178871423006058 0.18109717965126 0.178641155362129 0.16435407102108 0.17897692322731 0.18411511182785
-3.4e+38 -3.4e+38 -3.4e+38 -3.4e+38 -3.4e+38 -3.4e+38 -3.4e+38 -3.4e+38 -3.4e+38 -3.4e+38 -3.4e+38 -3.4e+38 -3.4e+38 -3.4e+38 -3.4e+38 -3.4e+38 -3.4e+38 -3.4e+38 -3.4e+38 -3.4e+38 -3.4e+38 -3.4e+38 -3.4e+38 -3.4e+38 -3.4e+38 -3.4e+38 -3.4e+38 -3.4e+38 -3.4e+38 -3.4e+38 -3.4e+38 -3.4e+38 -3.4e+38 -3.4e+38 -3.4e+38 -3.4e+38 -3.4e+38 0.176167994737625 0.177460342645645 0.181622803211212 0.188883423805237 0.189595744013786 0.182646527886391 0.171535193920135 0.170178234577179 0.177273705601692 0.179070264101028 0.175773933529854 0.173057198524475
-3.4e+38 -3.4e+38 -3.4e+38 -3.4e+38 -3.4e+38 -3.4e+38 -3.4e+38 -3.4e+38 -3.4e+38 -3.4e+38 -3.4e+38 -3.4e+38 -3.4e+38 -3.4e+38 -3.4e+38 -3.4e+38 -3.4e+38 -3.4e+38 -3.4e+38 -3.4e+38 -3.4e+38 -3.4e+38 -3.4e+38 -3.4e+38 -3.4e+38 -3.4e+38 -3.4e+38 -3.4e+38 -3.4e+38 -3.4e+38 -3.4e+38 -3.4e+38 -3.4e+38 -3.4e+38 -3.4e+38 -3.4e+38 -3.4e+38 -3.4e+38 0.174977675080299 0.177212223410606 0.185398176312447 0.187230363488197 0.179836243391037 0.168029457330704 0.164815902709961 0.187463596463203 0.194962650537491 0.181606143712997 0.17581070959568
