data/trimmed_ndre/W_ndre.630.2014_no_clouds.asc
NCOLS 130 
NROWS 71 
XLLCORNER 530645 
YLLCORNER 5158205 
CELLSIZE 5 
NODATA_value -3.4e+38 
[rows 21 to 41 of 71, columns 49 to 97 of 130]
0.623896479606628 0.629610896110535 0.626418650150299 0.615846812725067 0.617817401885986 0.625306725502014 0.640020430088043 0.637675583362579 0.618428885936737 0.612738788127899 0.618418335914612 0.616533994674683 0.587703704833984 0.597245991230011 0.630110204219818 0.627831995487213 0.616222560405731 0.618634879589081 -3.4e+38 -3.4e+38 -3.4e+38 -3.4e+38 -3.4e+38 -3.4e+38 -3.4e+38 -3.4e+38 -3.4e+38 -3.4e+38 -3.4e+38 -3.4e+38 -3.4e+38 -3.4e+38 -3.4e+38 -3.4e+38 -3.4e+38 -3.4e+38 -3.4e+38 -3.4e+38 -3.4e+38 -3.4e+38 -3.4e+38 -3.4e+38 -3.4e+38 -3.4e+38 -3.4e+38 -3.4e+38 -3.4e+38 -3.4e+38 -3.4e+38
0.630008339881897 0.635142087936401 0.630937397480011 0.614595234394073 0.600353419780731 0.588996887207031 0.599689722061157 0.610869407653809 0.608612656593323 0.617642939090729 0.614880979061127 0.599828362464905 0.569965779781342 0.579360485076904 0.612793982028961 0.61370050907135 0.610554397106171 0.624492406845093 0.640331983566284 0.620826005935669 0.622874438762665 0.633330583572388 0.632930636405945 0.636136829853058 0.628220021724701 0.622733592987061 0.627429485321045 0.624009132385254 -3.4e+38 -3.4e+38 -3.4e+38 -3.4e+38 -3.4e+38 -3.4e+38 -3.4e+38 -3.4e+38 -3.4e+38 -3.4e+38 -3.4e+38 -3.4e+38 -3.4e+38 -3.4e+38 -3.4e+38 -3.4e+38 -3.4e+38 -3.4e+38 -3.4e+38 -3.4e+38 -3.4e+38
0.636667370796204 0.63775110244751 0.633732855319977 0.62102735042572 0.602641224861145 0.582472443580627 0.581957101821899 0.58158004283905 0.574498295783997 0.586820006370544 0.582077026367188 0.562308609485626 0.556484699249268 0.577941358089447 0.597248494625092 0.597342431545258 0.60952889919281 0.61841094493866 0.624573469161987 0.611514151096344 0.604575335979462 0.602259516716003 0.597854733467102 0.605036973953247 0.615047454833984 0.623476684093475 0.628037989139557 0.618025064468384 0.609058558940887 -3.4e+38 -3.4e+38 -3.4e+38 -3.4e+38 -3.4e+38 -3.4e+38 -3.4e+38 -3.4e+38 -3.4e+38 -3.4e+38 -3.4e+38 -3.4e+38 -3.4e+38 -3.4e+38 -3.4e+38 -3.4e+38 -3.4e+38 -3.4e+38 -3.4e+38 -3.4e+38
0.630200326442719 0.620312869548798 0.619850516319275 0.615949749946594 0.601594924926758 0.583690643310547 0.577428579330444 0.55781501531601 0.537030160427094 0.542374491691589 0.540046095848083 0.515103042125702 0.503087222576141 0.529601275920868 0.555578649044037 0.582186758518219 0.607286512851715 0.592248857021332 0.592270851135254 0.604448735713959 0.593227386474609 0.598660349845886 0.601854383945465 0.599985063076019 0.60353410243988 0.62852817773819 0.639936625957489 0.633492648601532 0.618037939071655 0.611763477325439 -3.4e+38 -3.4e+38 -3.4e+38 -3.4e+38 -3.4e+38 -3.4e+38 -3.4e+38 -3.4e+38 -3.4e+38 -3.4e+38 -3.4e+38 -3.4e+38 -3.4e+38 -3.4e+38 -3.4e+38 -3.4e+38 -3.4e+38 -3.4e+38 -3.4e+38
0.625568568706512 0.610556542873383 0.60991907119751 0.604820370674133 0.594025909900665 0.588030636310577 0.576911389827728 0.555319905281067 0.54340535402298 0.537684440612793 0.524224996566772 0.51142805814743 0.51032966375351 0.519920110702515 0.535198032855988 0.571276068687439 0.597194135189056 0.580988883972168 0.572990834712982 0.572735548019409 0.565918147563934 0.58868807554245 0.610393106937408 0.610518395900726 0.60640561580658 0.625424981117249 0.628143012523651 0.618497550487518 0.625827252864838 0.619490265846252 0.610412538051605 -3.4e+38 -3.4e+38 -3.4e+38 -3.4e+38 -3.4e+38 -3.4e+38 -3.4e+38 -3.4e+38 -3.4e+38 -3.4e+38 -3.4e+38 -3.4e+38 -3.4e+38 -3.4e+38 -3.4e+38 -3.4e+38 -3.4e+38 -3.4e+38
0.629613757133484 0.617640554904938 0.611290872097015 0.600611329078674 0.586496412754059 0.585470616817474 0.578815817832947 0.560208320617676 0.557142317295074 0.551835298538208 0.537246704101562 0.534863710403442 0.539979755878448 0.543805003166199 0.542311251163483 0.558491051197052 0.570769190788269 0.549293041229248 0.525906801223755 0.505941212177277 0.51656574010849 0.56599897146225 0.59742796421051 0.606647968292236 0.614188134670258 0.636485278606415 0.628001987934113 0.616672515869141 0.627896428108215 0.622527241706848 0.611390233039856 0.611030638217926 0.624755799770355 0.622158050537109 -3.4e+38 -3.4e+38 -3.4e+38 -3.4e+38 -3.4e+38 -3.4e+38 -3.4e+38 -3.4e+38 -3.4e+38 -3.4e+38 -3.4e+38 -3.4e+38 -3.4e+38 -3.4e+38 -3.4e+38
0.612144947052002 0.607210397720337 0.594803631305695 0.582563519477844 0.564506351947784 0.565913200378418 0.574559330940247 0.559019446372986 0.561448395252228 0.570669889450073 0.563249588012695 0.56261670589447 0.567922055721283 0.563270747661591 0.545184731483459 0.539862334728241 0.551785469055176 0.556849002838135 0.551680445671082 0.531928360462189 0.535149455070496 0.566872954368591 0.594552338123322 0.607983887195587 0.615374207496643 0.62691193819046 0.6280317902565 0.626419544219971 0.62326580286026 0.620740115642548 0.614437699317932 0.615058183670044 0.626169502735138 0.623230218887329 0.6138716340065 0.607714831829071 0.610772311687469 0.625739336013794 0.639396131038666 0.642142474651337 0.618561267852783 0.603018581867218 0.618516147136688 0.62780898809433 0.615708470344543 0.616222739219666 0.614498496055603 0.609847605228424 0.582714796066284
0.580710709095001 0.583413124084473 0.572396218776703 0.55724573135376 0.543168365955353 0.549615740776062 0.555608093738556 0.549481391906738 0.560807347297668 0.581665456295013 0.584097564220428 0.586586236953735 0.598808467388153 0.599169611930847 0.579350531101227 0.570912599563599 0.586719810962677 0.613865196704865 0.626455247402191 0.617207884788513 0.607007324695587 0.597641050815582 0.597209334373474 0.60859489440918 0.612631142139435 0.61856734752655 0.628403604030609 0.625291407108307 0.618070662021637 0.620617926120758 0.609645366668701 0.610330045223236 0.616495132446289 0.604408621788025 0.599704146385193 0.602015972137451 0.603067517280579 0.613444089889526 0.62289959192276 0.626912951469421 0.625873565673828 0.618561029434204 0.625434637069702 0.63667631149292 0.617876052856445 0.600133955478668 0.609790980815887 0.611739635467529 0.577891111373901
0.581553280353546 0.578860938549042 0.570837199687958 0.547173738479614 0.534513175487518 0.534989356994629 0.533469080924988 0.537861526012421 0.561713218688965 0.578880667686462 0.575734376907349 0.563405454158783 0.57839423418045 0.59647399187088 0.601682662963867 0.600311636924744 0.616494297981262 0.632350206375122 0.634955525398254 0.627804756164551 0.609433233737946 0.604608714580536 0.612892329692841 0.617804348468781 0.614701271057129 0.623380124568939 0.633914828300476 0.622148990631104 0.618703365325928 0.622286200523376 0.602678835391998 0.598763823509216 0.609642267227173 0.6097731590271 0.612014472484589 0.611986696720123 0.615951180458069 0.62423974275589 0.632644414901733 0.631581425666809 0.625739693641663 0.623110115528107 0.626722812652588 0.632613360881805 0.625211775302887 0.586772322654724 0.551619410514832 0.534671068191528 0.525293350219727
0.617242634296417 0.609690725803375 0.60054874420166 0.571397006511688 0.550038635730743 0.5443075299263 0.531710922718048 0.537293374538422 0.5582195520401 0.56176233291626 0.566067576408386 0.565254211425781 0.566701292991638 0.581492900848389 0.596593737602234 0.608359754085541 0.619674146175385 0.621923625469208 0.619432508945465 0.619719922542572 0.611802041530609 0.612255871295929 0.626974403858185 0.629089951515198 0.619326651096344 0.627445101737976 0.638927638530731 0.620274484157562 0.623325824737549 0.622570216655731 0.606974601745605 0.606081247329712 0.611171901226044 0.615503549575806 0.627230644226074 0.632293343544006 0.62989330291748 0.637462675571442 0.645047068595886 0.639091849327087 0.623523712158203 0.615408062934875 0.618935644626617 0.633753180503845 0.641981065273285 0.613214313983917 0.553787529468536 0.509368062019348 0.490542948246002
0.623613238334656 0.621597826480865 0.609836637973785 0.598032295703888 0.586338818073273 0.56658798456192 0.547033131122589 0.536644279956818 0.538141131401062 0.548276662826538 0.564817309379578 0.577481806278229 0.584557473659515 0.594498574733734 0.596305310726166 0.605486333370209 0.605967700481415 0.598529040813446 0.611524999141693 0.638010442256927 0.654160976409912 0.636293888092041 0.625496923923492 0.627415418624878 0.616421580314636 0.633261859416962 0.647033333778381 0.631915092468262 0.633888602256775 0.630206108093262 0.625254034996033 0.631332218647003 0.627009809017181 0.628998935222626 0.641574800014496 0.643854975700378 0.64062225818634 0.644931018352509 0.646981537342072 0.644303321838379 0.633179485797882 0.626621663570404 0.626903176307678 0.631937861442566 0.640454173088074 0.634261786937714 0.599008917808533 0.551839411258698 0.529959857463837
0.627165734767914 0.619163393974304 0.606391668319702 0.61020690202713 0.601805925369263 0.583864271640778 0.577333688735962 0.580866873264313 0.569051504135132 0.562909483909607 0.573264479637146 0.575899481773376 0.58631706237793 0.590020596981049 0.574814140796661 0.57997715473175 0.590550899505615 0.588427841663361 0.605282723903656 0.632623195648193 0.649744033813477 0.636702299118042 0.627084970474243 0.621771335601807 0.610249578952789 0.625147521495819 0.641727805137634 0.63566917181015 0.637141823768616 0.638454854488373 0.639919281005859 0.638080954551697 0.632184624671936 0.636707127094269 0.641601324081421 0.642611742019653 0.64486962556839 0.647605061531067 0.646863341331482 0.648700058460236 0.649052739143372 0.647627711296082 0.645521938800812 0.635720789432526 0.644308924674988 0.652267873287201 0.632772088050842 0.604870855808258 0.596464455127716
0.60929661989212 0.602672040462494 0.600472271442413 0.60474681854248 0.600412249565125 0.593389332294464 0.590585470199585 0.5911585688591 0.577693700790405 0.578594505786896 0.596852481365204 0.587031424045563 0.581749558448792 0.571549534797668 0.555944502353668 0.558895409107208 0.572791934013367 0.579595446586609 0.598958373069763 0.612590432167053 0.624057769775391 0.628924190998077 0.618570864200592 0.602425754070282 0.588756263256073 0.597175657749176 0.613635897636414 0.614956676959991 0.607705950737 0.614922344684601 0.607132315635681 0.599466025829315 0.614559292793274 0.624341726303101 0.625827252864838 0.622567355632782 0.620473444461823 0.617704808712006 0.618199408054352 0.628976821899414 0.629138290882111 0.626854538917542 0.63196063041687 0.635649859905243 0.646813571453094 0.643037617206573 0.618038177490234 0.601322531700134 0.607648491859436
0.586552202701569 0.589087784290314 0.594780266284943 0.584518253803253 0.567543745040894 0.55607807636261 0.545041859149933 0.542161047458649 0.547851622104645 0.556029260158539 0.562133967876434 0.555804550647736 0.556427597999573 0.551308929920197 0.541432678699493 0.530544877052307 0.533680140972137 0.542226910591125 0.561436414718628 0.582675874233246 0.602214455604553 0.618744492530823 0.606650054454803 0.579327166080475 0.558964431285858 0.561007976531982 0.586216986179352 0.575570642948151 0.561765551567078 0.568122684955597 0.547972440719604 0.539773404598236 0.562235713005066 0.580610632896423 0.585355222225189 0.579482853412628 0.567728102207184 0.564790487289429 0.571839034557343 0.584579229354858 0.588923573493958 0.580762147903442 0.585661053657532 0.598505735397339 0.608675599098206 0.585926055908203 0.546030938625336 0.538173675537109 0.566383957862854
0.579336702823639 0.579231202602386 0.564685702323914 0.548568367958069 0.534339725971222 0.536532938480377 0.526573956012726 0.535496652126312 0.562208533287048 0.563063502311707 0.54497355222702 0.528922200202942 0.525169134140015 0.524822056293488 0.523741126060486 0.52091121673584 0.527742266654968 0.533702552318573 0.546526253223419 0.575570344924927 0.591511428356171 0.609507858753204 0.612378299236298 0.583289444446564 0.546644389629364 0.54027271270752 0.551590859889984 0.536939322948456 0.528898000717163 0.531437695026398 0.506538450717926 0.509996891021729 0.527568519115448 0.53405225276947 0.533229053020477 0.523881614208221 0.512189149856567 0.522116601467133 0.545432567596436 0.553345501422882 0.554524302482605 0.544648587703705 0.526403427124023 0.526503622531891 0.533128798007965 0.51526927947998 0.489500761032104 0.494361340999603 0.530103981494904
0.606255114078522 0.616705596446991 0.57560795545578 0.536068260669708 0.543935656547546 0.576207101345062 0.562217891216278 0.549549996852875 0.563297212123871 0.561516523361206 0.536325395107269 0.518076360225677 0.509908199310303 0.511903405189514 0.52372819185257 0.527092814445496 0.522222459316254 0.517567336559296 0.544767737388611 0.581064343452454 0.583677053451538 0.598603904247284 0.610465228557587 0.577706277370453 0.529945015907288 0.502605497837067 0.497901976108551 0.504095733165741 0.501383066177368 0.500738561153412 0.500589311122894 0.49279710650444 0.498546451330185 0.507385075092316 0.505157887935638 0.490048915147781 0.475768387317657 0.488776504993439 0.519004225730896 0.53638219833374 0.5431147813797 0.536616444587708 0.50097382068634 0.483022511005402 0.491895377635956 0.484169155359268 0.47518664598465 0.490403890609741 0.52215975522995
0.599974632263184 0.609893023967743 0.579095423221588 0.530948579311371 0.525436401367188 0.559031784534454 0.555033028125763 0.556776583194733 0.553601682186127 0.55398166179657 0.536255717277527 0.51350325345993 0.500439047813416 0.49410206079483 0.495870381593704 0.486101657152176 0.475118398666382 0.467377603054047 0.5098837018013 0.560260951519012 0.574979245662689 0.599999070167542 0.614508330821991 0.582826673984528 0.532636106014252 0.484889268875122 0.463245749473572 0.451631724834442 0.447167575359344 0.451601803302765 0.467988789081573 0.459826529026031 0.47472295165062 0.489775717258453 0.475767374038696 0.463466644287109 0.44937801361084 0.457028388977051 0.47597548365593 0.49741917848587 0.506860315799713 0.505587756633759 0.491557419300079 0.476517468690872 0.476675778627396 0.47102427482605 0.473502516746521 0.48901778459549 0.511332511901855
0.565667450428009 0.562430143356323 0.547344148159027 0.524702787399292 0.535019874572754 0.55705589056015 0.547325313091278 0.553035736083984 0.542939782142639 0.529981851577759 0.526461064815521 0.510272026062012 0.491747617721558 0.460013329982758 0.431297540664673 0.417884171009064 0.413379907608032 0.407909452915192 0.447508484125137 0.514131486415863 0.554333448410034 0.588956654071808 0.609596967697144 0.588938653469086 0.552215576171875 0.501439213752747 0.463756650686264 0.437833547592163 0.430106163024902 0.424552083015442 0.417886793613434 0.432712703943253 0.465376377105713 0.479629963636398 0.469217121601105 0.467161148786545 0.462885737419128 0.455136835575104 0.450307548046112 0.46384534239769 0.479067116975784 0.480320423841476 0.483891665935516 0.496404945850372 0.500823736190796 0.481805056333542 0.470718920230865 0.476703703403473 0.500140368938446
0.57530814409256 0.574702084064484 0.55620276927948 0.535297870635986 0.541741788387299 0.548837959766388 0.533242881298065 0.523453831672668 0.50073653459549 0.494505643844604 0.496617585420609 0.488588362932205 0.461030662059784 0.416626125574112 0.383134186267853 0.383555799722672 0.386808156967163 0.385103285312653 0.42101988196373 0.493317127227783 0.545918524265289 0.572019457817078 0.587769448757172 0.571808218955994 0.550306618213654 0.503629863262177 0.466642409563065 0.459336549043655 0.461983531713486 0.44329172372818 0.427395194768906 0.442718863487244 0.458376944065094 0.453228443861008 0.452509522438049 0.478176027536392 0.484240621328354 0.470603734254837 0.459208726882935 0.467485010623932 0.466114550828934 0.456445336341858 0.461226046085358 0.497859477996826 0.530631840229034 0.528990983963013 0.517428457736969 0.512215912342072 0.530716121196747
0.560395896434784 0.559283971786499 0.535887837409973 0.510428488254547 0.523687720298767 0.540024280548096 0.54321962594986 0.537736237049103 0.481606364250183 0.4481241106987 0.451128333806992 0.446547448635101 0.422223001718521 0.390800178050995 0.379116892814636 0.396269708871841 0.40178582072258 0.404494106769562 0.441074341535568 0.515045762062073 0.560856819152832 0.575076460838318 0.58294951915741 0.5704146027565 0.548716485500336 0.508091628551483 0.489676475524902 0.494252413511276 0.487815588712692 0.46337890625 0.44477641582489 0.448647171258926 0.44757068157196 0.433409661054611 0.440831542015076 0.468477636575699 0.471856236457825 0.459559172391891 0.458288490772247 0.467139482498169 0.463164091110229 0.453696101903915 0.459566801786423 0.490924000740051 0.523209512233734 0.53769987821579 0.543136179447174 0.542051374912262 0.554261207580566
0.560691475868225 0.536268770694733 0.507009088993073 0.497796714305878 0.532947361469269 0.565140247344971 0.553394675254822 0.517409861087799 0.453922510147095 0.398911625146866 0.399485558271408 0.401261746883392 0.396938800811768 0.39033767580986 0.393321305513382 0.418360829353333 0.431924402713776 0.447785407304764 0.489289730787277 0.539779722690582 0.569484710693359 0.578359067440033 0.588841557502747 0.58536297082901 0.563778817653656 0.533130943775177 0.522167921066284 0.519987285137177 0.499036312103271 0.47436049580574 0.478036403656006 0.469999194145203 0.459045976400375 0.448697239160538 0.473085045814514 0.492970138788223 0.482723027467728 0.461781591176987 0.462952136993408 0.483193725347519 0.487871378660202 0.490574270486832 0.496932715177536 0.51314902305603 0.53335428237915 0.549330174922943 0.554765641689301 0.548554420471191 0.562909245491028
