data/trimmed_ndre/W_ndre.530.2014_no_clouds.asc
NCOLS 130 
NROWS 71 
XLLCORNER 530645 
YLLCORNER 5158205 
CELLSIZE 5 
NODATA_value -3.4e+38 
[rows 42 to 62 of 71, columns 49 to 97 of 130]
0.165085688233376 0.159704431891441 0.165968254208565 0.190223813056946 0.191051885485649 0.183043733239174 0.166021436452866 0.169178664684296 0.175066828727722 0.177724495530128 0.167851135134697 0.160737171769142 0.163801833987236 0.174706310033798 0.177588596940041 0.168160632252693 0.15776626765728 0.158187091350555 0.170680612325668 0.185215964913368 0.187925159931183 0.173281162977219 0.1753119379282 0.18739877641201 0.196676433086395 0.189149543642998 0.173482954502106 0.164068788290024 0.169222816824913 0.172619327902794 0.177706897258759 0.176769331097603 0.157729133963585 0.146565824747086 0.154021933674812 0.17447492480278 0.156901717185974 0.144309416413307 0.150183230638504 0.173193946480751 0.170383796095848 0.162308305501938 0.161989122629166 0.170012801885605 0.165334045886993 0.16014888882637 0.170347332954407 0.183201834559441 0.193221643567085
0.154612272977829 0.161795496940613 0.1719089448452 0.186035007238388 0.177951872348785 0.176309242844582 0.173488289117813 0.16792394220829 0.165873050689697 0.163798630237579 0.158662676811218 0.155156075954437 0.159497827291489 0.169097408652306 0.175729602575302 0.170176699757576 0.162974134087563 0.156445473432541 0.158131793141365 0.176316291093826 0.188283234834671 0.18137438595295 0.178080886602402 0.182685479521751 0.193322226405144 0.199161186814308 0.191759705543518 0.182109624147415 0.178307622671127 0.16722871363163 0.15995280444622 0.156939253211021 0.154228776693344 0.152211025357246 0.160132557153702 0.176450103521347 0.166865482926369 0.155647143721581 0.156605288386345 0.171270817518234 0.170770987868309 0.172293797135353 0.176420494914055 0.183001190423965 0.178104266524315 0.175290703773499 0.179109632968903 0.186307534575462 0.193449527025223
0.155589878559113 0.171433597803116 0.176862493157387 0.180328980088234 0.180995747447014 0.183956161141396 0.17785207927227 0.167667031288147 0.163468047976494 0.162074103951454 0.163294896483421 0.163813054561615 0.16111621260643 0.161932498216629 0.168122708797455 0.17488993704319 0.185658603906631 0.177533969283104 0.15922187268734 0.163507834076881 0.180871576070786 0.190977573394775 0.190007567405701 0.182583197951317 0.183709308505058 0.19105239212513 0.195634886622429 0.19148014485836 0.181934341788292 0.169855445623398 0.167515963315964 0.16414187848568 0.16525399684906 0.17271214723587 0.171633765101433 0.176179632544518 0.180498167872429 0.173894286155701 0.171896129846573 0.174734234809875 0.173748061060905 0.176924929022789 0.178668066859245 0.180230736732483 0.181458085775375 0.184003785252571 0.187545403838158 0.191493481397629 0.200705677270889
0.16529081761837 0.176994323730469 0.179027542471886 0.186301752924919 0.191845238208771 0.186822280287743 0.175894156098366 0.169559210538864 0.170123755931854 0.168781742453575 0.169227704405785 0.167812630534172 0.160799354314804 0.153887704014778 0.154702484607697 0.1621473133564 0.172891646623611 0.171729266643524 0.161874294281006 0.158362716436386 0.177323579788208 0.189046785235405 0.18754580616951 0.175716683268547 0.176305487751961 0.182067230343819 0.185316786170006 0.177939280867577 0.176949366927147 0.178710505366325 0.182971835136414 0.174729332327843 0.177024737000465 0.186487019062042 0.182372286915779 0.183091804385185 0.183266744017601 0.177914068102837 0.177121251821518 0.18254691362381 0.187415227293968 0.185627609491348 0.184943348169327 0.184118136763573 0.183596327900887 0.182507529854774 0.187723636627197 0.200350254774094 0.214097857475281
0.170221552252769 0.172713667154312 0.187712043523788 0.194542855024338 0.192116275429726 0.181449130177498 0.171510696411133 0.171549126505852 0.171414777636528 0.16583813726902 0.16356648504734 0.164050206542015 0.161270692944527 0.153580993413925 0.151186987757683 0.155356541275978 0.164228931069374 0.173706397414207 0.175055980682373 0.177478909492493 0.193884685635567 0.201301664113998 0.195418640971184 0.181036755442619 0.178645864129066 0.186960026621819 0.189113616943359 0.173307716846466 0.171765953302383 0.180669575929642 0.188408270478249 0.175155833363533 0.169461563229561 0.172116905450821 0.175879165530205 0.181486427783966 0.175036013126373 0.163902133703232 0.158889591693878 0.166497260332108 0.176395460963249 0.182031512260437 0.184661984443665 0.190509721636772 0.192961171269417 0.189391493797302 0.186834067106247 0.195343568921089 0.204336524009705
0.167643472552299 0.169645875692368 0.180231615900993 0.182464346289635 0.179614469408989 0.174037352204323 0.174022987484932 0.186289548873901 0.18167270720005 0.166003718972206 0.15443816781044 0.160430803894997 0.169499635696411 0.175670564174652 0.174616694450378 0.170435607433319 0.174275442957878 0.189864382147789 0.195613369345665 0.190586656332016 0.187514379620552 0.196181371808052 0.200604826211929 0.194755658507347 0.186829328536987 0.185403525829315 0.187253415584564 0.178251624107361 0.163719162344933 0.17049965262413 0.17905193567276 0.176467046141624 0.171878665685654 0.165912181138992 0.167179942131042 0.175411969423294 0.166449770331383 0.152615323662758 0.148445665836334 0.166957959532738 0.181364133954048 0.183615773916245 0.175333395600319 0.175305113196373 0.179485961794853 0.182211935520172 0.180240884423256 0.179901316761971 0.179119497537613
0.159132808446884 0.16689732670784 0.171288833022118 0.166395008563995 0.167655736207962 0.170199826359749 0.172655001282692 0.179502487182617 0.179983347654343 0.16906151175499 0.156464129686356 0.168817073106766 0.180106967687607 0.184880405664444 0.183295518159866 0.185655206441879 0.196707516908646 0.209723576903343 0.2079998254776 0.190536513924599 0.178806960582733 0.185016065835953 0.201079934835434 0.206802159547806 0.201318144798279 0.190644025802612 0.189151972532272 0.179334342479706 0.155977010726929 0.157387793064117 0.172395274043083 0.183796852827072 0.181168377399445 0.165965646505356 0.163304358720779 0.170931875705719 0.168794587254524 0.160726964473724 0.159733146429062 0.177946731448174 0.199890330433846 0.203045025467873 0.192311108112335 0.183963298797607 0.178977519273758 0.177057847380638 0.175764471292496 0.174631461501122 0.164174184203148
0.155654400587082 0.169835954904556 0.179442763328552 0.181579023599625 0.17851023375988 0.175003811717033 0.171455129981041 0.167105406522751 0.171491637825966 0.182295963168144 0.182131916284561 0.177713096141815 0.183975398540497 0.182260513305664 0.172306403517723 0.17489655315876 0.192686691880226 0.212523967027664 0.216516241431236 0.194759145379066 0.182317465543747 0.185170367360115 0.200974375009537 0.20711150765419 0.204382970929146 0.194412514567375 0.186096116900444 0.177652671933174 0.169686496257782 0.170915603637695 0.175355792045593 0.18430969119072 0.185723394155502 0.171361595392227 0.17479619383812 0.179042413830757 0.175097301602364 0.166264995932579 0.170173898339272 0.181984469294548 0.196276068687439 0.195336729288101 0.190147548913956 0.185203164815903 0.179692924022675 0.176426589488983 0.176248013973236 0.178588137030602 0.1771549731493
0.160131871700287 0.17428882420063 0.181114435195923 0.185347184538841 0.186080887913704 0.183366760611534 0.18067941069603 0.176414921879768 0.174599885940552 0.193369209766388 0.194681987166405 0.185217067599297 0.186075821518898 0.191447213292122 0.200232043862343 0.204794958233833 0.19406433403492 0.204955905675888 0.216238766908646 0.208246827125549 0.204804226756096 0.199360594153404 0.19807955622673 0.195811033248901 0.19681940972805 0.19416432082653 0.187088504433632 0.190993905067444 0.189951196312904 0.183509424328804 0.170547723770142 0.172435134649277 0.172362446784973 0.165752112865448 0.173719182610512 0.174826502799988 0.171902284026146 0.16350756585598 0.167104780673981 0.181121960282326 0.196608424186707 0.197863802313805 0.19242550432682 0.183499485254288 0.175994783639908 0.174270331859589 0.178508773446083 0.184486463665962 0.190533638000488
0.168728485703468 0.17736978828907 0.181926757097244 0.183953776955605 0.188588246703148 0.193998992443085 0.197178453207016 0.188455417752266 0.181284084916115 0.193081244826317 0.193218290805817 0.190127149224281 0.190400272607803 0.192741975188255 0.199151337146759 0.201818704605103 0.1855438798666 0.188012003898621 0.196165218949318 0.204176217317581 0.214503362774849 0.190539300441742 0.181022167205811 0.183722302317619 0.18697352707386 0.201470375061035 0.21103523671627 0.206063106656075 0.199135765433311 0.184516206383705 0.162523657083511 0.158776879310608 0.159048274159431 0.161009982228279 0.16735514998436 0.163382530212402 0.16833807528019 0.176535665988922 0.179356545209885 0.188994809985161 0.198383927345276 0.20229597389698 0.202144056558609 0.192102715373039 0.178059935569763 0.16893570125103 0.172251284122467 0.179182171821594 0.180995464324951
0.173454076051712 0.178350612521172 0.18215112388134 0.180522978305817 0.183600157499313 0.190212145447731 0.196186929941177 0.193211108446121 0.187331706285477 0.184518679976463 0.178361907601357 0.169119998812675 0.169712275266647 0.179096803069115 0.179398447275162 0.181129515171051 0.178354278206825 0.175686433911324 0.178097277879715 0.184286579489708 0.191073626279831 0.158161103725433 0.167591944336891 0.196033015847206 0.204390376806259 0.202821597456932 0.210068061947823 0.208601668477058 0.195648640394211 0.183117315173149 0.173722714185715 0.169761002063751 0.163611739873886 0.164474755525589 0.166017442941666 0.161135017871857 0.173552915453911 0.185117498040199 0.187969282269478 0.191679835319519 0.19287696480751 0.190991178154945 0.187471121549606 0.179341673851013 0.171167716383934 0.164762407541275 0.164280116558075 0.164819687604904 0.170195132493973
0.176196545362473 0.180751472711563 0.184597238898277 0.185603424906731 0.185102909803391 0.184067159891129 0.187054812908173 0.194709002971649 0.192300528287888 0.185996472835541 0.175474435091019 0.153432667255402 0.154208734631538 0.163921937346458 0.16082975268364 0.169565007090569 0.167788624763489 0.16049100458622 0.172706201672554 0.16907362639904 0.158443674445152 0.141346529126167 0.157475635409355 0.180253833532333 0.194739565253258 0.190098136663437 0.197406187653542 0.204745292663574 0.19851753115654 0.183260053396225 0.176753625273705 0.175545945763588 0.171151682734489 0.177515089511871 0.182204529643059 0.180735945701599 0.185505747795105 0.19140313565731 0.192150294780731 0.187092989683151 0.182148933410645 0.180584356188774 0.179012522101402 0.172764554619789 0.169916406273842 0.1712446808815 0.178241565823555 0.185417100787163 0.190451726317406
0.179481074213982 0.188921049237251 0.192901954054832 0.192147895693779 0.18955360352993 0.181512534618378 0.180817827582359 0.190921694040298 0.1896733045578 0.191516265273094 0.18291562795639 0.154936835169792 0.153694495558739 0.158074840903282 0.158077254891396 0.158325687050819 0.153083264827728 0.153739377856255 0.173076748847961 0.173547521233559 0.171943143010139 0.170074343681335 0.1727494597435 0.178291946649551 0.183629095554352 0.185613542795181 0.185853525996208 0.182524353265762 0.180035844445229 0.178139209747314 0.177096158266068 0.173620268702507 0.170436307787895 0.176431268453598 0.185344025492668 0.190444692969322 0.191457435488701 0.195326343178749 0.196011066436768 0.192725881934166 0.187190115451813 0.189055889844894 0.188505738973618 0.182667002081871 0.180182233452797 0.182538986206055 0.189396604895592 0.198126673698425 0.194045603275299
0.182484999299049 0.193923965096474 0.190653651952744 0.189932376146317 0.191551387310028 0.186852887272835 0.18201108276844 0.179091051220894 0.174633294343948 0.183102712035179 0.182126015424728 0.169632062315941 0.170119643211365 0.169184058904648 0.165673673152924 0.160171777009964 0.161014154553413 0.155037432909012 0.160196676850319 0.172639027237892 0.173334807157516 0.178272545337677 0.183303833007812 0.182542368769646 0.182390168309212 0.17936110496521 0.173639759421349 0.169125869870186 0.170808926224709 0.178242027759552 0.184868976473808 0.185820132493973 0.181763365864754 0.179271012544632 0.188065156340599 0.19297668337822 0.193740174174309 0.196047633886337 0.19469653069973 0.190518215298653 0.187876045703888 0.199131980538368 0.208540976047516 0.208807304501534 0.198463782668114 0.187230810523033 0.184430554509163 0.186332941055298 0.171853259205818
0.17943511903286 0.188208594918251 0.182051151990891 0.180159911513329 0.186485573649406 0.190694853663445 0.180419147014618 0.170501694083214 0.163286164402962 0.165153741836548 0.165424436330795 0.168639153242111 0.177400141954422 0.181906223297119 0.173414334654808 0.169763579964638 0.186067968606949 0.170244514942169 0.16770738363266 0.17851747572422 0.168070152401924 0.176113203167915 0.179635614156723 0.168718904256821 0.164624497294426 0.163605868816376 0.163428336381912 0.164585277438164 0.172476872801781 0.181892544031143 0.188181474804878 0.189959317445755 0.186886847019196 0.184479936957359 0.191577300429344 0.195050373673439 0.199993014335632 0.202694922685623 0.196375280618668 0.187697634100914 0.183823317289352 0.191086232662201 0.199555695056915 0.202270284295082 0.197171896696091 0.186174094676971 0.171992152929306 0.166351735591888 0.168629974126816
0.173291355371475 0.174250990152359 0.175581887364388 0.164740458130836 0.170736566185951 0.182480454444885 0.176284641027451 0.17358709871769 0.166089281439781 0.159588113427162 0.157025352120399 0.165812447667122 0.179147988557816 0.187888666987419 0.174247741699219 0.160992696881294 0.159206107258797 0.157601937651634 0.163484543561935 0.170626446604729 0.163665398955345 0.176069423556328 0.178183659911156 0.173965498805046 0.178094729781151 0.165107324719429 0.15827439725399 0.160578563809395 0.168132200837135 0.176208645105362 0.184589385986328 0.190339401364326 0.190715283155441 0.191981017589569 0.194209426641464 0.18835012614727 0.194439262151718 0.199553161859512 0.195301055908203 0.187592223286629 0.187186762690544 0.191883772611618 0.195582002401352 0.194167703390121 0.191207051277161 0.187879368662834 0.179939806461334 0.181436255574226 0.185395821928978
0.158499494194984 0.160800710320473 0.176320344209671 0.1856369972229 0.178659185767174 0.172618195414543 0.171409040689468 0.188788235187531 0.18711394071579 0.1768948584795 0.16896279156208 0.169461563229561 0.178014844655991 0.18440206348896 0.176487296819687 0.16406637430191 0.160372912883759 0.164425387978554 0.157667875289917 0.162098154425621 0.163679257035255 0.160362273454666 0.162057787179947 0.174290716648102 0.19020414352417 0.170582786202431 0.152373626828194 0.150739744305611 0.167538061738014 0.176491379737854 0.184364885091782 0.19183138012886 0.196649953722954 0.199259653687477 0.191049620509148 0.175293862819672 0.181960850954056 0.188502609729767 0.188622519373894 0.18341937661171 0.193125709891319 0.201866626739502 0.202649012207985 0.193743631243706 0.187690004706383 0.182175785303116 0.176063984632492 -3.4e+38 -3.4e+38
0.149220958352089 0.164463981986046 0.177781492471695 0.186905845999718 0.178329020738602 0.160629495978355 0.156447380781174 0.178941860795021 0.178652375936508 0.176596432924271 0.174788698554039 0.172512099146843 0.17743955552578 0.182317152619362 0.181472018361092 0.178717344999313 0.17380453646183 0.175211325287819 0.167253404855728 0.184303417801857 0.182536154985428 0.165230348706245 0.16146682202816 0.170572653412819 0.174180597066879 0.158105343580246 0.150982424616814 0.159040197730064 0.175845235586166 0.183782324194908 0.189327031373978 0.195201262831688 0.200037002563477 0.201407954096794 0.183018267154694 0.164773374795914 0.169808104634285 0.178068190813065 0.180462241172791 0.180641010403633 0.197857797145844 0.212244004011154 0.21497817337513 0.202892795205116 0.194955542683601 0.193018198013306 -3.4e+38 -3.4e+38 -3.4e+38
0.159086495637894 0.178092256188393 0.168919309973717 0.166291609406471 0.170511692762375 0.168476834893227 0.169874593615532 0.174219578504562 0.163885816931725 0.163900062441826 0.166695222258568 0.167765617370605 0.165138483047485 0.168139517307281 0.175277993083 0.185257226228714 0.17150604724884 0.163561925292015 0.16524563729763 0.173596784472466 0.176001131534576 0.17121846973896 0.171539023518562 0.176446735858917 0.170152634382248 0.158693760633469 0.158409848809242 0.170908972620964 0.184868067502975 0.191999286413193 0.192556262016296 0.192766547203064 0.195607721805573 0.197513312101364 0.175963923335075 0.164451390504837 0.169332146644592 0.178009673953056 0.177118048071861 0.180067673325539 0.196114376187325 0.211424857378006 0.216277584433556 0.21164707839489 0.206687778234482 -3.4e+38 -3.4e+38 -3.4e+38 -3.4e+38
0.173097357153893 0.181557580828667 0.156113862991333 0.158612012863159 0.176741644740105 0.183793023228645 0.176826670765877 0.164917141199112 0.151965618133545 0.156245946884155 0.166312545537949 0.168440714478493 0.15842293202877 0.158431157469749 0.160218521952629 0.166847884654999 0.175761014223099 0.173739969730377 0.170583054423332 0.165177285671234 0.162737473845482 0.160209342837334 0.159749493002892 0.165462017059326 0.166509330272675 0.164627924561501 0.165735214948654 0.171828776597977 0.179490834474564 0.186428636312485 0.189868360757828 0.190190955996513 0.192109644412994 0.191456586122513 0.173852726817131 0.169670268893242 0.175198093056679 0.182971835136414 0.178559795022011 0.179049909114838 0.186821132898331 -3.4e+38 -3.4e+38 -3.4e+38 -3.4e+38 -3.4e+38 -3.4e+38 -3.4e+38 -3.4e+38
0.172179371118546 0.169668585062027 0.16657280921936 0.172866106033325 0.178189262747765 0.180234894156456 0.171559453010559 0.153859436511993 0.146865591406822 0.159453526139259 0.169913843274117 0.172495111823082 0.164508998394012 0.161298975348473 0.15775702893734 0.16178734600544 0.170701310038567 0.164580404758453 0.174686804413795 0.176281556487083 0.163754805922508 0.1545320302248 0.155817985534668 0.16372886300087 0.170226484537125 0.17150953412056 0.167564526200294 0.162232756614685 0.164302542805672 0.176870241761208 0.189402222633362 0.194853156805038 0.19651110470295 0.192284226417542 0.179773285984993 -3.4e+38 -3.4e+38 -3.4e+38 -3.4e+38 -3.4e+38 -3.4e+38 -3.4e+38 -3.4e+38 -3.4e+38 -3.4e+38 -3.4e+38 -3.4e+38 -3.4e+38 -3.4e+38
