data/trimmed_ndre/W_ndre.715.2013_no_clouds.asc
NCOLS 130 
NROWS 71 
XLLCORNER 530645 
YLLCORNER 5158205 
CELLSIZE 5 
NODATA_value -3.4e+38 
[rows 21 to 41 of 71, columns 0 to 48 of 130]
0.146027311682701 0.163281217217445 0.163281217217445 0.166975244879723 0.166817754507065 0.170293167233467 0.167534247040749 0.181006833910942 0.182563677430153 0.182557120919228 0.197076201438904 0.193720504641533 0.187240123748779 0.182619944214821 0.171955853700638 0.158396735787392 0.152661383152008 0.139574900269508 0.153420686721802 0.160009115934372 0.160009115934372 0.158473894000053 0.149495556950569 0.146244645118713 0.145172387361526 0.168995425105095 0.16669237613678 0.16669237613678 0.159562811255455 0.149261087179184 0.134991228580475 0.133659079670906 0.143081203103065 0.164949104189873 0.17540642619133 0.181050673127174 0.160241931676865 0.164155855774879 0.164155855774879 0.156628370285034 0.169851243495941 0.161511093378067 0.175652354955673 0.166254982352257 0.163321331143379 0.163321331143379 0.184243947267532 0.174952626228333 0.179888114333153
0.1554956138134 0.170148432254791 0.167411744594574 0.168718576431274 0.160072445869446 0.165822073817253 0.165822073817253 0.191145166754723 0.182563677430153 0.172232493758202 0.183715865015984 0.169696360826492 0.170719414949417 0.184533640742302 0.171955853700638 0.158396735787392 0.147509157657623 0.147509157657623 0.152597069740295 0.154497817158699 0.159294992685318 0.158466652035713 0.155292183160782 0.165169507265091 0.165169507265091 0.150857985019684 0.152045711874962 0.151448592543602 0.151442095637321 0.146549493074417 0.151100277900696 0.15100559592247 0.154682278633118 0.164949104189873 0.177391454577446 0.177391454577446 0.141021251678467 0.156654983758926 0.152192562818527 0.156623855233192 0.17744567990303 0.174127742648125 0.174127742648125 0.173581942915916 0.168717503547668 0.178901687264442 0.178901687264442 0.162917777895927 0.183134615421295
-3.4e+38 0.170148432254791 0.16360342502594 0.171459868550301 0.172032594680786 0.171989426016808 0.191138789057732 0.191138789057732 0.192982450127602 0.175145745277405 0.17043973505497 0.164379462599754 0.163414388895035 0.172838747501373 0.172838747501373 0.163171574473381 0.160910278558731 0.155289173126221 0.163644224405289 0.154496654868126 0.157539308071136 0.157533302903175 0.160037964582443 0.171818345785141 0.161358922719955 0.150857985019684 0.153971806168556 0.145624607801437 0.141764834523201 0.149916887283325 0.156245917081833 0.164608135819435 0.164608135819435 0.172483965754509 0.165054306387901 0.173666164278984 0.169731944799423 0.156654983758926 0.141424342989922 0.144149750471115 0.154750034213066 0.165641248226166 0.149001955986023 0.173581942915916 0.165106803178787 0.165480688214302 0.165741547942162 0.180181786417961 0.190518155694008
-3.4e+38 -3.4e+38 0.167820528149605 0.177307724952698 0.177301466464996 0.171989426016808 0.181000456213951 0.190213412046432 0.179849728941917 0.185995608568192 0.178847104310989 0.164379462599754 0.163414388895035 0.167196288704872 0.173198893666267 0.163246124982834 0.168388694524765 0.160862013697624 0.162386074662209 0.159030750393867 0.173192247748375 0.163959413766861 0.163959413766861 0.163202494382858 0.161358922719955 0.169186487793922 0.158766269683838 0.146760329604149 0.141201883554459 0.141201883554459 0.156245917081833 0.139761626720428 0.142279073596001 0.142279073596001 0.135137364268303 0.144328013062477 0.17352981865406 0.169806763529778 0.155649706721306 0.131509900093079 0.131509900093079 0.149057120084763 0.148997619748116 0.146933346986771 0.156659185886383 0.160464927554131 0.198452174663544 0.169461160898209 0.190513849258423
-3.4e+38 -3.4e+38 -3.4e+38 0.179911866784096 0.186020538210869 0.172858864068985 0.17740298807621 0.172728553414345 0.178395062685013 0.175945952534676 0.178845807909966 0.162559762597084 0.162559762597084 0.168041944503784 0.159535765647888 0.157588377594948 0.168382674455643 0.170144066214561 0.165736600756645 0.165736600756645 0.17873178422451 0.163095146417618 0.171883821487427 0.165209874510765 0.163311198353767 0.165569543838501 0.165569543838501 0.155536457896233 0.141201883554459 0.141710966825485 0.141710966825485 0.138068705797195 0.138332888484001 0.13316710293293 0.135137364268303 0.148133754730225 0.130376666784286 0.130376666784286 0.151836857199669 0.17288401722908 0.120329633355141 0.121868059039116 0.143055841326714 0.164091542363167 0.163169339299202 0.159072503447533 0.198452174663544 0.165286108851433 0.165286108851433
-3.4e+38 -3.4e+38 -3.4e+38 0.18833190202713 0.176336973905563 0.181409522891045 0.17578087747097 0.174472615122795 0.175947293639183 0.175945952534676 0.175004199147224 0.160896703600883 0.166128188371658 0.168696224689484 0.15399381518364 0.166560143232346 0.166560143232346 0.162838384509087 0.156478583812714 0.158515498042107 0.173232451081276 0.163095146417618 0.150993585586548 0.150365740060806 0.138468146324158 0.151946693658829 0.155631676316261 0.155536457896233 0.146654456853867 0.134106382727623 0.131032302975655 0.151027634739876 0.138332888484001 0.149535775184631 0.149535775184631 0.163037464022636 0.143206402659416 0.143116384744644 0.14899355173111 0.17288401722908 0.15056836605072 0.116058550775051 0.126145258545876 0.135289713740349 0.164728820323944 0.159069716930389 0.144590005278587 0.167960494756699 0.172130659222603
-3.4e+38 -3.4e+38 -3.4e+38 0.158749476075172 0.182821288704872 0.163434058427811 0.163434058427811 0.174472615122795 0.167895793914795 0.171227008104324 0.1722691655159 0.178644582629204 0.160632774233818 0.174399927258492 0.159478515386581 0.165529161691666 0.156386032700539 0.156386032700539 0.143323570489883 0.169619426131248 0.169001013040543 0.15852652490139 0.146333053708076 0.141257718205452 0.141257718205452 0.151946693658829 0.161578014492989 0.16043908894062 0.162627056241035 0.14816926419735 0.151023223996162 0.151023223996162 0.146457016468048 0.16136246919632 0.170530885457993 0.170530885457993 0.164248272776604 0.143116384744644 0.174875557422638 0.159704104065895 0.155364662408829 0.13711328804493 0.13711328804493 0.135289713740349 0.154915288090706 0.167006134986877 0.175385534763336 0.174579456448555 0.170107945799828
-3.4e+38 -3.4e+38 -3.4e+38 -3.4e+38 0.181101649999619 0.163434058427811 0.176184862852097 0.176184862852097 0.193490356206894 0.16607004404068 0.157419919967651 0.178644582629204 0.160632774233818 0.173923298716545 0.173923298716545 0.16732157766819 0.153322786092758 0.163398906588554 0.143323570489883 0.164165318012238 0.154879376292229 0.154879376292229 0.152017846703529 0.14972947537899 0.149243459105492 0.149243459105492 0.154849007725716 0.156298726797104 0.156928956508636 0.128100261092186 0.151023223996162 0.138308450579643 0.138308450579643 0.148950830101967 0.15780882537365 0.149743959307671 0.164248272776604 0.130759939551353 0.140506982803345 0.140506982803345 0.133800253272057 0.127898350358009 0.137269228696823 0.137269228696823 0.134748935699463 0.123379237949848 0.114919327199459 0.12838950753212 0.170107945799828
-3.4e+38 -3.4e+38 -3.4e+38 -3.4e+38 -3.4e+38 0.14928150177002 0.153256103396416 0.175102531909943 0.172501236200333 0.1616500467062 0.147249177098274 0.147243410348892 0.149745061993599 0.159451007843018 0.157421424984932 0.153536051511765 0.153322786092758 0.144894942641258 0.138718709349632 0.148403987288475 0.140705317258835 0.139445975422859 0.152017846703529 0.155535221099854 0.154162466526031 0.139168038964272 0.144940376281738 0.141060799360275 0.150003582239151 0.150003582239151 0.161002621054649 0.164238661527634 0.148392111063004 0.165373980998993 0.15780882537365 0.175082758069038 0.171833142638206 0.156277284026146 0.183278664946556 0.150228977203369 0.133797854185104 0.159715563058853 0.15801964700222 0.142221987247467 0.137802213430405 0.148851066827774 0.142604812979698 0.12838950753212 0.143780753016472
-3.4e+38 -3.4e+38 -3.4e+38 -3.4e+38 -3.4e+38 -3.4e+38 -3.4e+38 -3.4e+38 0.172501236200333 0.1616500467062 0.154425352811813 0.143440097570419 0.143440097570419 0.138672932982445 0.156278744339943 0.1674634963274 0.173833504319191 0.162155196070671 0.157531231641769 0.157525151968002 0.143427073955536 0.139445975422859 0.141586259007454 0.147171944379807 0.146715447306633 0.153319448232651 0.142221316695213 0.141060799360275 0.134925752878189 0.150017872452736 0.150017872452736 0.170559510588646 0.162718296051025 0.157274559140205 0.172754213213921 0.200207084417343 0.183425053954124 0.183425053954124 0.166980609297752 0.150228977203369 0.15560807287693 0.135052755475044 0.139935746788979 0.159395694732666 0.159395694732666 0.148851066827774 0.138579934835434 0.136409640312195 0.136409640312195
-3.4e+38 -3.4e+38 -3.4e+38 -3.4e+38 -3.4e+38 -3.4e+38 -3.4e+38 -3.4e+38 -3.4e+38 -3.4e+38 0.166208505630493 0.152649089694023 0.153151407837868 0.138671085238457 0.14873106777668 0.141428619623184 0.141428619623184 0.155313014984131 0.147090196609497 0.148668631911278 0.145370006561279 0.140649616718292 0.133426442742348 0.13551926612854 0.138537958264351 0.153319448232651 0.133432805538177 0.133432805538177 0.141382321715355 0.144638210535049 0.136664167046547 0.170559510588646 0.168058097362518 0.180762261152267 0.180762261152267 0.197348982095718 0.175478354096413 0.206813156604767 0.194613084197044 0.163863703608513 0.193386167287827 0.183579608798027 0.184939414262772 0.132388740777969 0.170508593320847 0.170501485466957 0.163320437073708 0.158984333276749 0.121442027390003
-3.4e+38 -3.4e+38 -3.4e+38 -3.4e+38 -3.4e+38 -3.4e+38 -3.4e+38 -3.4e+38 -3.4e+38 -3.4e+38 -3.4e+38 0.155249357223511 0.152621269226074 0.152619302272797 0.165527030825615 0.15200911462307 0.1575076431036 0.144392162561417 0.147090196609497 0.156908854842186 0.14830781519413 0.14729380607605 0.144939541816711 0.127817720174789 0.138537958264351 0.146305903792381 0.149193227291107 0.139003187417984 0.145482614636421 0.150105074048042 0.154586687684059 0.154586687684059 0.16821463406086 0.178818598389626 0.207482859492302 0.155218362808228 0.175478354096413 0.182096377015114 0.186642542481422 0.175281822681427 0.212612435221672 0.193872034549713 0.184939414262772 0.174375012516975 0.167074665427208 0.161597102880478 0.159061029553413 0.165721163153648 0.180495172739029
-3.4e+38 -3.4e+38 -3.4e+38 -3.4e+38 -3.4e+38 -3.4e+38 -3.4e+38 -3.4e+38 -3.4e+38 -3.4e+38 -3.4e+38 -3.4e+38 -3.4e+38 -3.4e+38 -3.4e+38 -3.4e+38 -3.4e+38 -3.4e+38 -3.4e+38 -3.4e+38 -3.4e+38 -3.4e+38 -3.4e+38 -3.4e+38 -3.4e+38 -3.4e+38 -3.4e+38 -3.4e+38 -3.4e+38 -3.4e+38 -3.4e+38 0.160461843013763 0.160461843013763 0.197167709469795 0.207479745149612 0.180852487683296 0.182769894599915 0.188224405050278 0.171213790774345 0.171213790774345 0.21260567009449 0.193865314126015 0.183243617415428 0.159691974520683 0.151726692914963 0.142589032649994 0.168358027935028 0.165721163153648 0.183295592665672
-3.4e+38 -3.4e+38 -3.4e+38 -3.4e+38 -3.4e+38 -3.4e+38 -3.4e+38 -3.4e+38 -3.4e+38 -3.4e+38 -3.4e+38 -3.4e+38 -3.4e+38 -3.4e+38 -3.4e+38 -3.4e+38 -3.4e+38 -3.4e+38 -3.4e+38 -3.4e+38 -3.4e+38 -3.4e+38 -3.4e+38 -3.4e+38 -3.4e+38 -3.4e+38 -3.4e+38 -3.4e+38 -3.4e+38 -3.4e+38 -3.4e+38 -3.4e+38 -3.4e+38 0.197167709469795 0.185145497322083 0.199883759021759 0.216832220554352 0.170284435153008 0.166422218084335 0.174779564142227 0.174772903323174 0.145664855837822 0.174172297120094 0.177371457219124 0.163038864731789 0.142589032649994 0.15571017563343 0.15571017563343 0.166189253330231
-3.4e+38 -3.4e+38 -3.4e+38 -3.4e+38 -3.4e+38 -3.4e+38 -3.4e+38 -3.4e+38 -3.4e+38 -3.4e+38 -3.4e+38 -3.4e+38 -3.4e+38 -3.4e+38 -3.4e+38 -3.4e+38 -3.4e+38 -3.4e+38 -3.4e+38 -3.4e+38 -3.4e+38 -3.4e+38 -3.4e+38 -3.4e+38 -3.4e+38 -3.4e+38 -3.4e+38 -3.4e+38 -3.4e+38 -3.4e+38 -3.4e+38 -3.4e+38 -3.4e+38 -3.4e+38 0.186990439891815 0.183695375919342 0.1652991771698 0.170284435153008 0.166422218084335 0.151542127132416 0.191835105419159 0.168683096766472 0.162367388606071 0.171338394284248 0.163038864731789 0.161200255155563 0.158544212579727 0.147892937064171 0.152848750352859
-3.4e+38 -3.4e+38 -3.4e+38 -3.4e+38 -3.4e+38 -3.4e+38 -3.4e+38 -3.4e+38 -3.4e+38 -3.4e+38 -3.4e+38 -3.4e+38 -3.4e+38 -3.4e+38 -3.4e+38 -3.4e+38 -3.4e+38 -3.4e+38 -3.4e+38 -3.4e+38 -3.4e+38 -3.4e+38 -3.4e+38 -3.4e+38 -3.4e+38 -3.4e+38 -3.4e+38 -3.4e+38 -3.4e+38 -3.4e+38 -3.4e+38 -3.4e+38 -3.4e+38 -3.4e+38 0.197074487805367 0.195784851908684 0.1652991771698 0.188142418861389 0.158405438065529 0.147944122552872 0.149863258004189 0.149863258004189 0.162367388606071 0.160039305686951 0.14417339861393 0.144170835614204 0.142599955201149 0.149583607912064 0.14778533577919
-3.4e+38 -3.4e+38 -3.4e+38 -3.4e+38 -3.4e+38 -3.4e+38 -3.4e+38 -3.4e+38 -3.4e+38 -3.4e+38 -3.4e+38 -3.4e+38 -3.4e+38 -3.4e+38 -3.4e+38 -3.4e+38 -3.4e+38 -3.4e+38 -3.4e+38 -3.4e+38 -3.4e+38 -3.4e+38 -3.4e+38 -3.4e+38 -3.4e+38 -3.4e+38 -3.4e+38 -3.4e+38 -3.4e+38 -3.4e+38 -3.4e+38 -3.4e+38 -3.4e+38 -3.4e+38 0.203713685274124 0.188092485070229 0.169536516070366 0.162745922803879 0.185248017311096 0.168850287795067 0.166856646537781 0.150859981775284 0.150859981775284 0.169502481818199 0.157301977276802 0.170579314231873 0.154272347688675 0.149583607912064 0.158350750803947
-3.4e+38 -3.4e+38 -3.4e+38 -3.4e+38 -3.4e+38 -3.4e+38 -3.4e+38 -3.4e+38 -3.4e+38 -3.4e+38 -3.4e+38 -3.4e+38 -3.4e+38 -3.4e+38 -3.4e+38 -3.4e+38 -3.4e+38 -3.4e+38 -3.4e+38 -3.4e+38 -3.4e+38 -3.4e+38 -3.4e+38 -3.4e+38 -3.4e+38 -3.4e+38 -3.4e+38 -3.4e+38 -3.4e+38 -3.4e+38 -3.4e+38 -3.4e+38 -3.4e+38 -3.4e+38 -3.4e+38 0.19484056532383 0.155211195349693 0.157514944672585 0.180150076746941 0.168850287795067 0.149138763546944 0.15861551463604 0.153254717588425 0.14977103471756 0.153392791748047 0.152209773659706 0.152209773659706 0.148294433951378 0.148427337408066
-3.4e+38 -3.4e+38 -3.4e+38 -3.4e+38 -3.4e+38 -3.4e+38 -3.4e+38 -3.4e+38 -3.4e+38 -3.4e+38 -3.4e+38 -3.4e+38 -3.4e+38 -3.4e+38 -3.4e+38 -3.4e+38 -3.4e+38 -3.4e+38 -3.4e+38 -3.4e+38 -3.4e+38 -3.4e+38 -3.4e+38 -3.4e+38 -3.4e+38 -3.4e+38 -3.4e+38 -3.4e+38 -3.4e+38 -3.4e+38 -3.4e+38 -3.4e+38 -3.4e+38 -3.4e+38 -3.4e+38 -3.4e+38 0.15953117609024 0.144379645586014 0.180150076746941 0.144294083118439 0.144294083118439 0.156160086393356 0.126241937279701 0.147060066461563 0.153392791748047 0.156324833631516 0.148457065224648 0.148457065224648 0.150301933288574
-3.4e+38 -3.4e+38 -3.4e+38 -3.4e+38 -3.4e+38 -3.4e+38 -3.4e+38 -3.4e+38 -3.4e+38 -3.4e+38 -3.4e+38 -3.4e+38 -3.4e+38 -3.4e+38 -3.4e+38 -3.4e+38 -3.4e+38 -3.4e+38 -3.4e+38 -3.4e+38 -3.4e+38 -3.4e+38 -3.4e+38 -3.4e+38 -3.4e+38 -3.4e+38 -3.4e+38 -3.4e+38 -3.4e+38 -3.4e+38 -3.4e+38 -3.4e+38 -3.4e+38 -3.4e+38 -3.4e+38 -3.4e+38 -3.4e+38 0.154966697096825 0.171536460518837 0.139365687966347 0.16750755906105 0.156983330845833 0.126241937279701 0.14216810464859 0.14216810464859 0.150128319859505 0.142643257975578 0.146011725068092 0.150301933288574
-3.4e+38 -3.4e+38 -3.4e+38 -3.4e+38 -3.4e+38 -3.4e+38 -3.4e+38 -3.4e+38 -3.4e+38 -3.4e+38 -3.4e+38 -3.4e+38 -3.4e+38 -3.4e+38 -3.4e+38 -3.4e+38 -3.4e+38 -3.4e+38 -3.4e+38 -3.4e+38 -3.4e+38 -3.4e+38 -3.4e+38 -3.4e+38 -3.4e+38 -3.4e+38 -3.4e+38 -3.4e+38 -3.4e+38 -3.4e+38 -3.4e+38 -3.4e+38 -3.4e+38 -3.4e+38 -3.4e+38 -3.4e+38 -3.4e+38 -3.4e+38 0.16867783665657 0.145331114530563 0.15396685898304 0.156980574131012 0.137896165251732 0.151895314455032 0.159581258893013 0.154978975653648 0.148457065224648 0.149354547262192 0.149354547262192
