data/trimmed_ndre/W_ndre.627.2013_no_clouds.asc
NCOLS 130 
NROWS 71 
XLLCORNER 530645 
YLLCORNER 5158205 
CELLSIZE 5 
NODATA_value -3.4e+38 
[rows 0 to 20 of 71, columns 0 to 48 of 130]
-339999999999999996123846586046231871488.000000000000000 -3.4e+38 -3.4e+38 -3.4e+38 -3.4e+38 -3.4e+38 -3.4e+38 -3.4e+38 -3.4e+38 -3.4e+38 -3.4e+38 0.483496278524399 0.460947394371033 0.444537967443466 0.43002063035965 0.409949213266373 0.452268987894058 -3.4e+38 -3.4e+38 -3.4e+38 -3.4e+38 -3.4e+38 -3.4e+38 -3.4e+38 -3.4e+38 -3.4e+38 -3.4e+38 -3.4e+38 -3.4e+38 -3.4e+38 -3.4e+38 -3.4e+38 -3.4e+38 -3.4e+38 -3.4e+38 -3.4e+38 -3.4e+38 -3.4e+38 -3.4e+38 -3.4e+38 -3.4e+38 -3.4e+38 -3.4e+38 -3.4e+38 -3.4e+38 -3.4e+38 -3.4e+38 -3.4e+38 -3.4e+38
-3.4e+38 -3.4e+38 -3.4e+38 -3.4e+38 -3.4e+38 -3.4e+38 -3.4e+38 -3.4e+38 -3.4e+38 -3.4e+38 0.545108258724213 0.499616414308548 0.492390125989914 0.474354475736618 0.446124911308289 0.422840178012848 0.424562275409698 0.466757655143738 -3.4e+38 -3.4e+38 -3.4e+38 -3.4e+38 -3.4e+38 -3.4e+38 -3.4e+38 -3.4e+38 -3.4e+38 -3.4e+38 -3.4e+38 -3.4e+38 -3.4e+38 -3.4e+38 -3.4e+38 -3.4e+38 -3.4e+38 -3.4e+38 -3.4e+38 -3.4e+38 -3.4e+38 -3.4e+38 -3.4e+38 -3.4e+38 -3.4e+38 -3.4e+38 -3.4e+38 -3.4e+38 -3.4e+38 -3.4e+38 -3.4e+38
-3.4e+38 -3.4e+38 -3.4e+38 -3.4e+38 -3.4e+38 -3.4e+38 -3.4e+38 -3.4e+38 0.564291477203369 0.592925608158112 0.57043445110321 0.524745345115662 0.5001060962677 0.496046364307404 0.47884675860405 0.444187939167023 0.428793340921402 0.440776199102402 0.492396861314774 -3.4e+38 -3.4e+38 -3.4e+38 -3.4e+38 -3.4e+38 -3.4e+38 -3.4e+38 -3.4e+38 -3.4e+38 -3.4e+38 -3.4e+38 -3.4e+38 -3.4e+38 -3.4e+38 -3.4e+38 -3.4e+38 -3.4e+38 -3.4e+38 -3.4e+38 -3.4e+38 -3.4e+38 -3.4e+38 -3.4e+38 -3.4e+38 -3.4e+38 -3.4e+38 -3.4e+38 -3.4e+38 -3.4e+38 -3.4e+38
-3.4e+38 -3.4e+38 -3.4e+38 -3.4e+38 -3.4e+38 -3.4e+38 -3.4e+38 -3.4e+38 -3.4e+38 0.595621287822723 0.590929210186005 0.559835314750671 0.525322020053864 0.512128472328186 0.48960343003273 0.442978590726852 0.415662735700607 0.424205750226974 0.473819702863693 0.521599233150482 0.529024243354797 -3.4e+38 -3.4e+38 -3.4e+38 -3.4e+38 -3.4e+38 -3.4e+38 -3.4e+38 -3.4e+38 -3.4e+38 -3.4e+38 -3.4e+38 0.464835703372955 0.468009918928146 -3.4e+38 -3.4e+38 -3.4e+38 -3.4e+38 -3.4e+38 -3.4e+38 -3.4e+38 -3.4e+38 -3.4e+38 -3.4e+38 -3.4e+38 -3.4e+38 -3.4e+38 -3.4e+38 -3.4e+38
-3.4e+38 -3.4e+38 -3.4e+38 -3.4e+38 -3.4e+38 -3.4e+38 -3.4e+38 -3.4e+38 -3.4e+38 0.584222257137299 0.595929622650146 0.589042365550995 0.550488471984863 0.497192293405533 0.464287519454956 0.422574758529663 0.396523594856262 0.409831315279007 0.448192238807678 0.499508589506149 0.529474377632141 0.545622289180756 0.563175797462463 0.58014041185379 0.592721998691559 0.604631006717682 0.614935040473938 0.606281757354736 -3.4e+38 -3.4e+38 -3.4e+38 0.516763985157013 0.496288269758224 0.490582257509232 0.492908179759979 0.486229360103607 0.464771449565887 -3.4e+38 -3.4e+38 -3.4e+38 -3.4e+38 -3.4e+38 -3.4e+38 -3.4e+38 -3.4e+38 -3.4e+38 -3.4e+38 -3.4e+38 -3.4e+38
-3.4e+38 -3.4e+38 -3.4e+38 -3.4e+38 -3.4e+38 -3.4e+38 -3.4e+38 -3.4e+38 -3.4e+38 0.554347932338715 0.573067009449005 0.57068133354187 0.541604161262512 0.495526075363159 0.458119928836823 0.434927612543106 0.413323223590851 0.409035444259644 0.424557507038116 0.462285041809082 0.497552365064621 0.526470124721527 0.56080836057663 0.572844088077545 0.581092476844788 0.597179412841797 0.610795795917511 0.604678153991699 0.585833430290222 0.565916538238525 0.54563581943512 0.536737024784088 0.52667772769928 0.5112344622612 0.50662636756897 0.510392665863037 0.502479255199432 0.477094620466232 0.450274288654327 0.422797292470932 -3.4e+38 -3.4e+38 -3.4e+38 -3.4e+38 -3.4e+38 -3.4e+38 -3.4e+38 -3.4e+38 -3.4e+38
-3.4e+38 -3.4e+38 -3.4e+38 -3.4e+38 -3.4e+38 -3.4e+38 -3.4e+38 -3.4e+38 -3.4e+38 0.527420103549957 0.535547316074371 0.514952063560486 0.490645438432693 0.468555122613907 0.457793205976486 0.462159395217896 0.450475513935089 0.424961060285568 0.432394206523895 0.455821961164474 0.479519873857498 0.501501798629761 0.532766163349152 0.552615523338318 0.560448706150055 0.570013642311096 0.583212852478027 0.582626819610596 0.56878924369812 0.559440493583679 0.540552973747253 0.53357458114624 0.539637446403503 0.5199334025383 0.51523232460022 0.526986598968506 0.528651654720306 0.516643524169922 0.493614315986633 0.472701340913773 0.447393387556076 0.424985319375992 -3.4e+38 -3.4e+38 -3.4e+38 -3.4e+38 -3.4e+38 -3.4e+38 -3.4e+38
-3.4e+38 -3.4e+38 -3.4e+38 -3.4e+38 -3.4e+38 -3.4e+38 -3.4e+38 -3.4e+38 -3.4e+38 0.529482781887054 0.529126405715942 0.498782783746719 0.473528295755386 0.481121122837067 0.468814164400101 0.456812143325806 0.448505610227585 0.42058452963829 0.422165364027023 0.454499542713165 0.476075053215027 0.490340530872345 0.506261348724365 0.530298888683319 0.541215598583221 0.541128039360046 0.543158829212189 0.539849936962128 0.535552740097046 0.537088513374329 0.542978286743164 0.548385679721832 0.547353148460388 0.52762359380722 0.51629775762558 0.52063000202179 0.524809122085571 0.522298097610474 0.511487782001495 0.498082309961319 0.476687163114548 0.450369000434875 0.42932254076004 -3.4e+38 -3.4e+38 -3.4e+38 -3.4e+38 -3.4e+38 -3.4e+38
-3.4e+38 -3.4e+38 -3.4e+38 -3.4e+38 -3.4e+38 -3.4e+38 -3.4e+38 -3.4e+38 0.558983325958252 0.528651833534241 0.491576492786407 0.442849278450012 0.437096476554871 0.474864721298218 0.459104239940643 0.441504389047623 0.434079438447952 0.422276616096497 0.430268526077271 0.449869006872177 0.460291981697083 0.487082868814468 0.509923219680786 0.520410656929016 0.521356761455536 0.521855711936951 0.524657547473907 0.523556232452393 0.529700934886932 0.540542662143707 0.550841391086578 0.559381723403931 0.563593208789825 0.552633345127106 0.540745437145233 0.523048937320709 0.508501708507538 0.501719117164612 0.501641452312469 0.501249194145203 0.497055679559708 0.494861513376236 0.483121752738953 0.467048019170761 0.457579493522644 0.441828846931458 0.432851701974869 -3.4e+38 -3.4e+38
-3.4e+38 -3.4e+38 -3.4e+38 -3.4e+38 -3.4e+38 -3.4e+38 -3.4e+38 0.600101113319397 0.569997787475586 0.542361736297607 0.504180669784546 0.470045864582062 0.429465472698212 0.41605806350708 0.395704120397568 0.415998786687851 0.441432476043701 0.449882537126541 0.452079832553864 0.462136209011078 0.477409690618515 0.494552046060562 0.511559963226318 0.515968322753906 0.511422276496887 0.512977957725525 0.517154335975647 0.523023784160614 0.53491199016571 0.534874141216278 0.534124732017517 0.547709465026855 0.567334115505219 0.568490266799927 0.553622603416443 0.533140301704407 0.511715650558472 0.501779973506927 0.502490997314453 0.502804577350616 0.509284138679504 0.525099873542786 0.523619294166565 0.503574848175049 0.496286123991013 0.487130463123322 0.480258345603943 0.47488009929657 -3.4e+38
-3.4e+38 -3.4e+38 -3.4e+38 -3.4e+38 -3.4e+38 -3.4e+38 0.608394801616669 0.625206768512726 0.57162082195282 0.564477860927582 0.558408558368683 0.539369165897369 0.498754590749741 0.423160165548325 0.365165859460831 0.375598400831223 0.413397789001465 0.440010100603104 0.439597010612488 0.439486473798752 0.4696324467659 0.504015862941742 0.520209193229675 0.528235912322998 0.5265873670578 0.52724826335907 0.522921144962311 0.523491084575653 0.529226958751678 0.518467485904694 0.513143241405487 0.527603328227997 0.543355524539948 0.545930981636047 0.53286737203598 0.524765193462372 0.509203255176544 0.50078934431076 0.504820942878723 0.494645416736603 0.496891587972641 0.51762843132019 0.524128258228302 0.516206204891205 0.503000736236572 0.496060013771057 0.487873554229736 0.485111027956009 0.48245757818222
-3.4e+38 -3.4e+38 -3.4e+38 -3.4e+38 -3.4e+38 0.574814260005951 0.600034415721893 0.607771217823029 0.575791478157043 0.5643270611763 0.556670844554901 0.541212618350983 0.521410465240479 0.491100281476974 0.438677966594696 0.407463192939758 0.393005728721619 0.435450196266174 0.475186496973038 0.481225550174713 0.499637991189957 0.534809768199921 0.551377832889557 0.555390655994415 0.560100376605988 0.56223726272583 0.546493172645569 0.532522320747375 0.531494438648224 0.522946417331696 0.514214396476746 0.51607358455658 0.520190834999084 0.514780640602112 0.5081986784935 0.507517576217651 0.507063567638397 0.515087485313416 0.513866126537323 0.49040699005127 0.486632138490677 0.508341491222382 0.519075214862823 0.51173597574234 0.496371299028397 0.489482998847961 0.477433711290359 0.479224234819412 0.483742952346802
-3.4e+38 -3.4e+38 -3.4e+38 -3.4e+38 -3.4e+38 0.588106691837311 0.591536402702332 0.605736017227173 0.603401958942413 0.575840175151825 0.560601890087128 0.549868643283844 0.54380851984024 0.539178311824799 0.519374489784241 0.465554267168045 0.422509700059891 0.439529776573181 0.527973473072052 0.567996859550476 0.558500707149506 0.561975121498108 0.584764182567596 0.59568452835083 0.606148660182953 0.601235151290894 0.582968533039093 0.567637383937836 0.558451473712921 0.548927783966064 0.538310706615448 0.528873026371002 0.521304309368134 0.504519760608673 0.501300752162933 0.510107696056366 0.515794277191162 0.524524450302124 0.517782747745514 0.495183616876602 0.494595795869827 0.505547761917114 0.50894957780838 0.500198125839233 0.492486387491226 0.486124932765961 0.477182447910309 0.482897579669952 0.495147526264191
-3.4e+38 -3.4e+38 -3.4e+38 -3.4e+38 0.546671271324158 0.563811898231506 0.593392550945282 0.613524258136749 0.623096525669098 0.607354521751404 0.585742294788361 0.571709215641022 0.555215239524841 0.540275633335114 0.527095019817352 0.500173509120941 0.490640670061111 0.498950242996216 0.542470633983612 0.596699118614197 0.601733207702637 0.597638964653015 0.594407379627228 0.601681172847748 0.611862480640411 0.616248786449432 0.606375515460968 0.593975841999054 0.580047369003296 0.570426881313324 0.56280916929245 0.545062601566315 0.527944803237915 0.513408005237579 0.513897895812988 0.524460256099701 0.521526753902435 0.506946265697479 0.496613532304764 0.489723026752472 0.494539380073547 0.495812863111496 0.494696289300919 0.489989668130875 0.488024920225143 0.48079115152359 0.478810250759125 0.489440262317657 0.501701891422272
-3.4e+38 -3.4e+38 -3.4e+38 -3.4e+38 0.50316971540451 0.51084977388382 0.548955738544464 0.591294527053833 0.611462533473969 0.608773231506348 0.590806901454926 0.577475726604462 0.5619255900383 0.54980480670929 0.539331793785095 0.534304440021515 0.536366701126099 0.54119873046875 0.53154844045639 0.582881212234497 0.61193573474884 0.587792456150055 0.569596230983734 0.560008466243744 0.562888443470001 0.578741431236267 0.579780101776123 0.576282382011414 0.578353643417358 0.5797079205513 0.569595813751221 0.550346612930298 0.535187244415283 0.52971339225769 0.526506960391998 0.536398589611053 0.529986441135406 0.505232572555542 0.490934550762177 0.485524505376816 0.484522730112076 0.486358255147934 0.490729629993439 0.493566513061523 0.498270094394684 0.491918176412582 0.490843087434769 0.499187767505646 0.503687381744385
-3.4e+38 -3.4e+38 -3.4e+38 -3.4e+38 0.483446657657623 0.476219087839127 0.501798391342163 0.543776273727417 0.561985075473785 0.569668352603912 0.567178249359131 0.571263611316681 0.582296073436737 0.587848246097565 0.577876448631287 0.561198472976685 0.548798739910126 0.548681199550629 0.551207840442657 0.583740532398224 0.585940301418304 0.550490021705627 0.555859088897705 0.569773614406586 0.551574409008026 0.528036296367645 0.53353351354599 0.551408052444458 0.568350195884705 0.592416405677795 0.588767468929291 0.561888158321381 0.554288923740387 0.547198832035065 0.538791179656982 0.546584069728851 0.537624359130859 0.512537002563477 0.499748051166534 0.492484331130981 0.487230449914932 0.484483927488327 0.489244103431702 0.507820010185242 0.519545793533325 0.511091411113739 0.517319142818451 0.528941929340363 0.525674879550934
-3.4e+38 -3.4e+38 -3.4e+38 0.505881071090698 0.489537507295609 0.476636111736298 0.475580543279648 0.500139832496643 0.518983542919159 0.526390492916107 0.52890533208847 0.5395827293396 0.558991611003876 0.578897714614868 0.570333957672119 0.550031661987305 0.550791561603546 0.548525929450989 0.556258976459503 0.570404827594757 0.562372028827667 0.547469735145569 0.557312071323395 0.579606473445892 0.537743926048279 0.493133127689362 0.523293733596802 0.562624573707581 0.582161009311676 0.583938717842102 0.589567840099335 0.582031071186066 0.5771763920784 0.571875870227814 0.567498803138733 0.570789754390717 0.557735860347748 0.532894909381866 0.51605898141861 0.512409031391144 0.513128995895386 0.509227454662323 0.505111217498779 0.520539939403534 0.526856541633606 0.519316792488098 0.532123267650604 0.541730582714081 0.536615788936615
-3.4e+38 -3.4e+38 0.544376373291016 0.527870357036591 0.511286795139313 0.496789932250977 0.489911109209061 0.50392484664917 0.520430147647858 0.513804316520691 0.494237899780273 0.496124416589737 0.521179378032684 0.543556988239288 0.547386288642883 0.538417041301727 0.534863471984863 0.521403670310974 0.52619731426239 0.544565558433533 0.542071342468262 0.53142774105072 0.536512851715088 0.551101803779602 0.513987898826599 0.488230377435684 0.526657521724701 0.555943131446838 0.569376289844513 0.563378751277924 0.582949459552765 0.585416078567505 0.576081216335297 0.579095780849457 0.585222005844116 0.586520195007324 0.578736662864685 0.556356728076935 0.535891711711884 0.533135950565338 0.531389951705933 0.526671409606934 0.520991563796997 0.528351187705994 0.525154411792755 0.518266201019287 0.528051793575287 0.530815362930298 0.532674908638
-3.4e+38 0.573265969753265 0.559373497962952 0.54830014705658 0.531632721424103 0.516232550144196 0.514319717884064 0.5114506483078 0.517901241779327 0.504557549953461 0.479306817054749 0.482214987277985 0.509351909160614 0.530440151691437 0.526788949966431 0.520139813423157 0.512196063995361 0.502413272857666 0.511467814445496 0.527506530284882 0.528357625007629 0.514450490474701 0.519098103046417 0.53369140625 0.513419270515442 0.518814027309418 0.550350904464722 0.554352939128876 0.561392188072205 0.578216254711151 0.596989870071411 0.588891208171844 0.575468599796295 0.577848196029663 0.580704033374786 0.581510126590729 0.575182557106018 0.561500191688538 0.534938335418701 0.524517297744751 0.529647529125214 0.523724317550659 0.523979544639587 0.530313670635223 0.529821395874023 0.524431765079498 0.524099826812744 0.523151695728302 0.530834138393402
-3.4e+38 0.579214811325073 0.579482018947601 0.567626178264618 0.543729901313782 0.526063859462738 0.528993725776672 0.534291326999664 0.534030258655548 0.516943693161011 0.495026141405106 0.494883388280869 0.50683057308197 0.51623260974884 0.510828137397766 0.507622241973877 0.505301058292389 0.501914143562317 0.497659742832184 0.516156136989594 0.52649337053299 0.515170514583588 0.522194921970367 0.535717785358429 0.529644846916199 0.545646846294403 0.554966509342194 0.550332844257355 0.554008960723877 0.563461005687714 0.57734203338623 0.57557088136673 0.578786551952362 0.582924544811249 0.579718172550201 0.577634990215302 0.5657839179039 0.550851821899414 0.50392484664917 0.511173248291016 0.550042569637299 0.545824408531189 0.540576577186584 0.538105487823486 0.538572371006012 0.539497494697571 0.535988330841064 0.528569936752319 0.531229317188263
0.602512359619141 0.59733772277832 0.596185505390167 0.584465503692627 0.559805870056152 0.548683047294617 0.561516582965851 0.572377443313599 0.566493391990662 0.55411422252655 0.534445643424988 0.529620170593262 0.524122655391693 0.520695865154266 0.51541942358017 0.512069821357727 0.503922522068024 0.500607967376709 0.496431648731232 0.517879009246826 0.535718381404877 0.527817010879517 0.51916640996933 0.537524521350861 0.548047244548798 0.547069907188416 0.525043904781342 0.50617790222168 0.516057133674622 0.508477628231049 0.532358646392822 0.563819110393524 0.578420579433441 0.590815663337708 0.589141488075256 0.584973454475403 0.561712563037872 0.521335661411285 0.482475072145462 0.486907452344894 0.529351353645325 0.539467871189117 0.554364383220673 0.551173508167267 0.539841830730438 0.53496116399765 0.534152269363403 0.53984671831131 0.549650132656097
