data/trimmed_ndre/W_ndre.715.2013_no_clouds.asc
NCOLS 130 
NROWS 71 
XLLCORNER 530645 
YLLCORNER 5158205 
CELLSIZE 5 
NODATA_value -3.4e+38 
[rows 42 to 62 of 71, columns 49 to 97 of 130]
0.146233096718788 0.126102164387703 0.133223205804825 0.132832303643227 0.134669467806816 0.130013525485992 0.143863812088966 0.143863812088966 0.152761027216911 0.16156941652298 0.184701398015022 0.153844326734543 0.158133089542389 0.16865536570549 0.154111951589584 0.172350645065308 0.14745919406414 0.144101560115814 0.144101560115814 0.141761109232903 0.135444507002831 0.132431656122208 0.152516394853592 0.146597355604172 0.146064445376396 0.146064445376396 0.146511793136597 0.158741623163223 0.150838077068329 0.150753274559975 0.144639536738396 0.151043877005577 0.166058719158173 0.153007790446281 0.144848763942719 0.14562164247036 0.14562164247036 0.147445172071457 0.148927256464958 0.164938703179359 0.156539261341095 0.148917257785797 0.141187056899071 0.138319879770279 0.145182490348816 0.143198996782303 0.143888503313065 0.143879935145378 0.170797795057297
0.141298085451126 0.126102164387703 0.131505951285362 0.125557035207748 0.125557035207748 0.117621466517448 0.126541465520859 0.116545960307121 0.147196426987648 0.165001481771469 0.163185432553291 0.175752624869347 0.163836598396301 0.16865536570549 0.147567197680473 0.147567197680473 0.151795327663422 0.163486495614052 0.156763568520546 0.141761109232903 0.148219704627991 0.135800421237946 0.135800421237946 0.14823591709137 0.155434474349022 0.13372391462326 0.13372391462326 0.150149986147881 0.14924667775631 0.153990119695663 0.157308503985405 0.151043877005577 0.150636449456215 0.150636449456215 0.154829680919647 0.15541909635067 0.167279481887817 0.1474439650774 0.142764866352081 0.14416030049324 0.138965636491776 0.149176046252251 0.14363631606102 0.14727184176445 0.14727184176445 0.157164588570595 0.151817053556442 0.148401156067848 0.155148416757584
0.129646703600883 0.130226239562035 0.144185557961464 0.143956273794174 0.126566708087921 0.117621466517448 0.144708335399628 0.152252182364464 0.154535934329033 0.170404002070427 0.173202186822891 0.169596314430237 0.169596314430237 0.174577668309212 0.136898383498192 0.148689836263657 0.14594304561615 0.160496726632118 0.142114087939262 0.142114087939262 0.136609569191933 0.153199449181557 0.150378003716469 0.14823591709137 0.155434474349022 0.160867556929588 0.148552998900414 0.158565863966942 0.139433115720749 0.139716729521751 0.157308503985405 0.154174864292145 0.134097293019295 0.136097297072411 0.136097297072411 0.149569869041443 0.167279481887817 0.164414748549461 0.156697168946266 0.158448904752731 0.143378272652626 0.158027738332748 0.14363631606102 0.140507444739342 0.142566695809364 0.151393920183182 0.14214663207531 0.152236729860306 0.151862129569054
0.142700135707855 0.152423307299614 0.152423307299614 0.155671045184135 0.126566708087921 0.117747321724892 0.152094274759293 0.145667403936386 0.15788434445858 0.159649536013603 0.173202186822891 0.169515177607536 0.174493163824081 0.156098738312721 0.157207772135735 0.137769535183907 0.14594304561615 0.160496726632118 0.140807658433914 0.134792730212212 0.134792730212212 0.14145964384079 0.150371924042702 0.133340075612068 0.134676173329353 0.131404116749763 0.131621673703194 0.131621673703194 0.139433115720749 0.135586827993393 0.13527524471283 0.13527524471283 0.146355703473091 0.15003913640976 0.140502944588661 0.143545746803284 0.138159990310669 0.147048115730286 0.147048115730286 0.149277314543724 0.143378272652626 0.132587358355522 0.132587358355522 0.142062857747078 0.142093077301979 0.131901547312737 0.14214663207531 0.148146405816078 0.138174876570702
0.131819516420364 0.131895497441292 0.15801876783371 0.149433687329292 0.1217130869627 0.156518504023552 0.125158607959747 0.148193627595901 0.15788434445858 0.167715787887573 0.167715787887573 0.168614327907562 0.15128393471241 0.176795974373817 0.160168632864952 0.137769535183907 0.141375556588173 0.141375556588173 0.135664716362953 0.140463396906853 0.131840690970421 0.14145964384079 0.143057182431221 0.132676094770432 0.127456620335579 0.137837931513786 0.122965216636658 0.130729466676712 0.130729466676712 0.146721020340919 0.156999543309212 0.162024348974228 0.160840198397636 0.15003913640976 0.154524430632591 0.137320145964622 0.141019850969315 0.155892059206963 0.157997563481331 0.149277314543724 0.136107623577118 0.153985530138016 0.145488575100899 0.146073520183563 0.130513474345207 0.137204483151436 0.137204483151436 0.166799336671829 0.164535805583
0.103550016880035 0.131895497441292 0.140099719166756 0.126820802688599 0.140180245041847 0.161750331521034 0.177727967500687 0.148193627595901 0.153182193636894 0.165785953402519 0.189070373773575 0.168410032987595 0.154709562659264 0.158202961087227 0.158202961087227 0.138584524393082 0.142206892371178 0.153303936123848 0.148880004882812 0.140463396906853 0.154309302568436 0.145601943135262 0.141173467040062 0.132129356265068 0.138847827911377 0.137837931513786 0.145542502403259 0.141698360443115 0.161213457584381 0.150281861424446 0.142114534974098 0.146624535322189 0.141955032944679 0.142744064331055 0.139541745185852 0.136881723999977 0.136880591511726 0.155892059206963 0.160020902752876 0.143457025289536 0.143034145236015 0.157030194997787 0.155019029974937 0.146073520183563 0.146655544638634 0.164580494165421 0.163872241973877 0.163872241973877 0.129225537180901
0.145876243710518 0.140913024544716 0.152308404445648 0.146703779697418 0.146703779697418 0.161750331521034 0.143956229090691 0.154754623770714 0.162032932043076 0.145928606390953 0.145875602960587 0.171260565519333 0.154709562659264 0.143027752637863 0.146249368786812 0.143540903925896 0.16113044321537 0.154864013195038 0.155258655548096 0.157118692994118 0.137868657708168 0.131032451987267 0.131032451987267 0.129250392317772 0.138847827911377 0.141774773597717 0.139403894543648 0.142182305455208 0.151641175150871 0.133699625730515 0.142114534974098 0.147492289543152 0.139810547232628 0.139810547232628 0.127897307276726 0.136881723999977 0.151607185602188 0.155892059206963 0.166791066527367 0.156606301665306 0.156606301665306 0.156937763094902 0.155019029974937 0.151874914765358 0.151874914765358 0.143888503313065 0.165825396776199 0.152001187205315 0.129225537180901
0.141760736703873 0.141760736703873 0.15443779528141 0.143739730119705 0.14110566675663 0.14110566675663 0.146930783987045 0.155903056263924 0.151741534471512 0.16592763364315 0.145875602960587 0.152572244405746 0.152572244405746 0.160094603896141 0.163393661379814 0.171488016843796 0.16113044321537 0.154864013195038 0.146666839718819 0.146666839718819 0.14436312019825 0.133462280035019 0.135448753833771 0.135448753833771 0.149065256118774 0.149506568908691 0.150271981954575 0.148090943694115 0.151641175150871 0.143133774399757 0.143133774399757 0.148037433624268 0.149000957608223 0.145736694335938 0.127896308898926 0.134799212217331 0.142092525959015 0.140328079462051 0.154289335012436 0.163352146744728 0.162776917219162 0.162773102521896 0.153981328010559 0.147107943892479 0.156986683607101 0.136413857340813 0.159931257367134 0.132893219590187 0.132884755730629
0.146718889474869 0.138912051916122 0.15443779528141 0.141692161560059 0.13984502851963 0.146998256444931 0.143604159355164 0.146569103002548 0.158988371491432 0.156158238649368 0.148497477173805 0.14146201312542 0.152578726410866 0.155950143933296 0.169429197907448 0.161984473466873 0.161984473466873 0.141827404499054 0.133626654744148 0.140856385231018 0.132659256458282 0.133462280035019 0.141466051340103 0.139071345329285 0.135292798280716 0.135959595441818 0.151068642735481 0.148090943694115 0.149562805891037 0.133961156010628 0.134794354438782 0.134794354438782 0.148907393217087 0.145736694335938 0.148993745446205 0.146690264344215 0.127858355641365 0.134606644511223 0.13469035923481 0.163352146744728 0.161006793379784 0.158182740211487 0.151063203811646 0.147025719285011 0.14214663207531 0.15322157740593 0.157904282212257 0.144548267126083 0.15263070166111
0.143966779112816 0.138912051916122 0.145191952586174 0.138425797224045 0.145428135991096 0.152169808745384 0.131968393921852 0.146569103002548 0.15097713470459 0.152211010456085 0.145272836089134 0.141107603907585 0.15256242454052 0.168059483170509 0.159217402338982 0.150078654289246 0.151951134204865 0.151951134204865 0.155260428786278 0.140855222940445 0.149778738617897 0.135054528713226 0.147789359092712 0.146905243396759 0.146905243396759 0.135959595441818 0.140627384185791 0.151309236884117 0.151309236884117 0.1387779712677 0.138006642460823 0.135918974876404 0.148906156420708 0.152600720524788 0.15648877620697 0.15648877620697 0.13705962896347 0.134606644511223 0.15208637714386 0.161475494503975 0.150214865803719 0.152530953288078 0.148832648992538 0.135993987321854 0.154005140066147 0.154883876442909 0.154883876442909 0.156593441963196 0.143087983131409
0.151563808321953 0.137298196554184 0.141661807894707 0.141661807894707 0.15627309679985 0.146474614739418 0.150201201438904 0.150201201438904 0.140426203608513 0.145487695932388 0.150875017046928 0.141107603907585 0.15256242454052 0.148652404546738 0.148651272058487 0.150871634483337 0.159060895442963 0.155156582593918 0.155260428786278 0.134678408503532 0.145144358277321 0.155119299888611 0.158533319830894 0.170785054564476 0.144038841128349 0.144038841128349 0.132026180624962 0.137009829282761 0.117717653512955 0.127274468541145 0.138006642460823 0.1452996134758 0.135511323809624 0.146236166357994 0.153904974460602 0.13705962896347 0.13705962896347 0.140081971883774 0.169065430760384 0.139472827315331 0.149170845746994 0.14176806807518 0.147470220923424 0.147466659545898 0.163571566343307 0.158715561032295 0.161386802792549 0.162489414215088 0.143087983131409
0.159841060638428 0.146365240216255 0.148907095193863 0.164788126945496 0.15627309679985 0.163858875632286 0.156303748488426 0.157844036817551 0.142718449234962 0.153611570596695 0.143131956458092 0.143131956458092 0.163865983486176 0.148377195000648 0.126364573836327 0.133541062474251 0.159060895442963 0.165286064147949 0.144692331552505 0.135379403829575 0.147446513175964 0.13359971344471 0.158531963825226 0.156465142965317 0.141903564333916 0.127909556031227 0.136328026652336 0.131210297346115 0.129369795322418 0.122983127832413 0.141926124691963 0.133666187524796 0.134883552789688 0.134883552789688 0.153904974460602 0.142898246645927 0.133023053407669 0.140842422842979 0.156739786267281 0.130725160241127 0.143806323409081 0.147422909736633 0.146083876490593 0.169134125113487 0.147552356123924 0.160750582814217 0.158540710806847 0.145733565092087 0.143087983131409
0.148917645215988 0.148917645215988 0.148907095193863 0.16094696521759 0.156530603766441 0.160947218537331 0.149603292346001 0.146469444036484 0.14849054813385 0.153611570596695 0.152273446321487 0.157716453075409 0.157716453075409 0.141365930438042 0.127731025218964 0.135651484131813 0.143766835331917 0.15416719019413 0.142409667372704 0.142409667372704 0.147446513175964 0.13359971344471 0.155000746250153 0.136372148990631 0.138737991452217 0.149532735347748 0.115524508059025 0.131210297346115 0.139011934399605 0.136849462985992 0.136849462985992 0.140030905604362 0.137537151575089 0.148891717195511 0.161780148744583 0.16105529665947 0.15773056447506 0.15773056447506 0.159543886780739 0.130725160241127 0.147867187857628 0.147867187857628 0.147636070847511 0.131317064166069 0.152710646390915 0.160750582814217 0.152499973773956 0.151126384735107 0.151117980480194
0.145995482802391 0.152591794729233 0.147729113698006 0.153165265917778 0.146474614739418 0.146017774939537 0.137730672955513 0.146469444036484 0.158417105674744 0.158417105674744 0.163386434316635 0.142195135354996 0.145303606987 0.141365930438042 0.12989105284214 0.136722072958946 0.136722072958946 0.1479212641716 0.148461565375328 0.145623564720154 0.153466522693634 0.13351109623909 0.136280134320259 0.121239766478539 0.146271929144859 0.149532735347748 0.148789197206497 0.148789197206497 0.157236278057098 0.148558244109154 0.149516507983208 0.140030905604362 0.148680314421654 0.162707671523094 0.162707671523094 0.150159016251564 0.158568143844604 0.14053849875927 0.165244355797768 0.130725160241127 0.166210994124413 0.159642949700356 0.148818343877792 0.12856687605381 0.143652692437172 0.143652692437172 0.137212634086609 0.162125900387764 0.146619781851768
0.147912129759789 0.148907095193863 0.148448765277863 0.149367406964302 0.143648400902748 0.137639164924622 0.137730672955513 0.145435467362404 0.148328140377998 0.153811767697334 0.150132447481155 0.145114704966545 0.140418201684952 0.140417024493217 0.140809774398804 0.155238091945648 0.161445826292038 0.144921004772186 0.148461565375328 0.158448189496994 0.153529539704323 0.140578716993332 0.139184013009071 0.143426761031151 0.146271929144859 0.149181753396988 0.142121389508247 0.145340025424957 0.153904095292091 0.143187180161476 0.148085325956345 0.146691381931305 0.149312645196915 0.147063866257668 0.134026125073433 0.147380784153938 0.158568143844604 0.142382651567459 0.167074203491211 0.171260103583336 0.149711027741432 0.140531525015831 0.148818343877792 0.151576086878777 0.135300993919373 0.159061163663864 0.159061163663864 0.151852950453758 0.15094481408596
0.151578977704048 0.156527370214462 0.158971726894379 0.158971726894379 0.143648400902748 0.137639164924622 0.147798597812653 0.148224115371704 0.141054406762123 0.129690065979958 0.150131195783615 0.145113483071327 0.144615516066551 0.13919885456562 0.13919885456562 0.146753713488579 0.165434300899506 0.147870898246765 0.152684256434441 0.148743912577629 0.136553764343262 0.136553764343262 0.139184013009071 0.15967820584774 0.154892921447754 0.154892921447754 0.146655634045601 0.152291968464851 0.147932022809982 0.137502864003181 0.144030421972275 0.149906188249588 0.149906188249588 0.145462930202484 0.134026125073433 0.143406912684441 0.145439773797989 0.135112002491951 0.163010567426682 0.152164325118065 0.146992549300194 0.142414167523384 0.153408601880074 0.153408601880074 0.146600753068924 0.142078623175621 0.160560488700867 0.151852950453758 0.134049072861671
0.149902850389481 0.158515825867653 0.153270095586777 0.157187893986702 0.157187893986702 0.143104702234268 0.163862764835358 0.167962372303009 0.14690038561821 0.129690065979958 0.151657596230507 0.151657596230507 0.145919099450111 0.130481168627739 0.14095450937748 0.146753713488579 0.153003573417664 0.142418801784515 0.142418801784515 0.14698052406311 0.139409452676773 0.131218254566193 0.131218254566193 0.161603182554245 0.161459386348724 0.154927670955658 0.171313777565956 0.152291968464851 0.141274198889732 0.141274198889732 0.141298934817314 0.145982384681702 0.155931413173676 0.145462930202484 0.133270666003227 0.147850707173347 0.131998255848885 0.137322664260864 0.157605618238449 0.13743856549263 0.13743856549263 0.144072204828262 0.157847374677658 0.143580451607704 0.151932954788208 0.142078623175621 0.145195916295052 -3.4e+38 -3.4e+38
0.160207971930504 0.158515825867653 0.15524896979332 0.167712569236755 0.181809291243553 0.169649466872215 0.150830373167992 0.153114333748817 0.153114333748817 0.125341102480888 0.13284957408905 0.138961732387543 0.144731074571609 0.130481168627739 0.128335386514664 0.128335386514664 0.13981756567955 0.138474270701408 0.147815674543381 0.14698052406311 0.147403687238693 0.136570423841476 0.153934106230736 0.153678864240646 0.147941321134567 0.158044755458832 0.158044755458832 0.151775896549225 0.149931833148003 0.136404097080231 0.136404097080231 0.145982384681702 0.149960443377495 0.144462108612061 0.142725735902786 0.159132525324821 0.148239716887474 0.148239716887474 0.150037989020348 0.132026046514511 0.141842097043991 0.142414167523384 0.146489933133125 0.152024403214455 0.143481016159058 0.136808916926384 -3.4e+38 -3.4e+38 -3.4e+38
0.160207971930504 0.145523965358734 0.152330294251442 0.147294625639915 0.150350913405418 0.140483736991882 0.150830373167992 0.147863656282425 0.129653140902519 0.121659927070141 0.136278331279755 0.141816943883896 0.140848994255066 0.147871673107147 0.152627915143967 0.158810511231422 0.158810511231422 0.161384865641594 0.147815674543381 0.148741185665131 0.15610870718956 0.13844096660614 0.147861942648888 0.147861942648888 0.147941321134567 0.152201652526855 0.130715906620026 0.130715906620026 0.141926124691963 0.14192059636116 0.143263384699821 0.138274654746056 0.145258843898773 0.138409033417702 0.138409033417702 0.145447015762329 0.148239716887474 0.145755931735039 0.14233136177063 0.138559952378273 0.149216920137405 0.145195946097374 0.146489933133125 0.140655323863029 0.124004542827606 -3.4e+38 -3.4e+38 -3.4e+38 -3.4e+38
0.1522186845541 0.156977385282516 0.156977385282516 0.155738174915314 0.150350913405418 0.141825765371323 0.141825765371323 0.155545458197594 0.142529219388962 0.15071764588356 0.136278331279755 0.148131966590881 0.149110376834869 0.149110376834869 0.129186972975731 0.131418660283089 0.131724923849106 0.151471570134163 0.140782549977303 0.142045333981514 0.142045333981514 0.132412135601044 0.147861942648888 0.139650344848633 0.139650344848633 0.152608275413513 0.126380875706673 0.144912853837013 0.141926124691963 0.132134035229683 0.14567194879055 0.14567194879055 0.145349055528641 0.132147163152695 0.142336681485176 0.153164476156235 0.151217445731163 0.137034714221954 0.145077481865883 0.139727577567101 0.157434806227684 -3.4e+38 -3.4e+38 -3.4e+38 -3.4e+38 -3.4e+38 -3.4e+38 -3.4e+38 -3.4e+38
0.143240943551064 0.155857428908348 0.167571723461151 0.155738174915314 0.161840096116066 0.144271716475487 0.159430250525475 0.158862397074699 0.133904933929443 0.147953376173973 0.147953376173973 0.142423123121262 0.147657468914986 0.140861928462982 0.126206174492836 0.131418660283089 0.1437968313694 0.1437968313694 0.151851534843445 0.152480691671371 0.135175243020058 0.132412135601044 0.163824081420898 0.130472436547279 0.143879637122154 0.15304596722126 0.142843067646027 0.143751189112663 0.136493295431137 0.135159060359001 0.145874291658401 0.14823305606842 0.142470210790634 0.132147163152695 0.147972866892815 -3.4e+38 -3.4e+38 -3.4e+38 -3.4e+38 -3.4e+38 -3.4e+38 -3.4e+38 -3.4e+38 -3.4e+38 -3.4e+38 -3.4e+38 -3.4e+38 -3.4e+38 -3.4e+38
