data/trimmed_ndre/W_ndre.628.2009_no_clouds.asc
NCOLS 130 
NROWS 71 
XLLCORNER 530645 
YLLCORNER 5158205 
CELLSIZE 5 
NODATA_value -3.4e+38 
[rows 0 to 20 of 71, columns 0 to 48 of 130]
-339999999999999996123846586046231871488.000000000000000 -3.4e+38 -3.4e+38 -3.4e+38 -3.4e+38 -3.4e+38 -3.4e+38 -3.4e+38 -3.4e+38 -3.4e+38 -3.4e+38 0.305951118469238 0.290264457464218 0.286402225494385 0.286881387233734 0.295491367578506 0.297502040863037 -3.4e+38 -3.4e+38 -3.4e+38 -3.4e+38 -3.4e+38 -3.4e+38 -3.4e+38 -3.4e+38 -3.4e+38 -3.4e+38 -3.4e+38 -3.4e+38 -3.4e+38 -3.4e+38 -3.4e+38 -3.4e+38 -3.4e+38 -3.4e+38 -3.4e+38 -3.4e+38 -3.4e+38 -3.4e+38 -3.4e+38 -3.4e+38 -3.4e+38 -3.4e+38 -3.4e+38 -3.4e+38 -3.4e+38 -3.4e+38 -3.4e+38 -3.4e+38
-3.4e+38 -3.4e+38 -3.4e+38 -3.4e+38 -3.4e+38 -3.4e+38 -3.4e+38 -3.4e+38 -3.4e+38 -3.4e+38 0.297025263309479 0.287564665079117 0.295774668455124 0.306271702051163 0.303133457899094 0.295722931623459 0.291499316692352 0.29110112786293 -3.4e+38 -3.4e+38 -3.4e+38 -3.4e+38 -3.4e+38 -3.4e+38 -3.4e+38 -3.4e+38 -3.4e+38 -3.4e+38 -3.4e+38 -3.4e+38 -3.4e+38 -3.4e+38 -3.4e+38 -3.4e+38 -3.4e+38 -3.4e+38 -3.4e+38 -3.4e+38 -3.4e+38 -3.4e+38 -3.4e+38 -3.4e+38 -3.4e+38 -3.4e+38 -3.4e+38 -3.4e+38 -3.4e+38 -3.4e+38 -3.4e+38
-3.4e+38 -3.4e+38 -3.4e+38 -3.4e+38 -3.4e+38 -3.4e+38 -3.4e+38 -3.4e+38 0.411190956830978 0.345912337303162 0.300422221422195 0.300013959407806 0.302238911390305 0.3061743080616 0.302032172679901 0.286521434783936 0.259826749563217 0.268527537584305 0.298243194818497 -3.4e+38 -3.4e+38 -3.4e+38 -3.4e+38 -3.4e+38 -3.4e+38 -3.4e+38 -3.4e+38 -3.4e+38 -3.4e+38 -3.4e+38 -3.4e+38 -3.4e+38 -3.4e+38 -3.4e+38 -3.4e+38 -3.4e+38 -3.4e+38 -3.4e+38 -3.4e+38 -3.4e+38 -3.4e+38 -3.4e+38 -3.4e+38 -3.4e+38 -3.4e+38 -3.4e+38 -3.4e+38 -3.4e+38 -3.4e+38
-3.4e+38 -3.4e+38 -3.4e+38 -3.4e+38 -3.4e+38 -3.4e+38 -3.4e+38 -3.4e+38 -3.4e+38 0.372894078493118 0.31687068939209 0.298579156398773 0.312817633152008 0.30632159113884 0.28595644235611 0.275304198265076 0.253284782171249 0.245232149958611 0.273644119501114 0.296502381563187 0.29572668671608 -3.4e+38 -3.4e+38 -3.4e+38 -3.4e+38 -3.4e+38 -3.4e+38 -3.4e+38 -3.4e+38 -3.4e+38 -3.4e+38 -3.4e+38 0.33486407995224 0.321220219135284 -3.4e+38 -3.4e+38 -3.4e+38 -3.4e+38 -3.4e+38 -3.4e+38 -3.4e+38 -3.4e+38 -3.4e+38 -3.4e+38 -3.4e+38 -3.4e+38 -3.4e+38 -3.4e+38 -3.4e+38
-3.4e+38 -3.4e+38 -3.4e+38 -3.4e+38 -3.4e+38 -3.4e+38 -3.4e+38 -3.4e+38 -3.4e+38 0.362628102302551 0.316717147827148 0.308574318885803 0.318847835063934 0.308552473783493 0.26316225528717 0.229483664035797 0.222670033574104 0.226272657513618 0.248013228178024 0.275247007608414 0.296091437339783 0.307795405387878 0.315395146608353 0.316226214170456 0.319500327110291 0.336335808038712 0.343010067939758 0.328880250453949 -3.4e+38 -3.4e+38 -3.4e+38 0.337929755449295 0.3487748503685 0.336590498685837 0.326500326395035 0.333086103200912 0.344590663909912 -3.4e+38 -3.4e+38 -3.4e+38 -3.4e+38 -3.4e+38 -3.4e+38 -3.4e+38 -3.4e+38 -3.4e+38 -3.4e+38 -3.4e+38 -3.4e+38
-3.4e+38 -3.4e+38 -3.4e+38 -3.4e+38 -3.4e+38 -3.4e+38 -3.4e+38 -3.4e+38 -3.4e+38 0.341400116682053 0.320251703262329 0.313478738069534 0.294577449560165 0.285046756267548 0.251153826713562 0.218591585755348 0.21723598241806 0.229540899395943 0.253570467233658 0.274241179227829 0.283977061510086 0.295292109251022 0.303413182497025 0.314400285482407 0.323904484510422 0.335210859775543 0.340552628040314 0.326486378908157 0.315419882535934 0.309417933225632 0.310815870761871 0.325942069292068 0.338415712118149 0.331497728824615 0.328181177377701 0.341309159994125 0.351782083511353 0.349641978740692 0.339012384414673 0.328884452581406 -3.4e+38 -3.4e+38 -3.4e+38 -3.4e+38 -3.4e+38 -3.4e+38 -3.4e+38 -3.4e+38 -3.4e+38
-3.4e+38 -3.4e+38 -3.4e+38 -3.4e+38 -3.4e+38 -3.4e+38 -3.4e+38 -3.4e+38 -3.4e+38 0.360743433237076 0.321801990270615 0.304584473371506 0.296172380447388 0.284695833921432 0.243845835328102 0.2337536662817 0.230187878012657 0.228131636977196 0.239434316754341 0.270031720399857 0.297137826681137 0.309498190879822 0.310534417629242 0.317419737577438 0.320009857416153 0.313948601484299 0.3271164894104 0.327876806259155 0.317839562892914 0.318101227283478 0.319356948137283 0.322041571140289 0.326939344406128 0.326071470975876 0.321225345134735 0.338946938514709 0.353948801755905 0.34274035692215 0.339411944150925 0.32912689447403 0.321769833564758 0.330483883619308 -3.4e+38 -3.4e+38 -3.4e+38 -3.4e+38 -3.4e+38 -3.4e+38 -3.4e+38
-3.4e+38 -3.4e+38 -3.4e+38 -3.4e+38 -3.4e+38 -3.4e+38 -3.4e+38 -3.4e+38 -3.4e+38 0.413956344127655 0.315885871648788 0.307362258434296 0.306174278259277 0.285325914621353 0.24633015692234 0.246948584914207 0.237980470061302 0.230223968625069 0.254167973995209 0.270869940519333 0.305292397737503 0.321067243814468 0.313450455665588 0.310294836759567 0.310493797063828 0.308847665786743 0.318718045949936 0.325741797685623 0.321345806121826 0.317098885774612 0.320218235254288 0.323645353317261 0.32398334145546 0.322465449571609 0.316130697727203 0.338965237140656 0.349089056253433 0.331862092018127 0.338959544897079 0.337341398000717 0.332779407501221 0.336472481489182 0.329749673604965 -3.4e+38 -3.4e+38 -3.4e+38 -3.4e+38 -3.4e+38 -3.4e+38
-3.4e+38 -3.4e+38 -3.4e+38 -3.4e+38 -3.4e+38 -3.4e+38 -3.4e+38 -3.4e+38 0.470402270555496 0.456496447324753 0.381972193717957 0.340553194284439 0.303746849298477 0.283763349056244 0.26985239982605 0.258735209703445 0.266735434532166 0.26247650384903 0.266446471214294 0.271339893341064 0.296149283647537 0.307331562042236 0.302796065807343 0.303819060325623 0.32494643330574 0.33099153637886 0.318560630083084 0.319448947906494 0.32672330737114 0.320052891969681 0.313796997070312 0.321724116802216 0.326612919569016 0.321479588747025 0.317932486534119 0.333077430725098 0.33100152015686 0.321589320898056 0.332707941532135 0.333899289369583 0.339383065700531 0.344999134540558 0.344104737043381 0.331645041704178 0.335550218820572 0.356125622987747 0.365210711956024 -3.4e+38 -3.4e+38
-3.4e+38 -3.4e+38 -3.4e+38 -3.4e+38 -3.4e+38 -3.4e+38 -3.4e+38 0.469851523637772 0.464872896671295 0.475621908903122 0.437203973531723 0.360299199819565 0.309009343385696 0.27337709069252 0.257677286863327 0.260512918233871 0.287979453802109 0.289119601249695 0.275304436683655 0.293770879507065 0.323829680681229 0.324569165706635 0.314180344343185 0.320066779851913 0.341641366481781 0.349018812179565 0.325875282287598 0.306414872407913 0.315971314907074 0.324199616909027 0.315870076417923 0.315878450870514 0.326817274093628 0.321178525686264 0.316172808408737 0.324439346790314 0.319196432828903 0.320742875337601 0.322720140218735 0.319213271141052 0.322776466608047 0.334601432085037 0.345225363969803 0.349189817905426 0.359052538871765 0.361368417739868 0.353180050849915 0.343762338161469 -3.4e+38
-3.4e+38 -3.4e+38 -3.4e+38 -3.4e+38 -3.4e+38 -3.4e+38 0.450269013643265 0.46272087097168 0.457220256328583 0.464963436126709 0.453673988580704 0.386856138706207 0.319005966186523 0.30984428524971 0.302323639392853 0.300740092992783 0.307807564735413 0.311303108930588 0.296295702457428 0.30276745557785 0.337623715400696 0.34292596578598 0.33347275853157 0.326467305421829 0.324702948331833 0.320152908563614 0.327466934919357 0.322740763425827 0.315470963716507 0.330946803092957 0.327797442674637 0.317144244909286 0.33118399977684 0.323033392429352 0.32647892832756 0.333384096622467 0.321495622396469 0.329680055379868 0.327925801277161 0.316983014345169 0.322243183851242 0.339825093746185 0.346167713403702 0.350005269050598 0.360436201095581 0.362650722265244 0.354890674352646 0.343172430992126 0.339027523994446
-3.4e+38 -3.4e+38 -3.4e+38 -3.4e+38 -3.4e+38 0.411555767059326 0.448708027601242 0.470331013202667 0.462671607732773 0.4659064412117 0.497086703777313 0.478962630033493 0.407291114330292 0.361564785242081 0.347485065460205 0.349185824394226 0.338490068912506 0.318346291780472 0.321099877357483 0.320056438446045 0.326685905456543 0.333519548177719 0.330502659082413 0.324640274047852 0.321614563465118 0.311588287353516 0.339343219995499 0.34153088927269 0.314874738454819 0.318532288074493 0.321347266435623 0.320241123437881 0.325967699289322 0.31778421998024 0.340667694807053 0.349660009145737 0.328195154666901 0.325706213712692 0.315983772277832 0.326596260070801 0.350359052419662 0.355478197336197 0.332759708166122 0.329171806573868 0.359479278326035 0.364871621131897 0.359220683574677 0.34064307808876 0.311668038368225
-3.4e+38 -3.4e+38 -3.4e+38 -3.4e+38 -3.4e+38 0.386434584856033 0.448702961206436 0.47597199678421 0.467553615570068 0.449622750282288 0.468631029129028 0.484707951545715 0.452988982200623 0.385693967342377 0.357610106468201 0.350343644618988 0.365454852581024 0.35958543419838 0.344679206609726 0.32458159327507 0.30774775147438 0.307807087898254 0.318921983242035 0.325055569410324 0.322846829891205 0.320113629102707 0.336317390203476 0.322077333927155 0.301582038402557 0.3094841837883 0.328127264976501 0.32204282283783 0.310516357421875 0.311182379722595 0.335632264614105 0.357974410057068 0.356139302253723 0.345931142568588 0.320687085390091 0.334714233875275 0.358218967914581 0.338859140872955 0.318019241094589 0.323162496089935 0.354155004024506 0.353501379489899 0.337052851915359 0.323948353528976 0.314979135990143
-3.4e+38 -3.4e+38 -3.4e+38 -3.4e+38 0.310916364192963 0.354408234357834 0.424489557743073 0.441847324371338 0.467849761247635 0.461259037256241 0.438687235116959 0.436588823795319 0.459046900272369 0.458194494247437 0.428598165512085 0.403480142354965 0.39851126074791 0.394645750522614 0.359633207321167 0.336121290922165 0.323034197092056 0.323763579130173 0.32948225736618 0.338867872953415 0.337809950113297 0.333551704883575 0.336299568414688 0.31811985373497 0.300890266895294 0.313557118177414 0.333725303411484 0.317022711038589 0.310655564069748 0.322953224182129 0.334743291139603 0.364361941814423 0.369552493095398 0.353323549032211 0.332480132579803 0.313127756118774 0.319747418165207 0.324774175882339 0.333224773406982 0.327449232339859 0.33660626411438 0.345104217529297 0.337644636631012 0.333934903144836 0.335597157478333
-3.4e+38 -3.4e+38 -3.4e+38 -3.4e+38 0.316454589366913 0.33985048532486 0.373217314481735 0.385899811983109 0.43601381778717 0.469321101903915 0.453248709440231 0.426291942596436 0.43025803565979 0.440217196941376 0.452008366584778 0.448828637599945 0.427832126617432 0.412402331829071 0.411922067403793 0.407569617033005 0.391699850559235 0.382935911417007 0.376273572444916 0.372020930051804 0.363605350255966 0.350513696670532 0.336915612220764 0.323430567979813 0.31600296497345 0.322693824768066 0.330380767583847 0.316788107156754 0.310888767242432 0.3181212246418 0.328137189149857 0.34766012430191 0.337149679660797 0.324715852737427 0.323140531778336 0.301899343729019 0.303918570280075 0.330202847719193 0.344485133886337 0.3238305747509 0.323169857263565 0.331082850694656 0.326276749372482 0.33687686920166 0.330734670162201
-3.4e+38 -3.4e+38 -3.4e+38 -3.4e+38 0.338018864393234 0.336585402488708 0.342464506626129 0.364943385124207 0.408370137214661 0.435085654258728 0.438078105449677 0.426015734672546 0.423352748155594 0.422986537218094 0.453968405723572 0.483571976423264 0.472338259220123 0.439377695322037 0.440457433462143 0.462638437747955 0.452041864395142 0.439981311559677 0.419545441865921 0.400138258934021 0.388995707035065 0.378911793231964 0.36630317568779 0.356112241744995 0.345696955919266 0.331918835639954 0.323028117418289 0.311167895793915 0.29321351647377 0.301897436380386 0.313170850276947 0.319256752729416 0.325668305158615 0.333194583654404 0.333337008953094 0.315761625766754 0.321301370859146 0.328602701425552 0.333669811487198 0.332845091819763 0.318214476108551 0.325587511062622 0.326837867498398 0.326434344053268 0.335381329059601
-3.4e+38 -3.4e+38 -3.4e+38 0.403688281774521 0.365653306245804 0.342285513877869 0.352575302124023 0.384145319461823 0.422446519136429 0.439160138368607 0.419673413038254 0.408203631639481 0.417561590671539 0.42930868268013 0.458384424448013 0.470422327518463 0.45428004860878 0.431537091732025 0.426369071006775 0.44669246673584 0.450916141271591 0.440459728240967 0.425677180290222 0.416431397199631 0.413552671670914 0.40635421872139 0.409962505102158 0.404526233673096 0.39020049571991 0.373544424772263 0.347002595663071 0.317689538002014 0.293348968029022 0.297016441822052 0.310791820287704 0.323429435491562 0.338633596897125 0.338074207305908 0.327961534261703 0.323602765798569 0.335308909416199 0.340992212295532 0.333376228809357 0.333644241094589 0.332883507013321 0.338908016681671 0.332211762666702 0.316529870033264 0.343084961175919
-3.4e+38 -3.4e+38 0.459809541702271 0.439326286315918 0.390872150659561 0.358172386884689 0.367256730794907 0.378012359142303 0.422121107578278 0.446455717086792 0.420261353254318 0.39037561416626 0.390788495540619 0.410329520702362 0.430279850959778 0.421009600162506 0.401431977748871 0.397631406784058 0.394843965768814 0.414415091276169 0.426040172576904 0.416384875774384 0.413527429103851 0.426406025886536 0.431146502494812 0.41986146569252 0.444409757852554 0.452958732843399 0.445958822965622 0.429287135601044 0.400768220424652 0.368894934654236 0.329682320356369 0.300122559070587 0.308523505926132 0.319248974323273 0.323340684175491 0.317761331796646 0.307843387126923 0.316435426473618 0.331348210573196 0.329963028430939 0.320316165685654 0.330477088689804 0.350900113582611 0.328784227371216 0.331516087055206 0.329096168279648 0.326460808515549
-3.4e+38 0.455684214830399 0.461297899484634 0.452215850353241 0.417127370834351 0.390013694763184 0.393076032400131 0.393688291311264 0.438321024179459 0.463847517967224 0.434116631746292 0.391351163387299 0.37362003326416 0.39120951294899 0.405617833137512 0.389009952545166 0.38103649020195 0.382619589567184 0.388401001691818 0.41070345044136 0.408272713422775 0.388222068548203 0.390681117773056 0.423335701227188 0.427625358104706 0.424077719449997 0.453114002943039 0.448897421360016 0.446020424365997 0.45395490527153 0.452661454677582 0.439355671405792 0.409211486577988 0.37040588259697 0.358892291784286 0.334129333496094 0.31733164191246 0.313958436250687 0.308652579784393 0.324942380189896 0.332965284585953 0.322799324989319 0.319799810647964 0.323330134153366 0.340255290269852 0.337932944297791 0.326458066701889 0.328366607427597 0.321975588798523
-3.4e+38 0.464934915304184 0.465558290481567 0.460348188877106 0.443707078695297 0.447937577962875 0.462802141904831 0.460434436798096 0.473437309265137 0.470152378082275 0.434580087661743 0.402563512325287 0.395140886306763 0.40364596247673 0.409609526395798 0.39717823266983 0.399743616580963 0.385293006896973 0.381099998950958 0.404388546943665 0.405597716569901 0.384703576564789 0.382695376873016 0.412528991699219 0.413931876420975 0.413711160421371 0.418893724679947 0.388556510210037 0.391840785741806 0.434141159057617 0.467660844326019 0.460624158382416 0.456105530261993 0.438853442668915 0.415017336606979 0.391252309083939 0.357501864433289 0.337779194116592 0.330912530422211 0.339577525854111 0.338619977235794 0.329854786396027 0.329037576913834 0.327964752912521 0.346796870231628 0.349109202623367 0.320581704378128 0.328524082899094 0.344974875450134
0.471705436706543 0.480335652828217 0.473377406597137 0.464530855417252 0.468694537878036 0.498356252908707 0.519939959049225 0.512845396995544 0.496141582727432 0.464263558387756 0.4232497215271 0.411273092031479 0.423256695270538 0.434839338064194 0.4212646484375 0.402424067258835 0.406062752008438 0.388364315032959 0.378950744867325 0.395950734615326 0.403475493192673 0.402254432439804 0.395006418228149 0.398812979459763 0.397278040647507 0.396601259708405 0.373067855834961 0.344846874475479 0.358375728130341 0.374565660953522 0.408705562353134 0.433645635843277 0.45746061205864 0.464132010936737 0.459691494703293 0.457303196191788 0.420449644327164 0.372122049331665 0.346307367086411 0.344684034585953 0.33580020070076 0.320764482021332 0.319197535514832 0.323303669691086 0.324263036251068 0.334620267152786 0.324942320585251 0.313403964042664 0.331648498773575
