data/trimmed_ndre/W_ndre.619.2014_no_clouds.asc
NCOLS 130 
NROWS 71 
XLLCORNER 530645 
YLLCORNER 5158205 
CELLSIZE 5 
NODATA_value -3.4e+38 
[rows 0 to 20 of 71, columns 0 to 48 of 130]
-339999999999999996123846586046231871488.000000000000000 -3.4e+38 -3.4e+38 -3.4e+38 -3.4e+38 -3.4e+38 -3.4e+38 -3.4e+38 -3.4e+38 -3.4e+38 -3.4e+38 0.481038480997086 0.478019714355469 0.489630371332169 0.49642550945282 0.480228632688522 0.460448414087296 -3.4e+38 -3.4e+38 -3.4e+38 -3.4e+38 -3.4e+38 -3.4e+38 -3.4e+38 -3.4e+38 -3.4e+38 -3.4e+38 -3.4e+38 -3.4e+38 -3.4e+38 -3.4e+38 -3.4e+38 -3.4e+38 -3.4e+38 -3.4e+38 -3.4e+38 -3.4e+38 -3.4e+38 -3.4e+38 -3.4e+38 -3.4e+38 -3.4e+38 -3.4e+38 -3.4e+38 -3.4e+38 -3.4e+38 -3.4e+38 -3.4e+38 -3.4e+38
-3.4e+38 -3.4e+38 -3.4e+38 -3.4e+38 -3.4e+38 -3.4e+38 -3.4e+38 -3.4e+38 -3.4e+38 -3.4e+38 0.471678614616394 0.49243238568306 0.494263499975204 0.490243256092072 0.494051337242126 0.471479654312134 0.461356610059738 0.502118766307831 -3.4e+38 -3.4e+38 -3.4e+38 -3.4e+38 -3.4e+38 -3.4e+38 -3.4e+38 -3.4e+38 -3.4e+38 -3.4e+38 -3.4e+38 -3.4e+38 -3.4e+38 -3.4e+38 -3.4e+38 -3.4e+38 -3.4e+38 -3.4e+38 -3.4e+38 -3.4e+38 -3.4e+38 -3.4e+38 -3.4e+38 -3.4e+38 -3.4e+38 -3.4e+38 -3.4e+38 -3.4e+38 -3.4e+38 -3.4e+38 -3.4e+38
-3.4e+38 -3.4e+38 -3.4e+38 -3.4e+38 -3.4e+38 -3.4e+38 -3.4e+38 -3.4e+38 0.534490346908569 0.511265277862549 0.485974967479706 0.510415375232697 0.515462815761566 0.480339139699936 0.48910591006279 0.47710782289505 0.468174129724503 0.490973085165024 0.50504869222641 -3.4e+38 -3.4e+38 -3.4e+38 -3.4e+38 -3.4e+38 -3.4e+38 -3.4e+38 -3.4e+38 -3.4e+38 -3.4e+38 -3.4e+38 -3.4e+38 -3.4e+38 -3.4e+38 -3.4e+38 -3.4e+38 -3.4e+38 -3.4e+38 -3.4e+38 -3.4e+38 -3.4e+38 -3.4e+38 -3.4e+38 -3.4e+38 -3.4e+38 -3.4e+38 -3.4e+38 -3.4e+38 -3.4e+38 -3.4e+38
-3.4e+38 -3.4e+38 -3.4e+38 -3.4e+38 -3.4e+38 -3.4e+38 -3.4e+38 -3.4e+38 -3.4e+38 0.520058155059814 0.483003854751587 0.509178876876831 0.501162350177765 0.474748224020004 0.498170733451843 0.48757791519165 0.472084939479828 0.480049937963486 0.502270221710205 0.530954658985138 0.542064487934113 -3.4e+38 -3.4e+38 -3.4e+38 -3.4e+38 -3.4e+38 -3.4e+38 -3.4e+38 -3.4e+38 -3.4e+38 -3.4e+38 -3.4e+38 0.583834886550903 0.609446167945862 -3.4e+38 -3.4e+38 -3.4e+38 -3.4e+38 -3.4e+38 -3.4e+38 -3.4e+38 -3.4e+38 -3.4e+38 -3.4e+38 -3.4e+38 -3.4e+38 -3.4e+38 -3.4e+38 -3.4e+38
-3.4e+38 -3.4e+38 -3.4e+38 -3.4e+38 -3.4e+38 -3.4e+38 -3.4e+38 -3.4e+38 -3.4e+38 0.51163238286972 0.477273404598236 0.497306853532791 0.48378050327301 0.48566210269928 0.506702303886414 0.493347644805908 0.479646772146225 0.485406100749969 0.51423978805542 0.535769522190094 0.515822470188141 0.530845761299133 0.564773142337799 0.576281785964966 0.561817407608032 0.549274086952209 0.538074553012848 0.528581976890564 -3.4e+38 -3.4e+38 -3.4e+38 0.557110369205475 0.567842841148376 0.589707434177399 0.611671328544617 0.621337652206421 0.620636582374573 -3.4e+38 -3.4e+38 -3.4e+38 -3.4e+38 -3.4e+38 -3.4e+38 -3.4e+38 -3.4e+38 -3.4e+38 -3.4e+38 -3.4e+38 -3.4e+38
-3.4e+38 -3.4e+38 -3.4e+38 -3.4e+38 -3.4e+38 -3.4e+38 -3.4e+38 -3.4e+38 -3.4e+38 0.513332843780518 0.497343361377716 0.487973988056183 0.48229056596756 0.50420731306076 0.515043675899506 0.506148278713226 0.500063478946686 0.487844407558441 0.504636526107788 0.516951382160187 0.496862560510635 0.516982913017273 0.537674844264984 0.537976145744324 0.531157970428467 0.536224722862244 0.540407299995422 0.526893198490143 0.521427631378174 0.521105587482452 0.519426167011261 0.520548284053802 0.524884164333344 0.550488829612732 0.577923178672791 0.595855534076691 0.607199907302856 0.615672826766968 0.611701011657715 0.600187540054321 -3.4e+38 -3.4e+38 -3.4e+38 -3.4e+38 -3.4e+38 -3.4e+38 -3.4e+38 -3.4e+38 -3.4e+38
-3.4e+38 -3.4e+38 -3.4e+38 -3.4e+38 -3.4e+38 -3.4e+38 -3.4e+38 -3.4e+38 -3.4e+38 0.513661086559296 0.491537868976593 0.468413889408112 0.490894943475723 0.532749950885773 0.533607542514801 0.521978080272675 0.514054536819458 0.491961240768433 0.491094022989273 0.507471084594727 0.510050714015961 0.524068534374237 0.524284422397614 0.518729746341705 0.519735276699066 0.511859595775604 0.527598261833191 0.526693165302277 0.512301445007324 0.512668311595917 0.510652422904968 0.498219072818756 0.496171176433563 0.515703976154327 0.529342472553253 0.549732744693756 0.578732788562775 0.598850846290588 0.599741578102112 0.582643151283264 0.5797238945961 0.585731387138367 -3.4e+38 -3.4e+38 -3.4e+38 -3.4e+38 -3.4e+38 -3.4e+38 -3.4e+38
-3.4e+38 -3.4e+38 -3.4e+38 -3.4e+38 -3.4e+38 -3.4e+38 -3.4e+38 -3.4e+38 -3.4e+38 0.498085260391235 0.480216830968857 0.464813739061356 0.49063441157341 0.522083222866058 0.520018696784973 0.518846333026886 0.513019204139709 0.504400134086609 0.502906322479248 0.525397717952728 0.535445272922516 0.528622984886169 0.523447573184967 0.514558434486389 0.502656519412994 0.493360906839371 0.499766826629639 0.509387135505676 0.499017238616943 0.498715162277222 0.512369990348816 0.503024697303772 0.494891583919525 0.507479131221771 0.505701422691345 0.513560354709625 0.550580263137817 0.579867959022522 0.592929124832153 0.582026422023773 0.572518110275269 0.583588182926178 0.580390334129333 -3.4e+38 -3.4e+38 -3.4e+38 -3.4e+38 -3.4e+38 -3.4e+38
-3.4e+38 -3.4e+38 -3.4e+38 -3.4e+38 -3.4e+38 -3.4e+38 -3.4e+38 -3.4e+38 0.507461428642273 0.506652414798737 0.513828158378601 0.491298884153366 0.491009831428528 0.492280870676041 0.477265119552612 0.500589430332184 0.500743627548218 0.513215363025665 0.538816154003143 0.547686040401459 0.548361361026764 0.529219329357147 0.515453994274139 0.511619746685028 0.501658976078033 0.489585936069489 0.485454529523849 0.500619888305664 0.488265991210938 0.477232128381729 0.49691978096962 0.494962900876999 0.493967443704605 0.498677432537079 0.498270839452744 0.491035789251328 0.517928004264832 0.557125091552734 0.566313803195953 0.564166665077209 0.55344033241272 0.552660882472992 0.560658752918243 0.568789601325989 0.571572065353394 0.567320704460144 0.569306254386902 -3.4e+38 -3.4e+38
-3.4e+38 -3.4e+38 -3.4e+38 -3.4e+38 -3.4e+38 -3.4e+38 -3.4e+38 0.540047109127045 0.50034636259079 0.509687066078186 0.529390096664429 0.508087575435638 0.49983075261116 0.486496776342392 0.467844873666763 0.483688086271286 0.495127260684967 0.524086117744446 0.553628206253052 0.548481404781342 0.554442048072815 0.542496204376221 0.518536388874054 0.51114147901535 0.503069400787354 0.503881394863129 0.508306205272675 0.509730637073517 0.488748043775558 0.472103297710419 0.479122132062912 0.481490731239319 0.488307684659958 0.485701709985733 0.482733696699142 0.486845761537552 0.513705193996429 0.548144280910492 0.56258225440979 0.566502153873444 0.550420105457306 0.536064863204956 0.540433764457703 0.548069894313812 0.555225312709808 0.567011117935181 0.57979828119278 0.576609790325165 -3.4e+38
-3.4e+38 -3.4e+38 -3.4e+38 -3.4e+38 -3.4e+38 -3.4e+38 0.550063133239746 0.538167655467987 0.509851276874542 0.495682507753372 0.516356706619263 0.520366668701172 0.504042029380798 0.495896875858307 0.483651220798492 0.489433407783508 0.515520930290222 0.536158919334412 0.550763964653015 0.556047737598419 0.556837141513824 0.553910255432129 0.538181185722351 0.527214527130127 0.524374961853027 0.524924039840698 0.526000916957855 0.514802813529968 0.502046167850494 0.499544590711594 0.496961623430252 0.490636974573135 0.490245252847672 0.482148826122284 0.47648486495018 0.490555733442307 0.511481761932373 0.55202716588974 0.592321932315826 0.601060748100281 0.566329479217529 0.539635062217712 0.532709002494812 0.537953078746796 0.53985071182251 0.552127003669739 0.568742215633392 0.573534190654755 0.566149115562439
-3.4e+38 -3.4e+38 -3.4e+38 -3.4e+38 -3.4e+38 0.551727175712585 0.551428318023682 0.550617635250092 0.524298667907715 0.488073199987411 0.496052175760269 0.512484312057495 0.510474979877472 0.507549643516541 0.506588518619537 0.520423769950867 0.545317590236664 0.561282813549042 0.556086122989655 0.558452069759369 0.56694108247757 0.569790720939636 0.557905375957489 0.560026109218597 0.569629788398743 0.5600266456604 0.557684779167175 0.550167083740234 0.535265803337097 0.524472713470459 0.514615058898926 0.500299692153931 0.485632479190826 0.474278062582016 0.454546630382538 0.462063789367676 0.495624482631683 0.542818188667297 0.598578155040741 0.609119415283203 0.567202746868134 0.547222495079041 0.541784465312958 0.542421400547028 0.54040402173996 0.549612641334534 0.563436567783356 0.569754600524902 0.561136722564697
-3.4e+38 -3.4e+38 -3.4e+38 -3.4e+38 -3.4e+38 0.536989212036133 0.5376837849617 0.554299712181091 0.543556571006775 0.510752499103546 0.501481175422668 0.485971868038177 0.498827874660492 0.519816279411316 0.521557450294495 0.52975732088089 0.555816113948822 0.571476995944977 0.556723654270172 0.554941475391388 0.560324013233185 0.558938205242157 0.559150874614716 0.575311958789825 0.590234160423279 0.581304788589478 0.577934801578522 0.566690802574158 0.537945985794067 0.511519610881805 0.504111647605896 0.49467995762825 0.479760944843292 0.462647050619125 0.425818830728531 0.437254965305328 0.496393084526062 0.548589646816254 0.567379355430603 0.574153959751129 0.558864891529083 0.54589569568634 0.537541091442108 0.527351856231689 0.524945437908173 0.541921496391296 0.550874829292297 0.554944753646851 0.552195608615875
-3.4e+38 -3.4e+38 -3.4e+38 -3.4e+38 0.528482496738434 0.511408388614655 0.508357346057892 0.526280581951141 0.533483028411865 0.530537843704224 0.520677924156189 0.489439517259598 0.501892864704132 0.530354797840118 0.532808899879456 0.527238547801971 0.527751207351685 0.53192925453186 0.524383068084717 0.524440765380859 0.523565948009491 0.545727252960205 0.577495694160461 0.591575562953949 0.598900675773621 0.588428020477295 0.569764733314514 0.556130468845367 0.527483701705933 0.500663876533508 0.501792311668396 0.502382159233093 0.498119354248047 0.477513760328293 0.442259132862091 0.443465858697891 0.510145962238312 0.549922704696655 0.529803872108459 0.551432192325592 0.555945336818695 0.532882869243622 0.528777539730072 0.511599481105804 0.506621062755585 0.52497398853302 0.531541883945465 0.543422877788544 0.548734366893768
-3.4e+38 -3.4e+38 -3.4e+38 -3.4e+38 0.540018022060394 0.508162677288055 0.480371952056885 0.492735832929611 0.525644302368164 0.550144493579865 0.552971661090851 0.536442399024963 0.528981387615204 0.533812046051025 0.534129977226257 0.524667680263519 0.501657426357269 0.488636553287506 0.488869577646255 0.503244519233704 0.510163068771362 0.557861804962158 0.60805755853653 0.610573291778564 0.610254645347595 0.595555365085602 0.574457943439484 0.570685386657715 0.543094754219055 0.516697943210602 0.506337225437164 0.497909396886826 0.483568698167801 0.476315230131149 0.46252766251564 0.449999183416367 0.484179794788361 0.522175431251526 0.525578498840332 0.55286580324173 0.561310231685638 0.545087337493896 0.540468096733093 0.524509251117706 0.517193675041199 0.520008862018585 0.517718315124512 0.527954459190369 0.536813020706177
-3.4e+38 -3.4e+38 -3.4e+38 -3.4e+38 0.54978084564209 0.518908858299255 0.484962850809097 0.489144444465637 0.526114165782928 0.553076148033142 0.566110014915466 0.569951772689819 0.575388491153717 0.578218162059784 0.570276260375977 0.54861718416214 0.512303829193115 0.497371047735214 0.501685500144958 0.508796989917755 0.515307605266571 0.551671087741852 0.600943028926849 0.613795101642609 0.613943099975586 0.621984422206879 0.6224684715271 0.607936680316925 0.574375629425049 0.551953434944153 0.526530027389526 0.509011566638947 0.495420068502426 0.512674808502197 0.516496002674103 0.493595868349075 0.490466952323914 0.520892798900604 0.544341742992401 0.555490493774414 0.568446934223175 0.563695251941681 0.559783697128296 0.558841705322266 0.550532758235931 0.5404914021492 0.531622648239136 0.532535016536713 0.532180666923523
-3.4e+38 -3.4e+38 -3.4e+38 0.54768830537796 0.541046559810638 0.517388820648193 0.511606216430664 0.507023453712463 0.522199809551239 0.545287847518921 0.553773164749146 0.552578508853912 0.563462853431702 0.585669577121735 0.599078834056854 0.58484673500061 0.555307745933533 0.537758052349091 0.529739499092102 0.529650509357452 0.535681307315826 0.530646204948425 0.553358018398285 0.573972105979919 0.580804526805878 0.60178941488266 0.618538975715637 0.608965396881104 0.589414238929749 0.59781414270401 0.588000357151031 0.56347644329071 0.552410006523132 0.569125771522522 0.570349097251892 0.535964488983154 0.511786818504333 0.522977888584137 0.54220849275589 0.547441899776459 0.55894923210144 0.551298856735229 0.556534826755524 0.570549070835114 0.564899861812592 0.570121884346008 0.5642449259758 0.553382158279419 0.550125420093536
-3.4e+38 -3.4e+38 0.532701432704926 0.548490643501282 0.547798156738281 0.531292736530304 0.525355458259583 0.51413357257843 0.524073600769043 0.539882481098175 0.536162436008453 0.513125538825989 0.527924358844757 0.569069981575012 0.585248589515686 0.582491219043732 0.5621018409729 0.553896188735962 0.561923742294312 0.567751049995422 0.558256864547729 0.541442215442657 0.542930543422699 0.544918656349182 0.537817358970642 0.539112567901611 0.548145174980164 0.555820286273956 0.563002824783325 0.579618036746979 0.586863219738007 0.581077396869659 0.583761930465698 0.602307260036469 0.614483416080475 0.594671905040741 0.556223392486572 0.536134660243988 0.538795471191406 0.543432772159576 0.534406781196594 0.524231612682343 0.533813536167145 0.54328441619873 0.546012461185455 0.565468490123749 0.568122446537018 0.573814392089844 0.58610326051712
-3.4e+38 0.51073682308197 0.537392973899841 0.564375340938568 0.588922619819641 0.572227120399475 0.54103547334671 0.524549782276154 0.53250640630722 0.537757575511932 0.516543984413147 0.480154991149902 0.509238302707672 0.564834535121918 0.585920870304108 0.591578364372253 0.576631605625153 0.570272862911224 0.579320669174194 0.572590827941895 0.561486005783081 0.547790288925171 0.545782148838043 0.546152651309967 0.540439069271088 0.528509855270386 0.519481360912323 0.5216463804245 0.5223228931427 0.526509046554565 0.538343608379364 0.554772257804871 0.570247530937195 0.588508367538452 0.60713255405426 0.606483340263367 0.577481210231781 0.548755705356598 0.546166062355042 0.545961558818817 0.537107884883881 0.526534557342529 0.531099796295166 0.528554260730743 0.526782631874084 0.537843108177185 0.544454872608185 0.573061585426331 0.595005571842194
-3.4e+38 0.495860517024994 0.531065165996552 0.575186729431152 0.605549275875092 0.589094519615173 0.560194551944733 0.558919429779053 0.56967169046402 0.556417346000671 0.508007049560547 0.474608987569809 0.511813163757324 0.566510736942291 0.599417388439178 0.606728792190552 0.602456986904144 0.588715791702271 0.581927001476288 0.569950759410858 0.564098715782166 0.557967483997345 0.549869000911713 0.542411863803864 0.538881599903107 0.527041077613831 0.521937847137451 0.530059516429901 0.513919174671173 0.507660686969757 0.520575284957886 0.529606819152832 0.546721756458282 0.567107200622559 0.583418071269989 0.589520275592804 0.595593810081482 0.591024279594421 0.588169395923615 0.577880799770355 0.558518350124359 0.542360484600067 0.541357338428497 0.537939429283142 0.534239888191223 0.530434429645538 0.535432159900665 0.57211846113205 0.59828382730484
0.498580276966095 0.509043097496033 0.539008617401123 0.57824569940567 0.599044680595398 0.590674519538879 0.582293808460236 0.589076936244965 0.597199499607086 0.579913139343262 0.514352142810822 0.48845699429512 0.536390542984009 0.572130382061005 0.600363612174988 0.608485639095306 0.60906994342804 0.584635436534882 0.554128289222717 0.544876217842102 0.551040768623352 0.562165439128876 0.553362548351288 0.53954941034317 0.543013870716095 0.54654598236084 0.552964329719543 0.553986549377441 0.527052760124207 0.505470097064972 0.505183458328247 0.522242784500122 0.550179123878479 0.583147406578064 0.596258223056793 0.59770280122757 0.608860909938812 0.602243959903717 0.593719899654388 0.585155189037323 0.562904953956604 0.541926324367523 0.528210461139679 0.524188637733459 0.54275107383728 0.550002872943878 0.551712810993195 0.568463563919067 0.567579388618469
