data/trimmed_ndre/W_ndre.628.2009_no_clouds.asc
NCOLS 130 
NROWS 71 
XLLCORNER 530645 
YLLCORNER 5158205 
CELLSIZE 5 
NODATA_value -3.4e+38 
[rows 21 to 41 of 71, columns 49 to 97 of 130]
0.335161089897156 0.3244648873806 0.339387506246567 0.348919421434402 0.338722914457321 0.330134809017181 0.333118379116058 0.333253264427185 0.320287525653839 0.314948588609695 0.322236895561218 0.307378202676773 0.308010250329971 0.324687749147415 0.338474571704865 0.361143261194229 0.370733827352524 0.365013629198074 -3.4e+38 -3.4e+38 -3.4e+38 -3.4e+38 -3.4e+38 -3.4e+38 -3.4e+38 -3.4e+38 -3.4e+38 -3.4e+38 -3.4e+38 -3.4e+38 -3.4e+38 -3.4e+38 -3.4e+38 -3.4e+38 -3.4e+38 -3.4e+38 -3.4e+38 -3.4e+38 -3.4e+38 -3.4e+38 -3.4e+38 -3.4e+38 -3.4e+38 -3.4e+38 -3.4e+38 -3.4e+38 -3.4e+38 -3.4e+38 -3.4e+38
0.344746887683868 0.341658741235733 0.343089818954468 0.343540877103806 0.333929359912872 0.326795905828476 0.33542811870575 0.344501495361328 0.330998718738556 0.306676059961319 0.305861622095108 0.311293631792068 0.309426754713058 0.314478725194931 0.319861471652985 0.326557099819183 0.338522672653198 0.353190749883652 0.356968939304352 0.353978753089905 0.355808526277542 0.35209459066391 0.343545913696289 0.355092823505402 0.353642851114273 0.343330055475235 0.336420834064484 0.341479301452637 -3.4e+38 -3.4e+38 -3.4e+38 -3.4e+38 -3.4e+38 -3.4e+38 -3.4e+38 -3.4e+38 -3.4e+38 -3.4e+38 -3.4e+38 -3.4e+38 -3.4e+38 -3.4e+38 -3.4e+38 -3.4e+38 -3.4e+38 -3.4e+38 -3.4e+38 -3.4e+38 -3.4e+38
0.335402876138687 0.340408146381378 0.339830130338669 0.323237299919128 0.311770588159561 0.320043742656708 0.326674431562424 0.325993776321411 0.322422623634338 0.304817467927933 0.305221885442734 0.32464861869812 0.311031013727188 0.294611930847168 0.300389766693115 0.312095284461975 0.315717607736588 0.331146597862244 0.351812064647675 0.360814064741135 0.343847095966339 0.33247783780098 0.343277007341385 0.36703422665596 0.361875712871552 0.34907802939415 0.342533677816391 0.340097159147263 0.326038807630539 -3.4e+38 -3.4e+38 -3.4e+38 -3.4e+38 -3.4e+38 -3.4e+38 -3.4e+38 -3.4e+38 -3.4e+38 -3.4e+38 -3.4e+38 -3.4e+38 -3.4e+38 -3.4e+38 -3.4e+38 -3.4e+38 -3.4e+38 -3.4e+38 -3.4e+38 -3.4e+38
0.348764896392822 0.350734651088715 0.342411786317825 0.318788081407547 0.30455556511879 0.321424037218094 0.332694590091705 0.324514925479889 0.317041963338852 0.314605474472046 0.306825578212738 0.319787383079529 0.330510526895523 0.315530002117157 0.305955529212952 0.314759314060211 0.317858934402466 0.313640505075455 0.318079560995102 0.330853760242462 0.339461445808411 0.322173774242401 0.330054730176926 0.346268534660339 0.334775149822235 0.311539947986603 0.318119287490845 0.343558043241501 0.34834223985672 0.356355458498001 -3.4e+38 -3.4e+38 -3.4e+38 -3.4e+38 -3.4e+38 -3.4e+38 -3.4e+38 -3.4e+38 -3.4e+38 -3.4e+38 -3.4e+38 -3.4e+38 -3.4e+38 -3.4e+38 -3.4e+38 -3.4e+38 -3.4e+38 -3.4e+38 -3.4e+38
0.354128062725067 0.359645873308182 0.356171458959579 0.343432247638702 0.331757873296738 0.334065467119217 0.331336289644241 0.318039089441299 0.310435622930527 0.316125005483627 0.300146996974945 0.30244106054306 0.320272892713547 0.316850990056992 0.302670061588287 0.309298038482666 0.319122135639191 0.306508123874664 0.319421082735062 0.335846781730652 0.343122631311417 0.319189250469208 0.306929707527161 0.328921616077423 0.341695606708527 0.335155636072159 0.333039402961731 0.354488492012024 0.371889919042587 0.382748812437057 0.347873240709305 -3.4e+38 -3.4e+38 -3.4e+38 -3.4e+38 -3.4e+38 -3.4e+38 -3.4e+38 -3.4e+38 -3.4e+38 -3.4e+38 -3.4e+38 -3.4e+38 -3.4e+38 -3.4e+38 -3.4e+38 -3.4e+38 -3.4e+38 -3.4e+38
0.354468435049057 0.36501070857048 0.366562485694885 0.360558122396469 0.350444912910461 0.342168599367142 0.330672442913055 0.311527013778687 0.305500894784927 0.311925053596497 0.305477559566498 0.310438245534897 0.307886987924576 0.299171775579453 0.293669790029526 0.320563137531281 0.322589635848999 0.3026302754879 0.325426995754242 0.335325688123703 0.335464149713516 0.338563740253448 0.323901414871216 0.332098603248596 0.353906065225601 0.359711974859238 0.349927753210068 0.332124561071396 0.327910095453262 0.337927490472794 0.350772619247437 0.328567683696747 0.325397342443466 0.335528612136841 -3.4e+38 -3.4e+38 -3.4e+38 -3.4e+38 -3.4e+38 -3.4e+38 -3.4e+38 -3.4e+38 -3.4e+38 -3.4e+38 -3.4e+38 -3.4e+38 -3.4e+38 -3.4e+38 -3.4e+38
0.353135526180267 0.342115640640259 0.354153573513031 0.363960385322571 0.352296441793442 0.34027174115181 0.335294216871262 0.328532665967941 0.330173701047897 0.328129440546036 0.324864327907562 0.332022458314896 0.3248550593853 0.300736278295517 0.29364863038063 0.332156985998154 0.32965761423111 0.306287944316864 0.315341711044312 0.325894922018051 0.329939216375351 0.32957911491394 0.328736454248428 0.329972982406616 0.334855914115906 0.340023845434189 0.344929069280624 0.341322213411331 0.315029203891754 0.31540110707283 0.36486804485321 0.354332447052002 0.322067022323608 0.333156287670135 0.349947780370712 0.350270390510559 0.348073244094849 0.34498131275177 0.353605538606644 0.367684066295624 0.366366863250732 0.355878889560699 0.359253317117691 0.364605993032455 0.3586565554142 0.349136799573898 0.357279747724533 0.346285969018936 0.331149101257324
0.402786582708359 0.371492773294449 0.350218951702118 0.350931107997894 0.345436781644821 0.324122875928879 0.314512729644775 0.314239084720612 0.32679757475853 0.332856237888336 0.329768568277359 0.332772552967072 0.34136974811554 0.322809845209122 0.309961438179016 0.335627645254135 0.332161396741867 0.32711386680603 0.329868018627167 0.318171441555023 0.327296912670135 0.336314231157303 0.332139670848846 0.318530350923538 0.330268859863281 0.341080129146576 0.346748650074005 0.353234082460403 0.333397388458252 0.325043767690659 0.348517864942551 0.357213914394379 0.341729730367661 0.340466499328613 0.359644830226898 0.347280085086823 0.349665105342865 0.353682726621628 0.349666982889175 0.358162015676498 0.35763156414032 0.351116865873337 0.348278343677521 0.351955115795135 0.343111664056778 0.339075356721878 0.353001207113266 0.344798594713211 0.334218919277191
0.434802144765854 0.414726048707962 0.363702476024628 0.338516145944595 0.338837951421738 0.309256374835968 0.302211433649063 0.313190340995789 0.317837983369827 0.326193869113922 0.325509816408157 0.323269069194794 0.339097410440445 0.340107321739197 0.329067587852478 0.331127315759659 0.331092059612274 0.326861053705215 0.329746246337891 0.327209323644638 0.334934026002884 0.346345573663712 0.327925205230713 0.304202049970627 0.320148050785065 0.337366878986359 0.345467984676361 0.349201291799545 0.346883088350296 0.351113736629486 0.350903689861298 0.33773285150528 0.335837095975876 0.342773169279099 0.345548838376999 0.337167650461197 0.353671371936798 0.354229211807251 0.342103362083435 0.352698713541031 0.340433448553085 0.339832812547684 0.352132797241211 0.361049860715866 0.351247310638428 0.349243432283401 0.359548956155777 0.355344831943512 0.343616813421249
0.447392731904984 0.432670205831528 0.398836255073547 0.377816766500473 0.365466386079788 0.331875860691071 0.321305721998215 0.334432750940323 0.337959408760071 0.33124104142189 0.33351719379425 0.332765936851501 0.333911716938019 0.33899262547493 0.337877810001373 0.335741728544235 0.337683022022247 0.327816128730774 0.333625048398972 0.333476454019547 0.321276307106018 0.329340994358063 0.324105441570282 0.316216856241226 0.329139113426208 0.332597494125366 0.335249096155167 0.334126025438309 0.335542559623718 0.325900107622147 0.322923451662064 0.321573257446289 0.328558206558228 0.342662781476974 0.343868941068649 0.331090599298477 0.333396673202515 0.337681353092194 0.343622088432312 0.350535988807678 0.33562096953392 0.336678057909012 0.352818220853806 0.360525488853455 0.352073013782501 0.357919812202454 0.362282752990723 0.354745447635651 0.347463130950928
0.481975078582764 0.481502085924149 0.472300112247467 0.45118722319603 0.417967915534973 0.376497596502304 0.335901260375977 0.317719101905823 0.336547523736954 0.349252611398697 0.348560273647308 0.343549638986588 0.338765531778336 0.340421080589294 0.34330153465271 0.3509581387043 0.344844430685043 0.325833857059479 0.325881779193878 0.312243670225143 0.304465472698212 0.321432203054428 0.32114389538765 0.32351341843605 0.32425394654274 0.315499395132065 0.322827517986298 0.326664179563522 0.327154219150543 0.318555653095245 0.320122212171555 0.325555115938187 0.326835572719574 0.334809184074402 0.341158419847488 0.329564243555069 0.318180739879608 0.329104244709015 0.341065734624863 0.35191485285759 0.35018926858902 0.349816083908081 0.343973308801651 0.335274875164032 0.331771314144135 0.344945162534714 0.347468048334122 0.336563438177109 0.331760615110397
0.508848607540131 0.50743442773819 0.508611023426056 0.492293149232864 0.470323801040649 0.421473860740662 0.376098424196243 0.351980060338974 0.364863038063049 0.380544990301132 0.365220576524734 0.349783390760422 0.346069663763046 0.350627183914185 0.346297740936279 0.346060246229172 0.328845143318176 0.308243930339813 0.309355050325394 0.294881969690323 0.294124990701675 0.306816697120667 0.300838679075241 0.301103711128235 0.299804270267487 0.302201986312866 0.32133087515831 0.317640781402588 0.31102779507637 0.316353350877762 0.313756823539734 0.308674484491348 0.307910084724426 0.311972975730896 0.313278794288635 0.306279331445694 0.309791266918182 0.324087888002396 0.332468867301941 0.35100907087326 0.348832041025162 0.333770722150803 0.325375854969025 0.30979123711586 0.315804123878479 0.325967848300934 0.327185094356537 0.331466913223267 0.331651240587234
0.509421408176422 0.502461433410645 0.494550168514252 0.492715805768967 0.506195664405823 0.481499165296555 0.440134108066559 0.432979077100754 0.432580500841141 0.423873692750931 0.405911773443222 0.394439071416855 0.387274920940399 0.383119851350784 0.365055501461029 0.341425538063049 0.309315323829651 0.296146988868713 0.29937419295311 0.286838471889496 0.283750146627426 0.282674670219421 0.278000205755234 0.285635828971863 0.276634395122528 0.285574525594711 0.313919723033905 0.2996706366539 0.274444133043289 0.268326550722122 0.277091771364212 0.292578011751175 0.297764211893082 0.287131488323212 0.273874491453171 0.27108570933342 0.286623269319534 0.300151407718658 0.290959626436234 0.317252218723297 0.323000937700272 0.310087084770203 0.322947055101395 0.309069156646729 0.306662380695343 0.322793126106262 0.33327379822731 0.352967351675034 0.355264216661453
0.508978486061096 0.501134991645813 0.498842775821686 0.509423673152924 0.519695997238159 0.504056632518768 0.482432842254639 0.489896267652512 0.496590226888657 0.485248327255249 0.481028765439987 0.481054812669754 0.460813373327255 0.438006371259689 0.410171121358871 0.375771701335907 0.339586853981018 0.325632035732269 0.327000707387924 0.309555232524872 0.291587501764297 0.268840819597244 0.265786021947861 0.280426383018494 0.269974946975708 0.286723464727402 0.306791216135025 0.284347027540207 0.255819439888 0.246713146567345 0.269831210374832 0.295963734388351 0.300707399845123 0.286729574203491 0.274976432323456 0.278469562530518 0.290784984827042 0.285784512758255 0.262561798095703 0.275820523500443 0.305445164442062 0.313863962888718 0.313610345125198 0.305092513561249 0.305845886468887 0.32836040854454 0.348803162574768 0.362581670284271 0.361263066530228
0.505230724811554 0.473806828260422 0.471079617738724 0.48610058426857 0.486378937959671 0.486235976219177 0.479401886463165 0.489857524633408 0.512877285480499 0.513679802417755 0.523092985153198 0.52143520116806 0.49565726518631 0.469358295202255 0.438916563987732 0.402665555477142 0.373337864875793 0.368234157562256 0.362144559621811 0.349483758211136 0.331156402826309 0.301012307405472 0.301853328943253 0.314582705497742 0.299245238304138 0.303851693868637 0.32130953669548 0.319284528493881 0.314519733190536 0.290888339281082 0.292438447475433 0.31072011590004 0.307779520750046 0.305368214845657 0.297419726848602 0.296251624822617 0.30097484588623 0.318197727203369 0.291412442922592 0.25184828042984 0.255179882049561 0.28040486574173 0.301749974489212 0.308871418237686 0.308653503656387 0.318488508462906 0.323051691055298 0.322469592094421 0.343659788370132
0.509661555290222 0.494917690753937 0.481439977884293 0.452011913061142 0.446048349142075 0.468106150627136 0.48732990026474 0.493372350931168 0.499145776033401 0.504744648933411 0.50691831111908 0.495689213275909 0.473777800798416 0.452830106019974 0.42797988653183 0.397802442312241 0.377476572990417 0.381766706705093 0.347466856241226 0.333213865756989 0.338317155838013 0.326133251190186 0.339060395956039 0.34021070599556 0.318196326494217 0.30627179145813 0.310979664325714 0.342386245727539 0.363764137029648 0.336425513029099 0.319005221128464 0.322336494922638 0.326562136411667 0.347793608903885 0.359923452138901 0.345811694860458 0.336202085018158 0.365248084068298 0.366805106401443 0.320246338844299 0.290812581777573 0.299846678972244 0.325050979852676 0.329165726900101 0.320000886917114 0.327096223831177 0.319203525781631 0.313308328390121 0.3431695997715
0.463153302669525 0.491140395402908 0.481281608343124 0.43411386013031 0.40244996547699 0.427334368228912 0.46759819984436 0.457339584827423 0.477589637041092 0.498557031154633 0.4871506690979 0.475797027349472 0.453133553266525 0.425370037555695 0.405372470617294 0.380978018045425 0.375494003295898 0.370877236127853 0.334611445665359 0.313584864139557 0.314654737710953 0.317099392414093 0.332441657781601 0.322786271572113 0.312648117542267 0.322114139795303 0.32167637348175 0.349899291992188 0.369062453508377 0.352294027805328 0.354920417070389 0.377877473831177 0.38268455862999 0.379035651683807 0.38687190413475 0.39060714840889 0.383468329906464 0.39187353849411 0.394704818725586 0.3960000872612 0.385109096765518 0.37464302778244 0.372884064912796 0.361021667718887 0.349248141050339 0.353465020656586 0.350905865430832 0.348226755857468 0.357634902000427
0.383537083864212 0.423212617635727 0.439642190933228 0.412415385246277 0.372141569852829 0.373808026313782 0.411110192537308 0.414127379655838 0.482091039419174 0.508201658725739 0.46291795372963 0.441614717245102 0.435034155845642 0.422940492630005 0.405074387788773 0.387083768844604 0.39396271109581 0.38966366648674 0.355862230062485 0.314261853694916 0.293093591928482 0.309856861829758 0.323895007371902 0.312703430652618 0.331776350736618 0.356555640697479 0.346404016017914 0.367650508880615 0.387434422969818 0.382043957710266 0.388742983341217 0.425206154584885 0.41422039270401 0.365513414144516 0.345624208450317 0.34946545958519 0.381496071815491 0.406195282936096 0.405183672904968 0.425190091133118 0.439318537712097 0.416878908872604 0.411923378705978 0.401686787605286 0.390534907579422 0.387935042381287 0.384442657232285 0.374031096696854 0.363742917776108
0.352231204509735 0.364423334598541 0.359012693166733 0.335154384374619 0.319496244192123 0.32287809252739 0.370581299066544 0.423949271440506 0.474631726741791 0.479290395975113 0.435425847768784 0.413799375295639 0.428418755531311 0.424572199583054 0.386234670877457 0.363097071647644 0.399251848459244 0.404477000236511 0.360434025526047 0.315256148576736 0.287960827350616 0.315666645765305 0.353471219539642 0.341646313667297 0.35515159368515 0.363574683666229 0.354145765304565 0.374737232923508 0.412354588508606 0.414423078298569 0.399904012680054 0.419129580259323 0.412864416837692 0.387708365917206 0.383451610803604 0.386129021644592 0.387272357940674 0.404828488826752 0.418977797031403 0.422047883272171 0.441891312599182 0.449969530105591 0.440103977918625 0.4214728474617 0.410340279340744 0.406894207000732 0.403981328010559 0.4058957695961 0.398550868034363
0.336127251386642 0.319951593875885 0.289004772901535 0.267729759216309 0.273193627595901 0.31137028336525 0.369541853666306 0.426922380924225 0.454361021518707 0.458650559186935 0.436582535505295 0.412553727626801 0.422587066888809 0.426915258169174 0.386719465255737 0.362280488014221 0.402027249336243 0.380985707044601 0.323618143796921 0.294699102640152 0.320056855678558 0.355830311775208 0.385328769683838 0.375654071569443 0.362480759620667 0.348906129598618 0.364859253168106 0.394785791635513 0.398239344358444 0.407034516334534 0.402017652988434 0.409475326538086 0.413651287555695 0.398678660392761 0.389846920967102 0.394281357526779 0.389294892549515 0.384427577257156 0.403527140617371 0.431044191122055 0.447681397199631 0.452723681926727 0.437304675579071 0.415933787822723 0.405767321586609 0.405940622091293 0.409210860729218 0.424211412668228 0.428539305925369
0.318322867155075 0.283886820077896 0.262571722269058 0.255289018154144 0.275436550378799 0.313710331916809 0.359265029430389 0.417053371667862 0.462523579597473 0.476824373006821 0.463944882154465 0.420199871063232 0.404436022043228 0.420616418123245 0.413892388343811 0.396308422088623 0.397523701190948 0.366602659225464 0.318957388401031 0.304983228445053 0.337717950344086 0.36300265789032 0.382290601730347 0.391772836446762 0.388831913471222 0.37104806303978 0.385340929031372 0.395582646131516 0.368959486484528 0.390462100505829 0.399592697620392 0.395309329032898 0.401593208312988 0.385681599378586 0.363730847835541 0.370577245950699 0.397061556577682 0.421034574508667 0.423043549060822 0.428507447242737 0.441372394561768 0.435713559389114 0.427025735378265 0.419889181852341 0.406972855329514 0.392278522253036 0.389723062515259 0.404601722955704 0.409867703914642
