data/trimmed_ndre/W_ndre.627.2010_no_clouds.asc
NCOLS 130 
NROWS 71 
XLLCORNER 530645 
YLLCORNER 5158205 
CELLSIZE 5 
NODATA_value -3.4e+38 
[rows 21 to 41 of 71, columns 49 to 97 of 130]
0.693739295005798 0.691358089447021 0.692331075668335 0.6946040391922 0.692450761795044 0.701864242553711 0.704712748527527 0.684996008872986 0.683852314949036 0.695680499076843 0.69537889957428 0.679354846477509 0.654308378696442 0.646880388259888 0.662055850028992 0.682040452957153 0.694010019302368 0.694726705551147 -3.4e+38 -3.4e+38 -3.4e+38 -3.4e+38 -3.4e+38 -3.4e+38 -3.4e+38 -3.4e+38 -3.4e+38 -3.4e+38 -3.4e+38 -3.4e+38 -3.4e+38 -3.4e+38 -3.4e+38 -3.4e+38 -3.4e+38 -3.4e+38 -3.4e+38 -3.4e+38 -3.4e+38 -3.4e+38 -3.4e+38 -3.4e+38 -3.4e+38 -3.4e+38 -3.4e+38 -3.4e+38 -3.4e+38 -3.4e+38 -3.4e+38
0.697626292705536 0.696722626686096 0.69939512014389 0.696387231349945 0.691848337650299 0.695454001426697 0.697314143180847 0.682066321372986 0.684606730937958 0.698735117912292 0.70138680934906 0.689521968364716 0.669849991798401 0.663249373435974 0.670383810997009 0.682415962219238 0.690128445625305 0.688474774360657 0.687930524349213 0.695449948310852 0.707093298435211 0.699782013893127 0.687747299671173 0.686574995517731 0.689627945423126 0.692324697971344 0.684907376766205 0.662062525749207 -3.4e+38 -3.4e+38 -3.4e+38 -3.4e+38 -3.4e+38 -3.4e+38 -3.4e+38 -3.4e+38 -3.4e+38 -3.4e+38 -3.4e+38 -3.4e+38 -3.4e+38 -3.4e+38 -3.4e+38 -3.4e+38 -3.4e+38 -3.4e+38 -3.4e+38 -3.4e+38 -3.4e+38
0.702849566936493 0.705651819705963 0.705999612808228 0.698923647403717 0.690962135791779 0.68940657377243 0.69414871931076 0.69523948431015 0.694984674453735 0.700805127620697 0.701806664466858 0.690121531486511 0.678769648075104 0.67969161272049 0.685217261314392 0.689800322055817 0.6860431432724 0.679856061935425 0.683576285839081 0.697699844837189 0.708823919296265 0.694839179515839 0.682691037654877 0.690003335475922 0.695042669773102 0.691433250904083 0.676929891109467 0.66317480802536 0.655397891998291 -3.4e+38 -3.4e+38 -3.4e+38 -3.4e+38 -3.4e+38 -3.4e+38 -3.4e+38 -3.4e+38 -3.4e+38 -3.4e+38 -3.4e+38 -3.4e+38 -3.4e+38 -3.4e+38 -3.4e+38 -3.4e+38 -3.4e+38 -3.4e+38 -3.4e+38 -3.4e+38
0.699918150901794 0.702947854995728 0.698269426822662 0.691091358661652 0.684576988220215 0.683955073356628 0.69522088766098 0.700362741947174 0.694297671318054 0.694497108459473 0.691467881202698 0.682525038719177 0.677145183086395 0.682133913040161 0.688193082809448 0.689119279384613 0.680019915103912 0.676762580871582 0.68335235118866 0.690216898918152 0.694119572639465 0.683242738246918 0.679041802883148 0.688084125518799 0.689618349075317 0.685264050960541 0.677833497524261 0.676637351512909 0.670370638370514 0.664326786994934 -3.4e+38 -3.4e+38 -3.4e+38 -3.4e+38 -3.4e+38 -3.4e+38 -3.4e+38 -3.4e+38 -3.4e+38 -3.4e+38 -3.4e+38 -3.4e+38 -3.4e+38 -3.4e+38 -3.4e+38 -3.4e+38 -3.4e+38 -3.4e+38 -3.4e+38
0.689331591129303 0.69040459394455 0.690713763237 0.683944284915924 0.682429552078247 0.687427043914795 0.6971555352211 0.69741827249527 0.691835939884186 0.688758730888367 0.683977365493774 0.677352964878082 0.676234900951385 0.680574119091034 0.685971200466156 0.68353283405304 0.675236761569977 0.679237484931946 0.687492966651917 0.681533455848694 0.679744184017181 0.681545734405518 0.68099969625473 0.680704414844513 0.68016791343689 0.680335998535156 0.686194062232971 0.695900022983551 0.681743443012238 0.666389644145966 0.671535551548004 -3.4e+38 -3.4e+38 -3.4e+38 -3.4e+38 -3.4e+38 -3.4e+38 -3.4e+38 -3.4e+38 -3.4e+38 -3.4e+38 -3.4e+38 -3.4e+38 -3.4e+38 -3.4e+38 -3.4e+38 -3.4e+38 -3.4e+38 -3.4e+38
0.697067201137543 0.69730943441391 0.69550621509552 0.693947434425354 0.694237768650055 0.696097791194916 0.693809449672699 0.691688537597656 0.693461775779724 0.69341379404068 0.687786459922791 0.681145012378693 0.677819609642029 0.678606271743774 0.68128365278244 0.682074427604675 0.678251504898071 0.683011829853058 0.688648045063019 0.679398238658905 0.68351423740387 0.691797614097595 0.686010658740997 0.678364813327789 0.678108513355255 0.685906410217285 0.695763230323792 0.698149561882019 0.689283132553101 0.688534319400787 0.691509664058685 0.68614661693573 0.693167686462402 0.699873566627502 -3.4e+38 -3.4e+38 -3.4e+38 -3.4e+38 -3.4e+38 -3.4e+38 -3.4e+38 -3.4e+38 -3.4e+38 -3.4e+38 -3.4e+38 -3.4e+38 -3.4e+38 -3.4e+38 -3.4e+38
0.67504346370697 0.685006678104401 0.692478179931641 0.699172675609589 0.700954437255859 0.701913118362427 0.698829591274261 0.689921498298645 0.684174478054047 0.69056761264801 0.690998315811157 0.689430892467499 0.683881282806396 0.676089823246002 0.671802639961243 0.672868549823761 0.675204277038574 0.681812942028046 0.687954008579254 0.684061884880066 0.687495708465576 0.689723134040833 0.68286395072937 0.679727911949158 0.688715279102325 0.700448334217072 0.699079871177673 0.696347832679749 0.694191873073578 0.704350531101227 0.701717674732208 0.683909714221954 0.68085902929306 0.68281102180481 0.681305944919586 0.692665338516235 0.698225438594818 0.695252656936646 0.706504166126251 0.720731437206268 0.714454650878906 0.70972740650177 0.70940637588501 0.701793253421783 0.701914310455322 0.697923600673676 0.688881635665894 0.679674088954926 0.677057087421417
0.629463195800781 0.66287225484848 0.683510482311249 0.704849183559418 0.711722612380981 0.708633899688721 0.705406010150909 0.692107498645782 0.675705134868622 0.679214417934418 0.68617457151413 0.686869144439697 0.693632841110229 0.684148788452148 0.67294043302536 0.670586287975311 0.674363017082214 0.679696559906006 0.693538665771484 0.691515207290649 0.686233341693878 0.68572461605072 0.682939767837524 0.687208414077759 0.697126388549805 0.703745543956757 0.695587694644928 0.694737195968628 0.697993457317352 0.699328184127808 0.699580013751984 0.685153901576996 0.67483526468277 0.682744145393372 0.698930978775024 0.704229354858398 0.696111083030701 0.695873141288757 0.707397878170013 0.713647961616516 0.713963687419891 0.709989368915558 0.705855429172516 0.704814672470093 0.706080555915833 0.69869327545166 0.689723014831543 0.680215775966644 0.676503419876099
0.603682994842529 0.644907653331757 0.674562096595764 0.695133745670319 0.707204520702362 0.708765923976898 0.71020495891571 0.705796539783478 0.693731725215912 0.69178718328476 0.690274834632874 0.690570414066315 0.705444157123566 0.700828671455383 0.685456156730652 0.684536218643188 0.683725714683533 0.685327351093292 0.704931199550629 0.701320171356201 0.68209969997406 0.687801599502563 0.69873458147049 0.702201962471008 0.700666666030884 0.698359370231628 0.692524790763855 0.698459029197693 0.705916941165924 0.700150609016418 0.699824512004852 0.696342349052429 0.690088331699371 0.707323849201202 0.712630987167358 0.705840051174164 0.70297247171402 0.701023101806641 0.703877985477448 0.708192050457001 0.707263469696045 0.705617189407349 0.706578433513641 0.708525836467743 0.706088185310364 0.691981911659241 0.682140171527863 0.682306885719299 0.684973657131195
0.601410627365112 0.625536441802979 0.656864821910858 0.667014718055725 0.683851003646851 0.698507308959961 0.704796433448792 0.704549789428711 0.698235929012299 0.69458931684494 0.693820416927338 0.693614423274994 0.700395166873932 0.69789069890976 0.691802203655243 0.695304572582245 0.69764631986618 0.688530087471008 0.687772572040558 0.698493957519531 0.694318771362305 0.695054292678833 0.707206726074219 0.70787250995636 0.695594668388367 0.694155633449554 0.700320184230804 0.706329703330994 0.715155124664307 0.716358363628387 0.707093358039856 0.695298671722412 0.696597933769226 0.714232385158539 0.71276330947876 0.700183033943176 0.703441560268402 0.698623061180115 0.699375987052917 0.710314273834229 0.70833945274353 0.705749034881592 0.706623077392578 0.708985030651093 0.706871211528778 0.693837642669678 0.686266720294952 0.69296008348465 0.695774495601654
0.61023360490799 0.62039715051651 0.634243488311768 0.649026989936829 0.668760716915131 0.688372850418091 0.690682351589203 0.695008814334869 0.686548709869385 0.684058010578156 0.692174553871155 0.691083014011383 0.688041150569916 0.686111867427826 0.68473219871521 0.687386453151703 0.69948148727417 0.699843049049377 0.688686907291412 0.699482619762421 0.698928892612457 0.689635396003723 0.696475088596344 0.709865629673004 0.709093928337097 0.701901793479919 0.703640639781952 0.705585598945618 0.707749605178833 0.713100671768188 0.701781928539276 0.687993466854095 0.6819748878479 0.690291166305542 0.697244465351105 0.695972442626953 0.694606482982635 0.687485933303833 0.696306824684143 0.717141091823578 0.710098028182983 0.699810326099396 0.697085857391357 0.697444677352905 0.699991345405579 0.692872703075409 0.688546657562256 0.694949746131897 0.692721426486969
0.627548217773438 0.63386869430542 0.631996214389801 0.635505139827728 0.640523791313171 0.652003526687622 0.67111474275589 0.683647871017456 0.680735051631927 0.683589577674866 0.693139553070068 0.685928106307983 0.679106891155243 0.679903745651245 0.680610299110413 0.675826370716095 0.675615549087524 0.681707620620728 0.67875349521637 0.681407690048218 0.687700152397156 0.686200559139252 0.688531398773193 0.702461421489716 0.705740571022034 0.69477379322052 0.702464938163757 0.701319813728333 0.687979757785797 0.69275289773941 0.694689035415649 0.695019543170929 0.682008326053619 0.668161273002625 0.678498804569244 0.680108428001404 0.673174440860748 0.671038687229156 0.669058680534363 0.683223009109497 0.690642237663269 0.682939052581787 0.682282447814941 0.684983849525452 0.68515819311142 0.677578151226044 0.673349976539612 0.670224070549011 0.67095673084259
0.645832538604736 0.644757986068726 0.630411267280579 0.622206151485443 0.62517637014389 0.631583631038666 0.652980089187622 0.667641162872314 0.665827751159668 0.669179558753967 0.671586155891418 0.66198992729187 0.667440712451935 0.676332592964172 0.683431088924408 0.671593129634857 0.654842853546143 0.656878709793091 0.654973804950714 0.653363764286041 0.661394476890564 0.666331648826599 0.663331508636475 0.6695955991745 0.676745295524597 0.677886128425598 0.683366119861603 0.676405847072601 0.662498712539673 0.670512676239014 0.670967161655426 0.66407299041748 0.660196840763092 0.644741952419281 0.64445573091507 0.649182736873627 0.650380253791809 0.65018492937088 0.636906683444977 0.642762541770935 0.665609002113342 0.669248878955841 0.674037039279938 0.669960796833038 0.664733588695526 0.657218873500824 0.654704868793488 0.654032051563263 0.652153670787811
0.663954794406891 0.652426958084106 0.632463037967682 0.622977256774902 0.626743912696838 0.631666362285614 0.63987523317337 0.641290664672852 0.638217091560364 0.647068619728088 0.645488619804382 0.633565366268158 0.638412356376648 0.651963114738464 0.655904710292816 0.651437640190125 0.645711302757263 0.648485898971558 0.638874411582947 0.627355098724365 0.630985021591187 0.638795733451843 0.640780448913574 0.642581343650818 0.649176239967346 0.649505794048309 0.64668482542038 0.649316608905792 0.649760961532593 0.653497278690338 0.650603234767914 0.642291665077209 0.64447408914566 0.629745423793793 0.625326037406921 0.638702929019928 0.642008066177368 0.636635005474091 0.629968345165253 0.641214847564697 0.653458833694458 0.654965162277222 0.654940009117126 0.651781857013702 0.655286371707916 0.659251570701599 0.653142273426056 0.645854353904724 0.63584691286087
0.667021930217743 0.661087512969971 0.641502678394318 0.613934457302094 0.600766241550446 0.593680381774902 0.580719470977783 0.576665937900543 0.59894585609436 0.622675597667694 0.633280158042908 0.622158169746399 0.615963339805603 0.616091668605804 0.61123126745224 0.602565944194794 0.597990691661835 0.597356200218201 0.597976624965668 0.596574246883392 0.598806023597717 0.595426917076111 0.593146562576294 0.591905355453491 0.59656947851181 0.605957686901093 0.610678434371948 0.618406295776367 0.617583155632019 0.61864572763443 0.622959673404694 0.625616848468781 0.621589124202728 0.615990281105042 0.611345887184143 0.617173433303833 0.625584244728088 0.62677276134491 0.622638642787933 0.631269335746765 0.62376743555069 0.614883840084076 0.624813973903656 0.635260343551636 0.640141189098358 0.643544971942902 0.636609196662903 0.630975782871246 0.625630557537079
0.648688137531281 0.653311848640442 0.636132597923279 0.611928820610046 0.597184062004089 0.569304645061493 0.533800780773163 0.529108822345734 0.550796627998352 0.579978406429291 0.596557557582855 0.594393193721771 0.583305478096008 0.569984614849091 0.553996860980988 0.533707678318024 0.519336640834808 0.535008013248444 0.55458402633667 0.548489212989807 0.547856271266937 0.542015910148621 0.539064824581146 0.543928265571594 0.544643461704254 0.548805415630341 0.550892949104309 0.553117156028748 0.553716242313385 0.573428809642792 0.585240244865417 0.582063674926758 0.579779088497162 0.578545153141022 0.567838311195374 0.578336417675018 0.595498621463776 0.588845431804657 0.579111039638519 0.57465136051178 0.568691730499268 0.576214849948883 0.594616711139679 0.600662350654602 0.604957580566406 0.612557888031006 0.607839107513428 0.606521248817444 0.609241425991058
0.638361096382141 0.638826549053192 0.636868715286255 0.62309592962265 0.60310822725296 0.575661301612854 0.537720620632172 0.525820374488831 0.534416317939758 0.562798321247101 0.581786930561066 0.576246082782745 0.554587006568909 0.535211324691772 0.536845207214355 0.540566682815552 0.521042168140411 0.524210155010223 0.526996850967407 0.515552341938019 0.518740594387054 0.534153699874878 0.545360684394836 0.525729775428772 0.509438395500183 0.517035603523254 0.517757833003998 0.519145965576172 0.531650900840759 0.541958034038544 0.555876731872559 0.556909441947937 0.566999554634094 0.574579298496246 0.55596524477005 0.549211323261261 0.553247511386871 0.532139420509338 0.533426403999329 0.548518478870392 0.553617417812347 0.559341251850128 0.567289113998413 0.563266038894653 0.57238382101059 0.592480659484863 0.589679062366486 0.586318910121918 0.59446257352829
0.644143104553223 0.647269368171692 0.64631849527359 0.6192387342453 0.585047721862793 0.5657719373703 0.537194848060608 0.521002411842346 0.535743057727814 0.578209161758423 0.604857265949249 0.596737444400787 0.584287822246552 0.576871156692505 0.579274713993073 0.583952069282532 0.571363627910614 0.563158750534058 0.552392482757568 0.540788054466248 0.538627505302429 0.549085080623627 0.557334661483765 0.533560216426849 0.522297561168671 0.540292918682098 0.542363226413727 0.537709176540375 0.542223036289215 0.53357857465744 0.545456230640411 0.570926547050476 0.58626663684845 0.585977494716644 0.564208447933197 0.556477427482605 0.553541779518127 0.535947263240814 0.54512757062912 0.561396777629852 0.56157112121582 0.562498092651367 0.558496475219727 0.545503735542297 0.54742568731308 0.562922596931458 0.569481372833252 0.574176907539368 0.582664549350739
0.640563368797302 0.643779516220093 0.632534205913544 0.608096599578857 0.57879376411438 0.547679364681244 0.508519351482391 0.487254798412323 0.508580982685089 0.559205412864685 0.598191201686859 0.60004997253418 0.597934365272522 0.589920818805695 0.580698192119598 0.584278285503387 0.584259867668152 0.573536694049835 0.566994249820709 0.565953314304352 0.563640177249908 0.565720200538635 0.561979591846466 0.542639076709747 0.533857345581055 0.536779463291168 0.534445643424988 0.544022917747498 0.537894904613495 0.518643438816071 0.525369584560394 0.54780125617981 0.557840049266815 0.565326869487762 0.558142721652985 0.556837558746338 0.558758795261383 0.552243828773499 0.545874655246735 0.536371529102325 0.530682265758514 0.526730179786682 0.526642858982086 0.514759659767151 0.51033341884613 0.525825917720795 0.533489346504211 0.532072782516479 0.53505951166153
0.625504791736603 0.623187959194183 0.614561855792999 0.609657764434814 0.602242887020111 0.568591713905334 0.505320310592651 0.460470587015152 0.480513721704483 0.529865741729736 0.57245922088623 0.58384495973587 0.578194737434387 0.568463921546936 0.560722827911377 0.565996825695038 0.570403337478638 0.560611546039581 0.559795439243317 0.565630674362183 0.57163667678833 0.570880115032196 0.556779086589813 0.527088642120361 0.504804372787476 0.492473781108856 0.494377225637436 0.514931440353394 0.505069375038147 0.48946475982666 0.498857289552689 0.506640255451202 0.511093258857727 0.518018364906311 0.510351061820984 0.515290141105652 0.533271431922913 0.534817397594452 0.517639636993408 0.492854058742523 0.472629219293594 0.469223320484161 0.474958151578903 0.471741944551468 0.471135675907135 0.491491883993149 0.498340308666229 0.49038952589035 0.482865989208221
0.62736976146698 0.628956615924835 0.624958157539368 0.626042127609253 0.630623579025269 0.613591372966766 0.570266008377075 0.527508080005646 0.528553128242493 0.553398311138153 0.57334041595459 0.587798833847046 0.592084884643555 0.603183329105377 0.602243959903717 0.588149011135101 0.57463127374649 0.564442217350006 0.563385605812073 0.570009529590607 0.580342590808868 0.580436587333679 0.561225593090057 0.51572197675705 0.478025823831558 0.471675455570221 0.486387550830841 0.505532264709473 0.502974987030029 0.488021224737167 0.482689648866653 0.481421172618866 0.481686443090439 0.484632849693298 0.477924376726151 0.474105268716812 0.484830915927887 0.494776874780655 0.486297875642776 0.46519410610199 0.447027385234833 0.44487339258194 0.452404230833054 0.451419562101364 0.463795602321625 0.493133187294006 0.50042736530304 0.499081522226334 0.493472754955292
