data/trimmed_ndre/W_ndre.627.2010_no_clouds.asc
NCOLS 130 
NROWS 71 
XLLCORNER 530645 
YLLCORNER 5158205 
CELLSIZE 5 
NODATA_value -3.4e+38 
[rows 21 to 41 of 71, columns 0 to 48 of 130]
0.655866205692291 0.654256463050842 0.649543881416321 0.652271211147308 0.651196956634521 0.65165764093399 0.651788115501404 0.648919224739075 0.656380712985992 0.658476293087006 0.637844264507294 0.617774724960327 0.620058417320251 0.639152586460114 0.649754524230957 0.654065728187561 0.640826940536499 0.617822110652924 0.618338584899902 0.639357089996338 0.639783978462219 0.633449912071228 0.625953793525696 0.624924302101135 0.634721696376801 0.641900956630707 0.63583242893219 0.619093537330627 0.604731202125549 0.604535222053528 0.608602344989777 0.604239046573639 0.590948402881622 0.58795702457428 0.599381744861603 0.599804580211639 0.598600149154663 0.608400166034698 0.62489926815033 0.655015528202057 0.669234216213226 0.670526027679443 0.683326601982117 0.691671192646027 0.69291615486145 0.698413968086243 0.704392313957214 0.700613975524902 0.697084248065948
0.646590113639832 0.64831954240799 0.650923132896423 0.654186546802521 0.65191513299942 0.650220155715942 0.652651906013489 0.652253389358521 0.659148573875427 0.663983047008514 0.642571687698364 0.622320175170898 0.630752384662628 0.650729835033417 0.651541948318481 0.640728354454041 0.634527921676636 0.63051038980484 0.627043724060059 0.629465341567993 0.623727917671204 0.619486808776855 0.613842010498047 0.61065012216568 0.617321491241455 0.622773706912994 0.619457423686981 0.610097527503967 0.601982951164246 0.60272878408432 0.600964963436127 0.607392430305481 0.606569170951843 0.597544848918915 0.59761381149292 0.602038502693176 0.596268355846405 0.579284608364105 0.582444250583649 0.600705742835999 0.622154831886292 0.637905895709991 0.651280224323273 0.665072619915009 0.675948619842529 0.689974069595337 0.697849988937378 0.698933601379395 0.697723984718323
-3.4e+38 0.652028799057007 0.658379375934601 0.661777913570404 0.657469809055328 0.656687438488007 0.662555813789368 0.662570059299469 0.65686708688736 0.654483556747437 0.646732032299042 0.63922244310379 0.644062221050262 0.652869939804077 0.64673388004303 0.626681566238403 0.632539570331573 0.640559554100037 0.629156470298767 0.619172036647797 0.617912352085114 0.620854258537292 0.621945679187775 0.621964871883392 0.620992660522461 0.617413818836212 0.608648836612701 0.607640862464905 0.610697686672211 0.602163374423981 0.593364894390106 0.59995973110199 0.61630392074585 0.614867925643921 0.611729800701141 0.607346713542938 0.597255885601044 0.57919305562973 0.563818514347076 0.561077833175659 0.567939281463623 0.597157537937164 0.620049953460693 0.638106226921082 0.65704470872879 0.669656872749329 0.681844532489777 0.693035542964935 0.699818730354309
-3.4e+38 -3.4e+38 0.657908022403717 0.659559190273285 0.654296576976776 0.661255657672882 0.669234573841095 0.673274517059326 0.659862697124481 0.651131272315979 0.656755387783051 0.654836058616638 0.650430142879486 0.649541676044464 0.644069373607635 0.635902523994446 0.640503823757172 0.645280003547668 0.637325882911682 0.630587637424469 0.629774332046509 0.629621624946594 0.62514591217041 0.624561727046967 0.623043596744537 0.62095981836319 0.613330960273743 0.612276315689087 0.61860579252243 0.611660361289978 0.602917671203613 0.597359895706177 0.610507667064667 0.632412672042847 0.640661597251892 0.632944107055664 0.612843036651611 0.597478985786438 0.579334795475006 0.560708999633789 0.557356357574463 0.571387708187103 0.589614272117615 0.592097580432892 0.617618978023529 0.653234899044037 0.677098870277405 0.691022217273712 0.69909793138504
-3.4e+38 -3.4e+38 -3.4e+38 0.649415969848633 0.646913886070251 0.658827126026154 0.663530766963959 0.662426292896271 0.66185861825943 0.652527987957001 0.652485489845276 0.642790853977203 0.63834810256958 0.636798441410065 0.639822602272034 0.630566716194153 0.625354051589966 0.638423383235931 0.642802059650421 0.638354420661926 0.637040674686432 0.62770938873291 0.614652872085571 0.613677620887756 0.615734398365021 0.620688855648041 0.625027775764465 0.623824059963226 0.629895031452179 0.627251088619232 0.612261652946472 0.598211765289307 0.599892377853394 0.618861854076385 0.632176637649536 0.636418521404266 0.628529012203217 0.612170279026031 0.602241575717926 0.585308730602264 0.572187006473541 0.566253244876862 0.564401507377625 0.564926028251648 0.585505068302155 0.625225722789764 0.646641075611115 0.662546455860138 0.682354032993317
-3.4e+38 -3.4e+38 -3.4e+38 0.649890542030334 0.64193069934845 0.648385345935822 0.650830686092377 0.650224626064301 0.662279725074768 0.652656316757202 0.647137939929962 0.64495313167572 0.640390515327454 0.632781207561493 0.628567218780518 0.61858206987381 0.612954258918762 0.633239686489105 0.630963206291199 0.624112069606781 0.626068413257599 0.616637110710144 0.604564607143402 0.603193521499634 0.60964959859848 0.615708351135254 0.621034324169159 0.622938096523285 0.62761116027832 0.626896679401398 0.619281947612762 0.615349590778351 0.612247586250305 0.611147165298462 0.618103802204132 0.628540635108948 0.635555267333984 0.626801550388336 0.614976286888123 0.603137016296387 0.588781952857971 0.581365942955017 0.573616147041321 0.577003121376038 0.581631422042847 0.591736793518066 0.605690360069275 0.616007208824158 0.663018882274628
-3.4e+38 -3.4e+38 -3.4e+38 0.652570068836212 0.645887613296509 0.649186253547668 0.654222548007965 0.65167224407196 0.647939145565033 0.642848789691925 0.648389756679535 0.662059664726257 0.664129197597504 0.650390923023224 0.632226884365082 0.624450147151947 0.620293319225311 0.627445101737976 0.617527067661285 0.610236048698425 0.61218798160553 0.606170773506165 0.603039622306824 0.600303471088409 0.603651583194733 0.60654079914093 0.606925070285797 0.610963106155396 0.607556641101837 0.604758679866791 0.608772099018097 0.61865895986557 0.625085115432739 0.62174791097641 0.62675017118454 0.633110880851746 0.634624898433685 0.627534449100494 0.615682184696198 0.605770170688629 0.59848290681839 0.593879044055939 0.586920917034149 0.579852104187012 0.579510271549225 0.578075349330902 0.580264985561371 0.593359053134918 0.632307767868042
-3.4e+38 -3.4e+38 -3.4e+38 -3.4e+38 0.647807657718658 0.650192260742188 0.649923861026764 0.652697324752808 0.648559868335724 0.644309997558594 0.642445802688599 0.646192371845245 0.656875431537628 0.655520260334015 0.643560528755188 0.640059411525726 0.619699716567993 0.614116549491882 0.623745441436768 0.619716763496399 0.608332931995392 0.605192840099335 0.612029016017914 0.605224251747131 0.60268622636795 0.605292499065399 0.608317077159882 0.61462813615799 0.609664797782898 0.601345419883728 0.60722416639328 0.613782286643982 0.628425300121307 0.637674689292908 0.642856597900391 0.641385138034821 0.638238251209259 0.632816731929779 0.616039514541626 0.601780712604523 0.594619810581207 0.596589326858521 0.603782892227173 0.602448582649231 0.590033352375031 0.580845892429352 0.56847757101059 0.580304443836212 0.597864806652069
-3.4e+38 -3.4e+38 -3.4e+38 -3.4e+38 -3.4e+38 0.65201336145401 0.65130603313446 0.653283953666687 0.653596639633179 0.64393162727356 0.635058581829071 0.629302561283112 0.639191031455994 0.647209644317627 0.644625723361969 0.637167751789093 0.633364796638489 0.620190978050232 0.617488920688629 0.612731456756592 0.601144731044769 0.594889342784882 0.603678524494171 0.609238982200623 0.610471725463867 0.616347968578339 0.624359965324402 0.626314461231232 0.623930394649506 0.629570603370667 0.63115668296814 0.621246099472046 0.622582733631134 0.639014959335327 0.654336988925934 0.663820028305054 0.662834763526917 0.653779447078705 0.634111285209656 0.619281947612762 0.610414266586304 0.611602604389191 0.624517202377319 0.62665331363678 0.611410200595856 0.594116389751434 0.576500475406647 0.578845322132111 0.592841148376465
-3.4e+38 -3.4e+38 -3.4e+38 -3.4e+38 -3.4e+38 -3.4e+38 -3.4e+38 -3.4e+38 0.643982529640198 0.640597283840179 0.636512994766235 0.630727112293243 0.63008189201355 0.636438727378845 0.636287868022919 0.619725942611694 0.613487005233765 0.612404644489288 0.600170910358429 0.592780470848083 0.591183543205261 0.59393310546875 0.602219760417938 0.614166259765625 0.617942869663239 0.62262088060379 0.630861222743988 0.627767145633698 0.629138052463531 0.647872745990753 0.650006473064423 0.635956048965454 0.632682085037231 0.648324966430664 0.669206857681274 0.682107448577881 0.68091493844986 0.670014917850494 0.657498061656952 0.652499318122864 0.643304526805878 0.631521582603455 0.631894409656525 0.635637700557709 0.636498987674713 0.625601589679718 0.603906393051147 0.591074645519257 0.596532583236694
-3.4e+38 -3.4e+38 -3.4e+38 -3.4e+38 -3.4e+38 -3.4e+38 -3.4e+38 -3.4e+38 -3.4e+38 -3.4e+38 0.651110231876373 0.646235227584839 0.634857296943665 0.629991292953491 0.626766383647919 0.609190344810486 0.601448655128479 0.61591500043869 0.617439389228821 0.61003565788269 0.607523202896118 0.608530879020691 0.60952490568161 0.618395388126373 0.623772084712982 0.626055479049683 0.628432035446167 0.62711101770401 0.62410980463028 0.632761478424072 0.641169011592865 0.639142513275146 0.643254041671753 0.65366917848587 0.66784405708313 0.681599378585815 0.68284285068512 0.672543525695801 0.666545152664185 0.669507503509521 0.660998225212097 0.644018709659576 0.638049721717834 0.647285282611847 0.660529613494873 0.653780698776245 0.628723621368408 0.611953377723694 0.605193912982941
-3.4e+38 -3.4e+38 -3.4e+38 -3.4e+38 -3.4e+38 -3.4e+38 -3.4e+38 -3.4e+38 -3.4e+38 -3.4e+38 -3.4e+38 0.642362117767334 0.630227029323578 0.619993031024933 0.623476445674896 0.622104108333588 0.612392246723175 0.616176307201385 0.623474061489105 0.626890420913696 0.623533725738525 0.620599389076233 0.621330380439758 0.627971887588501 0.63520073890686 0.636316061019897 0.631568670272827 0.631612956523895 0.630060911178589 0.63256573677063 0.643507421016693 0.643412470817566 0.641729414463043 0.650242567062378 0.663153529167175 0.674627602100372 0.679793059825897 0.67478483915329 0.671381652355194 0.674222826957703 0.6746746301651 0.663893163204193 0.657846391201019 0.65858793258667 0.661152958869934 0.655550956726074 0.644882261753082 0.631721198558807 0.621801316738129
-3.4e+38 -3.4e+38 -3.4e+38 -3.4e+38 -3.4e+38 -3.4e+38 -3.4e+38 -3.4e+38 -3.4e+38 -3.4e+38 -3.4e+38 -3.4e+38 -3.4e+38 -3.4e+38 -3.4e+38 -3.4e+38 -3.4e+38 -3.4e+38 -3.4e+38 -3.4e+38 -3.4e+38 -3.4e+38 -3.4e+38 -3.4e+38 -3.4e+38 -3.4e+38 -3.4e+38 -3.4e+38 -3.4e+38 -3.4e+38 -3.4e+38 0.644411265850067 0.649776041507721 0.668624341487885 0.678115129470825 0.679749429225922 0.681446313858032 0.684560835361481 0.67985588312149 0.675454139709473 0.68227082490921 0.682649612426758 0.674933254718781 0.6732577085495 0.665485084056854 0.65296471118927 0.648954629898071 0.642877876758575 0.637780427932739
-3.4e+38 -3.4e+38 -3.4e+38 -3.4e+38 -3.4e+38 -3.4e+38 -3.4e+38 -3.4e+38 -3.4e+38 -3.4e+38 -3.4e+38 -3.4e+38 -3.4e+38 -3.4e+38 -3.4e+38 -3.4e+38 -3.4e+38 -3.4e+38 -3.4e+38 -3.4e+38 -3.4e+38 -3.4e+38 -3.4e+38 -3.4e+38 -3.4e+38 -3.4e+38 -3.4e+38 -3.4e+38 -3.4e+38 -3.4e+38 -3.4e+38 -3.4e+38 -3.4e+38 0.676179647445679 0.680309116840363 0.683106601238251 0.684470117092133 0.68918377161026 0.686350464820862 0.679181456565857 0.68605637550354 0.68518477678299 0.678260862827301 0.678195416927338 0.665027737617493 0.641117870807648 0.633249461650848 0.640268266201019 0.654854238033295
-3.4e+38 -3.4e+38 -3.4e+38 -3.4e+38 -3.4e+38 -3.4e+38 -3.4e+38 -3.4e+38 -3.4e+38 -3.4e+38 -3.4e+38 -3.4e+38 -3.4e+38 -3.4e+38 -3.4e+38 -3.4e+38 -3.4e+38 -3.4e+38 -3.4e+38 -3.4e+38 -3.4e+38 -3.4e+38 -3.4e+38 -3.4e+38 -3.4e+38 -3.4e+38 -3.4e+38 -3.4e+38 -3.4e+38 -3.4e+38 -3.4e+38 -3.4e+38 -3.4e+38 -3.4e+38 0.675803899765015 0.678254187107086 0.683244943618774 0.685713112354279 0.678094327449799 0.674092352390289 0.676995992660522 0.673846423625946 0.667314350605011 0.661929905414581 0.655141234397888 0.642263650894165 0.632214546203613 0.632369458675385 0.648303866386414
-3.4e+38 -3.4e+38 -3.4e+38 -3.4e+38 -3.4e+38 -3.4e+38 -3.4e+38 -3.4e+38 -3.4e+38 -3.4e+38 -3.4e+38 -3.4e+38 -3.4e+38 -3.4e+38 -3.4e+38 -3.4e+38 -3.4e+38 -3.4e+38 -3.4e+38 -3.4e+38 -3.4e+38 -3.4e+38 -3.4e+38 -3.4e+38 -3.4e+38 -3.4e+38 -3.4e+38 -3.4e+38 -3.4e+38 -3.4e+38 -3.4e+38 -3.4e+38 -3.4e+38 -3.4e+38 0.671590447425842 0.667490243911743 0.669978618621826 0.670408248901367 0.663520038127899 0.666899442672729 0.663151502609253 0.655709505081177 0.651719629764557 0.645863175392151 0.647369682788849 0.647410452365875 0.638481259346008 0.635803401470184 0.635531067848206
-3.4e+38 -3.4e+38 -3.4e+38 -3.4e+38 -3.4e+38 -3.4e+38 -3.4e+38 -3.4e+38 -3.4e+38 -3.4e+38 -3.4e+38 -3.4e+38 -3.4e+38 -3.4e+38 -3.4e+38 -3.4e+38 -3.4e+38 -3.4e+38 -3.4e+38 -3.4e+38 -3.4e+38 -3.4e+38 -3.4e+38 -3.4e+38 -3.4e+38 -3.4e+38 -3.4e+38 -3.4e+38 -3.4e+38 -3.4e+38 -3.4e+38 -3.4e+38 -3.4e+38 -3.4e+38 0.669770061969757 0.668481945991516 0.665697753429413 0.662182569503784 0.647954702377319 0.645603895187378 0.647977292537689 0.644584476947784 0.650120615959167 0.652759432792664 0.652704298496246 0.647023439407349 0.640367448329926 0.642450273036957 0.644116818904877
-3.4e+38 -3.4e+38 -3.4e+38 -3.4e+38 -3.4e+38 -3.4e+38 -3.4e+38 -3.4e+38 -3.4e+38 -3.4e+38 -3.4e+38 -3.4e+38 -3.4e+38 -3.4e+38 -3.4e+38 -3.4e+38 -3.4e+38 -3.4e+38 -3.4e+38 -3.4e+38 -3.4e+38 -3.4e+38 -3.4e+38 -3.4e+38 -3.4e+38 -3.4e+38 -3.4e+38 -3.4e+38 -3.4e+38 -3.4e+38 -3.4e+38 -3.4e+38 -3.4e+38 -3.4e+38 -3.4e+38 0.675319612026215 0.667133808135986 0.657734990119934 0.641855359077454 0.628447949886322 0.634104907512665 0.635385930538177 0.637915015220642 0.644307255744934 0.64264315366745 0.638269245624542 0.635235548019409 0.634833574295044 0.639596343040466
-3.4e+38 -3.4e+38 -3.4e+38 -3.4e+38 -3.4e+38 -3.4e+38 -3.4e+38 -3.4e+38 -3.4e+38 -3.4e+38 -3.4e+38 -3.4e+38 -3.4e+38 -3.4e+38 -3.4e+38 -3.4e+38 -3.4e+38 -3.4e+38 -3.4e+38 -3.4e+38 -3.4e+38 -3.4e+38 -3.4e+38 -3.4e+38 -3.4e+38 -3.4e+38 -3.4e+38 -3.4e+38 -3.4e+38 -3.4e+38 -3.4e+38 -3.4e+38 -3.4e+38 -3.4e+38 -3.4e+38 -3.4e+38 0.661077916622162 0.6521115899086 0.642769515514374 0.624697804450989 0.616688549518585 0.614152312278748 0.617761611938477 0.624782681465149 0.616891264915466 0.607412815093994 0.610117435455322 0.617026507854462 0.627968192100525
-3.4e+38 -3.4e+38 -3.4e+38 -3.4e+38 -3.4e+38 -3.4e+38 -3.4e+38 -3.4e+38 -3.4e+38 -3.4e+38 -3.4e+38 -3.4e+38 -3.4e+38 -3.4e+38 -3.4e+38 -3.4e+38 -3.4e+38 -3.4e+38 -3.4e+38 -3.4e+38 -3.4e+38 -3.4e+38 -3.4e+38 -3.4e+38 -3.4e+38 -3.4e+38 -3.4e+38 -3.4e+38 -3.4e+38 -3.4e+38 -3.4e+38 -3.4e+38 -3.4e+38 -3.4e+38 -3.4e+38 -3.4e+38 -3.4e+38 0.648442983627319 0.641580939292908 0.632271468639374 0.625191152095795 0.619212567806244 0.614045262336731 0.621504127979279 0.618619501590729 0.603530824184418 0.604492485523224 0.612632155418396 0.619115352630615
-3.4e+38 -3.4e+38 -3.4e+38 -3.4e+38 -3.4e+38 -3.4e+38 -3.4e+38 -3.4e+38 -3.4e+38 -3.4e+38 -3.4e+38 -3.4e+38 -3.4e+38 -3.4e+38 -3.4e+38 -3.4e+38 -3.4e+38 -3.4e+38 -3.4e+38 -3.4e+38 -3.4e+38 -3.4e+38 -3.4e+38 -3.4e+38 -3.4e+38 -3.4e+38 -3.4e+38 -3.4e+38 -3.4e+38 -3.4e+38 -3.4e+38 -3.4e+38 -3.4e+38 -3.4e+38 -3.4e+38 -3.4e+38 -3.4e+38 -3.4e+38 0.650022506713867 0.643939793109894 0.631833493709564 0.626053154468536 0.622806370258331 0.627300083637238 0.630839765071869 0.627499520778656 0.627696335315704 0.626884520053864 0.623767971992493
