data/trimmed_ndre/W_ndre.84.2012_no_clouds.asc
NCOLS 130 
NROWS 71 
XLLCORNER 530645 
YLLCORNER 5158205 
CELLSIZE 5 
NODATA_value -3.4e+38 
[rows 0 to 20 of 71, columns 0 to 48 of 130]
-339999999999999996123846586046231871488.000000000000000 -3.4e+38 -3.4e+38 -3.4e+38 -3.4e+38 -3.4e+38 -3.4e+38 -3.4e+38 -3.4e+38 -3.4e+38 -3.4e+38 0.396505087614059 0.386001408100128 0.353766560554504 0.317806959152222 0.318882614374161 0.332124084234238 -3.4e+38 -3.4e+38 -3.4e+38 -3.4e+38 -3.4e+38 -3.4e+38 -3.4e+38 -3.4e+38 -3.4e+38 -3.4e+38 -3.4e+38 -3.4e+38 -3.4e+38 -3.4e+38 -3.4e+38 -3.4e+38 -3.4e+38 -3.4e+38 -3.4e+38 -3.4e+38 -3.4e+38 -3.4e+38 -3.4e+38 -3.4e+38 -3.4e+38 -3.4e+38 -3.4e+38 -3.4e+38 -3.4e+38 -3.4e+38 -3.4e+38 -3.4e+38
-3.4e+38 -3.4e+38 -3.4e+38 -3.4e+38 -3.4e+38 -3.4e+38 -3.4e+38 -3.4e+38 -3.4e+38 -3.4e+38 0.409951061010361 0.408392012119293 0.400849491357803 0.362484514713287 0.32820075750351 0.323537826538086 0.311955243349075 0.331900388002396 -3.4e+38 -3.4e+38 -3.4e+38 -3.4e+38 -3.4e+38 -3.4e+38 -3.4e+38 -3.4e+38 -3.4e+38 -3.4e+38 -3.4e+38 -3.4e+38 -3.4e+38 -3.4e+38 -3.4e+38 -3.4e+38 -3.4e+38 -3.4e+38 -3.4e+38 -3.4e+38 -3.4e+38 -3.4e+38 -3.4e+38 -3.4e+38 -3.4e+38 -3.4e+38 -3.4e+38 -3.4e+38 -3.4e+38 -3.4e+38 -3.4e+38
-3.4e+38 -3.4e+38 -3.4e+38 -3.4e+38 -3.4e+38 -3.4e+38 -3.4e+38 -3.4e+38 0.424287021160126 0.425328999757767 0.415456622838974 0.409089356660843 0.403353810310364 0.378878474235535 0.356334716081619 0.338490456342697 0.305660516023636 0.321462213993073 0.364485263824463 -3.4e+38 -3.4e+38 -3.4e+38 -3.4e+38 -3.4e+38 -3.4e+38 -3.4e+38 -3.4e+38 -3.4e+38 -3.4e+38 -3.4e+38 -3.4e+38 -3.4e+38 -3.4e+38 -3.4e+38 -3.4e+38 -3.4e+38 -3.4e+38 -3.4e+38 -3.4e+38 -3.4e+38 -3.4e+38 -3.4e+38 -3.4e+38 -3.4e+38 -3.4e+38 -3.4e+38 -3.4e+38 -3.4e+38 -3.4e+38
-3.4e+38 -3.4e+38 -3.4e+38 -3.4e+38 -3.4e+38 -3.4e+38 -3.4e+38 -3.4e+38 -3.4e+38 0.42423751950264 0.407769471406937 0.403326898813248 0.401181936264038 0.391209274530411 0.374377429485321 0.344162315130234 0.313908129930496 0.324357807636261 0.347276896238327 0.360215961933136 0.381091803312302 -3.4e+38 -3.4e+38 -3.4e+38 -3.4e+38 -3.4e+38 -3.4e+38 -3.4e+38 -3.4e+38 -3.4e+38 -3.4e+38 -3.4e+38 0.387228220701218 0.382684469223022 -3.4e+38 -3.4e+38 -3.4e+38 -3.4e+38 -3.4e+38 -3.4e+38 -3.4e+38 -3.4e+38 -3.4e+38 -3.4e+38 -3.4e+38 -3.4e+38 -3.4e+38 -3.4e+38 -3.4e+38
-3.4e+38 -3.4e+38 -3.4e+38 -3.4e+38 -3.4e+38 -3.4e+38 -3.4e+38 -3.4e+38 -3.4e+38 0.427287727594376 0.40283390879631 0.393194019794464 0.391234278678894 0.395998299121857 0.385126829147339 0.350785374641418 0.322881430387497 0.321166008710861 0.334945201873779 0.352594792842865 0.374459952116013 0.393013328313828 0.407715648412704 0.412310928106308 0.428790688514709 0.436434000730515 0.434982001781464 0.421035617589951 -3.4e+38 -3.4e+38 -3.4e+38 0.387641727924347 0.390389442443848 0.409909665584564 0.405704081058502 0.393982440233231 0.39282101392746 -3.4e+38 -3.4e+38 -3.4e+38 -3.4e+38 -3.4e+38 -3.4e+38 -3.4e+38 -3.4e+38 -3.4e+38 -3.4e+38 -3.4e+38 -3.4e+38
-3.4e+38 -3.4e+38 -3.4e+38 -3.4e+38 -3.4e+38 -3.4e+38 -3.4e+38 -3.4e+38 -3.4e+38 0.421614229679108 0.40839684009552 0.385750383138657 0.389671295881271 0.404396116733551 0.396410167217255 0.358582764863968 0.319759488105774 0.31729656457901 0.337224960327148 0.351678103208542 0.36599537730217 0.375316977500916 0.395317375659943 0.422019273042679 0.437266319990158 0.439842343330383 0.433693319559097 0.422609210014343 0.415488868951797 0.413635045289993 0.405452013015747 0.388505816459656 0.390267461538315 0.421347767114639 0.419895738363266 0.404343813657761 0.403757572174072 0.413528203964233 0.405498266220093 0.375561118125916 -3.4e+38 -3.4e+38 -3.4e+38 -3.4e+38 -3.4e+38 -3.4e+38 -3.4e+38 -3.4e+38 -3.4e+38
-3.4e+38 -3.4e+38 -3.4e+38 -3.4e+38 -3.4e+38 -3.4e+38 -3.4e+38 -3.4e+38 -3.4e+38 0.420141011476517 0.413787037134171 0.387056410312653 0.3825523853302 0.391329437494278 0.379950642585754 0.356480360031128 0.318558871746063 0.326541632413864 0.347941637039185 0.351780325174332 0.36520516872406 0.37683042883873 0.390528112649918 0.406549602746964 0.412696897983551 0.415223002433777 0.417597502470016 0.415435671806335 0.419980376958847 0.422579258680344 0.414821535348892 0.395673394203186 0.390452653169632 0.407723188400269 0.411282271146774 0.409611225128174 0.415497660636902 0.427371740341187 0.418501347303391 0.393877774477005 0.374794870615005 0.349181175231934 -3.4e+38 -3.4e+38 -3.4e+38 -3.4e+38 -3.4e+38 -3.4e+38 -3.4e+38
-3.4e+38 -3.4e+38 -3.4e+38 -3.4e+38 -3.4e+38 -3.4e+38 -3.4e+38 -3.4e+38 -3.4e+38 0.428630381822586 0.400021314620972 0.361675411462784 0.35107746720314 0.355399399995804 0.352824300527573 0.352008998394012 0.340484231710434 0.346122115850449 0.355117380619049 0.353852301836014 0.37178036570549 0.384235054254532 0.383086055517197 0.385392606258392 0.38239449262619 0.388151943683624 0.394777655601501 0.398956030607224 0.409493088722229 0.413063138723373 0.409689009189606 0.401000738143921 0.390861421823502 0.393872886896133 0.397381037473679 0.404303044080734 0.416855841875076 0.426344573497772 0.414096921682358 0.401748955249786 0.395408630371094 0.38189885020256 0.372671872377396 -3.4e+38 -3.4e+38 -3.4e+38 -3.4e+38 -3.4e+38 -3.4e+38
-3.4e+38 -3.4e+38 -3.4e+38 -3.4e+38 -3.4e+38 -3.4e+38 -3.4e+38 -3.4e+38 0.419457912445068 0.421868830919266 0.393932312726974 0.350902199745178 0.330285906791687 0.326528191566467 0.335200816392899 0.348311752080917 0.361182570457458 0.360447525978088 0.365532040596008 0.379744559526443 0.390642136335373 0.397640854120255 0.39940482378006 0.394135236740112 0.385624617338181 0.383554369211197 0.395617783069611 0.402918696403503 0.398591488599777 0.394152760505676 0.393114060163498 0.396569222211838 0.40017506480217 0.396657556295395 0.390761017799377 0.397575616836548 0.409628450870514 0.41010594367981 0.401174902915955 0.394325256347656 0.39546012878418 0.397722899913788 0.394366949796677 0.381757616996765 0.373956948518753 0.375484019517899 0.363876789808273 -3.4e+38 -3.4e+38
-3.4e+38 -3.4e+38 -3.4e+38 -3.4e+38 -3.4e+38 -3.4e+38 -3.4e+38 0.441071718931198 0.433078706264496 0.417681008577347 0.401802003383636 0.363796561956406 0.331249296665192 0.30321416258812 0.304423332214355 0.334627062082291 0.362810730934143 0.368509352207184 0.368819952011108 0.376888781785965 0.39360523223877 0.413228720426559 0.421968281269073 0.415482401847839 0.404981046915054 0.400371640920639 0.404059052467346 0.413456290960312 0.409279137849808 0.39671203494072 0.402960062026978 0.408740758895874 0.410835027694702 0.409043729305267 0.399238616228104 0.398124039173126 0.398758679628372 0.391807407140732 0.390233159065247 0.386232256889343 0.392649948596954 0.401857167482376 0.406116753816605 0.399512082338333 0.391759932041168 0.38715472817421 0.376129269599915 0.358938694000244 -3.4e+38
-3.4e+38 -3.4e+38 -3.4e+38 -3.4e+38 -3.4e+38 -3.4e+38 0.467633128166199 0.458511650562286 0.437317818403244 0.4208964407444 0.403710275888443 0.390634626150131 0.370219469070435 0.3420130610466 0.326776593923569 0.339040666818619 0.36132401227951 0.36833930015564 0.366444826126099 0.371573626995087 0.395637661218643 0.41662323474884 0.427918761968613 0.434006094932556 0.427204757928848 0.422301918268204 0.409659802913666 0.408945798873901 0.411942690610886 0.408076077699661 0.417028456926346 0.414601266384125 0.402281254529953 0.397236049175262 0.393525838851929 0.398522168397903 0.400165587663651 0.393628716468811 0.394663572311401 0.396682024002075 0.403161704540253 0.408171772956848 0.414772152900696 0.423365026712418 0.41221359372139 0.401200950145721 0.388868719339371 0.376436024904251 0.371278584003448
-3.4e+38 -3.4e+38 -3.4e+38 -3.4e+38 -3.4e+38 0.457823753356934 0.471772521734238 0.463802307844162 0.443016886711121 0.418240189552307 0.391396373510361 0.401114672422409 0.417356759309769 0.400082647800446 0.372217446565628 0.35654628276825 0.367198050022125 0.3880335688591 0.395537912845612 0.397772282361984 0.409107148647308 0.423237055540085 0.43775948882103 0.446057617664337 0.442525684833527 0.433121800422668 0.428334355354309 0.420446813106537 0.420092076063156 0.430454552173615 0.430371791124344 0.417803168296814 0.411657601594925 0.408151507377625 0.423522561788559 0.443039894104004 0.438903748989105 0.411159455776215 0.395521879196167 0.393694818019867 0.399160742759705 0.40341579914093 0.404630571603775 0.405086249113083 0.404289692640305 0.404839724302292 0.39842677116394 0.390315294265747 0.38248798251152
-3.4e+38 -3.4e+38 -3.4e+38 -3.4e+38 -3.4e+38 0.445947170257568 0.455164641141891 0.461152702569962 0.462047755718231 0.445729225873947 0.425015419721603 0.412908464670181 0.425847947597504 0.426499545574188 0.404432058334351 0.375877022743225 0.379154890775681 0.404417306184769 0.414633631706238 0.41116788983345 0.416458129882812 0.430484056472778 0.451208770275116 0.457780569791794 0.4494668841362 0.437946379184723 0.443962901830673 0.444644302129745 0.435865312814713 0.442258834838867 0.447500050067902 0.417253494262695 0.406217873096466 0.428808391094208 0.452212810516357 0.477877080440521 0.463150024414062 0.421041876077652 0.39561864733696 0.390217989683151 0.387900769710541 0.394379585981369 0.406318664550781 0.406884610652924 0.402800142765045 0.404928922653198 0.399779051542282 0.395986527204514 0.393462032079697
-3.4e+38 -3.4e+38 -3.4e+38 -3.4e+38 0.433183759450912 0.431337982416153 0.441949516534805 0.4540074467659 0.468649983406067 0.469655811786652 0.44898310303688 0.425234943628311 0.424917638301849 0.434269934892654 0.428124517202377 0.404039114713669 0.398703873157501 0.40323206782341 0.400641739368439 0.392999887466431 0.402142405509949 0.43257075548172 0.454137682914734 0.461270332336426 0.445866733789444 0.441715955734253 0.461127907037735 0.468046754598618 0.445792198181152 0.43179127573967 0.439732581377029 0.420033812522888 0.408346921205521 0.421787142753601 0.429859191179276 0.448086619377136 0.441886782646179 0.410402923822403 0.392914563417435 0.390133291482925 0.392360150814056 0.401797026395798 0.408161073923111 0.402464330196381 0.403161913156509 0.404050171375275 0.401901870965958 0.400910019874573 0.403369098901749
-3.4e+38 -3.4e+38 -3.4e+38 -3.4e+38 0.41297972202301 0.418238282203674 0.436128854751587 0.438607156276703 0.459472566843033 0.473118752241135 0.451874971389771 0.439439415931702 0.446015954017639 0.450514584779739 0.448294788599014 0.435286700725555 0.426534920930862 0.41428929567337 0.390996515750885 0.383707821369171 0.407129794359207 0.434663087129593 0.452789068222046 0.454343974590302 0.434992522001266 0.432578206062317 0.462979972362518 0.472337037324905 0.448337972164154 0.423517554998398 0.424548029899597 0.419132739305496 0.415672034025192 0.42154124379158 0.430035471916199 0.437709480524063 0.42695289850235 0.408947467803955 0.397629797458649 0.401657402515411 0.410799562931061 0.404678285121918 0.396222501993179 0.3919478058815 0.397130876779556 0.404974728822708 0.407516121864319 0.403872519731522 0.403681099414825
-3.4e+38 -3.4e+38 -3.4e+38 -3.4e+38 0.402555912733078 0.418466806411743 0.437193393707275 0.422024548053741 0.434218138456345 0.459145605564117 0.435204565525055 0.434008955955505 0.460509091615677 0.461878448724747 0.457483381032944 0.456510424613953 0.457398116588593 0.44347557425499 0.422918200492859 0.418495297431946 0.439645797014236 0.449117690324783 0.465812355279922 0.46662437915802 0.442479193210602 0.432876318693161 0.458071261644363 0.471080660820007 0.451965987682343 0.437457054853439 0.42639097571373 0.409278333187103 0.403494983911514 0.408951610326767 0.423531115055084 0.429499506950378 0.422013342380524 0.410373210906982 0.397796720266342 0.397209793329239 0.407213181257248 0.407660782337189 0.400706708431244 0.397802978754044 0.409359455108643 0.413944870233536 0.404749870300293 0.400095999240875 0.399201810359955
-3.4e+38 -3.4e+38 -3.4e+38 0.414935380220413 0.415663868188858 0.41971755027771 0.422795504331589 0.418689727783203 0.418049573898315 0.433664619922638 0.408788293600082 0.419470280408859 0.456271439790726 0.455875307321548 0.444898992776871 0.444263070821762 0.458245158195496 0.46153798699379 0.454510599374771 0.449640363454819 0.458496153354645 0.456004232168198 0.464906364679337 0.467158079147339 0.450204253196716 0.448476433753967 0.472886860370636 0.487908691167831 0.478479892015457 0.468989342451096 0.452798575162888 0.429009139537811 0.4121013879776 0.416906595230103 0.429421097040176 0.433232516050339 0.431730329990387 0.424941450357437 0.416153013706207 0.407187193632126 0.407132893800735 0.415035784244537 0.416533201932907 0.409055799245834 0.41524550318718 0.41196870803833 0.40274453163147 0.405425935983658 0.404113471508026
-3.4e+38 -3.4e+38 0.433228552341461 0.422665536403656 0.420827686786652 0.424756348133087 0.421851366758347 0.431526273488998 0.431670159101486 0.414447963237762 0.376350969076157 0.38393846154213 0.42707484960556 0.44409504532814 0.442693263292313 0.436133444309235 0.439112097024918 0.449499517679214 0.449414223432541 0.445195347070694 0.452839314937592 0.449544370174408 0.45291131734848 0.447224408388138 0.435149252414703 0.444032400846481 0.472230643033981 0.494227051734924 0.501847505569458 0.495385140180588 0.485211133956909 0.467484205961227 0.451071619987488 0.451181501150131 0.450828582048416 0.441015154123306 0.436364650726318 0.436254143714905 0.433486104011536 0.428563863039017 0.42498043179512 0.418518513441086 0.422835290431976 0.426840543746948 0.42493724822998 0.420399576425552 0.410694539546967 0.408698618412018 0.416899621486664
-3.4e+38 0.459664106369019 0.455543220043182 0.441607147455215 0.437250167131424 0.442530602216721 0.442647248506546 0.448787659406662 0.443813920021057 0.388830035924911 0.341104954481125 0.359568148851395 0.403045386075974 0.435037195682526 0.438370764255524 0.437675982713699 0.432648450136185 0.44686084985733 0.457024574279785 0.449721962213516 0.447352021932602 0.444243431091309 0.447041183710098 0.444288074970245 0.443690299987793 0.460070729255676 0.476658016443253 0.48479562997818 0.499960422515869 0.506050169467926 0.509038150310516 0.507447957992554 0.493037492036819 0.485079407691956 0.476165562868118 0.46690621972084 0.459630757570267 0.451267600059509 0.437522679567337 0.431405454874039 0.43237516283989 0.428693324327469 0.426208257675171 0.429918587207794 0.429531902074814 0.424447029829025 0.415947943925858 0.41405862569809 0.423437654972076
-3.4e+38 0.463235795497894 0.464880466461182 0.455257713794708 0.457305103540421 0.466025799512863 0.468947440385818 0.461525529623032 0.444502323865891 0.389897227287292 0.359583675861359 0.401066333055496 0.42774823307991 0.445721656084061 0.439325392246246 0.439133554697037 0.434314638376236 0.44046276807785 0.455071359872818 0.450657486915588 0.441432535648346 0.43554300069809 0.440636217594147 0.446801155805588 0.457268625497818 0.472043365240097 0.47707462310791 0.469326198101044 0.466060012578964 0.47216472029686 0.486446380615234 0.497802227735519 0.502668738365173 0.508086264133453 0.501586198806763 0.48976194858551 0.477194458246231 0.452060043811798 0.426751881837845 0.419300347566605 0.432831525802612 0.438149690628052 0.429494649171829 0.425096482038498 0.425811320543289 0.423729300498962 0.427434802055359 0.42803692817688 0.430950671434402
0.46772888302803 0.464863657951355 0.468456029891968 0.466116428375244 0.472625702619553 0.475673913955688 0.471940189599991 0.461995989084244 0.439315646886826 0.400265395641327 0.401447206735611 0.444757431745529 0.459798544645309 0.46298685669899 0.448894917964935 0.440740525722504 0.439766079187393 0.443224966526031 0.452289044857025 0.453465729951859 0.446484416723251 0.44488188624382 0.456206411123276 0.4608054459095 0.456315755844116 0.450761258602142 0.437471032142639 0.423911690711975 0.422315210103989 0.43216797709465 0.455041766166687 0.476286321878433 0.497278958559036 0.517496764659882 0.512936294078827 0.495113015174866 0.476993054151535 0.453444719314575 0.432870417833328 0.429718613624573 0.443553775548935 0.448555946350098 0.43660232424736 0.42708745598793 0.420744240283966 0.422226309776306 0.433769196271896 0.439204484224319 0.449567764997482
