data/trimmed_ndre/W_ndre.619.2014_no_clouds.asc
NCOLS 130 
NROWS 71 
XLLCORNER 530645 
YLLCORNER 5158205 
CELLSIZE 5 
NODATA_value -3.4e+38 
[rows 21 to 41 of 71, columns 0 to 48 of 130]
0.510710179805756 0.528062999248505 0.547842144966125 0.564950227737427 0.58050662279129 0.585038065910339 0.587723314762115 0.599754571914673 0.61017519235611 0.599783539772034 0.558525502681732 0.541983187198639 0.56776487827301 0.582336664199829 0.592041254043579 0.58105880022049 0.556278586387634 0.526956737041473 0.506618499755859 0.512460172176361 0.532949209213257 0.554234385490417 0.559003591537476 0.549836456775665 0.550611138343811 0.566182136535645 0.555020213127136 0.543082296848297 0.531726658344269 0.509894728660583 0.499563246965408 0.537980735301971 0.583545207977295 0.611976504325867 0.611211538314819 0.59726083278656 0.598203241825104 0.585852742195129 0.58191591501236 0.58468633890152 0.5747230052948 0.572691380977631 0.557163178920746 0.548061907291412 0.566531836986542 0.570702075958252 0.553165137767792 0.544591248035431 0.538657248020172
0.514782428741455 0.529046416282654 0.53807270526886 0.535584270954132 0.555077254772186 0.576592922210693 0.581226766109467 0.598161816596985 0.622889399528503 0.627018094062805 0.607148587703705 0.595612704753876 0.590397357940674 0.582448899745941 0.569392263889313 0.523520052433014 0.481450825929642 0.484093874692917 0.513962090015411 0.529675781726837 0.540330350399017 0.554682075977325 0.561531066894531 0.56432580947876 0.573096752166748 0.583314180374146 0.560234785079956 0.549697816371918 0.554866373538971 0.541294276714325 0.521582186222076 0.548578798770905 0.594990611076355 0.613786280155182 0.607246339321136 0.597758591175079 0.599061727523804 0.594256043434143 0.581252157688141 0.558844447135925 0.548469603061676 0.561685681343079 0.571440160274506 0.579600811004639 0.587741792201996 0.587851524353027 0.581525921821594 0.566816866397858 0.557541787624359
-3.4e+38 0.52033007144928 0.522104263305664 0.520783424377441 0.552172362804413 0.570315301418304 0.580407798290253 0.6028892993927 0.621069431304932 0.634691953659058 0.626830041408539 0.611858785152435 0.582406520843506 0.543960154056549 0.515900313854218 0.479031801223755 0.481337398290634 0.524920880794525 0.553217530250549 0.558295607566833 0.558602929115295 0.553693175315857 0.553393661975861 0.562676429748535 0.579185247421265 0.587835609912872 0.580977499485016 0.569060027599335 0.563356637954712 0.558790862560272 0.549426555633545 0.561724483966827 0.591184437274933 0.60599958896637 0.601979076862335 0.61382120847702 0.621971905231476 0.611373662948608 0.576391339302063 0.529770255088806 0.507954359054565 0.523327946662903 0.551153600215912 0.590605020523071 0.612344205379486 0.618455827236176 0.621488928794861 0.609731137752533 0.593061327934265
-3.4e+38 -3.4e+38 0.51605761051178 0.52693372964859 0.554824590682983 0.568485736846924 0.580221831798553 0.596480190753937 0.602045059204102 0.614228904247284 0.609522521495819 0.583795189857483 0.547477424144745 0.497108906507492 0.491251677274704 0.514517605304718 0.552979707717896 0.596646249294281 0.609701037406921 0.59082692861557 0.571404218673706 0.550333619117737 0.545784533023834 0.55623060464859 0.57109123468399 0.567136466503143 0.553586900234222 0.549744307994843 0.550871253013611 0.556727826595306 0.567096769809723 0.57830423116684 0.590681970119476 0.597993314266205 0.605121731758118 0.623494029045105 0.627941131591797 0.608993411064148 0.577279567718506 0.541036784648895 0.513750791549683 0.506618440151215 0.520114243030548 0.553886651992798 0.583652675151825 0.612533748149872 0.634740889072418 0.634655237197876 0.631778419017792
-3.4e+38 -3.4e+38 -3.4e+38 0.537107050418854 0.550130367279053 0.56472647190094 0.571931898593903 0.57830411195755 0.582659423351288 0.586580038070679 0.569324254989624 0.532693386077881 0.508597135543823 0.488831520080566 0.51006692647934 0.560944497585297 0.59505432844162 0.604336321353912 0.597246050834656 0.583307683467865 0.577230095863342 0.560981273651123 0.557517886161804 0.565343022346497 0.566855311393738 0.550606250762939 0.543267428874969 0.553058862686157 0.558651566505432 0.563541948795319 0.568358302116394 0.574621260166168 0.583842575550079 0.596181154251099 0.615227460861206 0.633019268512726 0.638001024723053 0.627343535423279 0.595966279506683 0.558379590511322 0.532361090183258 0.49626949429512 0.476960957050323 0.489754527807236 0.505053400993347 0.564572930335999 0.627702355384827 0.646089255809784 0.659680604934692
-3.4e+38 -3.4e+38 -3.4e+38 0.54503607749939 0.552896082401276 0.562527775764465 0.559701859951019 0.561143100261688 0.559934675693512 0.549374520778656 0.524308204650879 0.497528225183487 0.503328025341034 0.520030736923218 0.543541967868805 0.576409697532654 0.582185924053192 0.555844843387604 0.536914110183716 0.557653069496155 0.579986929893494 0.576818585395813 0.568993628025055 0.560713052749634 0.553690671920776 0.547288119792938 0.557344973087311 0.572187721729279 0.574112832546234 0.572529315948486 0.561583459377289 0.559486389160156 0.572023034095764 0.583614945411682 0.616558372974396 0.638428330421448 0.634316086769104 0.621397197246552 0.594627916812897 0.561613917350769 0.543563902378082 0.511797368526459 0.477886468172073 0.469026386737823 0.4757020175457 0.508788406848907 0.572782397270203 0.619093298912048 0.640340983867645
-3.4e+38 -3.4e+38 -3.4e+38 0.564846336841583 0.566159844398499 0.566524624824524 0.559064745903015 0.551524102687836 0.531708836555481 0.51148247718811 0.501443266868591 0.496600955724716 0.523311614990234 0.552521347999573 0.554464638233185 0.569842100143433 0.557084500789642 0.527968645095825 0.518765985965729 0.546311736106873 0.578253865242004 0.577503383159637 0.560846269130707 0.540381848812103 0.535179734230042 0.544212877750397 0.562300264835358 0.572383880615234 0.575575053691864 0.574304640293121 0.56005859375 0.557749807834625 0.573725700378418 0.588085234165192 0.615753948688507 0.637015402317047 0.622639417648315 0.593329966068268 0.574183464050293 0.575088143348694 0.574630379676819 0.550734043121338 0.507315158843994 0.48068168759346 0.478412210941315 0.471966177225113 0.520411193370819 0.573025584220886 0.603198170661926
-3.4e+38 -3.4e+38 -3.4e+38 -3.4e+38 0.570310235023499 0.563492238521576 0.549353063106537 0.520169675350189 0.489238053560257 0.48230242729187 0.498670369386673 0.514849781990051 0.543121218681335 0.558001220226288 0.551825940608978 0.559960305690765 0.552718460559845 0.536711096763611 0.5423544049263 0.56252920627594 0.576891601085663 0.567226767539978 0.543800175189972 0.524143636226654 0.520452439785004 0.532140374183655 0.547872602939606 0.555969774723053 0.562924683094025 0.571378529071808 0.57114040851593 0.579796314239502 0.592987179756165 0.602832973003387 0.614062905311584 0.641028463840485 0.626080513000488 0.583349525928497 0.572072923183441 0.578130960464478 0.586338460445404 0.565058529376984 0.526995062828064 0.501681625843048 0.488942444324493 0.479826956987381 0.506516575813293 0.533701837062836 0.554100632667542
-3.4e+38 -3.4e+38 -3.4e+38 -3.4e+38 -3.4e+38 0.532188653945923 0.512708425521851 0.489591270685196 0.480884253978729 0.487923502922058 0.514240443706512 0.537059128284454 0.547379016876221 0.553301274776459 0.545977890491486 0.542969346046448 0.54895430803299 0.557617127895355 0.570546507835388 0.58068972826004 0.576371490955353 0.559593617916107 0.53435355424881 0.522851884365082 0.52947986125946 0.536073327064514 0.54483300447464 0.556629180908203 0.558023810386658 0.567405939102173 0.587577283382416 0.605411231517792 0.615027368068695 0.610275030136108 0.613560378551483 0.642328023910522 0.634445607662201 0.595077812671661 0.570557832717896 0.554597556591034 0.550614356994629 0.550272941589355 0.540234565734863 0.542719483375549 0.537119746208191 0.514985263347626 0.498345017433167 0.516241431236267 0.523811101913452
-3.4e+38 -3.4e+38 -3.4e+38 -3.4e+38 -3.4e+38 -3.4e+38 -3.4e+38 -3.4e+38 0.510260760784149 0.526957750320435 0.547637581825256 0.555046439170837 0.548661887645721 0.542906582355499 0.535256326198578 0.532033562660217 0.545305907726288 0.557390689849854 0.569184005260468 0.569211900234222 0.556818008422852 0.544412314891815 0.536772012710571 0.541031301021576 0.55032354593277 0.55216258764267 0.560196936130524 0.569707155227661 0.565228402614594 0.580903887748718 0.60641872882843 0.623162031173706 0.625868499279022 0.62932813167572 0.626262009143829 0.631393074989319 0.623688995838165 0.602541089057922 0.58281409740448 0.569047331809998 0.557156085968018 0.562026798725128 0.573742747306824 0.57942807674408 0.581295073032379 0.561365604400635 0.543077290058136 0.547550439834595 0.540438830852509
-3.4e+38 -3.4e+38 -3.4e+38 -3.4e+38 -3.4e+38 -3.4e+38 -3.4e+38 -3.4e+38 -3.4e+38 -3.4e+38 0.547939658164978 0.552948236465454 0.536864399909973 0.520799338817596 0.527822256088257 0.53032648563385 0.532598495483398 0.537473261356354 0.543560385704041 0.535103619098663 0.523943364620209 0.528586983680725 0.54757159948349 0.551232695579529 0.550391256809235 0.56128454208374 0.587556004524231 0.602874875068665 0.60029661655426 0.609706997871399 0.623258471488953 0.627221703529358 0.622986316680908 0.626411437988281 0.612676739692688 0.599214375019073 0.600037336349487 0.595914125442505 0.593622505664825 0.593554794788361 0.590530753135681 0.589284956455231 0.585902631282806 0.586076438426971 0.599432229995728 0.593454837799072 0.583126246929169 0.577495098114014 0.56547874212265
-3.4e+38 -3.4e+38 -3.4e+38 -3.4e+38 -3.4e+38 -3.4e+38 -3.4e+38 -3.4e+38 -3.4e+38 -3.4e+38 -3.4e+38 0.538215577602386 0.527405500411987 0.513229191303253 0.524433970451355 0.52788370847702 0.524714708328247 0.522039115428925 0.520942032337189 0.514519691467285 0.51434051990509 0.52701723575592 0.545137405395508 0.539319515228271 0.540342152118683 0.570199251174927 0.596668899059296 0.626375079154968 0.633104681968689 0.628344833850861 0.629946649074554 0.631548643112183 0.620649874210358 0.606762230396271 0.581901609897614 0.574273705482483 0.584704339504242 0.592546164989471 0.602611899375916 0.606828033924103 0.602596163749695 0.598717510700226 0.592293798923492 0.592620074748993 0.601686775684357 0.594889938831329 0.59202253818512 0.587070882320404 0.574383318424225
-3.4e+38 -3.4e+38 -3.4e+38 -3.4e+38 -3.4e+38 -3.4e+38 -3.4e+38 -3.4e+38 -3.4e+38 -3.4e+38 -3.4e+38 -3.4e+38 -3.4e+38 -3.4e+38 -3.4e+38 -3.4e+38 -3.4e+38 -3.4e+38 -3.4e+38 -3.4e+38 -3.4e+38 -3.4e+38 -3.4e+38 -3.4e+38 -3.4e+38 -3.4e+38 -3.4e+38 -3.4e+38 -3.4e+38 -3.4e+38 -3.4e+38 0.62537544965744 0.622028052806854 0.597782373428345 0.570926427841187 0.570934474468231 0.584230422973633 0.593001484870911 0.599594533443451 0.59984302520752 0.597302496433258 0.598004460334778 0.596687853336334 0.593945145606995 0.590266227722168 0.585725128650665 0.588008999824524 0.586376845836639 0.580469250679016
-3.4e+38 -3.4e+38 -3.4e+38 -3.4e+38 -3.4e+38 -3.4e+38 -3.4e+38 -3.4e+38 -3.4e+38 -3.4e+38 -3.4e+38 -3.4e+38 -3.4e+38 -3.4e+38 -3.4e+38 -3.4e+38 -3.4e+38 -3.4e+38 -3.4e+38 -3.4e+38 -3.4e+38 -3.4e+38 -3.4e+38 -3.4e+38 -3.4e+38 -3.4e+38 -3.4e+38 -3.4e+38 -3.4e+38 -3.4e+38 -3.4e+38 -3.4e+38 -3.4e+38 0.578224778175354 0.567602574825287 0.581212341785431 0.586600005626678 0.58273583650589 0.581558167934418 0.580807268619537 0.580154418945312 0.586161911487579 0.591775953769684 0.588489651679993 0.579590380191803 0.5738126039505 0.574118435382843 0.569615185260773 0.560801386833191
-3.4e+38 -3.4e+38 -3.4e+38 -3.4e+38 -3.4e+38 -3.4e+38 -3.4e+38 -3.4e+38 -3.4e+38 -3.4e+38 -3.4e+38 -3.4e+38 -3.4e+38 -3.4e+38 -3.4e+38 -3.4e+38 -3.4e+38 -3.4e+38 -3.4e+38 -3.4e+38 -3.4e+38 -3.4e+38 -3.4e+38 -3.4e+38 -3.4e+38 -3.4e+38 -3.4e+38 -3.4e+38 -3.4e+38 -3.4e+38 -3.4e+38 -3.4e+38 -3.4e+38 -3.4e+38 0.578678011894226 0.583075881004333 0.56646054983139 0.55610191822052 0.555741608142853 0.556444704532623 0.559100329875946 0.570570826530457 0.577357649803162 0.572733044624329 0.561308979988098 0.555332005023956 0.551552176475525 0.541409552097321 0.52700138092041
-3.4e+38 -3.4e+38 -3.4e+38 -3.4e+38 -3.4e+38 -3.4e+38 -3.4e+38 -3.4e+38 -3.4e+38 -3.4e+38 -3.4e+38 -3.4e+38 -3.4e+38 -3.4e+38 -3.4e+38 -3.4e+38 -3.4e+38 -3.4e+38 -3.4e+38 -3.4e+38 -3.4e+38 -3.4e+38 -3.4e+38 -3.4e+38 -3.4e+38 -3.4e+38 -3.4e+38 -3.4e+38 -3.4e+38 -3.4e+38 -3.4e+38 -3.4e+38 -3.4e+38 -3.4e+38 0.566623389720917 0.566927194595337 0.540783882141113 0.540936768054962 0.532333135604858 0.531766474246979 0.546991467475891 0.556978166103363 0.556990921497345 0.545263051986694 0.539202749729156 0.543598711490631 0.549469590187073 0.538355350494385 0.519613027572632
-3.4e+38 -3.4e+38 -3.4e+38 -3.4e+38 -3.4e+38 -3.4e+38 -3.4e+38 -3.4e+38 -3.4e+38 -3.4e+38 -3.4e+38 -3.4e+38 -3.4e+38 -3.4e+38 -3.4e+38 -3.4e+38 -3.4e+38 -3.4e+38 -3.4e+38 -3.4e+38 -3.4e+38 -3.4e+38 -3.4e+38 -3.4e+38 -3.4e+38 -3.4e+38 -3.4e+38 -3.4e+38 -3.4e+38 -3.4e+38 -3.4e+38 -3.4e+38 -3.4e+38 -3.4e+38 0.566118478775024 0.562598705291748 0.544311225414276 0.546141982078552 0.518913209438324 0.519412994384766 0.54066789150238 0.539519250392914 0.546792805194855 0.550462603569031 0.553141891956329 0.556491851806641 0.560196280479431 0.550390601158142 0.529459595680237
-3.4e+38 -3.4e+38 -3.4e+38 -3.4e+38 -3.4e+38 -3.4e+38 -3.4e+38 -3.4e+38 -3.4e+38 -3.4e+38 -3.4e+38 -3.4e+38 -3.4e+38 -3.4e+38 -3.4e+38 -3.4e+38 -3.4e+38 -3.4e+38 -3.4e+38 -3.4e+38 -3.4e+38 -3.4e+38 -3.4e+38 -3.4e+38 -3.4e+38 -3.4e+38 -3.4e+38 -3.4e+38 -3.4e+38 -3.4e+38 -3.4e+38 -3.4e+38 -3.4e+38 -3.4e+38 -3.4e+38 0.567871451377869 0.55219292640686 0.539530336856842 0.50804740190506 0.516586363315582 0.538949310779572 0.544033050537109 0.562794268131256 0.568507134914398 0.565800964832306 0.560991764068604 0.550548255443573 0.531399011611938 0.524872779846191
-3.4e+38 -3.4e+38 -3.4e+38 -3.4e+38 -3.4e+38 -3.4e+38 -3.4e+38 -3.4e+38 -3.4e+38 -3.4e+38 -3.4e+38 -3.4e+38 -3.4e+38 -3.4e+38 -3.4e+38 -3.4e+38 -3.4e+38 -3.4e+38 -3.4e+38 -3.4e+38 -3.4e+38 -3.4e+38 -3.4e+38 -3.4e+38 -3.4e+38 -3.4e+38 -3.4e+38 -3.4e+38 -3.4e+38 -3.4e+38 -3.4e+38 -3.4e+38 -3.4e+38 -3.4e+38 -3.4e+38 -3.4e+38 0.545725464820862 0.514100611209869 0.494154572486877 0.526416480541229 0.541398644447327 0.554285645484924 0.573526620864868 0.562578856945038 0.562005758285522 0.553799092769623 0.533310651779175 0.502032041549683 0.502263486385345
-3.4e+38 -3.4e+38 -3.4e+38 -3.4e+38 -3.4e+38 -3.4e+38 -3.4e+38 -3.4e+38 -3.4e+38 -3.4e+38 -3.4e+38 -3.4e+38 -3.4e+38 -3.4e+38 -3.4e+38 -3.4e+38 -3.4e+38 -3.4e+38 -3.4e+38 -3.4e+38 -3.4e+38 -3.4e+38 -3.4e+38 -3.4e+38 -3.4e+38 -3.4e+38 -3.4e+38 -3.4e+38 -3.4e+38 -3.4e+38 -3.4e+38 -3.4e+38 -3.4e+38 -3.4e+38 -3.4e+38 -3.4e+38 -3.4e+38 0.490442007780075 0.491467028856277 0.528617978096008 0.532871782779694 0.543987214565277 0.553248345851898 0.538183510303497 0.554745733737946 0.549186110496521 0.509061932563782 0.475894600152969 0.482118725776672
-3.4e+38 -3.4e+38 -3.4e+38 -3.4e+38 -3.4e+38 -3.4e+38 -3.4e+38 -3.4e+38 -3.4e+38 -3.4e+38 -3.4e+38 -3.4e+38 -3.4e+38 -3.4e+38 -3.4e+38 -3.4e+38 -3.4e+38 -3.4e+38 -3.4e+38 -3.4e+38 -3.4e+38 -3.4e+38 -3.4e+38 -3.4e+38 -3.4e+38 -3.4e+38 -3.4e+38 -3.4e+38 -3.4e+38 -3.4e+38 -3.4e+38 -3.4e+38 -3.4e+38 -3.4e+38 -3.4e+38 -3.4e+38 -3.4e+38 -3.4e+38 0.49513167142868 0.524373888969421 0.526641190052032 0.529520571231842 0.53143435716629 0.529736459255219 0.547287344932556 0.537401974201202 0.495874434709549 0.470084249973297 0.489514589309692
