data/trimmed_ndre/W_ndre.621.2011_no_clouds.asc
NCOLS 130 
NROWS 71 
XLLCORNER 530645 
YLLCORNER 5158205 
CELLSIZE 5 
NODATA_value -3.4e+38 
[rows 0 to 20 of 71, columns 0 to 48 of 130]
-339999999999999996123846586046231871488.000000000000000 -3.4e+38 -3.4e+38 -3.4e+38 -3.4e+38 -3.4e+38 -3.4e+38 -3.4e+38 -3.4e+38 -3.4e+38 -3.4e+38 0.347137957811356 0.326759487390518 0.327814787626266 0.370067536830902 0.370608597993851 0.375571310520172 -3.4e+38 -3.4e+38 -3.4e+38 -3.4e+38 -3.4e+38 -3.4e+38 -3.4e+38 -3.4e+38 -3.4e+38 -3.4e+38 -3.4e+38 -3.4e+38 -3.4e+38 -3.4e+38 -3.4e+38 -3.4e+38 -3.4e+38 -3.4e+38 -3.4e+38 -3.4e+38 -3.4e+38 -3.4e+38 -3.4e+38 -3.4e+38 -3.4e+38 -3.4e+38 -3.4e+38 -3.4e+38 -3.4e+38 -3.4e+38 -3.4e+38 -3.4e+38
-3.4e+38 -3.4e+38 -3.4e+38 -3.4e+38 -3.4e+38 -3.4e+38 -3.4e+38 -3.4e+38 -3.4e+38 -3.4e+38 0.365675657987595 0.342729181051254 0.345842659473419 0.344729870557785 0.351755797863007 0.339199066162109 0.335284024477005 0.335563778877258 -3.4e+38 -3.4e+38 -3.4e+38 -3.4e+38 -3.4e+38 -3.4e+38 -3.4e+38 -3.4e+38 -3.4e+38 -3.4e+38 -3.4e+38 -3.4e+38 -3.4e+38 -3.4e+38 -3.4e+38 -3.4e+38 -3.4e+38 -3.4e+38 -3.4e+38 -3.4e+38 -3.4e+38 -3.4e+38 -3.4e+38 -3.4e+38 -3.4e+38 -3.4e+38 -3.4e+38 -3.4e+38 -3.4e+38 -3.4e+38 -3.4e+38
-3.4e+38 -3.4e+38 -3.4e+38 -3.4e+38 -3.4e+38 -3.4e+38 -3.4e+38 -3.4e+38 0.471912354230881 0.398471653461456 0.367700606584549 0.351486682891846 0.362231642007828 0.343730628490448 0.32352551817894 0.316154062747955 0.308823317289352 0.302496671676636 0.297611266374588 -3.4e+38 -3.4e+38 -3.4e+38 -3.4e+38 -3.4e+38 -3.4e+38 -3.4e+38 -3.4e+38 -3.4e+38 -3.4e+38 -3.4e+38 -3.4e+38 -3.4e+38 -3.4e+38 -3.4e+38 -3.4e+38 -3.4e+38 -3.4e+38 -3.4e+38 -3.4e+38 -3.4e+38 -3.4e+38 -3.4e+38 -3.4e+38 -3.4e+38 -3.4e+38 -3.4e+38 -3.4e+38 -3.4e+38 -3.4e+38
-3.4e+38 -3.4e+38 -3.4e+38 -3.4e+38 -3.4e+38 -3.4e+38 -3.4e+38 -3.4e+38 -3.4e+38 0.377328157424927 0.371987700462341 0.376603573560715 0.358894914388657 0.328707963228226 0.31152731180191 0.312651813030243 0.300412982702255 0.268940597772598 0.276725292205811 0.298666536808014 0.315110296010971 -3.4e+38 -3.4e+38 -3.4e+38 -3.4e+38 -3.4e+38 -3.4e+38 -3.4e+38 -3.4e+38 -3.4e+38 -3.4e+38 -3.4e+38 0.341757327318192 0.342563509941101 -3.4e+38 -3.4e+38 -3.4e+38 -3.4e+38 -3.4e+38 -3.4e+38 -3.4e+38 -3.4e+38 -3.4e+38 -3.4e+38 -3.4e+38 -3.4e+38 -3.4e+38 -3.4e+38 -3.4e+38
-3.4e+38 -3.4e+38 -3.4e+38 -3.4e+38 -3.4e+38 -3.4e+38 -3.4e+38 -3.4e+38 -3.4e+38 0.382473230361938 0.359480440616608 0.377520084381104 0.356162816286087 0.338234573602676 0.335589438676834 0.320398092269897 0.296197682619095 0.277603715658188 0.285415917634964 0.307380676269531 0.314468443393707 0.317813277244568 0.329376310110092 0.331075578927994 0.304081588983536 0.286825746297836 0.3001988530159 0.324726819992065 -3.4e+38 -3.4e+38 -3.4e+38 0.363473653793335 0.356474012136459 0.361487925052643 0.364310741424561 0.31427463889122 0.321696311235428 -3.4e+38 -3.4e+38 -3.4e+38 -3.4e+38 -3.4e+38 -3.4e+38 -3.4e+38 -3.4e+38 -3.4e+38 -3.4e+38 -3.4e+38 -3.4e+38
-3.4e+38 -3.4e+38 -3.4e+38 -3.4e+38 -3.4e+38 -3.4e+38 -3.4e+38 -3.4e+38 -3.4e+38 0.406202107667923 0.352418839931488 0.36877629160881 0.357663840055466 0.333410143852234 0.33569410443306 0.324437022209167 0.309194356203079 0.316666722297668 0.327560067176819 0.35105687379837 0.348367273807526 0.328404694795609 0.318079918622971 0.306517004966736 0.287372887134552 0.287657350301743 0.301060616970062 0.30617356300354 0.324813783168793 0.351905107498169 0.34788978099823 0.340977966785431 0.357430458068848 0.369592279195786 0.370291233062744 0.329531461000443 0.328104138374329 0.369537830352783 0.361820012331009 0.372337698936462 -3.4e+38 -3.4e+38 -3.4e+38 -3.4e+38 -3.4e+38 -3.4e+38 -3.4e+38 -3.4e+38 -3.4e+38
-3.4e+38 -3.4e+38 -3.4e+38 -3.4e+38 -3.4e+38 -3.4e+38 -3.4e+38 -3.4e+38 -3.4e+38 0.42465677857399 0.368764817714691 0.351474016904831 0.339442640542984 0.32646644115448 0.316557466983795 0.314483404159546 0.31703045964241 0.340515047311783 0.367423295974731 0.361325174570084 0.355786174535751 0.348084986209869 0.340032190084457 0.322347819805145 0.301585078239441 0.304401904344559 0.306852489709854 0.305430054664612 0.323994427919388 0.354689359664917 0.362824857234955 0.345735400915146 0.34490966796875 0.345661401748657 0.369121998548508 0.388967037200928 0.382337599992752 0.37497267127037 0.374559760093689 0.394443154335022 0.365861684083939 0.331699192523956 -3.4e+38 -3.4e+38 -3.4e+38 -3.4e+38 -3.4e+38 -3.4e+38 -3.4e+38
-3.4e+38 -3.4e+38 -3.4e+38 -3.4e+38 -3.4e+38 -3.4e+38 -3.4e+38 -3.4e+38 -3.4e+38 0.434290647506714 0.365966320037842 0.341679364442825 0.326011151075363 0.316640406847 0.299543142318726 0.287836283445358 0.327979624271393 0.364029258489609 0.36648291349411 0.339333683252335 0.33624404668808 0.337679624557495 0.34025627374649 0.325729221105576 0.308944791555405 0.31187903881073 0.313582450151443 0.301652789115906 0.304330587387085 0.332706123590469 0.350152432918549 0.344976782798767 0.334492743015289 0.31353560090065 0.343169361352921 0.379545032978058 0.392512142658234 0.400633156299591 0.407763808965683 0.415683418512344 0.39251446723938 0.352859854698181 0.344342231750488 -3.4e+38 -3.4e+38 -3.4e+38 -3.4e+38 -3.4e+38 -3.4e+38
-3.4e+38 -3.4e+38 -3.4e+38 -3.4e+38 -3.4e+38 -3.4e+38 -3.4e+38 -3.4e+38 0.478922724723816 0.464463770389557 0.393130630254745 0.344582945108414 0.322651654481888 0.319917947053909 0.311640441417694 0.313043892383575 0.346194475889206 0.367161482572556 0.357806444168091 0.333043992519379 0.331833571195602 0.346210092306137 0.341844409704208 0.327844142913818 0.304761737585068 0.30507093667984 0.317761391401291 0.319230854511261 0.318036139011383 0.308352559804916 0.315510362386703 0.338648855686188 0.352191090583801 0.340976685285568 0.343044251203537 0.355914384126663 0.371610432863235 0.394669085741043 0.400377064943314 0.404581636190414 0.396008729934692 0.372397840023041 0.356213241815567 0.340593934059143 0.323679625988007 0.318749308586121 0.322885423898697 -3.4e+38 -3.4e+38
-3.4e+38 -3.4e+38 -3.4e+38 -3.4e+38 -3.4e+38 -3.4e+38 -3.4e+38 0.447031646966934 0.465831726789474 0.506452083587646 0.452354103326797 0.359341233968735 0.322747796773911 0.330085694789886 0.31590074300766 0.344747960567474 0.370838701725006 0.367100179195404 0.350245743989944 0.321991920471191 0.328551530838013 0.348894417285919 0.347633957862854 0.345894664525986 0.321704119443893 0.300417453050613 0.294120073318481 0.308939456939697 0.324044466018677 0.312691330909729 0.31841179728508 0.338928550481796 0.365090936422348 0.366352945566177 0.345504641532898 0.346772164106369 0.36057522892952 0.366683602333069 0.359323978424072 0.377559244632721 0.400217205286026 0.39639949798584 0.383946090936661 0.345450460910797 0.324435204267502 0.337251335382462 0.355777949094772 0.336982041597366 -3.4e+38
-3.4e+38 -3.4e+38 -3.4e+38 -3.4e+38 -3.4e+38 -3.4e+38 0.464746326208115 0.456385433673859 0.466042727231979 0.531010150909424 0.518426954746246 0.408704549074173 0.353020161390305 0.339542031288147 0.324090957641602 0.360955893993378 0.376403361558914 0.363850861787796 0.368740826845169 0.350596308708191 0.343871146440506 0.358066022396088 0.36639279127121 0.365157037973404 0.349415898323059 0.326954752206802 0.308639764785767 0.314926385879517 0.329740256071091 0.329989045858383 0.328192293643951 0.347266584634781 0.36607614159584 0.362538427114487 0.350416630506516 0.35458379983902 0.372253626585007 0.372641921043396 0.355346083641052 0.3818638920784 0.406101435422897 0.415088206529617 0.419836789369583 0.392978370189667 0.37035858631134 0.378767877817154 0.389903724193573 0.376021951436996 0.324172168970108
-3.4e+38 -3.4e+38 -3.4e+38 -3.4e+38 -3.4e+38 0.484157115221024 0.466918766498566 0.474507987499237 0.473228007555008 0.493788182735443 0.498601675033569 0.470339953899384 0.434321254491806 0.387926161289215 0.3528191447258 0.362656384706497 0.365457981824875 0.368489801883698 0.371184468269348 0.355595380067825 0.361766308546066 0.376852720975876 0.385127365589142 0.377258658409119 0.36465647816658 0.349135249853134 0.341126918792725 0.34642481803894 0.355376809835434 0.34164097905159 0.336051851511002 0.354233920574188 0.358522057533264 0.354201853275299 0.358717173337936 0.382505297660828 0.405539005994797 0.400249421596527 0.376327604055405 0.384452104568481 0.390258252620697 0.403085589408875 0.420487195253372 0.419066458940506 0.415067076683044 0.416441977024078 0.407235950231552 0.375726461410522 0.336187988519669
-3.4e+38 -3.4e+38 -3.4e+38 -3.4e+38 -3.4e+38 0.5136439204216 0.491862386465073 0.475604921579361 0.459910005331039 0.439883977174759 0.445438206195831 0.495122939348221 0.504462122917175 0.465398252010345 0.419043630361557 0.38762554526329 0.357135593891144 0.34756001830101 0.347354561090469 0.34747639298439 0.354240238666534 0.36615327000618 0.37186399102211 0.361835300922394 0.352925002574921 0.33812090754509 0.332325667142868 0.336936056613922 0.339908868074417 0.337273389101028 0.339309602975845 0.347147732973099 0.353155821561813 0.358193516731262 0.374572038650513 0.404351890087128 0.416979670524597 0.40089350938797 0.371069312095642 0.35423344373703 0.351872444152832 0.373227745294571 0.390010803937912 0.400796055793762 0.421218186616898 0.429095536470413 0.411383420228958 0.373507261276245 0.339837253093719
-3.4e+38 -3.4e+38 -3.4e+38 -3.4e+38 0.505443036556244 0.509858906269073 0.478355228900909 0.46897092461586 0.454936653375626 0.416706264019012 0.395838469266891 0.421566367149353 0.451997339725494 0.441164940595627 0.424266993999481 0.39543616771698 0.36285138130188 0.350117534399033 0.365012973546982 0.350130170583725 0.298645198345184 0.318178713321686 0.34840002655983 0.338947892189026 0.335841655731201 0.334454387426376 0.341795206069946 0.349620312452316 0.342193782329559 0.34269705414772 0.351196080446243 0.357184767723083 0.361153036355972 0.367430597543716 0.377395063638687 0.399244517087936 0.400301098823547 0.381586134433746 0.356619328260422 0.330240279436111 0.329495042562485 0.352077722549438 0.358799427747726 0.367283403873444 0.388874799013138 0.40129816532135 0.382811009883881 0.356869697570801 0.341503828763962
-3.4e+38 -3.4e+38 -3.4e+38 -3.4e+38 0.467710971832275 0.475661426782608 0.46496644616127 0.453018873929977 0.451624244451523 0.429868906736374 0.381754159927368 0.351622849702835 0.33392921090126 0.351824015378952 0.370255023241043 0.370328605175018 0.374491900205612 0.377841204404831 0.373622059822083 0.348754584789276 0.306627243757248 0.324755936861038 0.360261976718903 0.323602318763733 0.300199568271637 0.314850628376007 0.320733726024628 0.333317220211029 0.354039996862411 0.366543352603912 0.360653430223465 0.352364957332611 0.357725948095322 0.362738311290741 0.364194244146347 0.381055116653442 0.382242530584335 0.367810666561127 0.361340701580048 0.34659731388092 0.335580199956894 0.341173470020294 0.345452964305878 0.352430462837219 0.356442183256149 0.356314182281494 0.348099499940872 0.348302632570267 0.357866436243057
-3.4e+38 -3.4e+38 -3.4e+38 -3.4e+38 0.475354224443436 0.458399295806885 0.447270423173904 0.421635180711746 0.4285047352314 0.412022173404694 0.350409358739853 0.300643533468246 0.26983106136322 0.310555070638657 0.357708752155304 0.359185427427292 0.375385582447052 0.401026964187622 0.392126828432083 0.369300991296768 0.372703373432159 0.378976851701736 0.402144223451614 0.349053502082825 0.312553286552429 0.316688239574432 0.296915471553802 0.295035541057587 0.327238440513611 0.355401128530502 0.349747598171234 0.326830178499222 0.337026983499527 0.360876709222794 0.364679634571075 0.366170763969421 0.363986819982529 0.357870608568192 0.364862442016602 0.363999098539352 0.33792433142662 0.324033141136169 0.326305657625198 0.345566749572754 0.355739742517471 0.355604231357574 0.357975035905838 0.362082093954086 0.37353640794754
-3.4e+38 -3.4e+38 -3.4e+38 0.529447734355927 0.502910554409027 0.462868422269821 0.432152420282364 0.409928262233734 0.38941153883934 0.368116676807404 0.328628838062286 0.297225505113602 0.30617818236351 0.336973339319229 0.355747818946838 0.3558329641819 0.391472399234772 0.410137087106705 0.392390847206116 0.37643164396286 0.391835004091263 0.392991274595261 0.38316011428833 0.373310595750809 0.359974414110184 0.354370981454849 0.343690752983093 0.343464523553848 0.334314495325089 0.322310566902161 0.319809913635254 0.322917640209198 0.33928182721138 0.356207609176636 0.36123463511467 0.356433272361755 0.353110879659653 0.354867368936539 0.364445626735687 0.366295963525772 0.3544642329216 0.332878440618515 0.319433331489563 0.334265261888504 0.367617040872574 0.367308288812637 0.353700160980225 0.355315357446671 0.358565717935562
-3.4e+38 -3.4e+38 0.534597456455231 0.527134597301483 0.518227219581604 0.4987852871418 0.465607523918152 0.422320634126663 0.36652460694313 0.358798652887344 0.34347876906395 0.306040167808533 0.30542328953743 0.348627179861069 0.367822468280792 0.358258455991745 0.381729632616043 0.375133812427521 0.377031624317169 0.397747069597244 0.396132260560989 0.390619367361069 0.37613433599472 0.379584848880768 0.36505538225174 0.346494883298874 0.354735970497131 0.391230195760727 0.396010190248489 0.350191324949265 0.315957069396973 0.327187299728394 0.338034838438034 0.315471678972244 0.30364003777504 0.321291118860245 0.34980645775795 0.363976538181305 0.382479012012482 0.390993446111679 0.385285556316376 0.353859454393387 0.328262656927109 0.331025183200836 0.35098871588707 0.365213215351105 0.356563657522202 0.35961902141571 0.353495925664902
-3.4e+38 0.557100474834442 0.537334084510803 0.509626924991608 0.52159982919693 0.544404268264771 0.536931991577148 0.464985758066177 0.394812643527985 0.392516613006592 0.364012092351913 0.281873047351837 0.267180919647217 0.34533816576004 0.354190796613693 0.34680837392807 0.360261857509613 0.351261675357819 0.365599900484085 0.385833203792572 0.376871883869171 0.395594209432602 0.389747768640518 0.377325415611267 0.362606674432755 0.362329840660095 0.387589156627655 0.42998218536377 0.457047581672668 0.432018786668777 0.384072154760361 0.347482711076736 0.332555085420609 0.298844307661057 0.275631308555603 0.298421740531921 0.349437147378922 0.363255739212036 0.373583972454071 0.39203754067421 0.387818157672882 0.370883226394653 0.369007021188736 0.374085754156113 0.359828442335129 0.368187010288239 0.372170329093933 0.370980262756348 0.369695693254471
-3.4e+38 0.551649928092957 0.531549632549286 0.50828093290329 0.537434637546539 0.579539656639099 0.556991279125214 0.468879282474518 0.397155851125717 0.380503058433533 0.356908291578293 0.295547127723694 0.284391671419144 0.344520628452301 0.334409803152084 0.340966165065765 0.358747720718384 0.364655256271362 0.365757346153259 0.384522140026093 0.397635340690613 0.399668991565704 0.386693179607391 0.377983540296555 0.372691363096237 0.371522575616837 0.398207992315292 0.423739194869995 0.427580773830414 0.408342748880386 0.410799086093903 0.399880677461624 0.376213103532791 0.352878898382187 0.327388912439346 0.285040110349655 0.281828463077545 0.3068528175354 0.341582179069519 0.36595219373703 0.377319574356079 0.393208652734756 0.41258829832077 0.406986087560654 0.371008068323135 0.36177670955658 0.379376381635666 0.361491709947586 0.348222553730011
0.530052483081818 0.538470685482025 0.540035009384155 0.538028955459595 0.550514161586761 0.555970311164856 0.508540093898773 0.430437386035919 0.378633290529251 0.339732229709625 0.328449338674545 0.339383810758591 0.35616210103035 0.376058369874954 0.371250748634338 0.373013824224472 0.374835342168808 0.378724694252014 0.390560656785965 0.420409679412842 0.427727967500687 0.394270718097687 0.402671605348587 0.396766662597656 0.383953213691711 0.374179542064667 0.388073325157166 0.40768900513649 0.403538942337036 0.406548976898193 0.419493496417999 0.44684574007988 0.448238730430603 0.41293939948082 0.389064282178879 0.349520742893219 0.291199177503586 0.295372068881989 0.337817639112473 0.34736567735672 0.347406566143036 0.372683733701706 0.401491492986679 0.403199464082718 0.379137486219406 0.362096399068832 0.381580531597137 0.376200824975967 0.357563525438309
