data/trimmed_ndre/W_ndre.621.2011_no_clouds.asc
NCOLS 130 
NROWS 71 
XLLCORNER 530645 
YLLCORNER 5158205 
CELLSIZE 5 
NODATA_value -3.4e+38 
[rows 21 to 41 of 71, columns 49 to 97 of 130]
0.376290172338486 0.38468724489212 0.392914086580276 0.358672142028809 0.306178838014603 0.279891222715378 0.320472657680511 0.353952050209045 0.340262830257416 0.317111045122147 0.329524576663971 0.344703108072281 0.335891276597977 0.323616057634354 0.330334961414337 0.339292377233505 0.346816748380661 0.342349380254745 -3.4e+38 -3.4e+38 -3.4e+38 -3.4e+38 -3.4e+38 -3.4e+38 -3.4e+38 -3.4e+38 -3.4e+38 -3.4e+38 -3.4e+38 -3.4e+38 -3.4e+38 -3.4e+38 -3.4e+38 -3.4e+38 -3.4e+38 -3.4e+38 -3.4e+38 -3.4e+38 -3.4e+38 -3.4e+38 -3.4e+38 -3.4e+38 -3.4e+38 -3.4e+38 -3.4e+38 -3.4e+38 -3.4e+38 -3.4e+38 -3.4e+38
0.368857204914093 0.373353391885757 0.387176394462585 0.357335805892944 0.318859159946442 0.300332635641098 0.317446857690811 0.324046492576599 0.309075802564621 0.307931929826736 0.313830971717834 0.332496404647827 0.33520245552063 0.320752292871475 0.318138480186462 0.296893179416656 0.290002286434174 0.293842941522598 0.282619029283524 0.288499385118484 0.316820651292801 0.323586493730545 0.329198122024536 0.371822267770767 0.40824368596077 0.410809606313705 0.418253660202026 0.394339442253113 -3.4e+38 -3.4e+38 -3.4e+38 -3.4e+38 -3.4e+38 -3.4e+38 -3.4e+38 -3.4e+38 -3.4e+38 -3.4e+38 -3.4e+38 -3.4e+38 -3.4e+38 -3.4e+38 -3.4e+38 -3.4e+38 -3.4e+38 -3.4e+38 -3.4e+38 -3.4e+38 -3.4e+38
0.388982325792313 0.370056003332138 0.366987138986588 0.361679494380951 0.342942297458649 0.315136760473251 0.300573170185089 0.300485253334045 0.290196269750595 0.297509551048279 0.294132709503174 0.308178335428238 0.325483858585358 0.312519580125809 0.303554564714432 0.277459651231766 0.273450970649719 0.300073027610779 0.291232526302338 0.263863265514374 0.276725322008133 0.307583183050156 0.317970663309097 0.352005392313004 0.391023397445679 0.396185159683228 0.406109631061554 0.402963876724243 0.393179029226303 -3.4e+38 -3.4e+38 -3.4e+38 -3.4e+38 -3.4e+38 -3.4e+38 -3.4e+38 -3.4e+38 -3.4e+38 -3.4e+38 -3.4e+38 -3.4e+38 -3.4e+38 -3.4e+38 -3.4e+38 -3.4e+38 -3.4e+38 -3.4e+38 -3.4e+38 -3.4e+38
0.399811297655106 0.38624495267868 0.375393599271774 0.367925137281418 0.345727443695068 0.320783019065857 0.301150172948837 0.29457214474678 0.271801114082336 0.278672426939011 0.285245299339294 0.26942253112793 0.28199091553688 0.298429876565933 0.306435883045197 0.295555084943771 0.278756737709045 0.284819513559341 0.2900151014328 0.272896319627762 0.273115426301956 0.304025143384933 0.327940970659256 0.332574456930161 0.359963983297348 0.372456938028336 0.367867261171341 0.379967123270035 0.384995490312576 0.382912367582321 -3.4e+38 -3.4e+38 -3.4e+38 -3.4e+38 -3.4e+38 -3.4e+38 -3.4e+38 -3.4e+38 -3.4e+38 -3.4e+38 -3.4e+38 -3.4e+38 -3.4e+38 -3.4e+38 -3.4e+38 -3.4e+38 -3.4e+38 -3.4e+38 -3.4e+38
0.393738627433777 0.406171143054962 0.399701237678528 0.372568935155869 0.339474439620972 0.321486294269562 0.306105762720108 0.300752431154251 0.287190169095993 0.269974678754807 0.270784467458725 0.270825177431107 0.274990618228912 0.313912898302078 0.314071476459503 0.29153048992157 0.309430986642838 0.307589679956436 0.304997891187668 0.304199308156967 0.295717716217041 0.30516517162323 0.3281210064888 0.332892656326294 0.339224398136139 0.346502721309662 0.337334036827087 0.348690748214722 0.368853330612183 0.340148210525513 0.324343204498291 -3.4e+38 -3.4e+38 -3.4e+38 -3.4e+38 -3.4e+38 -3.4e+38 -3.4e+38 -3.4e+38 -3.4e+38 -3.4e+38 -3.4e+38 -3.4e+38 -3.4e+38 -3.4e+38 -3.4e+38 -3.4e+38 -3.4e+38 -3.4e+38
0.377276688814163 0.396555632352829 0.388858586549759 0.360425055027008 0.335793256759644 0.32841494679451 0.321864038705826 0.312557607889175 0.30726158618927 0.332467287778854 0.321413069963455 0.307254791259766 0.304861783981323 0.331202328205109 0.349388122558594 0.333995461463928 0.327759295701981 0.320673435926437 0.316938132047653 0.31436151266098 0.304698884487152 0.305718898773193 0.329811096191406 0.338981091976166 0.329466462135315 0.341368615627289 0.346529841423035 0.348496615886688 0.350133180618286 0.335031807422638 0.323403060436249 0.336972028017044 0.333854258060455 0.312982559204102 -3.4e+38 -3.4e+38 -3.4e+38 -3.4e+38 -3.4e+38 -3.4e+38 -3.4e+38 -3.4e+38 -3.4e+38 -3.4e+38 -3.4e+38 -3.4e+38 -3.4e+38 -3.4e+38 -3.4e+38
0.349714338779449 0.369965314865112 0.359627276659012 0.343772202730179 0.343944489955902 0.345334380865097 0.331348180770874 0.319527417421341 0.337382555007935 0.37675267457962 0.35494789481163 0.327286541461945 0.32345974445343 0.335591197013855 0.349520236253738 0.350024193525314 0.334929585456848 0.329806089401245 0.326464146375656 0.33526611328125 0.325140357017517 0.317437022924423 0.334204167127609 0.332734405994415 0.324682801961899 0.340134710073471 0.350526660680771 0.352530092000961 0.354102700948715 0.364509463310242 0.34818360209465 0.353182792663574 0.360511869192123 0.327478379011154 0.331164419651031 0.33741283416748 0.336010336875916 0.350855320692062 0.354655563831329 0.357127130031586 0.3406722843647 0.338389754295349 0.336120128631592 0.321350514888763 0.312652409076691 0.317266076803207 0.328631639480591 0.332319349050522 0.321116209030151
0.387336283922195 0.353400856256485 0.352731317281723 0.357756912708282 0.36517071723938 0.354966640472412 0.323381066322327 0.316547036170959 0.334199130535126 0.344096779823303 0.350805968046188 0.351507514715195 0.358044445514679 0.363362610340118 0.349879920482635 0.362384140491486 0.373694390058517 0.364749133586884 0.358264237642288 0.369114369153976 0.357952117919922 0.337524592876434 0.337442487478256 0.338119357824326 0.346013218164444 0.355685293674469 0.351493418216705 0.35986340045929 0.369498252868652 0.372670948505402 0.358936578035355 0.367082685232162 0.373031824827194 0.346419513225555 0.342710137367249 0.344181001186371 0.348755121231079 0.362136334180832 0.342217594385147 0.360956251621246 0.362914383411407 0.347007781267166 0.343613475561142 0.342927187681198 0.340631186962128 0.340939372777939 0.347002327442169 0.344066679477692 0.34469199180603
0.454098075628281 0.370613664388657 0.327631205320358 0.345884591341019 0.355071574449539 0.346475332975388 0.326861500740051 0.325212299823761 0.34919136762619 0.366683810949326 0.366614907979965 0.377164751291275 0.377160608768463 0.368456423282623 0.362697154283524 0.373697817325592 0.351857215166092 0.346171498298645 0.363467872142792 0.381668984889984 0.379855751991272 0.359957009553909 0.348831653594971 0.358555614948273 0.358668357133865 0.355559021234512 0.350932627916336 0.362553417682648 0.354783207178116 0.355206966400146 0.360224962234497 0.365705400705338 0.353664189577103 0.335631877183914 0.341937452554703 0.342533946037292 0.329505681991577 0.343599528074265 0.344037115573883 0.366366237401962 0.383437931537628 0.364179998636246 0.35877251625061 0.364785760641098 0.346379816532135 0.331891030073166 0.343477815389633 0.340171575546265 0.369608163833618
0.483783572912216 0.44191986322403 0.353698432445526 0.323392987251282 0.331552654504776 0.326950341463089 0.355234980583191 0.358640313148499 0.334713011980057 0.332156777381897 0.340289205312729 0.361536055803299 0.352928340435028 0.344960302114487 0.353139609098434 0.367261409759521 0.344731211662292 0.329480707645416 0.343676060438156 0.353902667760849 0.355232626199722 0.338276594877243 0.336423456668854 0.356567651033401 0.334039807319641 0.332548320293427 0.340710759162903 0.347279071807861 0.349502205848694 0.346702665090561 0.35156661272049 0.355346769094467 0.339052557945251 0.335462093353271 0.331839084625244 0.323678106069565 0.32097789645195 0.348773509263992 0.361346930265427 0.338641077280045 0.373736053705215 0.379044532775879 0.357340067625046 0.355228245258331 0.349040687084198 0.349918603897095 0.36375105381012 0.361474573612213 0.374206215143204
0.511508703231812 0.506284058094025 0.439025431871414 0.366471111774445 0.338334143161774 0.296817511320114 0.3138387799263 0.305464029312134 0.269054174423218 0.28222531080246 0.306002706289291 0.33956316113472 0.338199585676193 0.330213248729706 0.328202605247498 0.330822080373764 0.329646646976471 0.328732967376709 0.327914625406265 0.322772353887558 0.312918573617935 0.303942799568176 0.316141903400421 0.34559378027916 0.326002031564713 0.311710953712463 0.316216051578522 0.334978371858597 0.349599301815033 0.339062124490738 0.338243007659912 0.326346665620804 0.301776140928268 0.327211916446686 0.343716025352478 0.340671330690384 0.350756734609604 0.357732892036438 0.345096945762634 0.330041140317917 0.350512385368347 0.36603319644928 0.353316962718964 0.343618184328079 0.346074342727661 0.345040500164032 0.344976842403412 0.342028230428696 0.34199732542038
0.537666857242584 0.535037100315094 0.505115449428558 0.456705510616302 0.397284030914307 0.333348631858826 0.315722167491913 0.300122976303101 0.271844774484634 0.274411141872406 0.281253457069397 0.291956573724747 0.292571544647217 0.300025820732117 0.313709199428558 0.308650523424149 0.293599486351013 0.292649924755096 0.285671293735504 0.270708531141281 0.286381781101227 0.305974781513214 0.305081635713577 0.314667403697968 0.300816565752029 0.285081624984741 0.299071580171585 0.325540840625763 0.343222379684448 0.335201591253281 0.349068135023117 0.356645971536636 0.345682561397552 0.356501251459122 0.396084249019623 0.388610303401947 0.368995547294617 0.410480618476868 0.389711380004883 0.365118443965912 0.367810636758804 0.374033242464066 0.396921336650848 0.391111493110657 0.368182063102722 0.360305577516556 0.357053875923157 0.345609217882156 0.343542665243149
0.54877245426178 0.533146321773529 0.501155018806458 0.475324094295502 0.438092172145844 0.398735702037811 0.389771997928619 0.388906300067902 0.355982333421707 0.31757664680481 0.306211948394775 0.29064616560936 0.296380817890167 0.306594103574753 0.305455774068832 0.291950255632401 0.268166154623032 0.272725433111191 0.279591500759125 0.264046281576157 0.285280555486679 0.308525145053864 0.280826359987259 0.285213738679886 0.297132521867752 0.299166709184647 0.300927609205246 0.320494204759598 0.345841705799103 0.362182706594467 0.377152442932129 0.394514679908752 0.401204586029053 0.391222357749939 0.4119513630867 0.417782783508301 0.396073222160339 0.413750022649765 0.422243416309357 0.427035838365555 0.424942702054977 0.398954719305038 0.412200897932053 0.439835369586945 0.442487090826035 0.43394947052002 0.438818424940109 0.428742676973343 0.406777232885361
0.550913214683533 0.530317664146423 0.496948659420013 0.489976674318314 0.469815701246262 0.446840286254883 0.439277559518814 0.4222112596035 0.399910241365433 0.416848421096802 0.417150139808655 0.369600892066956 0.37072166800499 0.368292629718781 0.352784216403961 0.358490318059921 0.338194668292999 0.340530395507812 0.361896157264709 0.3378064930439 0.324095189571381 0.331505984067917 0.329723298549652 0.33973103761673 0.356600165367126 0.348527818918228 0.3244788646698 0.337384641170502 0.350706338882446 0.354445725679398 0.368091136217117 0.375314384698868 0.383495062589645 0.377210527658463 0.375579863786697 0.380165785551071 0.373739689588547 0.375952422618866 0.415215164422989 0.412761300802231 0.390574276447296 0.386039882898331 0.406667590141296 0.455615103244781 0.47886934876442 0.455443501472473 0.448493331670761 0.460740298032761 0.461100459098816
0.531347751617432 0.506892323493958 0.499775290489197 0.506059110164642 0.49338510632515 0.463997364044189 0.451885581016541 0.471186012029648 0.460294932126999 0.484865605831146 0.475713521242142 0.412517756223679 0.415536969900131 0.420069366693497 0.420084834098816 0.430203288793564 0.433232635259628 0.424182832241058 0.41662859916687 0.398362368345261 0.401833087205887 0.41744589805603 0.434388488531113 0.426904559135437 0.428810864686966 0.417679011821747 0.380498945713043 0.34602478146553 0.360612094402313 0.370900273323059 0.37660476565361 0.37704411149025 0.390540361404419 0.386104047298431 0.36172616481781 0.359291583299637 0.375231683254242 0.379511535167694 0.375263273715973 0.385538190603256 0.370348036289215 0.354154080152512 0.37930890917778 0.416296809911728 0.40936878323555 0.412573993206024 0.430083781480789 0.449638843536377 0.457458585500717
0.535314798355103 0.510381758213043 0.516740918159485 0.526522815227509 0.51125305891037 0.486143708229065 0.464104384183884 0.470162063837051 0.46718367934227 0.481608361005783 0.472638338804245 0.444871485233307 0.44012251496315 0.414313942193985 0.415017902851105 0.439352989196777 0.471422851085663 0.480696767568588 0.463535487651825 0.441143304109573 0.439932554960251 0.461387485265732 0.479659229516983 0.468907564878464 0.45850133895874 0.434509217739105 0.392345190048218 0.362659722566605 0.39224511384964 0.423528045415878 0.424538016319275 0.411511272192001 0.413077235221863 0.414883315563202 0.414940923452377 0.423560440540314 0.413082122802734 0.393525928258896 0.391739517450333 0.401687294244766 0.384445369243622 0.357371777296066 0.352946698665619 0.378546565771103 0.360065132379532 0.366354733705521 0.397366791963577 0.412270069122314 0.423172473907471
0.547792434692383 0.540481269359589 0.534345030784607 0.517172813415527 0.502440452575684 0.495154500007629 0.489288061857224 0.460858911275864 0.438456445932388 0.453435182571411 0.424681663513184 0.40585321187973 0.404068857431412 0.377167403697968 0.387568086385727 0.414148330688477 0.41252413392067 0.431797921657562 0.444092839956284 0.428660690784454 0.421589493751526 0.437374621629715 0.45349583029747 0.444685846567154 0.427470296621323 0.39701846241951 0.388434529304504 0.387403726577759 0.382028222084045 0.391342669725418 0.414839744567871 0.420177340507507 0.420443683862686 0.422572016716003 0.415170699357986 0.414696246385574 0.423521488904953 0.410752594470978 0.416774094104767 0.416488468647003 0.391100466251373 0.387585788965225 0.376315504312515 0.369454234838486 0.349522948265076 0.359759211540222 0.359254866838455 0.365588784217834 0.381933450698853
0.525581479072571 0.552373111248016 0.550182223320007 0.534485578536987 0.507077395915985 0.49378314614296 0.512551963329315 0.502717077732086 0.448260575532913 0.427884489297867 0.416465550661087 0.406678050756454 0.390488743782043 0.373477548360825 0.369700759649277 0.38488981127739 0.404110282659531 0.413963139057159 0.420557230710983 0.407539278268814 0.403191924095154 0.413167804479599 0.418187081813812 0.413284748792648 0.400078952312469 0.383788019418716 0.390073090791702 0.385261446237564 0.366574853658676 0.369988232851028 0.395070821046829 0.415430545806885 0.410059809684753 0.402276575565338 0.402384847402573 0.399845331907272 0.411310255527496 0.401393592357635 0.400353223085403 0.415771812200546 0.410092115402222 0.419423282146454 0.428816169500351 0.409245073795319 0.409416407346725 0.4539435505867 0.423166126012802 0.426612257957458 0.450354248285294
0.4866683781147 0.493530571460724 0.510671854019165 0.533340871334076 0.503439009189606 0.490661799907684 0.507804930210114 0.501087546348572 0.45584699511528 0.429081290960312 0.444621503353119 0.44406196475029 0.415788739919662 0.389609932899475 0.402353197336197 0.420570582151413 0.444513767957687 0.442577004432678 0.427360534667969 0.39259746670723 0.377515256404877 0.379193484783173 0.391458451747894 0.406705170869827 0.41527596116066 0.416397958993912 0.414600729942322 0.407789826393127 0.397835165262222 0.399977147579193 0.413020133972168 0.426595717668533 0.423485189676285 0.407846421003342 0.40632364153862 0.406535416841507 0.411047905683517 0.407027900218964 0.403120070695877 0.418551087379456 0.420162707567215 0.425493746995926 0.445873111486435 0.458782583475113 0.464989840984344 0.485205858945847 0.462166875600815 0.469717651605606 0.488374143838882
0.45368567109108 0.454208582639694 0.474087864160538 0.484482884407043 0.474416136741638 0.487609177827835 0.517117261886597 0.496184259653091 0.437215626239777 0.398891508579254 0.398621588945389 0.415235012769699 0.429752141237259 0.413544148206711 0.423910468816757 0.442596673965454 0.442288249731064 0.428191393613815 0.395952522754669 0.35774427652359 0.348362177610397 0.358931452035904 0.383235096931458 0.396245181560516 0.396252423524857 0.399091452360153 0.401549309492111 0.417028784751892 0.432952433824539 0.427362561225891 0.416401594877243 0.417138576507568 0.425550490617752 0.414710968732834 0.413448333740234 0.421266376972198 0.409022212028503 0.403715908527374 0.411286294460297 0.395905077457428 0.396529287099838 0.414830982685089 0.430727064609528 0.450132548809052 0.473555386066437 0.457270085811615 0.44096702337265 0.437461376190186 0.463550478219986
0.460690915584564 0.489400506019592 0.488215148448944 0.476425260305405 0.50746476650238 0.50761890411377 0.524259328842163 0.495369642972946 0.415583789348602 0.401244223117828 0.409241020679474 0.418519169092178 0.439551115036011 0.426927506923676 0.418101936578751 0.426250547170639 0.416330218315125 0.413371652364731 0.393443435430527 0.362482100725174 0.351650893688202 0.358874291181564 0.370519816875458 0.388203263282776 0.402359247207642 0.377505362033844 0.362858474254608 0.382217139005661 0.399880677461624 0.403254330158234 0.395634293556213 0.392687678337097 0.40606489777565 0.411118417978287 0.402040421962738 0.398845791816711 0.401796936988831 0.397927910089493 0.403020650148392 0.393817007541656 0.395915240049362 0.423018217086792 0.433749705553055 0.430239856243134 0.466782718896866 0.449645340442657 0.432370722293854 0.451384842395782 0.48139899969101
