data/trimmed_ndre/W_ndre.79.2013_no_clouds.asc
NCOLS 130 
NROWS 71 
XLLCORNER 530645 
YLLCORNER 5158205 
CELLSIZE 5 
NODATA_value -3.4e+38 
[rows 21 to 41 of 71, columns 49 to 97 of 130]
0.220204025506973 0.216637283563614 0.205940470099449 0.198757573962212 0.204039752483368 0.204428926110268 0.200563564896584 0.207673326134682 0.204828232526779 0.190730974078178 0.194940686225891 0.196212664246559 0.185968264937401 0.174283862113953 0.174867317080498 0.177209734916687 0.186555445194244 0.200800314545631 -3.4e+38 -3.4e+38 -3.4e+38 -3.4e+38 -3.4e+38 -3.4e+38 -3.4e+38 -3.4e+38 -3.4e+38 -3.4e+38 -3.4e+38 -3.4e+38 -3.4e+38 -3.4e+38 -3.4e+38 -3.4e+38 -3.4e+38 -3.4e+38 -3.4e+38 -3.4e+38 -3.4e+38 -3.4e+38 -3.4e+38 -3.4e+38 -3.4e+38 -3.4e+38 -3.4e+38 -3.4e+38 -3.4e+38 -3.4e+38 -3.4e+38
0.259194701910019 0.257075190544128 0.229552894830704 0.206675946712494 0.194871664047241 0.189199477434158 0.188030287623405 0.201295524835587 0.199299722909927 0.1751409471035 0.181281790137291 0.182765796780586 0.168750137090683 0.169895127415657 0.185016915202141 0.182126253843307 0.176108419895172 0.176057770848274 0.184296861290932 0.197571262717247 0.19030536711216 0.181310772895813 0.18146787583828 0.186184495687485 0.188797578215599 0.194936886429787 0.207781970500946 0.213025629520416 -3.4e+38 -3.4e+38 -3.4e+38 -3.4e+38 -3.4e+38 -3.4e+38 -3.4e+38 -3.4e+38 -3.4e+38 -3.4e+38 -3.4e+38 -3.4e+38 -3.4e+38 -3.4e+38 -3.4e+38 -3.4e+38 -3.4e+38 -3.4e+38 -3.4e+38 -3.4e+38 -3.4e+38
0.288466930389404 0.286007046699524 0.25757560133934 0.225675165653229 0.200807794928551 0.196890696883202 0.195585712790489 0.198754042387009 0.204292446374893 0.184547886252403 0.1722272336483 0.192048341035843 0.190249130129814 0.189022079110146 0.201277226209641 0.196593075990677 0.183040022850037 0.175166264176369 0.187110856175423 0.205713778734207 0.200401186943054 0.187414601445198 0.18775862455368 0.187940776348114 0.194159314036369 0.199784606695175 0.212019264698029 0.20979805290699 0.189104869961739 -3.4e+38 -3.4e+38 -3.4e+38 -3.4e+38 -3.4e+38 -3.4e+38 -3.4e+38 -3.4e+38 -3.4e+38 -3.4e+38 -3.4e+38 -3.4e+38 -3.4e+38 -3.4e+38 -3.4e+38 -3.4e+38 -3.4e+38 -3.4e+38 -3.4e+38 -3.4e+38
0.288623332977295 0.28887078166008 0.273490875959396 0.247415393590927 0.218979895114899 0.211159110069275 0.204547137022018 0.195919156074524 0.19289642572403 0.193257048726082 0.188957557082176 0.201262161135674 0.19600336253643 0.186033993959427 0.189911276102066 0.184626743197441 0.177273005247116 0.175646126270294 0.183660477399826 0.187283739447594 0.177864596247673 0.170840919017792 0.190709069371223 0.192313238978386 0.193341344594955 0.196517065167427 0.197043493390083 0.195595100522041 0.177428066730499 0.176678344607353 -3.4e+38 -3.4e+38 -3.4e+38 -3.4e+38 -3.4e+38 -3.4e+38 -3.4e+38 -3.4e+38 -3.4e+38 -3.4e+38 -3.4e+38 -3.4e+38 -3.4e+38 -3.4e+38 -3.4e+38 -3.4e+38 -3.4e+38 -3.4e+38 -3.4e+38
0.277303546667099 0.275564759969711 0.281405091285706 0.268500953912735 0.236191064119339 0.212000146508217 0.193047270178795 0.184818804264069 0.179038137197495 0.197639644145966 0.193886637687683 0.188029378652573 0.189244821667671 0.177552029490471 0.186422854661942 0.191356137394905 0.179617583751678 0.164158329367638 0.175191611051559 0.183218002319336 0.177067056298256 0.175913244485855 0.185584783554077 0.187118679285049 0.190648376941681 0.189829885959625 0.188315287232399 0.196497485041618 0.184551000595093 0.173489347100258 0.18102565407753 -3.4e+38 -3.4e+38 -3.4e+38 -3.4e+38 -3.4e+38 -3.4e+38 -3.4e+38 -3.4e+38 -3.4e+38 -3.4e+38 -3.4e+38 -3.4e+38 -3.4e+38 -3.4e+38 -3.4e+38 -3.4e+38 -3.4e+38 -3.4e+38
0.272225052118301 0.264443665742874 0.281594753265381 0.27170118689537 0.236453354358673 0.211825251579285 0.193087041378021 0.18841764330864 0.185366734862328 0.201846435666084 0.199347883462906 0.187478199601173 0.189034581184387 0.174965173006058 0.193879723548889 0.209278866648674 0.191848605871201 0.165837690234184 0.177919268608093 0.194438636302948 0.188144758343697 0.189981892704964 0.194011777639389 0.195966839790344 0.197017475962639 0.191212832927704 0.194603472948074 0.206012889742851 0.19452865421772 0.18205338716507 0.182948991656303 0.185485154390335 0.195631936192513 0.195514172315598 -3.4e+38 -3.4e+38 -3.4e+38 -3.4e+38 -3.4e+38 -3.4e+38 -3.4e+38 -3.4e+38 -3.4e+38 -3.4e+38 -3.4e+38 -3.4e+38 -3.4e+38 -3.4e+38 -3.4e+38
0.252436399459839 0.258685499429703 0.279113829135895 0.276807337999344 0.255830526351929 0.236325725913048 0.227641105651855 0.210043579339981 0.191786572337151 0.200464427471161 0.201175853610039 0.197864025831223 0.192159399390221 0.186644479632378 0.206506848335266 0.211609095335007 0.204537406563759 0.194006592035294 0.193223536014557 0.202082887291908 0.200352892279625 0.183208614587784 0.185927093029022 0.202447935938835 0.211865693330765 0.204601645469666 0.201928094029427 0.200305119156837 0.188571125268936 0.189692914485931 0.192011535167694 0.18833489716053 0.190941035747528 0.198195710778236 0.204585060477257 0.213539153337479 0.203604087233543 0.206814825534821 0.205518126487732 0.198779106140137 0.214087352156639 0.22298663854599 0.223505645990372 0.212423548102379 0.210946053266525 0.211473405361176 0.206607773900032 0.205139204859734 0.198769494891167
0.231132373213768 0.252369105815887 0.26714688539505 0.266136288642883 0.267882287502289 0.265093863010406 0.261349320411682 0.227394476532936 0.192454487085342 0.195551425218582 0.198211595416069 0.201997101306915 0.201576963067055 0.202974915504456 0.216988891363144 0.21314400434494 0.221520096063614 0.225149586796761 0.21314400434494 0.213081926107407 0.205189943313599 0.181413531303406 0.183561339974403 0.204350396990776 0.221246674656868 0.219101443886757 0.216595441102982 0.200581207871437 0.185442090034485 0.191153854131699 0.189605504274368 0.179063215851784 0.183864206075668 0.201837807893753 0.209481224417686 0.209966868162155 0.204543933272362 0.213141292333603 0.220849767327309 0.205532968044281 0.204181358218193 0.216428443789482 0.221044227480888 0.208976954221725 0.206981673836708 0.217269003391266 0.217078194022179 0.220741122961044 0.217976436018944
0.232157707214355 0.259556263685226 0.279256910085678 0.279076933860779 0.277303814888 0.267486393451691 0.256694704294205 0.23021437227726 0.205065682530403 0.196690127253532 0.20311963558197 0.21415638923645 0.212677374482155 0.214861497282982 0.221498414874077 0.221618637442589 0.241340607404709 0.24512779712677 0.233709216117859 0.222313344478607 0.221814095973969 0.217222303152084 0.213566735386848 0.220757305622101 0.223685309290886 0.22465343773365 0.23481622338295 0.225983455777168 0.214080467820168 0.215425118803978 0.207077458500862 0.179519727826118 0.19288344681263 0.220839723944664 0.21816523373127 0.210478663444519 0.1981350928545 0.196575254201889 0.209802508354187 0.216221705079079 0.21135176718235 0.212055236101151 0.221356466412544 0.208929046988487 0.208201423287392 0.224729657173157 0.209728181362152 0.213034674525261 0.214824244379997
0.23408605158329 0.25283882021904 0.268771916627884 0.282604694366455 0.289277374744415 0.280357033014297 0.270836919546127 0.255127906799316 0.251017242670059 0.234053015708923 0.23109844326973 0.239036172628403 0.228898122906685 0.228992849588394 0.240997478365898 0.252092897891998 0.260752767324448 0.249662831425667 0.236237704753876 0.232875153422356 0.247867941856384 0.256192594766617 0.24096517264843 0.235394537448883 0.223416402935982 0.226998493075371 0.243569627404213 0.237294346094131 0.236537665128708 0.23387798666954 0.221323356032372 0.20236873626709 0.220642685890198 0.243435204029083 0.231664195656776 0.225179240107536 0.208917215466499 0.1952965259552 0.212833628058434 0.222748592495918 0.225845664739609 0.228613123297691 0.236279055476189 0.218891948461533 0.218871369957924 0.228229075670242 0.211143746972084 0.222076833248138 0.217330545186996
0.235419318079948 0.247912362217903 0.247951775789261 0.27441668510437 0.294504195451736 0.289885997772217 0.279592365026474 0.276467204093933 0.285969316959381 0.268465638160706 0.256334364414215 0.258381485939026 0.245475769042969 0.243200182914734 0.273472249507904 0.287363618612289 0.276526361703873 0.258389234542847 0.250700801610947 0.255379110574722 0.252643376588821 0.251675963401794 0.245887339115143 0.242699831724167 0.229054465889931 0.229647159576416 0.234887689352036 0.226961106061935 0.232545584440231 0.226190641522408 0.21522943675518 0.217849284410477 0.236238449811935 0.240134209394455 0.232921004295349 0.243736743927002 0.226953133940697 0.215569943189621 0.22755266726017 0.22622075676918 0.231620624661446 0.240492612123489 0.247920989990234 0.238512724637985 0.238995373249054 0.236518710851669 0.220362320542336 0.230231493711472 0.218868732452393
0.267656564712524 0.276619583368301 0.268904089927673 0.288959801197052 0.301292568445206 0.302601605653763 0.300688296556473 0.303008735179901 0.308038860559464 0.278936982154846 0.265381455421448 0.269989252090454 0.265452027320862 0.266059815883636 0.296201556921005 0.297774493694305 0.274841606616974 0.261653274297714 0.267555445432663 0.277743697166443 0.257957637310028 0.246377125382423 0.242278888821602 0.235785275697708 0.225558549165726 0.236449137330055 0.23694683611393 0.228711813688278 0.232122287154198 0.216133072972298 0.205756291747093 0.219422698020935 0.226719707250595 0.220115885138512 0.230547785758972 0.250861197710037 0.232333526015282 0.227717861533165 0.232608944177628 0.221062168478966 0.233104914426804 0.239479646086693 0.245188996195793 0.24444368481636 0.251778215169907 0.242731884121895 0.225913986563683 0.233944699168205 0.224205747246742
0.29539030790329 0.301457792520523 0.287606000900269 0.291277885437012 0.303596585988998 0.306582689285278 0.310052514076233 0.32710000872612 0.349126994609833 0.326345413923264 0.304735511541367 0.295628279447556 0.282918274402618 0.278004020452499 0.286407917737961 0.270402282476425 0.252383500337601 0.248812913894653 0.257451325654984 0.273810535669327 0.265420109033585 0.251450449228287 0.242812484502792 0.234105452895164 0.230253413319588 0.244590103626251 0.237763240933418 0.229171961545944 0.230638742446899 0.21948204934597 0.212235108017921 0.218503996729851 0.216494902968407 0.208040028810501 0.222838848829269 0.237594917416573 0.223182171583176 0.224173456430435 0.221811026334763 0.216033473610878 0.222964465618134 0.220474258065224 0.223904341459274 0.23473359644413 0.250866204500198 0.238567486405373 0.229960843920708 0.239930883049965 0.225895330309868
0.265234410762787 0.273032158613205 0.274990677833557 0.275247782468796 0.283929854631424 0.283888131380081 0.286053746938705 0.306466430425644 0.34046870470047 0.341679245233536 0.327296525239944 0.309882462024689 0.288578748703003 0.275346428155899 0.26706999540329 0.253312259912491 0.240330412983894 0.234447747468948 0.22961950302124 0.232643634080887 0.234021946787834 0.230541720986366 0.231553435325623 0.232007056474686 0.230201423168182 0.230171173810959 0.209519580006599 0.201916262507439 0.209955796599388 0.214939340949059 0.215116009116173 0.215347453951836 0.207915455102921 0.198522165417671 0.208886861801147 0.220612704753876 0.219412744045258 0.217829719185829 0.211295664310455 0.200493916869164 0.195363566279411 0.191489696502686 0.203584477305412 0.229808673262596 0.244865775108337 0.222756817936897 0.220932707190514 0.234171137213707 0.228356376290321
0.225095689296722 0.24299618601799 0.265083640813828 0.269440621137619 0.279204607009888 0.281305491924286 0.28236597776413 0.292338162660599 0.304761976003647 0.313157141208649 0.314616203308105 0.30263939499855 0.274933099746704 0.255019545555115 0.246033847332001 0.245376586914062 0.243918880820274 0.240762338042259 0.239571273326874 0.233715355396271 0.227483004331589 0.222402036190033 0.221448540687561 0.22405281662941 0.217340245842934 0.209556713700294 0.203135594725609 0.19905224442482 0.195743724703789 0.205051973462105 0.215959712862968 0.214358866214752 0.21445220708847 0.214840084314346 0.200025632977486 0.20338736474514 0.212690114974976 0.207470446825027 0.202590584754944 0.194044038653374 0.182796716690063 0.182229623198509 0.196086049079895 0.220415532588959 0.224484965205193 0.202264934778214 0.215473964810371 0.229711949825287 0.237936988472939
0.239453032612801 0.263744026422501 0.266076058149338 0.253830879926682 0.257275342941284 0.266918540000916 0.274127215147018 0.283649235963821 0.282503873109818 0.291680514812469 0.307053446769714 0.298881709575653 0.269529819488525 0.252957731485367 0.244557037949562 0.23797681927681 0.230504870414734 0.227316945791245 0.225841209292412 0.221746534109116 0.223434671759605 0.217855244874954 0.210549414157867 0.212026670575142 0.213477239012718 0.216176927089691 0.224285870790482 0.218482241034508 0.202065765857697 0.211921364068985 0.233054518699646 0.218235909938812 0.208191975951195 0.213418409228325 0.200999602675438 0.199962615966797 0.204817667603493 0.208109214901924 0.214573904871941 0.205523803830147 0.188091978430748 0.182531729340553 0.189490452408791 0.214260846376419 0.216362193226814 0.206788197159767 0.228176102042198 0.236369028687477 0.242027327418327
0.254054099321365 0.268941730260849 0.249735936522484 0.214343443512917 0.208403781056404 0.23106287419796 0.249794542789459 0.263511329889297 0.263419419527054 0.281439363956451 0.304106920957565 0.295671373605728 0.275180518627167 0.263966947793961 0.256110727787018 0.237441271543503 0.213249564170837 0.199954226613045 0.196575716137886 0.208519876003265 0.212974339723587 0.196277961134911 0.193252250552177 0.200770244002342 0.206454157829285 0.218692556023598 0.233478128910065 0.228144377470016 0.217390283942223 0.222340568900108 0.22338505089283 0.208944782614708 0.198216438293457 0.220799639821053 0.229476049542427 0.216924667358398 0.211969166994095 0.214820668101311 0.230572700500488 0.225837484002113 0.199864447116852 0.185149699449539 0.193025454878807 0.220685720443726 0.217764884233475 0.220099970698357 0.241142228245735 0.236441090703011 0.231067836284637
0.222140848636627 0.243240997195244 0.227751016616821 0.200690910220146 0.193104952573776 0.209469363093376 0.216769888997078 0.230431705713272 0.245970994234085 0.270583659410477 0.288032650947571 0.27464097738266 0.255170404911041 0.247630447149277 0.244754523038864 0.225992247462273 0.196131944656372 0.18144679069519 0.191619858145714 0.209942072629929 0.201955199241638 0.183244124054909 0.196717381477356 0.202878713607788 0.199922040104866 0.207693636417389 0.2116689234972 0.205963805317879 0.196577355265617 0.210416465997696 0.21085250377655 0.202761232852936 0.205616503953934 0.22947533428669 0.230276614427567 0.217050224542618 0.214664429426193 0.211698234081268 0.234614908695221 0.248318985104561 0.222297042608261 0.209994345903397 0.210164725780487 0.220580071210861 0.216986075043678 0.220735862851143 0.233072116971016 0.222316861152649 0.217563852667809
0.205109253525734 0.21771876513958 0.210486009716988 0.215964943170547 0.206411153078079 0.200840175151825 0.207691326737404 0.216049239039421 0.233717486262321 0.259313464164734 0.264322131872177 0.245702996850014 0.225831404328346 0.217212587594986 0.215772375464439 0.210931181907654 0.196533441543579 0.189278364181519 0.202457204461098 0.209066942334175 0.193643465638161 0.188537612557411 0.203811705112457 0.211384817957878 0.210019424557686 0.206487163901329 0.191039949655533 0.183920472860336 0.184027373790741 0.207754135131836 0.213545456528664 0.196029037237167 0.200398936867714 0.215699255466461 0.209389597177505 0.200073957443237 0.201884657144547 0.204515188932419 0.213973164558411 0.213116139173508 0.197553634643555 0.206538751721382 0.208483770489693 0.214435592293739 0.219160944223404 0.212081581354141 0.207174256443977 0.205863177776337 0.215034395456314
0.194200783967972 0.198433965444565 0.191278487443924 0.196256339550018 0.186020061373711 0.181375965476036 0.19281929731369 0.202624157071114 0.215245634317398 0.242603451013565 0.248435884714127 0.234156206250191 0.225282087922096 0.218590512871742 0.209368139505386 0.199598580598831 0.19502791762352 0.198707863688469 0.199443265795708 0.192329868674278 0.188726112246513 0.184411182999611 0.190853774547577 0.193485334515572 0.192480847239494 0.19681790471077 0.193635836243629 0.1849005818367 0.188050717115402 0.20670647919178 0.205362886190414 0.195143491029739 0.198732748627663 0.204223617911339 0.196572825312614 0.201373979449272 0.193395689129829 0.191388800740242 0.201994553208351 0.194235786795616 0.187640428543091 0.202878266572952 0.205789729952812 0.21634566783905 0.217537298798561 0.210931912064552 0.202691674232483 0.2075434923172 0.225537121295929
0.19024969637394 0.182687774300575 0.166833117604256 0.170287385582924 0.188639506697655 0.175385713577271 0.174612283706665 0.192575871944427 0.201860666275024 0.223089024424553 0.231135457754135 0.231035754084587 0.239280670881271 0.238707035779953 0.228824213147163 0.214035406708717 0.216721773147583 0.216720074415207 0.191183656454086 0.181313246488571 0.188215777277946 0.188275724649429 0.195640087127686 0.191502407193184 0.174212515354156 0.191253036260605 0.210659265518188 0.207482293248177 0.203280240297318 0.201923459768295 0.202607914805412 0.206233263015747 0.204392790794373 0.202386125922203 0.197650223970413 0.207723885774612 0.208925396203995 0.19941982626915 0.204316139221191 0.214676082134247 0.213615849614143 0.212234482169151 0.209176197648048 0.209802746772766 0.21304789185524 0.213395997881889 0.218405947089195 0.224710315465927 0.229393422603607
