data/trimmed_ndre/W_ndre.711.2014.asc
NCOLS 130 
NROWS 71 
XLLCORNER 530645 
YLLCORNER 5158205 
CELLSIZE 5 
NODATA_value -3.4e+38 
[rows 21 to 41 of 71, columns 49 to 97 of 130]
0.641929566860199 0.643868803977966 0.63398677110672 0.621296107769012 0.623120486736298 0.620640158653259 0.612840414047241 0.609330534934998 0.604902267456055 0.591693699359894 0.585885524749756 0.582371532917023 0.562709331512451 0.559508740901947 0.566468417644501 0.558243691921234 0.567642450332642 0.577166199684143 -3.4e+38 -3.4e+38 -3.4e+38 -3.4e+38 -3.4e+38 -3.4e+38 -3.4e+38 -3.4e+38 -3.4e+38 -3.4e+38 -3.4e+38 -3.4e+38 -3.4e+38 -3.4e+38 -3.4e+38 -3.4e+38 -3.4e+38 -3.4e+38 -3.4e+38 -3.4e+38 -3.4e+38 -3.4e+38 -3.4e+38 -3.4e+38 -3.4e+38 -3.4e+38 -3.4e+38 -3.4e+38 -3.4e+38 -3.4e+38 -3.4e+38
0.649306893348694 0.650612711906433 0.64001053571701 0.624482274055481 0.61266016960144 0.604046285152435 0.592204451560974 0.585705459117889 0.587477207183838 0.578534662723541 0.57909369468689 0.576868534088135 0.5559321641922 0.55607271194458 0.566079556941986 0.561168909072876 0.560452461242676 0.560845971107483 0.562694132328033 0.570624351501465 0.575800716876984 0.576721847057343 0.575028538703918 0.568698227405548 0.585917711257935 0.607765555381775 0.608681797981262 0.605009913444519 -3.4e+38 -3.4e+38 -3.4e+38 -3.4e+38 -3.4e+38 -3.4e+38 -3.4e+38 -3.4e+38 -3.4e+38 -3.4e+38 -3.4e+38 -3.4e+38 -3.4e+38 -3.4e+38 -3.4e+38 -3.4e+38 -3.4e+38 -3.4e+38 -3.4e+38 -3.4e+38 -3.4e+38
0.652227461338043 0.658940136432648 0.650597274303436 0.645568311214447 0.627973973751068 0.604132115840912 0.58737987279892 0.581612408161163 0.57918906211853 0.569695234298706 0.57528293132782 0.573047161102295 0.555631220340729 0.554821729660034 0.567966222763062 0.577287554740906 0.570983588695526 0.572542369365692 0.566120326519012 0.561775386333466 0.564562261104584 0.568463146686554 0.568501710891724 0.57483184337616 0.599907517433167 0.621359646320343 0.618903458118439 0.606938898563385 0.596364915370941 -3.4e+38 -3.4e+38 -3.4e+38 -3.4e+38 -3.4e+38 -3.4e+38 -3.4e+38 -3.4e+38 -3.4e+38 -3.4e+38 -3.4e+38 -3.4e+38 -3.4e+38 -3.4e+38 -3.4e+38 -3.4e+38 -3.4e+38 -3.4e+38 -3.4e+38 -3.4e+38
0.650042414665222 0.65135669708252 0.643593072891235 0.648999929428101 0.637619853019714 0.61590188741684 0.605264663696289 0.597984910011292 0.585410475730896 0.572546243667603 0.576186120510101 0.575397670269012 0.560490787029266 0.549661636352539 0.551478266716003 0.552121579647064 0.556989312171936 0.568309128284454 0.566562235355377 0.553873360157013 0.551387250423431 0.560494363307953 0.565974175930023 0.581957280635834 0.609134435653687 0.626455426216125 0.625174105167389 0.606851518154144 0.591763734817505 0.591731905937195 -3.4e+38 -3.4e+38 -3.4e+38 -3.4e+38 -3.4e+38 -3.4e+38 -3.4e+38 -3.4e+38 -3.4e+38 -3.4e+38 -3.4e+38 -3.4e+38 -3.4e+38 -3.4e+38 -3.4e+38 -3.4e+38 -3.4e+38 -3.4e+38 -3.4e+38
0.639032244682312 0.632676184177399 0.629254639148712 0.635197401046753 0.629574298858643 0.621604740619659 0.614355862140656 0.603296279907227 0.585623145103455 0.570682466030121 0.56838858127594 0.57778412103653 0.565899968147278 0.553104400634766 0.556709825992584 0.546898365020752 0.551942408084869 0.56127405166626 0.55581796169281 0.54100501537323 0.529270827770233 0.534382462501526 0.552543640136719 0.586488723754883 0.615536987781525 0.626611411571503 0.631161689758301 0.617466986179352 0.599810540676117 0.59100615978241 0.581572651863098 -3.4e+38 -3.4e+38 -3.4e+38 -3.4e+38 -3.4e+38 -3.4e+38 -3.4e+38 -3.4e+38 -3.4e+38 -3.4e+38 -3.4e+38 -3.4e+38 -3.4e+38 -3.4e+38 -3.4e+38 -3.4e+38 -3.4e+38 -3.4e+38
0.620363831520081 0.612801849842072 0.604079723358154 0.599990010261536 0.597234129905701 0.604489505290985 0.614452123641968 0.611129343509674 0.593493103981018 0.5800421833992 0.578016996383667 0.583331942558289 0.571639120578766 0.568195819854736 0.5714390873909 0.553097426891327 0.558687210083008 0.560642182826996 0.544123351573944 0.52663516998291 0.513265550136566 0.526624023914337 0.555193066596985 0.591656684875488 0.622403204441071 0.633231103420258 0.636115074157715 0.629467606544495 0.612331330776215 0.593493759632111 0.57736748456955 0.570363581180573 0.578563034534454 0.606535613536835 -3.4e+38 -3.4e+38 -3.4e+38 -3.4e+38 -3.4e+38 -3.4e+38 -3.4e+38 -3.4e+38 -3.4e+38 -3.4e+38 -3.4e+38 -3.4e+38 -3.4e+38 -3.4e+38 -3.4e+38
0.59194278717041 0.584234118461609 0.577020466327667 0.563674330711365 0.562131404876709 0.577559053897858 0.598669528961182 0.602402210235596 0.592476844787598 0.600082516670227 0.599793136119843 0.600154519081116 0.601579964160919 0.607139945030212 0.59678316116333 0.572613716125488 0.568389058113098 0.558649837970734 0.545286774635315 0.541251242160797 0.551063001155853 0.565717279911041 0.578625917434692 0.593967378139496 0.622359573841095 0.639941394329071 0.64061564207077 0.633867740631104 0.620192527770996 0.605440557003021 0.594991683959961 0.591711461544037 0.59964644908905 0.607211291790009 0.620383381843567 0.629028558731079 0.633211672306061 0.639029383659363 0.649844467639923 0.657177090644836 0.6533522605896 0.641444325447083 0.636727511882782 0.639418423175812 0.630388915538788 0.623367011547089 0.611434698104858 0.600622594356537 0.597316741943359
0.583848476409912 0.576878011226654 0.568621277809143 0.542671144008636 0.523081123828888 0.527908623218536 0.542860388755798 0.554700076580048 0.57128918170929 0.600885987281799 0.603208661079407 0.610085844993591 0.625508010387421 0.626919627189636 0.618794620037079 0.6026651263237 0.592146396636963 0.583235263824463 0.580657005310059 0.591392576694489 0.60923558473587 0.609671831130981 0.610321640968323 0.619160890579224 0.630459725856781 0.643870770931244 0.645896017551422 0.638721704483032 0.629055082798004 0.618980407714844 0.615710616111755 0.616414666175842 0.622845113277435 0.631033301353455 0.634844422340393 0.635401666164398 0.638852298259735 0.643299698829651 0.642071604728699 0.636195063591003 0.637199819087982 0.645166039466858 0.646049499511719 0.642927587032318 0.640108644962311 0.638454914093018 0.633616268634796 0.603923141956329 0.571413516998291
0.61006486415863 0.602078139781952 0.583097159862518 0.545348107814789 0.507367551326752 0.48929101228714 0.49262723326683 0.505079805850983 0.530236840248108 0.556814074516296 0.565714180469513 0.58366858959198 0.608487188816071 0.619143843650818 0.618991076946259 0.624124586582184 0.62702751159668 0.622584164142609 0.618736505508423 0.628805220127106 0.642703235149384 0.634550988674164 0.634014308452606 0.638213276863098 0.635570049285889 0.642437815666199 0.645147323608398 0.641225874423981 0.641972005367279 0.634616136550903 0.628489077091217 0.627760529518127 0.622906386852264 0.632059335708618 0.640637755393982 0.638972997665405 0.639502823352814 0.641065716743469 0.640100359916687 0.639814794063568 0.642488956451416 0.654960870742798 0.662978112697601 0.664579570293427 0.652933597564697 0.638076484203339 0.627763390541077 0.593343615531921 0.540471613407135
0.634647369384766 0.618561625480652 0.609208047389984 0.588770866394043 0.548089683055878 0.503195405006409 0.482646852731705 0.479282259941101 0.498638153076172 0.519972503185272 0.531774997711182 0.550843894481659 0.584720194339752 0.601800620555878 0.600711584091187 0.620545089244843 0.63833612203598 0.638234734535217 0.63475090265274 0.6499342918396 0.657450735569 0.640938818454742 0.640119969844818 0.634190022945404 0.62937468290329 0.63877809047699 0.64582771062851 0.648956298828125 0.651483833789825 0.643081068992615 0.638830304145813 0.6353799700737 0.619335412979126 0.628989934921265 0.642257332801819 0.642010152339935 0.64205926656723 0.642212450504303 0.645407617092133 0.651309609413147 0.657164931297302 0.661511123180389 0.666313767433167 0.670327365398407 0.66547954082489 0.642893970012665 0.617219507694244 0.594308137893677 0.552802324295044
0.656074225902557 0.640000104904175 0.6473348736763 0.641000747680664 0.595038950443268 0.544958293437958 0.522452592849731 0.519743621349335 0.510423600673676 0.522225439548492 0.538817524909973 0.560238122940063 0.600936889648438 0.607427954673767 0.590601325035095 0.605663061141968 0.621198654174805 0.629064500331879 0.632441103458405 0.643416464328766 0.64433628320694 0.632510960102081 0.632451891899109 0.622482776641846 0.615924894809723 0.624858915805817 0.634557902812958 0.64381730556488 0.64623886346817 0.642399728298187 0.643475532531738 0.63696414232254 0.623105406761169 0.630839884281158 0.640045344829559 0.64425140619278 0.647736191749573 0.65109783411026 0.654894053936005 0.658263802528381 0.664328455924988 0.667175590991974 0.668519794940948 0.670651376247406 0.671012282371521 0.653677463531494 0.631632924079895 0.616670906543732 0.58992075920105
0.661014258861542 0.650787472724915 0.656881392002106 0.649904191493988 0.617943286895752 0.594143629074097 0.594260632991791 0.575633943080902 0.53774482011795 0.552343487739563 0.576837360858917 0.590502381324768 0.605910420417786 0.608002841472626 0.593802928924561 0.603179156780243 0.610679566860199 0.612166941165924 0.609904527664185 0.612934768199921 0.625544965267181 0.628589272499084 0.6207674741745 0.605878531932831 0.592457056045532 0.596880078315735 0.609645545482635 0.624637246131897 0.628596067428589 0.624838471412659 0.622372686862946 0.621385097503662 0.621605455875397 0.628443121910095 0.6335329413414 0.633612215518951 0.635696113109589 0.641055166721344 0.647743105888367 0.652416050434113 0.656538248062134 0.654790580272675 0.654417455196381 0.657487630844116 0.659907400608063 0.648145079612732 0.640227019786835 0.640521347522736 0.626336276531219
0.65070378780365 0.640355050563812 0.643722355365753 0.643810153007507 0.625954270362854 0.613870322704315 0.62362277507782 0.599979102611542 0.570420801639557 0.584752440452576 0.598289549350739 0.597424805164337 0.588706910610199 0.595268487930298 0.590360522270203 0.580577611923218 0.578320324420929 0.580171227455139 0.581618189811707 0.589831054210663 0.608034133911133 0.618578732013702 0.60864382982254 0.59213387966156 0.573565483093262 0.570989787578583 0.586627840995789 0.60081160068512 0.596560776233673 0.583588898181915 0.580109477043152 0.588826477527618 0.594568014144897 0.596332490444183 0.597445964813232 0.595576524734497 0.596873760223389 0.604708552360535 0.618396878242493 0.624123513698578 0.620103120803833 0.616296648979187 0.622462451457977 0.63082218170166 0.634395182132721 0.628931283950806 0.623943507671356 0.619905471801758 0.613216459751129
0.645887494087219 0.630839765071869 0.62369304895401 0.625251352787018 0.612338125705719 0.601465940475464 0.612317621707916 0.600501477718353 0.591456890106201 0.597926259040833 0.598735451698303 0.593275249004364 0.58955842256546 0.58819580078125 0.580859899520874 0.564684927463531 0.556128203868866 0.558475136756897 0.568985104560852 0.587215840816498 0.603645145893097 0.602401793003082 0.595345914363861 0.583640158176422 0.569699227809906 0.556261777877808 0.560709238052368 0.567144334316254 0.559898912906647 0.54847776889801 0.549476087093353 0.558953881263733 0.558596014976501 0.551994204521179 0.549956977367401 0.556255102157593 0.562930107116699 0.568232834339142 0.570434391498566 0.578877449035645 0.574919283390045 0.573072254657745 0.588304340839386 0.598492503166199 0.592838048934937 0.583688139915466 0.573211669921875 0.563814997673035 0.572514235973358
0.639735102653503 0.625342428684235 0.614277720451355 0.612262010574341 0.604117870330811 0.597516357898712 0.596317708492279 0.589372754096985 0.59753280878067 0.605485618114471 0.597202599048615 0.578762412071228 0.574133276939392 0.575050294399261 0.569549560546875 0.56483793258667 0.562225937843323 0.567442715167999 0.578681766986847 0.586315274238586 0.587225914001465 0.581215083599091 0.578216195106506 0.582279920578003 0.577155470848083 0.559573769569397 0.537135124206543 0.531027972698212 0.536235511302948 0.542096257209778 0.543098628520966 0.544681966304779 0.537974655628204 0.529252529144287 0.531363427639008 0.54027247428894 0.535279035568237 0.532715320587158 0.537041485309601 0.550024151802063 0.550306975841522 0.550111413002014 0.560139179229736 0.560073137283325 0.549768388271332 0.53900158405304 0.535520613193512 0.534068405628204 0.544781625270844
0.630050837993622 0.622909367084503 0.6144739985466 0.609278380870819 0.600398302078247 0.589644432067871 0.583875238895416 0.586750626564026 0.598956406116486 0.609310150146484 0.596517026424408 0.57188081741333 0.564202487468719 0.555126011371613 0.547703742980957 0.55530446767807 0.5542933344841 0.556731760501862 0.565838038921356 0.560445189476013 0.561533153057098 0.572568476200104 0.575958132743835 0.591250121593475 0.589568972587585 0.559360086917877 0.521990537643433 0.499580234289169 0.513837575912476 0.539566397666931 0.540552318096161 0.530376255512238 0.526456415653229 0.523743689060211 0.529242753982544 0.536261081695557 0.527882814407349 0.519384264945984 0.526139140129089 0.540516138076782 0.544073283672333 0.540657818317413 0.541708886623383 0.540338516235352 0.530563831329346 0.529721736907959 0.532484292984009 0.527245044708252 0.532013416290283
0.618184268474579 0.612568318843842 0.602419435977936 0.590922892093658 0.581381559371948 0.572622537612915 0.578965246677399 0.590972721576691 0.5997673869133 0.606003284454346 0.589495360851288 0.562467753887177 0.55130660533905 0.527691781520844 0.517157435417175 0.527133524417877 0.520811080932617 0.514363884925842 0.521952033042908 0.531116306781769 0.548466444015503 0.566622853279114 0.576770007610321 0.59494423866272 0.587210416793823 0.54760217666626 0.5140580534935 0.485693067312241 0.497270733118057 0.525806128978729 0.514269053936005 0.5041743516922 0.511062622070312 0.52232038974762 0.52588415145874 0.532333612442017 0.529356002807617 0.512731075286865 0.501964867115021 0.51557582616806 0.527732312679291 0.53471040725708 0.538887977600098 0.536605656147003 0.526133477687836 0.522243499755859 0.518411636352539 0.515898466110229 0.535771667957306
0.610478699207306 0.601660311222076 0.579738736152649 0.559822797775269 0.549362599849701 0.551199376583099 0.571894347667694 0.583405256271362 0.584270358085632 0.583472430706024 0.569292783737183 0.543497085571289 0.528513491153717 0.511186003684998 0.490249186754227 0.481764316558838 0.475171506404877 0.469575762748718 0.487409323453903 0.510132253170013 0.530663371086121 0.557621896266937 0.57729172706604 0.589248061180115 0.579628527164459 0.542407929897308 0.508463621139526 0.489295095205307 0.492323577404022 0.503008186817169 0.495386600494385 0.49479728937149 0.501583278179169 0.511825203895569 0.510755002498627 0.517348289489746 0.527009248733521 0.521723031997681 0.497604459524155 0.500659883022308 0.516637325286865 0.520516872406006 0.532644927501678 0.532675445079803 0.522139847278595 0.519297361373901 0.511552572250366 0.521558463573456 0.549349546432495
0.588955581188202 0.573744356632233 0.539840221405029 0.523408889770508 0.522169053554535 0.544577240943909 0.56949245929718 0.565188229084015 0.557408094406128 0.550536215305328 0.541089177131653 0.521131753921509 0.497113615274429 0.48319736123085 0.465238183736801 0.454602748155594 0.455280065536499 0.451612204313278 0.474949568510056 0.509342193603516 0.527583599090576 0.555164575576782 0.578527092933655 0.584221303462982 0.571564614772797 0.552579939365387 0.528445363044739 0.510372519493103 0.508129715919495 0.503330111503601 0.494852751493454 0.497423529624939 0.495100617408752 0.497590601444244 0.5020831823349 0.503316104412079 0.513352394104004 0.516345381736755 0.500662326812744 0.506019949913025 0.503859460353851 0.493776321411133 0.508181214332581 0.534677743911743 0.538465321063995 0.528867244720459 0.536439001560211 0.549495041370392 0.566093385219574
0.549706518650055 0.535407245159149 0.501575231552124 0.495566844940186 0.505002737045288 0.53839522600174 0.559402227401733 0.546627521514893 0.540483117103577 0.526891529560089 0.508546829223633 0.487130254507065 0.463563621044159 0.456417858600616 0.455363988876343 0.46036171913147 0.466311365365982 0.470421731472015 0.499957054853439 0.526964664459229 0.542461693286896 0.563949704170227 0.584345161914825 0.58858448266983 0.580371260643005 0.577187299728394 0.557218551635742 0.533708453178406 0.529060423374176 0.524045944213867 0.527109801769257 0.524243652820587 0.501450061798096 0.499567806720734 0.506272554397583 0.503911256790161 0.501098394393921 0.507090270519257 0.509408116340637 0.507574856281281 0.499782353639603 0.495716631412506 0.512221276760101 0.54142838716507 0.551775634288788 0.548287928104401 0.568863391876221 0.584728419780731 0.588434398174286
0.519082486629486 0.500867068767548 0.477772146463394 0.475486397743225 0.493020534515381 0.53827440738678 0.559533715248108 0.540212035179138 0.529330968856812 0.501666963100433 0.470383703708649 0.453130215406418 0.440619140863419 0.446375280618668 0.459827840328217 0.469833850860596 0.488139271736145 0.507374942302704 0.525990724563599 0.539916753768921 0.552594780921936 0.568402230739594 0.580698668956757 0.589908421039581 0.591254770755768 0.588026702404022 0.569281458854675 0.551151871681213 0.549462795257568 0.551835417747498 0.563347041606903 0.549016535282135 0.515308618545532 0.515146613121033 0.51968252658844 0.511814117431641 0.499087393283844 0.508301913738251 0.515749156475067 0.513217031955719 0.521418511867523 0.523229837417603 0.53267502784729 0.54667717218399 0.551397740840912 0.560443222522736 0.578545153141022 0.590532004833221 0.58182156085968
