data/trimmed_ndre/W_ndre.72.2009_no_clouds.asc
NCOLS 130 
NROWS 71 
XLLCORNER 530645 
YLLCORNER 5158205 
CELLSIZE 5 
NODATA_value -3.4e+38 
[rows 0 to 20 of 71, columns 0 to 48 of 130]
-339999999999999996123846586046231871488.000000000000000 -3.4e+38 -3.4e+38 -3.4e+38 -3.4e+38 -3.4e+38 -3.4e+38 -3.4e+38 -3.4e+38 -3.4e+38 -3.4e+38 0.338671743869781 0.315300434827805 0.313841283321381 0.33088818192482 0.339146077632904 0.335848182439804 -3.4e+38 -3.4e+38 -3.4e+38 -3.4e+38 -3.4e+38 -3.4e+38 -3.4e+38 -3.4e+38 -3.4e+38 -3.4e+38 -3.4e+38 -3.4e+38 -3.4e+38 -3.4e+38 -3.4e+38 -3.4e+38 -3.4e+38 -3.4e+38 -3.4e+38 -3.4e+38 -3.4e+38 -3.4e+38 -3.4e+38 -3.4e+38 -3.4e+38 -3.4e+38 -3.4e+38 -3.4e+38 -3.4e+38 -3.4e+38 -3.4e+38 -3.4e+38
-3.4e+38 -3.4e+38 -3.4e+38 -3.4e+38 -3.4e+38 -3.4e+38 -3.4e+38 -3.4e+38 -3.4e+38 -3.4e+38 0.34596186876297 0.324731826782227 0.314120173454285 0.32520866394043 0.336787313222885 0.325831085443497 0.33117288351059 0.326240599155426 -3.4e+38 -3.4e+38 -3.4e+38 -3.4e+38 -3.4e+38 -3.4e+38 -3.4e+38 -3.4e+38 -3.4e+38 -3.4e+38 -3.4e+38 -3.4e+38 -3.4e+38 -3.4e+38 -3.4e+38 -3.4e+38 -3.4e+38 -3.4e+38 -3.4e+38 -3.4e+38 -3.4e+38 -3.4e+38 -3.4e+38 -3.4e+38 -3.4e+38 -3.4e+38 -3.4e+38 -3.4e+38 -3.4e+38 -3.4e+38 -3.4e+38
-3.4e+38 -3.4e+38 -3.4e+38 -3.4e+38 -3.4e+38 -3.4e+38 -3.4e+38 -3.4e+38 0.361046105623245 0.341867923736572 0.333650410175323 0.335845291614532 0.337763339281082 0.321676224470139 0.331532448530197 0.33107578754425 0.325214684009552 0.306508749723434 0.312606871128082 -3.4e+38 -3.4e+38 -3.4e+38 -3.4e+38 -3.4e+38 -3.4e+38 -3.4e+38 -3.4e+38 -3.4e+38 -3.4e+38 -3.4e+38 -3.4e+38 -3.4e+38 -3.4e+38 -3.4e+38 -3.4e+38 -3.4e+38 -3.4e+38 -3.4e+38 -3.4e+38 -3.4e+38 -3.4e+38 -3.4e+38 -3.4e+38 -3.4e+38 -3.4e+38 -3.4e+38 -3.4e+38 -3.4e+38 -3.4e+38
-3.4e+38 -3.4e+38 -3.4e+38 -3.4e+38 -3.4e+38 -3.4e+38 -3.4e+38 -3.4e+38 -3.4e+38 0.35249325633049 0.325407207012177 0.347126096487045 0.349682182073593 0.306697607040405 0.326543182134628 0.318796366453171 0.298536390066147 0.305162459611893 0.309974282979965 0.339358597993851 0.369703382253647 -3.4e+38 -3.4e+38 -3.4e+38 -3.4e+38 -3.4e+38 -3.4e+38 -3.4e+38 -3.4e+38 -3.4e+38 -3.4e+38 -3.4e+38 0.38555046916008 0.36356583237648 -3.4e+38 -3.4e+38 -3.4e+38 -3.4e+38 -3.4e+38 -3.4e+38 -3.4e+38 -3.4e+38 -3.4e+38 -3.4e+38 -3.4e+38 -3.4e+38 -3.4e+38 -3.4e+38 -3.4e+38
-3.4e+38 -3.4e+38 -3.4e+38 -3.4e+38 -3.4e+38 -3.4e+38 -3.4e+38 -3.4e+38 -3.4e+38 0.364857614040375 0.322850435972214 0.342187345027924 0.348403662443161 0.314969092607498 0.32490548491478 0.288638949394226 0.275118887424469 0.302986085414886 0.30423179268837 0.32864060997963 0.366871982812881 0.383602619171143 0.368362307548523 0.381563991308212 0.390060424804688 0.394035011529922 0.396283745765686 0.385283499956131 -3.4e+38 -3.4e+38 -3.4e+38 0.376266747713089 0.372626155614853 0.380329519510269 0.372229605913162 0.389681965112686 0.396841108798981 -3.4e+38 -3.4e+38 -3.4e+38 -3.4e+38 -3.4e+38 -3.4e+38 -3.4e+38 -3.4e+38 -3.4e+38 -3.4e+38 -3.4e+38 -3.4e+38
-3.4e+38 -3.4e+38 -3.4e+38 -3.4e+38 -3.4e+38 -3.4e+38 -3.4e+38 -3.4e+38 -3.4e+38 0.365376055240631 0.330784380435944 0.343392074108124 0.34202852845192 0.305736124515533 0.276787579059601 0.259840101003647 0.260375052690506 0.277807772159576 0.292763948440552 0.326525926589966 0.350221693515778 0.363024264574051 0.359157651662827 0.379486441612244 0.387335240840912 0.378933399915695 0.382187277078629 0.393834441900253 0.372358590364456 0.353579759597778 0.382526218891144 0.365601062774658 0.372668772935867 0.405486434698105 0.393190234899521 0.387550413608551 0.393858790397644 0.386883914470673 0.383830100297928 0.386145502328873 -3.4e+38 -3.4e+38 -3.4e+38 -3.4e+38 -3.4e+38 -3.4e+38 -3.4e+38 -3.4e+38 -3.4e+38
-3.4e+38 -3.4e+38 -3.4e+38 -3.4e+38 -3.4e+38 -3.4e+38 -3.4e+38 -3.4e+38 -3.4e+38 0.353076577186584 0.347331881523132 0.350685387849808 0.341242402791977 0.287412345409393 0.239988312125206 0.244789406657219 0.259711176156998 0.275891453027725 0.298209726810455 0.324772447347641 0.330368369817734 0.360157877206802 0.377796411514282 0.36516085267067 0.363872885704041 0.366736501455307 0.374101668596268 0.387053638696671 0.377933233976364 0.353237718343735 0.357293456792831 0.364495247602463 0.371027499437332 0.394608110189438 0.40546989440918 0.404379963874817 0.39974707365036 0.394140332937241 0.381993651390076 0.390231281518936 0.371042966842651 0.347669571638107 -3.4e+38 -3.4e+38 -3.4e+38 -3.4e+38 -3.4e+38 -3.4e+38 -3.4e+38
-3.4e+38 -3.4e+38 -3.4e+38 -3.4e+38 -3.4e+38 -3.4e+38 -3.4e+38 -3.4e+38 -3.4e+38 0.344682693481445 0.342719227075577 0.346746623516083 0.328479915857315 0.296449184417725 0.253543525934219 0.248804956674576 0.268860310316086 0.286518484354019 0.30461174249649 0.323281228542328 0.341772347688675 0.359201431274414 0.380232483148575 0.364888459444046 0.35271030664444 0.366309136152267 0.368732005357742 0.361262381076813 0.369836509227753 0.367131799459457 0.357964962720871 0.366394370794296 0.360745340585709 0.368846505880356 0.388390690088272 0.396819174289703 0.390777349472046 0.386832654476166 0.379151612520218 0.370366245508194 0.359051793813705 0.356605350971222 0.374138325452805 -3.4e+38 -3.4e+38 -3.4e+38 -3.4e+38 -3.4e+38 -3.4e+38
-3.4e+38 -3.4e+38 -3.4e+38 -3.4e+38 -3.4e+38 -3.4e+38 -3.4e+38 -3.4e+38 0.407927274703979 0.354147017002106 0.345122307538986 0.331415146589279 0.309811115264893 0.297381192445755 0.280911266803741 0.272837489843369 0.283405065536499 0.293707638978958 0.313448995351791 0.333934903144836 0.349782317876816 0.355481654405594 0.368916124105453 0.374220699071884 0.356441915035248 0.363911658525467 0.379300504922867 0.375225514173508 0.374406099319458 0.386547356843948 0.371611356735229 0.349236935377121 0.345364421606064 0.353551864624023 0.368706613779068 0.379961013793945 0.380436182022095 0.38881179690361 0.382743924856186 0.365159153938293 0.370833516120911 0.375561445951462 0.387221068143845 0.391611069440842 0.384977877140045 0.382584571838379 0.377456277608871 -3.4e+38 -3.4e+38
-3.4e+38 -3.4e+38 -3.4e+38 -3.4e+38 -3.4e+38 -3.4e+38 -3.4e+38 0.452298641204834 0.434591114521027 0.392119795084 0.364041447639465 0.327169239521027 0.308394283056259 0.304697126150131 0.290247559547424 0.303098678588867 0.303113281726837 0.31355008482933 0.339834928512573 0.353859931230545 0.359984189271927 0.362839192152023 0.348117023706436 0.36985519528389 0.377871513366699 0.364440351724625 0.378972828388214 0.386040717363358 0.371443688869476 0.364757686853409 0.350610643625259 0.337547123432159 0.344077825546265 0.353861629962921 0.367767482995987 0.375580638647079 0.373001009225845 0.361667454242706 0.370118945837021 0.380093634128571 0.386068910360336 0.377753734588623 0.383265376091003 0.38889017701149 0.383607149124146 0.387568682432175 0.38249933719635 0.36363422870636 -3.4e+38
-3.4e+38 -3.4e+38 -3.4e+38 -3.4e+38 -3.4e+38 -3.4e+38 0.448210388422012 0.450550407171249 0.444481790065765 0.427325069904327 0.394229412078857 0.36169359087944 0.324074387550354 0.312683492898941 0.30934002995491 0.339885592460632 0.326817363500595 0.315542876720428 0.340953290462494 0.355295777320862 0.371206402778625 0.37605357170105 0.368089437484741 0.373582869768143 0.371460109949112 0.357055991888046 0.36161857843399 0.370438784360886 0.363281011581421 0.350264936685562 0.351734012365341 0.350536823272705 0.352595537900925 0.360507518053055 0.378504514694214 0.382763713598251 0.36891382932663 0.352616995573044 0.366712749004364 0.382487297058105 0.381746530532837 0.373327732086182 0.396268427371979 0.398131608963013 0.381512820720673 0.386569142341614 0.380702406167984 0.368779689073563 0.353691548109055
-3.4e+38 -3.4e+38 -3.4e+38 -3.4e+38 -3.4e+38 0.409230172634125 0.44222366809845 0.440679848194122 0.44613915681839 0.45312026143074 0.436959713697433 0.398195564746857 0.358004331588745 0.352655112743378 0.372534692287445 0.371523797512054 0.340653210878372 0.335848301649094 0.346057772636414 0.35146164894104 0.375246852636337 0.368320167064667 0.355188697576523 0.36630055308342 0.369136869907379 0.362155020236969 0.363864332437515 0.371666997671127 0.37085634469986 0.36643660068512 0.369850903749466 0.364549964666367 0.362153589725494 0.363238722085953 0.367006003856659 0.364077925682068 0.375150114297867 0.375282615423203 0.363838374614716 0.359370827674866 0.370294719934464 0.385382056236267 0.399509847164154 0.398224920034409 0.396527200937271 0.399119734764099 0.37016373872757 0.352313488721848 0.353864848613739
-3.4e+38 -3.4e+38 -3.4e+38 -3.4e+38 -3.4e+38 0.402720063924789 0.43302920460701 0.436322867870331 0.445363312959671 0.455718815326691 0.447174221277237 0.421591579914093 0.399039179086685 0.367675840854645 0.386081039905548 0.394194155931473 0.366410940885544 0.371929824352264 0.369993358850479 0.352032482624054 0.363963574171066 0.361699163913727 0.357271194458008 0.375242471694946 0.384914934635162 0.366363316774368 0.351246207952499 0.360484093427658 0.375207722187042 0.377944469451904 0.373432874679565 0.372465699911118 0.374577462673187 0.378245770931244 0.377128303050995 0.372834205627441 0.382211476564407 0.381794720888138 0.365715831518173 0.366190016269684 0.376663744449615 0.390199035406113 0.383257061243057 0.373790442943573 0.383210062980652 0.397372931241989 0.383205443620682 0.355133056640625 0.349837601184845
-3.4e+38 -3.4e+38 -3.4e+38 -3.4e+38 0.335895836353302 0.404322743415833 0.416994601488113 0.418395012617111 0.42774823307991 0.439578860998154 0.440448820590973 0.434859931468964 0.416260182857513 0.384512066841125 0.399103254079819 0.411822080612183 0.37915101647377 0.357658386230469 0.361967265605927 0.365972250699997 0.364563912153244 0.364477038383484 0.371584177017212 0.381817609071732 0.390481203794479 0.36461991071701 0.35040295124054 0.361170470714569 0.372218430042267 0.366163581609726 0.362150549888611 0.361935019493103 0.364209055900574 0.380589932203293 0.404136151075363 0.404204100370407 0.38111200928688 0.358141660690308 0.350323796272278 0.366789579391479 0.378422737121582 0.392105609178543 0.39161804318428 0.375627040863037 0.375758349895477 0.398837715387344 0.407052308320999 0.379992812871933 0.359517455101013
-3.4e+38 -3.4e+38 -3.4e+38 -3.4e+38 0.328046321868896 0.366447180509567 0.39314928650856 0.398034423589706 0.409849882125854 0.428543537855148 0.431903779506683 0.415246874094009 0.412223607301712 0.409757971763611 0.411456346511841 0.410354137420654 0.399823158979416 0.381637871265411 0.372717916965485 0.378566443920135 0.369712799787521 0.352465391159058 0.363456964492798 0.377913147211075 0.375855416059494 0.360262989997864 0.365704923868179 0.378512740135193 0.376230210065842 0.358050018548965 0.345188498497009 0.3487748503685 0.355989396572113 0.367123812437057 0.392339944839478 0.394779741764069 0.364342033863068 0.34837943315506 0.346797674894333 0.362530797719955 0.382576048374176 0.394963532686234 0.388138294219971 0.370272487401962 0.367848485708237 0.381048440933228 0.391458809375763 0.376304388046265 0.364054054021835
-3.4e+38 -3.4e+38 -3.4e+38 -3.4e+38 0.310500293970108 0.328911006450653 0.370912432670593 0.390179187059402 0.402962863445282 0.41433584690094 0.412321269512177 0.396243542432785 0.400586128234863 0.417713969945908 0.412156015634537 0.401257634162903 0.421192437410355 0.421099275350571 0.383596450090408 0.378942549228668 0.387434482574463 0.380366444587708 0.371395587921143 0.369941264390945 0.368385821580887 0.365874588489532 0.365559905767441 0.363143503665924 0.356899470090866 0.344533890485764 0.338250577449799 0.347718894481659 0.372197061777115 0.37971892952919 0.371361911296844 0.368098229169846 0.365308552980423 0.369356721639633 0.379415690898895 0.379048556089401 0.375116765499115 0.375977694988251 0.375889986753464 0.361150920391083 0.351276725530624 0.358259230852127 0.381753385066986 0.385379821062088 0.372386753559113
-3.4e+38 -3.4e+38 -3.4e+38 0.309989660978317 0.312522113323212 0.311645209789276 0.343126505613327 0.375365018844604 0.375692635774612 0.388533562421799 0.391395956277847 0.38734695315361 0.380650192499161 0.392296016216278 0.402980715036392 0.393576204776764 0.403431326150894 0.415219277143478 0.393855690956116 0.381427854299545 0.382762849330902 0.388134866952896 0.378491938114166 0.374694377183914 0.381751298904419 0.393005520105362 0.393382281064987 0.378739356994629 0.365080237388611 0.352905631065369 0.340960651636124 0.323267072439194 0.341622769832611 0.36816942691803 0.36310800909996 0.355365931987762 0.368421971797943 0.383360475301743 0.389225572347641 0.384115725755692 0.369303613901138 0.367305427789688 0.376451253890991 0.366813868284225 0.360612571239471 0.374723106622696 0.383964478969574 0.384170353412628 0.384862184524536
-3.4e+38 -3.4e+38 0.358322739601135 0.33547043800354 0.318372517824173 0.316993296146393 0.334914118051529 0.3547303378582 0.355553090572357 0.371641159057617 0.367365598678589 0.362802356481552 0.373201310634613 0.38808086514473 0.391060024499893 0.373689144849777 0.354184955358505 0.373871922492981 0.394904524087906 0.385582566261292 0.372203826904297 0.371377468109131 0.374728709459305 0.37550300359726 0.391515880823135 0.415928661823273 0.416577935218811 0.399829387664795 0.394958466291428 0.374026596546173 0.34639510512352 0.325575888156891 0.311967819929123 0.343258738517761 0.369439750909805 0.349941194057465 0.349563181400299 0.370950728654861 0.379410028457642 0.366883307695389 0.368657112121582 0.379527240991592 0.387923568487167 0.380957990884781 0.371803283691406 0.377548426389694 0.377512067556381 0.37765035033226 0.375487416982651
-3.4e+38 0.39695930480957 0.389397621154785 0.359928041696548 0.333632737398148 0.33324134349823 0.349195927381516 0.359707772731781 0.362181037664413 0.36724916100502 0.364651709794998 0.366429775953293 0.376066476106644 0.379396140575409 0.368029743432999 0.354457020759583 0.35325163602829 0.361850529909134 0.362214267253876 0.361516833305359 0.360324293375015 0.348751097917557 0.345467805862427 0.35928750038147 0.385765314102173 0.40088427066803 0.40249764919281 0.403001368045807 0.415875881910324 0.419701635837555 0.390612006187439 0.35456645488739 0.326661765575409 0.333561837673187 0.365813910961151 0.370078325271606 0.370074719190598 0.36692076921463 0.359859943389893 0.346960753202438 0.360452353954315 0.387751221656799 0.398512303829193 0.39074495434761 0.379376977682114 0.372035652399063 0.379139870405197 0.382705062627792 0.378498196601868
-3.4e+38 0.414930731058121 0.404989778995514 0.377893894910812 0.367907464504242 0.377703338861465 0.389362245798111 0.38483402132988 0.382197290658951 0.38137423992157 0.376171410083771 0.367210417985916 0.363101631402969 0.359905749559402 0.353966116905212 0.339680582284927 0.339260160923004 0.345628589391708 0.329821407794952 0.338053703308105 0.355296939611435 0.349565029144287 0.350223958492279 0.34503698348999 0.347669333219528 0.355662971735001 0.375467836856842 0.393545150756836 0.414872348308563 0.432767599821091 0.420156121253967 0.390021145343781 0.372386068105698 0.362103581428528 0.361905187368393 0.375247448682785 0.383222818374634 0.369186699390411 0.354222774505615 0.34831839799881 0.349087625741959 0.374923437833786 0.395866215229034 0.390441805124283 0.392030537128448 0.387921273708344 0.377792060375214 0.374531358480453 0.376214861869812
0.411768317222595 0.421416014432907 0.409627735614777 0.390326082706451 0.406716734170914 0.424928963184357 0.42072531580925 0.406354874372482 0.405148714780807 0.409670859575272 0.394997388124466 0.365850359201431 0.355472028255463 0.346434861421585 0.337670117616653 0.336429357528687 0.338503301143646 0.342290580272675 0.334642440080643 0.344764620065689 0.344033360481262 0.336609482765198 0.348182171583176 0.334336251020432 0.318939685821533 0.33351594209671 0.361191779375076 0.366591185331345 0.37742954492569 0.400920987129211 0.409753829240799 0.404965817928314 0.404879987239838 0.406980752944946 0.387395560741425 0.375696301460266 0.37645223736763 0.369710296392441 0.357383906841278 0.355289220809937 0.357011139392853 0.363350868225098 0.37392121553421 0.378883600234985 0.372799575328827 0.37946629524231 0.37872901558876 0.373553365468979 0.374830037355423
