data/trimmed_ndre/W_ndre.715.2012_no_clouds.asc
NCOLS 130 
NROWS 71 
XLLCORNER 530645 
YLLCORNER 5158205 
CELLSIZE 5 
NODATA_value -3.4e+38 
[rows 21 to 41 of 71, columns 49 to 97 of 130]
0.423615366220474 0.427553564310074 0.413072019815445 0.412367552518845 0.419217497110367 0.428668022155762 0.435650795698166 0.411982536315918 0.404776692390442 0.40874519944191 0.397133648395538 0.387816101312637 0.390183866024017 0.394490569829941 0.406658947467804 0.417526990175247 0.428157329559326 0.433602184057236 -3.4e+38 -3.4e+38 -3.4e+38 -3.4e+38 -3.4e+38 -3.4e+38 -3.4e+38 -3.4e+38 -3.4e+38 -3.4e+38 -3.4e+38 -3.4e+38 -3.4e+38 -3.4e+38 -3.4e+38 -3.4e+38 -3.4e+38 -3.4e+38 -3.4e+38 -3.4e+38 -3.4e+38 -3.4e+38 -3.4e+38 -3.4e+38 -3.4e+38 -3.4e+38 -3.4e+38 -3.4e+38 -3.4e+38 -3.4e+38 -3.4e+38
0.427509635686874 0.426473200321198 0.413847118616104 0.415599942207336 0.42122220993042 0.431855857372284 0.427230209112167 0.402533382177353 0.399476289749146 0.404956430196762 0.396489351987839 0.381235420703888 0.374056935310364 0.383794963359833 0.399130523204803 0.40638479590416 0.425966650247574 0.436664789915085 0.431646883487701 0.441603392362595 0.423407286405563 0.419616788625717 0.427573889493942 0.4055016040802 0.396698355674744 0.412723869085312 0.423403799533844 0.416035801172256 -3.4e+38 -3.4e+38 -3.4e+38 -3.4e+38 -3.4e+38 -3.4e+38 -3.4e+38 -3.4e+38 -3.4e+38 -3.4e+38 -3.4e+38 -3.4e+38 -3.4e+38 -3.4e+38 -3.4e+38 -3.4e+38 -3.4e+38 -3.4e+38 -3.4e+38 -3.4e+38 -3.4e+38
0.43037161231041 0.426756292581558 0.415191888809204 0.413013935089111 0.413021326065063 0.419177740812302 0.408861994743347 0.393707692623138 0.396586865186691 0.401589691638947 0.398410111665726 0.386440545320511 0.378622949123383 0.385696768760681 0.397178769111633 0.40430161356926 0.422783344984055 0.429253786802292 0.42940828204155 0.437746435403824 0.409931749105453 0.413855522871017 0.418761730194092 0.395875334739685 0.397749215364456 0.418341726064682 0.424912691116333 0.416679203510284 0.417758643627167 -3.4e+38 -3.4e+38 -3.4e+38 -3.4e+38 -3.4e+38 -3.4e+38 -3.4e+38 -3.4e+38 -3.4e+38 -3.4e+38 -3.4e+38 -3.4e+38 -3.4e+38 -3.4e+38 -3.4e+38 -3.4e+38 -3.4e+38 -3.4e+38 -3.4e+38 -3.4e+38
0.430918008089066 0.427334517240524 0.424276024103165 0.413967311382294 0.40718138217926 0.415183424949646 0.411805629730225 0.403502762317657 0.398948162794113 0.40308004617691 0.399298787117004 0.39207512140274 0.389595597982407 0.398271381855011 0.413419276475906 0.422146588563919 0.420678317546844 0.420580863952637 0.436511546373367 0.436744779348373 0.409072160720825 0.411279171705246 0.413294225931168 0.403547078371048 0.410004913806915 0.425087660551071 0.426649034023285 0.415126800537109 0.411724656820297 0.419809699058533 -3.4e+38 -3.4e+38 -3.4e+38 -3.4e+38 -3.4e+38 -3.4e+38 -3.4e+38 -3.4e+38 -3.4e+38 -3.4e+38 -3.4e+38 -3.4e+38 -3.4e+38 -3.4e+38 -3.4e+38 -3.4e+38 -3.4e+38 -3.4e+38 -3.4e+38
0.456669896841049 0.433637857437134 0.43094190955162 0.419070392847061 0.412317752838135 0.423931479454041 0.41964191198349 0.413927495479584 0.408245235681534 0.406761884689331 0.398888796567917 0.392296105623245 0.396298348903656 0.405664473772049 0.424990981817245 0.437270194292068 0.428329318761826 0.421888560056686 0.437260568141937 0.429917305707932 0.410344898700714 0.409214168787003 0.410332918167114 0.415453463792801 0.420595526695251 0.423915594816208 0.420222073793411 0.412290930747986 0.413485586643219 0.423158943653107 0.4139444231987 -3.4e+38 -3.4e+38 -3.4e+38 -3.4e+38 -3.4e+38 -3.4e+38 -3.4e+38 -3.4e+38 -3.4e+38 -3.4e+38 -3.4e+38 -3.4e+38 -3.4e+38 -3.4e+38 -3.4e+38 -3.4e+38 -3.4e+38 -3.4e+38
0.468404114246368 0.436575889587402 0.432220697402954 0.417353749275208 0.410760015249252 0.416552782058716 0.413632780313492 0.413546532392502 0.411818891763687 0.406304240226746 0.401091426610947 0.392686605453491 0.392242819070816 0.399296820163727 0.418913543224335 0.44121903181076 0.445677369832993 0.443210780620575 0.446762561798096 0.427297055721283 0.407914757728577 0.409722805023193 0.407573908567429 0.412432730197906 0.416682302951813 0.413828730583191 0.41434171795845 0.417643189430237 0.417898207902908 0.418902158737183 0.410309821367264 0.408845573663712 0.412395238876343 0.414056569337845 -3.4e+38 -3.4e+38 -3.4e+38 -3.4e+38 -3.4e+38 -3.4e+38 -3.4e+38 -3.4e+38 -3.4e+38 -3.4e+38 -3.4e+38 -3.4e+38 -3.4e+38 -3.4e+38 -3.4e+38
0.471847206354141 0.450226455926895 0.447176277637482 0.427095711231232 0.407671362161636 0.400750607252121 0.403609991073608 0.406804740428925 0.405921578407288 0.405037611722946 0.406065851449966 0.401812195777893 0.391401380300522 0.394389301538467 0.41251876950264 0.438614636659622 0.447830229997635 0.441499412059784 0.442933320999146 0.430847942829132 0.410137742757797 0.409075200557709 0.412140220403671 0.410018026828766 0.408949464559555 0.411321669816971 0.415582239627838 0.420320332050323 0.414493471384048 0.410732746124268 0.411483436822891 0.409309029579163 0.406360387802124 0.410144835710526 0.419157117605209 0.421524435281754 0.426736623048782 0.425223678350449 0.418630093336105 0.42484849691391 0.428016722202301 0.425701469182968 0.424194067716599 0.420363068580627 0.415153205394745 0.412393659353256 0.420444548130035 0.42853194475174 0.431045234203339
0.481029897928238 0.467342048883438 0.460602611303329 0.440170913934708 0.409169346094131 0.397578030824661 0.401296854019165 0.403156846761703 0.398815393447876 0.398202925920486 0.408012568950653 0.414702504873276 0.400635272264481 0.391074806451797 0.405460298061371 0.423988342285156 0.429644554853439 0.411263257265091 0.410601615905762 0.414040148258209 0.408346951007843 0.403524279594421 0.405523031949997 0.409409761428833 0.409248352050781 0.412445366382599 0.417464315891266 0.416592121124268 0.405846297740936 0.408400654792786 0.414513319730759 0.415161043405533 0.408935070037842 0.409874886274338 0.408074170351028 0.402061015367508 0.412634819746017 0.424953937530518 0.426829725503922 0.426754504442215 0.426818877458572 0.425096184015274 0.420980274677277 0.420101523399353 0.417229533195496 0.413638293743134 0.420621246099472 0.424755960702896 0.417107075452805
0.475191801786423 0.47224622964859 0.468254387378693 0.441883027553558 0.416810989379883 0.40934219956398 0.408072233200073 0.403351217508316 0.390511959791183 0.387639254331589 0.399438560009003 0.413250416517258 0.410524368286133 0.410514354705811 0.415018320083618 0.419972389936447 0.429549008607864 0.419823378324509 0.405937433242798 0.40233963727951 0.406454980373383 0.401027381420135 0.393592178821564 0.397703975439072 0.410060465335846 0.421325176954269 0.416753590106964 0.408133059740067 0.403986215591431 0.411804974079132 0.416850954294205 0.416141122579575 0.412018537521362 0.412743717432022 0.409959703683853 0.406134754419327 0.411273062229156 0.422234684228897 0.424254775047302 0.419601380825043 0.426355212926865 0.427884042263031 0.418521851301193 0.416085481643677 0.417396992444992 0.422545403242111 0.427503436803818 0.421742588281631 0.41208815574646
0.461600929498672 0.470578193664551 0.471784263849258 0.439933359622955 0.435408264398575 0.432178378105164 0.412148356437683 0.398482590913773 0.388636857271194 0.382969111204147 0.392354398965836 0.411623537540436 0.418221414089203 0.424462199211121 0.430676966905594 0.426799237728119 0.42129448056221 0.414548814296722 0.40426567196846 0.397651314735413 0.407016396522522 0.416637361049652 0.421389997005463 0.412673801183701 0.408800214529037 0.416317194700241 0.412754476070404 0.408182084560394 0.408032327890396 0.412621080875397 0.412167966365814 0.409726113080978 0.409827440977097 0.414499253034592 0.416854411363602 0.413613855838776 0.411411911249161 0.417750060558319 0.419016033411026 0.415363997220993 0.418371617794037 0.425082504749298 0.419390767812729 0.416918784379959 0.42182332277298 0.431268066167831 0.437883824110031 0.425462931394577 0.406433790922165
0.461444765329361 0.472303867340088 0.478944718837738 0.453594148159027 0.454353272914886 0.44869264960289 0.40867480635643 0.393106997013092 0.392695635557175 0.394172489643097 0.403309851884842 0.4123854637146 0.412565886974335 0.416355937719345 0.421345889568329 0.417929112911224 0.414418011903763 0.412914782762527 0.40249115228653 0.401623398065567 0.405825078487396 0.408280879259109 0.414940714836121 0.410105556249619 0.400363117456436 0.409971475601196 0.419191122055054 0.419370472431183 0.408563703298569 0.403393894433975 0.405955702066422 0.399353355169296 0.405831754207611 0.412273406982422 0.414530009031296 0.413778156042099 0.411957889795303 0.420984119176865 0.425340563058853 0.4119653403759 0.409533798694611 0.420395612716675 0.419184565544128 0.420695871114731 0.420530676841736 0.42123481631279 0.427117586135864 0.418529689311981 0.391398221254349
0.454175412654877 0.463502883911133 0.469720333814621 0.457461029291153 0.460322856903076 0.451486170291901 0.414849758148193 0.407038986682892 0.415696769952774 0.417453676462173 0.416123598814011 0.413669466972351 0.405631989240646 0.40734127163887 0.41051173210144 0.40902841091156 0.412789523601532 0.411953657865524 0.398626446723938 0.397233784198761 0.399981647729874 0.399645924568176 0.400393098592758 0.400325417518616 0.40465971827507 0.415256083011627 0.427626967430115 0.431306391954422 0.417511820793152 0.405954122543335 0.407008618116379 0.392234742641449 0.405780911445618 0.410906553268433 0.405978322029114 0.416173785924911 0.417738139629364 0.430539011955261 0.439217358827591 0.416650682687759 0.408769220113754 0.413484126329422 0.412497639656067 0.420094400644302 0.417836040258408 0.415014028549194 0.417169630527496 0.404891580343246 0.389363825321198
0.43521523475647 0.443784654140472 0.443004250526428 0.442413926124573 0.450358808040619 0.444584667682648 0.426021307706833 0.425795614719391 0.426947206258774 0.419848442077637 0.414715111255646 0.418694168329239 0.413045346736908 0.406768351793289 0.407856792211533 0.405876070261002 0.402883529663086 0.399334609508514 0.391941636800766 0.394344627857208 0.400285214185715 0.408330023288727 0.40863761305809 0.400967419147491 0.398127883672714 0.409564793109894 0.425341129302979 0.431463897228241 0.432100921869278 0.418013215065002 0.409683138132095 0.403495013713837 0.404822319746017 0.399421334266663 0.402261704206467 0.416646093130112 0.416990131139755 0.419672340154648 0.422595471143723 0.416042536497116 0.411133348941803 0.409619122743607 0.412206590175629 0.420997083187103 0.421728074550629 0.430166840553284 0.426709949970245 0.409745097160339 0.410178333520889
0.428125977516174 0.426228016614914 0.417400419712067 0.416472762823105 0.423243582248688 0.429435878992081 0.429382860660553 0.423871904611588 0.414543569087982 0.408702105283737 0.412496834993362 0.424907773733139 0.423330038785934 0.41282057762146 0.404749006032944 0.40582948923111 0.405104547739029 0.399057328701019 0.394803673028946 0.400736153125763 0.405162632465363 0.409838616847992 0.403886735439301 0.394125312566757 0.399413108825684 0.406907111406326 0.411127358675003 0.420181691646576 0.427811473608017 0.416333347558975 0.41489189863205 0.407789379358292 0.393191277980804 0.396315038204193 0.395063519477844 0.397455215454102 0.39878723025322 0.402693182229996 0.407269239425659 0.413915127515793 0.411469697952271 0.407154530286789 0.415173768997192 0.425865471363068 0.432987123727798 0.452186971902847 0.447240918874741 0.430635005235672 0.433330625295639
0.425410538911819 0.415280699729919 0.404030084609985 0.405346542596817 0.406594723463058 0.408206671476364 0.419850528240204 0.419500172138214 0.40827801823616 0.403186351060867 0.408727645874023 0.421370059251785 0.423009961843491 0.418656408786774 0.404792159795761 0.403360188007355 0.408352106809616 0.402152061462402 0.400768101215363 0.407137244939804 0.41068422794342 0.413405388593674 0.406918555498123 0.399770259857178 0.407660514116287 0.409367650747299 0.398406714200974 0.403077811002731 0.409469902515411 0.404208093881607 0.412288963794708 0.397077262401581 0.389467239379883 0.401637196540833 0.389982491731644 0.382609635591507 0.387235254049301 0.396146029233932 0.404854744672775 0.410425752401352 0.403541773557663 0.400710880756378 0.407926976680756 0.425700783729553 0.441362291574478 0.448495894670486 0.436011403799057 0.428982049226761 0.432967811822891
0.405643433332443 0.400893211364746 0.399947017431259 0.410615503787994 0.400993227958679 0.392154157161713 0.411865890026093 0.417547225952148 0.409187018871307 0.405610829591751 0.404196411371231 0.409159749746323 0.412624150514603 0.4105264544487 0.397544533014297 0.400331884622574 0.407025992870331 0.400257736444473 0.402597486972809 0.40716689825058 0.410579264163971 0.412231802940369 0.408022671937943 0.405374199151993 0.40734788775444 0.407699972391129 0.394270777702332 0.392685621976852 0.398275077342987 0.397271066904068 0.399664521217346 0.393583238124847 0.396802455186844 0.409370750188828 0.395283341407776 0.382000505924225 0.382120579481125 0.391524702310562 0.395974725484848 0.404040068387985 0.401546746492386 0.399218618869781 0.400621384382248 0.424026966094971 0.446050882339478 0.438394248485565 0.42802357673645 0.430140852928162 0.423416644334793
0.402727127075195 0.398712933063507 0.400667160749435 0.404885649681091 0.394295573234558 0.388072639703751 0.39902263879776 0.411890953779221 0.414667665958405 0.408908843994141 0.401960551738739 0.39664414525032 0.40033945441246 0.400753647089005 0.392270982265472 0.403950989246368 0.40412575006485 0.393641471862793 0.398321032524109 0.399540394544601 0.400834202766418 0.400087177753448 0.39521598815918 0.401160717010498 0.408799737691879 0.402959167957306 0.389206022024155 0.388940364122391 0.399575173854828 0.391390711069107 0.384129524230957 0.389477282762527 0.395697027444839 0.404258459806442 0.397446751594543 0.38008850812912 0.374744683504105 0.382920026779175 0.385610640048981 0.400023281574249 0.403776079416275 0.402519941329956 0.401880592107773 0.420119434595108 0.445095241069794 0.445577323436737 0.437499195337296 0.440064549446106 0.42843759059906
0.407651782035828 0.394831746816635 0.397918581962585 0.396140456199646 0.397415697574615 0.397074282169342 0.396775960922241 0.412688463926315 0.416542798280716 0.413198500871658 0.409615606069565 0.407097816467285 0.401869535446167 0.402832567691803 0.401463478803635 0.408014446496964 0.40338870882988 0.394307971000671 0.396872162818909 0.397223144769669 0.394437730312347 0.388721346855164 0.383995682001114 0.394189894199371 0.405790686607361 0.397583782672882 0.382167667150497 0.381695061922073 0.392766416072845 0.380707740783691 0.380875885486603 0.391688823699951 0.378607869148254 0.389097779989243 0.389536261558533 0.380083501338959 0.379665672779083 0.379478484392166 0.383970230817795 0.40028390288353 0.398212105035782 0.39201232790947 0.391030937433243 0.402533859014511 0.434044867753983 0.446103125810623 0.441395848989487 0.442336767911911 0.427036434412003
0.404002994298935 0.392206162214279 0.395122975111008 0.396313160657883 0.407733500003815 0.407327830791473 0.40670645236969 0.415904104709625 0.415033578872681 0.415275543928146 0.415294229984283 0.41603010892868 0.410420089960098 0.41552460193634 0.41462105512619 0.408020228147507 0.40075159072876 0.40219983458519 0.40354797244072 0.401746660470963 0.402051866054535 0.396669238805771 0.392770618200302 0.400495916604996 0.407388925552368 0.398107677698135 0.38439866900444 0.383397281169891 0.391048967838287 0.387846261262894 0.396147161722183 0.39144104719162 0.370023548603058 0.382132887840271 0.381950050592422 0.379392951726913 0.388333678245544 0.384506404399872 0.388996630907059 0.397971212863922 0.387707740068436 0.384768545627594 0.381594479084015 0.386698931455612 0.40611332654953 0.409984230995178 0.415451467037201 0.420150101184845 0.408451229333878
0.398450702428818 0.388227939605713 0.38251805305481 0.390559136867523 0.408030301332474 0.405546456575394 0.411421567201614 0.413785189390182 0.403319329023361 0.40520241856575 0.409725666046143 0.40965524315834 0.412320226430893 0.416650116443634 0.420919477939606 0.411847591400146 0.401529580354691 0.410382300615311 0.403842657804489 0.400150805711746 0.408405929803848 0.413493663072586 0.4070985019207 0.409266769886017 0.413278520107269 0.405822575092316 0.399916887283325 0.393146872520447 0.397811472415924 0.407312035560608 0.404535561800003 0.389687985181808 0.374912559986115 0.38584765791893 0.384541660547256 0.38633719086647 0.392287611961365 0.386954039335251 0.393385052680969 0.393953710794449 0.382893681526184 0.38797515630722 0.385455995798111 0.384453296661377 0.388961136341095 0.389501661062241 0.405778169631958 0.407453745603561 0.395360887050629
0.381993234157562 0.370846748352051 0.364041268825531 0.379306733608246 0.395348340272903 0.395420670509338 0.408375203609467 0.400534182786942 0.386157214641571 0.394904464483261 0.400916576385498 0.399774521589279 0.402975082397461 0.407322734594345 0.41267392039299 0.405718445777893 0.400920569896698 0.408544600009918 0.395859599113464 0.391094207763672 0.402399718761444 0.411245435476303 0.401293277740479 0.40328785777092 0.408126175403595 0.405119061470032 0.406623005867004 0.397908598184586 0.401014566421509 0.410325735807419 0.392683506011963 0.384540170431137 0.380124449729919 0.391263961791992 0.401250183582306 0.394310593605042 0.391128242015839 0.388647139072418 0.394005686044693 0.389985620975494 0.384530007839203 0.390262275934219 0.389870285987854 0.389934062957764 0.392233610153198 0.399527966976166 0.414342314004898 0.412908226251602 0.403719425201416
