data/trimmed_ndre/W_ndre.619.2014_no_clouds.asc
NCOLS 130 
NROWS 71 
XLLCORNER 530645 
YLLCORNER 5158205 
CELLSIZE 5 
NODATA_value -3.4e+38 
[rows 42 to 62 of 71, columns 49 to 97 of 130]
0.548667669296265 0.531735002994537 0.486384123563766 0.467569291591644 0.450789272785187 0.46809333562851 0.485018402338028 0.465656399726868 0.420909583568573 0.358446925878525 0.3232421875 0.333224684000015 0.317890912294388 0.310199648141861 0.321727901697159 0.340400844812393 0.365851193666458 0.389897704124451 0.40871649980545 0.416130423545837 0.467696607112885 0.524635016918182 0.530255377292633 0.549615144729614 0.540641725063324 0.510935425758362 0.463895440101624 0.444038927555084 0.435574918985367 0.420130848884583 0.420333236455917 0.40392792224884 0.384804338216782 0.378069043159485 0.377165645360947 0.379402816295624 0.377447247505188 0.37468358874321 0.381396234035492 0.377365916967392 0.38491415977478 0.388285875320435 0.383482456207275 0.401372611522675 0.441039323806763 0.454318255186081 0.480756551027298 0.493376046419144 0.476885437965393
0.521904647350311 0.493731886148453 0.457294911146164 0.447480589151382 0.45225203037262 0.477819830179214 0.490977793931961 0.452386468648911 0.407686293125153 0.337863177061081 0.293782502412796 0.299492686986923 0.29564443230629 0.320152074098587 0.340767115354538 0.348470419645309 0.367157727479935 0.39786159992218 0.43088236451149 0.458245307207108 0.471322357654572 0.494648903608322 0.503895878791809 0.519139349460602 0.523764610290527 0.519589483737946 0.497929722070694 0.470741987228394 0.446412563323975 0.427494317293167 0.415194481611252 0.393214732408524 0.377173781394958 0.384361684322357 0.394517570734024 0.390291661024094 0.374104887247086 0.375633776187897 0.400453597307205 0.390796631574631 0.378564298152924 0.389043211936951 0.413462370634079 0.445494085550308 0.483386129140854 0.501629710197449 0.508498251438141 0.525298297405243 0.517724335193634
0.452440440654755 0.440062940120697 0.430505484342575 0.432443648576736 0.452664226293564 0.476387917995453 0.495586812496185 0.461516797542572 0.399947434663773 0.337393373250961 0.288604289293289 0.286053895950317 0.295816093683243 0.330521196126938 0.347467184066772 0.346501231193542 0.357286840677261 0.384792923927307 0.423822700977325 0.450377553701401 0.460304468870163 0.476967841386795 0.484809339046478 0.479501336812973 0.496646195650101 0.522800743579865 0.513534128665924 0.469511866569519 0.437199115753174 0.418434232473373 0.407655417919159 0.39191809296608 0.387344270944595 0.404249846935272 0.420699149370193 0.41547042131424 0.410195350646973 0.407046616077423 0.405317306518555 0.388655126094818 0.377050548791885 0.380896955728531 0.402560323476791 0.424476504325867 0.462200373411179 0.489983409643173 0.506151378154755 0.535385489463806 0.529959380626678
0.37909534573555 0.384398192167282 0.408776849508286 0.414967179298401 0.437557548284531 0.472770929336548 0.503235518932343 0.476686477661133 0.401856750249863 0.351642042398453 0.312715113162994 0.294204205274582 0.314220637083054 0.342935502529144 0.338743656873703 0.34418249130249 0.367814004421234 0.38774099946022 0.425198763608932 0.450201332569122 0.472453564405441 0.503104031085968 0.508928716182709 0.50784832239151 0.508609414100647 0.511030256748199 0.495126217603683 0.454554229974747 0.428994357585907 0.427478104829788 0.422013700008392 0.411344140768051 0.413590371608734 0.429256916046143 0.444197356700897 0.445655465126038 0.446235954761505 0.445275783538818 0.435355186462402 0.417519807815552 0.401728391647339 0.379555761814117 0.389657497406006 0.415276855230331 0.445199519395828 0.472839504480362 0.494850814342499 0.515153408050537 0.511937856674194
0.350411534309387 0.36417493224144 0.394801884889603 0.39631712436676 0.425837695598602 0.476274043321609 0.50351482629776 0.479574710130692 0.403453230857849 0.340279012918472 0.325343370437622 0.303847670555115 0.312842488288879 0.333462446928024 0.324205756187439 0.332991153001785 0.380199879407883 0.421560496091843 0.442356199026108 0.473491340875626 0.515647709369659 0.55335795879364 0.547423183917999 0.545594215393066 0.530067086219788 0.5017951130867 0.474088758230209 0.436470091342926 0.423157662153244 0.436965584754944 0.434396803379059 0.434318393468857 0.443496137857437 0.451246351003647 0.454475790262222 0.454132407903671 0.458019286394119 0.461211025714874 0.463666975498199 0.451089203357697 0.431008517742157 0.406183809041977 0.422962784767151 0.462741822004318 0.483598262071609 0.500861346721649 0.518305718898773 0.51875239610672 0.511261761188507
0.371514469385147 0.367676883935928 0.388799220323563 0.403474807739258 0.42524728178978 0.472802966833115 0.497876167297363 0.478737622499466 0.421844273805618 0.358919322490692 0.34084215760231 0.318627655506134 0.300035536289215 0.328403115272522 0.359362989664078 0.364190518856049 0.397904187440872 0.448754370212555 0.471800804138184 0.505633413791656 0.543295741081238 0.568560123443604 0.562990963459015 0.571757912635803 0.541448056697845 0.485001683235168 0.452282458543777 0.40903240442276 0.410584628582001 0.446675360202789 0.45489290356636 0.461389482021332 0.465591549873352 0.467201620340347 0.45811465382576 0.441414684057236 0.440175175666809 0.451036334037781 0.461134374141693 0.453136891126633 0.436299681663513 0.429722845554352 0.471608132123947 0.486957877874374 0.490659564733505 0.514237821102142 0.51689475774765 0.502038240432739 0.502059519290924
0.384353071451187 0.372945576906204 0.380264848470688 0.409243881702423 0.433748036623001 0.474827200174332 0.487744092941284 0.459348559379578 0.417396038770676 0.38345730304718 0.368796974420547 0.354960680007935 0.334185779094696 0.362316340208054 0.40951856970787 0.422700613737106 0.430929809808731 0.471678286790848 0.516562640666962 0.545110106468201 0.567604184150696 0.563422203063965 0.556336522102356 0.566546142101288 0.544090390205383 0.489065319299698 0.445369035005569 0.417899489402771 0.430519998073578 0.470718085765839 0.484935492277145 0.496996730566025 0.508494317531586 0.495707213878632 0.467471987009048 0.438544124364853 0.436361730098724 0.451892346143723 0.461884528398514 0.463300824165344 0.456839203834534 0.467609018087387 0.501332581043243 0.471828371286392 0.478724300861359 0.518724322319031 0.509799659252167 0.498895436525345 0.505146265029907
0.415904730558395 0.412566244602203 0.408771306276321 0.41263210773468 0.436679631471634 0.469861418008804 0.457085341215134 0.417398899793625 0.399689316749573 0.400685697793961 0.382852852344513 0.383358150720596 0.394865363836288 0.436275213956833 0.466799795627594 0.479523777961731 0.487812131643295 0.527786374092102 0.560327768325806 0.571099400520325 0.576424837112427 0.562692642211914 0.547431528568268 0.551074981689453 0.543976545333862 0.508232891559601 0.476776272058487 0.472989112138748 0.47449517250061 0.493057012557983 0.504307806491852 0.502452671527863 0.511253237724304 0.499135315418243 0.464373260736465 0.443920612335205 0.448060065507889 0.454946458339691 0.459603279829025 0.470521628856659 0.480221837759018 0.49981626868248 0.514668345451355 0.487654477357864 0.500890731811523 0.507187724113464 0.481777548789978 0.485040575265884 0.501170754432678
0.466192364692688 0.469500243663788 0.463639497756958 0.432417154312134 0.424063295125961 0.441956907510757 0.417038977146149 0.422097057104111 0.434607863426208 0.438417822122574 0.414075702428818 0.407640039920807 0.462152034044266 0.517095386981964 0.512131571769714 0.501739621162415 0.530739545822144 0.57560658454895 0.581911087036133 0.568599820137024 0.568813979625702 0.569825887680054 0.566690146923065 0.548769593238831 0.531779766082764 0.525430381298065 0.52463299036026 0.522418260574341 0.51682460308075 0.518306374549866 0.509303987026215 0.485997498035431 0.478464961051941 0.468006700277328 0.454273551702499 0.444340586662292 0.448571979999542 0.455462008714676 0.46258607506752 0.478215366601944 0.49024772644043 0.514379858970642 0.51959615945816 0.50258731842041 0.515017211437225 0.497171849012375 0.473686546087265 0.483073860406876 0.494196385145187
0.488726854324341 0.491013318300247 0.489725440740585 0.468935281038284 0.455565005540848 0.458043545484543 0.44867679476738 0.480558186769485 0.501369535923004 0.501232147216797 0.49855449795723 0.493019700050354 0.521346092224121 0.561816513538361 0.555507838726044 0.537584066390991 0.544063448905945 0.568105161190033 0.567312240600586 0.562711596488953 0.551528692245483 0.548207342624664 0.552132487297058 0.535344123840332 0.523996591567993 0.542826056480408 0.562316358089447 0.570219337940216 0.560061454772949 0.546217441558838 0.519995331764221 0.483887135982513 0.453596174716949 0.435020178556442 0.434335649013519 0.439253181219101 0.442669779062271 0.45278325676918 0.478142827749252 0.495312571525574 0.507064878940582 0.525433838367462 0.528286755084991 0.520963251590729 0.522801578044891 0.500513911247253 0.481926411390305 0.491998732089996 0.501266121864319
0.495109856128693 0.492597222328186 0.487155944108963 0.484715193510056 0.48407506942749 0.489724397659302 0.503577172756195 0.533446729183197 0.538029193878174 0.545850813388824 0.555095016956329 0.54358583688736 0.537311792373657 0.547915935516357 0.552954494953156 0.545022249221802 0.520536482334137 0.50935423374176 0.518293440341949 0.535688638687134 0.518362462520599 0.498023927211761 0.509044706821442 0.523928225040436 0.539731979370117 0.562863945960999 0.58380663394928 0.593245506286621 0.583535432815552 0.561703860759735 0.532927334308624 0.488472253084183 0.435458481311798 0.409412562847137 0.416541069746017 0.426993936300278 0.435107171535492 0.446721971035004 0.496113032102585 0.52278059720993 0.528185784816742 0.536428391933441 0.541331171989441 0.533231019973755 0.513726890087128 0.490912407636642 0.477558881044388 0.480521261692047 0.494707614183426
0.482957184314728 0.479744166135788 0.47145277261734 0.476961076259613 0.480881810188293 0.513305902481079 0.556740045547485 0.575285017490387 0.556363344192505 0.556930243968964 0.548942267894745 0.52580451965332 0.504630506038666 0.488048166036606 0.49907261133194 0.508567869663239 0.492620557546616 0.453443497419357 0.444679170846939 0.476450324058533 0.477045804262161 0.467572629451752 0.485194385051727 0.513142168521881 0.538112103939056 0.555880963802338 0.567954957485199 0.572656810283661 0.57113128900528 0.558863520622253 0.539318382740021 0.508521199226379 0.452999353408813 0.412654757499695 0.410682827234268 0.402017533779144 0.410858541727066 0.461129456758499 0.520440697669983 0.540569007396698 0.540683269500732 0.54500550031662 0.554448008537292 0.536697626113892 0.488855957984924 0.448932677507401 0.451144456863403 0.448667079210281 0.474501371383667
0.49069818854332 0.499212682247162 0.483575850725174 0.490976929664612 0.525976896286011 0.553424298763275 0.593072235584259 0.59607595205307 0.567655563354492 0.558654010295868 0.523088395595551 0.480922996997833 0.455178827047348 0.421970188617706 0.429821193218231 0.441046297550201 0.422191858291626 0.39991968870163 0.407777726650238 0.43792399764061 0.448021680116653 0.453315407037735 0.478664696216583 0.512943387031555 0.535183846950531 0.540555000305176 0.528535008430481 0.522844254970551 0.525755703449249 0.52616024017334 0.525490462779999 0.515712976455688 0.486177265644073 0.443450391292572 0.424294918775558 0.419599562883377 0.415431141853333 0.482365906238556 0.544517040252686 0.540670037269592 0.540805101394653 0.557307243347168 0.561698436737061 0.521799087524414 0.4791459441185 0.444634228944778 0.444205582141876 0.436247885227203 0.4790198802948
0.536152184009552 0.550943613052368 0.536275863647461 0.535652279853821 0.558552622795105 0.572916746139526 0.596227884292603 0.596485078334808 0.560066699981689 0.527479887008667 0.470292091369629 0.433234512805939 0.422134727239609 0.394627720117569 0.394526898860931 0.406356453895569 0.399537205696106 0.3985875248909 0.412974625825882 0.438932418823242 0.446374863386154 0.44127830862999 0.470556050539017 0.516194880008698 0.534677624702454 0.531750023365021 0.505811095237732 0.47785022854805 0.474043369293213 0.471052497625351 0.489994049072266 0.510840356349945 0.505891561508179 0.472777515649796 0.442790269851685 0.436896711587906 0.433171927928925 0.497908473014832 0.556987941265106 0.547563076019287 0.534170925617218 0.556812703609467 0.552679181098938 0.506861567497253 0.508901059627533 0.497883588075638 0.481683760881424 0.474885016679764 0.499019235372543
0.546603679656982 0.53898423910141 0.525449395179749 0.5174241065979 0.531417548656464 0.547124564647675 0.551317155361176 0.540437400341034 0.510237455368042 0.474029511213303 0.446489244699478 0.416637390851974 0.395846873521805 0.389730334281921 0.404366016387939 0.421592086553574 0.421716392040253 0.40715366601944 0.392964869737625 0.411215215921402 0.432865411043167 0.4334477186203 0.462361603975296 0.503407955169678 0.52140486240387 0.508872330188751 0.478093504905701 0.450858682394028 0.444590836763382 0.441563338041306 0.471958786249161 0.519617855548859 0.532412171363831 0.503491938114166 0.472604811191559 0.46418085694313 0.479216426610947 0.516577839851379 0.549325525760651 0.546227753162384 0.536570906639099 0.570349872112274 0.557743728160858 0.518914878368378 0.527562260627747 0.521574199199677 0.511788785457611 0.504239022731781 0.503531396389008
0.5035560131073 0.48678582906723 0.462556272745132 0.456194490194321 0.483971029520035 0.494044154882431 0.482026606798172 0.470404714345932 0.464377790689468 0.464152038097382 0.453269898891449 0.433949440717697 0.408293008804321 0.406335085630417 0.420181155204773 0.420389175415039 0.409702748060226 0.400398075580597 0.39871945977211 0.415220588445663 0.432109385728836 0.441687375307083 0.466062992811203 0.49549674987793 0.508172214031219 0.489806205034256 0.461376130580902 0.44374817609787 0.432941943407059 0.434917777776718 0.463091611862183 0.511079370975494 0.530250072479248 0.511241376399994 0.502330422401428 0.487719297409058 0.495561510324478 0.515889465808868 0.542420148849487 0.558859467506409 0.571528136730194 0.592240214347839 0.575036942958832 0.537474572658539 0.527702450752258 0.525931835174561 0.524710595607758 0.518017470836639 0.509487807750702
0.457479953765869 0.468598783016205 0.459044426679611 0.442149728536606 0.450564831495285 0.431089490652084 0.420378416776657 0.438575595617294 0.461073487997055 0.467786759138107 0.455535531044006 0.44320872426033 0.428846538066864 0.421085327863693 0.422001481056213 0.414209693670273 0.409897089004517 0.410076528787613 0.42055007815361 0.434897571802139 0.452683985233307 0.461436450481415 0.466668158769608 0.474663227796555 0.472127646207809 0.452384889125824 0.436034500598907 0.441306263208389 0.428400069475174 0.429515659809113 0.458737164735794 0.4989053606987 0.525520443916321 0.52710485458374 0.523296236991882 0.507977724075317 0.497045308351517 0.511017739772797 0.536231219768524 0.55398553609848 0.575629413127899 0.599909067153931 0.608643054962158 0.593729496002197 0.568746209144592 0.553855955600739 0.546246707439423 -3.4e+38 -3.4e+38
0.431918859481812 0.445955634117126 0.454488009214401 0.454210996627808 0.441589951515198 0.398001909255981 0.386567801237106 0.413691908121109 0.44185870885849 0.455720782279968 0.456551969051361 0.443902850151062 0.439053177833557 0.440203905105591 0.429689973592758 0.414912313222885 0.411548942327499 0.412994563579559 0.42222386598587 0.438138067722321 0.448345631361008 0.461310982704163 0.465380698442459 0.458551168441772 0.434129238128662 0.398689925670624 0.39317387342453 0.416502356529236 0.42615133523941 0.441287696361542 0.473163783550262 0.507315456867218 0.539189875125885 0.559971034526825 0.559228241443634 0.538338363170624 0.521163642406464 0.51572459936142 0.527472257614136 0.538628101348877 0.573115110397339 0.60219269990921 0.612138211727142 0.610134065151215 0.588562667369843 0.564659953117371 -3.4e+38 -3.4e+38 -3.4e+38
0.401558429002762 0.404804974794388 0.421844869852066 0.441241204738617 0.439444571733475 0.41681495308876 0.402924567461014 0.403091698884964 0.417888462543488 0.434180289506912 0.44646030664444 0.434249252080917 0.425178617238998 0.441631436347961 0.437520325183868 0.426007866859436 0.420939534902573 0.418184816837311 0.42246413230896 0.436937510967255 0.452780812978745 0.474889695644379 0.485295295715332 0.47130274772644 0.440796881914139 0.408844798803329 0.390442252159119 0.403649717569351 0.425491213798523 0.458177834749222 0.492205530405045 0.525904357433319 0.557789742946625 0.590140461921692 0.586549520492554 0.558238089084625 0.54753178358078 0.535893142223358 0.535077750682831 0.543809711933136 0.574327766895294 0.586532711982727 0.589947700500488 0.599805593490601 0.606103420257568 -3.4e+38 -3.4e+38 -3.4e+38 -3.4e+38
0.397420912981033 0.401661276817322 0.407903999090195 0.415540546178818 0.42219015955925 0.41314235329628 0.397337108850479 0.386365979909897 0.39313593506813 0.410975247621536 0.419537305831909 0.420920729637146 0.442715585231781 0.475093752145767 0.472801238298416 0.463017046451569 0.452319920063019 0.442900985479355 0.433332890272141 0.434352844953537 0.453403741121292 0.475435793399811 0.481367170810699 0.469891041517258 0.443111151456833 0.421152234077454 0.401934325695038 0.401558548212051 0.426311880350113 0.45880714058876 0.489159554243088 0.522448122501373 0.561431765556335 0.59613037109375 0.598220229148865 0.571335315704346 0.559185266494751 0.544019460678101 0.534799098968506 0.545062720775604 0.568670749664307 -3.4e+38 -3.4e+38 -3.4e+38 -3.4e+38 -3.4e+38 -3.4e+38 -3.4e+38 -3.4e+38
0.446029156446457 0.432069361209869 0.418487519025803 0.413910120725632 0.408051371574402 0.407813757658005 0.40855073928833 0.406959563493729 0.413274556398392 0.418524086475372 0.423080772161484 0.432508260011673 0.460790723562241 0.490028083324432 0.494497239589691 0.493789672851562 0.487613767385483 0.47270941734314 0.452268540859222 0.430614680051804 0.419596701860428 0.42734283208847 0.430469959974289 0.429125159978867 0.416463524103165 0.40478453040123 0.40399956703186 0.408197432756424 0.433880567550659 0.468679964542389 0.487420856952667 0.523007094860077 0.558894634246826 0.588723719120026 0.600373208522797 -3.4e+38 -3.4e+38 -3.4e+38 -3.4e+38 -3.4e+38 -3.4e+38 -3.4e+38 -3.4e+38 -3.4e+38 -3.4e+38 -3.4e+38 -3.4e+38 -3.4e+38 -3.4e+38
