data/trimmed_ndre/W_ndre.715.2012_no_clouds.asc
NCOLS 130 
NROWS 71 
XLLCORNER 530645 
YLLCORNER 5158205 
CELLSIZE 5 
NODATA_value -3.4e+38 
[rows 42 to 62 of 71, columns 49 to 97 of 130]
0.362891614437103 0.352543771266937 0.357884258031845 0.377946674823761 0.38564521074295 0.386256396770477 0.40003889799118 0.388647317886353 0.379726231098175 0.394947230815887 0.401296138763428 0.396242737770081 0.392884105443954 0.391027867794037 0.393369734287262 0.390451371669769 0.395935028791428 0.401920735836029 0.389611810445786 0.384867250919342 0.390686482191086 0.392204821109772 0.385286211967468 0.383340835571289 0.385941594839096 0.390089809894562 0.393661171197891 0.395265102386475 0.388261646032333 0.387604087591171 0.384047865867615 0.385547429323196 0.385279625654221 0.396688789129257 0.407830595970154 0.389024555683136 0.382461309432983 0.384025752544403 0.388717710971832 0.384721279144287 0.386370807886124 0.39389643073082 0.394867300987244 0.400551348924637 0.405378311872482 0.405030429363251 0.406933099031448 0.40884593129158 0.408607333898544
0.353658765554428 0.34712278842926 0.357590585947037 0.378352671861649 0.382321357727051 0.388577252626419 0.397503465414047 0.387422382831573 0.383243203163147 0.39350637793541 0.395357012748718 0.393346339464188 0.387964308261871 0.382638186216354 0.382034629583359 0.379093289375305 0.394537150859833 0.401409596204758 0.392738789319992 0.391284465789795 0.394295364618301 0.388117104768753 0.381108403205872 0.373068541288376 0.370165705680847 0.374495655298233 0.378632396459579 0.386984705924988 0.379877924919128 0.37531241774559 0.383773267269135 0.387311547994614 0.395403176546097 0.401706039905548 0.401632070541382 0.38953310251236 0.389051586389542 0.392731875181198 0.388736009597778 0.379037111997604 0.380535840988159 0.381662458181381 0.386041820049286 0.400063812732697 0.399287939071655 0.394036710262299 0.391532331705093 0.395300209522247 0.406756281852722
0.352312207221985 0.35330718755722 0.368696272373199 0.38373726606369 0.387664586305618 0.401531368494034 0.405611157417297 0.395284801721573 0.388824433088303 0.383303791284561 0.378205567598343 0.383982330560684 0.382882207632065 0.378252148628235 0.376549780368805 0.376091063022614 0.395677238702774 0.401777178049088 0.397637367248535 0.398270815610886 0.397516697645187 0.38992577791214 0.386213481426239 0.379008919000626 0.373025387525558 0.369233071804047 0.371195584535599 0.378834038972855 0.375797212123871 0.377102643251419 0.384766519069672 0.388351827859879 0.38719779253006 0.385118424892426 0.399714708328247 0.404310345649719 0.403938889503479 0.416949898004532 0.40542283654213 0.381885230541229 0.374160647392273 0.365182548761368 0.372871309518814 0.390993922948837 0.387133300304413 0.389724671840668 0.388043612241745 0.389782845973969 0.402773141860962
0.36158674955368 0.369604080915451 0.383170455694199 0.391146957874298 0.397653371095657 0.41307720541954 0.407725751399994 0.390544950962067 0.382538169622421 0.367989897727966 0.363661050796509 0.372698366641998 0.377876251935959 0.386397004127502 0.381652444601059 0.381684273481369 0.394909054040909 0.390643149614334 0.389477163553238 0.397742569446564 0.399443835020065 0.391572564840317 0.388167262077332 0.379491180181503 0.375760197639465 0.365169763565063 0.365921467542648 0.374494582414627 0.37473526597023 0.3814357817173 0.388370007276535 0.390365451574326 0.386297672986984 0.383117228746414 0.405195206403732 0.405223935842514 0.395179092884064 0.402454048395157 0.391719996929169 0.381876766681671 0.381770193576813 0.372305929660797 0.368010252714157 0.387325793504715 0.393650740385056 0.399734497070312 0.400572419166565 0.395646154880524 0.399078279733658
0.370914906263351 0.380068719387054 0.38937446475029 0.397730678319931 0.404768347740173 0.416545331478119 0.401392728090286 0.378621757030487 0.367401242256165 0.35059979557991 0.343939393758774 0.361131072044373 0.381047815084457 0.395173192024231 0.389772951602936 0.392938017845154 0.399084478616714 0.394247233867645 0.394085586071014 0.400218576192856 0.400109589099884 0.395511984825134 0.393377304077148 0.382174551486969 0.374493151903152 0.369886130094528 0.368050813674927 0.37360480427742 0.378541558980942 0.390331149101257 0.39708736538887 0.400481820106506 0.398918241262436 0.398704409599304 0.405930608510971 0.399648368358612 0.396854519844055 0.393553167581558 0.382567137479782 0.385930418968201 0.393917083740234 0.38691058754921 0.373360276222229 0.374923139810562 0.396072387695312 0.411190003156662 0.412157565355301 0.400505572557449 0.400705248117447
0.375497967004776 0.380125969648361 0.386886686086655 0.401369363069534 0.409761071205139 0.408600836992264 0.394607841968536 0.379623591899872 0.369118839502335 0.357891082763672 0.354892313480377 0.368454277515411 0.383938670158386 0.389477282762527 0.388957113027573 0.394243448972702 0.396576285362244 0.403003185987473 0.40408843755722 0.400885939598083 0.392179220914841 0.391263604164124 0.395920753479004 0.381482303142548 0.373656094074249 0.380946755409241 0.372836053371429 0.371063351631165 0.388080060482025 0.404445946216583 0.404672026634216 0.406276851892471 0.402867764234543 0.398230493068695 0.394370824098587 0.395684003829956 0.406912475824356 0.402861475944519 0.39192196726799 0.395620912313461 0.405223667621613 0.404988676309586 0.387723416090012 0.377049505710602 0.397647380828857 0.414935559034348 0.411331355571747 0.411206543445587 0.411375850439072
0.385801464319229 0.38644751906395 0.391537487506866 0.398773461580276 0.405850440263748 0.401133865118027 0.38763564825058 0.383436799049377 0.386333048343658 0.389817088842392 0.390312403440475 0.382388889789581 0.370003759860992 0.363787621259689 0.369293868541718 0.381281316280365 0.389494895935059 0.399831801652908 0.401236593723297 0.403403639793396 0.391358226537704 0.388379395008087 0.394933819770813 0.382063359022141 0.37394592165947 0.382364124059677 0.383292645215988 0.38964968919754 0.405683547258377 0.410292863845825 0.399111777544022 0.403863072395325 0.410508185625076 0.410381436347961 0.39823254942894 0.397134929895401 0.411039173603058 0.405885934829712 0.399739295244217 0.400099724531174 0.412319928407669 0.415681332349777 0.406789243221283 0.401923835277557 0.405765444040298 0.409008085727692 0.409088909626007 0.417157292366028 0.415437132120132
0.390647619962692 0.394918531179428 0.397887766361237 0.396769016981125 0.405533611774445 0.41012105345726 0.402455687522888 0.394385486841202 0.389867424964905 0.39882618188858 0.401668757200241 0.380387127399445 0.354501187801361 0.348691612482071 0.370540678501129 0.385113745927811 0.388907581567764 0.396620184183121 0.396560817956924 0.39673775434494 0.380479335784912 0.384352743625641 0.393470793962479 0.382090151309967 0.368346184492111 0.37763312458992 0.396469742059708 0.406791359186172 0.410064309835434 0.407491683959961 0.399078488349915 0.39544141292572 0.398895651102066 0.409762561321259 0.404120057821274 0.39925491809845 0.417621999979019 0.407221615314484 0.403547286987305 0.417615979909897 0.421966731548309 0.419662743806839 0.422164618968964 0.426129043102264 0.418518573045731 0.407497733831406 0.413106828927994 0.419044971466064 0.414278239011765
0.390666246414185 0.398117870092392 0.404778689146042 0.40487989783287 0.413782179355621 0.418181926012039 0.410875737667084 0.390054613351822 0.372158139944077 0.373924225568771 0.384795933961868 0.37737712264061 0.367255508899689 0.369082480669022 0.391182899475098 0.398054301738739 0.384516179561615 0.389814674854279 0.379732221364975 0.37752765417099 0.374490320682526 0.383061468601227 0.391458928585052 0.383113652467728 0.368415236473083 0.379830688238144 0.401784271001816 0.407333791255951 0.398288428783417 0.396279543638229 0.396239578723907 0.391812652349472 0.392250120639801 0.39319109916687 0.398185521364212 0.415026485919952 0.421703904867172 0.408348083496094 0.41548079252243 0.436719059944153 0.429036021232605 0.42647996544838 0.427593410015106 0.431573092937469 0.429895043373108 0.418283224105835 0.424462616443634 0.421001702547073 0.413472026586533
0.389504939317703 0.39539960026741 0.406124293804169 0.412762075662613 0.411714553833008 0.406121969223022 0.400134861469269 0.387725710868835 0.378420650959015 0.380440086126328 0.392447263002396 0.387826383113861 0.380406707525253 0.382468223571777 0.396214842796326 0.394514501094818 0.382229715585709 0.389323949813843 0.374105840921402 0.38128525018692 0.39238914847374 0.391898602247238 0.391645729541779 0.392852187156677 0.388983756303787 0.395226567983627 0.40725576877594 0.408828288316727 0.39728844165802 0.398725658655167 0.405311286449432 0.417603194713593 0.418897747993469 0.409782588481903 0.418623775243759 0.433803379535675 0.421811580657959 0.415414988994598 0.421714276075363 0.427807658910751 0.422670662403107 0.426593601703644 0.42208006978035 0.425591468811035 0.430690228939056 0.427417129278183 0.431772977113724 0.415556043386459 0.415007412433624
0.390577703714371 0.399275362491608 0.407700955867767 0.413966596126556 0.402933686971664 0.388341844081879 0.390685647726059 0.399809986352921 0.405925273895264 0.407583385705948 0.410390168428421 0.385480254888535 0.369590193033218 0.376501142978668 0.392726361751556 0.390886336565018 0.392170935869217 0.398001790046692 0.391166061162949 0.40182176232338 0.403452217578888 0.393175035715103 0.395898938179016 0.409158289432526 0.410766005516052 0.409565061330795 0.413864642381668 0.412215054035187 0.409160614013672 0.415440201759338 0.419138431549072 0.446977347135544 0.463412374258041 0.449164032936096 0.434186607599258 0.43026140332222 0.4173863530159 0.415992707014084 0.417827516794205 0.419015139341354 0.418457269668579 0.425883144140244 0.423390507698059 0.417112022638321 0.417638599872589 0.419662624597549 0.421915650367737 0.407142162322998 0.417971312999725
0.407826215028763 0.408893674612045 0.401866525411606 0.407259821891785 0.40401828289032 0.390084356069565 0.390945374965668 0.41208678483963 0.421422481536865 0.411146581172943 0.407671004533768 0.390833646059036 0.381976187229156 0.385466396808624 0.386138439178467 0.391586780548096 0.400938779115677 0.397772252559662 0.39178991317749 0.405448883771896 0.397548615932465 0.387877255678177 0.400297284126282 0.412007331848145 0.419476360082626 0.414652317762375 0.411788016557693 0.416072428226471 0.416994780302048 0.417201787233353 0.415939122438431 0.440452694892883 0.456276416778564 0.445853531360626 0.42266246676445 0.421472012996674 0.407136261463165 0.407748639583588 0.418454140424728 0.429176539182663 0.426967829465866 0.432059645652771 0.424206107854843 0.404515653848648 0.404923141002655 0.408173620700836 0.40913787484169 0.408203542232513 0.416834950447083
0.425772964954376 0.406273484230042 0.384536981582642 0.391042977571487 0.400009542703629 0.402439683675766 0.399695515632629 0.405963361263275 0.411934942007065 0.398600488901138 0.393102139234543 0.40228146314621 0.398675292730331 0.395385146141052 0.385310798883438 0.386073440313339 0.391562759876251 0.390555590391159 0.391372054815292 0.395881175994873 0.388368159532547 0.383451551198959 0.396856009960175 0.407185465097427 0.41652700304985 0.409967571496964 0.40682926774025 0.416388064622879 0.416559129953384 0.421309679746628 0.426079481840134 0.427962511777878 0.435866326093674 0.428734213113785 0.418077260255814 0.437127649784088 0.427191466093063 0.416286617517471 0.426952123641968 0.441129595041275 0.435795158147812 0.432049989700317 0.419930040836334 0.405523210763931 0.412095993757248 0.405777484178543 0.411776274442673 0.417089015245438 0.41714608669281
0.42199769616127 0.400523364543915 0.379909664392471 0.387673228979111 0.404265731573105 0.409619450569153 0.40276688337326 0.400114864110947 0.403190910816193 0.401064306497574 0.395951509475708 0.405209273099899 0.397913575172424 0.399778813123703 0.402206063270569 0.392891496419907 0.392123520374298 0.39078626036644 0.392037987709045 0.392750710248947 0.393513351678848 0.390983492136002 0.39946836233139 0.407733112573624 0.412017583847046 0.405855625867844 0.409212291240692 0.422539114952087 0.424795389175415 0.427946716547012 0.430303990840912 0.433173418045044 0.446983516216278 0.440985083580017 0.429186701774597 0.43249899148941 0.428272485733032 0.426029741764069 0.425432741641998 0.43356055021286 0.439885050058365 0.442499548196793 0.430115699768066 0.420934468507767 0.424327820539474 0.409679919481277 0.419953376054764 0.426025956869125 0.421341240406036
0.417398542165756 0.413273632526398 0.409035503864288 0.409274935722351 0.408532083034515 0.402493983507156 0.394761115312576 0.396036148071289 0.405551463365555 0.414667576551437 0.398188859224319 0.398188084363937 0.401844352483749 0.397202402353287 0.405606955289841 0.402538955211639 0.401431292295456 0.395160794258118 0.386480808258057 0.393556475639343 0.401917427778244 0.405529350042343 0.409252524375916 0.412167996168137 0.412672132253647 0.399316012859344 0.402322947978973 0.41708168387413 0.421362489461899 0.422066479921341 0.425071001052856 0.423736363649368 0.433321624994278 0.439408481121063 0.437645226716995 0.426528930664062 0.423749059438705 0.434213310480118 0.434718698263168 0.437271177768707 0.438130646944046 0.441616147756577 0.44251474738121 0.431871265172958 0.431447327136993 0.422824800014496 0.422799795866013 0.421948462724686 0.424446702003479
0.417850524187088 0.420523375272751 0.425335377454758 0.422569900751114 0.414236545562744 0.409995943307877 0.403936356306076 0.402796536684036 0.407778382301331 0.408398389816284 0.39351162314415 0.395030111074448 0.39858204126358 0.393508046865463 0.406964957714081 0.40564152598381 0.405711442232132 0.410017520189285 0.400151282548904 0.402011215686798 0.412644445896149 0.417831987142563 0.41465836763382 0.410848408937454 0.40715029835701 0.402536153793335 0.405952215194702 0.405061483383179 0.408012896776199 0.417549669742584 0.425789147615433 0.417137086391449 0.417325466871262 0.428710281848907 0.436810404062271 0.429878830909729 0.428453892469406 0.43668732047081 0.438791751861572 0.43203017115593 0.426585584878922 0.437464028596878 0.448079437017441 0.446054905653 0.44116672873497 0.431416124105453 0.423313647508621 0.418099820613861 0.418725818395615
0.412386417388916 0.403643488883972 0.407378226518631 0.410926312208176 0.408310741186142 0.401829212903976 0.399296939373016 0.404724895954132 0.396184921264648 0.392936289310455 0.399840295314789 0.400270074605942 0.394034385681152 0.397578775882721 0.408414423465729 0.403228849172592 0.410397559404373 0.41331934928894 0.404676467180252 0.406779646873474 0.414207935333252 0.419150173664093 0.415461748838425 0.410639762878418 0.407576858997345 0.411562919616699 0.41188782453537 0.400236785411835 0.403093487024307 0.420260816812515 0.428326308727264 0.425945043563843 0.417197227478027 0.418635696172714 0.434980034828186 0.428896337747574 0.428988695144653 0.429687142372131 0.42872542142868 0.424852818250656 0.42540431022644 0.433925122022629 0.431794911623001 0.42708432674408 0.425253957509995 0.424606531858444 0.424684911966324 -3.4e+38 -3.4e+38
0.407572746276855 0.39860811829567 0.398228377103806 0.399085432291031 0.403345555067062 0.399955630302429 0.393024951219559 0.401532292366028 0.404251247644424 0.409022986888885 0.415761113166809 0.39972984790802 0.388852000236511 0.399773448705673 0.401816129684448 0.396434545516968 0.404114812612534 0.398772448301315 0.395213603973389 0.401191055774689 0.403786659240723 0.408671587705612 0.409908890724182 0.408339828252792 0.408414304256439 0.4093337059021 0.405439764261246 0.398127108812332 0.401431173086166 0.41776242852211 0.430569350719452 0.433572441339493 0.431850165128708 0.424004197120667 0.420425206422806 0.418422818183899 0.42347177863121 0.423267722129822 0.423618972301483 0.430503666400909 0.434055030345917 0.4334696829319 0.414604783058167 0.400141328573227 0.406777054071426 0.413599580526352 -3.4e+38 -3.4e+38 -3.4e+38
0.408707201480865 0.409765779972076 0.408855646848679 0.40585532784462 0.411095172166824 0.414200633764267 0.409707993268967 0.402399510145187 0.403863072395325 0.417398452758789 0.414505749940872 0.394647359848022 0.384059220552444 0.393928557634354 0.38726419210434 0.384794682264328 0.393236070871353 0.388088703155518 0.393091112375259 0.393742114305496 0.393768936395645 0.398639500141144 0.404696553945541 0.407557755708694 0.407532900571823 0.409407049417496 0.403446704149246 0.399065643548965 0.403260737657547 0.416494697332382 0.421260058879852 0.425806254148483 0.433274120092392 0.431585848331451 0.421191185712814 0.419824421405792 0.422119408845901 0.419916182756424 0.420065253973007 0.4224953353405 0.427524149417877 0.430994927883148 0.40923285484314 0.397698879241943 0.412480354309082 -3.4e+38 -3.4e+38 -3.4e+38 -3.4e+38
0.416642963886261 0.424847602844238 0.423196583986282 0.412908405065536 0.409581691026688 0.413447260856628 0.412954151630402 0.40835428237915 0.411475092172623 0.409153163433075 0.404608011245728 0.401926010847092 0.392641603946686 0.398074775934219 0.389531970024109 0.386527299880981 0.395360231399536 0.394099533557892 0.408933609724045 0.406867533922195 0.399792462587357 0.406469732522964 0.408683300018311 0.412163466215134 0.416955560445786 0.420053362846375 0.412427604198456 0.406513214111328 0.413198679685593 0.416084975004196 0.400569468736649 0.40663880109787 0.429208546876907 0.441315740346909 0.43618768453598 0.429352760314941 0.423004955053329 0.414851546287537 0.410303145647049 0.409362763166428 0.417554169893265 -3.4e+38 -3.4e+38 -3.4e+38 -3.4e+38 -3.4e+38 -3.4e+38 -3.4e+38 -3.4e+38
0.411042094230652 0.417371958494186 0.417064487934113 0.414920061826706 0.413044154644012 0.413875132799149 0.42106020450592 0.428160548210144 0.421716898679733 0.400671571493149 0.40329721570015 0.41749632358551 0.408878296613693 0.410612732172012 0.406618148088455 0.395134150981903 0.40204268693924 0.404092699289322 0.411990970373154 0.409893661737442 0.410767018795013 0.41755798459053 0.413972467184067 0.408328473567963 0.411671429872513 0.419574379920959 0.417439758777618 0.419578939676285 0.42858612537384 0.428975969552994 0.416501671075821 0.411032199859619 0.421679884195328 0.437149882316589 0.441058427095413 -3.4e+38 -3.4e+38 -3.4e+38 -3.4e+38 -3.4e+38 -3.4e+38 -3.4e+38 -3.4e+38 -3.4e+38 -3.4e+38 -3.4e+38 -3.4e+38 -3.4e+38 -3.4e+38
