data/trimmed_ndre/W_ndre.711.2014.asc
NCOLS 130 
NROWS 71 
XLLCORNER 530645 
YLLCORNER 5158205 
CELLSIZE 5 
NODATA_value -3.4e+38 
[rows 0 to 20 of 71, columns 0 to 48 of 130]
-339999999999999996123846586046231871488.000000000000000 -3.4e+38 -3.4e+38 -3.4e+38 -3.4e+38 -3.4e+38 -3.4e+38 -3.4e+38 -3.4e+38 -3.4e+38 -3.4e+38 0.548869848251343 0.520904779434204 0.508938252925873 0.482777923345566 0.454889625310898 0.456898778676987 -3.4e+38 -3.4e+38 -3.4e+38 -3.4e+38 -3.4e+38 -3.4e+38 -3.4e+38 -3.4e+38 -3.4e+38 -3.4e+38 -3.4e+38 -3.4e+38 -3.4e+38 -3.4e+38 -3.4e+38 -3.4e+38 -3.4e+38 -3.4e+38 -3.4e+38 -3.4e+38 -3.4e+38 -3.4e+38 -3.4e+38 -3.4e+38 -3.4e+38 -3.4e+38 -3.4e+38 -3.4e+38 -3.4e+38 -3.4e+38 -3.4e+38 -3.4e+38
-3.4e+38 -3.4e+38 -3.4e+38 -3.4e+38 -3.4e+38 -3.4e+38 -3.4e+38 -3.4e+38 -3.4e+38 -3.4e+38 0.548586487770081 0.54255884885788 0.515649676322937 0.516642510890961 0.502763688564301 0.466582715511322 0.445737570524216 0.466506838798523 -3.4e+38 -3.4e+38 -3.4e+38 -3.4e+38 -3.4e+38 -3.4e+38 -3.4e+38 -3.4e+38 -3.4e+38 -3.4e+38 -3.4e+38 -3.4e+38 -3.4e+38 -3.4e+38 -3.4e+38 -3.4e+38 -3.4e+38 -3.4e+38 -3.4e+38 -3.4e+38 -3.4e+38 -3.4e+38 -3.4e+38 -3.4e+38 -3.4e+38 -3.4e+38 -3.4e+38 -3.4e+38 -3.4e+38 -3.4e+38 -3.4e+38
-3.4e+38 -3.4e+38 -3.4e+38 -3.4e+38 -3.4e+38 -3.4e+38 -3.4e+38 -3.4e+38 0.484709024429321 0.503664076328278 0.533614575862885 0.556903779506683 0.559482097625732 0.546070575714111 0.527464151382446 0.489368915557861 0.455873936414719 0.464273124933243 0.500268161296844 -3.4e+38 -3.4e+38 -3.4e+38 -3.4e+38 -3.4e+38 -3.4e+38 -3.4e+38 -3.4e+38 -3.4e+38 -3.4e+38 -3.4e+38 -3.4e+38 -3.4e+38 -3.4e+38 -3.4e+38 -3.4e+38 -3.4e+38 -3.4e+38 -3.4e+38 -3.4e+38 -3.4e+38 -3.4e+38 -3.4e+38 -3.4e+38 -3.4e+38 -3.4e+38 -3.4e+38 -3.4e+38 -3.4e+38 -3.4e+38
-3.4e+38 -3.4e+38 -3.4e+38 -3.4e+38 -3.4e+38 -3.4e+38 -3.4e+38 -3.4e+38 -3.4e+38 0.511237859725952 0.5549156665802 0.571793258190155 0.566105961799622 0.548072159290314 0.528546571731567 0.503535985946655 0.47464707493782 0.468306243419647 0.496020436286926 0.543741881847382 0.592400729656219 -3.4e+38 -3.4e+38 -3.4e+38 -3.4e+38 -3.4e+38 -3.4e+38 -3.4e+38 -3.4e+38 -3.4e+38 -3.4e+38 -3.4e+38 0.604172885417938 0.588675320148468 -3.4e+38 -3.4e+38 -3.4e+38 -3.4e+38 -3.4e+38 -3.4e+38 -3.4e+38 -3.4e+38 -3.4e+38 -3.4e+38 -3.4e+38 -3.4e+38 -3.4e+38 -3.4e+38 -3.4e+38
-3.4e+38 -3.4e+38 -3.4e+38 -3.4e+38 -3.4e+38 -3.4e+38 -3.4e+38 -3.4e+38 -3.4e+38 0.518793225288391 0.556108176708221 0.560347139835358 0.546036303043365 0.531631767749786 0.521474540233612 0.503550171852112 0.478829950094223 0.472935229539871 0.495566487312317 0.533917129039764 0.56614488363266 0.594118654727936 0.602043509483337 0.606443464756012 0.614087522029877 0.620061993598938 0.617309153079987 0.60731053352356 -3.4e+38 -3.4e+38 -3.4e+38 0.593246638774872 0.610494613647461 0.595502138137817 0.574130952358246 0.592177927494049 0.614454388618469 -3.4e+38 -3.4e+38 -3.4e+38 -3.4e+38 -3.4e+38 -3.4e+38 -3.4e+38 -3.4e+38 -3.4e+38 -3.4e+38 -3.4e+38 -3.4e+38
-3.4e+38 -3.4e+38 -3.4e+38 -3.4e+38 -3.4e+38 -3.4e+38 -3.4e+38 -3.4e+38 -3.4e+38 0.500203669071198 0.531530797481537 0.538190841674805 0.523763358592987 0.520493865013123 0.52039247751236 0.506757616996765 0.488512367010117 0.491786062717438 0.503499209880829 0.528754234313965 0.556558072566986 0.582300424575806 0.586172103881836 0.580505788326263 0.586724996566772 0.596095621585846 0.59791225194931 0.591426074504852 0.582238614559174 0.571367979049683 0.571829497814178 0.57843279838562 0.583106219768524 0.587228536605835 0.585424840450287 0.596125900745392 0.609435737133026 0.608708679676056 0.590677678585052 0.591764092445374 -3.4e+38 -3.4e+38 -3.4e+38 -3.4e+38 -3.4e+38 -3.4e+38 -3.4e+38 -3.4e+38 -3.4e+38
-3.4e+38 -3.4e+38 -3.4e+38 -3.4e+38 -3.4e+38 -3.4e+38 -3.4e+38 -3.4e+38 -3.4e+38 0.479167878627777 0.507414698600769 0.519248843193054 0.50957840681076 0.510874390602112 0.518284857273102 0.516185581684113 0.509150445461273 0.513066172599792 0.518584012985229 0.54097181558609 0.568187057971954 0.585548937320709 0.580388724803925 0.568821012973785 0.575410842895508 0.588853716850281 0.590789616107941 0.585955023765564 0.582909643650055 0.573924660682678 0.571098923683167 0.569800674915314 0.56248664855957 0.575694620609283 0.589323759078979 0.593233942985535 0.599595725536346 0.610535264015198 0.6180699467659 0.621708571910858 0.614167630672455 0.5954869389534 -3.4e+38 -3.4e+38 -3.4e+38 -3.4e+38 -3.4e+38 -3.4e+38 -3.4e+38
-3.4e+38 -3.4e+38 -3.4e+38 -3.4e+38 -3.4e+38 -3.4e+38 -3.4e+38 -3.4e+38 -3.4e+38 0.47943452000618 0.490447133779526 0.495198458433151 0.488556921482086 0.487505078315735 0.497809171676636 0.509415447711945 0.518301427364349 0.527263104915619 0.535946786403656 0.556013166904449 0.578590631484985 0.586605370044708 0.578992784023285 0.570637404918671 0.574681520462036 0.585859537124634 0.591326475143433 0.586061060428619 0.579498946666718 0.575165987014771 0.569408595561981 0.556768596172333 0.551946222782135 0.567558109760284 0.580150425434113 0.590522944927216 0.601371228694916 0.612691700458527 0.623576104640961 0.618874728679657 0.606187403202057 0.581735670566559 0.582715034484863 -3.4e+38 -3.4e+38 -3.4e+38 -3.4e+38 -3.4e+38 -3.4e+38
-3.4e+38 -3.4e+38 -3.4e+38 -3.4e+38 -3.4e+38 -3.4e+38 -3.4e+38 -3.4e+38 0.537818670272827 0.490372955799103 0.476033449172974 0.481334090232849 0.475969552993774 0.469475835561752 0.475516974925995 0.489797741174698 0.511942803859711 0.532957077026367 0.546839237213135 0.561339914798737 0.574461221694946 0.579581201076508 0.574864208698273 0.56948184967041 0.569063782691956 0.576787829399109 0.585687220096588 0.580282747745514 0.571200549602509 0.56919914484024 0.564606785774231 0.560771703720093 0.557245492935181 0.565853118896484 0.57889187335968 0.590430557727814 0.596193969249725 0.600737750530243 0.605600118637085 0.601403295993805 0.591902494430542 0.585337817668915 0.597128212451935 0.61430698633194 0.600595593452454 0.58151251077652 0.565345406532288 -3.4e+38 -3.4e+38
-3.4e+38 -3.4e+38 -3.4e+38 -3.4e+38 -3.4e+38 -3.4e+38 -3.4e+38 0.586911559104919 0.553699612617493 0.501724302768707 0.47747391462326 0.488318651914597 0.48579466342926 0.479412972927094 0.470442950725555 0.477472186088562 0.50075888633728 0.527878820896149 0.547581493854523 0.562368273735046 0.57564240694046 0.585580468177795 0.586962282657623 0.582163989543915 0.576670587062836 0.571110129356384 0.572822093963623 0.574001133441925 0.570488929748535 0.564782023429871 0.563618838787079 0.574602901935577 0.562444150447845 0.545843422412872 0.545499980449677 0.559940099716187 0.578877627849579 0.589740991592407 0.596734404563904 0.598304450511932 0.595136046409607 0.598000466823578 0.602833151817322 0.610042750835419 0.60825389623642 0.601363301277161 0.594172656536102 0.58337539434433 -3.4e+38
-3.4e+38 -3.4e+38 -3.4e+38 -3.4e+38 -3.4e+38 -3.4e+38 0.586463153362274 0.590970933437347 0.572809934616089 0.528732240200043 0.504902541637421 0.505776047706604 0.506415963172913 0.504997074604034 0.494212120771408 0.494379967451096 0.51440566778183 0.532989084720612 0.550120770931244 0.567565739154816 0.58594685792923 0.602588951587677 0.612339198589325 0.61025995016098 0.601388692855835 0.587103605270386 0.585418462753296 0.589499235153198 0.583477079868317 0.570672929286957 0.565689384937286 0.573626697063446 0.558416545391083 0.518445432186127 0.501796841621399 0.521426439285278 0.561734080314636 0.592668890953064 0.597144961357117 0.60199362039566 0.604659855365753 0.609283566474915 0.615362167358398 0.620060324668884 0.621496140956879 0.619198620319366 0.619504630565643 0.604951322078705 0.58477920293808
-3.4e+38 -3.4e+38 -3.4e+38 -3.4e+38 -3.4e+38 0.585749089717865 0.577702820301056 0.601085305213928 0.596544861793518 0.557564854621887 0.533776640892029 0.515525460243225 0.507123529911041 0.506707847118378 0.517636835575104 0.523742079734802 0.537774801254272 0.551528632640839 0.56010890007019 0.572233378887177 0.593789935112 0.613811671733856 0.63022643327713 0.632025182247162 0.623853147029877 0.612058281898499 0.603973507881165 0.603245973587036 0.596266984939575 0.584966838359833 0.573091506958008 0.563033044338226 0.546463549137115 0.509774446487427 0.486328572034836 0.497864693403244 0.522204518318176 0.562861025333405 0.587515294551849 0.598642528057098 0.607751488685608 0.621684312820435 0.630838394165039 0.626459062099457 0.618316173553467 0.613344013690948 0.612691164016724 0.601777255535126 0.585731744766235
-3.4e+38 -3.4e+38 -3.4e+38 -3.4e+38 -3.4e+38 0.555157840251923 0.570379137992859 0.597094535827637 0.596562206745148 0.578782618045807 0.562436044216156 0.548940181732178 0.524410128593445 0.51867663860321 0.535682260990143 0.531119525432587 0.537463068962097 0.555583834648132 0.561317265033722 0.569723546504974 0.58918160200119 0.614511787891388 0.634757578372955 0.643218040466309 0.635024070739746 0.623565971851349 0.612383365631104 0.604373097419739 0.601704597473145 0.597196638584137 0.584571242332458 0.569492876529694 0.55326509475708 0.522487163543701 0.49430924654007 0.494438797235489 0.50597357749939 0.534693658351898 0.571077466011047 0.592483341693878 0.604221820831299 0.622066259384155 0.631723463535309 0.623775064945221 0.611849308013916 0.606423377990723 0.607617795467377 0.603977262973785 0.600135147571564
-3.4e+38 -3.4e+38 -3.4e+38 -3.4e+38 0.540745377540588 0.530346155166626 0.543377161026001 0.572542011737823 0.583529710769653 0.592535018920898 0.599110186100006 0.591766238212585 0.568476498126984 0.557128548622131 0.557323515415192 0.547836661338806 0.554125368595123 0.565686821937561 0.568938195705414 0.57599925994873 0.584848284721375 0.609348893165588 0.633007526397705 0.636640250682831 0.633371710777283 0.624219477176666 0.619630634784698 0.615447998046875 0.608439743518829 0.602481842041016 0.597326040267944 0.595335602760315 0.581142544746399 0.554823040962219 0.532773494720459 0.52361923456192 0.529292523860931 0.53940623998642 0.563614368438721 0.593639314174652 0.611380457878113 0.618403494358063 0.626218259334564 0.627517521381378 0.622961401939392 0.621544063091278 0.623301446437836 0.622947752475739 0.624248147010803
-3.4e+38 -3.4e+38 -3.4e+38 -3.4e+38 0.547903656959534 0.523887157440186 0.511173963546753 0.535337328910828 0.566214501857758 0.58375483751297 0.602380812168121 0.606310963630676 0.594533562660217 0.597118973731995 0.598549842834473 0.591602683067322 0.591955542564392 0.590793192386627 0.588022410869598 0.593685448169708 0.595976114273071 0.615477442741394 0.632899761199951 0.623873770236969 0.636673212051392 0.635972917079926 0.623308777809143 0.623213052749634 0.609637200832367 0.605337858200073 0.608278632164001 0.608795523643494 0.606832206249237 0.596284925937653 0.582864940166473 0.569547593593597 0.563587546348572 0.566380620002747 0.580501556396484 0.609937071800232 0.626876592636108 0.62253600358963 0.628888845443726 0.635522902011871 0.637233734130859 0.641416788101196 0.639128625392914 0.634792447090149 0.632870614528656
-3.4e+38 -3.4e+38 -3.4e+38 -3.4e+38 0.571143627166748 0.528832197189331 0.50064355134964 0.513541102409363 0.549485981464386 0.562488079071045 0.57265692949295 0.585929393768311 0.602255403995514 0.621952474117279 0.631265938282013 0.628104209899902 0.621766448020935 0.616117894649506 0.600591778755188 0.597683429718018 0.609949350357056 0.629200398921967 0.629384696483612 0.612578928470612 0.621437847614288 0.61778736114502 0.617948055267334 0.628206789493561 0.613944053649902 0.609897971153259 0.620254039764404 0.619261801242828 0.613306820392609 0.607850551605225 0.605478167533875 0.602717518806458 0.606088161468506 0.614604294300079 0.620200574398041 0.625325918197632 0.634276032447815 0.634287536144257 0.635080754756927 0.6363126039505 0.638949275016785 0.642080545425415 0.635652542114258 0.625057697296143 0.624101102352142
-3.4e+38 -3.4e+38 -3.4e+38 0.605343878269196 0.58834320306778 0.560444474220276 0.536505460739136 0.532562434673309 0.546319663524628 0.553377628326416 0.55215311050415 0.558508038520813 0.590110063552856 0.623417973518372 0.638359129428864 0.638180077075958 0.631582498550415 0.630735576152802 0.616725742816925 0.608231484889984 0.620046615600586 0.629412651062012 0.625693917274475 0.606834948062897 0.602770745754242 0.597159802913666 0.612508118152618 0.63448029756546 0.632242798805237 0.613219201564789 0.603688836097717 0.600329995155334 0.592711627483368 0.590016961097717 0.594573557376862 0.604084312915802 0.613869786262512 0.626396238803864 0.630449593067169 0.624839842319489 0.631595015525818 0.636277854442596 0.628786027431488 0.622689485549927 0.625961244106293 0.631642758846283 0.628935277462006 0.621755242347717 0.62309592962265
-3.4e+38 -3.4e+38 0.628966808319092 0.631339848041534 0.62505304813385 0.61329311132431 0.587405323982239 0.562140226364136 0.547440052032471 0.522589266300201 0.505929946899414 0.515038847923279 0.565187275409698 0.619665026664734 0.63939505815506 0.639547884464264 0.628490447998047 0.626482486724854 0.631972372531891 0.620207071304321 0.617658853530884 0.624045789241791 0.627128422260284 0.620384633541107 0.610404014587402 0.604578137397766 0.606569111347198 0.619996130466461 0.622670531272888 0.608700811862946 0.591262400150299 0.583378672599792 0.57498562335968 0.569158434867859 0.566411733627319 0.572343468666077 0.58144348859787 0.59554249048233 0.618438959121704 0.630486309528351 0.622651994228363 0.62264347076416 0.620074868202209 0.614847600460052 0.622154951095581 0.636854708194733 0.641973257064819 0.639474987983704 0.634407043457031
-3.4e+38 0.637345016002655 0.643482685089111 0.653739333152771 0.649477422237396 0.636065781116486 0.611436247825623 0.584826231002808 0.575841188430786 0.536594688892365 0.504622757434845 0.521447241306305 0.564117550849915 0.619350492954254 0.637427926063538 0.627537608146667 0.615690171718597 0.614947319030762 0.626508057117462 0.613115668296814 0.597482681274414 0.608449459075928 0.629674315452576 0.640524089336395 0.632880389690399 0.615710318088531 0.603582620620728 0.592642784118652 0.59847354888916 0.607588291168213 0.601986885070801 0.60452663898468 0.599910318851471 0.587075293064117 0.563969850540161 0.554811716079712 0.561838328838348 0.571907043457031 0.586147487163544 0.606526792049408 0.610741853713989 0.615932941436768 0.622838914394379 0.626226603984833 0.631708800792694 0.637458682060242 0.645276546478271 0.647946178913116 0.640657186508179
-3.4e+38 0.641838610172272 0.650501847267151 0.659570753574371 0.652652680873871 0.632283389568329 0.635412275791168 0.638632953166962 0.624392509460449 0.584845542907715 0.556729435920715 0.560905694961548 0.5833700299263 0.620944380760193 0.625532567501068 0.604033470153809 0.602921903133392 0.593891143798828 0.586341857910156 0.577289819717407 0.570833802223206 0.599948227405548 0.635718405246735 0.642723321914673 0.640768468379974 0.619349181652069 0.597298979759216 0.585620582103729 0.582289516925812 0.590274393558502 0.593305945396423 0.616426467895508 0.636773705482483 0.626139879226685 0.596293330192566 0.573905289173126 0.56729257106781 0.565943241119385 0.561384558677673 0.579340517520905 0.604491531848907 0.611080944538116 0.613572597503662 0.615794599056244 0.619290828704834 0.616003513336182 0.62205046415329 0.63585901260376 0.639542698860168
0.63847678899765 0.647706806659698 0.65470027923584 0.658393621444702 0.656577050685883 0.652661085128784 0.664169013500214 0.67066103219986 0.650562882423401 0.61296546459198 0.596417784690857 0.594806551933289 0.603859782218933 0.618398070335388 0.597438335418701 0.573197066783905 0.57533997297287 0.548811197280884 0.536658048629761 0.553234279155731 0.566772997379303 0.610536158084869 0.637199401855469 0.631401658058167 0.630316734313965 0.610441625118256 0.598566710948944 0.59597235918045 0.57523649930954 0.563076198101044 0.581387937068939 0.619044244289398 0.649269044399261 0.647374272346497 0.621869683265686 0.608487606048584 0.601645052433014 0.588433265686035 0.568461120128632 0.560551226139069 0.571268856525421 0.578981637954712 0.580020129680634 0.579444229602814 0.583105146884918 0.591225564479828 0.608030438423157 0.626558005809784 0.639179825782776
