data/trimmed_ndre/W_ndre.625.2012_no_clouds.asc
NCOLS 130 
NROWS 71 
XLLCORNER 530645 
YLLCORNER 5158205 
CELLSIZE 5 
NODATA_value -3.4e+38 
[rows 0 to 20 of 71, columns 0 to 48 of 130]
-339999999999999996123846586046231871488.000000000000000 -3.4e+38 -3.4e+38 -3.4e+38 -3.4e+38 -3.4e+38 -3.4e+38 -3.4e+38 -3.4e+38 -3.4e+38 -3.4e+38 0.23102755844593 0.216193556785583 0.223661497235298 0.216293528676033 0.200533613562584 0.206676974892616 -3.4e+38 -3.4e+38 -3.4e+38 -3.4e+38 -3.4e+38 -3.4e+38 -3.4e+38 -3.4e+38 -3.4e+38 -3.4e+38 -3.4e+38 -3.4e+38 -3.4e+38 -3.4e+38 -3.4e+38 -3.4e+38 -3.4e+38 -3.4e+38 -3.4e+38 -3.4e+38 -3.4e+38 -3.4e+38 -3.4e+38 -3.4e+38 -3.4e+38 -3.4e+38 -3.4e+38 -3.4e+38 -3.4e+38 -3.4e+38 -3.4e+38 -3.4e+38
-3.4e+38 -3.4e+38 -3.4e+38 -3.4e+38 -3.4e+38 -3.4e+38 -3.4e+38 -3.4e+38 -3.4e+38 -3.4e+38 0.323742359876633 0.238799095153809 0.224328324198723 0.221469849348068 0.208876013755798 0.192285016179085 0.193341866135597 0.210749864578247 -3.4e+38 -3.4e+38 -3.4e+38 -3.4e+38 -3.4e+38 -3.4e+38 -3.4e+38 -3.4e+38 -3.4e+38 -3.4e+38 -3.4e+38 -3.4e+38 -3.4e+38 -3.4e+38 -3.4e+38 -3.4e+38 -3.4e+38 -3.4e+38 -3.4e+38 -3.4e+38 -3.4e+38 -3.4e+38 -3.4e+38 -3.4e+38 -3.4e+38 -3.4e+38 -3.4e+38 -3.4e+38 -3.4e+38 -3.4e+38 -3.4e+38
-3.4e+38 -3.4e+38 -3.4e+38 -3.4e+38 -3.4e+38 -3.4e+38 -3.4e+38 -3.4e+38 0.467369228601456 0.470745325088501 0.354557126760483 0.246268182992935 0.222057268023491 0.228239417076111 0.215049996972084 0.201238855719566 0.200052127242088 0.204896241426468 0.217054545879364 -3.4e+38 -3.4e+38 -3.4e+38 -3.4e+38 -3.4e+38 -3.4e+38 -3.4e+38 -3.4e+38 -3.4e+38 -3.4e+38 -3.4e+38 -3.4e+38 -3.4e+38 -3.4e+38 -3.4e+38 -3.4e+38 -3.4e+38 -3.4e+38 -3.4e+38 -3.4e+38 -3.4e+38 -3.4e+38 -3.4e+38 -3.4e+38 -3.4e+38 -3.4e+38 -3.4e+38 -3.4e+38 -3.4e+38 -3.4e+38
-3.4e+38 -3.4e+38 -3.4e+38 -3.4e+38 -3.4e+38 -3.4e+38 -3.4e+38 -3.4e+38 -3.4e+38 0.476148068904877 0.36501157283783 0.246731653809547 0.216369554400444 0.237492918968201 0.22865529358387 0.212602153420448 0.210503682494164 0.209096983075142 0.207435846328735 0.199385166168213 0.191961839795113 -3.4e+38 -3.4e+38 -3.4e+38 -3.4e+38 -3.4e+38 -3.4e+38 -3.4e+38 -3.4e+38 -3.4e+38 -3.4e+38 -3.4e+38 0.22768135368824 0.235839605331421 -3.4e+38 -3.4e+38 -3.4e+38 -3.4e+38 -3.4e+38 -3.4e+38 -3.4e+38 -3.4e+38 -3.4e+38 -3.4e+38 -3.4e+38 -3.4e+38 -3.4e+38 -3.4e+38 -3.4e+38
-3.4e+38 -3.4e+38 -3.4e+38 -3.4e+38 -3.4e+38 -3.4e+38 -3.4e+38 -3.4e+38 -3.4e+38 0.465167105197906 0.370073974132538 0.262785792350769 0.2200937718153 0.236556962132454 0.230377718806267 0.215439707040787 0.206470161676407 0.199978828430176 0.189508453011513 0.197599098086357 0.207222670316696 0.20668588578701 0.19588777422905 0.195778951048851 0.211365818977356 0.217418566346169 0.211642637848854 0.205419167876244 -3.4e+38 -3.4e+38 -3.4e+38 0.225548416376114 0.230448037385941 0.24362650513649 0.252669662237167 0.249854296445847 0.258542150259018 -3.4e+38 -3.4e+38 -3.4e+38 -3.4e+38 -3.4e+38 -3.4e+38 -3.4e+38 -3.4e+38 -3.4e+38 -3.4e+38 -3.4e+38 -3.4e+38
-3.4e+38 -3.4e+38 -3.4e+38 -3.4e+38 -3.4e+38 -3.4e+38 -3.4e+38 -3.4e+38 -3.4e+38 0.445798009634018 0.389655947685242 0.292497724294662 0.235161736607552 0.216491416096687 0.213925793766975 0.210785284638405 0.202495083212852 0.189934134483337 0.185853943228722 0.211251884698868 0.222012475132942 0.212534725666046 0.197002291679382 0.195977449417114 0.208510786294937 0.209445744752884 0.210396438837051 0.208574891090393 0.203269615769386 0.206975251436234 0.210919573903084 0.218330875039101 0.236181497573853 0.259410440921783 0.268137365579605 0.257656544446945 0.247242525219917 0.235339567065239 0.245913028717041 0.254878431558609 -3.4e+38 -3.4e+38 -3.4e+38 -3.4e+38 -3.4e+38 -3.4e+38 -3.4e+38 -3.4e+38 -3.4e+38
-3.4e+38 -3.4e+38 -3.4e+38 -3.4e+38 -3.4e+38 -3.4e+38 -3.4e+38 -3.4e+38 -3.4e+38 0.435913413763046 0.411021262407303 0.323009639978409 0.247531667351723 0.199101284146309 0.207662507891655 0.217915087938309 0.207883343100548 0.195057183504105 0.202124699950218 0.221988767385483 0.230124562978745 0.219845458865166 0.20205482840538 0.201312720775604 0.204959914088249 0.208474054932594 0.215688690543175 0.214213833212852 0.205755859613419 0.200552433729172 0.201414704322815 0.210416093468666 0.228882625699043 0.252178937196732 0.264287918806076 0.255275160074234 0.232468158006668 0.215718612074852 0.22636978328228 0.229867056012154 0.223702132701874 0.247885063290596 -3.4e+38 -3.4e+38 -3.4e+38 -3.4e+38 -3.4e+38 -3.4e+38 -3.4e+38
-3.4e+38 -3.4e+38 -3.4e+38 -3.4e+38 -3.4e+38 -3.4e+38 -3.4e+38 -3.4e+38 -3.4e+38 0.417866557836533 0.431234866380692 0.344918519258499 0.243789732456207 0.194188326597214 0.209711149334908 0.22123783826828 0.208152577280998 0.210001826286316 0.217668727040291 0.228158786892891 0.23833267390728 0.224059119820595 0.210764274001122 0.214788019657135 0.210869163274765 0.218116715550423 0.225235760211945 0.219175562262535 0.212083160877228 0.203798234462738 0.208017751574516 0.215239256620407 0.222082629799843 0.231779202818871 0.235852926969528 0.236370295286179 0.222545340657234 0.216889202594757 0.22746305167675 0.220785290002823 0.213692486286163 0.234307184815407 0.249417215585709 -3.4e+38 -3.4e+38 -3.4e+38 -3.4e+38 -3.4e+38 -3.4e+38
-3.4e+38 -3.4e+38 -3.4e+38 -3.4e+38 -3.4e+38 -3.4e+38 -3.4e+38 -3.4e+38 0.277503222227097 0.383310437202454 0.440492033958435 0.375983566045761 0.260409116744995 0.205249756574631 0.216463655233383 0.218942135572433 0.201849803328514 0.2155442237854 0.226420521736145 0.228363692760468 0.233901873230934 0.221032217144966 0.219104915857315 0.226136535406113 0.215481594204903 0.221826180815697 0.227259874343872 0.220940217375755 0.220884218811989 0.213913142681122 0.217291966080666 0.217926248908043 0.213499009609222 0.214499115943909 0.212138891220093 0.217954277992249 0.221990689635277 0.229340210556984 0.235288932919502 0.223188906908035 0.220340743660927 0.228028923273087 0.226261422038078 0.219011768698692 0.21929943561554 0.224953398108482 0.235752806067467 -3.4e+38 -3.4e+38
-3.4e+38 -3.4e+38 -3.4e+38 -3.4e+38 -3.4e+38 -3.4e+38 -3.4e+38 0.23396198451519 0.259835034608841 0.358319163322449 0.432613581418991 0.407174974679947 0.32238695025444 0.256974071264267 0.237347900867462 0.226655408740044 0.214429885149002 0.218521445989609 0.21941077709198 0.217155858874321 0.218291670084 0.218106999993324 0.231058537960052 0.233148798346519 0.221623048186302 0.223921537399292 0.221653208136559 0.22055958211422 0.222359374165535 0.217755675315857 0.21778567135334 0.217082783579826 0.215538054704666 0.215310350060463 0.213422790169716 0.218592211604118 0.230062678456306 0.240562260150909 0.240867495536804 0.231826439499855 0.233645737171173 0.234948098659515 0.226665824651718 0.223427981138229 0.224061012268066 0.222366064786911 0.230218037962914 0.241738542914391 -3.4e+38
-3.4e+38 -3.4e+38 -3.4e+38 -3.4e+38 -3.4e+38 -3.4e+38 0.212078496813774 0.212409943342209 0.235670432448387 0.313606798648834 0.394344389438629 0.418370425701141 0.392852008342743 0.323618680238724 0.246639564633369 0.213782802224159 0.220885813236237 0.231071129441261 0.218984186649323 0.20844304561615 0.211218878626823 0.216775506734848 0.228946313261986 0.229672968387604 0.224561646580696 0.227822303771973 0.220319196581841 0.227255150675774 0.233127221465111 0.23073174059391 0.228787526488304 0.22449603676796 0.226194337010384 0.223984643816948 0.21876148879528 0.225280046463013 0.234607189893723 0.24434657394886 0.24069744348526 0.236377626657486 0.243638932704926 0.241232767701149 0.231679901480675 0.229768171906471 0.226673796772957 0.22281277179718 0.225446656346321 0.238458946347237 0.241106405854225
-3.4e+38 -3.4e+38 -3.4e+38 -3.4e+38 -3.4e+38 0.20892496407032 0.198591440916061 0.198907405138016 0.215597465634346 0.247178226709366 0.308713644742966 0.393341660499573 0.43983268737793 0.42059850692749 0.340665727853775 0.266336768865585 0.241732627153397 0.247792258858681 0.237437814474106 0.213176384568214 0.213052868843079 0.225118741393089 0.227537646889687 0.228558763861656 0.224190592765808 0.225062236189842 0.223525047302246 0.234675794839859 0.248220920562744 0.249376431107521 0.247789517045021 0.244278445839882 0.242859661579132 0.233841434121132 0.219210043549538 0.224739104509354 0.237306043505669 0.246262386441231 0.246191143989563 0.240355283021927 0.237540915608406 0.231061562895775 0.223402932286263 0.223835542798042 0.222247183322906 0.221917703747749 0.224963456392288 0.233687162399292 0.235179677605629
-3.4e+38 -3.4e+38 -3.4e+38 -3.4e+38 -3.4e+38 0.242324516177177 0.245554029941559 0.241953536868095 0.235851287841797 0.241288393735886 0.271600663661957 0.320943415164948 0.388902962207794 0.41551673412323 0.396640747785568 0.339923202991486 0.283105820417404 0.262616157531738 0.249569728970528 0.220311835408211 0.216735884547234 0.225381806492805 0.228632375597954 0.240862980484962 0.235902473330498 0.223858758807182 0.221453458070755 0.230366364121437 0.252492517232895 0.254583030939102 0.24388861656189 0.242222711443901 0.241444557905197 0.229581251740456 0.217321753501892 0.228636056184769 0.246313706040382 0.250693947076797 0.245116770267487 0.233074009418488 0.227121517062187 0.225171878933907 0.220703318715096 0.220123440027237 0.218184426426888 0.216704294085503 0.218682244420052 0.220910906791687 0.218133419752121
-3.4e+38 -3.4e+38 -3.4e+38 -3.4e+38 0.254181236028671 0.271620661020279 0.27703931927681 0.268200665712357 0.243716895580292 0.225698962807655 0.229972705245018 0.231344386935234 0.263034135103226 0.310658603906631 0.356888651847839 0.365907281637192 0.326021790504456 0.286302924156189 0.254848599433899 0.230803221464157 0.226527556777 0.223392069339752 0.22178441286087 0.234688743948936 0.232926055788994 0.219138383865356 0.214967846870422 0.22922046482563 0.251996755599976 0.249818414449692 0.230596482753754 0.229241356253624 0.231319636106491 0.226497784256935 0.222128495573997 0.233291402459145 0.244780644774437 0.24177049100399 0.228585794568062 0.219747349619865 0.21528086066246 0.213855296373367 0.216847375035286 0.222485780715942 0.218178331851959 0.214634269475937 0.216840609908104 0.215943306684494 0.206814587116241
-3.4e+38 -3.4e+38 -3.4e+38 -3.4e+38 0.229981809854507 0.248290687799454 0.259193927049637 0.255384773015976 0.248288795351982 0.232353493571281 0.220556288957596 0.206981495022774 0.213945478200912 0.239717900753021 0.265007108449936 0.275208473205566 0.27495139837265 0.25770178437233 0.234872221946716 0.218862399458885 0.22036537528038 0.211462557315826 0.21567265689373 0.236816212534904 0.241573810577393 0.228472843766212 0.220528841018677 0.220348343253136 0.230030447244644 0.234278112649918 0.224489763379097 0.225456267595291 0.226996153593063 0.217728361487389 0.209608823060989 0.209502667188644 0.215430438518524 0.2125593572855 0.207549065351486 0.206775099039078 0.198657736182213 0.200091347098351 0.211019739508629 0.218318924307823 0.214506193995476 0.208235010504723 0.212773159146309 0.221798926591873 0.219190895557404
-3.4e+38 -3.4e+38 -3.4e+38 -3.4e+38 0.21805664896965 0.226390525698662 0.250072479248047 0.25269940495491 0.255263835191727 0.247052758932114 0.223105266690254 0.212078213691711 0.212229132652283 0.216824263334274 0.210566461086273 0.190084844827652 0.213947966694832 0.245171934366226 0.236576482653618 0.226409047842026 0.22179701924324 0.207499593496323 0.209227904677391 0.232745543122292 0.249046459794044 0.243861258029938 0.23517718911171 0.230752691626549 0.22939544916153 0.234003156423569 0.237690433859825 0.245919048786163 0.239677339792252 0.224907413125038 0.218508556485176 0.215190261602402 0.213077083230019 0.205785110592842 0.200405359268188 0.201548501849174 0.205090343952179 0.218007072806358 0.220546767115593 0.214022353291512 0.215939283370972 0.212255865335464 0.214501231908798 0.216801434755325 0.22482131421566
-3.4e+38 -3.4e+38 -3.4e+38 0.24199852347374 0.239391937851906 0.249099344015121 0.269056022167206 0.269365221261978 0.256998389959335 0.253730058670044 0.224492892622948 0.208377495408058 0.210999935865402 0.217198923230171 0.220983073115349 0.20559324324131 0.219784498214722 0.239012226462364 0.233081758022308 0.237837538123131 0.239007398486137 0.227300763130188 0.224918007850647 0.232640594244003 0.230425447225571 0.221073776483536 0.217133983969688 0.236430183053017 0.248545303940773 0.244054451584816 0.255520820617676 0.267747551202774 0.262987911701202 0.252317905426025 0.247338473796844 0.243436634540558 0.236432552337646 0.225087344646454 0.217806205153465 0.220436871051788 0.230962708592415 0.23750613629818 0.224586024880409 0.212044909596443 0.216311365365982 0.223010793328285 0.223122388124466 0.219196155667305 0.221941024065018
-3.4e+38 -3.4e+38 0.221352279186249 0.239972352981567 0.252421885728836 0.25101900100708 0.251634240150452 0.252314507961273 0.247680991888046 0.247485250234604 0.225534349679947 0.190008908510208 0.183732807636261 0.199440017342567 0.218990311026573 0.225682213902473 0.234894916415215 0.226906388998032 0.215613752603531 0.221817284822464 0.218560636043549 0.219983354210854 0.23588439822197 0.24733878672123 0.246508821845055 0.233053654432297 0.223475143313408 0.217443764209747 0.236571326851845 0.249096497893333 0.273513227701187 0.295100510120392 0.294418513774872 0.285782873630524 0.27461114525795 0.259017795324326 0.241244524717331 0.229433581233025 0.223585784435272 0.227035045623779 0.235881805419922 0.234946593642235 0.219302296638489 0.211037844419479 0.215786963701248 0.221642449498177 0.229543253779411 0.236282482743263 0.229760438203812
-3.4e+38 0.217522695660591 0.212979584932327 0.234687402844429 0.247708007693291 0.23961840569973 0.22458179295063 0.228406444191933 0.239202365279198 0.238027095794678 0.22295244038105 0.186147466301918 0.175530284643173 0.194631442427635 0.201043725013733 0.209476336836815 0.23395848274231 0.228433281183243 0.217151686549187 0.222215443849564 0.212740674614906 0.210838958621025 0.229619517922401 0.2461768835783 0.248717337846756 0.244134083390236 0.233175799250603 0.206299006938934 0.202288120985031 0.224639758467674 0.250778377056122 0.276723355054855 0.284999996423721 0.285905629396439 0.283970236778259 0.275631904602051 0.261261820793152 0.24956339597702 0.23104202747345 0.230460152029991 0.239255204796791 0.22988897562027 0.218572229146957 0.214251652359962 0.218351945281029 0.221926793456078 0.225228175520897 0.229993611574173 0.226825252175331
-3.4e+38 0.218218833208084 0.219117790460587 0.23429611325264 0.232838422060013 0.231248050928116 0.229255005717278 0.218598499894142 0.230993688106537 0.2406847178936 0.230314835906029 0.200528532266617 0.18719245493412 0.209534719586372 0.210244923830032 0.209716737270355 0.227614805102348 0.220619156956673 0.215744167566299 0.229952722787857 0.232565194368362 0.237228155136108 0.244863361120224 0.242180407047272 0.23165425658226 0.221697479486465 0.216400593519211 0.222239926457405 0.227862343192101 0.231086045503616 0.24298420548439 0.24597056210041 0.244148194789886 0.248702585697174 0.256301820278168 0.266811698675156 0.272809773683548 0.273431092500687 0.260236352682114 0.251830279827118 0.251761555671692 0.237718224525452 0.227504521608353 0.223976165056229 0.219503954052925 0.216543823480606 0.215788602828979 0.215785995125771 0.218696922063828
0.209512382745743 0.210116103291512 0.215991973876953 0.229008555412292 0.22566644847393 0.219990685582161 0.22247189283371 0.213030874729156 0.230479180812836 0.238057672977448 0.225257992744446 0.199665144085884 0.197017401456833 0.226024717092514 0.228289127349854 0.219733536243439 0.229157865047455 0.233496055006981 0.236414790153503 0.242270395159721 0.242055132985115 0.248268887400627 0.247921705245972 0.238061115145683 0.230890303850174 0.228429391980171 0.237002819776535 0.253262221813202 0.251882314682007 0.2485211789608 0.254257142543793 0.248601585626602 0.23927403986454 0.240598186850548 0.247508376836777 0.257943570613861 0.266896367073059 0.280966609716415 0.289768069982529 0.283747881650925 0.270199537277222 0.257486581802368 0.244986191391945 0.235043466091156 0.223487496376038 0.210924118757248 0.209164977073669 0.207969650626183 0.217552617192268
