data/trimmed_ndre/W_ndre.711.2014.asc
NCOLS 130 
NROWS 71 
XLLCORNER 530645 
YLLCORNER 5158205 
CELLSIZE 5 
NODATA_value -3.4e+38 
[rows 21 to 41 of 71, columns 0 to 48 of 130]
0.642435371875763 0.655642688274384 0.666428685188293 0.671298742294312 0.674805223941803 0.675023794174194 0.671836078166962 0.666273593902588 0.654994487762451 0.63873702287674 0.633114218711853 0.619371056556702 0.603933155536652 0.592114508152008 0.5576491355896 0.528004705905914 0.533564448356628 0.540111362934113 0.552659690380096 0.569018304347992 0.586248219013214 0.619154870510101 0.62822687625885 0.619026005268097 0.6168172955513 0.595638811588287 0.597424209117889 0.599473655223846 0.574181497097015 0.563241720199585 0.584800660610199 0.620330810546875 0.642858624458313 0.64775550365448 0.639894723892212 0.638111174106598 0.639982759952545 0.616315186023712 0.573947906494141 0.549382627010345 0.54268741607666 0.548382997512817 0.550457119941711 0.55262166261673 0.552326261997223 0.56650048494339 0.592757523059845 0.615768730640411 0.635680258274078
0.642805576324463 0.652807593345642 0.663258135318756 0.669751286506653 0.673119127750397 0.672074913978577 0.673933923244476 0.675876379013062 0.674424350261688 0.665386140346527 0.644494116306305 0.62226790189743 0.589496195316315 0.5570307970047 0.531772494316101 0.517195045948029 0.551937103271484 0.596498608589172 0.601769387722015 0.595403969287872 0.600788474082947 0.61936366558075 0.613514065742493 0.619433343410492 0.60992568731308 0.585557758808136 0.587422370910645 0.585486471652985 0.576075673103333 0.583979070186615 0.600579559803009 0.627455472946167 0.643013119697571 0.644905269145966 0.650695085525513 0.655119895935059 0.653234660625458 0.625609695911407 0.587702631950378 0.567522466182709 0.558780491352081 0.553544044494629 0.55317622423172 0.557494819164276 0.558495283126831 0.570279479026794 0.594031870365143 0.610121369361877 0.633367300033569
-3.4e+38 0.654707789421082 0.659500420093536 0.659497559070587 0.657968640327454 0.656572163105011 0.669183135032654 0.680793702602386 0.680274605751038 0.659970283508301 0.627705514431 0.604920744895935 0.588182866573334 0.557596623897552 0.546681344509125 0.558520615100861 0.595421612262726 0.62297910451889 0.62154895067215 0.617477595806122 0.614182114601135 0.612486839294434 0.60603541135788 0.625321984291077 0.618010342121124 0.587051451206207 0.579096853733063 0.5667405128479 0.571632206439972 0.586268663406372 0.596456468105316 0.609272480010986 0.62028306722641 0.629816353321075 0.648874163627625 0.663210332393646 0.657612562179565 0.636509239673615 0.606338024139404 0.592668473720551 0.588557958602905 0.578963339328766 0.575352966785431 0.578698515892029 0.582672595977783 0.590847969055176 0.603493332862854 0.616609394550323 0.632258951663971
-3.4e+38 -3.4e+38 0.668755650520325 0.666827797889709 0.656662821769714 0.646964609622955 0.660713374614716 0.668896198272705 0.652061760425568 0.625415146350861 0.58979058265686 0.570515811443329 0.577579975128174 0.583325386047363 0.583625614643097 0.587324619293213 0.602944433689117 0.610513031482697 0.610420703887939 0.61586582660675 0.619472503662109 0.613325536251068 0.602783620357513 0.605751752853394 0.599732518196106 0.582701802253723 0.570974946022034 0.558552205562592 0.569000899791718 0.582198739051819 0.579863369464874 0.576067328453064 0.587835371494293 0.613833248615265 0.637988865375519 0.654256999492645 0.647211313247681 0.625239789485931 0.599977910518646 0.587368667125702 0.587175190448761 0.582442820072174 0.583497405052185 0.590819299221039 0.598582983016968 0.606160461902618 0.618573606014252 0.630936324596405 0.637032866477966
-3.4e+38 -3.4e+38 -3.4e+38 0.681203722953796 0.667413115501404 0.65092670917511 0.654275059700012 0.645234107971191 0.617747962474823 0.586537182331085 0.555758237838745 0.555192172527313 0.587845146656036 0.607269048690796 0.609219372272491 0.603951275348663 0.597257196903229 0.581382691860199 0.580159783363342 0.600105822086334 0.617027759552002 0.616655647754669 0.603342652320862 0.586222529411316 0.575975477695465 0.5678471326828 0.562835991382599 0.56231164932251 0.580287873744965 0.591038823127747 0.578248381614685 0.566254734992981 0.578946173191071 0.608708262443542 0.627866685390472 0.635297060012817 0.632322669029236 0.609258055686951 0.585703253746033 0.578331053256989 0.576763927936554 0.573659598827362 0.574988663196564 0.582539916038513 0.596462786197662 0.609653294086456 0.623870253562927 0.63616669178009 0.638290286064148
-3.4e+38 -3.4e+38 -3.4e+38 0.684226095676422 0.675582230091095 0.654910743236542 0.641241788864136 0.623263001441956 0.590420722961426 0.566685318946838 0.563689053058624 0.581780433654785 0.612009108066559 0.623432517051697 0.623643696308136 0.61994481086731 0.598706483840942 0.574463725090027 0.566466867923737 0.589116275310516 0.611138999462128 0.60704505443573 0.594742894172668 0.576626539230347 0.565058350563049 0.560431003570557 0.555534243583679 0.566456258296967 0.587086796760559 0.601143836975098 0.595864534378052 0.581321597099304 0.581188976764679 0.605233371257782 0.627970397472382 0.631937026977539 0.62950474023819 0.606451272964478 0.583426535129547 0.583929240703583 0.580400705337524 0.572547435760498 0.567661762237549 0.570954382419586 0.585374414920807 0.601688385009766 0.612960696220398 0.63055157661438 0.629654824733734
-3.4e+38 -3.4e+38 -3.4e+38 0.669361412525177 0.659633934497833 0.643535971641541 0.619676649570465 0.598594129085541 0.582374393939972 0.587075710296631 0.603931367397308 0.615681827068329 0.634310603141785 0.641248106956482 0.635739386081696 0.630287945270538 0.616065382957458 0.592165291309357 0.580518245697021 0.589896559715271 0.596682369709015 0.583383798599243 0.57179856300354 0.56045663356781 0.559861361980438 0.565057694911957 0.566052854061127 0.572177708148956 0.58553820848465 0.593665540218353 0.598155617713928 0.604137361049652 0.613196611404419 0.629618048667908 0.645788729190826 0.642427086830139 0.626825749874115 0.610689461231232 0.594366431236267 0.591191232204437 0.591172218322754 0.583296835422516 0.568633198738098 0.56134694814682 0.567732632160187 0.586197853088379 0.602146863937378 0.618784368038177 0.613246262073517
-3.4e+38 -3.4e+38 -3.4e+38 -3.4e+38 0.623279273509979 0.607565224170685 0.588302910327911 0.5843865275383 0.595158040523529 0.611833095550537 0.632346332073212 0.644860148429871 0.649797976016998 0.646370470523834 0.636281549930573 0.628038167953491 0.627155244350433 0.615982234477997 0.598129272460938 0.589651703834534 0.572730958461761 0.562440037727356 0.561942875385284 0.555609524250031 0.56400340795517 0.577777147293091 0.579433500766754 0.580236673355103 0.588183701038361 0.604231834411621 0.621288120746613 0.644297897815704 0.658183932304382 0.660833835601807 0.664517641067505 0.66105055809021 0.646186590194702 0.631333589553833 0.609330534934998 0.590851008892059 0.582721471786499 0.578478932380676 0.572969138622284 0.569190382957458 0.573937058448792 0.587971985340118 0.602211236953735 0.607795536518097 0.597350120544434
-3.4e+38 -3.4e+38 -3.4e+38 -3.4e+38 -3.4e+38 0.567283630371094 0.569962203502655 0.588232040405273 0.606166243553162 0.621303200721741 0.640683114528656 0.647095918655396 0.641782343387604 0.634243607521057 0.624497056007385 0.621207118034363 0.629111707210541 0.622494697570801 0.595318973064423 0.569725155830383 0.547048449516296 0.541957855224609 0.551898837089539 0.55622661113739 0.570742726325989 0.578634798526764 0.581295549869537 0.586914896965027 0.594500660896301 0.618340373039246 0.645232200622559 0.667837619781494 0.676037430763245 0.673345983028412 0.677611291408539 0.676102519035339 0.661945760250092 0.642323076725006 0.625795543193817 0.612737238407135 0.606817305088043 0.605980396270752 0.606782674789429 0.605169653892517 0.602351009845734 0.606044173240662 0.609249711036682 0.612456202507019 0.614972770214081
-3.4e+38 -3.4e+38 -3.4e+38 -3.4e+38 -3.4e+38 -3.4e+38 -3.4e+38 -3.4e+38 0.614315629005432 0.622200131416321 0.634408295154572 0.633311927318573 0.62240993976593 0.616490602493286 0.608874201774597 0.603412449359894 0.601975619792938 0.594784140586853 0.576082229614258 0.544628083705902 0.521010875701904 0.529584169387817 0.549802899360657 0.561265587806702 0.573888957500458 0.570476770401001 0.579404532909393 0.600988626480103 0.608989655971527 0.628555119037628 0.653090119361877 0.66800594329834 0.681117177009583 0.681680798530579 0.68017041683197 0.67657744884491 0.664024353027344 0.646252930164337 0.637053906917572 0.635973691940308 0.640486896038055 0.643781125545502 0.644226670265198 0.637770235538483 0.630245625972748 0.628095030784607 0.615997791290283 0.632495224475861 0.650065362453461
-3.4e+38 -3.4e+38 -3.4e+38 -3.4e+38 -3.4e+38 -3.4e+38 -3.4e+38 -3.4e+38 -3.4e+38 -3.4e+38 0.632574617862701 0.627995610237122 0.60984855890274 0.595472812652588 0.594682574272156 0.578048408031464 0.566325485706329 0.566088557243347 0.562277436256409 0.540510296821594 0.526075303554535 0.537088990211487 0.550157904624939 0.566080749034882 0.576185941696167 0.564983308315277 0.58677214384079 0.621038675308228 0.627032339572906 0.639311552047729 0.657390713691711 0.67015665769577 0.680788934230804 0.682358026504517 0.676960051059723 0.676261603832245 0.671931266784668 0.664492309093475 0.658399283885956 0.655238211154938 0.656769871711731 0.656442105770111 0.656435608863831 0.659321665763855 0.655934572219849 0.644928157329559 0.629508852958679 0.647417187690735 0.668073892593384
-3.4e+38 -3.4e+38 -3.4e+38 -3.4e+38 -3.4e+38 -3.4e+38 -3.4e+38 -3.4e+38 -3.4e+38 -3.4e+38 -3.4e+38 0.615612506866455 0.59771466255188 0.58524626493454 0.582934617996216 0.56275737285614 0.543882071971893 0.548744082450867 0.563545703887939 0.563067257404327 0.550547242164612 0.547402441501617 0.550752937793732 0.570311427116394 0.582531750202179 0.576795697212219 0.602370023727417 0.633740544319153 0.643144607543945 0.647820293903351 0.658792078495026 0.673164665699005 0.68248724937439 0.684462904930115 0.675718545913696 0.668917000293732 0.667123138904572 0.66696834564209 0.666865766048431 0.663909077644348 0.666057229042053 0.663651764392853 0.662777245044708 0.669024407863617 0.671239197254181 0.661513805389404 0.649795889854431 0.656563460826874 0.666817307472229
-3.4e+38 -3.4e+38 -3.4e+38 -3.4e+38 -3.4e+38 -3.4e+38 -3.4e+38 -3.4e+38 -3.4e+38 -3.4e+38 -3.4e+38 -3.4e+38 -3.4e+38 -3.4e+38 -3.4e+38 -3.4e+38 -3.4e+38 -3.4e+38 -3.4e+38 -3.4e+38 -3.4e+38 -3.4e+38 -3.4e+38 -3.4e+38 -3.4e+38 -3.4e+38 -3.4e+38 -3.4e+38 -3.4e+38 -3.4e+38 -3.4e+38 0.677330136299133 0.689254403114319 0.689770340919495 0.678429305553436 0.665795862674713 0.660415947437286 0.654425024986267 0.662441253662109 0.671493649482727 0.67167055606842 0.661498665809631 0.657762110233307 0.665934503078461 0.67243629693985 0.670626819133759 0.659821152687073 0.652983665466309 0.656790137290955
-3.4e+38 -3.4e+38 -3.4e+38 -3.4e+38 -3.4e+38 -3.4e+38 -3.4e+38 -3.4e+38 -3.4e+38 -3.4e+38 -3.4e+38 -3.4e+38 -3.4e+38 -3.4e+38 -3.4e+38 -3.4e+38 -3.4e+38 -3.4e+38 -3.4e+38 -3.4e+38 -3.4e+38 -3.4e+38 -3.4e+38 -3.4e+38 -3.4e+38 -3.4e+38 -3.4e+38 -3.4e+38 -3.4e+38 -3.4e+38 -3.4e+38 -3.4e+38 -3.4e+38 0.691877067089081 0.6857790350914 0.674315571784973 0.66227775812149 0.653238356113434 0.658979952335358 0.665321052074432 0.657516539096832 0.648815870285034 0.648069560527802 0.655910730361938 0.659909307956696 0.655704736709595 0.647484660148621 0.643672943115234 0.651127219200134
-3.4e+38 -3.4e+38 -3.4e+38 -3.4e+38 -3.4e+38 -3.4e+38 -3.4e+38 -3.4e+38 -3.4e+38 -3.4e+38 -3.4e+38 -3.4e+38 -3.4e+38 -3.4e+38 -3.4e+38 -3.4e+38 -3.4e+38 -3.4e+38 -3.4e+38 -3.4e+38 -3.4e+38 -3.4e+38 -3.4e+38 -3.4e+38 -3.4e+38 -3.4e+38 -3.4e+38 -3.4e+38 -3.4e+38 -3.4e+38 -3.4e+38 -3.4e+38 -3.4e+38 -3.4e+38 0.689474523067474 0.678265333175659 0.666083157062531 0.653782784938812 0.645031869411469 0.642018556594849 0.636066257953644 0.633190870285034 0.639015376567841 0.649440884590149 0.650138735771179 0.637419641017914 0.633341431617737 0.635456383228302 0.641643285751343
-3.4e+38 -3.4e+38 -3.4e+38 -3.4e+38 -3.4e+38 -3.4e+38 -3.4e+38 -3.4e+38 -3.4e+38 -3.4e+38 -3.4e+38 -3.4e+38 -3.4e+38 -3.4e+38 -3.4e+38 -3.4e+38 -3.4e+38 -3.4e+38 -3.4e+38 -3.4e+38 -3.4e+38 -3.4e+38 -3.4e+38 -3.4e+38 -3.4e+38 -3.4e+38 -3.4e+38 -3.4e+38 -3.4e+38 -3.4e+38 -3.4e+38 -3.4e+38 -3.4e+38 -3.4e+38 0.68261981010437 0.666483402252197 0.659651339054108 0.645491123199463 0.627053141593933 0.626195847988129 0.624306559562683 0.626785755157471 0.636816024780273 0.649101734161377 0.649163067340851 0.634274065494537 0.627149403095245 0.620803594589233 0.625407695770264
-3.4e+38 -3.4e+38 -3.4e+38 -3.4e+38 -3.4e+38 -3.4e+38 -3.4e+38 -3.4e+38 -3.4e+38 -3.4e+38 -3.4e+38 -3.4e+38 -3.4e+38 -3.4e+38 -3.4e+38 -3.4e+38 -3.4e+38 -3.4e+38 -3.4e+38 -3.4e+38 -3.4e+38 -3.4e+38 -3.4e+38 -3.4e+38 -3.4e+38 -3.4e+38 -3.4e+38 -3.4e+38 -3.4e+38 -3.4e+38 -3.4e+38 -3.4e+38 -3.4e+38 -3.4e+38 0.674225091934204 0.665167808532715 0.646077632904053 0.632113039493561 0.623534381389618 0.620331048965454 0.619971871376038 0.629591763019562 0.639366865158081 0.642890453338623 0.637369871139526 0.625811517238617 0.612560033798218 0.593290090560913 0.602312445640564
-3.4e+38 -3.4e+38 -3.4e+38 -3.4e+38 -3.4e+38 -3.4e+38 -3.4e+38 -3.4e+38 -3.4e+38 -3.4e+38 -3.4e+38 -3.4e+38 -3.4e+38 -3.4e+38 -3.4e+38 -3.4e+38 -3.4e+38 -3.4e+38 -3.4e+38 -3.4e+38 -3.4e+38 -3.4e+38 -3.4e+38 -3.4e+38 -3.4e+38 -3.4e+38 -3.4e+38 -3.4e+38 -3.4e+38 -3.4e+38 -3.4e+38 -3.4e+38 -3.4e+38 -3.4e+38 -3.4e+38 0.654212594032288 0.62479829788208 0.62031078338623 0.627713918685913 0.633894145488739 0.633160591125488 0.630783021450043 0.628891050815582 0.622536659240723 0.605061948299408 0.591408908367157 0.56698751449585 0.547541797161102 0.578560650348663
-3.4e+38 -3.4e+38 -3.4e+38 -3.4e+38 -3.4e+38 -3.4e+38 -3.4e+38 -3.4e+38 -3.4e+38 -3.4e+38 -3.4e+38 -3.4e+38 -3.4e+38 -3.4e+38 -3.4e+38 -3.4e+38 -3.4e+38 -3.4e+38 -3.4e+38 -3.4e+38 -3.4e+38 -3.4e+38 -3.4e+38 -3.4e+38 -3.4e+38 -3.4e+38 -3.4e+38 -3.4e+38 -3.4e+38 -3.4e+38 -3.4e+38 -3.4e+38 -3.4e+38 -3.4e+38 -3.4e+38 -3.4e+38 0.607523202896118 0.610101342201233 0.62881863117218 0.638222873210907 0.626448631286621 0.614255607128143 0.605673611164093 0.592898190021515 0.572414398193359 0.550787508487701 0.517333924770355 0.512987732887268 0.560333251953125
-3.4e+38 -3.4e+38 -3.4e+38 -3.4e+38 -3.4e+38 -3.4e+38 -3.4e+38 -3.4e+38 -3.4e+38 -3.4e+38 -3.4e+38 -3.4e+38 -3.4e+38 -3.4e+38 -3.4e+38 -3.4e+38 -3.4e+38 -3.4e+38 -3.4e+38 -3.4e+38 -3.4e+38 -3.4e+38 -3.4e+38 -3.4e+38 -3.4e+38 -3.4e+38 -3.4e+38 -3.4e+38 -3.4e+38 -3.4e+38 -3.4e+38 -3.4e+38 -3.4e+38 -3.4e+38 -3.4e+38 -3.4e+38 -3.4e+38 0.613669157028198 0.62187385559082 0.613893091678619 0.59558779001236 0.586578667163849 0.581768572330475 0.576623320579529 0.558124005794525 0.528998672962189 0.513988614082336 0.509075343608856 0.528954267501831
-3.4e+38 -3.4e+38 -3.4e+38 -3.4e+38 -3.4e+38 -3.4e+38 -3.4e+38 -3.4e+38 -3.4e+38 -3.4e+38 -3.4e+38 -3.4e+38 -3.4e+38 -3.4e+38 -3.4e+38 -3.4e+38 -3.4e+38 -3.4e+38 -3.4e+38 -3.4e+38 -3.4e+38 -3.4e+38 -3.4e+38 -3.4e+38 -3.4e+38 -3.4e+38 -3.4e+38 -3.4e+38 -3.4e+38 -3.4e+38 -3.4e+38 -3.4e+38 -3.4e+38 -3.4e+38 -3.4e+38 -3.4e+38 -3.4e+38 -3.4e+38 0.611310601234436 0.602699995040894 0.583909332752228 0.566578328609467 0.563620686531067 0.562876999378204 0.550005078315735 0.533751845359802 0.533504605293274 0.52208936214447 0.515263438224792
