data/trimmed_ndre/W_ndre.610.2009_no_clouds.asc
NCOLS 130 
NROWS 71 
XLLCORNER 530645 
YLLCORNER 5158205 
CELLSIZE 5 
NODATA_value -3.4e+38 
[rows 42 to 62 of 71, columns 49 to 97 of 130]
0.433814734220505 0.420141518115997 0.439621061086655 0.484090268611908 0.518747270107269 0.549666106700897 0.58660876750946 0.610148072242737 0.620657563209534 0.610156118869781 0.606650471687317 0.607165157794952 0.601378798484802 0.584449172019958 0.569440305233002 0.568032085895538 0.558666944503784 0.55050790309906 0.541107892990112 0.536634922027588 0.546199381351471 0.541046559810638 0.538041949272156 0.547066509723663 0.549719274044037 0.56373530626297 0.569275081157684 0.56368100643158 0.573952674865723 0.575751125812531 0.573265552520752 0.579079031944275 0.575468480587006 0.565785706043243 0.573459148406982 0.583410263061523 0.567485094070435 0.556045889854431 0.561049163341522 0.566668689250946 0.560784339904785 0.560770690441132 0.56773978471756 0.557817101478577 0.569534778594971 0.58092737197876 0.563797414302826 0.545296490192413 0.556183338165283
0.460742741823196 0.446874469518661 0.465739101171494 0.509100735187531 0.543285191059113 0.565388023853302 0.593488454818726 0.620120167732239 0.628077745437622 0.618984580039978 0.622722625732422 0.608121633529663 0.587224543094635 0.585898101329803 0.573002755641937 0.558531522750854 0.550922334194183 0.53712123632431 0.530811309814453 0.543858289718628 0.553852081298828 0.539736926555634 0.534708976745605 0.545536041259766 0.558749198913574 0.57935643196106 0.571758210659027 0.560407698154449 0.571943581104279 0.57258015871048 0.573515713214874 0.576175510883331 0.575019717216492 0.570986866950989 0.574833035469055 0.586718261241913 0.570597231388092 0.549654185771942 0.553654432296753 0.559946179389954 0.549461603164673 0.550888180732727 0.557971835136414 0.547333419322968 0.560993552207947 0.567959129810333 0.554507195949554 0.551598608493805 0.567168533802032
0.496192336082458 0.501377940177917 0.51315826177597 0.540273010730743 0.573303997516632 0.589275181293488 0.597220182418823 0.61073362827301 0.620133101940155 0.613089442253113 0.601220667362213 0.604106068611145 0.5898197889328 0.578882813453674 0.573895275592804 0.557114064693451 0.537525236606598 0.531293451786041 0.5291668176651 0.522439539432526 0.529527127742767 0.540120840072632 0.535049200057983 0.540695428848267 0.556235909461975 0.566675305366516 0.563398480415344 0.557634472846985 0.560335457324982 0.552828133106232 0.555360555648804 0.562110781669617 0.567824363708496 0.570941984653473 0.57889050245285 0.585658550262451 0.562269032001495 0.54686975479126 0.551140010356903 0.557932078838348 0.551796495914459 0.553453385829926 0.564260303974152 0.567931950092316 0.577565670013428 0.573654174804688 0.564311027526855 0.566473603248596 0.577076196670532
0.511640191078186 0.534179449081421 0.541274905204773 0.550785422325134 0.577446639537811 0.603441417217255 0.609322488307953 0.607341825962067 0.597861886024475 0.59306812286377 0.594325959682465 0.606884002685547 0.601808607578278 0.569379985332489 0.546755313873291 0.553855240345001 0.544448673725128 0.52812671661377 0.520777642726898 0.503256440162659 0.51861435174942 0.544858515262604 0.533527255058289 0.540221810340881 0.54123330116272 0.535552680492401 0.546547591686249 0.556864857673645 0.550326704978943 0.529102802276611 0.522265553474426 0.540571212768555 0.557600736618042 0.560739040374756 0.574195325374603 0.572854936122894 0.553665518760681 0.559248328208923 0.571880102157593 0.570601165294647 0.556871294975281 0.55385684967041 0.567710101604462 0.58079731464386 0.578565299510956 0.571274161338806 0.576090812683105 0.585643172264099 0.587633848190308
0.518479466438293 0.540191054344177 0.546337068080902 0.550947248935699 0.573487818241119 0.601086556911469 0.609351992607117 0.597464621067047 0.575021088123322 0.586771607398987 0.602279126644135 0.598198473453522 0.596945643424988 0.577183425426483 0.551763892173767 0.545359492301941 0.534241616725922 0.510112762451172 0.496662199497223 0.524589598178864 0.536507248878479 0.521222591400146 0.517189025878906 0.541616380214691 0.534554123878479 0.514925956726074 0.509244441986084 0.513195335865021 0.50922691822052 0.498160034418106 0.500459849834442 0.525941252708435 0.538549721240997 0.531327247619629 0.538493454456329 0.553885281085968 0.550280451774597 0.550828516483307 0.57010942697525 0.569896340370178 0.548917174339294 0.54236775636673 0.550023257732391 0.555379927158356 0.550707101821899 0.547295033931732 0.562966346740723 0.571940958499908 0.567890644073486
0.541192591190338 0.542610585689545 0.542507529258728 0.553332507610321 0.575249373912811 0.593916773796082 0.59839802980423 0.579567730426788 0.566812515258789 0.585159361362457 0.599086880683899 0.591743350028992 0.590370714664459 0.583967745304108 0.565754532814026 0.536476075649261 0.519390285015106 0.514547526836395 0.513677418231964 0.531358361244202 0.535719215869904 0.505474507808685 0.511134445667267 0.537536799907684 0.518819391727448 0.492391139268875 0.483733624219894 0.486519664525986 0.481841504573822 0.49527907371521 0.518895089626312 0.528930068016052 0.532981991767883 0.530782043933868 0.526647508144379 0.539740085601807 0.522504806518555 0.498682260513306 0.508001029491425 0.516511082649231 0.518766582012177 0.510364174842834 0.502641975879669 0.511161684989929 0.509540498256683 0.51072633266449 0.530502378940582 0.525189518928528 0.524429321289062
0.544791400432587 0.541961252689362 0.546372711658478 0.560824036598206 0.575759053230286 0.587227404117584 0.581852495670319 0.566961169242859 0.565218865871429 0.574925303459167 0.599956750869751 0.597402691841125 0.580397009849548 0.573808670043945 0.572617650032043 0.554292798042297 0.536520302295685 0.526507973670959 0.505905270576477 0.508300364017487 0.534499704837799 0.522333323955536 0.530253469944 0.537798881530762 0.505523502826691 0.48907545208931 0.499832034111023 0.513573110103607 0.509124219417572 0.540552020072937 0.552819907665253 0.534989416599274 0.546749114990234 0.551089823246002 0.542931973934174 0.53919905424118 0.510346055030823 0.486894249916077 0.483322948217392 0.481433272361755 0.493620842695236 0.487013131380081 0.465774178504944 0.475995600223541 0.488555252552032 0.490232646465302 0.499070733785629 0.494350880384445 0.501520276069641
0.540688097476959 0.530898749828339 0.532754302024841 0.553149461746216 0.570890486240387 0.573262751102448 0.564778804779053 0.558787822723389 0.56674587726593 0.572078049182892 0.580659687519073 0.587629854679108 0.56327497959137 0.555366814136505 0.573366403579712 0.563519775867462 0.532139420509338 0.504387259483337 0.488248467445374 0.495471984148026 0.517652273178101 0.517307639122009 0.536506474018097 0.527198433876038 0.495021402835846 0.49670797586441 0.524053990840912 0.530950725078583 0.527924597263336 0.55633682012558 0.551308393478394 0.541662514209747 0.562659919261932 0.557116508483887 0.544161856174469 0.535123705863953 0.526780068874359 0.524575054645538 0.521841943264008 0.513096034526825 0.516240656375885 0.513975858688354 0.500175595283508 0.504172921180725 0.510567665100098 0.499125421047211 0.50547993183136 0.525107383728027 0.526027381420135
0.564039766788483 0.549553513526917 0.537954747676849 0.539245784282684 0.548378467559814 0.554542064666748 0.561024248600006 0.5721675157547 0.563985466957092 0.555277347564697 0.553564608097076 0.563755512237549 0.564886271953583 0.550177693367004 0.536197602748871 0.52703195810318 0.515477776527405 0.510131299495697 0.511882722377777 0.485816299915314 0.47678729891777 0.499655067920685 0.523044049739838 0.508708119392395 0.48500794172287 0.495683997869492 0.523585855960846 0.526351034641266 0.524561166763306 0.540780961513519 0.547915637493134 0.563613891601562 0.574065685272217 0.560179054737091 0.537365317344666 0.529876530170441 0.54821366071701 0.561251699924469 0.553122282028198 0.537592530250549 0.536005616188049 0.538565993309021 0.532847285270691 0.527273297309875 0.524235725402832 0.512800633907318 0.519611656665802 0.534663140773773 0.529251396656036
0.560423910617828 0.554421722888947 0.543239414691925 0.53270149230957 0.527049362659454 0.540931344032288 0.562568128108978 0.565649688243866 0.551447689533234 0.558963298797607 0.563850879669189 0.555169522762299 0.545527815818787 0.538488149642944 0.526845991611481 0.522638320922852 0.532485842704773 0.531580626964569 0.512708365917206 0.496660053730011 0.489655494689941 0.504795134067535 0.512195825576782 0.49624964594841 0.481627851724625 0.497539728879929 0.522184908390045 0.529462695121765 0.532725214958191 0.547701120376587 0.563664197921753 0.575235188007355 0.578383028507233 0.567211747169495 0.548159897327423 0.556363761425018 0.579571664333344 0.576953411102295 0.565307319164276 0.546531081199646 0.538862109184265 0.542019188404083 0.537709653377533 0.525633096694946 0.514813482761383 0.509629428386688 0.507131278514862 0.499135136604309 0.495724856853485
0.547749102115631 0.547858595848083 0.551081895828247 0.547589242458344 0.537759900093079 0.549411118030548 0.560521304607391 0.554338395595551 0.557950615882874 0.575646936893463 0.580913305282593 0.565952479839325 0.557428181171417 0.559474945068359 0.556383609771729 0.539753437042236 0.522854328155518 0.513061165809631 0.52251410484314 0.543947100639343 0.532450675964355 0.509274959564209 0.505421459674835 0.502911269664764 0.502823412418365 0.516293227672577 0.540056765079498 0.562237083911896 0.571762979030609 0.5743528008461 0.574433922767639 0.573516130447388 0.575490772724152 0.574342548847198 0.567273676395416 0.582313060760498 0.593517303466797 0.57563179731369 0.563756823539734 0.552691340446472 0.534934163093567 0.535042524337769 0.526605129241943 0.502962827682495 0.492397278547287 0.496458858251572 0.493497341871262 0.489430755376816 0.482777327299118
0.5457563996315 0.548173189163208 0.548246145248413 0.549373030662537 0.553482592105865 0.559476256370544 0.552926778793335 0.557624042034149 0.572137832641602 0.580351173877716 0.579485058784485 0.569443881511688 0.570690751075745 0.567359983921051 0.542959809303284 0.525315463542938 0.524961888790131 0.52303820848465 0.533680438995361 0.547346532344818 0.530808806419373 0.500123023986816 0.504755198955536 0.531504154205322 0.546138525009155 0.543808400630951 0.555785179138184 0.578013479709625 0.584689557552338 0.582404136657715 0.57262134552002 0.57592636346817 0.578873336315155 0.567671358585358 0.57361102104187 0.589479804039001 0.584582507610321 0.568650007247925 0.55233097076416 0.540120601654053 0.526740849018097 0.519354462623596 0.498541861772537 0.471494615077972 0.482920289039612 0.505499184131622 0.506922006607056 0.509898245334625 0.499033778905869
0.559033274650574 0.55988085269928 0.555505037307739 0.561562657356262 0.572767913341522 0.568468689918518 0.551271557807922 0.554739594459534 0.564549684524536 0.557206690311432 0.558584749698639 0.561560869216919 0.553678393363953 0.543489575386047 0.520003497600555 0.509363293647766 0.531323134899139 0.532818675041199 0.528093993663788 0.527738153934479 0.510561525821686 0.492229670286179 0.507126212120056 0.537443399429321 0.551180899143219 0.551717579364777 0.568528711795807 0.583396673202515 0.581186056137085 0.579239070415497 0.569351613521576 0.571278035640717 0.571148931980133 0.557750999927521 0.570597350597382 0.576377034187317 0.561314880847931 0.556360304355621 0.547192513942719 0.53250926733017 0.516018152236938 0.504289984703064 0.489236801862717 0.47369658946991 0.489774256944656 0.511141657829285 0.51698911190033 0.52157598733902 0.511892378330231
0.569402277469635 0.571145534515381 0.576744198799133 0.582178831100464 0.592053830623627 0.582717657089233 0.564583837985992 0.54964154958725 0.541401267051697 0.545274019241333 0.55122435092926 0.559942603111267 0.549704313278198 0.526453256607056 0.507146716117859 0.509433329105377 0.520373046398163 0.532456934452057 0.543925940990448 0.530352115631104 0.492951542139053 0.477543652057648 0.503013730049133 0.533483386039734 0.54318642616272 0.54958188533783 0.568989634513855 0.578800439834595 0.570797502994537 0.562270224094391 0.560590922832489 0.572148144245148 0.580638408660889 0.566632449626923 0.570398688316345 0.563837230205536 0.550962448120117 0.548201203346252 0.537780165672302 0.53033572435379 0.512190520763397 0.50099378824234 0.501120388507843 0.498916357755661 0.514010727405548 0.518224656581879 0.519803524017334 0.515496015548706 0.506212830543518
0.574593424797058 0.574508786201477 0.580339968204498 0.580804407596588 0.587001025676727 0.582161724567413 0.565918505191803 0.541604340076447 0.527640163898468 0.52937525510788 0.538512527942657 0.549595534801483 0.543294310569763 0.522348582744598 0.506096303462982 0.519475817680359 0.527697384357452 0.535459101200104 0.537560403347015 0.518862664699554 0.485036551952362 0.473633825778961 0.501678347587585 0.534099638462067 0.54755300283432 0.55260306596756 0.561907351016998 0.571688294410706 0.568784892559052 0.556429266929626 0.570679843425751 0.579601228237152 0.569335699081421 0.55202978849411 0.552786707878113 0.548455357551575 0.550874292850494 0.549089312553406 0.531093657016754 0.531540811061859 0.528989911079407 0.525176286697388 0.532025516033173 0.533764362335205 0.539843738079071 0.536606848239899 0.524056255817413 0.513780951499939 0.503241360187531
0.58050811290741 0.581543743610382 0.577483654022217 0.565227329730988 0.567728817462921 0.562982738018036 0.550432085990906 0.531286895275116 0.517640888690948 0.509860575199127 0.510236322879791 0.509881317615509 0.506934642791748 0.504910528659821 0.510660707950592 0.526315867900848 0.528539061546326 0.520496726036072 0.517097294330597 0.50640207529068 0.482749849557877 0.477972805500031 0.498411864042282 0.514195919036865 0.528627812862396 0.543911993503571 0.550722002983093 0.549381673336029 0.555751383304596 0.555103361606598 0.555290579795837 0.542353332042694 0.522160172462463 0.522181928157806 0.536151587963104 0.544937551021576 0.553862452507019 0.547604203224182 0.527223527431488 0.517308950424194 0.52254718542099 0.535427033901215 0.548866510391235 0.539442002773285 0.535582184791565 0.536198735237122 0.521639764308929 0.516782701015472 0.513059616088867
0.593494772911072 0.592833697795868 0.578887641429901 0.562891244888306 0.558117151260376 0.546179592609406 0.536509096622467 0.524960458278656 0.510303199291229 0.495575487613678 0.482891976833344 0.471996665000916 0.471446603536606 0.474892884492874 0.499894648790359 0.516143977642059 0.50742369890213 0.501746118068695 0.497173577547073 0.492975860834122 0.481676459312439 0.489087760448456 0.502156555652618 0.500779330730438 0.507536590099335 0.526859998703003 0.53516298532486 0.530824363231659 0.532289266586304 0.521332561969757 0.502732157707214 0.509704291820526 0.518949151039124 0.528885066509247 0.536924302577972 0.529443025588989 0.52127593755722 0.522014439105988 0.517755746841431 0.505618333816528 0.512107491493225 0.532415568828583 0.542612075805664 0.528950989246368 0.51744818687439 0.503067374229431 0.479684889316559 -3.4e+38 -3.4e+38
0.589726328849792 0.589514493942261 0.58117538690567 0.575171232223511 0.566061913967133 0.553384840488434 0.54798424243927 0.541333079338074 0.522538602352142 0.496693432331085 0.476574659347534 0.460455566644669 0.458376497030258 0.46722936630249 0.495783627033234 0.50527548789978 0.499996364116669 0.506336331367493 0.501600086688995 0.494936019182205 0.4935422539711 0.504555225372314 0.51166695356369 0.50663834810257 0.509708762168884 0.523227453231812 0.532438933849335 0.536471426486969 0.521520137786865 0.491793990135193 0.478587746620178 0.499356120824814 0.527577102184296 0.539899706840515 0.529104173183441 0.515750586986542 0.504454553127289 0.503914058208466 0.511745274066925 0.511956453323364 0.512620270252228 0.513908863067627 0.511587858200073 0.507179141044617 0.493492394685745 0.475482165813446 -3.4e+38 -3.4e+38 -3.4e+38
0.589865982532501 0.576860070228577 0.577862799167633 0.582188546657562 0.571356117725372 0.573827564716339 0.586259126663208 0.572935998439789 0.541594445705414 0.521970987319946 0.510720252990723 0.501840889453888 0.497633337974548 0.499960601329803 0.518689632415771 0.52087938785553 0.519930839538574 0.527778625488281 0.525171101093292 0.523023903369904 0.524283170700073 0.537747919559479 0.544307887554169 0.541703522205353 0.539668262004852 0.543720066547394 0.542003929615021 0.538836658000946 0.525330245494843 0.509297788143158 0.506416797637939 0.516437768936157 0.537136018276215 0.537608802318573 0.523017287254333 0.521157324314117 0.51833713054657 0.517387270927429 0.521894991397858 0.522033989429474 0.515483856201172 0.495014041662216 0.483537942171097 0.481200397014618 0.476786971092224 -3.4e+38 -3.4e+38 -3.4e+38 -3.4e+38
0.585189819335938 0.568666636943817 0.564048051834106 0.573330461978912 0.570294260978699 0.58226615190506 0.599895238876343 0.586077868938446 0.558283984661102 0.548760831356049 0.559441268444061 0.565636515617371 0.545951068401337 0.534923374652863 0.546565651893616 0.54958838224411 0.548249244689941 0.552521109580994 0.554538369178772 0.55210942029953 0.55230712890625 0.556754767894745 0.559799551963806 0.557241022586823 0.562346458435059 0.563909888267517 0.556591212749481 0.539943337440491 0.527086019515991 0.531019449234009 0.539000153541565 0.537576496601105 0.529073774814606 0.524931907653809 0.52046674489975 0.522603452205658 0.529267430305481 0.531809687614441 0.522517263889313 0.515354514122009 0.507035315036774 -3.4e+38 -3.4e+38 -3.4e+38 -3.4e+38 -3.4e+38 -3.4e+38 -3.4e+38 -3.4e+38
0.584402799606323 0.582463979721069 0.568862915039062 0.57592511177063 0.584722518920898 0.579773128032684 0.586973547935486 0.590284943580627 0.585431277751923 0.592075407505035 0.59454345703125 0.586885333061218 0.560119330883026 0.546790778636932 0.56347268819809 0.577283382415771 0.574988901615143 0.570782780647278 0.57577109336853 0.573480606079102 0.57036030292511 0.5621657371521 0.552585542201996 0.548157274723053 0.560745358467102 0.570134937763214 0.561923801898956 0.543201148509979 0.527181625366211 0.53557687997818 0.546086370944977 0.544211864471436 0.528670907020569 0.524479746818542 0.52461963891983 -3.4e+38 -3.4e+38 -3.4e+38 -3.4e+38 -3.4e+38 -3.4e+38 -3.4e+38 -3.4e+38 -3.4e+38 -3.4e+38 -3.4e+38 -3.4e+38 -3.4e+38 -3.4e+38
