data/trimmed_ndre/W_ndre.623.2012_no_clouds.asc
NCOLS 130 
NROWS 71 
XLLCORNER 530645 
YLLCORNER 5158205 
CELLSIZE 5 
NODATA_value -3.4e+38 
[rows 42 to 62 of 71, columns 49 to 97 of 130]
0.204643279314041 0.197766587138176 0.201895713806152 0.206161066889763 0.20732094347477 0.215458646416664 0.224825665354729 0.216833963990211 0.202857941389084 0.209222540259361 0.203542307019234 0.19889934360981 0.202971369028091 0.214311093091965 0.221783116459846 0.21704575419426 0.217735886573792 0.207650005817413 0.212399557232857 0.226016402244568 0.22702893614769 0.213638126850128 0.202342346310616 0.196340844035149 0.200849607586861 0.203904911875725 0.201493173837662 0.203275367617607 0.199726775288582 0.220039770007133 0.224841013550758 0.205850541591644 0.20935632288456 0.223714366555214 0.220636457204819 0.208855524659157 0.208909898996353 0.200225785374641 0.205243334174156 0.203648597002029 0.20146444439888 0.20508174598217 0.202641695737839 0.207369714975357 0.20941449701786 0.212904825806618 0.214505925774574 0.21510174870491 0.221907734870911
0.19707190990448 0.190181747078896 0.190109044313431 0.201560690999031 0.213368698954582 0.210953176021576 0.227929592132568 0.222403824329376 0.190861284732819 0.200725972652435 0.217172756791115 0.208729401230812 0.201139703392982 0.196913510560989 0.196513563394547 0.20537169277668 0.215098083019257 0.197051405906677 0.192294403910637 0.218785673379898 0.224872335791588 0.214197084307671 0.200699016451836 0.192010834813118 0.205067306756973 0.207252025604248 0.202848553657532 0.203046932816505 0.200889006257057 0.211176648736 0.212176650762558 0.205195471644402 0.202570483088493 0.200391069054604 0.204995766282082 0.210380077362061 0.212125107645988 0.210070326924324 0.214092344045639 0.213432297110558 0.21466663479805 0.212575435638428 0.205007180571556 0.204174444079399 0.207580864429474 0.216250568628311 0.216519922018051 0.214142337441444 0.218323960900307
0.197290733456612 0.192582860589027 0.191395655274391 0.206287115812302 0.215562015771866 0.207119345664978 0.217971563339233 0.22031044960022 0.198694109916687 0.20422488451004 0.233997941017151 0.230515524744987 0.207389697432518 0.204509153962135 0.188589572906494 0.199883103370667 0.219589188694954 0.209966450929642 0.185338363051414 0.204822599887848 0.223065093159676 0.219090774655342 0.207446023821831 0.205791473388672 0.216435864567757 0.207585528492928 0.203691452741623 0.203149199485779 0.206996262073517 0.209847465157509 0.205205827951431 0.205245479941368 0.204222276806831 0.203074052929878 0.20589753985405 0.208935976028442 0.214840710163116 0.215476766228676 0.21291595697403 0.219400182366371 0.218169122934341 0.207048997282982 0.203804478049278 0.203070610761642 0.207347616553307 0.213393583893776 0.209923148155212 0.210705131292343 0.219384893774986
0.208013445138931 0.205515116453171 0.198549196124077 0.211573585867882 0.221610307693481 0.218143567442894 0.21123580634594 0.225312665104866 0.2248365432024 0.213622853159904 0.204718425869942 0.218130379915237 0.213843271136284 0.217632964253426 0.206888109445572 0.203268229961395 0.210112944245338 0.206730365753174 0.198063641786575 0.207043632864952 0.220294937491417 0.216104671359062 0.200059697031975 0.20854577422142 0.214837118983269 0.198250323534012 0.198648557066917 0.19965173304081 0.206194341182709 0.205765441060066 0.197798430919647 0.204447031021118 0.208168059587479 0.20642426609993 0.204878389835358 0.203281179070473 0.203978106379509 0.204307198524475 0.202146336436272 0.214306071400642 0.213639095425606 0.202069476246834 0.204698070883751 0.206862270832062 0.208374083042145 0.211735591292381 0.209727600216866 0.210302233695984 0.210413083434105
0.203306436538696 0.205498814582825 0.204022884368896 0.211126074194908 0.227287217974663 0.230628699064255 0.216422408819199 0.221655905246735 0.212644815444946 0.208114445209503 0.201101243495941 0.204886928200722 0.207235351204872 0.216501340270042 0.230529814958572 0.203475385904312 0.196351915597916 0.208131194114685 0.217724472284317 0.207815915346146 0.207911282777786 0.212193042039871 0.200137585401535 0.207292273640633 0.206671819090843 0.193131700158119 0.190855965018272 0.187518447637558 0.196008875966072 0.197536170482635 0.195427879691124 0.20555679500103 0.211006507277489 0.206088706851006 0.20128121972084 0.200157597661018 0.200647756457329 0.202794507145882 0.200067728757858 0.20720861852169 0.208855003118515 0.20452293753624 0.205866038799286 0.206529036164284 0.205267935991287 0.209900334477425 0.212704241275787 0.203884407877922 0.185285165905952
0.197055697441101 0.212846517562866 0.209508061408997 0.207046270370483 0.22263166308403 0.221384793519974 0.208017185330391 0.210089653730392 0.205611363053322 0.221847862005234 0.222789317369461 0.194544583559036 0.216653138399124 0.213126376271248 0.213935554027557 0.208119839429855 0.203809350728989 0.2101109623909 0.211588278412819 0.203699052333832 0.205639660358429 0.216241583228111 0.208207413554192 0.20478467643261 0.204524308443069 0.209132492542267 0.208612084388733 0.192872241139412 0.195339545607567 0.197077557444572 0.193840697407722 0.203761786222458 0.211230352520943 0.206621393561363 0.20129668712616 0.200369387865067 0.20458972454071 0.208949461579323 0.200515523552895 0.200578406453133 0.203417792916298 0.204586297273636 0.205987885594368 0.202774539589882 0.202387750148773 0.203467071056366 0.210082799196243 0.20898263156414 0.197485700249672
0.215488240122795 0.223948955535889 0.215159714221954 0.214337885379791 0.227998748421669 0.214650943875313 0.215577483177185 0.215470686554909 0.209466934204102 0.21269403398037 0.218413785099983 0.21195974946022 0.210498467087746 0.197031199932098 0.198317855596542 0.216668888926506 0.214527726173401 0.211471542716026 0.205041825771332 0.201096370816231 0.210637927055359 0.215538650751114 0.20791195333004 0.204969972372055 0.199618443846703 0.210501611232758 0.209591180086136 0.196483910083771 0.199662044644356 0.204520627856255 0.200108379125595 0.209187552332878 0.216153785586357 0.211070597171783 0.208065330982208 0.202934473752975 0.207443043589592 0.215345725417137 0.205396264791489 0.20396876335144 0.209054693579674 0.214349567890167 0.214495584368706 0.206571087241173 0.201938033103943 0.203578040003777 0.210499987006187 0.215343207120895 0.209285363554955
0.221789121627808 0.223641633987427 0.215137556195259 0.221669122576714 0.236992940306664 0.227540597319603 0.222414374351501 0.218257948756218 0.210268065333366 0.200760364532471 0.205895557999611 0.218870177865028 0.206542685627937 0.206527546048164 0.197681114077568 0.21063007414341 0.222534790635109 0.212986871600151 0.201253712177277 0.196782752871513 0.209771126508713 0.209456145763397 0.20586022734642 0.204991146922112 0.200914517045021 0.207361906766891 0.19887974858284 0.197779163718224 0.20528581738472 0.210300207138062 0.211666449904442 0.214160770177841 0.212208896875381 0.214981347322464 0.218502730131149 0.204841896891594 0.196782231330872 0.199021726846695 0.194481030106544 0.201550722122192 0.213575348258018 0.221456676721573 0.218558013439178 0.214013263583183 0.210694998502731 0.21358996629715 0.21877558529377 0.219653025269508 0.212740033864975
0.212343573570251 0.213022604584694 0.210363358259201 0.219339832663536 0.231311544775963 0.231259509921074 0.220875635743141 0.213025897741318 0.220558181405067 0.221436768770218 0.199316456913948 0.219719290733337 0.216288805007935 0.210511833429337 0.201524272561073 0.20600551366806 0.210021212697029 0.205164313316345 0.199638351798058 0.198224157094955 0.206068739295006 0.202556371688843 0.205439373850822 0.206047743558884 0.211059615015984 0.215413689613342 0.203959956765175 0.205729112029076 0.211047127842903 0.214263662695885 0.215751349925995 0.217902436852455 0.207573279738426 0.21766072511673 0.225736945867538 0.208584502339363 0.20005989074707 0.19542333483696 0.188101589679718 0.200416207313538 0.218495160341263 0.226947844028473 0.221327632665634 0.217041611671448 0.216971203684807 0.219046950340271 0.220929935574532 0.214533850550652 0.214400693774223
0.208803296089172 0.221530586481094 0.227376043796539 0.216674387454987 0.217429548501968 0.214808747172356 0.208748877048492 0.221590876579285 0.234170451760292 0.226051703095436 0.200935825705528 0.225615456700325 0.212103113532066 0.199172154068947 0.209162309765816 0.19920426607132 0.195573374629021 0.202352181077003 0.199376404285431 0.205143123865128 0.208730265498161 0.203392297029495 0.209993153810501 0.209114596247673 0.218969285488129 0.225423350930214 0.213063597679138 0.21164833009243 0.212186142802238 0.210467204451561 0.217088133096695 0.225493490695953 0.212111353874207 0.223375275731087 0.227480039000511 0.217136800289154 0.226115986704826 0.22196489572525 0.203859850764275 0.204247653484344 0.213829472661018 0.218360364437103 0.212759032845497 0.211823493242264 0.215107336640358 0.220138758420944 0.22112563252449 0.212181568145752 0.207097351551056
0.211240813136101 0.229033961892128 0.232537508010864 0.212651163339615 0.208497449755669 0.210764154791832 0.217319145798683 0.229955703020096 0.227506473660469 0.219777226448059 0.215702101588249 0.205133467912674 0.211442574858665 0.20507501065731 0.203059032559395 0.19672729074955 0.194616973400116 0.197982594370842 0.199263080954552 0.212139308452606 0.213710695505142 0.211395561695099 0.215514525771141 0.211167633533478 0.222313597798347 0.220937862992287 0.211905792355537 0.22038796544075 0.223285004496574 0.214878588914871 0.214507773518562 0.220617815852165 0.221549600362778 0.236572653055191 0.234685733914375 0.226611852645874 0.237157046794891 0.230700194835663 0.213306397199631 0.208818227052689 0.209054574370384 0.207212343811989 0.204629674553871 0.208461210131645 0.214160323143005 0.219188064336777 0.217059448361397 0.202378585934639 0.194846868515015
0.210852742195129 0.212270766496658 0.215561494231224 0.213077202439308 0.211075201630592 0.208452954888344 0.21322001516819 0.217178791761398 0.227020248770714 0.205199137330055 0.200323656201363 0.20762175321579 0.21759806573391 0.201503217220306 0.19138890504837 0.20351342856884 0.197522416710854 0.193835824728012 0.199765756726265 0.217493712902069 0.217351868748665 0.219123616814613 0.218956246972084 0.210337683558464 0.214380472898483 0.194727554917336 0.20150887966156 0.226184844970703 0.229480117559433 0.219071686267853 0.201039150357246 0.210057437419891 0.233419641852379 0.247547462582588 0.242386370897293 0.226005330681801 0.224090978503227 0.230364397168159 0.225829109549522 0.214317455887794 0.210513204336166 0.20719675719738 0.208381801843643 0.21663536131382 0.221702873706818 0.223981857299805 0.21407325565815 0.204326182603836 0.211459338665009
0.213657230138779 0.217184588313103 0.221997156739235 0.22539821267128 0.219403803348541 0.209168612957001 0.20519857108593 0.21573768556118 0.227179273962975 0.208894014358521 0.202822744846344 0.212034285068512 0.208306863903999 0.209342196583748 0.197431713342667 0.200966566801071 0.204239323735237 0.200754836201668 0.207790523767471 0.222075417637825 0.21865850687027 0.218567788600922 0.212099924683571 0.204802006483078 0.202412575483322 0.18485526740551 0.20289121568203 0.226262927055359 0.224113956093788 0.216748952865601 0.203035891056061 0.21199794113636 0.235476836562157 0.246104255318642 0.243126556277275 0.217970326542854 0.208815723657608 0.225867420434952 0.22425551712513 0.219423770904541 0.220949649810791 0.221478208899498 0.227109760046005 0.231450513005257 0.231553167104721 0.229487076401711 0.218073263764381 0.216791182756424 0.221551075577736
0.216362133622169 0.221147924661636 0.219155013561249 0.222202405333519 0.228053793311119 0.227112844586372 0.214364811778069 0.211338236927986 0.218618214130402 0.216483294963837 0.208879545331001 0.209908977150917 0.213314056396484 0.218446418642998 0.211027026176453 0.206387117505074 0.213006556034088 0.208451256155968 0.2173982411623 0.222293391823769 0.208432391285896 0.205232113599777 0.201622605323792 0.20977321267128 0.210181400179863 0.196872681379318 0.20939265191555 0.219996213912964 0.216986209154129 0.211672157049179 0.207526907324791 0.21172633767128 0.223946407437325 0.235541477799416 0.237681373953819 0.228644356131554 0.222251027822495 0.220148891210556 0.210431352257729 0.214429825544357 0.218816503882408 0.22334198653698 0.233988910913467 0.235691711306572 0.233862653374672 0.234768986701965 0.228773564100266 0.210171341896057 0.21609203517437
0.21554334461689 0.216419473290443 0.212542325258255 0.214012414216995 0.224365845322609 0.226377576589584 0.206172242760658 0.197890073060989 0.208367198705673 0.217467784881592 0.21949015557766 0.218400552868843 0.212957754731178 0.21476286649704 0.214661717414856 0.209900513291359 0.217042937874794 0.213187500834465 0.213241294026375 0.216031417250633 0.200406581163406 0.194034770131111 0.194487735629082 0.214489564299583 0.218406096100807 0.208851233124733 0.218817085027695 0.219714224338531 0.212637186050415 0.208405584096909 0.207228362560272 0.209853425621986 0.213379830121994 0.222417265176773 0.233053132891655 0.237951278686523 0.235555559396744 0.234566658735275 0.228835970163345 0.227166354656219 0.221738442778587 0.217053055763245 0.221574261784554 0.220831871032715 0.214703366160393 0.21933613717556 0.219332084059715 0.208159804344177 0.218508347868919
0.217638060450554 0.215496480464935 0.213518023490906 0.20918844640255 0.217776596546173 0.218048647046089 0.205300003290176 0.206616684794426 0.211298897862434 0.211344644427299 0.215556621551514 0.210014194250107 0.199604734778404 0.203343510627747 0.20824633538723 0.207253560423851 0.213338732719421 0.209249123930931 0.211619719862938 0.2179314494133 0.205183982849121 0.200222104787827 0.198548525571823 0.206360891461372 0.212758913636208 0.213654905557632 0.224445626139641 0.224504947662354 0.210675939917564 0.202264353632927 0.203531324863434 0.212994113564491 0.218478158116341 0.218946173787117 0.225764945149422 0.23018591105938 0.216518014669418 0.217478588223457 0.227032512426376 0.231846377253532 0.229681074619293 0.232277035713196 0.233808264136314 0.228438749909401 0.21848426759243 0.215658411383629 0.211438819766045 0.217121362686157 0.228665307164192
0.221293494105339 0.224419012665749 0.222220003604889 0.214420303702354 0.214418947696686 0.210696876049042 0.213264167308807 0.22368997335434 0.220768004655838 0.213688015937805 0.207881644368172 0.196598544716835 0.19616787135601 0.208984404802322 0.205182775855064 0.205445915460587 0.214036554098129 0.211628571152687 0.221283167600632 0.221792235970497 0.211118265986443 0.209125116467476 0.206966504454613 0.206617027521133 0.210800513625145 0.209653913974762 0.216627448797226 0.220271930098534 0.214032426476479 0.20720086991787 0.20489090681076 0.218055874109268 0.227312684059143 0.2233597189188 0.210277423262596 0.206108793616295 0.207913905382156 0.209528103470802 0.216380879282951 0.220499843358994 0.216047376394272 0.219752863049507 0.222670763731003 0.220956906676292 0.221125215291977 0.223133534193039 0.216658860445023 -3.4e+38 -3.4e+38
0.222457528114319 0.227090328931808 0.230194360017776 0.223137572407722 0.212366208434105 0.20771811902523 0.212591856718063 0.215390563011169 0.211013853549957 0.208997994661331 0.203450560569763 0.200215041637421 0.21159140765667 0.227474540472031 0.21338814496994 0.207805603742599 0.210321694612503 0.205863654613495 0.219054833054543 0.216720134019852 0.214745685458183 0.219433456659317 0.219121739268303 0.217036485671997 0.211327776312828 0.212804183363914 0.216475307941437 0.211916238069534 0.211434990167618 0.208673730492592 0.199388846755028 0.211957633495331 0.225967586040497 0.226515084505081 0.217815697193146 0.215210244059563 0.224672421813011 0.224840804934502 0.226870313286781 0.220721185207367 0.210763335227966 0.211308225989342 0.216096058487892 0.211511254310608 0.20536595582962 0.19958184659481 -3.4e+38 -3.4e+38 -3.4e+38
0.216544032096863 0.216092362999916 0.221714690327644 0.22352796792984 0.213050693273544 0.207761287689209 0.204229459166527 0.194826692342758 0.193197444081306 0.202123463153839 0.206726655364037 0.209909796714783 0.215709656476974 0.227575495839119 0.229187592864037 0.222415745258331 0.211657613515854 0.20197269320488 0.209771513938904 0.20975786447525 0.211189076304436 0.217405319213867 0.214589715003967 0.205229863524437 0.208917394280434 0.220923766493797 0.218890905380249 0.205554366111755 0.206879451870918 0.204361736774445 0.198021963238716 0.213047906756401 0.225356265902519 0.227150946855545 0.23004749417305 0.226118043065071 0.217466056346893 0.219289466738701 0.215939149260521 0.213681384921074 0.213313326239586 0.217272236943245 0.229045182466507 0.229333579540253 0.215079993009567 -3.4e+38 -3.4e+38 -3.4e+38 -3.4e+38
0.212281882762909 0.205073237419128 0.205530285835266 0.21934774518013 0.218272268772125 0.210706487298012 0.20489975810051 0.190109595656395 0.192939102649689 0.208771526813507 0.216634273529053 0.216702744364738 0.207062944769859 0.20470729470253 0.221655264496803 0.224699333310127 0.210886463522911 0.196959763765335 0.203982025384903 0.217134848237038 0.205808341503143 0.202335581183434 0.206334844231606 0.199454754590988 0.206256046891212 0.219633996486664 0.206595480442047 0.200185343623161 0.21657757461071 0.213782548904419 0.211036831140518 0.220019146800041 0.219990447163582 0.220071405172348 0.218250975012779 0.217203676700592 0.213108524680138 0.216405063867569 0.21813015639782 0.221206307411194 0.214832872152328 -3.4e+38 -3.4e+38 -3.4e+38 -3.4e+38 -3.4e+38 -3.4e+38 -3.4e+38 -3.4e+38
0.216750249266624 0.21258245408535 0.20148004591465 0.20437653362751 0.210482314229012 0.220848679542542 0.223473355174065 0.209026873111725 0.208594173192978 0.219799175858498 0.224207907915115 0.218696355819702 0.196415111422539 0.19045302271843 0.217160075902939 0.218022331595421 0.202078849077225 0.198516830801964 0.209757596254349 0.217589378356934 0.204382225871086 0.201146960258484 0.215082779526711 0.216876536607742 0.191515892744064 0.199525237083435 0.208005845546722 0.210691660642624 0.224153444170952 0.224597677588463 0.221226349473 0.219415903091431 0.212258949875832 0.217760056257248 0.218568220734596 -3.4e+38 -3.4e+38 -3.4e+38 -3.4e+38 -3.4e+38 -3.4e+38 -3.4e+38 -3.4e+38 -3.4e+38 -3.4e+38 -3.4e+38 -3.4e+38 -3.4e+38 -3.4e+38
