data/trimmed_ndre/W_ndre.84.2012_no_clouds.asc
NCOLS 130 
NROWS 71 
XLLCORNER 530645 
YLLCORNER 5158205 
CELLSIZE 5 
NODATA_value -3.4e+38 
[rows 21 to 41 of 71, columns 0 to 48 of 130]
0.47524082660675 0.471583634614944 0.474606454372406 0.475027710199356 0.481786876916885 0.477645099163055 0.468620508909225 0.456535011529922 0.434582531452179 0.425803065299988 0.43661829829216 0.459320604801178 0.467770636081696 0.464840233325958 0.451782256364822 0.445827931165695 0.452630907297134 0.460236221551895 0.465568572282791 0.467588692903519 0.469310194253922 0.466863572597504 0.471047163009644 0.464343845844269 0.443755239248276 0.43282276391983 0.407541930675507 0.393959701061249 0.400398999452591 0.410906821489334 0.439161419868469 0.469131916761398 0.490065097808838 0.511687457561493 0.507796704769135 0.485858678817749 0.471378266811371 0.460841715335846 0.454495966434479 0.447208136320114 0.445854932069778 0.450071305036545 0.440697610378265 0.431129038333893 0.423925489187241 0.416590690612793 0.426185995340347 0.441624790430069 0.461318224668503
0.474045842885971 0.477579534053802 0.481658965349197 0.477384090423584 0.489163011312485 0.484922498464584 0.468986958265305 0.463915467262268 0.451572149991989 0.449848473072052 0.453825175762177 0.461161643266678 0.467456936836243 0.463015615940094 0.45765221118927 0.451947629451752 0.461442112922668 0.470701426267624 0.474344849586487 0.475489050149918 0.47124582529068 0.465397596359253 0.463895320892334 0.452172577381134 0.428665488958359 0.41406312584877 0.403337359428406 0.392108112573624 0.387929648160934 0.400439888238907 0.425057113170624 0.459750711917877 0.477961868047714 0.499267011880875 0.508857727050781 0.489791363477707 0.470742404460907 0.462281763553619 0.455930411815643 0.444955825805664 0.433771133422852 0.438704401254654 0.437537312507629 0.4321468770504 0.429698586463928 0.408400446176529 0.410463720560074 0.435443043708801 0.453508406877518
-3.4e+38 0.49015486240387 0.486580431461334 0.478666573762894 0.486003220081329 0.485438674688339 0.475100666284561 0.478905737400055 0.475298702716827 0.466747045516968 0.46706822514534 0.475325912237167 0.473410695791245 0.464228928089142 0.465026885271072 0.463019818067551 0.474786043167114 0.479777127504349 0.473648548126221 0.47052189707756 0.460280001163483 0.454930990934372 0.45668637752533 0.445683419704437 0.421153724193573 0.397956043481827 0.401673048734665 0.403682440519333 0.40210747718811 0.415183812379837 0.43203467130661 0.452636152505875 0.464560061693192 0.487326979637146 0.499497205018997 0.47942128777504 0.468215882778168 0.45795276761055 0.447184234857559 0.454400658607483 0.450834542512894 0.446240872144699 0.438698142766953 0.436829745769501 0.429655194282532 0.403572410345078 0.402985870838165 0.428452849388123 0.44266739487648
-3.4e+38 -3.4e+38 0.497772723436356 0.487646251916885 0.488239169120789 0.48737695813179 0.483173102140427 0.486847102642059 0.487168610095978 0.478826016187668 0.474630624055862 0.479445338249207 0.477397590875626 0.468861043453217 0.468138694763184 0.471138894557953 0.479219108819962 0.476260006427765 0.473042577505112 0.469763427972794 0.463018089532852 0.458392471075058 0.456107169389725 0.446214854717255 0.411382019519806 0.388888269662857 0.397986263036728 0.403153836727142 0.408894032239914 0.418094962835312 0.433482259511948 0.445783466100693 0.450486689805984 0.467349797487259 0.472932308912277 0.459844470024109 0.456617653369904 0.44891631603241 0.439597755670547 0.449659526348114 0.45128720998764 0.445152878761292 0.447432696819305 0.457503944635391 0.437644124031067 0.413322746753693 0.409661680459976 0.431722342967987 0.446662962436676
-3.4e+38 -3.4e+38 -3.4e+38 0.500541985034943 0.496153086423874 0.495811849832535 0.488786458969116 0.483597427606583 0.482846200466156 0.478430837392807 0.466101408004761 0.46961897611618 0.477216273546219 0.46549654006958 0.460875660181046 0.461613744497299 0.461016833782196 0.466130048036575 0.475119799375534 0.472051292657852 0.466203153133392 0.458108633756638 0.442529320716858 0.427374690771103 0.400281429290771 0.379660069942474 0.385270148515701 0.388983428478241 0.398878067731857 0.399431079626083 0.421368211507797 0.439096391201019 0.441094547510147 0.456783473491669 0.460933923721313 0.459647089242935 0.460988968610764 0.450563579797745 0.433354020118713 0.425558924674988 0.423266112804413 0.427946954965591 0.450795441865921 0.466597467660904 0.452842801809311 0.443314701318741 0.435346305370331 0.443632066249847 0.461005806922913
-3.4e+38 -3.4e+38 -3.4e+38 0.50241482257843 0.50238698720932 0.500941812992096 0.496067434549332 0.486975699663162 0.479304075241089 0.473714232444763 0.458502978086472 0.462742894887924 0.472255975008011 0.460611671209335 0.454861730337143 0.446234732866287 0.440455585718155 0.457102984189987 0.474234789609909 0.467149674892426 0.451167553663254 0.431000709533691 0.401978224515915 0.387074530124664 0.374502748250961 0.362582117319107 0.37018758058548 0.37918359041214 0.386333853006363 0.388405919075012 0.412777900695801 0.439566373825073 0.44918292760849 0.469032198190689 0.467073023319244 0.459549397230148 0.455615669488907 0.438582599163055 0.422770142555237 0.409970283508301 0.416965186595917 0.435538411140442 0.443031907081604 0.45143073797226 0.450634926557541 0.448512822389603 0.451611012220383 0.453145265579224 0.460356861352921
-3.4e+38 -3.4e+38 -3.4e+38 0.502707719802856 0.509074509143829 0.503416180610657 0.501985609531403 0.497941493988037 0.492291241884232 0.486311018466949 0.464741826057434 0.459069967269897 0.466414213180542 0.465721160173416 0.460908502340317 0.448677539825439 0.435743093490601 0.447506934404373 0.46168127655983 0.446426719427109 0.415230214595795 0.384771078824997 0.357578456401825 0.349653214216232 0.356180369853973 0.359153300523758 0.377215474843979 0.390899002552032 0.395275264978409 0.405718952417374 0.433848053216934 0.459105163812637 0.475123703479767 0.485422134399414 0.478941202163696 0.467504233121872 0.447821766138077 0.433790415525436 0.435987651348114 0.420069754123688 0.406005889177322 0.42117041349411 0.425392806529999 0.438564389944077 0.436066806316376 0.430691838264465 0.452644318342209 0.460134863853455 0.45233279466629
-3.4e+38 -3.4e+38 -3.4e+38 -3.4e+38 0.508314728736877 0.506525695323944 0.501933157444 0.499740332365036 0.493664771318436 0.485416263341904 0.469518423080444 0.456352174282074 0.460319191217422 0.467243373394012 0.466247349977493 0.468251168727875 0.459569990634918 0.4451043009758 0.43305903673172 0.412050694227219 0.380972594022751 0.35346058011055 0.343879401683807 0.3540318608284 0.367597550153732 0.37717193365097 0.393490791320801 0.402877569198608 0.413813680410385 0.435469597578049 0.456858783960342 0.474820226430893 0.498030066490173 0.505705237388611 0.503713488578796 0.494727611541748 0.464922666549683 0.454474568367004 0.456847041845322 0.446462392807007 0.43379083275795 0.432103306055069 0.431373327970505 0.446789801120758 0.434513032436371 0.424613684415817 0.446966677904129 0.453390598297119 0.459528863430023
-3.4e+38 -3.4e+38 -3.4e+38 -3.4e+38 -3.4e+38 0.495608478784561 0.491565406322479 0.494054585695267 0.490796536207199 0.483795791864395 0.471553236246109 0.455020934343338 0.452917069196701 0.4536954164505 0.453366607427597 0.452140480279922 0.445996820926666 0.426766872406006 0.402113646268845 0.387630611658096 0.35746893286705 0.344571024179459 0.363734096288681 0.377118349075317 0.380579620599747 0.379552245140076 0.397943586111069 0.410624742507935 0.424402803182602 0.446192115545273 0.455826163291931 0.473542779684067 0.504787504673004 0.519083619117737 0.524156153202057 0.519436001777649 0.491177171468735 0.478082835674286 0.480559766292572 0.479324162006378 0.467698663473129 0.461158007383347 0.4527587890625 0.443958848714828 0.435939371585846 0.434200495481491 0.440537810325623 0.45147904753685 0.471737861633301
-3.4e+38 -3.4e+38 -3.4e+38 -3.4e+38 -3.4e+38 -3.4e+38 -3.4e+38 -3.4e+38 0.479097425937653 0.478944271802902 0.467668741941452 0.452553123235703 0.448219656944275 0.439603388309479 0.42873015999794 0.402343779802322 0.384291768074036 0.37905752658844 0.369748890399933 0.368754327297211 0.356680363416672 0.357716262340546 0.376277446746826 0.380869656801224 0.385076999664307 0.389786392450333 0.40631103515625 0.418608516454697 0.427549540996552 0.449041545391083 0.460698455572128 0.480349332094193 0.505441427230835 0.51879471540451 0.527437627315521 0.519347250461578 0.503694176673889 0.500004589557648 0.501920223236084 0.494072467088699 0.475774049758911 0.478811264038086 0.469268232584 0.454233855009079 0.456003397703171 0.448889970779419 0.448631107807159 0.455474138259888 0.46767446398735
-3.4e+38 -3.4e+38 -3.4e+38 -3.4e+38 -3.4e+38 -3.4e+38 -3.4e+38 -3.4e+38 -3.4e+38 -3.4e+38 0.458899438381195 0.441169679164886 0.42523929476738 0.412283480167389 0.400519281625748 0.383006453514099 0.367653429508209 0.361395239830017 0.353996217250824 0.361460417509079 0.36688631772995 0.372591495513916 0.383769989013672 0.389660716056824 0.399944514036179 0.406190991401672 0.409606218338013 0.415718406438828 0.42640483379364 0.445511937141418 0.465737968683243 0.492010742425919 0.500559687614441 0.509624719619751 0.525793671607971 0.5199373960495 0.512884020805359 0.518415808677673 0.516519129276276 0.504659473896027 0.500244498252869 0.510996460914612 0.495953917503357 0.48279869556427 0.482581079006195 0.469454169273376 0.473345845937729 0.476553231477737 0.474545508623123
-3.4e+38 -3.4e+38 -3.4e+38 -3.4e+38 -3.4e+38 -3.4e+38 -3.4e+38 -3.4e+38 -3.4e+38 -3.4e+38 -3.4e+38 0.422583431005478 0.400411754846573 0.387654423713684 0.386177033185959 0.38189160823822 0.377362936735153 0.375341147184372 0.369211912155151 0.37081590294838 0.374956756830215 0.386949568986893 0.39689177274704 0.401410222053528 0.404344767332077 0.401958703994751 0.405410081148148 0.415071249008179 0.435571253299713 0.452825039625168 0.472721815109253 0.4952332675457 0.503084003925323 0.508859932422638 0.519630432128906 0.516310811042786 0.513219773769379 0.515936374664307 0.509921491146088 0.508569002151489 0.512099027633667 0.519021153450012 0.510920286178589 0.500214219093323 0.498245477676392 0.485839754343033 0.488330334424973 0.495592683553696 0.499877095222473
-3.4e+38 -3.4e+38 -3.4e+38 -3.4e+38 -3.4e+38 -3.4e+38 -3.4e+38 -3.4e+38 -3.4e+38 -3.4e+38 -3.4e+38 -3.4e+38 -3.4e+38 -3.4e+38 -3.4e+38 -3.4e+38 -3.4e+38 -3.4e+38 -3.4e+38 -3.4e+38 -3.4e+38 -3.4e+38 -3.4e+38 -3.4e+38 -3.4e+38 -3.4e+38 -3.4e+38 -3.4e+38 -3.4e+38 -3.4e+38 -3.4e+38 0.493075728416443 0.515711545944214 0.519981503486633 0.510163009166718 0.503593504428864 0.502270996570587 0.506965279579163 0.496943235397339 0.492139369249344 0.483900666236877 0.483552664518356 0.486600130796432 0.47816601395607 0.484931200742722 0.487198740243912 0.48361137509346 0.480079710483551 0.484439790248871
-3.4e+38 -3.4e+38 -3.4e+38 -3.4e+38 -3.4e+38 -3.4e+38 -3.4e+38 -3.4e+38 -3.4e+38 -3.4e+38 -3.4e+38 -3.4e+38 -3.4e+38 -3.4e+38 -3.4e+38 -3.4e+38 -3.4e+38 -3.4e+38 -3.4e+38 -3.4e+38 -3.4e+38 -3.4e+38 -3.4e+38 -3.4e+38 -3.4e+38 -3.4e+38 -3.4e+38 -3.4e+38 -3.4e+38 -3.4e+38 -3.4e+38 -3.4e+38 -3.4e+38 0.524966716766357 0.514651238918304 0.505267262458801 0.491390764713287 0.490833282470703 0.490661144256592 0.480729848146439 0.47499018907547 0.478002548217773 0.473830044269562 0.455006688833237 0.456670314073563 0.462966829538345 0.461874932050705 0.460865318775177 0.457161396741867
-3.4e+38 -3.4e+38 -3.4e+38 -3.4e+38 -3.4e+38 -3.4e+38 -3.4e+38 -3.4e+38 -3.4e+38 -3.4e+38 -3.4e+38 -3.4e+38 -3.4e+38 -3.4e+38 -3.4e+38 -3.4e+38 -3.4e+38 -3.4e+38 -3.4e+38 -3.4e+38 -3.4e+38 -3.4e+38 -3.4e+38 -3.4e+38 -3.4e+38 -3.4e+38 -3.4e+38 -3.4e+38 -3.4e+38 -3.4e+38 -3.4e+38 -3.4e+38 -3.4e+38 -3.4e+38 0.518111646175385 0.508369207382202 0.475985080003738 0.469231784343719 0.478103697299957 0.479747980833054 0.475680857896805 0.475454717874527 0.472457230091095 0.451401323080063 0.436464577913284 0.425114184617996 0.434850811958313 0.450348854064941 0.450949519872665
-3.4e+38 -3.4e+38 -3.4e+38 -3.4e+38 -3.4e+38 -3.4e+38 -3.4e+38 -3.4e+38 -3.4e+38 -3.4e+38 -3.4e+38 -3.4e+38 -3.4e+38 -3.4e+38 -3.4e+38 -3.4e+38 -3.4e+38 -3.4e+38 -3.4e+38 -3.4e+38 -3.4e+38 -3.4e+38 -3.4e+38 -3.4e+38 -3.4e+38 -3.4e+38 -3.4e+38 -3.4e+38 -3.4e+38 -3.4e+38 -3.4e+38 -3.4e+38 -3.4e+38 -3.4e+38 0.509086549282074 0.496786177158356 0.477742344141006 0.463623911142349 0.464765340089798 0.470393449068069 0.463505178689957 0.463271379470825 0.45958399772644 0.433619737625122 0.422360628843307 0.412984400987625 0.416231632232666 0.442521750926971 0.452109903097153
-3.4e+38 -3.4e+38 -3.4e+38 -3.4e+38 -3.4e+38 -3.4e+38 -3.4e+38 -3.4e+38 -3.4e+38 -3.4e+38 -3.4e+38 -3.4e+38 -3.4e+38 -3.4e+38 -3.4e+38 -3.4e+38 -3.4e+38 -3.4e+38 -3.4e+38 -3.4e+38 -3.4e+38 -3.4e+38 -3.4e+38 -3.4e+38 -3.4e+38 -3.4e+38 -3.4e+38 -3.4e+38 -3.4e+38 -3.4e+38 -3.4e+38 -3.4e+38 -3.4e+38 -3.4e+38 0.505934119224548 0.497435927391052 0.494079351425171 0.468467980623245 0.450145572423935 0.451644718647003 0.44927653670311 0.450755804777145 0.448402315378189 0.42806202173233 0.414327919483185 0.396492004394531 0.38532292842865 0.407258272171021 0.433706879615784
-3.4e+38 -3.4e+38 -3.4e+38 -3.4e+38 -3.4e+38 -3.4e+38 -3.4e+38 -3.4e+38 -3.4e+38 -3.4e+38 -3.4e+38 -3.4e+38 -3.4e+38 -3.4e+38 -3.4e+38 -3.4e+38 -3.4e+38 -3.4e+38 -3.4e+38 -3.4e+38 -3.4e+38 -3.4e+38 -3.4e+38 -3.4e+38 -3.4e+38 -3.4e+38 -3.4e+38 -3.4e+38 -3.4e+38 -3.4e+38 -3.4e+38 -3.4e+38 -3.4e+38 -3.4e+38 -3.4e+38 0.502478718757629 0.493463158607483 0.471339106559753 0.445537954568863 0.437322080135345 0.43900254368782 0.442843675613403 0.438073694705963 0.422127902507782 0.397145003080368 0.373222261667252 0.377018809318542 0.402402281761169 0.419905424118042
-3.4e+38 -3.4e+38 -3.4e+38 -3.4e+38 -3.4e+38 -3.4e+38 -3.4e+38 -3.4e+38 -3.4e+38 -3.4e+38 -3.4e+38 -3.4e+38 -3.4e+38 -3.4e+38 -3.4e+38 -3.4e+38 -3.4e+38 -3.4e+38 -3.4e+38 -3.4e+38 -3.4e+38 -3.4e+38 -3.4e+38 -3.4e+38 -3.4e+38 -3.4e+38 -3.4e+38 -3.4e+38 -3.4e+38 -3.4e+38 -3.4e+38 -3.4e+38 -3.4e+38 -3.4e+38 -3.4e+38 -3.4e+38 0.486522883176804 0.467513918876648 0.450301975011826 0.437185198068619 0.437172651290894 0.437102377414703 0.425099968910217 0.408678829669952 0.388873934745789 0.372305124998093 0.375516593456268 0.400065422058105 0.407230794429779
-3.4e+38 -3.4e+38 -3.4e+38 -3.4e+38 -3.4e+38 -3.4e+38 -3.4e+38 -3.4e+38 -3.4e+38 -3.4e+38 -3.4e+38 -3.4e+38 -3.4e+38 -3.4e+38 -3.4e+38 -3.4e+38 -3.4e+38 -3.4e+38 -3.4e+38 -3.4e+38 -3.4e+38 -3.4e+38 -3.4e+38 -3.4e+38 -3.4e+38 -3.4e+38 -3.4e+38 -3.4e+38 -3.4e+38 -3.4e+38 -3.4e+38 -3.4e+38 -3.4e+38 -3.4e+38 -3.4e+38 -3.4e+38 -3.4e+38 0.466230779886246 0.457662492990494 0.446276426315308 0.436267018318176 0.424591302871704 0.412133187055588 0.395526885986328 0.388273626565933 0.370830476284027 0.364522516727448 0.384963184595108 0.386361330747604
-3.4e+38 -3.4e+38 -3.4e+38 -3.4e+38 -3.4e+38 -3.4e+38 -3.4e+38 -3.4e+38 -3.4e+38 -3.4e+38 -3.4e+38 -3.4e+38 -3.4e+38 -3.4e+38 -3.4e+38 -3.4e+38 -3.4e+38 -3.4e+38 -3.4e+38 -3.4e+38 -3.4e+38 -3.4e+38 -3.4e+38 -3.4e+38 -3.4e+38 -3.4e+38 -3.4e+38 -3.4e+38 -3.4e+38 -3.4e+38 -3.4e+38 -3.4e+38 -3.4e+38 -3.4e+38 -3.4e+38 -3.4e+38 -3.4e+38 -3.4e+38 0.466378152370453 0.456424802541733 0.436456620693207 0.419313728809357 0.403644353151321 0.379755198955536 0.364398032426834 0.359146893024445 0.366118133068085 0.377360731363297 0.366959035396576
