data/trimmed_ndre/W_ndre.621.2011_no_clouds.asc
NCOLS 130 
NROWS 71 
XLLCORNER 530645 
YLLCORNER 5158205 
CELLSIZE 5 
NODATA_value -3.4e+38 
[rows 21 to 41 of 71, columns 0 to 48 of 130]
0.514434993267059 0.531255722045898 0.540587425231934 0.544537127017975 0.556710064411163 0.534794867038727 0.47720468044281 0.406789273023605 0.371767580509186 0.327732861042023 0.322612404823303 0.360287845134735 0.393410444259644 0.44456884264946 0.48185122013092 0.459191232919693 0.410987734794617 0.396593123674393 0.429017156362534 0.431889861822128 0.43706139922142 0.439483493566513 0.439162760972977 0.429575979709625 0.403751313686371 0.384392410516739 0.379509299993515 0.391672819852829 0.385423421859741 0.387651026248932 0.420417040586472 0.483175158500671 0.495570540428162 0.447436422109604 0.431313455104828 0.411303758621216 0.346246957778931 0.321493357419968 0.33526936173439 0.325380176305771 0.309546440839767 0.318223178386688 0.344023466110229 0.366291731595993 0.376788884401321 0.376002937555313 0.368381291627884 0.369571328163147 0.368517816066742
0.572625398635864 0.569023907184601 0.546678125858307 0.553489208221436 0.58848112821579 0.543580591678619 0.472340285778046 0.42816099524498 0.402385622262955 0.36692801117897 0.348210275173187 0.388479441404343 0.436154246330261 0.462134480476379 0.503328740596771 0.493140876293182 0.44163191318512 0.40494579076767 0.431237906217575 0.442572891712189 0.440824300050735 0.464385598897934 0.466944098472595 0.471913367509842 0.444708347320557 0.415743350982666 0.398850679397583 0.38798251748085 0.374193489551544 0.360637813806534 0.384884238243103 0.447695344686508 0.502771615982056 0.488427549600601 0.452224373817444 0.424280256032944 0.360867351293564 0.336622029542923 0.355056375265121 0.378484100103378 0.364558815956116 0.323895215988159 0.311661273241043 0.328313589096069 0.332285076379776 0.350864440202713 0.359395444393158 0.354012876749039 0.364318698644638
-3.4e+38 0.57663893699646 0.549300312995911 0.560513913631439 0.590658724308014 0.55428147315979 0.508297622203827 0.473266243934631 0.432478666305542 0.393432557582855 0.399972796440125 0.459321081638336 0.500078618526459 0.469120979309082 0.484028875827789 0.505334079265594 0.474980682134628 0.442458391189575 0.462324053049088 0.482035368680954 0.446412265300751 0.448673814535141 0.433328092098236 0.41270786523819 0.422915995121002 0.429684579372406 0.411618858575821 0.382609993219376 0.379335999488831 0.36593833565712 0.369167357683182 0.412050485610962 0.480816602706909 0.493203938007355 0.479638397693634 0.469730854034424 0.416828393936157 0.376737952232361 0.393806934356689 0.443957686424255 0.442936152219772 0.419004261493683 0.359270840883255 0.326781243085861 0.31293386220932 0.32319164276123 0.359682559967041 0.366978764533997 0.390443444252014
-3.4e+38 -3.4e+38 0.540771663188934 0.54660838842392 0.566084384918213 0.569964110851288 0.535119831562042 0.498278856277466 0.480785876512527 0.468349695205688 0.474688410758972 0.509545624256134 0.540348172187805 0.524640798568726 0.543666541576385 0.551166117191315 0.528381049633026 0.506267189979553 0.509665966033936 0.511307537555695 0.480354189872742 0.454844564199448 0.444487303495407 0.421557992696762 0.414270102977753 0.437095075845718 0.413719147443771 0.401868551969528 0.412529081106186 0.385541975498199 0.361845076084137 0.369312047958374 0.415229827165604 0.451240211725235 0.467620939016342 0.487549543380737 0.447600662708282 0.377349406480789 0.371245861053467 0.404653549194336 0.422404587268829 0.44787859916687 0.445628851652145 0.402084767818451 0.357001692056656 0.324007391929626 0.337362378835678 0.371717244386673 0.405998170375824
-3.4e+38 -3.4e+38 -3.4e+38 0.536658227443695 0.549069046974182 0.563243210315704 0.534598708152771 0.498410612344742 0.504427969455719 0.522439479827881 0.509076237678528 0.503409683704376 0.516816914081573 0.530181229114532 0.541722357273102 0.509444653987885 0.508896470069885 0.530339777469635 0.514525592327118 0.497202455997467 0.47492441534996 0.461748778820038 0.472051620483398 0.439492583274841 0.421189665794373 0.450057238340378 0.405908316373825 0.387276232242584 0.399776577949524 0.379701852798462 0.35371595621109 0.355168163776398 0.369124919176102 0.388318568468094 0.448408722877502 0.492407590150833 0.445604801177979 0.357126891613007 0.333278983831406 0.368766903877258 0.425638318061829 0.464668542146683 0.470990836620331 0.471085518598557 0.433007925748825 0.375037223100662 0.357186704874039 0.361074149608612 0.380741834640503
-3.4e+38 -3.4e+38 -3.4e+38 0.554010510444641 0.548367977142334 0.555991470813751 0.544450461864471 0.515609085559845 0.512190103530884 0.522430837154388 0.50696337223053 0.484405696392059 0.484826296567917 0.506680071353912 0.504413187503815 0.477508276700974 0.477387487888336 0.508202731609344 0.488429874181747 0.474383354187012 0.475520253181458 0.459376335144043 0.420724302530289 0.395075172185898 0.393390268087387 0.408719927072525 0.383471995592117 0.37484684586525 0.388557344675064 0.376721620559692 0.346966028213501 0.353596746921539 0.363647311925888 0.365364670753479 0.414084792137146 0.448255598545074 0.420043617486954 0.349405378103256 0.311849027872086 0.354238241910934 0.420474141836166 0.446776211261749 0.441899210214615 0.453778207302094 0.453666359186172 0.43441054224968 0.432129919528961 0.377174764871597 0.351663649082184
-3.4e+38 -3.4e+38 -3.4e+38 0.548977017402649 0.544930338859558 0.547277927398682 0.548888742923737 0.542265772819519 0.531298279762268 0.521016776561737 0.49555116891861 0.469595164060593 0.461476922035217 0.487097233533859 0.508772969245911 0.508395552635193 0.46623232960701 0.487657994031906 0.510962188243866 0.495712250471115 0.481600910425186 0.438953340053558 0.375989615917206 0.373538941144943 0.37190917134285 0.383186012506485 0.395223885774612 0.39514422416687 0.412905931472778 0.403976649045944 0.388317674398422 0.391440361738205 0.409829795360565 0.403313934803009 0.383972376585007 0.378288358449936 0.389156490564346 0.368477076292038 0.34119838476181 0.38198658823967 0.413764387369156 0.446635335683823 0.468216598033905 0.471997857093811 0.46178013086319 0.478831678628922 0.491126865148544 0.432353973388672 0.363119870424271
-3.4e+38 -3.4e+38 -3.4e+38 -3.4e+38 0.548266053199768 0.527045845985413 0.525339066982269 0.539807319641113 0.536501705646515 0.51018899679184 0.476870685815811 0.464121669530869 0.465833604335785 0.480069309473038 0.501226365566254 0.498534709215164 0.489123821258545 0.48735049366951 0.50270140171051 0.49706706404686 0.456827819347382 0.431127816438675 0.402965933084488 0.394305109977722 0.408794701099396 0.418327003717422 0.431568533182144 0.457317322492599 0.494974374771118 0.496825098991394 0.481788814067841 0.472030729055405 0.47603178024292 0.476558715105057 0.455797076225281 0.414772987365723 0.403643637895584 0.389487385749817 0.368373364210129 0.384472966194153 0.383772343397141 0.388161480426788 0.44192236661911 0.469953119754791 0.450125128030777 0.45074450969696 0.459818840026855 0.449319034814835 0.428488045930862
-3.4e+38 -3.4e+38 -3.4e+38 -3.4e+38 -3.4e+38 0.52794474363327 0.521904110908508 0.546034395694733 0.54860121011734 0.50572544336319 0.470915138721466 0.47545462846756 0.491233736276627 0.466588914394379 0.465414047241211 0.471741169691086 0.470442682504654 0.449359059333801 0.440178990364075 0.461503267288208 0.455505728721619 0.423522710800171 0.424365997314453 0.440459698438644 0.461729109287262 0.457261949777603 0.449078679084778 0.479039579629898 0.52385288476944 0.533587753772736 0.526185929775238 0.540300190448761 0.56893914937973 0.561126887798309 0.559486448764801 0.510722875595093 0.442661643028259 0.400662779808044 0.369049042463303 0.378456175327301 0.388226121664047 0.403585165739059 0.459033846855164 0.486496210098267 0.458376556634903 0.466391533613205 0.468525469303131 0.473265796899796 0.483585268259048
-3.4e+38 -3.4e+38 -3.4e+38 -3.4e+38 -3.4e+38 -3.4e+38 -3.4e+38 -3.4e+38 0.541868805885315 0.509550631046295 0.479271560907364 0.484997093677521 0.518694281578064 0.498584508895874 0.459787100553513 0.447821289300919 0.436269491910934 0.431635528802872 0.433471381664276 0.435945212841034 0.431214898824692 0.411597073078156 0.432593256235123 0.448044449090958 0.433982819318771 0.433060526847839 0.451537728309631 0.485554754734039 0.510049819946289 0.517403304576874 0.527107238769531 0.557184815406799 0.596577346324921 0.595491349697113 0.607909440994263 0.561850607395172 0.482942312955856 0.447714418172836 0.434745788574219 0.45079693198204 0.485185325145721 0.510028421878815 0.49519270658493 0.488394737243652 0.491613388061523 0.517966985702515 0.506279587745667 0.488887041807175 0.492119938135147
-3.4e+38 -3.4e+38 -3.4e+38 -3.4e+38 -3.4e+38 -3.4e+38 -3.4e+38 -3.4e+38 -3.4e+38 -3.4e+38 0.49193549156189 0.4787517786026 0.498932540416718 0.510600984096527 0.486408710479736 0.487072974443436 0.498393893241882 0.486833781003952 0.472236692905426 0.4541395008564 0.42734083533287 0.427757620811462 0.450072407722473 0.475947976112366 0.468705862760544 0.458578318357468 0.483449190855026 0.502923488616943 0.519424021244049 0.537624955177307 0.549999296665192 0.553036630153656 0.556742012500763 0.571936905384064 0.589706420898438 0.551074028015137 0.499115020036697 0.49798795580864 0.517996609210968 0.52697366476059 0.561818957328796 0.590380251407623 0.566740691661835 0.540732860565186 0.548818647861481 0.561561346054077 0.534642577171326 0.521195471286774 0.519224107265472
-3.4e+38 -3.4e+38 -3.4e+38 -3.4e+38 -3.4e+38 -3.4e+38 -3.4e+38 -3.4e+38 -3.4e+38 -3.4e+38 -3.4e+38 0.463951587677002 0.464160412549973 0.48482808470726 0.488823026418686 0.464008629322052 0.484720021486282 0.507644176483154 0.490825861692429 0.473776996135712 0.446954518556595 0.448134750127792 0.485483050346375 0.493644744157791 0.507337212562561 0.51496696472168 0.523261547088623 0.514810621738434 0.517116665840149 0.545962393283844 0.567649662494659 0.557615518569946 0.545434713363647 0.561533391475677 0.590693056583405 0.573335945606232 0.531835913658142 0.534070372581482 0.558027982711792 0.55402535200119 0.591569840908051 0.61869090795517 0.601210653781891 0.586495697498322 0.57977569103241 0.560362219810486 0.540137767791748 0.536954402923584 0.54184901714325
-3.4e+38 -3.4e+38 -3.4e+38 -3.4e+38 -3.4e+38 -3.4e+38 -3.4e+38 -3.4e+38 -3.4e+38 -3.4e+38 -3.4e+38 -3.4e+38 -3.4e+38 -3.4e+38 -3.4e+38 -3.4e+38 -3.4e+38 -3.4e+38 -3.4e+38 -3.4e+38 -3.4e+38 -3.4e+38 -3.4e+38 -3.4e+38 -3.4e+38 -3.4e+38 -3.4e+38 -3.4e+38 -3.4e+38 -3.4e+38 -3.4e+38 0.57391494512558 0.594739675521851 0.601523280143738 0.601877689361572 0.591855823993683 0.548052906990051 0.550612330436707 0.582215249538422 0.584879755973816 0.59449690580368 0.610214948654175 0.607559621334076 0.594932675361633 0.584018409252167 0.564580142498016 0.553451657295227 0.557243525981903 0.555521428585052
-3.4e+38 -3.4e+38 -3.4e+38 -3.4e+38 -3.4e+38 -3.4e+38 -3.4e+38 -3.4e+38 -3.4e+38 -3.4e+38 -3.4e+38 -3.4e+38 -3.4e+38 -3.4e+38 -3.4e+38 -3.4e+38 -3.4e+38 -3.4e+38 -3.4e+38 -3.4e+38 -3.4e+38 -3.4e+38 -3.4e+38 -3.4e+38 -3.4e+38 -3.4e+38 -3.4e+38 -3.4e+38 -3.4e+38 -3.4e+38 -3.4e+38 -3.4e+38 -3.4e+38 0.584131717681885 0.572074711322784 0.550030946731567 0.512323617935181 0.530684053897858 0.559933066368103 0.560379922389984 0.561000466346741 0.595182836055756 0.597931683063507 0.576582610607147 0.578554034233093 0.571488201618195 0.560080468654633 0.560210347175598 0.552097976207733
-3.4e+38 -3.4e+38 -3.4e+38 -3.4e+38 -3.4e+38 -3.4e+38 -3.4e+38 -3.4e+38 -3.4e+38 -3.4e+38 -3.4e+38 -3.4e+38 -3.4e+38 -3.4e+38 -3.4e+38 -3.4e+38 -3.4e+38 -3.4e+38 -3.4e+38 -3.4e+38 -3.4e+38 -3.4e+38 -3.4e+38 -3.4e+38 -3.4e+38 -3.4e+38 -3.4e+38 -3.4e+38 -3.4e+38 -3.4e+38 -3.4e+38 -3.4e+38 -3.4e+38 -3.4e+38 0.51943027973175 0.494485676288605 0.45989716053009 0.469811141490936 0.477783232927322 0.492325335741043 0.519085049629211 0.555966198444366 0.561780333518982 0.531024694442749 0.528482675552368 0.533082962036133 0.530555427074432 0.540710151195526 0.537625551223755
-3.4e+38 -3.4e+38 -3.4e+38 -3.4e+38 -3.4e+38 -3.4e+38 -3.4e+38 -3.4e+38 -3.4e+38 -3.4e+38 -3.4e+38 -3.4e+38 -3.4e+38 -3.4e+38 -3.4e+38 -3.4e+38 -3.4e+38 -3.4e+38 -3.4e+38 -3.4e+38 -3.4e+38 -3.4e+38 -3.4e+38 -3.4e+38 -3.4e+38 -3.4e+38 -3.4e+38 -3.4e+38 -3.4e+38 -3.4e+38 -3.4e+38 -3.4e+38 -3.4e+38 -3.4e+38 0.502176225185394 0.482203841209412 0.449115455150604 0.42642617225647 0.414787709712982 0.451450645923615 0.489621847867966 0.502008318901062 0.493669658899307 0.468233585357666 0.462549030780792 0.474036574363708 0.492790102958679 0.510184407234192 0.526822805404663
-3.4e+38 -3.4e+38 -3.4e+38 -3.4e+38 -3.4e+38 -3.4e+38 -3.4e+38 -3.4e+38 -3.4e+38 -3.4e+38 -3.4e+38 -3.4e+38 -3.4e+38 -3.4e+38 -3.4e+38 -3.4e+38 -3.4e+38 -3.4e+38 -3.4e+38 -3.4e+38 -3.4e+38 -3.4e+38 -3.4e+38 -3.4e+38 -3.4e+38 -3.4e+38 -3.4e+38 -3.4e+38 -3.4e+38 -3.4e+38 -3.4e+38 -3.4e+38 -3.4e+38 -3.4e+38 0.505336821079254 0.495755314826965 0.464744538068771 0.416133105754852 0.395330995321274 0.431874245405197 0.475940853357315 0.47033765912056 0.452801406383514 0.465037137269974 0.455592095851898 0.443452179431915 0.459095358848572 0.492055028676987 0.526584386825562
-3.4e+38 -3.4e+38 -3.4e+38 -3.4e+38 -3.4e+38 -3.4e+38 -3.4e+38 -3.4e+38 -3.4e+38 -3.4e+38 -3.4e+38 -3.4e+38 -3.4e+38 -3.4e+38 -3.4e+38 -3.4e+38 -3.4e+38 -3.4e+38 -3.4e+38 -3.4e+38 -3.4e+38 -3.4e+38 -3.4e+38 -3.4e+38 -3.4e+38 -3.4e+38 -3.4e+38 -3.4e+38 -3.4e+38 -3.4e+38 -3.4e+38 -3.4e+38 -3.4e+38 -3.4e+38 -3.4e+38 0.511490046977997 0.46680536866188 0.426117181777954 0.411865234375 0.422595977783203 0.436579197645187 0.455503970384598 0.470745056867599 0.489703118801117 0.47090220451355 0.442835986614227 0.448582410812378 0.480561137199402 0.505422651767731
-3.4e+38 -3.4e+38 -3.4e+38 -3.4e+38 -3.4e+38 -3.4e+38 -3.4e+38 -3.4e+38 -3.4e+38 -3.4e+38 -3.4e+38 -3.4e+38 -3.4e+38 -3.4e+38 -3.4e+38 -3.4e+38 -3.4e+38 -3.4e+38 -3.4e+38 -3.4e+38 -3.4e+38 -3.4e+38 -3.4e+38 -3.4e+38 -3.4e+38 -3.4e+38 -3.4e+38 -3.4e+38 -3.4e+38 -3.4e+38 -3.4e+38 -3.4e+38 -3.4e+38 -3.4e+38 -3.4e+38 -3.4e+38 0.499004662036896 0.469735831022263 0.440555661916733 0.411544620990753 0.40742215514183 0.448877304792404 0.467709332704544 0.450824320316315 0.451816856861115 0.450511157512665 0.446914434432983 0.45480477809906 0.480802476406097
-3.4e+38 -3.4e+38 -3.4e+38 -3.4e+38 -3.4e+38 -3.4e+38 -3.4e+38 -3.4e+38 -3.4e+38 -3.4e+38 -3.4e+38 -3.4e+38 -3.4e+38 -3.4e+38 -3.4e+38 -3.4e+38 -3.4e+38 -3.4e+38 -3.4e+38 -3.4e+38 -3.4e+38 -3.4e+38 -3.4e+38 -3.4e+38 -3.4e+38 -3.4e+38 -3.4e+38 -3.4e+38 -3.4e+38 -3.4e+38 -3.4e+38 -3.4e+38 -3.4e+38 -3.4e+38 -3.4e+38 -3.4e+38 -3.4e+38 0.517510116100311 0.465747237205505 0.437271296977997 0.441368132829666 0.443742364645004 0.448155760765076 0.438733130693436 0.440445423126221 0.444389790296555 0.433087021112442 0.447585880756378 0.476526826620102
-3.4e+38 -3.4e+38 -3.4e+38 -3.4e+38 -3.4e+38 -3.4e+38 -3.4e+38 -3.4e+38 -3.4e+38 -3.4e+38 -3.4e+38 -3.4e+38 -3.4e+38 -3.4e+38 -3.4e+38 -3.4e+38 -3.4e+38 -3.4e+38 -3.4e+38 -3.4e+38 -3.4e+38 -3.4e+38 -3.4e+38 -3.4e+38 -3.4e+38 -3.4e+38 -3.4e+38 -3.4e+38 -3.4e+38 -3.4e+38 -3.4e+38 -3.4e+38 -3.4e+38 -3.4e+38 -3.4e+38 -3.4e+38 -3.4e+38 -3.4e+38 0.488253235816956 0.469314962625504 0.462054699659348 0.433330535888672 0.461983054876328 0.468195080757141 0.449154883623123 0.451621979475021 0.454243838787079 0.478498637676239 0.485243588685989
