data/trimmed_ndre/W_ndre.623.2012_no_clouds.asc
NCOLS 130 
NROWS 71 
XLLCORNER 530645 
YLLCORNER 5158205 
CELLSIZE 5 
NODATA_value -3.4e+38 
[rows 21 to 41 of 71, columns 0 to 48 of 130]
0.211767926812172 0.207055687904358 0.203306719660759 0.198796853423119 0.205196037888527 0.214631333947182 0.230231165885925 0.223630890250206 0.203373596072197 0.213623642921448 0.21962097287178 0.208685830235481 0.213468715548515 0.214578956365585 0.211550384759903 0.224231719970703 0.227592065930367 0.219682186841965 0.213818699121475 0.222124874591827 0.220463663339615 0.224904626607895 0.236078932881355 0.22783562541008 0.219272941350937 0.234187006950378 0.245629832148552 0.250579208135605 0.249102115631104 0.254171937704086 0.238164857029915 0.224926143884659 0.216287687420845 0.213963687419891 0.23297181725502 0.228251934051514 0.233126878738403 0.253837823867798 0.24234476685524 0.2484190762043 0.266969829797745 0.277220726013184 0.258140295743942 0.232030287384987 0.21769517660141 0.208923012018204 0.218721494078636 0.220955446362495 0.214635506272316
0.219511821866035 0.214452505111694 0.215739920735359 0.213745430111885 0.218304365873337 0.2211784273386 0.222445890307426 0.218158781528473 0.209223508834839 0.219511479139328 0.224502891302109 0.209702625870705 0.203334674239159 0.199860274791718 0.203188255429268 0.229789987206459 0.240536078810692 0.231100022792816 0.213183552026749 0.2231704890728 0.223453119397163 0.213393285870552 0.222248584032059 0.224154412746429 0.216856494545937 0.224642515182495 0.238580256700516 0.249082505702972 0.250977009534836 0.245082437992096 0.237553417682648 0.229954645037651 0.235218614339828 0.238350614905357 0.235908046364784 0.226180866360664 0.224415183067322 0.239071264863014 0.235730469226837 0.245417535305023 0.256447613239288 0.257815062999725 0.243712157011032 0.236586794257164 0.230018079280853 0.21587760746479 0.217258170247078 0.232777133584023 0.229250624775887
-3.4e+38 0.218276903033257 0.217419385910034 0.220828294754028 0.226444125175476 0.227848842740059 0.220144256949425 0.216369047760963 0.227447316050529 0.227234944701195 0.226127803325653 0.223558962345123 0.217634439468384 0.205176323652267 0.206475302577019 0.222674146294594 0.225880607962608 0.216276302933693 0.208618894219398 0.227663725614548 0.223908662796021 0.215968936681747 0.228235974907875 0.229590207338333 0.219443306326866 0.226019367575645 0.239194482564926 0.249109014868736 0.24312898516655 0.234880581498146 0.240226358175278 0.236196622252464 0.240306794643402 0.246850326657295 0.239714995026588 0.233736515045166 0.231068775057793 0.2363211363554 0.236587792634964 0.243860602378845 0.23086179792881 0.223206132650375 0.232354924082756 0.244839444756508 0.240895554423332 0.230065032839775 0.225110426545143 0.230364426970482 0.232898309826851
-3.4e+38 -3.4e+38 0.214376270771027 0.219699561595917 0.228111445903778 0.234385028481483 0.229671657085419 0.226033970713615 0.237013965845108 0.229531943798065 0.22331428527832 0.229684814810753 0.232711315155029 0.216313585639 0.21349361538887 0.219616204500198 0.215681955218315 0.21510836482048 0.213755741715431 0.216795206069946 0.210878744721413 0.213155269622803 0.223177865147591 0.220138564705849 0.213689252734184 0.223601013422012 0.242796286940575 0.253082752227783 0.241022422909737 0.241823315620422 0.244743466377258 0.226790994405746 0.223457187414169 0.227216958999634 0.228654474020004 0.231206968426704 0.239039734005928 0.233615145087242 0.222203344106674 0.225124046206474 0.213532373309135 0.209955185651779 0.23105800151825 0.252344936132431 0.247986853122711 0.232635200023651 0.230215027928352 0.22670179605484 0.221808835864067
-3.4e+38 -3.4e+38 -3.4e+38 0.218930035829544 0.223389074206352 0.228692084550858 0.229568406939507 0.224759608507156 0.224260464310646 0.220932513475418 0.217417389154434 0.224069863557816 0.232258036732674 0.220334380865097 0.218940481543541 0.220069974660873 0.218995422124863 0.222764015197754 0.223095044493675 0.231726035475731 0.221514314413071 0.20890773832798 0.208939805626869 0.19887201488018 0.196129113435745 0.211101800203323 0.225285187363625 0.234466046094894 0.2292240858078 0.242489695549011 0.242236196994781 0.221618413925171 0.215708091855049 0.218521073460579 0.217266753315926 0.220901623368263 0.230415463447571 0.218200966715813 0.19930636882782 0.203309416770935 0.22026826441288 0.22864818572998 0.222137600183487 0.233815208077431 0.236387580633163 0.227248534560204 0.233458876609802 0.234951063990593 0.227621465921402
-3.4e+38 -3.4e+38 -3.4e+38 0.22394385933876 0.224028453230858 0.225564643740654 0.225464642047882 0.217506229877472 0.215429738163948 0.213689506053925 0.213617950677872 0.219806835055351 0.222390562295914 0.218639522790909 0.222284078598022 0.218015775084496 0.213658437132835 0.213219493627548 0.212565764784813 0.224315091967583 0.218514859676361 0.204302623867989 0.20131416618824 0.192948237061501 0.19791978597641 0.206262826919556 0.209697663784027 0.21683232486248 0.218802437186241 0.230837419629097 0.233491197228432 0.222982183098793 0.223985284566879 0.216143324971199 0.205535024404526 0.2086521089077 0.220321118831635 0.21271251142025 0.200172126293182 0.213410526514053 0.232632964849472 0.224697023630142 0.215760633349419 0.219346985220909 0.224043890833855 0.225544258952141 0.233778297901154 0.247613877058029 0.248110011219978
-3.4e+38 -3.4e+38 -3.4e+38 0.231165021657944 0.232688307762146 0.226903676986694 0.221522197127342 0.216742783784866 0.221339404582977 0.22014881670475 0.214297130703926 0.213681504130363 0.209276035428047 0.213069200515747 0.221377164125443 0.212670415639877 0.198111891746521 0.198716163635254 0.208262920379639 0.215719133615494 0.211299955844879 0.203417927026749 0.202678516507149 0.203614443540573 0.21618390083313 0.216224566102028 0.211013779044151 0.219667047262192 0.217487066984177 0.21613797545433 0.229312837123871 0.225184872746468 0.23003351688385 0.226573586463928 0.211499884724617 0.217457637190819 0.217779144644737 0.21076400578022 0.205367550253868 0.21088695526123 0.216381892561913 0.206557229161263 0.220517665147781 0.216924831271172 0.20984360575676 0.223353803157806 0.239245712757111 0.241903007030487 0.243009984493256
-3.4e+38 -3.4e+38 -3.4e+38 -3.4e+38 0.236062794923782 0.240410342812538 0.234323918819427 0.222695991396904 0.226124972105026 0.225133895874023 0.221696317195892 0.22051465511322 0.2119981944561 0.215018674731255 0.220791220664978 0.211553007364273 0.194841593503952 0.192914366722107 0.210394516587257 0.210815459489822 0.204310461878777 0.212340354919434 0.21213698387146 0.211796030402184 0.229052051901817 0.224466875195503 0.21925400197506 0.234268665313721 0.226483389735222 0.216980159282684 0.231433793902397 0.218238070607185 0.233898490667343 0.250287353992462 0.229391187429428 0.233902871608734 0.217553019523621 0.200997307896614 0.199147507548332 0.209520250558853 0.225480705499649 0.204681172966957 0.213033974170685 0.219612523913383 0.213004425168037 0.223101645708084 0.232101336121559 0.222017675638199 0.235555186867714
-3.4e+38 -3.4e+38 -3.4e+38 -3.4e+38 -3.4e+38 0.232562676072121 0.22994901239872 0.212167605757713 0.213921025395393 0.217095777392387 0.221362724900246 0.225047051906586 0.218569546937943 0.218151316046715 0.214985355734825 0.211131900548935 0.205693855881691 0.209646835923195 0.216589286923409 0.202715575695038 0.201945543289185 0.219131290912628 0.216740354895592 0.211374059319496 0.228316158056259 0.225813984870911 0.226083055138588 0.237113624811172 0.235396236181259 0.232510045170784 0.227488920092583 0.213106572628021 0.225390762090683 0.23045988380909 0.222913146018982 0.231813505291939 0.217001855373383 0.205809697508812 0.214385375380516 0.217598363757133 0.224291875958443 0.214075863361359 0.217747926712036 0.2248265594244 0.222653165459633 0.226240813732147 0.232353419065475 0.232289776206017 0.235191136598587
-3.4e+38 -3.4e+38 -3.4e+38 -3.4e+38 -3.4e+38 -3.4e+38 -3.4e+38 -3.4e+38 0.20497590303421 0.20966637134552 0.21689960360527 0.21770966053009 0.212338954210281 0.214211717247963 0.209811896085739 0.21293680369854 0.21492463350296 0.21610352396965 0.217867717146873 0.207598462700844 0.213887840509415 0.226095005869865 0.21358548104763 0.21622708439827 0.229159131646156 0.224304378032684 0.229418605566025 0.229914709925652 0.230362102389336 0.242047235369682 0.228829950094223 0.212558165192604 0.210430979728699 0.205926120281219 0.224621281027794 0.233973726630211 0.223006874322891 0.224952787160873 0.230960741639137 0.221887037158012 0.224420562386513 0.240715324878693 0.236656308174133 0.225110754370689 0.2200987637043 0.220861494541168 0.224947437644005 0.22879633307457 0.221468567848206
-3.4e+38 -3.4e+38 -3.4e+38 -3.4e+38 -3.4e+38 -3.4e+38 -3.4e+38 -3.4e+38 -3.4e+38 -3.4e+38 0.208897858858109 0.2091014534235 0.209353685379028 0.213190272450447 0.209675550460815 0.213557153940201 0.209498107433319 0.207173153758049 0.215244710445404 0.218972638249397 0.216834843158722 0.213144034147263 0.221251890063286 0.23049496114254 0.229842349886894 0.215958788990974 0.216927230358124 0.219433292746544 0.221703603863716 0.231692656874657 0.225998222827911 0.220360308885574 0.212873443961143 0.21506255865097 0.239180266857147 0.245191752910614 0.239714562892914 0.244172394275665 0.225832507014275 0.227506548166275 0.24019955098629 0.248363181948662 0.242396131157875 0.219793692231178 0.215082302689552 0.217533603310585 0.212435185909271 0.2265904545784 0.234371617436409
-3.4e+38 -3.4e+38 -3.4e+38 -3.4e+38 -3.4e+38 -3.4e+38 -3.4e+38 -3.4e+38 -3.4e+38 -3.4e+38 -3.4e+38 0.198288336396217 0.204929634928703 0.205956354737282 0.204005241394043 0.210256204009056 0.206189751625061 0.199842229485512 0.202046737074852 0.210868537425995 0.218769371509552 0.214133724570274 0.231019467115402 0.229473412036896 0.215033426880836 0.211084723472595 0.220370769500732 0.222166270017624 0.217255294322968 0.218891948461533 0.228604927659035 0.224496215581894 0.218026906251907 0.232186496257782 0.24036380648613 0.234939321875572 0.236078500747681 0.237551271915436 0.227929636836052 0.233799144625664 0.236724033951759 0.22822493314743 0.232178121805191 0.222924172878265 0.218442246317863 0.222492396831512 0.223277077078819 0.226005166769028 0.226303622126579
-3.4e+38 -3.4e+38 -3.4e+38 -3.4e+38 -3.4e+38 -3.4e+38 -3.4e+38 -3.4e+38 -3.4e+38 -3.4e+38 -3.4e+38 -3.4e+38 -3.4e+38 -3.4e+38 -3.4e+38 -3.4e+38 -3.4e+38 -3.4e+38 -3.4e+38 -3.4e+38 -3.4e+38 -3.4e+38 -3.4e+38 -3.4e+38 -3.4e+38 -3.4e+38 -3.4e+38 -3.4e+38 -3.4e+38 -3.4e+38 -3.4e+38 0.220968574285507 0.221039175987244 0.23882095515728 0.229062467813492 0.216654554009438 0.210463136434555 0.214250072836876 0.225888326764107 0.225915417075157 0.230332866311073 0.221726223826408 0.214774250984192 0.213752523064613 0.218528985977173 0.227628946304321 0.240295439958572 0.224113509058952 0.207470744848251
-3.4e+38 -3.4e+38 -3.4e+38 -3.4e+38 -3.4e+38 -3.4e+38 -3.4e+38 -3.4e+38 -3.4e+38 -3.4e+38 -3.4e+38 -3.4e+38 -3.4e+38 -3.4e+38 -3.4e+38 -3.4e+38 -3.4e+38 -3.4e+38 -3.4e+38 -3.4e+38 -3.4e+38 -3.4e+38 -3.4e+38 -3.4e+38 -3.4e+38 -3.4e+38 -3.4e+38 -3.4e+38 -3.4e+38 -3.4e+38 -3.4e+38 -3.4e+38 -3.4e+38 0.230667605996132 0.218533083796501 0.213624686002731 0.207350850105286 0.208322152495384 0.215604215860367 0.213652357459068 0.226382195949554 0.220647662878036 0.205051511526108 0.205618619918823 0.220989242196083 0.220110863447189 0.221081927418709 0.215380892157555 0.201710149645805
-3.4e+38 -3.4e+38 -3.4e+38 -3.4e+38 -3.4e+38 -3.4e+38 -3.4e+38 -3.4e+38 -3.4e+38 -3.4e+38 -3.4e+38 -3.4e+38 -3.4e+38 -3.4e+38 -3.4e+38 -3.4e+38 -3.4e+38 -3.4e+38 -3.4e+38 -3.4e+38 -3.4e+38 -3.4e+38 -3.4e+38 -3.4e+38 -3.4e+38 -3.4e+38 -3.4e+38 -3.4e+38 -3.4e+38 -3.4e+38 -3.4e+38 -3.4e+38 -3.4e+38 -3.4e+38 0.223857656121254 0.226992666721344 0.229477316141129 0.223867237567902 0.220155045390129 0.218385562300682 0.227066859602928 0.218062207102776 0.207233354449272 0.210278287529945 0.218239769339561 0.21979708969593 0.218682557344437 0.216949567198753 0.211791545152664
-3.4e+38 -3.4e+38 -3.4e+38 -3.4e+38 -3.4e+38 -3.4e+38 -3.4e+38 -3.4e+38 -3.4e+38 -3.4e+38 -3.4e+38 -3.4e+38 -3.4e+38 -3.4e+38 -3.4e+38 -3.4e+38 -3.4e+38 -3.4e+38 -3.4e+38 -3.4e+38 -3.4e+38 -3.4e+38 -3.4e+38 -3.4e+38 -3.4e+38 -3.4e+38 -3.4e+38 -3.4e+38 -3.4e+38 -3.4e+38 -3.4e+38 -3.4e+38 -3.4e+38 -3.4e+38 0.22624583542347 0.228000625967979 0.235064148902893 0.223091945052147 0.215365514159203 0.218823045492172 0.220941185951233 0.21513307094574 0.208687007427216 0.212314918637276 0.21894645690918 0.22553439438343 0.224052786827087 0.223036244511604 0.227603703737259
-3.4e+38 -3.4e+38 -3.4e+38 -3.4e+38 -3.4e+38 -3.4e+38 -3.4e+38 -3.4e+38 -3.4e+38 -3.4e+38 -3.4e+38 -3.4e+38 -3.4e+38 -3.4e+38 -3.4e+38 -3.4e+38 -3.4e+38 -3.4e+38 -3.4e+38 -3.4e+38 -3.4e+38 -3.4e+38 -3.4e+38 -3.4e+38 -3.4e+38 -3.4e+38 -3.4e+38 -3.4e+38 -3.4e+38 -3.4e+38 -3.4e+38 -3.4e+38 -3.4e+38 -3.4e+38 0.225512683391571 0.218283787369728 0.224934101104736 0.219336614012718 0.217897444963455 0.216144159436226 0.215968996286392 0.217470109462738 0.216644451022148 0.217623397707939 0.226546853780746 0.23730580508709 0.233962252736092 0.231817334890366 0.235606327652931
-3.4e+38 -3.4e+38 -3.4e+38 -3.4e+38 -3.4e+38 -3.4e+38 -3.4e+38 -3.4e+38 -3.4e+38 -3.4e+38 -3.4e+38 -3.4e+38 -3.4e+38 -3.4e+38 -3.4e+38 -3.4e+38 -3.4e+38 -3.4e+38 -3.4e+38 -3.4e+38 -3.4e+38 -3.4e+38 -3.4e+38 -3.4e+38 -3.4e+38 -3.4e+38 -3.4e+38 -3.4e+38 -3.4e+38 -3.4e+38 -3.4e+38 -3.4e+38 -3.4e+38 -3.4e+38 -3.4e+38 0.22985352575779 0.229228943586349 0.227603793144226 0.225330948829651 0.213005214929581 0.213740929961205 0.221284955739975 0.225183352828026 0.222233489155769 0.230648547410965 0.236218526959419 0.231000274419785 0.232277110219002 0.234868943691254
-3.4e+38 -3.4e+38 -3.4e+38 -3.4e+38 -3.4e+38 -3.4e+38 -3.4e+38 -3.4e+38 -3.4e+38 -3.4e+38 -3.4e+38 -3.4e+38 -3.4e+38 -3.4e+38 -3.4e+38 -3.4e+38 -3.4e+38 -3.4e+38 -3.4e+38 -3.4e+38 -3.4e+38 -3.4e+38 -3.4e+38 -3.4e+38 -3.4e+38 -3.4e+38 -3.4e+38 -3.4e+38 -3.4e+38 -3.4e+38 -3.4e+38 -3.4e+38 -3.4e+38 -3.4e+38 -3.4e+38 -3.4e+38 0.226367086172104 0.22097572684288 0.216873660683632 0.213153347373009 0.211797937750816 0.218453645706177 0.217833742499352 0.21301344037056 0.223292589187622 0.22544901072979 0.218329355120659 0.224397197365761 0.22822405397892
-3.4e+38 -3.4e+38 -3.4e+38 -3.4e+38 -3.4e+38 -3.4e+38 -3.4e+38 -3.4e+38 -3.4e+38 -3.4e+38 -3.4e+38 -3.4e+38 -3.4e+38 -3.4e+38 -3.4e+38 -3.4e+38 -3.4e+38 -3.4e+38 -3.4e+38 -3.4e+38 -3.4e+38 -3.4e+38 -3.4e+38 -3.4e+38 -3.4e+38 -3.4e+38 -3.4e+38 -3.4e+38 -3.4e+38 -3.4e+38 -3.4e+38 -3.4e+38 -3.4e+38 -3.4e+38 -3.4e+38 -3.4e+38 -3.4e+38 0.208641245961189 0.211492002010345 0.223897084593773 0.204826503992081 0.203347072005272 0.209211528301239 0.209143355488777 0.217728853225708 0.211826801300049 0.204878553748131 0.212708711624146 0.219669714570045
-3.4e+38 -3.4e+38 -3.4e+38 -3.4e+38 -3.4e+38 -3.4e+38 -3.4e+38 -3.4e+38 -3.4e+38 -3.4e+38 -3.4e+38 -3.4e+38 -3.4e+38 -3.4e+38 -3.4e+38 -3.4e+38 -3.4e+38 -3.4e+38 -3.4e+38 -3.4e+38 -3.4e+38 -3.4e+38 -3.4e+38 -3.4e+38 -3.4e+38 -3.4e+38 -3.4e+38 -3.4e+38 -3.4e+38 -3.4e+38 -3.4e+38 -3.4e+38 -3.4e+38 -3.4e+38 -3.4e+38 -3.4e+38 -3.4e+38 -3.4e+38 0.216783255338669 0.222699344158173 0.196865037083626 0.20041698217392 0.20781235396862 0.209743469953537 0.217310205101967 0.211709663271904 0.215152963995934 0.214010193943977 0.208852648735046
