data/trimmed_ndre/W_ndre.530.2014_no_clouds.asc
NCOLS 130 
NROWS 71 
XLLCORNER 530645 
YLLCORNER 5158205 
CELLSIZE 5 
NODATA_value -3.4e+38 
[rows 0 to 20 of 71, columns 0 to 48 of 130]
-339999999999999996123846586046231871488.000000000000000 -3.4e+38 -3.4e+38 -3.4e+38 -3.4e+38 -3.4e+38 -3.4e+38 -3.4e+38 -3.4e+38 -3.4e+38 -3.4e+38 0.186549320816994 0.185903549194336 0.179308086633682 0.17278328537941 0.194322749972343 0.199191778898239 -3.4e+38 -3.4e+38 -3.4e+38 -3.4e+38 -3.4e+38 -3.4e+38 -3.4e+38 -3.4e+38 -3.4e+38 -3.4e+38 -3.4e+38 -3.4e+38 -3.4e+38 -3.4e+38 -3.4e+38 -3.4e+38 -3.4e+38 -3.4e+38 -3.4e+38 -3.4e+38 -3.4e+38 -3.4e+38 -3.4e+38 -3.4e+38 -3.4e+38 -3.4e+38 -3.4e+38 -3.4e+38 -3.4e+38 -3.4e+38 -3.4e+38 -3.4e+38
-3.4e+38 -3.4e+38 -3.4e+38 -3.4e+38 -3.4e+38 -3.4e+38 -3.4e+38 -3.4e+38 -3.4e+38 -3.4e+38 0.181111052632332 0.177209377288818 0.174067154526711 0.165403142571449 0.168634280562401 0.188266634941101 0.192608803510666 0.194839924573898 -3.4e+38 -3.4e+38 -3.4e+38 -3.4e+38 -3.4e+38 -3.4e+38 -3.4e+38 -3.4e+38 -3.4e+38 -3.4e+38 -3.4e+38 -3.4e+38 -3.4e+38 -3.4e+38 -3.4e+38 -3.4e+38 -3.4e+38 -3.4e+38 -3.4e+38 -3.4e+38 -3.4e+38 -3.4e+38 -3.4e+38 -3.4e+38 -3.4e+38 -3.4e+38 -3.4e+38 -3.4e+38 -3.4e+38 -3.4e+38 -3.4e+38
-3.4e+38 -3.4e+38 -3.4e+38 -3.4e+38 -3.4e+38 -3.4e+38 -3.4e+38 -3.4e+38 0.388688296079636 0.244459941983223 0.181318357586861 0.177444696426392 0.175993353128433 0.167289406061172 0.172047853469849 0.182847887277603 0.186822131276131 0.189968466758728 0.190758019685745 -3.4e+38 -3.4e+38 -3.4e+38 -3.4e+38 -3.4e+38 -3.4e+38 -3.4e+38 -3.4e+38 -3.4e+38 -3.4e+38 -3.4e+38 -3.4e+38 -3.4e+38 -3.4e+38 -3.4e+38 -3.4e+38 -3.4e+38 -3.4e+38 -3.4e+38 -3.4e+38 -3.4e+38 -3.4e+38 -3.4e+38 -3.4e+38 -3.4e+38 -3.4e+38 -3.4e+38 -3.4e+38 -3.4e+38 -3.4e+38
-3.4e+38 -3.4e+38 -3.4e+38 -3.4e+38 -3.4e+38 -3.4e+38 -3.4e+38 -3.4e+38 -3.4e+38 0.261707216501236 0.199675410985947 0.189860060811043 0.188306763768196 0.175449356436729 0.177552551031113 0.181273445487022 0.180453419685364 0.175317376852036 0.183035746216774 0.190312922000885 0.196587786078453 -3.4e+38 -3.4e+38 -3.4e+38 -3.4e+38 -3.4e+38 -3.4e+38 -3.4e+38 -3.4e+38 -3.4e+38 -3.4e+38 -3.4e+38 0.192513212561607 0.195749655365944 -3.4e+38 -3.4e+38 -3.4e+38 -3.4e+38 -3.4e+38 -3.4e+38 -3.4e+38 -3.4e+38 -3.4e+38 -3.4e+38 -3.4e+38 -3.4e+38 -3.4e+38 -3.4e+38 -3.4e+38
-3.4e+38 -3.4e+38 -3.4e+38 -3.4e+38 -3.4e+38 -3.4e+38 -3.4e+38 -3.4e+38 -3.4e+38 0.34153625369072 0.206461474299431 0.18273614346981 0.184707880020142 0.180737227201462 0.182100355625153 0.183222576975822 0.172526583075523 0.162324845790863 0.181763127446175 0.182884454727173 0.180512115359306 0.177177086472511 0.19243697822094 0.193412870168686 0.188027024269104 0.187045276165009 0.185465469956398 0.181016474962234 -3.4e+38 -3.4e+38 -3.4e+38 0.191241294145584 0.174648195505142 0.161368787288666 0.193282932043076 0.217827305197716 0.217323929071426 -3.4e+38 -3.4e+38 -3.4e+38 -3.4e+38 -3.4e+38 -3.4e+38 -3.4e+38 -3.4e+38 -3.4e+38 -3.4e+38 -3.4e+38 -3.4e+38
-3.4e+38 -3.4e+38 -3.4e+38 -3.4e+38 -3.4e+38 -3.4e+38 -3.4e+38 -3.4e+38 -3.4e+38 0.340614318847656 0.204453766345978 0.182063341140747 0.177472323179245 0.179574012756348 0.178456470370293 0.175429031252861 0.164616763591766 0.164516314864159 0.182805627584457 0.167360633611679 0.161037847399712 0.164696887135506 0.181586563587189 0.185053899884224 0.178366765379906 0.174434781074524 0.179189026355743 0.185180723667145 0.182407155632973 0.176810413599014 0.172113999724388 0.17256398499012 0.169344767928123 0.164365947246552 0.200100973248482 0.216299846768379 0.214720770716667 0.206351220607758 0.205145850777626 0.196820452809334 -3.4e+38 -3.4e+38 -3.4e+38 -3.4e+38 -3.4e+38 -3.4e+38 -3.4e+38 -3.4e+38 -3.4e+38
-3.4e+38 -3.4e+38 -3.4e+38 -3.4e+38 -3.4e+38 -3.4e+38 -3.4e+38 -3.4e+38 -3.4e+38 0.322087585926056 0.228467702865601 0.187725946307182 0.174028664827347 0.171208828687668 0.167277425527573 0.161604061722755 0.16982589662075 0.178055077791214 0.182724967598915 0.166878238320351 0.173957213759422 0.174024313688278 0.174893125891685 0.175885736942291 0.164900436997414 0.160810396075249 0.171589717268944 0.191296398639679 0.185789212584496 0.171106249094009 0.158960476517677 0.155748963356018 0.161116972565651 0.172687694430351 0.199791491031647 0.205437287688255 0.20380911231041 0.201965346932411 0.206653997302055 0.194327786564827 0.189317494630814 0.199277147650719 -3.4e+38 -3.4e+38 -3.4e+38 -3.4e+38 -3.4e+38 -3.4e+38 -3.4e+38
-3.4e+38 -3.4e+38 -3.4e+38 -3.4e+38 -3.4e+38 -3.4e+38 -3.4e+38 -3.4e+38 -3.4e+38 0.3399378657341 0.255102694034576 0.177926823496819 0.175698295235634 0.171068355441093 0.157331690192223 0.155997440218925 0.186219677329063 0.18731689453125 0.186324164271355 0.18064746260643 0.183777168393135 0.185521334409714 0.175196573138237 0.166014969348907 0.168481394648552 0.17024789750576 0.179967656731606 0.197143197059631 0.189264178276062 0.175046324729919 0.162627175450325 0.161669328808784 0.168572902679443 0.176493123173714 0.187384814023972 0.192430377006531 0.195517376065254 0.200368717312813 0.205898076295853 0.191643491387367 0.193280726671219 0.20096218585968 0.189592525362968 -3.4e+38 -3.4e+38 -3.4e+38 -3.4e+38 -3.4e+38 -3.4e+38
-3.4e+38 -3.4e+38 -3.4e+38 -3.4e+38 -3.4e+38 -3.4e+38 -3.4e+38 -3.4e+38 0.301489621400833 0.390365600585938 0.301921784877777 0.203841403126717 0.168644294142723 0.172857329249382 0.157241255044937 0.161139667034149 0.182142615318298 0.180644333362579 0.185667276382446 0.185068428516388 0.178949445486069 0.195626765489578 0.195028632879257 0.185130447149277 0.179976597428322 0.176829174160957 0.187836453318596 0.192607715725899 0.178754955530167 0.177465349435806 0.179682403802872 0.182548508048058 0.182451814413071 0.169977650046349 0.168911814689636 0.179899573326111 0.189468175172806 0.200921624898911 0.205546855926514 0.192654997110367 0.184661120176315 0.184354856610298 0.18149271607399 0.174233317375183 0.169777020812035 0.173571333289146 0.186628088355064 -3.4e+38 -3.4e+38
-3.4e+38 -3.4e+38 -3.4e+38 -3.4e+38 -3.4e+38 -3.4e+38 -3.4e+38 0.204367816448212 0.287963211536407 0.372227907180786 0.357317000627518 0.255455791950226 0.18914783000946 0.182449653744698 0.171065226197243 0.169244930148125 0.179347723722458 0.184098049998283 0.181666746735573 0.18321493268013 0.184675738215446 0.188126847147942 0.186043456196785 0.19484069943428 0.190436959266663 0.171174883842468 0.178627759218216 0.180915713310242 0.173074334859848 0.181224837899208 0.190262824296951 0.197555556893349 0.192827731370926 0.160336330533028 0.158110573887825 0.173120841383934 0.186951264739037 0.204046741127968 0.211126446723938 0.202361673116684 0.181446671485901 0.18053238093853 0.179842978715897 0.17346678674221 0.169906780123711 0.174410849809647 0.182929217815399 0.185627967119217 -3.4e+38
-3.4e+38 -3.4e+38 -3.4e+38 -3.4e+38 -3.4e+38 -3.4e+38 0.187390431761742 0.206744313240051 0.237181156873703 0.33184751868248 0.386109471321106 0.325193285942078 0.260363161563873 0.211107417941093 0.183268681168556 0.168547049164772 0.184971898794174 0.193586379289627 0.180656164884567 0.174692645668983 0.174405246973038 0.179346457123756 0.184760943055153 0.205261752009392 0.209412023425102 0.186685472726822 0.16035421192646 0.17005367577076 0.177805885672569 0.181471571326256 0.173738703131676 0.166785314679146 0.165481135249138 0.162833586335182 0.164872467517853 0.175435334444046 0.189798846840858 0.209265172481537 0.218365997076035 0.210997894406319 0.189081713557243 0.186364769935608 0.182825669646263 0.176305204629898 0.171682357788086 0.174802035093307 0.179924145340919 0.182322815060616 0.180933058261871
-3.4e+38 -3.4e+38 -3.4e+38 -3.4e+38 -3.4e+38 0.177605554461479 0.18226158618927 0.192339584231377 0.191538289189339 0.273169279098511 0.353215038776398 0.373363167047501 0.344486922025681 0.297948032617569 0.243104577064514 0.195827215909958 0.19962240755558 0.186020001769066 0.164012536406517 0.163945645093918 0.167327374219894 0.184561774134636 0.204725936055183 0.205379322171211 0.197069838643074 0.188471987843513 0.173987627029419 0.181366130709648 0.186841458082199 0.182121455669403 0.164164781570435 0.162927210330963 0.166477203369141 0.176420196890831 0.180127069354057 0.188544139266014 0.203816145658493 0.220706984400749 0.21920982003212 0.214700385928154 0.201137587428093 0.188926503062248 0.181233525276184 0.176416352391243 0.174337074160576 0.178006932139397 0.183128327131271 0.186425194144249 0.185878187417984
-3.4e+38 -3.4e+38 -3.4e+38 -3.4e+38 -3.4e+38 0.174627244472504 0.174940466880798 0.1851507127285 0.191296443343163 0.194491535425186 0.269472032785416 0.334187090396881 0.354661554098129 0.348076015710831 0.31118381023407 0.263855040073395 0.242332011461258 0.218518272042274 0.188395410776138 0.17207595705986 0.175660222768784 0.194782063364983 0.208061188459396 0.201468095183372 0.188932836055756 0.201037004590034 0.20838338136673 0.193652182817459 0.178086474537849 0.17536549270153 0.172356575727463 0.170613542199135 0.171532943844795 0.180721163749695 0.193069666624069 0.202966704964638 0.214571058750153 0.222100645303726 0.213742673397064 0.213028728961945 0.199310377240181 0.178445860743523 0.171641886234283 0.171647623181343 0.174592971801758 0.181225389242172 0.188954949378967 0.192052766680717 0.189288169145584
-3.4e+38 -3.4e+38 -3.4e+38 -3.4e+38 0.177338942885399 0.176815137267113 0.172863334417343 0.18935027718544 0.191621735692024 0.175293684005737 0.215373247861862 0.260115325450897 0.300029426813126 0.325563371181488 0.321787118911743 0.291175246238708 0.255445212125778 0.239244073629379 0.210570797324181 0.194564834237099 0.204801321029663 0.215241566300392 0.215903908014297 0.203289672732353 0.188130363821983 0.207824856042862 0.20852892100811 0.185670405626297 0.163570746779442 0.168632298707962 0.174520164728165 0.168334037065506 0.158554688096046 0.165987342596054 0.182423800230026 0.196656972169876 0.21039867401123 0.216994017362595 0.212905764579773 0.205608919262886 0.194673746824265 0.180290728807449 0.17093613743782 0.169699877500534 0.170060396194458 0.172770008444786 0.181769043207169 0.187569752335548 0.184519499540329
-3.4e+38 -3.4e+38 -3.4e+38 -3.4e+38 0.179209515452385 0.18096911907196 0.18127453327179 0.190600961446762 0.19554528594017 0.188814654946327 0.18764466047287 0.182388484477997 0.19683401286602 0.229938358068466 0.260193645954132 0.251378268003464 0.231844529509544 0.224157065153122 0.2042256295681 0.195207387208939 0.202587947249413 0.213229596614838 0.216513574123383 0.203219756484032 0.186751544475555 0.189577922224998 0.198134183883667 0.187801882624626 0.166913166642189 0.16639144718647 0.165421485900879 0.167251005768776 0.171445399522781 0.171570867300034 0.176098838448524 0.184690698981285 0.198731407523155 0.216140851378441 0.219430506229401 0.208306908607483 0.200143650174141 0.189401611685753 0.180742993950844 0.178182765841484 0.183415114879608 0.183959677815437 0.18343012034893 0.184146419167519 0.179869994521141
-3.4e+38 -3.4e+38 -3.4e+38 -3.4e+38 0.177636414766312 0.171698480844498 0.184301599860191 0.208788052201271 0.211682051420212 0.204207792878151 0.193675369024277 0.187458828091621 0.182891443371773 0.18052051961422 0.187554076313972 0.186704695224762 0.179593548178673 0.177862271666527 0.185944333672523 0.178626507520676 0.182948917150497 0.194722235202789 0.202094107866287 0.189300134778023 0.180160254240036 0.183741301298141 0.200771406292915 0.199489429593086 0.187983438372612 0.182854577898979 0.177852064371109 0.177407994866371 0.180866867303848 0.179077655076981 0.178018599748611 0.181408911943436 0.189791724085808 0.202945113182068 0.205376595258713 0.200589150190353 0.198265850543976 0.193134695291519 0.187956988811493 0.187623634934425 0.197233602404594 0.195691183209419 0.191114962100983 0.18880507349968 0.191205203533173
-3.4e+38 -3.4e+38 -3.4e+38 0.179285034537315 0.18335485458374 0.18483017385006 0.19320310652256 0.211061924695969 0.209654346108437 0.195839196443558 0.188747555017471 0.190405815839767 0.18144454061985 0.164131328463554 0.151806145906448 0.160917907953262 0.173578262329102 0.176526263356209 0.175639927387238 0.16194075345993 0.164166554808617 0.170687973499298 0.171686187386513 0.16053669154644 0.173361465334892 0.185815006494522 0.197446763515472 0.204944238066673 0.194985613226891 0.182670876383781 0.182421520352364 0.181584686040878 0.183743417263031 0.184371843934059 0.179715484380722 0.176374718546867 0.179361075162888 0.187485501170158 0.185879915952682 0.178772255778313 0.172448873519897 0.174852252006531 0.179561048746109 0.187272757291794 0.19860428571701 0.199251934885979 0.198628917336464 0.197168990969658 0.196876123547554
-3.4e+38 -3.4e+38 0.180735096335411 0.185393363237381 0.191392034292221 0.196587473154068 0.185239985585213 0.17829954624176 0.180187284946442 0.194525241851807 0.188541978597641 0.18611341714859 0.18283012509346 0.178271263837814 0.177661597728729 0.181172713637352 0.188801735639572 0.179539427161217 0.169673666357994 0.161663547158241 0.164796739816666 0.170032128691673 0.167010113596916 0.15616649389267 0.177337244153023 0.179734081029892 0.171506285667419 0.176555722951889 0.181175425648689 0.18092967569828 0.182707622647285 0.182162404060364 0.187231495976448 0.190635487437248 0.186894983053207 0.181478589773178 0.181653544306755 0.183099940419197 0.178221672773361 0.174180507659912 0.173981606960297 0.177680760622025 0.180349856615067 0.18305592238903 0.187238112092018 0.190574184060097 0.201572299003601 0.209597244858742 0.207823038101196
-3.4e+38 0.174386695027351 0.184310540556908 0.188101306557655 0.192400470376015 0.193375185132027 0.179902523756027 0.178051382303238 0.18118904531002 0.189694821834564 0.177499696612358 0.18108007311821 0.187478765845299 0.186993762850761 0.190267726778984 0.194334506988525 0.19479638338089 0.175056412816048 0.168799057602882 0.165700510144234 0.163638710975647 0.1790751516819 0.17884449660778 0.170512735843658 0.178048193454742 0.179092884063721 0.173810303211212 0.171981826424599 0.176575884222984 0.178963884711266 0.182362794876099 0.188579246401787 0.192550152540207 0.194216072559357 0.192651018500328 0.18996587395668 0.195926696062088 0.19551220536232 0.188122570514679 0.180968075990677 0.183093756437302 0.187866926193237 0.189189478754997 0.185245826840401 0.181717872619629 0.183830454945564 0.197896480560303 0.213154450058937 0.218209862709045
-3.4e+38 0.180828362703323 0.182204052805901 0.181532502174377 0.183033674955368 0.186990931630135 0.188420683145523 0.187746584415436 0.186049863696098 0.181243360042572 0.171583294868469 0.185737043619156 0.184184849262238 0.17961673438549 0.190214514732361 0.194633916020393 0.187046661973 0.166397243738174 0.169209733605385 0.175376325845718 0.17763751745224 0.188544049859047 0.191786199808121 0.177638605237007 0.167321875691414 0.192342579364777 0.190730288624763 0.17732660472393 0.170671194791794 0.175473496317863 0.172819316387177 0.177430406212807 0.191280618309975 0.196491807699203 0.194257974624634 0.190516456961632 0.195922836661339 0.191789597272873 0.18634520471096 0.182781994342804 0.186343356966972 0.18959279358387 0.190930992364883 0.189616739749908 0.181899502873421 0.179981499910355 0.188008680939674 0.198897272348404 0.201705485582352
0.186115115880966 0.178234294056892 0.171578153967857 0.168094530701637 0.173745736479759 0.186530396342278 0.196723937988281 0.19715516269207 0.191361606121063 0.187849342823029 0.188552066683769 0.200992822647095 0.18413932621479 0.175837606191635 0.18486824631691 0.189325794577599 0.184863463044167 0.173470914363861 0.170820087194443 0.177033394575119 0.18351012468338 0.180635705590248 0.175314575433731 0.173907309770584 0.180778935551643 0.205468386411667 0.204741716384888 0.173051163554192 0.155302494764328 0.183223381638527 0.185058012604713 0.190839827060699 0.201183766126633 0.20251652598381 0.200926974415779 0.201976329088211 0.205276623368263 0.195861056447029 0.185504451394081 0.179224967956543 0.176884010434151 0.174864202737808 0.18124420940876 0.189132332801819 0.183891221880913 0.180559858679771 0.180744662880898 0.183591961860657 0.181871429085732
