data/trimmed_ndre/W_ndre.722.2014_no_clouds.asc
NCOLS 130 
NROWS 71 
XLLCORNER 530645 
YLLCORNER 5158205 
CELLSIZE 5 
NODATA_value -3.4e+38 
[rows 21 to 41 of 71, columns 49 to 97 of 130]
0.512244343757629 0.496268510818481 0.454257905483246 0.436414122581482 0.422871977090836 0.406180381774902 0.411526590585709 0.423774719238281 0.422554671764374 0.398194581270218 0.376812845468521 0.352198123931885 0.346738755702972 0.357733339071274 0.36096328496933 0.385031282901764 0.390957206487656 0.381316691637039 -3.4e+38 -3.4e+38 -3.4e+38 -3.4e+38 -3.4e+38 -3.4e+38 -3.4e+38 -3.4e+38 -3.4e+38 -3.4e+38 -3.4e+38 -3.4e+38 -3.4e+38 -3.4e+38 -3.4e+38 -3.4e+38 -3.4e+38 -3.4e+38 -3.4e+38 -3.4e+38 -3.4e+38 -3.4e+38 -3.4e+38 -3.4e+38 -3.4e+38 -3.4e+38 -3.4e+38 -3.4e+38 -3.4e+38 -3.4e+38 -3.4e+38
0.525657176971436 0.519501447677612 0.467241644859314 0.431606829166412 0.414708584547043 0.389795660972595 0.401737034320831 0.404665023088455 0.388629883527756 0.385069906711578 0.381089866161346 0.354160845279694 0.335893630981445 0.340904623270035 0.34199470281601 0.354655712842941 0.345070451498032 0.346801400184631 0.372921049594879 0.39289003610611 0.390768855810165 0.38129934668541 0.367609709501266 0.370828360319138 0.38781350851059 0.409928470849991 0.425474524497986 0.401287823915482 -3.4e+38 -3.4e+38 -3.4e+38 -3.4e+38 -3.4e+38 -3.4e+38 -3.4e+38 -3.4e+38 -3.4e+38 -3.4e+38 -3.4e+38 -3.4e+38 -3.4e+38 -3.4e+38 -3.4e+38 -3.4e+38 -3.4e+38 -3.4e+38 -3.4e+38 -3.4e+38 -3.4e+38
0.520460367202759 0.519929349422455 0.480597406625748 0.436497896909714 0.407785266637802 0.386547714471817 0.388458222150803 0.379296630620956 0.357811778783798 0.374915391206741 0.389155983924866 0.363365441560745 0.330259412527084 0.335792750120163 0.347789287567139 0.342851728200912 0.335391283035278 0.359804809093475 0.372768670320511 0.370528042316437 0.350327670574188 0.343082964420319 0.354325741529465 0.384329408407211 0.404195696115494 0.412119269371033 0.418788701295853 0.407340794801712 0.393106371164322 -3.4e+38 -3.4e+38 -3.4e+38 -3.4e+38 -3.4e+38 -3.4e+38 -3.4e+38 -3.4e+38 -3.4e+38 -3.4e+38 -3.4e+38 -3.4e+38 -3.4e+38 -3.4e+38 -3.4e+38 -3.4e+38 -3.4e+38 -3.4e+38 -3.4e+38 -3.4e+38
0.51936674118042 0.520304977893829 0.499066859483719 0.454397320747375 0.420975863933563 0.396470129489899 0.386351525783539 0.377884864807129 0.360804259777069 0.370613843202591 0.389608144760132 0.376410871744156 0.351600348949432 0.359956204891205 0.369347512722015 0.345688968896866 0.350479364395142 0.383073478937149 0.366203308105469 0.360756874084473 0.350333362817764 0.336249262094498 0.345859736204147 0.377029031515121 0.407886475324631 0.427729785442352 0.429950535297394 0.423349976539612 0.410100519657135 0.392039567232132 -3.4e+38 -3.4e+38 -3.4e+38 -3.4e+38 -3.4e+38 -3.4e+38 -3.4e+38 -3.4e+38 -3.4e+38 -3.4e+38 -3.4e+38 -3.4e+38 -3.4e+38 -3.4e+38 -3.4e+38 -3.4e+38 -3.4e+38 -3.4e+38 -3.4e+38
0.520073890686035 0.530718564987183 0.517068564891815 0.485502988100052 0.445875108242035 0.406669646501541 0.39130699634552 0.38897317647934 0.374405354261398 0.361218363046646 0.366564393043518 0.373619586229324 0.364430367946625 0.365910947322845 0.374164521694183 0.354881405830383 0.370796948671341 0.392022579908371 0.367012113332748 0.373070955276489 0.371816247701645 0.359020680189133 0.372491389513016 0.39318585395813 0.418703705072403 0.443026155233383 0.446417242288589 0.446617156267166 0.442890852689743 0.408034652471542 0.369444608688354 -3.4e+38 -3.4e+38 -3.4e+38 -3.4e+38 -3.4e+38 -3.4e+38 -3.4e+38 -3.4e+38 -3.4e+38 -3.4e+38 -3.4e+38 -3.4e+38 -3.4e+38 -3.4e+38 -3.4e+38 -3.4e+38 -3.4e+38 -3.4e+38
0.504288673400879 0.525678396224976 0.51918751001358 0.500387012958527 0.459661930799484 0.419344574213028 0.393896400928497 0.386841773986816 0.375570982694626 0.344489574432373 0.348999440670013 0.373893797397614 0.358990848064423 0.348327606916428 0.350927948951721 0.346870243549347 0.362679183483124 0.370393574237823 0.355124652385712 0.356627762317657 0.356345176696777 0.361839324235916 0.391228854656219 0.416550576686859 0.431799113750458 0.445186942815781 0.437742173671722 0.432744175195694 0.423979371786118 0.388532996177673 0.347739607095718 0.319959074258804 0.325248867273331 0.380978137254715 -3.4e+38 -3.4e+38 -3.4e+38 -3.4e+38 -3.4e+38 -3.4e+38 -3.4e+38 -3.4e+38 -3.4e+38 -3.4e+38 -3.4e+38 -3.4e+38 -3.4e+38 -3.4e+38 -3.4e+38
0.488853305578232 0.503343820571899 0.498689591884613 0.487889975309372 0.468058824539185 0.446206718683243 0.421709835529327 0.401404619216919 0.379787623882294 0.351952284574509 0.366199046373367 0.391369521617889 0.374026447534561 0.361385971307755 0.351294308900833 0.344059318304062 0.350585579872131 0.357359766960144 0.333149462938309 0.320479333400726 0.326481878757477 0.346082389354706 0.392446368932724 0.429026246070862 0.442721724510193 0.455423414707184 0.448912233114243 0.433606445789337 0.404990553855896 0.371300131082535 0.351665467023849 0.327192723751068 0.337087035179138 0.387033194303513 0.446800649166107 0.458433777093887 0.45518958568573 0.467235803604126 0.467588037252426 0.474515438079834 0.474396526813507 0.439665198326111 0.421352982521057 0.438311815261841 0.458082765340805 0.444541573524475 0.454892963171005 0.439769864082336 0.416724652051926
0.468441665172577 0.474882125854492 0.474588453769684 0.469204038381577 0.47227931022644 0.479496985673904 0.463729947805405 0.432678699493408 0.401781558990479 0.388106733560562 0.395028620958328 0.409171938896179 0.40135794878006 0.399631500244141 0.387710988521576 0.377542227506638 0.381204158067703 0.3818399310112 0.370026379823685 0.366620898246765 0.370186567306519 0.379650056362152 0.40806782245636 0.435330867767334 0.452143281698227 0.462188333272934 0.467079788446426 0.456711977720261 0.421900182962418 0.383084028959274 0.366007387638092 0.365443974733353 0.385656028985977 0.414832264184952 0.443098187446594 0.442734062671661 0.442377537488937 0.450981497764587 0.455892771482468 0.481709241867065 0.482659608125687 0.457094192504883 0.449101895093918 0.455593764781952 0.460574686527252 0.453888356685638 0.477066189050674 0.4559286236763 0.422590255737305
0.447155684232712 0.451889425516129 0.466689229011536 0.457314223051071 0.454114884138107 0.458127826452255 0.453631609678268 0.443199217319489 0.434642016887665 0.429106771945953 0.414580553770065 0.421961039304733 0.442930698394775 0.452281147241592 0.434752970933914 0.43842887878418 0.448116421699524 0.445915341377258 0.437950283288956 0.444908231496811 0.453801542520523 0.453455328941345 0.456630557775497 0.462368667125702 0.467482805252075 0.47450202703476 0.482895404100418 0.476303100585938 0.455002844333649 0.418038129806519 0.412566930055618 0.428163766860962 0.434484601020813 0.431829899549484 0.430964142084122 0.433172166347504 0.448249727487564 0.459912180900574 0.462268620729446 0.483780592679977 0.486839264631271 0.481697231531143 0.479637712240219 0.485836356878281 0.488281041383743 0.479148417711258 0.481782734394073 0.446457475423813 0.422799319028854
0.441219359636307 0.447403162717819 0.469584703445435 0.454410493373871 0.423530429601669 0.408623605966568 0.418583512306213 0.397068172693253 0.402604222297668 0.43198624253273 0.425927758216858 0.442844688892365 0.482376486063004 0.488174170255661 0.460748761892319 0.489373177289963 0.501411736011505 0.483357459306717 0.477518349885941 0.481781482696533 0.492399483919144 0.50067538022995 0.49845227599144 0.489843606948853 0.485399603843689 0.487103700637817 0.486077487468719 0.476339727640152 0.487697631120682 0.470024317502975 0.450229942798615 0.459958046674728 0.453464210033417 0.441785007715225 0.444607555866241 0.450543582439423 0.47924530506134 0.488285034894943 0.475676566362381 0.494341284036636 0.496744453907013 0.50536447763443 0.512267649173737 0.510598182678223 0.506763339042664 0.495760887861252 0.477103978395462 0.429465532302856 0.398979872465134
0.467701971530914 0.470028340816498 0.47973445057869 0.472835183143616 0.434890508651733 0.404960334300995 0.411980241537094 0.394258499145508 0.393641382455826 0.428455233573914 0.441970080137253 0.460034549236298 0.498342722654343 0.521377861499786 0.505007147789001 0.506408333778381 0.496219158172607 0.486577361822128 0.48968517780304 0.499972730875015 0.513639628887177 0.518143892288208 0.511369645595551 0.49762099981308 0.49470841884613 0.502295017242432 0.497452080249786 0.493912994861603 0.523327827453613 0.494945287704468 0.459235996007919 0.462537288665771 0.466395169496536 0.472948461771011 0.489807486534119 0.501326739788055 0.516924142837524 0.507368326187134 0.491120159626007 0.505398333072662 0.502334237098694 0.519891738891602 0.529026329517365 0.516363978385925 0.508282423019409 0.506147384643555 0.474197149276733 0.424969017505646 0.394685626029968
0.522915780544281 0.512290298938751 0.515743017196655 0.512811064720154 0.490620017051697 0.45824009180069 0.459152042865753 0.462744295597076 0.448358207941055 0.440089911222458 0.447717279195786 0.464822560548782 0.493985891342163 0.523472607135773 0.521350502967834 0.49666628241539 0.493501007556915 0.494611352682114 0.498947829008102 0.515338838100433 0.510393917560577 0.50047355890274 0.4976547062397 0.485474824905396 0.483524441719055 0.496010035276413 0.492602467536926 0.495625585317612 0.512506186962128 0.484840750694275 0.466065138578415 0.47021347284317 0.481155157089233 0.496762454509735 0.509518980979919 0.512107133865356 0.516310334205627 0.508545637130737 0.513913929462433 0.521968126296997 0.506449162960052 0.52672153711319 0.525456666946411 0.514334142208099 0.527709245681763 0.54201066493988 0.520470261573792 0.480659157037735 0.443462699651718
0.554203987121582 0.539063334465027 0.541668117046356 0.543453812599182 0.534945487976074 0.515198886394501 0.521271109580994 0.541380047798157 0.521732449531555 0.496844232082367 0.497287958860397 0.508049249649048 0.505866050720215 0.503060400485992 0.50332248210907 0.502587139606476 0.488944560289383 0.476051032543182 0.490090519189835 0.502942800521851 0.48247617483139 0.470974564552307 0.485899329185486 0.48366579413414 0.475521564483643 0.472679287195206 0.472757279872894 0.472895681858063 0.475351631641388 0.46924215555191 0.471168965101242 0.465580970048904 0.457346051931381 0.460989445447922 0.46688187122345 0.474153608083725 0.487407028675079 0.486030250787735 0.494317173957825 0.490312486886978 0.483855724334717 0.515377879142761 0.513962030410767 0.511403262615204 0.534327685832977 0.541227996349335 0.529429316520691 0.510236382484436 0.495250374078751
0.545785188674927 0.532119035720825 0.535914480686188 0.536338686943054 0.523223161697388 0.511652529239655 0.514305651187897 0.522031962871552 0.525049448013306 0.522910594940186 0.536542654037476 0.536926090717316 0.522109806537628 0.49852991104126 0.486242711544037 0.473630338907242 0.451375663280487 0.441739559173584 0.452467411756516 0.463720172643661 0.460547089576721 0.459230065345764 0.477177351713181 0.471318006515503 0.457599639892578 0.445297658443451 0.457294911146164 0.461601674556732 0.445350468158722 0.432657331228256 0.431234389543533 0.429854989051819 0.414715677499771 0.405079960823059 0.409665375947952 0.4315005838871 0.457582831382751 0.463820904493332 0.457229822874069 0.437593817710876 0.453621089458466 0.492434978485107 0.483197569847107 0.489799439907074 0.503763973712921 0.493038386106491 0.479278802871704 0.466953277587891 0.487267673015594
0.537548363208771 0.536663055419922 0.535788893699646 0.519136130809784 0.496450453996658 0.483745396137238 0.501117587089539 0.504943251609802 0.510920166969299 0.517324209213257 0.530573666095734 0.519805192947388 0.500194251537323 0.485651582479477 0.473467200994492 0.44938936829567 0.427219092845917 0.417700111865997 0.412604242563248 0.418091475963593 0.42725595831871 0.438028424978256 0.44393402338028 0.434757918119431 0.432817012071609 0.424153506755829 0.432400673627853 0.447525292634964 0.434665471315384 0.402237415313721 0.393454313278198 0.411672621965408 0.408578991889954 0.399977743625641 0.416691988706589 0.433945208787918 0.441272646188736 0.443822652101517 0.434391051530838 0.409827351570129 0.429203480482101 0.451848328113556 0.43118616938591 0.447160840034485 0.452346652746201 0.444187968969345 0.439002960920334 0.421702086925507 0.435112208127975
0.534164130687714 0.549176692962646 0.5414057970047 0.519637942314148 0.492962181568146 0.483459323644638 0.495856523513794 0.500029563903809 0.509154558181763 0.520807385444641 0.53561669588089 0.515948474407196 0.4814333319664 0.471367120742798 0.46661913394928 0.441093653440475 0.430450111627579 0.427870869636536 0.400876551866531 0.393895953893661 0.403787583112717 0.394011706113815 0.395667374134064 0.401188790798187 0.404026418924332 0.391009151935577 0.395324379205704 0.420784533023834 0.429270327091217 0.41389200091362 0.409986287355423 0.42967826128006 0.415454715490341 0.412165820598602 0.437169760465622 0.441605716943741 0.420728921890259 0.407284200191498 0.412643551826477 0.410053879022598 0.433593600988388 0.436379909515381 0.414491176605225 0.41977721452713 0.414652585983276 0.407413631677628 0.407224655151367 0.404812127351761 0.416127294301987
0.50861006975174 0.530989468097687 0.51325649023056 0.485803693532944 0.457313388586044 0.456843256950378 0.480224817991257 0.501987874507904 0.507322907447815 0.514414727687836 0.524626672267914 0.4966941177845 0.460792124271393 0.457000970840454 0.459093928337097 0.43999582529068 0.418046504259109 0.403284907341003 0.387535095214844 0.390114068984985 0.392234891653061 0.367993116378784 0.382439911365509 0.392118513584137 0.395990967750549 0.395420879125595 0.380585342645645 0.389558255672455 0.419398456811905 0.427053511142731 0.421327918767929 0.428000837564468 0.413210898637772 0.414055496454239 0.430710285902023 0.428313910961151 0.421893954277039 0.411266386508942 0.403930723667145 0.429447054862976 0.453314155340195 0.457294493913651 0.442247897386551 0.427155524492264 0.417329698801041 0.411824911832809 0.401275038719177 0.422060608863831 0.445331364870071
0.468999058008194 0.491130411624908 0.460488229990005 0.421114861965179 0.404938876628876 0.409925490617752 0.456121802330017 0.496158719062805 0.493227809667587 0.491139650344849 0.504334032535553 0.484813213348389 0.450524479150772 0.433729439973831 0.416703999042511 0.393237948417664 0.377654939889908 0.365054935216904 0.37352192401886 0.377985060214996 0.386904895305634 0.38311430811882 0.391058951616287 0.400812715291977 0.410870105028152 0.410727977752686 0.374585956335068 0.371247947216034 0.409520715475082 0.415535420179367 0.413730978965759 0.417632281780243 0.40891620516777 0.415733426809311 0.423332899808884 0.425680816173553 0.418940931558609 0.405401080846786 0.401494920253754 0.423538029193878 0.445739984512329 0.444214463233948 0.434179484844208 0.418269038200378 0.423612236976624 0.427906215190887 0.402628988027573 0.412881940603256 0.437005162239075
0.42660391330719 0.430362850427628 0.401880979537964 0.367760896682739 0.369602799415588 0.382550716400146 0.438964635133743 0.483297675848007 0.467790484428406 0.466255366802216 0.484873652458191 0.486220806837082 0.463406085968018 0.432454079389572 0.385617166757584 0.369289427995682 0.365962833166122 0.352922916412354 0.357022255659103 0.352646976709366 0.369490206241608 0.388381212949753 0.40022736787796 0.409473389387131 0.408937811851501 0.392347007989883 0.361971914768219 0.370011329650879 0.403670161962509 0.398366063833237 0.403451859951019 0.412698209285736 0.409745275974274 0.4129718542099 0.403763502836227 0.404066801071167 0.41266542673111 0.409185856580734 0.405288338661194 0.411076098680496 0.433906674385071 0.422107249498367 0.405007183551788 0.407237529754639 0.427147090435028 0.437552899122238 0.423189610242844 0.407864153385162 0.417244613170624
0.373628377914429 0.372254103422165 0.365103214979172 0.333625346422195 0.330167531967163 0.358005493879318 0.410923689603806 0.45851531624794 0.455802798271179 0.451399207115173 0.458335936069489 0.454772561788559 0.435484230518341 0.397778153419495 0.368634194135666 0.374599695205688 0.382236033678055 0.366931915283203 0.354183405637741 0.349106699228287 0.35792487859726 0.397579431533813 0.410068184137344 0.406254857778549 0.402976185083389 0.387904584407806 0.382812082767487 0.398599624633789 0.408652871847153 0.396963000297546 0.401964873075485 0.407338678836823 0.406708031892776 0.400696486234665 0.378592401742935 0.383163630962372 0.412118256092072 0.416689217090607 0.404961049556732 0.412771493196487 0.42649894952774 0.407364279031754 0.400689601898193 0.418321818113327 0.439809083938599 0.44890034198761 0.437558621168137 0.413208514451981 0.424118012189865
0.345764875411987 0.336890399456024 0.341071933507919 0.3155597448349 0.312808036804199 0.36324805021286 0.406596332788467 0.452134341001511 0.462361752986908 0.445758044719696 0.437181115150452 0.409125745296478 0.392859548330307 0.377003908157349 0.363919824361801 0.366903096437454 0.376759678125381 0.379912048578262 0.370865881443024 0.364993005990982 0.373669505119324 0.420292347669601 0.426365613937378 0.412958979606628 0.418655216693878 0.40912538766861 0.406939178705215 0.415579706430435 0.414372146129608 0.402498185634613 0.404922336339951 0.39992082118988 0.399608671665192 0.39405083656311 0.372982263565063 0.380632758140564 0.399797379970551 0.394099622964859 0.383990406990051 0.395931124687195 0.41144660115242 0.40984520316124 0.419541895389557 0.431447446346283 0.441070348024368 0.440706342458725 0.433510571718216 0.432836264371872 0.425176560878754
