data/trimmed_ndre/W_ndre.625.2012_no_clouds.asc
NCOLS 130 
NROWS 71 
XLLCORNER 530645 
YLLCORNER 5158205 
CELLSIZE 5 
NODATA_value -3.4e+38 
[rows 21 to 41 of 71, columns 0 to 48 of 130]
0.201493456959724 0.204654455184937 0.206770092248917 0.218830987811089 0.21990467607975 0.214639827609062 0.224002003669739 0.226628020405769 0.232830405235291 0.223050191998482 0.202916771173477 0.201143890619278 0.211557298898697 0.225349351763725 0.21958315372467 0.212439715862274 0.226534888148308 0.249864384531975 0.258491784334183 0.253790676593781 0.241531386971474 0.237329244613647 0.236433431506157 0.232326999306679 0.234430328011513 0.24570569396019 0.255451679229736 0.258343666791916 0.24965488910675 0.251278430223465 0.251603811979294 0.241957694292068 0.236979976296425 0.23581774532795 0.24134436249733 0.246173307299614 0.253648549318314 0.26405331492424 0.277166962623596 0.28199627995491 0.277178585529327 0.271539777517319 0.265530288219452 0.250871151685715 0.236154332756996 0.221485406160355 0.212728947401047 0.213496431708336 0.218145206570625
0.211788207292557 0.211607024073601 0.205331668257713 0.209774628281593 0.214186161756516 0.210144147276878 0.230930253863335 0.245682835578918 0.232935667037964 0.223353639245033 0.210691899061203 0.208643034100533 0.212106376886368 0.204526871442795 0.199950784444809 0.212248176336288 0.225137516856194 0.235428810119629 0.241543173789978 0.231248199939728 0.233796790242195 0.23431695997715 0.227053821086884 0.228820845484734 0.237386539578438 0.24092310667038 0.239193096756935 0.247451215982437 0.247803956270218 0.251552253961563 0.252196669578552 0.243245616555214 0.242021918296814 0.238871946930885 0.232430338859558 0.222495958209038 0.216699331998825 0.22857554256916 0.243113905191422 0.252781003713608 0.263052761554718 0.276857674121857 0.282422006130219 0.271560817956924 0.249376967549324 0.234750166535378 0.221979662775993 0.220091342926025 0.224797323346138
-3.4e+38 0.230851635336876 0.218967914581299 0.208156690001488 0.207176014780998 0.210850119590759 0.229755073785782 0.241418495774269 0.229505598545074 0.227151244878769 0.230962678790092 0.226376205682755 0.215196564793587 0.205626159906387 0.205811724066734 0.218225046992302 0.219270423054695 0.219293460249901 0.21712002158165 0.2035211622715 0.223434135317802 0.224278017878532 0.212493285536766 0.221131756901741 0.224468067288399 0.227932497859001 0.244913220405579 0.26006880402565 0.256065845489502 0.258451133966446 0.25107541680336 0.245296195149422 0.250067889690399 0.243286609649658 0.22983792424202 0.217355281114578 0.213360920548439 0.226949512958527 0.228809624910355 0.220660418272018 0.237575814127922 0.26396119594574 0.276229232549667 0.272025465965271 0.253500998020172 0.242140084505081 0.230290442705154 0.230248615145683 0.238630324602127
-3.4e+38 -3.4e+38 0.2273980230093 0.215583026409149 0.208403304219246 0.21386407315731 0.226849421858788 0.226996511220932 0.211976602673531 0.216910794377327 0.241192206740379 0.24291704595089 0.225398868322372 0.218861103057861 0.222336754202843 0.223127231001854 0.213260322809219 0.214866697788239 0.204175814986229 0.201234623789787 0.227932304143906 0.210136353969574 0.203000068664551 0.221392318606377 0.216925963759422 0.227941542863846 0.250275254249573 0.254233151674271 0.246674403548241 0.249750599265099 0.246434658765793 0.245699301362038 0.250524759292603 0.232470512390137 0.223875284194946 0.220982238650322 0.226028084754944 0.228757560253143 0.216594442725182 0.202923148870468 0.209724009037018 0.23241052031517 0.245924964547157 0.248377576470375 0.244620323181152 0.240166544914246 0.229121252894402 0.238980993628502 0.252110093832016
-3.4e+38 -3.4e+38 -3.4e+38 0.229100868105888 0.222452223300934 0.225820615887642 0.230821967124939 0.214339554309845 0.199614599347115 0.209345027804375 0.234010025858879 0.238307803869247 0.223630025982857 0.222680941224098 0.225253582000732 0.221542626619339 0.210242331027985 0.210508733987808 0.201647862792015 0.211034446954727 0.225737407803535 0.193407982587814 0.200041621923447 0.216515854001045 0.204193696379662 0.19833916425705 0.212015196681023 0.226605594158173 0.231828361749649 0.228428855538368 0.221232622861862 0.217156946659088 0.221394643187523 0.224971875548363 0.224837154150009 0.21720390021801 0.204998910427094 0.202067896723747 0.203801497817039 0.209754183888435 0.211567953228951 0.213974103331566 0.214712277054787 0.221711382269859 0.236472025513649 0.239041656255722 0.232927814126015 0.245887920260429 0.256712883710861
-3.4e+38 -3.4e+38 -3.4e+38 0.237539067864418 0.232402563095093 0.236326783895493 0.232179537415504 0.218616977334023 0.208132594823837 0.216291308403015 0.228680282831192 0.225695684552193 0.217505142092705 0.219769895076752 0.219152003526688 0.22128339111805 0.207557648420334 0.200887635350227 0.205005556344986 0.213357299566269 0.215336009860039 0.199320822954178 0.205440506339073 0.209575682878494 0.191045045852661 0.186253190040588 0.194185242056847 0.212806984782219 0.231975182890892 0.236589178442955 0.240903690457344 0.225383028388023 0.213089108467102 0.215203672647476 0.22351998090744 0.216655969619751 0.197899594902992 0.199251025915146 0.202845066785812 0.210395276546478 0.220819935202599 0.218875646591187 0.209359884262085 0.207745581865311 0.218788653612137 0.235031872987747 0.248412445187569 0.259345322847366 0.251225262880325
-3.4e+38 -3.4e+38 -3.4e+38 0.230858713388443 0.239562600851059 0.233941733837128 0.225950688123703 0.219048917293549 0.218320667743683 0.226081669330597 0.230585694313049 0.223187074065208 0.216026157140732 0.223815083503723 0.227018103003502 0.226952210068703 0.206909701228142 0.200745835900307 0.211810365319252 0.205020174384117 0.209209531545639 0.209443405270576 0.207666754722595 0.205899685621262 0.205138593912125 0.213747292757034 0.214409053325653 0.216188564896584 0.22190135717392 0.233271941542625 0.244646772742271 0.23301163315773 0.219686776399612 0.215138375759125 0.203543305397034 0.201645046472549 0.198169887065887 0.206121817231178 0.197947040200233 0.191092967987061 0.200113266706467 0.208808466792107 0.20861878991127 0.20180070400238 0.197394981980324 0.200156897306442 0.226791441440582 0.246107593178749 0.24700166285038
-3.4e+38 -3.4e+38 -3.4e+38 -3.4e+38 0.236380502581596 0.229018598794937 0.22881293296814 0.232019767165184 0.226847887039185 0.222048684954643 0.231969624757767 0.225056394934654 0.212290048599243 0.228550106287003 0.22814467549324 0.225753471255302 0.208168253302574 0.208872243762016 0.21347488462925 0.19934868812561 0.205941990017891 0.209261372685432 0.20573066174984 0.210545808076859 0.218928754329681 0.221355795860291 0.220248654484749 0.225065797567368 0.224421456456184 0.230587437748909 0.233003348112106 0.22427861392498 0.229884326457977 0.228888243436813 0.21377731859684 0.207863807678223 0.203936889767647 0.208526745438576 0.206045582890511 0.19616387784481 0.196232452988625 0.205623432993889 0.221816197037697 0.221394285559654 0.207924157381058 0.205391347408295 0.22075654566288 0.245524227619171 0.263764590024948
-3.4e+38 -3.4e+38 -3.4e+38 -3.4e+38 -3.4e+38 0.229213893413544 0.220057666301727 0.225939765572548 0.218536987900734 0.210536003112793 0.222933769226074 0.216338157653809 0.211362734436989 0.232278913259506 0.221464723348618 0.211360514163971 0.206073060631752 0.20790308713913 0.213777557015419 0.211842924356461 0.216200292110443 0.205810472369194 0.199530854821205 0.208857372403145 0.235666304826736 0.249690040946007 0.233867153525352 0.228394478559494 0.225735545158386 0.235209926962852 0.242849037051201 0.23818476498127 0.232820853590965 0.22528575360775 0.223716706037521 0.222594738006592 0.212392508983612 0.218313947319984 0.225429117679596 0.215991467237473 0.204770639538765 0.213397055864334 0.232230365276337 0.24074013531208 0.23416605591774 0.230866312980652 0.233011037111282 0.239786714315414 0.254083514213562
-3.4e+38 -3.4e+38 -3.4e+38 -3.4e+38 -3.4e+38 -3.4e+38 -3.4e+38 -3.4e+38 0.218632385134697 0.225374296307564 0.222283512353897 0.210160374641418 0.208475887775421 0.217835754156113 0.216946393251419 0.210177466273308 0.210585474967957 0.204560145735741 0.213354274630547 0.230889514088631 0.230029463768005 0.218052715063095 0.213316664099693 0.220560178160667 0.221686795353889 0.228704765439034 0.230295807123184 0.22528088092804 0.218758180737495 0.216118812561035 0.221668303012848 0.223728090524673 0.222709089517593 0.218168616294861 0.225553333759308 0.234497010707855 0.233631551265717 0.23133696615696 0.234443217515945 0.230272933840752 0.217217430472374 0.2284966558218 0.249603986740112 0.259216755628586 0.245236337184906 0.233161017298698 0.237849935889244 0.234156668186188 0.238745883107185
-3.4e+38 -3.4e+38 -3.4e+38 -3.4e+38 -3.4e+38 -3.4e+38 -3.4e+38 -3.4e+38 -3.4e+38 -3.4e+38 0.21744267642498 0.212827265262604 0.208242833614349 0.203315705060959 0.213164493441582 0.215149417519569 0.227860227227211 0.220165222883224 0.212930545210838 0.222988724708557 0.214737057685852 0.221270114183426 0.231612145900726 0.225574046373367 0.201041772961617 0.194527328014374 0.222207397222519 0.2436543405056 0.240468919277191 0.230865374207497 0.221546351909637 0.214286580681801 0.220035538077354 0.233268022537231 0.241837441921234 0.24775542318821 0.244193688035011 0.230605289340019 0.23392191529274 0.240955784916878 0.236723095178604 0.242150500416756 0.245246976613998 0.244761407375336 0.233761250972748 0.231680244207382 0.241020277142525 0.237903565168381 0.230669304728508
-3.4e+38 -3.4e+38 -3.4e+38 -3.4e+38 -3.4e+38 -3.4e+38 -3.4e+38 -3.4e+38 -3.4e+38 -3.4e+38 -3.4e+38 0.216175630688667 0.21731248497963 0.213977515697479 0.212007969617844 0.207777753472328 0.222975134849548 0.221325471997261 0.210226595401764 0.217185154557228 0.202471107244492 0.208052515983582 0.217712625861168 0.208676502108574 0.209182783961296 0.211597546935081 0.227392494678497 0.240642622113228 0.233296319842339 0.229420945048332 0.227865263819695 0.217065945267677 0.218621402978897 0.221061185002327 0.230987340211868 0.248375773429871 0.24093322455883 0.225925341248512 0.236019805073738 0.24327777326107 0.241694629192352 0.233346730470657 0.222443982958794 0.227528125047684 0.233871355652809 0.238829851150513 0.241725102066994 0.233857706189156 0.218888103961945
-3.4e+38 -3.4e+38 -3.4e+38 -3.4e+38 -3.4e+38 -3.4e+38 -3.4e+38 -3.4e+38 -3.4e+38 -3.4e+38 -3.4e+38 -3.4e+38 -3.4e+38 -3.4e+38 -3.4e+38 -3.4e+38 -3.4e+38 -3.4e+38 -3.4e+38 -3.4e+38 -3.4e+38 -3.4e+38 -3.4e+38 -3.4e+38 -3.4e+38 -3.4e+38 -3.4e+38 -3.4e+38 -3.4e+38 -3.4e+38 -3.4e+38 0.22529348731041 0.238071635365486 0.235110223293304 0.228287607431412 0.242800652980804 0.231808617711067 0.224555566906929 0.235448345541954 0.231927454471588 0.229186400771141 0.220343485474586 0.208950623869896 0.221221596002579 0.236831545829773 0.239388346672058 0.231443032622337 0.220917493104935 0.209714084863663
-3.4e+38 -3.4e+38 -3.4e+38 -3.4e+38 -3.4e+38 -3.4e+38 -3.4e+38 -3.4e+38 -3.4e+38 -3.4e+38 -3.4e+38 -3.4e+38 -3.4e+38 -3.4e+38 -3.4e+38 -3.4e+38 -3.4e+38 -3.4e+38 -3.4e+38 -3.4e+38 -3.4e+38 -3.4e+38 -3.4e+38 -3.4e+38 -3.4e+38 -3.4e+38 -3.4e+38 -3.4e+38 -3.4e+38 -3.4e+38 -3.4e+38 -3.4e+38 -3.4e+38 0.243730455636978 0.235192820429802 0.239292606711388 0.227228730916977 0.224645391106606 0.230076417326927 0.220567181706429 0.221118360757828 0.215192437171936 0.208298623561859 0.224607661366463 0.235541805624962 0.229632839560509 0.22697888314724 0.224895864725113 0.215241923928261
-3.4e+38 -3.4e+38 -3.4e+38 -3.4e+38 -3.4e+38 -3.4e+38 -3.4e+38 -3.4e+38 -3.4e+38 -3.4e+38 -3.4e+38 -3.4e+38 -3.4e+38 -3.4e+38 -3.4e+38 -3.4e+38 -3.4e+38 -3.4e+38 -3.4e+38 -3.4e+38 -3.4e+38 -3.4e+38 -3.4e+38 -3.4e+38 -3.4e+38 -3.4e+38 -3.4e+38 -3.4e+38 -3.4e+38 -3.4e+38 -3.4e+38 -3.4e+38 -3.4e+38 -3.4e+38 0.243690133094788 0.238558694720268 0.227453157305717 0.229132771492004 0.228730738162994 0.217630565166473 0.214133635163307 0.209687173366547 0.213855236768723 0.221864998340607 0.220250755548477 0.21384759247303 0.222731962800026 0.228314429521561 0.226317331194878
-3.4e+38 -3.4e+38 -3.4e+38 -3.4e+38 -3.4e+38 -3.4e+38 -3.4e+38 -3.4e+38 -3.4e+38 -3.4e+38 -3.4e+38 -3.4e+38 -3.4e+38 -3.4e+38 -3.4e+38 -3.4e+38 -3.4e+38 -3.4e+38 -3.4e+38 -3.4e+38 -3.4e+38 -3.4e+38 -3.4e+38 -3.4e+38 -3.4e+38 -3.4e+38 -3.4e+38 -3.4e+38 -3.4e+38 -3.4e+38 -3.4e+38 -3.4e+38 -3.4e+38 -3.4e+38 0.239347472786903 0.231711000204086 0.228524446487427 0.236585944890976 0.237205624580383 0.224013686180115 0.207888573408127 0.201509818434715 0.210678726434708 0.216301932930946 0.213800117373466 0.221710532903671 0.231876134872437 0.23659273982048 0.235718756914139
-3.4e+38 -3.4e+38 -3.4e+38 -3.4e+38 -3.4e+38 -3.4e+38 -3.4e+38 -3.4e+38 -3.4e+38 -3.4e+38 -3.4e+38 -3.4e+38 -3.4e+38 -3.4e+38 -3.4e+38 -3.4e+38 -3.4e+38 -3.4e+38 -3.4e+38 -3.4e+38 -3.4e+38 -3.4e+38 -3.4e+38 -3.4e+38 -3.4e+38 -3.4e+38 -3.4e+38 -3.4e+38 -3.4e+38 -3.4e+38 -3.4e+38 -3.4e+38 -3.4e+38 -3.4e+38 0.235946550965309 0.239743933081627 0.236585155129433 0.237476870417595 0.233968004584312 0.221315041184425 0.208567261695862 0.207589283585548 0.218953773379326 0.229170262813568 0.222628816962242 0.227238416671753 0.241105332970619 0.245203644037247 0.245220705866814
-3.4e+38 -3.4e+38 -3.4e+38 -3.4e+38 -3.4e+38 -3.4e+38 -3.4e+38 -3.4e+38 -3.4e+38 -3.4e+38 -3.4e+38 -3.4e+38 -3.4e+38 -3.4e+38 -3.4e+38 -3.4e+38 -3.4e+38 -3.4e+38 -3.4e+38 -3.4e+38 -3.4e+38 -3.4e+38 -3.4e+38 -3.4e+38 -3.4e+38 -3.4e+38 -3.4e+38 -3.4e+38 -3.4e+38 -3.4e+38 -3.4e+38 -3.4e+38 -3.4e+38 -3.4e+38 -3.4e+38 0.251992911100388 0.241371780633926 0.232891783118248 0.223865762352943 0.213580951094627 0.21255698800087 0.219487369060516 0.217144101858139 0.219839453697205 0.222289755940437 0.221513018012047 0.230415165424347 0.240018919110298 0.249099388718605
-3.4e+38 -3.4e+38 -3.4e+38 -3.4e+38 -3.4e+38 -3.4e+38 -3.4e+38 -3.4e+38 -3.4e+38 -3.4e+38 -3.4e+38 -3.4e+38 -3.4e+38 -3.4e+38 -3.4e+38 -3.4e+38 -3.4e+38 -3.4e+38 -3.4e+38 -3.4e+38 -3.4e+38 -3.4e+38 -3.4e+38 -3.4e+38 -3.4e+38 -3.4e+38 -3.4e+38 -3.4e+38 -3.4e+38 -3.4e+38 -3.4e+38 -3.4e+38 -3.4e+38 -3.4e+38 -3.4e+38 -3.4e+38 0.235336422920227 0.226255133748055 0.218798726797104 0.212226927280426 0.22025740146637 0.219847187399864 0.201332777738571 0.199668705463409 0.221407383680344 0.232367366552353 0.231536969542503 0.229452148079872 0.234901949763298
-3.4e+38 -3.4e+38 -3.4e+38 -3.4e+38 -3.4e+38 -3.4e+38 -3.4e+38 -3.4e+38 -3.4e+38 -3.4e+38 -3.4e+38 -3.4e+38 -3.4e+38 -3.4e+38 -3.4e+38 -3.4e+38 -3.4e+38 -3.4e+38 -3.4e+38 -3.4e+38 -3.4e+38 -3.4e+38 -3.4e+38 -3.4e+38 -3.4e+38 -3.4e+38 -3.4e+38 -3.4e+38 -3.4e+38 -3.4e+38 -3.4e+38 -3.4e+38 -3.4e+38 -3.4e+38 -3.4e+38 -3.4e+38 -3.4e+38 0.22129975259304 0.218872472643852 0.214347437024117 0.228678613901138 0.21433100104332 0.188644900918007 0.190077394247055 0.207561776041985 0.223277613520622 0.223631888628006 0.215943902730942 0.214079931378365
-3.4e+38 -3.4e+38 -3.4e+38 -3.4e+38 -3.4e+38 -3.4e+38 -3.4e+38 -3.4e+38 -3.4e+38 -3.4e+38 -3.4e+38 -3.4e+38 -3.4e+38 -3.4e+38 -3.4e+38 -3.4e+38 -3.4e+38 -3.4e+38 -3.4e+38 -3.4e+38 -3.4e+38 -3.4e+38 -3.4e+38 -3.4e+38 -3.4e+38 -3.4e+38 -3.4e+38 -3.4e+38 -3.4e+38 -3.4e+38 -3.4e+38 -3.4e+38 -3.4e+38 -3.4e+38 -3.4e+38 -3.4e+38 -3.4e+38 -3.4e+38 0.216318845748901 0.217105686664581 0.225277841091156 0.204303324222565 0.187675401568413 0.196367353200912 0.19545342028141 0.206926673650742 0.215181306004524 0.213370054960251 0.212318167090416
