data/trimmed_ndre/W_ndre.79.2013_no_clouds.asc
NCOLS 130 
NROWS 71 
XLLCORNER 530645 
YLLCORNER 5158205 
CELLSIZE 5 
NODATA_value -3.4e+38 
[rows 21 to 41 of 71, columns 0 to 48 of 130]
0.260448813438416 0.272221803665161 0.280167162418365 0.272078901529312 0.234939396381378 0.228111982345581 0.251119941473007 0.280040681362152 0.26873117685318 0.261525273323059 0.275995314121246 0.296638339757919 0.289510130882263 0.253239095211029 0.226672783493996 0.226971194148064 0.232071563601494 0.234360665082932 0.235964193940163 0.24406461417675 0.237583816051483 0.219314813613892 0.216218814253807 0.224063485860825 0.221380293369293 0.226692035794258 0.226566061377525 0.219417095184326 0.240978047251701 0.250934541225433 0.227795884013176 0.235476732254028 0.26210018992424 0.285680681467056 0.298829138278961 0.304290562868118 0.29143899679184 0.255934000015259 0.235168933868408 0.240567728877068 0.233049526810646 0.221695706248283 0.225830510258675 0.241759151220322 0.237753182649612 0.223156645894051 0.224699020385742 0.228123068809509 0.226791560649872
0.26313516497612 0.270191967487335 0.262148141860962 0.261607736349106 0.253446578979492 0.252136319875717 0.265246719121933 0.280752688646317 0.26831528544426 0.271766394376755 0.283164173364639 0.28905177116394 0.279320597648621 0.256296247243881 0.226677685976028 0.221854642033577 0.228921294212341 0.239655330777168 0.247932866215706 0.245206698775291 0.235607802867889 0.223262503743172 0.229627311229706 0.239033043384552 0.232438966631889 0.237779051065445 0.241420030593872 0.239673674106598 0.235724195837975 0.231158345937729 0.214772969484329 0.227409794926643 0.250303536653519 0.266330868005753 0.283333033323288 0.287625789642334 0.264682471752167 0.240300074219704 0.235190749168396 0.243369042873383 0.226725876331329 0.232757583260536 0.237231954932213 0.243328064680099 0.242273017764091 0.238156512379646 0.245277404785156 0.251729071140289 0.249409809708595
-3.4e+38 0.262521386146545 0.242747709155083 0.255960583686829 0.270654737949371 0.265759766101837 0.276228815317154 0.302246451377869 0.300587177276611 0.286651581525803 0.278557598590851 0.265641689300537 0.259057998657227 0.266077429056168 0.246721565723419 0.223850876092911 0.225132912397385 0.233106642961502 0.232649624347687 0.229257181286812 0.228210628032684 0.228893414139748 0.244008585810661 0.250606387853622 0.237627878785133 0.233350530266762 0.244633391499519 0.241958945989609 0.219141185283661 0.215431973338127 0.218973845243454 0.230642467737198 0.243396908044815 0.253030836582184 0.269049346446991 0.258688509464264 0.230072110891342 0.231512516736984 0.215109139680862 0.212223127484322 0.227451637387276 0.233788475394249 0.235247105360031 0.239807143807411 0.256273478269577 0.259503871202469 0.2627954185009 0.264400094747543 0.269019186496735
-3.4e+38 -3.4e+38 0.257734268903732 0.271122545003891 0.278370827436447 0.261889725923538 0.271690458059311 0.306308478116989 0.309979975223541 0.279891103506088 0.275733411312103 0.25948429107666 0.236658066511154 0.233561143279076 0.235655322670937 0.244223743677139 0.236565008759499 0.225891038775444 0.220158785581589 0.224458336830139 0.227257654070854 0.227367475628853 0.237360566854477 0.239908635616302 0.229800224304199 0.20977196097374 0.203445047140121 0.204651936888695 0.201093092560768 0.21195575594902 0.226506233215332 0.227758586406708 0.227848455309868 0.241298943758011 0.254431694746017 0.238316148519516 0.215421110391617 0.224485531449318 0.218491420149803 0.216233685612679 0.230682775378227 0.219915255904198 0.231712907552719 0.233914032578468 0.245879963040352 0.270112931728363 0.265431195497513 0.261206597089767 0.27272641658783
-3.4e+38 -3.4e+38 -3.4e+38 0.2832071185112 0.291502773761749 0.277997523546219 0.269957304000854 0.287888407707214 0.28453117609024 0.273999094963074 0.282988250255585 0.266637831926346 0.230525106191635 0.223329469561577 0.243667736649513 0.258147478103638 0.244319349527359 0.229649543762207 0.23202109336853 0.239543914794922 0.237250447273254 0.226958990097046 0.224781528115273 0.228621661663055 0.233135133981705 0.214838743209839 0.203542694449425 0.197926640510559 0.194406285881996 0.206967487931252 0.221591085195541 0.214917451143265 0.202952012419701 0.216488525271416 0.237595215439796 0.229323998093605 0.215633556246758 0.22291499376297 0.228496059775352 0.216589227318764 0.222111940383911 0.219654425978661 0.211241707205772 0.21735092997551 0.235409274697304 0.264020174741745 0.260594487190247 0.251129686832428 0.259614229202271
-3.4e+38 -3.4e+38 -3.4e+38 0.273985624313354 0.291042447090149 0.29523441195488 0.287120282649994 0.282776027917862 0.271005630493164 0.270214557647705 0.28299406170845 0.271013647317886 0.244324862957001 0.244939252734184 0.254301160573959 0.234338745474815 0.229896813631058 0.230995163321495 0.243175655603409 0.256036937236786 0.245485454797745 0.233030676841736 0.227343544363976 0.222844585776329 0.222953766584396 0.220513314008713 0.222586095333099 0.202905252575874 0.187072917819023 0.193043410778046 0.195337235927582 0.195820271968842 0.205801025032997 0.213139951229095 0.222208797931671 0.21662700176239 0.215671315789223 0.218101993203163 0.226489201188087 0.218963295221329 0.214441031217575 0.204564183950424 0.192371353507042 0.212068811058998 0.23076343536377 0.247320041060448 0.258258253335953 0.261301547288895 0.267722308635712
-3.4e+38 -3.4e+38 -3.4e+38 0.253825336694717 0.281566023826599 0.298933863639832 0.292392462491989 0.282778680324554 0.284471422433853 0.274202316999435 0.263943731784821 0.256182879209518 0.25496432185173 0.252849072217941 0.246767073869705 0.228278294205666 0.23097750544548 0.230583697557449 0.238592728972435 0.250738531351089 0.237188175320625 0.223344191908836 0.215426743030548 0.210270076990128 0.202986136078835 0.207591742277145 0.217030644416809 0.198290646076202 0.196073725819588 0.207487866282463 0.197737619280815 0.192278191447258 0.216496676206589 0.224246799945831 0.222409084439278 0.221563965082169 0.224222809076309 0.218929618597031 0.215523526072502 0.216830015182495 0.187193587422371 0.185086980462074 0.196414962410927 0.215909779071808 0.226834133267403 0.223667949438095 0.227600902318954 0.252043545246124 0.257535487413406
-3.4e+38 -3.4e+38 -3.4e+38 -3.4e+38 0.280631452798843 0.292784094810486 0.282607078552246 0.27683624625206 0.287753939628601 0.267574369907379 0.242546170949936 0.233068481087685 0.243372276425362 0.242089986801147 0.247460976243019 0.248926535248756 0.244948327541351 0.237097337841988 0.235692545771599 0.22779643535614 0.209450885653496 0.200326442718506 0.201286613941193 0.210785418748856 0.206188887357712 0.19649949669838 0.204043239355087 0.204195857048035 0.213122323155403 0.221292957663536 0.205765902996063 0.198333963751793 0.21350371837616 0.226679757237434 0.241600647568703 0.241790235042572 0.234884560108185 0.229004994034767 0.208450347185135 0.214194044470787 0.204442963004112 0.205721795558929 0.204579398036003 0.199768543243408 0.207654073834419 0.199274674057961 0.18758887052536 0.217543065547943 0.230020210146904
-3.4e+38 -3.4e+38 -3.4e+38 -3.4e+38 -3.4e+38 0.279909193515778 0.265087932348251 0.25517401099205 0.261545360088348 0.251987814903259 0.23610645532608 0.231268703937531 0.232536986470222 0.221837595105171 0.239578276872635 0.247940182685852 0.231023043394089 0.226419553160667 0.228011175990105 0.210225954651833 0.187358558177948 0.189196392893791 0.205781742930412 0.203338250517845 0.188490852713585 0.184966042637825 0.200332716107368 0.208808735013008 0.201484084129333 0.198121637105942 0.203330114483833 0.216007098555565 0.23141522705555 0.245408415794373 0.263480722904205 0.261854410171509 0.250997960567474 0.239874392747879 0.225403994321823 0.231189206242561 0.224407568573952 0.205594673752785 0.199329152703285 0.182944253087044 0.189259886741638 0.206832781434059 0.199967086315155 0.208925545215607 0.221970051527023
-3.4e+38 -3.4e+38 -3.4e+38 -3.4e+38 -3.4e+38 -3.4e+38 -3.4e+38 -3.4e+38 0.230847895145416 0.238928496837616 0.238170623779297 0.242193758487701 0.2178605645895 0.19709475338459 0.215985208749771 0.233421608805656 0.224515676498413 0.214683026075363 0.217841118574142 0.206300869584084 0.188921585679054 0.184072747826576 0.19699464738369 0.194247394800186 0.177754431962967 0.183413043618202 0.203409358859062 0.201007485389709 0.179055154323578 0.176934733986855 0.203373044729233 0.230539366602898 0.249219194054604 0.256482034921646 0.271665722131729 0.282408893108368 0.269700318574905 0.255464494228363 0.25589793920517 0.234411224722862 0.214840784668922 0.212647885084152 0.208645522594452 0.195964381098747 0.19372284412384 0.215778708457947 0.221184745430946 0.205071270465851 0.207854464650154
-3.4e+38 -3.4e+38 -3.4e+38 -3.4e+38 -3.4e+38 -3.4e+38 -3.4e+38 -3.4e+38 -3.4e+38 -3.4e+38 0.233834594488144 0.225848913192749 0.208704203367233 0.193832725286484 0.200442105531693 0.223466947674751 0.219615519046783 0.203585937619209 0.201036706566811 0.18824590742588 0.180236205458641 0.185738548636436 0.194267511367798 0.188836336135864 0.176166325807571 0.174542784690857 0.189542844891548 0.187356650829315 0.178061693906784 0.185635656118393 0.211383476853371 0.239457160234451 0.255081743001938 0.272458791732788 0.293981611728668 0.309042602777481 0.300934463739395 0.282166987657547 0.272663712501526 0.249235540628433 0.251396209001541 0.265926778316498 0.250468134880066 0.234669640660286 0.211541041731834 0.214445635676384 0.243274733424187 0.216842174530029 0.193467512726784
-3.4e+38 -3.4e+38 -3.4e+38 -3.4e+38 -3.4e+38 -3.4e+38 -3.4e+38 -3.4e+38 -3.4e+38 -3.4e+38 -3.4e+38 0.202179163694382 0.208879113197327 0.207334265112877 0.196248263120651 0.204702600836754 0.197419166564941 0.195439904928207 0.192348644137383 0.181973114609718 0.18170528113842 0.193132534623146 0.188925862312317 0.172358512878418 0.172364115715027 0.182589545845985 0.194590777158737 0.196631446480751 0.203282088041306 0.216317534446716 0.233224019408226 0.244257196784019 0.253976941108704 0.288267195224762 0.320095479488373 0.320213794708252 0.313598990440369 0.295655876398087 0.283255726099014 0.272091418504715 0.284776300191879 0.306565821170807 0.292224109172821 0.262967139482498 0.238318726420403 0.232216492295265 0.249610185623169 0.242489233613014 0.232329279184341
-3.4e+38 -3.4e+38 -3.4e+38 -3.4e+38 -3.4e+38 -3.4e+38 -3.4e+38 -3.4e+38 -3.4e+38 -3.4e+38 -3.4e+38 -3.4e+38 -3.4e+38 -3.4e+38 -3.4e+38 -3.4e+38 -3.4e+38 -3.4e+38 -3.4e+38 -3.4e+38 -3.4e+38 -3.4e+38 -3.4e+38 -3.4e+38 -3.4e+38 -3.4e+38 -3.4e+38 -3.4e+38 -3.4e+38 -3.4e+38 -3.4e+38 0.243432626128197 0.271795511245728 0.306760996580124 0.323687165975571 0.313199639320374 0.310780137777328 0.302742451429367 0.29176265001297 0.282489120960236 0.289601624011993 0.304401814937592 0.296726554632187 0.279953390359879 0.269352734088898 0.25516352057457 0.242033943533897 0.255707085132599 0.272388190031052
-3.4e+38 -3.4e+38 -3.4e+38 -3.4e+38 -3.4e+38 -3.4e+38 -3.4e+38 -3.4e+38 -3.4e+38 -3.4e+38 -3.4e+38 -3.4e+38 -3.4e+38 -3.4e+38 -3.4e+38 -3.4e+38 -3.4e+38 -3.4e+38 -3.4e+38 -3.4e+38 -3.4e+38 -3.4e+38 -3.4e+38 -3.4e+38 -3.4e+38 -3.4e+38 -3.4e+38 -3.4e+38 -3.4e+38 -3.4e+38 -3.4e+38 -3.4e+38 -3.4e+38 0.32063353061676 0.318030804395676 0.306658506393433 0.306132465600967 0.296663492918015 0.290766924619675 0.274604260921478 0.275887936353683 0.288528233766556 0.286747694015503 0.277691632509232 0.274810463190079 0.263691872358322 0.242901265621185 0.242764696478844 0.259713470935822
-3.4e+38 -3.4e+38 -3.4e+38 -3.4e+38 -3.4e+38 -3.4e+38 -3.4e+38 -3.4e+38 -3.4e+38 -3.4e+38 -3.4e+38 -3.4e+38 -3.4e+38 -3.4e+38 -3.4e+38 -3.4e+38 -3.4e+38 -3.4e+38 -3.4e+38 -3.4e+38 -3.4e+38 -3.4e+38 -3.4e+38 -3.4e+38 -3.4e+38 -3.4e+38 -3.4e+38 -3.4e+38 -3.4e+38 -3.4e+38 -3.4e+38 -3.4e+38 -3.4e+38 -3.4e+38 0.308885544538498 0.291306763887405 0.293630838394165 0.28376641869545 0.271825134754181 0.258043825626373 0.257766038179398 0.25951012969017 0.253765672445297 0.246202275156975 0.248164534568787 0.242584750056267 0.227699115872383 0.21755588054657 0.219524636864662
-3.4e+38 -3.4e+38 -3.4e+38 -3.4e+38 -3.4e+38 -3.4e+38 -3.4e+38 -3.4e+38 -3.4e+38 -3.4e+38 -3.4e+38 -3.4e+38 -3.4e+38 -3.4e+38 -3.4e+38 -3.4e+38 -3.4e+38 -3.4e+38 -3.4e+38 -3.4e+38 -3.4e+38 -3.4e+38 -3.4e+38 -3.4e+38 -3.4e+38 -3.4e+38 -3.4e+38 -3.4e+38 -3.4e+38 -3.4e+38 -3.4e+38 -3.4e+38 -3.4e+38 -3.4e+38 0.294322848320007 0.287422329187393 0.305519491434097 0.27602607011795 0.243072032928467 0.241650745272636 0.238875776529312 0.224848821759224 0.219267338514328 0.213903576135635 0.215990409255028 0.211618810892105 0.206296071410179 0.204711019992828 0.216750845313072
-3.4e+38 -3.4e+38 -3.4e+38 -3.4e+38 -3.4e+38 -3.4e+38 -3.4e+38 -3.4e+38 -3.4e+38 -3.4e+38 -3.4e+38 -3.4e+38 -3.4e+38 -3.4e+38 -3.4e+38 -3.4e+38 -3.4e+38 -3.4e+38 -3.4e+38 -3.4e+38 -3.4e+38 -3.4e+38 -3.4e+38 -3.4e+38 -3.4e+38 -3.4e+38 -3.4e+38 -3.4e+38 -3.4e+38 -3.4e+38 -3.4e+38 -3.4e+38 -3.4e+38 -3.4e+38 0.302467674016953 0.297463834285736 0.304200023412704 0.260854780673981 0.21884922683239 0.235247507691383 0.231167644262314 0.218322142958641 0.212336972355843 0.21006652712822 0.210308566689491 0.196231722831726 0.1847984790802 0.187357217073441 0.218177005648613
-3.4e+38 -3.4e+38 -3.4e+38 -3.4e+38 -3.4e+38 -3.4e+38 -3.4e+38 -3.4e+38 -3.4e+38 -3.4e+38 -3.4e+38 -3.4e+38 -3.4e+38 -3.4e+38 -3.4e+38 -3.4e+38 -3.4e+38 -3.4e+38 -3.4e+38 -3.4e+38 -3.4e+38 -3.4e+38 -3.4e+38 -3.4e+38 -3.4e+38 -3.4e+38 -3.4e+38 -3.4e+38 -3.4e+38 -3.4e+38 -3.4e+38 -3.4e+38 -3.4e+38 -3.4e+38 -3.4e+38 0.292221397161484 0.275891900062561 0.241529509425163 0.228245541453362 0.235585287213326 0.222550585865974 0.215449616312981 0.211128443479538 0.214161261916161 0.215947866439819 0.202223718166351 0.185692086815834 0.172637283802032 0.186635673046112
-3.4e+38 -3.4e+38 -3.4e+38 -3.4e+38 -3.4e+38 -3.4e+38 -3.4e+38 -3.4e+38 -3.4e+38 -3.4e+38 -3.4e+38 -3.4e+38 -3.4e+38 -3.4e+38 -3.4e+38 -3.4e+38 -3.4e+38 -3.4e+38 -3.4e+38 -3.4e+38 -3.4e+38 -3.4e+38 -3.4e+38 -3.4e+38 -3.4e+38 -3.4e+38 -3.4e+38 -3.4e+38 -3.4e+38 -3.4e+38 -3.4e+38 -3.4e+38 -3.4e+38 -3.4e+38 -3.4e+38 -3.4e+38 0.283121377229691 0.25414177775383 0.239652514457703 0.215942084789276 0.195911273360252 0.212381511926651 0.210836827754974 0.197262316942215 0.20749069750309 0.204215303063393 0.19056062400341 0.181547105312347 0.185291901230812
-3.4e+38 -3.4e+38 -3.4e+38 -3.4e+38 -3.4e+38 -3.4e+38 -3.4e+38 -3.4e+38 -3.4e+38 -3.4e+38 -3.4e+38 -3.4e+38 -3.4e+38 -3.4e+38 -3.4e+38 -3.4e+38 -3.4e+38 -3.4e+38 -3.4e+38 -3.4e+38 -3.4e+38 -3.4e+38 -3.4e+38 -3.4e+38 -3.4e+38 -3.4e+38 -3.4e+38 -3.4e+38 -3.4e+38 -3.4e+38 -3.4e+38 -3.4e+38 -3.4e+38 -3.4e+38 -3.4e+38 -3.4e+38 -3.4e+38 0.251527816057205 0.22493214905262 0.198208957910538 0.188010290265083 0.210723668336868 0.204628735780716 0.186745658516884 0.202884823083878 0.183046475052834 0.179729416966438 0.194686353206635 0.188629701733589
-3.4e+38 -3.4e+38 -3.4e+38 -3.4e+38 -3.4e+38 -3.4e+38 -3.4e+38 -3.4e+38 -3.4e+38 -3.4e+38 -3.4e+38 -3.4e+38 -3.4e+38 -3.4e+38 -3.4e+38 -3.4e+38 -3.4e+38 -3.4e+38 -3.4e+38 -3.4e+38 -3.4e+38 -3.4e+38 -3.4e+38 -3.4e+38 -3.4e+38 -3.4e+38 -3.4e+38 -3.4e+38 -3.4e+38 -3.4e+38 -3.4e+38 -3.4e+38 -3.4e+38 -3.4e+38 -3.4e+38 -3.4e+38 -3.4e+38 -3.4e+38 0.222802177071571 0.206659525632858 0.203015103936195 0.216082751750946 0.216091260313988 0.209241554141045 0.202198565006256 0.171089008450508 0.177397713065147 0.202609598636627 0.19547837972641
