data/trimmed_ndre/W_ndre.711.2014.asc
NCOLS 130 
NROWS 71 
XLLCORNER 530645 
YLLCORNER 5158205 
CELLSIZE 5 
NODATA_value -3.4e+38 
[rows 42 to 62 of 71, columns 49 to 97 of 130]
0.488010287284851 0.454584002494812 0.435575932264328 0.448326736688614 0.493201106786728 0.549699544906616 0.572368204593658 0.541445076465607 0.505350768566132 0.455996721982956 0.429559320211411 0.432958722114563 0.435632944107056 0.44253209233284 0.463772088289261 0.483744859695435 0.506217241287231 0.520208418369293 0.530896365642548 0.544662475585938 0.552825570106506 0.563272714614868 0.573891818523407 0.580833077430725 0.5843905210495 0.578786194324493 0.567021191120148 0.55649995803833 0.552524209022522 0.555916309356689 0.568481922149658 0.554969251155853 0.533102631568909 0.542878150939941 0.542393982410431 0.523675203323364 0.509544730186462 0.520952522754669 0.522197782993317 0.52140599489212 0.539585828781128 0.533998727798462 0.550948858261108 0.578341364860535 0.571286261081696 0.583084523677826 0.5859015583992 0.577504694461823 0.55944949388504
0.424650996923447 0.392025500535965 0.400096833705902 0.430898040533066 0.500336229801178 0.557970702648163 0.570052862167358 0.542282044887543 0.478076100349426 0.41803702712059 0.404429465532303 0.434806108474731 0.458988010883331 0.476697325706482 0.477243602275848 0.487573802471161 0.510241031646729 0.513436198234558 0.526242911815643 0.550374388694763 0.553132116794586 0.564618647098541 0.57290917634964 0.568446278572083 0.569482326507568 0.562396287918091 0.552087903022766 0.550839781761169 0.541431546211243 0.540264368057251 0.553058683872223 0.543531060218811 0.543222784996033 0.558511137962341 0.5582075715065 0.538069665431976 0.527606070041656 0.542485654354095 0.53127121925354 0.525626063346863 0.533537745475769 0.528461277484894 0.549842536449432 0.575290143489838 0.574931979179382 0.597941279411316 0.599762916564941 0.580432236194611 0.57191389799118
0.371728718280792 0.368611842393875 0.40150374174118 0.434910267591476 0.505848109722137 0.567198753356934 0.578667342662811 0.560175061225891 0.486105442047119 0.41245573759079 0.39951229095459 0.416909217834473 0.456378072500229 0.487504363059998 0.471302449703217 0.478045493364334 0.514427781105042 0.52682226896286 0.537184774875641 0.556339263916016 0.565733015537262 0.57643723487854 0.577501595020294 0.563529551029205 0.556138813495636 0.547891914844513 0.54369044303894 0.545376598834991 0.536133170127869 0.529017090797424 0.533594012260437 0.534505009651184 0.543711245059967 0.557437121868134 0.558949410915375 0.549599826335907 0.550142049789429 0.556990146636963 0.543916523456573 0.533050894737244 0.532475590705872 0.535738468170166 0.553443074226379 0.561102688312531 0.569995164871216 0.591670572757721 0.596619725227356 0.587354898452759 0.590385675430298
0.373870313167572 0.390475988388062 0.417785555124283 0.445401221513748 0.497982114553452 0.562941074371338 0.591307282447815 0.57700389623642 0.515983104705811 0.445126056671143 0.421104043722153 0.411311596632004 0.440954357385635 0.469864010810852 0.458659470081329 0.480425447225571 0.51904171705246 0.537773847579956 0.544737935066223 0.567422032356262 0.586994707584381 0.586592018604279 0.584363698959351 0.574972450733185 0.562310099601746 0.544396102428436 0.543298542499542 0.546551883220673 0.537379264831543 0.524662435054779 0.529926538467407 0.543032109737396 0.545410215854645 0.549809038639069 0.551253795623779 0.549823522567749 0.556859791278839 0.562816500663757 0.556543052196503 0.551474332809448 0.553593933582306 0.565680861473083 0.575650095939636 0.566085994243622 0.576354801654816 0.604041635990143 0.614537537097931 0.614148199558258 0.614175915718079
0.409452140331268 0.426191180944443 0.440542787313461 0.456636428833008 0.488769888877869 0.540781080722809 0.578898727893829 0.570401608943939 0.535109400749207 0.485774517059326 0.45670422911644 0.445701241493225 0.472400993108749 0.492348074913025 0.489062249660492 0.521691799163818 0.538847506046295 0.543870270252228 0.556171715259552 0.587329626083374 0.605654954910278 0.593612134456635 0.587214052677155 0.588679075241089 0.573367536067963 0.539308905601501 0.52495938539505 0.533389329910278 0.536527872085571 0.523019731044769 0.536653220653534 0.550279200077057 0.542884230613708 0.541560411453247 0.54256671667099 0.544699966907501 0.551047444343567 0.565760016441345 0.567656695842743 0.562729477882385 0.571489095687866 0.590110421180725 0.596379280090332 0.582107782363892 0.597704768180847 0.628067553043365 0.639493346214294 0.637876987457275 0.636158764362335
0.448087722063065 0.456514328718185 0.463579654693604 0.474775344133377 0.497464925050735 0.524104535579681 0.559596478939056 0.56464159488678 0.544875264167786 0.51650995016098 0.487200647592545 0.484709322452545 0.51715350151062 0.536231577396393 0.547856390476227 0.572489798069 0.568167626857758 0.564978659152985 0.578063070774078 0.596050620079041 0.610861539840698 0.598056495189667 0.581318438053131 0.574920117855072 0.561497986316681 0.541106700897217 0.538456678390503 0.546311557292938 0.539851546287537 0.514322817325592 0.530474066734314 0.555444180965424 0.553620338439941 0.543825209140778 0.544454455375671 0.543867647647858 0.54177188873291 0.558970332145691 0.571999669075012 0.571679472923279 0.5764040350914 0.594286501407623 0.598313570022583 0.591304421424866 0.609837710857391 0.627569496631622 0.636193037033081 0.639469087123871 0.643919050693512
0.494920194149017 0.503515899181366 0.503303587436676 0.513609230518341 0.529316067695618 0.537400007247925 0.546055674552917 0.562504053115845 0.560235917568207 0.535981237888336 0.506152212619781 0.518421649932861 0.557830810546875 0.573725998401642 0.581639885902405 0.584987998008728 0.57664555311203 0.586930871009827 0.592678189277649 0.590442657470703 0.608327805995941 0.60286408662796 0.579758822917938 0.57144570350647 0.564057350158691 0.564584732055664 0.573408961296082 0.579983353614807 0.561653316020966 0.542616724967957 0.552512109279633 0.569474339485168 0.565311074256897 0.54671323299408 0.54644387960434 0.554276943206787 0.555399239063263 0.558428227901459 0.578213095664978 0.587597906589508 0.588955760002136 0.603717446327209 0.602943956851959 0.597974359989166 0.606429398059845 0.606900751590729 0.608997285366058 0.617609858512878 0.629002153873444
0.54281097650528 0.550512909889221 0.543272197246552 0.554762542247772 0.557835042476654 0.551657736301422 0.549512088298798 0.573497235774994 0.578122913837433 0.560896933078766 0.553125083446503 0.561993420124054 0.58458012342453 0.591978430747986 0.59603351354599 0.578835010528564 0.563074290752411 0.585833609104156 0.584753692150116 0.580911159515381 0.602394700050354 0.603930234909058 0.580684840679169 0.565975785255432 0.570577561855316 0.56458455324173 0.572699368000031 0.590318322181702 0.584403216838837 0.57772833108902 0.579782068729401 0.576316833496094 0.561180353164673 0.544560968875885 0.543968558311462 0.557729780673981 0.5601487159729 0.562960684299469 0.585983216762543 0.595924139022827 0.60272890329361 0.615607559680939 0.611725211143494 0.610943973064423 0.611117959022522 0.603992223739624 0.594160497188568 0.603186428546906 0.619030475616455
0.564386010169983 0.561852991580963 0.568653285503387 0.588586270809174 0.578886210918427 0.564831733703613 0.572919964790344 0.598623752593994 0.605186402797699 0.59146785736084 0.591606557369232 0.590569078922272 0.600918650627136 0.609155476093292 0.60686981678009 0.573909103870392 0.552932441234589 0.571392595767975 0.564255952835083 0.56922572851181 0.585517346858978 0.582815170288086 0.563525855541229 0.556075274944305 0.566336512565613 0.550525665283203 0.563456475734711 0.592511892318726 0.591528117656708 0.593660175800323 0.588348090648651 0.575448632240295 0.558299124240875 0.547106504440308 0.545646607875824 0.547526776790619 0.54643440246582 0.566095113754272 0.601406574249268 0.610439777374268 0.61914724111557 0.623771727085114 0.618326306343079 0.622862219810486 0.619407773017883 0.608454525470734 0.603291094303131 0.610034644603729 0.617622077465057
0.581632018089294 0.575006425380707 0.573882877826691 0.590084910392761 0.595020532608032 0.58812940120697 0.602191507816315 0.632328867912292 0.629147887229919 0.611469805240631 0.597031593322754 0.591518580913544 0.600196659564972 0.602771282196045 0.591676831245422 0.578587532043457 0.561592578887939 0.558602809906006 0.544332802295685 0.551441609859467 0.55837070941925 0.552070319652557 0.547377049922943 0.557867586612701 0.571098506450653 0.558638751506805 0.568921446800232 0.589734375476837 0.592432200908661 0.597276926040649 0.589628040790558 0.573253393173218 0.563760638237 0.561267495155334 0.554837167263031 0.549867868423462 0.559638202190399 0.589412152767181 0.615462958812714 0.616819024085999 0.628012180328369 0.62708568572998 0.619900166988373 0.626771211624146 0.617589831352234 0.606317520141602 0.610292613506317 0.605983972549438 0.605073392391205
0.593296051025391 0.590587198734283 0.57012015581131 0.572573721408844 0.59794807434082 0.622093856334686 0.645397901535034 0.656825184822083 0.643619239330292 0.626377820968628 0.605752646923065 0.592027962207794 0.589163720607758 0.575147449970245 0.564885258674622 0.575231492519379 0.559238970279694 0.535740435123444 0.528058171272278 0.541537523269653 0.546859085559845 0.550051867961884 0.557944357395172 0.573695540428162 0.585905909538269 0.582964181900024 0.584435880184174 0.59228789806366 0.600573837757111 0.602717101573944 0.594785630702972 0.582982540130615 0.575529456138611 0.569485485553741 0.561724007129669 0.56937563419342 0.589968323707581 0.608276724815369 0.615938365459442 0.614430129528046 0.626087486743927 0.627441763877869 0.622395634651184 0.620878517627716 0.603958010673523 0.589304447174072 0.585352063179016 0.577846884727478 0.583396553993225
0.609550654888153 0.605312347412109 0.585675776004791 0.587599635124207 0.619844555854797 0.648267924785614 0.660859167575836 0.658556759357452 0.646281361579895 0.62714421749115 0.596968770027161 0.5735182762146 0.56908243894577 0.557350635528564 0.541430473327637 0.535010099411011 0.52037638425827 0.523216187953949 0.536671459674835 0.547183394432068 0.552212119102478 0.56651097536087 0.583016753196716 0.589073181152344 0.591929972171783 0.595871567726135 0.602138161659241 0.60591858625412 0.613919198513031 0.611962676048279 0.601750254631042 0.591973185539246 0.5795578956604 0.569171726703644 0.559192299842834 0.571016192436218 0.595892429351807 0.608912765979767 0.619159460067749 0.621800541877747 0.622908353805542 0.612029731273651 0.611686587333679 0.607868850231171 0.589851021766663 0.580698430538177 0.564007937908173 0.555148601531982 0.572780907154083
0.626559376716614 0.625614583492279 0.612027823925018 0.615953147411346 0.634547889232635 0.64672577381134 0.647530674934387 0.644432783126831 0.628714561462402 0.607769072055817 0.578337967395782 0.554157316684723 0.552171587944031 0.554073512554169 0.530143916606903 0.502717971801758 0.500240325927734 0.530089974403381 0.55207896232605 0.547784566879272 0.543839395046234 0.564694941043854 0.582194328308105 0.584116816520691 0.588081359863281 0.595036804676056 0.601987481117249 0.598836183547974 0.611233532428741 0.613094627857208 0.599826157093048 0.590490281581879 0.578741252422333 0.557831406593323 0.539847254753113 0.542407631874084 0.577083110809326 0.606994807720184 0.620343446731567 0.627736926078796 0.614284515380859 0.592516183853149 0.596067428588867 0.595106482505798 0.58046954870224 0.582941770553589 0.568639516830444 0.56453949213028 0.581580102443695
0.627570867538452 0.631175220012665 0.62684166431427 0.630456745624542 0.638593375682831 0.641025602817535 0.632442593574524 0.625628352165222 0.605720043182373 0.583389341831207 0.565012216567993 0.550347447395325 0.545047998428345 0.545124351978302 0.53502893447876 0.511106848716736 0.505925059318542 0.523713231086731 0.547034621238708 0.544870793819427 0.531657516956329 0.539942681789398 0.556919395923615 0.574062049388885 0.591801881790161 0.587798774242401 0.570829451084137 0.567587316036224 0.592644453048706 0.605594456195831 0.595768928527832 0.586422264575958 0.582745611667633 0.554579377174377 0.521551311016083 0.515907287597656 0.550179898738861 0.591532766819 0.607803106307983 0.624020278453827 0.612720012664795 0.591223895549774 0.593680143356323 0.582864582538605 0.580487191677094 0.59258896112442 0.589138388633728 0.584421277046204 0.585699856281281
0.618421733379364 0.623233020305634 0.624811232089996 0.627532660961151 0.633933544158936 0.626951694488525 0.612541794776917 0.60819810628891 0.590864777565002 0.568732619285583 0.554578900337219 0.548935353755951 0.542626619338989 0.542464017868042 0.545179843902588 0.527392983436584 0.515444159507751 0.524340510368347 0.53619658946991 0.542613327503204 0.528900921344757 0.521382749080658 0.538451254367828 0.56874018907547 0.580336630344391 0.561585485935211 0.542015492916107 0.547761797904968 0.575088858604431 0.589140474796295 0.590607404708862 0.588459730148315 0.592568457126617 0.569843769073486 0.524332106113434 0.509361147880554 0.537456572055817 0.575017690658569 0.598616659641266 0.616774320602417 0.613203942775726 0.600935161113739 0.599776566028595 0.591065227985382 0.594126582145691 0.601771891117096 0.597259819507599 0.593741059303284 0.581210076808929
0.609686076641083 0.617185294628143 0.619464635848999 0.618235170841217 0.616170048713684 0.600908696651459 0.591799437999725 0.592221736907959 0.585345208644867 0.570164501667023 0.557637453079224 0.551948368549347 0.547173619270325 0.539926290512085 0.536291301250458 0.528230011463165 0.526310443878174 0.532423377037048 0.536987960338593 0.540390968322754 0.547900378704071 0.542464792728424 0.541770279407501 0.541269659996033 0.541367948055267 0.538538753986359 0.543635129928589 0.561907112598419 0.579627752304077 0.579859852790833 0.580071210861206 0.59017014503479 0.60344785451889 0.59792023897171 0.555781304836273 0.536653101444244 0.563857138156891 0.581327319145203 0.600394606590271 0.614071071147919 0.611288249492645 0.610322892665863 0.612128853797913 0.61121654510498 0.613833785057068 0.614951372146606 0.609753310680389 0.604941606521606 0.584087789058685
0.606590986251831 0.615143477916718 0.60918515920639 0.603675425052643 0.593538284301758 0.57740181684494 0.574222087860107 0.575950026512146 0.573140025138855 0.570395946502686 0.562422096729279 0.55386209487915 0.548953056335449 0.53081226348877 0.523596167564392 0.53305196762085 0.542360723018646 0.550899624824524 0.543505370616913 0.528920710086823 0.537246584892273 0.544280588626862 0.533076226711273 0.514228403568268 0.509509384632111 0.521843433380127 0.534437835216522 0.560518383979797 0.574830532073975 0.568281292915344 0.566765129566193 0.577100396156311 0.594913423061371 0.602464973926544 0.58726704120636 0.577159821987152 0.598491549491882 0.604810118675232 0.613607466220856 0.608998656272888 0.598458290100098 0.607063829898834 0.615710139274597 0.620491147041321 0.625068306922913 0.619671940803528 0.612963676452637 -3.4e+38 -3.4e+38
0.601823925971985 0.60692036151886 0.592095494270325 0.593104302883148 0.583788990974426 0.567244589328766 0.565820932388306 0.564175844192505 0.563714742660522 0.564327716827393 0.559962451457977 0.550798833370209 0.545871257781982 0.539546489715576 0.535098433494568 0.546329140663147 0.555839121341705 0.556172490119934 0.535071074962616 0.516167163848877 0.525317192077637 0.53236711025238 0.529857277870178 0.52119117975235 0.515712261199951 0.517758727073669 0.528976321220398 0.546749174594879 0.558925032615662 0.555687129497528 0.553913593292236 0.565020620822906 0.584406495094299 0.600307404994965 0.605133354663849 0.591335535049438 0.596648633480072 0.614829361438751 0.618275165557861 0.599863171577454 0.586091041564941 0.600853264331818 0.60738217830658 0.613654792308807 0.618450462818146 0.608225703239441 -3.4e+38 -3.4e+38 -3.4e+38
0.585689663887024 0.5888711810112 0.579277038574219 0.58776068687439 0.57894366979599 0.565341711044312 0.566143691539764 0.566263258457184 0.564454734325409 0.561738133430481 0.558503925800323 0.547950267791748 0.552411496639252 0.564345479011536 0.559435904026031 0.556435823440552 0.557075500488281 0.554948508739471 0.537014782428741 0.5265052318573 0.53266316652298 0.530190944671631 0.528979778289795 0.526427507400513 0.523233711719513 0.520113468170166 0.531588912010193 0.548513948917389 0.55756139755249 0.552914500236511 0.550928056240082 0.564514994621277 0.583641469478607 0.605945885181427 0.61898535490036 0.621419370174408 0.621552228927612 0.622828722000122 0.615459978580475 0.601833820343018 0.589669823646545 0.597778975963593 0.604948401451111 0.60894101858139 0.604511082172394 -3.4e+38 -3.4e+38 -3.4e+38 -3.4e+38
0.574666082859039 0.574311316013336 0.577728271484375 0.582632184028625 0.57772958278656 0.576196908950806 0.580483078956604 0.579446315765381 0.572787523269653 0.566437482833862 0.563090324401855 0.556441366672516 0.563419997692108 0.577049255371094 0.575020968914032 0.576842129230499 0.573636889457703 0.563262343406677 0.548020780086517 0.544108033180237 0.544691622257233 0.532526612281799 0.516169130802155 0.52032470703125 0.529543459415436 0.523982167243958 0.54274570941925 0.56198662519455 0.564563453197479 0.56048059463501 0.563341021537781 0.574375092983246 0.581326186656952 0.59436297416687 0.617491185665131 0.63728928565979 0.634366810321808 0.622370004653931 0.614950299263 0.608558595180511 0.591735422611237 -3.4e+38 -3.4e+38 -3.4e+38 -3.4e+38 -3.4e+38 -3.4e+38 -3.4e+38 -3.4e+38
0.573535621166229 0.568504929542542 0.585041761398315 0.600725293159485 0.59693968296051 0.601508259773254 0.59867537021637 0.592496275901794 0.586972594261169 0.58185225725174 0.577998340129852 0.573621153831482 0.568362832069397 0.574413120746613 0.585870444774628 0.595731258392334 0.591482043266296 0.565401494503021 0.543085932731628 0.534603178501129 0.52646416425705 0.511239767074585 0.495002299547195 0.515047192573547 0.534186065196991 0.528742551803589 0.552072048187256 0.565836608409882 0.565333724021912 0.568033039569855 0.580367565155029 0.589377045631409 0.588810443878174 0.588839054107666 0.610091984272003 -3.4e+38 -3.4e+38 -3.4e+38 -3.4e+38 -3.4e+38 -3.4e+38 -3.4e+38 -3.4e+38 -3.4e+38 -3.4e+38 -3.4e+38 -3.4e+38 -3.4e+38 -3.4e+38
