data/trimmed_ndre/W_ndre.84.2012_no_clouds.asc
NCOLS 130 
NROWS 71 
XLLCORNER 530645 
YLLCORNER 5158205 
CELLSIZE 5 
NODATA_value -3.4e+38 
[rows 21 to 41 of 71, columns 49 to 97 of 130]
0.46428307890892 0.463623940944672 0.452538430690765 0.42768007516861 0.415426224470139 0.41135561466217 0.40506786108017 0.407671123743057 0.399620592594147 0.391565591096878 0.391756504774094 0.365237355232239 0.356969207525253 0.364668637514114 0.373224973678589 0.373729258775711 0.383189022541046 0.398829162120819 -3.4e+38 -3.4e+38 -3.4e+38 -3.4e+38 -3.4e+38 -3.4e+38 -3.4e+38 -3.4e+38 -3.4e+38 -3.4e+38 -3.4e+38 -3.4e+38 -3.4e+38 -3.4e+38 -3.4e+38 -3.4e+38 -3.4e+38 -3.4e+38 -3.4e+38 -3.4e+38 -3.4e+38 -3.4e+38 -3.4e+38 -3.4e+38 -3.4e+38 -3.4e+38 -3.4e+38 -3.4e+38 -3.4e+38 -3.4e+38 -3.4e+38
0.463401615619659 0.457640647888184 0.428694248199463 0.406930267810822 0.412161827087402 0.415245413780212 0.409480571746826 0.412851274013519 0.41005864739418 0.394099444150925 0.381659120321274 0.357858270406723 0.350522130727768 0.354580163955688 0.347633838653564 0.343241631984711 0.359893262386322 0.363934934139252 0.368827939033508 0.367140889167786 0.377112537622452 0.368175208568573 0.358621805906296 0.382597416639328 0.396035611629486 0.394418507814407 0.38569450378418 0.377883017063141 -3.4e+38 -3.4e+38 -3.4e+38 -3.4e+38 -3.4e+38 -3.4e+38 -3.4e+38 -3.4e+38 -3.4e+38 -3.4e+38 -3.4e+38 -3.4e+38 -3.4e+38 -3.4e+38 -3.4e+38 -3.4e+38 -3.4e+38 -3.4e+38 -3.4e+38 -3.4e+38 -3.4e+38
0.458163887262344 0.453824013471603 0.425440847873688 0.409305781126022 0.409250557422638 0.408997625112534 0.400047123432159 0.399169713258743 0.403835207223892 0.388105720281601 0.389146476984024 0.384702533483505 0.366925746202469 0.359667986631393 0.3621806204319 0.357088327407837 0.363321006298065 0.36110907793045 0.344670653343201 0.337745606899261 0.348844259977341 0.360999584197998 0.370646148920059 0.384742021560669 0.387914448976517 0.392227351665497 0.394681960344315 0.394577085971832 0.390665262937546 -3.4e+38 -3.4e+38 -3.4e+38 -3.4e+38 -3.4e+38 -3.4e+38 -3.4e+38 -3.4e+38 -3.4e+38 -3.4e+38 -3.4e+38 -3.4e+38 -3.4e+38 -3.4e+38 -3.4e+38 -3.4e+38 -3.4e+38 -3.4e+38 -3.4e+38 -3.4e+38
0.459195643663406 0.461330354213715 0.45498913526535 0.433266013860703 0.4295814037323 0.431718498468399 0.413491547107697 0.404653668403625 0.398129761219025 0.380816638469696 0.390074342489243 0.398383289575577 0.381634652614594 0.363336205482483 0.377955377101898 0.37735852599144 0.37980055809021 0.363882601261139 0.347665876150131 0.347197741270065 0.34888169169426 0.368164658546448 0.388040632009506 0.392633497714996 0.393001735210419 0.399223685264587 0.410744488239288 0.410361588001251 0.395117521286011 0.376657009124756 -3.4e+38 -3.4e+38 -3.4e+38 -3.4e+38 -3.4e+38 -3.4e+38 -3.4e+38 -3.4e+38 -3.4e+38 -3.4e+38 -3.4e+38 -3.4e+38 -3.4e+38 -3.4e+38 -3.4e+38 -3.4e+38 -3.4e+38 -3.4e+38 -3.4e+38
0.467270851135254 0.471227049827576 0.469489842653275 0.434314399957657 0.426810443401337 0.430742979049683 0.413297772407532 0.409324377775192 0.404725581407547 0.395736545324326 0.405825078487396 0.404047518968582 0.391323000192642 0.370157301425934 0.382302492856979 0.381967931985855 0.374239176511765 0.355886846780777 0.36794638633728 0.375946015119553 0.36742576956749 0.385479122400284 0.401550114154816 0.406106799840927 0.412808328866959 0.425518125295639 0.424636453390121 0.412132292985916 0.392363458871841 0.369109958410263 0.353674322366714 -3.4e+38 -3.4e+38 -3.4e+38 -3.4e+38 -3.4e+38 -3.4e+38 -3.4e+38 -3.4e+38 -3.4e+38 -3.4e+38 -3.4e+38 -3.4e+38 -3.4e+38 -3.4e+38 -3.4e+38 -3.4e+38 -3.4e+38 -3.4e+38
0.466302871704102 0.470022410154343 0.463427931070328 0.442184716463089 0.436121851205826 0.428492873907089 0.410533666610718 0.397668153047562 0.400260508060455 0.408014535903931 0.402469038963318 0.39063972234726 0.390793710947037 0.381905227899551 0.392431169748306 0.399898797273636 0.384489566087723 0.361370354890823 0.375335514545441 0.378212034702301 0.376086056232452 0.398120552301407 0.409309595823288 0.419700175523758 0.436004847288132 0.443831712007523 0.430904120206833 0.411882609128952 0.393947184085846 0.367435336112976 0.351579576730728 0.349901854991913 0.37108314037323 0.386712789535522 -3.4e+38 -3.4e+38 -3.4e+38 -3.4e+38 -3.4e+38 -3.4e+38 -3.4e+38 -3.4e+38 -3.4e+38 -3.4e+38 -3.4e+38 -3.4e+38 -3.4e+38 -3.4e+38 -3.4e+38
0.453113377094269 0.459353387355804 0.446658074855804 0.447399079799652 0.445900350809097 0.448828130960464 0.441836476325989 0.418428003787994 0.416970014572144 0.42010897397995 0.402743518352509 0.389979213476181 0.395749926567078 0.388001710176468 0.386784195899963 0.398841083049774 0.392247438430786 0.369347125291824 0.373436212539673 0.382527768611908 0.388876289129257 0.402070850133896 0.41474711894989 0.4259914457798 0.441008627414703 0.441485971212387 0.431415349245071 0.416946291923523 0.396987766027451 0.372937023639679 0.3646579682827 0.361325919628143 0.374406039714813 0.38912096619606 0.401752918958664 0.398685485124588 0.416683793067932 0.420391082763672 0.410297513008118 0.421682626008987 0.427720367908478 0.430493265390396 0.431013077497482 0.435348212718964 0.440991848707199 0.440789610147476 0.437411308288574 0.429584383964539 0.41204035282135
0.465517848730087 0.475493520498276 0.458859086036682 0.440480917692184 0.433621644973755 0.442293584346771 0.448184430599213 0.437718451023102 0.434443205595016 0.432092130184174 0.422441691160202 0.414709895849228 0.411177426576614 0.397259056568146 0.394957602024078 0.408839643001556 0.40519043803215 0.389435857534409 0.394241958856583 0.414450526237488 0.409729570150375 0.41060933470726 0.422950744628906 0.432446092367172 0.439200550317764 0.433893501758575 0.434643477201462 0.424424767494202 0.402399152517319 0.388982623815536 0.393204748630524 0.385925948619843 0.397075146436691 0.408981800079346 0.404661446809769 0.403222233057022 0.4263536632061 0.417982280254364 0.400124430656433 0.419557243585587 0.419696062803268 0.423582553863525 0.432743549346924 0.436893343925476 0.442925155162811 0.446941435337067 0.442536145448685 0.424415171146393 0.40395113825798
0.488377928733826 0.503160297870636 0.485960125923157 0.449575006961823 0.431918263435364 0.430220514535904 0.429086476564407 0.428021222352982 0.434734702110291 0.441478133201599 0.43075492978096 0.417764246463776 0.416478514671326 0.420021295547485 0.422201663255692 0.431766420602798 0.434009253978729 0.426269173622131 0.431047350168228 0.436207711696625 0.421658158302307 0.426816910505295 0.439451456069946 0.442982822656631 0.436559200286865 0.431781470775604 0.44021737575531 0.42888405919075 0.417370587587357 0.421393245458603 0.425591319799423 0.416658014059067 0.428085029125214 0.425452142953873 0.420077711343765 0.435281813144684 0.439406663179398 0.427076399326324 0.416264295578003 0.430326998233795 0.430317252874374 0.440358281135559 0.443995505571365 0.438431650400162 0.438959658145905 0.437643319368362 0.443002790212631 0.42548394203186 0.393628686666489
0.492449283599854 0.508212387561798 0.491064876317978 0.462376743555069 0.445673137903214 0.442017436027527 0.425368845462799 0.40690079331398 0.40791329741478 0.419981330633163 0.423768103122711 0.423581480979919 0.428916096687317 0.433715879917145 0.432445466518402 0.426602512598038 0.426910072565079 0.423709481954575 0.415836095809937 0.418488919734955 0.421692430973053 0.417057454586029 0.422821462154388 0.434379756450653 0.427742898464203 0.431847214698792 0.443797200918198 0.432846039533615 0.43055322766304 0.433692365884781 0.43270081281662 0.432980954647064 0.443512678146362 0.433786600828171 0.444662302732468 0.451439291238785 0.43329268693924 0.437410801649094 0.421851098537445 0.420729517936707 0.436993330717087 0.446565449237823 0.441360771656036 0.427124977111816 0.423887073993683 0.425907999277115 0.435264825820923 0.425126582384109 0.400125861167908
0.494792193174362 0.507932066917419 0.496707528829575 0.483996450901031 0.476637065410614 0.470927327871323 0.448052048683167 0.417524486780167 0.404101341962814 0.415285676717758 0.43092930316925 0.436125159263611 0.43691673874855 0.433101743459702 0.425324290990829 0.414922803640366 0.412600666284561 0.408969044685364 0.396022111177444 0.39142107963562 0.398288667201996 0.390255033969879 0.387357503175735 0.412642866373062 0.414272725582123 0.412838935852051 0.419049322605133 0.418839395046234 0.421590209007263 0.417333573102951 0.41411417722702 0.4129279255867 0.421813875436783 0.430334687232971 0.442716866731644 0.438754200935364 0.42198970913887 0.432456135749817 0.404174774885178 0.405691236257553 0.423686623573303 0.423552572727203 0.426384776830673 0.416975885629654 0.409989595413208 0.415060460567474 0.420832544565201 0.413042277097702 0.397365123033524
0.504798471927643 0.507692873477936 0.506654679775238 0.506317555904388 0.498945772647858 0.484058320522308 0.470097810029984 0.458039283752441 0.447405695915222 0.446860492229462 0.441991060972214 0.43809786438942 0.436278223991394 0.437104225158691 0.433802455663681 0.428088217973709 0.423877865076065 0.419663846492767 0.404163807630539 0.38884699344635 0.392433851957321 0.386285215616226 0.382580578327179 0.400406062602997 0.403811395168304 0.391446113586426 0.390472382307053 0.396621018648148 0.397667080163956 0.394358932971954 0.386040419340134 0.383319705724716 0.397488176822662 0.414682358503342 0.415497481822968 0.431320071220398 0.416604906320572 0.413797587156296 0.407307624816895 0.40944430232048 0.410630971193314 0.407355010509491 0.427854239940643 0.42364302277565 0.416931062936783 0.417178243398666 0.420881271362305 0.418460369110107 0.414378017187119
0.483675360679626 0.482111811637878 0.491730779409409 0.501063466072083 0.500813841819763 0.480589717626572 0.465363472700119 0.468617528676987 0.472074002027512 0.470553427934647 0.455391764640808 0.449954897165298 0.448491245508194 0.446132242679596 0.445382118225098 0.440881967544556 0.4359210729599 0.428660333156586 0.421990096569061 0.416107654571533 0.413164049386978 0.403825461864471 0.408230423927307 0.411178559064865 0.402406066656113 0.399682760238647 0.401813387870789 0.408395737409592 0.403872579336166 0.392991900444031 0.391886055469513 0.394139587879181 0.3892482817173 0.394016116857529 0.403841555118561 0.426322638988495 0.404768168926239 0.407425791025162 0.432342201471329 0.421978175640106 0.412635982036591 0.418449223041534 0.43661168217659 0.434240788221359 0.434375643730164 0.436043441295624 0.43916580080986 0.438780784606934 0.435955017805099
0.454325824975967 0.448360085487366 0.452262789011002 0.467926651239395 0.47472670674324 0.464262068271637 0.454745799303055 0.456257790327072 0.459492474794388 0.467501312494278 0.469638645648956 0.471058428287506 0.466939628124237 0.455989092588425 0.447224944829941 0.436958283185959 0.426069766283035 0.419878959655762 0.424849301576614 0.431529670953751 0.428927510976791 0.421277046203613 0.424727827310562 0.420561909675598 0.408858239650726 0.411711573600769 0.426365107297897 0.437353014945984 0.430069595575333 0.413775503635406 0.411038458347321 0.407010734081268 0.398847609758377 0.39947372674942 0.401495695114136 0.408941119909286 0.408218622207642 0.411577969789505 0.422995716333389 0.416378796100616 0.417933493852615 0.426115095615387 0.429043710231781 0.424048185348511 0.43117567896843 0.443268567323685 0.452691853046417 0.448053061962128 0.446609377861023
0.447180181741714 0.441561847925186 0.445606201887131 0.453146606683731 0.457305938005447 0.455308824777603 0.463646233081818 0.472425758838654 0.46276593208313 0.46517288684845 0.472640752792358 0.472977697849274 0.466079205274582 0.454805731773376 0.443835943937302 0.435799330472946 0.426234900951385 0.417141646146774 0.419532656669617 0.427670061588287 0.427213042974472 0.426931709051132 0.429869383573532 0.421669006347656 0.416589766740799 0.419538199901581 0.428571432828903 0.43332251906395 0.425692349672318 0.415397614240646 0.41205894947052 0.412324160337448 0.414054870605469 0.410982012748718 0.403586983680725 0.404683917760849 0.408283770084381 0.41577211022377 0.418523788452148 0.418527990579605 0.418802738189697 0.420676708221436 0.420699328184128 0.42134702205658 0.4233058989048 0.426375061273575 0.430952399969101 0.441067278385162 0.442958682775497
0.44470751285553 0.438398092985153 0.444001823663712 0.447673469781876 0.448891460895538 0.450943440198898 0.459545195102692 0.463925719261169 0.459953933954239 0.462243169546127 0.461366027593613 0.456093639135361 0.449506253004074 0.43798416852951 0.437049269676208 0.442991673946381 0.440877467393875 0.428667098283768 0.416207015514374 0.412623792886734 0.415259003639221 0.42044198513031 0.427069544792175 0.421422570943832 0.420966565608978 0.419961303472519 0.417301923036575 0.414396047592163 0.410533398389816 0.40810489654541 0.413812816143036 0.423713088035583 0.424248456954956 0.420658886432648 0.416026651859283 0.410094112157822 0.412495911121368 0.423790007829666 0.43015244603157 0.424805968999863 0.428291618824005 0.43621551990509 0.435837537050247 0.437597960233688 0.432588428258896 0.415721565485001 0.403782039880753 0.416195452213287 0.430760502815247
0.440903604030609 0.441653341054916 0.440818101167679 0.439333766698837 0.439909100532532 0.45048514008522 0.460088223218918 0.454602360725403 0.463339477777481 0.470923990011215 0.462638199329376 0.451425313949585 0.4367915391922 0.422820597887039 0.422152638435364 0.435360252857208 0.441791832447052 0.426251620054245 0.406786561012268 0.402285277843475 0.402060836553574 0.407679349184036 0.416666358709335 0.416262179613113 0.418247431516647 0.413931518793106 0.415665298700333 0.420327603816986 0.424073696136475 0.418300151824951 0.417986929416656 0.425166070461273 0.423472166061401 0.422903835773468 0.423451691865921 0.417190134525299 0.421360939741135 0.431876987218857 0.434465378522873 0.427469432353973 0.436680674552917 0.450970739126205 0.444838434457779 0.443431198596954 0.440630435943604 0.432448536157608 0.424911469221115 0.431643486022949 0.4395771920681
0.428092151880264 0.425339341163635 0.418890595436096 0.410501271486282 0.400074511766434 0.411347478628159 0.436907827854156 0.448032766580582 0.452855139970779 0.462344974279404 0.46031865477562 0.448563367128372 0.432131409645081 0.422605216503143 0.41776379942894 0.423793584108353 0.42757773399353 0.416125327348709 0.399798631668091 0.398401468992233 0.396758884191513 0.402014195919037 0.406613022089005 0.409507483243942 0.416091591119766 0.409578710794449 0.40686222910881 0.412810683250427 0.427173405885696 0.425101459026337 0.419105708599091 0.418508738279343 0.416387915611267 0.417151242494583 0.424184948205948 0.421380251646042 0.426574409008026 0.437441945075989 0.43437397480011 0.425470739603043 0.436426252126694 0.445357084274292 0.436906814575195 0.440654963254929 0.44223827123642 0.438602477312088 0.440976589918137 0.448089748620987 0.448252230882645
0.39633309841156 0.375014871358871 0.364746868610382 0.365453273057938 0.361166566610336 0.377942085266113 0.399367690086365 0.423588812351227 0.444235175848007 0.452997773885727 0.462814658880234 0.444823116064072 0.412153333425522 0.405803859233856 0.401364058256149 0.413334846496582 0.426169395446777 0.421578168869019 0.402964323759079 0.394090324640274 0.405241578817368 0.410160690546036 0.402973592281342 0.408152878284454 0.418790519237518 0.410593003034592 0.395702689886093 0.397287994623184 0.416972815990448 0.422179639339447 0.419113755226135 0.413271516561508 0.407818138599396 0.411465674638748 0.420856833457947 0.423293381929398 0.430210411548615 0.433359950780869 0.426676541566849 0.421214461326599 0.427821040153503 0.436422258615494 0.441594660282135 0.44568458199501 0.443606019020081 0.437679409980774 0.433805137872696 0.441708624362946 0.446596443653107
0.364604771137238 0.338585168123245 0.328583896160126 0.336423993110657 0.3584104180336 0.404155552387238 0.424779564142227 0.432288855314255 0.442078411579132 0.450693070888519 0.459593743085861 0.445783495903015 0.4266097843647 0.421361297369003 0.407873719930649 0.416371405124664 0.426356941461563 0.414598822593689 0.403063744306564 0.396928757429123 0.412154585123062 0.419663488864899 0.405464261770248 0.410626918077469 0.423232048749924 0.421084046363831 0.404385477304459 0.401742666959763 0.414139956235886 0.417820781469345 0.420325845479965 0.414558529853821 0.411389231681824 0.416506975889206 0.424306899309158 0.424795567989349 0.427998155355453 0.427773028612137 0.42668741941452 0.425047546625137 0.425999581813812 0.431716620922089 0.439458519220352 0.436313837766647 0.432562619447708 0.427057504653931 0.429033488035202 0.441350996494293 0.438179522752762
0.342816710472107 0.326104789972305 0.324847400188446 0.335427463054657 0.369734525680542 0.412850826978683 0.43130424618721 0.436032265424728 0.435079008340836 0.443491905927658 0.439607292413712 0.428169548511505 0.436694175004959 0.44353973865509 0.433205902576447 0.432951927185059 0.425027817487717 0.411899745464325 0.406505703926086 0.394980132579803 0.408122539520264 0.421335786581039 0.41560897231102 0.419190257787704 0.4250667989254 0.419130265712738 0.410058319568634 0.417829126119614 0.422751724720001 0.408154964447021 0.414683610200882 0.421636283397675 0.421752005815506 0.425718694925308 0.423083007335663 0.420019865036011 0.422708332538605 0.428905695676804 0.435541033744812 0.434397608041763 0.430930286645889 0.440421998500824 0.443396985530853 0.432278364896774 0.422347486019135 0.422511905431747 0.431762456893921 0.443964540958405 0.430865854024887
