data/trimmed_ndre/W_ndre.621.2011_no_clouds.asc
NCOLS 130 
NROWS 71 
XLLCORNER 530645 
YLLCORNER 5158205 
CELLSIZE 5 
NODATA_value -3.4e+38 
[rows 42 to 62 of 71, columns 49 to 97 of 130]
0.482831835746765 0.503896951675415 0.511228680610657 0.506470441818237 0.542644619941711 0.547859787940979 0.537828922271729 0.515879273414612 0.450761079788208 0.411228895187378 0.41789248585701 0.445613741874695 0.463131308555603 0.457588613033295 0.457840919494629 0.465175479650497 0.456040650606155 0.452828347682953 0.425310909748077 0.390517383813858 0.392021328210831 0.403254061937332 0.392032444477081 0.390053957700729 0.406893998384476 0.397958517074585 0.382565051317215 0.394703805446625 0.408512353897095 0.40930363535881 0.409077048301697 0.407722264528275 0.413518339395523 0.421479821205139 0.395091414451599 0.383289813995361 0.403842806816101 0.408766806125641 0.436532080173492 0.453704178333282 0.43142968416214 0.437211245298386 0.440602213144302 0.434789001941681 0.449800252914429 0.449503630399704 0.448160648345947 0.46345379948616 0.467277109622955
0.478839218616486 0.484842568635941 0.513881504535675 0.514203727245331 0.543399453163147 0.570978403091431 0.527892768383026 0.504095494747162 0.460752129554749 0.409338176250458 0.414667338132858 0.469786763191223 0.505320608615875 0.495452553033829 0.493879079818726 0.507362902164459 0.511012196540833 0.50287914276123 0.472366034984589 0.449346661567688 0.445868402719498 0.45183190703392 0.436218172311783 0.416156738996506 0.415625929832458 0.439337968826294 0.45143449306488 0.459647983312607 0.46596747636795 0.460392653942108 0.460542321205139 0.460353314876556 0.457177102565765 0.452002614736557 0.419157385826111 0.421208381652832 0.437464952468872 0.445420056581497 0.455142498016357 0.454592376947403 0.45529517531395 0.458174020051956 0.450116753578186 0.447797507047653 0.430969774723053 0.433162540197372 0.446234911680222 0.45001757144928 0.444392740726471
0.463601410388947 0.458445876836777 0.487502366304398 0.504291653633118 0.521360516548157 0.535106480121613 0.511973798274994 0.477719366550446 0.435192048549652 0.389470219612122 0.383730351924896 0.456178277730942 0.509552121162415 0.493540436029434 0.481246888637543 0.490095436573029 0.502877950668335 0.500070154666901 0.482043296098709 0.486500978469849 0.469832271337509 0.449098408222198 0.444946378469467 0.455888211727142 0.462486147880554 0.47573247551918 0.500260591506958 0.510501265525818 0.498144567012787 0.492823541164398 0.508298695087433 0.520445704460144 0.499955594539642 0.479042232036591 0.462599724531174 0.472746878862381 0.470366686582565 0.44014972448349 0.455569982528687 0.455546945333481 0.445469379425049 0.444232374429703 0.436866968870163 0.440052807331085 0.457102000713348 0.454247981309891 0.445889830589294 0.452188402414322 0.470327198505402
0.475746661424637 0.473031967878342 0.47417888045311 0.497571736574173 0.537716150283813 0.527870953083038 0.48026704788208 0.436246454715729 0.415213197469711 0.387337535619736 0.387510806322098 0.418817847967148 0.460512906312943 0.461852848529816 0.451455682516098 0.469908177852631 0.473908305168152 0.470076233148575 0.460933566093445 0.463636964559555 0.440566092729568 0.43115958571434 0.461723655462265 0.470633745193481 0.484344512224197 0.496086806058884 0.507460296154022 0.507801949977875 0.499594241380692 0.495079636573792 0.510654091835022 0.519277930259705 0.495924681425095 0.48680391907692 0.496394902467728 0.498490780591965 0.496482998132706 0.467211604118347 0.46389427781105 0.44961029291153 0.425745218992233 0.442448168992996 0.470315545797348 0.465348541736603 0.479684293270111 0.487302899360657 0.484953105449677 0.488570541143417 0.509231925010681
0.492892861366272 0.511137545108795 0.503316283226013 0.515997052192688 0.555153071880341 0.513093233108521 0.455990523099899 0.431926697492599 0.414578139781952 0.383411407470703 0.393945038318634 0.436622053384781 0.470394462347031 0.454634010791779 0.450431495904922 0.472308576107025 0.452491909265518 0.447003901004791 0.447363287210464 0.441679388284683 0.430091589689255 0.426289409399033 0.453127145767212 0.463591426610947 0.486534386873245 0.489144384860992 0.468600571155548 0.452070653438568 0.457607537508011 0.461604982614517 0.448526203632355 0.442958354949951 0.459335923194885 0.476645857095718 0.489934295415878 0.466794192790985 0.458459943532944 0.471780002117157 0.470094949007034 0.460111171007156 0.445903539657593 0.454597800970078 0.477183312177658 0.4840187728405 0.489897906780243 0.515802979469299 0.538262009620667 0.535154223442078 0.531637012958527
0.471459448337555 0.497443675994873 0.501105666160583 0.503486454486847 0.513109683990479 0.487047731876373 0.447340309619904 0.414283633232117 0.386414468288422 0.371865510940552 0.428390860557556 0.491875857114792 0.477854877710342 0.437448054552078 0.463936150074005 0.493112087249756 0.449459731578827 0.432257652282715 0.428460866212845 0.442277431488037 0.457091569900513 0.447418600320816 0.442985057830811 0.45138418674469 0.467118412256241 0.460733473300934 0.433815836906433 0.407233119010925 0.407175153493881 0.40074023604393 0.37717068195343 0.375471472740173 0.414090931415558 0.427826374769211 0.444686889648438 0.433034926652908 0.423158913850784 0.44946551322937 0.46284943819046 0.448612987995148 0.460518628358841 0.480754464864731 0.485087394714355 0.482323527336121 0.482949733734131 0.504069268703461 0.539179146289825 0.547185897827148 0.541110813617706
0.462375700473785 0.485047519207001 0.474917083978653 0.467415392398834 0.472080707550049 0.473208427429199 0.43336021900177 0.382105141878128 0.358262002468109 0.385643243789673 0.458251684904099 0.487713575363159 0.449969470500946 0.424154758453369 0.467542469501495 0.479041278362274 0.424449592828751 0.40075695514679 0.414562791585922 0.43645641207695 0.463275074958801 0.456908106803894 0.451235383749008 0.445046812295914 0.434845685958862 0.429672092199326 0.40032109618187 0.377225756645203 0.381286829710007 0.369780421257019 0.347663998603821 0.373237133026123 0.424254685640335 0.420097410678864 0.429338395595551 0.450026422739029 0.457434862852097 0.455129116773605 0.464832097291946 0.472543150186539 0.473814219236374 0.501961946487427 0.508588194847107 0.489374399185181 0.486844271421432 0.500868678092957 0.522835552692413 0.531664669513702 0.531269252300262
0.456893712282181 0.494138389825821 0.482204496860504 0.500459134578705 0.479454010725021 0.433926641941071 0.41044682264328 0.386194944381714 0.388199836015701 0.435025900602341 0.473692148923874 0.457593142986298 0.436740666627884 0.436596602201462 0.438415974378586 0.420697838068008 0.382286638021469 0.378047972917557 0.417626917362213 0.422529280185699 0.429098516702652 0.434378325939178 0.430772721767426 0.42816099524498 0.400454491376877 0.363014250993729 0.343199044466019 0.356964975595474 0.384231895208359 0.383919388055801 0.352231681346893 0.372937142848969 0.420933663845062 0.429108262062073 0.443275183439255 0.455647617578506 0.464897394180298 0.459758281707764 0.48707902431488 0.500168323516846 0.491730690002441 0.511299669742584 0.502450823783875 0.503451943397522 0.513814985752106 0.516724407672882 0.524969279766083 0.525637984275818 0.5166956782341
0.435389369726181 0.464838117361069 0.468131422996521 0.478099167346954 0.462399810552597 0.421089649200439 0.415484666824341 0.422230750322342 0.421094000339508 0.454002618789673 0.485278874635696 0.450235426425934 0.459733933210373 0.467377245426178 0.430943518877029 0.406648397445679 0.397063761949539 0.415795475244522 0.455303996801376 0.439022988080978 0.430694997310638 0.434356063604355 0.427480399608612 0.413361638784409 0.388586014509201 0.35167121887207 0.347838878631592 0.378440052270889 0.393146753311157 0.373858243227005 0.363448143005371 0.394516438245773 0.404817700386047 0.415111869573593 0.449706673622131 0.465361952781677 0.464260220527649 0.471271514892578 0.492666572332382 0.501535058021545 0.508569419384003 0.518784821033478 0.500300824642181 0.509400606155396 0.519502580165863 0.515571177005768 0.519126534461975 0.51979798078537 0.515665173530579
0.407737970352173 0.402803242206573 0.403328448534012 0.414587318897247 0.43437272310257 0.421390026807785 0.415335893630981 0.449306756258011 0.463867038488388 0.45799720287323 0.463765561580658 0.441813588142395 0.458707928657532 0.468104064464569 0.428675532341003 0.415551632642746 0.433493882417679 0.468849629163742 0.478366494178772 0.44277811050415 0.436319649219513 0.450112342834473 0.447836339473724 0.426518678665161 0.42375972867012 0.397182285785675 0.384398996829987 0.405668407678604 0.407571047544479 0.398431807756424 0.415054857730865 0.459123820066452 0.454137027263641 0.455224186182022 0.489529639482498 0.481621652841568 0.48001155257225 0.481438845396042 0.492629140615463 0.503423690795898 0.510545015335083 0.508510947227478 0.500687539577484 0.500622391700745 0.50045120716095 0.503642439842224 0.498885840177536 0.495102763175964 0.484135746955872
0.375985264778137 0.350482165813446 0.354324519634247 0.389945864677429 0.419641494750977 0.42502361536026 0.422765523195267 0.439593017101288 0.456054031848907 0.442117959260941 0.448487967252731 0.446721941232681 0.440686345100403 0.462193131446838 0.433901935815811 0.406009137630463 0.421213090419769 0.44887563586235 0.446145862340927 0.419779181480408 0.433931261301041 0.45612895488739 0.44947937130928 0.429752856492996 0.416068583726883 0.409118831157684 0.426441192626953 0.439128905534744 0.437145918607712 0.439220309257507 0.45433783531189 0.477026283740997 0.496371358633041 0.503676950931549 0.508508026599884 0.509061098098755 0.526124477386475 0.513638257980347 0.517446041107178 0.525600075721741 0.510636389255524 0.501528918743134 0.501577913761139 0.500249803066254 0.479578346014023 0.47800213098526 0.476253151893616 0.463356614112854 0.431736409664154
0.379031389951706 0.341579526662827 0.3531094789505 0.371803551912308 0.389285534620285 0.40728947520256 0.418147921562195 0.424395203590393 0.448029637336731 0.471937924623489 0.495665699243546 0.464280635118484 0.42291647195816 0.462207436561584 0.45940575003624 0.422728091478348 0.409725278615952 0.408864915370941 0.429162174463272 0.441555589437485 0.436531960964203 0.427737951278687 0.394968867301941 0.401699095964432 0.432871460914612 0.42852571606636 0.423826396465302 0.438439011573792 0.442237019538879 0.448214322328568 0.477129220962524 0.488635063171387 0.493161261081696 0.498460680246353 0.497208565473557 0.511859774589539 0.534323513507843 0.527445256710052 0.537950456142426 0.534299314022064 0.505282938480377 0.506525814533234 0.511316001415253 0.492888242006302 0.454762279987335 0.45729187130928 0.466090530157089 0.451857477426529 0.424440890550613
0.380111515522003 0.344499617815018 0.350311100482941 0.344551235437393 0.342703461647034 0.373123377561569 0.404458284378052 0.438462048768997 0.460562735795975 0.479623228311539 0.495951980352402 0.492562234401703 0.472794681787491 0.487234681844711 0.489962488412857 0.479191899299622 0.455900937318802 0.441464960575104 0.459498077630997 0.480195730924606 0.45983675122261 0.409035861492157 0.362975150346756 0.402391642332077 0.468632221221924 0.457550168037415 0.419619470834732 0.441925078630447 0.475837886333466 0.485305666923523 0.496884733438492 0.502276182174683 0.486903458833694 0.492868036031723 0.496155470609665 0.507930874824524 0.524587690830231 0.517582893371582 0.524755358695984 0.503166437149048 0.471962600946426 0.472548454999924 0.461711406707764 0.45496129989624 0.448115438222885 0.448406368494034 0.443529278039932 0.420037299394608 0.417886793613434
0.361172258853912 0.364575743675232 0.374311566352844 0.35385063290596 0.343821465969086 0.356917530298233 0.386100500822067 0.430468738079071 0.443749040365219 0.451342970132828 0.468859076499939 0.506234705448151 0.512586712837219 0.484810143709183 0.469311624765396 0.468592882156372 0.480910956859589 0.473317891359329 0.453336298465729 0.450660079717636 0.453177034854889 0.412000000476837 0.383117109537125 0.434898734092712 0.487412095069885 0.495406776666641 0.480105638504028 0.503364205360413 0.532878756523132 0.533221900463104 0.522364020347595 0.545002043247223 0.549289643764496 0.533554017543793 0.527219772338867 0.52498996257782 0.518276154994965 0.504261314868927 0.505210340023041 0.470619797706604 0.43558070063591 0.42727392911911 0.404357999563217 0.421121448278427 0.438695341348648 0.42773962020874 0.422782868146896 0.411901861429214 0.42364102602005
0.413666486740112 0.411939024925232 0.432288199663162 0.411982148885727 0.410260379314423 0.386812627315521 0.380864471197128 0.407068610191345 0.40120255947113 0.414410471916199 0.437741965055466 0.451144605875015 0.453069597482681 0.435324311256409 0.420238137245178 0.422363370656967 0.443915754556656 0.458122819662094 0.459903329610825 0.451178669929504 0.441456735134125 0.405881762504578 0.399055123329163 0.453131526708603 0.471049547195435 0.477613896131516 0.492571622133255 0.52468478679657 0.546008884906769 0.539695024490356 0.529309332370758 0.542694270610809 0.542535185813904 0.535210251808167 0.534417152404785 0.530649602413177 0.517777502536774 0.50808972120285 0.501469552516937 0.467444628477097 0.441366076469421 0.430203378200531 0.424614191055298 0.440853863954544 0.453934133052826 0.43843549489975 0.440863817930222 0.448187410831451 0.431530088186264
0.455686330795288 0.459537237882614 0.474713951349258 0.467898845672607 0.469936937093735 0.438860327005386 0.406230360269547 0.390576273202896 0.3731629550457 0.412444144487381 0.440257728099823 0.438243985176086 0.429717510938644 0.412712901830673 0.405077576637268 0.421873688697815 0.437302798032761 0.427873581647873 0.423818856477737 0.420386970043182 0.411424964666367 0.378003299236298 0.38993176817894 0.43665686249733 0.437312364578247 0.441380679607391 0.461143165826797 0.488015651702881 0.497219115495682 0.493425130844116 0.493807762861252 0.499761283397675 0.501683950424194 0.50264835357666 0.497132688760757 0.497847199440002 0.497302085161209 0.49269711971283 0.482016175985336 0.468205809593201 0.459938496351242 0.459682375192642 0.451976656913757 0.438463360071182 0.449884802103043 0.454590380191803 0.456493228673935 0.462498188018799 0.43828672170639
0.473583966493607 0.477300405502319 0.482533246278763 0.498981446027756 0.503460764884949 0.470727235078812 0.442823678255081 0.397157102823257 0.365441501140594 0.400089114904404 0.418105006217957 0.420477628707886 0.426298916339874 0.426725119352341 0.429612100124359 0.450175106525421 0.45649841427803 0.43238765001297 0.40606290102005 0.396885573863983 0.392303347587585 0.36860191822052 0.387622833251953 0.41895204782486 0.423019826412201 0.437059909105301 0.453351646661758 0.47235444188118 0.481039673089981 0.485748767852783 0.485826432704926 0.492149263620377 0.500528335571289 0.510471761226654 0.49239793419838 0.475983798503876 0.482986986637115 0.481543272733688 0.465193629264832 0.446642756462097 0.438566029071808 0.432262599468231 0.433064490556717 0.43303045630455 0.443960338830948 0.447681188583374 0.435090452432632 -3.4e+38 -3.4e+38
0.489197015762329 0.489725947380066 0.492118418216705 0.515385985374451 0.508604764938354 0.46606457233429 0.444608718156815 0.394381999969482 0.35675323009491 0.369853645563126 0.375042051076889 0.385625898838043 0.392429798841476 0.388633638620377 0.390940457582474 0.421775937080383 0.434256792068481 0.425393491983414 0.409781932830811 0.393902093172073 0.389214664697647 0.394916623830795 0.419510334730148 0.432590961456299 0.443730503320694 0.461458414793015 0.474182337522507 0.477546781301498 0.473522186279297 0.481927812099457 0.491849511861801 0.506613194942474 0.506559193134308 0.501326560974121 0.475827395915985 0.47120201587677 0.488070517778397 0.487625271081924 0.468955874443054 0.453897267580032 0.45245561003685 0.4374058842659 0.437999844551086 0.455015629529953 0.460359632968903 0.457341909408569 -3.4e+38 -3.4e+38 -3.4e+38
0.481143832206726 0.491949200630188 0.514891743659973 0.528956949710846 0.513008713722229 0.475752085447311 0.451835632324219 0.416311234235764 0.378627061843872 0.359957337379456 0.361694186925888 0.36980202794075 0.381516814231873 0.367966771125793 0.362318873405457 0.391814649105072 0.39767661690712 0.408583551645279 0.416214168071747 0.410146057605743 0.394979923963547 0.401147603988647 0.428105473518372 0.433956414461136 0.438376307487488 0.460011512041092 0.47419199347496 0.466592460870743 0.45188894867897 0.449827790260315 0.452237606048584 0.462178468704224 0.483247071504593 0.495059221982956 0.469683200120926 0.46247062087059 0.467023849487305 0.464816957712173 0.445838212966919 0.431080341339111 0.454900711774826 0.461066633462906 0.449653923511505 0.448185473680496 0.437922835350037 -3.4e+38 -3.4e+38 -3.4e+38 -3.4e+38
0.48387810587883 0.498489707708359 0.528648376464844 0.532600522041321 0.515180349349976 0.481573522090912 0.469820767641068 0.461296707391739 0.420992821455002 0.385550796985626 0.385053038597107 0.37845042347908 0.358250945806503 0.357687950134277 0.387850850820541 0.426171779632568 0.426433831453323 0.421695917844772 0.431688189506531 0.437415212392807 0.414700746536255 0.404218345880508 0.436603099107742 0.45776104927063 0.476668268442154 0.493766069412231 0.490612685680389 0.464699685573578 0.455034345388412 0.467964351177216 0.475928962230682 0.479697734117508 0.484075456857681 0.484212636947632 0.467894792556763 0.453318744897842 0.438220620155334 0.44230917096138 0.441272556781769 0.432173758745193 0.442164421081543 -3.4e+38 -3.4e+38 -3.4e+38 -3.4e+38 -3.4e+38 -3.4e+38 -3.4e+38 -3.4e+38
0.498777687549591 0.500157535076141 0.522609710693359 0.525009572505951 0.509879767894745 0.484671622514725 0.478319674730301 0.466974467039108 0.420186072587967 0.391292601823807 0.387112140655518 0.369673252105713 0.339154958724976 0.348480820655823 0.388207614421844 0.433099240064621 0.452434688806534 0.437763303518295 0.432762712240219 0.439358204603195 0.435377836227417 0.432554453611374 0.449407786130905 0.469967097043991 0.495693534612656 0.51311844587326 0.506197333335876 0.480871200561523 0.461362451314926 0.461329519748688 0.470912724733353 0.484136193990707 0.489787667989731 0.458888411521912 0.436260044574738 -3.4e+38 -3.4e+38 -3.4e+38 -3.4e+38 -3.4e+38 -3.4e+38 -3.4e+38 -3.4e+38 -3.4e+38 -3.4e+38 -3.4e+38 -3.4e+38 -3.4e+38 -3.4e+38
