data/trimmed_ndre/W_ndre.715.2013_no_clouds.asc
NCOLS 130 
NROWS 71 
XLLCORNER 530645 
YLLCORNER 5158205 
CELLSIZE 5 
NODATA_value -3.4e+38 
[rows 21 to 41 of 71, columns 49 to 97 of 130]
0.179888114333153 0.169238939881325 0.168870985507965 0.133849084377289 0.143417716026306 0.146276980638504 0.136427789926529 0.136427789926529 0.15480150282383 0.154208496212959 0.147178590297699 0.144916757941246 0.140186622738838 0.140745878219604 0.140745878219604 0.129287704825401 0.140464201569557 0.157483533024788 -3.4e+38 -3.4e+38 -3.4e+38 -3.4e+38 -3.4e+38 -3.4e+38 -3.4e+38 -3.4e+38 -3.4e+38 -3.4e+38 -3.4e+38 -3.4e+38 -3.4e+38 -3.4e+38 -3.4e+38 -3.4e+38 -3.4e+38 -3.4e+38 -3.4e+38 -3.4e+38 -3.4e+38 -3.4e+38 -3.4e+38 -3.4e+38 -3.4e+38 -3.4e+38 -3.4e+38 -3.4e+38 -3.4e+38 -3.4e+38 -3.4e+38
0.187139198184013 0.18217745423317 0.168870985507965 0.154123589396477 0.154123589396477 0.154689833521843 0.137108266353607 0.14739578962326 0.15480150282383 0.154208496212959 0.141735106706619 0.143523752689362 0.147647455334663 0.157796949148178 0.138369426131248 0.138369426131248 0.138140395283699 0.156819835305214 0.153167247772217 0.143104076385498 0.134975343942642 0.139030575752258 0.139030575752258 0.149717688560486 0.160375595092773 0.153242468833923 0.140550702810287 0.147572249174118 -3.4e+38 -3.4e+38 -3.4e+38 -3.4e+38 -3.4e+38 -3.4e+38 -3.4e+38 -3.4e+38 -3.4e+38 -3.4e+38 -3.4e+38 -3.4e+38 -3.4e+38 -3.4e+38 -3.4e+38 -3.4e+38 -3.4e+38 -3.4e+38 -3.4e+38 -3.4e+38 -3.4e+38
0.187209606170654 0.187209606170654 0.173781037330627 0.150659769773483 0.156323805451393 0.156323805451393 0.157136797904968 0.148211091756821 0.153835773468018 0.151909455657005 0.136018201708794 0.143606320023537 0.140106335282326 0.157796949148178 0.148240551352501 0.144411012530327 0.1482784897089 0.143050476908684 0.132905945181847 0.143104076385498 0.134178057312965 0.126041904091835 0.133581936359406 0.133581936359406 0.14987713098526 0.138660922646523 0.14883853495121 0.151265025138855 0.148628115653992 -3.4e+38 -3.4e+38 -3.4e+38 -3.4e+38 -3.4e+38 -3.4e+38 -3.4e+38 -3.4e+38 -3.4e+38 -3.4e+38 -3.4e+38 -3.4e+38 -3.4e+38 -3.4e+38 -3.4e+38 -3.4e+38 -3.4e+38 -3.4e+38 -3.4e+38 -3.4e+38
0.211127176880836 0.188369587063789 0.188369587063789 0.160771504044533 0.136309221386909 0.152674987912178 0.148313462734222 0.147898256778717 0.151153832674026 0.151153832674026 0.138507798314095 0.143606320023537 0.149592339992523 0.155399963259697 0.138192966580391 0.145413637161255 0.145411252975464 0.143050476908684 0.134745091199875 0.152786076068878 0.152786076068878 0.143307968974113 0.125411882996559 0.144810229539871 0.153448432683945 0.134535044431686 0.141734585165977 0.141734585165977 0.137274861335754 0.153515994548798 -3.4e+38 -3.4e+38 -3.4e+38 -3.4e+38 -3.4e+38 -3.4e+38 -3.4e+38 -3.4e+38 -3.4e+38 -3.4e+38 -3.4e+38 -3.4e+38 -3.4e+38 -3.4e+38 -3.4e+38 -3.4e+38 -3.4e+38 -3.4e+38 -3.4e+38
0.174428910017014 0.156897753477097 0.197056576609612 0.197857707738876 0.136309221386909 0.128661513328552 0.128659203648567 0.135360062122345 0.155140548944473 0.159286633133888 0.138507798314095 0.140811651945114 0.146857917308807 0.136880666017532 0.132570549845695 0.142900601029396 0.148027583956718 0.148027583956718 0.137459114193916 0.158932775259018 0.159897923469543 0.138261184096336 0.125411882996559 0.151142165064812 0.151142165064812 0.158417090773582 0.149576544761658 0.121897719800472 0.137274861335754 0.144587218761444 0.129890918731689 -3.4e+38 -3.4e+38 -3.4e+38 -3.4e+38 -3.4e+38 -3.4e+38 -3.4e+38 -3.4e+38 -3.4e+38 -3.4e+38 -3.4e+38 -3.4e+38 -3.4e+38 -3.4e+38 -3.4e+38 -3.4e+38 -3.4e+38 -3.4e+38
0.188128486275673 0.169758036732674 0.199596762657166 0.171054005622864 0.149789243936539 0.168376863002777 0.156141519546509 0.156134635210037 0.155133873224258 0.150025025010109 0.149361535906792 0.148076370358467 0.151873216032982 0.145347833633423 0.132568210363388 0.141231462359428 0.157406032085419 0.151354685425758 0.145428493618965 0.14875902235508 0.148851037025452 0.148851037025452 0.136257648468018 0.161559358239174 0.162746369838715 0.162746369838715 0.149576544761658 0.138175711035728 0.15449059009552 0.141873329877853 0.125751465559006 0.140081092715263 0.141506433486938 0.141031876206398 -3.4e+38 -3.4e+38 -3.4e+38 -3.4e+38 -3.4e+38 -3.4e+38 -3.4e+38 -3.4e+38 -3.4e+38 -3.4e+38 -3.4e+38 -3.4e+38 -3.4e+38 -3.4e+38 -3.4e+38
0.157025367021561 0.169758036732674 0.171136856079102 0.17387381196022 0.17387381196022 0.161095604300499 0.172243982553482 0.151289939880371 0.145648375153542 0.134575024247169 0.149528235197067 0.149528235197067 0.156933546066284 0.145347833633423 0.146536305546761 0.140006259083748 0.151037737727165 0.142867803573608 0.164786204695702 0.14875902235508 0.143589332699776 0.144984573125839 0.144984573125839 0.16409957408905 0.160172179341316 0.157290026545525 0.155785068869591 0.14123722910881 0.145845711231232 0.145845711231232 0.125751465559006 0.140081092715263 0.140596821904182 0.136510193347931 0.150324314832687 0.138371184468269 0.131438314914703 0.13945946097374 0.139975562691689 0.152782678604126 0.152782678604126 0.163977652788162 0.153770744800568 0.157926559448242 0.15100722014904 0.142289668321609 0.150255307555199 0.150255307555199 0.13995498418808
0.15582101047039 0.15582101047039 0.148638218641281 0.176455616950989 0.185891836881638 0.161095604300499 0.155749544501305 0.150921329855919 0.150921329855919 0.173372223973274 0.134216785430908 0.134979337453842 0.141052603721619 0.137420654296875 0.142183691263199 0.158664718270302 0.161921888589859 0.142867803573608 0.155316710472107 0.155316710472107 0.157027617096901 0.152428150177002 0.153406336903572 0.16409957408905 0.146366834640503 0.155705168843269 0.155705168843269 0.140386298298836 0.149623677134514 0.131384015083313 0.131384015083313 0.146823033690453 0.138710677623749 0.140921726822853 0.160336315631866 0.135754644870758 0.145303994417191 0.14530274271965 0.14385823905468 0.159832254052162 0.165767833590508 0.158655658364296 0.153770744800568 0.144763797521591 0.137483537197113 0.142289668321609 0.149497509002686 0.147651478648186 0.139947384595871
0.168882474303246 0.127950415015221 0.156767830252647 0.168433234095573 0.174533754587173 0.185952365398407 0.18322828412056 0.182185336947441 0.180669188499451 0.184390589594841 0.134216785430908 0.157257109880447 0.162271648645401 0.179311588406563 0.163408190011978 0.167098343372345 0.161921888589859 0.15739843249321 0.172499001026154 0.175884112715721 0.178580984473228 0.159971162676811 0.161577478051186 0.152290165424347 0.154241994023323 0.164035007357597 0.149727240204811 0.142855808138847 0.149623677134514 0.133141681551933 0.141144573688507 0.148696094751358 0.138852000236511 0.144842028617859 0.160336315631866 0.15041321516037 0.149211466312408 0.14588837325573 0.14588837325573 0.159937664866447 0.165842831134796 0.147476300597191 0.15309676527977 0.151208713650703 0.155550047755241 0.155550047755241 0.149497509002686 0.16003206372261 0.161520451307297
0.168771505355835 0.149389356374741 0.185493528842926 0.171901673078537 0.16285452246666 0.17671312391758 0.17671312391758 0.151627406477928 0.180669188499451 0.163576766848564 0.16058823466301 0.148607134819031 0.16868644952774 0.16868644952774 0.163408190011978 0.170616343617439 0.188222318887711 0.194052264094353 0.191335394978523 0.184219285845757 0.16260951757431 0.170281454920769 0.16829015314579 0.162585139274597 0.162585139274597 0.169047728180885 0.149727240204811 0.155734643340111 0.157684043049812 0.151647418737411 0.165307074785233 0.165307074785233 0.128784596920013 0.160718962550163 0.152455240488052 0.152455240488052 0.156606405973434 0.147293329238892 0.139228254556656 0.159937664866447 0.146083042025566 0.146785616874695 0.146785616874695 0.158392801880836 0.150476589798927 0.153580725193024 0.159235924482346 0.163557887077332 0.173869445919991
0.120058879256248 0.149383500218391 0.186933547258377 0.186933547258377 0.177869647741318 0.206936120986938 0.190538987517357 0.151624873280525 0.192837074398994 0.166277468204498 0.166277468204498 0.178338825702667 0.198664799332619 0.173824682831764 0.173824682831764 0.168785065412521 0.17541092634201 0.177500888705254 0.183426514267921 0.184219285845757 0.178573906421661 0.178573906421661 0.160617217421532 0.162276685237885 0.177363619208336 0.169047728180885 0.163908526301384 0.158569172024727 0.168662622570992 0.160020902752876 0.175276905298233 0.146459221839905 0.146459221839905 0.168438494205475 0.163676306605339 0.163095191121101 0.176034063100815 0.147293329238892 0.15905137360096 0.15905137360096 0.161672666668892 0.167724639177322 0.176996231079102 0.158392801880836 0.165879562497139 0.164498820900917 0.161787196993828 0.162203267216682 0.166200146079063
0.180495172739029 0.16157291829586 0.160058438777924 0.213257014751434 0.170846506953239 0.206936120986938 0.186901703476906 0.196013793349266 0.20434433221817 0.211327776312828 0.182214096188545 0.178338825702667 0.207239285111427 0.187776878476143 0.219232797622681 0.217440113425255 0.164122924208641 0.176709026098251 0.176709026098251 0.180163636803627 0.185714736580849 0.167413324117661 0.167413324117661 0.162276685237885 0.155250936746597 0.163308143615723 0.164726376533508 0.169296815991402 0.165916249155998 0.188581824302673 0.151163503527641 0.146035090088844 0.166259363293648 0.151318624615669 0.155151531100273 0.20751741528511 0.176034063100815 0.158972471952438 0.158107459545135 0.161316260695457 0.161316260695457 0.1956986784935 0.176996231079102 0.167523011565208 0.176421910524368 0.17358760535717 0.157424584031105 0.152423590421677 0.166200146079063
0.169492468237877 0.169492468237877 0.159399464726448 0.18767674267292 0.228326067328453 0.19024270772934 0.206880211830139 0.239941135048866 0.239941135048866 0.185599610209465 0.182214096188545 0.195541083812714 0.191386535763741 0.202177792787552 0.184220910072327 0.198086395859718 0.164122924208641 0.163647934794426 0.162385076284409 0.162385076284409 0.171706914901733 0.189439028501511 0.167930260300636 0.151479914784431 0.140845268964767 0.147080898284912 0.147080898284912 0.193747654557228 0.165916249155998 0.160830989480019 0.146391913294792 0.14094452559948 0.148080244660378 0.151696667075157 0.155151531100273 0.163582593202591 0.159401923418045 0.159401923418045 0.144734606146812 0.146365523338318 0.161231353878975 0.16520830988884 0.15422560274601 0.136946186423302 0.136946186423302 0.143762722611427 0.157424584031105 0.162831485271454 0.162831485271454
0.164993822574615 0.178664192557335 0.159399464726448 0.174975112080574 0.179708436131477 0.179708436131477 0.175901338458061 0.165982127189636 0.190386787056923 0.185676082968712 0.205820932984352 0.177116751670837 0.177116751670837 0.158919170498848 0.184220910072327 0.160273894667625 0.160273894667625 0.163633063435555 0.147805243730545 0.144352674484253 0.171706914901733 0.159792512655258 0.150515601038933 0.150515601038933 0.148586615920067 0.153308227658272 0.170345261693001 0.162410467863083 0.156613826751709 0.141952574253082 0.145228073000908 0.14113076031208 0.159275352954865 0.150873914361 0.15086817741394 0.154812186956406 0.15631203353405 0.169392019510269 0.175975620746613 0.146366804838181 0.159386813640594 0.166165754199028 0.140781387686729 0.15505139529705 0.200118958950043 0.143762722611427 0.144050315022469 0.146859243512154 0.153298035264015
0.204536944627762 0.170120775699615 0.170120775699615 0.172706127166748 0.169423654675484 0.158707559108734 0.173182189464569 0.165975734591484 0.194513142108917 0.209869787096977 0.21737265586853 0.192034184932709 0.197375565767288 0.158912897109985 0.18835124373436 0.16206519305706 0.167231544852257 0.160790845751762 0.144980549812317 0.145095616579056 0.145095616579056 0.139653563499451 0.154236510396004 0.155929446220398 0.159805312752724 0.153308227658272 0.160439476370811 0.144056275486946 0.153853073716164 0.147363021969795 0.157110214233398 0.14113076031208 0.149401545524597 0.159368947148323 0.152867674827576 0.147816643118858 0.134768307209015 0.154624655842781 0.131983056664467 0.135728523135185 0.141710489988327 0.151732504367828 0.151732504367828 0.15505139529705 0.150962561368942 0.136805340647697 0.164644867181778 0.147100418806076 0.137335881590843
0.160421833395958 0.152645617723465 0.147865235805511 0.147858843207359 0.159994646906853 0.165931522846222 0.180198773741722 0.174100950360298 0.164419457316399 0.187713429331779 0.187713429331779 0.192034184932709 0.188448026776314 0.178420424461365 0.161175414919853 0.179648280143738 0.151021376252174 0.155432611703873 0.148879036307335 0.14116707444191 0.135270014405251 0.135270014405251 0.1550173163414 0.170502319931984 0.150605082511902 0.158089682459831 0.151915594935417 0.143197104334831 0.143197104334831 0.152915969491005 0.157110214233398 0.176051393151283 0.165828302502632 0.16799858212471 0.150336086750031 0.154697343707085 0.134768307209015 0.144999518990517 0.141020983457565 0.141020983457565 0.136447295546532 0.15163666009903 0.155482843518257 0.177110224962234 0.14713753759861 0.136930793523788 0.144342496991158 0.171636700630188 0.137335881590843
0.158344134688377 0.160027131438255 0.150750115513802 0.190755784511566 0.159994646906853 0.17883288860321 0.161860838532448 0.161860838532448 0.161433607339859 0.151442900300026 0.187243357300758 0.199322551488876 0.166080817580223 0.165660500526428 0.147551104426384 0.156117767095566 0.151021376252174 0.161004588007927 0.161004588007927 0.158625870943069 0.146932944655418 0.176914691925049 0.1550173163414 0.142536714673042 0.151969641447067 0.151969641447067 0.142128497362137 0.140039369463921 0.139188647270203 0.139188647270203 0.15234799683094 0.156901806592941 0.163820937275887 0.150898307561874 0.150336086750031 0.133210241794586 0.133210241794586 0.151749134063721 0.165387660264969 0.154819086194038 0.136447295546532 0.149547055363655 0.163126975297928 0.154037073254585 0.150302067399025 0.136508584022522 0.150822684168816 0.150814443826675 0.161856904625893
0.14390903711319 0.151004910469055 0.150750115513802 0.158657506108284 0.164243966341019 0.153860941529274 0.158118739724159 0.158237054944038 0.16143923997879 0.140064373612404 0.163275361061096 0.164645820856094 0.161257043480873 0.174642965197563 0.127572566270828 0.127572566270828 0.138383135199547 0.15755507349968 0.171805426478386 0.157999783754349 0.162276312708855 0.156218856573105 0.153147891163826 0.139449506998062 0.144215360283852 0.140968084335327 0.159787029027939 0.140039369463921 0.134543344378471 0.129567578434944 0.148041918873787 0.147664979100227 0.153970897197723 0.150898307561874 0.153693825006485 0.137994736433029 0.162440404295921 0.162440404295921 0.165387660264969 0.154819086194038 0.170901015400887 0.164608389139175 0.164030626416206 0.167103081941605 0.177434355020523 0.136508584022522 0.142180278897285 0.149579882621765 0.150796324014664
0.162803620100021 0.149325981736183 0.132012605667114 0.140103220939636 0.134494587779045 0.134494587779045 0.155240625143051 0.158231168985367 0.150835126638412 0.15737122297287 0.172575414180756 0.189536184072495 0.193317413330078 0.17463693022728 0.140472069382668 0.142845064401627 0.148340240120888 0.149733036756516 0.134021282196045 0.16040426492691 0.140739426016808 0.149208471179008 0.161330431699753 0.161330431699753 0.155449762940407 0.140968084335327 0.151003703474998 0.14937287569046 0.138723626732826 0.145706921815872 0.145706921815872 0.147664979100227 0.139393046498299 0.148095816373825 0.148095816373825 0.141712084412575 0.173896983265877 0.159713700413704 0.149102166295052 0.137416586279869 0.151505887508392 0.158242285251617 0.149638235569 0.167103081941605 0.162856325507164 0.162856325507164 0.153789848089218 0.159629613161087 0.155905485153198
0.154701873660088 0.134031116962433 0.134031116962433 0.139812767505646 0.143289640545845 0.13545435667038 0.144979521632195 0.15119856595993 0.1565952450037 0.1565952450037 0.169690668582916 0.189536184072495 0.167696446180344 0.167696446180344 0.152766898274422 0.174465164542198 0.150423586368561 0.149733036756516 0.136087656021118 0.116877302527428 0.116877302527428 0.131671562790871 0.161330431699753 0.143339902162552 0.155449762940407 0.142182409763336 0.151686266064644 0.145443096756935 0.14285497367382 0.145706921815872 0.14681550860405 0.14681550860405 0.142062366008759 0.144516095519066 0.151840671896935 0.129372775554657 0.173896983265877 0.149103343486786 0.137238368391991 0.141582831740379 0.14850527048111 0.137557655572891 0.149638235569 0.160231053829193 0.154987081885338 0.151309967041016 0.143808126449585 0.144494816660881 0.160703763365746
0.158680200576782 0.13346466422081 0.133223205804825 0.139709055423737 0.143289640545845 0.149715781211853 0.137474983930588 0.152938798069954 0.152761027216911 0.156197682023048 0.169690668582916 0.164194837212563 0.156338006258011 0.161398634314537 0.154111951589584 0.168255373835564 0.139407888054848 0.139413833618164 0.138572096824646 0.15131439268589 0.151620507240295 0.160045400261879 0.161330431699753 0.147268623113632 0.127405375242233 0.124535992741585 0.137417554855347 0.158741623163223 0.14285497367382 0.141539126634598 0.145966440439224 0.144090428948402 0.155319198966026 0.153007790446281 0.144393414258957 0.14604863524437 0.163472205400467 0.163420096039772 0.157788157463074 0.157788157463074 0.14850527048111 0.14176382124424 0.138787403702736 0.145416051149368 0.145182490348816 0.143198996782303 0.143808126449585 0.148613259196281 0.167809173464775
