data/trimmed_ndre/W_ndre.722.2014_no_clouds.asc
NCOLS 130 
NROWS 71 
XLLCORNER 530645 
YLLCORNER 5158205 
CELLSIZE 5 
NODATA_value -3.4e+38 
[rows 0 to 20 of 71, columns 0 to 48 of 130]
-339999999999999996123846586046231871488.000000000000000 -3.4e+38 -3.4e+38 -3.4e+38 -3.4e+38 -3.4e+38 -3.4e+38 -3.4e+38 -3.4e+38 -3.4e+38 -3.4e+38 0.335948586463928 0.309929817914963 0.294159144163132 0.279489487409592 0.28096604347229 0.300311684608459 -3.4e+38 -3.4e+38 -3.4e+38 -3.4e+38 -3.4e+38 -3.4e+38 -3.4e+38 -3.4e+38 -3.4e+38 -3.4e+38 -3.4e+38 -3.4e+38 -3.4e+38 -3.4e+38 -3.4e+38 -3.4e+38 -3.4e+38 -3.4e+38 -3.4e+38 -3.4e+38 -3.4e+38 -3.4e+38 -3.4e+38 -3.4e+38 -3.4e+38 -3.4e+38 -3.4e+38 -3.4e+38 -3.4e+38 -3.4e+38 -3.4e+38 -3.4e+38
-3.4e+38 -3.4e+38 -3.4e+38 -3.4e+38 -3.4e+38 -3.4e+38 -3.4e+38 -3.4e+38 -3.4e+38 -3.4e+38 0.410517662763596 0.341773688793182 0.321815699338913 0.300912231206894 0.279337763786316 0.271570235490799 0.284783691167831 0.310799568891525 -3.4e+38 -3.4e+38 -3.4e+38 -3.4e+38 -3.4e+38 -3.4e+38 -3.4e+38 -3.4e+38 -3.4e+38 -3.4e+38 -3.4e+38 -3.4e+38 -3.4e+38 -3.4e+38 -3.4e+38 -3.4e+38 -3.4e+38 -3.4e+38 -3.4e+38 -3.4e+38 -3.4e+38 -3.4e+38 -3.4e+38 -3.4e+38 -3.4e+38 -3.4e+38 -3.4e+38 -3.4e+38 -3.4e+38 -3.4e+38 -3.4e+38
-3.4e+38 -3.4e+38 -3.4e+38 -3.4e+38 -3.4e+38 -3.4e+38 -3.4e+38 -3.4e+38 0.412940353155136 0.433946639299393 0.417858928442001 0.38661402463913 0.353774219751358 0.316982865333557 0.293193072080612 0.281698077917099 0.290398955345154 0.305047035217285 0.310707658529282 -3.4e+38 -3.4e+38 -3.4e+38 -3.4e+38 -3.4e+38 -3.4e+38 -3.4e+38 -3.4e+38 -3.4e+38 -3.4e+38 -3.4e+38 -3.4e+38 -3.4e+38 -3.4e+38 -3.4e+38 -3.4e+38 -3.4e+38 -3.4e+38 -3.4e+38 -3.4e+38 -3.4e+38 -3.4e+38 -3.4e+38 -3.4e+38 -3.4e+38 -3.4e+38 -3.4e+38 -3.4e+38 -3.4e+38 -3.4e+38
-3.4e+38 -3.4e+38 -3.4e+38 -3.4e+38 -3.4e+38 -3.4e+38 -3.4e+38 -3.4e+38 -3.4e+38 0.466991186141968 0.438309729099274 0.423822849988937 0.381378024816513 0.334562629461288 0.311604678630829 0.2934750020504 0.292050749063492 0.313026160001755 0.319437623023987 0.377676218748093 0.439934074878693 -3.4e+38 -3.4e+38 -3.4e+38 -3.4e+38 -3.4e+38 -3.4e+38 -3.4e+38 -3.4e+38 -3.4e+38 -3.4e+38 -3.4e+38 0.390919744968414 0.357221901416779 -3.4e+38 -3.4e+38 -3.4e+38 -3.4e+38 -3.4e+38 -3.4e+38 -3.4e+38 -3.4e+38 -3.4e+38 -3.4e+38 -3.4e+38 -3.4e+38 -3.4e+38 -3.4e+38 -3.4e+38
-3.4e+38 -3.4e+38 -3.4e+38 -3.4e+38 -3.4e+38 -3.4e+38 -3.4e+38 -3.4e+38 -3.4e+38 0.47464844584465 0.436587601900101 0.40941047668457 0.370658606290817 0.330602526664734 0.315880537033081 0.297453463077545 0.296292543411255 0.328045874834061 0.346521109342575 0.39118692278862 0.429703950881958 0.445653945207596 0.475235551595688 0.492629736661911 0.492299109697342 0.488443046808243 0.487739831209183 0.470097005367279 -3.4e+38 -3.4e+38 -3.4e+38 0.401524126529694 0.398277014493942 0.380259305238724 0.362878531217575 0.380709379911423 0.386240184307098 -3.4e+38 -3.4e+38 -3.4e+38 -3.4e+38 -3.4e+38 -3.4e+38 -3.4e+38 -3.4e+38 -3.4e+38 -3.4e+38 -3.4e+38 -3.4e+38
-3.4e+38 -3.4e+38 -3.4e+38 -3.4e+38 -3.4e+38 -3.4e+38 -3.4e+38 -3.4e+38 -3.4e+38 0.439049273729324 0.430761843919754 0.399520337581635 0.364216774702072 0.339306265115738 0.325234800577164 0.308939397335052 0.30215522646904 0.307259440422058 0.327633261680603 0.382010638713837 0.418297171592712 0.433684557676315 0.455398768186569 0.46874612569809 0.469741106033325 0.469986408948898 0.464899837970734 0.446531385183334 0.435550689697266 0.449004083871841 0.429465293884277 0.394761204719543 0.40226075053215 0.409674763679504 0.402974218130112 0.389526426792145 0.37983962893486 0.386925250291824 0.395498752593994 0.359546452760696 -3.4e+38 -3.4e+38 -3.4e+38 -3.4e+38 -3.4e+38 -3.4e+38 -3.4e+38 -3.4e+38 -3.4e+38
-3.4e+38 -3.4e+38 -3.4e+38 -3.4e+38 -3.4e+38 -3.4e+38 -3.4e+38 -3.4e+38 -3.4e+38 0.420536398887634 0.419587135314941 0.381390661001205 0.344490110874176 0.3424212038517 0.340690225362778 0.333340495824814 0.322102844715118 0.30624532699585 0.316898465156555 0.358949810266495 0.397182583808899 0.41661924123764 0.429646193981171 0.437131315469742 0.442137151956558 0.451155811548233 0.460743337869644 0.452496707439423 0.427339255809784 0.425095468759537 0.423868507146835 0.397368282079697 0.393585652112961 0.40494978427887 0.412724941968918 0.408923387527466 0.398129492998123 0.391169905662537 0.400021970272064 0.388888090848923 0.377904266119003 0.377886384725571 -3.4e+38 -3.4e+38 -3.4e+38 -3.4e+38 -3.4e+38 -3.4e+38 -3.4e+38
-3.4e+38 -3.4e+38 -3.4e+38 -3.4e+38 -3.4e+38 -3.4e+38 -3.4e+38 -3.4e+38 -3.4e+38 0.410103529691696 0.398221760988235 0.351970732212067 0.312108129262924 0.32413312792778 0.33054393529892 0.336468756198883 0.323297768831253 0.318496376276016 0.325935900211334 0.342500597238541 0.37943896651268 0.39758637547493 0.414236217737198 0.421193867921829 0.427452385425568 0.44091609120369 0.4655601978302 0.465676814317703 0.439329564571381 0.422057926654816 0.427805423736572 0.398144245147705 0.385895997285843 0.403024733066559 0.404306977987289 0.408957839012146 0.403881400823593 0.396890729665756 0.403793543577194 0.411638826131821 0.405289202928543 0.380594521760941 0.389317870140076 -3.4e+38 -3.4e+38 -3.4e+38 -3.4e+38 -3.4e+38 -3.4e+38
-3.4e+38 -3.4e+38 -3.4e+38 -3.4e+38 -3.4e+38 -3.4e+38 -3.4e+38 -3.4e+38 0.418173521757126 0.402677148580551 0.394140392541885 0.325665324926376 0.289947330951691 0.30343097448349 0.304884552955627 0.309971779584885 0.315173983573914 0.330183625221252 0.340134084224701 0.350766360759735 0.376849055290222 0.398195266723633 0.417376577854156 0.425355911254883 0.417420834302902 0.416247099637985 0.435481429100037 0.449219793081284 0.441248863935471 0.428687483072281 0.417909532785416 0.393528461456299 0.385861247777939 0.394416213035583 0.387425094842911 0.400299459695816 0.395845770835876 0.395694583654404 0.40620145201683 0.405008286237717 0.400817513465881 0.38709944486618 0.404217153787613 0.393692851066589 0.373661607503891 0.375832438468933 0.38030132651329 -3.4e+38 -3.4e+38
-3.4e+38 -3.4e+38 -3.4e+38 -3.4e+38 -3.4e+38 -3.4e+38 -3.4e+38 0.460857778787613 0.433980673551559 0.412948906421661 0.419927269220352 0.344186872243881 0.314998358488083 0.305455088615417 0.283178836107254 0.279603153467178 0.305176317691803 0.337535381317139 0.353167176246643 0.359778225421906 0.373332262039185 0.397849529981613 0.419437855482101 0.425288200378418 0.413452178239822 0.406535863876343 0.419556736946106 0.428616166114807 0.433310031890869 0.416160315275192 0.389156997203827 0.39032518863678 0.402882486581802 0.392586350440979 0.378818660974503 0.389216065406799 0.38652765750885 0.391969293355942 0.401184797286987 0.389584511518478 0.393416196107864 0.414228111505508 0.421433508396149 0.401475965976715 0.396995484828949 0.403667330741882 0.396060317754745 0.379048854112625 -3.4e+38
-3.4e+38 -3.4e+38 -3.4e+38 -3.4e+38 -3.4e+38 -3.4e+38 0.44876691699028 0.462381839752197 0.460893511772156 0.445747405290604 0.430574864149094 0.39405232667923 0.366604447364807 0.341961026191711 0.283568918704987 0.264628767967224 0.297915011644363 0.34085601568222 0.355642765760422 0.350584834814072 0.366930216550827 0.394431352615356 0.416738837957382 0.42210379242897 0.417367845773697 0.41748034954071 0.421197533607483 0.41872450709343 0.40703085064888 0.377011507749557 0.359297603368759 0.385866075754166 0.394219875335693 0.3726906478405 0.36628320813179 0.371607720851898 0.372621566057205 0.398417472839355 0.403416723012924 0.389652520418167 0.403184682130814 0.431798189878464 0.437724441289902 0.420440524816513 0.419579058885574 0.422480136156082 0.402584463357925 0.383609771728516 0.378679126501083
-3.4e+38 -3.4e+38 -3.4e+38 -3.4e+38 -3.4e+38 0.419069916009903 0.479991585016251 0.494280725717545 0.481610357761383 0.468846291303635 0.448924213647842 0.440439283847809 0.405053973197937 0.391119569540024 0.337534964084625 0.291049897670746 0.312648952007294 0.336681693792343 0.34809610247612 0.346067368984222 0.364327192306519 0.407529711723328 0.446846812963486 0.451046675443649 0.438963770866394 0.437558472156525 0.426790118217468 0.399874985218048 0.370939195156097 0.364250540733337 0.368331074714661 0.373334586620331 0.352054536342621 0.335043162107468 0.338137567043304 0.350869417190552 0.379314035177231 0.40567222237587 0.403616338968277 0.398010730743408 0.412556797266006 0.43875527381897 0.443935036659241 0.432084232568741 0.430482119321823 0.428975164890289 0.407203435897827 0.393074542284012 0.388615965843201
-3.4e+38 -3.4e+38 -3.4e+38 -3.4e+38 -3.4e+38 0.42852845788002 0.490873128175735 0.528648495674133 0.507770776748657 0.506465137004852 0.478336721658707 0.437162339687347 0.427667886018753 0.426906138658524 0.400517612695694 0.366918325424194 0.354451477527618 0.347567319869995 0.378487557172775 0.413918823003769 0.432122468948364 0.463162660598755 0.490849494934082 0.482297271490097 0.455132842063904 0.451750159263611 0.447953820228577 0.418403297662735 0.380232006311417 0.386582344770432 0.390875309705734 0.366338610649109 0.326919853687286 0.325222849845886 0.334536015987396 0.362476646900177 0.405026227235794 0.405080676078796 0.38339626789093 0.392362713813782 0.424263328313828 0.446414768695831 0.443874597549438 0.437245398759842 0.440411388874054 0.434712588787079 0.417790591716766 0.409058213233948 0.399691253900528
-3.4e+38 -3.4e+38 -3.4e+38 -3.4e+38 0.389216631650925 0.396208673715591 0.438382923603058 0.500405788421631 0.526468753814697 0.532309293746948 0.509877920150757 0.466107100248337 0.466569095849991 0.469074487686157 0.46406814455986 0.441462934017181 0.396346390247345 0.384311139583588 0.42600604891777 0.477121412754059 0.499436408281326 0.50847977399826 0.50593376159668 0.493413895368576 0.479701429605484 0.482450813055038 0.481598973274231 0.463427245616913 0.423151880502701 0.405328243970871 0.407748818397522 0.368915468454361 0.345920979976654 0.358456432819366 0.34123483300209 0.376371711492538 0.410662472248077 0.403229594230652 0.375997841358185 0.38466688990593 0.428425461053848 0.445494920015335 0.43870010972023 0.441746741533279 0.453210920095444 0.452786535024643 0.445331335067749 0.440658569335938 0.418907254934311
-3.4e+38 -3.4e+38 -3.4e+38 -3.4e+38 0.374739140272141 0.354604095220566 0.37551012635231 0.429402858018875 0.487208276987076 0.523628652095795 0.531960427761078 0.526476800441742 0.509540200233459 0.502631902694702 0.518633484840393 0.494440644979477 0.45793542265892 0.468837589025497 0.494794309139252 0.500375092029572 0.504645049571991 0.500870704650879 0.492462903261185 0.482068240642548 0.484367102384567 0.49579319357872 0.500973463058472 0.48894464969635 0.446834474802017 0.434530138969421 0.445669293403625 0.421283543109894 0.416570663452148 0.405331581830978 0.351200580596924 0.361385941505432 0.37494745850563 0.381818473339081 0.396848827600479 0.400906473398209 0.433628380298615 0.443498462438583 0.430683702230453 0.434215992689133 0.449636876583099 0.457162171602249 0.459848791360855 0.46040278673172 0.440370708703995
-3.4e+38 -3.4e+38 -3.4e+38 -3.4e+38 0.387985855340958 0.356718242168427 0.377698868513107 0.402864038944244 0.425388723611832 0.479977339506149 0.524383306503296 0.529419600963593 0.510088622570038 0.486845701932907 0.504039227962494 0.495437204837799 0.50957328081131 0.525490701198578 0.524925649166107 0.517630577087402 0.509679079055786 0.501044392585754 0.483735829591751 0.465974450111389 0.469246685504913 0.49299156665802 0.506515204906464 0.498184412717819 0.475598126649857 0.476849645376205 0.481849253177643 0.470509499311447 0.454503774642944 0.437030613422394 0.419621139764786 0.405812203884125 0.385740369558334 0.394674599170685 0.425029784440994 0.424976259469986 0.450477629899979 0.456607043743134 0.439081281423569 0.440651178359985 0.448901295661926 0.44938600063324 0.455666780471802 0.455745816230774 0.451038300991058
-3.4e+38 -3.4e+38 -3.4e+38 0.456614166498184 0.41414538025856 0.372148811817169 0.362214058637619 0.367311537265778 0.376189947128296 0.432305514812469 0.481446355581284 0.473899841308594 0.493889212608337 0.485663622617722 0.472659349441528 0.486625015735626 0.517016768455505 0.510516107082367 0.498377472162247 0.509034395217896 0.512074768543243 0.502668440341949 0.48511078953743 0.466545432806015 0.470074564218521 0.50154709815979 0.520958662033081 0.507102489471436 0.508623421192169 0.510872602462769 0.48799741268158 0.478390961885452 0.483579158782959 0.489572644233704 0.501290023326874 0.471867561340332 0.440218329429626 0.419784158468246 0.426323473453522 0.440428256988525 0.446402013301849 0.460054188966751 0.461477816104889 0.458586752414703 0.453251332044601 0.446249544620514 0.452107429504395 0.450512439012527 0.447846859693527
-3.4e+38 -3.4e+38 0.502663195133209 0.480184197425842 0.459711879491806 0.409852117300034 0.373708724975586 0.372876852750778 0.381914108991623 0.417080223560333 0.418797820806503 0.396515369415283 0.448285907506943 0.473062425851822 0.472197443246841 0.475230574607849 0.490685999393463 0.509627044200897 0.511640310287476 0.491678863763809 0.486380726099014 0.48960679769516 0.479526221752167 0.466492533683777 0.462978810071945 0.470739185810089 0.479179054498672 0.484172761440277 0.506213903427124 0.507264614105225 0.478837579488754 0.469931930303574 0.487846940755844 0.506594896316528 0.513265669345856 0.492631584405899 0.473141402006149 0.467278063297272 0.471804141998291 0.474548190832138 0.459581673145294 0.468374907970428 0.479961931705475 0.471963763237 0.451548218727112 0.449645817279816 0.458079606294632 0.448300004005432 0.445132791996002
-3.4e+38 0.508814632892609 0.486458212137222 0.498085886240005 0.491753935813904 0.440663158893585 0.399883031845093 0.397589504718781 0.41259440779686 0.426989376544952 0.385083138942719 0.356267213821411 0.42958852648735 0.47835186123848 0.48862162232399 0.454986840486526 0.457976281642914 0.499305695295334 0.488308638334274 0.459106773138046 0.453340291976929 0.47148934006691 0.468470752239227 0.459230542182922 0.467701107263565 0.460406064987183 0.441002666950226 0.456358551979065 0.479476749897003 0.487695574760437 0.497047901153564 0.505455493927002 0.497484505176544 0.488121300935745 0.480465561151505 0.471282958984375 0.481118232011795 0.493918895721436 0.481856316328049 0.46633642911911 0.462326347827911 0.467501163482666 0.469887435436249 0.464762836694717 0.450200766324997 0.460138529539108 0.474509119987488 0.463145017623901 0.464191108942032
-3.4e+38 0.526124894618988 0.511001288890839 0.515580236911774 0.500766098499298 0.451266825199127 0.417100846767426 0.419394373893738 0.449940741062164 0.46002259850502 0.433794528245926 0.39739865064621 0.440023064613342 0.482539266347885 0.482189923524857 0.43786895275116 0.420908898115158 0.447785526514053 0.434942483901978 0.429282188415527 0.428288251161575 0.440264642238617 0.457289129495621 0.472962409257889 0.484608292579651 0.478037565946579 0.453287571668625 0.473520010709763 0.499473243951797 0.483155459165573 0.486556768417358 0.513507843017578 0.519274771213531 0.500311374664307 0.491012871265411 0.474965542554855 0.473385095596313 0.474955916404724 0.437470316886902 0.426640719175339 0.436744093894958 0.456606030464172 0.478731542825699 0.491143345832825 0.48512214422226 0.477063030004501 0.480560630559921 0.483541011810303 0.473054528236389
0.535032033920288 0.550555408000946 0.539923131465912 0.523846328258514 0.510769367218018 0.484617501497269 0.466905355453491 0.473247468471527 0.502538323402405 0.513648629188538 0.501222908496857 0.456480801105499 0.458649188280106 0.478168696165085 0.45922777056694 0.445267289876938 0.403054773807526 0.392300009727478 0.387856781482697 0.381527483463287 0.402156949043274 0.42357662320137 0.441647559404373 0.466989606618881 0.482035934925079 0.490878254175186 0.475334078073502 0.442424833774567 0.431232988834381 0.416554272174835 0.421836465597153 0.459311068058014 0.492081552743912 0.502272188663483 0.498211741447449 0.490295171737671 0.482179075479507 0.443670123815536 0.396244525909424 0.418594598770142 0.448178887367249 0.471508383750916 0.498615473508835 0.513609886169434 0.511240184307098 0.496046960353851 0.480516910552979 0.475321799516678 0.470684111118317
