data/trimmed_ndre/W_ndre.84.2012_no_clouds.asc
NCOLS 130 
NROWS 71 
XLLCORNER 530645 
YLLCORNER 5158205 
CELLSIZE 5 
NODATA_value -3.4e+38 
[rows 42 to 62 of 71, columns 49 to 97 of 130]
0.329175263643265 0.319235950708389 0.325255692005157 0.349126398563385 0.383110076189041 0.405272245407104 0.420477718114853 0.436473786830902 0.434817373752594 0.434751570224762 0.420123070478439 0.419719040393829 0.437888652086258 0.43934628367424 0.429960817098618 0.437483876943588 0.428278654813766 0.415810823440552 0.417299598455429 0.406536996364594 0.411365032196045 0.416563838720322 0.422486186027527 0.421135306358337 0.41592538356781 0.409511655569077 0.406202465295792 0.425367683172226 0.427874147891998 0.41064190864563 0.41535821557045 0.425875574350357 0.424716711044312 0.424502015113831 0.416391938924789 0.417399793863297 0.425417304039001 0.431038856506348 0.436800748109818 0.436976492404938 0.43466380238533 0.442445367574692 0.449132174253464 0.44386425614357 0.429050624370575 0.418985038995743 0.428156405687332 0.439574778079987 0.431647092103958
0.316427141427994 0.30396443605423 0.319561362266541 0.35696342587471 0.391172379255295 0.411015599966049 0.426952481269836 0.438928812742233 0.430937260389328 0.422947883605957 0.413476884365082 0.425874441862106 0.437214493751526 0.436687618494034 0.429751038551331 0.433259546756744 0.424608945846558 0.417248576879501 0.430064827203751 0.421655505895615 0.424545973539352 0.422742187976837 0.421087026596069 0.41157728433609 0.406281858682632 0.407937347888947 0.40769949555397 0.423879861831665 0.426254063844681 0.423592001199722 0.43303981423378 0.432380437850952 0.42780214548111 0.423273235559464 0.421364605426788 0.428561747074127 0.435304999351501 0.431215673685074 0.427696108818054 0.430969923734665 0.423978835344315 0.428852945566177 0.437308579683304 0.443759202957153 0.436781406402588 0.428664982318878 0.426255017518997 0.434443801641464 0.440033078193665
0.318955421447754 0.309548795223236 0.325533330440521 0.364444017410278 0.407957643270493 0.434852868318558 0.43530347943306 0.430419832468033 0.431521564722061 0.42231622338295 0.423289835453033 0.433951854705811 0.436464846134186 0.435357928276062 0.430097669363022 0.425381153821945 0.423797011375427 0.424346178770065 0.42799773812294 0.420843601226807 0.426791936159134 0.424919962882996 0.421668380498886 0.415115803480148 0.406317353248596 0.402972400188446 0.40575447678566 0.415433913469315 0.414768755435944 0.423289716243744 0.439877092838287 0.43506333231926 0.430970579385757 0.429406851530075 0.430946677923203 0.439277976751328 0.43922421336174 0.426444083452225 0.421118468046188 0.424615442752838 0.412930101156235 0.417177051305771 0.422768235206604 0.433416098356247 0.439763128757477 0.439106673002243 0.438092708587646 0.44742888212204 0.462237000465393
0.327930748462677 0.33241218328476 0.346719771623611 0.375496685504913 0.410063743591309 0.429721385240555 0.431988507509232 0.430467128753662 0.425118893384933 0.416752636432648 0.424072235822678 0.435805559158325 0.439030945301056 0.445303678512573 0.436593234539032 0.429907619953156 0.432185351848602 0.420371800661087 0.409572750329971 0.410917282104492 0.422459334135056 0.419972330331802 0.419369339942932 0.418016135692596 0.409469902515411 0.406273722648621 0.413471043109894 0.416205704212189 0.418116748332977 0.415023982524872 0.415530294179916 0.419978737831116 0.424008458852768 0.425971865653992 0.4272620677948 0.427005231380463 0.42773500084877 0.423759549856186 0.419663786888123 0.426953107118607 0.428803086280823 0.417128682136536 0.40835577249527 0.42899888753891 0.440778285264969 0.443293303251266 0.441568553447723 0.451446801424026 0.465176284313202
0.356777846813202 0.356387168169022 0.366143435239792 0.393263339996338 0.418276757001877 0.429617792367935 0.444118052721024 0.432062387466431 0.404472857713699 0.400786012411118 0.41072890162468 0.420444011688232 0.436088889837265 0.441634476184845 0.439436376094818 0.439328372478485 0.439048618078232 0.412562847137451 0.398817628622055 0.410882890224457 0.416413575410843 0.413078665733337 0.41645422577858 0.417292714118958 0.410737752914429 0.407908409833908 0.412753611803055 0.411954134702682 0.409142017364502 0.399110704660416 0.396062016487122 0.412515372037888 0.418207317590714 0.419300824403763 0.41633066534996 0.412737399339676 0.422854900360107 0.431173324584961 0.426498651504517 0.437604874372482 0.447011679410934 0.425105690956116 0.413794010877609 0.434510678052902 0.447931051254272 0.448002308607101 0.446657747030258 0.446160942316055 0.45092847943306
0.381664097309113 0.374226957559586 0.383153647184372 0.40556126832962 0.426291227340698 0.432911455631256 0.443520426750183 0.433284729719162 0.400797933340073 0.400480002164841 0.407511293888092 0.411323934793472 0.426494866609573 0.423007309436798 0.431773751974106 0.431845188140869 0.422820955514908 0.40902304649353 0.402873307466507 0.414476454257965 0.412369608879089 0.410089939832687 0.413201928138733 0.409254521131516 0.400941163301468 0.404042571783066 0.407548576593399 0.396852523088455 0.395488917827606 0.39568829536438 0.404086321592331 0.419855505228043 0.422665864229202 0.419861942529678 0.415299445390701 0.411883533000946 0.423352926969528 0.440850079059601 0.438507974147797 0.444421112537384 0.446120858192444 0.439048886299133 0.432687997817993 0.436236500740051 0.445473611354828 0.445990949869156 0.449207961559296 0.45351105928421 0.457911998033524
0.397675126791 0.401732265949249 0.400173991918564 0.406807512044907 0.423875033855438 0.421107590198517 0.417082130908966 0.42723473906517 0.418077558279037 0.420045703649521 0.421387434005737 0.41619348526001 0.430527299642563 0.42596110701561 0.434883564710617 0.423739045858383 0.416946679353714 0.416521072387695 0.411740690469742 0.418798357248306 0.414683520793915 0.411915838718414 0.406720340251923 0.401472270488739 0.391710013151169 0.395692229270935 0.402076780796051 0.390396267175674 0.399253696203232 0.404767453670502 0.409721523523331 0.418165951967239 0.421222925186157 0.422574758529663 0.423052757978439 0.41521492600441 0.423530697822571 0.441428244113922 0.436535626649857 0.444904804229736 0.447607904672623 0.444142758846283 0.447417765855789 0.445872157812119 0.449326246976852 0.44791167974472 0.447739988565445 0.452258318662643 0.453848451375961
0.4063940346241 0.404768049716949 0.403088510036469 0.403272598981857 0.416033089160919 0.423190027475357 0.419270098209381 0.427541255950928 0.433671653270721 0.434586673974991 0.428426027297974 0.418585926294327 0.430728286504745 0.430801957845688 0.433535933494568 0.433445960283279 0.434081435203552 0.428901225328445 0.419827222824097 0.422893106937408 0.416896998882294 0.413596421480179 0.407659739255905 0.404118210077286 0.387379109859467 0.395871102809906 0.407318532466888 0.399801671504974 0.418138682842255 0.427807658910751 0.42268842458725 0.418209195137024 0.417321056127548 0.42358136177063 0.427892923355103 0.420981079339981 0.425717413425446 0.4425950050354 0.436922401189804 0.447895169258118 0.456675112247467 0.460751265287399 0.463523715734482 0.46019235253334 0.456640928983688 0.454156368970871 0.459037601947784 0.460466653108597 0.453876972198486
0.405313193798065 0.399978399276733 0.404470860958099 0.410183399915695 0.417818754911423 0.424317926168442 0.426366090774536 0.436352580785751 0.442746639251709 0.436796307563782 0.431571871042252 0.426500469446182 0.427115201950073 0.424746841192245 0.420850992202759 0.440615504980087 0.441649526357651 0.42431378364563 0.418557584285736 0.422598600387573 0.414518862962723 0.415663570165634 0.41264283657074 0.405650079250336 0.389607071876526 0.405055671930313 0.4132359623909 0.408924460411072 0.426073729991913 0.429211378097534 0.426602721214294 0.423418521881104 0.418391674757004 0.422838002443314 0.42986187338829 0.42540180683136 0.432435184717178 0.450080722570419 0.452208012342453 0.456135928630829 0.461115628480911 0.46882352232933 0.469440758228302 0.466527879238129 0.464600920677185 0.466691434383392 0.467950373888016 0.457178592681885 0.44635397195816
0.41727077960968 0.411798894405365 0.417198449373245 0.425011277198792 0.428083717823029 0.423090755939484 0.428063780069351 0.444543182849884 0.453527629375458 0.442093163728714 0.43803608417511 0.437658548355103 0.42757385969162 0.426158934831619 0.4182049036026 0.433441162109375 0.438044935464859 0.421396344900131 0.415064811706543 0.414599150419235 0.409940272569656 0.41533437371254 0.416726738214493 0.404272198677063 0.395631223917007 0.412020564079285 0.4155652821064 0.416826546192169 0.424621194601059 0.425325661897659 0.428881764411926 0.42709943652153 0.423372715711594 0.429164230823517 0.436859756708145 0.44026854634285 0.44045278429985 0.454090356826782 0.465164512395859 0.464285880327225 0.46138134598732 0.465748161077499 0.465291082859039 0.467765152454376 0.470406234264374 0.468025535345078 0.451617538928986 0.431309729814529 0.418043941259384
0.443157434463501 0.442371994256973 0.443452328443527 0.444851368665695 0.443537652492523 0.441638946533203 0.444353491067886 0.452940195798874 0.456183582544327 0.444073885679245 0.44665852189064 0.448824435472488 0.438356697559357 0.429048806428909 0.424408823251724 0.426756680011749 0.431579381227493 0.431595116853714 0.42637711763382 0.421644508838654 0.418819695711136 0.413397490978241 0.411661058664322 0.412177592515945 0.410534977912903 0.418877810239792 0.42396554350853 0.42741996049881 0.430035710334778 0.435350120067596 0.439877092838287 0.436654359102249 0.43024954199791 0.434024959802628 0.443396419286728 0.45494082570076 0.455658763647079 0.464844226837158 0.474861651659012 0.465560555458069 0.463746190071106 0.464528381824493 0.459395796060562 0.457389354705811 0.453740686178207 0.444983631372452 0.422398239374161 0.403220593929291 0.393592119216919
0.457595825195312 0.461303442716599 0.457338631153107 0.450112521648407 0.448387116193771 0.452716410160065 0.459654897451401 0.458309769630432 0.4575255215168 0.450416684150696 0.447779446840286 0.451832294464111 0.440492659807205 0.431471168994904 0.431815028190613 0.4195476770401 0.417420834302902 0.423226118087769 0.418515563011169 0.417503476142883 0.416493237018585 0.406422466039658 0.411333441734314 0.425396680831909 0.429636836051941 0.428995966911316 0.441522270441055 0.445976436138153 0.437710732221603 0.437927961349487 0.432061612606049 0.434617131948471 0.427842527627945 0.415014207363129 0.42987796664238 0.451143622398376 0.453353703022003 0.462962061166763 0.470382690429688 0.457434862852097 0.454398483037949 0.451799541711807 0.440907865762711 0.42866125702858 0.422865629196167 0.41621658205986 0.395733118057251 0.387601435184479 0.388934642076492
0.449794620275497 0.459092527627945 0.459460735321045 0.448122054338455 0.44144007563591 0.447435081005096 0.455199152231216 0.450429439544678 0.4557044506073 0.454117745161057 0.446260631084442 0.445540249347687 0.434042155742645 0.419437915086746 0.423821151256561 0.417731642723083 0.415903717279434 0.422737032175064 0.417425245046616 0.411236077547073 0.402448952198029 0.398776471614838 0.415354281663895 0.430049687623978 0.433590412139893 0.435198277235031 0.44862762093544 0.453433364629745 0.444541782140732 0.441200166940689 0.432278960943222 0.441062569618225 0.43849578499794 0.416471153497696 0.42157769203186 0.43628340959549 0.439094513654709 0.454241275787354 0.462391942739487 0.441320925951004 0.429173141717911 0.424686551094055 0.419317990541458 0.407974511384964 0.401854127645493 0.397074043750763 0.389022648334503 0.393999129533768 0.398076266050339
0.447306334972382 0.459977835416794 0.462318390607834 0.457506328821182 0.452625840902328 0.44834104180336 0.444033205509186 0.442383170127869 0.450708776712418 0.449655741453171 0.441486686468124 0.439436495304108 0.430433183908463 0.413813173770905 0.415938466787338 0.416071951389313 0.412717789411545 0.425807774066925 0.430506408214569 0.421616733074188 0.401762962341309 0.394788950681686 0.414963215589523 0.425177931785583 0.423315912485123 0.435705721378326 0.453607499599457 0.459736794233322 0.456710875034332 0.45268177986145 0.44365006685257 0.442627370357513 0.44728347659111 0.439539581537247 0.431580811738968 0.430960565805435 0.438851207494736 0.440086334943771 0.438447505235672 0.423859983682632 0.411773532629013 0.410255998373032 0.413016140460968 0.40103417634964 0.396211892366409 0.402020812034607 0.403697162866592 0.401080816984177 0.400830268859863
0.4621442258358 0.464615404605865 0.464247822761536 0.46646910905838 0.471243172883987 0.463182061910629 0.452787667512894 0.44112291932106 0.436747878789902 0.435542553663254 0.437738299369812 0.438196033239365 0.43422457575798 0.423443168401718 0.419386744499207 0.413815408945084 0.410770326852798 0.419002264738083 0.426839530467987 0.422258764505386 0.401079088449478 0.395566374063492 0.41719725728035 0.427496761083603 0.425267934799194 0.44147577881813 0.451683431863785 0.455064177513123 0.456993103027344 0.455110669136047 0.446855932474136 0.444520741701126 0.444030553102493 0.442464143037796 0.444588124752045 0.446064651012421 0.445699155330658 0.425534725189209 0.414616078138351 0.420396536588669 0.415917932987213 0.417567074298859 0.420130729675293 0.413163065910339 0.407406002283096 0.409810304641724 0.41118323802948 0.407439976930618 0.40209111571312
0.459482789039612 0.459360718727112 0.45436692237854 0.460271954536438 0.463602960109711 0.455593109130859 0.451577246189117 0.435672521591187 0.422904640436172 0.425651550292969 0.429438710212708 0.429870396852493 0.426750630140305 0.426355749368668 0.418494760990143 0.41266793012619 0.40690216422081 0.408221364021301 0.416978180408478 0.416174024343491 0.4015993475914 0.400035470724106 0.417797863483429 0.427710860967636 0.433354735374451 0.445233672857285 0.4421526491642 0.439955353736877 0.443521231412888 0.443051517009735 0.439738601446152 0.4396653175354 0.437430828809738 0.436480343341827 0.442583560943604 0.445378392934799 0.439749836921692 0.425186395645142 0.414619356393814 0.422374486923218 0.420038968324661 0.424025475978851 0.432611435651779 0.426497906446457 0.419579893350601 0.414423763751984 0.401377499103546 0.396859288215637 0.399606555700302
0.464826732873917 0.458569079637527 0.457675844430923 0.465699791908264 0.465111255645752 0.457350522279739 0.447532325983047 0.432330310344696 0.424187570810318 0.426477134227753 0.425919473171234 0.419328927993774 0.40893143415451 0.412998795509338 0.414593905210495 0.410546511411667 0.413223654031754 0.413616508245468 0.417558163404465 0.412100225687027 0.405145406723022 0.407757192850113 0.416657358407974 0.423847675323486 0.436389833688736 0.445705622434616 0.436901807785034 0.433023750782013 0.435700356960297 0.431920111179352 0.430298745632172 0.431258082389832 0.429557621479034 0.430830538272858 0.433011174201965 0.432583451271057 0.423744827508926 0.414909809827805 0.40834167599678 0.407116055488586 0.407900094985962 0.415637254714966 0.423807710409164 0.417209655046463 0.411402225494385 0.404734641313553 0.387965887784958 -3.4e+38 -3.4e+38
0.473432451486588 0.47735983133316 0.470714002847672 0.456614673137665 0.455893933773041 0.456114679574966 0.440561175346375 0.430165529251099 0.420502513647079 0.416021078824997 0.410327970981598 0.410173654556274 0.400194466114044 0.392904669046402 0.396952688694 0.404336541891098 0.416661441326141 0.420589953660965 0.421726435422897 0.416853278875351 0.41214057803154 0.417959123849869 0.419113039970398 0.419823437929153 0.436373800039291 0.445129960775375 0.428916335105896 0.423312813043594 0.422846138477325 0.418224036693573 0.421554654836655 0.429062575101852 0.429325461387634 0.42368620634079 0.422107309103012 0.423863232135773 0.415629267692566 0.404082179069519 0.395634829998016 0.394163966178894 0.393267512321472 0.396699517965317 0.405736297369003 0.406132191419601 0.399728626012802 0.396421372890472 -3.4e+38 -3.4e+38 -3.4e+38
0.461790829896927 0.468270391225815 0.477231204509735 0.461006045341492 0.447409689426422 0.441819816827774 0.429751425981522 0.42164421081543 0.410854548215866 0.409654766321182 0.401521414518356 0.404962122440338 0.398853838443756 0.401260107755661 0.409603387117386 0.411459267139435 0.413092613220215 0.412817478179932 0.41026446223259 0.406236976385117 0.411593705415726 0.427227050065994 0.429375469684601 0.425352901220322 0.430363476276398 0.436707645654678 0.426102966070175 0.422478884458542 0.414583116769791 0.40656515955925 0.413983970880508 0.41973152756691 0.422148793935776 0.417012184858322 0.420752137899399 0.43012860417366 0.420652896165848 0.407351672649384 0.399150788784027 0.400468111038208 0.392133444547653 0.389713108539581 0.397819578647614 0.393114507198334 0.396113455295563 -3.4e+38 -3.4e+38 -3.4e+38 -3.4e+38
0.456021130084991 0.457143008708954 0.469696938991547 0.461577594280243 0.446062564849854 0.442516833543777 0.428425699472427 0.416678756475449 0.40764907002449 0.40887787938118 0.40530589222908 0.399684220552444 0.403256744146347 0.414935827255249 0.418832421302795 0.420102089643478 0.418084263801575 0.411318719387054 0.410996437072754 0.414669543504715 0.425239056348801 0.434197813272476 0.424131810665131 0.426336377859116 0.434216529130936 0.438792109489441 0.436225026845932 0.426656723022461 0.416616350412369 0.408585548400879 0.416812062263489 0.420732587575912 0.421133756637573 0.419630378484726 0.423191159963608 0.432346373796463 0.427419930696487 0.41868194937706 0.411564916372299 0.407735854387283 0.399679929018021 -3.4e+38 -3.4e+38 -3.4e+38 -3.4e+38 -3.4e+38 -3.4e+38 -3.4e+38 -3.4e+38
0.449518829584122 0.442822515964508 0.445257186889648 0.439901143312454 0.438952565193176 0.444355636835098 0.438407748937607 0.429266184568405 0.422947943210602 0.412291526794434 0.406551778316498 0.405482292175293 0.411859303712845 0.416888117790222 0.412900179624557 0.410891234874725 0.410027235746384 0.415986001491547 0.420408695936203 0.427695006132126 0.442582488059998 0.452375531196594 0.447258114814758 0.437589854001999 0.442838728427887 0.448087960481644 0.447151362895966 0.437411338090897 0.424126416444778 0.417801320552826 0.424284428358078 0.428618103265762 0.429684996604919 0.431165933609009 0.432008564472198 -3.4e+38 -3.4e+38 -3.4e+38 -3.4e+38 -3.4e+38 -3.4e+38 -3.4e+38 -3.4e+38 -3.4e+38 -3.4e+38 -3.4e+38 -3.4e+38 -3.4e+38 -3.4e+38
