data/trimmed_ndre/W_ndre.724.2009_no_clouds.asc
NCOLS 130 
NROWS 71 
XLLCORNER 530645 
YLLCORNER 5158205 
CELLSIZE 5 
NODATA_value -3.4e+38 
[rows 42 to 62 of 71, columns 49 to 97 of 130]
0.137023195624352 0.143872976303101 0.141212403774261 0.146020084619522 0.143268257379532 0.136394545435905 0.145956918597221 0.158041805028915 0.165887355804443 0.163322106003761 0.163266077637672 0.143921181559563 0.137843802571297 0.143416702747345 0.155606552958488 0.15896999835968 0.158312454819679 0.143559679389 0.140076890587807 0.150348007678986 0.156225144863129 0.139043062925339 0.13421705365181 0.151390016078949 0.14061476290226 0.129941672086716 0.138471245765686 0.164279222488403 0.162186220288277 0.149240404367447 0.15158711373806 0.148631140589714 0.146915033459663 0.148550346493721 0.146511614322662 0.13813105225563 0.139480426907539 0.155504673719406 0.164476081728935 0.144902989268303 0.127590745687485 0.134826615452766 0.147043749690056 0.143532767891884 0.145198553800583 0.15722793340683 0.165421694517136 0.173899754881859 0.162814140319824
0.131667107343674 0.134805634617805 0.130146890878677 0.137167543172836 0.139265984296799 0.138358756899834 0.144134238362312 0.146911889314651 0.146247342228889 0.144640043377876 0.155885621905327 0.151719465851784 0.142786800861359 0.152055680751801 0.156268075108528 0.14971162378788 0.142189189791679 0.136705830693245 0.141744896769524 0.150714591145515 0.143186002969742 0.140816628932953 0.142021313309669 0.158891558647156 0.153617680072784 0.136420607566833 0.133340775966644 0.149483174085617 0.163073763251305 0.161914378404617 0.160639464855194 0.15101270377636 0.14220817387104 0.147993206977844 0.151662647724152 0.144504517316818 0.141522690653801 0.149569034576416 0.159534513950348 0.145534917712212 0.133721396327019 0.138250187039375 0.149437636137009 0.143227651715279 0.133284226059914 0.14500792324543 0.155177786946297 0.157201573252678 0.157746732234955
0.129714876413345 0.142163082957268 0.138130843639374 0.145614519715309 0.143069893121719 0.146966680884361 0.154753431677818 0.156848460435867 0.146463066339493 0.140105307102203 0.149725645780563 0.158562332391739 0.16174328327179 0.15462951362133 0.14685831964016 0.136336013674736 0.139492765069008 0.144778624176979 0.139144241809845 0.145312994718552 0.147568613290787 0.148208305239677 0.139446645975113 0.147432804107666 0.154420092701912 0.138381659984589 0.139662653207779 0.156147211790085 0.161680117249489 0.144654378294945 0.145079925656319 0.145914256572723 0.135874763131142 0.14398193359375 0.153591215610504 0.146006211638451 0.139067128300667 0.14455384016037 0.149369433522224 0.144814684987068 0.143121629953384 0.146524354815483 0.147893086075783 0.147766247391701 0.141033753752708 0.142194896936417 0.143264889717102 0.135440766811371 0.151294782757759
0.135226264595985 0.138524323701859 0.141711756587029 0.153684020042419 0.146648034453392 0.144251376390457 0.153917297720909 0.155707105994225 0.155237168073654 0.142423436045647 0.149601444602013 0.164587944746017 0.163224056363106 0.151396349072456 0.148601949214935 0.150714382529259 0.15459868311882 0.141280934214592 0.122832231223583 0.136082902550697 0.151953428983688 0.143305897712708 0.127481296658516 0.129224449396133 0.138803005218506 0.142480507493019 0.153765320777893 0.161875978112221 0.153666988015175 0.14218233525753 0.151318117976189 0.151171386241913 0.138329818844795 0.143380686640739 0.150666728615761 0.149460896849632 0.146494567394257 0.145316258072853 0.139905765652657 0.143736138939857 0.152318865060806 0.165069654583931 0.173524737358093 0.162642285227776 0.137732774019241 0.135266318917274 0.14529712498188 0.148064285516739 0.14400315284729
0.140281707048416 0.131288826465607 0.13120698928833 0.13438406586647 0.135831281542778 0.143261790275574 0.14646652340889 0.146511003375053 0.144797459244728 0.134340286254883 0.145158395171165 0.158594727516174 0.152707874774933 0.152850776910782 0.157857924699783 0.157525599002838 0.146831661462784 0.14266000688076 0.136500149965286 0.139307394623756 0.145683020353317 0.147376596927643 0.14460326731205 0.134941220283508 0.137078255414963 0.149430423974991 0.146430298686028 0.138596966862679 0.126455083489418 0.128956645727158 0.14851239323616 0.152999103069305 0.144853636622429 0.142440035939217 0.139378502964973 0.139698505401611 0.146112963557243 0.149326533079147 0.143868446350098 0.146381691098213 0.15613429248333 0.165132090449333 0.179515168070793 0.170517042279243 0.141292899847031 0.135805308818817 0.151403337717056 0.162390500307083 0.160353481769562
0.141281083226204 0.142190530896187 0.147895276546478 0.140301316976547 0.139688789844513 0.145072713494301 0.138002187013626 0.127779558300972 0.123299799859524 0.140595510601997 0.150939390063286 0.147840365767479 0.151449635624886 0.142099738121033 0.134964168071747 0.14838470518589 0.141101866960526 0.157229900360107 0.160279393196106 0.146352723240852 0.123028092086315 0.130613222718239 0.162873983383179 0.155051454901695 0.139423385262489 0.139680966734886 0.131596505641937 0.13960537314415 0.147474944591522 0.137262046337128 0.137778535485268 0.144509509205818 0.146565586328506 0.147110775113106 0.142722100019455 0.14117020368576 0.147980004549026 0.15999561548233 0.157314822077751 0.15056748688221 0.1568673402071 0.167723849415779 0.167844861745834 0.169354498386383 0.170233398675919 0.166434407234192 0.168158933520317 0.173690512776375 0.180203437805176
0.130743235349655 0.139925986528397 0.154635652899742 0.144670486450195 0.142712339758873 0.152396559715271 0.132142409682274 0.127558395266533 0.144111007452011 0.15888449549675 0.152948975563049 0.147614404559135 0.156878441572189 0.143516704440117 0.13241708278656 0.148826405405998 0.144729226827621 0.147697553038597 0.137808859348297 0.134047582745552 0.144180223345757 0.147986456751823 0.158504873514175 0.148752242326736 0.134344905614853 0.124108098447323 0.123243406414986 0.148130983114243 0.160210013389587 0.14560604095459 0.133547425270081 0.132563963532448 0.133078753948212 0.137134924530983 0.140700399875641 0.145907521247864 0.156973540782928 0.166120961308479 0.155629932880402 0.151676908135414 0.163042888045311 0.167622953653336 0.151428401470184 0.143207415938377 0.162573605775833 0.184796184301376 0.180068626999855 0.166835874319077 0.180395066738129
0.136061370372772 0.152365922927856 0.155431881546974 0.135555192828178 0.142768427729607 0.173721984028816 0.1632179915905 0.147296071052551 0.152693554759026 0.152419343590736 0.152743279933929 0.154031351208687 0.163015976548195 0.156164601445198 0.14524219930172 0.154193133115768 0.144455567002296 0.133035615086555 0.144172295928001 0.155529260635376 0.164349377155304 0.159572005271912 0.139799043536186 0.136997327208519 0.152758985757828 0.135400056838989 0.124046869575977 0.13651117682457 0.136440113186836 0.148819550871849 0.156263753771782 0.147840976715088 0.144279167056084 0.134346544742584 0.129746094346046 0.140570282936096 0.159612447023392 0.166604578495026 0.158342778682709 0.159775376319885 0.158102914690971 0.160326585173607 0.153329148888588 0.150672286748886 0.164076507091522 0.178803369402885 0.167888909578323 0.153569102287292 0.164164438843727
0.152549505233765 0.149904564023018 0.146763667464256 0.134282916784286 0.135798633098602 0.164315834641457 0.170709222555161 0.151700422167778 0.137999504804611 0.141747280955315 0.155396774411201 0.152777075767517 0.152755528688431 0.156563863158226 0.153245806694031 0.154512509703636 0.138411834836006 0.129366710782051 0.160023257136345 0.159983575344086 0.147243544459343 0.14721867442131 0.137917295098305 0.133164122700691 0.146679356694221 0.135891705751419 0.13145786523819 0.134810596704483 0.141895487904549 0.15524497628212 0.164032727479935 0.163632035255432 0.1645877212286 0.150279507040977 0.13458240032196 0.139514684677124 0.14778795838356 0.151155650615692 0.157467871904373 0.156234383583069 0.143152311444283 0.136350572109222 0.144424796104431 0.15563191473484 0.165139585733414 0.158614739775658 0.143628433346748 0.144779622554779 0.151700854301453
0.145333126187325 0.132141277194023 0.139274090528488 0.148243322968483 0.133082494139671 0.13362629711628 0.154809594154358 0.155871227383614 0.145531684160233 0.136944204568863 0.141114264726639 0.138224214315414 0.140659153461456 0.151429027318954 0.162420764565468 0.150972366333008 0.137291193008423 0.140681028366089 0.157357722520828 0.150755897164345 0.13396343588829 0.130078569054604 0.131107032299042 0.125698983669281 0.128380015492439 0.136983036994934 0.151636332273483 0.146635755896568 0.143033355474472 0.146090164780617 0.144316926598549 0.15137654542923 0.156594336032867 0.155676737427711 0.147920653223991 0.144674688577652 0.137478590011597 0.12852917611599 0.136315777897835 0.141160234808922 0.134744212031364 0.122514396905899 0.134462594985962 0.154313936829567 0.158718973398209 0.148074209690094 0.132944867014885 0.141004875302315 0.146309822797775
0.132686734199524 0.128782287240028 0.147636637091637 0.159566819667816 0.135448545217514 0.133721619844437 0.157726138830185 0.160758405923843 0.150480374693871 0.144180834293365 0.135519862174988 0.136813297867775 0.154153436422348 0.163542404770851 0.161261573433876 0.155109092593193 0.148418396711349 0.147255048155785 0.152802392840385 0.148161202669144 0.131621465086937 0.13580983877182 0.149172246456146 0.136795356869698 0.136114582419395 0.141276866197586 0.149020105600357 0.14435039460659 0.147478595376015 0.140745654702187 0.13392348587513 0.13447330892086 0.137799292802811 0.150131955742836 0.155747637152672 0.152636006474495 0.141993507742882 0.134579792618752 0.137208104133606 0.145204067230225 0.145871639251709 0.133090570569038 0.135924056172371 0.152020171284676 0.15966035425663 0.151581183075905 0.13960762321949 0.135827407240868 0.147199153900146
0.147734209895134 0.154037237167358 0.157965645194054 0.147608175873756 0.142941057682037 0.154074385762215 0.157945603132248 0.150560170412064 0.143810167908669 0.14661517739296 0.145642459392548 0.145542114973068 0.158662483096123 0.150725036859512 0.143087223172188 0.155481800436974 0.154216736555099 0.148550286889076 0.158825024962425 0.156188756227493 0.135182678699493 0.154994294047356 0.174890354275703 0.154108360409737 0.154505476355553 0.152249053120613 0.13510374724865 0.138301998376846 0.154784590005875 0.15201835334301 0.147907853126526 0.143107384443283 0.136063113808632 0.141800194978714 0.148374482989311 0.149713203310966 0.140418976545334 0.142192885279655 0.150615885853767 0.153232842683792 0.156694710254669 0.151183038949966 0.150034949183464 0.145215079188347 0.142991185188293 0.147198423743248 0.151199653744698 0.145325899124146 0.148396596312523
0.139144882559776 0.151160135865211 0.152445077896118 0.135611683130264 0.14499443769455 0.157809808850288 0.148757368326187 0.140971824526787 0.135247424244881 0.137427136301994 0.138711497187614 0.133925601840019 0.133884653449059 0.129160702228546 0.127695322036743 0.137949705123901 0.151064172387123 0.16988268494606 0.164469763636589 0.151818752288818 0.13140681385994 0.153143182396889 0.173612773418427 0.154280245304108 0.152067020535469 0.144366204738617 0.126144140958786 0.137382432818413 0.147281557321548 0.151809453964233 0.160186246037483 0.158551648259163 0.144311726093292 0.134680107235909 0.134466737508774 0.136282727122307 0.129891693592072 0.137934803962708 0.147859737277031 0.14534954726696 0.148935958743095 0.152195736765862 0.150281623005867 0.137960150837898 0.124770507216454 0.130141943693161 0.1495501101017 0.158399522304535 0.154768124222755
0.116379752755165 0.125136449933052 0.153149381279945 0.156582906842232 0.167655423283577 0.16028605401516 0.14046186208725 0.133658573031425 0.135220378637314 0.143029525876045 0.145111724734306 0.138127788901329 0.131380125880241 0.137838363647461 0.136306434869766 0.134853675961494 0.135430067777634 0.141994968056679 0.141782686114311 0.145933240652084 0.127612978219986 0.125262126326561 0.149447113275528 0.148882523179054 0.140064418315887 0.130245536565781 0.133602663874626 0.148188859224319 0.152429893612862 0.145393922924995 0.145000174641609 0.151444554328918 0.145488515496254 0.134581446647644 0.137184619903564 0.144417867064476 0.134860992431641 0.130614623427391 0.136864975094795 0.139903724193573 0.143927529454231 0.14143006503582 0.14497634768486 0.148689657449722 0.136595353484154 0.135564625263214 0.156898066401482 0.168203741312027 0.161454021930695
0.135786965489388 0.141200080513954 0.161952093243599 0.153916969895363 0.14679366350174 0.152948513627052 0.138379245996475 0.128124326467514 0.129256010055542 0.142008766531944 0.151508167386055 0.162456899881363 0.155161246657372 0.147414028644562 0.155186519026756 0.145312309265137 0.11962179094553 0.1113361120224 0.132422983646393 0.153609901666641 0.156297653913498 0.142804384231567 0.141097754240036 0.145683348178864 0.137634322047234 0.127399235963821 0.158443048596382 0.161567866802216 0.150319248437881 0.136134684085846 0.11844989657402 0.137334302067757 0.150883391499519 0.142452746629715 0.144397959113121 0.15193085372448 0.148461893200874 0.138662055134773 0.140396296977997 0.150335043668747 0.149528592824936 0.132399514317513 0.141275927424431 0.158900961279869 0.14744721353054 0.134850203990936 0.150287911295891 0.158753976225853 0.153606593608856
0.155709207057953 0.162886708974838 0.164123147726059 0.129531726241112 0.116533033549786 0.151699542999268 0.154364332556725 0.139057844877243 0.135409265756607 0.140146225690842 0.146925047039986 0.155626744031906 0.14915132522583 0.142975047230721 0.151061832904816 0.141208410263062 0.137503236532211 0.143579214811325 0.144224688410759 0.134490862488747 0.162731155753136 0.164004117250443 0.136009201407433 0.142248198390007 0.141697719693184 0.129286900162697 0.146045386791229 0.151004686951637 0.149845167994499 0.139995783567429 0.127278536558151 0.143240332603455 0.149337291717529 0.143593981862068 0.138426870107651 0.133853226900101 0.144083291292191 0.149754866957664 0.13936610519886 0.145111709833145 0.147379726171494 0.128753632307053 0.132424786686897 0.145778208971024 0.138405844569206 0.130133122205734 0.145634189248085 0.142885193228722 0.130860894918442
0.137207105755806 0.154633194208145 0.15368615090847 0.145839154720306 0.139262422919273 0.148772776126862 0.148346573114395 0.144829511642456 0.144786328077316 0.145650297403336 0.147070005536079 0.149762406945229 0.149100914597511 0.14093191921711 0.129449725151062 0.133675441145897 0.14346644282341 0.134933963418007 0.131164997816086 0.120850570499897 0.152118638157845 0.160300433635712 0.131013557314873 0.131635308265686 0.146097630262375 0.136947154998779 0.128998637199402 0.140178203582764 0.153988406062126 0.152806952595711 0.142631456255913 0.148802399635315 0.142109557986259 0.140663504600525 0.136828556656837 0.131679564714432 0.144951865077019 0.151955142617226 0.133146435022354 0.130003735423088 0.136250823736191 0.135730564594269 0.139563217759132 0.1403549015522 0.136270806193352 0.139040812849998 0.160493016242981 -3.4e+38 -3.4e+38
0.127329245209694 0.130530327558517 0.134601876139641 0.148008823394775 0.151933401823044 0.142224922776222 0.138115614652634 0.138615280389786 0.140976205468178 0.138413473963737 0.136807814240456 0.139985948801041 0.148610264062881 0.145671740174294 0.140631929039955 0.149986833333969 0.141804993152618 0.120557650923729 0.137069866061211 0.15107262134552 0.15671095252037 0.145110756158829 0.136226236820221 0.137356728315353 0.140708550810814 0.148440197110176 0.143454566597939 0.143338963389397 0.158312126994133 0.155906736850739 0.138801202178001 0.147547155618668 0.145307064056396 0.141160175204277 0.143083512783051 0.141912177205086 0.145267635583878 0.144967496395111 0.143111124634743 0.146985396742821 0.151011034846306 0.147002756595612 0.142374143004417 0.142084404826164 0.14720706641674 0.149859383702278 -3.4e+38 -3.4e+38 -3.4e+38
0.148022443056107 0.130350053310394 0.13508015871048 0.155222088098526 0.154909655451775 0.143832504749298 0.138688966631889 0.138936668634415 0.144770607352257 0.140789419412613 0.135105893015862 0.132983595132828 0.137798294425011 0.1466174274683 0.147671788930893 0.14608895778656 0.137930616736412 0.134590908885002 0.149034649133682 0.153900980949402 0.14523358643055 0.13947631418705 0.144332632422447 0.138784423470497 0.131630748510361 0.144047960639 0.144675925374031 0.147503554821014 0.154416799545288 0.143266424536705 0.133084341883659 0.139853596687317 0.136895149946213 0.136808678507805 0.147295117378235 0.145456373691559 0.138378724455833 0.137208104133606 0.142285048961639 0.152694284915924 0.154416605830193 0.143031865358353 0.131351590156555 0.126902744174004 0.140953838825226 -3.4e+38 -3.4e+38 -3.4e+38 -3.4e+38
0.14386573433876 0.126725926995277 0.139682769775391 0.162293568253517 0.151671007275581 0.139494776725769 0.141214177012444 0.145276561379433 0.139345288276672 0.144559264183044 0.143564507365227 0.13543589413166 0.135660350322723 0.143845915794373 0.141815513372421 0.138922557234764 0.148906022310257 0.150431737303734 0.138262346386909 0.142102554440498 0.153127983212471 0.148063957691193 0.13484762609005 0.141690105199814 0.144307613372803 0.144675925374031 0.145508885383606 0.150183513760567 0.146496638655663 0.137813434004784 0.132422983646393 0.135811328887939 0.137505948543549 0.136981874704361 0.14268484711647 0.140263453125954 0.132267072796822 0.14276647567749 0.149547323584557 0.150148436427116 0.147154197096825 -3.4e+38 -3.4e+38 -3.4e+38 -3.4e+38 -3.4e+38 -3.4e+38 -3.4e+38 -3.4e+38
0.138277918100357 0.129489049315453 0.15066796541214 0.166820615530014 0.156182795763016 0.149979770183563 0.15175473690033 0.150162696838379 0.133051425218582 0.149961084127426 0.152424827218056 0.1401137560606 0.137771904468536 0.134194597601891 0.141675159335136 0.144565597176552 0.14966693520546 0.151272013783455 0.133409306406975 0.138804703950882 0.154845610260963 0.147313728928566 0.131870657205582 0.15336038172245 0.14830270409584 0.134087339043617 0.145185962319374 0.149141475558281 0.144351661205292 0.144510596990585 0.141134604811668 0.141723722219467 0.144967496395111 0.144307896494865 0.148463696241379 -3.4e+38 -3.4e+38 -3.4e+38 -3.4e+38 -3.4e+38 -3.4e+38 -3.4e+38 -3.4e+38 -3.4e+38 -3.4e+38 -3.4e+38 -3.4e+38 -3.4e+38 -3.4e+38
