data/trimmed_ndre/W_ndre.627.2010_no_clouds.asc
NCOLS 130 
NROWS 71 
XLLCORNER 530645 
YLLCORNER 5158205 
CELLSIZE 5 
NODATA_value -3.4e+38 
[rows 0 to 20 of 71, columns 0 to 48 of 130]
-339999999999999996123846586046231871488.000000000000000 -3.4e+38 -3.4e+38 -3.4e+38 -3.4e+38 -3.4e+38 -3.4e+38 -3.4e+38 -3.4e+38 -3.4e+38 -3.4e+38 0.681512951850891 0.668990552425385 0.666700184345245 0.651464641094208 0.645581364631653 0.666943490505219 -3.4e+38 -3.4e+38 -3.4e+38 -3.4e+38 -3.4e+38 -3.4e+38 -3.4e+38 -3.4e+38 -3.4e+38 -3.4e+38 -3.4e+38 -3.4e+38 -3.4e+38 -3.4e+38 -3.4e+38 -3.4e+38 -3.4e+38 -3.4e+38 -3.4e+38 -3.4e+38 -3.4e+38 -3.4e+38 -3.4e+38 -3.4e+38 -3.4e+38 -3.4e+38 -3.4e+38 -3.4e+38 -3.4e+38 -3.4e+38 -3.4e+38 -3.4e+38
-3.4e+38 -3.4e+38 -3.4e+38 -3.4e+38 -3.4e+38 -3.4e+38 -3.4e+38 -3.4e+38 -3.4e+38 -3.4e+38 0.67427533864975 0.676404416561127 0.668316841125488 0.658279836177826 0.649702489376068 0.647059679031372 0.660172402858734 0.669941067695618 -3.4e+38 -3.4e+38 -3.4e+38 -3.4e+38 -3.4e+38 -3.4e+38 -3.4e+38 -3.4e+38 -3.4e+38 -3.4e+38 -3.4e+38 -3.4e+38 -3.4e+38 -3.4e+38 -3.4e+38 -3.4e+38 -3.4e+38 -3.4e+38 -3.4e+38 -3.4e+38 -3.4e+38 -3.4e+38 -3.4e+38 -3.4e+38 -3.4e+38 -3.4e+38 -3.4e+38 -3.4e+38 -3.4e+38 -3.4e+38 -3.4e+38
-3.4e+38 -3.4e+38 -3.4e+38 -3.4e+38 -3.4e+38 -3.4e+38 -3.4e+38 -3.4e+38 0.623480319976807 0.663743197917938 0.694977581501007 0.669229984283447 0.666643142700195 0.655970931053162 0.651634931564331 0.660053014755249 0.661470413208008 0.657626748085022 0.657608211040497 -3.4e+38 -3.4e+38 -3.4e+38 -3.4e+38 -3.4e+38 -3.4e+38 -3.4e+38 -3.4e+38 -3.4e+38 -3.4e+38 -3.4e+38 -3.4e+38 -3.4e+38 -3.4e+38 -3.4e+38 -3.4e+38 -3.4e+38 -3.4e+38 -3.4e+38 -3.4e+38 -3.4e+38 -3.4e+38 -3.4e+38 -3.4e+38 -3.4e+38 -3.4e+38 -3.4e+38 -3.4e+38 -3.4e+38 -3.4e+38
-3.4e+38 -3.4e+38 -3.4e+38 -3.4e+38 -3.4e+38 -3.4e+38 -3.4e+38 -3.4e+38 -3.4e+38 0.653617680072784 0.684303939342499 0.667364835739136 0.669211149215698 0.664877235889435 0.657028913497925 0.66947340965271 0.663784444332123 0.65400618314743 0.657435357570648 0.657849371433258 0.656005084514618 -3.4e+38 -3.4e+38 -3.4e+38 -3.4e+38 -3.4e+38 -3.4e+38 -3.4e+38 -3.4e+38 -3.4e+38 -3.4e+38 -3.4e+38 0.653964161872864 0.650888860225677 -3.4e+38 -3.4e+38 -3.4e+38 -3.4e+38 -3.4e+38 -3.4e+38 -3.4e+38 -3.4e+38 -3.4e+38 -3.4e+38 -3.4e+38 -3.4e+38 -3.4e+38 -3.4e+38 -3.4e+38
-3.4e+38 -3.4e+38 -3.4e+38 -3.4e+38 -3.4e+38 -3.4e+38 -3.4e+38 -3.4e+38 -3.4e+38 0.641345500946045 0.670143246650696 0.683992087841034 0.673280596733093 0.664924025535583 0.659426152706146 0.662412106990814 0.653765320777893 0.643940448760986 0.645702183246613 0.642849385738373 0.645682096481323 0.647148668766022 0.64855968952179 0.664658427238464 0.678768038749695 0.683462262153625 0.68524843454361 0.68970799446106 -3.4e+38 -3.4e+38 -3.4e+38 0.680687665939331 0.674149692058563 0.666816353797913 0.667714416980743 0.668992280960083 0.663745284080505 -3.4e+38 -3.4e+38 -3.4e+38 -3.4e+38 -3.4e+38 -3.4e+38 -3.4e+38 -3.4e+38 -3.4e+38 -3.4e+38 -3.4e+38 -3.4e+38
-3.4e+38 -3.4e+38 -3.4e+38 -3.4e+38 -3.4e+38 -3.4e+38 -3.4e+38 -3.4e+38 -3.4e+38 0.648406863212585 0.673594534397125 0.690246045589447 0.686065137386322 0.665629923343658 0.649915337562561 0.648707926273346 0.643517076969147 0.634883999824524 0.631515920162201 0.63168066740036 0.639439940452576 0.644344925880432 0.653938591480255 0.670162081718445 0.679791629314423 0.685641050338745 0.690210461616516 0.694982945919037 0.701020359992981 0.70057874917984 0.696579694747925 0.693411767482758 0.686994731426239 0.677972316741943 0.674198091030121 0.675744950771332 0.675041854381561 0.670987606048584 0.663508534431458 0.65170282125473 -3.4e+38 -3.4e+38 -3.4e+38 -3.4e+38 -3.4e+38 -3.4e+38 -3.4e+38 -3.4e+38 -3.4e+38
-3.4e+38 -3.4e+38 -3.4e+38 -3.4e+38 -3.4e+38 -3.4e+38 -3.4e+38 -3.4e+38 -3.4e+38 0.620033383369446 0.668451845645905 0.700021326541901 0.698174178600311 0.667315602302551 0.646462023258209 0.653312623500824 0.652735471725464 0.633664011955261 0.635612726211548 0.636312365531921 0.635205388069153 0.649200558662415 0.665436685085297 0.675248742103577 0.682946085929871 0.69243848323822 0.69845175743103 0.702100515365601 0.70412689447403 0.702550947666168 0.699652314186096 0.701631784439087 0.699546158313751 0.689561247825623 0.679114878177643 0.675719022750854 0.674854278564453 0.673342049121857 0.673909664154053 0.670478641986847 0.663771152496338 0.650741457939148 -3.4e+38 -3.4e+38 -3.4e+38 -3.4e+38 -3.4e+38 -3.4e+38 -3.4e+38
-3.4e+38 -3.4e+38 -3.4e+38 -3.4e+38 -3.4e+38 -3.4e+38 -3.4e+38 -3.4e+38 -3.4e+38 0.596971392631531 0.658947825431824 0.693071246147156 0.698442399501801 0.670833349227905 0.650982022285461 0.646909534931183 0.6440110206604 0.636226832866669 0.657378435134888 0.652081668376923 0.636384308338165 0.66066986322403 0.674210488796234 0.683389484882355 0.697566866874695 0.70513916015625 0.704784154891968 0.706976771354675 0.706691384315491 0.704360604286194 0.702915906906128 0.707083344459534 0.707247197628021 0.700389325618744 0.693625271320343 0.686925947666168 0.679902970790863 0.678843975067139 0.684905648231506 0.684214293956757 0.68034291267395 0.673966467380524 0.65552806854248 -3.4e+38 -3.4e+38 -3.4e+38 -3.4e+38 -3.4e+38 -3.4e+38
-3.4e+38 -3.4e+38 -3.4e+38 -3.4e+38 -3.4e+38 -3.4e+38 -3.4e+38 -3.4e+38 0.596814751625061 0.588443517684937 0.637201309204102 0.679964005947113 0.689560830593109 0.677379786968231 0.653081119060516 0.635917186737061 0.631623864173889 0.641886472702026 0.662983059883118 0.666103601455688 0.65205705165863 0.66871190071106 0.679942190647125 0.685164153575897 0.701111674308777 0.704241156578064 0.702989399433136 0.706618428230286 0.707297503948212 0.704115808010101 0.703331589698792 0.704257130622864 0.705339312553406 0.704557836055756 0.705364167690277 0.698711216449738 0.689643323421478 0.690774142742157 0.69314169883728 0.689428865909576 0.685500383377075 0.684968233108521 0.673677027225494 0.655268609523773 0.635341823101044 0.624323010444641 0.625068485736847 -3.4e+38 -3.4e+38
-3.4e+38 -3.4e+38 -3.4e+38 -3.4e+38 -3.4e+38 -3.4e+38 -3.4e+38 0.620402038097382 0.60560131072998 0.586278438568115 0.62544846534729 0.677209675312042 0.686636388301849 0.680058538913727 0.663721084594727 0.651267349720001 0.641468524932861 0.642002165317535 0.651297509670258 0.659208416938782 0.650254130363464 0.657810270786285 0.681609332561493 0.679446041584015 0.680628538131714 0.687947809696198 0.693303465843201 0.695365309715271 0.700636684894562 0.700187385082245 0.697869598865509 0.69828200340271 0.700282096862793 0.707097828388214 0.706956684589386 0.699880659580231 0.695611655712128 0.6965092420578 0.693654119968414 0.68709933757782 0.680927991867065 0.680830001831055 0.681429505348206 0.671602785587311 0.65303909778595 0.63713675737381 0.628311097621918 0.632322549819946 -3.4e+38
-3.4e+38 -3.4e+38 -3.4e+38 -3.4e+38 -3.4e+38 -3.4e+38 0.63188225030899 0.62743216753006 0.616256833076477 0.608121991157532 0.621354639530182 0.660743415355682 0.67906790971756 0.679502844810486 0.682050764560699 0.677125334739685 0.664230763912201 0.654264152050018 0.652578890323639 0.653366923332214 0.651068925857544 0.661287069320679 0.685106515884399 0.676803946495056 0.671513795852661 0.678453981876373 0.681454598903656 0.680612921714783 0.687917172908783 0.696262180805206 0.696099162101746 0.695286989212036 0.694972574710846 0.699102103710175 0.695898354053497 0.690471887588501 0.691622674465179 0.693484961986542 0.694144368171692 0.690299093723297 0.681212842464447 0.67801821231842 0.683496057987213 0.682372152805328 0.670528054237366 0.650888860225677 0.637887120246887 0.641838550567627 0.645954012870789
-3.4e+38 -3.4e+38 -3.4e+38 -3.4e+38 -3.4e+38 0.646406829357147 0.643712043762207 0.639057457447052 0.628178715705872 0.609061717987061 0.601344466209412 0.619907259941101 0.650242030620575 0.674254775047302 0.694510102272034 0.697268187999725 0.680923402309418 0.671225965023041 0.672214031219482 0.672933340072632 0.669393718242645 0.678093254566193 0.691795945167542 0.691427707672119 0.688672244548798 0.686476230621338 0.67950576543808 0.675823390483856 0.676799118518829 0.68801075220108 0.69456148147583 0.694576859474182 0.691569745540619 0.689129710197449 0.688140630722046 0.687262177467346 0.686629056930542 0.687511384487152 0.694119274616241 0.700748026371002 0.696740746498108 0.690369188785553 0.690309941768646 0.690158784389496 0.679584860801697 0.663831770420074 0.65595018863678 0.658474385738373 0.655258655548096
-3.4e+38 -3.4e+38 -3.4e+38 -3.4e+38 -3.4e+38 0.658038556575775 0.651235699653625 0.648067891597748 0.638633191585541 0.598333239555359 0.575241982936859 0.588375926017761 0.613908588886261 0.645568788051605 0.672513663768768 0.682075381278992 0.677234530448914 0.680254876613617 0.688043773174286 0.68939733505249 0.685168981552124 0.687344312667847 0.688115417957306 0.68856954574585 0.692111551761627 0.692690551280975 0.688548445701599 0.684980452060699 0.683437585830688 0.688281893730164 0.691968500614166 0.689369022846222 0.68601655960083 0.686083257198334 0.682121336460114 0.678690493106842 0.678221046924591 0.684015810489655 0.692283868789673 0.6990687251091 0.699117064476013 0.695904076099396 0.69115149974823 0.687169849872589 0.684716165065765 0.680058538913727 0.671059012413025 0.669782698154449 0.666013181209564
-3.4e+38 -3.4e+38 -3.4e+38 -3.4e+38 0.665299952030182 0.660483777523041 0.653374552726746 0.651950299739838 0.644026875495911 0.614728093147278 0.579140067100525 0.572598457336426 0.5752192735672 0.599552929401398 0.628447949886322 0.649375438690186 0.661180913448334 0.668406128883362 0.676821410655975 0.680267155170441 0.678154766559601 0.682006895542145 0.68291163444519 0.684505701065063 0.687204360961914 0.689371287822723 0.693908512592316 0.695242404937744 0.69612729549408 0.696942031383514 0.694518446922302 0.688926696777344 0.687685310840607 0.690591990947723 0.69435065984726 0.686743378639221 0.677623629570007 0.680423498153687 0.690134346485138 0.691644787788391 0.691187381744385 0.690879225730896 0.687452137470245 0.683099806308746 0.687819540500641 0.688260078430176 0.67513769865036 0.673307597637177 0.675664663314819
-3.4e+38 -3.4e+38 -3.4e+38 -3.4e+38 0.643830299377441 0.64311957359314 0.640532433986664 0.636757016181946 0.637063920497894 0.621382474899292 0.59344756603241 0.567660748958588 0.561691224575043 0.578059732913971 0.604156136512756 0.621304512023926 0.62663209438324 0.635689198970795 0.642776787281036 0.650548934936523 0.65757143497467 0.659667670726776 0.651849806308746 0.655972063541412 0.667952358722687 0.681203365325928 0.696430444717407 0.696167409420013 0.693530678749084 0.692269325256348 0.690502524375916 0.690450012683868 0.700442016124725 0.708305656909943 0.705805957317352 0.697833895683289 0.681220889091492 0.676902413368225 0.684094786643982 0.689836621284485 0.693217098712921 0.696501016616821 0.696018874645233 0.690847337245941 0.692801892757416 0.696067988872528 0.686082541942596 0.683434367179871 0.690263330936432
-3.4e+38 -3.4e+38 -3.4e+38 -3.4e+38 0.630105793476105 0.627570331096649 0.617071509361267 0.613656342029572 0.62368255853653 0.625068306922913 0.605588734149933 0.577283680438995 0.57068258523941 0.583131551742554 0.594618737697601 0.600935280323029 0.603245198726654 0.611537218093872 0.619272768497467 0.6238072514534 0.629383087158203 0.620970785617828 0.606585800647736 0.61455625295639 0.636719107627869 0.655422925949097 0.668708205223083 0.666668653488159 0.668172299861908 0.672083914279938 0.675274074077606 0.683403968811035 0.699916005134583 0.705749571323395 0.699675619602203 0.698514819145203 0.694608509540558 0.692038536071777 0.695846140384674 0.696554958820343 0.700086712837219 0.704994082450867 0.705829381942749 0.700115561485291 0.696236848831177 0.700505495071411 0.700752258300781 0.70209014415741 0.702624320983887
-3.4e+38 -3.4e+38 -3.4e+38 0.644805610179901 0.638292968273163 0.631859183311462 0.616092681884766 0.616597771644592 0.633757948875427 0.630363583564758 0.60890144109726 0.588759303092957 0.582581520080566 0.596459805965424 0.601138532161713 0.601557970046997 0.606573343276978 0.613164663314819 0.612390875816345 0.608027219772339 0.610384464263916 0.606098234653473 0.5992511510849 0.60669481754303 0.613839030265808 0.617848932743073 0.622072577476501 0.62615305185318 0.647692739963531 0.663056373596191 0.669095039367676 0.679203152656555 0.689679324626923 0.693782389163971 0.695279181003571 0.696102797985077 0.69255656003952 0.693037390708923 0.693687975406647 0.6891970038414 0.682453334331512 0.680206179618835 0.68766713142395 0.699678599834442 0.703762471675873 0.703979253768921 0.705909609794617 0.705040037631989 0.698921680450439
-3.4e+38 -3.4e+38 0.649063348770142 0.64635556936264 0.63951301574707 0.629980027675629 0.621175169944763 0.630548298358917 0.646291315555573 0.634755373001099 0.614810287952423 0.608066856861115 0.595569312572479 0.606664299964905 0.620176494121552 0.617621898651123 0.614545941352844 0.617815375328064 0.613941073417664 0.610206246376038 0.610025227069855 0.616300284862518 0.617676079273224 0.616289913654327 0.609722852706909 0.600694119930267 0.598369777202606 0.60908305644989 0.630394339561462 0.648304581642151 0.653920829296112 0.66491824388504 0.675393521785736 0.683930218219757 0.688417017459869 0.692492127418518 0.694003760814667 0.694422483444214 0.693742513656616 0.692399263381958 0.690947234630585 0.686397612094879 0.684060513973236 0.695865392684937 0.706544518470764 0.705146551132202 0.704132437705994 0.70140552520752 0.694963812828064
-3.4e+38 0.649080336093903 0.644399225711823 0.643623828887939 0.643172860145569 0.633590638637543 0.632929146289825 0.641806900501251 0.649054765701294 0.648801565170288 0.633788228034973 0.617203235626221 0.606516003608704 0.615810811519623 0.635830461978912 0.639047086238861 0.620375156402588 0.610998392105103 0.614673554897308 0.615944981575012 0.621635556221008 0.624080002307892 0.623583018779755 0.617664337158203 0.610934317111969 0.604930102825165 0.596006691455841 0.598234534263611 0.608787059783936 0.617961764335632 0.620624363422394 0.634674787521362 0.640293478965759 0.642111241817474 0.658448576927185 0.681553184986115 0.695852756500244 0.705471396446228 0.706560611724854 0.706230401992798 0.710239708423615 0.708987712860107 0.699523389339447 0.697194397449493 0.698805212974548 0.693227648735046 0.698087573051453 0.704461812973022 0.703794181346893
-3.4e+38 0.654000103473663 0.646913766860962 0.642145037651062 0.647254705429077 0.64566171169281 0.644788205623627 0.648772895336151 0.649443745613098 0.645438432693481 0.629023015499115 0.613570272922516 0.615243494510651 0.616097152233124 0.6295405626297 0.636819362640381 0.624535322189331 0.612397253513336 0.620721220970154 0.618515014648438 0.625533282756805 0.633499622344971 0.632212936878204 0.63019871711731 0.622211992740631 0.616631627082825 0.614631831645966 0.609552919864655 0.60325700044632 0.596651375293732 0.59648460149765 0.601121008396149 0.59405380487442 0.596566319465637 0.623418211936951 0.66262274980545 0.691610336303711 0.702252924442291 0.699934482574463 0.696596384048462 0.699980020523071 0.705633819103241 0.702613353729248 0.69784677028656 0.690896034240723 0.68621826171875 0.6960089802742 0.705814599990845 0.709531307220459
0.65960156917572 0.658599674701691 0.650048792362213 0.647955596446991 0.653416872024536 0.65429812669754 0.652015447616577 0.650283813476562 0.653002977371216 0.644775331020355 0.629581570625305 0.619008481502533 0.621125400066376 0.623336255550385 0.631453633308411 0.638798713684082 0.634660184383392 0.619960188865662 0.621168375015259 0.628462970256805 0.634015917778015 0.638971924781799 0.639262795448303 0.641791880130768 0.640374779701233 0.640486180782318 0.639772057533264 0.63018536567688 0.614840984344482 0.604393005371094 0.599708914756775 0.597797751426697 0.583300352096558 0.581073045730591 0.600459516048431 0.621571660041809 0.641092777252197 0.656207919120789 0.664259910583496 0.671897411346436 0.678540050983429 0.688497543334961 0.700515508651733 0.70311564207077 0.694902539253235 0.693962872028351 0.70143187046051 0.70417994260788 0.704808235168457
