data/trimmed_ndre/W_ndre.722.2014_no_clouds.asc
NCOLS 130 
NROWS 71 
XLLCORNER 530645 
YLLCORNER 5158205 
CELLSIZE 5 
NODATA_value -3.4e+38 
[rows 21 to 41 of 71, columns 0 to 48 of 130]
0.529431998729706 0.544206023216248 0.540494561195374 0.537124872207642 0.530647337436676 0.526089131832123 0.524456799030304 0.525440871715546 0.544083476066589 0.5228471159935 0.488800048828125 0.480282604694366 0.491184562444687 0.471943259239197 0.435477435588837 0.439847946166992 0.396496266126633 0.357274353504181 0.36723804473877 0.375341325998306 0.401421010494232 0.424036622047424 0.427858024835587 0.448107481002808 0.469088971614838 0.462409824132919 0.446320533752441 0.397986739873886 0.365798145532608 0.36188468337059 0.403797388076782 0.44789519906044 0.473799079656601 0.507101833820343 0.519209325313568 0.506897509098053 0.503006398677826 0.471727311611176 0.424220740795135 0.424200087785721 0.431396335363388 0.454617083072662 0.488264679908752 0.483887016773224 0.466963976621628 0.467235088348389 0.494327634572983 0.502603352069855 0.498389422893524
0.523113369941711 0.522424399852753 0.522596955299377 0.534632980823517 0.545967996120453 0.56060802936554 0.561525821685791 0.55974555015564 0.559952020645142 0.53240841627121 0.509410202503204 0.509164333343506 0.504431307315826 0.456761837005615 0.395744919776917 0.374195516109467 0.375729382038116 0.373025387525558 0.397013306617737 0.42746165394783 0.433180809020996 0.445471435785294 0.455427348613739 0.450893968343735 0.450069576501846 0.426989823579788 0.418861985206604 0.415106058120728 0.386496126651764 0.377261996269226 0.402482062578201 0.433605670928955 0.453731179237366 0.498234152793884 0.51836770772934 0.4751016497612 0.451347410678864 0.457808792591095 0.449189841747284 0.421037465333939 0.397799044847488 0.414242178201675 0.467122614383698 0.481313645839691 0.461246848106384 0.457789152860641 0.494148820638657 0.524755716323853 0.511186122894287
-3.4e+38 0.52917605638504 0.53508996963501 0.554640829563141 0.5627281665802 0.571427702903748 0.577554702758789 0.580610513687134 0.57015997171402 0.558621466159821 0.547809600830078 0.505271017551422 0.471400529146194 0.433404386043549 0.377306699752808 0.379075944423676 0.408627510070801 0.412833869457245 0.447118818759918 0.480604290962219 0.464279562234879 0.443467348814011 0.449213892221451 0.44446063041687 0.424269139766693 0.411405920982361 0.399722337722778 0.4058817923069 0.385496884584427 0.389352679252625 0.415423393249512 0.422729909420013 0.429440647363663 0.466397762298584 0.506381392478943 0.485099226236343 0.451103568077087 0.447393715381622 0.44444665312767 0.440534949302673 0.429827660322189 0.434107065200806 0.452414333820343 0.454710632562637 0.454314827919006 0.46423551440239 0.46884685754776 0.491221845149994 0.511462092399597
-3.4e+38 -3.4e+38 0.561062693595886 0.580743134021759 0.578088581562042 0.571386337280273 0.605028688907623 0.611285448074341 0.583835005760193 0.566215515136719 0.532605051994324 0.457753032445908 0.418438732624054 0.401480793952942 0.383299648761749 0.412601858377457 0.43183296918869 0.435380786657333 0.453630566596985 0.480877429246902 0.474905103445053 0.447096794843674 0.446955591440201 0.434341222047806 0.400672197341919 0.395031630992889 0.369795650243759 0.355891704559326 0.36178582906723 0.389569282531738 0.422330677509308 0.421021789312363 0.405729681253433 0.420340985059738 0.461706161499023 0.490605384111404 0.466876477003098 0.44422122836113 0.434529155492783 0.429289758205414 0.441700488328934 0.444494247436523 0.443246781826019 0.435559630393982 0.437126368284225 0.478816539049149 0.502423405647278 0.504482686519623 0.513316094875336
-3.4e+38 -3.4e+38 -3.4e+38 0.583020329475403 0.58127748966217 0.585673153400421 0.629468500614166 0.613459289073944 0.566732823848724 0.524546682834625 0.480767458677292 0.410992950201035 0.390504986047745 0.413417130708694 0.427038073539734 0.433297276496887 0.434318572282791 0.425365269184113 0.42767408490181 0.473461538553238 0.494113981723785 0.473151803016663 0.448857992887497 0.433711230754852 0.406264275312424 0.366186201572418 0.340254008769989 0.336363792419434 0.339265078306198 0.371301084756851 0.394735485315323 0.394428759813309 0.393471211194992 0.40338334441185 0.425228863954544 0.447618097066879 0.451437145471573 0.433811724185944 0.413390576839447 0.410477340221405 0.429635792970657 0.43497496843338 0.444131374359131 0.448388934135437 0.454818159341812 0.488318264484406 0.506698131561279 0.50201016664505 0.505484223365784
-3.4e+38 -3.4e+38 -3.4e+38 0.578254580497742 0.583947837352753 0.593337655067444 0.603998184204102 0.565895617008209 0.513862192630768 0.466459631919861 0.427764475345612 0.394416987895966 0.425123304128647 0.474418520927429 0.475484937429428 0.451544642448425 0.429946094751358 0.407962083816528 0.411272823810577 0.462597519159317 0.487025648355484 0.47013583779335 0.437763452529907 0.423019289970398 0.379964888095856 0.351864188909531 0.347192525863647 0.342052102088928 0.328114748001099 0.344165802001953 0.362126380205154 0.364565551280975 0.375866442918777 0.395220428705215 0.396571785211563 0.40915060043335 0.434041142463684 0.423648416996002 0.400833576917648 0.396180748939514 0.395984917879105 0.401610672473907 0.424550116062164 0.440609723329544 0.454898566007614 0.457726657390594 0.461166590452194 0.480050057172775 0.485207229852676
-3.4e+38 -3.4e+38 -3.4e+38 0.582082569599152 0.586230993270874 0.576098918914795 0.555813133716583 0.505240857601166 0.446737080812454 0.419512271881104 0.42015016078949 0.437414586544037 0.485736936330795 0.511373579502106 0.500464856624603 0.473974108695984 0.44445988535881 0.425743967294693 0.426417201757431 0.449514955282211 0.44786348938942 0.422587364912033 0.404638111591339 0.390542179346085 0.353633433580399 0.360341250896454 0.354471921920776 0.340481072664261 0.341802000999451 0.357750743627548 0.370286285877228 0.371372640132904 0.366744607686996 0.384506434202194 0.411529839038849 0.437429875135422 0.434467196464539 0.414726287126541 0.41355761885643 0.383536845445633 0.360172718763351 0.361933559179306 0.38569101691246 0.413421034812927 0.42926362156868 0.421369105577469 0.434732288122177 0.473364233970642 0.476355701684952
-3.4e+38 -3.4e+38 -3.4e+38 -3.4e+38 0.574815452098846 0.550275087356567 0.515756726264954 0.46328017115593 0.423881679773331 0.433423817157745 0.460340052843094 0.492463916540146 0.519610047340393 0.515140175819397 0.51551216840744 0.497718989849091 0.464625298976898 0.465522646903992 0.453819960355759 0.441933840513229 0.407418817281723 0.374517053365707 0.366065174341202 0.359584391117096 0.348989129066467 0.359445422887802 0.361755162477493 0.360649287700653 0.373693913221359 0.39411136507988 0.406989246606827 0.414830356836319 0.412934750318527 0.425647139549255 0.469278186559677 0.497933268547058 0.472663104534149 0.443605929613113 0.427702277898788 0.379650145769119 0.355337023735046 0.35137552022934 0.363094568252563 0.392331033945084 0.411120355129242 0.420731782913208 0.426230788230896 0.450291126966476 0.459098905324936
-3.4e+38 -3.4e+38 -3.4e+38 -3.4e+38 -3.4e+38 0.482910960912704 0.459185421466827 0.456996411085129 0.457289755344391 0.480743050575256 0.503507018089294 0.52595990896225 0.524791479110718 0.513266324996948 0.520994365215302 0.494511932134628 0.46499764919281 0.478158295154572 0.458513200283051 0.417459338903427 0.367968410253525 0.352651447057724 0.345856487751007 0.349716573953629 0.359185636043549 0.373925179243088 0.380254536867142 0.382846355438232 0.391549468040466 0.40807256102562 0.4205621778965 0.43995600938797 0.457121878862381 0.485504388809204 0.519348621368408 0.548506438732147 0.531337201595306 0.487181156873703 0.453568071126938 0.409341633319855 0.382060587406158 0.372457891702652 0.382701009511948 0.393074512481689 0.389229357242584 0.39975917339325 0.400195747613907 0.415525555610657 0.445114821195602
-3.4e+38 -3.4e+38 -3.4e+38 -3.4e+38 -3.4e+38 -3.4e+38 -3.4e+38 -3.4e+38 0.483895510435104 0.512009739875793 0.514621317386627 0.490578770637512 0.489066243171692 0.507726550102234 0.500419318675995 0.468230605125427 0.446144104003906 0.447114884853363 0.425132900476456 0.383790761232376 0.354260176420212 0.350591152906418 0.3471559882164 0.364662528038025 0.383879482746124 0.389121413230896 0.390729188919067 0.389620363712311 0.388954341411591 0.400396645069122 0.420405894517899 0.45689868927002 0.4951012134552 0.526720762252808 0.54023277759552 0.574485301971436 0.568452298641205 0.526293992996216 0.500532567501068 0.462145119905472 0.431460976600647 0.416993498802185 0.415270239114761 0.402123928070068 0.397931307554245 0.402953892946243 0.398238450288773 0.404002040624619 0.439402908086777
-3.4e+38 -3.4e+38 -3.4e+38 -3.4e+38 -3.4e+38 -3.4e+38 -3.4e+38 -3.4e+38 -3.4e+38 -3.4e+38 0.497862190008163 0.452768117189407 0.461287200450897 0.487004011869431 0.468184411525726 0.452686667442322 0.413384139537811 0.39616072177887 0.3842993080616 0.362924247980118 0.353738248348236 0.353457033634186 0.370446443557739 0.396593809127808 0.390546023845673 0.384151637554169 0.386670738458633 0.388226389884949 0.386568367481232 0.3946653008461 0.433048188686371 0.478587716817856 0.522055566310883 0.548754513263702 0.559637486934662 0.584300637245178 0.571824014186859 0.551990807056427 0.536262810230255 0.506531357765198 0.483038574457169 0.470211982727051 0.470331609249115 0.460087925195694 0.4534852206707 0.441906720399857 0.426989108324051 0.414768487215042 0.439841955900192
-3.4e+38 -3.4e+38 -3.4e+38 -3.4e+38 -3.4e+38 -3.4e+38 -3.4e+38 -3.4e+38 -3.4e+38 -3.4e+38 -3.4e+38 0.459479451179504 0.45627024769783 0.445312678813934 0.413505733013153 0.397808343172073 0.375453144311905 0.37113893032074 0.372527271509171 0.361911922693253 0.352019309997559 0.361835896968842 0.393382161855698 0.396745890378952 0.382947742938995 0.372467041015625 0.37396115064621 0.378521144390106 0.388628751039505 0.409818947315216 0.460512399673462 0.512243509292603 0.542050838470459 0.565476894378662 0.577132642269135 0.581323683261871 0.56152069568634 0.558545470237732 0.551472723484039 0.536650598049164 0.52976655960083 0.533904552459717 0.533316671848297 0.525903642177582 0.512486636638641 0.501563608646393 0.480762600898743 0.467671513557434 0.500186562538147
-3.4e+38 -3.4e+38 -3.4e+38 -3.4e+38 -3.4e+38 -3.4e+38 -3.4e+38 -3.4e+38 -3.4e+38 -3.4e+38 -3.4e+38 -3.4e+38 -3.4e+38 -3.4e+38 -3.4e+38 -3.4e+38 -3.4e+38 -3.4e+38 -3.4e+38 -3.4e+38 -3.4e+38 -3.4e+38 -3.4e+38 -3.4e+38 -3.4e+38 -3.4e+38 -3.4e+38 -3.4e+38 -3.4e+38 -3.4e+38 -3.4e+38 0.523412823677063 0.554606556892395 0.574836254119873 0.591463327407837 0.584754824638367 0.564765632152557 0.566004693508148 0.566228866577148 0.56676173210144 0.564924955368042 0.564646005630493 0.552482068538666 0.544135272502899 0.546772599220276 0.550867676734924 0.522645354270935 0.510985672473907 0.547892808914185
-3.4e+38 -3.4e+38 -3.4e+38 -3.4e+38 -3.4e+38 -3.4e+38 -3.4e+38 -3.4e+38 -3.4e+38 -3.4e+38 -3.4e+38 -3.4e+38 -3.4e+38 -3.4e+38 -3.4e+38 -3.4e+38 -3.4e+38 -3.4e+38 -3.4e+38 -3.4e+38 -3.4e+38 -3.4e+38 -3.4e+38 -3.4e+38 -3.4e+38 -3.4e+38 -3.4e+38 -3.4e+38 -3.4e+38 -3.4e+38 -3.4e+38 -3.4e+38 -3.4e+38 0.59400600194931 0.604331493377686 0.588969707489014 0.570960879325867 0.57246470451355 0.569880127906799 0.567403495311737 0.557291984558105 0.549412369728088 0.533697485923767 0.532959938049316 0.54012256860733 0.529214084148407 0.49737936258316 0.504506886005402 0.540508151054382
-3.4e+38 -3.4e+38 -3.4e+38 -3.4e+38 -3.4e+38 -3.4e+38 -3.4e+38 -3.4e+38 -3.4e+38 -3.4e+38 -3.4e+38 -3.4e+38 -3.4e+38 -3.4e+38 -3.4e+38 -3.4e+38 -3.4e+38 -3.4e+38 -3.4e+38 -3.4e+38 -3.4e+38 -3.4e+38 -3.4e+38 -3.4e+38 -3.4e+38 -3.4e+38 -3.4e+38 -3.4e+38 -3.4e+38 -3.4e+38 -3.4e+38 -3.4e+38 -3.4e+38 -3.4e+38 0.605711340904236 0.573156356811523 0.557742834091187 0.55399364233017 0.545133233070374 0.538881123065948 0.532216668128967 0.522917330265045 0.505691468715668 0.502350509166718 0.504506051540375 0.48334589600563 0.458627998828888 0.483282834291458 0.524778068065643
-3.4e+38 -3.4e+38 -3.4e+38 -3.4e+38 -3.4e+38 -3.4e+38 -3.4e+38 -3.4e+38 -3.4e+38 -3.4e+38 -3.4e+38 -3.4e+38 -3.4e+38 -3.4e+38 -3.4e+38 -3.4e+38 -3.4e+38 -3.4e+38 -3.4e+38 -3.4e+38 -3.4e+38 -3.4e+38 -3.4e+38 -3.4e+38 -3.4e+38 -3.4e+38 -3.4e+38 -3.4e+38 -3.4e+38 -3.4e+38 -3.4e+38 -3.4e+38 -3.4e+38 -3.4e+38 0.597627103328705 0.575917959213257 0.556207418441772 0.534473121166229 0.515651285648346 0.511435031890869 0.506980836391449 0.497772604227066 0.486655533313751 0.490775763988495 0.485509514808655 0.469519197940826 0.454924732446671 0.47794109582901 0.507099092006683
-3.4e+38 -3.4e+38 -3.4e+38 -3.4e+38 -3.4e+38 -3.4e+38 -3.4e+38 -3.4e+38 -3.4e+38 -3.4e+38 -3.4e+38 -3.4e+38 -3.4e+38 -3.4e+38 -3.4e+38 -3.4e+38 -3.4e+38 -3.4e+38 -3.4e+38 -3.4e+38 -3.4e+38 -3.4e+38 -3.4e+38 -3.4e+38 -3.4e+38 -3.4e+38 -3.4e+38 -3.4e+38 -3.4e+38 -3.4e+38 -3.4e+38 -3.4e+38 -3.4e+38 -3.4e+38 0.59822690486908 0.588632822036743 0.566705226898193 0.533116817474365 0.503696501255035 0.490272045135498 0.48376077413559 0.478310465812683 0.484246134757996 0.494563192129135 0.464309722185135 0.435466974973679 0.429028630256653 0.444684743881226 0.465135097503662
-3.4e+38 -3.4e+38 -3.4e+38 -3.4e+38 -3.4e+38 -3.4e+38 -3.4e+38 -3.4e+38 -3.4e+38 -3.4e+38 -3.4e+38 -3.4e+38 -3.4e+38 -3.4e+38 -3.4e+38 -3.4e+38 -3.4e+38 -3.4e+38 -3.4e+38 -3.4e+38 -3.4e+38 -3.4e+38 -3.4e+38 -3.4e+38 -3.4e+38 -3.4e+38 -3.4e+38 -3.4e+38 -3.4e+38 -3.4e+38 -3.4e+38 -3.4e+38 -3.4e+38 -3.4e+38 -3.4e+38 0.57343590259552 0.549737870693207 0.518681883811951 0.494329214096069 0.473619639873505 0.466203719377518 0.464362651109695 0.464051812887192 0.466225355863571 0.444599121809006 0.41707244515419 0.393879532814026 0.391181170940399 0.415855467319489
-3.4e+38 -3.4e+38 -3.4e+38 -3.4e+38 -3.4e+38 -3.4e+38 -3.4e+38 -3.4e+38 -3.4e+38 -3.4e+38 -3.4e+38 -3.4e+38 -3.4e+38 -3.4e+38 -3.4e+38 -3.4e+38 -3.4e+38 -3.4e+38 -3.4e+38 -3.4e+38 -3.4e+38 -3.4e+38 -3.4e+38 -3.4e+38 -3.4e+38 -3.4e+38 -3.4e+38 -3.4e+38 -3.4e+38 -3.4e+38 -3.4e+38 -3.4e+38 -3.4e+38 -3.4e+38 -3.4e+38 -3.4e+38 0.517931044101715 0.495454430580139 0.473674863576889 0.457195371389389 0.451977223157883 0.449061661958694 0.438928693532944 0.436372220516205 0.422886461019516 0.39988049864769 0.369695782661438 0.361306637525558 0.390697985887527
-3.4e+38 -3.4e+38 -3.4e+38 -3.4e+38 -3.4e+38 -3.4e+38 -3.4e+38 -3.4e+38 -3.4e+38 -3.4e+38 -3.4e+38 -3.4e+38 -3.4e+38 -3.4e+38 -3.4e+38 -3.4e+38 -3.4e+38 -3.4e+38 -3.4e+38 -3.4e+38 -3.4e+38 -3.4e+38 -3.4e+38 -3.4e+38 -3.4e+38 -3.4e+38 -3.4e+38 -3.4e+38 -3.4e+38 -3.4e+38 -3.4e+38 -3.4e+38 -3.4e+38 -3.4e+38 -3.4e+38 -3.4e+38 -3.4e+38 0.471285492181778 0.45452293753624 0.440637588500977 0.434012591838837 0.429834753274918 0.425070434808731 0.417537480592728 0.394075065851212 0.371364533901215 0.349403887987137 0.332525223493576 0.354454338550568
-3.4e+38 -3.4e+38 -3.4e+38 -3.4e+38 -3.4e+38 -3.4e+38 -3.4e+38 -3.4e+38 -3.4e+38 -3.4e+38 -3.4e+38 -3.4e+38 -3.4e+38 -3.4e+38 -3.4e+38 -3.4e+38 -3.4e+38 -3.4e+38 -3.4e+38 -3.4e+38 -3.4e+38 -3.4e+38 -3.4e+38 -3.4e+38 -3.4e+38 -3.4e+38 -3.4e+38 -3.4e+38 -3.4e+38 -3.4e+38 -3.4e+38 -3.4e+38 -3.4e+38 -3.4e+38 -3.4e+38 -3.4e+38 -3.4e+38 -3.4e+38 0.458096653223038 0.445780545473099 0.43972572684288 0.439466506242752 0.427346587181091 0.402993321418762 0.375727713108063 0.345381438732147 0.329183995723724 0.330748021602631 0.344316303730011
