data/trimmed_ndre/W_ndre.724.2009_no_clouds.asc
NCOLS 130 
NROWS 71 
XLLCORNER 530645 
YLLCORNER 5158205 
CELLSIZE 5 
NODATA_value -3.4e+38 
[rows 21 to 41 of 71, columns 0 to 48 of 130]
0.157477676868439 0.145760223269463 0.142622798681259 0.139540761709213 0.145427092909813 0.157428026199341 0.155152395367622 0.163863524794579 0.179949775338173 0.162524282932281 0.155969932675362 0.160530462861061 0.154449075460434 0.144787445664406 0.137983024120331 0.136953786015511 0.141911596059799 0.146199762821198 0.15271158516407 0.150786623358727 0.136346399784088 0.14429122209549 0.147604048252106 0.147763013839722 0.136023938655853 0.138060465455055 0.150653943419456 0.150847226381302 0.161780387163162 0.172532469034195 0.16867983341217 0.139800071716309 0.129913046956062 0.148844301700592 0.156062915921211 0.145994067192078 0.154643312096596 0.168218180537224 0.175908952951431 0.183928117156029 0.238291636109352 0.303469240665436 0.342842608690262 0.377201586961746 0.398366123437881 0.409808218479156 0.434607207775116 0.46423876285553 0.47476863861084
0.15176622569561 0.158621907234192 0.158107414841652 0.148688986897469 0.145823076367378 0.151016876101494 0.147787973284721 0.147605642676353 0.16698682308197 0.175591513514519 0.154114365577698 0.133677557110786 0.143041834235191 0.156847029924393 0.148001655936241 0.153202161192894 0.165647149085999 0.163670003414154 0.146630793809891 0.133929312229156 0.144914105534554 0.165398672223091 0.153692111372948 0.152894333004951 0.137786105275154 0.142536640167236 0.163852363824844 0.161014288663864 0.14933642745018 0.149348124861717 0.151604920625687 0.144333764910698 0.141856789588928 0.151814386248589 0.154791414737701 0.15346884727478 0.1480363458395 0.159308642148972 0.164269432425499 0.161880031228065 0.164988234639168 0.198976337909698 0.248516887426376 0.29812479019165 0.360653251409531 0.40943968296051 0.432501047849655 0.459084302186966 0.469374239444733
-3.4e+38 0.133989587426186 0.147146835923195 0.150439351797104 0.146676227450371 0.140564903616905 0.15297332406044 0.165976136922836 0.16548877954483 0.158736929297447 0.142283990979195 0.120453968644142 0.125391900539398 0.140064775943756 0.139069378376007 0.15037277340889 0.162645623087883 0.153095304965973 0.148436859250069 0.152996823191643 0.14776024222374 0.14352935552597 0.13280662894249 0.148854687809944 0.150750324130058 0.13432665169239 0.141641452908516 0.155419856309891 0.153134375810623 0.150251984596252 0.151942789554596 0.138113304972649 0.139075964689255 0.161804214119911 0.168410256505013 0.164205476641655 0.148010686039925 0.15285462141037 0.157939165830612 0.156851395964622 0.155221864581108 0.15275439620018 0.171629473567009 0.209262818098068 0.267982810735703 0.339887648820877 0.400437504053116 0.436794400215149 0.459985375404358
-3.4e+38 -3.4e+38 0.142540857195854 0.142745032906532 0.148129135370255 0.144308611750603 0.147787541151047 0.14791265130043 0.139658123254776 0.137845903635025 0.137023493647575 0.152862206101418 0.170796886086464 0.159131422638893 0.142405599355698 0.143315777182579 0.146091684699059 0.143239989876747 0.154580056667328 0.151222676038742 0.129028916358948 0.124771818518639 0.125682681798935 0.13303504884243 0.143254056572914 0.136353492736816 0.131554335355759 0.158030524849892 0.169972494244576 0.149565845727921 0.154428139328957 0.157235860824585 0.146266683936119 0.157254755496979 0.161914587020874 0.153391763567924 0.14734910428524 0.149152666330338 0.150789007544518 0.150022938847542 0.154128894209862 0.165862560272217 0.157851099967957 0.14936463534832 0.176530063152313 0.227619007229805 0.326206207275391 0.407092720270157 0.460165977478027
-3.4e+38 -3.4e+38 -3.4e+38 0.138791456818581 0.135046541690826 0.144998669624329 0.153772711753845 0.155539974570274 0.145498901605606 0.134296253323555 0.128583744168282 0.144788026809692 0.167260438203812 0.16476659476757 0.142356395721436 0.14577828347683 0.164134934544563 0.164139926433563 0.156303822994232 0.136754974722862 0.125734686851501 0.144256442785263 0.144016668200493 0.145084694027901 0.148190215229988 0.141616016626358 0.136440113186836 0.148925513029099 0.155559524893761 0.141600832343102 0.161084443330765 0.166245028376579 0.14642159640789 0.14431269466877 0.15974734723568 0.171467706561089 0.157134920358658 0.143932521343231 0.149877697229385 0.137746676802635 0.134972393512726 0.159424662590027 0.156867653131485 0.157004073262215 0.171269565820694 0.170679077506065 0.234015703201294 0.328628927469254 0.387122601270676
-3.4e+38 -3.4e+38 -3.4e+38 0.163758888840675 0.151716977357864 0.140854835510254 0.149393305182457 0.178933590650558 0.170686632394791 0.134382322430611 0.132185116410255 0.145421579480171 0.151491165161133 0.149480223655701 0.134504392743111 0.129437416791916 0.146395683288574 0.157034561038017 0.148396015167236 0.133073225617409 0.133606061339378 0.145488619804382 0.145099341869354 0.151064872741699 0.149511680006981 0.145781993865967 0.139381840825081 0.134053349494934 0.15337498486042 0.152257919311523 0.15679332613945 0.153438612818718 0.158661052584648 0.171767666935921 0.165336087346077 0.153539150953293 0.142302185297012 0.147227972745895 0.164107784628868 0.163927286863327 0.151527523994446 0.158327504992485 0.162137612700462 0.180059120059013 0.192370370030403 0.174819767475128 0.172915384173393 0.20984673500061 0.285279989242554
-3.4e+38 -3.4e+38 -3.4e+38 0.159486100077629 0.152658611536026 0.132513627409935 0.125669464468956 0.152532890439034 0.162579044699669 0.141053974628448 0.140400126576424 0.152011260390282 0.142060503363609 0.134643271565437 0.143178254365921 0.134067997336388 0.14478312432766 0.154527693986893 0.14236256480217 0.139756590127945 0.129692509770393 0.127447172999382 0.139382436871529 0.147410079836845 0.145723521709442 0.151199206709862 0.143846243619919 0.135022565722466 0.149212956428528 0.144301429390907 0.151372700929642 0.147498473525047 0.143729001283646 0.160052493214607 0.158723324537277 0.133760347962379 0.136182904243469 0.156181693077087 0.160555839538574 0.160272300243378 0.151624009013176 0.148682177066803 0.15087054669857 0.153562590479851 0.158044338226318 0.163602411746979 0.158635228872299 0.156897038221359 0.21054895222187
-3.4e+38 -3.4e+38 -3.4e+38 -3.4e+38 0.145217105746269 0.145025670528412 0.130811527371407 0.133035585284233 0.146426275372505 0.144102692604065 0.1412483304739 0.144324377179146 0.153161332011223 0.149388283491135 0.144091933965683 0.131137937307358 0.145484507083893 0.150506272912025 0.133283540606499 0.142550438642502 0.122811660170555 0.119234293699265 0.144278109073639 0.144447132945061 0.142344236373901 0.149636343121529 0.142014026641846 0.139540836215019 0.13938906788826 0.129098445177078 0.151401862502098 0.160681009292603 0.140916720032692 0.13708171248436 0.151032581925392 0.151270195841789 0.139575511217117 0.151524841785431 0.155204892158508 0.153861626982689 0.1439468562603 0.140354096889496 0.14775450527668 0.145102262496948 0.147735685110092 0.161043509840965 0.16322985291481 0.141091331839561 0.152903288602829
-3.4e+38 -3.4e+38 -3.4e+38 -3.4e+38 -3.4e+38 0.126700937747955 0.124569550156593 0.13018624484539 0.143527135252953 0.144361883401871 0.152702495455742 0.144647493958473 0.146456375718117 0.142311573028564 0.132099211215973 0.119376048445702 0.129663676023483 0.141129553318024 0.138276726007462 0.147820621728897 0.130158752202988 0.133271008729935 0.147917091846466 0.145230114459991 0.136756137013435 0.133932948112488 0.13552425801754 0.141311824321747 0.158917680382729 0.145439773797989 0.132920116186142 0.138596534729004 0.148676112294197 0.142465233802795 0.139215797185898 0.153153568506241 0.149361088871956 0.146312862634659 0.144065976142883 0.151884406805038 0.150556519627571 0.140983566641808 0.137223675847054 0.134644195437431 0.142854183912277 0.149430781602859 0.150214031338692 0.140833660960197 0.144437834620476
-3.4e+38 -3.4e+38 -3.4e+38 -3.4e+38 -3.4e+38 -3.4e+38 -3.4e+38 -3.4e+38 0.133007362484932 0.123043172061443 0.154043078422546 0.155546933412552 0.142609924077988 0.139170184731483 0.13535088300705 0.128421753644943 0.135789901018143 0.14359287917614 0.139438465237617 0.151699468493462 0.14954936504364 0.139568522572517 0.140546873211861 0.142173588275909 0.133931785821915 0.124821543693542 0.134699299931526 0.146476775407791 0.149701252579689 0.143819451332092 0.130685463547707 0.135945335030556 0.164024099707603 0.177116930484772 0.156537652015686 0.138922303915024 0.142526894807816 0.14916767179966 0.139623701572418 0.145175859332085 0.151501402258873 0.144685119390488 0.135203555226326 0.132573753595352 0.140482112765312 0.142314821481705 0.145193204283714 0.150309503078461 0.145442724227905
-3.4e+38 -3.4e+38 -3.4e+38 -3.4e+38 -3.4e+38 -3.4e+38 -3.4e+38 -3.4e+38 -3.4e+38 -3.4e+38 0.143825903534889 0.150879919528961 0.152639552950859 0.153126150369644 0.13676518201828 0.135600134730339 0.14793236553669 0.145306348800659 0.136003911495209 0.150838494300842 0.155028998851776 0.118647523224354 0.123513080179691 0.145094260573387 0.140946730971336 0.129311606287956 0.132636517286301 0.139624729752541 0.134945690631866 0.147217333316803 0.154649466276169 0.156442105770111 0.159876078367233 0.156683266162872 0.141740649938583 0.128034323453903 0.144342333078384 0.161165565252304 0.15644870698452 0.144340515136719 0.132964596152306 0.139523446559906 0.142576172947884 0.13701020181179 0.149851620197296 0.15872423350811 0.139539644122124 0.135200515389442 0.14144267141819
-3.4e+38 -3.4e+38 -3.4e+38 -3.4e+38 -3.4e+38 -3.4e+38 -3.4e+38 -3.4e+38 -3.4e+38 -3.4e+38 -3.4e+38 0.13765050470829 0.13309620320797 0.136605098843575 0.140379175543785 0.134329557418823 0.139496326446533 0.141694635152817 0.141146495938301 0.131318837404251 0.13344132900238 0.126296624541283 0.128937035799026 0.149593695998192 0.151202231645584 0.140048265457153 0.128495097160339 0.131863370537758 0.138948544859886 0.150496765971184 0.154865145683289 0.162432104349136 0.156524106860161 0.141947716474533 0.131749287247658 0.138138994574547 0.15485392510891 0.154993027448654 0.149513587355614 0.137996688485146 0.123659119009972 0.137007310986519 0.159300491213799 0.161935567855835 0.159673556685448 0.152456909418106 0.130016267299652 0.130472615361214 0.148601606488228
-3.4e+38 -3.4e+38 -3.4e+38 -3.4e+38 -3.4e+38 -3.4e+38 -3.4e+38 -3.4e+38 -3.4e+38 -3.4e+38 -3.4e+38 -3.4e+38 -3.4e+38 -3.4e+38 -3.4e+38 -3.4e+38 -3.4e+38 -3.4e+38 -3.4e+38 -3.4e+38 -3.4e+38 -3.4e+38 -3.4e+38 -3.4e+38 -3.4e+38 -3.4e+38 -3.4e+38 -3.4e+38 -3.4e+38 -3.4e+38 -3.4e+38 0.16027107834816 0.158827766776085 0.149915769696236 0.128761813044548 0.130427300930023 0.155437082052231 0.149659290909767 0.136963352560997 0.142839893698692 0.147747799754143 0.15414334833622 0.168495371937752 0.163314804434776 0.143461436033249 0.135821759700775 0.143845319747925 0.15908870100975 0.158994063735008
-3.4e+38 -3.4e+38 -3.4e+38 -3.4e+38 -3.4e+38 -3.4e+38 -3.4e+38 -3.4e+38 -3.4e+38 -3.4e+38 -3.4e+38 -3.4e+38 -3.4e+38 -3.4e+38 -3.4e+38 -3.4e+38 -3.4e+38 -3.4e+38 -3.4e+38 -3.4e+38 -3.4e+38 -3.4e+38 -3.4e+38 -3.4e+38 -3.4e+38 -3.4e+38 -3.4e+38 -3.4e+38 -3.4e+38 -3.4e+38 -3.4e+38 -3.4e+38 -3.4e+38 0.162450328469276 0.136590212583542 0.135354265570641 0.155697956681252 0.143134936690331 0.131028294563293 0.146684363484383 0.16956028342247 0.164178505539894 0.149677500128746 0.140645682811737 0.13082267343998 0.135741293430328 0.152937725186348 0.165719747543335 0.156576499342918
-3.4e+38 -3.4e+38 -3.4e+38 -3.4e+38 -3.4e+38 -3.4e+38 -3.4e+38 -3.4e+38 -3.4e+38 -3.4e+38 -3.4e+38 -3.4e+38 -3.4e+38 -3.4e+38 -3.4e+38 -3.4e+38 -3.4e+38 -3.4e+38 -3.4e+38 -3.4e+38 -3.4e+38 -3.4e+38 -3.4e+38 -3.4e+38 -3.4e+38 -3.4e+38 -3.4e+38 -3.4e+38 -3.4e+38 -3.4e+38 -3.4e+38 -3.4e+38 -3.4e+38 -3.4e+38 0.143122404813766 0.142914026975632 0.147320285439491 0.137157410383224 0.136226043105125 0.139406681060791 0.157851994037628 0.155479609966278 0.13709445297718 0.131897673010826 0.135586574673653 0.134060174226761 0.139665246009827 0.145817592740059 0.142881765961647
-3.4e+38 -3.4e+38 -3.4e+38 -3.4e+38 -3.4e+38 -3.4e+38 -3.4e+38 -3.4e+38 -3.4e+38 -3.4e+38 -3.4e+38 -3.4e+38 -3.4e+38 -3.4e+38 -3.4e+38 -3.4e+38 -3.4e+38 -3.4e+38 -3.4e+38 -3.4e+38 -3.4e+38 -3.4e+38 -3.4e+38 -3.4e+38 -3.4e+38 -3.4e+38 -3.4e+38 -3.4e+38 -3.4e+38 -3.4e+38 -3.4e+38 -3.4e+38 -3.4e+38 -3.4e+38 0.142842292785645 0.145595982670784 0.142698228359222 0.13988983631134 0.139464795589447 0.131302982568741 0.138838842511177 0.153879284858704 0.15365569293499 0.142275243997574 0.139488279819489 0.135452941060066 0.132530406117439 0.125502035021782 0.139568984508514
-3.4e+38 -3.4e+38 -3.4e+38 -3.4e+38 -3.4e+38 -3.4e+38 -3.4e+38 -3.4e+38 -3.4e+38 -3.4e+38 -3.4e+38 -3.4e+38 -3.4e+38 -3.4e+38 -3.4e+38 -3.4e+38 -3.4e+38 -3.4e+38 -3.4e+38 -3.4e+38 -3.4e+38 -3.4e+38 -3.4e+38 -3.4e+38 -3.4e+38 -3.4e+38 -3.4e+38 -3.4e+38 -3.4e+38 -3.4e+38 -3.4e+38 -3.4e+38 -3.4e+38 -3.4e+38 0.141386285424232 0.150251716375351 0.13673722743988 0.143499046564102 0.148863285779953 0.136580765247345 0.136440247297287 0.154130473732948 0.16420291364193 0.148559719324112 0.142375484108925 0.14129501581192 0.137388944625854 0.116536699235439 0.129383623600006
-3.4e+38 -3.4e+38 -3.4e+38 -3.4e+38 -3.4e+38 -3.4e+38 -3.4e+38 -3.4e+38 -3.4e+38 -3.4e+38 -3.4e+38 -3.4e+38 -3.4e+38 -3.4e+38 -3.4e+38 -3.4e+38 -3.4e+38 -3.4e+38 -3.4e+38 -3.4e+38 -3.4e+38 -3.4e+38 -3.4e+38 -3.4e+38 -3.4e+38 -3.4e+38 -3.4e+38 -3.4e+38 -3.4e+38 -3.4e+38 -3.4e+38 -3.4e+38 -3.4e+38 -3.4e+38 -3.4e+38 0.1573566198349 0.149471029639244 0.145394995808601 0.146399468183517 0.14180164039135 0.134334340691566 0.141308322548866 0.15463250875473 0.147725254297256 0.145379558205605 0.135025843977928 0.1439578384161 0.146451398730278 0.147733822464943
-3.4e+38 -3.4e+38 -3.4e+38 -3.4e+38 -3.4e+38 -3.4e+38 -3.4e+38 -3.4e+38 -3.4e+38 -3.4e+38 -3.4e+38 -3.4e+38 -3.4e+38 -3.4e+38 -3.4e+38 -3.4e+38 -3.4e+38 -3.4e+38 -3.4e+38 -3.4e+38 -3.4e+38 -3.4e+38 -3.4e+38 -3.4e+38 -3.4e+38 -3.4e+38 -3.4e+38 -3.4e+38 -3.4e+38 -3.4e+38 -3.4e+38 -3.4e+38 -3.4e+38 -3.4e+38 -3.4e+38 -3.4e+38 0.154883801937103 0.137871846556664 0.137994959950447 0.14201520383358 0.139859572052956 0.140616253018379 0.13920533657074 0.147041499614716 0.148177236318588 0.138670086860657 0.147586762905121 0.159954637289047 0.158913806080818
-3.4e+38 -3.4e+38 -3.4e+38 -3.4e+38 -3.4e+38 -3.4e+38 -3.4e+38 -3.4e+38 -3.4e+38 -3.4e+38 -3.4e+38 -3.4e+38 -3.4e+38 -3.4e+38 -3.4e+38 -3.4e+38 -3.4e+38 -3.4e+38 -3.4e+38 -3.4e+38 -3.4e+38 -3.4e+38 -3.4e+38 -3.4e+38 -3.4e+38 -3.4e+38 -3.4e+38 -3.4e+38 -3.4e+38 -3.4e+38 -3.4e+38 -3.4e+38 -3.4e+38 -3.4e+38 -3.4e+38 -3.4e+38 -3.4e+38 0.140412867069244 0.141922906041145 0.145367473363876 0.152336493134499 0.155191138386726 0.138197094202042 0.13553561270237 0.140130117535591 0.134517326951027 0.13830977678299 0.146312013268471 0.153114140033722
-3.4e+38 -3.4e+38 -3.4e+38 -3.4e+38 -3.4e+38 -3.4e+38 -3.4e+38 -3.4e+38 -3.4e+38 -3.4e+38 -3.4e+38 -3.4e+38 -3.4e+38 -3.4e+38 -3.4e+38 -3.4e+38 -3.4e+38 -3.4e+38 -3.4e+38 -3.4e+38 -3.4e+38 -3.4e+38 -3.4e+38 -3.4e+38 -3.4e+38 -3.4e+38 -3.4e+38 -3.4e+38 -3.4e+38 -3.4e+38 -3.4e+38 -3.4e+38 -3.4e+38 -3.4e+38 -3.4e+38 -3.4e+38 -3.4e+38 -3.4e+38 0.140658214688301 0.138221383094788 0.146284654736519 0.150915876030922 0.143326967954636 0.144856885075569 0.145898520946503 0.141683503985405 0.139466002583504 0.138248354196548 0.13718344271183
