data/trimmed_ndre/W_ndre.623.2012_no_clouds.asc
NCOLS 130 
NROWS 71 
XLLCORNER 530645 
YLLCORNER 5158205 
CELLSIZE 5 
NODATA_value -3.4e+38 
[rows 21 to 41 of 71, columns 49 to 97 of 130]
0.212493732571602 0.218011677265167 0.22285008430481 0.228510215878487 0.225773483514786 0.216788172721863 0.21830290555954 0.219408258795738 0.215318694710732 0.20925198495388 0.205885276198387 0.218841880559921 0.238687694072723 0.220279544591904 0.210879266262054 0.223763287067413 0.21705923974514 0.210625395178795 -3.4e+38 -3.4e+38 -3.4e+38 -3.4e+38 -3.4e+38 -3.4e+38 -3.4e+38 -3.4e+38 -3.4e+38 -3.4e+38 -3.4e+38 -3.4e+38 -3.4e+38 -3.4e+38 -3.4e+38 -3.4e+38 -3.4e+38 -3.4e+38 -3.4e+38 -3.4e+38 -3.4e+38 -3.4e+38 -3.4e+38 -3.4e+38 -3.4e+38 -3.4e+38 -3.4e+38 -3.4e+38 -3.4e+38 -3.4e+38 -3.4e+38
0.211835578083992 0.207043126225471 0.215363666415215 0.224717259407043 0.217539265751839 0.215807065367699 0.220228269696236 0.214098751544952 0.212372690439224 0.213481843471527 0.201229706406593 0.211554244160652 0.228371053934097 0.217764720320702 0.210052311420441 0.220643326640129 0.225744754076004 0.219269677996635 0.227216079831123 0.24418406188488 0.228013947606087 0.203391060233116 0.208426684141159 0.219947814941406 0.221840962767601 0.219758883118629 0.217137724161148 0.214664980769157 -3.4e+38 -3.4e+38 -3.4e+38 -3.4e+38 -3.4e+38 -3.4e+38 -3.4e+38 -3.4e+38 -3.4e+38 -3.4e+38 -3.4e+38 -3.4e+38 -3.4e+38 -3.4e+38 -3.4e+38 -3.4e+38 -3.4e+38 -3.4e+38 -3.4e+38 -3.4e+38 -3.4e+38
0.213177785277367 0.201021745800972 0.226486548781395 0.231412246823311 0.210750609636307 0.208227932453156 0.212305083870888 0.205927535891533 0.210704788565636 0.217527225613594 0.198931902647018 0.200507327914238 0.206919863820076 0.201342970132828 0.200327888131142 0.206513404846191 0.226584047079086 0.232102125883102 0.233145818114281 0.242196664214134 0.230780392885208 0.20691542327404 0.20119808614254 0.213759079575539 0.211832612752914 0.211981430649757 0.219266548752785 0.221905037760735 0.216626763343811 -3.4e+38 -3.4e+38 -3.4e+38 -3.4e+38 -3.4e+38 -3.4e+38 -3.4e+38 -3.4e+38 -3.4e+38 -3.4e+38 -3.4e+38 -3.4e+38 -3.4e+38 -3.4e+38 -3.4e+38 -3.4e+38 -3.4e+38 -3.4e+38 -3.4e+38 -3.4e+38
0.221335336565971 0.217737659811974 0.238653942942619 0.23518705368042 0.215373054146767 0.21550464630127 0.214856922626495 0.208210617303848 0.211590796709061 0.208943709731102 0.196036890149117 0.203055396676064 0.200070783495903 0.193304315209389 0.199649795889854 0.204870536923409 0.20965963602066 0.210228025913239 0.218206256628036 0.229702204465866 0.2317905575037 0.220869541168213 0.192392140626907 0.207593604922295 0.222299262881279 0.214692309498787 0.221742451190948 0.229234665632248 0.23755756020546 0.235183864831924 -3.4e+38 -3.4e+38 -3.4e+38 -3.4e+38 -3.4e+38 -3.4e+38 -3.4e+38 -3.4e+38 -3.4e+38 -3.4e+38 -3.4e+38 -3.4e+38 -3.4e+38 -3.4e+38 -3.4e+38 -3.4e+38 -3.4e+38 -3.4e+38 -3.4e+38
0.245420023798943 0.234618127346039 0.22037698328495 0.214701935648918 0.209294274449348 0.220010310411453 0.221328750252724 0.216738492250443 0.216153383255005 0.205249413847923 0.20053918659687 0.214969053864479 0.210822626948357 0.208455726504326 0.216689601540565 0.226553305983543 0.228483766317368 0.223132103681564 0.230101898312569 0.235452115535736 0.229073375463486 0.226808860898018 0.211841389536858 0.20702600479126 0.21742182970047 0.215881735086441 0.218692600727081 0.214787065982819 0.225399032235146 0.227163285017014 0.213504120707512 -3.4e+38 -3.4e+38 -3.4e+38 -3.4e+38 -3.4e+38 -3.4e+38 -3.4e+38 -3.4e+38 -3.4e+38 -3.4e+38 -3.4e+38 -3.4e+38 -3.4e+38 -3.4e+38 -3.4e+38 -3.4e+38 -3.4e+38 -3.4e+38
0.250396072864532 0.241579473018646 0.219315990805626 0.205230847001076 0.205428510904312 0.215712264180183 0.218555629253387 0.223894402384758 0.227727830410004 0.207971394062042 0.202953055500984 0.21710093319416 0.212881788611412 0.212296590209007 0.224104136228561 0.243424043059349 0.254499584436417 0.256019592285156 0.260203808546066 0.252806067466736 0.234698504209518 0.225369513034821 0.224438562989235 0.221234515309334 0.213188126683235 0.218680664896965 0.228558287024498 0.224047601222992 0.219187721610069 0.211284890770912 0.208292007446289 0.219495996832848 0.213932558894157 0.198002561926842 -3.4e+38 -3.4e+38 -3.4e+38 -3.4e+38 -3.4e+38 -3.4e+38 -3.4e+38 -3.4e+38 -3.4e+38 -3.4e+38 -3.4e+38 -3.4e+38 -3.4e+38 -3.4e+38 -3.4e+38
0.245500355958939 0.251538008451462 0.235872507095337 0.22044712305069 0.214788034558296 0.21063856780529 0.208870515227318 0.226570144295692 0.235071033239365 0.212312161922455 0.214266404509544 0.215814769268036 0.200892373919487 0.196493893861771 0.204186767339706 0.222611740231514 0.237142786383629 0.248377397656441 0.258043467998505 0.248174950480461 0.233003929257393 0.21950601041317 0.227291882038116 0.243014961481094 0.224205136299133 0.215899139642715 0.218586802482605 0.219022020697594 0.21262314915657 0.211392492055893 0.209916263818741 0.211202353239059 0.220495834946632 0.222426295280457 0.216956585645676 0.216301575303078 0.215292364358902 0.216907650232315 0.210459172725677 0.213337793946266 0.218608126044273 0.222983121871948 0.224866166710854 0.21424663066864 0.212729841470718 0.217551335692406 0.216597333550453 0.218874588608742 0.217867746949196
0.251594364643097 0.259510010480881 0.246922299265862 0.243735402822495 0.230527326464653 0.214420720934868 0.212368950247765 0.21867161989212 0.214357763528824 0.197825893759727 0.202162086963654 0.202815145254135 0.201040357351303 0.201059207320213 0.202144175767899 0.208968207240105 0.212344884872437 0.223006412386894 0.233932927250862 0.228247359395027 0.217881098389626 0.206159383058548 0.208579629659653 0.219374015927315 0.209597080945969 0.206301644444466 0.204243630170822 0.206227794289589 0.211770385503769 0.219176113605499 0.220273643732071 0.219476833939552 0.230406269431114 0.233678206801414 0.22906357049942 0.220564752817154 0.219205215573311 0.223692923784256 0.204013392329216 0.20826980471611 0.222772017121315 0.224412724375725 0.221741691231728 0.202480629086494 0.198671385645866 0.216417923569679 0.222133383154869 0.224928975105286 0.220242753624916
0.239654943346977 0.238503664731979 0.235506281256676 0.247375547885895 0.236418321728706 0.220108032226562 0.219768047332764 0.213099807500839 0.196093872189522 0.182351529598236 0.187673792243004 0.210442453622818 0.223266616463661 0.21397890150547 0.215277805924416 0.214650899171829 0.208819910883904 0.214509174227715 0.220538437366486 0.21205036342144 0.202935382723808 0.19658038020134 0.197767242789268 0.200765773653984 0.20480489730835 0.207751363515854 0.204045742750168 0.202209904789925 0.204442724585533 0.213139325380325 0.214220285415649 0.218419432640076 0.220465585589409 0.21522219479084 0.21476586163044 0.219189569354057 0.224219083786011 0.215911641716957 0.192329317331314 0.206061765551567 0.230297401547432 0.225238963961601 0.225094839930534 0.223708257079124 0.216644942760468 0.220023587346077 0.223752602934837 0.223749861121178 0.219689965248108
0.231158763170242 0.246596053242683 0.24607540667057 0.251979500055313 0.23784901201725 0.227090507745743 0.224022805690765 0.220569223165512 0.212974473834038 0.20614293217659 0.210222914814949 0.219610646367073 0.219783917069435 0.211842954158783 0.221658617258072 0.224187195301056 0.218281924724579 0.220230206847191 0.21760855615139 0.208698183298111 0.202415779232979 0.209501385688782 0.218302369117737 0.209580153226852 0.211971759796143 0.223633006215096 0.216822445392609 0.207859128713608 0.207646280527115 0.212562918663025 0.210503935813904 0.210780844092369 0.214649051427841 0.212704241275787 0.208158999681473 0.222077056765556 0.229386553168297 0.215262904763222 0.205926105380058 0.208518818020821 0.222571402788162 0.222711756825447 0.22281776368618 0.231368362903595 0.228601142764091 0.219327107071877 0.219145581126213 0.217382445931435 0.211584642529488
0.242091134190559 0.253040790557861 0.253975361585617 0.258928567171097 0.253628522157669 0.241096869111061 0.23280131816864 0.230377733707428 0.220649093389511 0.216869950294495 0.215498372912407 0.206889972090721 0.202304393053055 0.207493141293526 0.224225014448166 0.228190287947655 0.221163347363472 0.217385873198509 0.208643734455109 0.206836998462677 0.209152415394783 0.23028938472271 0.240280374884605 0.214379146695137 0.204567074775696 0.218792364001274 0.22037735581398 0.215717345476151 0.222526326775551 0.220456674695015 0.217048019170761 0.215367823839188 0.217473477125168 0.217628285288811 0.208105564117432 0.219614773988724 0.222386792302132 0.222114652395248 0.220028594136238 0.207640558481216 0.220079392194748 0.22023543715477 0.219386234879494 0.228319391608238 0.224363669753075 0.214686900377274 0.225083634257317 0.229046195745468 0.221485629677773
0.236095994710922 0.248991280794144 0.246562466025352 0.256166160106659 0.261394828557968 0.247885331511497 0.23477666079998 0.217677921056747 0.202738717198372 0.197188973426819 0.203515395522118 0.216793969273567 0.212065190076828 0.21714286506176 0.22230052947998 0.220012694597244 0.212979212403297 0.205659404397011 0.199136286973953 0.203427463769913 0.210079804062843 0.224866136908531 0.226896718144417 0.202659144997597 0.198511525988579 0.211586058139801 0.218006283044815 0.225499287247658 0.232458591461182 0.224475473165512 0.218142837285995 0.21687126159668 0.218623206019402 0.21829853951931 0.214328229427338 0.217837125062943 0.217710047960281 0.234400615096092 0.234079152345657 0.213107824325562 0.218105852603912 0.214134812355042 0.215640932321548 0.227505505084991 0.218885317444801 0.210221663117409 0.219830513000488 0.218938156962395 0.214944303035736
0.221474722027779 0.23997451364994 0.235935136675835 0.247372552752495 0.252740532159805 0.243642315268517 0.234144404530525 0.214759171009064 0.211594372987747 0.222642153501511 0.222016483545303 0.222476273775101 0.219185173511505 0.224708825349808 0.22025091946125 0.21293169260025 0.209454730153084 0.202286124229431 0.199126482009888 0.20438851416111 0.207341805100441 0.20897650718689 0.213149204850197 0.211980298161507 0.22115957736969 0.225287362933159 0.218112394213676 0.223727971315384 0.226427838206291 0.217556774616241 0.209724396467209 0.218133062124252 0.231350019574165 0.228371694684029 0.219104334712029 0.215756133198738 0.227586895227432 0.23831707239151 0.230541482567787 0.214892745018005 0.215484589338303 0.210832744836807 0.209778472781181 0.224753126502037 0.219970718026161 0.213937252759933 0.225159496068954 0.217242106795311 0.209768429398537
0.214324682950974 0.223249137401581 0.216224178671837 0.225559145212173 0.234889298677444 0.235324367880821 0.232622936367989 0.219298601150513 0.217933014035225 0.230630904436111 0.221509233117104 0.218351557850838 0.220297366380692 0.214319989085197 0.213599309325218 0.22529174387455 0.228015214204788 0.21808648109436 0.212906241416931 0.214756414294243 0.215363264083862 0.215085446834564 0.214294895529747 0.215593293309212 0.232610255479813 0.232784032821655 0.220312401652336 0.221048414707184 0.216773882508278 0.211543440818787 0.212477445602417 0.220978632569313 0.236179113388062 0.232486635446548 0.214584916830063 0.212851315736771 0.226181522011757 0.224463298916817 0.22712604701519 0.217737853527069 0.216628804802895 0.217571198940277 0.223322153091431 0.226276353001595 0.223859384655952 0.230123743414879 0.238095670938492 0.232761308550835 0.226438984274864
0.219284862279892 0.222683489322662 0.210060864686966 0.208779588341713 0.225174561142921 0.224406212568283 0.218933805823326 0.213609665632248 0.207903861999512 0.217675477266312 0.221804991364479 0.223591983318329 0.226254850625992 0.213543981313705 0.211802333593369 0.228060200810432 0.233551219105721 0.232541143894196 0.226677298545837 0.20585697889328 0.211877375841141 0.227824151515961 0.222805470228195 0.209012076258659 0.215612277388573 0.215044870972633 0.211124032735825 0.21898265182972 0.214644983410835 0.217173263430595 0.22460064291954 0.219419404864311 0.222183525562286 0.221807956695557 0.209941565990448 0.212402924895287 0.215569168329239 0.217487350106239 0.232740387320518 0.220658615231514 0.217380434274673 0.223093405365944 0.226779356598854 0.220218449831009 0.227344363927841 0.241208955645561 0.239795655012131 0.233975619077682 0.23032458126545
0.232710033655167 0.228982254862785 0.217703774571419 0.211380511522293 0.218408614397049 0.219305828213692 0.219567179679871 0.21675831079483 0.201944321393967 0.213040634989738 0.217900544404984 0.212114930152893 0.213922306895256 0.209423243999481 0.210356250405312 0.214977383613586 0.208785325288773 0.223956733942032 0.238705158233643 0.224506452679634 0.215992748737335 0.234107077121735 0.232605904340744 0.218615964055061 0.231821477413177 0.22115920484066 0.206138700246811 0.213780075311661 0.212666466832161 0.214599430561066 0.219305500388145 0.215388596057892 0.210585117340088 0.211980655789375 0.214972004294395 0.217465192079544 0.21641817688942 0.219057187438011 0.228034466505051 0.21855840086937 0.222734317183495 0.22264276444912 0.217350214719772 0.214135274291039 0.223304122686386 0.235496684908867 0.236126333475113 0.232723191380501 0.232963934540749
0.237674936652184 0.230071634054184 0.225496709346771 0.211663126945496 0.206702932715416 0.221223205327988 0.221251666545868 0.214434176683426 0.200786650180817 0.213995754718781 0.218273133039474 0.208575516939163 0.205606073141098 0.205667033791542 0.220250457525253 0.21593177318573 0.202596768736839 0.218233659863472 0.244426935911179 0.240440636873245 0.214858546853065 0.22269980609417 0.215743526816368 0.211541533470154 0.236752063035965 0.219807729125023 0.204714432358742 0.211152240633965 0.206830754876137 0.210897713899612 0.214381113648415 0.212121084332466 0.20093409717083 0.211604788899422 0.225676849484444 0.221294641494751 0.223088294267654 0.213611498475075 0.207100555300713 0.215533718466759 0.221943095326424 0.214284405112267 0.207717895507812 0.211053878068924 0.224355936050415 0.234761312603951 0.238572999835014 0.239241346716881 0.240650057792664
0.237684682011604 0.229643359780312 0.216684445738792 0.203314617276192 0.205405235290527 0.218519672751427 0.216890215873718 0.212439700961113 0.207079783082008 0.219291463494301 0.222822263836861 0.21129298210144 0.208453312516212 0.216749221086502 0.232871174812317 0.219926714897156 0.204506114125252 0.21580097079277 0.220044687390327 0.2104771733284 0.207438006997108 0.219435229897499 0.207360446453094 0.211566284298897 0.225921243429184 0.211244270205498 0.209681451320648 0.210628345608711 0.202749624848366 0.208179995417595 0.208274453878403 0.205996125936508 0.202626943588257 0.210018739104271 0.222481787204742 0.218495219945908 0.218791529536247 0.203874990344048 0.195948347449303 0.208008319139481 0.206369698047638 0.206059232354164 0.204934805631638 0.206748649477959 0.223904684185982 0.234556883573532 0.239172965288162 0.243042007088661 0.244894295930862
0.231061607599258 0.221032664179802 0.207638114690781 0.205091312527657 0.212830573320389 0.220325335860252 0.215661972761154 0.210186034440994 0.21370156109333 0.221292197704315 0.216999873518944 0.215568497776985 0.222840815782547 0.228933483362198 0.226165488362312 0.210765674710274 0.205028429627419 0.220467984676361 0.210315361618996 0.20081602036953 0.22091418504715 0.229995504021645 0.212025612592697 0.214507251977921 0.219860345125198 0.2112185806036 0.214152693748474 0.209318712353706 0.207119166851044 0.209727019071579 0.208984270691872 0.207621276378632 0.207483783364296 0.212258473038673 0.217068687081337 0.207743406295776 0.209131106734276 0.213243722915649 0.212449982762337 0.221833482384682 0.218421474099159 0.212710022926331 0.208254799246788 0.207300066947937 0.215107932686806 0.221275195479393 0.226974949240685 0.231172189116478 0.23360787332058
0.218035683035851 0.210812345147133 0.208043053746223 0.212277486920357 0.214501202106476 0.219473868608475 0.216785505414009 0.211098164319992 0.220005080103874 0.220907166600227 0.211283966898918 0.213345944881439 0.222844481468201 0.228037118911743 0.220270425081253 0.205789238214493 0.209716096520424 0.234336197376251 0.237385675311089 0.22215324640274 0.228289574384689 0.227205604314804 0.217742472887039 0.223235636949539 0.219593346118927 0.214271873235703 0.214646935462952 0.209132522344589 0.217631623148918 0.218285039067268 0.213819414377213 0.208835899829865 0.207533329725266 0.218838408589363 0.21529033780098 0.200388386845589 0.209169611334801 0.213854148983955 0.213296249508858 0.223292782902718 0.221768319606781 0.213972419500351 0.215056389570236 0.216843545436859 0.214724287390709 0.212593793869019 0.216312006115913 0.214641466736794 0.217341065406799
0.208954423666 0.203723698854446 0.211814478039742 0.213683396577835 0.210834726691246 0.217452958226204 0.223087102174759 0.216931983828545 0.215749278664589 0.214304372668266 0.201812103390694 0.201682865619659 0.212055549025536 0.222901776432991 0.223722994327545 0.214093834161758 0.21734319627285 0.228021517395973 0.237137377262115 0.231155917048454 0.226912289857864 0.218116223812103 0.216441959142685 0.221863135695457 0.214514538645744 0.212136834859848 0.207316175103188 0.207650005817413 0.215210646390915 0.224933132529259 0.22390316426754 0.210190102458 0.208419680595398 0.22925566136837 0.223779633641243 0.206503629684448 0.215305373072624 0.20993472635746 0.205640584230423 0.203847050666809 0.203759297728539 0.207241848111153 0.210423439741135 0.21554197371006 0.216630384325981 0.213825508952141 0.213595822453499 0.212817654013634 0.216712325811386
