data/trimmed_ndre/W_ndre.615.2013_no_clouds.asc
NCOLS 130 
NROWS 71 
XLLCORNER 530645 
YLLCORNER 5158205 
CELLSIZE 5 
NODATA_value -3.4e+38 
[rows 0 to 20 of 71, columns 0 to 48 of 130]
-339999999999999996123846586046231871488.000000000000000 -3.4e+38 -3.4e+38 -3.4e+38 -3.4e+38 -3.4e+38 -3.4e+38 -3.4e+38 -3.4e+38 -3.4e+38 -3.4e+38 0.554630756378174 0.509969115257263 0.488661378622055 0.474177002906799 0.464819461107254 0.482660382986069 -3.4e+38 -3.4e+38 -3.4e+38 -3.4e+38 -3.4e+38 -3.4e+38 -3.4e+38 -3.4e+38 -3.4e+38 -3.4e+38 -3.4e+38 -3.4e+38 -3.4e+38 -3.4e+38 -3.4e+38 -3.4e+38 -3.4e+38 -3.4e+38 -3.4e+38 -3.4e+38 -3.4e+38 -3.4e+38 -3.4e+38 -3.4e+38 -3.4e+38 -3.4e+38 -3.4e+38 -3.4e+38 -3.4e+38 -3.4e+38 -3.4e+38 -3.4e+38
-3.4e+38 -3.4e+38 -3.4e+38 -3.4e+38 -3.4e+38 -3.4e+38 -3.4e+38 -3.4e+38 -3.4e+38 -3.4e+38 0.591073870658875 0.58345365524292 0.548368752002716 0.515652537345886 0.492113947868347 0.469591796398163 0.464549481868744 0.484934568405151 -3.4e+38 -3.4e+38 -3.4e+38 -3.4e+38 -3.4e+38 -3.4e+38 -3.4e+38 -3.4e+38 -3.4e+38 -3.4e+38 -3.4e+38 -3.4e+38 -3.4e+38 -3.4e+38 -3.4e+38 -3.4e+38 -3.4e+38 -3.4e+38 -3.4e+38 -3.4e+38 -3.4e+38 -3.4e+38 -3.4e+38 -3.4e+38 -3.4e+38 -3.4e+38 -3.4e+38 -3.4e+38 -3.4e+38 -3.4e+38 -3.4e+38
-3.4e+38 -3.4e+38 -3.4e+38 -3.4e+38 -3.4e+38 -3.4e+38 -3.4e+38 -3.4e+38 0.536605834960938 0.586655914783478 0.608658075332642 0.60312831401825 0.580468237400055 0.536297261714935 0.504475772380829 0.477108657360077 0.459949195384979 0.472892493009567 0.507427573204041 -3.4e+38 -3.4e+38 -3.4e+38 -3.4e+38 -3.4e+38 -3.4e+38 -3.4e+38 -3.4e+38 -3.4e+38 -3.4e+38 -3.4e+38 -3.4e+38 -3.4e+38 -3.4e+38 -3.4e+38 -3.4e+38 -3.4e+38 -3.4e+38 -3.4e+38 -3.4e+38 -3.4e+38 -3.4e+38 -3.4e+38 -3.4e+38 -3.4e+38 -3.4e+38 -3.4e+38 -3.4e+38 -3.4e+38 -3.4e+38
-3.4e+38 -3.4e+38 -3.4e+38 -3.4e+38 -3.4e+38 -3.4e+38 -3.4e+38 -3.4e+38 -3.4e+38 0.57700127363205 0.606810450553894 0.609305441379547 0.590449690818787 0.548396289348602 0.512004196643829 0.48999959230423 0.468570202589035 0.468988031148911 0.493638277053833 0.523396730422974 0.554780960083008 -3.4e+38 -3.4e+38 -3.4e+38 -3.4e+38 -3.4e+38 -3.4e+38 -3.4e+38 -3.4e+38 -3.4e+38 -3.4e+38 -3.4e+38 0.55158656835556 0.530095219612122 -3.4e+38 -3.4e+38 -3.4e+38 -3.4e+38 -3.4e+38 -3.4e+38 -3.4e+38 -3.4e+38 -3.4e+38 -3.4e+38 -3.4e+38 -3.4e+38 -3.4e+38 -3.4e+38 -3.4e+38
-3.4e+38 -3.4e+38 -3.4e+38 -3.4e+38 -3.4e+38 -3.4e+38 -3.4e+38 -3.4e+38 -3.4e+38 0.564822673797607 0.598116517066956 0.605746209621429 0.584780752658844 0.556895673274994 0.527708530426025 0.505594968795776 0.476188451051712 0.463994920253754 0.482150733470917 0.513092458248138 0.545686066150665 0.568004667758942 0.577152371406555 0.591839730739594 0.609320461750031 0.629462420940399 0.637769341468811 0.639182925224304 -3.4e+38 -3.4e+38 -3.4e+38 0.58198881149292 0.568221807479858 0.55165708065033 0.547788798809052 0.547908186912537 0.535501539707184 -3.4e+38 -3.4e+38 -3.4e+38 -3.4e+38 -3.4e+38 -3.4e+38 -3.4e+38 -3.4e+38 -3.4e+38 -3.4e+38 -3.4e+38 -3.4e+38
-3.4e+38 -3.4e+38 -3.4e+38 -3.4e+38 -3.4e+38 -3.4e+38 -3.4e+38 -3.4e+38 -3.4e+38 0.550622403621674 0.575869262218475 0.587668776512146 0.563629388809204 0.548183023929596 0.535655200481415 0.5159010887146 0.487372159957886 0.468133151531219 0.471158862113953 0.49134361743927 0.515966415405273 0.544095456600189 0.571247041225433 0.591942012310028 0.607692182064056 0.621551752090454 0.625042855739594 0.626026690006256 0.627940952777863 0.613444447517395 0.596106350421906 0.590609908103943 0.578492820262909 0.567606151103973 0.573106646537781 0.577516794204712 0.572924494743347 0.557183921337128 0.537206649780273 0.512816190719604 -3.4e+38 -3.4e+38 -3.4e+38 -3.4e+38 -3.4e+38 -3.4e+38 -3.4e+38 -3.4e+38 -3.4e+38
-3.4e+38 -3.4e+38 -3.4e+38 -3.4e+38 -3.4e+38 -3.4e+38 -3.4e+38 -3.4e+38 -3.4e+38 0.536628663539886 0.5463707447052 0.548645615577698 0.531582951545715 0.521612405776978 0.527375280857086 0.516819775104523 0.496615499258041 0.483757525682449 0.475942820310593 0.478891253471375 0.494385212659836 0.528831899166107 0.567328333854675 0.589841067790985 0.601296365261078 0.604440927505493 0.607495069503784 0.609822928905487 0.608025252819061 0.602632701396942 0.597848117351532 0.594231843948364 0.584488034248352 0.580415427684784 0.583073973655701 0.586496531963348 0.584959447383881 0.582038879394531 0.577025413513184 0.559477090835571 0.526004314422607 0.49134173989296 -3.4e+38 -3.4e+38 -3.4e+38 -3.4e+38 -3.4e+38 -3.4e+38 -3.4e+38
-3.4e+38 -3.4e+38 -3.4e+38 -3.4e+38 -3.4e+38 -3.4e+38 -3.4e+38 -3.4e+38 -3.4e+38 0.551533877849579 0.532478928565979 0.510476231575012 0.487528145313263 0.483178645372391 0.49627548456192 0.49966037273407 0.498517602682114 0.499687224626541 0.495995819568634 0.495752304792404 0.507943093776703 0.532494187355042 0.562094748020172 0.579089999198914 0.584680736064911 0.582850456237793 0.586569309234619 0.59572160243988 0.597127318382263 0.595853269100189 0.595715641975403 0.597127735614777 0.599895477294922 0.601709485054016 0.591762602329254 0.583292305469513 0.580349206924438 0.58131068944931 0.583274364471436 0.575989782810211 0.555680096149445 0.532922625541687 0.514319181442261 -3.4e+38 -3.4e+38 -3.4e+38 -3.4e+38 -3.4e+38 -3.4e+38
-3.4e+38 -3.4e+38 -3.4e+38 -3.4e+38 -3.4e+38 -3.4e+38 -3.4e+38 -3.4e+38 0.587579071521759 0.569089829921722 0.535719215869904 0.504346549510956 0.475802004337311 0.457924336194992 0.46100777387619 0.469065725803375 0.486084192991257 0.50291383266449 0.508066177368164 0.510938227176666 0.52070814371109 0.531535387039185 0.551747918128967 0.569184422492981 0.573342621326447 0.571528315544128 0.57728773355484 0.58391672372818 0.585576474666595 0.586316645145416 0.586850821971893 0.598778545856476 0.614955127239227 0.613755762577057 0.598092019557953 0.582058429718018 0.574691414833069 0.569733023643494 0.566826403141022 0.568723022937775 0.56585681438446 0.557597279548645 0.561576962471008 0.560609340667725 0.532493948936462 0.514152228832245 0.490117341279984 -3.4e+38 -3.4e+38
-3.4e+38 -3.4e+38 -3.4e+38 -3.4e+38 -3.4e+38 -3.4e+38 -3.4e+38 0.607194662094116 0.593293070793152 0.571154773235321 0.548456430435181 0.533605217933655 0.504180669784546 0.480664998292923 0.46386992931366 0.455740511417389 0.462795525789261 0.478684097528458 0.492090106010437 0.501919746398926 0.516183316707611 0.529765248298645 0.553510367870331 0.578970491886139 0.583714842796326 0.576997816562653 0.580933272838593 0.586908340454102 0.583223044872284 0.580708563327789 0.582931041717529 0.590318739414215 0.602079331874847 0.602143049240112 0.595181047916412 0.582298994064331 0.574561357498169 0.570660591125488 0.566130995750427 0.5663081407547 0.566525340080261 0.564602315425873 0.573127150535583 0.57738596200943 0.559586882591248 0.552268028259277 0.530088424682617 0.510342955589294 -3.4e+38
-3.4e+38 -3.4e+38 -3.4e+38 -3.4e+38 -3.4e+38 -3.4e+38 0.626504480838776 0.61939537525177 0.605814039707184 0.581426978111267 0.556213021278381 0.548260867595673 0.529382467269897 0.515536904335022 0.496777594089508 0.471989154815674 0.4597108066082 0.459990918636322 0.483922094106674 0.510314881801605 0.530568242073059 0.555703699588776 0.581271588802338 0.599412024021149 0.60218346118927 0.599350333213806 0.604707658290863 0.610466122627258 0.600334346294403 0.582879900932312 0.579386949539185 0.582257151603699 0.582020878791809 0.581044375896454 0.57905238866806 0.573089838027954 0.570108652114868 0.573678851127625 0.573968350887299 0.570117473602295 0.563799440860748 0.55943375825882 0.557318985462189 0.559174060821533 0.561705648899078 0.564918518066406 0.545738637447357 0.525879919528961 0.527353525161743
-3.4e+38 -3.4e+38 -3.4e+38 -3.4e+38 -3.4e+38 0.6311115026474 0.627845227718353 0.626045227050781 0.621970534324646 0.598834872245789 0.566426157951355 0.547254741191864 0.536396503448486 0.530988395214081 0.519218802452087 0.495023995637894 0.476263463497162 0.473982691764832 0.503725349903107 0.550605893135071 0.578788876533508 0.596188187599182 0.612849533557892 0.624037206172943 0.625769019126892 0.623892068862915 0.623019218444824 0.619308292865753 0.611231207847595 0.593564212322235 0.581549048423767 0.584700524806976 0.580210983753204 0.572440803050995 0.566311359405518 0.560633420944214 0.560022234916687 0.565110683441162 0.570696711540222 0.570297360420227 0.566024839878082 0.564013123512268 0.56165486574173 0.554866135120392 0.555560111999512 0.561336815357208 0.539443731307983 0.521537482738495 0.532715201377869
-3.4e+38 -3.4e+38 -3.4e+38 -3.4e+38 -3.4e+38 0.616996347904205 0.618724584579468 0.625843822956085 0.629902422428131 0.620174288749695 0.597184062004089 0.567726135253906 0.549946010112762 0.545345902442932 0.540214776992798 0.524280846118927 0.509207248687744 0.50793719291687 0.533443808555603 0.575453639030457 0.603290855884552 0.612373828887939 0.626256465911865 0.637926280498505 0.636223018169403 0.63056480884552 0.629978775978088 0.626530468463898 0.615470111370087 0.603934466838837 0.592189908027649 0.592344880104065 0.594116151332855 0.584942162036896 0.57161420583725 0.557880699634552 0.553444445133209 0.554503440856934 0.558981716632843 0.561147570610046 0.559298098087311 0.562989115715027 0.567480862140656 0.553075551986694 0.551856696605682 0.554445505142212 0.531124591827393 0.520873010158539 0.545840919017792
-3.4e+38 -3.4e+38 -3.4e+38 -3.4e+38 0.576622426509857 0.583234429359436 0.59580260515213 0.610081493854523 0.625880300998688 0.631317853927612 0.618870198726654 0.595717430114746 0.5719074010849 0.565077841281891 0.560985684394836 0.547933638095856 0.53367954492569 0.536128580570221 0.555315852165222 0.582734823226929 0.600904166698456 0.602427065372467 0.613774180412292 0.623153269290924 0.626255333423615 0.626490592956543 0.627719819545746 0.625204741954803 0.615193486213684 0.606227099895477 0.60760235786438 0.602110743522644 0.591544210910797 0.58473801612854 0.576239049434662 0.570503950119019 0.567383170127869 0.562116324901581 0.558647453784943 0.557068824768066 0.554947793483734 0.558118462562561 0.558936595916748 0.547451615333557 0.559240877628326 0.558187127113342 0.537475407123566 0.538594245910645 0.56510204076767
-3.4e+38 -3.4e+38 -3.4e+38 -3.4e+38 0.546975195407867 0.546175479888916 0.560485661029816 0.580264449119568 0.597202301025391 0.61287933588028 0.616625666618347 0.602427184581757 0.58575576543808 0.581885755062103 0.582613170146942 0.571641206741333 0.561482131481171 0.564185321331024 0.576733350753784 0.581815540790558 0.58790522813797 0.598522782325745 0.607997536659241 0.611135542392731 0.610801875591278 0.608612477779388 0.606588363647461 0.608212053775787 0.608939647674561 0.606247246265411 0.607535302639008 0.600303590297699 0.587457597255707 0.58548229932785 0.584663569927216 0.587823152542114 0.587474226951599 0.578472852706909 0.567865610122681 0.561258494853973 0.560093939304352 0.559769153594971 0.552775502204895 0.551817178726196 0.572381436824799 0.567730247974396 0.552263557910919 0.563881874084473 0.592138707637787
-3.4e+38 -3.4e+38 -3.4e+38 -3.4e+38 0.53938615322113 0.531020641326904 0.533638298511505 0.547076463699341 0.563575327396393 0.581518530845642 0.588089525699615 0.581462800502777 0.579411149024963 0.588645100593567 0.594856083393097 0.589599430561066 0.5838223695755 0.585927724838257 0.594228327274323 0.590008020401001 0.586185812950134 0.593099534511566 0.600045084953308 0.596920192241669 0.59014356136322 0.588734865188599 0.593656778335571 0.599920749664307 0.60154801607132 0.597283661365509 0.591757595539093 0.591920256614685 0.590519309043884 0.594793081283569 0.60129451751709 0.608570873737335 0.60675311088562 0.594758927822113 0.577286839485168 0.562908709049225 0.55952388048172 0.561520576477051 0.563900649547577 0.575439095497131 0.588556706905365 0.582890450954437 0.576284110546112 0.578179121017456 0.592433393001556
-3.4e+38 -3.4e+38 -3.4e+38 0.578085005283356 0.557176291942596 0.542385578155518 0.534560024738312 0.540272235870361 0.551627993583679 0.559460043907166 0.558900833129883 0.552972912788391 0.558738648891449 0.576698660850525 0.590857684612274 0.591273963451385 0.58482837677002 0.583652019500732 0.585967302322388 0.579936921596527 0.575552821159363 0.575844049453735 0.578806936740875 0.577438235282898 0.573245942592621 0.578193604946136 0.583447694778442 0.587148129940033 0.588487923145294 0.584019958972931 0.584974408149719 0.591977536678314 0.592526018619537 0.599798560142517 0.613650321960449 0.626893937587738 0.627136528491974 0.609420895576477 0.586464405059814 0.565256655216217 0.558248996734619 0.565132737159729 0.570907056331635 0.578728675842285 0.583048522472382 0.585511207580566 0.589778006076813 0.577371537685394 0.571650564670563
-3.4e+38 -3.4e+38 0.608675599098206 0.600041449069977 0.587739288806915 0.573976218700409 0.564170777797699 0.562531352043152 0.560858964920044 0.560520112514496 0.547760367393494 0.531533300876617 0.538982391357422 0.560302317142487 0.577998220920563 0.579276978969574 0.565245270729065 0.561346709728241 0.560480833053589 0.556664407253265 0.556649327278137 0.556527137756348 0.55760669708252 0.561728119850159 0.562576591968536 0.571135461330414 0.575631856918335 0.575226187705994 0.576955735683441 0.581114232540131 0.593371510505676 0.599971234798431 0.601138174533844 0.606557667255402 0.619222521781921 0.632193863391876 0.632096111774445 0.615646421909332 0.592603266239166 0.577486336231232 0.560776829719543 0.561988472938538 0.578286707401276 0.587303996086121 0.58645099401474 0.588222086429596 0.59855055809021 0.597319185733795 0.588427603244781
-3.4e+38 0.63470447063446 0.627128005027771 0.622898757457733 0.614548861980438 0.606055021286011 0.598943889141083 0.587555468082428 0.581788897514343 0.575502097606659 0.555638551712036 0.530368626117706 0.534095048904419 0.558332741260529 0.57574188709259 0.573967218399048 0.556037306785583 0.546373248100281 0.539403259754181 0.539624452590942 0.545798540115356 0.54940003156662 0.548424780368805 0.549196362495422 0.558145999908447 0.566045224666595 0.568014025688171 0.56671017408371 0.569884181022644 0.574875891208649 0.590452551841736 0.601160168647766 0.610328435897827 0.616604328155518 0.621462762355804 0.625467777252197 0.621719479560852 0.610487461090088 0.588644623756409 0.572492182254791 0.55183207988739 0.560947895050049 0.593620836734772 0.609896838665009 0.609637081623077 0.600277483463287 0.601923108100891 0.606873631477356 0.601232647895813
-3.4e+38 0.640254855155945 0.63791823387146 0.632635891437531 0.624400794506073 0.621479570865631 0.623036742210388 0.610834777355194 0.60524308681488 0.602825999259949 0.57450133562088 0.553239405155182 0.549692749977112 0.563256442546844 0.578332245349884 0.575545907020569 0.556772828102112 0.543530404567719 0.537409782409668 0.539198935031891 0.547274112701416 0.553669571876526 0.554294526576996 0.553226053714752 0.559600710868835 0.562805414199829 0.556685030460358 0.548503398895264 0.545689046382904 0.541801869869232 0.557343721389771 0.58141028881073 0.603177964687347 0.61894291639328 0.622557699680328 0.61564302444458 0.601850628852844 0.585758864879608 0.558063685894012 0.540628850460052 0.540918350219727 0.572038531303406 0.605497717857361 0.616613924503326 0.619475364685059 0.607785940170288 0.604313671588898 0.610516965389252 0.606589734554291
0.63032341003418 0.63733845949173 0.638469874858856 0.63414067029953 0.628015697002411 0.626883566379547 0.628400802612305 0.626463651657104 0.630041897296906 0.624084115028381 0.594666421413422 0.585739076137543 0.580193936824799 0.572957515716553 0.582373023033142 0.570888519287109 0.554827153682709 0.549551010131836 0.544873118400574 0.543869197368622 0.554774701595306 0.566032409667969 0.568696737289429 0.566127896308899 0.563671171665192 0.56056797504425 0.542824506759644 0.52351325750351 0.504177749156952 0.488660871982574 0.508109509944916 0.546830832958221 0.585618853569031 0.610820233821869 0.619238615036011 0.613314509391785 0.590094745159149 0.559930324554443 0.528785347938538 0.518516778945923 0.542089581489563 0.570827424526215 0.594895958900452 0.602019071578979 0.603314697742462 0.608115434646606 0.618479251861572 0.625757813453674 0.626761734485626
