data/trimmed_ndre/W_ndre.630.2014_no_clouds.asc
NCOLS 130 
NROWS 71 
XLLCORNER 530645 
YLLCORNER 5158205 
CELLSIZE 5 
NODATA_value -3.4e+38 
[rows 0 to 20 of 71, columns 0 to 48 of 130]
-339999999999999996123846586046231871488.000000000000000 -3.4e+38 -3.4e+38 -3.4e+38 -3.4e+38 -3.4e+38 -3.4e+38 -3.4e+38 -3.4e+38 -3.4e+38 -3.4e+38 0.527598798274994 0.513371109962463 0.502702534198761 0.47228866815567 0.476290315389633 0.524250388145447 -3.4e+38 -3.4e+38 -3.4e+38 -3.4e+38 -3.4e+38 -3.4e+38 -3.4e+38 -3.4e+38 -3.4e+38 -3.4e+38 -3.4e+38 -3.4e+38 -3.4e+38 -3.4e+38 -3.4e+38 -3.4e+38 -3.4e+38 -3.4e+38 -3.4e+38 -3.4e+38 -3.4e+38 -3.4e+38 -3.4e+38 -3.4e+38 -3.4e+38 -3.4e+38 -3.4e+38 -3.4e+38 -3.4e+38 -3.4e+38 -3.4e+38 -3.4e+38
-3.4e+38 -3.4e+38 -3.4e+38 -3.4e+38 -3.4e+38 -3.4e+38 -3.4e+38 -3.4e+38 -3.4e+38 -3.4e+38 0.54166853427887 0.535670578479767 0.526167154312134 0.520572304725647 0.482277601957321 0.483264982700348 0.522982001304626 0.539259433746338 -3.4e+38 -3.4e+38 -3.4e+38 -3.4e+38 -3.4e+38 -3.4e+38 -3.4e+38 -3.4e+38 -3.4e+38 -3.4e+38 -3.4e+38 -3.4e+38 -3.4e+38 -3.4e+38 -3.4e+38 -3.4e+38 -3.4e+38 -3.4e+38 -3.4e+38 -3.4e+38 -3.4e+38 -3.4e+38 -3.4e+38 -3.4e+38 -3.4e+38 -3.4e+38 -3.4e+38 -3.4e+38 -3.4e+38 -3.4e+38 -3.4e+38
-3.4e+38 -3.4e+38 -3.4e+38 -3.4e+38 -3.4e+38 -3.4e+38 -3.4e+38 -3.4e+38 0.529499232769012 0.542651236057281 0.555292546749115 0.548197150230408 0.549558937549591 0.540168642997742 0.486268907785416 0.490629583597183 0.518493115901947 0.52853137254715 0.575677931308746 -3.4e+38 -3.4e+38 -3.4e+38 -3.4e+38 -3.4e+38 -3.4e+38 -3.4e+38 -3.4e+38 -3.4e+38 -3.4e+38 -3.4e+38 -3.4e+38 -3.4e+38 -3.4e+38 -3.4e+38 -3.4e+38 -3.4e+38 -3.4e+38 -3.4e+38 -3.4e+38 -3.4e+38 -3.4e+38 -3.4e+38 -3.4e+38 -3.4e+38 -3.4e+38 -3.4e+38 -3.4e+38 -3.4e+38 -3.4e+38
-3.4e+38 -3.4e+38 -3.4e+38 -3.4e+38 -3.4e+38 -3.4e+38 -3.4e+38 -3.4e+38 -3.4e+38 0.539870142936707 0.555834293365479 0.54964542388916 0.546069324016571 0.544768810272217 0.517337679862976 0.50024801492691 0.505687892436981 0.522894024848938 0.574653148651123 0.601095974445343 0.597618877887726 -3.4e+38 -3.4e+38 -3.4e+38 -3.4e+38 -3.4e+38 -3.4e+38 -3.4e+38 -3.4e+38 -3.4e+38 -3.4e+38 -3.4e+38 0.632514357566833 0.636192977428436 -3.4e+38 -3.4e+38 -3.4e+38 -3.4e+38 -3.4e+38 -3.4e+38 -3.4e+38 -3.4e+38 -3.4e+38 -3.4e+38 -3.4e+38 -3.4e+38 -3.4e+38 -3.4e+38 -3.4e+38
-3.4e+38 -3.4e+38 -3.4e+38 -3.4e+38 -3.4e+38 -3.4e+38 -3.4e+38 -3.4e+38 -3.4e+38 0.515878677368164 0.532981038093567 0.530838012695312 0.528807818889618 0.549827516078949 0.545047342777252 0.500496208667755 0.501554429531097 0.526972830295563 0.554108560085297 0.574727654457092 0.578286945819855 0.585393726825714 0.593431413173676 0.59874302148819 0.590506196022034 0.576893925666809 0.581885874271393 0.576677322387695 -3.4e+38 -3.4e+38 -3.4e+38 0.593526661396027 0.59629487991333 0.606315851211548 0.6196249127388 0.62789648771286 0.606621026992798 -3.4e+38 -3.4e+38 -3.4e+38 -3.4e+38 -3.4e+38 -3.4e+38 -3.4e+38 -3.4e+38 -3.4e+38 -3.4e+38 -3.4e+38 -3.4e+38
-3.4e+38 -3.4e+38 -3.4e+38 -3.4e+38 -3.4e+38 -3.4e+38 -3.4e+38 -3.4e+38 -3.4e+38 0.502857983112335 0.5276820063591 0.534963011741638 0.540862023830414 0.550870954990387 0.532644391059875 0.508401036262512 0.526885390281677 0.545182526111603 0.544524073600769 0.551391184329987 0.557851374149323 0.56802225112915 0.578954935073853 0.578790307044983 0.570388853549957 0.569407939910889 0.580576598644257 0.576160311698914 0.580310881137848 0.591127932071686 0.584606409072876 0.566388964653015 0.566633999347687 0.590402722358704 0.615947425365448 0.622786223888397 0.617631018161774 0.643670499324799 0.642190039157867 0.618104159832001 -3.4e+38 -3.4e+38 -3.4e+38 -3.4e+38 -3.4e+38 -3.4e+38 -3.4e+38 -3.4e+38 -3.4e+38
-3.4e+38 -3.4e+38 -3.4e+38 -3.4e+38 -3.4e+38 -3.4e+38 -3.4e+38 -3.4e+38 -3.4e+38 0.519782841205597 0.540217876434326 0.546510100364685 0.557705581188202 0.555388629436493 0.515675246715546 0.503643035888672 0.539372742176056 0.564391732215881 0.560302138328552 0.553195059299469 0.562022268772125 0.573800623416901 0.570522308349609 0.553876101970673 0.555099010467529 0.565918803215027 0.571304082870483 0.562323451042175 0.553502261638641 0.563441812992096 0.565029740333557 0.556444525718689 0.564472436904907 0.591426849365234 0.617135107517242 0.626441180706024 0.625342786312103 0.637653231620789 0.630171835422516 0.615713536739349 0.608356475830078 0.594222784042358 -3.4e+38 -3.4e+38 -3.4e+38 -3.4e+38 -3.4e+38 -3.4e+38 -3.4e+38
-3.4e+38 -3.4e+38 -3.4e+38 -3.4e+38 -3.4e+38 -3.4e+38 -3.4e+38 -3.4e+38 -3.4e+38 0.539139211177826 0.539850115776062 0.52871972322464 0.525290727615356 0.523418664932251 0.505888998508453 0.518616676330566 0.558761715888977 0.579435884952545 0.587997436523438 0.580087661743164 0.56645268201828 0.568492591381073 0.553731322288513 0.533241331577301 0.550630629062653 0.553381621837616 0.551187634468079 0.550848603248596 0.541827321052551 0.554961144924164 0.568708181381226 0.570118844509125 0.569845914840698 0.572052359580994 0.585627377033234 0.608821392059326 0.61750590801239 0.615618884563446 0.60809713602066 0.602898597717285 0.603392243385315 0.599425673484802 0.600196599960327 -3.4e+38 -3.4e+38 -3.4e+38 -3.4e+38 -3.4e+38 -3.4e+38
-3.4e+38 -3.4e+38 -3.4e+38 -3.4e+38 -3.4e+38 -3.4e+38 -3.4e+38 -3.4e+38 0.50680410861969 0.521095812320709 0.535354673862457 0.533287286758423 0.523881554603577 0.525643408298492 0.529166400432587 0.548639357089996 0.577664315700531 0.586784064769745 0.582469046115875 0.566805779933929 0.553103387355804 0.561772644519806 0.548912763595581 0.540114164352417 0.565195322036743 0.556683361530304 0.548997521400452 0.554115116596222 0.539221882820129 0.561543405056 0.576125264167786 0.566123306751251 0.562103390693665 0.557318091392517 0.565837442874908 0.592114627361298 0.615729093551636 0.616751968860626 0.602821946144104 0.597042560577393 0.607442677021027 0.612993717193604 0.599144458770752 0.60069078207016 0.611274540424347 0.609355866909027 0.621381044387817 -3.4e+38 -3.4e+38
-3.4e+38 -3.4e+38 -3.4e+38 -3.4e+38 -3.4e+38 -3.4e+38 -3.4e+38 0.535760998725891 0.502189099788666 0.507916986942291 0.542578876018524 0.554766654968262 0.548307120800018 0.544808924198151 0.558052659034729 0.566104769706726 0.572379112243652 0.576423466205597 0.581951856613159 0.575657546520233 0.572261154651642 0.579237997531891 0.567228615283966 0.561624050140381 0.573557257652283 0.559771180152893 0.561060428619385 0.563654005527496 0.546375334262848 0.565376281738281 0.576257705688477 0.561589956283569 0.555449366569519 0.54460746049881 0.548447847366333 0.575183987617493 0.613714277744293 0.624922752380371 0.610552251338959 0.603089690208435 0.616418540477753 0.625542938709259 0.618338584899902 0.608552813529968 0.60527902841568 0.608923077583313 0.615996658802032 0.603894770145416 -3.4e+38
-3.4e+38 -3.4e+38 -3.4e+38 -3.4e+38 -3.4e+38 -3.4e+38 0.575875401496887 0.556034922599792 0.537577569484711 0.510609984397888 0.504861950874329 0.53520655632019 0.551032543182373 0.559161126613617 0.57032310962677 0.570834398269653 0.569524645805359 0.58366996049881 0.603951752185822 0.600656449794769 0.598180294036865 0.60377162694931 0.597112596035004 0.57723993062973 0.571632444858551 0.579887866973877 0.584004342556 0.575894176959991 0.560218513011932 0.569624125957489 0.567530691623688 0.549179792404175 0.534801721572876 0.514340817928314 0.513273417949677 0.552385628223419 0.591980636119843 0.61988490819931 0.626625061035156 0.622180938720703 0.623162746429443 0.619266033172607 0.611794531345367 0.610482335090637 0.61329847574234 0.619011878967285 0.61366993188858 0.603207290172577 0.590173840522766
-3.4e+38 -3.4e+38 -3.4e+38 -3.4e+38 -3.4e+38 0.58276629447937 0.589328408241272 0.58240020275116 0.556363821029663 0.51806628704071 0.477188169956207 0.479747414588928 0.514503419399261 0.555870354175568 0.584713578224182 0.579215705394745 0.577148079872131 0.593907654285431 0.611823618412018 0.591437995433807 0.597094118595123 0.617620646953583 0.621582806110382 0.592812955379486 0.579018115997314 0.600828170776367 0.594516158103943 0.586398303508759 0.582905888557434 0.578367054462433 0.557242274284363 0.533220827579498 0.51052850484848 0.482619792222977 0.479601442813873 0.520146131515503 0.554560542106628 0.591462373733521 0.621971905231476 0.623953819274902 0.619733035564423 0.609581410884857 0.601279973983765 0.607289969921112 0.616713345050812 0.626188337802887 0.627246558666229 0.620579421520233 0.606248676776886
-3.4e+38 -3.4e+38 -3.4e+38 -3.4e+38 -3.4e+38 0.566456615924835 0.592233896255493 0.582346558570862 0.540818393230438 0.541661083698273 0.525266587734222 0.48258438706398 0.482689648866653 0.526516616344452 0.556979238986969 0.56117182970047 0.558717668056488 0.554411113262177 0.558563351631165 0.561940431594849 0.584785878658295 0.622032821178436 0.636836230754852 0.623695731163025 0.610105335712433 0.60701459646225 0.59496796131134 0.596991062164307 0.596291899681091 0.579004168510437 0.550544083118439 0.527510285377502 0.503745496273041 0.465170502662659 0.459372192621231 0.494448482990265 0.529992580413818 0.562203347682953 0.59661728143692 0.611126363277435 0.610006034374237 0.605458080768585 0.602583408355713 0.605235636234283 0.607950925827026 0.611730337142944 0.617827236652374 0.618758380413055 0.615931749343872
-3.4e+38 -3.4e+38 -3.4e+38 -3.4e+38 0.521034002304077 0.525987088680267 0.563215613365173 0.579090595245361 0.55504584312439 0.553416788578033 0.570115923881531 0.543579339981079 0.519809424877167 0.539039552211761 0.537924647331238 0.524165570735931 0.5186607837677 0.506978094577789 0.51908928155899 0.549091756343842 0.576915264129639 0.614464581012726 0.62937194108963 0.619333207607269 0.623610079288483 0.606031835079193 0.585818350315094 0.591190755367279 0.591479659080505 0.578001320362091 0.554333925247192 0.541022002696991 0.52419376373291 0.496370494365692 0.486768215894699 0.497500985860825 0.522442817687988 0.554623365402222 0.582304358482361 0.606403350830078 0.612353205680847 0.611136972904205 0.609316289424896 0.605057656764984 0.597318053245544 0.596200287342072 0.603660404682159 0.612965106964111 0.619643270969391
-3.4e+38 -3.4e+38 -3.4e+38 -3.4e+38 0.497170984745026 0.494180381298065 0.519625902175903 0.57355660200119 0.583332896232605 0.563236594200134 0.589824795722961 0.590638101100922 0.571653187274933 0.576056659221649 0.574648559093475 0.561128556728363 0.551069498062134 0.535986661911011 0.53951370716095 0.560027003288269 0.576229751110077 0.587574064731598 0.601789116859436 0.617432832717896 0.627125799655914 0.605049550533295 0.584116041660309 0.589045524597168 0.593573749065399 0.582234382629395 0.558727145195007 0.54892760515213 0.551203846931458 0.551132261753082 0.546313583850861 0.53288209438324 0.537383377552032 0.576402425765991 0.601268172264099 0.619331121444702 0.617738544940948 0.611810028553009 0.614564657211304 0.61419016122818 0.607320129871368 0.600348889827728 0.600817978382111 0.608677864074707 0.620350956916809
-3.4e+38 -3.4e+38 -3.4e+38 -3.4e+38 0.506925404071808 0.493756234645844 0.510243237018585 0.544928967952728 0.572980940341949 0.575523734092712 0.576192319393158 0.571075618267059 0.578438282012939 0.580591678619385 0.582466244697571 0.588711798191071 0.596797049045563 0.585287511348724 0.564528465270996 0.554893493652344 0.572094559669495 0.593019366264343 0.598018765449524 0.601870954036713 0.602749943733215 0.590030550956726 0.574480652809143 0.590574681758881 0.615572929382324 0.595492839813232 0.566443085670471 0.566308259963989 0.582202434539795 0.592722356319427 0.59234219789505 0.583246767520905 0.576993644237518 0.594241440296173 0.614887237548828 0.630382239818573 0.614897072315216 0.602721989154816 0.615300238132477 0.624913394451141 0.626842260360718 0.620253503322601 0.614044010639191 0.611441433429718 0.616341948509216
-3.4e+38 -3.4e+38 -3.4e+38 0.568868398666382 0.543469607830048 0.527381420135498 0.52151346206665 0.519669532775879 0.542216897010803 0.556369066238403 0.53527957201004 0.543907701969147 0.59037047624588 0.605776607990265 0.604967474937439 0.599707722663879 0.60292661190033 0.600966095924377 0.582408785820007 0.560778796672821 0.581668496131897 0.616172194480896 0.600563824176788 0.578402996063232 0.573532581329346 0.581095516681671 0.557727158069611 0.571541607379913 0.606419861316681 0.588580965995789 0.565075695514679 0.565369784832001 0.58296263217926 0.603325009346008 0.606342315673828 0.592795014381409 0.582654595375061 0.595009803771973 0.618645131587982 0.632751643657684 0.613088130950928 0.597424685955048 0.607990682125092 0.61686509847641 0.625164389610291 0.625770092010498 0.622440159320831 0.614901542663574 0.610915124416351
-3.4e+38 -3.4e+38 0.607846558094025 0.599522411823273 0.581582129001617 0.555829107761383 0.53948849439621 0.539266109466553 0.543428778648376 0.514954447746277 0.458819031715393 0.493775606155396 0.581389725208282 0.623621940612793 0.622775197029114 0.601964831352234 0.585933089256287 0.59291660785675 0.601520597934723 0.594298481941223 0.601725101470947 0.611453413963318 0.597550272941589 0.576613247394562 0.564182996749878 0.573616683483124 0.548276305198669 0.544699013233185 0.566723585128784 0.571541368961334 0.581729471683502 0.573860764503479 0.566412508487701 0.568250060081482 0.571736097335815 0.576234102249146 0.581680476665497 0.596385598182678 0.623472452163696 0.637906193733215 0.62407386302948 0.610033810138702 0.606722772121429 0.607556700706482 0.614949882030487 0.622292697429657 0.625239133834839 0.624460399150848 0.61974972486496
-3.4e+38 0.617734134197235 0.628175556659698 0.626284420490265 0.610301077365875 0.576968133449554 0.552261173725128 0.556168437004089 0.550103068351746 0.492134898900986 0.429982483386993 0.484618306159973 0.575929820537567 0.618259847164154 0.628083765506744 0.620472013950348 0.613862156867981 0.596223473548889 0.592864751815796 0.595600605010986 0.594193875789642 0.599231958389282 0.588427841663361 0.575255393981934 0.568372666835785 0.56575870513916 0.544492423534393 0.54013603925705 0.539898991584778 0.541430413722992 0.573431074619293 0.591135144233704 0.573116540908813 0.552090227603912 0.541803896427155 0.558514416217804 0.585170567035675 0.601829528808594 0.615107178688049 0.622401773929596 0.620321571826935 0.61580765247345 0.612100481987 0.616718530654907 0.627811372280121 0.635690033435822 0.631566345691681 0.627029418945312 0.622105300426483
-3.4e+38 0.615450203418732 0.638198971748352 0.651547849178314 0.632038593292236 0.597689926624298 0.598985135555267 0.607304275035858 0.583763003349304 0.519452750682831 0.495293259620667 0.564200460910797 0.62238997220993 0.63714998960495 0.626673817634583 0.612699508666992 0.59579199552536 0.557358205318451 0.55135440826416 0.563973367214203 0.562118172645569 0.577726662158966 0.587356328964233 0.577400088310242 0.565717756748199 0.56476092338562 0.555212736129761 0.544261991977692 0.542756140232086 0.554578900337219 0.575601577758789 0.5992391705513 0.610329508781433 0.596585094928741 0.584044277667999 0.572707951068878 0.578749477863312 0.587244391441345 0.599304974079132 0.59765636920929 0.599445223808289 0.604225516319275 0.610766589641571 0.615642845630646 0.622719049453735 0.628462314605713 0.627700626850128 0.620452165603638 0.617398738861084
0.596531927585602 0.620713293552399 0.645902812480927 0.666462957859039 0.65118807554245 0.619903087615967 0.631616652011871 0.64054811000824 0.61321347951889 0.569381654262543 0.55072432756424 0.587807536125183 0.617551505565643 0.615732967853546 0.597486317157745 0.5537388920784 0.512448191642761 0.507821440696716 0.535507082939148 0.549396634101868 0.543282926082611 0.570576727390289 0.59382563829422 0.587402701377869 0.571811020374298 0.575450837612152 0.5762699842453 0.553922891616821 0.532029747962952 0.55094313621521 0.58722996711731 0.609733700752258 0.620576679706573 0.621236085891724 0.620855331420898 0.601179242134094 0.575934946537018 0.57007896900177 0.586734473705292 0.579410791397095 0.575314164161682 0.585545182228088 0.591264486312866 0.597513854503632 0.602710604667664 0.615790784358978 0.623835265636444 0.625049710273743 0.622478783130646
