data/trimmed_ndre/W_ndre.627.2013_no_clouds.asc
NCOLS 130 
NROWS 71 
XLLCORNER 530645 
YLLCORNER 5158205 
CELLSIZE 5 
NODATA_value -3.4e+38 
[rows 21 to 41 of 71, columns 0 to 48 of 130]
0.60650771856308 0.606016576290131 0.603472709655762 0.600782155990601 0.584297358989716 0.575150728225708 0.585085391998291 0.590003907680511 0.584290862083435 0.578473389148712 0.567985236644745 0.555849373340607 0.544810473918915 0.541688680648804 0.535577535629272 0.524091899394989 0.507988154888153 0.506593525409698 0.515258371829987 0.526003122329712 0.53922027349472 0.532933831214905 0.52204817533493 0.5436772108078 0.550810217857361 0.529466569423676 0.497036516666412 0.45544108748436 0.452117294073105 0.456730484962463 0.502705216407776 0.560905396938324 0.583860576152802 0.604627549648285 0.602102279663086 0.582785427570343 0.559617757797241 0.511791288852692 0.471573412418365 0.471358776092529 0.502109408378601 0.533405601978302 0.554330885410309 0.564887404441833 0.563544750213623 0.560720384120941 0.5626140832901 0.571272313594818 0.579523324966431
0.588954567909241 0.595082879066467 0.599951326847076 0.60448944568634 0.603398680686951 0.599388062953949 0.598591983318329 0.594331026077271 0.595617830753326 0.593524754047394 0.581690728664398 0.559571623802185 0.539276599884033 0.535179257392883 0.533775329589844 0.519781649112701 0.506698071956635 0.518078804016113 0.52603679895401 0.533020377159119 0.54691618680954 0.540167033672333 0.530576229095459 0.540650248527527 0.535853624343872 0.508947610855103 0.477000653743744 0.449125081300735 0.444162845611572 0.463179528713226 0.484706193208694 0.5351203083992 0.571753263473511 0.594404578208923 0.595429420471191 0.56998598575592 0.55192631483078 0.521098673343658 0.490261226892471 0.486959517002106 0.501988708972931 0.528092801570892 0.547454297542572 0.556195855140686 0.565984785556793 0.580105543136597 0.591842770576477 0.599428594112396 0.601127445697784
-3.4e+38 0.594420611858368 0.600316762924194 0.602883219718933 0.606305181980133 0.617945551872253 0.619044840335846 0.610214293003082 0.611020922660828 0.607282757759094 0.593245685100555 0.570825576782227 0.546958982944489 0.539084732532501 0.534835159778595 0.510700464248657 0.501412630081177 0.525625288486481 0.524802207946777 0.535803914070129 0.552771806716919 0.540744662284851 0.530865609645844 0.531539082527161 0.513998985290527 0.490185350179672 0.472581177949905 0.472977370023727 0.469076007604599 0.472114145755768 0.479874551296234 0.501323759555817 0.539117813110352 0.563419997692108 0.576990604400635 0.558393001556396 0.533082604408264 0.525217950344086 0.517395675182343 0.506826817989349 0.507016599178314 0.518150925636292 0.527064919471741 0.530093967914581 0.54127448797226 0.563583731651306 0.583510935306549 0.597017049789429 0.609785139560699
-3.4e+38 -3.4e+38 0.614197134971619 0.604637801647186 0.598585546016693 0.613210320472717 0.618772089481354 0.612736642360687 0.617615759372711 0.610402643680573 0.594673275947571 0.580608665943146 0.561795830726624 0.548824787139893 0.545023500919342 0.535752534866333 0.530287981033325 0.539197623729706 0.531487822532654 0.539319455623627 0.549859642982483 0.536082744598389 0.529845178127289 0.511003971099854 0.483349114656448 0.474119812250137 0.460455805063248 0.456805467605591 0.451323121786118 0.467509984970093 0.487724155187607 0.489636093378067 0.516340315341949 0.54586797952652 0.55331826210022 0.544906139373779 0.528080523014069 0.5261190533638 0.526268661022186 0.521718204021454 0.512381613254547 0.515964806079865 0.516901969909668 0.516071557998657 0.523672461509705 0.542006433010101 0.557571828365326 0.568155169487 0.593792676925659
-3.4e+38 -3.4e+38 -3.4e+38 0.60726535320282 0.600770950317383 0.611614048480988 0.608713328838348 0.60631650686264 0.610932946205139 0.608598291873932 0.603930413722992 0.595065891742706 0.57810914516449 0.550789535045624 0.535404443740845 0.545142292976379 0.555395901203156 0.552394390106201 0.542534470558167 0.536172449588776 0.536410570144653 0.529960989952087 0.519346654415131 0.481511265039444 0.453792184591293 0.461194843053818 0.439019590616226 0.431172609329224 0.443529963493347 0.474561244249344 0.496749043464661 0.498425394296646 0.51901638507843 0.541597783565521 0.543406188488007 0.543173730373383 0.53845876455307 0.520566999912262 0.49911767244339 0.491935402154922 0.499437153339386 0.513686954975128 0.520858407020569 0.518816292285919 0.516357183456421 0.518835186958313 0.535094499588013 0.556385815143585 0.577908456325531
-3.4e+38 -3.4e+38 -3.4e+38 0.609319567680359 0.613518297672272 0.615021347999573 0.6076500415802 0.607217311859131 0.607521235942841 0.60412460565567 0.60426652431488 0.601786315441132 0.592203795909882 0.575929164886475 0.552644848823547 0.552554070949554 0.562752664089203 0.551545262336731 0.535689830780029 0.53453254699707 0.531332015991211 0.510722458362579 0.481626063585281 0.454313367605209 0.427251547574997 0.419016718864441 0.397167146205902 0.40668249130249 0.449746668338776 0.478134334087372 0.486970156431198 0.482919424772263 0.498781353235245 0.522943139076233 0.542520642280579 0.543350040912628 0.533300995826721 0.499508172273636 0.468970566987991 0.463636755943298 0.472606927156448 0.49529755115509 0.510119616985321 0.515568852424622 0.513688027858734 0.514679253101349 0.539693295955658 0.571894705295563 0.586098492145538
-3.4e+38 -3.4e+38 -3.4e+38 0.603861331939697 0.613425672054291 0.614943206310272 0.606943607330322 0.605846107006073 0.60018253326416 0.590902090072632 0.587592244148254 0.581770300865173 0.575480163097382 0.571510076522827 0.560588181018829 0.55456930398941 0.557161927223206 0.541021287441254 0.521872937679291 0.515086948871613 0.508609175682068 0.470873266458511 0.429124236106873 0.421282798051834 0.402255922555923 0.390224814414978 0.38849201798439 0.398173928260803 0.433451741933823 0.465713560581207 0.488388746976852 0.486426502466202 0.496268510818481 0.520289778709412 0.546696603298187 0.555643796920776 0.54808384180069 0.511595845222473 0.471741586923599 0.465214490890503 0.452912598848343 0.459310322999954 0.478179186582565 0.492646217346191 0.501904487609863 0.511877000331879 0.538248658180237 0.565503299236298 0.57571542263031
-3.4e+38 -3.4e+38 -3.4e+38 -3.4e+38 0.596297442913055 0.607144355773926 0.610421121120453 0.606615900993347 0.594885051250458 0.576905429363251 0.564990401268005 0.551837146282196 0.549156606197357 0.553204596042633 0.55543452501297 0.552223861217499 0.541016101837158 0.522074162960052 0.500786423683167 0.481468468904495 0.464130491018295 0.42675906419754 0.388105928897858 0.387626320123672 0.390700161457062 0.408694326877594 0.417122811079025 0.409911841154099 0.433169960975647 0.478877574205399 0.510572254657745 0.521138608455658 0.5392165184021 0.565758049488068 0.579667866230011 0.580613136291504 0.570093512535095 0.551507890224457 0.505398333072662 0.47638401389122 0.464050263166428 0.456226795911789 0.46393033862114 0.473593413829803 0.478139847517014 0.491211473941803 0.513486921787262 0.526185154914856 0.541284680366516
-3.4e+38 -3.4e+38 -3.4e+38 -3.4e+38 -3.4e+38 0.59486186504364 0.606853425502777 0.605502367019653 0.597641408443451 0.580222904682159 0.5554478764534 0.539973199367523 0.538559019565582 0.542760968208313 0.541307926177979 0.530682802200317 0.513067483901978 0.496551901102066 0.477296203374863 0.452888756990433 0.432061076164246 0.401642709970474 0.382926523685455 0.396055072546005 0.408037006855011 0.433646112680435 0.442731946706772 0.437628626823425 0.460933357477188 0.49100935459137 0.52381306886673 0.550372242927551 0.572407245635986 0.605596303939819 0.61988627910614 0.60221266746521 0.581187605857849 0.572273552417755 0.552809000015259 0.527835428714752 0.51264613866806 0.50795590877533 0.497926592826843 0.484024822711945 0.467725783586502 0.467508137226105 0.484806299209595 0.496797859668732 0.512690901756287
-3.4e+38 -3.4e+38 -3.4e+38 -3.4e+38 -3.4e+38 -3.4e+38 -3.4e+38 -3.4e+38 0.595053613185883 0.580121994018555 0.55242919921875 0.535739541053772 0.536422550678253 0.532832264900208 0.520867228507996 0.503301799297333 0.489798575639725 0.473493248224258 0.452039182186127 0.422609895467758 0.406819462776184 0.409402072429657 0.408478796482086 0.427751779556274 0.443616330623627 0.460540741682053 0.463912695646286 0.470479547977448 0.492725521326065 0.491492599248886 0.530647695064545 0.571530103683472 0.577117323875427 0.621921062469482 0.647325813770294 0.622552037239075 0.618599116802216 0.610967099666595 0.594786882400513 0.573323845863342 0.566076755523682 0.571349740028381 0.550478994846344 0.507145822048187 0.473245412111282 0.475075215101242 0.498852521181107 0.516962945461273 0.510371029376984
-3.4e+38 -3.4e+38 -3.4e+38 -3.4e+38 -3.4e+38 -3.4e+38 -3.4e+38 -3.4e+38 -3.4e+38 -3.4e+38 0.534748494625092 0.519015252590179 0.518158793449402 0.504113137722015 0.485413908958435 0.475331574678421 0.470314413309097 0.452655345201492 0.431473791599274 0.417119681835175 0.422851026058197 0.432629853487015 0.419790476560593 0.445673197507858 0.473991543054581 0.481580048799515 0.475507259368896 0.483430176973343 0.502384543418884 0.493212640285492 0.544312357902527 0.58644962310791 0.578137457370758 0.631250500679016 0.646952211856842 0.62304276227951 0.640627443790436 0.636501491069794 0.61795049905777 0.609601020812988 0.605548560619354 0.611635088920593 0.604094445705414 0.568960547447205 0.535831928253174 0.533022880554199 0.53345650434494 0.546493530273438 0.548168301582336
-3.4e+38 -3.4e+38 -3.4e+38 -3.4e+38 -3.4e+38 -3.4e+38 -3.4e+38 -3.4e+38 -3.4e+38 -3.4e+38 -3.4e+38 0.49678048491478 0.480166584253311 0.460327088832855 0.451804608106613 0.456443279981613 0.461368918418884 0.449001371860504 0.445313721895218 0.453530222177505 0.457475602626801 0.447010368108749 0.437390327453613 0.456375569105148 0.483043700456619 0.488886833190918 0.478438079357147 0.479123055934906 0.499329268932343 0.520068526268005 0.561950504779816 0.5914705991745 0.59606260061264 0.634898364543915 0.62593138217926 0.615415930747986 0.64265388250351 0.639758229255676 0.634800136089325 0.639207243919373 0.64288455247879 0.641927480697632 0.631937384605408 0.620617210865021 0.601733148097992 0.597123384475708 0.598918259143829 0.607194364070892 0.605365216732025
-3.4e+38 -3.4e+38 -3.4e+38 -3.4e+38 -3.4e+38 -3.4e+38 -3.4e+38 -3.4e+38 -3.4e+38 -3.4e+38 -3.4e+38 -3.4e+38 -3.4e+38 -3.4e+38 -3.4e+38 -3.4e+38 -3.4e+38 -3.4e+38 -3.4e+38 -3.4e+38 -3.4e+38 -3.4e+38 -3.4e+38 -3.4e+38 -3.4e+38 -3.4e+38 -3.4e+38 -3.4e+38 -3.4e+38 -3.4e+38 -3.4e+38 0.593254089355469 0.614026129245758 0.622929513454437 0.614605307579041 0.617159426212311 0.635678470134735 0.63296914100647 0.63620525598526 0.638631343841553 0.638343095779419 0.627386093139648 0.619668185710907 0.621136546134949 0.613659143447876 0.61404275894165 0.621145308017731 0.63120174407959 0.628409862518311
-3.4e+38 -3.4e+38 -3.4e+38 -3.4e+38 -3.4e+38 -3.4e+38 -3.4e+38 -3.4e+38 -3.4e+38 -3.4e+38 -3.4e+38 -3.4e+38 -3.4e+38 -3.4e+38 -3.4e+38 -3.4e+38 -3.4e+38 -3.4e+38 -3.4e+38 -3.4e+38 -3.4e+38 -3.4e+38 -3.4e+38 -3.4e+38 -3.4e+38 -3.4e+38 -3.4e+38 -3.4e+38 -3.4e+38 -3.4e+38 -3.4e+38 -3.4e+38 -3.4e+38 0.625169694423676 0.623906910419464 0.621018409729004 0.62006413936615 0.620568513870239 0.624881505966187 0.611386716365814 0.595119893550873 0.586670160293579 0.590332329273224 0.599502980709076 0.592564404010773 0.579984486103058 0.5845085978508 0.602689504623413 0.610384523868561
-3.4e+38 -3.4e+38 -3.4e+38 -3.4e+38 -3.4e+38 -3.4e+38 -3.4e+38 -3.4e+38 -3.4e+38 -3.4e+38 -3.4e+38 -3.4e+38 -3.4e+38 -3.4e+38 -3.4e+38 -3.4e+38 -3.4e+38 -3.4e+38 -3.4e+38 -3.4e+38 -3.4e+38 -3.4e+38 -3.4e+38 -3.4e+38 -3.4e+38 -3.4e+38 -3.4e+38 -3.4e+38 -3.4e+38 -3.4e+38 -3.4e+38 -3.4e+38 -3.4e+38 -3.4e+38 0.626344621181488 0.620046079158783 0.60316413640976 0.598382711410522 0.60064023733139 0.583344161510468 0.562732994556427 0.562135219573975 0.573608875274658 0.572213649749756 0.549914836883545 0.527296185493469 0.534913182258606 0.566755354404449 0.584277451038361
-3.4e+38 -3.4e+38 -3.4e+38 -3.4e+38 -3.4e+38 -3.4e+38 -3.4e+38 -3.4e+38 -3.4e+38 -3.4e+38 -3.4e+38 -3.4e+38 -3.4e+38 -3.4e+38 -3.4e+38 -3.4e+38 -3.4e+38 -3.4e+38 -3.4e+38 -3.4e+38 -3.4e+38 -3.4e+38 -3.4e+38 -3.4e+38 -3.4e+38 -3.4e+38 -3.4e+38 -3.4e+38 -3.4e+38 -3.4e+38 -3.4e+38 -3.4e+38 -3.4e+38 -3.4e+38 0.632180035114288 0.621550619602203 0.597037851810455 0.578276455402374 0.577301204204559 0.572798073291779 0.56104564666748 0.558821618556976 0.565523266792297 0.551238119602203 0.517363846302032 0.493472516536713 0.502676010131836 0.540759682655334 0.562057554721832
-3.4e+38 -3.4e+38 -3.4e+38 -3.4e+38 -3.4e+38 -3.4e+38 -3.4e+38 -3.4e+38 -3.4e+38 -3.4e+38 -3.4e+38 -3.4e+38 -3.4e+38 -3.4e+38 -3.4e+38 -3.4e+38 -3.4e+38 -3.4e+38 -3.4e+38 -3.4e+38 -3.4e+38 -3.4e+38 -3.4e+38 -3.4e+38 -3.4e+38 -3.4e+38 -3.4e+38 -3.4e+38 -3.4e+38 -3.4e+38 -3.4e+38 -3.4e+38 -3.4e+38 -3.4e+38 0.640101790428162 0.629605710506439 0.604390144348145 0.566413521766663 0.545349895954132 0.544808864593506 0.547152400016785 0.546649873256683 0.541930317878723 0.530223667621613 0.493375480175018 0.467317581176758 0.476974636316299 0.511299610137939 0.543597936630249
-3.4e+38 -3.4e+38 -3.4e+38 -3.4e+38 -3.4e+38 -3.4e+38 -3.4e+38 -3.4e+38 -3.4e+38 -3.4e+38 -3.4e+38 -3.4e+38 -3.4e+38 -3.4e+38 -3.4e+38 -3.4e+38 -3.4e+38 -3.4e+38 -3.4e+38 -3.4e+38 -3.4e+38 -3.4e+38 -3.4e+38 -3.4e+38 -3.4e+38 -3.4e+38 -3.4e+38 -3.4e+38 -3.4e+38 -3.4e+38 -3.4e+38 -3.4e+38 -3.4e+38 -3.4e+38 -3.4e+38 0.640677332878113 0.607067227363586 0.562376022338867 0.525562584400177 0.519625246524811 0.523304522037506 0.516024768352509 0.508792161941528 0.50420343875885 0.483490139245987 0.459306925535202 0.453583478927612 0.468535155057907 0.504466533660889
-3.4e+38 -3.4e+38 -3.4e+38 -3.4e+38 -3.4e+38 -3.4e+38 -3.4e+38 -3.4e+38 -3.4e+38 -3.4e+38 -3.4e+38 -3.4e+38 -3.4e+38 -3.4e+38 -3.4e+38 -3.4e+38 -3.4e+38 -3.4e+38 -3.4e+38 -3.4e+38 -3.4e+38 -3.4e+38 -3.4e+38 -3.4e+38 -3.4e+38 -3.4e+38 -3.4e+38 -3.4e+38 -3.4e+38 -3.4e+38 -3.4e+38 -3.4e+38 -3.4e+38 -3.4e+38 -3.4e+38 -3.4e+38 0.602701008319855 0.567241311073303 0.530615389347076 0.512868821620941 0.513387262821198 0.497454524040222 0.478303551673889 0.474130362272263 0.472893744707108 0.454076945781708 0.441472262144089 0.441198587417603 0.450784772634506
-3.4e+38 -3.4e+38 -3.4e+38 -3.4e+38 -3.4e+38 -3.4e+38 -3.4e+38 -3.4e+38 -3.4e+38 -3.4e+38 -3.4e+38 -3.4e+38 -3.4e+38 -3.4e+38 -3.4e+38 -3.4e+38 -3.4e+38 -3.4e+38 -3.4e+38 -3.4e+38 -3.4e+38 -3.4e+38 -3.4e+38 -3.4e+38 -3.4e+38 -3.4e+38 -3.4e+38 -3.4e+38 -3.4e+38 -3.4e+38 -3.4e+38 -3.4e+38 -3.4e+38 -3.4e+38 -3.4e+38 -3.4e+38 -3.4e+38 0.574938416481018 0.53495591878891 0.498477280139923 0.484538286924362 0.472921073436737 0.459720075130463 0.455877304077148 0.454746663570404 0.434363067150116 0.431061893701553 0.43234857916832 0.424270838499069
-3.4e+38 -3.4e+38 -3.4e+38 -3.4e+38 -3.4e+38 -3.4e+38 -3.4e+38 -3.4e+38 -3.4e+38 -3.4e+38 -3.4e+38 -3.4e+38 -3.4e+38 -3.4e+38 -3.4e+38 -3.4e+38 -3.4e+38 -3.4e+38 -3.4e+38 -3.4e+38 -3.4e+38 -3.4e+38 -3.4e+38 -3.4e+38 -3.4e+38 -3.4e+38 -3.4e+38 -3.4e+38 -3.4e+38 -3.4e+38 -3.4e+38 -3.4e+38 -3.4e+38 -3.4e+38 -3.4e+38 -3.4e+38 -3.4e+38 -3.4e+38 0.521168291568756 0.495992213487625 0.473510891199112 0.465985149145126 0.460169762372971 0.450646072626114 0.444138944149017 0.433122426271439 0.430347114801407 0.432647943496704 0.422568678855896
