data/trimmed_ndre/W_ndre.628.2009_no_clouds.asc
NCOLS 130 
NROWS 71 
XLLCORNER 530645 
YLLCORNER 5158205 
CELLSIZE 5 
NODATA_value -3.4e+38 
[rows 42 to 62 of 71, columns 49 to 97 of 130]
0.28126335144043 0.251153439283371 0.257854342460632 0.26980248093605 0.290396958589554 0.325657039880753 0.360255151987076 0.419613361358643 0.485457122325897 0.511298060417175 0.503313004970551 0.445611983537674 0.410627782344818 0.432078540325165 0.438554406166077 0.415704399347305 0.385006368160248 0.362125128507614 0.336656957864761 0.324407666921616 0.332182466983795 0.355455666780472 0.377294182777405 0.391827791929245 0.390848338603973 0.375490546226501 0.377050638198853 0.394552916288376 0.395505279302597 0.406049937009811 0.410132735967636 0.400434345006943 0.392855763435364 0.383695155382156 0.38158193230629 0.395223885774612 0.41113817691803 0.41688597202301 0.422910541296005 0.417457193136215 0.425703942775726 0.417767882347107 0.400811612606049 0.38946670293808 0.389193713665009 0.387432277202606 0.380699902772903 0.38207995891571 0.385013490915298
0.257243603467941 0.244217231869698 0.250134855508804 0.277114272117615 0.316263347864151 0.350599020719528 0.386373221874237 0.4354587495327 0.500588893890381 0.537155747413635 0.524718701839447 0.488477647304535 0.451370537281036 0.448673248291016 0.443084627389908 0.422009289264679 0.393040329217911 0.376490920782089 0.363635331392288 0.351871520280838 0.356382727622986 0.361704289913177 0.373353362083435 0.367444097995758 0.360231727361679 0.359126776456833 0.361389756202698 0.401060104370117 0.431200683116913 0.423417210578918 0.41364112496376 0.396164685487747 0.393699049949646 0.397825360298157 0.3924241065979 0.400976240634918 0.408595740795135 0.401431620121002 0.416015684604645 0.410725355148315 0.386876732110977 0.376803874969482 0.387130409479141 0.38712814450264 0.398779362440109 0.412292331457138 0.401597172021866 0.408597201108932 0.421439588069916
0.263874113559723 0.257398098707199 0.27007195353508 0.301147729158401 0.338790953159332 0.371668875217438 0.407183229923248 0.461833477020264 0.508658945560455 0.52933144569397 0.525615036487579 0.521045565605164 0.482802957296371 0.455595850944519 0.442050039768219 0.423696100711823 0.406891405582428 0.389437049627304 0.372182875871658 0.342992097139359 0.343036770820618 0.359288811683655 0.36499872803688 0.34767809510231 0.346469312906265 0.365511685609818 0.378268629312515 0.390946179628372 0.41112020611763 0.407267868518829 0.38805890083313 0.364304423332214 0.373618870973587 0.402920961380005 0.409546047449112 0.420609205961227 0.419241845607758 0.409608602523804 0.40177708864212 0.390988111495972 0.375922650098801 0.380287110805511 0.405476570129395 0.415584325790405 0.431848734617233 0.451632767915726 0.426877200603485 0.442225307226181 0.465900987386703
0.277582734823227 0.283306062221527 0.299919992685318 0.317810237407684 0.33284667134285 0.374506652355194 0.422460317611694 0.471854358911514 0.503610789775848 0.514204502105713 0.519924879074097 0.515478014945984 0.483837336301804 0.455183357000351 0.441410601139069 0.42347514629364 0.401483178138733 0.376490920782089 0.344898462295532 0.319151848554611 0.315375208854675 0.331419378519058 0.350793123245239 0.358774304389954 0.369738757610321 0.378518849611282 0.383291453123093 0.372576475143433 0.367244154214859 0.377606451511383 0.382497578859329 0.371239364147186 0.369979739189148 0.390275865793228 0.411663502454758 0.431213349103928 0.41634875535965 0.401229292154312 0.401388138532639 0.405630797147751 0.404328107833862 0.40249702334404 0.414541959762573 0.439281851053238 0.449620127677917 0.458948791027069 0.451977372169495 0.455166667699814 0.470658719539642
0.285503536462784 0.301493227481842 0.309033185243607 0.312718540430069 0.32356396317482 0.376016795635223 0.419274002313614 0.465250760316849 0.505600452423096 0.510579526424408 0.515263736248016 0.494404345750809 0.457336992025375 0.444714784622192 0.446004182100296 0.421676784753799 0.370406955480576 0.340964883565903 0.311644971370697 0.298927307128906 0.297853976488113 0.300599306821823 0.322965174913406 0.351491093635559 0.372173607349396 0.37995982170105 0.373877942562103 0.364905685186386 0.354946404695511 0.351416409015656 0.358072996139526 0.360692739486694 0.357453644275665 0.36107012629509 0.376879751682281 0.385960787534714 0.37023913860321 0.388402193784714 0.419277459383011 0.425046324729919 0.416760236024857 0.40235248208046 0.408698976039886 0.43553638458252 0.432031780481339 0.45585560798645 0.47265750169754 0.456032991409302 0.455588400363922
0.2937351167202 0.328022629022598 0.316256076097488 0.324381053447723 0.354137808084488 0.392404168844223 0.412562936544418 0.463685035705566 0.502535760402679 0.493688613176346 0.503507256507874 0.482753336429596 0.447414547204971 0.442191183567047 0.442516297101974 0.428587287664413 0.374197453260422 0.332255333662033 0.300384879112244 0.302268356084824 0.308597445487976 0.302718073129654 0.299636155366898 0.332144975662231 0.367013365030289 0.37580880522728 0.352684497833252 0.33100351691246 0.327380627393723 0.323949933052063 0.341627299785614 0.358896136283875 0.354270726442337 0.344697803258896 0.352305144071579 0.372294187545776 0.377036243677139 0.394924104213715 0.420596569776535 0.423517614603043 0.416470378637314 0.421412616968155 0.423257678747177 0.431013911962509 0.432913810014725 0.464232712984085 0.487951934337616 0.471950650215149 0.454227566719055
0.308986067771912 0.325537115335464 0.317535638809204 0.330995380878448 0.374591588973999 0.396288752555847 0.393055528402328 0.407331734895706 0.44848895072937 0.471639722585678 0.485496938228607 0.482333719730377 0.473865658044815 0.458101361989975 0.429051339626312 0.413148939609528 0.37670636177063 0.333755880594254 0.312510401010513 0.309227675199509 0.318304449319839 0.314733743667603 0.31310698390007 0.332359910011292 0.363802373409271 0.37159451842308 0.347606748342514 0.335573345422745 0.34406641125679 0.344923347234726 0.353296130895615 0.382788777351379 0.39590260386467 0.381797224283218 0.375020891427994 0.388840168714523 0.403037548065186 0.396589875221252 0.416472256183624 0.426265627145767 0.437400162220001 0.464328795671463 0.455749899148941 0.448100537061691 0.460459291934967 0.477970540523529 0.501177549362183 0.496165037155151 0.477438181638718
0.331111431121826 0.333418071269989 0.327324956655502 0.317782074213028 0.34759858250618 0.393649786710739 0.398120403289795 0.381406515836716 0.401968419551849 0.445992231369019 0.455722153186798 0.441318422555923 0.43944051861763 0.44503116607666 0.423647671937943 0.387143969535828 0.355833947658539 0.342903077602386 0.349778771400452 0.345592081546783 0.33370104432106 0.329639822244644 0.341216087341309 0.340698540210724 0.343002051115036 0.348297595977783 0.351798266172409 0.371823906898499 0.388977020978928 0.3766208589077 0.35357540845871 0.356353014707565 0.385373681783676 0.400741904973984 0.402350634336472 0.390027493238449 0.387900680303574 0.401201874017715 0.426506549119949 0.433849811553955 0.459879398345947 0.490118503570557 0.475355476140976 0.465370118618011 0.474798113107681 0.487412333488464 0.496990650892258 0.506210923194885 0.49272096157074
0.348449409008026 0.359555691480637 0.361666232347488 0.35960790514946 0.361723512411118 0.391288876533508 0.409896045923233 0.399008482694626 0.393222391605377 0.423781305551529 0.453077614307404 0.443141877651215 0.439858466386795 0.440323114395142 0.421479523181915 0.378900229930878 0.364369362592697 0.351442933082581 0.352453589439392 0.355234950780869 0.339541286230087 0.327814340591431 0.332056820392609 0.327436953783035 0.330304116010666 0.338782638311386 0.358811289072037 0.385770857334137 0.399317532777786 0.401582926511765 0.390554577112198 0.365729928016663 0.380202353000641 0.404913306236267 0.407062649726868 0.394475519657135 0.396370232105255 0.416528731584549 0.432641685009003 0.429427146911621 0.45810142159462 0.482063949108124 0.47142630815506 0.46721738576889 0.470300525426865 0.472042620182037 0.469128012657166 0.479759216308594 0.479540050029755
0.368074595928192 0.380600273609161 0.391991525888443 0.390486508607864 0.383454859256744 0.398973107337952 0.413901269435883 0.422030478715897 0.427005261182785 0.434043079614639 0.451801896095276 0.458546161651611 0.455523878335953 0.423784166574478 0.383918583393097 0.362143129110336 0.369018167257309 0.353901833295822 0.34113147854805 0.344662129878998 0.341579675674438 0.331553667783737 0.338974058628082 0.35088586807251 0.356813043355942 0.341967225074768 0.350860625505447 0.376153320074081 0.382317274808884 0.403515338897705 0.414879351854324 0.395803719758987 0.405468672513962 0.411343574523926 0.401964664459229 0.396447956562042 0.405884116888046 0.427123636007309 0.43166109919548 0.421009391546249 0.447518557310104 0.469035923480988 0.457940369844437 0.444944262504578 0.443113207817078 0.440158158540726 0.424311727285385 0.405369341373444 0.421550422906876
0.408899277448654 0.398844182491302 0.3945631980896 0.411712467670441 0.424629211425781 0.427532702684402 0.425233393907547 0.443751841783524 0.464059501886368 0.46113133430481 0.446320325136185 0.444265276193619 0.43724000453949 0.40901654958725 0.364231437444687 0.343797892332077 0.354702085256577 0.356738209724426 0.352430552244186 0.350337624549866 0.345378965139389 0.337794840335846 0.339440405368805 0.356948614120483 0.36509957909584 0.333341360092163 0.344454139471054 0.379425138235092 0.380085110664368 0.392549604177475 0.410306990146637 0.413318544626236 0.412316858768463 0.406452625989914 0.396790981292725 0.404041111469269 0.417588144540787 0.435291439294815 0.440612763166428 0.426310300827026 0.430087089538574 0.430835276842117 0.419654756784439 0.408177584409714 0.408436834812164 0.404318898916245 0.391055911779404 0.368374288082123 0.368951112031937
0.442262679338455 0.414730608463287 0.40749403834343 0.440979272127151 0.469206959009171 0.456639289855957 0.443045794963837 0.458127588033676 0.479301393032074 0.47021073102951 0.439143389463425 0.427370697259903 0.429997563362122 0.414928615093231 0.381587445735931 0.348074555397034 0.346389889717102 0.35381606221199 0.353853642940521 0.362311810255051 0.360697627067566 0.344683289527893 0.319819837808609 0.320487856864929 0.341864079236984 0.34836134314537 0.364896178245544 0.388692319393158 0.39614263176918 0.399249702692032 0.404815226793289 0.404688566923141 0.411231338977814 0.423733979463577 0.432937413454056 0.43141120672226 0.43208310008049 0.436178743839264 0.443535327911377 0.429247945547104 0.408037006855011 0.393800735473633 0.381502002477646 0.381643742322922 0.371903926134109 0.357488542795181 0.355911403894424 0.351367235183716 0.332202523946762
0.436658531427383 0.43140697479248 0.441727489233017 0.459259361028671 0.489532798528671 0.479125440120697 0.448434948921204 0.443566590547562 0.450818061828613 0.456066101789474 0.449622720479965 0.442382097244263 0.424026519060135 0.407628417015076 0.390063345432281 0.362831234931946 0.35496324300766 0.350748717784882 0.340827852487564 0.350403308868408 0.356152206659317 0.33928593993187 0.316778600215912 0.342916756868362 0.366032540798187 0.378166079521179 0.388659298419952 0.404938131570816 0.414041727781296 0.423180758953094 0.437691330909729 0.431940525770187 0.431576400995255 0.452476859092712 0.466626554727554 0.457761347293854 0.437109261751175 0.431921660900116 0.427144318819046 0.407004237174988 0.385658830404282 0.376969575881958 0.357099652290344 0.348522335290909 0.334825098514557 0.324943900108337 0.331955879926682 0.343926310539246 0.349193394184113
0.422849535942078 0.437415182590485 0.456191390752792 0.455834329128265 0.472025960683823 0.46710279583931 0.435141384601593 0.419323712587357 0.414506644010544 0.419079005718231 0.423776924610138 0.423366606235504 0.39465069770813 0.368879854679108 0.356922656297684 0.340700328350067 0.346655756235123 0.344753354787827 0.33212810754776 0.333307951688766 0.333566099405289 0.315853625535965 0.311844974756241 0.373604446649551 0.390353739261627 0.386496990919113 0.407226502895355 0.429865300655365 0.439418017864227 0.439261972904205 0.446421682834625 0.446173429489136 0.441934525966644 0.437298834323883 0.431234747171402 0.443801045417786 0.441749215126038 0.426882058382034 0.407368421554565 0.375670462846756 0.357161581516266 0.352692902088165 0.339597851037979 0.341230869293213 0.342183589935303 0.337913632392883 0.35040408372879 0.36680194735527 0.37384769320488
0.439275562763214 0.449614226818085 0.463695228099823 0.453156620264053 0.449441403150558 0.445085018873215 0.437787771224976 0.415010750293732 0.383289605379105 0.358723819255829 0.360858231782913 0.370315492153168 0.364141464233398 0.342120200395584 0.322237581014633 0.320383310317993 0.340477168560028 0.348459422588348 0.344664245843887 0.342161953449249 0.331335633993149 0.295270830392838 0.310076057910919 0.376205950975418 0.378741502761841 0.384034156799316 0.401040941476822 0.416527986526489 0.421515434980392 0.414134711027145 0.414462596178055 0.427879422903061 0.424152135848999 0.426518768072128 0.421226918697357 0.419763833284378 0.426432728767395 0.42561075091362 0.410689115524292 0.373841464519501 0.343780606985092 0.34644803404808 0.358162671327591 0.374227106571198 0.37776643037796 0.369373708963394 0.366036951541901 0.386446565389633 0.379259586334229
0.456242293119431 0.459229975938797 0.469198763370514 0.468185305595398 0.455156177282333 0.438005685806274 0.429431259632111 0.401195377111435 0.354437679052353 0.323593735694885 0.319503128528595 0.340886741876602 0.350616663694382 0.329133003950119 0.306427806615829 0.317306280136108 0.342553168535233 0.353350192308426 0.342372208833694 0.328135371208191 0.314641714096069 0.28904801607132 0.312504917383194 0.353076308965683 0.344951748847961 0.36052006483078 0.3829645216465 0.394276052713394 0.391483128070831 0.386936187744141 0.399607926607132 0.421506196260452 0.409695953130722 0.401631981134415 0.408575922250748 0.398078054189682 0.395135790109634 0.400456637144089 0.395862430334091 0.380573213100433 0.370490938425064 0.370845526456833 0.388752818107605 0.403677433729172 0.38062795996666 0.360958725214005 0.353120148181915 0.361560195684433 0.353064686059952
0.465947180986404 0.475717395544052 0.473168671131134 0.475636094808578 0.461411565542221 0.434820145368576 0.414462000131607 0.384693622589111 0.344194620847702 0.321347564458847 0.319162458181381 0.317221641540527 0.320747643709183 0.316413789987564 0.302272260189056 0.312054485082626 0.344796419143677 0.364967286586761 0.342207103967667 0.307834148406982 0.29406726360321 0.287279367446899 0.318954199552536 0.33933362364769 0.336034387350082 0.361712336540222 0.386581897735596 0.392457395792007 0.385355919599533 0.389869511127472 0.386334806680679 0.382378578186035 0.368546038866043 0.352259576320648 0.387056916952133 0.396129995584488 0.356699198484421 0.362575888633728 0.386687159538269 0.39402449131012 0.388128608465195 0.384355485439301 0.378315657377243 0.373952209949493 0.364606589078903 0.361961781978607 0.338511526584625 -3.4e+38 -3.4e+38
0.476891756057739 0.499336570501328 0.469214916229248 0.467720627784729 0.454282701015472 0.424352586269379 0.40164503455162 0.378240525722504 0.339097589254379 0.306639105081558 0.295469343662262 0.296277970075607 0.298927634954453 0.300707399845123 0.290830552577972 0.293332159519196 0.329546809196472 0.355280160903931 0.330244302749634 0.302837789058685 0.284324258565903 0.271384209394455 0.300899624824524 0.33023065328598 0.348215281963348 0.37528920173645 0.389034330844879 0.387843608856201 0.37034660577774 0.361637502908707 0.338480025529861 0.329413652420044 0.332923859357834 0.327213972806931 0.346240848302841 0.382599979639053 0.371420234441757 0.359216272830963 0.367572456598282 0.36834454536438 0.348474681377411 0.349594563245773 0.369052290916443 0.368864178657532 0.360621005296707 0.365102350711823 -3.4e+38 -3.4e+38 -3.4e+38
0.482508838176727 0.499390333890915 0.471584022045135 0.461010277271271 0.441203504800797 0.420861124992371 0.405472129583359 0.385238021612167 0.350539833307266 0.306369781494141 0.285619527101517 0.299770563840866 0.29731473326683 0.29141440987587 0.291360437870026 0.292460858821869 0.330181688070297 0.352575749158859 0.332185834646225 0.315740346908569 0.322097659111023 0.322082012891769 0.315493255853653 0.340108871459961 0.364002108573914 0.367912381887436 0.359240055084229 0.352479249238968 0.350553303956985 0.342817276716232 0.31876927614212 0.31937175989151 0.338270574808121 0.344613581895828 0.336856991052628 0.360580563545227 0.384480476379395 0.360458970069885 0.336835294961929 0.34941840171814 0.348996311426163 0.33171746134758 0.3567233979702 0.36504602432251 0.34402471780777 -3.4e+38 -3.4e+38 -3.4e+38 -3.4e+38
0.461359679698944 0.471695512533188 0.462112128734589 0.447374880313873 0.439301282167435 0.429787993431091 0.423170477151871 0.410994440317154 0.383367598056793 0.341116547584534 0.313383609056473 0.305727124214172 0.289935290813446 0.291369169950485 0.314244478940964 0.333639860153198 0.355488747358322 0.370371133089066 0.360102415084839 0.358180433511734 0.373485624790192 0.375114262104034 0.351123481988907 0.356710314750671 0.372731328010559 0.372159481048584 0.362514913082123 0.370737105607986 0.36967059969902 0.363085687160492 0.350030124187469 0.349632054567337 0.349730670452118 0.35437685251236 0.348882347345352 0.339720278978348 0.358486771583557 0.376955330371857 0.367712110280991 0.353654444217682 0.343955993652344 -3.4e+38 -3.4e+38 -3.4e+38 -3.4e+38 -3.4e+38 -3.4e+38 -3.4e+38 -3.4e+38
0.436270922422409 0.434285640716553 0.430045187473297 0.427891105413437 0.429589182138443 0.43069851398468 0.431181222200394 0.42769330739975 0.413357108831406 0.385978907346725 0.363205999135971 0.350181400775909 0.335907727479935 0.337942868471146 0.362758725881577 0.382992833852768 0.365869671106339 0.368493944406509 0.377923458814621 0.389917463064194 0.401350647211075 0.395052164793015 0.377495646476746 0.379176139831543 0.407762616872787 0.404241025447845 0.392043143510818 0.401629209518433 0.39079961180687 0.372623592615128 0.365914136171341 0.370938539505005 0.376011043787003 0.373399913311005 0.370973765850067 -3.4e+38 -3.4e+38 -3.4e+38 -3.4e+38 -3.4e+38 -3.4e+38 -3.4e+38 -3.4e+38 -3.4e+38 -3.4e+38 -3.4e+38 -3.4e+38 -3.4e+38 -3.4e+38
