data/1_raw/EC_data/jns_spr_ec.asc
NCOLS 87 
NROWS 65 
XLLCORNER 516761.99307873 
YLLCORNER 5168986.1996128 
CELLSIZE 10 
NODATA_value -9999 
[rows 24 to 47 of 65, columns 0 to 53 of 87]
-9999 -9999 -9999 -9999 -9999 -9999 -9999 -9999 -9999 27.3973483018689 25.2172389003241 26.2977083820995 27.1569688088725 27.1846414229592 25.7536924492812 25.3564512514448 23.9369701769072 24.3390223309876 26.8858114740283 27.1588923067299 30.9401830235333 32.218048781217 30.8392046858445 36.551672117714 39.4090920008616 36.6790199192772 41.5969406090461 44.6783150634743 46.8789542988992 49.5923475867559 55.4126486213754 60.1682000950812 54.1642673567362 53.1420644467147 54.2721300978909 50.0607593221209 50.9630169267053 49.9043826176265 55.2085703945837 63.3283354409876 71.2554681151379 70.0300380408433 69.1508224660382 66.3120115760166 69.7477814219542 70.0054796468126 71.7823484444536 67.4048079868982 67.8700049469126 69.981142981931 67.4128448498679 66.0124629907593 64.4118161029267 60.943520222597
-9999 -9999 -9999 -9999 -9999 -9999 -9999 -9999 -9999 27.2954728257105 27.1434639016057 27.451274610943 27.6347516910881 27.2816632010972 25.9690491212197 23.8620930609644 21.7359161562417 19.1119638757375 18.3041571275425 21.6690870738266 26.1962614053468 28.5336309406835 30.4114002643987 35.3507869291028 35.3916886650834 39.8778484329649 40.5051186487409 40.8314907922217 44.2409681087083 47.7551093910674 51.5162990605022 52.615222587804 50.279010784576 49.4999448754122 49.4866571395346 48.1564022204356 43.8550440630133 49.5774339042599 54.1746904627543 60.6651635249798 65.8542041673783 66.6602563925829 68.1154942327924 70.3466341354523 67.0985213308645 65.2263463926638 59.4874464029214 58.3095990077703 58.6564688055117 63.670765441012 58.8832291928538 60.6900211923665 59.8577420578089 60.304469417081
-9999 -9999 -9999 -9999 -9999 -9999 -9999 -9999 -9999 31.2467299376294 32.0160559153914 32.1481153670946 31.8765757121568 30.9688713164532 29.7446165935541 27.8021186635484 25.5330744314935 23.3079052381342 21.5323659987627 20.8375537880661 25.1909909022365 28.4719854151849 32.3588764706225 32.6041133396069 39.0078155072092 40.7768278402376 39.0407846469389 41.0101390200493 41.5401960256408 43.8538650481517 42.8416007736392 38.5112702901843 38.5700197248645 42.5108112682597 43.6032123480941 42.9310419263647 43.7902261964666 44.5562612139424 49.4690870459619 54.4908321894683 58.3974166344683 59.9853571236861 60.6299882781476 60.4502799505446 59.1686605944798 56.7081577614879 55.3976958864379 53.9055108240021 54.0721884488433 51.4616283961143 54.0672546427495 53.2053843416293 56.4852624659322 54.1943534970401
-9999 -9999 -9999 -9999 -9999 -9999 -9999 -9999 -9999 31.9090302831925 33.0048017199427 32.2012754695969 32.378994271101 31.5490039652985 30.4937174021857 28.9806968003704 26.4475022454643 25.1093950327249 23.9910923242796 24.4823669914522 23.9140678398946 28.1092606310281 28.4050866431872 34.3925987663896 34.1838511964978 39.4801015853744 41.6650779764308 35.3254196419125 34.0025924463201 34.338904635047 32.9488409175357 34.3016265390291 36.9275245743454 34.0160789785553 32.9102789560312 35.2438994764257 35.192823256053 34.283149633867 38.3711442734413 42.0633611694709 44.2901044463921 45.866785871962 45.681255548737 44.2016970445652 44.3340185769851 44.135329771689 44.3722219897759 43.2599311194224 42.873397895109 46.3365809831525 47.8689909295254 47.7296074176336 41.3855083932498 39.4928665107727
-9999 -9999 -9999 -9999 -9999 -9999 -9999 -9999 -9999 32.6946106273947 31.9657146994953 35.4408042245077 35.3457623678862 34.8004132325761 33.9020792578025 32.5985297346324 30.7440156887971 25.558649755546 24.1004388347311 25.2398607505224 25.0198238613662 23.6892727775639 26.4966955005311 32.3304356258928 31.9513861367752 35.8162854235505 35.7633046142159 37.6948470740145 36.1928471578682 34.893893306182 32.4342209904984 31.6396401936385 33.0131519267701 33.1794032134317 32.1448642783229 33.1442439931839 32.902225437425 32.356238552205 33.7807102648722 35.2752686091717 35.6099542941815 36.0817942685103 35.4396460161336 34.1814810104206 33.7176794274087 33.8397687335136 34.0778522151385 33.9999903315611 35.3904092576354 35.9014532349144 37.9280414737713 37.8905818579911 39.2094378423376 38.3705678996751
-9999 -9999 -9999 -9999 -9999 -9999 -9999 -9999 -9999 31.2318881497338 35.3236314418636 31.8484860272047 31.2791128120981 31.4809970080764 29.9067614034161 28.7586965266392 28.538796702747 28.5905194151897 27.5290970789825 23.3974996594229 24.9469837628769 26.5488982114499 28.4050089613866 29.99758012928 32.5252307472863 34.1004249560208 34.88066092418 32.3098079737131 31.5251532472598 32.5703928111495 37.8578365968582 34.6702960770575 34.5218735789369 35.1486855565354 35.8094066287193 37.4275486516159 36.2619446104412 35.8539401970747 34.9595445436211 34.4036550718254 31.9971092742391 31.451406337256 30.5840240077034 29.1400401634366 28.2660879839751 27.3169816690613 27.420260685143 28.2154404880001 28.8049020496444 29.4814485739103 30.9682476285659 33.0459603074805 32.9652124574595 34.0272946360787
-9999 -9999 -9999 -9999 -9999 -9999 -9999 -9999 -9999 34.6061123251291 32.7892222779546 30.629606025916 30.3357236171339 30.1433842656919 32.8637865530519 31.4663486965863 27.7059863386123 25.8748394094583 23.8091207023844 25.9463204147622 25.4463989223981 24.424336938407 26.6690510742069 31.5995847918493 34.9676398000852 35.8207016812823 34.7618879307111 32.057252114254 29.1979852370815 33.1110758174424 35.425827072621 39.0926304221562 38.0284232136107 39.8974672123618 41.5647207253844 41.8477969619309 46.6003727224065 43.6452377254428 42.4542813296641 34.7781097180638 31.5656854706263 29.9720798341311 28.2508534564799 26.1292399896088 25.6241121775778 24.0012792157901 23.304251898389 24.0704276686676 24.4614132257619 24.8263590272539 27.4446103274826 29.2807707016546 30.3477022329259 33.5029316131137
-9999 -9999 -9999 -9999 -9999 -9999 -9999 -9999 -9999 32.4370339824042 32.649035199521 34.3908111391432 32.8611143326592 31.7808327522033 29.2507129222048 29.6837780548016 28.7313012720528 26.5041727967963 25.3060576292613 26.2904960933386 28.8452852445464 28.3915424501793 31.5348598585507 34.5479492592197 37.4246612722957 38.5990358066132 38.1826810983322 37.1605084840121 36.2190344540137 36.9980801303085 41.8522052017838 40.1366947578718 42.7283955900236 46.0162147486367 47.876928093329 51.4667566536416 48.2431029920616 49.9030798437057 40.8584455291448 37.4645534744456 35.1130758696007 33.4994941569067 32.2518031832038 31.4770133848551 28.5770583403707 26.4316328331252 25.1496267742538 24.736852041186 26.1869007649186 26.9856466264721 28.9157580401306 31.695486888426 34.421768871149 34.177278160647
-9999 -9999 -9999 -9999 -9999 -9999 -9999 -9999 -9999 37.2551830532012 37.0664673050428 31.0689548682516 28.4131892044885 26.6479918231741 28.3322768371228 30.142098712881 29.8920769709343 28.9477739041636 28.6828059504464 29.8436655646347 27.987152436987 34.3726092584438 34.5131643946872 36.7223841335863 39.9804554830538 41.7722515673316 42.1864665042011 44.0980514925571 44.5279988455704 44.2062518657353 46.0607549003322 44.007366941594 48.0334159230293 53.5520118334997 56.1579636344087 55.5476641354742 49.2971827371691 39.5755169076951 38.3614411982056 35.554852542286 34.4523191849713 33.9175604459308 35.2258327637854 35.071395691015 34.7736629315061 29.4280390626827 27.7997856899027 28.3171474340213 25.7145360157241 27.7944734750153 28.926531420722 31.6847926700189 36.7751185263473 36.9058127933331
-9999 -9999 -9999 -9999 -9999 -9999 -9999 -9999 -9999 35.2324449747802 34.4290258024958 34.3589439548126 30.9913602603682 28.47902853302 26.7921407038735 31.5363404506813 32.5038344135707 31.6097641635042 31.7083014436026 31.7214125555662 28.875903584514 31.7941358334241 39.0613996074156 41.8395149497217 40.6295273576608 42.6029324815053 48.9519636281918 52.3070095460909 54.1914889170394 50.1315454124982 47.2458568929256 48.3323483215628 53.3761899866565 58.3171585294122 66.5927630519915 56.5632541153117 45.3698816356977 34.45011386796 34.5699124327031 34.5588637928431 32.7011486092954 39.7309439843873 41.7997974142631 43.2726860247415 35.537773716207 30.5315444160307 30.1582553048757 30.6638403057139 33.1512751396477 31.8450364378414 32.778450249692 35.5736860865775 37.3096136082485 38.5698790366581
-9999 -9999 -9999 -9999 -9999 -9999 -9999 -9999 -9999 36.9262969407991 36.4947323120739 31.5818542578678 28.551982864105 28.6869655284684 33.5370911298423 31.3892991514503 33.4322181949938 33.8665863281924 32.9553602754929 32.2387125570974 29.4683098629289 30.9929899425515 34.6968932969668 38.7615205158753 44.6311338980609 47.3906876582736 46.8259736173263 48.3409253463415 51.3051180800915 50.3982816524767 47.9414774180581 49.3874602398418 53.2319330579887 60.5028216464527 61.857624566485 54.7762723681178 46.8142447132641 36.3694855145012 36.39030601926 34.3061658011249 38.3977938607257 38.958373587153 44.3162143472078 45.5634996757175 41.8036246881886 36.7559689801562 32.4439614872962 31.4581484807589 32.1252588793029 30.1991185582798 32.1638273726761 34.3976954400128 37.0190136454427 36.6942471168597
-9999 -9999 -9999 -9999 -9999 -9999 -9999 -9999 -9999 35.246640758717 35.3287861462826 33.5906486114985 33.354066392966 31.0846115015922 33.963000964914 34.9057897784758 36.4373822171656 32.8919381159322 32.5773968093884 29.2558074182131 32.0661679350907 32.9350747439503 36.9925230597847 41.7756318849438 45.8095265888238 49.3067926298099 48.9733344994185 47.5821935315322 46.7435301950751 47.4261112064865 48.0200996709276 50.5688303207051 52.402022455879 51.9181950961101 53.0528131170827 51.4153162275171 48.1978690475255 43.7721189341333 36.9746066758178 37.340412911615 37.0130678811417 42.0128721477479 46.7273440312819 49.3119695234826 45.0632004516439 40.606303342069 37.8730322462084 35.9801732029591 31.0781461694127 31.3466529093609 28.9463345438918 31.4797284316681 33.3726278304038 35.2178711614693
-9999 -9999 -9999 -9999 -9999 -9999 -9999 -9999 -9999 33.7967951325281 33.859867887425 32.3983421840709 32.1543105483736 38.8824145230166 35.8797046995927 34.0835778841696 34.3345072055574 34.6757020911562 31.5460068003951 34.1886445239346 31.0434533918155 32.6113760740163 31.2691306768306 37.4840328246375 46.9237592428081 51.2366588862556 46.615251821994 42.5952882338321 40.0194591842194 41.7905362626576 44.8332655199176 42.0705047266618 44.0958602599843 46.5931707308016 45.595245866927 47.9682192745747 48.81914919785 46.7323986064998 43.446015857296 36.26004949346 33.8263419624031 40.756738361781 49.0255331854598 49.7918203594715 47.3276766819502 42.0160696595838 35.6437031664877 33.5826479257986 32.8372083616835 29.9992299700711 30.1650606059127 29.3379077347825 31.2784283489362 30.0827866628742
-9999 -9999 -9999 -9999 -9999 -9999 -9999 -9999 -9999 33.7922263319988 33.2124719920507 33.810293856948 34.5494888152791 37.7819760566788 34.9495719662416 31.4673587555362 33.6180146166284 32.9701787713744 34.3440543131003 31.6699066441818 34.0000897040254 32.4827579405673 35.9798719087076 40.4716791532199 42.9222251896314 45.1951735970947 46.5165283220003 41.1591798813211 35.8948519496121 36.3800898268124 39.0624035325919 42.3405258042515 41.4622208271042 43.2197087598525 43.3270363913306 44.5767928033275 45.9443690131999 42.6271315243694 40.0518085290034 35.1784234134076 35.1045137493775 41.9130926503963 45.7438785023823 47.7934471482326 48.4783794988232 41.8746101374913 36.7901621669087 33.8892037185527 31.0923461850391 28.927132301238 29.1894158100144 28.9125176287282 30.7252056243223 31.1088051490133
-9999 -9999 -9999 -9999 -9999 -9999 -9999 -9999 -9999 31.0473597304369 31.1790195393868 33.6887377963109 33.9691968243147 34.1618833614422 29.2959372216498 31.7240053911498 34.0256246076486 31.5322497014182 31.8939466219964 33.4914991720531 34.5820614913773 33.7289276790344 34.639198944455 37.1220177482562 40.0032275139627 41.2566418739304 38.7109579395781 38.935743868693 35.2473402186357 34.574765026084 35.5709510049083 38.2052577503517 39.3650011339137 43.766645442717 44.5631755280014 45.6143943110733 41.561586108345 41.5631429313891 35.7844367842049 32.6493770099671 33.1506977385823 37.4783284584547 46.9868293447811 46.8973930232134 45.9832393940921 38.5736167355771 33.6560961868055 30.7960350541284 29.2866761008798 28.67547123352 27.8099931007099 29.5080755645413 30.2463641133335 31.256367297007
-9999 -9999 -9999 -9999 -9999 -9999 -9999 -9999 -9999 34.0781341090025 33.280960723261 31.8558094373481 33.4090276520146 24.3899863510631 27.7523858248081 31.5507029888709 33.0638580765486 34.8352591112868 30.3909500047176 29.8631603085254 28.9343703418126 31.99936243489 32.2565953811352 34.6874494530746 34.5353080681531 35.5853826602839 35.7785421963552 33.1323754954728 32.5892274025369 30.7397886577769 30.1175774024872 33.193098132643 39.9805035030803 41.904275266001 45.1737826665145 41.2857197622164 42.674060109678 40.2955588093082 36.2767529110088 33.656617905174 35.4755055598809 40.4717915732315 44.2370720841877 44.7522822261121 43.5413258033126 36.6957432166265 31.8939648893056 30.387380949584 30.0668224622668 31.0926996850652 28.2720057650065 27.482063527176 28.4257023043947 29.4563513101235
-9999 -9999 -9999 -9999 -9999 -9999 -9999 -9999 -9999 30.1230925530686 36.4214924032413 30.0228372617383 28.1980376868886 29.3047065252679 28.7688568654498 32.3649044083854 34.4826978036203 32.6610311119964 28.4743197450934 28.572507971321 31.0387106423038 30.4909425920381 31.0790799616974 27.9908358396137 31.5632226597692 31.8490372830077 32.3076736570933 32.4069509664629 30.8343062414657 28.7285208761246 28.452737517219 26.6378750899263 31.3727678711745 39.0891499669905 42.701441883206 45.4138387027366 45.2809714019044 44.2077430490744 41.0212945102687 34.9089763238699 36.3133036722022 39.1996862325975 39.2744147798718 40.6221308381613 41.2674526519758 35.4207332988084 31.8143987858173 29.9263259711942 29.3285725222067 29.5363390069082 27.9735169469185 27.9344352969634 29.3739092549231 29.7774478456281
-9999 -9999 -9999 -9999 -9999 -9999 -9999 -9999 -9999 28.1136571835041 33.2241520019033 31.7147656140212 28.5507551572287 25.2032994490338 32.250193701696 35.1674858676937 33.7453332203074 33.2947917360055 33.0499218753942 29.5793314954248 26.2924230811767 29.5293413882132 29.7874898892933 32.1759897238739 28.481558108506 29.8244866408876 29.7824916776558 30.1793221128314 29.2225701290863 28.4727263915313 27.8546897704917 31.4975409078942 35.1630357085101 38.5884098657751 41.002984464744 42.9208754482525 45.3458710664313 41.6170132367453 39.6702445714885 39.600949598768 36.4119000790607 34.0194141545566 35.0352963187115 40.5973675146778 36.8999444061364 34.0800611404852 32.1428274183316 29.6361384151835 28.3281114913291 28.184434531591 27.3187292971271 27.6051885432404 29.132929828294 29.4609296625022
-9999 -9999 -9999 -9999 -9999 -9999 -9999 -9999 28.625031162389 32.290183447339 31.5915369483401 27.9236715604742 28.879076594796 28.731705020316 28.7107369639996 28.4900376342433 34.5260442943105 31.1283175779477 30.713417495352 28.0425589871039 30.891927567572 28.6288783998854 28.8202322737355 27.1278372408139 29.6989717857992 27.008290812207 28.6469143470159 28.2704105117049 28.1958693834056 27.9220535386056 30.6225961182477 32.0289044584314 34.2053752782912 35.6427611114189 36.0139380935823 40.133548291882 39.4316478392526 45.8720325338397 41.4515217254655 39.8514803511072 38.8614662032472 37.0501798848082 38.5608396811273 38.1290337701902 36.5427380998965 35.7362709907607 30.8427141096458 29.4863451697048 28.2604659916025 28.5713542717711 27.9654872018103 27.5436145598768 28.1363498083964 28.7040779257317
-9999 -9999 -9999 -9999 -9999 -9999 -9999 -9999 -9999 27.9382154193194 31.3215289813699 33.9092512077479 30.250503417639 30.158677948822 29.2130326223515 32.1584827857817 29.444524392103 31.837869100929 28.1658136650847 27.4592197293915 28.8194951915364 27.848451837501 26.3735177638673 29.5692997787688 27.1659203083433 26.5751668196543 27.944915121025 30.5197600455312 31.6665691769643 30.4031193613783 31.643459142113 32.7168552061209 33.5899601801475 35.3484273496976 34.9195457578018 34.3611458760189 38.2983025760706 35.5848530126624 35.78327496638 35.4668784141169 37.8839870231978 40.8809107387506 37.6923334691504 35.9813274393551 36.266682471478 32.0648737536216 31.0360318217234 30.2212522400626 29.2251843374319 31.0611476811022 28.9622725320387 29.6107196191934 28.9023711816013 28.6504317953121
-9999 -9999 -9999 -9999 -9999 -9999 -9999 -9999 -9999 31.3905658830133 30.9622573735741 31.2764531565005 33.3545911018294 31.6039936799199 32.3596154622595 29.7099632459492 32.1650392438586 29.6316783289483 28.9967676639601 31.9234351877808 28.2393294211024 27.4166850274103 28.8679011031698 26.4229329863969 26.9656107580976 30.3035481470795 31.488505220556 31.3813657792682 28.8860322319954 31.846987171169 32.8552112039098 33.8096133298922 33.9898860299783 32.551256286436 32.1736960518937 32.3980818935743 30.1894001066387 31.3521425977855 31.4516651480602 32.0028203025961 32.4950909325326 33.3223228645198 36.0441780649077 36.0017891971972 33.2261563274459 32.6039108267586 32.2986049624175 31.6749718934221 31.5772642306718 29.115319973003 32.403391240829 27.809878637959 30.5234884693426 28.6673538238373
-9999 -9999 -9999 -9999 -9999 -9999 -9999 -9999 -9999 -9999 32.5817110411597 30.9293602475502 30.0937466319967 31.1648664088652 29.3418682410582 29.0463370915471 30.2450108717297 31.0074393720857 32.6975046527069 28.8079858075957 28.0753226956498 26.558594460155 27.088853483201 26.5737913629962 27.5455371577844 28.798364542243 29.0350950286765 29.8729497988368 28.921404399087 26.9497389385555 27.3059658074967 28.7264209555402 27.1086307758414 27.8033108304224 30.0415664864492 29.1915977650095 29.8389484383257 -9999 -9999 -9999 30.8669213720164 31.117800579812 31.3388643004335 31.5713015382972 30.872729351844 30.5675113259312 30.0618899155226 29.617112918485 30.118203674886 33.7943003523657 30.8281485664655 33.0005622726234 30.7697896368396 26.4575222325183
-9999 -9999 -9999 -9999 -9999 -9999 -9999 -9999 -9999 -9999 -9999 32.1423979990913 30.8584905500052 31.3962597076596 33.5236093470246 33.5327263628385 29.8140938484048 28.7364314277326 28.4432843752623 24.9098812929878 24.1993762840368 27.4471575722269 24.3855900021215 24.2105966995521 25.1228724657909 26.072354664432 26.354029702251 24.2858960812701 23.88419441547 24.3867220498361 -9999 -9999 27.9189282046588 -9999 -9999 -9999 -9999 -9999 -9999 -9999 -9999 -9999 -9999 -9999 -9999 -9999 -9999 -9999 31.0773950965324 31.8350193803979 35.155716147195 33.9740808519256 30.3314691550833 29.8668112845134
-9999 -9999 -9999 -9999 -9999 -9999 -9999 -9999 -9999 -9999 -9999 -9999 32.2648588766585 31.0266986097205 28.791372000934 28.6835802625463 29.9845295624518 27.9040805534835 23.5746946924594 26.1963971882449 24.8787894932549 -9999 -9999 -9999 -9999 -9999 -9999 -9999 -9999 -9999 -9999 -9999 -9999 -9999 -9999 -9999 -9999 -9999 -9999 -9999 -9999 -9999 -9999 -9999 -9999 -9999 -9999 -9999 32.5007178082067 32.4677721213568 36.3808158303652 32.5085405905567 33.5476861817034 31.6970600972174
