data/1_raw/trimmed_ndre/Aes_ndre.78.2013_no_clouds.asc
NCOLS 109 
NROWS 101 
XLLCORNER 466110 
YLLCORNER 5182005 
CELLSIZE 5 
NODATA_value -3.4e+38 
[rows 20 to 39 of 101, columns 45 to 89 of 109]
-3.4e+38 -3.4e+38 -3.4e+38 -3.4e+38 -3.4e+38 -3.4e+38 -3.4e+38 -3.4e+38 0.467569917440414 0.428848147392273 0.425927758216858 0.448454320430756 0.493773430585861 0.545020282268524 0.5848348736763 0.575673818588257 0.558530271053314 0.530183613300323 0.502831757068634 0.455753654241562 0.430302888154984 0.40958845615387 0.414538204669952 0.41166827082634 0.45220685005188 0.506815552711487 0.545652747154236 0.541930019855499 0.523865044116974 0.500001072883606 0.489246964454651 0.472922325134277 0.463279962539673 0.464607417583466 0.47567093372345 0.490904003381729 0.494211912155151 0.48849880695343 0.472619295120239 0.446524232625961 0.398082673549652 0.360638022422791 -3.4e+38 -3.4e+38 -3.4e+38
-3.4e+38 -3.4e+38 -3.4e+38 -3.4e+38 -3.4e+38 -3.4e+38 -3.4e+38 0.471279561519623 0.436739802360535 0.430302113294601 0.464596837759018 0.513770163059235 0.557203054428101 0.577008545398712 0.567803263664246 0.536388695240021 0.508493840694427 0.483698397874832 0.480795532464981 0.437285840511322 0.400679379701614 0.379607021808624 0.371493846178055 0.37082627415657 0.404498010873795 0.469752252101898 0.516388177871704 0.543195724487305 0.535248994827271 0.516638159751892 0.495782554149628 0.483304798603058 0.482945144176483 0.488870412111282 0.487272530794144 0.489380776882172 0.487249672412872 0.478037118911743 0.439487218856812 0.404251337051392 0.361357152462006 0.335091143846512 0.318938046693802 -3.4e+38 -3.4e+38
-3.4e+38 -3.4e+38 -3.4e+38 -3.4e+38 -3.4e+38 0.483952611684799 0.465386688709259 0.459530383348465 0.469938099384308 0.474944114685059 0.517451107501984 0.556327939033508 0.575239419937134 0.556921422481537 0.529420614242554 0.494724094867706 0.47469574213028 0.450060367584229 0.449999868869781 0.422576040029526 0.38256111741066 0.360919296741486 0.337790369987488 0.344465374946594 0.373403429985046 0.444984465837479 0.491928219795227 0.532435655593872 0.537473797798157 0.528250992298126 0.51437520980835 0.506797969341278 0.51116532087326 0.514634013175964 0.503147542476654 0.493272662162781 0.479902565479279 0.469656050205231 0.41280934214592 0.355198353528976 0.319892287254333 0.320736110210419 0.336542159318924 -3.4e+38 -3.4e+38
-3.4e+38 -3.4e+38 0.546734750270844 0.508293330669403 0.476155191659927 0.43967792391777 0.445603102445602 0.480499178171158 0.514634907245636 0.526215136051178 0.544384717941284 0.552339434623718 0.541155755519867 0.509888589382172 0.491169720888138 0.462029129266739 0.460151731967926 0.435024291276932 0.415674179792404 0.405557513237 0.387972682714462 0.377224445343018 0.349687665700912 0.34737440943718 0.357073754072189 0.421323716640472 0.478613436222076 0.524675071239471 0.539592742919922 0.52835339307785 0.526382446289062 0.53059709072113 0.53146493434906 0.52753221988678 0.514182686805725 0.505770564079285 0.47922158241272 0.457493513822556 0.385159611701965 0.322279155254364 0.298713833093643 0.319248706102371 0.350139558315277 0.328011214733124 -3.4e+38
0.552962601184845 0.506699025630951 0.481041550636292 0.4500612616539 0.454140096902847 0.452157944440842 0.47387370467186 0.512349545955658 0.547384440898895 0.541335225105286 0.532293200492859 0.518659353256226 0.498547792434692 0.470807701349258 0.464939147233963 0.453871965408325 0.44809228181839 0.42557230591774 0.401482254266739 0.398755043745041 0.401738852262497 0.397613674402237 0.366294533014297 0.360388219356537 0.379554837942123 0.43085178732872 0.4932941198349 0.531331717967987 0.552014887332916 0.538901269435883 0.540505290031433 0.545563578605652 0.544506132602692 0.539672911167145 0.525262415409088 0.519250750541687 0.475390464067459 0.420969545841217 0.356919020414352 0.288743048906326 0.277843475341797 0.30795818567276 0.352410793304443 0.34375324845314 -3.4e+38
0.494395554065704 0.442271739244461 0.421330153942108 0.436080425977707 0.477383255958557 0.488642603158951 0.513569593429565 0.530701041221619 0.530482590198517 0.499988406896591 0.477921366691589 0.455779194831848 0.448260903358459 0.44180628657341 0.450982630252838 0.448857128620148 0.436710268259048 0.41596594452858 0.391915112733841 0.391983509063721 0.399049550294876 0.398683696985245 0.380744248628616 0.393941253423691 0.431607216596603 0.469719290733337 0.517251372337341 0.54076224565506 0.565392434597015 0.563312113285065 0.556623816490173 0.55588960647583 0.556446015834808 0.562205195426941 0.545867204666138 0.519222259521484 0.456505507230759 0.380253463983536 0.32446950674057 0.280963659286499 0.289163529872894 0.313356399536133 0.354396194219589 0.361702352762222 0.37480416893959
0.429288357496262 0.401445895433426 0.41522490978241 0.453570574522018 0.510610282421112 0.528492033481598 0.533570051193237 0.513193666934967 0.497774720191956 0.466132670640945 0.436728179454803 0.405107617378235 0.408586382865906 0.421997278928757 0.437122881412506 0.43812695145607 0.42747101187706 0.415746510028839 0.393006086349487 0.39826911687851 0.418017119169235 0.428728640079498 0.42522069811821 0.442428141832352 0.481546431779861 0.503536462783813 0.537847995758057 0.558746218681335 0.57263308763504 0.572115540504456 0.561748802661896 0.565759301185608 0.573568940162659 0.579837918281555 0.555763363838196 0.494219571352005 0.424787193536758 0.343951910734177 0.327806651592255 0.338766485452652 0.352752536535263 0.354842275381088 0.384483307600021 0.416763752698898 0.435859709978104
0.394979655742645 0.399853467941284 0.438613444566727 0.480746328830719 0.525887906551361 0.531426072120667 0.519985973834991 0.475566148757935 0.458369731903076 0.422678679227829 0.406631231307983 0.384860098361969 0.393582880496979 0.415325552225113 0.430829554796219 0.428493291139603 0.427582710981369 0.427069127559662 0.419468432664871 0.426320165395737 0.447635412216187 0.473975032567978 0.486048370599747 0.491478204727173 0.520251154899597 0.543552875518799 0.560475707054138 0.5670565366745 0.568054378032684 0.562421262264252 0.55992990732193 0.573363304138184 0.58351194858551 0.573870599269867 0.540015637874603 0.469757825136185 0.423051208257675 0.374715685844421 0.386790871620178 0.419289976358414 0.42849937081337 0.418693274259567 0.438636392354965 0.475813090801239 0.481091529130936
0.407026380300522 0.413586139678955 0.450784802436829 0.482700079679489 0.505015432834625 0.492914170026779 0.477669447660446 0.431930363178253 0.405466020107269 0.379259318113327 0.376877069473267 0.379587978124619 0.39192458987236 0.40809640288353 0.423753589391708 0.426625519990921 0.427399069070816 0.435292333364487 0.442998021841049 0.465611785650253 0.489038854837418 0.508603394031525 0.532679498195648 0.539129972457886 0.557294249534607 0.572313964366913 0.574879884719849 0.574994742870331 0.570599555969238 0.55944299697876 0.56266987323761 0.579248905181885 0.586938321590424 0.564042031764984 0.531047105789185 0.475068062543869 0.450633943080902 0.437435150146484 0.448143184185028 0.473531067371368 0.493742674589157 0.500680327415466 0.502375066280365 0.511541903018951 0.493849575519562
0.440012365579605 0.448627352714539 0.462987661361694 0.467291474342346 0.467594772577286 0.447270095348358 0.422359645366669 0.39248976111412 0.373799920082092 0.357796728610992 0.362919598817825 0.37670710682869 0.394505143165588 0.41071543097496 0.417149782180786 0.437452673912048 0.448350518941879 0.466748714447021 0.480538874864578 0.511022806167603 0.537792325019836 0.5415158867836 0.5617436170578 0.576256155967712 0.585297644138336 0.585409939289093 0.57914811372757 0.570561766624451 0.561283826828003 0.557328820228577 0.567949414253235 0.586057543754578 0.591378033161163 0.57474946975708 0.545976758003235 0.511441767215729 0.490046858787537 0.490855634212494 0.502928555011749 0.524308800697327 0.54365074634552 0.561384558677673 0.554740309715271 0.551127851009369 0.521267592906952
0.45733705163002 0.46082603931427 0.461274415254593 0.448349565267563 0.436905026435852 0.406597703695297 0.380142390727997 0.366822838783264 0.35715389251709 0.343042433261871 0.3508340716362 0.382637798786163 0.407957822084427 0.425124198198318 0.422316044569016 0.45097604393959 0.483337730169296 0.512846887111664 0.529197096824646 0.535829901695251 0.556473016738892 0.56665164232254 0.575418591499329 0.590563476085663 0.598886489868164 0.593614518642426 0.57312136888504 0.558143675327301 0.545992314815521 0.556079924106598 0.573843717575073 0.592202663421631 0.596597373485565 0.59689325094223 0.578432440757751 0.558930695056915 0.535321414470673 0.534915804862976 0.540470004081726 0.550674974918365 0.556270480155945 0.551816523075104 0.553727030754089 0.558448433876038 0.542479038238525
0.468360215425491 0.452839106321335 0.443327069282532 0.422858715057373 0.40275713801384 0.375923365354538 0.353182762861252 0.345889359712601 0.346213042736053 0.349805355072021 0.357273310422897 0.390755116939545 0.418707817792892 0.444751560688019 0.443921744823456 0.479226559400558 0.517761588096619 0.541334092617035 0.556123733520508 0.557225406169891 0.573391318321228 0.584712326526642 0.583755493164062 0.594147324562073 0.597714900970459 0.586646020412445 0.561536133289337 0.551884114742279 0.541364669799805 0.550337851047516 0.567208468914032 0.587418079376221 0.593924105167389 0.599542140960693 0.592903912067413 0.576641499996185 0.550127863883972 0.532055199146271 0.537108302116394 0.53787487745285 0.531062662601471 0.521191716194153 0.519690275192261 0.530516684055328 0.53406423330307
0.479345113039017 0.450848549604416 0.428083032369614 0.402528375387192 0.377050489187241 0.357700020074844 0.336402207612991 0.330278426408768 0.334219306707382 0.357890248298645 0.363287180662155 0.389627605676651 0.412735491991043 0.45428404211998 0.487373918294907 0.515231549739838 0.554877877235413 0.569764077663422 0.575729012489319 0.574433505535126 0.591300785541534 0.600526869297028 0.596030592918396 0.59925651550293 0.591243505477905 0.575902938842773 0.551721274852753 0.53799045085907 0.530414223670959 0.542714416980743 0.563406229019165 0.582701742649078 0.590088307857513 0.589791119098663 0.585911095142365 0.561316549777985 0.532647728919983 0.501446843147278 0.49236673116684 0.494597524404526 0.486787617206573 0.479132324457169 0.473402112722397 0.500352084636688 0.526637732982635
0.47454959154129 0.451090842485428 0.417913675308228 0.398004412651062 0.367761045694351 0.352047771215439 0.338184088468552 0.34115070104599 0.342222809791565 0.361366182565689 0.374016404151917 0.405604809522629 0.443106085062027 0.482589811086655 0.526793956756592 0.54702353477478 0.5682532787323 0.574763178825378 0.583446741104126 0.588599920272827 0.599107563495636 0.607178926467896 0.600245893001556 0.595314025878906 0.582718908786774 0.567463934421539 0.548384606838226 0.53072065114975 0.530757009983063 0.550381064414978 0.576421737670898 0.589548051357269 0.591586649417877 0.578316271305084 0.571270942687988 0.541059613227844 0.504186809062958 0.470628321170807 0.437608629465103 0.436016827821732 0.446259111166 0.453193753957748 0.447270810604095 0.479304403066635 0.518632531166077
0.46101987361908 0.449005991220474 0.422344774007797 0.405655711889267 0.380091637372971 0.367944568395615 0.358264118432999 0.36780858039856 0.369464427232742 0.377581298351288 0.397341042757034 0.442464143037796 0.493719547986984 0.520914316177368 0.557605266571045 0.569765150547028 0.573728978633881 0.578394889831543 0.592256605625153 0.603147804737091 0.605867862701416 0.610467731952667 0.597076058387756 0.579174280166626 0.570283174514771 0.556632518768311 0.546913981437683 0.536578893661499 0.545019805431366 0.564611434936523 0.590053498744965 0.594456970691681 0.588927268981934 0.569043040275574 0.553199350833893 0.515682399272919 0.463470160961151 0.43913346529007 0.38762640953064 0.374671638011932 0.398854047060013 0.428846955299377 0.44048610329628 0.456880122423172 0.498505115509033
0.44582661986351 0.443709641695023 0.428966194391251 0.411340117454529 0.398344576358795 0.390454649925232 0.378427684307098 0.382095992565155 0.399650067090988 0.411676794290543 0.443983018398285 0.486459106206894 0.54240345954895 0.560092091560364 0.575029253959656 0.579165101051331 0.578983783721924 0.58712249994278 0.598289251327515 0.602721989154816 0.597593188285828 0.597680628299713 0.582229614257812 0.56541383266449 0.561902344226837 0.55074816942215 0.546499311923981 0.548714339733124 0.556824564933777 0.569658041000366 0.584961950778961 0.582889497280121 0.576993107795715 0.567976117134094 0.533143281936646 0.487932145595551 0.433699578046799 0.411065608263016 0.370661348104477 0.352682739496231 0.376894414424896 0.397219121456146 0.416684985160828 0.425438970327377 0.468142926692963
0.435660302639008 0.440423727035522 0.440496623516083 0.430887818336487 0.416307032108307 0.40675163269043 0.403070390224457 0.397585541009903 0.422281473875046 0.450031369924545 0.493146955966949 0.52092832326889 0.56072211265564 0.580735445022583 0.577470541000366 0.580052554607391 0.586480498313904 0.598300874233246 0.602805435657501 0.596174895763397 0.582497835159302 0.570736944675446 0.554068326950073 0.540725886821747 0.548882842063904 0.542030572891235 0.547446250915527 0.566589295864105 0.569343090057373 0.56825453042984 0.579357862472534 0.573400497436523 0.56209671497345 0.558254241943359 0.516586482524872 0.461317896842957 0.424766600131989 0.396410703659058 0.367818236351013 0.341433703899384 0.35079237818718 0.364352375268936 0.383994370698929 0.40909868478775 0.44552418589592
0.421019583940506 0.432457596063614 0.443224787712097 0.443402051925659 0.429736316204071 0.421748697757721 0.425778925418854 0.416434675455093 0.448267340660095 0.482893913984299 0.529934823513031 0.551421523094177 0.570152819156647 0.579021036624908 0.571829319000244 0.575508832931519 0.587846338748932 0.597394108772278 0.597576439380646 0.591135025024414 0.577507436275482 0.558030307292938 0.543706834316254 0.536557137966156 0.540613293647766 0.533461213111877 0.540267050266266 0.556907713413239 0.556158065795898 0.55660480260849 0.574980199337006 0.557486593723297 0.539566040039062 0.55439829826355 0.507688045501709 0.440150320529938 0.426305413246155 0.395790904760361 0.362564593553543 0.336186528205872 0.332702368497849 0.347442865371704 0.355867952108383 0.379448235034943 0.406055390834808
0.403389513492584 0.418381035327911 0.429553747177124 0.437184244394302 0.436587065458298 0.439236164093018 0.449880570173264 0.449651688337326 0.48358353972435 0.523422062397003 0.554546117782593 0.572617769241333 0.575161397457123 0.571432054042816 0.564545929431915 0.569729745388031 0.578192114830017 0.584191977977753 0.58903431892395 0.581985056400299 0.57276463508606 0.554286062717438 0.546292364597321 0.546741485595703 0.541801273822784 0.529659628868103 0.531096935272217 0.539863049983978 0.537471294403076 0.543900787830353 0.547078728675842 0.52334463596344 0.52061539888382 0.538786232471466 0.500479400157928 0.425742834806442 0.402626872062683 0.377936989068985 0.359230130910873 0.346836179494858 0.339003711938858 0.345123738050461 0.33940526843071 0.351449251174927 0.376650333404541
0.388294905424118 0.403542816638947 0.415514498949051 0.425472110509872 0.438041776418686 0.447263062000275 0.47675296664238 0.489431440830231 0.520295381546021 0.554483890533447 0.566278517246246 0.58293354511261 0.584596872329712 0.57805722951889 0.567695558071136 0.567560613155365 0.571258246898651 0.574758172035217 0.57653546333313 0.56794399023056 0.559309720993042 0.545531451702118 0.539676904678345 0.546185672283173 0.533337891101837 0.517164826393127 0.517357647418976 0.526656985282898 0.533474624156952 0.537757217884064 0.532475590705872 0.515332281589508 0.526531755924225 0.533880710601807 0.504036784172058 0.439539968967438 0.399260699748993 0.383239150047302 0.369475394487381 0.358787834644318 0.346420884132385 0.337565064430237 0.332773089408875 0.345423132181168 0.367335349321365
