data/1_raw/trimmed_ndre/Aes_ndre.78.2015_no_clouds.asc
NCOLS 109 
NROWS 101 
XLLCORNER 466110 
YLLCORNER 5182005 
CELLSIZE 5 
NODATA_value -3.4e+38 
[rows 40 to 59 of 101, columns 0 to 44 of 109]
-3.4e+38 -3.4e+38 -3.4e+38 -3.4e+38 -3.4e+38 -3.4e+38 -3.4e+38 -3.4e+38 -3.4e+38 -3.4e+38 -3.4e+38 -3.4e+38 0.181321233510971 0.177390918135643 0.179122433066368 0.177885934710503 0.161210402846336 0.164110004901886 0.176192045211792 0.187390506267548 0.196000516414642 0.208416268229485 0.217293724417686 0.217326700687408 0.211238071322441 0.208812773227692 0.210364028811455 0.215825691819191 0.213945135474205 0.212163701653481 0.207337573170662 0.203743904829025 0.204278588294983 0.213531255722046 0.228212475776672 0.234718054533005 0.215176641941071 0.190253362059593 0.169669970870018 0.16130730509758 0.155865252017975 0.158665373921394 0.162754133343697 0.160995632410049 0.150402560830116
-3.4e+38 -3.4e+38 -3.4e+38 -3.4e+38 -3.4e+38 -3.4e+38 -3.4e+38 -3.4e+38 -3.4e+38 -3.4e+38 -3.4e+38 -3.4e+38 0.17741696536541 0.175977602601051 0.1792002171278 0.179012805223465 0.173254862427711 0.178976446390152 0.200170233845711 0.211727887392044 0.207216426730156 0.206067487597466 0.209102556109428 0.211406767368317 0.209046423435211 0.211986884474754 0.217314317822456 0.221597090363503 0.216644689440727 0.209981873631477 0.200220853090286 0.191689655184746 0.195968583226204 0.198927536606789 0.2084029763937 0.219307944178581 0.214896872639656 0.191682294011116 0.166551545262337 0.149661242961884 0.145102977752686 0.148724764585495 0.153160586953163 0.158053174614906 0.16040176153183
-3.4e+38 -3.4e+38 -3.4e+38 -3.4e+38 -3.4e+38 -3.4e+38 -3.4e+38 -3.4e+38 -3.4e+38 -3.4e+38 -3.4e+38 0.167641922831535 0.173060670495033 0.177020594477654 0.176252037286758 0.183574646711349 0.18206575512886 0.176248177886009 0.1983982026577 0.213857606053352 0.213711053133011 0.204201906919479 0.198044583201408 0.201982945203781 0.210370466113091 0.21460285782814 0.214951083064079 0.216345444321632 0.215964913368225 0.211206644773483 0.206184834241867 0.19829885661602 0.192074686288834 0.185673773288727 0.187840089201927 0.202477633953094 0.214156806468964 0.191651344299316 0.163686454296112 0.146422326564789 0.142280146479607 0.144937500357628 0.145769223570824 0.159570083022118 0.174344316124916
-3.4e+38 -3.4e+38 -3.4e+38 -3.4e+38 -3.4e+38 -3.4e+38 -3.4e+38 -3.4e+38 -3.4e+38 -3.4e+38 -3.4e+38 0.176816672086716 0.174813136458397 0.173704266548157 0.166436657309532 0.190429925918579 0.201341450214386 0.199709832668304 0.206103980541229 0.21512633562088 0.219500407576561 0.217982351779938 0.212946265935898 0.217819675803185 0.225498393177986 0.226864948868752 0.214407503604889 0.206784769892693 0.201053962111473 0.196238189935684 0.205711498856544 0.202489629387856 0.193449139595032 0.184546038508415 0.181591793894768 0.199188694357872 0.209561631083488 0.194438695907593 0.168233200907707 0.156223595142365 0.153792262077332 0.153143778443336 0.146975219249725 0.159548595547676 0.174621284008026
-3.4e+38 -3.4e+38 -3.4e+38 -3.4e+38 -3.4e+38 -3.4e+38 -3.4e+38 -3.4e+38 -3.4e+38 -3.4e+38 -3.4e+38 0.177137553691864 0.177011907100677 0.179170235991478 0.184853866696358 0.200964897871017 0.212995335459709 0.215810164809227 0.213463127613068 0.21393808722496 0.208890795707703 0.206653416156769 0.210949718952179 0.228032648563385 0.237504705786705 0.236312031745911 0.221596881747246 0.21067701280117 0.204558178782463 0.202649533748627 0.207332044839859 0.208353906869888 0.20214906334877 0.195033296942711 0.189402654767036 0.195984482765198 0.198942050337791 0.190049052238464 0.17303304374218 0.170122966170311 0.174194499850273 0.169326037168503 0.156335383653641 0.15860889852047 0.168221846222878
-3.4e+38 -3.4e+38 -3.4e+38 -3.4e+38 -3.4e+38 -3.4e+38 -3.4e+38 -3.4e+38 -3.4e+38 -3.4e+38 -3.4e+38 0.159223958849907 0.175583526492119 0.189134046435356 0.199914857745171 0.209168553352356 0.217819914221764 0.214858055114746 0.210600718855858 0.208739012479782 0.20380412042141 0.208070859313011 0.216722995042801 0.230312094092369 0.232893869280815 0.228530570864677 0.21880891919136 0.212359637022018 0.20027120411396 0.200896427035332 0.206078141927719 0.212700128555298 0.207791358232498 0.201903894543648 0.196617603302002 0.19230629503727 0.190127238631248 0.182647705078125 0.173584774136543 0.171267732977867 0.173010662198067 0.166509449481964 0.161322221159935 0.162334099411964 0.164466261863708
-3.4e+38 -3.4e+38 -3.4e+38 -3.4e+38 -3.4e+38 -3.4e+38 -3.4e+38 -3.4e+38 -3.4e+38 -3.4e+38 0.166275531053543 0.166095301508904 0.183073505759239 0.201486796140671 0.208325535058975 0.213144749403 0.216041728854179 0.20172980427742 0.199451878666878 0.203482806682587 0.204559281468391 0.214877068996429 0.220636755228043 0.219012603163719 0.210937276482582 0.218394637107849 0.215295806527138 0.203288331627846 0.18581685423851 0.192850455641747 0.197232261300087 0.196561142802238 0.200543895363808 0.20126573741436 0.195891961455345 0.188857153058052 0.185211554169655 0.179082363843918 0.170694842934608 0.165739342570305 0.167596057057381 0.165107682347298 0.168915018439293 0.172215610742569 0.171153545379639
-3.4e+38 -3.4e+38 -3.4e+38 -3.4e+38 -3.4e+38 -3.4e+38 -3.4e+38 -3.4e+38 -3.4e+38 -3.4e+38 0.173068717122078 0.180490121245384 0.194996148347855 0.206901505589485 0.205072417855263 0.205558031797409 0.205312415957451 0.193385303020477 0.193137347698212 0.20117361843586 0.209256365895271 0.21550740301609 0.213800236582756 0.214055553078651 0.215897276997566 0.223293885588646 0.210130527615547 0.19114126265049 0.176050752401352 0.179815217852592 0.176925405859947 0.182729557156563 0.194700375199318 0.19603830575943 0.191853046417236 0.188372626900673 0.186896920204163 0.179111212491989 0.176455184817314 0.176736250519753 0.176033914089203 0.172466054558754 0.176105797290802 0.175741896033287 0.170091405510902
-3.4e+38 -3.4e+38 -3.4e+38 -3.4e+38 -3.4e+38 -3.4e+38 -3.4e+38 -3.4e+38 -3.4e+38 -3.4e+38 0.170924291014671 0.192148581147194 0.200045451521873 0.196869865059853 0.196361467242241 0.195604175329208 0.193467870354652 0.188080906867981 0.186701446771622 0.200940683484077 0.21690171957016 0.225927233695984 0.223695680499077 0.223080232739449 0.223854467272758 0.223077669739723 0.206713736057281 0.193172231316566 0.184468060731888 0.180545970797539 0.164801612496376 0.175461396574974 0.189079895615578 0.190526604652405 0.192166104912758 0.18794310092926 0.182749256491661 0.179629355669022 0.183861032128334 0.193655669689178 0.192933350801468 0.184070259332657 0.173074096441269 0.16365048289299 0.157247513532639
-3.4e+38 -3.4e+38 -3.4e+38 -3.4e+38 -3.4e+38 -3.4e+38 -3.4e+38 -3.4e+38 -3.4e+38 0.166385233402252 0.170005396008492 0.194182097911835 0.195360466837883 0.194244891405106 0.197587609291077 0.19580489397049 0.193382456898689 0.186923086643219 0.181331783533096 0.193776041269302 0.205906897783279 0.211596116423607 0.211247354745865 0.219283282756805 0.215887054800987 0.211291313171387 0.208806917071342 0.208564043045044 0.203656494617462 0.188556954264641 0.163433685898781 0.172664254903793 0.185668975114822 0.18565845489502 0.175454676151276 0.173999845981598 0.175563544034958 0.177651807665825 0.184772506356239 0.198180750012398 0.192648515105247 0.184792473912239 0.173538252711296 0.157326981425285 0.150788575410843
-3.4e+38 -3.4e+38 -3.4e+38 -3.4e+38 -3.4e+38 -3.4e+38 -3.4e+38 -3.4e+38 -3.4e+38 0.17593789100647 0.185333892703056 0.19743150472641 0.195909723639488 0.195599168539047 0.197400778532028 0.198924794793129 0.203605055809021 0.197212666273117 0.190273880958557 0.195392370223999 0.201850980520248 0.195692583918571 0.191751569509506 0.20287874341011 0.191580474376678 0.194224998354912 0.207056775689125 0.216591626405716 0.216092973947525 0.196979865431786 0.172035038471222 0.16927906870842 0.177249357104301 0.174315020442009 0.168012738227844 0.169349297881126 0.174153134226799 0.173180758953094 0.180964902043343 0.193642914295197 0.186481595039368 0.182080462574959 0.175252944231033 0.163516953587532 0.159312546253204
-3.4e+38 -3.4e+38 -3.4e+38 -3.4e+38 -3.4e+38 -3.4e+38 -3.4e+38 -3.4e+38 -3.4e+38 0.193224981427193 0.203918769955635 0.204836323857307 0.195216625928879 0.190946936607361 0.189235761761665 0.189661666750908 0.196200832724571 0.192075803875923 0.189686715602875 0.194189444184303 0.202557265758514 0.192473888397217 0.195188522338867 0.205481693148613 0.196335703134537 0.193057894706726 0.196590334177017 0.204976260662079 0.211968541145325 0.202377036213875 0.183589354157448 0.171678557991982 0.174642503261566 0.170113652944565 0.171830713748932 0.178064823150635 0.184418618679047 0.181880936026573 0.186313256621361 0.187934264540672 0.180209904909134 0.178152427077293 0.181716710329056 0.178395196795464 0.170335724949837
-3.4e+38 -3.4e+38 -3.4e+38 -3.4e+38 -3.4e+38 -3.4e+38 -3.4e+38 -3.4e+38 -3.4e+38 0.188091799616814 0.202108725905418 0.203221023082733 0.191627517342567 0.183046787977219 0.186189651489258 0.194999575614929 0.204312190413475 0.205668270587921 0.200415372848511 0.2007926851511 0.203088104724884 0.190774366259575 0.186283618211746 0.187974408268929 0.186854720115662 0.180248335003853 0.171649739146233 0.175549313426018 0.191307872533798 0.196044474840164 0.180066347122192 0.171264246106148 0.172772690653801 0.168542593717575 0.178269803524017 0.186139404773712 0.188314974308014 0.184791073203087 0.183311596512794 0.178041204810143 0.1738590747118 0.176882818341255 0.189059257507324 0.185018822550774 0.175056606531143
-3.4e+38 -3.4e+38 -3.4e+38 -3.4e+38 -3.4e+38 -3.4e+38 -3.4e+38 -3.4e+38 0.170230537652969 0.178026035428047 0.189551532268524 0.198161318898201 0.200174689292908 0.196737200021744 0.194229200482368 0.198707923293114 0.213387995958328 0.229044035077095 0.230956196784973 0.232002899050713 0.217704474925995 0.190650686621666 0.174267247319221 0.169690623879433 0.165414914488792 0.157203808426857 0.148093536496162 0.156805828213692 0.172987893223763 0.182506874203682 0.168373391032219 0.167012244462967 0.165707364678383 0.159812793135643 0.173097908496857 0.18278968334198 0.186461210250854 0.183835864067078 0.176829278469086 0.168132454156876 0.166935473680496 0.173334151506424 0.183823123574257 0.181532829999924 0.17016576230526
-3.4e+38 -3.4e+38 -3.4e+38 -3.4e+38 -3.4e+38 -3.4e+38 -3.4e+38 -3.4e+38 0.169546246528625 0.173616364598274 0.18372505903244 0.197371378540993 0.201775118708611 0.199098035693169 0.194614976644516 0.195835113525391 0.21275894343853 0.237389102578163 0.251879245042801 0.25341933965683 0.228354781866074 0.195172995328903 0.17122682929039 0.162166953086853 0.151561826467514 0.142469868063927 0.13802033662796 0.149084255099297 0.160648092627525 0.165580287575722 0.156941697001457 0.156511083245277 0.155779644846916 0.158402994275093 0.168334290385246 0.173307493329048 0.177897796034813 0.180843889713287 0.179955273866653 0.175756588578224 0.175304383039474 0.177461192011833 0.179112464189529 0.175222724676132 0.161476567387581
-3.4e+38 -3.4e+38 -3.4e+38 -3.4e+38 -3.4e+38 -3.4e+38 -3.4e+38 -3.4e+38 0.170896306633949 0.16989366710186 0.174333676695824 0.190522715449333 0.200233936309814 0.19575409591198 0.190210670232773 0.193378984928131 0.199496015906334 0.226686850190163 0.251037448644638 0.253907799720764 0.233368769288063 0.203239515423775 0.178966164588928 0.163981944322586 0.143372997641563 0.131975203752518 0.132920116186142 0.14565771818161 0.150968283414841 0.153058841824532 0.153171524405479 0.157992526888847 0.161570861935616 0.164956763386726 0.16643126308918 0.163082271814346 0.16107565164566 0.167218163609505 0.172850891947746 0.175212383270264 0.177570924162865 0.17794394493103 0.174502730369568 0.169636353850365 0.168144673109055
-3.4e+38 -3.4e+38 -3.4e+38 -3.4e+38 -3.4e+38 -3.4e+38 -3.4e+38 0.167289257049561 0.173868656158447 0.170448824763298 0.178616642951965 0.194625079631805 0.201748102903366 0.193824052810669 0.193056836724281 0.199381947517395 0.199715346097946 0.22259496152401 0.241292893886566 0.244142860174179 0.231654584407806 0.200002416968346 0.174255013465881 0.157338976860046 0.141188412904739 0.132608085870743 0.135251969099045 0.143764823675156 0.14200396835804 0.146996676921844 0.157020583748817 0.166499376296997 0.170299872756004 0.171160817146301 0.170639395713806 0.166239559650421 0.160858631134033 0.168146088719368 0.171272933483124 0.173881322145462 0.175121158361435 0.170333966612816 0.160457536578178 0.160394877195358 0.171972095966339
-3.4e+38 -3.4e+38 -3.4e+38 -3.4e+38 -3.4e+38 -3.4e+38 -3.4e+38 0.165739566087723 0.182619765400887 0.185246646404266 0.199638098478317 0.208509549498558 0.201928749680519 0.196689665317535 0.208518996834755 0.211782991886139 0.206442758440971 0.219132572412491 0.233662933111191 0.23590937256813 0.224421232938766 0.203204184770584 0.178485453128815 0.159711882472038 0.148834556341171 0.145989522337914 0.148269489407539 0.154662072658539 0.159245163202286 0.162466242909431 0.164919793605804 0.168810933828354 0.170351445674896 0.170515984296799 0.172602623701096 0.166485354304314 0.163367673754692 0.174147203564644 0.171709850430489 0.176324382424355 0.178434774279594 0.170653015375137 0.160249635577202 0.163657993078232 0.174346044659615
-3.4e+38 -3.4e+38 -3.4e+38 -3.4e+38 -3.4e+38 -3.4e+38 -3.4e+38 0.17499016225338 0.195491567254066 0.208165496587753 0.218288689851761 0.20882411301136 0.19936591386795 0.207222580909729 0.231536284089088 0.227843016386032 0.216818660497665 0.217755243182182 0.228334665298462 0.227617099881172 0.218254670500755 0.204628422856331 0.187183409929276 0.169477105140686 0.158660367131233 0.153192132711411 0.148267492651939 0.152222514152527 0.165746420621872 0.175398781895638 0.165061056613922 0.159446015954018 0.164929896593094 0.174626231193542 0.171139478683472 0.166334107518196 0.169953435659409 0.177791446447372 0.169587627053261 0.173151224851608 0.173211544752121 0.16767281293869 0.161033689975739 0.1653201431036 0.175155162811279
-3.4e+38 -3.4e+38 -3.4e+38 -3.4e+38 -3.4e+38 -3.4e+38 0.172937497496605 0.189211279153824 0.203710913658142 0.210697546601295 0.209071427583694 0.202663734555244 0.200652062892914 0.215734273195267 0.245943143963814 0.247352376580238 0.240676417946815 0.237113833427429 0.238872736692429 0.232959792017937 0.218756794929504 0.205980017781258 0.194582134485245 0.175286322832108 0.165401592850685 0.159207344055176 0.152918413281441 0.150092616677284 0.165831044316292 0.176401615142822 0.169463902711868 0.170235484838486 0.171205878257751 0.172429263591766 0.168558269739151 0.170715317130089 0.175615295767784 0.175280630588531 0.169829159975052 0.171561643481255 0.16920679807663 0.164524495601654 0.16034808754921 0.161551415920258 0.175293579697609
