data/1_raw/trimmed_ndre/Aes_ndre.73.2009_no_clouds.asc
NCOLS 109 
NROWS 101 
XLLCORNER 466110 
YLLCORNER 5182005 
CELLSIZE 5 
NODATA_value -3.4e+38 
[rows 60 to 79 of 101, columns 45 to 89 of 109]
0.540375590324402 0.562513470649719 0.561819195747375 0.548764646053314 0.541346967220306 0.54479718208313 0.545160889625549 0.53464263677597 0.534977436065674 0.554698467254639 0.554109752178192 0.539289891719818 0.549763977527618 0.550941526889801 0.506028890609741 0.494640618562698 0.524512112140656 0.524820685386658 0.536652386188507 0.556026637554169 0.559978783130646 0.544232070446014 0.516170382499695 0.479675322771072 0.461734861135483 0.450844079256058 0.442779898643494 0.397699177265167 0.33424437046051 0.311367869377136 0.290084362030029 0.275755882263184 0.291484415531158 0.314116716384888 0.33568599820137 0.365079641342163 0.392280668020248 0.422310709953308 0.477601617574692 0.509319126605988 0.503007650375366 0.50254887342453 0.51138836145401 0.518421113491058 0.548061847686768
0.536833345890045 0.534625649452209 0.543199479579926 0.546389222145081 0.537184357643127 0.528679668903351 0.51954847574234 0.517691493034363 0.516445159912109 0.519433379173279 0.510984659194946 0.508687317371368 0.517078816890717 0.535399556159973 0.54148006439209 0.550227642059326 0.553739070892334 0.532420039176941 0.537949204444885 0.568479180335999 0.570476055145264 0.540703058242798 0.527637124061584 0.508152544498444 0.487463772296906 0.471473097801208 0.46218141913414 0.396664947271347 0.316393136978149 0.291896104812622 0.278685837984085 0.282848328351974 0.303259193897247 0.327861040830612 0.338783890008926 0.348920792341232 0.381870657205582 0.417017817497253 0.477663367986679 0.526567995548248 0.519672691822052 0.495457410812378 0.490459144115448 0.513787269592285 0.535575032234192
0.533975303173065 0.521161139011383 0.530905604362488 0.545964062213898 0.537163317203522 0.514259159564972 0.496577054262161 0.480786681175232 0.482511788606644 0.488708823919296 0.482048660516739 0.481198072433472 0.481564700603485 0.497061431407928 0.538636565208435 0.557195663452148 0.568087756633759 0.569019794464111 0.574780642986298 0.581498026847839 0.571384131908417 0.543016850948334 0.546691834926605 0.53587132692337 0.508861243724823 0.48437374830246 0.461039990186691 0.387175321578979 0.313502848148346 0.287097990512848 0.277486056089401 0.295656055212021 0.306322485208511 0.314055353403091 0.329510480165482 0.351452022790909 0.410422474145889 0.460185915231705 0.484187602996826 0.510454893112183 0.509947240352631 0.486369431018829 0.479695618152618 0.512485086917877 0.529752254486084
0.563440442085266 0.535595536231995 0.496444344520569 0.509295880794525 0.516159176826477 0.491591185331345 0.470838367938995 0.466412842273712 0.458141058683395 0.430989056825638 0.421529859304428 0.428386867046356 0.452465713024139 0.485740095376968 0.517065763473511 0.541666090488434 0.565297424793243 0.581822276115417 0.586774826049805 0.572281360626221 0.581442892551422 0.588476002216339 0.582362711429596 0.552743136882782 0.520315170288086 0.480096340179443 0.432269603013992 0.363881647586823 0.326753526926041 0.311130106449127 0.303193777799606 0.320990204811096 0.325517505407333 0.338772982358932 0.37050473690033 0.381848901510239 0.417293816804886 0.469812363386154 0.496194928884506 0.506213009357452 0.511687040328979 0.493140518665314 0.469818443059921 0.514189600944519 0.533968389034271
0.561886548995972 0.530210673809052 0.481884717941284 0.474219590425491 0.473166435956955 0.460964560508728 0.442178785800934 0.422764718532562 0.396141022443771 0.366254389286041 0.352837592363358 0.372081875801086 0.405284970998764 0.444842129945755 0.489099055528641 0.534052491188049 0.552999138832092 0.556535363197327 0.561784982681274 0.563701629638672 0.577146351337433 0.59830516576767 0.582501947879791 0.540806233882904 0.523653507232666 0.468236804008484 0.390722990036011 0.335129231214523 0.324765026569366 0.319408446550369 0.325046062469482 0.34236353635788 0.35175833106041 0.372175335884094 0.40131276845932 0.406432688236237 0.427090883255005 0.479045122861862 0.513240933418274 0.513127028942108 0.524292886257172 0.525677621364594 0.514142692089081 0.534917116165161 0.521837055683136
0.534537017345428 0.519536375999451 0.491458773612976 0.460452079772949 0.430148750543594 0.407616227865219 0.398834884166718 0.368324041366577 0.340793162584305 0.343240171670914 0.332295686006546 0.320658922195435 0.339532941579819 0.376077830791473 0.430974215269089 0.493087291717529 0.528082013130188 0.533007085323334 0.549387574195862 0.556692361831665 0.52713280916214 0.528708457946777 0.547706782817841 0.529811978340149 0.497515738010406 0.446753621101379 0.382009387016296 0.347732216119766 0.344313770532608 0.328084737062454 0.348979562520981 0.368692189455032 0.370642632246017 0.370563715696335 0.37408509850502 0.413336485624313 0.468522310256958 0.500007569789886 0.515819787979126 0.513169348239899 0.520371317863464 0.533647418022156 0.533186674118042 0.522148787975311 0.516854763031006
0.538354754447937 0.527133941650391 0.502711117267609 0.45856237411499 0.398475110530853 0.357753038406372 0.353369683027267 0.341011494398117 0.325404584407806 0.315073728561401 0.304610669612885 0.287800967693329 0.284276038408279 0.313692152500153 0.354494690895081 0.417431235313416 0.474658638238907 0.501244783401489 0.521539568901062 0.540288090705872 0.520963847637177 0.501358926296234 0.53466260433197 0.520894110202789 0.469419151544571 0.445512354373932 0.423892080783844 0.403063952922821 0.388383477926254 0.365345865488052 0.366861015558243 0.388838738203049 0.398495316505432 0.406877994537354 0.39831668138504 0.43840965628624 0.498008400201797 0.503870904445648 0.512174129486084 0.529383718967438 0.546046733856201 0.528507888317108 0.509989798069 0.505504429340363 0.521241188049316
0.568565368652344 0.524557292461395 0.491035908460617 0.45936182141304 0.416787385940552 0.352558851242065 0.31653755903244 0.313855439424515 0.298286914825439 0.278739839792252 0.275755822658539 0.282759159803391 0.276540458202362 0.274572521448135 0.279069274663925 0.321644127368927 0.3799167573452 0.426780730485916 0.452095299959183 0.501578450202942 0.498172760009766 0.472757041454315 0.495254427194595 0.473133951425552 0.43360236287117 0.4219990670681 0.411639124155045 0.376002877950668 0.370092779397964 0.378691464662552 0.352454990148544 0.367157965898514 0.392915636301041 0.422733217477798 0.443668156862259 0.461273223161697 0.489885479211807 0.502158761024475 0.518636643886566 0.526304423809052 0.528211891651154 0.507503628730774 0.50495046377182 0.509018898010254 0.513698697090149
0.579155564308167 0.555533289909363 0.505068182945251 0.475504219532013 0.442699164152145 0.351494967937469 0.284697949886322 0.284987449645996 0.305534899234772 0.295428484678268 0.283603191375732 0.292265981435776 0.263439238071442 0.248220950365067 0.250746458768845 0.26797804236412 0.291725903749466 0.332741677761078 0.355672180652618 0.374113023281097 0.392351627349854 0.396472424268723 0.394377499818802 0.392261385917664 0.382666856050491 0.371070295572281 0.356128454208374 0.31985929608345 0.316167861223221 0.352760642766953 0.354122400283813 0.375507742166519 0.383498668670654 0.42199894785881 0.462939321994781 0.466257631778717 0.486121445894241 0.504383683204651 0.516672432422638 0.507990837097168 0.500994324684143 0.508013010025024 0.512463748455048 0.514722645282745 0.515844225883484
0.563362598419189 0.561505913734436 0.518899142742157 0.483307719230652 0.46262326836586 0.384886145591736 0.320206522941589 0.316163867712021 0.346844911575317 0.335218369960785 0.310891807079315 0.297261744737625 0.250559985637665 0.252889007329941 0.261147618293762 0.252147555351257 0.243106231093407 0.25262662768364 0.256096631288528 0.254635721445084 0.294798016548157 0.352458894252777 0.347278982400894 0.328092783689499 0.311483204364777 0.30474790930748 0.297026634216309 0.285835891962051 0.29610088467598 0.303221553564072 0.325135707855225 0.366744101047516 0.385819524526596 0.427570521831512 0.457490116357803 0.446049064397812 0.469994872808456 0.496954888105392 0.513672292232513 0.521654367446899 0.503421604633331 0.506861805915833 0.518094062805176 0.505205929279327 0.514441311359406
0.535746335983276 0.55109053850174 0.517699778079987 0.501629889011383 0.488833099603653 0.43266099691391 0.379747956991196 0.354243129491806 0.354230403900146 0.366257041692734 0.346362560987473 0.307461768388748 0.26516404747963 0.261718183755875 0.265001446008682 0.244006454944611 0.223353147506714 0.244053423404694 0.241701230406761 0.230718925595284 0.256745040416718 0.316653937101364 0.334508180618286 0.304230004549026 0.281086713075638 0.285246819257736 0.276576459407806 0.274371236562729 0.295303106307983 0.285771995782852 0.314125269651413 0.356773883104324 0.366504818201065 0.410924017429352 0.446189731359482 0.451926469802856 0.47302320599556 0.484271287918091 0.503843724727631 0.514658510684967 0.494116395711899 0.492404639720917 0.49385792016983 0.482088685035706 0.484761923551559
0.552808284759521 0.549702703952789 0.509155750274658 0.509471952915192 0.520916402339935 0.492177963256836 0.424940884113312 0.38633468747139 0.386753499507904 0.391691446304321 0.367454320192337 0.313599675893784 0.272990196943283 0.258137583732605 0.258855193853378 0.250626087188721 0.244595602154732 0.264760106801987 0.256413727998734 0.254943132400513 0.280010908842087 0.312973618507385 0.325639396905899 0.308748364448547 0.302104324102402 0.31212243437767 0.279649704694748 0.278590112924576 0.29891163110733 0.297564059495926 0.343193233013153 0.368223190307617 0.37195760011673 0.404468327760696 0.453925788402557 0.492335587739944 0.513144314289093 0.513784408569336 0.508103311061859 0.49332794547081 0.473740607500076 0.471209496259689 0.465188890695572 0.480012595653534 0.494201719760895
0.537353336811066 0.522671937942505 0.498168110847473 0.516097903251648 0.558181643486023 0.5413578748703 0.470850229263306 0.422908842563629 0.416103184223175 0.406799226999283 0.3809415102005 0.323051422834396 0.286442071199417 0.279208242893219 0.276167273521423 0.275029063224792 0.271233022212982 0.275429457426071 0.277512788772583 0.282823383808136 0.301247030496597 0.323467046022415 0.331120848655701 0.3063023686409 0.308003097772598 0.315598338842392 0.28117361664772 0.302464634180069 0.312212824821472 0.302840501070023 0.357705414295197 0.383469462394714 0.387291669845581 0.42000749707222 0.472433656454086 0.513883233070374 0.527310967445374 0.518819689750671 0.495294779539108 0.466494381427765 0.46253228187561 0.480004578828812 0.456471920013428 0.466643571853638 0.503149092197418
0.502971112728119 0.487665325403214 0.496605455875397 0.527280211448669 0.571609854698181 0.581108927726746 0.523612976074219 0.460782915353775 0.439208209514618 0.42279464006424 0.373737841844559 0.324335157871246 0.295855492353439 0.285323739051819 0.280329376459122 0.272224724292755 0.279926776885986 0.294152438640594 0.306396186351776 0.3145831823349 0.313323229551315 0.331808686256409 0.357277661561966 0.324008166790009 0.324318081140518 0.31907594203949 0.292153537273407 0.320238411426544 0.321448415517807 0.306657373905182 0.342611700296402 0.367241621017456 0.375082433223724 0.41283392906189 0.461674511432648 0.477274179458618 0.477617412805557 0.474598616361618 0.462886422872543 0.459469228982925 0.468235045671463 0.477430164813995 0.463849276304245 0.47841215133667 0.504902482032776
0.493542045354843 0.487918317317963 0.502705752849579 0.532074809074402 0.559837758541107 0.585825026035309 0.56137603521347 0.500059008598328 0.463706225156784 0.442276269197464 0.400794267654419 0.352526366710663 0.327737361192703 0.306040465831757 0.295604944229126 0.295061439275742 0.319966852664948 0.327709496021271 0.327630281448364 0.340672999620438 0.324934720993042 0.327041059732437 0.359318137168884 0.357192665338516 0.336301058530807 0.314532428979874 0.28909957408905 0.297809958457947 0.322548627853394 0.328736543655396 0.322248041629791 0.329024583101273 0.343637049198151 0.384682893753052 0.4233358502388 0.422244399785995 0.421449422836304 0.4361971616745 0.4554643034935 0.471665292978287 0.486204624176025 0.479809492826462 0.465959906578064 0.484143912792206 0.49256032705307
0.472494035959244 0.480474770069122 0.502707779407501 0.523227214813232 0.532584190368652 0.549272477626801 0.548870205879211 0.512123703956604 0.475551307201385 0.467339038848877 0.435057401657104 0.393492639064789 0.373816072940826 0.353868216276169 0.343054562807083 0.355797111988068 0.383428007364273 0.392130166292191 0.395878195762634 0.385516166687012 0.369447320699692 0.373776495456696 0.400263726711273 0.403869241476059 0.355018585920334 0.332053065299988 0.31390380859375 0.317417770624161 0.342937022447586 0.35725811123848 0.339636147022247 0.322066873311996 0.331043392419815 0.340345740318298 0.377993911504745 0.406732797622681 0.413615047931671 0.435814082622528 0.464981347322464 0.48620069026947 0.485781520605087 0.471908986568451 0.448533892631531 0.455469250679016 0.497777312994003
0.424858301877975 0.443629533052444 0.477564007043839 0.510013580322266 0.515194952487946 0.517355740070343 0.514976680278778 0.5169677734375 0.507480323314667 0.494446456432343 0.462802320718765 0.428386032581329 0.413778215646744 0.40791067481041 0.393280386924744 0.41155532002449 0.455095022916794 0.470534414052963 0.467749685049057 0.457586765289307 0.43082132935524 0.411921203136444 0.41844242811203 0.433249294757843 0.407286375761032 0.379219204187393 0.352912604808807 0.343533515930176 0.350755512714386 0.362872093915939 0.344780743122101 0.321588844060898 0.321562796831131 0.321179777383804 0.359198987483978 0.393574178218842 0.405100673437119 0.441032320261002 0.46878382563591 0.487472057342529 0.484564542770386 0.467755556106567 0.458853453397751 0.4737848341465 0.517212092876434
0.376781046390533 0.403234750032425 0.450247466564178 0.492554008960724 0.518881738185883 0.515074908733368 0.504706621170044 0.525263965129852 0.537109196186066 0.517046689987183 0.489387989044189 0.467347085475922 0.463247805833817 0.459906011819839 0.446687400341034 0.471003502607346 0.506784558296204 0.515671670436859 0.506784677505493 0.508813917636871 0.467734277248383 0.419555068016052 0.419762581586838 0.446463078260422 0.445832699537277 0.409337639808655 0.367045909166336 0.32593446969986 0.329559653997421 0.364413857460022 0.357431858778 0.337468594312668 0.319616496562958 0.325563609600067 0.366623520851135 0.391736596822739 0.399165391921997 0.434664607048035 0.474700748920441 0.506791651248932 0.5085569024086 0.466136783361435 0.472324311733246 0.490837246179581 0.504583299160004
0.363542705774307 0.365918606519699 0.412057608366013 0.466992497444153 0.510355651378632 0.516738295555115 0.504505455493927 0.513556718826294 0.524706304073334 0.524641335010529 0.51685643196106 0.510483086109161 0.508220374584198 0.503461003303528 0.490619033575058 0.50517725944519 0.535386681556702 0.53563791513443 0.516049385070801 0.51686829328537 0.490078657865524 0.450117349624634 0.443277776241302 0.449791461229324 0.449835270643234 0.42168778181076 0.382457047700882 0.357701331377029 0.335290759801865 0.349339753389359 0.358082413673401 0.356256246566772 0.327714920043945 0.323239654302597 0.359693855047226 0.392269641160965 0.39927089214325 0.427154570817947 0.489845722913742 0.511724054813385 0.497623205184937 0.469410002231598 0.475625097751617 0.475682437419891 -3.4e+38
0.343316286802292 0.342275559902191 0.376063346862793 0.433484077453613 0.47002899646759 0.501931607723236 0.505829989910126 0.494388192892075 0.500167667865753 0.518949449062347 0.535891175270081 0.54370528459549 0.546543657779694 0.544424057006836 0.536959528923035 0.537710130214691 0.556456208229065 0.559922933578491 0.538959562778473 0.525804042816162 0.517949104309082 0.492267936468124 0.463600099086761 0.447921574115753 0.443354368209839 0.408916056156158 0.372290700674057 0.367966443300247 0.33371913433075 0.324689984321594 0.340344965457916 0.343563079833984 0.335789084434509 0.340298593044281 0.369802594184875 0.396529257297516 0.416416198015213 0.452574133872986 0.500611186027527 0.507416486740112 0.487365037202835 -3.4e+38 -3.4e+38 -3.4e+38 -3.4e+38
