data/1_raw/trimmed_ndre/Aes_ndre.624.2010_no_clouds.asc
NCOLS 109 
NROWS 101 
XLLCORNER 466110 
YLLCORNER 5182005 
CELLSIZE 5 
NODATA_value -3.4e+38 
[rows 20 to 39 of 101, columns 45 to 89 of 109]
-3.4e+38 -3.4e+38 -3.4e+38 -3.4e+38 -3.4e+38 -3.4e+38 -3.4e+38 -3.4e+38 0.38004931807518 0.41258043050766 0.458922684192657 0.469418466091156 0.488973140716553 0.487431675195694 0.474910825490952 0.500307202339172 0.518538594245911 0.524441063404083 0.522532284259796 0.502901554107666 0.488086313009262 0.505114853382111 0.519477486610413 0.539304256439209 0.540773272514343 0.519628942012787 0.506088674068451 0.530741751194 0.539047420024872 0.520581483840942 0.515422642230988 0.524410009384155 0.528750121593475 0.518868148326874 0.517859876155853 0.508734166622162 0.523016810417175 0.550613820552826 0.534494519233704 0.516751348972321 0.500207781791687 0.463105231523514 -3.4e+38 -3.4e+38 -3.4e+38
-3.4e+38 -3.4e+38 -3.4e+38 -3.4e+38 -3.4e+38 -3.4e+38 -3.4e+38 0.389286190271378 0.447576403617859 0.461439430713654 0.485922902822495 0.491581380367279 0.493176311254501 0.507093906402588 0.518271327018738 0.52848094701767 0.532237410545349 0.526515483856201 0.509303092956543 0.487128913402557 0.469336599111557 0.482057690620422 0.507791996002197 0.537105917930603 0.545330703258514 0.532324135303497 0.511655151844025 0.51415878534317 0.525615096092224 0.504382073879242 0.490795850753784 0.510569095611572 0.526839375495911 0.521720767021179 0.528338253498077 0.519514858722687 0.51768833398819 0.531782746315002 0.546023905277252 0.519371509552002 0.506671667098999 0.484532982110977 0.462846010923386 -3.4e+38 -3.4e+38
-3.4e+38 -3.4e+38 -3.4e+38 -3.4e+38 -3.4e+38 0.385881364345551 0.39817750453949 0.443863540887833 0.480304747819901 0.475100547075272 0.490978688001633 0.520624697208405 0.530755817890167 0.535560071468353 0.533022999763489 0.528614819049835 0.526162922382355 0.521681725978851 0.511967599391937 0.498070031404495 0.481252163648605 0.48518043756485 0.510009944438934 0.540181994438171 0.544803261756897 0.533412039279938 0.517011821269989 0.503998517990112 0.513522505760193 0.525952041149139 0.516873717308044 0.514716684818268 0.518584847450256 0.516437470912933 0.507276713848114 0.497043371200562 0.538543045520782 0.558176517486572 0.537969410419464 0.505669832229614 0.501186847686768 0.48726224899292 0.449521481990814 -3.4e+38 -3.4e+38
-3.4e+38 -3.4e+38 0.366000205278397 0.373135715723038 0.395291656255722 0.431502640247345 0.443250268697739 0.463738292455673 0.47314515709877 0.472676247358322 0.497387140989304 0.524788916110992 0.532071769237518 0.526745498180389 0.517163813114166 0.518213212490082 0.529039561748505 0.528074383735657 0.519501268863678 0.513574540615082 0.508533596992493 0.513442635536194 0.535955965518951 0.55003160238266 0.533056795597076 0.521249771118164 0.52273154258728 0.528645277023315 0.50917786359787 0.506713032722473 0.512228012084961 0.507327914237976 0.515932619571686 0.534613072872162 0.536137163639069 0.523167610168457 0.549426555633545 0.557181894779205 0.527249455451965 0.520918488502502 0.511585593223572 0.499022334814072 0.475903660058975 0.45004990696907 -3.4e+38
0.388865202665329 0.373605489730835 0.380915403366089 0.409591257572174 0.417017728090286 0.458184629678726 0.47581622004509 0.475168108940125 0.478300422430038 0.492384105920792 0.51207959651947 0.519733726978302 0.511105120182037 0.511717796325684 0.522388637065887 0.525396168231964 0.536427557468414 0.539936363697052 0.526881992816925 0.525052428245544 0.529741942882538 0.52256840467453 0.526158690452576 0.525348007678986 0.512739658355713 0.515189468860626 0.510934948921204 0.507582128047943 0.497807860374451 0.50069123506546 0.492513626813889 0.490259170532227 0.505531966686249 0.516857802867889 0.524773061275482 0.533661782741547 0.537688612937927 0.530168831348419 0.534498512744904 0.538051128387451 0.524091005325317 0.519389152526855 0.512917339801788 0.475001722574234 -3.4e+38
0.37877094745636 0.400575429201126 0.412658423185349 0.437903195619583 0.44865944981575 0.476144522428513 0.511303961277008 0.505919396877289 0.498643010854721 0.502038955688477 0.510107755661011 0.512905120849609 0.511687755584717 0.522002816200256 0.530852377414703 0.528783142566681 0.538466811180115 0.548084259033203 0.546809613704681 0.546160638332367 0.536903440952301 0.517107725143433 0.497256547212601 0.490009844303131 0.498049229383469 0.508898556232452 0.509536445140839 0.507291853427887 0.510074436664581 0.520399510860443 0.500655949115753 0.486806094646454 0.500468969345093 0.501644611358643 0.501890063285828 0.517645001411438 0.531942009925842 0.505063474178314 0.515241920948029 0.531891405582428 0.523121356964111 0.520496189594269 0.514649212360382 0.473426342010498 0.423582971096039
0.401304632425308 0.429227977991104 0.439485490322113 0.467177897691727 0.479666858911514 0.483050167560577 0.502846479415894 0.501978874206543 0.498758614063263 0.500396728515625 0.49971804022789 0.508490383625031 0.517928004264832 0.547125041484833 0.548793792724609 0.531440615653992 0.539812386035919 0.55102127790451 0.552278757095337 0.546692192554474 0.526179909706116 0.501314282417297 0.482925355434418 0.478407233953476 0.49297422170639 0.505081534385681 0.514117538928986 0.513778567314148 0.514277994632721 0.518866777420044 0.521160781383514 0.515227913856506 0.510248899459839 0.504875302314758 0.505027651786804 0.487496465444565 0.476971447467804 0.481968283653259 0.51135379076004 0.523409485816956 0.509381175041199 0.504660665988922 0.51230800151825 0.480418056249619 0.462232440710068
0.419928669929504 0.451915711164474 0.470245689153671 0.485168844461441 0.485870540142059 0.476948410272598 0.503098905086517 0.513429939746857 0.504608631134033 0.509152173995972 0.521562874317169 0.527975738048553 0.530289471149445 0.544912338256836 0.546762824058533 0.530367255210876 0.532759785652161 0.537965178489685 0.534792542457581 0.525011599063873 0.512956142425537 0.485278129577637 0.47192594408989 0.488612294197083 0.50108802318573 0.506983578205109 0.518316149711609 0.503076732158661 0.500240564346313 0.518416881561279 0.532312452793121 0.539877772331238 0.519549667835236 0.499381422996521 0.506895899772644 0.505264222621918 0.488460332155228 0.499772042036057 0.51841151714325 0.515156090259552 0.510936081409454 0.507421493530273 0.51819121837616 0.514348089694977 0.509047091007233
0.444595843553543 0.475633949041367 0.502011120319366 0.51473331451416 0.496878951787949 0.483719348907471 0.509983956813812 0.531352400779724 0.519746422767639 0.509557366371155 0.512721359729767 0.525728106498718 0.535474419593811 0.527941882610321 0.537958025932312 0.542253315448761 0.530536770820618 0.52059805393219 0.504665613174438 0.493774473667145 0.489752024412155 0.480913668870926 0.489285916090012 0.505073487758636 0.511456489562988 0.520780861377716 0.531986773014069 0.521837949752808 0.521768152713776 0.533481955528259 0.538406252861023 0.548053860664368 0.536565184593201 0.508760571479797 0.508493006229401 0.514443039894104 0.5186408162117 0.509199619293213 0.508462488651276 0.509665250778198 0.513117074966431 0.515988349914551 0.53499299287796 0.548461735248566 0.507919728755951
0.470355987548828 0.495522558689117 0.51467376947403 0.506459593772888 0.498429596424103 0.493939995765686 0.492037624120712 0.516830682754517 0.530507743358612 0.522006094455719 0.520850598812103 0.532145500183105 0.555125415325165 0.555157959461212 0.541254699230194 0.527194261550903 0.519666254520416 0.50626403093338 0.49314945936203 0.496378749608994 0.49935182929039 0.494048327207565 0.509608089923859 0.513694763183594 0.520610809326172 0.534257769584656 0.542726933956146 0.546084761619568 0.546403169631958 0.54833048582077 0.544302463531494 0.540997207164764 0.534375786781311 0.522122263908386 0.514684081077576 0.511463642120361 0.524234890937805 0.530540883541107 0.53067421913147 0.524553716182709 0.518506288528442 0.532176554203033 0.541071712970734 0.531034827232361 0.508155941963196
0.50111585855484 0.507466673851013 0.498484551906586 0.487598150968552 0.489020109176636 0.505454242229462 0.517279982566833 0.531769335269928 0.540962815284729 0.539659142494202 0.549326419830322 0.555931448936462 0.562195122241974 0.554415643215179 0.522633731365204 0.497840404510498 0.500782132148743 0.502641558647156 0.50004905462265 0.512164056301117 0.514476001262665 0.507368862628937 0.522764682769775 0.533456683158875 0.53680032491684 0.542833626270294 0.543678402900696 0.545251190662384 0.543236374855042 0.554812967777252 0.551156997680664 0.533044815063477 0.534740924835205 0.53536319732666 0.537550330162048 0.538089871406555 0.541457951068878 0.537774920463562 0.535222887992859 0.533836126327515 0.530464112758636 0.536531448364258 0.544408559799194 0.532924115657806 0.521791338920593
0.515969455242157 0.499688327312469 0.490936607122421 0.493673950433731 0.498366683721542 0.518582820892334 0.530898988246918 0.527037143707275 0.534164547920227 0.535777747631073 0.538890480995178 0.547664225101471 0.548924922943115 0.534639716148376 0.512743651866913 0.498702794313431 0.497321873903275 0.510785222053528 0.521238923072815 0.523102223873138 0.525343835353851 0.529938876628876 0.539800763130188 0.545315265655518 0.548271119594574 0.550907492637634 0.542161226272583 0.535776793956757 0.5428307056427 0.556479096412659 0.554866135120392 0.541204571723938 0.540748178958893 0.537360727787018 0.542869389057159 0.544759452342987 0.533194124698639 0.523407578468323 0.516775965690613 0.521498322486877 0.529305100440979 0.529497802257538 0.54272186756134 0.539217531681061 0.531219363212585
0.504845023155212 0.493764072656631 0.492759972810745 0.497567921876907 0.508703827857971 0.520771145820618 0.52173900604248 0.512287795543671 0.524502813816071 0.54098242521286 0.544421553611755 0.541831433773041 0.528262674808502 0.510164856910706 0.511541604995728 0.512586176395416 0.510944724082947 0.530685842037201 0.544076502323151 0.53588455915451 0.540533185005188 0.549120903015137 0.55376535654068 0.5530606508255 0.5566246509552 0.556499302387238 0.548926055431366 0.545490622520447 0.548906981945038 0.554444670677185 0.555500745773315 0.548197746276855 0.534308135509491 0.516942024230957 0.509566783905029 0.522756516933441 0.519942343235016 0.522677958011627 0.507811605930328 0.503977596759796 0.517721176147461 0.520816743373871 0.537055909633636 0.53700453042984 0.533580183982849
0.499237626791 0.497219920158386 0.499932318925858 0.505909025669098 0.516640424728394 0.519974410533905 0.526346266269684 0.528609216213226 0.536456108093262 0.546232521533966 0.541839182376862 0.526934564113617 0.50506466627121 0.476821690797806 0.491376638412476 0.519798040390015 0.528624415397644 0.542654931545258 0.550986170768738 0.544406950473785 0.555671989917755 0.561095714569092 0.561551213264465 0.560184299945831 0.557220339775085 0.556003510951996 0.557059466838837 0.552685022354126 0.55377322435379 0.551907539367676 0.544128656387329 0.538632214069366 0.525743067264557 0.502197206020355 0.491783440113068 0.512662172317505 0.512276649475098 0.502093613147736 0.486489802598953 0.489077568054199 0.505797386169434 0.518523275852203 0.517454981803894 0.518512368202209 0.524550139904022
0.518191874027252 0.518683135509491 0.517431378364563 0.520200669765472 0.521127462387085 0.518319129943848 0.52981573343277 0.538328409194946 0.535178899765015 0.530393421649933 0.520559310913086 0.509521186351776 0.495475858449936 0.483309864997864 0.50171035528183 0.531294763088226 0.537493705749512 0.536668121814728 0.551453471183777 0.552838027477264 0.552006363868713 0.56134569644928 0.565692067146301 0.56015008687973 0.555846810340881 0.553513824939728 0.554762423038483 0.550643026828766 0.55844658613205 0.556713819503784 0.539334177970886 0.537109017372131 0.528013944625854 0.524249613285065 0.518219590187073 0.509488999843597 0.498966127634048 0.482087403535843 0.468014538288116 0.47888770699501 0.492815643548965 0.515374541282654 0.522109806537628 0.519005656242371 0.515902996063232
0.531974613666534 0.534027338027954 0.536095321178436 0.535838544368744 0.528386354446411 0.521303653717041 0.532593011856079 0.534651935100555 0.520183324813843 0.50766658782959 0.502341330051422 0.503974556922913 0.509487986564636 0.513328790664673 0.526742696762085 0.541130006313324 0.542268455028534 0.535061359405518 0.554078936576843 0.553366422653198 0.545442223548889 0.562092125415802 0.571041762828827 0.57700115442276 0.573433637619019 0.562507569789886 0.556313157081604 0.559894502162933 0.567412316799164 0.570201277732849 0.554153978824615 0.537795424461365 0.532546103000641 0.537671983242035 0.521947681903839 0.500383734703064 0.4893758893013 0.474888235330582 0.456791669130325 0.46375960111618 0.484324365854263 0.513383686542511 0.529460430145264 0.527167975902557 0.521605491638184
0.529628336429596 0.539452135562897 0.550637423992157 0.549571990966797 0.54249495267868 0.528107047080994 0.526274502277374 0.524174451828003 0.503697752952576 0.489621430635452 0.502671480178833 0.514293015003204 0.525869488716125 0.534129619598389 0.545717418193817 0.555333077907562 0.550852417945862 0.543053269386292 0.560123383998871 0.555616736412048 0.551305055618286 0.565568208694458 0.568706572055817 0.575681865215302 0.575914561748505 0.569600880146027 0.567315518856049 0.573244512081146 0.582537770271301 0.582840383052826 0.566019237041473 0.535968601703644 0.521586656570435 0.525475203990936 0.505725860595703 0.491719216108322 0.486917436122894 0.482960164546967 0.471881747245789 0.462841659784317 0.478622883558273 0.508473575115204 0.519082367420197 0.528069198131561 0.515033066272736
0.534649610519409 0.546342730522156 0.559506297111511 0.558758199214935 0.550259530544281 0.529699325561523 0.514266729354858 0.506945013999939 0.492143929004669 0.498937696218491 0.518509209156036 0.5258509516716 0.528255820274353 0.531823337078094 0.543792724609375 0.552849113941193 0.555356442928314 0.560968160629272 0.564571917057037 0.556785404682159 0.560469388961792 0.565984964370728 0.559151113033295 0.556523501873016 0.558311462402344 0.560047566890717 0.560994982719421 0.56917268037796 0.574594259262085 0.567322254180908 0.557385981082916 0.54012793302536 0.522752225399017 0.525539696216583 0.514428496360779 0.502190172672272 0.49141925573349 0.479931563138962 0.463308542966843 0.461303770542145 0.478752344846725 0.508863806724548 0.519540369510651 0.522602915763855 0.510070621967316
0.548055648803711 0.547534286975861 0.561026394367218 0.558488965034485 0.543551087379456 0.521257638931274 0.493472367525101 0.48614764213562 0.50030529499054 0.51118278503418 0.527112305164337 0.532692849636078 0.5368971824646 0.540146231651306 0.546234726905823 0.551811277866364 0.559664726257324 0.576470136642456 0.571973562240601 0.563096642494202 0.565065324306488 0.559252381324768 0.553481638431549 0.549089670181274 0.539247572422028 0.542571187019348 0.549528777599335 0.555142521858215 0.552269756793976 0.548100113868713 0.547237753868103 0.540386617183685 0.532918572425842 0.53317391872406 0.530470907688141 0.522028028964996 0.488307476043701 0.458876967430115 0.455689311027527 0.473529875278473 0.495238810777664 0.503973484039307 0.511421978473663 0.522882699966431 0.517415940761566
0.534843981266022 0.540306389331818 0.560476958751678 0.55289500951767 0.526798665523529 0.50229799747467 0.483684659004211 0.487942904233932 0.508426487445831 0.51301521062851 0.528822004795074 0.541226029396057 0.547906935214996 0.554835498332977 0.563494324684143 0.565496146678925 0.563238203525543 0.577892124652863 0.567924380302429 0.557097315788269 0.557066559791565 0.550695478916168 0.549061477184296 0.543348431587219 0.53582376241684 0.539819955825806 0.545056045055389 0.54627913236618 0.542651474475861 0.547414660453796 0.553198218345642 0.551574766635895 0.544071078300476 0.526837587356567 0.522866666316986 0.521980345249176 0.493472188711166 0.471613347530365 0.474544405937195 0.49029615521431 0.520544469356537 0.515324652194977 0.519196033477783 0.538601398468018 0.523406684398651
