data/1_raw/trimmed_ndre/Aes_ndre.727.2013_no_clouds.asc
NCOLS 109 
NROWS 101 
XLLCORNER 466110 
YLLCORNER 5182005 
CELLSIZE 5 
NODATA_value -3.4e+38 
[rows 20 to 39 of 101, columns 45 to 89 of 109]
-3.4e+38 -3.4e+38 -3.4e+38 -3.4e+38 -3.4e+38 -3.4e+38 -3.4e+38 -3.4e+38 0.157167539000511 0.155786201357841 0.15053528547287 0.151239395141602 0.159882321953773 0.15947687625885 0.143695861101151 0.134270757436752 0.138407111167908 0.137521430850029 0.136037021875381 0.126622512936592 0.117049597203732 0.122272871434689 0.127144232392311 0.135834917426109 0.14122699201107 0.155505135655403 0.167366176843643 0.163904786109924 0.179483622312546 0.182137787342072 0.16144472360611 0.170897573232651 0.174774989485741 0.164655461907387 0.160436645150185 0.162939175963402 0.160670503973961 0.135279417037964 0.122673876583576 0.123870640993118 0.126920446753502 0.1285640001297 -3.4e+38 -3.4e+38 -3.4e+38
-3.4e+38 -3.4e+38 -3.4e+38 -3.4e+38 -3.4e+38 -3.4e+38 -3.4e+38 0.161635532975197 0.157599776983261 0.161090940237045 0.165158405900002 0.158625900745392 0.140406012535095 0.149718046188354 0.148899853229523 0.138895437121391 0.133569195866585 0.134292185306549 0.133427783846855 0.122095286846161 0.111822120845318 0.115674652159214 0.121123440563679 0.124343052506447 0.129208073019981 0.148057103157043 0.160946264863014 0.167953625321388 0.183773413300514 0.188265100121498 0.176708951592445 0.177390232682228 0.181287050247192 0.170357286930084 0.15854424238205 0.15995816886425 0.162994995713234 0.141342833638191 0.126688450574875 0.122920319437981 0.123808242380619 0.12113431096077 0.118498891592026 -3.4e+38 -3.4e+38
-3.4e+38 -3.4e+38 -3.4e+38 -3.4e+38 -3.4e+38 0.150896474719048 0.159003555774689 0.158381521701813 0.156197562813759 0.157401844859123 0.153484031558037 0.144990190863609 0.136084631085396 0.15261322259903 0.146637156605721 0.134463056921959 0.135138466954231 0.140571996569633 0.145489305257797 0.137367844581604 0.122515171766281 0.118206977844238 0.129908472299576 0.146762624382973 0.146358296275139 0.152780652046204 0.172353237867355 0.185241132974625 0.19031822681427 0.195829182863235 0.180267617106438 0.168703734874725 0.17799898982048 0.173499181866646 0.163525223731995 0.157488092780113 0.158401414752007 0.138130232691765 0.122715041041374 0.113934859633446 0.110820770263672 0.118527807295322 0.121562570333481 -3.4e+38 -3.4e+38
-3.4e+38 -3.4e+38 0.151123583316803 0.159080624580383 0.154955431818962 0.149497643113136 0.152259334921837 0.14826075732708 0.140808999538422 0.13524903357029 0.130433887243271 0.128487557172775 0.138935551047325 0.156037837266922 0.143186286091805 0.13330802321434 0.133553072810173 0.136345699429512 0.139130204916 0.138109534978867 0.131790205836296 0.127541765570641 0.128398433327675 0.143133044242859 0.157625839114189 0.165636032819748 0.180163457989693 0.190559759736061 0.183933421969414 0.184836849570274 0.173111721873283 0.159858793020248 0.173284873366356 0.172358244657516 0.171869829297066 0.149001643061638 0.13899028301239 0.132708266377449 0.118115052580833 0.103360280394554 0.107386857271194 0.126715987920761 0.130650043487549 0.126893654465675 -3.4e+38
0.1532052308321 0.15301413834095 0.149330019950867 0.16592974960804 0.167215123772621 0.149128884077072 0.144022300839424 0.146209374070168 0.138075903058052 0.127909913659096 0.13154998421669 0.134194493293762 0.138715445995331 0.142466679215431 0.137568414211273 0.136854276061058 0.139212891459465 0.134918123483658 0.126396954059601 0.129405423998833 0.129848465323448 0.131603300571442 0.130599111318588 0.137086749076843 0.158470526337624 0.167489275336266 0.170267164707184 0.177303001284599 0.16920280456543 0.164354234933853 0.175731599330902 0.167189076542854 0.177090644836426 0.171572983264923 0.166774719953537 0.154499799013138 0.132268011569977 0.12245587259531 0.117799483239651 0.113419979810715 0.117632187902927 0.137135058641434 0.138354897499084 0.1295545399189 -3.4e+38
0.154770269989967 0.158596858382225 0.145404264330864 0.16434633731842 0.166223660111427 0.142039060592651 0.130548238754272 0.138241231441498 0.140466541051865 0.138246670365334 0.145278006792068 0.143277227878571 0.137318924069405 0.13308872282505 0.132220715284348 0.135331600904465 0.144096374511719 0.139444276690483 0.133049458265305 0.139914661645889 0.138363152742386 0.147960305213928 0.153682962059975 0.146930754184723 0.158561825752258 0.169777825474739 0.167009353637695 0.165001064538956 0.161784306168556 0.162791162729263 0.175933912396431 0.17497381567955 0.181873992085457 0.178691998124123 0.160106554627419 0.153719857335091 0.132737711071968 0.119006663560867 0.133387014269829 0.14563275873661 0.133942291140556 0.137148544192314 0.149491623044014 0.142502754926682 0.143145084381104
0.144712746143341 0.155876815319061 0.145951330661774 0.154011338949203 0.15570467710495 0.132422849535942 0.125577434897423 0.134852916002274 0.140090629458427 0.140439286828041 0.141265466809273 0.128248244524002 0.127432614564896 0.136390328407288 0.135514214634895 0.139383345842361 0.147872179746628 0.142313152551651 0.144015282392502 0.153856173157692 0.149652451276779 0.160789385437965 0.163534343242645 0.153238594532013 0.169208586215973 0.182906895875931 0.172903195023537 0.175313830375671 0.176218703389168 0.165915206074715 0.168416738510132 0.181151121854782 0.181051149964333 0.172236189246178 0.152115926146507 0.146894112229347 0.145300015807152 0.137978926301003 0.151969999074936 0.161011636257172 0.146140664815903 0.149123072624207 0.18394935131073 0.170766234397888 0.138060197234154
0.136907935142517 0.15686871111393 0.152588710188866 0.144681230187416 0.138236746191978 0.128542706370354 0.13519398868084 0.136730864644051 0.129676565527916 0.130017548799515 0.127291172742844 0.119533620774746 0.135525554418564 0.14917853474617 0.14627967774868 0.151671767234802 0.156353682279587 0.146915093064308 0.156668648123741 0.162946596741676 0.154693573713303 0.15590500831604 0.14982046186924 0.150701701641083 0.179300621151924 0.18817426264286 0.18139174580574 0.188898131251335 0.180111259222031 0.170755326747894 0.174705505371094 0.178435072302818 0.177659705281258 0.172027185559273 0.156608283519745 0.148520618677139 0.14265850186348 0.148605734109879 0.173603504896164 0.177126616239548 0.171947360038757 0.180503576993942 0.211148574948311 0.180862247943878 0.146536618471146
0.158644944429398 0.153430625796318 0.139353707432747 0.124222777783871 0.117996096611023 0.130008429288864 0.14462785422802 0.134277865290642 0.120786368846893 0.122959710657597 0.128950849175453 0.13445933163166 0.147234827280045 0.154840663075447 0.152708694338799 0.159688904881477 0.163140028715134 0.152739375829697 0.161632925271988 0.160769864916801 0.153883755207062 0.156490251421928 0.151603698730469 0.162085354328156 0.185922965407372 0.184865981340408 0.182604432106018 0.182213678956032 0.167064622044563 0.172979533672333 0.179664373397827 0.177619814872742 0.186412498354912 0.178771585226059 0.168916434049606 0.163153305649757 0.150222793221474 0.163200154900551 0.190460756421089 0.193259909749031 0.190330505371094 0.19349293410778 0.205134078860283 0.179416194558144 0.160182654857635
0.150355294346809 0.131243944168091 0.125290676951408 0.116441138088703 0.116480477154255 0.134818822145462 0.14335323870182 0.122357361018658 0.116464458405972 0.126311540603638 0.141200333833694 0.150587826967239 0.148827686905861 0.146919265389442 0.148977145552635 0.157390907406807 0.164485424757004 0.163236007094383 0.164506271481514 0.160235434770584 0.166934132575989 0.176163077354431 0.173963323235512 0.176233857870102 0.183543622493744 0.181457877159119 0.182270258665085 0.177558302879333 0.160934284329414 0.172106996178627 0.180877774953842 0.18605762720108 0.197069987654686 0.182810664176941 0.181815832853317 0.190317869186401 0.173222869634628 0.172143816947937 0.192961066961288 0.194889053702354 0.19325840473175 0.192597284913063 0.18670654296875 0.169847592711449 0.158406466245651
0.132213085889816 0.124378249049187 0.131015747785568 0.134793072938919 0.127717643976212 0.131429925560951 0.129001885652542 0.11669397354126 0.127405822277069 0.135210201144218 0.143601655960083 0.146146535873413 0.14463709294796 0.147764429450035 0.145980358123779 0.153015241026878 0.170615285634995 0.177995532751083 0.178444623947144 0.177808701992035 0.186623096466064 0.193649634718895 0.188909605145454 0.182234734296799 0.183980777859688 0.184348747134209 0.182482525706291 0.177349224686623 0.161798641085625 0.162337586283684 0.180036216974258 0.197521805763245 0.210604190826416 0.189800068736076 0.188425555825233 0.200010254979134 0.18003037571907 0.171572253108025 0.178038865327835 0.175604835152626 0.170609503984451 0.165283471345901 0.164335936307907 0.157333478331566 0.158069804310799
0.13153749704361 0.134370356798172 0.135118201375008 0.13551864027977 0.12808732688427 0.121882550418377 0.1192921474576 0.124756902456284 0.142836093902588 0.138300523161888 0.139613106846809 0.151533514261246 0.156305015087128 0.161651715636253 0.15369476377964 0.151903197169304 0.175267085433006 0.197534024715424 0.198538035154343 0.193600580096245 0.193888247013092 0.189377948641777 0.188572034239769 0.187729999423027 0.189337104558945 0.186797603964806 0.174872770905495 0.180279672145844 0.16741780936718 0.165924161672592 0.19723117351532 0.214467540383339 0.21429255604744 0.189882382750511 0.178900122642517 0.172808781266212 0.159017667174339 0.160696387290955 0.15682789683342 0.14355094730854 0.139274716377258 0.145885095000267 0.158243983983994 0.156421110033989 0.159871861338615
0.133291184902191 0.140838146209717 0.132968112826347 0.131371945142746 0.133554354310036 0.131252840161324 0.129017412662506 0.132512226700783 0.145671248435974 0.137940093874931 0.139491632580757 0.162535145878792 0.174899116158485 0.182428359985352 0.174671843647957 0.17704139649868 0.193194255232811 0.198112338781357 0.196615859866142 0.19275626540184 0.196548193693161 0.192094147205353 0.193939253687859 0.20061819255352 0.198171362280846 0.185365259647369 0.171487763524055 0.187168672680855 0.18681788444519 0.201916337013245 0.23747381567955 0.23480436205864 0.208294793963432 0.18212403357029 0.166037753224373 0.141372293233871 0.134163305163383 0.15102244913578 0.146771818399429 0.128408893942833 0.125844612717628 0.141443595290184 0.154488623142242 0.157094389200211 0.158756241202354
0.126756384968758 0.145079329609871 0.134293615818024 0.130578979849815 0.135962933301926 0.136527270078659 0.130500584840775 0.126501977443695 0.134269118309021 0.144335925579071 0.161014795303345 0.172832012176514 0.187861934304237 0.201497301459312 0.202415496110916 0.203526139259338 0.204550161957741 0.196554064750671 0.191241234540939 0.188075959682465 0.189709082245827 0.18609032034874 0.189653754234314 0.199149399995804 0.195993050932884 0.182953849434853 0.172820955514908 0.193449065089226 0.207978099584579 0.237616896629333 0.262932866811752 0.243213891983032 0.198585122823715 0.169047057628632 0.168435364961624 0.135691180825233 0.133530795574188 0.150998249650002 0.148414924740791 0.129440933465958 0.124212719500065 0.134608715772629 0.147488981485367 0.158508896827698 0.154728189110756
0.114297538995743 0.136670604348183 0.142344281077385 0.13364066183567 0.124410770833492 0.127541542053223 0.13562099635601 0.142784729599953 0.142022296786308 0.150084510445595 0.176609754562378 0.181590840220451 0.189897432923317 0.20345139503479 0.216510802507401 0.211225122213364 0.206261575222015 0.20733605325222 0.193763956427574 0.191223457455635 0.193168044090271 0.187102749943733 0.189667105674744 0.197908565402031 0.207516774535179 0.216219335794449 0.215351909399033 0.227228954434395 0.233694493770599 0.247808665037155 0.256775170564651 0.238290503621101 0.205785363912582 0.177540317177773 0.167374163866043 0.149688974022865 0.144512221217155 0.143873736262321 0.136308372020721 0.122151829302311 0.121635660529137 0.129163384437561 0.133310586214066 0.158801436424255 0.159840315580368
0.122360907495022 0.127735406160355 0.145501583814621 0.151540145277977 0.140955746173859 0.131362155079842 0.142651915550232 0.163898333907127 0.153025552630424 0.1429153829813 0.165489614009857 0.180233657360077 0.184113413095474 0.198490917682648 0.212726846337318 0.200758904218674 0.20004141330719 0.209378123283386 0.21248534321785 0.214417353272438 0.223465397953987 0.216086834669113 0.210054114460945 0.229853287339211 0.238482534885406 0.241796404123306 0.258058816194534 0.257778614759445 0.243100434541702 0.245950058102608 0.249118655920029 0.235975936055183 0.21668241918087 0.184466496109962 0.162967368960381 0.152895718812943 0.136154904961586 0.115131139755249 0.109136879444122 0.116413161158562 0.122626312077045 0.122002020478249 0.125924617052078 0.145621746778488 0.157524555921555
0.137765482068062 0.122329503297806 0.126135662198067 0.147363916039467 0.153583064675331 0.141895651817322 0.143270373344421 0.157656148076057 0.150263532996178 0.148063078522682 0.165341839194298 0.178463488817215 0.18429733812809 0.196532815694809 0.201828733086586 0.189070001244545 0.199814349412918 0.225928843021393 0.234931275248528 0.235639497637749 0.25070708990097 0.250804960727692 0.241020947694778 0.252966016530991 0.255204826593399 0.24530890583992 0.254135519266129 0.237421423196793 0.227509632706642 0.239202231168747 0.235488414764404 0.218869298696518 0.20984061062336 0.192046657204628 0.166349142789841 0.146643862128258 0.13024640083313 0.110224530100822 0.110109448432922 0.123420171439648 0.119255192577839 0.126615315675735 0.145582646131516 0.150349572300911 0.150188267230988
0.136640936136246 0.133619353175163 0.136628955602646 0.151757106184959 0.15881809592247 0.144999206066132 0.140664413571358 0.148839667439461 0.151033237576485 0.160878658294678 0.17206983268261 0.185072034597397 0.193361684679985 0.198503822088242 0.198138818144798 0.198899626731873 0.21482652425766 0.235143914818764 0.24508062005043 0.239532679319382 0.252029240131378 0.261842250823975 0.25770303606987 0.255956947803497 0.244356691837311 0.230973154306412 0.234275907278061 0.218779236078262 0.217826068401337 0.227828815579414 0.22541232407093 0.203070610761642 0.204041674733162 0.19990386068821 0.172076314687729 0.155316412448883 0.144017055630684 0.133800476789474 0.127065256237984 0.125359073281288 0.11630430072546 0.126314163208008 0.143038377165794 0.141987636685371 0.135891184210777
0.138728886842728 0.150485292077065 0.153477594256401 0.153907135128975 0.151477962732315 0.140463396906853 0.139932513237 0.144117921590805 0.155695468187332 0.178660809993744 0.18181499838829 0.195939660072327 0.204321712255478 0.205891504883766 0.214196071028709 0.225709423422813 0.227826520800591 0.232040077447891 0.253239989280701 0.25217792391777 0.239582225680351 0.240277364850044 0.238383457064629 0.228739038109779 0.21554209291935 0.208535328507423 0.202620014548302 0.180515825748444 0.191786304116249 0.216436088085175 0.228363305330276 0.206523567438126 0.196552082896233 0.196417555212975 0.182965189218521 0.177030384540558 0.163458675146103 0.154517948627472 0.140334218740463 0.123758390545845 0.110456466674805 0.118322409689426 0.129765555262566 0.136928990483284 0.141490146517754
0.135770574212074 0.13937272131443 0.144261196255684 0.13829343020916 0.143030032515526 0.157417476177216 0.163140118122101 0.156615182757378 0.165133312344551 0.191939473152161 0.193224757909775 0.195299386978149 0.210857957601547 0.223102182149887 0.235520482063293 0.239775121212006 0.235196307301521 0.234497308731079 0.258428990840912 0.255848050117493 0.229727536439896 0.21786205470562 0.210350856184959 0.202501565217972 0.192407190799713 0.189131572842598 0.174731060862541 0.157790780067444 0.175797015428543 0.198516264557838 0.219573572278023 0.231133073568344 0.232463911175728 0.220939874649048 0.203096985816956 0.189653173089027 0.167088076472282 0.155238315463066 0.153574302792549 0.128808006644249 0.109041281044483 0.113429449498653 0.123009152710438 0.13586263358593 0.140056446194649
