data/1_raw/trimmed_ndre/Aes_ndre.712.2010_no_clouds.asc
NCOLS 109 
NROWS 101 
XLLCORNER 466110 
YLLCORNER 5182005 
CELLSIZE 5 
NODATA_value -3.4e+38 
[rows 80 to 99 of 101, columns 45 to 89 of 109]
0.306132525205612 0.305113196372986 0.300475776195526 0.311701655387878 0.340189814567566 0.354301244020462 0.373851150274277 0.382814943790436 0.382561922073364 0.390209853649139 0.390924513339996 0.372825413942337 0.3539038002491 0.347151905298233 0.342225879430771 0.329044967889786 0.314618021249771 0.311121255159378 0.297815144062042 0.298286944627762 0.307937830686569 0.289008587598801 0.27623239159584 0.279776066541672 0.284032732248306 0.292681485414505 0.296244770288467 0.298122704029083 0.285922527313232 0.273178786039352 0.254913717508316 0.255999565124512 0.252493858337402 0.260818749666214 0.282415479421616 0.293639183044434 0.282119482755661 0.277194648981094 0.287138193845749 -3.4e+38 -3.4e+38 -3.4e+38 -3.4e+38 -3.4e+38 -3.4e+38
0.305752873420715 0.296025782823563 0.294388085603714 0.312623471021652 0.333916246891022 0.358909100294113 0.381931006908417 0.384991198778152 0.382452458143234 0.388499021530151 0.390885710716248 0.384748339653015 0.374823391437531 0.371568351984024 0.358317643404007 0.331412583589554 0.313114434480667 0.319717764854431 0.307819068431854 0.303548365831375 0.312896877527237 0.297272145748138 0.30023318529129 0.309046387672424 0.311852812767029 0.316382110118866 0.303904682397842 0.296249538660049 0.289023965597153 0.292325109243393 0.26116469502449 0.255354225635529 0.27626821398735 0.276531547307968 0.294193506240845 0.295767933130264 0.278214871883392 0.273467391729355 -3.4e+38 -3.4e+38 -3.4e+38 -3.4e+38 -3.4e+38 -3.4e+38 -3.4e+38
0.301597893238068 0.290620744228363 0.298954904079437 0.328699767589569 0.335198551416397 0.362863689661026 0.39116632938385 0.387289226055145 0.382219672203064 0.386325597763062 0.392688751220703 0.39387235045433 0.407255947589874 0.404896765947342 0.374414831399918 0.345715820789337 0.337752491235733 0.34325498342514 0.330033659934998 0.314326912164688 0.318044900894165 0.32339546084404 0.323903113603592 0.331007838249207 0.328633546829224 0.327132642269135 0.319659233093262 0.29707071185112 0.283293485641479 0.283832013607025 0.263859629631042 0.253728240728378 0.271428674459457 0.282894968986511 0.288310587406158 0.278950691223145 0.269724547863007 -3.4e+38 -3.4e+38 -3.4e+38 -3.4e+38 -3.4e+38 -3.4e+38 -3.4e+38 -3.4e+38
0.293385565280914 0.289398014545441 0.308844298124313 0.341357231140137 0.342401117086411 0.369457244873047 0.40207302570343 0.404481470584869 0.404388844966888 0.40819588303566 0.407785385847092 0.39801824092865 0.411825060844421 0.403264850378036 0.371046781539917 0.366107881069183 0.358398020267487 0.350586652755737 0.33776980638504 0.324082732200623 0.330027937889099 0.33752053976059 0.330017060041428 0.34112423658371 0.338817000389099 0.324677616357803 0.318810313940048 0.289320170879364 0.273989647626877 0.271463364362717 0.256123602390289 0.254091888666153 0.267015397548676 0.283581912517548 0.262780368328094 -3.4e+38 -3.4e+38 -3.4e+38 -3.4e+38 -3.4e+38 -3.4e+38 -3.4e+38 -3.4e+38 -3.4e+38 -3.4e+38
0.296353876590729 0.297646582126617 0.306432962417603 0.328865885734558 0.341488599777222 0.371456891298294 0.40466171503067 0.425111591815948 0.434796273708344 0.445587873458862 0.437104433774948 0.417139738798141 0.412988752126694 0.413298547267914 0.402935057878494 0.388656049966812 0.358887553215027 0.352130562067032 0.358553171157837 0.355141222476959 0.351180404424667 0.345954090356827 0.339580297470093 0.33898138999939 0.338930547237396 0.319608896970749 0.307022839784622 0.300350964069366 0.280167877674103 0.264167696237564 0.263521641492844 0.278798222541809 0.272820860147476 0.265909731388092 -3.4e+38 -3.4e+38 -3.4e+38 -3.4e+38 -3.4e+38 -3.4e+38 -3.4e+38 -3.4e+38 -3.4e+38 -3.4e+38 -3.4e+38
0.314483344554901 0.314672768115997 0.300570756196976 0.306261301040649 0.334299772977829 0.367233902215958 0.396757483482361 0.433628797531128 0.451460152864456 0.455682635307312 0.453950583934784 0.435027629137039 0.421280205249786 0.429697930812836 0.433436900377274 0.416418105363846 0.394470810890198 0.392037659883499 0.386351883411407 0.378449857234955 0.373410314321518 0.377850472927094 0.363384395837784 0.344683855772018 0.347293138504028 0.32088515162468 0.297016590833664 0.285263776779175 0.265486180782318 0.26176381111145 0.265342354774475 0.27419713139534 0.277753889560699 -3.4e+38 -3.4e+38 -3.4e+38 -3.4e+38 -3.4e+38 -3.4e+38 -3.4e+38 -3.4e+38 -3.4e+38 -3.4e+38 -3.4e+38 -3.4e+38
0.319007575511932 0.308990687131882 0.294757515192032 0.297076284885406 0.32781720161438 0.356774479150772 0.368880897760391 0.411935389041901 0.44309875369072 0.443351060152054 0.439368724822998 0.428965091705322 0.428460955619812 0.429118096828461 0.414559692144394 0.419658005237579 0.422658890485764 0.417268961668015 0.40462538599968 0.39143443107605 0.379027873277664 0.379256278276443 0.356453001499176 0.335519075393677 0.336880952119827 0.323419362306595 0.299167335033417 0.273140847682953 0.256341069936752 0.256049990653992 0.259660959243774 0.263731271028519 -3.4e+38 -3.4e+38 -3.4e+38 -3.4e+38 -3.4e+38 -3.4e+38 -3.4e+38 -3.4e+38 -3.4e+38 -3.4e+38 -3.4e+38 -3.4e+38 -3.4e+38
0.315882325172424 0.309268325567245 0.298490226268768 0.294242024421692 0.320046454668045 0.342837035655975 0.357256203889847 0.391063749790192 0.420192658901215 0.426905930042267 0.421468436717987 0.421432077884674 0.446729063987732 0.456556022167206 0.424654722213745 0.435927331447601 0.442592322826385 0.417411774396896 0.391049414873123 0.384644418954849 0.377580046653748 0.365582019090652 0.3532535135746 0.345154196023941 0.330394834280014 0.308902829885483 0.297476172447205 0.28363174200058 0.261560171842575 0.252774178981781 0.255496948957443 -3.4e+38 -3.4e+38 -3.4e+38 -3.4e+38 -3.4e+38 -3.4e+38 -3.4e+38 -3.4e+38 -3.4e+38 -3.4e+38 -3.4e+38 -3.4e+38 -3.4e+38 -3.4e+38
0.318920940160751 0.322159886360168 0.31631663441658 0.307153105735779 0.310221135616302 0.321593165397644 0.341681510210037 0.370351821184158 0.3967025578022 0.398646593093872 0.404005080461502 0.426214396953583 0.450352072715759 0.453841835260391 0.433906942605972 0.441262096166611 0.436323583126068 0.405946403741837 0.377291321754456 0.374184012413025 0.363694280385971 0.367219030857086 0.377926230430603 0.361461311578751 0.329002141952515 0.296965271234512 0.29052922129631 0.285002082586288 0.27017343044281 0.258004248142242 -3.4e+38 -3.4e+38 -3.4e+38 -3.4e+38 -3.4e+38 -3.4e+38 -3.4e+38 -3.4e+38 -3.4e+38 -3.4e+38 -3.4e+38 -3.4e+38 -3.4e+38 -3.4e+38 -3.4e+38
0.307913899421692 0.322353899478912 0.316720902919769 0.314840376377106 0.31997412443161 0.315959453582764 0.320363909006119 0.348533600568771 0.376175850629807 0.382129400968552 0.394486665725708 0.41736963391304 0.425432324409485 0.427944421768188 0.431113183498383 0.439107865095139 0.432202637195587 0.416485667228699 0.401355355978012 0.387391954660416 0.355682134628296 0.344498723745346 0.355728834867477 0.347461670637131 0.322104960680008 0.289991080760956 0.273399323225021 0.277267009019852 0.272308766841888 -3.4e+38 -3.4e+38 -3.4e+38 -3.4e+38 -3.4e+38 -3.4e+38 -3.4e+38 -3.4e+38 -3.4e+38 -3.4e+38 -3.4e+38 -3.4e+38 -3.4e+38 -3.4e+38 -3.4e+38 -3.4e+38
0.305160254240036 0.320310086011887 0.313335806131363 0.322320878505707 0.328747451305389 0.31744921207428 0.31896585226059 0.336585462093353 0.361310392618179 0.371296048164368 0.371616780757904 0.381741404533386 0.394327402114868 0.414740443229675 0.430748373270035 0.438814461231232 0.4327771961689 0.41632929444313 0.396728068590164 0.386473625898361 0.369056046009064 0.35441729426384 0.332260578870773 0.306896448135376 0.285913616418839 0.278437703847885 0.271067589521408 0.265871852636337 -3.4e+38 -3.4e+38 -3.4e+38 -3.4e+38 -3.4e+38 -3.4e+38 -3.4e+38 -3.4e+38 -3.4e+38 -3.4e+38 -3.4e+38 -3.4e+38 -3.4e+38 -3.4e+38 -3.4e+38 -3.4e+38 -3.4e+38
0.322028368711472 0.329289525747299 0.328818470239639 0.342485457658768 0.327012240886688 0.311586499214172 0.328013479709625 0.330243229866028 0.335881441831589 0.346073389053345 0.346960127353668 0.366435974836349 0.380174934864044 0.380138993263245 0.37553459405899 0.381919234991074 0.392350822687149 0.379303693771362 0.356233716011047 0.344467401504517 0.343158900737762 0.329229891300201 0.296654552221298 0.265617460012436 0.262098848819733 0.267168283462524 -3.4e+38 -3.4e+38 -3.4e+38 -3.4e+38 -3.4e+38 -3.4e+38 -3.4e+38 -3.4e+38 -3.4e+38 -3.4e+38 -3.4e+38 -3.4e+38 -3.4e+38 -3.4e+38 -3.4e+38 -3.4e+38 -3.4e+38 -3.4e+38 -3.4e+38
0.332298457622528 0.323350816965103 0.323871105909348 0.33696374297142 0.325550258159637 0.316223978996277 0.323295772075653 0.307634681463242 0.304401755332947 0.319767683744431 0.332988709211349 0.343036293983459 0.352374672889709 0.344953924417496 0.337804198265076 0.338388353586197 0.340622872114182 0.339773654937744 0.336565554141998 0.315321147441864 0.292290210723877 0.280488967895508 0.290181040763855 0.289639323949814 0.274830430746078 -3.4e+38 -3.4e+38 -3.4e+38 -3.4e+38 -3.4e+38 -3.4e+38 -3.4e+38 -3.4e+38 -3.4e+38 -3.4e+38 -3.4e+38 -3.4e+38 -3.4e+38 -3.4e+38 -3.4e+38 -3.4e+38 -3.4e+38 -3.4e+38 -3.4e+38 -3.4e+38
0.316956043243408 0.303864747285843 0.31564536690712 0.33001497387886 0.325247287750244 0.317627817392349 0.30630749464035 0.293686270713806 0.290268510580063 0.310588270425797 0.320206195116043 0.309882521629333 0.325851798057556 0.326907932758331 0.311900734901428 0.310907006263733 0.315670043230057 0.313097685575485 0.31179490685463 0.295336157083511 0.275458008050919 0.275480806827545 0.284289836883545 -3.4e+38 -3.4e+38 -3.4e+38 -3.4e+38 -3.4e+38 -3.4e+38 -3.4e+38 -3.4e+38 -3.4e+38 -3.4e+38 -3.4e+38 -3.4e+38 -3.4e+38 -3.4e+38 -3.4e+38 -3.4e+38 -3.4e+38 -3.4e+38 -3.4e+38 -3.4e+38 -3.4e+38 -3.4e+38
0.312066644430161 0.309100598096848 0.31825464963913 0.320762664079666 0.311722427606583 0.317447602748871 0.303077220916748 0.285443514585495 0.284559518098831 0.297901391983032 0.308013170957565 0.297232031822205 0.297450125217438 0.294341653585434 0.288355678319931 0.291510581970215 0.295387804508209 0.298612684011459 0.293261289596558 0.281244546175003 0.26720455288887 -3.4e+38 -3.4e+38 -3.4e+38 -3.4e+38 -3.4e+38 -3.4e+38 -3.4e+38 -3.4e+38 -3.4e+38 -3.4e+38 -3.4e+38 -3.4e+38 -3.4e+38 -3.4e+38 -3.4e+38 -3.4e+38 -3.4e+38 -3.4e+38 -3.4e+38 -3.4e+38 -3.4e+38 -3.4e+38 -3.4e+38 -3.4e+38
0.320803105831146 0.315228641033173 0.319343537092209 0.306227475404739 0.297799438238144 0.311076581478119 0.298522472381592 0.287337720394135 0.284202873706818 0.283139705657959 0.293816745281219 0.295895934104919 0.292862981557846 0.295725733041763 0.291057974100113 0.282045602798462 0.276211977005005 0.281369894742966 -3.4e+38 -3.4e+38 -3.4e+38 -3.4e+38 -3.4e+38 -3.4e+38 -3.4e+38 -3.4e+38 -3.4e+38 -3.4e+38 -3.4e+38 -3.4e+38 -3.4e+38 -3.4e+38 -3.4e+38 -3.4e+38 -3.4e+38 -3.4e+38 -3.4e+38 -3.4e+38 -3.4e+38 -3.4e+38 -3.4e+38 -3.4e+38 -3.4e+38 -3.4e+38 -3.4e+38
0.324895203113556 0.30956956744194 0.318628907203674 0.307399868965149 0.307292819023132 0.316061168909073 0.307274013757706 0.301637828350067 0.291703939437866 0.284635633230209 0.2950179874897 0.300537645816803 0.303230851888657 0.303800642490387 0.297060757875443 -3.4e+38 -3.4e+38 -3.4e+38 -3.4e+38 -3.4e+38 -3.4e+38 -3.4e+38 -3.4e+38 -3.4e+38 -3.4e+38 -3.4e+38 -3.4e+38 -3.4e+38 -3.4e+38 -3.4e+38 -3.4e+38 -3.4e+38 -3.4e+38 -3.4e+38 -3.4e+38 -3.4e+38 -3.4e+38 -3.4e+38 -3.4e+38 -3.4e+38 -3.4e+38 -3.4e+38 -3.4e+38 -3.4e+38 -3.4e+38
0.322045594453812 0.314290434122086 0.314950793981552 0.307030946016312 0.307482570409775 0.316549062728882 0.308207601308823 0.294751435518265 0.286367118358612 0.283359706401825 0.292144268751144 0.293830960988998 -3.4e+38 -3.4e+38 -3.4e+38 -3.4e+38 -3.4e+38 -3.4e+38 -3.4e+38 -3.4e+38 -3.4e+38 -3.4e+38 -3.4e+38 -3.4e+38 -3.4e+38 -3.4e+38 -3.4e+38 -3.4e+38 -3.4e+38 -3.4e+38 -3.4e+38 -3.4e+38 -3.4e+38 -3.4e+38 -3.4e+38 -3.4e+38 -3.4e+38 -3.4e+38 -3.4e+38 -3.4e+38 -3.4e+38 -3.4e+38 -3.4e+38 -3.4e+38 -3.4e+38
0.30012509226799 0.300471931695938 0.298488199710846 0.289202123880386 0.295274347066879 0.293860793113708 0.28556963801384 0.28266379237175 0.292680323123932 0.291915953159332 -3.4e+38 -3.4e+38 -3.4e+38 -3.4e+38 -3.4e+38 -3.4e+38 -3.4e+38 -3.4e+38 -3.4e+38 -3.4e+38 -3.4e+38 -3.4e+38 -3.4e+38 -3.4e+38 -3.4e+38 -3.4e+38 -3.4e+38 -3.4e+38 -3.4e+38 -3.4e+38 -3.4e+38 -3.4e+38 -3.4e+38 -3.4e+38 -3.4e+38 -3.4e+38 -3.4e+38 -3.4e+38 -3.4e+38 -3.4e+38 -3.4e+38 -3.4e+38 -3.4e+38 -3.4e+38 -3.4e+38
0.291527450084686 0.292607933282852 0.30118602514267 0.30393660068512 0.301250576972961 0.290044277906418 0.293038874864578 0.30437508225441 -3.4e+38 -3.4e+38 -3.4e+38 -3.4e+38 -3.4e+38 -3.4e+38 -3.4e+38 -3.4e+38 -3.4e+38 -3.4e+38 -3.4e+38 -3.4e+38 -3.4e+38 -3.4e+38 -3.4e+38 -3.4e+38 -3.4e+38 -3.4e+38 -3.4e+38 -3.4e+38 -3.4e+38 -3.4e+38 -3.4e+38 -3.4e+38 -3.4e+38 -3.4e+38 -3.4e+38 -3.4e+38 -3.4e+38 -3.4e+38 -3.4e+38 -3.4e+38 -3.4e+38 -3.4e+38 -3.4e+38 -3.4e+38 -3.4e+38
