data/1_raw/trimmed_ndre/Aes_ndre.73.2009_no_clouds.asc
NCOLS 109 
NROWS 101 
XLLCORNER 466110 
YLLCORNER 5182005 
CELLSIZE 5 
NODATA_value -3.4e+38 
[rows 40 to 59 of 101, columns 0 to 44 of 109]
-3.4e+38 -3.4e+38 -3.4e+38 -3.4e+38 -3.4e+38 -3.4e+38 -3.4e+38 -3.4e+38 -3.4e+38 -3.4e+38 -3.4e+38 -3.4e+38 0.346836090087891 0.341304987668991 0.337096631526947 0.3306485414505 0.305332124233246 0.277553677558899 0.287231147289276 0.298751413822174 0.319718092679977 0.350633293390274 0.375286132097244 0.411493271589279 0.436641991138458 0.433046966791153 0.441788911819458 0.441790044307709 0.433849304914474 0.415496587753296 0.387428998947144 0.372557759284973 0.356728732585907 0.358831703662872 0.335805922746658 0.265988945960999 0.21488282084465 0.1896892786026 0.15800116956234 0.133127823472023 0.122268781065941 0.134062871336937 0.13931055366993 0.129971995949745 0.143198996782303
-3.4e+38 -3.4e+38 -3.4e+38 -3.4e+38 -3.4e+38 -3.4e+38 -3.4e+38 -3.4e+38 -3.4e+38 -3.4e+38 -3.4e+38 -3.4e+38 0.311342775821686 0.316023319959641 0.308881431818008 0.284316271543503 0.269219249486923 0.27585107088089 0.312222838401794 0.328261494636536 0.355635493993759 0.383261233568192 0.390162438154221 0.421827077865601 0.447852522134781 0.445199280977249 0.454470425844193 0.447612881660461 0.432929784059525 0.422541111707687 0.382432013750076 0.346193224191666 0.324531316757202 0.318064510822296 0.299251109361649 0.238851517438889 0.178844705224037 0.154382169246674 0.145956233143806 0.14406481385231 0.138086706399918 0.139775574207306 0.126556679606438 0.119687870144844 0.148704648017883
-3.4e+38 -3.4e+38 -3.4e+38 -3.4e+38 -3.4e+38 -3.4e+38 -3.4e+38 -3.4e+38 -3.4e+38 -3.4e+38 -3.4e+38 0.315449655056 0.322825282812119 0.312763959169388 0.282212823629379 0.274158179759979 0.290607392787933 0.32440647482872 0.355146914720535 0.365022212266922 0.385195910930634 0.403245091438293 0.41101798415184 0.446064740419388 0.454312235116959 0.442636787891388 0.450583964586258 0.441052258014679 0.412143111228943 0.389970302581787 0.361805528402328 0.344533979892731 0.294470131397247 0.240755870938301 0.219471096992493 0.184828594326973 0.153780311346054 0.140661016106606 0.152247235178947 0.156523138284683 0.142397880554199 0.143980920314789 0.131419956684113 0.127256825566292 0.154009655117989
-3.4e+38 -3.4e+38 -3.4e+38 -3.4e+38 -3.4e+38 -3.4e+38 -3.4e+38 -3.4e+38 -3.4e+38 -3.4e+38 -3.4e+38 0.319818019866943 0.313914477825165 0.298899501562119 0.286797106266022 0.298288226127625 0.329570472240448 0.378781110048294 0.3898766040802 0.385296136140823 0.399884581565857 0.41116988658905 0.413076251745224 0.433546602725983 0.452696114778519 0.437100201845169 0.426981180906296 0.431944042444229 0.396038293838501 0.364309072494507 0.356732994318008 0.349357932806015 0.280574053525925 0.19753198325634 0.176324084401131 0.155762314796448 0.16482874751091 0.176055550575256 0.169216483831406 0.15955114364624 0.149999633431435 0.157437980175018 0.151803135871887 0.146698400378227 0.153316423296928
-3.4e+38 -3.4e+38 -3.4e+38 -3.4e+38 -3.4e+38 -3.4e+38 -3.4e+38 -3.4e+38 -3.4e+38 -3.4e+38 -3.4e+38 0.304062306880951 0.270533263683319 0.269032090902328 0.281314194202423 0.310326725244522 0.336780339479446 0.379650741815567 0.407731175422668 0.409089177846909 0.416185438632965 0.421855032444 0.416439145803452 0.425477147102356 0.461524873971939 0.465319782495499 0.426336407661438 0.39195927977562 0.361674010753632 0.367703288793564 0.344541430473328 0.285976827144623 0.226906552910805 0.180521294474602 0.156841173768044 0.151792913675308 0.180463209748268 0.189159497618675 0.15911765396595 0.161402925848961 0.164303287863731 0.168133780360222 0.162241756916046 0.155652672052383 0.151578933000565
-3.4e+38 -3.4e+38 -3.4e+38 -3.4e+38 -3.4e+38 -3.4e+38 -3.4e+38 -3.4e+38 -3.4e+38 -3.4e+38 -3.4e+38 0.312843203544617 0.259461104869843 0.260912090539932 0.300466686487198 0.332821816205978 0.348804354667664 0.373648881912231 0.392416477203369 0.40695133805275 0.414961636066437 0.421861737966537 0.424361497163773 0.436891704797745 0.455202281475067 0.451536744832993 0.404488503932953 0.354495525360107 0.341699451208115 0.346514105796814 0.279002130031586 0.177842006087303 0.170935466885567 0.17659205198288 0.166979551315308 0.152156859636307 0.162189364433289 0.172507554292679 0.16707968711853 0.165935561060905 0.147933527827263 0.170786991715431 0.177212864160538 0.172990724444389 0.192409709095955
-3.4e+38 -3.4e+38 -3.4e+38 -3.4e+38 -3.4e+38 -3.4e+38 -3.4e+38 -3.4e+38 -3.4e+38 -3.4e+38 0.345825701951981 0.308216154575348 0.257778078317642 0.274271905422211 0.340277314186096 0.367514848709106 0.38026887178421 0.380731731653214 0.380374103784561 0.390538662672043 0.396371275186539 0.405172556638718 0.418505281209946 0.430783599615097 0.431927710771561 0.414051353931427 0.382527381181717 0.355944335460663 0.318777620792389 0.259389013051987 0.199443176388741 0.152114644646645 0.160390049219131 0.175618514418602 0.199093192815781 0.193506240844727 0.17178025841713 0.159205123782158 0.16916386783123 0.179517775774002 0.16309629380703 0.164901122450829 0.181449666619301 0.208187714219093 0.248257145285606
-3.4e+38 -3.4e+38 -3.4e+38 -3.4e+38 -3.4e+38 -3.4e+38 -3.4e+38 -3.4e+38 -3.4e+38 -3.4e+38 0.323352158069611 0.289360553026199 0.271689832210541 0.295239180326462 0.339762300252914 0.34510412812233 0.369564443826675 0.37472128868103 0.368285298347473 0.368798583745956 0.375051975250244 0.395180314779282 0.413819819688797 0.414772421121597 0.408239513635635 0.394977152347565 0.379056245088577 0.35178542137146 0.266996383666992 0.173384472727776 0.165152966976166 0.165031403303146 0.157278627157211 0.155938506126404 0.184206411242485 0.182347893714905 0.165969237685204 0.168925255537033 0.167189046740532 0.183050572872162 0.178693145513535 0.15548138320446 0.192426890134811 0.264518976211548 0.316065579652786
-3.4e+38 -3.4e+38 -3.4e+38 -3.4e+38 -3.4e+38 -3.4e+38 -3.4e+38 -3.4e+38 -3.4e+38 -3.4e+38 0.294345438480377 0.280982702970505 0.301678985357285 0.316531300544739 0.329526513814926 0.32523101568222 0.344399631023407 0.35969877243042 0.355330228805542 0.347676306962967 0.348854422569275 0.371479064226151 0.389205366373062 0.387750208377838 0.389087706804276 0.386071056127548 0.356504321098328 0.304939955472946 0.236891627311707 0.158861607313156 0.141812667250633 0.146523743867874 0.152712911367416 0.154997646808624 0.165544003248215 0.152560874819756 0.15421849489212 0.16928131878376 0.160069495439529 0.158435299992561 0.188260331749916 0.218117326498032 0.27712944149971 0.345454394817352 0.397313177585602
-3.4e+38 -3.4e+38 -3.4e+38 -3.4e+38 -3.4e+38 -3.4e+38 -3.4e+38 -3.4e+38 -3.4e+38 0.294898986816406 0.265823066234589 0.2847059071064 0.328607499599457 0.327021479606628 0.329901337623596 0.341124206781387 0.351969867944717 0.353260457515717 0.345580816268921 0.330708056688309 0.32685974240303 0.335857599973679 0.351378738880157 0.358665525913239 0.36495304107666 0.354789584875107 0.297536075115204 0.225099503993988 0.214902311563492 0.168072745203972 0.127291113138199 0.134411349892616 0.166098043322563 0.173118472099304 0.161355316638947 0.156192824244499 0.160457342863083 0.167766556143761 0.168172523379326 0.172633245587349 0.241680577397346 0.333546668291092 0.385128796100616 0.400732100009918 0.419752657413483
-3.4e+38 -3.4e+38 -3.4e+38 -3.4e+38 -3.4e+38 -3.4e+38 -3.4e+38 -3.4e+38 -3.4e+38 0.290969997644424 0.2584268450737 0.295845776796341 0.34637862443924 0.330871999263763 0.337593197822571 0.364021301269531 0.37660163640976 0.369603455066681 0.351466774940491 0.340249240398407 0.337677448987961 0.328618079423904 0.333839744329453 0.334975749254227 0.321699321269989 0.293674319982529 0.223675593733788 0.155028969049454 0.170862466096878 0.163174077868462 0.135257035493851 0.145212188363075 0.166768223047256 0.16430227458477 0.165816485881805 0.172198385000229 0.156320706009865 0.164103612303734 0.196156859397888 0.231494724750519 0.315879851579666 0.397816270589828 0.435116529464722 0.428446769714355 0.420309871435165
-3.4e+38 -3.4e+38 -3.4e+38 -3.4e+38 -3.4e+38 -3.4e+38 -3.4e+38 -3.4e+38 -3.4e+38 0.293968468904495 0.277211636304855 0.308255970478058 0.333838850259781 0.316022217273712 0.324598222970963 0.349589347839355 0.366554796695709 0.361288726329803 0.351319640874863 0.354637801647186 0.358371794223785 0.337879478931427 0.314141660928726 0.298542439937592 0.272553682327271 0.222976341843605 0.171123519539833 0.130162641406059 0.136756375432014 0.156713545322418 0.160659238696098 0.146716773509979 0.139927580952644 0.152018398046494 0.16906526684761 0.171820268034935 0.153203070163727 0.164950087666512 0.245063275098801 0.326657086610794 0.381421834230423 0.42376920580864 0.449360638856888 0.455023229122162 0.455849528312683
-3.4e+38 -3.4e+38 -3.4e+38 -3.4e+38 -3.4e+38 -3.4e+38 -3.4e+38 -3.4e+38 -3.4e+38 0.286549597978592 0.293991893529892 0.322565525770187 0.325348913669586 0.311476618051529 0.321300208568573 0.337451875209808 0.333360284566879 0.34069412946701 0.357687532901764 0.37141427397728 0.373412251472473 0.324696153402328 0.269042611122131 0.251726448535919 0.212027162313461 0.161999925971031 0.161883428692818 0.134593904018402 0.123941376805305 0.15608386695385 0.161541596055031 0.149137809872627 0.143561601638794 0.154018744826317 0.155260115861893 0.168255403637886 0.184649735689163 0.21054396033287 0.315400511026382 0.410278975963593 0.424714326858521 0.434318363666534 0.469348281621933 0.490484178066254 0.482265502214432
-3.4e+38 -3.4e+38 -3.4e+38 -3.4e+38 -3.4e+38 -3.4e+38 -3.4e+38 -3.4e+38 0.27106511592865 0.274505764245987 0.30980509519577 0.344312727451324 0.339731454849243 0.311560422182083 0.317705243825912 0.338192731142044 0.314881443977356 0.352483153343201 0.405343025922775 0.379263430833817 0.326903253793716 0.26674547791481 0.216609761118889 0.198208674788475 0.178482219576836 0.142226174473763 0.131820484995842 0.123589009046555 0.124595187604427 0.144697442650795 0.146484106779099 0.152308911085129 0.155353263020515 0.150941252708435 0.165357187390327 0.170797392725945 0.22334560751915 0.305711209774017 0.388247936964035 0.447723656892776 0.459095656871796 0.455013453960419 0.484260469675064 0.512994229793549 0.500604271888733
-3.4e+38 -3.4e+38 -3.4e+38 -3.4e+38 -3.4e+38 -3.4e+38 -3.4e+38 -3.4e+38 0.258584022521973 0.286345988512039 0.327377945184708 0.348943293094635 0.337043225765228 0.307135432958603 0.312719106674194 0.33576625585556 0.317180991172791 0.332777619361877 0.347638040781021 0.29926398396492 0.242315784096718 0.202785715460777 0.18352173268795 0.16487754881382 0.163295894861221 0.129001885652542 0.106504768133163 0.13351745903492 0.131611555814743 0.134472087025642 0.138845697045326 0.140526548027992 0.152344599366188 0.156617447733879 0.169961154460907 0.179391667246819 0.269796520471573 0.386587530374527 0.436906009912491 0.459037095308304 0.465929180383682 0.469136625528336 0.486881971359253 0.513922154903412 0.510568618774414
-3.4e+38 -3.4e+38 -3.4e+38 -3.4e+38 -3.4e+38 -3.4e+38 -3.4e+38 -3.4e+38 0.264935940504074 0.312601536512375 0.333814233541489 0.34188523888588 0.332697421312332 0.314132124185562 0.318230420351028 0.330374270677567 0.306837528944016 0.277986288070679 0.248030588030815 0.212145090103149 0.179906845092773 0.169839948415756 0.161728098988533 0.14002138376236 0.135967209935188 0.141280710697174 0.133035466074944 0.131927594542503 0.128536909818649 0.142284154891968 0.144562855362892 0.135939344763756 0.146377697587013 0.153432816267014 0.192988842725754 0.23635858297348 0.316609442234039 0.428167462348938 0.482601642608643 0.484272986650467 0.479465186595917 0.476303577423096 0.485248744487762 0.499494463205338 0.520404577255249
-3.4e+38 -3.4e+38 -3.4e+38 -3.4e+38 -3.4e+38 -3.4e+38 -3.4e+38 0.238684147596359 0.252675384283066 0.316946446895599 0.32698580622673 0.339905261993408 0.340111494064331 0.325611889362335 0.306668490171432 0.293858140707016 0.264435142278671 0.220071062445641 0.183975145220757 0.158703476190567 0.14670130610466 0.147527024149895 0.143282905220985 0.125716671347618 0.124176919460297 0.147134155035019 0.132210671901703 0.111372463405132 0.112255796790123 0.126939475536346 0.136268883943558 0.133613184094429 0.13247911632061 0.155751377344131 0.241872012615204 0.316329121589661 0.366104602813721 0.45805686712265 0.513719797134399 0.493346333503723 0.466026037931442 0.47550842165947 0.498180657625198 0.502545654773712 0.516550600528717
-3.4e+38 -3.4e+38 -3.4e+38 -3.4e+38 -3.4e+38 -3.4e+38 -3.4e+38 0.229240208864212 0.272168636322021 0.337187558412552 0.335873961448669 0.339705497026443 0.326159507036209 0.301608681678772 0.284133523702621 0.258380204439163 0.217163234949112 0.16610886156559 0.147472947835922 0.134704813361168 0.12715657055378 0.130224317312241 0.136891722679138 0.129127606749535 0.123774543404579 0.142798945307732 0.123543046414852 0.105373822152615 0.119400076568127 0.134488895535469 0.144542783498764 0.145522698760033 0.157379254698753 0.200315713882446 0.2961805164814 0.384409040212631 0.425792843103409 0.479684829711914 0.511928737163544 0.494839280843735 0.480075120925903 0.513548493385315 0.542202353477478 0.525976955890656 0.509746134281158
-3.4e+38 -3.4e+38 -3.4e+38 -3.4e+38 -3.4e+38 -3.4e+38 -3.4e+38 0.236985266208649 0.318365752696991 0.374126136302948 0.362472593784332 0.350717663764954 0.330362558364868 0.293916463851929 0.259054452180862 0.214088976383209 0.182117357850075 0.153146803379059 0.146385535597801 0.133834153413773 0.133309707045555 0.136329054832458 0.124074891209602 0.122672528028488 0.121586158871651 0.127581596374512 0.125596538186073 0.11187332868576 0.128536254167557 0.14325438439846 0.141667351126671 0.161069229245186 0.214158803224564 0.281280845403671 0.357204139232635 0.413369327783585 0.462266832590103 0.501244425773621 0.513171494007111 0.521250128746033 0.530134677886963 0.529014468193054 0.526270806789398 0.516949772834778 0.511872053146362
-3.4e+38 -3.4e+38 -3.4e+38 -3.4e+38 -3.4e+38 -3.4e+38 0.225398764014244 0.254724323749542 0.35179790854454 0.373088866472244 0.356498807668686 0.341246873140335 0.331965774297714 0.285327643156052 0.207160323858261 0.158168435096741 0.1583511531353 0.144662156701088 0.135492086410522 0.13519474864006 0.152043059468269 0.161101430654526 0.139285609126091 0.132865116000175 0.138779744505882 0.14852412045002 0.161527872085571 0.144334301352501 0.125948056578636 0.136042177677155 0.156068295240402 0.183224856853485 0.272580862045288 0.37057289481163 0.410441786050797 0.433977425098419 0.485373884439468 0.529049754142761 0.530957698822021 0.534533083438873 0.542421579360962 0.531686663627625 0.519897162914276 0.520405888557434 0.521506369113922
