data/1_raw/trimmed_ndre/Aes_ndre.76.2012_no_clouds.asc
NCOLS 109 
NROWS 101 
XLLCORNER 466110 
YLLCORNER 5182005 
CELLSIZE 5 
NODATA_value -3.4e+38 
[rows 20 to 39 of 101, columns 45 to 89 of 109]
-3.4e+38 -3.4e+38 -3.4e+38 -3.4e+38 -3.4e+38 -3.4e+38 -3.4e+38 -3.4e+38 0.3710897564888 0.425389587879181 0.475911170244217 0.494434297084808 0.532846748828888 0.546446979045868 0.540819227695465 0.543461620807648 0.533761441707611 0.494654983282089 0.478765994310379 0.501664400100708 0.485876560211182 0.468731254339218 0.495729506015778 0.535759150981903 0.558970510959625 0.561930656433105 0.568892180919647 0.539961159229279 0.506572186946869 0.499633431434631 0.507237255573273 0.508137345314026 0.510864198207855 0.547283232212067 0.568682968616486 0.549328804016113 0.544148743152618 0.548222601413727 0.513532817363739 0.470948189496994 0.427202135324478 0.396755039691925 -3.4e+38 -3.4e+38 -3.4e+38
-3.4e+38 -3.4e+38 -3.4e+38 -3.4e+38 -3.4e+38 -3.4e+38 -3.4e+38 0.402416855096817 0.435739904642105 0.479647427797318 0.526511967182159 0.523391008377075 0.539104461669922 0.536258935928345 0.525113463401794 0.522548675537109 0.50445431470871 0.481545031070709 0.473956555128098 0.477278649806976 0.454986155033112 0.436497390270233 0.46199095249176 0.51785671710968 0.561497032642365 0.566664695739746 0.553796291351318 0.528980672359467 0.50711327791214 0.497265517711639 0.501835107803345 0.503856778144836 0.500208973884583 0.518745541572571 0.547752201557159 0.555417716503143 0.53116774559021 0.498868823051453 0.460470497608185 0.442514419555664 0.445983231067657 0.454298764467239 0.456383347511292 -3.4e+38 -3.4e+38
-3.4e+38 -3.4e+38 -3.4e+38 -3.4e+38 -3.4e+38 0.394869983196259 0.426070481538773 0.460160940885544 0.495419293642044 0.522662460803986 0.536405384540558 0.515314161777496 0.519838631153107 0.511093437671661 0.496560782194138 0.496521860361099 0.48940247297287 0.475377291440964 0.470758438110352 0.451210498809814 0.423367708921432 0.419569998979568 0.445125490427017 0.495627492666245 0.543185889720917 0.552499830722809 0.539546012878418 0.540242314338684 0.529084444046021 0.511769652366638 0.505949378013611 0.503277480602264 0.504545032978058 0.528883218765259 0.558613061904907 0.56914234161377 0.545380711555481 0.505196750164032 0.439051151275635 0.418038010597229 0.455315172672272 0.468178182840347 0.462703466415405 -3.4e+38 -3.4e+38
-3.4e+38 -3.4e+38 0.441298007965088 0.430171996355057 0.417525857686996 0.440172702074051 0.485937386751175 0.523926198482513 0.531904697418213 0.515417397022247 0.514143943786621 0.490948408842087 0.483847260475159 0.474679946899414 0.470342636108398 0.476455956697464 0.479458183050156 0.47119528055191 0.458415329456329 0.428839027881622 0.410086125135422 0.41652038693428 0.428957849740982 0.466473042964935 0.517639338970184 0.532540440559387 0.521956384181976 0.524030268192291 0.522565424442291 0.513362109661102 0.511498868465424 0.521596193313599 0.533959925174713 0.552485942840576 0.572654843330383 0.561927735805511 0.521034002304077 0.488863438367844 0.407440811395645 0.402400821447372 0.460687041282654 0.47253891825676 0.490041524171829 0.489734590053558 -3.4e+38
0.469111859798431 0.429006487131119 0.405678600072861 0.429500430822372 0.462260842323303 0.495649367570877 0.532611310482025 0.541262209415436 0.517865777015686 0.487532526254654 0.485527873039246 0.444951951503754 0.428767055273056 0.446580082178116 0.45734691619873 0.466462820768356 0.471802920103073 0.470707178115845 0.450883895158768 0.415602922439575 0.406285911798477 0.420345216989517 0.421593427658081 0.451109945774078 0.506479620933533 0.530756115913391 0.52432256937027 0.510635375976562 0.500468909740448 0.49857234954834 0.504973888397217 0.519151031970978 0.543653130531311 0.557615518569946 0.553757131099701 0.543672144412994 0.489646375179291 0.449756979942322 0.409866124391556 0.4022356569767 0.461705714464188 0.487162053585052 0.514846324920654 0.519837260246277 -3.4e+38
0.432314276695251 0.418363302946091 0.427493333816528 0.461560666561127 0.501628577709198 0.521939098834991 0.514463067054749 0.493194460868835 0.489088177680969 0.466890692710876 0.444097071886063 0.40696120262146 0.406011939048767 0.44315630197525 0.454003214836121 0.460232645273209 0.462691247463226 0.46755313873291 0.449419587850571 0.420769184827805 0.424889624118805 0.438160240650177 0.433902144432068 0.455524623394012 0.49935457110405 0.51726233959198 0.513784945011139 0.507041692733765 0.492045193910599 0.487430334091187 0.493578225374222 0.502191126346588 0.526505291461945 0.551712989807129 0.539149403572083 0.51524144411087 0.463885694742203 0.445789247751236 0.451401382684708 0.441994726657867 0.466001749038696 0.496447026729584 0.507167398929596 0.505876123905182 0.479047536849976
0.426682561635971 0.452525705099106 0.483510792255402 0.516013979911804 0.531364619731903 0.510343432426453 0.470704942941666 0.457278966903687 0.472652524709702 0.461101353168488 0.431968361139297 0.41313374042511 0.418654412031174 0.448446244001389 0.454520046710968 0.453522086143494 0.455473899841309 0.463060051202774 0.447849124670029 0.438703030347824 0.452121764421463 0.453311085700989 0.450571477413177 0.467132657766342 0.491220504045486 0.500165581703186 0.503049314022064 0.507290840148926 0.4994757771492 0.495690524578094 0.498810231685638 0.50330001115799 0.512348413467407 0.516492486000061 0.49088591337204 0.472486764192581 0.458931505680084 0.455084085464478 0.48925307393074 0.496662616729736 0.489391982555389 0.486633390188217 0.496812343597412 0.513843953609467 0.50737601518631
0.462269902229309 0.474887818098068 0.492560118436813 0.518010258674622 0.517577767372131 0.482686102390289 0.458206951618195 0.446461379528046 0.472042322158813 0.477266252040863 0.455564320087433 0.442316651344299 0.444229304790497 0.466893821954727 0.46961385011673 0.447982460260391 0.449061959981918 0.457247793674469 0.445614069700241 0.450965493917465 0.464479684829712 0.457251161336899 0.465012907981873 0.48948872089386 0.504121661186218 0.514233291149139 0.516473770141602 0.525458931922913 0.52624100446701 0.518892705440521 0.518329441547394 0.529219508171082 0.528864204883575 0.512559235095978 0.474004358053207 0.461279958486557 0.4698546230793 0.484879732131958 0.520897030830383 0.534582614898682 0.511450350284576 0.48199337720871 0.47619155049324 0.492230743169785 0.497406214475632
0.503138244152069 0.514501929283142 0.497052103281021 0.49014350771904 0.486403316259384 0.464702129364014 0.44644632935524 0.445409595966339 0.474887162446976 0.495328098535538 0.481060475111008 0.474159806966782 0.477174162864685 0.487937033176422 0.483951300382614 0.447623759508133 0.444457173347473 0.45706045627594 0.438634961843491 0.450936764478683 0.47797155380249 0.480754524469376 0.495158046483994 0.518243730068207 0.538203954696655 0.545602381229401 0.543667078018188 0.544544875621796 0.545877993106842 0.535073161125183 0.527197360992432 0.534530758857727 0.539987921714783 0.532875061035156 0.506013095378876 0.492813766002655 0.498650163412094 0.498425722122192 0.515128672122955 0.525822103023529 0.508983254432678 0.476507902145386 0.468190461397171 0.465855270624161 0.473115831613541
0.523549437522888 0.528191089630127 0.496280252933502 0.471755355596542 0.45875009894371 0.444808900356293 0.44537216424942 0.450348854064941 0.462833940982819 0.479574114084244 0.478948593139648 0.47942990064621 0.494414895772934 0.496699959039688 0.490104764699936 0.474475145339966 0.469860047101974 0.466542422771454 0.43781304359436 0.448270410299301 0.501312017440796 0.527159750461578 0.532342553138733 0.533950209617615 0.543622851371765 0.550722897052765 0.549068987369537 0.543529033660889 0.544576823711395 0.538990497589111 0.53279322385788 0.532051503658295 0.534624576568604 0.532101511955261 0.524410605430603 0.516951978206635 0.506984293460846 0.491497308015823 0.489233106374741 0.498639732599258 0.496803313493729 0.490111112594604 0.495505690574646 0.490334153175354 0.482689559459686
0.510250329971313 0.501329720020294 0.469382256269455 0.434766083955765 0.428985327482224 0.440027326345444 0.459169298410416 0.466437011957169 0.468859285116196 0.472942918539047 0.471043288707733 0.472957193851471 0.504570782184601 0.517974078655243 0.516974806785583 0.507652044296265 0.490961313247681 0.482287168502808 0.471080392599106 0.472551703453064 0.519715249538422 0.558787226676941 0.555481433868408 0.552007615566254 0.550743937492371 0.547093510627747 0.536634087562561 0.536285221576691 0.538784742355347 0.544754087924957 0.544123351573944 0.538066506385803 0.526618123054504 0.51307201385498 0.509519219398499 0.505667507648468 0.492173105478287 0.492560178041458 0.480781495571136 0.47392326593399 0.485214322805405 0.504044711589813 0.525041103363037 0.530322194099426 0.507813692092896
0.493902087211609 0.459813684225082 0.427613496780396 0.400942176580429 0.416426569223404 0.446415603160858 0.463448315858841 0.466369599103928 0.464010894298553 0.472988188266754 0.483152836561203 0.484450906515121 0.511208117008209 0.530744314193726 0.523654341697693 0.499442428350449 0.472124308347702 0.473824977874756 0.496939033269882 0.51103276014328 0.524419724941254 0.547660171985626 0.554736256599426 0.549927711486816 0.549570977687836 0.548181235790253 0.542221784591675 0.540416836738586 0.542121589183807 0.551779270172119 0.56096750497818 0.559414982795715 0.550328314304352 0.524373948574066 0.503274857997894 0.486680328845978 0.471395075321198 0.478897631168365 0.476192802190781 0.46905791759491 0.478119730949402 0.501265704631805 0.538853824138641 0.557450592517853 0.528954923152924
0.492738962173462 0.445817738771439 0.413706302642822 0.409146517515182 0.42852920293808 0.449913024902344 0.457862108945847 0.455090045928955 0.452776342630386 0.470869600772858 0.490853875875473 0.50024425983429 0.509284377098083 0.517434000968933 0.51064258813858 0.49922850728035 0.476067036390305 0.482006818056107 0.516130924224854 0.544887065887451 0.55307412147522 0.551042139530182 0.541466593742371 0.535206615924835 0.525328457355499 0.523649156093597 0.536351263523102 0.549514710903168 0.554633796215057 0.556645333766937 0.567460477352142 0.576960682868958 0.571778953075409 0.553959250450134 0.528900802135468 0.495914489030838 0.463575035333633 0.455298215150833 0.457293897867203 0.465785264968872 0.473499268293381 0.485158354043961 0.525200128555298 0.560043156147003 0.554408967494965
0.489729672670364 0.453455001115799 0.438214749097824 0.442179501056671 0.455931603908539 0.461811989545822 0.456507831811905 0.452984541654587 0.457549035549164 0.478529572486877 0.504744946956635 0.509253561496735 0.499298542737961 0.498501121997833 0.501002669334412 0.506980419158936 0.507625818252563 0.514055788516998 0.537638604640961 0.560224115848541 0.562107861042023 0.546537280082703 0.536328971385956 0.53688907623291 0.527946949005127 0.527116298675537 0.545956313610077 0.559859216213226 0.571351826190948 0.568871557712555 0.572610199451447 0.570887982845306 0.553732335567474 0.537939488887787 0.517533957958221 0.484917789697647 0.450212627649307 0.434985846281052 0.428812921047211 0.432627320289612 0.442136228084564 0.463864713907242 0.508430540561676 0.55589634180069 0.58090078830719
0.485051929950714 0.465520918369293 0.461762696504593 0.466263115406036 0.470171391963959 0.463799357414246 0.462504088878632 0.470193415880203 0.486533641815186 0.512692809104919 0.513660430908203 0.506851434707642 0.494225561618805 0.493466168642044 0.5173579454422 0.533527314662933 0.538494408130646 0.532709002494812 0.534353494644165 0.539823412895203 0.542686998844147 0.539034783840179 0.540096163749695 0.551358103752136 0.55480295419693 0.560237526893616 0.560175716876984 0.555251598358154 0.556413769721985 0.561350584030151 0.564752399921417 0.55315774679184 0.531953930854797 0.532562434673309 0.521740138530731 0.477793186903 0.4424187541008 0.431741446256638 0.424631953239441 0.415204882621765 0.418063342571259 0.45542511343956 0.50821590423584 0.552565515041351 0.589104831218719
0.480918794870377 0.470253646373749 0.479123026132584 0.479686856269836 0.465379059314728 0.454124212265015 0.46189296245575 0.480603814125061 0.512749016284943 0.536125361919403 0.509654223918915 0.498725563287735 0.508920311927795 0.518231391906738 0.542051315307617 0.552208006381989 0.547156751155853 0.528984785079956 0.513913571834564 0.514732778072357 0.536155462265015 0.546448767185211 0.536718487739563 0.547199428081512 0.573171436786652 0.590707540512085 0.589845836162567 0.573717415332794 0.557248890399933 0.555386781692505 0.555233061313629 0.54779988527298 0.543564438819885 0.542661547660828 0.525856673717499 0.481035739183426 0.436746418476105 0.426894932985306 0.429725706577301 0.421370208263397 0.409357815980911 0.439308226108551 0.497718632221222 0.542809724807739 0.569589197635651
0.504675209522247 0.506271481513977 0.496068298816681 0.48366180062294 0.465896636247635 0.449716448783875 0.459121942520142 0.485618829727173 0.511837244033813 0.529243230819702 0.502480030059814 0.504746735095978 0.533216118812561 0.544770777225494 0.551159143447876 0.54550176858902 0.531621754169464 0.512379348278046 0.509732067584991 0.515652656555176 0.535265028476715 0.558679163455963 0.542588174343109 0.53646445274353 0.558450222015381 0.579319894313812 0.580893635749817 0.574179947376251 0.56904399394989 0.571778833866119 0.566431403160095 0.558451116085052 0.55434775352478 0.525693118572235 0.493629485368729 0.45861405134201 0.42822054028511 0.422958105802536 0.43189612030983 0.441852480173111 0.441946476697922 0.465076208114624 0.504972279071808 0.534223198890686 0.566726446151733
0.507824540138245 0.512442350387573 0.489951461553574 0.476974666118622 0.473515778779984 0.4626844227314 0.476574450731277 0.494922041893005 0.503317654132843 0.523367822170258 0.51679265499115 0.519662439823151 0.546176493167877 0.549905717372894 0.545414209365845 0.527013659477234 0.512771666049957 0.51014256477356 0.521674871444702 0.52447772026062 0.53312087059021 0.560521245002747 0.562517285346985 0.550572693347931 0.560609221458435 0.559622824192047 0.54398512840271 0.540391504764557 0.554437696933746 0.569381833076477 0.565670728683472 0.554583728313446 0.542975544929504 0.519920885562897 0.487611830234528 0.446713387966156 0.417442083358765 0.434201657772064 0.443537026643753 0.450397044420242 0.47278356552124 0.497271537780762 0.519331037998199 0.534221529960632 0.562712430953979
0.479475915431976 0.486603170633316 0.47345107793808 0.469791829586029 0.481538742780685 0.48042756319046 0.500038504600525 0.52051717042923 0.512588620185852 0.513176798820496 0.524338006973267 0.528165102005005 0.5417121052742 0.546535789966583 0.538609206676483 0.523152709007263 0.516572654247284 0.524129807949066 0.539518773555756 0.533673048019409 0.526813447475433 0.535195767879486 0.533128499984741 0.530970275402069 0.548067390918732 0.543938755989075 0.527833998203278 0.53030252456665 0.553747296333313 0.569431245326996 0.559460878372192 0.536132752895355 0.534467220306396 0.526324927806854 0.488555341959 0.424745947122574 0.409320861101151 0.442766398191452 0.444990247488022 0.455510526895523 0.490456789731979 0.501182317733765 0.524814963340759 0.542770385742188 0.547158777713776
0.462801486253738 0.47558382153511 0.480479389429092 0.485528588294983 0.490063369274139 0.484080195426941 0.498939692974091 0.521157562732697 0.514937996864319 0.503173589706421 0.519776582717896 0.551716566085815 0.557066798210144 0.545249104499817 0.538221895694733 0.536173760890961 0.533720910549164 0.542010188102722 0.549079895019531 0.539685904979706 0.527038335800171 0.52941906452179 0.518100619316101 0.520863771438599 0.536105990409851 0.52985405921936 0.518414556980133 0.522429406642914 0.547378301620483 0.568464696407318 0.571296870708466 0.561343610286713 0.544651091098785 0.519377648830414 0.464860558509827 0.404513537883759 0.400804281234741 0.450405687093735 0.448911160230637 0.484581410884857 0.516178846359253 0.500833809375763 0.514966487884521 0.536946296691895 0.534027516841888
