data/1_raw/trimmed_ndre/Aes_ndre.615.2012_no_clouds.asc
NCOLS 109 
NROWS 101 
XLLCORNER 466110 
YLLCORNER 5182005 
CELLSIZE 5 
NODATA_value -3.4e+38 
[rows 60 to 79 of 101, columns 45 to 89 of 109]
0.393699526786804 0.412502467632294 0.440725326538086 0.472307950258255 0.524031221866608 0.52770060300827 0.496372252702713 0.495862126350403 0.48491957783699 0.475419104099274 0.468696981668472 0.472006022930145 0.463726341724396 0.439156323671341 0.44683238863945 0.47584456205368 0.489606320858002 0.518450677394867 0.535986185073853 0.531884789466858 0.514040410518646 0.504156053066254 0.505877673625946 0.501841962337494 0.500835955142975 0.513482809066772 0.532375454902649 0.523915529251099 0.514075219631195 0.526110529899597 0.529549717903137 0.515651524066925 0.515540480613708 0.515265166759491 0.499902814626694 0.502819180488586 0.516161918640137 0.525550007820129 0.536941587924957 0.561985552310944 0.59144252538681 0.609679877758026 0.603415548801422 0.588772416114807 0.582633435726166
0.409268438816071 0.435594409704208 0.470240235328674 0.506250739097595 0.527303755283356 0.5276939868927 0.4885573387146 0.477941453456879 0.509006917476654 0.518504500389099 0.500373840332031 0.5063197016716 0.506532728672028 0.490194261074066 0.490372478961945 0.490224719047546 0.484975159168243 0.490352421998978 0.501143872737885 0.496736347675323 0.484748512506485 0.479722559452057 0.494685143232346 0.506562054157257 0.51136702299118 0.529215693473816 0.549262225627899 0.52716189622879 0.509057939052582 0.519470870494843 0.541914761066437 0.541899919509888 0.522521257400513 0.51058703660965 0.509033501148224 0.505627930164337 0.508572816848755 0.517838001251221 0.522906303405762 0.547045171260834 0.576643168926239 0.59011834859848 0.585402488708496 0.590578734874725 0.5846888422966
0.413162261247635 0.466580480337143 0.495173692703247 0.517910659313202 0.525241255760193 0.52267062664032 0.489521622657776 0.479345560073853 0.525664269924164 0.552673101425171 0.530128419399261 0.52612692117691 0.526896476745605 0.532498896121979 0.540702521800995 0.541411280632019 0.535725474357605 0.52331018447876 0.500675618648529 0.486774682998657 0.487419217824936 0.488475680351257 0.508241772651672 0.520569324493408 0.513007938861847 0.523841738700867 0.535591900348663 0.521532833576202 0.513005435466766 0.523900985717773 0.544137418270111 0.543220102787018 0.518705606460571 0.50111973285675 0.500840187072754 0.499528110027313 0.501214623451233 0.522744238376617 0.539614319801331 0.543778240680695 0.560578763484955 0.564582705497742 0.551577687263489 0.566907644271851 0.566029727458954
0.422205597162247 0.487430274486542 0.514146864414215 0.513867437839508 0.509173393249512 0.519290924072266 0.517006456851959 0.52102130651474 0.542627990245819 0.565456926822662 0.56634396314621 0.559940576553345 0.549181163311005 0.545036435127258 0.546797871589661 0.556073844432831 0.560615956783295 0.551572442054749 0.539397716522217 0.529538094997406 0.528171837329865 0.528051793575287 0.560633361339569 0.565721690654755 0.531344950199127 0.523586273193359 0.525747537612915 0.518568217754364 0.511487603187561 0.5142542719841 0.536381423473358 0.533779978752136 0.51162976026535 0.506667137145996 0.500350177288055 0.501365900039673 0.50272923707962 0.521332263946533 0.545243740081787 0.551431775093079 0.564347982406616 0.555210053920746 0.529274046421051 0.540722012519836 0.53971916437149
0.432612925767899 0.495858669281006 0.511810779571533 0.492093682289124 0.491643279790878 0.517028033733368 0.52496200799942 0.523168087005615 0.530499398708344 0.561547994613647 0.581831634044647 0.58333432674408 0.58189457654953 0.577674567699432 0.578658282756805 0.579753339290619 0.581786453723907 0.580080449581146 0.580434858798981 0.582721829414368 0.574075698852539 0.561433136463165 0.586286067962646 0.586993932723999 0.550379037857056 0.546948611736298 0.542827606201172 0.528620660305023 0.527109265327454 0.530417323112488 0.535271227359772 0.53487640619278 0.528907656669617 0.542053461074829 0.541739284992218 0.526096642017365 0.517305791378021 0.523009955883026 0.543664216995239 0.565114736557007 0.577687442302704 0.568267464637756 0.545819342136383 0.544572412967682 0.5302734375
0.450594902038574 0.484381347894669 0.486423403024673 0.471310913562775 0.481177777051926 0.511141657829285 0.526849389076233 0.516871511936188 0.514306783676147 0.550005853176117 0.568256497383118 0.568416714668274 0.57457709312439 0.581038475036621 0.584666788578033 0.579353272914886 0.58095520734787 0.587729036808014 0.591852009296417 0.599356651306152 0.587801098823547 0.568461835384369 0.57128119468689 0.571351885795593 0.557654440402985 0.567914307117462 0.564912617206573 0.545205950737 0.539290964603424 0.534175097942352 0.530736923217773 0.551527738571167 0.546907305717468 0.532236695289612 0.549241840839386 0.554614245891571 0.545806169509888 0.544481337070465 0.551154375076294 0.558208107948303 0.56492030620575 0.565150916576385 0.558174312114716 0.544537127017975 0.525555372238159
0.467540472745895 0.469841778278351 0.468296229839325 0.467317342758179 0.475348383188248 0.500141024589539 0.51724910736084 0.514275431632996 0.515990257263184 0.538471817970276 0.547830104827881 0.543165922164917 0.543104827404022 0.544822633266449 0.541658937931061 0.541314363479614 0.551424622535706 0.566737234592438 0.571146488189697 0.566645324230194 0.563535273075104 0.550884783267975 0.543593168258667 0.54836505651474 0.551119089126587 0.554892897605896 0.540371000766754 0.510296761989594 0.496793836355209 0.495101183652878 0.513060688972473 0.535058617591858 0.552478015422821 0.550743281841278 0.561732292175293 0.564144313335419 0.567655503749847 0.568611621856689 0.57965075969696 0.576741278171539 0.559455215930939 0.557295799255371 0.5500448346138 0.5267333984375 0.511949360370636
0.487807214260101 0.468056559562683 0.46079283952713 0.465785056352615 0.468532353639603 0.486018031835556 0.509258806705475 0.519995868206024 0.520623087882996 0.531255841255188 0.547838270664215 0.555562973022461 0.53886091709137 0.518334031105042 0.491129785776138 0.487440675497055 0.504024982452393 0.513727605342865 0.505518078804016 0.49994769692421 0.5184286236763 0.520916223526001 0.516688287258148 0.517845988273621 0.507871448993683 0.493897348642349 0.461213380098343 0.430348783731461 0.427076399326324 0.439297646284103 0.473571240901947 0.503999650478363 0.543723165988922 0.567184925079346 0.561499774456024 0.549309134483337 0.564182698726654 0.588768720626831 0.604616641998291 0.5871502161026 0.555157124996185 0.555080056190491 0.545276701450348 0.520055413246155 0.505593121051788
0.51662015914917 0.497328728437424 0.487166076898575 0.482713371515274 0.478756487369537 0.486824035644531 0.51172935962677 0.528426051139832 0.525322377681732 0.538823485374451 0.568384826183319 0.591211915016174 0.571871280670166 0.526094496250153 0.468827426433563 0.443330347537994 0.462791532278061 0.472050249576569 0.467865824699402 0.46306249499321 0.462633013725281 0.449947357177734 0.434851348400116 0.431573808193207 0.427144378423691 0.419203251600266 0.397504389286041 0.370522946119308 0.370918691158295 0.388324588537216 0.441880375146866 0.490765511989594 0.52377051115036 0.542410314083099 0.538887739181519 0.534494698047638 0.558590173721313 0.589991390705109 0.594810903072357 0.567690491676331 0.548591434955597 0.551769375801086 0.541935861110687 0.524200320243835 0.520116806030273
0.536119341850281 0.530068159103394 0.513866722583771 0.497362613677979 0.495656847953796 0.503515243530273 0.523246884346008 0.539264440536499 0.535749197006226 0.547803401947021 0.573158919811249 0.591513395309448 0.59028959274292 0.551353335380554 0.509416401386261 0.472041100263596 0.475128263235092 0.480181962251663 0.482933461666107 0.454980671405792 0.413646966218948 0.375293284654617 0.36884480714798 0.378619849681854 0.391523033380508 0.386061728000641 0.356810688972473 0.32919242978096 0.340700596570969 0.374032348394394 0.432123720645905 0.496589779853821 0.521890044212341 0.536363661289215 0.537740767002106 0.547483146190643 0.566315054893494 0.576279819011688 0.567354798316956 0.547258138656616 0.538765609264374 0.532625257968903 0.513834536075592 0.508009910583496 0.524547159671783
0.522056698799133 0.523762166500092 0.504868686199188 0.485921591520309 0.484771341085434 0.501689672470093 0.499348312616348 0.513902366161346 0.532512366771698 0.542763948440552 0.547923624515533 0.557630121707916 0.570027589797974 0.575243294239044 0.568112432956696 0.540248572826385 0.519290268421173 0.514502644538879 0.516748547554016 0.485794961452484 0.43749788403511 0.410426199436188 0.413948893547058 0.427847117185593 0.432450383901596 0.417959749698639 0.391252666711807 0.367495566606522 0.366352200508118 0.391145765781403 0.426075994968414 0.494015604257584 0.538837075233459 0.557943224906921 0.576299905776978 0.583940923213959 0.581271708011627 0.569287002086639 0.554789781570435 0.541239619255066 0.532918453216553 0.509044885635376 0.481177121400833 0.475259721279144 0.510062217712402
0.487813830375671 0.496129482984543 0.500671982765198 0.49663233757019 0.492155104875565 0.489410102367401 0.469925165176392 0.483595252037048 0.520356357097626 0.532160639762878 0.523984134197235 0.51641321182251 0.527592718601227 0.567894518375397 0.591893970966339 0.584119558334351 0.559886574745178 0.546854317188263 0.552664279937744 0.539941906929016 0.519585311412811 0.511321902275085 0.50299209356308 0.511316359043121 0.511611521244049 0.498118430376053 0.468715757131577 0.44076880812645 0.416922688484192 0.414756804704666 0.426369518041611 0.48744598031044 0.559920907020569 0.59113347530365 0.612185001373291 0.604330599308014 0.582952797412872 0.561522901058197 0.551745414733887 0.552772879600525 0.541380703449249 0.516279101371765 0.476334512233734 0.466515898704529 0.501899361610413
0.472238421440125 0.467414140701294 0.470047026872635 0.476909875869751 0.49234277009964 0.493734061717987 0.485832899808884 0.493429392576218 0.523163974285126 0.534279823303223 0.505166292190552 0.492843508720398 0.512940168380737 0.542893648147583 0.56373131275177 0.55853682756424 0.545040547847748 0.543829917907715 0.558092832565308 0.557860314846039 0.555465936660767 0.558251202106476 0.554668724536896 0.55453896522522 0.556098222732544 0.534999310970306 0.501992583274841 0.483166426420212 0.465967625379562 0.452683478593826 0.459918677806854 0.504343569278717 0.572717249393463 0.605868279933929 0.616640448570251 0.601054549217224 0.564585030078888 0.548763453960419 0.549392282962799 0.565954625606537 0.565293252468109 0.546560764312744 0.494325399398804 0.470505326986313 0.497568666934967
0.438972622156143 0.435599982738495 0.431678026914597 0.44279220700264 0.480658352375031 0.503709375858307 0.497931689023972 0.494825720787048 0.523240864276886 0.533691585063934 0.497403711080551 0.49974912405014 0.535229384899139 0.554862916469574 0.565138518810272 0.551308989524841 0.536999702453613 0.53652286529541 0.539317846298218 0.536452353000641 0.532333970069885 0.533882081508636 0.541148722171783 0.541055798530579 0.534736156463623 0.514804005622864 0.492137759923935 0.492014557123184 0.496905326843262 0.498632311820984 0.51329118013382 0.540013432502747 0.581984281539917 0.608471870422363 0.608615636825562 0.585347771644592 0.551573514938354 0.546072244644165 0.547292053699493 0.568046152591705 0.582892775535583 0.571597278118134 0.529143929481506 0.498832434415817 0.502306580543518
0.441679328680038 0.444024831056595 0.439138263463974 0.434079647064209 0.447742998600006 0.452893257141113 0.461799412965775 0.482739448547363 0.517466247081757 0.527594983577728 0.507921993732452 0.52055037021637 0.550248384475708 0.566500723361969 0.575343489646912 0.569553256034851 0.555693328380585 0.546357810497284 0.541684031486511 0.540136396884918 0.536925554275513 0.519649863243103 0.517417788505554 0.518933057785034 0.518453061580658 0.512374460697174 0.494327247142792 0.493993163108826 0.511323630809784 0.533798217773438 0.549627423286438 0.567724883556366 0.589013814926147 0.604491353034973 0.600336611270905 0.582360923290253 0.567207157611847 0.558022975921631 0.553614377975464 0.569213569164276 0.589000105857849 0.581077098846436 0.557536363601685 0.536368846893311 0.516449630260468
0.483574211597443 0.485890746116638 0.485028237104416 0.462155342102051 0.433308809995651 0.404657006263733 0.411146372556686 0.466466099023819 0.513692915439606 0.540134370326996 0.53246396780014 0.536600232124329 0.541188299655914 0.549950540065765 0.557119905948639 0.549943506717682 0.535739898681641 0.528403043746948 0.529048502445221 0.53829437494278 0.548126876354218 0.531514406204224 0.505169332027435 0.513135671615601 0.520064294338226 0.519656896591187 0.509977519512177 0.505695521831512 0.525107979774475 0.558112025260925 0.576496720314026 0.584110081195831 0.593154191970825 0.60248476266861 0.606689989566803 0.597589552402496 0.589939057826996 0.577765047550201 0.569111466407776 0.571199238300323 0.57782906293869 0.576359510421753 0.565707266330719 0.55697226524353 0.53178197145462
0.504983723163605 0.518960177898407 0.542468130588531 0.516228318214417 0.467698067426682 0.443138122558594 0.394278794527054 0.421153664588928 0.479299157857895 0.538374900817871 0.563390612602234 0.550699174404144 0.529821395874023 0.525858044624329 0.531264007091522 0.518374562263489 0.524421155452728 0.527986288070679 0.524641275405884 0.511827349662781 0.503429412841797 0.512276113033295 0.503978312015533 0.502989649772644 0.51497358083725 0.528703153133392 0.529402315616608 0.52184796333313 0.516449987888336 0.528758585453033 0.555963516235352 0.582686066627502 0.59364640712738 0.597865521907806 0.613556146621704 0.613955199718475 0.609518349170685 0.5953449010849 0.577516198158264 0.570178627967834 0.567462623119354 0.568222641944885 0.560494780540466 0.556846082210541 0.533378601074219
0.481303840875626 0.50671523809433 0.542352735996246 0.534058272838593 0.526778221130371 0.520504653453827 0.458130776882172 0.42701068520546 0.462212175130844 0.50594437122345 0.55218505859375 0.558814823627472 0.543461620807648 0.534606099128723 0.515874147415161 0.499464690685272 0.527145147323608 0.5532146692276 0.539623022079468 0.514353573322296 0.496893614530563 0.505554735660553 0.495037585496902 0.488603383302689 0.506825268268585 0.531314253807068 0.536182045936584 0.528884470462799 0.51261568069458 0.510213673114777 0.537324726581573 0.572852313518524 0.583934426307678 0.580333471298218 0.6002556681633 0.617518723011017 0.615545451641083 0.603864133358002 0.582947194576263 0.565619051456451 0.562021255493164 0.579060971736908 0.575717449188232 0.556062757968903 0.526067435741425
0.451356083154678 0.469994992017746 0.498581945896149 0.510589122772217 0.544765889644623 0.570493519306183 0.534097909927368 0.489476263523102 0.462180197238922 0.465083688497543 0.492505609989166 0.518259763717651 0.537249207496643 0.55778032541275 0.531489253044128 0.506385505199432 0.526086688041687 0.568711221218109 0.571929335594177 0.548885345458984 0.517377257347107 0.501174569129944 0.491139233112335 0.488905489444733 0.507465958595276 0.539391994476318 0.554745554924011 0.542992413043976 0.527633190155029 0.520341753959656 0.534964919090271 0.556475281715393 0.556099116802216 0.549073040485382 0.569012761116028 0.59670227766037 0.608549296855927 0.609805345535278 0.597772598266602 0.571609914302826 0.556092619895935 0.567096590995789 0.578775703907013 0.561076462268829 -3.4e+38
0.469668537378311 0.464278548955917 0.471464544534683 0.477056354284286 0.518118262290955 0.560163557529449 0.562211334705353 0.53593385219574 0.481249511241913 0.453317821025848 0.456933468580246 0.466033190488815 0.50774359703064 0.548740446567535 0.53700453042984 0.515061557292938 0.532562553882599 0.580884516239166 0.593180656433105 0.559165000915527 0.528645098209381 0.502873659133911 0.500386953353882 0.497382968664169 0.51813405752182 0.550792515277863 0.565742492675781 0.548016250133514 0.527493059635162 0.514858245849609 0.524492979049683 0.53640741109848 0.52217298746109 0.5193110704422 0.540533006191254 0.572687208652496 0.598576068878174 0.603806257247925 0.592231512069702 0.566579163074493 0.55276358127594 -3.4e+38 -3.4e+38 -3.4e+38 -3.4e+38
