data/1_raw/trimmed_ndre/Aes_ndre.718.2010_no_clouds.asc
NCOLS 109 
NROWS 101 
XLLCORNER 466110 
YLLCORNER 5182005 
CELLSIZE 5 
NODATA_value -3.4e+38 
[rows 80 to 99 of 101, columns 0 to 44 of 109]
-3.4e+38 -3.4e+38 -3.4e+38 -3.4e+38 0.180380970239639 0.178101733326912 0.180033221840858 0.183329418301582 0.187547296285629 0.201771944761276 0.20547091960907 0.205512762069702 0.218885973095894 0.216555044054985 0.216328322887421 0.229814603924751 0.230437606573105 0.224931642413139 0.22346705198288 0.229789346456528 0.225925832986832 0.224409252405167 0.211390882730484 0.229026138782501 0.246319696307182 0.242550671100616 0.269391715526581 0.305476874113083 0.344081521034241 0.372878760099411 0.389456778764725 0.388451397418976 0.390263110399246 0.377158224582672 0.344783574342728 0.32987916469574 0.290309488773346 0.277406066656113 0.285222917795181 0.264293640851974 0.253800094127655 0.229443907737732 0.229075133800507 0.252861320972443 0.254864603281021
-3.4e+38 -3.4e+38 -3.4e+38 -3.4e+38 -3.4e+38 -3.4e+38 -3.4e+38 0.188221246004105 0.20233042538166 0.213392540812492 0.210305958986282 0.204764142632484 0.211193561553955 0.21575616300106 0.217757329344749 0.220865249633789 0.215881854295731 0.211666285991669 0.2129265666008 0.224781587719917 0.224746868014336 0.219875633716583 0.214613974094391 0.205818265676498 0.219878613948822 0.23525233566761 0.269935101270676 0.307042568922043 0.338845372200012 0.361386835575104 0.384046822786331 0.401148170232773 0.393794238567352 0.351071685552597 0.292595058679581 0.270962834358215 0.277103185653687 0.24623891711235 0.230328142642975 0.237355396151543 0.2369125187397 0.219284147024155 0.229954898357391 0.257234305143356 0.253972470760345
-3.4e+38 -3.4e+38 -3.4e+38 -3.4e+38 -3.4e+38 -3.4e+38 -3.4e+38 -3.4e+38 -3.4e+38 -3.4e+38 0.203962787985802 0.20441871881485 0.209520846605301 0.222991466522217 0.221491307020187 0.2099729180336 0.19632177054882 0.204895004630089 0.218273431062698 0.225146502256393 0.227492928504944 0.229929625988007 0.240046143531799 0.232742458581924 0.23757366836071 0.258446782827377 0.289227575063705 0.330765217542648 0.363210439682007 0.371943891048431 0.367652386426926 0.382765710353851 0.372634083032608 0.333627760410309 0.299465268850327 0.276614904403687 0.268987208604813 0.241365179419518 0.213481932878494 0.225295037031174 0.237414911389351 0.228891134262085 0.233159884810448 0.245700746774673 0.245132446289062
-3.4e+38 -3.4e+38 -3.4e+38 -3.4e+38 -3.4e+38 -3.4e+38 -3.4e+38 -3.4e+38 -3.4e+38 -3.4e+38 -3.4e+38 -3.4e+38 0.215333938598633 0.22587813436985 0.215342923998833 0.204034134745598 0.196683034300804 0.203778773546219 0.219104528427124 0.213749304413795 0.218899130821228 0.223739564418793 0.227409332990646 0.229375541210175 0.24294513463974 0.272039264440536 0.29880678653717 0.308250427246094 0.331338733434677 0.360105693340302 0.361544370651245 0.378320187330246 0.362524271011353 0.319091886281967 0.292748957872391 0.276830434799194 0.268632471561432 0.270169705152512 0.256340175867081 0.234760627150536 0.234379202127457 0.240173056721687 0.243154779076576 0.228315964341164 0.229456156492233
-3.4e+38 -3.4e+38 -3.4e+38 -3.4e+38 -3.4e+38 -3.4e+38 -3.4e+38 -3.4e+38 -3.4e+38 -3.4e+38 -3.4e+38 -3.4e+38 -3.4e+38 -3.4e+38 0.216508015990257 0.216482803225517 0.203766033053398 0.197794809937477 0.207571685314178 0.207026273012161 0.227375507354736 0.229830622673035 0.206834271550179 0.218983635306358 0.238595098257065 0.268749564886093 0.296892404556274 0.302134722471237 0.320596396923065 0.362231701612473 0.38220676779747 0.390279769897461 0.348204165697098 0.306351125240326 0.295898944139481 0.283619821071625 0.268521159887314 0.251122862100601 0.242124915122986 0.249002367258072 0.242769941687584 0.25225818157196 0.259312301874161 0.233614936470985 0.232838675379753
-3.4e+38 -3.4e+38 -3.4e+38 -3.4e+38 -3.4e+38 -3.4e+38 -3.4e+38 -3.4e+38 -3.4e+38 -3.4e+38 -3.4e+38 -3.4e+38 -3.4e+38 -3.4e+38 -3.4e+38 0.211702242493629 0.197260573506355 0.193495333194733 0.199886903166771 0.205034077167511 0.211403056979179 0.208315148949623 0.197359174489975 0.226678237318993 0.254873812198639 0.282060414552689 0.291094660758972 0.314078122377396 0.353771597146988 0.373314440250397 0.402260661125183 0.404650419950485 0.354429185390472 0.312544196844101 0.301482647657394 0.292626738548279 0.277559190988541 0.255362033843994 0.25188621878624 0.269653797149658 0.25386518239975 0.26154288649559 0.250771552324295 0.21734744310379 0.242853537201881
-3.4e+38 -3.4e+38 -3.4e+38 -3.4e+38 -3.4e+38 -3.4e+38 -3.4e+38 -3.4e+38 -3.4e+38 -3.4e+38 -3.4e+38 -3.4e+38 -3.4e+38 -3.4e+38 -3.4e+38 -3.4e+38 -3.4e+38 0.195504724979401 0.207265496253967 0.203725665807724 0.176228687167168 0.177385523915291 0.194145411252975 0.212120950222015 0.246707692742348 0.276177555322647 0.284302443265915 0.332306832075119 0.373967200517654 0.362975180149078 0.390693038702011 0.407285779714584 0.381053477525711 0.330854594707489 0.302260279655457 0.311224788427353 0.296867251396179 0.281687319278717 0.275242745876312 0.27434030175209 0.268242001533508 0.250020146369934 0.233929008245468 0.237481907010078 0.26588499546051
-3.4e+38 -3.4e+38 -3.4e+38 -3.4e+38 -3.4e+38 -3.4e+38 -3.4e+38 -3.4e+38 -3.4e+38 -3.4e+38 -3.4e+38 -3.4e+38 -3.4e+38 -3.4e+38 -3.4e+38 -3.4e+38 -3.4e+38 -3.4e+38 -3.4e+38 0.196612566709518 0.174250215291977 0.175291553139687 0.199860274791718 0.212385222315788 0.242151364684105 0.273184269666672 0.286309570074081 0.345476537942886 0.393191665410995 0.37719789147377 0.380355089902878 0.401293158531189 0.399250209331512 0.358327448368073 0.334831446409225 0.326166182756424 0.310269802808762 0.300556898117065 0.283752471208572 0.283584505319595 0.283597946166992 0.249113589525223 0.252415299415588 0.259880244731903 0.264246910810471
-3.4e+38 -3.4e+38 -3.4e+38 -3.4e+38 -3.4e+38 -3.4e+38 -3.4e+38 -3.4e+38 -3.4e+38 -3.4e+38 -3.4e+38 -3.4e+38 -3.4e+38 -3.4e+38 -3.4e+38 -3.4e+38 -3.4e+38 -3.4e+38 -3.4e+38 -3.4e+38 -3.4e+38 0.176806390285492 0.203836113214493 0.239210322499275 0.268121987581253 0.287158370018005 0.290455967187881 0.311526715755463 0.364793181419373 0.395217686891556 0.397310763597488 0.39883816242218 0.387577146291733 0.356201320886612 0.331833809614182 0.318488925695419 0.318478524684906 0.315613836050034 0.303274005651474 0.312633007764816 0.299793720245361 0.269658148288727 0.268624752759933 0.267052054405212 0.254254668951035
-3.4e+38 -3.4e+38 -3.4e+38 -3.4e+38 -3.4e+38 -3.4e+38 -3.4e+38 -3.4e+38 -3.4e+38 -3.4e+38 -3.4e+38 -3.4e+38 -3.4e+38 -3.4e+38 -3.4e+38 -3.4e+38 -3.4e+38 -3.4e+38 -3.4e+38 -3.4e+38 -3.4e+38 -3.4e+38 0.212442547082901 0.264045178890228 0.311509132385254 0.325111776590347 0.27995753288269 0.251873552799225 0.302937865257263 0.383886575698853 0.419056236743927 0.398412883281708 0.366443902254105 0.33611661195755 0.314840286970139 0.320697277784348 0.327438414096832 0.331246376037598 0.329729855060577 0.330505579710007 0.295736759901047 0.283070266246796 0.285378694534302 0.261146992444992 0.251250207424164
-3.4e+38 -3.4e+38 -3.4e+38 -3.4e+38 -3.4e+38 -3.4e+38 -3.4e+38 -3.4e+38 -3.4e+38 -3.4e+38 -3.4e+38 -3.4e+38 -3.4e+38 -3.4e+38 -3.4e+38 -3.4e+38 -3.4e+38 -3.4e+38 -3.4e+38 -3.4e+38 -3.4e+38 -3.4e+38 -3.4e+38 -3.4e+38 0.313149839639664 0.306022346019745 0.231062427163124 0.21495409309864 0.279057383537292 0.374311685562134 0.41075399518013 0.368563681840897 0.347739487886429 0.335846066474915 0.346093207597733 0.360697686672211 0.346394419670105 0.346555978059769 0.335718303918839 0.311188966035843 0.28911492228508 0.283023238182068 0.285393595695496 0.261141955852509 0.266751289367676
-3.4e+38 -3.4e+38 -3.4e+38 -3.4e+38 -3.4e+38 -3.4e+38 -3.4e+38 -3.4e+38 -3.4e+38 -3.4e+38 -3.4e+38 -3.4e+38 -3.4e+38 -3.4e+38 -3.4e+38 -3.4e+38 -3.4e+38 -3.4e+38 -3.4e+38 -3.4e+38 -3.4e+38 -3.4e+38 -3.4e+38 -3.4e+38 -3.4e+38 0.221455544233322 0.165140360593796 0.18566045165062 0.292177975177765 0.361236721277237 0.362849652767181 0.332289606332779 0.337902694940567 0.342796802520752 0.369775682687759 0.369648933410645 0.339959919452667 0.356174528598785 0.322569102048874 0.29339274764061 0.292071998119354 0.280848801136017 0.290252923965454 0.259963870048523 0.246188774704933
-3.4e+38 -3.4e+38 -3.4e+38 -3.4e+38 -3.4e+38 -3.4e+38 -3.4e+38 -3.4e+38 -3.4e+38 -3.4e+38 -3.4e+38 -3.4e+38 -3.4e+38 -3.4e+38 -3.4e+38 -3.4e+38 -3.4e+38 -3.4e+38 -3.4e+38 -3.4e+38 -3.4e+38 -3.4e+38 -3.4e+38 -3.4e+38 -3.4e+38 0.182878583669662 0.155741393566132 0.174670159816742 0.281176060438156 0.337083399295807 0.321664571762085 0.313475281000137 0.310423523187637 0.318440318107605 0.340040683746338 0.323262333869934 0.327046066522598 0.366136521100998 0.322413712739944 0.302631705999374 0.315200388431549 0.306353151798248 0.310522735118866 0.282597899436951 0.263540506362915
-3.4e+38 -3.4e+38 -3.4e+38 -3.4e+38 -3.4e+38 -3.4e+38 -3.4e+38 -3.4e+38 -3.4e+38 -3.4e+38 -3.4e+38 -3.4e+38 -3.4e+38 -3.4e+38 -3.4e+38 -3.4e+38 -3.4e+38 -3.4e+38 -3.4e+38 -3.4e+38 -3.4e+38 -3.4e+38 -3.4e+38 -3.4e+38 -3.4e+38 0.17454132437706 0.169415816664696 0.191596254706383 0.262441247701645 0.312121242284775 0.306449949741364 0.315628409385681 0.302854210138321 0.307923585176468 0.30870109796524 0.293989539146423 0.315845817327499 0.346148073673248 0.323851555585861 0.327255070209503 0.333229869604111 0.306008815765381 0.297166228294373 0.313008397817612 0.281683474779129
-3.4e+38 -3.4e+38 -3.4e+38 -3.4e+38 -3.4e+38 -3.4e+38 -3.4e+38 -3.4e+38 -3.4e+38 -3.4e+38 -3.4e+38 -3.4e+38 -3.4e+38 -3.4e+38 -3.4e+38 -3.4e+38 -3.4e+38 -3.4e+38 -3.4e+38 -3.4e+38 -3.4e+38 -3.4e+38 -3.4e+38 -3.4e+38 -3.4e+38 -3.4e+38 0.178200274705887 0.219034910202026 0.264478594064713 0.304886490106583 0.317015737295151 0.31019189953804 0.300879210233688 0.315165430307388 0.314628630876541 0.304656267166138 0.306528985500336 0.306130677461624 0.317401140928268 0.333151936531067 0.342411577701569 0.314307391643524 0.282680481672287 0.288999736309052 0.260212123394012
-3.4e+38 -3.4e+38 -3.4e+38 -3.4e+38 -3.4e+38 -3.4e+38 -3.4e+38 -3.4e+38 -3.4e+38 -3.4e+38 -3.4e+38 -3.4e+38 -3.4e+38 -3.4e+38 -3.4e+38 -3.4e+38 -3.4e+38 -3.4e+38 -3.4e+38 -3.4e+38 -3.4e+38 -3.4e+38 -3.4e+38 -3.4e+38 -3.4e+38 -3.4e+38 0.177559047937393 0.230834469199181 0.264077454805374 0.294362246990204 0.318365007638931 0.29834920167923 0.288050770759583 0.30921870470047 0.330339133739471 0.321913927793503 0.296914458274841 0.28663158416748 0.298593133687973 0.30839791893959 0.323018431663513 0.304062634706497 0.266133487224579 0.257934838533401 0.270102649927139
-3.4e+38 -3.4e+38 -3.4e+38 -3.4e+38 -3.4e+38 -3.4e+38 -3.4e+38 -3.4e+38 -3.4e+38 -3.4e+38 -3.4e+38 -3.4e+38 -3.4e+38 -3.4e+38 -3.4e+38 -3.4e+38 -3.4e+38 -3.4e+38 -3.4e+38 -3.4e+38 -3.4e+38 -3.4e+38 -3.4e+38 -3.4e+38 -3.4e+38 -3.4e+38 -3.4e+38 -3.4e+38 -3.4e+38 0.302286565303802 0.316567897796631 0.298873960971832 0.279035419225693 0.282188564538956 0.319280713796616 0.309837341308594 0.287127882242203 0.298704564571381 0.301045507192612 0.299208670854568 0.301291644573212 0.28307917714119 0.284189373254776 0.275432527065277 0.269731551408768
-3.4e+38 -3.4e+38 -3.4e+38 -3.4e+38 -3.4e+38 -3.4e+38 -3.4e+38 -3.4e+38 -3.4e+38 -3.4e+38 -3.4e+38 -3.4e+38 -3.4e+38 -3.4e+38 -3.4e+38 -3.4e+38 -3.4e+38 -3.4e+38 -3.4e+38 -3.4e+38 -3.4e+38 -3.4e+38 -3.4e+38 -3.4e+38 -3.4e+38 -3.4e+38 -3.4e+38 -3.4e+38 -3.4e+38 -3.4e+38 -3.4e+38 -3.4e+38 -3.4e+38 -3.4e+38 -3.4e+38 0.288490474224091 0.289248377084732 0.298178166151047 0.301736027002335 0.281910091638565 0.290234237909317 0.292921036481857 0.269021093845367 0.258419662714005 0.245347231626511
-3.4e+38 -3.4e+38 -3.4e+38 -3.4e+38 -3.4e+38 -3.4e+38 -3.4e+38 -3.4e+38 -3.4e+38 -3.4e+38 -3.4e+38 -3.4e+38 -3.4e+38 -3.4e+38 -3.4e+38 -3.4e+38 -3.4e+38 -3.4e+38 -3.4e+38 -3.4e+38 -3.4e+38 -3.4e+38 -3.4e+38 -3.4e+38 -3.4e+38 -3.4e+38 -3.4e+38 -3.4e+38 -3.4e+38 -3.4e+38 -3.4e+38 -3.4e+38 -3.4e+38 -3.4e+38 -3.4e+38 -3.4e+38 -3.4e+38 -3.4e+38 0.268161296844482 0.227116450667381 0.21961897611618 0.244045734405518 0.243823543190956 0.243738442659378 0.228894665837288
-3.4e+38 -3.4e+38 -3.4e+38 -3.4e+38 -3.4e+38 -3.4e+38 -3.4e+38 -3.4e+38 -3.4e+38 -3.4e+38 -3.4e+38 -3.4e+38 -3.4e+38 -3.4e+38 -3.4e+38 -3.4e+38 -3.4e+38 -3.4e+38 -3.4e+38 -3.4e+38 -3.4e+38 -3.4e+38 -3.4e+38 -3.4e+38 -3.4e+38 -3.4e+38 -3.4e+38 -3.4e+38 -3.4e+38 -3.4e+38 -3.4e+38 -3.4e+38 -3.4e+38 -3.4e+38 -3.4e+38 -3.4e+38 -3.4e+38 -3.4e+38 -3.4e+38 0.218080952763557 0.211170062422752 0.217510357499123 0.232651084661484 0.231616824865341 0.226393282413483
