data/1_raw/trimmed_ndre/Aes_ndre.727.2013_no_clouds.asc
NCOLS 109 
NROWS 101 
XLLCORNER 466110 
YLLCORNER 5182005 
CELLSIZE 5 
NODATA_value -3.4e+38 
[rows 80 to 99 of 101, columns 0 to 44 of 109]
-3.4e+38 -3.4e+38 -3.4e+38 -3.4e+38 0.158832803368568 0.154864564538002 0.15249952673912 0.158652633428574 0.156677156686783 0.142349615693092 0.129904255270958 0.144950702786446 0.157223999500275 0.150829836726189 0.147997573018074 0.129508092999458 0.139171749353409 0.142834946513176 0.13155260682106 0.148690655827522 0.145200252532959 0.151546105742455 0.153356194496155 0.157429367303848 0.155032724142075 0.170441254973412 0.180657580494881 0.181200817227364 0.215057134628296 0.230341419577599 0.221473395824432 0.219979733228683 0.219620078802109 0.21394020318985 0.207095250487328 0.180629566311836 0.149287015199661 0.142072960734367 0.123723089694977 0.114414572715759 0.131251648068428 0.135709002614021 0.136658027768135 0.13598008453846 0.132406234741211
-3.4e+38 -3.4e+38 -3.4e+38 -3.4e+38 -3.4e+38 -3.4e+38 -3.4e+38 0.15915921330452 0.158590346574783 0.14866803586483 0.136955484747887 0.144469380378723 0.153409034013748 0.150721654295921 0.144769385457039 0.124804437160492 0.129444614052773 0.126379653811455 0.125719293951988 0.142503514885902 0.13688263297081 0.151745021343231 0.154994353652 0.159085288643837 0.178685292601585 0.19219408929348 0.186977565288544 0.188069984316826 0.21675443649292 0.229675933718681 0.216728642582893 0.228722974658012 0.222566306591034 0.210223108530045 0.199620172381401 0.176530003547668 0.15050320327282 0.13152314722538 0.120148807764053 0.122104287147522 0.133682906627655 0.132897347211838 0.132221013307571 0.137382864952087 0.129775762557983
-3.4e+38 -3.4e+38 -3.4e+38 -3.4e+38 -3.4e+38 -3.4e+38 -3.4e+38 -3.4e+38 -3.4e+38 -3.4e+38 0.14649723470211 0.142059743404388 0.135104909539223 0.137682572007179 0.141771957278252 0.121789447963238 0.119390450417995 0.127255544066429 0.124396048486233 0.133347854018211 0.13522943854332 0.148444682359695 0.149433523416519 0.157596305012703 0.18605999648571 0.198542609810829 0.19199600815773 0.195459961891174 0.207992374897003 0.215672194957733 0.207185924053192 0.219765067100525 0.206686779856682 0.200241073966026 0.190622463822365 0.169001683592796 0.151811525225639 0.132935136556625 0.128892853856087 0.134357243776321 0.132321566343307 0.123327240347862 0.127390757203102 0.13425387442112 0.124684639275074
-3.4e+38 -3.4e+38 -3.4e+38 -3.4e+38 -3.4e+38 -3.4e+38 -3.4e+38 -3.4e+38 -3.4e+38 -3.4e+38 -3.4e+38 -3.4e+38 0.127542123198509 0.136557385325432 0.139608934521675 0.121394030749798 0.123504720628262 0.132694467902184 0.127351045608521 0.131616443395615 0.132014542818069 0.137278452515602 0.139564782381058 0.150753557682037 0.179037064313889 0.192058652639389 0.194763943552971 0.196263074874878 0.19820973277092 0.196680724620819 0.198323354125023 0.216213494539261 0.210352435708046 0.207243621349335 0.189136609435081 0.164809793233871 0.149030193686485 0.133767500519753 0.141161322593689 0.150914594531059 0.143610805273056 0.129002794623375 0.133236855268478 0.133379846811295 0.120783448219299
-3.4e+38 -3.4e+38 -3.4e+38 -3.4e+38 -3.4e+38 -3.4e+38 -3.4e+38 -3.4e+38 -3.4e+38 -3.4e+38 -3.4e+38 -3.4e+38 -3.4e+38 -3.4e+38 0.13639323413372 0.124168820679188 0.125684812664986 0.128390908241272 0.132067546248436 0.131824225187302 0.125399842858315 0.130126103758812 0.139199495315552 0.146021038293839 0.169478744268417 0.187336459755898 0.192411914467812 0.196562707424164 0.193218141794205 0.182974398136139 0.194867223501205 0.221204772591591 0.223289489746094 0.214696332812309 0.192379474639893 0.166866838932037 0.151598960161209 0.145468518137932 0.156201332807541 0.160862594842911 0.152038469910622 0.141887187957764 0.137127414345741 0.129503801465034 0.123499430716038
-3.4e+38 -3.4e+38 -3.4e+38 -3.4e+38 -3.4e+38 -3.4e+38 -3.4e+38 -3.4e+38 -3.4e+38 -3.4e+38 -3.4e+38 -3.4e+38 -3.4e+38 -3.4e+38 -3.4e+38 0.140715464949608 0.130180761218071 0.130117818713188 0.144254446029663 0.130275830626488 0.124234721064568 0.136717304587364 0.148230463266373 0.145951688289642 0.165399625897408 0.185302466154099 0.188790664076805 0.195076912641525 0.189702212810516 0.181151926517487 0.201122716069221 0.225223958492279 0.225291565060616 0.213672548532486 0.195031777024269 0.17914779484272 0.163482651114464 0.162753507494926 0.160472810268402 0.153019532561302 0.146446093916893 0.141682893037796 0.14626345038414 0.144754126667976 0.137394204735756
-3.4e+38 -3.4e+38 -3.4e+38 -3.4e+38 -3.4e+38 -3.4e+38 -3.4e+38 -3.4e+38 -3.4e+38 -3.4e+38 -3.4e+38 -3.4e+38 -3.4e+38 -3.4e+38 -3.4e+38 -3.4e+38 -3.4e+38 0.142773330211639 0.150746271014214 0.13861072063446 0.13898341357708 0.142805010080338 0.14197626709938 0.146160796284676 0.165653333067894 0.181137472391129 0.186329767107964 0.183158159255981 0.184802293777466 0.191485688090324 0.209639698266983 0.219987705349922 0.223539397120476 0.217969343066216 0.207272976636887 0.191921725869179 0.174830719828606 0.17284494638443 0.160190314054489 0.147724941372871 0.145994886755943 0.144046425819397 0.155714884400368 0.152425155043602 0.139204069972038
-3.4e+38 -3.4e+38 -3.4e+38 -3.4e+38 -3.4e+38 -3.4e+38 -3.4e+38 -3.4e+38 -3.4e+38 -3.4e+38 -3.4e+38 -3.4e+38 -3.4e+38 -3.4e+38 -3.4e+38 -3.4e+38 -3.4e+38 -3.4e+38 -3.4e+38 0.142227292060852 0.145257711410522 0.141602486371994 0.131742835044861 0.141914173960686 0.163712412118912 0.170946702361107 0.170635715126991 0.172442734241486 0.184489563107491 0.199887573719025 0.2129917293787 0.215476617217064 0.228432565927505 0.232144266366959 0.214456781744957 0.185138359665871 0.170847505331039 0.174872025847435 0.164599597454071 0.15750090777874 0.155912548303604 0.148205414414406 0.152150616049767 0.141338676214218 0.133936479687691
-3.4e+38 -3.4e+38 -3.4e+38 -3.4e+38 -3.4e+38 -3.4e+38 -3.4e+38 -3.4e+38 -3.4e+38 -3.4e+38 -3.4e+38 -3.4e+38 -3.4e+38 -3.4e+38 -3.4e+38 -3.4e+38 -3.4e+38 -3.4e+38 -3.4e+38 -3.4e+38 -3.4e+38 0.15803037583828 0.153610184788704 0.158339664340019 0.176602885127068 0.171188905835152 0.156457275152206 0.170449733734131 0.180059254169464 0.197991028428078 0.218997105956078 0.222478836774826 0.229595243930817 0.229769542813301 0.200615033507347 0.164448365569115 0.162761628627777 0.169349923729897 0.166356444358826 0.167791083455086 0.16688597202301 0.147633627057076 0.143198803067207 0.137451156973839 0.131481781601906
-3.4e+38 -3.4e+38 -3.4e+38 -3.4e+38 -3.4e+38 -3.4e+38 -3.4e+38 -3.4e+38 -3.4e+38 -3.4e+38 -3.4e+38 -3.4e+38 -3.4e+38 -3.4e+38 -3.4e+38 -3.4e+38 -3.4e+38 -3.4e+38 -3.4e+38 -3.4e+38 -3.4e+38 -3.4e+38 0.170793876051903 0.174299985170364 0.179947301745415 0.169852167367935 0.151275306940079 0.158294662833214 0.163199111819267 0.177659884095192 0.218968987464905 0.230809524655342 0.217653498053551 0.203501731157303 0.174191325902939 0.147500619292259 0.162704452872276 0.165670156478882 0.163802519440651 0.173275426030159 0.168256253004074 0.14348629117012 0.132368296384811 0.134279936552048 0.134584546089172
-3.4e+38 -3.4e+38 -3.4e+38 -3.4e+38 -3.4e+38 -3.4e+38 -3.4e+38 -3.4e+38 -3.4e+38 -3.4e+38 -3.4e+38 -3.4e+38 -3.4e+38 -3.4e+38 -3.4e+38 -3.4e+38 -3.4e+38 -3.4e+38 -3.4e+38 -3.4e+38 -3.4e+38 -3.4e+38 -3.4e+38 -3.4e+38 0.172318294644356 0.163035124540329 0.168125927448273 0.165492847561836 0.151597172021866 0.163874804973602 0.214903175830841 0.236198335886002 0.220775425434113 0.207283794879913 0.185329735279083 0.178917557001114 0.190764710307121 0.176189035177231 0.167934685945511 0.181476935744286 0.1717129945755 0.143098965287209 0.135884553194046 0.142594397068024 0.141764909029007
-3.4e+38 -3.4e+38 -3.4e+38 -3.4e+38 -3.4e+38 -3.4e+38 -3.4e+38 -3.4e+38 -3.4e+38 -3.4e+38 -3.4e+38 -3.4e+38 -3.4e+38 -3.4e+38 -3.4e+38 -3.4e+38 -3.4e+38 -3.4e+38 -3.4e+38 -3.4e+38 -3.4e+38 -3.4e+38 -3.4e+38 -3.4e+38 -3.4e+38 0.162811249494553 0.157336533069611 0.153291463851929 0.157984331250191 0.18888795375824 0.222120493650436 0.233921676874161 0.217771351337433 0.192106544971466 0.187649264931679 0.196167156100273 0.204429239034653 0.187600150704384 0.182430848479271 0.191233217716217 0.178427666425705 0.160370647907257 0.156385615468025 0.156138703227043 0.152606561779976
-3.4e+38 -3.4e+38 -3.4e+38 -3.4e+38 -3.4e+38 -3.4e+38 -3.4e+38 -3.4e+38 -3.4e+38 -3.4e+38 -3.4e+38 -3.4e+38 -3.4e+38 -3.4e+38 -3.4e+38 -3.4e+38 -3.4e+38 -3.4e+38 -3.4e+38 -3.4e+38 -3.4e+38 -3.4e+38 -3.4e+38 -3.4e+38 -3.4e+38 0.153112560510635 0.139604136347771 0.152181908488274 0.187633454799652 0.235493585467339 0.247267514467239 0.230638161301613 0.205135807394981 0.174800202250481 0.172481879591942 0.174254715442657 0.187923192977905 0.185091614723206 0.182309180498123 0.195285856723785 0.187367513775826 0.179397478699684 0.167601302266121 0.15906335413456 0.155936732888222
-3.4e+38 -3.4e+38 -3.4e+38 -3.4e+38 -3.4e+38 -3.4e+38 -3.4e+38 -3.4e+38 -3.4e+38 -3.4e+38 -3.4e+38 -3.4e+38 -3.4e+38 -3.4e+38 -3.4e+38 -3.4e+38 -3.4e+38 -3.4e+38 -3.4e+38 -3.4e+38 -3.4e+38 -3.4e+38 -3.4e+38 -3.4e+38 -3.4e+38 0.153329253196716 0.144599497318268 0.177053913474083 0.223458111286163 0.266252756118774 0.258182615041733 0.222247794270515 0.195979103446007 0.178917288780212 0.180449888110161 0.176571205258369 0.185811311006546 0.184132725000381 0.180690005421638 0.193006113171577 0.186588808894157 0.188074544072151 0.185927614569664 0.171344786882401 0.158834487199783
-3.4e+38 -3.4e+38 -3.4e+38 -3.4e+38 -3.4e+38 -3.4e+38 -3.4e+38 -3.4e+38 -3.4e+38 -3.4e+38 -3.4e+38 -3.4e+38 -3.4e+38 -3.4e+38 -3.4e+38 -3.4e+38 -3.4e+38 -3.4e+38 -3.4e+38 -3.4e+38 -3.4e+38 -3.4e+38 -3.4e+38 -3.4e+38 -3.4e+38 -3.4e+38 0.165618851780891 0.224715113639832 0.267059892416 0.268020331859589 0.238273933529854 0.210233062505722 0.187323004007339 0.182664692401886 0.186174392700195 0.174813702702522 0.181985571980476 0.182530269026756 0.181170374155045 0.186575412750244 0.186506256461143 0.189371466636658 0.186669364571571 0.16859869658947 0.155251652002335
-3.4e+38 -3.4e+38 -3.4e+38 -3.4e+38 -3.4e+38 -3.4e+38 -3.4e+38 -3.4e+38 -3.4e+38 -3.4e+38 -3.4e+38 -3.4e+38 -3.4e+38 -3.4e+38 -3.4e+38 -3.4e+38 -3.4e+38 -3.4e+38 -3.4e+38 -3.4e+38 -3.4e+38 -3.4e+38 -3.4e+38 -3.4e+38 -3.4e+38 -3.4e+38 0.195334538817406 0.277360558509827 0.289194732904434 0.244774103164673 0.217803448438644 0.19901379942894 0.179129853844643 0.180940255522728 0.181126371026039 0.168023213744164 0.168692886829376 0.170230403542519 0.169135615229607 0.172324985265732 0.181084245443344 0.181008234620094 0.171060234308243 0.159432724118233 0.153115287423134
-3.4e+38 -3.4e+38 -3.4e+38 -3.4e+38 -3.4e+38 -3.4e+38 -3.4e+38 -3.4e+38 -3.4e+38 -3.4e+38 -3.4e+38 -3.4e+38 -3.4e+38 -3.4e+38 -3.4e+38 -3.4e+38 -3.4e+38 -3.4e+38 -3.4e+38 -3.4e+38 -3.4e+38 -3.4e+38 -3.4e+38 -3.4e+38 -3.4e+38 -3.4e+38 -3.4e+38 -3.4e+38 -3.4e+38 0.238311693072319 0.220340669155121 0.199712559580803 0.177631452679634 0.171681553125381 0.17168065905571 0.161547034978867 0.154629215598106 0.155032396316528 0.151700168848038 0.161027461290359 0.170807525515556 0.17048716545105 0.161335855722427 0.16155581176281 0.156539499759674
-3.4e+38 -3.4e+38 -3.4e+38 -3.4e+38 -3.4e+38 -3.4e+38 -3.4e+38 -3.4e+38 -3.4e+38 -3.4e+38 -3.4e+38 -3.4e+38 -3.4e+38 -3.4e+38 -3.4e+38 -3.4e+38 -3.4e+38 -3.4e+38 -3.4e+38 -3.4e+38 -3.4e+38 -3.4e+38 -3.4e+38 -3.4e+38 -3.4e+38 -3.4e+38 -3.4e+38 -3.4e+38 -3.4e+38 -3.4e+38 -3.4e+38 -3.4e+38 -3.4e+38 -3.4e+38 -3.4e+38 0.158594816923141 0.144084900617599 0.143158197402954 0.140601962804794 0.150905176997185 0.158761322498322 0.158452123403549 0.155374854803085 0.15533809363842 0.156872749328613
-3.4e+38 -3.4e+38 -3.4e+38 -3.4e+38 -3.4e+38 -3.4e+38 -3.4e+38 -3.4e+38 -3.4e+38 -3.4e+38 -3.4e+38 -3.4e+38 -3.4e+38 -3.4e+38 -3.4e+38 -3.4e+38 -3.4e+38 -3.4e+38 -3.4e+38 -3.4e+38 -3.4e+38 -3.4e+38 -3.4e+38 -3.4e+38 -3.4e+38 -3.4e+38 -3.4e+38 -3.4e+38 -3.4e+38 -3.4e+38 -3.4e+38 -3.4e+38 -3.4e+38 -3.4e+38 -3.4e+38 -3.4e+38 -3.4e+38 -3.4e+38 0.137353554368019 0.141990423202515 0.13856428861618 0.143127024173737 0.143389657139778 0.144156575202942 0.151883825659752
-3.4e+38 -3.4e+38 -3.4e+38 -3.4e+38 -3.4e+38 -3.4e+38 -3.4e+38 -3.4e+38 -3.4e+38 -3.4e+38 -3.4e+38 -3.4e+38 -3.4e+38 -3.4e+38 -3.4e+38 -3.4e+38 -3.4e+38 -3.4e+38 -3.4e+38 -3.4e+38 -3.4e+38 -3.4e+38 -3.4e+38 -3.4e+38 -3.4e+38 -3.4e+38 -3.4e+38 -3.4e+38 -3.4e+38 -3.4e+38 -3.4e+38 -3.4e+38 -3.4e+38 -3.4e+38 -3.4e+38 -3.4e+38 -3.4e+38 -3.4e+38 -3.4e+38 0.129136577248573 0.137864544987679 0.140053316950798 0.136680737137794 0.139201194047928 0.150457590818405
