data/1_raw/trimmed_ndre/Aes_ndre.76.2012_no_clouds.asc
NCOLS 109 
NROWS 101 
XLLCORNER 466110 
YLLCORNER 5182005 
CELLSIZE 5 
NODATA_value -3.4e+38 
[rows 40 to 59 of 101, columns 45 to 89 of 109]
0.449855595827103 0.467939049005508 0.493418782949448 0.504276931285858 0.498617470264435 0.497406721115112 0.505403935909271 0.514113128185272 0.518010795116425 0.521695554256439 0.537580251693726 0.562309265136719 0.557501494884491 0.534524023532867 0.524942755699158 0.536726653575897 0.551542043685913 0.557045757770538 0.55344820022583 0.549371898174286 0.54371589422226 0.5352783203125 0.52233350276947 0.532455623149872 0.549916505813599 0.544039845466614 0.531678199768066 0.524324774742126 0.527296841144562 0.534408092498779 0.540592193603516 0.547552943229675 0.527404129505157 0.492851048707962 0.448798656463623 0.410626590251923 0.415180206298828 0.450418651103973 0.457625299692154 0.500014424324036 0.524759411811829 0.495498657226562 0.502781212329865 0.529639661312103 0.538119494915009
0.443644553422928 0.470134645700455 0.498152673244476 0.512052357196808 0.506127178668976 0.513692319393158 0.521905422210693 0.525252521038055 0.526074230670929 0.532734572887421 0.539267003536224 0.548240959644318 0.542657196521759 0.526822209358215 0.519047975540161 0.530878007411957 0.551913976669312 0.565410256385803 0.556404948234558 0.542332589626312 0.535712361335754 0.530876278877258 0.516821503639221 0.522713005542755 0.538138329982758 0.536565065383911 0.532093346118927 0.535376906394958 0.535873413085938 0.522321999073029 0.51316374540329 0.510719895362854 0.507293999195099 0.49124664068222 0.470920860767365 0.452907830476761 0.442502319812775 0.448063462972641 0.454613864421844 0.484851866960526 0.508598923683167 0.498570412397385 0.513997793197632 0.547315537929535 0.55942291021347
0.459511697292328 0.486823499202728 0.503103852272034 0.517387628555298 0.516575515270233 0.525454699993134 0.541056454181671 0.541684091091156 0.543073356151581 0.537252843379974 0.531954824924469 0.540025472640991 0.548150300979614 0.549751579761505 0.547113180160522 0.53235137462616 0.531918942928314 0.543971359729767 0.545704960823059 0.532282531261444 0.519387006759644 0.517857789993286 0.509312927722931 0.512679696083069 0.517248392105103 0.507506310939789 0.505798101425171 0.519684076309204 0.530545592308044 0.523996889591217 0.524574100971222 0.510192692279816 0.500985741615295 0.501961708068848 0.497513830661774 0.487780094146729 0.459605425596237 0.454075336456299 0.452089130878448 0.467403560876846 0.495165288448334 0.509262442588806 0.539678156375885 0.565055906772614 0.561694145202637
0.48805296421051 0.51554811000824 0.51765388250351 0.523679196834564 0.529953896999359 0.533222138881683 0.549111664295197 0.556957125663757 0.560727894306183 0.545911371707916 0.533576548099518 0.534112095832825 0.551853477954865 0.574691116809845 0.573855817317963 0.54475063085556 0.526203393936157 0.523583054542542 0.531710922718048 0.53692352771759 0.526038229465485 0.51500129699707 0.520776212215424 0.524139106273651 0.515887916088104 0.514587044715881 0.512702286243439 0.501961946487427 0.513418138027191 0.530216097831726 0.538849115371704 0.509995400905609 0.496755599975586 0.510450303554535 0.504619538784027 0.501645445823669 0.495428740978241 0.479278206825256 0.467721492052078 0.470532208681107 0.493547916412354 0.515037596225739 0.544340491294861 0.553050220012665 0.547297179698944
0.512886464595795 0.539686143398285 0.530263483524323 0.53318989276886 0.541034281253815 0.537917375564575 0.550137102603912 0.561930656433105 0.569444179534912 0.559815108776093 0.539572656154633 0.535348474979401 0.545855641365051 0.566037952899933 0.5654296875 0.541290700435638 0.521420657634735 0.515292942523956 0.520015060901642 0.52522486448288 0.512848794460297 0.509706437587738 0.53181529045105 0.532967567443848 0.519166648387909 0.527046084403992 0.520662307739258 0.497582942247391 0.51535028219223 0.533513247966766 0.531551837921143 0.507728755474091 0.505504667758942 0.514444708824158 0.50891786813736 0.538800835609436 0.527246117591858 0.490001857280731 0.48259437084198 0.480302065610886 0.481822997331619 0.503917276859283 0.529051959514618 0.53929328918457 0.540439009666443
0.518558323383331 0.535600602626801 0.532955586910248 0.541513025760651 0.551286101341248 0.544041156768799 0.55229389667511 0.556907594203949 0.553613305091858 0.550504744052887 0.545295894145966 0.541553437709808 0.539518892765045 0.539901971817017 0.532261431217194 0.522173404693604 0.515754878520966 0.512688636779785 0.512140691280365 0.497454643249512 0.483549475669861 0.496336966753006 0.521331906318665 0.51997697353363 0.515771746635437 0.530070126056671 0.525054693222046 0.5154989361763 0.53115326166153 0.539877653121948 0.534234225749969 0.525076448917389 0.516375005245209 0.513498663902283 0.514232456684113 0.54411393404007 0.518184065818787 0.475089818239212 0.476197600364685 0.464676529169083 0.468007951974869 0.498454660177231 0.524369657039642 0.537896394729614 0.543201923370361
0.522278189659119 0.518367230892181 0.530888020992279 0.551106691360474 0.557787775993347 0.548046350479126 0.555143415927887 0.549681961536407 0.536980450153351 0.541272282600403 0.553930163383484 0.556912183761597 0.546558439731598 0.525711059570312 0.510635137557983 0.507716774940491 0.506508111953735 0.498460710048676 0.482792913913727 0.46401035785675 0.464286953210831 0.488409131765366 0.502866923809052 0.501250922679901 0.507021725177765 0.523397743701935 0.521147489547729 0.528633534908295 0.54313850402832 0.544853150844574 0.53989577293396 0.536053001880646 0.530190169811249 0.523084938526154 0.514149606227875 0.509168326854706 0.519426465034485 0.514074802398682 0.501178383827209 0.473630547523499 0.490293949842453 0.516883790493011 0.532863080501556 0.545274436473846 0.542262375354767
0.536739468574524 0.524998307228088 0.529057681560516 0.541485786437988 0.547676265239716 0.548015356063843 0.556281626224518 0.571535289287567 0.55301308631897 0.549325108528137 0.564930737018585 0.578131794929504 0.563127100467682 0.530647039413452 0.510483145713806 0.509054780006409 0.507001578807831 0.478025615215302 0.457235634326935 0.455521076917648 0.462966114282608 0.477785855531693 0.481804639101028 0.488715261220932 0.500816702842712 0.520208120346069 0.533364117145538 0.549516975879669 0.550640761852264 0.537775874137878 0.530677855014801 0.535375356674194 0.542226731777191 0.533684194087982 0.526369333267212 0.520115375518799 0.53003865480423 0.539438307285309 0.530102074146271 0.516693890094757 0.516791582107544 0.518382489681244 0.532276690006256 0.546480238437653 0.533428370952606
0.518707156181335 0.530134260654449 0.535393178462982 0.52118718624115 0.514742076396942 0.538771867752075 0.563801288604736 0.585850775241852 0.576492667198181 0.557850003242493 0.573309004306793 0.586487054824829 0.56475955247879 0.526486814022064 0.513814985752106 0.513545095920563 0.507574617862701 0.469675481319427 0.454283684492111 0.463451832532883 0.470070689916611 0.475894212722778 0.474607318639755 0.48689079284668 0.495951950550079 0.514076709747314 0.544349730014801 0.560630142688751 0.552751898765564 0.534809947013855 0.529054701328278 0.535054683685303 0.54427045583725 0.539314389228821 0.527478158473969 0.524182617664337 0.52322643995285 0.533971428871155 0.539339661598206 0.530896008014679 0.529528200626373 0.517741680145264 0.527326166629791 0.545761585235596 0.539385080337524
0.513682961463928 0.541671335697174 0.559174478054047 0.546307027339935 0.528953373432159 0.550620853900909 0.556652247905731 0.556282341480255 0.583365738391876 0.590260088443756 0.581532418727875 0.572406411170959 0.538080930709839 0.497883439064026 0.494907051324844 0.509331285953522 0.509754180908203 0.478003740310669 0.462491750717163 0.474251627922058 0.479768216609955 0.478675037622452 0.479100465774536 0.481807172298431 0.481014013290405 0.499043256044388 0.533594191074371 0.556885898113251 0.550615727901459 0.543225169181824 0.543572723865509 0.542625665664673 0.543912351131439 0.53948575258255 0.529794573783875 0.528911650180817 0.534598112106323 0.538816928863525 0.546746909618378 0.545068144798279 0.549714624881744 0.532100677490234 0.523114562034607 0.532541513442993 0.533333957195282
0.523130238056183 0.531954646110535 0.547454237937927 0.553522944450378 0.557048738002777 0.565941989421844 0.55351984500885 0.551062405109406 0.573309242725372 0.584001004695892 0.571427583694458 0.550126850605011 0.518852114677429 0.476392596960068 0.470784068107605 0.497795253992081 0.515566527843475 0.487362712621689 0.470814913511276 0.481828063726425 0.48246157169342 0.474354237318039 0.479623258113861 0.465909600257874 0.46040615439415 0.478817760944366 0.506363034248352 0.522991538047791 0.526261508464813 0.537458658218384 0.552778840065002 0.554880201816559 0.550771713256836 0.544958651065826 0.540264844894409 0.542926013469696 0.541195929050446 0.534188032150269 0.541784048080444 0.561954915523529 0.574013531208038 0.562706112861633 0.54419356584549 0.532292366027832 0.524255692958832
0.532248318195343 0.534098386764526 0.540000796318054 0.54607218503952 0.569497883319855 0.586860656738281 0.55559378862381 0.540981292724609 0.544357180595398 0.544691979885101 0.541436553001404 0.533134341239929 0.518680036067963 0.482043445110321 0.460472285747528 0.47614061832428 0.51158344745636 0.499584943056107 0.474748462438583 0.488335192203522 0.482832729816437 0.471869051456451 0.47857478260994 0.448261797428131 0.442617297172546 0.462240159511566 0.467354506254196 0.480273872613907 0.492100059986115 0.513467013835907 0.53861141204834 0.554247856140137 0.556804180145264 0.555760085582733 0.55208021402359 0.55022519826889 0.537409007549286 0.520686626434326 0.529560685157776 0.568785429000854 0.585314035415649 0.576451897621155 0.562537968158722 0.544541835784912 0.533013999462128
0.550441324710846 0.558526694774628 0.551929235458374 0.546267807483673 0.560868263244629 0.576989054679871 0.556089758872986 0.54449737071991 0.551140427589417 0.544054806232452 0.539219915866852 0.535109102725983 0.529619097709656 0.512744724750519 0.491205751895905 0.484746724367142 0.504791498184204 0.500528931617737 0.473979622125626 0.469859004020691 0.481021195650101 0.478668212890625 0.47043639421463 0.433943897485733 0.422535181045532 0.437231630086899 0.450087428092957 0.463747799396515 0.473947823047638 0.481564611196518 0.507173180580139 0.53300267457962 0.553913235664368 0.56217098236084 0.567696511745453 0.563140273094177 0.536760210990906 0.514704644680023 0.521524608135223 0.55622923374176 0.577053546905518 0.578304588794708 0.570672512054443 0.549199283123016 0.528919219970703
0.553558886051178 0.567807972431183 0.563233733177185 0.553845345973969 0.556633532047272 0.566200375556946 0.567414700984955 0.56237006187439 0.577567279338837 0.578794002532959 0.567973613739014 0.5483078956604 0.532294094562531 0.526227056980133 0.51580286026001 0.494441032409668 0.492040574550629 0.481716275215149 0.455314844846725 0.455630451440811 0.490160346031189 0.479251950979233 0.457487761974335 0.435419261455536 0.435506254434586 0.4438436627388 0.459622085094452 0.471154808998108 0.477068275213242 0.480881959199905 0.487509429454803 0.510394155979156 0.540637910366058 0.569937646389008 0.576981365680695 0.565678000450134 0.546598553657532 0.525249481201172 0.530170500278473 0.548238754272461 0.568206548690796 0.587657511234283 0.581486940383911 0.557990908622742 0.529591977596283
0.544465601444244 0.552101016044617 0.552677392959595 0.557029604911804 0.564324498176575 0.567705452442169 0.573247730731964 0.570372700691223 0.589001834392548 0.599852681159973 0.587074995040894 0.559653759002686 0.538240313529968 0.535047054290771 0.526828408241272 0.499196380376816 0.490487933158875 0.484422415494919 0.465989142656326 0.477116376161575 0.503630638122559 0.486107021570206 0.459187835454941 0.462001621723175 0.468878865242004 0.458746671676636 0.479808419942856 0.4972884953022 0.486227303743362 0.488158822059631 0.48930698633194 0.498508125543594 0.519473075866699 0.552992582321167 0.563573777675629 0.561163604259491 0.559575736522675 0.546437919139862 0.547984600067139 0.548998773097992 0.568758010864258 0.598028242588043 0.594401299953461 0.567874372005463 0.538622736930847
0.564291298389435 0.569904983043671 0.555804491043091 0.553972065448761 0.565648555755615 0.557533621788025 0.563007533550262 0.574055373668671 0.583479166030884 0.585358560085297 0.574584543704987 0.565705239772797 0.562785446643829 0.56010115146637 0.540087938308716 0.504128754138947 0.502464771270752 0.506404399871826 0.495543032884598 0.506154179573059 0.509218752384186 0.478762209415436 0.463153868913651 0.482278198003769 0.477662980556488 0.457721799612045 0.476359635591507 0.499971359968185 0.484416514635086 0.479223370552063 0.488691806793213 0.493385285139084 0.497165769338608 0.518626868724823 0.547187149524689 0.552938997745514 0.556952595710754 0.55706775188446 0.550780713558197 0.5443354845047 0.563026428222656 0.586366593837738 0.584366619586945 0.568846166133881 0.544340014457703
0.539525628089905 0.545583248138428 0.540827929973602 0.533172488212585 0.539400458335876 0.537133514881134 0.553297936916351 0.574995279312134 0.581527590751648 0.578174710273743 0.565893113613129 0.566839277744293 0.582101106643677 0.58947890996933 0.564244985580444 0.52664440870285 0.515151679515839 0.514571130275726 0.514197468757629 0.530642092227936 0.517943859100342 0.48084545135498 0.466367930173874 0.48018017411232 0.476794809103012 0.458737760782242 0.460198283195496 0.492564380168915 0.502222537994385 0.478976547718048 0.473473429679871 0.47925066947937 0.481781303882599 0.495150774717331 0.51856005191803 0.534890592098236 0.542883813381195 0.549894213676453 0.550133228302002 0.554092586040497 0.564511001110077 0.568272531032562 0.566885113716125 0.563071489334106 0.552341103553772
0.494879513978958 0.499665290117264 0.508895337581635 0.519708812236786 0.531081974506378 0.541910529136658 0.549778461456299 0.56669694185257 0.567177951335907 0.555599808692932 0.544083535671234 0.547914266586304 0.571045935153961 0.59271228313446 0.584212720394135 0.55121648311615 0.524360716342926 0.496136367321014 0.505748152732849 0.529166162014008 0.523431599140167 0.494106471538544 0.47713565826416 0.481814086437225 0.475172936916351 0.462096661329269 0.461360543966293 0.481557697057724 0.492631942033768 0.474182426929474 0.462056845426559 0.461055546998978 0.473168641328812 0.491920948028564 0.510814368724823 0.524189412593842 0.538746893405914 0.551022052764893 0.551841676235199 0.567085802555084 0.579467236995697 0.570671677589417 0.5713250041008 0.577848851680756 0.565779030323029
0.487579643726349 0.499784260988235 0.518600583076477 0.530064105987549 0.544581234455109 0.551627516746521 0.547353029251099 0.537096202373505 0.527587175369263 0.531607747077942 0.53304660320282 0.530789077281952 0.544840693473816 0.564886510372162 0.57823634147644 0.58556592464447 0.578789234161377 0.554345190525055 0.541603684425354 0.542580425739288 0.524840116500854 0.493034690618515 0.467026799917221 0.464902579784393 0.461044579744339 0.464883089065552 0.459351986646652 0.457588195800781 0.473156988620758 0.47987899184227 0.472304284572601 0.463263511657715 0.468356192111969 0.495016992092133 0.514405727386475 0.522201299667358 0.521036624908447 0.528658926486969 0.551581025123596 0.577610313892365 0.594438910484314 0.581615924835205 0.576979517936707 0.580766022205353 0.568114221096039
0.488263130187988 0.502677917480469 0.527150392532349 0.542155086994171 0.544393599033356 0.546225428581238 0.543978273868561 0.526167631149292 0.511300325393677 0.534302413463593 0.563364028930664 0.559625089168549 0.540270268917084 0.540376722812653 0.56242847442627 0.597061216831207 0.611517429351807 0.601851463317871 0.586858570575714 0.579129338264465 0.56282913684845 0.515567481517792 0.458044528961182 0.442702800035477 0.438938319683075 0.439028471708298 0.449311912059784 0.455082654953003 0.476602911949158 0.485640078783035 0.485074400901794 0.473556071519852 0.467089384794235 0.484163224697113 0.503056049346924 0.514147162437439 0.512004613876343 0.522674262523651 0.561759829521179 0.585221588611603 0.58969646692276 0.576761782169342 0.568414986133575 0.565742492675781 0.559534788131714
