data/1_raw/trimmed_ndre/Aes_ndre.624.2010_no_clouds.asc
NCOLS 109 
NROWS 101 
XLLCORNER 466110 
YLLCORNER 5182005 
CELLSIZE 5 
NODATA_value -3.4e+38 
[rows 60 to 79 of 101, columns 0 to 44 of 109]
-3.4e+38 -3.4e+38 -3.4e+38 -3.4e+38 -3.4e+38 -3.4e+38 0.417958587408066 0.470133095979691 0.505312860012054 0.513055860996246 0.510016441345215 0.496362179517746 0.479962795972824 0.479626685380936 0.503523826599121 0.522678852081299 0.524890899658203 0.512523889541626 0.502555131912231 0.501936912536621 0.514046013355255 0.533145844936371 0.54413503408432 0.5362189412117 0.526231110095978 0.520569980144501 0.510570645332336 0.512734770774841 0.525508165359497 0.540186107158661 0.539949834346771 0.530599057674408 0.51875776052475 0.505146920681 0.50945770740509 0.511700093746185 0.523724615573883 0.537939071655273 0.548836350440979 0.560462832450867 0.552624881267548 0.555040657520294 0.566634058952332 0.563656628131866 0.583726227283478
-3.4e+38 -3.4e+38 -3.4e+38 -3.4e+38 -3.4e+38 0.419532597064972 0.422126591205597 0.482431501150131 0.523413181304932 0.521307468414307 0.505415737628937 0.488755285739899 0.482948541641235 0.482082575559616 0.499056249856949 0.508170247077942 0.504684031009674 0.506445467472076 0.509450793266296 0.510786533355713 0.523296415805817 0.542900204658508 0.547854959964752 0.53758305311203 0.530562162399292 0.528718769550323 0.527801871299744 0.530634462833405 0.532233536243439 0.530674755573273 0.519287586212158 0.513256311416626 0.52259361743927 0.520824491977692 0.523124754428864 0.528000116348267 0.530417919158936 0.54230147600174 0.551138043403625 0.562677145004272 0.56729382276535 0.559981107711792 0.570835053920746 0.584473609924316 0.600484669208527
-3.4e+38 -3.4e+38 -3.4e+38 -3.4e+38 -3.4e+38 0.394164681434631 0.443950057029724 0.499220281839371 0.530323624610901 0.526527166366577 0.506435573101044 0.496469408273697 0.496556252241135 0.498130530118942 0.512518227100372 0.521868288516998 0.511182546615601 0.508558094501495 0.51633757352829 0.521883726119995 0.52766352891922 0.5364910364151 0.539990186691284 0.529589235782623 0.528878688812256 0.537424206733704 0.54590767621994 0.533578395843506 0.513447701931 0.503073632717133 0.498954981565475 0.495804846286774 0.515089213848114 0.527062475681305 0.538251340389252 0.540960609912872 0.536511838436127 0.546279728412628 0.549989700317383 0.55308872461319 0.562063694000244 0.564658880233765 0.578955769538879 0.600902438163757 0.610680818557739
-3.4e+38 -3.4e+38 -3.4e+38 -3.4e+38 -3.4e+38 0.402835577726364 0.47914069890976 0.517868041992188 0.523642718791962 0.511360585689545 0.50614607334137 0.503687024116516 0.502923965454102 0.511157095432281 0.520963668823242 0.51899528503418 0.508991301059723 0.507022619247437 0.515511274337769 0.530990421772003 0.535054206848145 0.535746455192566 0.53549462556839 0.530003309249878 0.532479465007782 0.541102111339569 0.546735048294067 0.536810755729675 0.508191525936127 0.495831489562988 0.502055823802948 0.499550014734268 0.513347208499908 0.534267127513885 0.543888330459595 0.544038891792297 0.543085873126984 0.552833676338196 0.555302917957306 0.555506885051727 0.567892134189606 0.576868951320648 0.577203512191772 0.584302484989166 0.596554577350616
-3.4e+38 -3.4e+38 -3.4e+38 -3.4e+38 0.407064825296402 0.43621551990509 0.494283050298691 0.515168368816376 0.515474796295166 0.509195148944855 0.505183458328247 0.492891907691956 0.482489079236984 0.492153972387314 0.514367461204529 0.522948741912842 0.512264251708984 0.50771427154541 0.514462530612946 0.538565158843994 0.54628598690033 0.54207044839859 0.543313324451447 0.53581315279007 0.534782409667969 0.533292412757874 0.534002780914307 0.536740362644196 0.52027440071106 0.505688548088074 0.505611956119537 0.507504343986511 0.525061666965485 0.542856216430664 0.544994473457336 0.544464230537415 0.550879836082458 0.566542029380798 0.574621498584747 0.580342590808868 0.582369387149811 0.588201999664307 0.590142667293549 0.591925323009491 0.598834872245789
-3.4e+38 -3.4e+38 -3.4e+38 -3.4e+38 0.408643156290054 0.455072015523911 0.49763697385788 0.52575272321701 0.530906915664673 0.51790851354599 0.490406423807144 0.485772758722305 0.501449942588806 0.49991437792778 0.510314285755157 0.52498459815979 0.512571811676025 0.510039687156677 0.523055553436279 0.544812560081482 0.545949220657349 0.542945384979248 0.551956593990326 0.540915429592133 0.532671928405762 0.530336081981659 0.525353968143463 0.531168222427368 0.526155591011047 0.518537938594818 0.521673440933228 0.527482986450195 0.540900528430939 0.556780755519867 0.559508681297302 0.556947648525238 0.557856440544128 0.578716814517975 0.5921391248703 0.593593299388885 0.585664451122284 0.578347325325012 0.588683307170868 0.597156822681427 0.612511515617371
-3.4e+38 -3.4e+38 -3.4e+38 0.385733097791672 0.3861483335495 0.47234895825386 0.507082939147949 0.535184323787689 0.540014207363129 0.523744761943817 0.494703680276871 0.489938586950302 0.508406937122345 0.502193927764893 0.499654114246368 0.506515145301819 0.492318660020828 0.495776027441025 0.519846200942993 0.539992272853851 0.534213364124298 0.534372985363007 0.55176842212677 0.543001174926758 0.539286196231842 0.538565099239349 0.528785109519958 0.534303963184357 0.534152090549469 0.527480959892273 0.536123812198639 0.545447826385498 0.550596415996552 0.56313419342041 0.569801032543182 0.569217622280121 0.571621954441071 0.581511199474335 0.584357857704163 0.58471292257309 0.592446327209473 0.591829597949982 0.594518721103668 0.601959943771362 0.616274774074554
-3.4e+38 -3.4e+38 -3.4e+38 0.377195805311203 0.405038118362427 0.492455989122391 0.513126194477081 0.527897775173187 0.526312708854675 0.510434508323669 0.497733652591705 0.489260375499725 0.488041758537292 0.493498712778091 0.491626858711243 0.493453860282898 0.490460872650146 0.492341071367264 0.511443793773651 0.528279066085815 0.524913132190704 0.528603494167328 0.540774405002594 0.538319051265717 0.545778155326843 0.54429566860199 0.53465747833252 0.544574499130249 0.545891284942627 0.537038207054138 0.542722582817078 0.555696547031403 0.567943334579468 0.580770671367645 0.583649456501007 0.581861793994904 0.583450019359589 0.576077699661255 0.581120073795319 0.597486615180969 0.607948362827301 0.609443306922913 0.594478845596313 0.58755099773407 0.604230999946594
-3.4e+38 -3.4e+38 -3.4e+38 0.363571405410767 0.420236021280289 0.49495005607605 0.511317014694214 0.516834616661072 0.516999185085297 0.499670624732971 0.498373597860336 0.490661144256592 0.485186487436295 0.501375675201416 0.495417863130569 0.49599426984787 0.507762432098389 0.507489621639252 0.515818297863007 0.523163318634033 0.524922490119934 0.525638520717621 0.530217051506042 0.538422882556915 0.544127225875854 0.545102119445801 0.539783716201782 0.545198142528534 0.547644376754761 0.551015794277191 0.553828120231628 0.569225668907166 0.588259100914001 0.596746742725372 0.594829380512238 0.58667004108429 0.585182905197144 0.592787742614746 0.612518131732941 0.609876394271851 0.596754014492035 0.602386176586151 0.591015875339508 0.58182293176651 0.593911468982697
-3.4e+38 -3.4e+38 -3.4e+38 0.370039939880371 0.428109645843506 0.486464351415634 0.517250716686249 0.5235196352005 0.522523462772369 0.499399900436401 0.492648899555206 0.500372409820557 0.505362629890442 0.513002574443817 0.505140244960785 0.506753325462341 0.514753103256226 0.510970175266266 0.512234210968018 0.523649871349335 0.529615998268127 0.523881494998932 0.533719003200531 0.540363550186157 0.536362886428833 0.542937636375427 0.54337352514267 0.537636160850525 0.548464179039001 0.573823869228363 0.583994448184967 0.587985217571259 0.594182729721069 0.598198413848877 0.599510252475739 0.593395590782166 0.590579509735107 0.603177130222321 0.616624355316162 0.604353010654449 0.583385288715363 0.583422899246216 0.593531310558319 0.600280165672302 0.604153752326965
-3.4e+38 -3.4e+38 0.416279673576355 0.393242031335831 0.437661319971085 0.485588312149048 0.515856444835663 0.526658654212952 0.520274639129639 0.50177264213562 0.495261758565903 0.505963563919067 0.509492516517639 0.509882926940918 0.505460023880005 0.50373899936676 0.507513403892517 0.509320020675659 0.513744294643402 0.529297232627869 0.526720404624939 0.521385610103607 0.539371073246002 0.540603339672089 0.532797515392303 0.542695105075836 0.540406167507172 0.536144018173218 0.551452577114105 0.579696953296661 0.594929099082947 0.594093203544617 0.591681003570557 0.595773279666901 0.59518438577652 0.596614181995392 0.607067465782166 0.604732632637024 0.611563622951508 0.616777181625366 0.616694033145905 0.607431709766388 0.607858300209045 0.610063135623932 0.611982703208923
-3.4e+38 -3.4e+38 0.371035993099213 0.396344274282455 0.458130359649658 0.496612131595612 0.502052545547485 0.517039239406586 0.510230422019958 0.492403477430344 0.49643087387085 0.504283905029297 0.503333747386932 0.504642069339752 0.510193288326263 0.510632395744324 0.508814930915833 0.517978131771088 0.526909232139587 0.532182991504669 0.531124591827393 0.536343157291412 0.551917254924774 0.547570049762726 0.543845415115356 0.543335556983948 0.542912364006042 0.539963006973267 0.542983293533325 0.562634944915771 0.584432423114777 0.590026140213013 0.584289371967316 0.58756422996521 0.589034497737885 0.59730076789856 0.610883295536041 0.610991716384888 0.612960159778595 0.608695328235626 0.601356267929077 0.599163234233856 0.591152489185333 0.591894268989563 0.600598394870758
-3.4e+38 -3.4e+38 0.35737407207489 0.418888807296753 0.489000171422958 0.51153701543808 0.494598865509033 0.499023646116257 0.49418506026268 0.489489287137985 0.502558469772339 0.515286862850189 0.506123721599579 0.506213128566742 0.524360716342926 0.528711199760437 0.521920502185822 0.5311678647995 0.530646741390228 0.526549518108368 0.539336442947388 0.554740309715271 0.565828621387482 0.562080442905426 0.56385999917984 0.564377069473267 0.558237254619598 0.548452198505402 0.53680032491684 0.547703504562378 0.572965919971466 0.58695912361145 0.587790071964264 0.592746913433075 0.595963299274445 0.594130516052246 0.597906947135925 0.610392332077026 0.609172344207764 0.586352169513702 0.569888710975647 0.569894731044769 0.563910901546478 0.568320691585541 0.582043707370758
-3.4e+38 0.38670152425766 0.366452723741531 0.451591223478317 0.504018187522888 0.5184565782547 0.507053434848785 0.503812193870544 0.497409820556641 0.503599762916565 0.510180830955505 0.525211453437805 0.515062689781189 0.510002791881561 0.533274829387665 0.537883877754211 0.531539738178253 0.535869657993317 0.527599692344666 0.531999886035919 0.555270373821259 0.568871438503265 0.579652488231659 0.578893423080444 0.579113721847534 0.574455976486206 0.566325306892395 0.560290455818176 0.545782625675201 0.553492486476898 0.574325978755951 0.593747437000275 0.600221753120422 0.602900683879852 0.600683748722076 0.593863308429718 0.595342338085175 0.600011467933655 0.589000046253204 0.570363998413086 0.565346121788025 0.560614049434662 0.547685265541077 0.548385202884674 0.558286368846893
-3.4e+38 0.365644931793213 0.376373082399368 0.450930118560791 0.487109422683716 0.501410603523254 0.508374869823456 0.504052042961121 0.498759031295776 0.506037950515747 0.516088426113129 0.533236503601074 0.520503997802734 0.510223686695099 0.525745332241058 0.530650913715363 0.538343727588654 0.542921245098114 0.542513906955719 0.556571781635284 0.57238894701004 0.581911265850067 0.589716732501984 0.579732477664948 0.567011117935181 0.567241549491882 0.570287466049194 0.571957886219025 0.564005255699158 0.57538640499115 0.591577410697937 0.602047443389893 0.597937345504761 0.603019595146179 0.605036675930023 0.594459712505341 0.586815774440765 0.578147768974304 0.573845863342285 0.560594975948334 0.552651703357697 0.542836606502533 0.544196784496307 0.546667635440826 0.548807799816132
-3.4e+38 0.350403517484665 0.403801381587982 0.464121013879776 0.48538663983345 0.489661425352097 0.499996662139893 0.496183574199677 0.495164126157761 0.508314728736877 0.5144904255867 0.520236551761627 0.523817718029022 0.517769813537598 0.520008444786072 0.524050414562225 0.53912341594696 0.561233699321747 0.572876274585724 0.574401497840881 0.577434480190277 0.584841370582581 0.581586241722107 0.558322072029114 0.546494781970978 0.561779618263245 0.575575351715088 0.581734120845795 0.587736964225769 0.599916517734528 0.60384464263916 0.602187633514404 0.597233474254608 0.599712908267975 0.594553589820862 0.581366300582886 0.57624614238739 0.570807874202728 0.559676349163055 0.545985043048859 0.549863994121552 0.540493726730347 0.541250228881836 0.552304446697235 0.541158318519592
-3.4e+38 0.351246953010559 0.418891340494156 0.461094737052917 0.485801249742508 0.489651739597321 0.501425921916962 0.499741941690445 0.498131543397903 0.502681791782379 0.492873907089233 0.505177557468414 0.526146590709686 0.517903625965118 0.509100556373596 0.521056354045868 0.535554111003876 0.567890644073486 0.576835036277771 0.562810480594635 0.568153619766235 0.572408974170685 0.563861668109894 0.548000454902649 0.543121755123138 0.552012205123901 0.562038064002991 0.584481596946716 0.601432383060455 0.609635591506958 0.607605516910553 0.602176487445831 0.599204301834106 0.594322919845581 0.57672655582428 0.567783296108246 0.567010343074799 0.558342456817627 0.550124168395996 0.550317287445068 0.558978617191315 0.549243628978729 0.544646441936493 0.54507178068161 0.532984852790833
0.386575907468796 0.365720182657242 0.437404096126556 0.45754262804985 0.481319487094879 0.492063254117966 0.497635424137115 0.494200438261032 0.495835602283478 0.496100425720215 0.486923962831497 0.49734765291214 0.517943620681763 0.518136084079742 0.507909834384918 0.513921916484833 0.526116669178009 0.551358282566071 0.557339608669281 0.543893039226532 0.550649762153625 0.554686725139618 0.558242082595825 0.556381523609161 0.530592620372772 0.517429411411285 0.528259873390198 0.576762855052948 0.605108499526978 0.608866691589355 0.60350888967514 0.595425188541412 0.597764611244202 0.592047691345215 0.571075081825256 0.559993863105774 0.559153378009796 0.554722905158997 0.553118944168091 0.561406791210175 0.556379854679108 0.551146268844604 0.55517190694809 0.544014096260071 0.532121539115906
0.361975371837616 0.399652153253555 0.46540555357933 0.468008726835251 0.482901364564896 0.498377799987793 0.498331844806671 0.493797808885574 0.495607674121857 0.492973506450653 0.486786037683487 0.496006786823273 0.516368985176086 0.525023639202118 0.513163864612579 0.50725930929184 0.515223503112793 0.533327996730804 0.543328404426575 0.533098578453064 0.531279563903809 0.545391738414764 0.561667621135712 0.554587662220001 0.515845060348511 0.50771176815033 0.528639733791351 0.562578856945038 0.590358674526215 0.598790287971497 0.599052429199219 0.596875488758087 0.592362582683563 0.588769137859344 0.5744389295578 0.557870984077454 0.553158521652222 0.548957705497742 0.546905040740967 0.561203122138977 0.559724748134613 0.557190597057343 0.560216069221497 0.544381141662598 0.53608238697052
0.33912256360054 0.420031487941742 0.47460463643074 0.483005583286285 0.49255159497261 0.502576947212219 0.506201386451721 0.50370591878891 0.503575026988983 0.490479409694672 0.484339594841003 0.49304935336113 0.512175559997559 0.526575267314911 0.522600173950195 0.517687559127808 0.522896647453308 0.534301102161407 0.542481541633606 0.532765448093414 0.528276741504669 0.544011116027832 0.549924254417419 0.533413946628571 0.5179044008255 0.530780375003815 0.554137945175171 0.559472143650055 0.565792262554169 0.580790817737579 0.600216686725616 0.604663848876953 0.584577620029449 0.569307744503021 0.561277449131012 0.55494898557663 0.543461382389069 0.534409046173096 0.535497605800629 0.554736852645874 0.546857714653015 0.540496706962585 0.541253983974457 0.537188470363617 0.540320158004761
