data/1_raw/trimmed_ndre/Aes_ndre.615.2012_no_clouds.asc
NCOLS 109 
NROWS 101 
XLLCORNER 466110 
YLLCORNER 5182005 
CELLSIZE 5 
NODATA_value -3.4e+38 
[rows 40 to 59 of 101, columns 45 to 89 of 109]
0.566527366638184 0.604282975196838 0.617755532264709 0.625027298927307 0.616243660449982 0.583502590656281 0.573154330253601 0.574918746948242 0.555156946182251 0.512368023395538 0.473546028137207 0.455562770366669 0.463963717222214 0.463382393121719 0.462643504142761 0.463089793920517 0.466443866491318 0.485662370920181 0.492730170488358 0.479411274194717 0.474096298217773 0.465978711843491 0.453051924705505 0.461831331253052 0.476882010698318 0.483189344406128 0.491893172264099 0.508592188358307 0.502722918987274 0.484775692224503 0.500928997993469 0.510177612304688 0.485469341278076 0.48040309548378 0.477030605077744 0.467657029628754 0.446913033723831 0.442373812198639 0.465557187795639 0.505082786083221 0.541766941547394 0.549256026744843 0.593351423740387 0.634870588779449 0.647244989871979
0.575229406356812 0.624992370605469 0.637863278388977 0.628828227519989 0.60400778055191 0.567531883716583 0.559275209903717 0.554939866065979 0.517336964607239 0.468203365802765 0.463663637638092 0.459200859069824 0.455221772193909 0.454764902591705 0.476346701383591 0.479227393865585 0.469402939081192 0.484283864498138 0.480128288269043 0.463113963603973 0.470654785633087 0.477596014738083 0.481615096330643 0.500160992145538 0.510556697845459 0.508944988250732 0.514472782611847 0.565200865268707 0.58713972568512 0.55472058057785 0.54204922914505 0.528343856334686 0.49973925948143 0.48798543214798 0.471707075834274 0.468596220016479 0.476487785577774 0.468224614858627 0.477195501327515 0.499319225549698 0.528981924057007 0.549405157566071 0.604095160961151 0.645148873329163 0.644901812076569
0.579389870166779 0.622284710407257 0.626597881317139 0.610631704330444 0.595518827438354 0.571408092975616 0.553424537181854 0.536607265472412 0.513419449329376 0.480495184659958 0.472805440425873 0.46750083565712 0.461429059505463 0.47210305929184 0.497166931629181 0.487797170877457 0.465695559978485 0.469603538513184 0.476880431175232 0.476150751113892 0.482441395521164 0.493560791015625 0.505957901477814 0.526276290416718 0.528118014335632 0.527733266353607 0.540155529975891 0.57336688041687 0.589954495429993 0.565238535404205 0.563013732433319 0.546428322792053 0.516046822071075 0.492486894130707 0.455110520124435 0.461860954761505 0.502864360809326 0.491787493228912 0.479922831058502 0.498122572898865 0.52339094877243 0.557371199131012 0.601352691650391 0.629121482372284 0.620542883872986
0.612862229347229 0.633533895015717 0.620729863643646 0.594571352005005 0.586666405200958 0.563246965408325 0.536249995231628 0.516862213611603 0.512228667736053 0.489793449640274 0.471313029527664 0.472907900810242 0.4781434237957 0.490320831537247 0.507137656211853 0.496209800243378 0.472257971763611 0.469543665647507 0.491736888885498 0.504314482212067 0.497042864561081 0.508853852748871 0.525336086750031 0.535877048969269 0.542097389698029 0.546438872814178 0.555928826332092 0.559896230697632 0.55441153049469 0.552450895309448 0.569716215133667 0.547305166721344 0.519374847412109 0.501294910907745 0.46269279718399 0.475769907236099 0.515674531459808 0.48666188120842 0.471178621053696 0.497621804475784 0.5197474360466 0.563430666923523 0.601620852947235 0.620920538902283 0.621675312519073
0.644494414329529 0.6376633644104 0.602429509162903 0.57358455657959 0.570266008377075 0.548961579799652 0.524588227272034 0.514059901237488 0.521011888980865 0.499612927436829 0.478257209062576 0.485950857400894 0.503832578659058 0.506718814373016 0.501432955265045 0.492940485477448 0.476063281297684 0.475441694259644 0.491591364145279 0.492074996232986 0.494745433330536 0.517375648021698 0.540294528007507 0.549396812915802 0.560903012752533 0.554728329181671 0.548766851425171 0.566158711910248 0.56482994556427 0.561609089374542 0.573476076126099 0.542855858802795 0.518362879753113 0.518928170204163 0.506553530693054 0.496616184711456 0.494483202695847 0.473303109407425 0.470181107521057 0.496390134096146 0.518350899219513 0.565149068832397 0.609202086925507 0.630492627620697 0.64383202791214
0.627382338047028 0.599342167377472 0.571037411689758 0.543803036212921 0.539068937301636 0.531448841094971 0.532630085945129 0.52961927652359 0.523734271526337 0.515762507915497 0.50120085477829 0.50818657875061 0.531837105751038 0.519773244857788 0.492563158273697 0.483951568603516 0.468803763389587 0.475758254528046 0.494977623224258 0.485908895730972 0.491239339113235 0.52003687620163 0.544301986694336 0.562234997749329 0.567074775695801 0.564168930053711 0.564602434635162 0.58392721414566 0.589329838752747 0.581207871437073 0.578522086143494 0.56345796585083 0.541806161403656 0.537753105163574 0.536771595478058 0.520619332790375 0.49220597743988 0.484297096729279 0.480233430862427 0.493611395359039 0.517601788043976 0.564072608947754 0.614047646522522 0.635463178157806 0.649065971374512
0.580930709838867 0.560287714004517 0.561223149299622 0.531042873859406 0.509110748767853 0.511945903301239 0.529696941375732 0.522978901863098 0.505071401596069 0.499031394720078 0.505912840366364 0.525615513324738 0.542265951633453 0.531050443649292 0.498847097158432 0.4825679063797 0.467617750167847 0.483693093061447 0.508219122886658 0.496111482381821 0.499837070703506 0.521055102348328 0.529973685741425 0.540784299373627 0.548656463623047 0.564547538757324 0.585288166999817 0.592523455619812 0.586656987667084 0.575930774211884 0.572797834873199 0.576972723007202 0.56260734796524 0.547491371631622 0.545863807201385 0.553567707538605 0.526511073112488 0.496300667524338 0.484322786331177 0.499637812376022 0.530755996704102 0.560040235519409 0.600708842277527 0.621156334877014 0.625185132026672
0.570667624473572 0.554209768772125 0.550486505031586 0.515382885932922 0.490081280469894 0.492331624031067 0.501696646213531 0.492065876722336 0.47836372256279 0.484407335519791 0.510677337646484 0.531345248222351 0.54027533531189 0.536574482917786 0.511624753475189 0.483210861682892 0.470239579677582 0.490895718336105 0.515538096427917 0.505765199661255 0.510906934738159 0.520409286022186 0.515599727630615 0.514812350273132 0.533403038978577 0.563619196414948 0.59577602148056 0.600379705429077 0.586769163608551 0.568900585174561 0.564830362796783 0.571681499481201 0.565327286720276 0.555888950824738 0.555268824100494 0.549586713314056 0.521859645843506 0.49860006570816 0.500145971775055 0.521875381469727 0.543339431285858 0.5500168800354 0.577089488506317 0.607111513614655 0.613658249378204
0.566186964511871 0.540070295333862 0.516607582569122 0.499444872140884 0.484709203243256 0.490649521350861 0.499014616012573 0.492070317268372 0.477930784225464 0.496194213628769 0.529179871082306 0.542661666870117 0.533269643783569 0.512554943561554 0.495785593986511 0.471683740615845 0.471435964107513 0.496047914028168 0.508285403251648 0.497473388910294 0.503736138343811 0.510003209114075 0.505445718765259 0.509523451328278 0.537955343723297 0.574022769927979 0.603032290935516 0.610459208488464 0.595771729946136 0.576852798461914 0.56349778175354 0.562449395656586 0.563659071922302 0.550767958164215 0.546297550201416 0.548683881759644 0.543866038322449 0.527312040328979 0.526303231716156 0.529764175415039 0.544975876808167 0.557604372501373 0.568719804286957 0.60884690284729 0.626748561859131
0.541508972644806 0.503422737121582 0.493018597364426 0.495241820812225 0.477832108736038 0.486802816390991 0.514496564865112 0.518994748592377 0.498332023620605 0.509973704814911 0.55633270740509 0.576099395751953 0.541164636611938 0.492676794528961 0.480898469686508 0.46643078327179 0.480493009090424 0.506177484989166 0.512869358062744 0.509109914302826 0.517407894134521 0.515428125858307 0.511128485202789 0.516202986240387 0.548885822296143 0.59075391292572 0.612927913665771 0.632456719875336 0.623409986495972 0.599335789680481 0.575003683567047 0.56534343957901 0.573623776435852 0.564368903636932 0.557110011577606 0.564344108104706 0.577928900718689 0.556291818618774 0.539127051830292 0.543319582939148 0.565225541591644 0.580368638038635 0.578911662101746 0.613058805465698 0.624602556228638
0.50103086233139 0.486355543136597 0.489356309175491 0.493499010801315 0.497332483530045 0.52052104473114 0.522104263305664 0.514088094234467 0.499008029699326 0.491949558258057 0.528369426727295 0.561558425426483 0.54636812210083 0.504416823387146 0.488401055335999 0.476937979459763 0.496742755174637 0.519877016544342 0.519858181476593 0.527068316936493 0.538598418235779 0.528071999549866 0.514271795749664 0.517429530620575 0.542295634746552 0.589363217353821 0.620599329471588 0.646709799766541 0.64392364025116 0.616638958454132 0.600289821624756 0.597364127635956 0.59899365901947 0.587491691112518 0.573924839496613 0.568532764911652 0.574450731277466 0.550703585147858 0.53650563955307 0.556978225708008 0.583979547023773 0.595813095569611 0.587924361228943 0.599344670772552 0.595918655395508
0.488967150449753 0.482913881540298 0.482707262039185 0.489585280418396 0.51916378736496 0.537938296794891 0.49357995390892 0.473645985126495 0.476992666721344 0.463805824518204 0.492836445569992 0.535631418228149 0.547541081905365 0.525733590126038 0.495111584663391 0.495752960443497 0.519290506839752 0.535644888877869 0.52826714515686 0.537566065788269 0.541466653347015 0.52741938829422 0.510709941387177 0.509788990020752 0.519471764564514 0.566638052463531 0.613551795482635 0.632992625236511 0.638083338737488 0.63056606054306 0.637907981872559 0.640729010105133 0.627632439136505 0.608062148094177 0.576816558837891 0.55722177028656 0.556317150592804 0.548424601554871 0.547512590885162 0.568017363548279 0.588553667068481 0.59573358297348 0.59767472743988 0.60468053817749 0.584396779537201
0.4873928129673 0.477477699518204 0.47453761100769 0.484224855899811 0.508457124233246 0.514386236667633 0.477860957384109 0.462687760591507 0.465412676334381 0.466136693954468 0.489395529031754 0.526967942714691 0.540935099124908 0.540895938873291 0.521617352962494 0.517056882381439 0.53011029958725 0.539103984832764 0.537065029144287 0.543981730937958 0.548172056674957 0.541022479534149 0.52985280752182 0.513460278511047 0.511367499828339 0.546304881572723 0.583745956420898 0.588656365871429 0.603018581867218 0.624579071998596 0.643241047859192 0.654574811458588 0.647686004638672 0.630406618118286 0.604486644268036 0.57641476392746 0.566932737827301 0.570046424865723 0.569353103637695 0.578794240951538 0.588462114334106 0.582007348537445 0.588103353977203 0.599846661090851 0.586891889572144
0.498350650072098 0.478383183479309 0.473849296569824 0.485838651657104 0.499208837747574 0.508419454097748 0.497928887605667 0.502840399742126 0.501438319683075 0.501033067703247 0.507549524307251 0.533551216125488 0.557110130786896 0.557610273361206 0.540055513381958 0.524568676948547 0.531043350696564 0.533790767192841 0.542610466480255 0.553018450737 0.552014172077179 0.55022656917572 0.54962694644928 0.54047554731369 0.535743653774261 0.553401827812195 0.561102688312531 0.554264724254608 0.56559807062149 0.589799404144287 0.61431360244751 0.638598382472992 0.641585350036621 0.624117434024811 0.606459736824036 0.592901110649109 0.590325713157654 0.588498830795288 0.582362115383148 0.591866314411163 0.592789590358734 0.578381896018982 0.57597804069519 0.588353931903839 0.586433351039886
0.494701385498047 0.480290472507477 0.476841956377029 0.480445981025696 0.473887741565704 0.489761203527451 0.516203045845032 0.534819006919861 0.53660374879837 0.537649571895599 0.544254660606384 0.543100953102112 0.556435346603394 0.561173856258392 0.545327842235565 0.533482313156128 0.542115151882172 0.536485075950623 0.548263728618622 0.563101351261139 0.558868527412415 0.55292820930481 0.554805636405945 0.560247898101807 0.545601546764374 0.538005113601685 0.552173972129822 0.557601928710938 0.553824067115784 0.559406995773315 0.587026715278625 0.606277823448181 0.602317631244659 0.581022262573242 0.577714204788208 0.586884617805481 0.595500469207764 0.593888461589813 0.590922236442566 0.596443653106689 0.595200598239899 0.587957382202148 0.580354154109955 0.582125842571259 0.574664175510406
0.473600536584854 0.467586874961853 0.464993476867676 0.461229115724564 0.456575840711594 0.469085246324539 0.49520605802536 0.514037430286407 0.525843441486359 0.535523414611816 0.551008105278015 0.553095042705536 0.562701344490051 0.56681364774704 0.550987720489502 0.534873068332672 0.531107246875763 0.522142589092255 0.533822000026703 0.563073098659515 0.57316267490387 0.570955395698547 0.565687716007233 0.570675134658813 0.546059489250183 0.53057998418808 0.554918646812439 0.575268507003784 0.561701416969299 0.543580651283264 0.546710431575775 0.554437696933746 0.546999335289001 0.540240705013275 0.555815756320953 0.583114624023438 0.599684774875641 0.586586117744446 0.57123875617981 0.588511228561401 0.596757411956787 0.594058990478516 0.58730936050415 0.588809251785278 0.572626709938049
0.449323445558548 0.432554751634598 0.430103808641434 0.445908814668655 0.459650218486786 0.465332239866257 0.484000146389008 0.495007067918777 0.500566422939301 0.507102787494659 0.523474872112274 0.551778733730316 0.574517786502838 0.590725958347321 0.579250037670135 0.540307641029358 0.514842391014099 0.511045575141907 0.511157393455505 0.548024117946625 0.577267050743103 0.578598916530609 0.569904446601868 0.565883040428162 0.552940607070923 0.534954130649567 0.5447838306427 0.563908159732819 0.553287506103516 0.528938591480255 0.532453656196594 0.525351047515869 0.523804545402527 0.537601947784424 0.54577249288559 0.554874122142792 0.563022196292877 0.555740594863892 0.554143905639648 0.586982131004333 0.60060179233551 0.596546828746796 0.59357362985611 0.60349053144455 0.587472379207611
0.415626019239426 0.390298962593079 0.403936266899109 0.437064290046692 0.461766302585602 0.461913526058197 0.476620763540268 0.485374212265015 0.485744804143906 0.489130586385727 0.480553925037384 0.488465011119843 0.514398813247681 0.550639569759369 0.554982542991638 0.523226201534271 0.522185564041138 0.522577404975891 0.501021683216095 0.523198902606964 0.547337114810944 0.543048143386841 0.548190593719482 0.554320633411407 0.554368495941162 0.538327157497406 0.538051784038544 0.550789356231689 0.54900199174881 0.541954278945923 0.547641336917877 0.52423220872879 0.507797360420227 0.52579653263092 0.522932291030884 0.520009338855743 0.52970689535141 0.545996606349945 0.569719791412354 0.592313766479492 0.601968288421631 0.606153845787048 0.608558833599091 0.615936994552612 0.60563451051712
0.382161259651184 0.375854432582855 0.408090800046921 0.433144569396973 0.463165700435638 0.473578482866287 0.482781738042831 0.483719259500504 0.485675752162933 0.490291059017181 0.476930797100067 0.466452687978745 0.473298132419586 0.485819041728973 0.499785125255585 0.504833698272705 0.544760704040527 0.566695988178253 0.552729606628418 0.560792207717896 0.545230507850647 0.519854962825775 0.526090323925018 0.536435127258301 0.530949890613556 0.518727004528046 0.515222609043121 0.530781686306 0.545158326625824 0.55821430683136 0.553056538105011 0.526943325996399 0.512154221534729 0.521632492542267 0.503812551498413 0.51073157787323 0.542783498764038 0.567097783088684 0.59022444486618 0.604134619235992 0.614539206027985 0.619470357894897 0.615494549274445 0.618126451969147 0.630874156951904
0.372494727373123 0.38904669880867 0.422587394714355 0.441579610109329 0.490547865629196 0.506128549575806 0.489708542823792 0.475644081830978 0.464080959558487 0.466937214136124 0.463296890258789 0.462047547101974 0.463300406932831 0.456126391887665 0.472569823265076 0.500638961791992 0.534929156303406 0.568225622177124 0.57714456319809 0.583134472370148 0.564546525478363 0.533594965934753 0.5222008228302 0.514265418052673 0.50661712884903 0.50244665145874 0.50780063867569 0.516225337982178 0.52833753824234 0.547793447971344 0.538136005401611 0.514956712722778 0.515871286392212 0.518111050128937 0.498979449272156 0.501695930957794 0.528229475021362 0.551445364952087 0.574834942817688 0.5953768491745 0.612364649772644 0.618705809116364 0.604738593101501 0.594764947891235 0.602398216724396
