data/1_raw/trimmed_ndre/Aes_ndre.615.2012_no_clouds.asc
NCOLS 109 
NROWS 101 
XLLCORNER 466110 
YLLCORNER 5182005 
CELLSIZE 5 
NODATA_value -3.4e+38 
[rows 60 to 79 of 101, columns 0 to 44 of 109]
-3.4e+38 -3.4e+38 -3.4e+38 -3.4e+38 -3.4e+38 -3.4e+38 0.376341015100479 0.43195316195488 0.467314958572388 0.499658435583115 0.512331306934357 0.522200584411621 0.552533805370331 0.580681562423706 0.593827605247498 0.601556181907654 0.624433934688568 0.639986336231232 0.638252377510071 0.629983067512512 0.624804615974426 0.618995606899261 0.611046493053436 0.598219037055969 0.577644288539886 0.55530709028244 0.545566439628601 0.537560522556305 0.527777314186096 0.527295529842377 0.541344583034515 0.555728673934937 0.561459183692932 0.531843304634094 0.491522520780563 0.478662639856339 0.472167253494263 0.468084871768951 0.458202093839645 0.424046754837036 0.424559831619263 0.451471954584122 0.45578521490097 0.427222669124603 0.394014447927475
-3.4e+38 -3.4e+38 -3.4e+38 -3.4e+38 -3.4e+38 0.38721951842308 0.42530345916748 0.50305050611496 0.487594842910767 0.500437021255493 0.529153943061829 0.54310542345047 0.5639289021492 0.572624683380127 0.576874196529388 0.588720083236694 0.618894040584564 0.642756640911102 0.645273864269257 0.637781739234924 0.63821280002594 0.628811180591583 0.614780426025391 0.604798793792725 0.603042840957642 0.587508261203766 0.56469601392746 0.549469828605652 0.549778699874878 0.542234063148499 0.544955790042877 0.550911962985992 0.549732983112335 0.517934322357178 0.486048102378845 0.484407842159271 0.48221293091774 0.477573335170746 0.446529865264893 0.410952895879745 0.410367757081985 0.425769656896591 0.440603643655777 0.431192278862 0.402292281389236
-3.4e+38 -3.4e+38 -3.4e+38 -3.4e+38 -3.4e+38 0.400573432445526 0.465336799621582 0.534071326255798 0.518839240074158 0.52016943693161 0.541964471340179 0.566375434398651 0.578287720680237 0.574531972408295 0.575144231319427 0.598435282707214 0.62551337480545 0.639474511146545 0.645631551742554 0.64673262834549 0.641297578811646 0.62856924533844 0.619736790657043 0.619440495967865 0.621122121810913 0.609507322311401 0.58026534318924 0.565316438674927 0.572984158992767 0.55329442024231 0.548123359680176 0.551750481128693 0.536379218101501 0.501521468162537 0.479818284511566 0.478875547647476 0.477890461683273 0.468602359294891 0.438188403844833 0.420698195695877 0.430266201496124 0.424627512693405 0.434438049793243 0.438108891248703 0.399022042751312
-3.4e+38 -3.4e+38 -3.4e+38 -3.4e+38 -3.4e+38 0.422487676143646 0.502150118350983 0.553106248378754 0.543799698352814 0.527346789836884 0.536909103393555 0.560578167438507 0.571259558200836 0.568280696868896 0.575112104415894 0.60468715429306 0.631717145442963 0.635029792785645 0.638419806957245 0.648375928401947 0.643510162830353 0.629178106784821 0.62553608417511 0.622969329357147 0.615917265415192 0.606620192527771 0.595120072364807 0.580660581588745 0.570442795753479 0.555140972137451 0.554972052574158 0.548294186592102 0.511539041996002 0.471333563327789 0.450588703155518 0.450271040201187 0.455739378929138 0.453620076179504 0.430193781852722 0.426018595695496 0.434158504009247 0.416353642940521 0.429785907268524 0.425981193780899 0.387888163328171
-3.4e+38 -3.4e+38 -3.4e+38 -3.4e+38 0.387026458978653 0.436839312314987 0.520672738552094 0.555515944957733 0.538138031959534 0.522601962089539 0.536660492420197 0.558047592639923 0.573109865188599 0.576599478721619 0.583691716194153 0.606006503105164 0.63703066110611 0.639118552207947 0.62148654460907 0.630974888801575 0.643362462520599 0.633979558944702 0.619555056095123 0.618445873260498 0.610687792301178 0.598302781581879 0.591614127159119 0.574741423130035 0.554765284061432 0.547963440418243 0.545886874198914 0.523687601089478 0.478099048137665 0.438874065876007 0.42495185136795 0.418146520853043 0.433139473199844 0.439917236566544 0.41101062297821 0.413078993558884 0.426224321126938 0.416350394487381 0.419371396303177 0.404705673456192 0.387312680482864
-3.4e+38 -3.4e+38 -3.4e+38 -3.4e+38 0.38385421037674 0.449263632297516 0.536016821861267 0.549898326396942 0.537604212760925 0.522444903850555 0.540153920650482 0.562708020210266 0.583839178085327 0.599458694458008 0.609751343727112 0.616420924663544 0.628204762935638 0.625589370727539 0.611820220947266 0.621700406074524 0.639606416225433 0.633180201053619 0.608399033546448 0.597383797168732 0.577528893947601 0.565172910690308 0.564139187335968 0.557375073432922 0.541008293628693 0.528540790081024 0.509866833686829 0.475554287433624 0.454555124044418 0.437228411436081 0.417094022035599 0.397495746612549 0.409786194562912 0.416092723608017 0.395486027002335 0.404413431882858 0.417947143316269 0.414530456066132 0.403940618038177 0.396066814661026 0.410230606794357
-3.4e+38 -3.4e+38 -3.4e+38 0.403619706630707 0.40567734837532 0.471963584423065 0.54889577627182 0.55959564447403 0.547386109828949 0.539263904094696 0.554297566413879 0.573601841926575 0.588283956050873 0.603646397590637 0.616660118103027 0.622029602527618 0.621346771717072 0.622187852859497 0.61940586566925 0.619466006755829 0.627637922763824 0.614906013011932 0.588830769062042 0.563973248004913 0.542140483856201 0.533611476421356 0.534005701541901 0.530674576759338 0.51563161611557 0.501513719558716 0.478654265403748 0.454658687114716 0.448871970176697 0.438266217708588 0.406720399856567 0.380023002624512 0.389727175235748 0.404843419790268 0.408574640750885 0.41826993227005 0.410175323486328 0.398223578929901 0.391370326280594 0.40825828909874 0.446369200944901
-3.4e+38 -3.4e+38 -3.4e+38 0.400493383407593 0.430998533964157 0.48789718747139 0.557597041130066 0.574948608875275 0.562472820281982 0.559007048606873 0.573425889015198 0.590124309062958 0.599815845489502 0.605174839496613 0.616151571273804 0.62418395280838 0.624439775943756 0.624629497528076 0.611099302768707 0.591743648052216 0.587087631225586 0.58951872587204 0.587036609649658 0.558471024036407 0.528014719486237 0.51712441444397 0.488359987735748 0.482706695795059 0.493145406246185 0.493150532245636 0.483034253120422 0.457270205020905 0.437616109848022 0.420322597026825 0.402051001787186 0.399767607450485 0.417744994163513 0.41931813955307 0.433612138032913 0.443609982728958 0.419781386852264 0.42092353105545 0.44273442029953 0.461345970630646 0.486407667398453
-3.4e+38 -3.4e+38 -3.4e+38 0.3978111743927 0.452873200178146 0.506319522857666 0.566210687160492 0.586820244789124 0.567372143268585 0.55988085269928 0.575373768806458 0.595322728157043 0.605438351631165 0.607346951961517 0.613961756229401 0.6235072016716 0.624992847442627 0.622356414794922 0.606617093086243 0.581598937511444 0.575710773468018 0.586648881435394 0.591597080230713 0.561858236789703 0.516929090023041 0.505228519439697 0.488850086927414 0.493738532066345 0.499119937419891 0.492576867341995 0.483475565910339 0.439160823822021 0.416202932596207 0.433359265327454 0.435894370079041 0.445416748523712 0.451557487249374 0.433235883712769 0.434929102659225 0.453361243009567 0.453944951295853 0.478544890880585 0.506620943546295 0.507663547992706 0.516936600208282
-3.4e+38 -3.4e+38 -3.4e+38 0.40594556927681 0.47187277674675 0.528796553611755 0.578056752681732 0.591514945030212 0.562773048877716 0.547016501426697 0.56653368473053 0.590993463993073 0.605822324752808 0.612526416778564 0.6162269115448 0.627748072147369 0.635226964950562 0.627302646636963 0.610849797725677 0.609107375144958 0.599512457847595 0.584346175193787 0.574341416358948 0.565852224826813 0.534772276878357 0.515658318996429 0.516122102737427 0.516760587692261 0.487083524465561 0.466058284044266 0.473557144403458 0.454156935214996 0.440539538860321 0.45485445857048 0.453560203313828 0.45034185051918 0.456584900617599 0.461378991603851 0.464453369379044 0.473690956830978 0.487531036138535 0.515144348144531 0.517578423023224 0.508797645568848 0.5195631980896
-3.4e+38 -3.4e+38 0.407541155815125 0.432667434215546 0.491489410400391 0.547926545143127 0.582969963550568 0.585545063018799 0.55450451374054 0.539336383342743 0.568638622760773 0.587835490703583 0.605840623378754 0.613880813121796 0.618455529212952 0.632830739021301 0.644881904125214 0.635059058666229 0.623083770275116 0.631419777870178 0.618144631385803 0.575328886508942 0.554469466209412 0.576598107814789 0.546272039413452 0.519412457942963 0.506041646003723 0.489683449268341 0.459596663713455 0.441899746656418 0.470351874828339 0.495504647493362 0.470079302787781 0.438037365674973 0.427972733974457 0.435507535934448 0.445965260267258 0.457619547843933 0.471754759550095 0.473910570144653 0.487198919057846 0.521841883659363 0.513793528079987 0.494010359048843 0.505595028400421
-3.4e+38 -3.4e+38 0.414795517921448 0.458975821733475 0.500847160816193 0.546663522720337 0.565062403678894 0.557410418987274 0.53911030292511 0.542706549167633 0.576042234897614 0.591660380363464 0.605025231838226 0.606901288032532 0.612415254116058 0.629244327545166 0.642822206020355 0.639578640460968 0.621605455875397 0.619296431541443 0.623416721820831 0.582688212394714 0.547912120819092 0.546739280223846 0.515301108360291 0.512219250202179 0.495127260684967 0.463333815336227 0.441235452890396 0.415956437587738 0.459913104772568 0.50883549451828 0.469263553619385 0.423152029514313 0.416414767503738 0.432966470718384 0.44145068526268 0.450771182775497 0.462215274572372 0.458944827318192 0.472236841917038 0.502158641815186 0.492438286542892 0.477532207965851 0.484416663646698
-3.4e+38 -3.4e+38 0.42513033747673 0.471171766519547 0.493989616632462 0.529068768024445 0.532348036766052 0.517810881137848 0.518670380115509 0.537989675998688 0.572738647460938 0.588682889938354 0.592027485370636 0.589286327362061 0.598394811153412 0.61811488866806 0.630960702896118 0.635886907577515 0.618063747882843 0.610382437705994 0.617917895317078 0.592245280742645 0.5406653881073 0.480493038892746 0.459894716739655 0.490729480981827 0.48821896314621 0.453666180372238 0.429351359605789 0.401884436607361 0.442909777164459 0.4888716340065 0.448140352964401 0.411369532346725 0.412298858165741 0.436714321374893 0.454425424337387 0.47383850812912 0.480313241481781 0.468005836009979 0.463173985481262 0.470893412828445 0.470846921205521 0.466541141271591 0.469320744276047
-3.4e+38 0.461045175790787 0.436769485473633 0.483327180147171 0.505973696708679 0.534099340438843 0.523153305053711 0.495059192180634 0.501801371574402 0.515967667102814 0.551357865333557 0.571677446365356 0.563662052154541 0.569628119468689 0.589467227458954 0.607575297355652 0.611988306045532 0.616751670837402 0.614044427871704 0.5998495221138 0.592380881309509 0.576353371143341 0.542919456958771 0.464979201555252 0.425455272197723 0.450861275196075 0.468289524316788 0.458808928728104 0.431134641170502 0.409774333238602 0.430768966674805 0.467903614044189 0.456199944019318 0.435525298118591 0.42319992184639 0.43704155087471 0.458887994289398 0.482620745897293 0.486037373542786 0.474730640649796 0.455139577388763 0.448242872953415 0.456393867731094 0.448412150144577 0.439239114522934
-3.4e+38 0.442937552928925 0.461348354816437 0.503157377243042 0.528995752334595 0.552861094474792 0.536340892314911 0.501466929912567 0.504171550273895 0.520420134067535 0.540956199169159 0.555883646011353 0.548385620117188 0.557586073875427 0.58278501033783 0.594845116138458 0.590492367744446 0.59094774723053 0.597165465354919 0.57596892118454 0.562470436096191 0.557604014873505 0.555581867694855 0.501357018947601 0.437882035970688 0.433328032493591 0.458442449569702 0.468565911054611 0.45433646440506 0.439362734556198 0.434181839227676 0.477813929319382 0.498832523822784 0.471587300300598 0.442067414522171 0.444082736968994 0.468563556671143 0.475147277116776 0.473611742258072 0.46619975566864 0.446529984474182 0.437320679426193 0.449397295713425 0.450783848762512 0.443895071744919
-3.4e+38 0.41689532995224 0.46302255988121 0.500144302845001 0.531871557235718 0.549663484096527 0.549582064151764 0.516904890537262 0.509101510047913 0.538155257701874 0.539337337017059 0.565187215805054 0.561231553554535 0.542986690998077 0.561588943004608 0.560271143913269 0.555261969566345 0.551223337650299 0.554067611694336 0.543104588985443 0.539333283901215 0.545846819877625 0.540418386459351 0.525812566280365 0.478304386138916 0.455096751451492 0.475427716970444 0.490398794412613 0.4899782538414 0.475205659866333 0.468693792819977 0.502356827259064 0.517427563667297 0.485714137554169 0.462070375680923 0.46121734380722 0.470809936523438 0.46164071559906 0.459618598222733 0.458627343177795 0.441046267747879 0.433897942304611 0.46647521853447 0.498290091753006 0.494402825832367
-3.4e+38 0.388329386711121 0.443119794130325 0.478555619716644 0.533204555511475 0.565371155738831 0.563878178596497 0.530199527740479 0.507502794265747 0.530174553394318 0.545764088630676 0.57763284444809 0.571123361587524 0.53068220615387 0.521562695503235 0.499311804771423 0.502038896083832 0.492970883846283 0.467700034379959 0.485353469848633 0.502971410751343 0.513007402420044 0.512191474437714 0.52302747964859 0.504134356975555 0.500680506229401 0.501011550426483 0.489139944314957 0.496274322271347 0.509516298770905 0.503947913646698 0.500079154968262 0.492975234985352 0.464190065860748 0.451427757740021 0.449250489473343 0.455166101455688 0.458212316036224 0.461608707904816 0.472060143947601 0.472405791282654 0.461569875478745 0.49395552277565 0.538991808891296 0.524456381797791
0.418999582529068 0.393823474645615 0.461128532886505 0.500690340995789 0.559897840023041 0.583639562129974 0.562139928340912 0.537230253219604 0.512083530426025 0.525910377502441 0.552418947219849 0.580171644687653 0.58158004283905 0.533086717128754 0.472801595926285 0.437326520681381 0.425868958234787 0.40757018327713 0.396245002746582 0.438282191753387 0.460315018892288 0.48908394575119 0.521031677722931 0.531611621379852 0.514664649963379 0.501556396484375 0.491338551044464 0.482507228851318 0.496970772743225 0.541192829608917 0.531254589557648 0.478493422269821 0.463853687047958 0.441390007734299 0.423828423023224 0.418287754058838 0.432852804660797 0.453688621520996 0.466331839561462 0.498529225587845 0.513633787631989 0.493677943944931 0.500546753406525 0.526300668716431 0.50104296207428
0.414389789104462 0.419458866119385 0.47068065404892 0.513898015022278 0.557775557041168 0.574065089225769 0.552932918071747 0.532656788825989 0.509036362171173 0.519885659217834 0.55170089006424 0.569773733615875 0.587403357028961 0.540164530277252 0.46272087097168 0.423661261796951 0.399067610502243 0.384984582662582 0.399288803339005 0.434717953205109 0.457062184810638 0.487647265195847 0.533529281616211 0.551429569721222 0.524696111679077 0.490070939064026 0.488819003105164 0.499812096357346 0.504293918609619 0.525878012180328 0.506544649600983 0.454560279846191 0.454579383134842 0.441677749156952 0.415556311607361 0.407558351755142 0.425941050052643 0.464280605316162 0.483825147151947 0.505739450454712 0.515248239040375 0.502995371818542 0.494949847459793 0.492810130119324 0.468600422143936
0.400074124336243 0.437480241060257 0.47051614522934 0.500677824020386 0.53001207113266 0.544903218746185 0.538517773151398 0.524910867214203 0.510666728019714 0.526563167572021 0.548366010189056 0.563073754310608 0.585753798484802 0.543681919574738 0.489324867725372 0.468694716691971 0.449769586324692 0.435285270214081 0.440242528915405 0.460452526807785 0.486750960350037 0.512836217880249 0.55619204044342 0.57209700345993 0.539661765098572 0.503124177455902 0.490851491689682 0.490286648273468 0.492089331150055 0.496267169713974 0.479122519493103 0.455142974853516 0.451194405555725 0.448318988084793 0.428964674472809 0.419465214014053 0.430500745773315 0.473332762718201 0.499346524477005 0.487502843141556 0.495627909898758 0.509374797344208 0.496612578630447 0.48650336265564 0.479200035333633
