data/1_raw/trimmed_ndre/Aes_ndre.76.2012_no_clouds.asc
NCOLS 109 
NROWS 101 
XLLCORNER 466110 
YLLCORNER 5182005 
CELLSIZE 5 
NODATA_value -3.4e+38 
[rows 80 to 99 of 101, columns 0 to 44 of 109]
-3.4e+38 -3.4e+38 -3.4e+38 -3.4e+38 0.480347275733948 0.499750524759293 0.500760138034821 0.509695708751678 0.509646117687225 0.499520123004913 0.496487498283386 0.484061062335968 0.493029892444611 0.494977444410324 0.482775837182999 0.467795610427856 0.444516181945801 0.432840824127197 0.407269418239594 0.387708008289337 0.380305111408234 0.416784077882767 0.476593881845474 0.519434988498688 0.527715444564819 0.533506989479065 0.539741277694702 0.533206880092621 0.536806881427765 0.543468296527863 0.538601040840149 0.518607020378113 0.487090289592743 0.481168001890182 0.501279354095459 0.490872144699097 0.460221350193024 0.458713293075562 0.477084636688232 0.48300912976265 0.485242873430252 0.509390592575073 0.506836414337158 0.49542373418808 0.502368748188019
-3.4e+38 -3.4e+38 -3.4e+38 -3.4e+38 -3.4e+38 -3.4e+38 -3.4e+38 0.495166510343552 0.486754447221756 0.484864830970764 0.50608503818512 0.498879283666611 0.497983515262604 0.505616903305054 0.489203810691833 0.481467247009277 0.4608234167099 0.438181221485138 0.428775280714035 0.426902651786804 0.426250010728836 0.446755945682526 0.495049297809601 0.5212442278862 0.52744472026825 0.527757883071899 0.536817073822021 0.537877976894379 0.536995232105255 0.528451323509216 0.525500297546387 0.519517064094543 0.482044398784637 0.476029187440872 0.499405741691589 0.49333867430687 0.480273872613907 0.47539871931076 0.486973524093628 0.478362888097763 0.469342350959778 0.506772637367249 0.512098252773285 0.495170474052429 0.494349837303162
-3.4e+38 -3.4e+38 -3.4e+38 -3.4e+38 -3.4e+38 -3.4e+38 -3.4e+38 -3.4e+38 -3.4e+38 -3.4e+38 0.500852823257446 0.515844404697418 0.51187139749527 0.509483516216278 0.472776859998703 0.45788300037384 0.461091130971909 0.44381844997406 0.43304368853569 0.431754887104034 0.445629149675369 0.47445410490036 0.525779604911804 0.54068922996521 0.526874244213104 0.52129852771759 0.531020045280457 0.536780953407288 0.535003304481506 0.527378678321838 0.50346976518631 0.476699680089951 0.457744777202606 0.464217245578766 0.470862001180649 0.451619356870651 0.448650568723679 0.466875612735748 0.497999012470245 0.474984347820282 0.455041199922562 0.491760760545731 0.51283460855484 0.486568093299866 0.492411136627197
-3.4e+38 -3.4e+38 -3.4e+38 -3.4e+38 -3.4e+38 -3.4e+38 -3.4e+38 -3.4e+38 -3.4e+38 -3.4e+38 -3.4e+38 -3.4e+38 0.522441446781158 0.511208415031433 0.467562854290009 0.436010003089905 0.43802085518837 0.42782586812973 0.422462493181229 0.435825765132904 0.466302245855331 0.497172474861145 0.54403156042099 0.557470858097076 0.52308315038681 0.518519341945648 0.536380767822266 0.535621106624603 0.538576662540436 0.530847311019897 0.502857327461243 0.462088853120804 0.447858899831772 0.45490774512291 0.462795048952103 0.44528141617775 0.442181497812271 0.455391108989716 0.480315953493118 0.468790024518967 0.475509375333786 0.496615350246429 0.500128507614136 0.475792050361633 0.482352584600449
-3.4e+38 -3.4e+38 -3.4e+38 -3.4e+38 -3.4e+38 -3.4e+38 -3.4e+38 -3.4e+38 -3.4e+38 -3.4e+38 -3.4e+38 -3.4e+38 -3.4e+38 -3.4e+38 0.457626312971115 0.415857672691345 0.40644758939743 0.398101568222046 0.392173022031784 0.407559514045715 0.445147275924683 0.488018721342087 0.527549207210541 0.54169625043869 0.519254446029663 0.522791266441345 0.545236051082611 0.541326344013214 0.541201233863831 0.537167251110077 0.516628265380859 0.490007102489471 0.464920252561569 0.448034226894379 0.447370767593384 0.458485037088394 0.471698969602585 0.487217307090759 0.480501472949982 0.468112140893936 0.491263926029205 0.495893716812134 0.47705340385437 0.461093783378601 0.470906168222427
-3.4e+38 -3.4e+38 -3.4e+38 -3.4e+38 -3.4e+38 -3.4e+38 -3.4e+38 -3.4e+38 -3.4e+38 -3.4e+38 -3.4e+38 -3.4e+38 -3.4e+38 -3.4e+38 -3.4e+38 0.416735976934433 0.395298272371292 0.372632801532745 0.359136641025543 0.374131500720978 0.413101881742477 0.481751829385757 0.513275980949402 0.526782989501953 0.522626459598541 0.521880745887756 0.538455307483673 0.548038363456726 0.544017612934113 0.535649538040161 0.512231409549713 0.49584624171257 0.473466008901596 0.447921425104141 0.444534301757812 0.453090846538544 0.46065628528595 0.480303406715393 0.477231502532959 0.464210093021393 0.464944124221802 0.470434695482254 0.470724612474442 0.457604795694351 0.475496023893356
-3.4e+38 -3.4e+38 -3.4e+38 -3.4e+38 -3.4e+38 -3.4e+38 -3.4e+38 -3.4e+38 -3.4e+38 -3.4e+38 -3.4e+38 -3.4e+38 -3.4e+38 -3.4e+38 -3.4e+38 -3.4e+38 -3.4e+38 0.37856325507164 0.361102133989334 0.375663965940475 0.412741422653198 0.475717127323151 0.510477423667908 0.521284401416779 0.520915865898132 0.528981387615204 0.548373341560364 0.552964806556702 0.537373125553131 0.530165612697601 0.511011004447937 0.49665367603302 0.487801373004913 0.469617754220963 0.47181561589241 0.475296318531036 0.460012167692184 0.463887214660645 0.473721921443939 0.47574657201767 0.47933104634285 0.473637700080872 0.4753777384758 0.469746112823486 0.489578902721405
-3.4e+38 -3.4e+38 -3.4e+38 -3.4e+38 -3.4e+38 -3.4e+38 -3.4e+38 -3.4e+38 -3.4e+38 -3.4e+38 -3.4e+38 -3.4e+38 -3.4e+38 -3.4e+38 -3.4e+38 -3.4e+38 -3.4e+38 -3.4e+38 -3.4e+38 0.389767825603485 0.431097984313965 0.479700356721878 0.521409809589386 0.51637989282608 0.520341277122498 0.535803437232971 0.55027836561203 0.538462519645691 0.523557305335999 0.520735263824463 0.514882624149323 0.502496719360352 0.50084775686264 0.476062327623367 0.465746223926544 0.482980489730835 0.467887431383133 0.455974459648132 0.456715226173401 0.458158522844315 0.469929754734039 0.470659911632538 0.478461623191833 0.487573474645615 0.496012330055237
-3.4e+38 -3.4e+38 -3.4e+38 -3.4e+38 -3.4e+38 -3.4e+38 -3.4e+38 -3.4e+38 -3.4e+38 -3.4e+38 -3.4e+38 -3.4e+38 -3.4e+38 -3.4e+38 -3.4e+38 -3.4e+38 -3.4e+38 -3.4e+38 -3.4e+38 -3.4e+38 -3.4e+38 0.493343949317932 0.529630064964294 0.529948353767395 0.534147143363953 0.540433764457703 0.539206385612488 0.519155025482178 0.515783488750458 0.526126265525818 0.525477707386017 0.502898037433624 0.487196028232574 0.472204238176346 0.465568393468857 0.479238033294678 0.468258410692215 0.45623242855072 0.449356645345688 0.443709313869476 0.452931851148605 0.464150637388229 0.481785774230957 0.500422894954681 0.496306598186493
-3.4e+38 -3.4e+38 -3.4e+38 -3.4e+38 -3.4e+38 -3.4e+38 -3.4e+38 -3.4e+38 -3.4e+38 -3.4e+38 -3.4e+38 -3.4e+38 -3.4e+38 -3.4e+38 -3.4e+38 -3.4e+38 -3.4e+38 -3.4e+38 -3.4e+38 -3.4e+38 -3.4e+38 -3.4e+38 0.531572878360748 0.532380521297455 0.532230138778687 0.539260029792786 0.531340003013611 0.508855998516083 0.516750633716583 0.536835849285126 0.52755081653595 0.495303303003311 0.477807104587555 0.480815589427948 0.468599379062653 0.472046673297882 0.47192057967186 0.46588397026062 0.456748783588409 0.448283404111862 0.456183254718781 0.472287595272064 0.488061487674713 0.500067055225372 0.496129333972931
-3.4e+38 -3.4e+38 -3.4e+38 -3.4e+38 -3.4e+38 -3.4e+38 -3.4e+38 -3.4e+38 -3.4e+38 -3.4e+38 -3.4e+38 -3.4e+38 -3.4e+38 -3.4e+38 -3.4e+38 -3.4e+38 -3.4e+38 -3.4e+38 -3.4e+38 -3.4e+38 -3.4e+38 -3.4e+38 -3.4e+38 -3.4e+38 0.51554548740387 0.520970106124878 0.508119225502014 0.498156368732452 0.51266473531723 0.534047961235046 0.521476030349731 0.48558583855629 0.475890010595322 0.482136338949203 0.464904397726059 0.481027573347092 0.492826491594315 0.47241935133934 0.463279098272324 0.45412665605545 0.46130695939064 0.481994211673737 0.49162682890892 0.495806664228439 0.49345850944519
-3.4e+38 -3.4e+38 -3.4e+38 -3.4e+38 -3.4e+38 -3.4e+38 -3.4e+38 -3.4e+38 -3.4e+38 -3.4e+38 -3.4e+38 -3.4e+38 -3.4e+38 -3.4e+38 -3.4e+38 -3.4e+38 -3.4e+38 -3.4e+38 -3.4e+38 -3.4e+38 -3.4e+38 -3.4e+38 -3.4e+38 -3.4e+38 -3.4e+38 0.519889235496521 0.498574823141098 0.487044394016266 0.497816056013107 0.506076872348785 0.503830075263977 0.485282599925995 0.4703648686409 0.464978009462357 0.460558474063873 0.491402626037598 0.496200293302536 0.465275138616562 0.46885821223259 0.466826915740967 0.477513074874878 0.497245281934738 0.49845764040947 0.492382198572159 0.494582772254944
-3.4e+38 -3.4e+38 -3.4e+38 -3.4e+38 -3.4e+38 -3.4e+38 -3.4e+38 -3.4e+38 -3.4e+38 -3.4e+38 -3.4e+38 -3.4e+38 -3.4e+38 -3.4e+38 -3.4e+38 -3.4e+38 -3.4e+38 -3.4e+38 -3.4e+38 -3.4e+38 -3.4e+38 -3.4e+38 -3.4e+38 -3.4e+38 -3.4e+38 0.517151355743408 0.498236924409866 0.479066908359528 0.476423412561417 0.475931733846664 0.493968546390533 0.491073191165924 0.461739659309387 0.456332862377167 0.471229285001755 0.487853795289993 0.4853735268116 0.458394050598145 0.455208003520966 0.468637198209763 0.486510992050171 0.502508759498596 0.497393906116486 0.487459778785706 0.492086440324783
-3.4e+38 -3.4e+38 -3.4e+38 -3.4e+38 -3.4e+38 -3.4e+38 -3.4e+38 -3.4e+38 -3.4e+38 -3.4e+38 -3.4e+38 -3.4e+38 -3.4e+38 -3.4e+38 -3.4e+38 -3.4e+38 -3.4e+38 -3.4e+38 -3.4e+38 -3.4e+38 -3.4e+38 -3.4e+38 -3.4e+38 -3.4e+38 -3.4e+38 0.500297725200653 0.47912386059761 0.45892259478569 0.459849148988724 0.472321152687073 0.492080748081207 0.490763872861862 0.453242212533951 0.460579752922058 0.475389510393143 0.472663551568985 0.479809015989304 0.463806629180908 0.455938965082169 0.472035348415375 0.479207843542099 0.48935478925705 0.488515973091125 0.484038859605789 0.484675705432892
-3.4e+38 -3.4e+38 -3.4e+38 -3.4e+38 -3.4e+38 -3.4e+38 -3.4e+38 -3.4e+38 -3.4e+38 -3.4e+38 -3.4e+38 -3.4e+38 -3.4e+38 -3.4e+38 -3.4e+38 -3.4e+38 -3.4e+38 -3.4e+38 -3.4e+38 -3.4e+38 -3.4e+38 -3.4e+38 -3.4e+38 -3.4e+38 -3.4e+38 -3.4e+38 0.461609452962875 0.460138887166977 0.467463999986649 0.484295129776001 0.490736722946167 0.487134099006653 0.464582055807114 0.473403096199036 0.469884008169174 0.460958063602448 0.476191371679306 0.470124751329422 0.476903051137924 0.493198782205582 0.49413400888443 0.495074152946472 0.495841294527054 0.494085550308228 0.488816112279892
-3.4e+38 -3.4e+38 -3.4e+38 -3.4e+38 -3.4e+38 -3.4e+38 -3.4e+38 -3.4e+38 -3.4e+38 -3.4e+38 -3.4e+38 -3.4e+38 -3.4e+38 -3.4e+38 -3.4e+38 -3.4e+38 -3.4e+38 -3.4e+38 -3.4e+38 -3.4e+38 -3.4e+38 -3.4e+38 -3.4e+38 -3.4e+38 -3.4e+38 -3.4e+38 0.459222286939621 0.476407408714294 0.486471503973007 0.485247850418091 0.488444328308105 0.49563193321228 0.485256016254425 0.487772524356842 0.479681938886642 0.473521620035172 0.479725569486618 0.470718026161194 0.488041698932648 0.503169476985931 0.507614970207214 0.50934886932373 0.512799263000488 0.512522637844086 0.506110906600952
-3.4e+38 -3.4e+38 -3.4e+38 -3.4e+38 -3.4e+38 -3.4e+38 -3.4e+38 -3.4e+38 -3.4e+38 -3.4e+38 -3.4e+38 -3.4e+38 -3.4e+38 -3.4e+38 -3.4e+38 -3.4e+38 -3.4e+38 -3.4e+38 -3.4e+38 -3.4e+38 -3.4e+38 -3.4e+38 -3.4e+38 -3.4e+38 -3.4e+38 -3.4e+38 -3.4e+38 -3.4e+38 -3.4e+38 0.497729629278183 0.497375875711441 0.515169501304626 0.495737850666046 0.475107669830322 0.484079718589783 0.4848912358284 0.488789081573486 0.486335039138794 0.499734312295914 0.505362868309021 0.508391261100769 0.513672530651093 0.518007457256317 0.518402397632599 0.519776940345764
-3.4e+38 -3.4e+38 -3.4e+38 -3.4e+38 -3.4e+38 -3.4e+38 -3.4e+38 -3.4e+38 -3.4e+38 -3.4e+38 -3.4e+38 -3.4e+38 -3.4e+38 -3.4e+38 -3.4e+38 -3.4e+38 -3.4e+38 -3.4e+38 -3.4e+38 -3.4e+38 -3.4e+38 -3.4e+38 -3.4e+38 -3.4e+38 -3.4e+38 -3.4e+38 -3.4e+38 -3.4e+38 -3.4e+38 -3.4e+38 -3.4e+38 -3.4e+38 -3.4e+38 -3.4e+38 -3.4e+38 0.481812208890915 0.493624061346054 0.509715855121613 0.513097763061523 0.504249691963196 0.504025459289551 0.51146525144577 0.517433881759644 0.515444278717041 0.516340672969818
-3.4e+38 -3.4e+38 -3.4e+38 -3.4e+38 -3.4e+38 -3.4e+38 -3.4e+38 -3.4e+38 -3.4e+38 -3.4e+38 -3.4e+38 -3.4e+38 -3.4e+38 -3.4e+38 -3.4e+38 -3.4e+38 -3.4e+38 -3.4e+38 -3.4e+38 -3.4e+38 -3.4e+38 -3.4e+38 -3.4e+38 -3.4e+38 -3.4e+38 -3.4e+38 -3.4e+38 -3.4e+38 -3.4e+38 -3.4e+38 -3.4e+38 -3.4e+38 -3.4e+38 -3.4e+38 -3.4e+38 -3.4e+38 -3.4e+38 -3.4e+38 0.51919025182724 0.501076281070709 0.490285366773605 0.498259484767914 0.511223495006561 0.510362029075623 0.50142514705658
-3.4e+38 -3.4e+38 -3.4e+38 -3.4e+38 -3.4e+38 -3.4e+38 -3.4e+38 -3.4e+38 -3.4e+38 -3.4e+38 -3.4e+38 -3.4e+38 -3.4e+38 -3.4e+38 -3.4e+38 -3.4e+38 -3.4e+38 -3.4e+38 -3.4e+38 -3.4e+38 -3.4e+38 -3.4e+38 -3.4e+38 -3.4e+38 -3.4e+38 -3.4e+38 -3.4e+38 -3.4e+38 -3.4e+38 -3.4e+38 -3.4e+38 -3.4e+38 -3.4e+38 -3.4e+38 -3.4e+38 -3.4e+38 -3.4e+38 -3.4e+38 -3.4e+38 0.516860663890839 0.505875110626221 0.500421226024628 0.504874348640442 0.501352488994598 0.487846046686172
