data/1_raw/trimmed_ndre/Aes_ndre.68.2013_no_clouds.asc
NCOLS 109 
NROWS 101 
XLLCORNER 466110 
YLLCORNER 5182005 
CELLSIZE 5 
NODATA_value -3.4e+38 
[rows 40 to 59 of 101, columns 45 to 89 of 109]
0.316704899072647 0.352211982011795 0.356973677873611 0.386732548475266 0.418951839208603 0.437871277332306 0.467105835676193 0.50262451171875 0.531685888767242 0.527559220790863 0.511036098003387 0.504872024059296 0.494347602128983 0.458877354860306 0.428904682397842 0.416677683591843 0.405414283275604 0.387573212385178 0.380626320838928 0.392441153526306 0.397515267133713 0.395393967628479 0.390464305877686 0.384559124708176 0.402438312768936 0.440042525529861 0.44257640838623 0.44263106584549 0.456155717372894 0.449943751096725 0.449839770793915 0.421986639499664 0.399592906236649 0.413638740777969 0.428967028856277 0.410236775875092 0.372632592916489 0.339637070894241 0.317251950502396 0.316789716482162 0.311566531658173 0.304162204265594 0.325516551733017 0.352407336235046 0.360735952854156
0.317851960659027 0.337521702051163 0.364038944244385 0.401158362627029 0.451712876558304 0.469244331121445 0.460762798786163 0.480610489845276 0.520007908344269 0.522903203964233 0.524406969547272 0.500150680541992 0.452615439891815 0.401930391788483 0.388775914907455 0.38489156961441 0.378894627094269 0.387982726097107 0.395073384046555 0.395954936742783 0.393705457448959 0.392682909965515 0.392993241548538 0.37079069018364 0.357129961252213 0.384805947542191 0.405137330293655 0.415142565965652 0.428029388189316 0.427073508501053 0.431429028511047 0.412903338670731 0.381934612989426 0.394565135240555 0.424278765916824 0.412556141614914 0.369446396827698 0.351093113422394 0.338201344013214 0.320950895547867 0.312388509511948 0.307895064353943 0.332779228687286 0.356661081314087 0.365368276834488
0.312624365091324 0.323505789041519 0.372228592634201 0.431764245033264 0.478017449378967 0.489259421825409 0.477797150611877 0.504371047019958 0.54015451669693 0.534234464168549 0.510223984718323 0.471315532922745 0.414854019880295 0.375778555870056 0.370020538568497 0.381653696298599 0.3831387758255 0.393936514854431 0.407263964414597 0.410033851861954 0.39825513958931 0.386349618434906 0.384109497070312 0.37814661860466 0.373894304037094 0.380810111761093 0.394775897264481 0.403427839279175 0.416247665882111 0.416601091623306 0.409922093153 0.409602403640747 0.39580911397934 0.387051850557327 0.411220878362656 0.403545558452606 0.370749562978745 0.351091742515564 0.354673475027084 0.329464197158813 0.30710032582283 0.307918637990952 0.321929454803467 0.358083307743073 0.391037672758102
0.330334633588791 0.361536979675293 0.433111876249313 0.479427427053452 0.48398020863533 0.477752417325974 0.476426988840103 0.503392398357391 0.525102138519287 0.498901575803757 0.448514312505722 0.419714063405991 0.376595228910446 0.355205774307251 0.365814864635468 0.393096596002579 0.393201380968094 0.380351692438126 0.384915381669998 0.383399784564972 0.372691750526428 0.359522014856339 0.358876705169678 0.362894177436829 0.370257675647736 0.379309862852097 0.391474932432175 0.396887063980103 0.395425885915756 0.408317178487778 0.412663042545319 0.411448270082474 0.413752377033234 0.39462348818779 0.382190614938736 0.380526393651962 0.364663541316986 0.346296936273575 0.336468458175659 0.317438453435898 0.302918523550034 0.306314647197723 0.321635186672211 0.365956574678421 0.400990843772888
0.356407284736633 0.423964709043503 0.491741806268692 0.515487849712372 0.492636024951935 0.474953949451447 0.489218950271606 0.505006551742554 0.48908406496048 0.447834849357605 0.400652408599854 0.373964875936508 0.345240622758865 0.354164630174637 0.378052920103073 0.393902450799942 0.380086362361908 0.346094578504562 0.335493206977844 0.32741579413414 0.315681427717209 0.317825108766556 0.322348177433014 0.324535340070724 0.336954951286316 0.35585629940033 0.393329381942749 0.417042672634125 0.425654202699661 0.442120164632797 0.437024295330048 0.414970576763153 0.396639078855515 0.378450959920883 0.353483945131302 0.357548922300339 0.358002424240112 0.351256728172302 0.337055295705795 0.323866754770279 0.310684502124786 0.321303606033325 0.347503185272217 0.369857341051102 0.374272853136063
0.413266867399216 0.476611018180847 0.510324597358704 0.520868539810181 0.506175756454468 0.504586398601532 0.520557641983032 0.512732863426208 0.478840112686157 0.440337866544724 0.391779005527496 0.369163036346436 0.35407629609108 0.381367623806 0.400074660778046 0.388731420040131 0.360710561275482 0.320239424705505 0.303019523620605 0.297940224409103 0.282259613275528 0.28026208281517 0.292078584432602 0.296189725399017 0.312859088182449 0.3429134786129 0.382963627576828 0.432081341743469 0.463692843914032 0.468037694692612 0.445140689611435 0.420638203620911 0.39950242638588 0.378297656774521 0.348048359155655 0.353397607803345 0.365591198205948 0.361323595046997 0.348445951938629 0.333772569894791 0.323163330554962 0.325456917285919 0.34373739361763 0.352932155132294 0.357597440481186
0.471667915582657 0.504622340202332 0.505528688430786 0.496085494756699 0.510869145393372 0.531295418739319 0.527691960334778 0.490675896406174 0.443788081407547 0.414932012557983 0.394018679857254 0.386748522520065 0.389454632997513 0.406735777854919 0.407650917768478 0.374959677457809 0.344519972801208 0.319568455219269 0.304999679327011 0.291718512773514 0.263337373733521 0.26391538977623 0.281525373458862 0.296082407236099 0.308562785387039 0.314537197351456 0.340239942073822 0.391600877046585 0.438927173614502 0.460373669862747 0.445610284805298 0.424203276634216 0.401060402393341 0.375472009181976 0.355426102876663 0.358482539653778 0.364420115947723 0.360803425312042 0.354634612798691 0.33947166800499 0.331902861595154 0.337393909692764 0.349796921014786 0.364251136779785 0.378090977668762
0.493060499429703 0.514281928539276 0.499775528907776 0.483420938253403 0.514312624931335 0.526934385299683 0.507097780704498 0.469405829906464 0.428729116916656 0.413546741008759 0.395469397306442 0.390945285558701 0.397272676229477 0.408212244510651 0.404806822538376 0.368300139904022 0.331508070230484 0.311937749385834 0.293366551399231 0.281599044799805 0.270120888948441 0.258093953132629 0.266360819339752 0.281220436096191 0.28286948800087 0.27741414308548 0.291356980800629 0.330083161592484 0.383130222558975 0.43114498257637 0.441805571317673 0.435808032751083 0.401427328586578 0.374089419841766 0.372114092111588 0.379866808652878 0.380432039499283 0.374225854873657 0.369148433208466 0.35349577665329 0.351179629564285 0.361687451601028 0.374499887228012 0.389025241136551 0.384610891342163
0.507194340229034 0.50765860080719 0.507368743419647 0.507955551147461 0.52564001083374 0.523717641830444 0.487445741891861 0.445346832275391 0.423678368330002 0.416086435317993 0.394306212663651 0.395966231822968 0.41448312997818 0.415416121482849 0.397301524877548 0.371336579322815 0.348056644201279 0.336645543575287 0.313697695732117 0.299801290035248 0.281236737966537 0.245313137769699 0.237296730279922 0.249280780553818 0.256608426570892 0.26305678486824 0.276732325553894 0.30124107003212 0.333376049995422 0.379352897405624 0.424309998750687 0.456591248512268 0.440637856721878 0.418946385383606 0.400853335857391 0.388936936855316 0.413092106580734 0.414766222238541 0.405823230743408 0.383284687995911 0.362923115491867 0.372068643569946 0.385516464710236 0.397108614444733 0.384034901857376
0.506166160106659 0.504397749900818 0.528210461139679 0.534598052501678 0.527196824550629 0.504662692546844 0.454773873090744 0.411802262067795 0.393795073032379 0.381407350301743 0.384335339069366 0.407601565122604 0.438318967819214 0.41939702630043 0.36991748213768 0.341807276010513 0.340724110603333 0.349173158407211 0.338129818439484 0.315950810909271 0.278546035289764 0.237543627619743 0.22659070789814 0.232979372143745 0.246340736746788 0.256219953298569 0.273681908845901 0.289152145385742 0.307764917612076 0.329982757568359 0.378378182649612 0.434920698404312 0.458492755889893 0.479254812002182 0.446258962154388 0.399440616369247 0.404062867164612 0.413776934146881 0.425908744335175 0.413935840129852 0.381969928741455 0.372408479452133 0.393745899200439 0.408765941858292 0.395892232656479
0.51021271944046 0.514132440090179 0.53306370973587 0.525624990463257 0.492655336856842 0.463650315999985 0.416405320167542 0.387239992618561 0.380137950181961 0.369524270296097 0.389775216579437 0.423922121524811 0.44521901011467 0.417835265398026 0.361514776945114 0.340698421001434 0.343181133270264 0.342391490936279 0.322173327207565 0.293254047632217 0.250442922115326 0.230911061167717 0.233929395675659 0.230861723423004 0.234595417976379 0.246694892644882 0.261855274438858 0.275814920663834 0.288513243198395 0.304634213447571 0.350475817918777 0.412705093622208 0.46393558382988 0.505857467651367 0.51129287481308 0.467827677726746 0.439502477645874 0.42870819568634 0.437486529350281 0.445817738771439 0.444634467363358 0.420266598463058 0.423209697008133 0.43747490644455 0.424567937850952
0.522889196872711 0.520833849906921 0.524109661579132 0.495274156332016 0.44974347949028 0.418894201517105 0.384946525096893 0.374577522277832 0.378258734941483 0.368085831403732 0.390130400657654 0.437200129032135 0.455316036939621 0.421625524759293 0.370973914861679 0.354815632104874 0.363784462213516 0.344040602445602 0.313160926103592 0.288120478391647 0.249957501888275 0.237358778715134 0.245432883501053 0.250183165073395 0.253447145223618 0.253104239702225 0.251790463924408 0.259736835956573 0.276787012815475 0.291483253240585 0.318964183330536 0.370362102985382 0.430895090103149 0.49358069896698 0.522208571434021 0.518023550510406 0.478608161211014 0.452813357114792 0.439921140670776 0.440696030855179 0.468027383089066 0.479346036911011 0.478833049535751 0.472979247570038 0.449910879135132
0.534469544887543 0.519911646842957 0.496673762798309 0.465705007314682 0.430052548646927 0.404660135507584 0.38228252530098 0.389065206050873 0.387329280376434 0.360796093940735 0.373134762048721 0.426120549440384 0.449114203453064 0.418702960014343 0.368917137384415 0.35368150472641 0.364387899637222 0.343993902206421 0.329019069671631 0.313792616128922 0.277847439050674 0.257146209478378 0.257200002670288 0.272933185100555 0.29125452041626 0.283587485551834 0.263883262872696 0.262956231832504 0.281705558300018 0.28863450884819 0.296769142150879 0.33834046125412 0.410586357116699 0.489333808422089 0.531980037689209 0.546536147594452 0.515589535236359 0.4664086997509 0.449389189481735 0.446185410022736 0.494421362876892 0.532020211219788 0.525589823722839 0.493151903152466 0.468719184398651
0.526937782764435 0.492907077074051 0.459652036428452 0.441971957683563 0.41402605175972 0.394559115171432 0.396799504756927 0.406286805868149 0.399152278900146 0.368909567594528 0.370288401842117 0.413630962371826 0.431749224662781 0.402526080608368 0.362206429243088 0.353339552879333 0.37062081694603 0.368238061666489 0.36439636349678 0.336166560649872 0.293569803237915 0.27971413731575 0.266992062330246 0.294834703207016 0.326512068510056 0.320843607187271 0.299575179815292 0.287090629339218 0.292407214641571 0.290654003620148 0.299539029598236 0.334622502326965 0.370844691991806 0.433846861124039 0.508439958095551 0.556199967861176 0.565016388893127 0.528987884521484 0.495018392801285 0.49690243601799 0.524097442626953 0.55274099111557 0.546606779098511 0.511850237846375 0.48477441072464
0.496575891971588 0.457007586956024 0.429526776075363 0.418231517076492 0.404299378395081 0.408879697322845 0.415749669075012 0.413012355566025 0.411667436361313 0.380650371313095 0.369825184345245 0.400096923112869 0.407760173082352 0.392256706953049 0.376521497964859 0.388577073812485 0.414818286895752 0.417633146047592 0.392728269100189 0.355942279100418 0.325671255588531 0.311322122812271 0.291754364967346 0.312780559062958 0.347390294075012 0.352673828601837 0.341422647237778 0.304203480482101 0.282245665788651 0.286733120679855 0.299377501010895 0.317521929740906 0.333780109882355 0.373083412647247 0.446938812732697 0.525607049465179 0.560566425323486 0.563478529453278 0.551084995269775 0.54660177230835 0.533400774002075 0.545033097267151 0.560022234916687 0.542832136154175 0.511807382106781
0.47246241569519 0.428969472646713 0.408255010843277 0.403655111789703 0.413284987211227 0.435792952775955 0.434080630540848 0.429032683372498 0.440964549779892 0.414658337831497 0.378105163574219 0.380650013685226 0.374291032552719 0.381182879209518 0.412794589996338 0.450668752193451 0.467633187770844 0.459601998329163 0.427433043718338 0.397205233573914 0.37896928191185 0.353898972272873 0.323731333017349 0.324040114879608 0.352512717247009 0.371180266141891 0.360956192016602 0.310350924730301 0.276194244623184 0.284188836812973 0.287746280431747 0.296754419803619 0.32519742846489 0.36197230219841 0.40392941236496 0.465274333953857 0.521667301654816 0.553372085094452 0.574075758457184 0.580341100692749 0.569216966629028 0.561173498630524 0.586099147796631 0.578771531581879 0.533681452274323
0.447753697633743 0.419069021940231 0.41316545009613 0.415227860212326 0.428073972463608 0.440179198980331 0.440696448087692 0.447224676609039 0.462394654750824 0.443965464830399 0.389554530382156 0.366082966327667 0.37810543179512 0.404786974191666 0.459562629461288 0.492117136716843 0.48719909787178 0.491051942110062 0.473749428987503 0.44783627986908 0.432819008827209 0.393155515193939 0.354061633348465 0.345893263816833 0.353628724813461 0.374689221382141 0.365841209888458 0.321191549301147 0.292681306600571 0.281595468521118 0.270767658948898 0.281062334775925 0.318662315607071 0.349428772926331 0.366001486778259 0.409699827432632 0.483031243085861 0.534197986125946 0.560679197311401 0.591791331768036 0.600667595863342 0.586118340492249 0.601544499397278 0.603101670742035 0.561544835567474
0.420551627874374 0.409689009189606 0.419109642505646 0.432139247655869 0.445379495620728 0.459026724100113 0.471967875957489 0.467553347349167 0.459030151367188 0.437574684619904 0.40733078122139 0.396906405687332 0.421998053789139 0.448096692562103 0.491518080234528 0.515221238136292 0.507386386394501 0.531124413013458 0.518887400627136 0.484739750623703 0.471248865127563 0.440324455499649 0.397094547748566 0.36813560128212 0.361892729997635 0.376040101051331 0.363468587398529 0.324239701032639 0.306745618581772 0.274102330207825 0.257621198892593 0.274743437767029 0.311098784208298 0.335073262453079 0.356798470020294 0.4034343957901 0.472722470760345 0.533390641212463 0.556507766246796 0.585148274898529 0.602766811847687 0.591845214366913 0.598894715309143 0.601081669330597 0.574774980545044
0.404226332902908 0.394197225570679 0.398224890232086 0.410317361354828 0.425466060638428 0.461484432220459 0.49339547753334 0.47481581568718 0.457266092300415 0.4559485912323 0.450846433639526 0.440659582614899 0.447183191776276 0.461081624031067 0.488972425460815 0.520247995853424 0.533509731292725 0.557852804660797 0.538165032863617 0.512575387954712 0.511557281017303 0.489074498414993 0.426301002502441 0.379248797893524 0.371502280235291 0.37809094786644 0.360725283622742 0.322317957878113 0.296511590480804 0.261172950267792 0.245393127202988 0.272121667861938 0.307539135217667 0.3269884288311 0.361087620258331 0.413623362779617 0.46958127617836 0.529159247875214 0.555117130279541 0.566910803318024 0.582347452640533 0.596171379089355 0.603644967079163 0.59038633108139 0.576137840747833
0.397067099809647 0.395632445812225 0.411520063877106 0.42583566904068 0.429097503423691 0.454393535852432 0.480653911828995 0.462274640798569 0.451376259326935 0.458285957574844 0.455351024866104 0.437718451023102 0.447696387767792 0.463751167058945 0.478178262710571 0.506067156791687 0.531996011734009 0.553744673728943 0.554023802280426 0.554370880126953 0.548427999019623 0.50496506690979 0.427447527647018 0.389477401971817 0.388078480958939 0.380861163139343 0.350733816623688 0.319504976272583 0.287691354751587 0.247263044118881 0.236421406269073 0.264362990856171 0.307480961084366 0.332191497087479 0.362250298261642 0.410306751728058 0.460479021072388 0.506604373455048 0.543336987495422 0.557976841926575 0.564486265182495 0.595516264438629 0.602910101413727 0.575906693935394 0.576592147350311
