data/1_raw/trimmed_ndre/Aes_ndre.615.2012_no_clouds.asc
NCOLS 109 
NROWS 101 
XLLCORNER 466110 
YLLCORNER 5182005 
CELLSIZE 5 
NODATA_value -3.4e+38 
[rows 40 to 59 of 101, columns 0 to 44 of 109]
-3.4e+38 -3.4e+38 -3.4e+38 -3.4e+38 -3.4e+38 -3.4e+38 -3.4e+38 -3.4e+38 -3.4e+38 -3.4e+38 -3.4e+38 -3.4e+38 0.401738792657852 0.387612998485565 0.343645811080933 0.308598518371582 0.316083878278732 0.36537429690361 0.457469433546066 0.516353785991669 0.539839208126068 0.570521473884583 0.580620765686035 0.563495695590973 0.536451816558838 0.542320489883423 0.56298154592514 0.563672065734863 0.55547297000885 0.533980250358582 0.514368772506714 0.512772977352142 0.524353742599487 0.545995354652405 0.574091017246246 0.611336827278137 0.60662716627121 0.551308155059814 0.456746011972427 0.38551539182663 0.373422354459763 0.413319438695908 0.461273968219757 0.488206833600998 0.524364590644836
-3.4e+38 -3.4e+38 -3.4e+38 -3.4e+38 -3.4e+38 -3.4e+38 -3.4e+38 -3.4e+38 -3.4e+38 -3.4e+38 -3.4e+38 -3.4e+38 0.454949468374252 0.412859380245209 0.365163177251816 0.355591267347336 0.410210907459259 0.46143239736557 0.532057642936707 0.564775288105011 0.56155914068222 0.57512366771698 0.582148373126984 0.570297539234161 0.550456762313843 0.563897907733917 0.575604140758514 0.551567614078522 0.537721633911133 0.524970412254333 0.515872299671173 0.515655398368835 0.513015151023865 0.533600807189941 0.572987914085388 0.605933427810669 0.619299530982971 0.566818118095398 0.483866542577744 0.436877757310867 0.400608360767365 0.427493721246719 0.479259848594666 0.500474631786346 0.521407961845398
-3.4e+38 -3.4e+38 -3.4e+38 -3.4e+38 -3.4e+38 -3.4e+38 -3.4e+38 -3.4e+38 -3.4e+38 -3.4e+38 -3.4e+38 0.444960236549377 0.437085300683975 0.393073201179504 0.397280216217041 0.452188223600388 0.513278841972351 0.527114272117615 0.551199197769165 0.558346450328827 0.547702133655548 0.55367249250412 0.568418025970459 0.568253040313721 0.55179888010025 0.563491761684418 0.563004195690155 0.534684300422668 0.520498335361481 0.532309472560883 0.548062145709991 0.541976273059845 0.52700811624527 0.525701403617859 0.554884433746338 0.58877831697464 0.614672541618347 0.589414954185486 0.52292412519455 0.476408869028091 0.449870407581329 0.475806504487991 0.52026754617691 0.534433901309967 0.53438925743103
-3.4e+38 -3.4e+38 -3.4e+38 -3.4e+38 -3.4e+38 -3.4e+38 -3.4e+38 -3.4e+38 -3.4e+38 -3.4e+38 -3.4e+38 0.395797610282898 0.36062952876091 0.367572754621506 0.42303654551506 0.504376292228699 0.561772465705872 0.56754606962204 0.567443609237671 0.545621752738953 0.530569553375244 0.539173007011414 0.556708157062531 0.558092355728149 0.545650362968445 0.544719159603119 0.543888330459595 0.527734875679016 0.523422002792358 0.550763249397278 0.584527730941772 0.589138627052307 0.571723341941833 0.546349823474884 0.539282739162445 0.569174349308014 0.591592073440552 0.583539545536041 0.548753678798676 0.518050730228424 0.510111391544342 0.532249331474304 0.554242491722107 0.570625185966492 0.584138095378876
-3.4e+38 -3.4e+38 -3.4e+38 -3.4e+38 -3.4e+38 -3.4e+38 -3.4e+38 -3.4e+38 -3.4e+38 -3.4e+38 -3.4e+38 0.327911198139191 0.327010273933411 0.397465616464615 0.488132685422897 0.538934230804443 0.571266889572144 0.566841125488281 0.557750225067139 0.54561448097229 0.534824192523956 0.539049386978149 0.54967987537384 0.540377736091614 0.537868022918701 0.543613493442535 0.54443097114563 0.532723307609558 0.537741661071777 0.569727182388306 0.597071826457977 0.615199029445648 0.609184265136719 0.590375423431396 0.562538802623749 0.558457672595978 0.577328681945801 0.58256334066391 0.576359629631042 0.561858296394348 0.554954171180725 0.56251585483551 0.571546792984009 0.596529245376587 0.625890493392944
-3.4e+38 -3.4e+38 -3.4e+38 -3.4e+38 -3.4e+38 -3.4e+38 -3.4e+38 -3.4e+38 -3.4e+38 -3.4e+38 -3.4e+38 0.319542407989502 0.363976567983627 0.444454967975616 0.531992495059967 0.563286900520325 0.570160329341888 0.56300938129425 0.553781926631927 0.548947691917419 0.540896117687225 0.547756314277649 0.556012272834778 0.547878801822662 0.549503922462463 0.555793821811676 0.545956075191498 0.528226613998413 0.528735518455505 0.55731189250946 0.579762697219849 0.602238774299622 0.626439929008484 0.625157654285431 0.601208567619324 0.565446317195892 0.566283345222473 0.588710129261017 0.592317998409271 0.591890215873718 0.586463510990143 0.580195188522339 0.585321366786957 0.614333271980286 0.637223124504089
-3.4e+38 -3.4e+38 -3.4e+38 -3.4e+38 -3.4e+38 -3.4e+38 -3.4e+38 -3.4e+38 -3.4e+38 -3.4e+38 0.424884706735611 0.358841508626938 0.436225056648254 0.496817529201508 0.556418776512146 0.576149344444275 0.577123522758484 0.579395592212677 0.574200510978699 0.560823023319244 0.543565988540649 0.539004921913147 0.54900586605072 0.556226432323456 0.549286186695099 0.54443347454071 0.539113104343414 0.527712762355804 0.513957679271698 0.528564095497131 0.55939793586731 0.581573307514191 0.619323074817657 0.637045502662659 0.620246529579163 0.582487761974335 0.57792991399765 0.592701971530914 0.600951969623566 0.602042078971863 0.604035556316376 0.608203291893005 0.613213300704956 0.622101247310638 0.61656641960144
-3.4e+38 -3.4e+38 -3.4e+38 -3.4e+38 -3.4e+38 -3.4e+38 -3.4e+38 -3.4e+38 -3.4e+38 -3.4e+38 0.408078551292419 0.410678118467331 0.502083361148834 0.532628417015076 0.564820170402527 0.575248003005981 0.570318698883057 0.569614946842194 0.571957290172577 0.562271595001221 0.54300457239151 0.531206011772156 0.530987083911896 0.537727534770966 0.534390866756439 0.545071065425873 0.559359848499298 0.554155290126801 0.534936308860779 0.522815406322479 0.549389779567719 0.58326381444931 0.608620703220367 0.62721061706543 0.620936512947083 0.598356485366821 0.600712716579437 0.592759788036346 0.601706564426422 0.620938360691071 0.630529403686523 0.632603406906128 0.625064969062805 0.611687183380127 0.603586375713348
-3.4e+38 -3.4e+38 -3.4e+38 -3.4e+38 -3.4e+38 -3.4e+38 -3.4e+38 -3.4e+38 -3.4e+38 -3.4e+38 0.394496858119965 0.47028836607933 0.537064433097839 0.544157981872559 0.559162855148315 0.570517957210541 0.565384089946747 0.560423195362091 0.560726881027222 0.55778557062149 0.550484657287598 0.545123338699341 0.544437825679779 0.544096231460571 0.542642056941986 0.5535888671875 0.586939871311188 0.599491000175476 0.571699500083923 0.51713627576828 0.50935024023056 0.559597134590149 0.59924978017807 0.612979114055634 0.621784090995789 0.61749142408371 0.612806081771851 0.60713928937912 0.620530307292938 0.628267765045166 0.629560172557831 0.631215870380402 0.616062641143799 0.594249844551086 0.576172709465027
-3.4e+38 -3.4e+38 -3.4e+38 -3.4e+38 -3.4e+38 -3.4e+38 -3.4e+38 -3.4e+38 -3.4e+38 0.403607159852982 0.427018731832504 0.5146204829216 0.553281307220459 0.544964551925659 0.548120558261871 0.568194210529327 0.57653021812439 0.564646899700165 0.553223371505737 0.546576261520386 0.553526222705841 0.556050479412079 0.546613037586212 0.542161405086517 0.53677886724472 0.543088614940643 0.581665217876434 0.622532606124878 0.604107022285461 0.553062856197357 0.528509616851807 0.557825803756714 0.60557496547699 0.619481801986694 0.638852775096893 0.635671675205231 0.62691605091095 0.632211804389954 0.648291349411011 0.628324329853058 0.618374288082123 0.627465724945068 0.614851832389832 0.591431140899658 0.562946617603302
-3.4e+38 -3.4e+38 -3.4e+38 -3.4e+38 -3.4e+38 -3.4e+38 -3.4e+38 -3.4e+38 -3.4e+38 0.400400400161743 0.47234109044075 0.550866901874542 0.562901556491852 0.550001859664917 0.550758898258209 0.575542330741882 0.584125101566315 0.565074265003204 0.540215909481049 0.527269005775452 0.529237687587738 0.533040583133698 0.521553695201874 0.521188497543335 0.499314308166504 0.501711845397949 0.550677299499512 0.599733054637909 0.62712299823761 0.613684594631195 0.587362766265869 0.57627409696579 0.596116304397583 0.627717912197113 0.646649897098541 0.649278044700623 0.649502456188202 0.662020325660706 0.667041420936584 0.641104221343994 0.623036503791809 0.609861552715302 0.59153813123703 0.581600189208984 0.541590452194214
-3.4e+38 -3.4e+38 -3.4e+38 -3.4e+38 -3.4e+38 -3.4e+38 -3.4e+38 -3.4e+38 -3.4e+38 0.421517342329025 0.496880054473877 0.561254620552063 0.565353393554688 0.564285576343536 0.565010726451874 0.571994662284851 0.566930711269379 0.546363413333893 0.521134972572327 0.516053915023804 0.520843207836151 0.51963073015213 0.50362503528595 0.483955979347229 0.459295749664307 0.445676207542419 0.478934168815613 0.527577102184296 0.58798485994339 0.624984681606293 0.609487652778625 0.581219792366028 0.56635856628418 0.587021052837372 0.624523937702179 0.650486767292023 0.664704561233521 0.675111651420593 0.653590142726898 0.608160495758057 0.580178260803223 0.569506287574768 0.566766202449799 0.555764317512512 0.519075095653534
-3.4e+38 -3.4e+38 -3.4e+38 -3.4e+38 -3.4e+38 -3.4e+38 -3.4e+38 -3.4e+38 -3.4e+38 0.43464520573616 0.49200239777565 0.551864922046661 0.571121633052826 0.574474453926086 0.570083379745483 0.558216273784637 0.546684741973877 0.536397218704224 0.540285587310791 0.555220365524292 0.555238306522369 0.534417390823364 0.499320894479752 0.446961373090744 0.405305624008179 0.387663513422012 0.402464479207993 0.45222395658493 0.502436518669128 0.57532787322998 0.591432631015778 0.559825003147125 0.534150362014771 0.535446763038635 0.591461002826691 0.641380608081818 0.657634437084198 0.663223624229431 0.616425037384033 0.552328765392303 0.532328367233276 0.541420102119446 0.551745414733887 0.533013761043549 0.505183041095734
-3.4e+38 -3.4e+38 -3.4e+38 -3.4e+38 -3.4e+38 -3.4e+38 -3.4e+38 -3.4e+38 0.392726540565491 0.472892612218857 0.508083939552307 0.557937443256378 0.579029560089111 0.567584097385406 0.562419950962067 0.555202424526215 0.557929217815399 0.57070928812027 0.588059186935425 0.601282596588135 0.580061614513397 0.533597826957703 0.486083328723907 0.419740796089172 0.380865216255188 0.381293565034866 0.384691417217255 0.409382343292236 0.457546353340149 0.520365118980408 0.557756125926971 0.544263422489166 0.520502269268036 0.516581952571869 0.566900849342346 0.618982970714569 0.635455310344696 0.627738535404205 0.577724874019623 0.527032017707825 0.518697381019592 0.528268277645111 0.535532891750336 0.530441522598267 0.513148069381714
-3.4e+38 -3.4e+38 -3.4e+38 -3.4e+38 -3.4e+38 -3.4e+38 -3.4e+38 -3.4e+38 0.411303579807281 0.504974544048309 0.545009732246399 0.571504712104797 0.582671761512756 0.562393307685852 0.546612977981567 0.552116572856903 0.580687880516052 0.604513943195343 0.60758912563324 0.601502537727356 0.568873584270477 0.519494235515594 0.484223634004593 0.456778049468994 0.424997240304947 0.407936036586761 0.396017044782639 0.398841768503189 0.44497686624527 0.497399091720581 0.518482744693756 0.530572831630707 0.517935931682587 0.515672862529755 0.551699757575989 0.581458449363708 0.590655863285065 0.578436315059662 0.551886320114136 0.522140502929688 0.518090605735779 0.518726885318756 0.516334474086761 0.516053557395935 0.509007394313812
-3.4e+38 -3.4e+38 -3.4e+38 -3.4e+38 -3.4e+38 -3.4e+38 -3.4e+38 -3.4e+38 0.41819965839386 0.507453799247742 0.560384213924408 0.564357340335846 0.574590742588043 0.555376887321472 0.539701342582703 0.557123243808746 0.58369779586792 0.607224941253662 0.616229474544525 0.608324468135834 0.59062260389328 0.560335397720337 0.533560812473297 0.529816746711731 0.480057090520859 0.436735391616821 0.429874747991562 0.417603522539139 0.457145988941193 0.489805787801743 0.488743990659714 0.5180624127388 0.532934367656708 0.548270881175995 0.565369307994843 0.550885021686554 0.539325058460236 0.534587740898132 0.522662341594696 0.505037486553192 0.521444439888 0.523390650749207 0.500346124172211 0.494709521532059 0.485828429460526
-3.4e+38 -3.4e+38 -3.4e+38 -3.4e+38 -3.4e+38 -3.4e+38 -3.4e+38 0.356708556413651 0.433497339487076 0.504039883613586 0.54843544960022 0.551615357398987 0.562584400177002 0.552734911441803 0.551925301551819 0.571543991565704 0.587308347225189 0.596982061862946 0.609369933605194 0.617976546287537 0.621821045875549 0.618569076061249 0.592733025550842 0.562883675098419 0.524917840957642 0.475408047437668 0.443088859319687 0.430873066186905 0.463086277246475 0.468979448080063 0.471178203821182 0.53288471698761 0.575284361839294 0.591056227684021 0.570025682449341 0.531736850738525 0.508654773235321 0.50365948677063 0.483744472265244 0.463736087083817 0.49213844537735 0.501198887825012 0.485125839710236 0.487288236618042 0.475090146064758
-3.4e+38 -3.4e+38 -3.4e+38 -3.4e+38 -3.4e+38 -3.4e+38 -3.4e+38 0.354080557823181 0.456493467092514 0.490102529525757 0.524858891963959 0.54506379365921 0.555552363395691 0.54856550693512 0.5619096159935 0.591652750968933 0.603725135326385 0.59977388381958 0.609528422355652 0.623881340026855 0.625379204750061 0.63420170545578 0.612545192241669 0.569546699523926 0.541202068328857 0.502021193504333 0.452144682407379 0.432617098093033 0.4432492852211 0.448317259550095 0.472370803356171 0.541138350963593 0.594478368759155 0.583768606185913 0.549990177154541 0.517860531806946 0.502804458141327 0.50204473733902 0.466267019510269 0.437966704368591 0.45201587677002 0.453938812017441 0.465931177139282 0.46722000837326 0.454383790493011
-3.4e+38 -3.4e+38 -3.4e+38 -3.4e+38 -3.4e+38 -3.4e+38 -3.4e+38 0.378585278987885 0.457537084817886 0.484995543956757 0.51475578546524 0.541587352752686 0.55739027261734 0.559459030628204 0.586493253707886 0.620695769786835 0.629873216152191 0.620667397975922 0.625568747520447 0.635514795780182 0.63763028383255 0.631659030914307 0.612042427062988 0.5772385597229 0.547533094882965 0.528211116790771 0.49368017911911 0.454952985048294 0.44738832116127 0.468451738357544 0.490286529064178 0.545987606048584 0.580239474773407 0.551565051078796 0.538160502910614 0.51850289106369 0.491789370775223 0.475407660007477 0.462654441595078 0.450210094451904 0.447350531816483 0.433186084032059 0.449834614992142 0.449122071266174 0.419379502534866
-3.4e+38 -3.4e+38 -3.4e+38 -3.4e+38 -3.4e+38 -3.4e+38 0.369279354810715 0.389329105615616 0.452722430229187 0.501617252826691 0.511873424053192 0.526464700698853 0.550743877887726 0.577553689479828 0.602149724960327 0.625007808208466 0.637634813785553 0.634375810623169 0.631675481796265 0.634203016757965 0.628508567810059 0.616715729236603 0.610751092433929 0.597546637058258 0.568209290504456 0.538076639175415 0.521068811416626 0.49869692325592 0.489824950695038 0.506283581256866 0.523520588874817 0.55641895532608 0.572397172451019 0.540142714977264 0.517300367355347 0.497362047433853 0.466443181037903 0.44437962770462 0.456667512655258 0.447571337223053 0.446554630994797 0.449123591184616 0.458789080381393 0.437130302190781 0.395340770483017
