data/1_raw/trimmed_ndre/Aes_ndre.78.2015_no_clouds.asc
NCOLS 109 
NROWS 101 
XLLCORNER 466110 
YLLCORNER 5182005 
CELLSIZE 5 
NODATA_value -3.4e+38 
[rows 20 to 39 of 101, columns 45 to 89 of 109]
-3.4e+38 -3.4e+38 -3.4e+38 -3.4e+38 -3.4e+38 -3.4e+38 -3.4e+38 -3.4e+38 0.18632099032402 0.207158997654915 0.241802513599396 0.261959612369537 0.272177636623383 0.270112723112106 0.255942404270172 0.229347497224808 0.216501846909523 0.202649012207985 0.179612949490547 0.170245572924614 0.166390940546989 0.167175680398941 0.173350900411606 0.177166685461998 0.175442576408386 0.172374978661537 0.175052329897881 0.181686565279961 0.183927536010742 0.176515355706215 0.16762787103653 0.176927611231804 0.186590269207954 0.184648036956787 0.179059967398643 0.173667564988136 0.173010855913162 0.18261930346489 0.184006959199905 0.175461739301682 0.167094498872757 0.16196696460247 -3.4e+38 -3.4e+38 -3.4e+38
-3.4e+38 -3.4e+38 -3.4e+38 -3.4e+38 -3.4e+38 -3.4e+38 -3.4e+38 0.180381879210472 0.205355778336525 0.236481502652168 0.257209956645966 0.254156559705734 0.249118953943253 0.242236375808716 0.226739406585693 0.203320324420929 0.205049112439156 0.200189501047134 0.181870028376579 0.161485552787781 0.151623204350471 0.154450356960297 0.164749383926392 0.172880932688713 0.176532775163651 0.176599889993668 0.175026759505272 0.173338294029236 0.18105910718441 0.184563875198364 0.179426267743111 0.179197072982788 0.182576268911362 0.184878021478653 0.181696116924286 0.169123724102974 0.160897865891457 0.163195788860321 0.166207030415535 0.165638789534569 0.164125934243202 0.168110489845276 0.166587367653847 -3.4e+38 -3.4e+38
-3.4e+38 -3.4e+38 -3.4e+38 -3.4e+38 -3.4e+38 0.201899453997612 0.223198592662811 0.232077404856682 0.230258241295815 0.240721046924591 0.240491092205048 0.228471994400024 0.221103876829147 0.226685374975204 0.220217511057854 0.200259730219841 0.18854857981205 0.192449256777763 0.184213519096375 0.167019590735435 0.162553071975708 0.163603007793427 0.164454951882362 0.167141422629356 0.175448760390282 0.185040175914764 0.191127568483353 0.192229509353638 0.191870391368866 0.188858866691589 0.183093205094337 0.174633085727692 0.171625778079033 0.17907041311264 0.186888113617897 0.175474375486374 0.164259001612663 0.156993329524994 0.155471906065941 0.151860773563385 0.159757658839226 0.18029360473156 0.169262602925301 -3.4e+38 -3.4e+38
-3.4e+38 -3.4e+38 0.229267179965973 0.207820445299149 0.196692541241646 0.213945895433426 0.25395455956459 0.261690378189087 0.239303559064865 0.227864503860474 0.221858084201813 0.216697975993156 0.21305687725544 0.220508426427841 0.217965617775917 0.195078805088997 0.167333737015724 0.170618057250977 0.179028823971748 0.179182395339012 0.175769552588463 0.17489817738533 0.166152626276016 0.161478444933891 0.165902718901634 0.177554175257683 0.186189904808998 0.187641814351082 0.183359801769257 0.181828454136848 0.176614314317703 0.170706078410149 0.170511439442635 0.180419057607651 0.185860678553581 0.179388269782066 0.172840565443039 0.166638478636742 0.160368904471397 0.150144711136818 0.160089612007141 0.174036622047424 0.159426242113113 0.151237994432449 -3.4e+38
0.217327550053596 0.195615693926811 0.20107313990593 0.221018731594086 0.230192646384239 0.235600054264069 0.251948207616806 0.251221150159836 0.235435545444489 0.217817485332489 0.201533645391464 0.204821079969406 0.208229392766953 0.209253177046776 0.204129606485367 0.185587629675865 0.168530270457268 0.167301446199417 0.180816292762756 0.181870356202126 0.180389106273651 0.180184677243233 0.172862127423286 0.173592031002045 0.175615087151527 0.176452606916428 0.176324397325516 0.174282863736153 0.170440793037415 0.175283715128899 0.181314736604691 0.174792632460594 0.166759878396988 0.180492460727692 0.178723186254501 0.173011466860771 0.170048028230667 0.170773670077324 0.166147008538246 0.155152395367622 0.162211671471596 0.163348197937012 0.154864832758904 0.160923093557358 -3.4e+38
0.191254943609238 0.193587496876717 0.206911757588387 0.232906371355057 0.243930414319038 0.23469814658165 0.215243116021156 0.210559219121933 0.206649705767632 0.195292666554451 0.181646466255188 0.196305528283119 0.196853131055832 0.189100116491318 0.180808633565903 0.183070093393326 0.175727874040604 0.171157225966454 0.176051139831543 0.173871845006943 0.174728333950043 0.174240246415138 0.171853587031364 0.178038880228996 0.177719295024872 0.174122422933578 0.170213282108307 0.175348609685898 0.17814414203167 0.177293613553047 0.174264371395111 0.166995823383331 0.166589289903641 0.180208921432495 0.167408928275108 0.156762555241585 0.156891852617264 0.169429153203964 0.170655608177185 0.165221855044365 0.167232125997543 0.164074406027794 0.16313424706459 0.171603664755821 0.173559665679932
0.200184509158134 0.211634173989296 0.222112044692039 0.229666694998741 0.229054287075996 0.216771572828293 0.197292104363441 0.184995263814926 0.186629191040993 0.183009639382362 0.177406147122383 0.18607172369957 0.179595828056335 0.170194625854492 0.168737813830376 0.179876551032066 0.179551124572754 0.17261378467083 0.167200699448586 0.165826663374901 0.174165636301041 0.177109077572823 0.177339166402817 0.179605856537819 0.174766167998314 0.17440539598465 0.176114186644554 0.17768682539463 0.171937525272369 0.166545391082764 0.162162587046623 0.162775754928589 0.17079770565033 0.178896680474281 0.17053684592247 0.154160812497139 0.151011526584625 0.166668102145195 0.173149675130844 0.174121424555779 0.173603475093842 0.172640770673752 0.163001492619514 0.160197362303734 0.170987501740456
0.216102465987206 0.225139245390892 0.225146546959877 0.218322232365608 0.20366607606411 0.193555429577827 0.184920623898506 0.178557395935059 0.180667847394943 0.188137963414192 0.182695299386978 0.173259496688843 0.166023686528206 0.164605274796486 0.170024380087852 0.179448619484901 0.182809740304947 0.174513563513756 0.170827552676201 0.175404325127602 0.187773913145065 0.189005196094513 0.185785382986069 0.180146753787994 0.171964198350906 0.175874084234238 0.179215013980865 0.176492899656296 0.163712680339813 0.160693272948265 0.161048352718353 0.166141986846924 0.168676465749741 0.167329743504524 0.160326838493347 0.143639758229256 0.147116497159004 0.161613047122955 0.169886022806168 0.169101804494858 0.167035505175591 0.168642312288284 0.158410906791687 0.152996748685837 0.163543432950974
0.220953777432442 0.21825447678566 0.200480625033379 0.195493370294571 0.19468842446804 0.18111078441143 0.173497900366783 0.1734419465065 0.179078802466393 0.191841512918472 0.174234762787819 0.161686286330223 0.161728873848915 0.17144201695919 0.179302394390106 0.185626104474068 0.187258496880531 0.180889546871185 0.175799578428268 0.181482642889023 0.191671088337898 0.192990496754646 0.190806373953819 0.182735115289688 0.173233985900879 0.174130722880363 0.181229308247566 0.177422523498535 0.163311943411827 0.171814039349556 0.175072848796844 0.174031540751457 0.172494664788246 0.160407334566116 0.148539930582047 0.137276992201805 0.14781154692173 0.160230562090874 0.16693203151226 0.166622206568718 0.16401706635952 0.163846850395203 0.165627866983414 0.168656006455421 0.170454978942871
0.206634074449539 0.203786730766296 0.194900363683701 0.186612322926521 0.1795374751091 0.166973605751991 0.15801814198494 0.150193423032761 0.160028889775276 0.178378060460091 0.163324505090714 0.158719629049301 0.165451154112816 0.180197417736053 0.189597323536873 0.191666349768639 0.188968390226364 0.182922571897507 0.176617234945297 0.178996473550797 0.178066998720169 0.174901202321053 0.17954121530056 0.179955795407295 0.174921825528145 0.171750634908676 0.184381365776062 0.180792927742004 0.171446144580841 0.178568065166473 0.176506787538528 0.177405685186386 0.178521886467934 0.160072073340416 0.150118574500084 0.151130318641663 0.165164053440094 0.168600156903267 0.168772146105766 0.170435413718224 0.167023032903671 0.166487753391266 0.173098534345627 0.173346623778343 0.170725479722023
0.193805351853371 0.187636226415634 0.181871756911278 0.172038823366165 0.158806473016739 0.159623578190804 0.174736052751541 0.168281883001328 0.16384918987751 0.168170213699341 0.165524005889893 0.16352690756321 0.166377604007721 0.176879584789276 0.187144637107849 0.187032729387283 0.18482817709446 0.181371703743935 0.177031323313713 0.175438195466995 0.164423584938049 0.161747574806213 0.171444594860077 0.181101202964783 0.177242442965508 0.172894418239594 0.181332811713219 0.17838129401207 0.17369244992733 0.174344673752785 0.173259794712067 0.177732363343239 0.180829018354416 0.168733343482018 0.165954247117043 0.16816933453083 0.175356343388557 0.174528256058693 0.174288213253021 0.177394524216652 0.176587507128716 0.177948027849197 0.179674059152603 0.171937376260757 0.170754924416542
0.191366106271744 0.177602022886276 0.165843829512596 0.161153793334961 0.153915032744408 0.159397765994072 0.171113923192024 0.172063291072845 0.165363505482674 0.169691413640976 0.17510549724102 0.168447971343994 0.159628942608833 0.170719504356384 0.180092826485634 0.178436756134033 0.176413759589195 0.179741814732552 0.184605911374092 0.18549008667469 0.167164668440819 0.16354013979435 0.172108128666878 0.18450528383255 0.180380120873451 0.176397442817688 0.177902594208717 0.180159464478493 0.176404103636742 0.172816455364227 0.172486841678619 0.171550557017326 0.170879885554314 0.168179288506508 0.16939103603363 0.170956715941429 0.174400195479393 0.178377255797386 0.178899243474007 0.180321544408798 0.182383850216866 0.182549133896828 0.180768132209778 0.173175886273384 0.173549145460129
0.189195051789284 0.174639374017715 0.160689204931259 0.155416876077652 0.160711824893951 0.159308314323425 0.164600744843483 0.169960960745811 0.171337634325027 0.167109847068787 0.173016875982285 0.174074351787567 0.165372639894485 0.172217547893524 0.173920497298241 0.169377326965332 0.164083406329155 0.167798668146133 0.179333239793777 0.186483904719353 0.176390364766121 0.17123456299305 0.177259713411331 0.184151545166969 0.176544636487961 0.173260316252708 0.173840969800949 0.17830902338028 0.180507972836494 0.177973628044128 0.175272107124329 0.170278713107109 0.168547913432121 0.167575865983963 0.166443109512329 0.165165811777115 0.169122934341431 0.179359763860703 0.17594538629055 0.172093823552132 0.172391310334206 0.17564170062542 0.182463675737381 0.182711452245712 0.17437419295311
0.177672758698463 0.170613959431648 0.167294144630432 0.16632467508316 0.16712187230587 0.159890472888947 0.165486603975296 0.172959834337234 0.17330664396286 0.161815777420998 0.172262921929359 0.177216753363609 0.175786718726158 0.176088035106659 0.171108707785606 0.166290894150734 0.165699779987335 0.17378306388855 0.175366774201393 0.179211333394051 0.179721817374229 0.172020316123962 0.179387003183365 0.186669334769249 0.183489516377449 0.178461715579033 0.173683315515518 0.175278395414352 0.18518927693367 0.178090795874596 0.175605833530426 0.177704617381096 0.172269627451897 0.167625322937965 0.163834378123283 0.164133951067924 0.170100927352905 0.175971567630768 0.168632388114929 0.162654608488083 0.16052383184433 0.166425973176956 0.189187273383141 0.192248642444611 0.172906666994095
0.175649106502533 0.172938168048859 0.175491154193878 0.171675160527229 0.168648347258568 0.166675820946693 0.172097846865654 0.173646479845047 0.171997755765915 0.168620392680168 0.177638649940491 0.18093353509903 0.181821003556252 0.176811963319778 0.162362933158875 0.162753596901894 0.171264484524727 0.179472684860229 0.169682398438454 0.163614735007286 0.163058817386627 0.167635396122932 0.176870420575142 0.180003643035889 0.180779308080673 0.181642100214958 0.179066583514214 0.18077364563942 0.187625527381897 0.180121377110481 0.18208846449852 0.186163932085037 0.178051710128784 0.171308070421219 0.165944159030914 0.162304773926735 0.163730308413506 0.165845975279808 0.162779301404953 0.164013087749481 0.162225425243378 0.166422501206398 0.189045295119286 0.18426214158535 0.169309854507446
0.186994642019272 0.182611063122749 0.177831053733826 0.167153835296631 0.17110201716423 0.171598494052887 0.168795704841614 0.166586607694626 0.173785835504532 0.180556684732437 0.186660572886467 0.188176468014717 0.185879573225975 0.176238283514977 0.166285783052444 0.175255134701729 0.176886573433876 0.177841424942017 0.173364922404289 0.17507441341877 0.172668755054474 0.171727269887924 0.173307612538338 0.170427218079567 0.167608886957169 0.169479995965958 0.179381906986237 0.187607765197754 0.189856246113777 0.182910323143005 0.187480553984642 0.189797654747963 0.186962261795998 0.180104404687881 0.168899223208427 0.159701392054558 0.158877372741699 0.158652752637863 0.163654714822769 0.180214330554008 0.172543600201607 0.163409695029259 0.171855330467224 0.169495895504951 0.169898435473442
0.197052359580994 0.19020040333271 0.174557045102119 0.163058593869209 0.173853546380997 0.17387193441391 0.169864326715469 0.167983189225197 0.178521454334259 0.183740168809891 0.187513455748558 0.188776716589928 0.183709233999252 0.17550453543663 0.178622126579285 0.191276535391808 0.176729694008827 0.173304736614227 0.178747743368149 0.189964383840561 0.180008515715599 0.174173474311829 0.174160316586494 0.179812952876091 0.189295276999474 0.189148530364037 0.180329903960228 0.188026890158653 0.191207632422447 0.186202585697174 0.188917249441147 0.183654457330704 0.177816614508629 0.176036357879639 0.173960015177727 0.166823148727417 0.16375720500946 0.160702094435692 0.160412237048149 0.165561094880104 0.160950735211372 0.157891780138016 0.158635750412941 0.164079025387764 0.172257974743843
0.195717215538025 0.195385083556175 0.178701147437096 0.166977763175964 0.174439266324043 0.176380902528763 0.178604394197464 0.179768085479736 0.18100942671299 0.178812056779861 0.181168526411057 0.185139060020447 0.184463173151016 0.178130194544792 0.182720422744751 0.185041293501854 0.173984751105309 0.172524586319923 0.180886045098305 0.191804692149162 0.177552059292793 0.175075083971024 0.1812614351511 0.192408993840218 0.195322722196579 0.190398722887039 0.178108364343643 0.185240417718887 0.195277154445648 0.198095008730888 0.189697831869125 0.175224781036377 0.170751675963402 0.174814715981483 0.18441367149353 0.182520121335983 0.171896576881409 0.161863684654236 0.155051082372665 0.152605324983597 0.153569549322128 0.164090201258659 0.168933659791946 0.165360614657402 0.169913992285728
0.185641884803772 0.18388906121254 0.179961577057838 0.174100637435913 0.175683572888374 0.180104270577431 0.181647673249245 0.171266794204712 0.164251163601875 0.166164636611938 0.17079858481884 0.1812604367733 0.188570111989975 0.184909820556641 0.187893211841583 0.187089130282402 0.180719062685966 0.176301687955856 0.180208638310432 0.182061925530434 0.175992235541344 0.184183746576309 0.187352403998375 0.187477275729179 0.181787133216858 0.178485363721848 0.1783217638731 0.184138864278793 0.185738563537598 0.193940654397011 0.194489225745201 0.178702995181084 0.173844709992409 0.177042365074158 0.176371306180954 0.173495277762413 0.167666479945183 0.160422831773758 0.15617136657238 0.155092537403107 0.160422280430794 0.176722317934036 0.175423353910446 0.165401086211205 0.164817824959755
0.158785626292229 0.166862562298775 0.181101068854332 0.179619863629341 0.183621823787689 0.190414592623711 0.18843287229538 0.163201972842216 0.159263893961906 0.164568990468979 0.166176527738571 0.172090470790863 0.179411679506302 0.181519404053688 0.17970971763134 0.185144975781441 0.186516180634499 0.183644995093346 0.188347831368446 0.188067182898521 0.182476848363876 0.180910274386406 0.180899783968925 0.175314515829086 0.165947526693344 0.165289670228958 0.174484357237816 0.185289457440376 0.182698935270309 0.189777687191963 0.196529373526573 0.190454319119453 0.175798490643501 0.169778287410736 0.170259416103363 0.167802631855011 0.16389536857605 0.161911025643349 0.166165634989738 0.169405072927475 0.172698840498924 0.178468719124794 0.171570524573326 0.16417783498764 0.162124648690224
