data/1_raw/trimmed_ndre/Aes_ndre.78.2015_no_clouds.asc
NCOLS 109 
NROWS 101 
XLLCORNER 466110 
YLLCORNER 5182005 
CELLSIZE 5 
NODATA_value -3.4e+38 
[rows 60 to 79 of 101, columns 45 to 89 of 109]
0.182979628443718 0.185392796993256 0.181324571371078 0.172765523195267 0.168344154953957 0.17113496363163 0.175022035837173 0.180997863411903 0.187453627586365 0.169108316302299 0.159797385334969 0.165849328041077 0.183677643537521 0.183627888560295 0.183714553713799 0.194446921348572 0.191601157188416 0.195459365844727 0.192979291081429 0.169709637761116 0.174112662672997 0.175185158848763 0.176232755184174 0.190071567893028 0.186086982488632 0.169386565685272 0.165649682283401 0.173271983861923 0.178976759314537 0.166558176279068 0.161885604262352 0.158722415566444 0.154692634940147 0.16095931828022 0.167915016412735 0.166018545627594 0.162041783332825 0.167164996266365 0.181054219603539 0.184915944933891 0.178641766309738 0.173575803637505 0.174722254276276 0.17577700316906 0.178181633353233
0.182398974895477 0.183251306414604 0.17807100713253 0.174015372991562 0.173860564827919 0.174978405237198 0.176006153225899 0.184313356876373 0.186452001333237 0.176247864961624 0.171510934829712 0.168926611542702 0.176218956708908 0.188545286655426 0.1918103992939 0.189746290445328 0.18047896027565 0.174308583140373 0.176833316683769 0.178125202655792 0.188703030347824 0.186348766088486 0.177850335836411 0.174078077077866 0.174788594245911 0.17096634209156 0.166527330875397 0.168700993061066 0.165740370750427 0.15403251349926 0.151684924960136 0.160191357135773 0.16764897108078 0.161467045545578 0.159731984138489 0.163174271583557 0.170456916093826 0.168687477707863 0.167341753840446 0.169288963079453 0.173884570598602 0.177216455340385 0.176831886172295 0.176613584160805 0.173884436488152
0.183248147368431 0.171653836965561 0.164122477173805 0.168253213167191 0.178449422121048 0.178539723157883 0.168192952871323 0.173993244767189 0.173803731799126 0.168355405330658 0.175475046038628 0.171400368213654 0.170719623565674 0.186171263456345 0.1828653216362 0.178898766636848 0.176860928535461 0.179087415337563 0.176783517003059 0.180315986275673 0.182466089725494 0.175735786557198 0.16916586458683 0.167065396904945 0.174219444394112 0.173319116234779 0.168688848614693 0.166970625519753 0.167648032307625 0.164225950837135 0.156081587076187 0.161004826426506 0.168315455317497 0.161700785160065 0.158203616738319 0.168237805366516 0.186211377382278 0.177630886435509 0.162562161684036 0.157201170921326 0.168773859739304 0.183106571435928 0.182160556316376 0.171200782060623 0.164023399353027
0.18706214427948 0.177471607923508 0.169637501239777 0.170553922653198 0.182436123490334 0.179000660777092 0.166685447096825 0.163647636771202 0.166979908943176 0.16756996512413 0.171465024352074 0.168875277042389 0.171979337930679 0.181721165776253 0.166494935750961 0.167846530675888 0.177383899688721 0.189370885491371 0.180029764771461 0.169466406106949 0.167173475027084 0.165252760052681 0.170571103692055 0.175547137856483 0.180152475833893 0.176271706819534 0.170983150601387 0.167507216334343 0.169218629598618 0.169829845428467 0.163868635892868 0.156728640198708 0.157086506485939 0.159359127283096 0.161165043711662 0.169272989034653 0.182316526770592 0.182208627462387 0.164907991886139 0.158438891172409 0.167303860187531 0.177471816539764 0.178942650556564 0.172323867678642 0.16486631333828
0.180410742759705 0.179796576499939 0.175646096467972 0.177197098731995 0.188103094696999 0.188273414969444 0.174994185566902 0.159234285354614 0.164808884263039 0.165828913450241 0.161036252975464 0.16370090842247 0.175420314073563 0.182085573673248 0.163747638463974 0.167121738195419 0.176214471459389 0.182944729924202 0.182028323411942 0.180741891264915 0.177307561039925 0.171686396002769 0.181523233652115 0.187357887625694 0.185599014163017 0.180950418114662 0.177274793386459 0.173026978969574 0.164524614810944 0.167358383536339 0.167667835950851 0.154469862580299 0.155107602477074 0.15958146750927 0.161775141954422 0.160081371665001 0.170701816678047 0.182392686605453 0.175372153520584 0.17094798386097 0.170063138008118 0.171719834208488 0.176310703158379 0.175492569804192 0.17339189350605
0.169795319437981 0.172818660736084 0.164951011538506 0.158790588378906 0.162835076451302 0.17567752301693 0.171318128705025 0.159518927335739 0.16299806535244 0.16219325363636 0.162420213222504 0.167913988232613 0.171609327197075 0.172710999846458 0.165269494056702 0.169425845146179 0.172095626592636 0.174717366695404 0.180174246430397 0.183281362056732 0.184001743793488 0.18250735104084 0.19262720644474 0.1846933811903 0.1743543446064 0.178185313940048 0.177696883678436 0.172657176852226 0.158300623297691 0.159178763628006 0.159723594784737 0.152834177017212 0.159246325492859 0.164577156305313 0.164244413375854 0.153881728649139 0.162909954786301 0.177909076213837 0.182805374264717 0.178395166993141 0.169446289539337 0.166075274348259 0.173334494233131 0.173491597175598 0.176095828413963
0.164884924888611 0.172089383006096 0.176846653223038 0.166045248508453 0.16018283367157 0.169116765260696 0.164785012602806 0.164035513997078 0.169867232441902 0.16878779232502 0.16796900331974 0.168128147721291 0.160649925470352 0.158741921186447 0.159757316112518 0.166035592556 0.173287615180016 0.175911799073219 0.176884964108467 0.178541913628578 0.18071037530899 0.186815276741982 0.204441368579865 0.192117676138878 0.177063032984734 0.175587862730026 0.173224791884422 0.168812826275826 0.163711786270142 0.162602290511131 0.160566419363022 0.157411381602287 0.160801500082016 0.165236189961433 0.168264150619507 0.164893940091133 0.164987966418266 0.172319859266281 0.178740933537483 0.174912616610527 0.165717869997025 0.164084136486053 0.169166341423988 0.163242936134338 0.171899482607841
0.171984851360321 0.171683788299561 0.177761167287827 0.164461523294449 0.162836894392967 0.169075384736061 0.159628793597221 0.15632900595665 0.15904812514782 0.160680204629898 0.164833158254623 0.163433864712715 0.153617173433304 0.152547135949135 0.157444655895233 0.165196686983109 0.172457605600357 0.172173365950584 0.170720994472504 0.174701794981956 0.179877400398254 0.189772397279739 0.203738644719124 0.194567069411278 0.180060803890228 0.170756101608276 0.168832629919052 0.163105651736259 0.158347919583321 0.160473242402077 0.162461221218109 0.160766944289207 0.157474905252457 0.156974911689758 0.166471585631371 0.175046190619469 0.1698027998209 0.17232109606266 0.172453090548515 0.167747929692268 0.165165066719055 0.172305762767792 0.17364014685154 0.162637159228325 0.172354698181152
0.176896646618843 0.175723686814308 0.172133326530457 0.152502253651619 0.14715188741684 0.151540458202362 0.156854957342148 0.160403594374657 0.159357696771622 0.156589433550835 0.160718575119972 0.162405744194984 0.158127769827843 0.150239914655685 0.153303787112236 0.159213274717331 0.16253998875618 0.16108201444149 0.164785996079445 0.176535993814468 0.178200393915176 0.179859265685081 0.184464320540428 0.184269264340401 0.173029333353043 0.16339299082756 0.162428423762321 0.156323432922363 0.151396915316582 0.152647390961647 0.159338995814323 0.159539565443993 0.159211501479149 0.16735865175724 0.174360737204552 0.17734993994236 0.172876507043839 0.177665799856186 0.172709137201309 0.168074935674667 0.170168608427048 0.174032956361771 0.171247646212578 0.166463002562523 0.177800714969635
0.180554986000061 0.17610265314579 0.171912029385567 0.163641706109047 0.163281753659248 0.164227321743965 0.166333094239235 0.167437240481377 0.168962836265564 0.168795689940453 0.170748203992844 0.168572753667831 0.160067513585091 0.146971881389618 0.150873586535454 0.151035740971565 0.148543357849121 0.15332804620266 0.15893442928791 0.164990052580833 0.164033830165863 0.159853860735893 0.158880025148392 0.161647945642471 0.153703913092613 0.153131425380707 0.157863944768906 0.15440721809864 0.148054197430611 0.144411981105804 0.148679777979851 0.148437038064003 0.15850530564785 0.176385134458542 0.177341595292091 0.172659635543823 0.173468410968781 0.186803713440895 0.179189518094063 0.173179104924202 0.17303840816021 0.173657268285751 0.169026345014572 0.172724336385727 0.187039002776146
0.179498896002769 0.158106446266174 0.15531200170517 0.159616142511368 0.165365934371948 0.170063599944115 0.170546904206276 0.165523931384087 0.169052883982658 0.177625924348831 0.182695984840393 0.173441201448441 0.162102445960045 0.15180541574955 0.15607251226902 0.15347608923912 0.154265612363815 0.161282062530518 0.154552087187767 0.151716515421867 0.149528622627258 0.14510278403759 0.147991985082626 0.152899757027626 0.148433715105057 0.151073426008224 0.154593825340271 0.153022602200508 0.151388421654701 0.152615249156952 0.156528666615486 0.149614632129669 0.160742282867432 0.176784425973892 0.175390496850014 0.165558055043221 0.169718593358994 0.182335570454597 0.176224917173386 0.173661142587662 0.174346357584 0.175801441073418 0.170867890119553 0.171140685677528 0.178143694996834
0.192567139863968 0.169600591063499 0.159837603569031 0.158107727766037 0.160312622785568 0.162999615073204 0.166163682937622 0.165350943803787 0.159672752022743 0.172638073563576 0.179424613714218 0.169720053672791 0.170399054884911 0.169854298233986 0.169404983520508 0.160186037421227 0.159135684370995 0.16180245578289 0.151307165622711 0.148364350199699 0.150167286396027 0.152110263705254 0.153478726744652 0.154365375638008 0.15250152349472 0.154199153184891 0.149357602000237 0.142547532916069 0.14683173596859 0.15496826171875 0.16018970310688 0.154215455055237 0.159672111272812 0.16966624557972 0.174309134483337 0.164432540535927 0.169816523790359 0.177149757742882 0.174347594380379 0.173322170972824 0.177180275321007 0.177746653556824 0.168012723326683 0.16930416226387 0.174424842000008
0.180960386991501 0.17693929374218 0.17114183306694 0.165009841322899 0.162419736385345 0.166109323501587 0.17298898100853 0.171783655881882 0.161434054374695 0.163013488054276 0.162793710827827 0.160574644804001 0.176474332809448 0.171547442674637 0.160904750227928 0.151544705033302 0.152225106954575 0.156919315457344 0.158753290772438 0.156702861189842 0.157793194055557 0.159886091947556 0.158986270427704 0.160089313983917 0.160779744386673 0.160748422145844 0.14894326031208 0.139504075050354 0.141519099473953 0.149421095848083 0.157743841409683 0.159017711877823 0.156655505299568 0.160876452922821 0.166284024715424 0.166398212313652 0.173489302396774 0.177266985177994 0.176964685320854 0.176464885473251 0.184459865093231 0.18251034617424 0.173006176948547 0.178345739841461 0.173525184392929
0.176428854465485 0.182619243860245 0.185117036104202 0.184161111712456 0.175981655716896 0.167867854237556 0.171691447496414 0.174034506082535 0.168098747730255 0.15393328666687 0.152980044484138 0.158286094665527 0.168347343802452 0.160185053944588 0.148363336920738 0.14106959104538 0.145561203360558 0.16185288131237 0.17120586335659 0.163847759366035 0.163036406040192 0.163197219371796 0.162204906344414 0.165946632623672 0.169008761644363 0.169351160526276 0.160951554775238 0.149948716163635 0.143791154026985 0.144550353288651 0.153696596622467 0.160232469439507 0.156823083758354 0.155830219388008 0.160269543528557 0.16785703599453 0.177571311593056 0.182169541716576 0.177884548902512 0.170375570654869 0.175272643566132 0.177289873361588 0.177308365702629 0.185387015342712 0.175679877400398
0.184124931693077 0.190004616975784 0.189961895346642 0.184632703661919 0.179044410586357 0.171248659491539 0.167901128530502 0.169087767601013 0.167386740446091 0.162712678313255 0.165670156478882 0.165025353431702 0.160976693034172 0.151180535554886 0.148270636796951 0.15664005279541 0.172126576304436 0.172620296478271 0.173578575253487 0.169495403766632 0.167134419083595 0.164636567234993 0.164877563714981 0.169474571943283 0.16849085688591 0.167899712920189 0.167385831475258 0.160479709506035 0.156733214855194 0.158737748861313 0.161250576376915 0.161603391170502 0.159814476966858 0.159501746296883 0.160102427005768 0.164043441414833 0.171190246939659 0.179192945361137 0.179568946361542 0.171557724475861 0.163759142160416 0.170046493411064 0.167552128434181 0.165456861257553 0.174724340438843
0.188612073659897 0.186368599534035 0.179237067699432 0.170161843299866 0.17398576438427 0.174888983368874 0.172010511159897 0.170849218964577 0.166340336203575 0.165408492088318 0.170251294970512 0.1670843064785 0.157098665833473 0.147213786840439 0.152043804526329 0.163806945085526 0.17560002207756 0.172802314162254 0.175881996750832 0.176778227090836 0.175765857100487 0.171472445130348 0.169020891189575 0.168800294399261 0.164773643016815 0.161182627081871 0.159554094076157 0.154555961489677 0.153670236468315 0.154959321022034 0.154813066124916 0.157414421439171 0.164963126182556 0.172898724675179 0.167009577155113 0.156416431069374 0.158760443329811 0.178475856781006 0.184666469693184 0.174582093954086 0.160225629806519 0.168618679046631 0.170065805315971 0.171914204955101 0.179191812872887
0.176952347159386 0.174307614564896 0.16635325551033 0.156652092933655 0.163086369633675 0.168881475925446 0.171875461935997 0.171644181013107 0.165872916579247 0.164773195981979 0.165194138884544 0.160181984305382 0.153340518474579 0.158694565296173 0.173495054244995 0.165564209222794 0.168070286512375 0.172967031598091 0.181362882256508 0.181252494454384 0.177823603153229 0.173981010913849 0.171484738588333 0.168331116437912 0.164008662104607 0.157883748412132 0.156064093112946 0.15815669298172 0.15643098950386 0.156483605504036 0.155055463314056 0.155753165483475 0.169551625847816 0.182304933667183 0.174325525760651 0.147969722747803 0.15232452750206 0.178813487291336 0.186243027448654 0.174764215946198 0.158762708306313 0.153975009918213 0.17305226624012 0.180068522691727 0.176801264286041
0.166610315442085 0.165656268596649 0.165999054908752 0.165573135018349 0.168309673666954 0.170400038361549 0.175271287560463 0.176534980535507 0.169643342494965 0.167815074324608 0.164076447486877 0.156525611877441 0.148555427789688 0.162586435675621 0.17695589363575 0.160417526960373 0.165055006742477 0.169919267296791 0.170752227306366 0.168371707201004 0.169520184397697 0.172467306256294 0.17482528090477 0.170409381389618 0.164763584733009 0.162659525871277 0.165422782301903 0.165230005979538 0.154453337192535 0.161421552300453 0.169432058930397 0.166671052575111 0.15976083278656 0.168995767831802 0.174150124192238 0.148295909166336 0.155893638730049 0.175269573926926 0.177834004163742 0.161694958806038 0.147109672427177 0.147314086556435 0.176427453756332 0.179755136370659 0.169472917914391
0.164401322603226 0.166865825653076 0.177382439374924 0.178484484553337 0.173570796847343 0.173553302884102 0.180553674697876 0.182606384158134 0.179021239280701 0.18113112449646 0.180018573999405 0.171126484870911 0.156912326812744 0.161163881421089 0.165910363197327 0.164426654577255 0.178657710552216 0.17379042506218 0.164356783032417 0.162879332900047 0.165391072630882 0.171809479594231 0.17996920645237 0.174933642148972 0.169875875115395 0.1701929718256 0.173593685030937 0.165128484368324 0.144142240285873 0.145428583025932 0.16125325858593 0.170923441648483 0.155812203884125 0.1607715934515 0.169818162918091 0.163074046373367 0.163483545184135 0.172594234347343 0.177799165248871 0.166362345218658 0.15081612765789 0.152619555592537 0.173330202698708 0.180966004729271 -3.4e+38
0.166127651929855 0.16728849709034 0.175194323062897 0.179038792848587 0.178559154272079 0.179517731070518 0.18416802585125 0.177197903394699 0.168717548251152 0.170900210738182 0.180175513029099 0.179981455206871 0.171376407146454 0.16827566921711 0.167960360646248 0.171192795038223 0.179848566651344 0.173815906047821 0.168592676520348 0.170411095023155 0.171228960156441 0.176237195730209 0.181351080536842 0.176904141902924 0.173114910721779 0.171687915921211 0.170026853680611 0.162035703659058 0.148856490850449 0.142855256795883 0.163800418376923 0.176035046577454 0.164230868220329 0.156132414937019 0.161391362547874 0.167847901582718 0.170842096209526 0.177114754915237 0.18047408759594 0.177178472280502 0.167091682553291 -3.4e+38 -3.4e+38 -3.4e+38 -3.4e+38
