data/1_raw/trimmed_ndre/Aes_ndre.619.2015_no_clouds.asc
NCOLS 109 
NROWS 101 
XLLCORNER 466110 
YLLCORNER 5182005 
CELLSIZE 5 
NODATA_value -3.4e+38 
[rows 60 to 79 of 101, columns 45 to 89 of 109]
0.547609806060791 0.530616462230682 0.513787567615509 0.521996796131134 0.519745111465454 0.502380669116974 0.510864675045013 0.504248678684235 0.498140573501587 0.514062523841858 0.517973959445953 0.526390433311462 0.537540793418884 0.528054296970367 0.528098106384277 0.533052742481232 0.535267233848572 0.553169965744019 0.535996317863464 0.499882906675339 0.458654075860977 0.420246928930283 0.409990549087524 0.419591248035431 0.432944864034653 0.427203267812729 0.403033196926117 0.365556269884109 0.338415712118149 0.317570239305496 0.306176334619522 0.311554968357086 0.302581965923309 0.309661030769348 0.34414130449295 0.379154354333878 0.416615903377533 0.4549360871315 0.485520631074905 0.491642653942108 0.5005943775177 0.507011413574219 0.499877989292145 0.511236011981964 0.502057671546936
0.537535190582275 0.516883134841919 0.495422631502151 0.500555396080017 0.488856375217438 0.481339573860168 0.499711394309998 0.484177768230438 0.480035692453384 0.489262461662292 0.499688029289246 0.510259926319122 0.51335996389389 0.500907599925995 0.497566044330597 0.501980245113373 0.518267393112183 0.548280835151672 0.539108514785767 0.524611175060272 0.501630365848541 0.463519811630249 0.443233013153076 0.440237611532211 0.442004948854446 0.42829242348671 0.404715538024902 0.369710952043533 0.335378915071487 0.316624760627747 0.314067304134369 0.325105667114258 0.311439663171768 0.323172718286514 0.352585256099701 0.379368901252747 0.413027137517929 0.451026827096939 0.479642897844315 0.467686235904694 0.480742186307907 0.490817546844482 0.495637804269791 0.514011740684509 0.493965864181519
0.528062403202057 0.502596139907837 0.474942237138748 0.46529546380043 0.452970266342163 0.46402695775032 0.486678808927536 0.467681437730789 0.467648923397064 0.480614095926285 0.493115425109863 0.488951504230499 0.476358264684677 0.462421536445618 0.464165657758713 0.47508293390274 0.488254457712173 0.503846168518066 0.506218194961548 0.517992973327637 0.522296667098999 0.508222937583923 0.487107425928116 0.474657595157623 0.456667125225067 0.422325164079666 0.395889014005661 0.370305508375168 0.33945894241333 0.320559173822403 0.313674986362457 0.3153056204319 0.312724381685257 0.33479055762291 0.363375425338745 0.388837277889252 0.421422779560089 0.438051342964172 0.452544629573822 0.460345357656479 0.481713473796844 0.488485038280487 0.498572409152985 0.518269181251526 0.501977443695068
0.521444976329803 0.491658091545105 0.454027831554413 0.429055362939835 0.423214465379715 0.444753468036652 0.464152246713638 0.458261609077454 0.460580557584763 0.467587739229202 0.472474187612534 0.459015786647797 0.446229606866837 0.432149708271027 0.433809340000153 0.457486242055893 0.483586609363556 0.493351250886917 0.485476195812225 0.496327340602875 0.516892552375793 0.527455270290375 0.516123175621033 0.49739933013916 0.466763645410538 0.426857471466064 0.396056860685349 0.381703794002533 0.365722626447678 0.333963990211487 0.31666088104248 0.314792811870575 0.322812259197235 0.345765918493271 0.377512335777283 0.407963752746582 0.434294462203979 0.444502621889114 0.454620480537415 0.472893506288528 0.498171240091324 0.500705778598785 0.500377655029297 0.502332031726837 0.498301118612289
0.517595529556274 0.484973847866058 0.434621632099152 0.405171006917953 0.403832077980042 0.417002528905869 0.422270238399506 0.41941624879837 0.425927221775055 0.435868471860886 0.431073606014252 0.416628956794739 0.433405369520187 0.431823968887329 0.432191431522369 0.459669142961502 0.489024966955185 0.500797927379608 0.490660041570663 0.487139284610748 0.497411638498306 0.49846538901329 0.489857465028763 0.487233132123947 0.471653044223785 0.451268196105957 0.436524301767349 0.416629016399384 0.392564117908478 0.359447181224823 0.328859090805054 0.329947084188461 0.342823565006256 0.35820284485817 0.385062873363495 0.407599985599518 0.429089099168777 0.451201021671295 0.47044375538826 0.487275362014771 0.501137912273407 0.497663348913193 0.495722949504852 0.493769288063049 0.495531022548676
0.514598429203033 0.477861434221268 0.429423987865448 0.400537431240082 0.393324464559555 0.384227991104126 0.381987035274506 0.377033948898315 0.375820875167847 0.388300240039825 0.36745423078537 0.344541966915131 0.369268476963043 0.376385271549225 0.396546870470047 0.436454176902771 0.471625983715057 0.498280674219131 0.501747786998749 0.48266476392746 0.482285499572754 0.466096967458725 0.449094831943512 0.454986840486526 0.464401096105576 0.465938955545425 0.454774171113968 0.42403107881546 0.396399825811386 0.369598060846329 0.342890679836273 0.353400826454163 0.361786365509033 0.371825814247131 0.399179607629776 0.409596055746078 0.425189048051834 0.451203167438507 0.481335997581482 0.492659717798233 0.492735207080841 0.488131880760193 0.492289841175079 0.491897523403168 0.495286226272583
0.501903414726257 0.468163073062897 0.445717424154282 0.398799329996109 0.361548751592636 0.340994298458099 0.33553272485733 0.330231457948685 0.324123114347458 0.328891664743423 0.29542002081871 0.276195824146271 0.290798753499985 0.299054533243179 0.33392745256424 0.37679922580719 0.410164088010788 0.432841658592224 0.45165491104126 0.453980475664139 0.450388699769974 0.434611678123474 0.419283777475357 0.416272222995758 0.438065767288208 0.454179525375366 0.438861459493637 0.392135053873062 0.369142413139343 0.351071834564209 0.347316950559616 0.374163329601288 0.380167603492737 0.391080677509308 0.415290296077728 0.420215159654617 0.440617889165878 0.466404318809509 0.486781388521194 0.485745906829834 0.479240477085114 0.479853868484497 0.491678953170776 0.488117545843124 0.48545914888382
0.480801165103912 0.442467302083969 0.417486965656281 0.382374167442322 0.339142888784409 0.307523190975189 0.293593257665634 0.294494926929474 0.292458772659302 0.287593066692352 0.271616131067276 0.253254264593124 0.242588132619858 0.237558633089066 0.26900914311409 0.307021379470825 0.340865075588226 0.365521103143692 0.389286935329437 0.397439509630203 0.390084952116013 0.384816557168961 0.387416779994965 0.394453555345535 0.407726466655731 0.412431716918945 0.383428663015366 0.332734763622284 0.331924825906754 0.338322013616562 0.354228734970093 0.382154405117035 0.390253514051437 0.405746817588806 0.421858012676239 0.423808455467224 0.44685623049736 0.473639786243439 0.489006370306015 0.481403917074203 0.469022125005722 0.478713035583496 0.493417173624039 0.484770447015762 0.469827383756638
0.481009930372238 0.44940772652626 0.420940905809402 0.387276411056519 0.335715264081955 0.300066709518433 0.287319242954254 0.296918272972107 0.294275760650635 0.282230198383331 0.270742416381836 0.255522608757019 0.242985501885414 0.235402941703796 0.242579653859138 0.261029303073883 0.276118397712708 0.290743559598923 0.315139621496201 0.316087037324905 0.309333920478821 0.317544192075729 0.332435876131058 0.349908143281937 0.359308660030365 0.345502763986588 0.317867189645767 0.296812117099762 0.304217785596848 0.320471912622452 0.337611585855484 0.360992819070816 0.382074534893036 0.402324706315994 0.415023058652878 0.423050612211227 0.44541010260582 0.477542281150818 0.493184566497803 0.486399561166763 0.466833233833313 0.482416063547134 0.495618402957916 0.486116051673889 0.457372039556503
0.513155043125153 0.48704794049263 0.452407091856003 0.410277754068375 0.355286419391632 0.316906839609146 0.300912261009216 0.305655121803284 0.305013537406921 0.290810286998749 0.266647666692734 0.244916707277298 0.23457407951355 0.23450793325901 0.23925057053566 0.241449981927872 0.229823634028435 0.214693382382393 0.220176607370377 0.224478736519814 0.247679144144058 0.275362640619278 0.281608790159225 0.295293688774109 0.299633681774139 0.286969661712646 0.277260154485703 0.271890670061111 0.280076205730438 0.300568759441376 0.299310922622681 0.311091721057892 0.342169374227524 0.374428540468216 0.402016341686249 0.421192854642868 0.441401839256287 0.478125274181366 0.497082531452179 0.489080905914307 0.466535419225693 0.484207361936569 0.496822565793991 0.487466037273407 0.455944627523422
0.55035388469696 0.533501446247101 0.489943981170654 0.441189795732498 0.391416817903519 0.345611453056335 0.322789162397385 0.315891891717911 0.31207150220871 0.304563045501709 0.289604604244232 0.268294036388397 0.249303877353668 0.242847084999084 0.244296491146088 0.241340428590775 0.237217590212822 0.22691036760807 0.21577450633049 0.207688093185425 0.229780197143555 0.252063602209091 0.249612152576447 0.258618235588074 0.259678035974503 0.255620270967484 0.259740054607391 0.253658205270767 0.262895494699478 0.285397291183472 0.275161385536194 0.289221316576004 0.321045160293579 0.355693519115448 0.39625084400177 0.421506226062775 0.43817326426506 0.461369901895523 0.486952900886536 0.48371759057045 0.470707297325134 0.483420997858047 0.494922161102295 0.48755556344986 0.464658290147781
0.563442707061768 0.558891713619232 0.512982785701752 0.472354173660278 0.429515570402145 0.379531919956207 0.350244104862213 0.329034805297852 0.312762469053268 0.300420880317688 0.289025843143463 0.273827195167542 0.255681306123734 0.243678942322731 0.239044636487961 0.237828880548477 0.236836239695549 0.23126694560051 0.221442222595215 0.214863136410713 0.229162558913231 0.239628687500954 0.245238184928894 0.251808762550354 0.254462152719498 0.258415520191193 0.263994544744492 0.246787011623383 0.254508018493652 0.273413211107254 0.275681287050247 0.289920747280121 0.315820097923279 0.35037437081337 0.396611481904984 0.428459167480469 0.44436240196228 0.45602411031723 0.479754149913788 0.480408281087875 0.476654797792435 0.480802088975906 0.486955761909485 0.485666394233704 0.470103323459625
0.532963812351227 0.551369190216064 0.529137432575226 0.506223201751709 0.465449035167694 0.415764719247818 0.383898913860321 0.349902451038361 0.318404287099838 0.293749928474426 0.279006123542786 0.262107104063034 0.245455265045166 0.23642373085022 0.24017345905304 0.245073601603508 0.24641390144825 0.244236469268799 0.227731913328171 0.221604064106941 0.238188818097115 0.243865713477135 0.253992944955826 0.265102177858353 0.270448327064514 0.283535271883011 0.288712292909622 0.274067342281342 0.2796870470047 0.286889046430588 0.290802001953125 0.298307090997696 0.318655788898468 0.35323178768158 0.394570827484131 0.424966424703598 0.450906991958618 0.462639629840851 0.473717629909515 0.481985479593277 0.480423510074615 0.476817160844803 0.477221757173538 0.485081225633621 0.472094684839249
0.503056704998016 0.534869253635406 0.539552986621857 0.532702922821045 0.493209302425385 0.442945450544357 0.401995986700058 0.356317549943924 0.317924827337265 0.28918182849884 0.271833956241608 0.254536062479019 0.24689157307148 0.247007042169571 0.250471651554108 0.25627002120018 0.264029324054718 0.269913405179977 0.249572053551674 0.253385096788406 0.268433064222336 0.262123972177505 0.278479814529419 0.288835287094116 0.287593692541122 0.303322434425354 0.306301683187485 0.299937963485718 0.304443329572678 0.306019753217697 0.305444538593292 0.305686235427856 0.31321057677269 0.348643064498901 0.391144216060638 0.424505114555359 0.45683890581131 0.465883940458298 0.46905717253685 0.485098272562027 0.485281437635422 0.477711707353592 0.476452827453613 0.486878544092178 0.474496573209763
0.487129598855972 0.516442894935608 0.533392667770386 0.529698669910431 0.50412929058075 0.468117952346802 0.424015045166016 0.369593381881714 0.325192391872406 0.296250313520432 0.279801428318024 0.263443291187286 0.256158292293549 0.256761759519577 0.259945273399353 0.265520572662354 0.278228968381882 0.285010039806366 0.270649939775467 0.281294047832489 0.287124335765839 0.281992018222809 0.309360176324844 0.30765888094902 0.300691962242126 0.31988999247551 0.318527579307556 0.316679298877716 0.31985867023468 0.3183553814888 0.316468417644501 0.312390297651291 0.311213433742523 0.348118782043457 0.392182290554047 0.427405178546906 0.448110044002533 0.451587200164795 0.462206453084946 0.478272795677185 0.482276618480682 0.473149359226227 0.477470636367798 0.489112436771393 0.483926594257355
0.481623858213425 0.495643228292465 0.50955456495285 0.513135075569153 0.5034259557724 0.489529460668564 0.455165833234787 0.40539026260376 0.358806163072586 0.325063288211823 0.300822287797928 0.281975537538528 0.26991868019104 0.269386291503906 0.270511150360107 0.270792961120605 0.284756928682327 0.293869316577911 0.292074769735336 0.295517057180405 0.293551921844482 0.297495305538177 0.320348560810089 0.306784927845001 0.313800781965256 0.336763113737106 0.32693287730217 0.324649751186371 0.323356688022614 0.317368537187576 0.319387942552567 0.315719127655029 0.316496282815933 0.350298315286636 0.395186185836792 0.429043799638748 0.444396078586578 0.443343043327332 0.456157743930817 0.470166146755219 0.474280714988708 0.458943754434586 0.465480655431747 0.476260334253311 0.477223008871078
0.472512185573578 0.479694575071335 0.50613135099411 0.519375503063202 0.514102578163147 0.515965461730957 0.496475875377655 0.452093869447708 0.393813729286194 0.351316750049591 0.322075635194778 0.30364391207695 0.29274520277977 0.302820086479187 0.30242794752121 0.296669751405716 0.307642161846161 0.316885650157928 0.314850449562073 0.304994136095047 0.30697700381279 0.31959992647171 0.334549516439438 0.326576352119446 0.341157346963882 0.3530253469944 0.337250620126724 0.333610117435455 0.324031144380569 0.314390450716019 0.319993168115616 0.320340394973755 0.326124936342239 0.350597560405731 0.39139124751091 0.420918613672256 0.437398105859756 0.442113697528839 0.45237147808075 0.465160399675369 0.467409551143646 0.452505797147751 0.454684406518936 0.459166377782822 0.468653172254562
0.436865538358688 0.44191986322403 0.497629821300507 0.533127725124359 0.544123589992523 0.545189440250397 0.533984899520874 0.50098317861557 0.450076550245285 0.398980319499969 0.357097923755646 0.331926584243774 0.323982536792755 0.333083301782608 0.330598652362823 0.33178722858429 0.343715786933899 0.352871745824814 0.345478355884552 0.333672493696213 0.335360944271088 0.35164338350296 0.364553034305573 0.366485238075256 0.370209634304047 0.365513443946838 0.352164715528488 0.345024764537811 0.32531413435936 0.315843760967255 0.323282033205032 0.328387945890427 0.331300675868988 0.346251636743546 0.380152225494385 0.407933115959167 0.429344147443771 0.442430764436722 0.449418812990189 0.461091130971909 0.45962917804718 0.448917776346207 0.446236133575439 0.443515181541443 0.457776546478271
0.397236466407776 0.396038472652435 0.459848672151566 0.509600639343262 0.546103954315186 0.568986296653748 0.572844684123993 0.555168926715851 0.521655201911926 0.48180103302002 0.442022264003754 0.402040928602219 0.383763909339905 0.384311079978943 0.368730098009109 0.371669471263885 0.380994498729706 0.3804532289505 0.369682848453522 0.357288271188736 0.357157200574875 0.381593614816666 0.398814857006073 0.39897820353508 0.379527926445007 0.367396622896194 0.357974827289581 0.349021553993225 0.32426992058754 0.324343800544739 0.335378527641296 0.338509649038315 0.33084300160408 0.339403659105301 0.366023391485214 0.39446821808815 0.417952239513397 0.432543516159058 0.439803391695023 0.449147284030914 0.450239151716232 0.446471005678177 0.441838622093201 0.432576149702072 -3.4e+38
0.3649001121521 0.363275498151779 0.401776850223541 0.460629671812057 0.521438002586365 0.570176184177399 0.596306920051575 0.593769371509552 0.567093551158905 0.536561131477356 0.512678623199463 0.483527094125748 0.456381320953369 0.44004037976265 0.414320945739746 0.409253716468811 0.41103258728981 0.410954803228378 0.400224179029465 0.390204399824142 0.383493065834045 0.397453188896179 0.40700027346611 0.394659101963043 0.369566649198532 0.358964562416077 0.352855116128922 0.341956704854965 0.31928151845932 0.331972479820251 0.340629130601883 0.336720108985901 0.320897221565247 0.328513085842133 0.354003548622131 0.383244425058365 0.401745706796646 0.415949553251266 0.426704615354538 0.435790181159973 0.440751284360886 -3.4e+38 -3.4e+38 -3.4e+38 -3.4e+38
