data/1_raw/trimmed_ndre/Aes_ndre.718.2010_no_clouds.asc
NCOLS 109 
NROWS 101 
XLLCORNER 466110 
YLLCORNER 5182005 
CELLSIZE 5 
NODATA_value -3.4e+38 
[rows 20 to 39 of 101, columns 45 to 89 of 109]
-3.4e+38 -3.4e+38 -3.4e+38 -3.4e+38 -3.4e+38 -3.4e+38 -3.4e+38 -3.4e+38 0.188706263899803 0.201804921030998 0.220248892903328 0.213842064142227 0.197715952992439 0.195975854992867 0.208858147263527 0.203291460871696 0.196792602539062 0.202356815338135 0.195943623781204 0.183801591396332 0.189108788967133 0.194187313318253 0.205880716443062 0.220419377088547 0.224872648715973 0.229135483503342 0.218016400933266 0.21836955845356 0.214783862233162 0.207721292972565 0.212122187018394 0.206091225147247 0.209127202630043 0.217218399047852 0.227916374802589 0.232987433671951 0.238970100879669 0.257935702800751 0.246373310685158 0.216924697160721 0.206560403108597 0.192362248897552 -3.4e+38 -3.4e+38 -3.4e+38
-3.4e+38 -3.4e+38 -3.4e+38 -3.4e+38 -3.4e+38 -3.4e+38 -3.4e+38 0.202024355530739 0.209930270910263 0.225029438734055 0.225851714611053 0.213037982583046 0.207122713327408 0.199460789561272 0.204454764723778 0.208096906542778 0.200480297207832 0.194899097084999 0.189472332596779 0.187671035528183 0.194500267505646 0.203143015503883 0.206161051988602 0.217773929238319 0.221322625875473 0.215438649058342 0.210163608193398 0.208289846777916 0.207026124000549 0.202094122767448 0.21727167069912 0.211097151041031 0.196924164891243 0.20664182305336 0.229757711291313 0.240585997700691 0.2426418364048 0.244942665100098 0.244619131088257 0.202380806207657 0.193074852228165 0.197832033038139 0.175292775034904 -3.4e+38 -3.4e+38
-3.4e+38 -3.4e+38 -3.4e+38 -3.4e+38 -3.4e+38 0.173938170075417 0.18566669523716 0.206240624189377 0.217764154076576 0.224165916442871 0.224258273839951 0.209123760461807 0.204090908169746 0.205711141228676 0.20467409491539 0.210764825344086 0.196348547935486 0.197428464889526 0.203210696578026 0.203467085957527 0.194930717349052 0.193157434463501 0.211471110582352 0.216267421841621 0.205174535512924 0.193408966064453 0.201542437076569 0.204640910029411 0.19686071574688 0.193879410624504 0.203351497650146 0.203215166926384 0.202159464359283 0.206325948238373 0.23120254278183 0.258547991514206 0.255696803331375 0.221311450004578 0.213790133595467 0.217492446303368 0.205822169780731 0.191684901714325 0.179347991943359 -3.4e+38 -3.4e+38
-3.4e+38 -3.4e+38 0.162959888577461 0.191411525011063 0.199768885970116 0.20018470287323 0.215689137578011 0.20588031411171 0.197032153606415 0.216805502772331 0.211013182997704 0.199313923716545 0.199056074023247 0.21053709089756 0.204556167125702 0.202817976474762 0.192917242646217 0.197298586368561 0.208912044763565 0.20176850259304 0.200141251087189 0.196319192647934 0.200788915157318 0.196666806936264 0.192315131425858 0.197685316205025 0.198359206318855 0.202056676149368 0.204233556985855 0.196846976876259 0.190392374992371 0.197356283664703 0.216080978512764 0.225526124238968 0.234230935573578 0.250798910856247 0.247215151786804 0.21980294585228 0.21256023645401 0.223238661885262 0.204081267118454 0.179761916399002 0.185961425304413 0.21081069111824 -3.4e+38
0.203260168433189 0.1985052973032 0.205184072256088 0.224560290575027 0.234056979417801 0.213365957140923 0.21924614906311 0.222267344594002 0.205664232373238 0.197164237499237 0.188272625207901 0.194492697715759 0.204007387161255 0.208845943212509 0.201340824365616 0.193009465932846 0.191548779606819 0.189859703183174 0.191486120223999 0.190293297171593 0.196180433034897 0.195032894611359 0.183863550424576 0.178329214453697 0.182622015476227 0.191919326782227 0.193659022450447 0.200552105903625 0.212576925754547 0.201881945133209 0.194484949111938 0.20381373167038 0.224195495247841 0.225272417068481 0.220619022846222 0.218746855854988 0.217066094279289 0.196823909878731 0.20040488243103 0.213804379105568 0.204845905303955 0.190957814455032 0.189480647444725 0.206537753343582 -3.4e+38
0.195877775549889 0.186495393514633 0.212282776832581 0.232311710715294 0.235466554760933 0.200859501957893 0.195978686213493 0.221219778060913 0.201594635844231 0.184049710631371 0.189753785729408 0.19733901321888 0.205303177237511 0.209782794117928 0.197350427508354 0.19150398671627 0.195505246520042 0.191519662737846 0.188914254307747 0.188449442386627 0.192460864782333 0.195983394980431 0.185410022735596 0.170177444815636 0.183514565229416 0.199728831648827 0.196687743067741 0.191084116697311 0.209850624203682 0.217081889510155 0.210099250078201 0.231903180480003 0.248360395431519 0.218538522720337 0.22082382440567 0.222063764929771 0.213752552866936 0.197298496961594 0.202965542674065 0.215635195374489 0.216280072927475 0.213499426841736 0.200474873185158 0.203342854976654 0.203504964709282
0.199566468596458 0.197425588965416 0.219031438231468 0.210878133773804 0.21311354637146 0.205372497439384 0.192571520805359 0.21014067530632 0.209082946181297 0.204920247197151 0.212878689169884 0.213206470012665 0.200625330209732 0.198960483074188 0.199961647391319 0.202808797359467 0.20440112054348 0.195386335253716 0.188583865761757 0.181009441614151 0.186697587370872 0.187994182109833 0.18856580555439 0.188931375741959 0.190893545746803 0.204484403133392 0.207189410924911 0.197801724076271 0.214255973696709 0.220817744731903 0.204098016023636 0.239561513066292 0.26625457406044 0.238764256238937 0.223446905612946 0.211935803294182 0.206519454717636 0.213570490479469 0.230142891407013 0.221995413303375 0.217035874724388 0.236050754785538 0.237951874732971 0.236912503838539 0.231816366314888
0.220219060778618 0.211948499083519 0.206598743796349 0.187446117401123 0.193257883191109 0.200045123696327 0.185115486383438 0.204764172434807 0.225108683109283 0.234676659107208 0.225639924407005 0.211194902658463 0.196584179997444 0.191866248846054 0.206670716404915 0.2092404961586 0.198564454913139 0.184666588902473 0.186811119318008 0.175421997904778 0.171621263027191 0.173552483320236 0.183338567614555 0.193670153617859 0.182133764028549 0.20099925994873 0.220404416322708 0.207823112607002 0.216115102171898 0.224590376019478 0.213189527392387 0.229664459824562 0.234055459499359 0.229544088244438 0.233955889940262 0.225846916437149 0.218469336628914 0.224265024065971 0.237527295947075 0.245864853262901 0.25525775551796 0.281527578830719 0.292641550302505 0.259457856416702 0.242307424545288
0.204393476247787 0.193145275115967 0.189470276236534 0.192852765321732 0.199572995305061 0.203824862837791 0.189156457781792 0.196453884243965 0.218385562300682 0.230166435241699 0.213820442557335 0.202129036188126 0.204655677080154 0.206337913870811 0.208240166306496 0.200008720159531 0.194644406437874 0.187190607190132 0.189733147621155 0.1878931671381 0.174333080649376 0.167861774563789 0.176352232694626 0.194569706916809 0.191316068172455 0.210257813334465 0.226511657238007 0.216800287365913 0.230785101652145 0.247554674744606 0.258562207221985 0.275436252355576 0.254398971796036 0.239197283983231 0.247701615095139 0.244146168231964 0.267245680093765 0.290732949972153 0.295635998249054 0.305915743112564 0.327160984277725 0.336069405078888 0.320122808218002 0.264007031917572 0.249167546629906
0.178640335798264 0.198781505227089 0.20338000357151 0.20171220600605 0.208339139819145 0.213423475623131 0.213093981146812 0.208677977323532 0.20872950553894 0.209927633404732 0.201798006892204 0.201320633292198 0.208199962973595 0.213871225714684 0.210879102349281 0.19103330373764 0.192421987652779 0.197343021631241 0.191662475466728 0.1900654733181 0.18190136551857 0.186409384012222 0.200089007616043 0.231162890791893 0.237861275672913 0.221678197383881 0.226854726672173 0.241925060749054 0.270504146814346 0.280238270759583 0.26953861117363 0.273256897926331 0.249678388237953 0.243578210473061 0.251319944858551 0.257156580686569 0.287878841161728 0.31963112950325 0.335204213857651 0.343825101852417 0.341439187526703 0.3460893034935 0.329829126596451 0.274139434099197 0.269821554422379
0.199293598532677 0.198297113180161 0.204205274581909 0.197160437703133 0.198268488049507 0.210064932703972 0.221967443823814 0.219906240701675 0.207934677600861 0.209837675094604 0.211412042379379 0.214492946863174 0.209622457623482 0.206494271755219 0.203425154089928 0.18547648191452 0.172101482748985 0.180646225810051 0.194307148456573 0.199361965060234 0.210750803351402 0.22571687400341 0.225286319851875 0.233393102884293 0.248241528868675 0.248952135443687 0.2464619576931 0.257076948881149 0.260180711746216 0.266462683677673 0.255335479974747 0.235099017620087 0.228699922561646 0.253499329090118 0.269540160894394 0.273510217666626 0.290182888507843 0.280467301607132 0.308773249387741 0.321096390485764 0.295087546110153 0.316702842712402 0.313710957765579 0.286723852157593 0.288383662700653
0.202562794089317 0.193780392408371 0.196291416883469 0.202177092432976 0.201826959848404 0.203917145729065 0.212829023599625 0.21552512049675 0.211575105786324 0.216480046510696 0.214618429541588 0.211706176400185 0.20194548368454 0.189606234431267 0.188809007406235 0.184016108512878 0.183288305997849 0.191813454031944 0.201905354857445 0.218027755618095 0.23377026617527 0.239313334226608 0.234730526804924 0.224983632564545 0.245869934558868 0.273350924253464 0.256803780794144 0.286181211471558 0.290204793214798 0.264623254537582 0.26193705201149 0.249335676431656 0.240492135286331 0.241783425211906 0.272616595029831 0.281813830137253 0.27448034286499 0.239813253283501 0.249767169356346 0.261528015136719 0.256424576044083 0.288645893335342 0.282888978719711 0.279970496892929 0.277139097452164
0.195225194096565 0.192936986684799 0.185707032680511 0.192350566387177 0.204027965664864 0.197743073105812 0.196842432022095 0.20408970117569 0.208581104874611 0.209153279662132 0.199895456433296 0.198357284069061 0.197881191968918 0.187980309128761 0.185399532318115 0.189840167760849 0.197167873382568 0.203181877732277 0.219837531447411 0.234347000718117 0.234534576535225 0.25638222694397 0.2674560546875 0.250980973243713 0.256518214941025 0.262923836708069 0.267337381839752 0.305743247270584 0.31188639998436 0.280215382575989 0.272283524274826 0.256700813770294 0.240678444504738 0.233164057135582 0.266411989927292 0.265772819519043 0.244753122329712 0.221082448959351 0.209402695298195 0.217066705226898 0.249390661716461 0.27354708313942 0.253123223781586 0.243295267224312 0.260165244340897
0.195657387375832 0.19149549305439 0.18879634141922 0.190063267946243 0.202305361628532 0.198800012469292 0.19440470635891 0.207144752144814 0.213066726922989 0.200692802667618 0.19027853012085 0.200294300913811 0.195341244339943 0.188815221190453 0.192729026079178 0.199295774102211 0.200923949480057 0.210881412029266 0.246630012989044 0.267184346914291 0.266384989023209 0.277272880077362 0.290700912475586 0.28434482216835 0.268208205699921 0.276715606451035 0.294696360826492 0.301820069551468 0.30629688501358 0.289218097925186 0.277120351791382 0.272106319665909 0.245182186365128 0.238002642989159 0.256738305091858 0.250697314739227 0.231348812580109 0.209073036909103 0.207614317536354 0.215176120400429 0.23973585665226 0.250663042068481 0.238723605871201 0.234626427292824 0.250980049371719
0.201853364706039 0.197605803608894 0.200164765119553 0.195474803447723 0.199025675654411 0.203320235013962 0.19596354663372 0.198607504367828 0.205559700727463 0.197386756539345 0.190262287855148 0.194501176476479 0.194524988532066 0.200375452637672 0.21091702580452 0.211638584733009 0.213688254356384 0.220236614346504 0.238464176654816 0.264064401388168 0.279783815145493 0.275961667299271 0.26057955622673 0.285125732421875 0.324851036071777 0.331664323806763 0.330415159463882 0.32548063993454 0.322877645492554 0.311074703931808 0.306777656078339 0.292633682489395 0.24863700568676 0.228853777050972 0.258177399635315 0.255793809890747 0.216905891895294 0.208636224269867 0.206547111272812 0.199745446443558 0.220379114151001 0.223815098404884 0.237527206540108 0.246701583266258 0.224257797002792
0.205654963850975 0.197430655360222 0.202552437782288 0.205959513783455 0.20464600622654 0.207303926348686 0.202779814600945 0.189021065831184 0.187901243567467 0.182265371084213 0.183551535010338 0.194017857313156 0.193045005202293 0.209657594561577 0.230665534734726 0.218622609972954 0.211665242910385 0.233718827366829 0.252978533506393 0.257874846458435 0.269994854927063 0.296755135059357 0.310845613479614 0.348822802305222 0.385581642389297 0.354744046926498 0.350531786680222 0.350923955440521 0.340911209583282 0.334963709115982 0.33327117562294 0.294221669435501 0.2432661652565 0.225857317447662 0.245711863040924 0.234104946255684 0.197600975632668 0.221131354570389 0.220002815127373 0.200897082686424 0.217245817184448 0.218728616833687 0.222222536802292 0.234498634934425 0.222350135445595
0.212227568030357 0.197466641664505 0.205192446708679 0.223693072795868 0.216140136122704 0.211336702108383 0.207129254937172 0.191826701164246 0.178867995738983 0.17585526406765 0.184758499264717 0.200808122754097 0.200888201594353 0.22096574306488 0.241429567337036 0.236642837524414 0.233409225940704 0.26321467757225 0.300393879413605 0.294692516326904 0.29213958978653 0.336553871631622 0.365807324647903 0.366755664348602 0.376449733972549 0.348468750715256 0.34654301404953 0.35458642244339 0.361057728528976 0.353561997413635 0.346298545598984 0.316440284252167 0.265502631664276 0.234891727566719 0.219262227416039 0.215889602899551 0.200516387820244 0.216604709625244 0.223472192883492 0.216530352830887 0.223620146512985 0.225914776325226 0.210921436548233 0.196273222565651 0.214000165462494
0.222613826394081 0.214172780513763 0.219715669751167 0.222230270504951 0.20735365152359 0.202110111713409 0.200538098812103 0.18494039773941 0.176914528012276 0.184919863939285 0.198334395885468 0.217067673802376 0.223304837942123 0.230196163058281 0.23841854929924 0.252073884010315 0.265130490064621 0.284254848957062 0.309735476970673 0.335289537906647 0.328407019376755 0.330111116170883 0.344961166381836 0.332526803016663 0.370072484016418 0.357244431972504 0.335480272769928 0.351117044687271 0.377306759357452 0.369564175605774 0.346578896045685 0.342646658420563 0.297997444868088 0.24122266471386 0.220032706856728 0.219486072659492 0.22599022090435 0.232283160090446 0.232262030243874 0.22344434261322 0.212366372346878 0.209283903241158 0.217139974236488 0.202857345342636 0.223890006542206
0.21999303996563 0.222335502505302 0.218889117240906 0.203074276447296 0.190004795789719 0.184276416897774 0.186609297990799 0.181877866387367 0.183255136013031 0.20498825609684 0.217404723167419 0.22237853705883 0.224202156066895 0.241617575287819 0.259793639183044 0.277107715606689 0.289430648088455 0.305118888616562 0.339981257915497 0.367717862129211 0.343383073806763 0.303739845752716 0.325182229280472 0.336062490940094 0.327025204896927 0.325244456529617 0.320140838623047 0.343704789876938 0.365534573793411 0.355780631303787 0.339826822280884 0.344389587640762 0.315760314464569 0.25587585568428 0.224460288882256 0.222013235092163 0.230345129966736 0.248411357402802 0.242042273283005 0.235043883323669 0.214302703738213 0.203143209218979 0.227287650108337 0.235400393605232 0.238430008292198
0.204108655452728 0.211433693766594 0.205044955015182 0.198917791247368 0.186691612005234 0.177328690886497 0.18139885365963 0.187885984778404 0.194736674427986 0.215302884578705 0.233971565961838 0.244572192430496 0.252012073993683 0.272624492645264 0.314291000366211 0.316488325595856 0.322191119194031 0.332897573709488 0.347769230604172 0.356778204441071 0.343880504369736 0.308752000331879 0.325871765613556 0.333190679550171 0.303441226482391 0.311817407608032 0.286277502775192 0.274394452571869 0.297351658344269 0.312571883201599 0.340580016374588 0.348199129104614 0.321477264165878 0.2770094871521 0.226614132523537 0.206321105360985 0.209012612700462 0.223010078072548 0.219760403037071 0.236680880188942 0.242205664515495 0.207490280270576 0.216197818517685 0.230999886989594 0.214385509490967
