data/1_raw/trimmed_ndre/Aes_ndre.619.2015_no_clouds.asc
NCOLS 109 
NROWS 101 
XLLCORNER 466110 
YLLCORNER 5182005 
CELLSIZE 5 
NODATA_value -3.4e+38 
[rows 20 to 39 of 101, columns 45 to 89 of 109]
-3.4e+38 -3.4e+38 -3.4e+38 -3.4e+38 -3.4e+38 -3.4e+38 -3.4e+38 -3.4e+38 0.381153136491776 0.48048409819603 0.557657241821289 0.556036770343781 0.578258812427521 0.581635355949402 0.560631334781647 0.530614733695984 0.500993430614471 0.461279332637787 0.41951858997345 0.365160077810287 0.320432513952255 0.294258177280426 0.284749060869217 0.285889446735382 0.312813431024551 0.327466487884521 0.321110129356384 0.305814623832703 0.299956679344177 0.295543193817139 0.293607831001282 0.300173491239548 0.30648347735405 0.322689175605774 0.344444036483765 0.358935803174973 0.367989271879196 0.36031848192215 0.332733005285263 0.314033448696136 0.291008651256561 0.261078715324402 -3.4e+38 -3.4e+38 -3.4e+38
-3.4e+38 -3.4e+38 -3.4e+38 -3.4e+38 -3.4e+38 -3.4e+38 -3.4e+38 0.424701035022736 0.492748320102692 0.550497949123383 0.572903633117676 0.547563791275024 0.557465255260468 0.552366435527802 0.518635272979736 0.467298626899719 0.441751658916473 0.408291429281235 0.36333367228508 0.310103118419647 0.271986812353134 0.262689530849457 0.263721942901611 0.274272441864014 0.314851194620132 0.335597604513168 0.339282840490341 0.331526637077332 0.332436889410019 0.337673842906952 0.335141479969025 0.328174293041229 0.336528897285461 0.35189813375473 0.362319469451904 0.355145573616028 0.351931512355804 0.332002878189087 0.301705360412598 0.301617801189423 0.288514673709869 0.272258788347244 0.236743405461311 -3.4e+38 -3.4e+38
-3.4e+38 -3.4e+38 -3.4e+38 -3.4e+38 -3.4e+38 0.382176965475082 0.439512729644775 0.522987067699432 0.520015835762024 0.537237465381622 0.545207023620605 0.527518153190613 0.51023668050766 0.495677173137665 0.469508528709412 0.424691528081894 0.37634864449501 0.342365711927414 0.305191725492477 0.267888009548187 0.246526122093201 0.261150419712067 0.265244364738464 0.274952054023743 0.30571585893631 0.329023957252502 0.35699650645256 0.366377741098404 0.362919718027115 0.364241868257523 0.35752671957016 0.353110551834106 0.364100843667984 0.380570024251938 0.382275223731995 0.365031510591507 0.334483236074448 0.306290179491043 0.287540376186371 0.288198739290237 0.262389063835144 0.269618153572083 0.265334665775299 -3.4e+38 -3.4e+38
-3.4e+38 -3.4e+38 0.395843833684921 0.382768541574478 0.402014493942261 0.503342151641846 0.515970230102539 0.523394405841827 0.524125695228577 0.504023015499115 0.496026962995529 0.484685659408569 0.454567164182663 0.435205101966858 0.42017138004303 0.371496289968491 0.317471593618393 0.29347813129425 0.27678307890892 0.265181809663773 0.263094276189804 0.275813698768616 0.276316374540329 0.284879833459854 0.301531165838242 0.322945356369019 0.375983387231827 0.380916595458984 0.365722686052322 0.362683564424515 0.366299778223038 0.366186499595642 0.376390874385834 0.398678302764893 0.399374157190323 0.367847681045532 0.3222676217556 0.299711376428604 0.278229475021362 0.267160296440125 0.257041782140732 0.296074509620667 0.296444684267044 0.260083496570587 -3.4e+38
0.415359765291214 0.36507585644722 0.367126792669296 0.441684603691101 0.513173460960388 0.537199914455414 0.518479585647583 0.505865752696991 0.493011444807053 0.458070158958435 0.429377883672714 0.440224081277847 0.432726234197617 0.392807066440582 0.361772060394287 0.318005174398422 0.28585946559906 0.278933644294739 0.281174063682556 0.279222309589386 0.278673559427261 0.283977806568146 0.289939761161804 0.304118424654007 0.32171094417572 0.345061302185059 0.382273256778717 0.375681042671204 0.362293004989624 0.359025418758392 0.372557610273361 0.369084656238556 0.386351138353348 0.409878671169281 0.398007929325104 0.351109772920609 0.311229676008224 0.297361642122269 0.264948785305023 0.255962193012238 0.268113672733307 0.300121545791626 0.3052639067173 0.298922657966614 -3.4e+38
0.35547998547554 0.3803571164608 0.453618288040161 0.516062796115875 0.523946523666382 0.500273287296295 0.479406416416168 0.460450351238251 0.437032967805862 0.420419305562973 0.413365036249161 0.38480681180954 0.368234843015671 0.341290980577469 0.309815526008606 0.291159689426422 0.281153410673141 0.28121817111969 0.286249101161957 0.287728905677795 0.286676734685898 0.291602075099945 0.303596377372742 0.323013216257095 0.347358286380768 0.364388972520828 0.373722732067108 0.36386850476265 0.358983606100082 0.36649277806282 0.383235603570938 0.390578657388687 0.404939532279968 0.407763183116913 0.381166279315948 0.323928982019424 0.283498227596283 0.270059317350388 0.273990869522095 0.279192417860031 0.283214539289474 0.28836989402771 0.295755565166473 0.305103808641434 0.301975399255753
0.400772631168365 0.472906053066254 0.522122144699097 0.515440165996552 0.489087790250778 0.448075026273727 0.419214069843292 0.407668024301529 0.398228168487549 0.392820060253143 0.378082245588303 0.332960575819016 0.318177431821823 0.304355382919312 0.290384620428085 0.282271802425385 0.271533012390137 0.277709603309631 0.289217412471771 0.295867115259171 0.296256363391876 0.306878983974457 0.318271696567535 0.332581341266632 0.356802999973297 0.372578620910645 0.366624504327774 0.351158767938614 0.348228067159653 0.359174370765686 0.383890122175217 0.40549373626709 0.406119585037231 0.392667949199677 0.358588933944702 0.302281886339188 0.25843608379364 0.268183320760727 0.302190482616425 0.306256204843521 0.30298388004303 0.295316159725189 0.297707825899124 0.311419397592545 0.320977866649628
0.484135866165161 0.509337067604065 0.50473427772522 0.469954341650009 0.4525166451931 0.407357007265091 0.370569467544556 0.355460345745087 0.356885313987732 0.355488240718842 0.332304567098618 0.304425090551376 0.301491796970367 0.306017488241196 0.292675375938416 0.280613154172897 0.275497406721115 0.279625475406647 0.296253949403763 0.308653116226196 0.31100994348526 0.319119304418564 0.330220818519592 0.342036515474319 0.358495086431503 0.380412191152573 0.37258967757225 0.355057954788208 0.350324869155884 0.368267744779587 0.397584289312363 0.414474874734879 0.399340927600861 0.370053619146347 0.33329975605011 0.294484257698059 0.269595235586166 0.299318373203278 0.331126034259796 0.33209016919136 0.355963557958603 0.362964808940887 0.359180152416229 0.358250379562378 0.341700494289398
0.487980842590332 0.472354203462601 0.449248939752579 0.423522531986237 0.41401994228363 0.368932783603668 0.3292495906353 0.313251525163651 0.31841978430748 0.317901253700256 0.288467973470688 0.272949874401093 0.280968070030212 0.29754650592804 0.290507286787033 0.288078010082245 0.288970738649368 0.288630455732346 0.299283564090729 0.30623459815979 0.313465446233749 0.324675440788269 0.340088814496994 0.350857645273209 0.361251413822174 0.37577685713768 0.374941378831863 0.358805477619171 0.360763728618622 0.392633706331253 0.419873416423798 0.430159270763397 0.413013011217117 0.366561561822891 0.336884915828705 0.322116136550903 0.321367770433426 0.344614505767822 0.360799849033356 0.37688410282135 0.41544035077095 0.43277570605278 0.432608604431152 0.412412494421005 0.348279476165771
0.444232165813446 0.418855011463165 0.413889348506927 0.382730334997177 0.350936830043793 0.326845973730087 0.296805292367935 0.285618662834167 0.290652304887772 0.294041037559509 0.271820873022079 0.264957666397095 0.27619880437851 0.292460322380066 0.293749362230301 0.300302147865295 0.30316287279129 0.305302709341049 0.311644971370697 0.309204906225204 0.314669638872147 0.329522162675858 0.348359405994415 0.360543519258499 0.364201217889786 0.367536067962646 0.372898101806641 0.364308029413223 0.383802384138107 0.42223784327507 0.44701811671257 0.451559990644455 0.436586767435074 0.403479784727097 0.380712032318115 0.383564561605453 0.394575715065002 0.400194019079208 0.423625409603119 0.438976228237152 0.456112951040268 0.475816458463669 0.475860506296158 0.437170624732971 0.358265548944473
0.414394587278366 0.399897456169128 0.369200587272644 0.325953543186188 0.30885836482048 0.302405893802643 0.284154385328293 0.2729831635952 0.278489679098129 0.282779425382614 0.274228453636169 0.275083363056183 0.286041915416718 0.295996993780136 0.303438395261765 0.317839860916138 0.327692300081253 0.330902397632599 0.328143239021301 0.318531900644302 0.323147237300873 0.344305872917175 0.368844240903854 0.380297094583511 0.391637712717056 0.387161493301392 0.381106495857239 0.381949305534363 0.411282628774643 0.449690937995911 0.476193308830261 0.473554223775864 0.464667022228241 0.452521979808807 0.442204415798187 0.445668339729309 0.449610233306885 0.452405095100403 0.471975266933441 0.464250147342682 0.457768768072128 0.465382128953934 0.45833232998848 0.433816760778427 0.384228140115738
0.404455721378326 0.371061414480209 0.326658636331558 0.298804014921188 0.297082781791687 0.299197971820831 0.29078671336174 0.276631623506546 0.278290122747421 0.27866205573082 0.282478034496307 0.293746203184128 0.303308755159378 0.308467417955399 0.321430802345276 0.340905040502548 0.35184234380722 0.352292448282242 0.345589488744736 0.340417116880417 0.355762034654617 0.383755922317505 0.403135061264038 0.411118805408478 0.425242215394974 0.415626019239426 0.402927219867706 0.402957707643509 0.433267861604691 0.477286636829376 0.502203106880188 0.495962977409363 0.483770668506622 0.477238744497299 0.470727741718292 0.461084961891174 0.45588481426239 0.458090633153915 0.465112000703812 0.437734991312027 0.418035089969635 0.420415937900543 0.442497551441193 0.441303789615631 0.404124975204468
0.379607945680618 0.347782641649246 0.316656947135925 0.303327292203903 0.297772020101547 0.298679232597351 0.288021177053452 0.275688380002975 0.277571946382523 0.276661425828934 0.290572822093964 0.305608808994293 0.314620018005371 0.32879039645195 0.346622914075851 0.362301826477051 0.369727313518524 0.367956101894379 0.367447733879089 0.37973490357399 0.404839932918549 0.428033769130707 0.437934756278992 0.438804626464844 0.435428202152252 0.419498413801193 0.412374913692474 0.424333781003952 0.459091603755951 0.503933370113373 0.524890065193176 0.514970541000366 0.483096271753311 0.462897211313248 0.443729817867279 0.424334555864334 0.414686530828476 0.413393288850784 0.407469719648361 0.379124760627747 0.372475534677505 0.389453828334808 0.425344616174698 0.445580303668976 0.413139879703522
0.368653625249863 0.360914945602417 0.330983012914658 0.300417333841324 0.283047080039978 0.283069998025894 0.272696226835251 0.271722435951233 0.277165353298187 0.277885288000107 0.304770767688751 0.317250639200211 0.32858607172966 0.352258741855621 0.368910759687424 0.378680527210236 0.384156674146652 0.388461917638779 0.400707274675369 0.42402920126915 0.447290450334549 0.461282879114151 0.464491575956345 0.456457376480103 0.448699325323105 0.450719475746155 0.458307176828384 0.475326836109161 0.50020045042038 0.528200387954712 0.544360518455505 0.524875998497009 0.478497117757797 0.447342604398727 0.406240940093994 0.370948970317841 0.353290736675262 0.35485851764679 0.350519359111786 0.3342005610466 0.333124160766602 0.358164131641388 0.402927935123444 0.443164139986038 0.418606668710709
0.390228092670441 0.385216057300568 0.336385190486908 0.286198377609253 0.265470713376999 0.270698755979538 0.265998065471649 0.274252831935883 0.282528638839722 0.294742166996002 0.328315883874893 0.33221024274826 0.34641033411026 0.370984137058258 0.386066675186157 0.393399596214294 0.406581103801727 0.422583758831024 0.442175835371017 0.462833374738693 0.475853860378265 0.482345879077911 0.486361980438232 0.497299641370773 0.501220941543579 0.506705105304718 0.521280348300934 0.540641903877258 0.552300035953522 0.55451375246048 0.555249035358429 0.525999069213867 0.482266843318939 0.444249272346497 0.384638965129852 0.339152127504349 0.31669819355011 0.323723286390305 0.322475373744965 0.311593443155289 0.303666710853577 0.323531717061996 0.381024271249771 0.438733786344528 0.436092287302017
0.388539642095566 0.355640113353729 0.308167159557343 0.27335512638092 0.264761626720428 0.275721579790115 0.286090135574341 0.292868882417679 0.288453638553619 0.301498115062714 0.33136659860611 0.341796725988388 0.363640278577805 0.384527713060379 0.402145057916641 0.409898370504379 0.434017896652222 0.459419518709183 0.480586022138596 0.492104232311249 0.497575044631958 0.508884072303772 0.523959994316101 0.539289653301239 0.544089555740356 0.552410066127777 0.565562546253204 0.575604200363159 0.57760101556778 0.573173105716705 0.563484966754913 0.532022953033447 0.494139671325684 0.450912654399872 0.383735686540604 0.333672016859055 0.307680308818817 0.309926807880402 0.314744800329208 0.303374409675598 0.287565380334854 0.294254064559937 0.351952880620956 0.409592539072037 0.430506706237793
0.351377218961716 0.312001347541809 0.285929173231125 0.279865831136703 0.277354687452316 0.288333594799042 0.299711674451828 0.302496433258057 0.295058727264404 0.303515642881393 0.323349267244339 0.348027288913727 0.39834463596344 0.41044744849205 0.424662411212921 0.445045322179794 0.470870077610016 0.493282824754715 0.510321795940399 0.518206894397736 0.524440944194794 0.544352650642395 0.559765517711639 0.563042879104614 0.556993842124939 0.562244594097137 0.572954595088959 0.580556988716125 0.582209885120392 0.584905207157135 0.57561594247818 0.544222772121429 0.493862748146057 0.438608884811401 0.381380915641785 0.332823097705841 0.307805567979813 0.304756492376328 0.313590615987778 0.303519278764725 0.293704599142075 0.299285411834717 0.338788330554962 0.376578062772751 0.399442970752716
0.303468465805054 0.286785036325455 0.284463316202164 0.28603407740593 0.282765537500381 0.298847317695618 0.302136778831482 0.301061689853668 0.303146243095398 0.314085692167282 0.346484631299973 0.374639242887497 0.403040558099747 0.433649092912674 0.458061069250107 0.485256373882294 0.510765075683594 0.523463308811188 0.539680659770966 0.554658353328705 0.56320983171463 0.567915916442871 0.573767006397247 0.570684015750885 0.569649279117584 0.583479881286621 0.590552687644958 0.58646285533905 0.576614439487457 0.592352449893951 0.594386756420135 0.565558016300201 0.505620121955872 0.450146198272705 0.393807768821716 0.338839381933212 0.310878306627274 0.301533460617065 0.306261539459229 0.305787563323975 0.308660238981247 0.316270470619202 0.333501994609833 0.351127684116364 0.365478962659836
0.275105148553848 0.282148808240891 0.288896411657333 0.291805565357208 0.293485015630722 0.306001663208008 0.296050876379013 0.293789505958557 0.302489548921585 0.321466594934464 0.374902933835983 0.398772835731506 0.423671394586563 0.472076028585434 0.487493842840195 0.495871365070343 0.514338672161102 0.543415725231171 0.561836361885071 0.574071824550629 0.579159736633301 0.557530760765076 0.56090384721756 0.565683364868164 0.564814865589142 0.573229432106018 0.579404294490814 0.577338814735413 0.563964307308197 0.58293229341507 0.588039040565491 0.569804131984711 0.522491097450256 0.471306085586548 0.413432717323303 0.356183797121048 0.326324194669724 0.302752166986465 0.294934958219528 0.301649421453476 0.316132336854935 0.325846672058105 0.330709278583527 0.337086409330368 0.345282584428787
0.266237169504166 0.276943862438202 0.292226940393448 0.296851396560669 0.302282691001892 0.307288229465485 0.296257078647614 0.29342332482338 0.310161769390106 0.343303561210632 0.395620495080948 0.424549609422684 0.465570151805878 0.509587943553925 0.524856150150299 0.526002049446106 0.537815153598785 0.558749437332153 0.564494609832764 0.552319824695587 0.544924914836884 0.544000446796417 0.535709917545319 0.536165714263916 0.53596442937851 0.530468702316284 0.522205293178558 0.532255589962006 0.554171442985535 0.581052660942078 0.574259996414185 0.560312390327454 0.532026171684265 0.479412436485291 0.423691898584366 0.37429091334343 0.34017750620842 0.298263341188431 0.282778114080429 0.28913414478302 0.305106461048126 0.317876756191254 0.324161887168884 0.327541381120682 0.339295089244843
