data/1_raw/trimmed_ndre/Aes_ndre.64.2014_no_clouds.asc
NCOLS 109 
NROWS 101 
XLLCORNER 466110 
YLLCORNER 5182005 
CELLSIZE 5 
NODATA_value -3.4e+38 
[rows 80 to 99 of 101, columns 45 to 89 of 109]
0.255240797996521 0.25857025384903 0.27963063120842 0.313375622034073 0.356620222330093 0.404058665037155 0.447270542383194 0.476769119501114 0.492601275444031 0.496617525815964 0.503780782222748 0.514066517353058 0.523735523223877 0.514622271060944 0.510235488414764 0.505684435367584 0.499716728925705 0.501743853092194 0.492692410945892 0.468803822994232 0.423142820596695 0.344650745391846 0.313279151916504 0.288742035627365 0.266953259706497 0.255607515573502 0.233877062797546 0.228312015533447 0.241263434290886 0.264218837022781 0.297715902328491 0.330774307250977 0.360819697380066 0.384545296430588 0.396569699048996 0.39578440785408 0.387789934873581 0.384815812110901 0.393974989652634 -3.4e+38 -3.4e+38 -3.4e+38 -3.4e+38 -3.4e+38 -3.4e+38
0.253159463405609 0.255153506994247 0.275320798158646 0.31191474199295 0.354174315929413 0.391901314258575 0.423718959093094 0.448440462350845 0.461873054504395 0.475877165794373 0.497526884078979 0.510057866573334 0.509430348873138 0.497457444667816 0.489077806472778 0.483169138431549 0.477047830820084 0.467734813690186 0.440939575433731 0.415597885847092 0.375238567590714 0.312579244375229 0.300458788871765 0.277411729097366 0.258128255605698 0.253204673528671 0.239569216966629 0.240950092673302 0.254552721977234 0.280525475740433 0.316935777664185 0.348557949066162 0.373689711093903 0.387946933507919 0.394446521997452 0.392292857170105 0.386538714170456 0.381837695837021 -3.4e+38 -3.4e+38 -3.4e+38 -3.4e+38 -3.4e+38 -3.4e+38 -3.4e+38
0.249958604574203 0.255813926458359 0.27613753080368 0.311308771371841 0.353935956954956 0.387520790100098 0.4107466340065 0.426763623952866 0.436504304409027 0.449141055345535 0.469305962324142 0.483461529016495 0.489982813596725 0.484155625104904 0.471114456653595 0.460328042507172 0.456658571958542 0.444855988025665 0.412611454725266 0.376579284667969 0.342076927423477 0.313720971345901 0.307965368032455 0.2919582426548 0.269803792238235 0.256304442882538 0.252454996109009 0.259963601827621 0.268998205661774 0.28686735033989 0.319720596075058 0.354559898376465 0.38361394405365 0.398584097623825 0.399580895900726 0.38030132651329 0.368145406246185 -3.4e+38 -3.4e+38 -3.4e+38 -3.4e+38 -3.4e+38 -3.4e+38 -3.4e+38 -3.4e+38
0.254473119974136 0.266401678323746 0.283131182193756 0.310245156288147 0.345312386751175 0.377320736646652 0.400562793016434 0.415017694234848 0.424408972263336 0.425159364938736 0.427004665136337 0.436511635780334 0.455743610858917 0.463179647922516 0.460945636034012 0.453567206859589 0.447571843862534 0.426096349954605 0.392101645469666 0.353106945753098 0.332304775714874 0.321889698505402 0.31633734703064 0.305607527494431 0.27753534913063 0.257377833127975 0.253370076417923 0.265170335769653 0.294769167900085 0.311855167150497 0.330576837062836 0.357010692358017 0.386394053697586 0.399650275707245 0.392432808876038 -3.4e+38 -3.4e+38 -3.4e+38 -3.4e+38 -3.4e+38 -3.4e+38 -3.4e+38 -3.4e+38 -3.4e+38 -3.4e+38
0.26077464222908 0.276365846395493 0.295002967119217 0.311103463172913 0.337292701005936 0.367621332406998 0.39399591088295 0.406825870275497 0.407795906066895 0.396729022264481 0.385554909706116 0.392520576715469 0.4147889316082 0.428674191236496 0.43442165851593 0.433461546897888 0.425318986177444 0.398485332727432 0.370101243257523 0.344484329223633 0.328573971986771 0.323115408420563 0.313510239124298 0.301929891109467 0.279812514781952 0.255438178777695 0.252925246953964 0.280229151248932 0.327761590480804 0.343129545450211 0.350758820772171 0.362192958593369 0.38057354092598 0.3845454454422 -3.4e+38 -3.4e+38 -3.4e+38 -3.4e+38 -3.4e+38 -3.4e+38 -3.4e+38 -3.4e+38 -3.4e+38 -3.4e+38 -3.4e+38
0.259475082159042 0.26852947473526 0.292296677827835 0.315256744623184 0.332507073879242 0.354188323020935 0.37884059548378 0.388370633125305 0.390309631824493 0.38095611333847 0.362243145704269 0.366236448287964 0.382323622703552 0.398755311965942 0.406207203865051 0.41054779291153 0.399805307388306 0.369515836238861 0.345007836818695 0.33450186252594 0.328902512788773 0.32069519162178 0.295617818832397 0.285740792751312 0.277640461921692 0.260212063789368 0.27044478058815 0.306125491857529 0.349667280912399 0.36726313829422 0.36806508898735 0.365800589323044 0.36756032705307 -3.4e+38 -3.4e+38 -3.4e+38 -3.4e+38 -3.4e+38 -3.4e+38 -3.4e+38 -3.4e+38 -3.4e+38 -3.4e+38 -3.4e+38 -3.4e+38
0.287999778985977 0.287581384181976 0.28987991809845 0.303212493658066 0.315542846918106 0.320728868246078 0.338477730751038 0.36753898859024 0.38548356294632 0.383124887943268 0.368072688579559 0.365024149417877 0.370375156402588 0.380346417427063 0.389295428991318 0.402225762605667 0.392081260681152 0.370326608419418 0.351956695318222 0.344984889030457 0.336458921432495 0.315357506275177 0.277026355266571 0.26454883813858 0.262306302785873 0.268963605165482 0.295419126749039 0.322273790836334 0.34645688533783 0.36143571138382 0.365750283002853 0.360465705394745 -3.4e+38 -3.4e+38 -3.4e+38 -3.4e+38 -3.4e+38 -3.4e+38 -3.4e+38 -3.4e+38 -3.4e+38 -3.4e+38 -3.4e+38 -3.4e+38 -3.4e+38
0.279516667127609 0.288475304841995 0.275189489126205 0.270307689905167 0.282917201519012 0.304974436759949 0.333257645368576 0.362171471118927 0.385498076677322 0.403036147356033 0.396026402711868 0.378611207008362 0.371249288320541 0.373262912034988 0.391470611095428 0.419193625450134 0.420381814241409 0.398462921380997 0.372914344072342 0.357025802135468 0.344202011823654 0.314733892679214 0.274413049221039 0.249459624290466 0.259548753499985 0.284732639789581 0.313122242689133 0.324465185403824 0.334053635597229 0.34698286652565 0.357863813638687 -3.4e+38 -3.4e+38 -3.4e+38 -3.4e+38 -3.4e+38 -3.4e+38 -3.4e+38 -3.4e+38 -3.4e+38 -3.4e+38 -3.4e+38 -3.4e+38 -3.4e+38 -3.4e+38
0.263909548521042 0.280478477478027 0.2784304022789 0.27569192647934 0.284263491630554 0.307232588529587 0.338533729314804 0.350255936384201 0.364543199539185 0.396053910255432 0.394726693630219 0.378232836723328 0.36675226688385 0.370836079120636 0.395462393760681 0.418208479881287 0.424445509910583 0.414555341005325 0.387645244598389 0.359629899263382 0.339039742946625 0.314162254333496 0.279939025640488 0.257735401391983 0.275882422924042 0.298971503973007 0.31920713186264 0.330809086561203 0.335949957370758 0.343268662691116 -3.4e+38 -3.4e+38 -3.4e+38 -3.4e+38 -3.4e+38 -3.4e+38 -3.4e+38 -3.4e+38 -3.4e+38 -3.4e+38 -3.4e+38 -3.4e+38 -3.4e+38 -3.4e+38 -3.4e+38
0.263556122779846 0.287378013134003 0.297971695661545 0.293758422136307 0.296711802482605 0.315259546041489 0.336408019065857 0.325836598873138 0.332076847553253 0.352822482585907 0.357858568429947 0.3466637134552 0.345815718173981 0.368073970079422 0.398527026176453 0.406955689191818 0.411684274673462 0.41463628411293 0.389334440231323 0.348855048418045 0.317014157772064 0.30833226442337 0.297953069210052 0.290521144866943 0.300085961818695 0.317818284034729 0.334984749555588 0.345387428998947 0.349213182926178 -3.4e+38 -3.4e+38 -3.4e+38 -3.4e+38 -3.4e+38 -3.4e+38 -3.4e+38 -3.4e+38 -3.4e+38 -3.4e+38 -3.4e+38 -3.4e+38 -3.4e+38 -3.4e+38 -3.4e+38 -3.4e+38
0.279771387577057 0.293387353420258 0.303658992052078 0.306873351335526 0.310052096843719 0.335707426071167 0.352260380983353 0.33616042137146 0.317987143993378 0.307335048913956 0.300198465585709 0.29351481795311 0.305306524038315 0.337783753871918 0.374228954315186 0.377923190593719 0.383132100105286 0.378497093915939 0.348205357789993 0.317136943340302 0.302853941917419 0.309339284896851 0.326352834701538 0.323224902153015 0.329320877790451 0.344026654958725 0.353616923093796 0.356938779354095 -3.4e+38 -3.4e+38 -3.4e+38 -3.4e+38 -3.4e+38 -3.4e+38 -3.4e+38 -3.4e+38 -3.4e+38 -3.4e+38 -3.4e+38 -3.4e+38 -3.4e+38 -3.4e+38 -3.4e+38 -3.4e+38 -3.4e+38
0.285950750112534 0.291034996509552 0.30046010017395 0.311997562646866 0.32712909579277 0.35125458240509 0.359413534402847 0.349727749824524 0.326051145792007 0.303423225879669 0.288719475269318 0.281170159578323 0.28292316198349 0.310067296028137 0.336420297622681 0.34141543507576 0.333353608846664 0.335503041744232 0.324898928403854 0.307384729385376 0.313119739294052 0.330051332712173 0.348033517599106 0.347517341375351 0.355028122663498 0.362025648355484 -3.4e+38 -3.4e+38 -3.4e+38 -3.4e+38 -3.4e+38 -3.4e+38 -3.4e+38 -3.4e+38 -3.4e+38 -3.4e+38 -3.4e+38 -3.4e+38 -3.4e+38 -3.4e+38 -3.4e+38 -3.4e+38 -3.4e+38 -3.4e+38 -3.4e+38
0.292018979787827 0.289418309926987 0.303144872188568 0.321267038583755 0.335182577371597 0.346664577722549 0.357062339782715 0.360476166009903 0.351302146911621 0.323969006538391 0.296981990337372 0.284181326627731 0.285035490989685 0.306694358587265 0.323924958705902 0.327003389596939 0.314593315124512 0.328212350606918 0.331578969955444 0.326073616743088 0.335057586431503 0.346707075834274 0.36015722155571 0.365125328302383 0.362498044967651 -3.4e+38 -3.4e+38 -3.4e+38 -3.4e+38 -3.4e+38 -3.4e+38 -3.4e+38 -3.4e+38 -3.4e+38 -3.4e+38 -3.4e+38 -3.4e+38 -3.4e+38 -3.4e+38 -3.4e+38 -3.4e+38 -3.4e+38 -3.4e+38 -3.4e+38 -3.4e+38
0.30154675245285 0.299236953258514 0.316991835832596 0.334422379732132 0.336159855127335 0.3359594643116 0.351933985948563 0.369133591651917 0.368036955595016 0.346711218357086 0.316025823354721 0.304981708526611 0.31162816286087 0.327798366546631 0.328923374414444 0.32929989695549 0.329471260309219 0.34338116645813 0.352015733718872 0.348881334066391 0.346110552549362 0.359717100858688 0.368493944406509 -3.4e+38 -3.4e+38 -3.4e+38 -3.4e+38 -3.4e+38 -3.4e+38 -3.4e+38 -3.4e+38 -3.4e+38 -3.4e+38 -3.4e+38 -3.4e+38 -3.4e+38 -3.4e+38 -3.4e+38 -3.4e+38 -3.4e+38 -3.4e+38 -3.4e+38 -3.4e+38 -3.4e+38 -3.4e+38
0.305481791496277 0.309419363737106 0.33191254734993 0.347708106040955 0.340959072113037 0.332176625728607 0.334234535694122 0.351250827312469 0.361839324235916 0.358934342861176 0.344842046499252 0.342735707759857 0.353334784507751 0.361219435930252 0.353747308254242 0.351833939552307 0.356938779354095 0.368138074874878 0.373248875141144 0.374717950820923 0.368877083063126 -3.4e+38 -3.4e+38 -3.4e+38 -3.4e+38 -3.4e+38 -3.4e+38 -3.4e+38 -3.4e+38 -3.4e+38 -3.4e+38 -3.4e+38 -3.4e+38 -3.4e+38 -3.4e+38 -3.4e+38 -3.4e+38 -3.4e+38 -3.4e+38 -3.4e+38 -3.4e+38 -3.4e+38 -3.4e+38 -3.4e+38 -3.4e+38
0.307142734527588 0.323816746473312 0.344296455383301 0.359027832746506 0.35790753364563 0.34864941239357 0.342919945716858 0.346805840730667 0.354181855916977 0.357749819755554 0.351634830236435 0.341733187437057 0.356299161911011 0.374556630849838 0.382226943969727 0.381095916032791 0.37025973200798 0.374228984117508 -3.4e+38 -3.4e+38 -3.4e+38 -3.4e+38 -3.4e+38 -3.4e+38 -3.4e+38 -3.4e+38 -3.4e+38 -3.4e+38 -3.4e+38 -3.4e+38 -3.4e+38 -3.4e+38 -3.4e+38 -3.4e+38 -3.4e+38 -3.4e+38 -3.4e+38 -3.4e+38 -3.4e+38 -3.4e+38 -3.4e+38 -3.4e+38 -3.4e+38 -3.4e+38 -3.4e+38
0.319067418575287 0.339122772216797 0.345951080322266 0.351638585329056 0.357417374849319 0.358444184064865 0.362336248159409 0.366769731044769 0.371505886316299 0.369849413633347 0.352333277463913 0.335361242294312 0.344074636697769 0.367355465888977 0.382665812969208 -3.4e+38 -3.4e+38 -3.4e+38 -3.4e+38 -3.4e+38 -3.4e+38 -3.4e+38 -3.4e+38 -3.4e+38 -3.4e+38 -3.4e+38 -3.4e+38 -3.4e+38 -3.4e+38 -3.4e+38 -3.4e+38 -3.4e+38 -3.4e+38 -3.4e+38 -3.4e+38 -3.4e+38 -3.4e+38 -3.4e+38 -3.4e+38 -3.4e+38 -3.4e+38 -3.4e+38 -3.4e+38 -3.4e+38 -3.4e+38
0.337158173322678 0.355140626430511 0.364146560430527 0.37074676156044 0.369365572929382 0.367080599069595 0.379901647567749 0.385110884904861 0.377632260322571 0.357501924037933 0.344450712203979 0.341467440128326 -3.4e+38 -3.4e+38 -3.4e+38 -3.4e+38 -3.4e+38 -3.4e+38 -3.4e+38 -3.4e+38 -3.4e+38 -3.4e+38 -3.4e+38 -3.4e+38 -3.4e+38 -3.4e+38 -3.4e+38 -3.4e+38 -3.4e+38 -3.4e+38 -3.4e+38 -3.4e+38 -3.4e+38 -3.4e+38 -3.4e+38 -3.4e+38 -3.4e+38 -3.4e+38 -3.4e+38 -3.4e+38 -3.4e+38 -3.4e+38 -3.4e+38 -3.4e+38 -3.4e+38
0.348080426454544 0.360647052526474 0.369103848934174 0.381063044071198 0.383328050374985 0.380001276731491 0.391674339771271 0.387119174003601 0.369978457689285 0.34431517124176 -3.4e+38 -3.4e+38 -3.4e+38 -3.4e+38 -3.4e+38 -3.4e+38 -3.4e+38 -3.4e+38 -3.4e+38 -3.4e+38 -3.4e+38 -3.4e+38 -3.4e+38 -3.4e+38 -3.4e+38 -3.4e+38 -3.4e+38 -3.4e+38 -3.4e+38 -3.4e+38 -3.4e+38 -3.4e+38 -3.4e+38 -3.4e+38 -3.4e+38 -3.4e+38 -3.4e+38 -3.4e+38 -3.4e+38 -3.4e+38 -3.4e+38 -3.4e+38 -3.4e+38 -3.4e+38 -3.4e+38
0.35700848698616 0.362298637628555 0.361544042825699 0.364247709512711 0.391198247671127 0.406747847795486 0.40392741560936 0.377246141433716 -3.4e+38 -3.4e+38 -3.4e+38 -3.4e+38 -3.4e+38 -3.4e+38 -3.4e+38 -3.4e+38 -3.4e+38 -3.4e+38 -3.4e+38 -3.4e+38 -3.4e+38 -3.4e+38 -3.4e+38 -3.4e+38 -3.4e+38 -3.4e+38 -3.4e+38 -3.4e+38 -3.4e+38 -3.4e+38 -3.4e+38 -3.4e+38 -3.4e+38 -3.4e+38 -3.4e+38 -3.4e+38 -3.4e+38 -3.4e+38 -3.4e+38 -3.4e+38 -3.4e+38 -3.4e+38 -3.4e+38 -3.4e+38 -3.4e+38
