data/1_raw/trimmed_ndre/Aes_ndre.78.2013_no_clouds.asc
NCOLS 109 
NROWS 101 
XLLCORNER 466110 
YLLCORNER 5182005 
CELLSIZE 5 
NODATA_value -3.4e+38 
[rows 80 to 99 of 101, columns 45 to 89 of 109]
0.31940421462059 0.327402114868164 0.347164362668991 0.362857401371002 0.419510364532471 0.48387947678566 0.528489053249359 0.543654501438141 0.540275692939758 0.550719082355499 0.566432893276215 0.572937428951263 0.582032442092896 0.593754947185516 0.592422723770142 0.597615838050842 0.60236930847168 0.60073858499527 0.59829193353653 0.581170260906219 0.567542731761932 0.531254231929779 0.496074944734573 0.486061632633209 0.477011263370514 0.460095256567001 0.426491141319275 0.38052099943161 0.368333876132965 0.369878321886063 0.366306960582733 0.370166420936584 0.391264230012894 0.424398183822632 0.445265620946884 0.493156939744949 0.531410694122314 0.537521600723267 0.548087179660797 -3.4e+38 -3.4e+38 -3.4e+38 -3.4e+38 -3.4e+38 -3.4e+38
0.310113400220871 0.31372794508934 0.320267975330353 0.333647698163986 0.387842386960983 0.473401963710785 0.511250495910645 0.525352954864502 0.521428406238556 0.531664550304413 0.544022500514984 0.565966069698334 0.585397243499756 0.60478550195694 0.612455606460571 0.615154087543488 0.615637719631195 0.607605576515198 0.598434507846832 0.577867984771729 0.555150270462036 0.506060540676117 0.46026998758316 0.457035899162292 0.452746212482452 0.424533516168594 0.385447919368744 0.351761251688004 0.336567163467407 0.346641182899475 0.355161845684052 0.379808515310287 0.402140945196152 0.414346516132355 0.446559935808182 0.506040096282959 0.541007459163666 0.531350195407867 -3.4e+38 -3.4e+38 -3.4e+38 -3.4e+38 -3.4e+38 -3.4e+38 -3.4e+38
0.295470982789993 0.298684239387512 0.303354620933533 0.331382095813751 0.373322159051895 0.459276407957077 0.515377163887024 0.526198029518127 0.526686489582062 0.521728694438934 0.517279088497162 0.528642058372498 0.554253935813904 0.583982288837433 0.603020668029785 0.608451247215271 0.605020642280579 0.591150939464569 0.57808244228363 0.551956057548523 0.51684159040451 0.492226243019104 0.467471778392792 0.462625950574875 0.450118780136108 0.414602667093277 0.365779399871826 0.338613539934158 0.32418155670166 0.336738377809525 0.352120459079742 0.386816740036011 0.415868550539017 0.41469818353653 0.446385890245438 0.496052503585815 0.526704668998718 -3.4e+38 -3.4e+38 -3.4e+38 -3.4e+38 -3.4e+38 -3.4e+38 -3.4e+38 -3.4e+38
0.288685977458954 0.28968870639801 0.304439067840576 0.337426096200943 0.379885673522949 0.452657073736191 0.524505376815796 0.538196802139282 0.544517934322357 0.528477191925049 0.513980269432068 0.513175368309021 0.532479584217072 0.549655258655548 0.569078028202057 0.576537728309631 0.574967622756958 0.567652463912964 0.546338140964508 0.524973630905151 0.504455924034119 0.502401351928711 0.496937960386276 0.472594410181046 0.444598436355591 0.421034008264542 0.371825993061066 0.338619083166122 0.325699418783188 0.336521983146667 0.358150988817215 0.391015112400055 0.429675698280334 0.436961740255356 0.474221765995026 -3.4e+38 -3.4e+38 -3.4e+38 -3.4e+38 -3.4e+38 -3.4e+38 -3.4e+38 -3.4e+38 -3.4e+38 -3.4e+38
0.301275491714478 0.288893491029739 0.296473503112793 0.318714797496796 0.371788442134857 0.435221791267395 0.501234650611877 0.529176592826843 0.5313481092453 0.53005713224411 0.523255228996277 0.520569562911987 0.529426097869873 0.540074229240417 0.546635806560516 0.552077770233154 0.550970852375031 0.54267293214798 0.527778267860413 0.516364514827728 0.505078077316284 0.50015789270401 0.496474117040634 0.476532727479935 0.443862825632095 0.422502607107162 0.385150730609894 0.350986152887344 0.342846274375916 0.350553274154663 0.375084728002548 0.39489409327507 0.434669375419617 0.458983421325684 -3.4e+38 -3.4e+38 -3.4e+38 -3.4e+38 -3.4e+38 -3.4e+38 -3.4e+38 -3.4e+38 -3.4e+38 -3.4e+38 -3.4e+38
0.313692808151245 0.289664298295975 0.287543088197708 0.307299584150314 0.350396782159805 0.407075852155685 0.450088828802109 0.482586711645126 0.495379418134689 0.516088664531708 0.525058627128601 0.525839149951935 0.539450347423553 0.549554705619812 0.551511704921722 0.542998671531677 0.530259191989899 0.527219176292419 0.522621631622314 0.51373302936554 0.49991711974144 0.490973591804504 0.480301231145859 0.463432669639587 0.43446746468544 0.416169136762619 0.391203731298447 0.36070242524147 0.358872532844543 0.37451171875 0.393911331892014 0.402832418680191 0.426076233386993 -3.4e+38 -3.4e+38 -3.4e+38 -3.4e+38 -3.4e+38 -3.4e+38 -3.4e+38 -3.4e+38 -3.4e+38 -3.4e+38 -3.4e+38 -3.4e+38
0.328036248683929 0.306998699903488 0.295438081026077 0.30163910984993 0.311642915010452 0.358150571584702 0.405570894479752 0.443313926458359 0.482209146022797 0.502217531204224 0.517342686653137 0.531435251235962 0.544694602489471 0.542336940765381 0.534556925296783 0.531683027744293 0.52080249786377 0.521214365959167 0.522494256496429 0.516254603862762 0.507209300994873 0.50846928358078 0.471563071012497 0.43424466252327 0.408625692129135 0.392927408218384 0.386803448200226 0.367147237062454 0.369791150093079 0.390906482934952 0.405428916215897 0.414397567510605 -3.4e+38 -3.4e+38 -3.4e+38 -3.4e+38 -3.4e+38 -3.4e+38 -3.4e+38 -3.4e+38 -3.4e+38 -3.4e+38 -3.4e+38 -3.4e+38 -3.4e+38
0.343593299388885 0.329177856445312 0.323233634233475 0.308318495750427 0.292674988508224 0.324439078569412 0.377141386270523 0.413124322891235 0.459852665662766 0.497265100479126 0.516729235649109 0.544861137866974 0.558330774307251 0.550285935401917 0.547203004360199 0.546750664710999 0.528472483158112 0.527372181415558 0.538508594036102 0.539215385913849 0.526822030544281 0.5128213763237 0.464223146438599 0.409628838300705 0.391750663518906 0.37930616736412 0.379100620746613 0.373449683189392 0.393802762031555 0.420915961265564 0.425345152616501 -3.4e+38 -3.4e+38 -3.4e+38 -3.4e+38 -3.4e+38 -3.4e+38 -3.4e+38 -3.4e+38 -3.4e+38 -3.4e+38 -3.4e+38 -3.4e+38 -3.4e+38 -3.4e+38
0.345431625843048 0.324062645435333 0.330629229545593 0.308652997016907 0.302105814218521 0.333127588033676 0.376029193401337 0.405983179807663 0.435487121343613 0.479338079690933 0.509962677955627 0.548347890377045 0.566930413246155 0.559601187705994 0.56484055519104 0.561063170433044 0.547757506370544 0.554834187030792 0.564780831336975 0.562541544437408 0.538858592510223 0.495731294155121 0.456884056329727 0.388508290052414 0.361815482378006 0.355332732200623 0.360727459192276 0.365252315998077 0.404244393110275 0.440402656793594 -3.4e+38 -3.4e+38 -3.4e+38 -3.4e+38 -3.4e+38 -3.4e+38 -3.4e+38 -3.4e+38 -3.4e+38 -3.4e+38 -3.4e+38 -3.4e+38 -3.4e+38 -3.4e+38 -3.4e+38
0.346262812614441 0.328053861856461 0.321201890707016 0.301400393247604 0.300351917743683 0.330294072628021 0.361514061689377 0.395918875932693 0.424677163362503 0.456334948539734 0.499306887388229 0.530311584472656 0.550148785114288 0.550550282001495 0.557505905628204 0.552036225795746 0.548464179039001 0.564148426055908 0.565469801425934 0.551747560501099 0.531255066394806 0.4808629155159 0.441533327102661 0.378080815076828 0.342378169298172 0.336240142583847 0.351062655448914 0.379387497901917 0.410388171672821 -3.4e+38 -3.4e+38 -3.4e+38 -3.4e+38 -3.4e+38 -3.4e+38 -3.4e+38 -3.4e+38 -3.4e+38 -3.4e+38 -3.4e+38 -3.4e+38 -3.4e+38 -3.4e+38 -3.4e+38 -3.4e+38
0.353480368852615 0.342910587787628 0.325256884098053 0.307537317276001 0.310177624225616 0.335351914167404 0.352823704481125 0.386373072862625 0.414503812789917 0.441548734903336 0.472463130950928 0.492217242717743 0.504388272762299 0.517877519130707 0.527410745620728 0.512598633766174 0.510521292686462 0.530483722686768 0.534581542015076 0.506721913814545 0.487511336803436 0.438160955905914 0.395257353782654 0.37281209230423 0.355786979198456 0.360989302396774 0.37420317530632 0.403687834739685 -3.4e+38 -3.4e+38 -3.4e+38 -3.4e+38 -3.4e+38 -3.4e+38 -3.4e+38 -3.4e+38 -3.4e+38 -3.4e+38 -3.4e+38 -3.4e+38 -3.4e+38 -3.4e+38 -3.4e+38 -3.4e+38 -3.4e+38
0.356790274381638 0.35660856962204 0.353106647729874 0.343331724405289 0.342178195714951 0.360085099935532 0.38865864276886 0.420485287904739 0.447466760873795 0.447840094566345 0.452590346336365 0.447410464286804 0.450356900691986 0.466229140758514 0.463972091674805 0.450391113758087 0.45314559340477 0.479161769151688 0.498516917228699 0.487741351127625 0.454819351434708 0.417078763246536 0.384355276823044 0.383866965770721 0.394974201917648 0.417148143053055 -3.4e+38 -3.4e+38 -3.4e+38 -3.4e+38 -3.4e+38 -3.4e+38 -3.4e+38 -3.4e+38 -3.4e+38 -3.4e+38 -3.4e+38 -3.4e+38 -3.4e+38 -3.4e+38 -3.4e+38 -3.4e+38 -3.4e+38 -3.4e+38 -3.4e+38
0.370544195175171 0.373217195272446 0.383002102375031 0.37821638584137 0.372349828481674 0.390949994325638 0.430742889642715 0.456244319677353 0.471141487360001 0.466462552547455 0.459891468286514 0.44066333770752 0.424704760313034 0.425452262163162 0.419479697942734 0.415363073348999 0.423632860183716 0.437599062919617 0.447757512331009 0.453520089387894 0.438541322946548 0.418921172618866 0.403965890407562 0.418242663145065 0.436701565980911 -3.4e+38 -3.4e+38 -3.4e+38 -3.4e+38 -3.4e+38 -3.4e+38 -3.4e+38 -3.4e+38 -3.4e+38 -3.4e+38 -3.4e+38 -3.4e+38 -3.4e+38 -3.4e+38 -3.4e+38 -3.4e+38 -3.4e+38 -3.4e+38 -3.4e+38 -3.4e+38
0.399303555488586 0.400443643331528 0.402028441429138 0.401046484708786 0.399847000837326 0.411111295223236 0.443175941705704 0.473466426134109 0.479877501726151 0.477959185838699 0.461371600627899 0.440664619207382 0.430121660232544 0.429367780685425 0.412588238716125 0.407865256071091 0.415865361690521 0.415934771299362 0.416627019643784 0.419193089008331 0.427319794893265 0.435625672340393 0.436823755502701 -3.4e+38 -3.4e+38 -3.4e+38 -3.4e+38 -3.4e+38 -3.4e+38 -3.4e+38 -3.4e+38 -3.4e+38 -3.4e+38 -3.4e+38 -3.4e+38 -3.4e+38 -3.4e+38 -3.4e+38 -3.4e+38 -3.4e+38 -3.4e+38 -3.4e+38 -3.4e+38 -3.4e+38 -3.4e+38
0.433901757001877 0.424099296331406 0.417754739522934 0.421404600143433 0.439388632774353 0.450811326503754 0.461908042430878 0.472414016723633 0.476267486810684 0.48607012629509 0.473830103874207 0.456559002399445 0.457701742649078 0.446449935436249 0.427187502384186 0.42079097032547 0.432723492383957 0.433781921863556 0.429320424795151 0.428897976875305 0.440149903297424 -3.4e+38 -3.4e+38 -3.4e+38 -3.4e+38 -3.4e+38 -3.4e+38 -3.4e+38 -3.4e+38 -3.4e+38 -3.4e+38 -3.4e+38 -3.4e+38 -3.4e+38 -3.4e+38 -3.4e+38 -3.4e+38 -3.4e+38 -3.4e+38 -3.4e+38 -3.4e+38 -3.4e+38 -3.4e+38 -3.4e+38 -3.4e+38
0.464088052511215 0.447922557592392 0.429486155509949 0.439427107572556 0.474303990602493 0.484977811574936 0.470369964838028 0.459440320730209 0.459874004125595 0.476241737604141 0.483079433441162 0.479341477155685 0.483109712600708 0.472561359405518 0.452289134263992 0.444932848215103 0.452382624149323 0.468770831823349 -3.4e+38 -3.4e+38 -3.4e+38 -3.4e+38 -3.4e+38 -3.4e+38 -3.4e+38 -3.4e+38 -3.4e+38 -3.4e+38 -3.4e+38 -3.4e+38 -3.4e+38 -3.4e+38 -3.4e+38 -3.4e+38 -3.4e+38 -3.4e+38 -3.4e+38 -3.4e+38 -3.4e+38 -3.4e+38 -3.4e+38 -3.4e+38 -3.4e+38 -3.4e+38 -3.4e+38
0.479938298463821 0.458928018808365 0.451037496328354 0.468011915683746 0.495378285646439 0.493157476186752 0.477690756320953 0.473698854446411 0.467131406068802 0.476072728633881 0.485524445772171 0.48820498585701 0.487808883190155 0.484944641590118 0.474561482667923 -3.4e+38 -3.4e+38 -3.4e+38 -3.4e+38 -3.4e+38 -3.4e+38 -3.4e+38 -3.4e+38 -3.4e+38 -3.4e+38 -3.4e+38 -3.4e+38 -3.4e+38 -3.4e+38 -3.4e+38 -3.4e+38 -3.4e+38 -3.4e+38 -3.4e+38 -3.4e+38 -3.4e+38 -3.4e+38 -3.4e+38 -3.4e+38 -3.4e+38 -3.4e+38 -3.4e+38 -3.4e+38 -3.4e+38 -3.4e+38
0.485754787921906 0.479727387428284 0.490325093269348 0.497011184692383 0.506267607212067 0.505818665027618 0.505083382129669 0.503812372684479 0.489877581596375 0.487255096435547 0.49396738409996 0.492731392383575 -3.4e+38 -3.4e+38 -3.4e+38 -3.4e+38 -3.4e+38 -3.4e+38 -3.4e+38 -3.4e+38 -3.4e+38 -3.4e+38 -3.4e+38 -3.4e+38 -3.4e+38 -3.4e+38 -3.4e+38 -3.4e+38 -3.4e+38 -3.4e+38 -3.4e+38 -3.4e+38 -3.4e+38 -3.4e+38 -3.4e+38 -3.4e+38 -3.4e+38 -3.4e+38 -3.4e+38 -3.4e+38 -3.4e+38 -3.4e+38 -3.4e+38 -3.4e+38 -3.4e+38
0.489704310894012 0.5047567486763 0.514618694782257 0.51392263174057 0.513050019741058 0.518020570278168 0.524693965911865 0.519537031650543 0.511142909526825 0.508242845535278 -3.4e+38 -3.4e+38 -3.4e+38 -3.4e+38 -3.4e+38 -3.4e+38 -3.4e+38 -3.4e+38 -3.4e+38 -3.4e+38 -3.4e+38 -3.4e+38 -3.4e+38 -3.4e+38 -3.4e+38 -3.4e+38 -3.4e+38 -3.4e+38 -3.4e+38 -3.4e+38 -3.4e+38 -3.4e+38 -3.4e+38 -3.4e+38 -3.4e+38 -3.4e+38 -3.4e+38 -3.4e+38 -3.4e+38 -3.4e+38 -3.4e+38 -3.4e+38 -3.4e+38 -3.4e+38 -3.4e+38
0.484859526157379 0.511527299880981 0.526832461357117 0.521516621112823 0.514241218566895 0.512875854969025 0.52347058057785 0.517306566238403 -3.4e+38 -3.4e+38 -3.4e+38 -3.4e+38 -3.4e+38 -3.4e+38 -3.4e+38 -3.4e+38 -3.4e+38 -3.4e+38 -3.4e+38 -3.4e+38 -3.4e+38 -3.4e+38 -3.4e+38 -3.4e+38 -3.4e+38 -3.4e+38 -3.4e+38 -3.4e+38 -3.4e+38 -3.4e+38 -3.4e+38 -3.4e+38 -3.4e+38 -3.4e+38 -3.4e+38 -3.4e+38 -3.4e+38 -3.4e+38 -3.4e+38 -3.4e+38 -3.4e+38 -3.4e+38 -3.4e+38 -3.4e+38 -3.4e+38
