data/1_raw/trimmed_ndre/Aes_ndre.727.2013_no_clouds.asc
NCOLS 109 
NROWS 101 
XLLCORNER 466110 
YLLCORNER 5182005 
CELLSIZE 5 
NODATA_value -3.4e+38 
[rows 40 to 59 of 101, columns 45 to 89 of 109]
0.12625341117382 0.12647333741188 0.12983512878418 0.125883683562279 0.139361754059792 0.167289614677429 0.169547915458679 0.175090685486794 0.179454535245895 0.184629216790199 0.187741458415985 0.197766974568367 0.223639443516731 0.241383254528046 0.245720043778419 0.247798681259155 0.240900710225105 0.229779735207558 0.234507620334625 0.243743568658829 0.230604827404022 0.214034557342529 0.20533199608326 0.186322882771492 0.170953243970871 0.172913834452629 0.161423236131668 0.153480410575867 0.170830935239792 0.176708355545998 0.203560695052147 0.244593515992165 0.254210442304611 0.239403679966927 0.215231850743294 0.185849606990814 0.151130482554436 0.137916624546051 0.147845447063446 0.135056376457214 0.117428228259087 0.11454276740551 0.126637011766434 0.140081793069839 0.143642142415047
0.112382337450981 0.120145529508591 0.123701706528664 0.127090215682983 0.136847034096718 0.153674617409706 0.163646653294563 0.183242842555046 0.194691464304924 0.184718608856201 0.192114472389221 0.21248921751976 0.230893537402153 0.245749056339264 0.243123456835747 0.228985384106636 0.229786574840546 0.212965041399002 0.204027056694031 0.218387857079506 0.214712798595428 0.203735157847404 0.192474752664566 0.169423192739487 0.154241696000099 0.163718238472939 0.158568665385246 0.155359193682671 0.166853606700897 0.165175512433052 0.190234214067459 0.226384893059731 0.232558980584145 0.236024126410484 0.218055710196495 0.187698855996132 0.153407469391823 0.14411461353302 0.151180475950241 0.142196983098984 0.137060880661011 0.142192825675011 0.152275502681732 0.154860466718674 0.158407419919968
0.131412014365196 0.133359372615814 0.132770076394081 0.141507536172867 0.145646423101425 0.15404886007309 0.176244869828224 0.184824153780937 0.184665888547897 0.182961344718933 0.204246714711189 0.211708396673203 0.204916179180145 0.233472555875778 0.230506017804146 0.200509965419769 0.2096116989851 0.201690256595612 0.188640043139458 0.175803884863853 0.164613425731659 0.169280767440796 0.171246916055679 0.164623573422432 0.151870980858803 0.156525015830994 0.152830183506012 0.158872827887535 0.169251784682274 0.167593255639076 0.181617423892021 0.198800534009933 0.201766908168793 0.219009980559349 0.21628075838089 0.195953533053398 0.180496603250504 0.174488246440887 0.162414386868477 0.145120546221733 0.148260220885277 0.148319482803345 0.1429193764925 0.143330305814743 0.156602427363396
0.138076469302177 0.133309260010719 0.146058902144432 0.155079737305641 0.148341119289398 0.158710166811943 0.182743906974792 0.191103279590607 0.186312168836594 0.192784175276756 0.220860734581947 0.237272009253502 0.219132199883461 0.224669069051743 0.214316785335541 0.18837308883667 0.185983821749687 0.16698431968689 0.151065602898598 0.145639255642891 0.141311779618263 0.148210674524307 0.16654397547245 0.18269094824791 0.175529107451439 0.169185414910316 0.163241267204285 0.167011678218842 0.169547945261002 0.168966844677925 0.194415777921677 0.207099884748459 0.199606895446777 0.206100806593895 0.213512644171715 0.207586869597435 0.19677472114563 0.196264654397964 0.174082040786743 0.146250575780869 0.145127907395363 0.143289506435394 0.133752480149269 0.131903156638145 0.142789199948311
0.126359775662422 0.124911516904831 0.15767964720726 0.167978644371033 0.161769524216652 0.171051755547523 0.184736654162407 0.197678282856941 0.21171310544014 0.220432966947556 0.24595932662487 0.253981471061707 0.229045793414116 0.213989853858948 0.201700508594513 0.183723717927933 0.16817133128643 0.141450121998787 0.12526273727417 0.142286896705627 0.151563405990601 0.14680303633213 0.153754562139511 0.161420464515686 0.158446967601776 0.164046734571457 0.163191080093384 0.163916453719139 0.17096421122551 0.169756054878235 0.175957396626472 0.192265123128891 0.194916397333145 0.199933722615242 0.210843563079834 0.219225391745567 0.225348398089409 0.228771343827248 0.191612526774406 0.154058516025543 0.147971346974373 0.15680904686451 0.16098727285862 0.15623165667057 0.151663899421692
0.126674577593803 0.131555467844009 0.163309901952744 0.169495820999146 0.17282247543335 0.18273988366127 0.185647055506706 0.190755307674408 0.212215647101402 0.231988549232483 0.242453411221504 0.246162474155426 0.225022122263908 0.208951145410538 0.1832644790411 0.169473588466644 0.157119795680046 0.138467505574226 0.121871918439865 0.134638503193855 0.150485634803772 0.136235639452934 0.129061967134476 0.145455807447433 0.153374463319778 0.152153789997101 0.156887695193291 0.160497263073921 0.155405193567276 0.162731379270554 0.169910922646523 0.177407994866371 0.184287682175636 0.182306498289108 0.188401728868484 0.220221549272537 0.24161122739315 0.24069981276989 0.210679963231087 0.177912905812263 0.161146953701973 0.153987362980843 0.155865356326103 0.144431710243225 0.138930439949036
0.149508327245712 0.150352865457535 0.158580139279366 0.165610730648041 0.175437942147255 0.194177001714706 0.195357099175453 0.205224320292473 0.218753233551979 0.22953425347805 0.236612424254417 0.241618484258652 0.231171697378159 0.206024885177612 0.1776312738657 0.167496174573898 0.155835762619972 0.146492317318916 0.129460692405701 0.128085345029831 0.138337433338165 0.12877693772316 0.124114647507668 0.147017672657967 0.15697780251503 0.141087293624878 0.149778693914413 0.150949358940125 0.143032506108284 0.15719273686409 0.178742423653603 0.178855717182159 0.18434539437294 0.179683193564415 0.177205786108971 0.203776657581329 0.22304467856884 0.234511330723763 0.223803699016571 0.193402424454689 0.163601517677307 0.15726962685585 0.155114606022835 0.135358393192291 0.127171263098717
0.1712706387043 0.159905165433884 0.15552282333374 0.164261966943741 0.181320354342461 0.205574989318848 0.222363576292992 0.233440518379211 0.229966208338737 0.231795683503151 0.254349768161774 0.25667130947113 0.238878816366196 0.201606035232544 0.172199860215187 0.168456867337227 0.155255720019341 0.150783330202103 0.14374728500843 0.141390934586525 0.141253784298897 0.13229763507843 0.131773993372917 0.137811541557312 0.135431736707687 0.130556762218475 0.143769845366478 0.150724485516548 0.14938285946846 0.153890550136566 0.169055715203285 0.175993666052818 0.174946814775467 0.181061148643494 0.183689221739769 0.187605708837509 0.202156782150269 0.224776536226273 0.242435216903687 0.232577741146088 0.20309653878212 0.175533875823021 0.157331898808479 0.155535474419594 0.1423379778862
0.176119312644005 0.155062764883041 0.156053796410561 0.179367154836655 0.209165081381798 0.225487887859344 0.239924535155296 0.253789097070694 0.231516882777214 0.241720452904701 0.262708485126495 0.250254333019257 0.222871795296669 0.186157524585724 0.159181475639343 0.157501712441444 0.1528100669384 0.151997312903404 0.147447675466537 0.148417189717293 0.140207633376122 0.130479633808136 0.126590207219124 0.124770663678646 0.124608501791954 0.124830439686775 0.134412705898285 0.145565643906593 0.150620684027672 0.148655205965042 0.14433628320694 0.145759895443916 0.154008626937866 0.166555464267731 0.19022436439991 0.184540376067162 0.174657255411148 0.197707697749138 0.22648574411869 0.243054434657097 0.227901816368103 0.183031246066093 0.15503878891468 0.156106516718864 0.139643281698227
0.185535103082657 0.178595095872879 0.182747796177864 0.195038214325905 0.227255418896675 0.235957235097885 0.243116617202759 0.261646896600723 0.231810390949249 0.224570974707603 0.240552112460136 0.222370788455009 0.203958988189697 0.176468566060066 0.149201154708862 0.143880814313889 0.143805906176567 0.13790987432003 0.135936453938484 0.144042164087296 0.13635191321373 0.124139033257961 0.117621891200542 0.115696512162685 0.12006051838398 0.119144879281521 0.125291675329208 0.126295298337936 0.125570625066757 0.137836635112762 0.137993976473808 0.132361605763435 0.147082328796387 0.167596027255058 0.195423856377602 0.198561474680901 0.175357565283775 0.177228316664696 0.193270400166512 0.230234831571579 0.24593985080719 0.21495957672596 0.184656575322151 0.171540260314941 0.15226037800312
0.210499003529549 0.21652364730835 0.212191119790077 0.194652587175369 0.222073316574097 0.259233474731445 0.253834426403046 0.240525454282761 0.206648945808411 0.204356819391251 0.215954884886742 0.215590253472328 0.214447423815727 0.195538967847824 0.16727788746357 0.145608976483345 0.131883859634399 0.1258714646101 0.132363826036453 0.146111845970154 0.141079843044281 0.127955302596092 0.118724279105663 0.115671142935753 0.117539428174496 0.123057506978512 0.1269321590662 0.122671462595463 0.122040241956711 0.134428605437279 0.136774122714996 0.13494785130024 0.149254962801933 0.166201561689377 0.170300960540771 0.170128181576729 0.173476994037628 0.182409942150116 0.192071259021759 0.214159995317459 0.22684583067894 0.207019984722137 0.188323006033897 0.174793154001236 0.164199247956276
0.223250135779381 0.221405133605003 0.214215904474258 0.199902549386024 0.227230757474899 0.263651460409164 0.237595826387405 0.20708292722702 0.20326666533947 0.213085278868675 0.223778903484344 0.229253366589546 0.220585957169533 0.202588051557541 0.17954458296299 0.153711512684822 0.132534846663475 0.136671632528305 0.143305331468582 0.144456073641777 0.136621624231339 0.128969937562943 0.126489520072937 0.120518267154694 0.120294719934464 0.129376322031021 0.136033266782761 0.134575963020325 0.129920229315758 0.135902538895607 0.135240986943245 0.134076595306396 0.132264822721481 0.140379384160042 0.153208777308464 0.156532764434814 0.183125644922256 0.20222045481205 0.192079126834869 0.181659445166588 0.205360487103462 0.20656181871891 0.18181312084198 0.170653089880943 0.174542307853699
0.206052750349045 0.204580187797546 0.213310867547989 0.212074413895607 0.230439320206642 0.246411621570587 0.229448586702347 0.219777777791023 0.221546366810799 0.218232840299606 0.220265924930573 0.228656426072121 0.201876029372215 0.190414577722549 0.173042669892311 0.166883036494255 0.159458920359612 0.146507307887077 0.150564178824425 0.141381725668907 0.125552266836166 0.123926781117916 0.129050984978676 0.126883193850517 0.125979706645012 0.133267715573311 0.13454332947731 0.13500103354454 0.134183034300804 0.144521549344063 0.138829424977303 0.131144925951958 0.137472525238991 0.146615594625473 0.159604549407959 0.167451396584511 0.185073792934418 0.191444605588913 0.178098082542419 0.18050716817379 0.212871178984642 0.222425743937492 0.207214161753654 0.196268990635872 0.201768785715103
0.190001115202904 0.189082816243172 0.211396291851997 0.226720437407494 0.233082383871078 0.248205199837685 0.24792169034481 0.245762765407562 0.232728660106659 0.238052561879158 0.236035123467445 0.228131428360939 0.208695009350777 0.196178391575813 0.189550280570984 0.183988809585571 0.168523818254471 0.151548743247986 0.159395173192024 0.149839267134666 0.13225282728672 0.125356331467628 0.130550444126129 0.135885894298553 0.135100826621056 0.13143165409565 0.121384181082249 0.119538493454456 0.123406156897545 0.129567354917526 0.140303134918213 0.143695667386055 0.146300956606865 0.158452987670898 0.157242834568024 0.161654129624367 0.183482944965363 0.196425244212151 0.187711983919144 0.180051445960999 0.192949593067169 0.20784293115139 0.210185974836349 0.206339746713638 0.216066464781761
0.195535808801651 0.188478589057922 0.207108587026596 0.229081928730011 0.237675666809082 0.252733260393143 0.260835915803909 0.265670627355576 0.255324393510818 0.262170851230621 0.256483405828476 0.239860460162163 0.227163761854172 0.2032590508461 0.194249331951141 0.19457121193409 0.184388667345047 0.171393528580666 0.162530899047852 0.143732368946075 0.130417436361313 0.119867011904716 0.128821849822998 0.144040375947952 0.135482951998711 0.131305009126663 0.129581645131111 0.131670698523521 0.13709819316864 0.130562767386436 0.126885175704956 0.12955467402935 0.125479698181152 0.134693294763565 0.149545609951019 0.162544906139374 0.179778769612312 0.188005596399307 0.18947622179985 0.179854616522789 0.183816596865654 0.197491198778152 0.202054932713509 0.203055918216705 0.216785997152328
0.194845497608185 0.191972315311432 0.219723597168922 0.238206565380096 0.236373141407967 0.239992037415504 0.254424661397934 0.263549208641052 0.258702337741852 0.263125360012054 0.262950271368027 0.234225913882256 0.210443675518036 0.204433664679527 0.199564769864082 0.210128381848335 0.219329476356506 0.197648912668228 0.177986696362495 0.161941602826118 0.149104505777359 0.135125115513802 0.138868346810341 0.145876199007034 0.132107079029083 0.129428446292877 0.132625624537468 0.140950605273247 0.149253025650978 0.143915146589279 0.124162822961807 0.121861852705479 0.132789194583893 0.138450443744659 0.142091155052185 0.150044158101082 0.158593833446503 0.166323632001877 0.180687144398689 0.18777246773243 0.187999710440636 0.199833154678345 0.193783834576607 0.201529026031494 0.217107504606247
0.194741636514664 0.210940897464752 0.246790155768394 0.259948998689651 0.253574341535568 0.243304133415222 0.244829997420311 0.245229035615921 0.239982128143311 0.250812709331512 0.252303063869476 0.232011362910271 0.209067732095718 0.216194525361061 0.21293543279171 0.222117856144905 0.238014131784439 0.226124301552773 0.206206977367401 0.182884112000465 0.172800794243813 0.166267231106758 0.157483726739883 0.152353733778 0.148548185825348 0.142876610159874 0.138641804456711 0.145114675164223 0.151386693120003 0.151693686842918 0.142384082078934 0.136627227067947 0.135631129145622 0.141736835241318 0.143502727150917 0.144158855080605 0.159354493021965 0.185668423771858 0.197623208165169 0.195077642798424 0.194537416100502 0.203099846839905 0.186879605054855 0.193780183792114 0.216175094246864
0.208709225058556 0.241312101483345 0.26451787352562 0.253859400749207 0.246011853218079 0.241643980145454 0.237227022647858 0.229767680168152 0.218383148312569 0.226253256201744 0.224931865930557 0.217519670724869 0.222784012556076 0.224019944667816 0.222315669059753 0.244428902864456 0.262081801891327 0.247222945094109 0.22272002696991 0.194827064871788 0.182856529951096 0.178046688437462 0.160454213619232 0.152408242225647 0.149934485554695 0.149290174245834 0.147770494222641 0.155517414212227 0.168449118733406 0.160916835069656 0.14911787211895 0.148039996623993 0.136603653430939 0.13654200732708 0.149206668138504 0.148300185799599 0.157570511102676 0.184046313166618 0.193807765841484 0.18876838684082 0.194166243076324 0.200028941035271 0.194620013237 0.198693424463272 0.209624692797661
0.219152882695198 0.257226794958115 0.261342078447342 0.237012386322021 0.229012027382851 0.227842181921005 0.223265707492828 0.213097840547562 0.198370367288589 0.189163714647293 0.190592080354691 0.199200481176376 0.22233547270298 0.225323885679245 0.223543271422386 0.262017726898193 0.255047380924225 0.244092807173729 0.232683211565018 0.210797727108002 0.193914473056793 0.180200845003128 0.163038924336433 0.157196864485741 0.15722031891346 0.151470631361008 0.151547864079475 0.152924701571465 0.164678603410721 0.16336353123188 0.156400933861732 0.152500867843628 0.137551948428154 0.119600281119347 0.139045938849449 0.154964774847031 0.158805295825005 0.177000716328621 0.180757239460945 0.177894473075867 0.183727785944939 0.195479080080986 0.198060020804405 0.199708208441734 0.195294305682182
0.252039581537247 0.257089883089066 0.252522617578506 0.241115972399712 0.21948367357254 0.192385882139206 0.188674613833427 0.193398416042328 0.176204115152359 0.160686329007149 0.174755394458771 0.19554728269577 0.213437423110008 0.235412403941154 0.243316501379013 0.254286736249924 0.248051539063454 0.243636280298233 0.256065607070923 0.249709948897362 0.225273609161377 0.20825220644474 0.195696398615837 0.182059124112129 0.180256277322769 0.170264437794685 0.171470373868942 0.164510622620583 0.165006279945374 0.165057674050331 0.153286084532738 0.147747397422791 0.137876376509666 0.1249710470438 0.140391856431961 0.158678695559502 0.164068102836609 0.189362555742264 0.200596034526825 0.18984018266201 0.181344956159592 0.190896734595299 0.191004201769829 0.192355707287788 0.198753193020821
