data/1_raw/trimmed_ndre/Aes_ndre.64.2014_no_clouds.asc
NCOLS 109 
NROWS 101 
XLLCORNER 466110 
YLLCORNER 5182005 
CELLSIZE 5 
NODATA_value -3.4e+38 
[rows 60 to 79 of 101, columns 0 to 44 of 109]
-3.4e+38 -3.4e+38 -3.4e+38 -3.4e+38 -3.4e+38 -3.4e+38 0.264978617429733 0.320304900407791 0.363789737224579 0.338446140289307 0.310228824615479 0.301431149244308 0.308182567358017 0.3140709400177 0.321167349815369 0.344590127468109 0.369360238313675 0.388837516307831 0.401391714811325 0.41765022277832 0.434125602245331 0.422842025756836 0.411788880825043 0.401168763637543 0.38190969824791 0.343644171953201 0.307021021842957 0.30783611536026 0.299621015787125 0.308070749044418 0.356575697660446 0.426679134368896 0.480953991413116 0.499320387840271 0.49772047996521 0.496025860309601 0.497202813625336 0.513813316822052 0.521783292293549 0.517855644226074 0.502148747444153 0.493994325399399 0.486561954021454 0.46133029460907 0.449656784534454
-3.4e+38 -3.4e+38 -3.4e+38 -3.4e+38 -3.4e+38 0.224475726485252 0.277976244688034 0.331486642360687 0.357896417379379 0.32487615942955 0.300754398107529 0.28749617934227 0.287589579820633 0.286030739545822 0.296108067035675 0.326590538024902 0.35828772187233 0.387353420257568 0.406574249267578 0.420601695775986 0.427407145500183 0.416173964738846 0.412803560495377 0.409577637910843 0.399219393730164 0.365357875823975 0.338130444288254 0.335654586553574 0.330862522125244 0.345482558012009 0.382667988538742 0.435269206762314 0.48070016503334 0.503385722637177 0.492585033178329 0.493212521076202 0.498833447694778 0.505808234214783 0.508110702037811 0.498157292604446 0.479862123727798 0.485878884792328 0.486653178930283 0.4651700258255 0.445277780294418
-3.4e+38 -3.4e+38 -3.4e+38 -3.4e+38 -3.4e+38 0.229322031140327 0.295383870601654 0.338137805461884 0.34626829624176 0.317033499479294 0.302711129188538 0.29390823841095 0.28853577375412 0.274674445390701 0.286598145961761 0.323261231184006 0.357813090085983 0.389651387929916 0.412828236818314 0.421375334262848 0.420667707920074 0.411425888538361 0.409131467342377 0.403241395950317 0.393197566270828 0.370634377002716 0.356791913509369 0.353302866220474 0.354292154312134 0.375750839710236 0.407086461782455 0.44280481338501 0.481427073478699 0.49713397026062 0.480171591043472 0.487361639738083 0.491687834262848 0.485141396522522 0.489096403121948 0.490501463413239 0.484955430030823 0.481076121330261 0.477344036102295 0.462920784950256 0.436583131551743
-3.4e+38 -3.4e+38 -3.4e+38 -3.4e+38 -3.4e+38 0.248822972178459 0.315325170755386 0.342801332473755 0.333539485931396 0.312244683504105 0.308820098638535 0.307463824748993 0.301070839166641 0.283220112323761 0.290578812360764 0.313650637865067 0.342137724161148 0.378193557262421 0.407910346984863 0.419108331203461 0.422988951206207 0.418462574481964 0.410854607820511 0.393199414014816 0.376050472259521 0.361754029989243 0.360037833452225 0.362823307514191 0.369707435369492 0.396375894546509 0.424445033073425 0.451304167509079 0.482170790433884 0.491661339998245 0.483096390962601 0.492131948471069 0.48341366648674 0.471202194690704 0.480022251605988 0.482888907194138 0.479500025510788 0.465734541416168 0.454981863498688 0.449800401926041 0.43998110294342
-3.4e+38 -3.4e+38 -3.4e+38 -3.4e+38 0.228203997015953 0.275910228490829 0.33408311009407 0.346357345581055 0.320138722658157 0.304653406143188 0.308637917041779 0.315745979547501 0.310857892036438 0.298022925853729 0.306161135435104 0.316720187664032 0.330542534589767 0.358172386884689 0.383379191160202 0.40191861987114 0.420873910188675 0.425395756959915 0.4159294962883 0.390155583620071 0.374017119407654 0.369993627071381 0.37810868024826 0.381389319896698 0.387844890356064 0.411624550819397 0.438683390617371 0.46494647860527 0.489509046077728 0.498779505491257 0.503674209117889 0.515612363815308 0.504645705223083 0.491973280906677 0.487585723400116 0.474668651819229 0.461735248565674 0.445912271738052 0.428315937519073 0.425016641616821 0.429025411605835
-3.4e+38 -3.4e+38 -3.4e+38 -3.4e+38 0.2366793602705 0.291024595499039 0.338838785886765 0.351165264844894 0.315621435642242 0.302377134561539 0.302603334188461 0.308818221092224 0.304974406957626 0.309734523296356 0.335120469331741 0.338172376155853 0.339276134967804 0.353398203849792 0.364009827375412 0.380503445863724 0.408357322216034 0.422031670808792 0.420624494552612 0.402397036552429 0.398948073387146 0.398693859577179 0.401881337165833 0.406873434782028 0.415351718664169 0.433016359806061 0.46065428853035 0.484197676181793 0.503106117248535 0.517253041267395 0.528722822666168 0.535903096199036 0.525059342384338 0.513374745845795 0.494229406118393 0.463510781526566 0.442278146743774 0.422199964523315 0.406362146139145 0.406150341033936 0.425747901201248
-3.4e+38 -3.4e+38 -3.4e+38 0.269838809967041 0.249530330300331 0.304555237293243 0.340880930423737 0.344333708286285 0.316626101732254 0.311517685651779 0.313449084758759 0.318708628416061 0.318258225917816 0.334059745073318 0.368107318878174 0.373313337564468 0.373368054628372 0.372498124837875 0.359123170375824 0.363330721855164 0.384754657745361 0.398838102817535 0.406816691160202 0.408439695835114 0.423417925834656 0.424027383327484 0.419432014226913 0.428842306137085 0.44263881444931 0.460448086261749 0.486632436513901 0.502477705478668 0.518008351325989 0.534270942211151 0.539215981960297 0.542161464691162 0.537206888198853 0.522675514221191 0.48909118771553 0.44567596912384 0.426110595464706 0.411356031894684 0.404413998126984 0.409728407859802 0.435637682676315
-3.4e+38 -3.4e+38 -3.4e+38 0.25947168469429 0.268069386482239 0.316105723381042 0.339708805084229 0.329935908317566 0.310871511697769 0.308588355779648 0.315006375312805 0.324914962053299 0.335480511188507 0.354027599096298 0.371860444545746 0.374237507581711 0.388143956661224 0.392513334751129 0.370916932821274 0.359930783510208 0.363858908414841 0.37273371219635 0.38546559214592 0.405050188302994 0.435227692127228 0.433354258537292 0.426922857761383 0.437552720308304 0.453732192516327 0.478994905948639 0.507128477096558 0.510742366313934 0.521689295768738 0.535790979862213 0.533461630344391 0.529595255851746 0.526867151260376 0.510113477706909 0.477649658918381 0.449037432670593 0.437140285968781 0.422217518091202 0.424439013004303 0.441344022750854 0.464402258396149
-3.4e+38 -3.4e+38 -3.4e+38 0.25176739692688 0.288063555955887 0.327737271785736 0.342879325151443 0.327985972166061 0.311826705932617 0.306014984846115 0.313671112060547 0.324852406978607 0.336494654417038 0.349415570497513 0.365595459938049 0.378264963626862 0.399713963270187 0.411711752414703 0.404758900403976 0.386286050081253 0.373185962438583 0.369545638561249 0.37548166513443 0.400244355201721 0.434973657131195 0.442898452281952 0.44136118888855 0.444411098957062 0.454479604959488 0.486701011657715 0.51487934589386 0.512214541435242 0.519712865352631 0.52261608839035 0.511117219924927 0.486149311065674 0.475262671709061 0.474712878465652 0.469404280185699 0.467138826847076 0.460006564855576 0.441415548324585 0.441116631031036 0.455117881298065 0.467889457941055
-3.4e+38 -3.4e+38 -3.4e+38 0.254595279693604 0.305730551481247 0.339263141155243 0.348426073789597 0.330814033746719 0.312032729387283 0.303814738988876 0.311248809099197 0.324726492166519 0.336686432361603 0.34425088763237 0.365169256925583 0.386658161878586 0.406691938638687 0.419725507497787 0.419841319322586 0.403450638055801 0.392897009849548 0.388181686401367 0.390901565551758 0.410475999116898 0.441988974809647 0.469120681285858 0.469641089439392 0.459517776966095 0.455604642629623 0.490971148014069 0.515309512615204 0.512438356876373 0.508494973182678 0.494326770305634 0.470568835735321 0.433310896158218 0.43993467092514 0.457912296056747 0.47237765789032 0.480414718389511 0.467145711183548 0.444928556680679 0.441009163856506 0.449684143066406 0.453979015350342
-3.4e+38 -3.4e+38 0.277576357126236 0.26697313785553 0.318541198968887 0.347988426685333 0.355909168720245 0.341960608959198 0.315972059965134 0.3036128282547 0.306367844343185 0.3202745616436 0.32877704501152 0.337504118680954 0.365019589662552 0.389141738414764 0.407126724720001 0.418925613164902 0.42011234164238 0.413212984800339 0.416655600070953 0.425116181373596 0.437095165252686 0.449080109596252 0.469715595245361 0.496892273426056 0.504537105560303 0.492189645767212 0.476143598556519 0.490489304065704 0.508824646472931 0.504992842674255 0.481976568698883 0.451512634754181 0.424905598163605 0.409172713756561 0.438790082931519 0.460382014513016 0.471351027488708 0.466271549463272 0.441584318876266 0.426738858222961 0.426470518112183 0.429138451814651 0.439614534378052
-3.4e+38 -3.4e+38 0.272001087665558 0.280748575925827 0.322771579027176 0.350985825061798 0.365601003170013 0.356657236814499 0.33024525642395 0.317247986793518 0.312930941581726 0.317464560270309 0.317815572023392 0.327450126409531 0.351058751344681 0.371488869190216 0.387565314769745 0.398994624614716 0.404400557279587 0.414023160934448 0.435656607151031 0.455452680587769 0.469759374856949 0.477814882993698 0.489592164754868 0.503856360912323 0.514008462429047 0.509136259555817 0.495948106050491 0.488749623298645 0.497263550758362 0.475659936666489 0.434700131416321 0.420534193515778 0.414211362600327 0.422568142414093 0.454093724489212 0.458855479955673 0.447034955024719 0.427886098623276 0.405535995960236 0.405465751886368 0.402852177619934 0.397187292575836 0.410701394081116
-3.4e+38 -3.4e+38 0.27492418885231 0.293797641992569 0.324001967906952 0.350857883691788 0.374188780784607 0.361947447061539 0.337408572435379 0.324331104755402 0.317656338214874 0.314378321170807 0.308545351028442 0.31660783290863 0.335188537836075 0.3546342253685 0.365291893482208 0.371351510286331 0.377337723970413 0.401750206947327 0.434788137674332 0.459744542837143 0.473104000091553 0.479025334119797 0.485798627138138 0.497135370969772 0.508873045444489 0.512995421886444 0.505677998065948 0.488699167966843 0.46842497587204 0.435883045196533 0.409246265888214 0.407838612794876 0.424652099609375 0.44409641623497 0.455658733844757 0.441035956144333 0.422317892313004 0.401037782430649 0.385641276836395 0.392566382884979 0.377941399812698 0.367143422365189 0.378674417734146
-3.4e+38 0.327057301998138 0.283524572849274 0.306902557611465 0.327484428882599 0.354359030723572 0.379944533109665 0.362422913312912 0.343366503715515 0.330497592687607 0.321919769048691 0.315066307783127 0.311525255441666 0.320095926523209 0.335238486528397 0.351358383893967 0.356381863355637 0.362422287464142 0.37244987487793 0.397274136543274 0.420120298862457 0.435634464025497 0.441738694906235 0.448448956012726 0.458252608776093 0.469187378883362 0.484632909297943 0.499170452356339 0.5037482380867 0.483069121837616 0.452466875314713 0.427978575229645 0.408674985170364 0.406631797552109 0.424118757247925 0.429867088794708 0.423096150159836 0.406075924634933 0.397856324911118 0.395763725042343 0.387076675891876 0.374027401208878 0.35620242357254 0.354142993688583 0.363278895616531
-3.4e+38 0.310051053762436 0.296086132526398 0.324930399656296 0.345464318990707 0.381105780601501 0.400874882936478 0.376630067825317 0.359505444765091 0.345193415880203 0.335183709859848 0.325814485549927 0.321544945240021 0.327230185270309 0.344580322504044 0.360496431589127 0.365550965070724 0.369303613901138 0.374758780002594 0.387437373399734 0.388903439044952 0.386728286743164 0.382045418024063 0.395404934883118 0.412526875734329 0.425601899623871 0.446258932352066 0.47319883108139 0.502554297447205 0.482912391424179 0.456177532672882 0.441650360822678 0.423556715250015 0.422465682029724 0.431117683649063 0.424952685832977 0.400161683559418 0.377552360296249 0.369429647922516 0.376471012830734 0.377505987882614 0.36674901843071 0.35276472568512 0.359634816646576 0.368399173021317
-3.4e+38 0.295205116271973 0.314580470323563 0.35136491060257 0.376390367746353 0.402945399284363 0.414167702198029 0.401165783405304 0.390954792499542 0.375205278396606 0.356978625059128 0.34043276309967 0.329556852579117 0.327367633581161 0.33814549446106 0.343265771865845 0.346035480499268 0.353747576475143 0.361444979906082 0.364008724689484 0.34777045249939 0.336431294679642 0.331654608249664 0.345206379890442 0.364216387271881 0.382946133613586 0.41134575009346 0.460130304098129 0.504470765590668 0.485759764909744 0.467384457588196 0.45430189371109 0.437795788049698 0.434056401252747 0.431896775960922 0.4210185110569 0.393795132637024 0.379540532827377 0.377757698297501 0.383293569087982 0.382934838533401 0.368332594633102 0.351766675710678 0.344848126173019 0.352708339691162
-3.4e+38 0.29162809252739 0.326706320047379 0.362330228090286 0.389780819416046 0.404823690652847 0.41600027680397 0.413759857416153 0.40311872959137 0.392482936382294 0.372938066720963 0.349978715181351 0.332076132297516 0.324283570051193 0.324526607990265 0.313316583633423 0.310098171234131 0.316163867712021 0.324504882097244 0.321776419878006 0.303931087255478 0.297566890716553 0.296121031045914 0.30512398481369 0.333467394113541 0.366984814405441 0.40454226732254 0.462429523468018 0.499033421278 0.485634505748749 0.46382862329483 0.45032012462616 0.441423922777176 0.434007912874222 0.420347660779953 0.403916269540787 0.381928145885468 0.374116569757462 0.378022223711014 0.385075360536575 0.383684903383255 0.357846230268478 0.327995032072067 0.306371629238129 0.305538505315781
0.313228815793991 0.297827482223511 0.343070447444916 0.375333428382874 0.393758624792099 0.405661404132843 0.423608273267746 0.419827848672867 0.407865285873413 0.399047374725342 0.376969337463379 0.35137066245079 0.329825609922409 0.326680779457092 0.318965822458267 0.291238009929657 0.27855509519577 0.280610114336014 0.292654514312744 0.290761947631836 0.279157102108002 0.274730861186981 0.270699858665466 0.280003666877747 0.329318732023239 0.373885422945023 0.413235872983932 0.458707064390182 0.483438760042191 0.476348370313644 0.448084473609924 0.446579486131668 0.439958095550537 0.422483593225479 0.392017364501953 0.37428680062294 0.362426251173019 0.355945497751236 0.358768582344055 0.366929858922958 0.360560417175293 0.330667793750763 0.302201688289642 0.273160874843597 0.260657668113708
0.295099765062332 0.318498581647873 0.369230449199677 0.402344793081284 0.41590690612793 0.428096324205399 0.440692394971848 0.423182338476181 0.407506555318832 0.392983734607697 0.368843913078308 0.35313680768013 0.341218084096909 0.338697403669357 0.32232803106308 0.29425522685051 0.277966380119324 0.279806554317474 0.291393250226974 0.287627637386322 0.274643898010254 0.261495053768158 0.258883684873581 0.283946335315704 0.34283110499382 0.387870162725449 0.418402940034866 0.439466893672943 0.468208789825439 0.462878048419952 0.436806797981262 0.445960730314255 0.432953089475632 0.401470690965652 0.362774193286896 0.349868595600128 0.337479203939438 0.324076682329178 0.316118687391281 0.326995223760605 0.325882703065872 0.313501000404358 0.297560185194016 0.271928161382675 0.255910456180573
0.29412254691124 0.354777902364731 0.403165400028229 0.42866262793541 0.436528146266937 0.450028896331787 0.451010704040527 0.422395169734955 0.405213534832001 0.387661397457123 0.364790558815002 0.35211569070816 0.346888810396194 0.343553900718689 0.321410059928894 0.296991139650345 0.282225966453552 0.294538676738739 0.309587299823761 0.308779567480087 0.288143366575241 0.275651037693024 0.287428885698318 0.312871634960175 0.35552978515625 0.391575247049332 0.409293562173843 0.42765799164772 0.467080295085907 0.452508628368378 0.434980362653732 0.441802322864532 0.426902920007706 0.392788380384445 0.352364271879196 0.333842694759369 0.311316043138504 0.283641964197159 0.266469776630402 0.278081893920898 0.288036644458771 0.302111566066742 0.307576328516006 0.293941646814346 0.267812371253967
