data/1_raw/trimmed_ndre/Aes_ndre.68.2013_no_clouds.asc
NCOLS 109 
NROWS 101 
XLLCORNER 466110 
YLLCORNER 5182005 
CELLSIZE 5 
NODATA_value -3.4e+38 
[rows 60 to 79 of 101, columns 0 to 44 of 109]
-3.4e+38 -3.4e+38 -3.4e+38 -3.4e+38 -3.4e+38 -3.4e+38 0.291030049324036 0.358395934104919 0.370161414146423 0.352377474308014 0.332522839307785 0.338280200958252 0.335118681192398 0.321934252977371 0.323862195014954 0.347042560577393 0.3741734623909 0.383558481931686 0.37428891658783 0.375072628259659 0.391201883554459 0.398622363805771 0.395783454179764 0.371015042066574 0.34686690568924 0.301126778125763 0.274456083774567 0.276580840349197 0.273281037807465 0.306715995073318 0.372317045927048 0.471484184265137 0.550829648971558 0.574155211448669 0.566530048847198 0.545103847980499 0.541530966758728 0.554072737693787 0.53796261548996 0.51003497838974 0.486107677221298 0.454755842685699 0.437073528766632 0.417554527521133 0.406892985105515
-3.4e+38 -3.4e+38 -3.4e+38 -3.4e+38 -3.4e+38 0.268543988466263 0.322155624628067 0.377616345882416 0.371078222990036 0.350170940160751 0.332815557718277 0.33176726102829 0.311440050601959 0.2935850918293 0.299864500761032 0.321997582912445 0.345344483852386 0.355651199817657 0.356509983539581 0.376006841659546 0.400565922260284 0.401354789733887 0.401005506515503 0.376486122608185 0.345152020454407 0.306883573532104 0.287799417972565 0.289716720581055 0.299569129943848 0.358475923538208 0.428242236375809 0.488978177309036 0.539523899555206 0.553018629550934 0.548582792282104 0.534079372882843 0.534918308258057 0.550067663192749 0.528649032115936 0.482395380735397 0.458567321300507 0.432141691446304 0.419771462678909 0.412636756896973 0.403674781322479
-3.4e+38 -3.4e+38 -3.4e+38 -3.4e+38 -3.4e+38 0.289711833000183 0.345290452241898 0.379871189594269 0.371753066778183 0.362355083227158 0.354318112134933 0.335061550140381 0.303241521120071 0.29295539855957 0.301787555217743 0.313147008419037 0.319047093391418 0.32933434844017 0.347802877426147 0.378885626792908 0.393644988536835 0.386628538370132 0.388136506080627 0.370060414075851 0.344233244657516 0.329877704381943 0.322660982608795 0.340580880641937 0.371619582176208 0.424049556255341 0.4710873067379 0.505591094493866 0.525334298610687 0.535974323749542 0.546962738037109 0.545927762985229 0.525861322879791 0.512306928634644 0.484051436185837 0.440195083618164 0.428167343139648 0.41250404715538 0.412922441959381 0.41391596198082 0.40866032242775
-3.4e+38 -3.4e+38 -3.4e+38 -3.4e+38 -3.4e+38 0.300929844379425 0.358497560024261 0.375498861074448 0.35488748550415 0.341987401247025 0.351241439580917 0.337895035743713 0.306252539157867 0.301774173974991 0.298057079315186 0.298389464616776 0.302342861890793 0.313734233379364 0.340769052505493 0.373387634754181 0.388133704662323 0.385506302118301 0.385708093643188 0.37723782658577 0.372746497392654 0.368184983730316 0.355504959821701 0.386358916759491 0.430781245231628 0.465137660503387 0.493780165910721 0.512746274471283 0.530130982398987 0.551897466182709 0.560995995998383 0.561202228069305 0.519602417945862 0.45879077911377 0.438086003065109 0.420347839593887 0.409203588962555 0.399008482694626 0.396300405263901 0.40103805065155 0.411817640066147
-3.4e+38 -3.4e+38 -3.4e+38 -3.4e+38 0.284318447113037 0.309915274381638 0.374903082847595 0.379837483167648 0.353464156389236 0.335988610982895 0.348844081163406 0.342269092798233 0.333532243967056 0.341176092624664 0.33620285987854 0.314120262861252 0.307826310396194 0.315333038568497 0.351251989603043 0.382369846105576 0.392679989337921 0.396848827600479 0.399003893136978 0.393086016178131 0.400996893644333 0.417019933462143 0.40554016828537 0.418331652879715 0.454412490129471 0.474081039428711 0.485570907592773 0.508090615272522 0.541865825653076 0.564118623733521 0.548416018486023 0.518941164016724 0.486875742673874 0.440381586551666 0.430222511291504 0.427345305681229 0.420131325721741 0.404279261827469 0.38744843006134 0.38987123966217 0.406678080558777
-3.4e+38 -3.4e+38 -3.4e+38 -3.4e+38 0.281361311674118 0.33323860168457 0.392442882061005 0.39344397187233 0.37213608622551 0.359609544277191 0.36492195725441 0.349503993988037 0.35420036315918 0.374035000801086 0.374600738286972 0.344295471906662 0.321659862995148 0.326561748981476 0.350508868694305 0.37789785861969 0.383222728967667 0.387322187423706 0.401361554861069 0.408533751964569 0.423947393894196 0.455283939838409 0.46309107542038 0.469498157501221 0.48505511879921 0.491125464439392 0.486817210912704 0.506013989448547 0.530838072299957 0.537807285785675 0.510596930980682 0.476593792438507 0.470544725656509 0.458870589733124 0.441121101379395 0.431876540184021 0.427757322788239 0.414132475852966 0.396650463342667 0.399573296308517 0.411544024944305
-3.4e+38 -3.4e+38 -3.4e+38 0.314245104789734 0.282889574766159 0.355107963085175 0.407242923974991 0.399090677499771 0.374416440725327 0.375877767801285 0.37628236413002 0.362466335296631 0.365799486637115 0.374531179666519 0.376633644104004 0.3500015437603 0.33569324016571 0.348661601543427 0.354410737752914 0.354754149913788 0.354149550199509 0.354971349239349 0.381491303443909 0.406551957130432 0.419956862926483 0.455112189054489 0.479659020900726 0.49527046084404 0.510829031467438 0.515774011611938 0.51079261302948 0.512353003025055 0.51786994934082 0.504586696624756 0.475505501031876 0.460642874240875 0.465609848499298 0.465905219316483 0.458575516939163 0.44242936372757 0.437779754400253 0.429504960775375 0.404236942529678 0.396612286567688 0.405436486005783
-3.4e+38 -3.4e+38 -3.4e+38 0.306567996740341 0.304594397544861 0.377618163824081 0.402564644813538 0.381514221429825 0.352035731077194 0.376391381025314 0.384642541408539 0.365074455738068 0.361082077026367 0.368380844593048 0.370079278945923 0.358380913734436 0.353728055953979 0.363293200731277 0.361506849527359 0.34351459145546 0.333146125078201 0.3346126973629 0.361699163913727 0.393281102180481 0.410693943500519 0.437261760234833 0.463344186544418 0.486114591360092 0.510556638240814 0.528649151325226 0.524940133094788 0.518753349781036 0.503076612949371 0.475096940994263 0.450621634721756 0.452349454164505 0.459383457899094 0.457867711782455 0.458675414323807 0.450946062803268 0.452872484922409 0.452686101198196 0.427273273468018 0.411472380161285 0.420791149139404
-3.4e+38 -3.4e+38 -3.4e+38 0.310854464769363 0.331984877586365 0.386643052101135 0.389247238636017 0.384509891271591 0.368427276611328 0.372629642486572 0.37368044257164 0.360501646995544 0.352550685405731 0.374700129032135 0.369992017745972 0.350073635578156 0.351402938365936 0.351627975702286 0.349435925483704 0.341655939817429 0.328997433185577 0.339726567268372 0.36638730764389 0.395431667566299 0.420022785663605 0.44145593047142 0.452908962965012 0.470989286899567 0.495493769645691 0.51422905921936 0.516493439674377 0.504866600036621 0.481894940137863 0.453569412231445 0.439629882574081 0.452965259552002 0.453211277723312 0.440999716520309 0.442667335271835 0.449750006198883 0.45721709728241 0.457676857709885 0.449607789516449 0.444254904985428 0.44869863986969
-3.4e+38 -3.4e+38 -3.4e+38 0.316228955984116 0.351037204265594 0.389579117298126 0.391983896493912 0.399077206850052 0.378757655620575 0.36168447136879 0.364895582199097 0.376994490623474 0.374092668294907 0.374938398599625 0.365980297327042 0.336284130811691 0.338297247886658 0.345139533281326 0.34413069486618 0.345697700977325 0.331044852733612 0.35229080915451 0.389794409275055 0.420294165611267 0.448232412338257 0.461704641580582 0.465460985898972 0.471404731273651 0.485380172729492 0.499441593885422 0.495019942522049 0.474686235189438 0.454162746667862 0.435710608959198 0.435035526752472 0.45784854888916 0.451623231172562 0.429102540016174 0.43224686384201 0.445266544818878 0.452020913362503 0.449280560016632 0.452006697654724 0.456450998783112 0.458943992853165
-3.4e+38 -3.4e+38 0.350520581007004 0.316891968250275 0.369610279798508 0.397986352443695 0.408550292253494 0.409751981496811 0.388307064771652 0.370134860277176 0.367623090744019 0.384398698806763 0.380355268716812 0.359614819288254 0.368891894817352 0.342363715171814 0.323237717151642 0.333766371011734 0.330288052558899 0.333387970924377 0.335427790880203 0.359735280275345 0.402667343616486 0.415748566389084 0.443586498498917 0.463769137859344 0.474779933691025 0.497880429029465 0.497068256139755 0.483613699674606 0.468085616827011 0.450837433338165 0.437433123588562 0.430136114358902 0.436627298593521 0.452841490507126 0.443491786718369 0.426477760076523 0.432337611913681 0.445715934038162 0.445153564214706 0.433561563491821 0.43089434504509 0.442986279726028 0.44959431886673
-3.4e+38 -3.4e+38 0.342715740203857 0.323555946350098 0.378814935684204 0.402275413274765 0.420212924480438 0.427059262990952 0.411049753427505 0.394498854875565 0.382101535797119 0.380058079957962 0.37646809220314 0.361352413892746 0.35570353269577 0.323771357536316 0.296853512525558 0.310420960187912 0.300668656826019 0.321631252765656 0.356197893619537 0.367202997207642 0.377734482288361 0.385663777589798 0.415966391563416 0.451968044042587 0.477397263050079 0.511244177818298 0.497056007385254 0.460203796625137 0.450939238071442 0.443509429693222 0.432861715555191 0.424039900302887 0.424665123224258 0.433462649583817 0.431340008974075 0.421036243438721 0.435406446456909 0.44416555762291 0.434098273515701 0.418683677911758 0.410666465759277 0.414552301168442 0.41899847984314
-3.4e+38 -3.4e+38 0.333592385053635 0.337393432855606 0.380107402801514 0.406539708375931 0.433457642793655 0.444042086601257 0.435792297124863 0.422117918729782 0.393322229385376 0.380561619997025 0.387100458145142 0.382120877504349 0.357592761516571 0.321416288614273 0.298811197280884 0.291665107011795 0.279039561748505 0.311674565076828 0.355996400117874 0.346608847379684 0.348853260278702 0.371861487627029 0.403477817773819 0.425417304039001 0.452216982841492 0.479282110929489 0.473860830068588 0.448711007833481 0.438620090484619 0.443906635046005 0.435368448495865 0.415173649787903 0.411262184381485 0.418423891067505 0.420029163360596 0.417629450559616 0.428141951560974 0.426108747720718 0.410233706235886 0.398473858833313 0.387448787689209 0.389498561620712 0.396780669689178
-3.4e+38 0.385171979665756 0.328787446022034 0.363902807235718 0.395359754562378 0.422843277454376 0.450490772724152 0.4559106528759 0.45275667309761 0.434056133031845 0.39933568239212 0.384509980678558 0.398022830486298 0.413241326808929 0.395202726125717 0.358151346445084 0.3376624584198 0.294328600168228 0.270023614168167 0.294452548027039 0.317120224237442 0.322001159191132 0.341754049062729 0.366219609975815 0.395398497581482 0.406576424837112 0.423562407493591 0.449958860874176 0.460982799530029 0.448847711086273 0.433119386434555 0.434124886989594 0.435408592224121 0.416625201702118 0.400401681661606 0.41653248667717 0.429404616355896 0.413421094417572 0.402327984571457 0.390261113643646 0.377150416374207 0.374920845031738 0.370854824781418 0.38079509139061 0.391850024461746
-3.4e+38 0.367914110422134 0.342379480600357 0.402681112289429 0.423754125833511 0.452495783567429 0.475144118070602 0.475208610296249 0.470829039812088 0.443102240562439 0.404211282730103 0.3840052485466 0.397231847047806 0.421808749437332 0.428128987550735 0.392929136753082 0.369989663362503 0.310931026935577 0.263157427310944 0.269639074802399 0.269093811511993 0.289054960012436 0.312103509902954 0.341739058494568 0.380413174629211 0.405260503292084 0.425952106714249 0.451109975576401 0.461542934179306 0.452771633863449 0.429161369800568 0.417441427707672 0.423852980136871 0.423845648765564 0.417232871055603 0.431746304035187 0.434504568576813 0.410637855529785 0.393104553222656 0.376044452190399 0.367719382047653 0.365213751792908 0.362625628709793 0.378260582685471 0.388999253511429
-3.4e+38 0.349319934844971 0.364753872156143 0.426312625408173 0.445304661989212 0.47806704044342 0.505948126316071 0.505841076374054 0.489810138940811 0.453591883182526 0.414840787649155 0.389616012573242 0.381478577852249 0.401453882455826 0.420793384313583 0.401905834674835 0.362758815288544 0.314430385828018 0.252910941839218 0.238636270165443 0.223597913980484 0.232505217194557 0.265033692121506 0.298461943864822 0.357053339481354 0.390429854393005 0.409523993730545 0.43435350060463 0.45326092839241 0.452508300542831 0.434345364570618 0.416574656963348 0.415373206138611 0.419654607772827 0.426848173141479 0.425257056951523 0.424746870994568 0.411129921674728 0.392952740192413 0.378426522016525 0.370669990777969 0.368592441082001 0.361616581678391 0.356198638677597 0.345752447843552
-3.4e+38 0.338448077440262 0.376173317432404 0.429678469896317 0.463910758495331 0.496441662311554 0.525526404380798 0.521384537220001 0.502886593341827 0.478251159191132 0.438850849866867 0.397128880023956 0.373752802610397 0.370598703622818 0.377013444900513 0.377474367618561 0.336000770330429 0.290946394205093 0.242422893643379 0.215364515781403 0.207848787307739 0.212622180581093 0.244197875261307 0.279282122850418 0.336909919977188 0.376112759113312 0.388905733823776 0.411448061466217 0.442029535770416 0.451411962509155 0.435306698083878 0.417298525571823 0.406746417284012 0.403553694486618 0.414844870567322 0.416859835386276 0.40865957736969 0.405790328979492 0.388692885637283 0.367271363735199 0.353792756795883 0.344645112752914 0.327504485845566 0.306624561548233 0.285907626152039
0.369904160499573 0.349713534116745 0.410754531621933 0.45417320728302 0.487445116043091 0.510857999324799 0.526971817016602 0.525455713272095 0.509239733219147 0.495725363492966 0.456835240125656 0.404142498970032 0.376271516084671 0.353984266519547 0.343786478042603 0.349519222974777 0.319005072116852 0.274632126092911 0.239361733198166 0.217933893203735 0.223032206296921 0.238139644265175 0.259633779525757 0.294762164354324 0.340904146432877 0.375240087509155 0.386284738779068 0.403857350349426 0.436541229486465 0.448728650808334 0.428913354873657 0.414698302745819 0.402932196855545 0.399945795536041 0.402110725641251 0.394857197999954 0.384660810232162 0.387286752462387 0.380682408809662 0.360619336366653 0.339051783084869 0.316680639982224 0.299664467573166 0.285206109285355 0.280622184276581
0.357536137104034 0.383437901735306 0.461937725543976 0.495652347803116 0.516358554363251 0.526101231575012 0.526417016983032 0.516787171363831 0.499732792377472 0.486628979444504 0.470436990261078 0.430234491825104 0.387068003416061 0.35659196972847 0.338447064161301 0.329424977302551 0.30060014128685 0.255555838346481 0.237505152821541 0.22673887014389 0.23564775288105 0.251857489347458 0.255953967571259 0.296650350093842 0.355812698602676 0.384932518005371 0.399120658636093 0.414339393377304 0.441207766532898 0.447330296039581 0.424347043037415 0.406615316867828 0.40656253695488 0.397551327943802 0.380636900663376 0.364533364772797 0.356395393610001 0.363041400909424 0.360168606042862 0.343943476676941 0.316014885902405 0.298740029335022 0.293215841054916 0.28820064663887 0.2839075922966
0.351959526538849 0.42255762219429 0.499738663434982 0.521153509616852 0.539229512214661 0.546036064624786 0.533868551254272 0.514508783817291 0.486513793468475 0.459183186292648 0.44651398062706 0.429256469011307 0.388294994831085 0.355744183063507 0.339964538812637 0.341409534215927 0.333318710327148 0.28646993637085 0.252490758895874 0.23768475651741 0.251180678606033 0.273279398679733 0.271060585975647 0.303941369056702 0.363443851470947 0.393992811441422 0.413421332836151 0.431482821702957 0.448280096054077 0.442962318658829 0.420688629150391 0.407140493392944 0.41957876086235 0.401924073696136 0.363415688276291 0.343043893575668 0.331924736499786 0.325457334518433 0.320708721876144 0.313978642225266 0.296004503965378 0.284071683883667 0.286241084337234 0.279810011386871 0.26507443189621
