data/1_raw/trimmed_ndre/Aes_ndre.78.2015_no_clouds.asc
NCOLS 109 
NROWS 101 
XLLCORNER 466110 
YLLCORNER 5182005 
CELLSIZE 5 
NODATA_value -3.4e+38 
[rows 40 to 59 of 101, columns 45 to 89 of 109]
0.146267473697662 0.15729558467865 0.175539091229439 0.182269513607025 0.189497381448746 0.191671922802925 0.186618968844414 0.168368101119995 0.170623794198036 0.17958228290081 0.1803128272295 0.174739494919777 0.177663296461105 0.178222984075546 0.174124702811241 0.17856003344059 0.185300067067146 0.188924238085747 0.191332057118416 0.188143387436867 0.17957329750061 0.169197097420692 0.173143476247787 0.175322890281677 0.174194827675819 0.176660165190697 0.180840745568275 0.181174591183662 0.174683466553688 0.180827245116234 0.1830725222826 0.182583183050156 0.179980933666229 0.174826472997665 0.171785250306129 0.169358715415001 0.166333183646202 0.165561214089394 0.16915126144886 0.170965015888214 0.170303776860237 0.169665828347206 0.167524397373199 0.166371867060661 0.166993856430054
0.154155388474464 0.160519972443581 0.172481164336205 0.180945470929146 0.182897284626961 0.176618203520775 0.17944872379303 0.182678714394569 0.16827155649662 0.174292325973511 0.181610986590385 0.181001558899879 0.181427583098412 0.180347353219986 0.176259368658066 0.168579697608948 0.176985964179039 0.184730768203735 0.186631426215172 0.180799603462219 0.173218175768852 0.165255934000015 0.171915724873543 0.178997084498405 0.17668454349041 0.167508646845818 0.1732227653265 0.168482765555382 0.159216374158859 0.17668753862381 0.18338243663311 0.180661335587502 0.175974637269974 0.177417695522308 0.178236275911331 0.17828206717968 0.177833065390587 0.166613087058067 0.160382926464081 0.163153916597366 0.164082184433937 0.165284797549248 0.171034663915634 0.173051729798317 0.171675264835358
0.175779715180397 0.176950573921204 0.169175326824188 0.170283064246178 0.172899335622787 0.157157629728317 0.163187757134438 0.17242343723774 0.169943079352379 0.171395793557167 0.17737440764904 0.183870375156403 0.186841651797295 0.183891132473946 0.180559247732162 0.178046643733978 0.183845341205597 0.182864382863045 0.178595542907715 0.169928416609764 0.177873253822327 0.184449568390846 0.184181407094002 0.172262147068977 0.161689609289169 0.150174602866173 0.159096255898476 0.16337126493454 0.168023586273193 0.179616674780846 0.184750825166702 0.18069264292717 0.172234773635864 0.177048295736313 0.184126272797585 0.186187162995338 0.18103052675724 0.161411464214325 0.15354996919632 0.158732414245605 0.169744536280632 0.17563471198082 0.176685407757759 0.170466706156731 0.167458295822144
0.183372244238853 0.183169662952423 0.159082606434822 0.163681045174599 0.174073785543442 0.16632254421711 0.165487915277481 0.168780863285065 0.171043202280998 0.170118734240532 0.173264697194099 0.180472522974014 0.188126027584076 0.188856452703476 0.184489816427231 0.183265969157219 0.187983140349388 0.183829545974731 0.171667441725731 0.1614128947258 0.171061515808105 0.182146012783051 0.183775678277016 0.163462921977043 0.151002123951912 0.151988282799721 0.167200639843941 0.168156147003174 0.173012614250183 0.179731413722038 0.178465366363525 0.181320026516914 0.181099131703377 0.178268700838089 0.182781517505646 0.182370692491531 0.175210326910019 0.15877041220665 0.156369715929031 0.166927456855774 0.185986503958702 0.184591546654701 0.176039725542068 0.164511725306511 0.16218638420105
0.177768215537071 0.176709607243538 0.154868796467781 0.166666075587273 0.176929265260696 0.175029516220093 0.16740907728672 0.166939273476601 0.171010702848434 0.175786152482033 0.182525545358658 0.191594645380974 0.192069679498672 0.184127420186996 0.179481685161591 0.177695065736771 0.181832075119019 0.193119436502457 0.182597383856773 0.165681168437004 0.163936153054237 0.171995714306831 0.177814066410065 0.172444194555283 0.165246069431305 0.163530260324478 0.169767886400223 0.17037558555603 0.173108339309692 0.173025116324425 0.161272868514061 0.162572592496872 0.171375170350075 0.178329408168793 0.179455026984215 0.174678772687912 0.169490724802017 0.16405126452446 0.163949847221375 0.170809850096703 0.180889874696732 0.176182642579079 0.171088576316833 0.164167955517769 0.162957951426506
0.166700795292854 0.166592925786972 0.162149474024773 0.163749992847443 0.169846832752228 0.171457394957542 0.167171582579613 0.166146531701088 0.172470182180405 0.180011287331581 0.187247723340988 0.197652235627174 0.189784362912178 0.176279544830322 0.172283515334129 0.166417434811592 0.167701154947281 0.178896367549896 0.171180635690689 0.160165816545486 0.155241876840591 0.163519710302353 0.175547003746033 0.182445213198662 0.176757350564003 0.167137235403061 0.164711833000183 0.169745221734047 0.169544398784637 0.16251677274704 0.155840873718262 0.166273266077042 0.174114003777504 0.178925335407257 0.177007675170898 0.171530246734619 0.171905353665352 0.172337427735329 0.167585223913193 0.168480560183525 0.167430683970451 0.161456435918808 0.171975895762444 0.176725268363953 0.174782574176788
0.167121812701225 0.161078065633774 0.160500034689903 0.16385480761528 0.168799072504044 0.165209636092186 0.166811764240265 0.172935485839844 0.178421840071678 0.180805563926697 0.185497224330902 0.194449231028557 0.184723064303398 0.178160086274147 0.178313136100769 0.167975381016731 0.16260027885437 0.163474306464195 0.157854571938515 0.151705086231232 0.148412525653839 0.15293176472187 0.163748875260353 0.174987196922302 0.176977187395096 0.16265806555748 0.157942339777946 0.167819023132324 0.177575692534447 0.173739850521088 0.169769912958145 0.180306300520897 0.181500494480133 0.178066894412041 0.176822260022163 0.179350420832634 0.181276142597198 0.181221723556519 0.17583392560482 0.171438604593277 0.158749014139175 0.154375821352005 0.182007387280464 0.192370235919952 0.187996417284012
0.161952525377274 0.155853375792503 0.162515670061111 0.17348538339138 0.180356800556183 0.164905443787575 0.166647955775261 0.178212225437164 0.186888307332993 0.183268293738365 0.182637304067612 0.18558569252491 0.181106746196747 0.183896452188492 0.183871626853943 0.170991763472557 0.161616161465645 0.15815457701683 0.159315422177315 0.161065667867661 0.163020521402359 0.164765194058418 0.163790807127953 0.167569816112518 0.170900702476501 0.159389704465866 0.159842222929001 0.169120207428932 0.178538471460342 0.173888012766838 0.175818279385567 0.18607297539711 0.185339853167534 0.170105114579201 0.165161445736885 0.17598682641983 0.180230990052223 0.187349677085876 0.189916118979454 0.186700433492661 0.162833914160728 0.155608907341957 0.178267046809196 0.192603930830956 0.190822705626488
0.15508933365345 0.158024355769157 0.169284895062447 0.179635137319565 0.179866373538971 0.163689404726028 0.167585149407387 0.182957842946053 0.195573508739471 0.189844638109207 0.187673762440681 0.184523239731789 0.178374022245407 0.181694626808167 0.181077435612679 0.172154739499092 0.164399713277817 0.164487779140472 0.169105723500252 0.172266066074371 0.174081534147263 0.173011094331741 0.165661826729774 0.165468096733093 0.168060705065727 0.1695376932621 0.175469473004341 0.177997142076492 0.175625145435333 0.162441283464432 0.163034215569496 0.169971585273743 0.172284096479416 0.16832335293293 0.170475006103516 0.177574723958969 0.177768588066101 0.189924716949463 0.198720142245293 0.195509567856789 0.170652583241463 0.16246734559536 0.171136930584908 0.183569759130478 0.181456610560417
0.157673358917236 0.168198674917221 0.167575910687447 0.164031997323036 0.165882393717766 0.166072219610214 0.169614300131798 0.187912508845329 0.198984026908875 0.19269172847271 0.188348993659019 0.181687891483307 0.174976572394371 0.17369519174099 0.173764556646347 0.170611754059792 0.165439173579216 0.165686845779419 0.168433964252472 0.170822441577911 0.172638326883316 0.168253734707832 0.160059779882431 0.163409814238548 0.165968269109726 0.169441863894463 0.178030639886856 0.17963182926178 0.170627146959305 0.153068661689758 0.15540212392807 0.167267873883247 0.174642413854599 0.168167650699615 0.175314486026764 0.183772385120392 0.185564801096916 0.189943224191666 0.193808421492577 0.190306663513184 0.173869386315346 0.167197570204735 0.169496729969978 0.176189944148064 0.168592363595963
0.171559661626816 0.178365126252174 0.174208730459213 0.16714996099472 0.170554295182228 0.173575103282928 0.174139097332954 0.192889869213104 0.198833733797073 0.193753257393837 0.187707513570786 0.181667149066925 0.172696113586426 0.166050285100937 0.171621575951576 0.174098342657089 0.171502336859703 0.166685879230499 0.163433462381363 0.16208016872406 0.164187535643578 0.156727626919746 0.151533976197243 0.157873660326004 0.160933375358582 0.163500383496284 0.167650833725929 0.171383544802666 0.170400902628899 0.163941696286201 0.163526877760887 0.167795866727829 0.171089291572571 0.160447522997856 0.161002457141876 0.169247895479202 0.175401523709297 0.173625037074089 0.181908592581749 0.18272240459919 0.174169823527336 0.166675314307213 0.165527984499931 0.16443632543087 0.154709666967392
0.176262587308884 0.173877909779549 0.172266706824303 0.175968378782272 0.183943316340446 0.181305393576622 0.179357036948204 0.193230807781219 0.197711005806923 0.193977683782578 0.187617227435112 0.185854628682137 0.172867804765701 0.163539946079254 0.174098134040833 0.180917993187904 0.177268296480179 0.164836391806602 0.159920945763588 0.165062502026558 0.175038278102875 0.16418731212616 0.157193034887314 0.157641068100929 0.158165827393532 0.160470828413963 0.163721829652786 0.167486652731895 0.171549052000046 0.173531666398048 0.172804906964302 0.162961274385452 0.158248886466026 0.158224686980247 0.164716601371765 0.171940550208092 0.171574652194977 0.1645637601614 0.175158306956291 0.185165897011757 0.184982910752296 0.17617455124855 0.170505657792091 0.164762169122696 0.157492309808731
0.170918256044388 0.163861125707626 0.164216458797455 0.167159646749496 0.168528527021408 0.167326867580414 0.173613682389259 0.187487006187439 0.195985525846481 0.194031864404678 0.187860742211342 0.184579953551292 0.170437380671501 0.168070659041405 0.179032549262047 0.18147224187851 0.173551350831985 0.157619073987007 0.150735557079315 0.160948008298874 0.170857086777687 0.161030411720276 0.162401005625725 0.161930084228516 0.159338265657425 0.159798130393028 0.161285907030106 0.163016736507416 0.165374249219894 0.171180799603462 0.17393459379673 0.162798702716827 0.161378338932991 0.166900470852852 0.175501152873039 0.178854122757912 0.17617529630661 0.171151742339134 0.176406487822533 0.194555655121803 0.193221494555473 0.177534267306328 0.167512804269791 0.171499043703079 0.1743503510952
0.162420481443405 0.163213506340981 0.17319543659687 0.177157774567604 0.174850627779961 0.173243656754494 0.179004043340683 0.18783301115036 0.19509519636631 0.19638854265213 0.190946623682976 0.182170569896698 0.168714612722397 0.171091124415398 0.176725998520851 0.166611403226852 0.159793838858604 0.158986493945122 0.162582516670227 0.164655268192291 0.160354435443878 0.150315478444099 0.161015510559082 0.164751753211021 0.162401363253593 0.161113604903221 0.163177564740181 0.160417661070824 0.152321428060532 0.151947170495987 0.157368794083595 0.162225693464279 0.166071817278862 0.171392112970352 0.178798735141754 0.181692346930504 0.182673469185829 0.179026216268539 0.176901206374168 0.19100746512413 0.189100787043571 0.174220606684685 0.159109473228455 0.168416455388069 0.174478948116302
0.159856468439102 0.17263175547123 0.188057497143745 0.186470046639442 0.184359520673752 0.188990816473961 0.19798569381237 0.205698266625404 0.208218693733215 0.200166627764702 0.1858911216259 0.17392809689045 0.165378123521805 0.166003912687302 0.167580604553223 0.16615130007267 0.16161647439003 0.162777692079544 0.17002646625042 0.171067833900452 0.158739343285561 0.149828642606735 0.152860879898071 0.16480253636837 0.166374087333679 0.162311464548111 0.165643632411957 0.162918448448181 0.151519760489464 0.141044765710831 0.147862046957016 0.158601686358452 0.162563532590866 0.166177973151207 0.17119787633419 0.177735716104507 0.178910866379738 0.176611915230751 0.170071184635162 0.169864535331726 0.179352775216103 0.179262042045593 0.172972694039345 0.169237583875656 0.171235293149948
0.172007754445076 0.179604575037956 0.187771216034889 0.184024497866631 0.186699569225311 0.194633424282074 0.202950611710548 0.20361801981926 0.205312043428421 0.202562153339386 0.186590030789375 0.169414177536964 0.16344940662384 0.173793658614159 0.181393966078758 0.177233457565308 0.163366585969925 0.155216604471207 0.166264981031418 0.184028521180153 0.172051653265953 0.160041183233261 0.155740112066269 0.164481595158577 0.163258716464043 0.159071072936058 0.156236156821251 0.162089839577675 0.166790336370468 0.163153767585754 0.155831024050713 0.154388293623924 0.153613150119781 0.161988332867622 0.171708732843399 0.173693284392357 0.16613295674324 0.175436303019524 0.160779878497124 0.145349383354187 0.169208943843842 0.176216244697571 0.175889641046524 0.172897279262543 0.173868164420128
0.177392289042473 0.177412584424019 0.175646305084229 0.173726677894592 0.180635258555412 0.190227404236794 0.196726202964783 0.191198423504829 0.193951427936554 0.203069403767586 0.206641525030136 0.1913221180439 0.175554916262627 0.172923266887665 0.187722578644753 0.182739049196243 0.161290153861046 0.141475945711136 0.153609603643417 0.174946054816246 0.182158336043358 0.173696756362915 0.164572283625603 0.160084813833237 0.151856914162636 0.1554886251688 0.161908686161041 0.163717672228813 0.176705405116081 0.183053895831108 0.165535598993301 0.158601224422455 0.157369822263718 0.159386232495308 0.166360855102539 0.162030264735222 0.154671117663383 0.179754629731178 0.166762724518776 0.158808514475822 0.183490708470345 0.184223815798759 0.176183506846428 0.173700585961342 0.178757846355438
0.17806002497673 0.174456015229225 0.176229879260063 0.183752655982971 0.191344663500786 0.19560207426548 0.192989274859428 0.180959925055504 0.176942005753517 0.189183831214905 0.208316639065742 0.199446827173233 0.18095451593399 0.16799795627594 0.176722303032875 0.179970949888229 0.168068736791611 0.149987190961838 0.166341051459312 0.176755726337433 0.181197196245193 0.176333263516426 0.172694742679596 0.167386546730995 0.16184689104557 0.164990976452827 0.164494410157204 0.158754706382751 0.169982314109802 0.173947364091873 0.164617463946342 0.153894409537315 0.151524797081947 0.155278727412224 0.162964046001434 0.153865724802017 0.152048468589783 0.173721864819527 0.18530860543251 0.178566426038742 0.180300697684288 0.184634238481522 0.17302231490612 0.166570052504539 0.175684630870819
0.182013854384422 0.181759744882584 0.186456069350243 0.192005977034569 0.195146232843399 0.196555390954018 0.191143721342087 0.180145755410194 0.173775419592857 0.176984235644341 0.192061349749565 0.200870215892792 0.185400456190109 0.160858958959579 0.1446912586689 0.162174597382545 0.175755590200424 0.178370356559753 0.18332327902317 0.173710465431213 0.162409320473671 0.155218094587326 0.166125804185867 0.174352645874023 0.174615293741226 0.16866734623909 0.161895737051964 0.155895113945007 0.162170454859734 0.166739284992218 0.165015742182732 0.154762864112854 0.1518564671278 0.157853633165359 0.169797793030739 0.162549540400505 0.159820675849915 0.172204047441483 0.198770627379417 0.183959946036339 0.169761687517166 0.176388636231422 0.18757800757885 0.179963916540146 0.170795872807503
0.18611179292202 0.185202687978745 0.187762469053268 0.18703705072403 0.184246614575386 0.181546226143837 0.174445122480392 0.17328354716301 0.180524945259094 0.169812768697739 0.174763396382332 0.194234564900398 0.19167149066925 0.173283323645592 0.162026524543762 0.180053099989891 0.190485164523125 0.1971445530653 0.189575895667076 0.166006475687027 0.155423536896706 0.155842274427414 0.169067695736885 0.184959128499031 0.183464705944061 0.166128918528557 0.16497540473938 0.171962052583694 0.180280327796936 0.17209592461586 0.165723249316216 0.159711182117462 0.158502951264381 0.167462557554245 0.176875993609428 0.168264254927635 0.161324054002762 0.170411825180054 0.195835143327713 0.185224041342735 0.173735827207565 0.172303676605225 0.180886581540108 0.177143752574921 0.171797379851341
