data/1_raw/trimmed_ndre/Aes_ndre.718.2010_no_clouds.asc
NCOLS 109 
NROWS 101 
XLLCORNER 466110 
YLLCORNER 5182005 
CELLSIZE 5 
NODATA_value -3.4e+38 
[rows 60 to 79 of 101, columns 45 to 89 of 109]
0.36993333697319 0.374218791723251 0.34134042263031 0.31944614648819 0.293263405561447 0.296631932258606 0.319251120090485 0.345591217279434 0.37337401509285 0.365210235118866 0.351472318172455 0.379697412252426 0.403275102376938 0.443073093891144 0.446602821350098 0.430788427591324 0.376916199922562 0.337288856506348 0.312156349420547 0.294075191020966 0.284839034080505 0.245481297373772 0.236807286739349 0.233483240008354 0.240436047315598 0.234718725085258 0.22509902715683 0.237551763653755 0.255505591630936 0.261447221040726 0.256176352500916 0.248862951993942 0.229982197284698 0.234382808208466 0.266802847385406 0.273779332637787 0.266943961381912 0.296578645706177 0.304384529590607 0.284496396780014 0.271012395620346 0.290319591760635 0.284325659275055 0.292775183916092 0.29689821600914
0.335988134145737 0.327207058668137 0.290472149848938 0.284189909696579 0.301597028970718 0.320723742246628 0.321163177490234 0.328246116638184 0.364753276109695 0.347630590200424 0.328683316707611 0.337324678897858 0.373776793479919 0.429382264614105 0.436340600252151 0.409907072782516 0.386775523424149 0.403799682855606 0.37416073679924 0.321615189313889 0.296655148267746 0.272530198097229 0.26884338259697 0.255550116300583 0.255902856588364 0.249673083424568 0.247987061738968 0.252783566713333 0.273614078760147 0.275137931108475 0.272354573011398 0.269717007875443 0.251450181007385 0.224966645240784 0.22185443341732 0.270191699266434 0.27256053686142 0.269859254360199 0.281671494245529 0.286275029182434 0.277565866708755 0.274077326059341 0.271692246198654 0.293086171150208 0.305858582258224
0.350312888622284 0.339942157268524 0.296002447605133 0.294150531291962 0.332911759614944 0.354640245437622 0.345648020505905 0.33421128988266 0.334640830755234 0.317146629095078 0.318501204252243 0.329210460186005 0.350349426269531 0.378984868526459 0.368180155754089 0.360419243574142 0.369009673595428 0.378439009189606 0.368486523628235 0.3349429666996 0.323812037706375 0.322738587856293 0.313855439424515 0.298376590013504 0.290194481611252 0.291530042886734 0.290489017963409 0.283174306154251 0.307375431060791 0.279451578855515 0.255399256944656 0.259644836187363 0.263624042272568 0.24474573135376 0.240959495306015 0.268158942461014 0.270602375268936 0.257124304771423 0.252670019865036 0.27450630068779 0.28603458404541 0.266518026590347 0.26411846280098 0.27699676156044 0.292417913675308
0.366347849369049 0.353273779153824 0.324522912502289 0.312657624483109 0.323279321193695 0.322166234254837 0.306741952896118 0.303712338209152 0.300188630819321 0.28364023566246 0.279226094484329 0.281539469957352 0.299156755208969 0.339295387268066 0.34612113237381 0.345240563154221 0.368729740381241 0.387843638658524 0.375596731901169 0.356828093528748 0.359146773815155 0.356960982084274 0.335552573204041 0.316376835107803 0.316251635551453 0.326446443796158 0.305937021970749 0.29492574930191 0.303767681121826 0.271880507469177 0.261070519685745 0.258592396974564 0.254365712404251 0.230819046497345 0.228397682309151 0.256487250328064 0.271014988422394 0.283535063266754 0.25953933596611 0.255297750234604 0.277009665966034 0.273322701454163 0.270261287689209 0.271492600440979 0.281069368124008
0.365390956401825 0.328167140483856 0.314813286066055 0.305225372314453 0.321204423904419 0.311277627944946 0.272043853998184 0.263224124908447 0.280336409807205 0.288262665271759 0.266791522502899 0.252717822790146 0.26603439450264 0.318811148405075 0.387285679578781 0.41699954867363 0.398603111505508 0.394542008638382 0.397969186306 0.396224081516266 0.416610389947891 0.418355762958527 0.378063172101974 0.345614850521088 0.338059067726135 0.338245272636414 0.312869638204575 0.316037505865097 0.308772712945938 0.286049664020538 0.289042592048645 0.267429322004318 0.242103934288025 0.222431033849716 0.229315206408501 0.24855375289917 0.243933975696564 0.2445999532938 0.26944500207901 0.265411466360092 0.261780261993408 0.265744656324387 0.280047118663788 0.273497849702835 0.267254710197449
0.352665483951569 0.330832839012146 0.3369360268116 0.309620440006256 0.307746201753616 0.302863955497742 0.248979985713959 0.230498731136322 0.248009353876114 0.242577686905861 0.22131834924221 0.228137150406837 0.2470323741436 0.264472097158432 0.314615100622177 0.358822464942932 0.345105051994324 0.367737919092178 0.418013840913773 0.433834940195084 0.440484881401062 0.416901439428329 0.383513808250427 0.369913816452026 0.360571324825287 0.332497388124466 0.305350661277771 0.319316655397415 0.302994579076767 0.286841690540314 0.279955118894577 0.2501220703125 0.228883340954781 0.230942517518997 0.247324988245964 0.245332583785057 0.239603295922279 0.250368982553482 0.295642524957657 0.280535310506821 0.247734382748604 0.25194787979126 0.280137658119202 0.281383037567139 0.260409623384476
0.357717514038086 0.34062123298645 0.328287243843079 0.295233100652695 0.275388598442078 0.264276832342148 0.212509617209435 0.224880233407021 0.24750642478466 0.213952153921127 0.186610370874405 0.200046256184578 0.218365624547005 0.216236084699631 0.232887417078018 0.254554659128189 0.270025581121445 0.311805218458176 0.360161364078522 0.382371544837952 0.374079436063766 0.349882930517197 0.34335321187973 0.34240785241127 0.335344523191452 0.319064021110535 0.307479053735733 0.302797913551331 0.267677068710327 0.265068769454956 0.263146430253983 0.245683401823044 0.236722871661186 0.244887977838516 0.271113902330399 0.269066542387009 0.271055430173874 0.270736277103424 0.273757725954056 0.268482267856598 0.257220208644867 0.267658919095993 0.267505466938019 0.267059206962585 0.276160687208176
0.405122429132462 0.378664255142212 0.30546510219574 0.272722065448761 0.253770679235458 0.243799120187759 0.217540368437767 0.234564855694771 0.242867052555084 0.217526033520699 0.207677140831947 0.199373632669449 0.190939426422119 0.191797941923141 0.210484206676483 0.233937099575996 0.252314120531082 0.272084504365921 0.282347589731216 0.29503732919693 0.301982939243317 0.310678511857986 0.321939796209335 0.317727506160736 0.30421182513237 0.299457520246506 0.319147288799286 0.318074345588684 0.273919820785522 0.251957207918167 0.23822121322155 0.241803243756294 0.244003877043724 0.246784254908562 0.263931334018707 0.271421283483505 0.284023195505142 0.256515115499496 0.24041785299778 0.245060935616493 0.263087272644043 0.276403427124023 0.252804577350616 0.247158423066139 0.291342914104462
0.417858749628067 0.3816257417202 0.306828230619431 0.267359256744385 0.263877779245377 0.256653249263763 0.236720770597458 0.225659862160683 0.218798696994781 0.228878796100616 0.232233911752701 0.21479395031929 0.197643876075745 0.182068556547165 0.179829031229019 0.188272386789322 0.209756523370743 0.22807203233242 0.2291569262743 0.236882418394089 0.24497652053833 0.254608541727066 0.264582395553589 0.270258903503418 0.260944455862045 0.259896039962769 0.285692572593689 0.282716244459152 0.252692341804504 0.219825223088264 0.212821155786514 0.210128366947174 0.221666663885117 0.240508377552032 0.254902184009552 0.268036603927612 0.281175702810287 0.27110880613327 0.264476537704468 0.26506981253624 0.270943641662598 0.277367472648621 0.269363790750504 0.263849437236786 0.284630984067917
0.382520884275436 0.353747636079788 0.334596216678619 0.297483414411545 0.287102401256561 0.26691272854805 0.241647303104401 0.239198595285416 0.234158903360367 0.235835269093513 0.236602947115898 0.224187523126602 0.21572157740593 0.201652303338051 0.191197395324707 0.192978799343109 0.20053619146347 0.20616227388382 0.200620055198669 0.199693158268929 0.206819176673889 0.224199399352074 0.225553274154663 0.222557693719864 0.226555585861206 0.222739338874817 0.232045009732246 0.243085384368896 0.222776561975479 0.20953768491745 0.226312503218651 0.218714565038681 0.213572755455971 0.231867477297783 0.251604735851288 0.273087650537491 0.285496413707733 0.275575518608093 0.266274780035019 0.269430428743362 0.261097520589828 0.253758609294891 0.275529563426971 0.292730540037155 0.287592262029648
0.384937107563019 0.378486692905426 0.367785513401031 0.305198073387146 0.273443639278412 0.266091167926788 0.237090483307838 0.23939473927021 0.245073765516281 0.229452267289162 0.228986963629723 0.219148367643356 0.209232494235039 0.20709502696991 0.200295597314835 0.201856285333633 0.200526297092438 0.197039604187012 0.183481022715569 0.173279911279678 0.185926899313927 0.209849804639816 0.209970653057098 0.211658716201782 0.218023136258125 0.198487371206284 0.200555488467216 0.223836004734039 0.219598025083542 0.213762328028679 0.219501703977585 0.217766895890236 0.215276315808296 0.225338414311409 0.238007545471191 0.245831444859505 0.264928132295609 0.265635251998901 0.254563897848129 0.266094505786896 0.283040463924408 0.284375309944153 0.282458901405334 0.295861154794693 0.295573502779007
0.390241175889969 0.400284737348557 0.373661816120148 0.317623496055603 0.27719059586525 0.282325387001038 0.26526603102684 0.248565852642059 0.245998978614807 0.231817096471786 0.214440897107124 0.203817203640938 0.20010232925415 0.206005319952965 0.196140676736832 0.200715333223343 0.201344132423401 0.184377565979958 0.192306041717529 0.182465523481369 0.17985500395298 0.200144365429878 0.197016373276711 0.200715631246567 0.214275538921356 0.209027603268623 0.196802601218224 0.204499781131744 0.218777567148209 0.216864362359047 0.205747216939926 0.20490126311779 0.216891333460808 0.220950096845627 0.232501924037933 0.234568148851395 0.246819123625755 0.28076496720314 0.291636288166046 0.289182364940643 0.294999361038208 0.293367177248001 0.273630023002625 0.266438186168671 0.281146287918091
0.368634462356567 0.386717528104782 0.378382176160812 0.352778315544128 0.321221053600311 0.314041882753372 0.296523988246918 0.267210632562637 0.240242660045624 0.223045513033867 0.216150507330894 0.215685412287712 0.211342319846153 0.205048635601997 0.192973926663399 0.20016510784626 0.198282539844513 0.19553816318512 0.224222883582115 0.213349744677544 0.187690526247025 0.194424271583557 0.210455372929573 0.206905335187912 0.214087754487991 0.22772279381752 0.211786359548569 0.199237465858459 0.206156685948372 0.215197637677193 0.20363387465477 0.204312697052956 0.209048181772232 0.199107095599174 0.229909002780914 0.257298827171326 0.250687003135681 0.25982204079628 0.2712482213974 0.280832767486572 0.270822674036026 0.274723827838898 0.280488789081573 0.264059782028198 0.266617894172668
0.354470729827881 0.365032821893692 0.369223415851593 0.372550368309021 0.356114625930786 0.326577365398407 0.295907348394394 0.270328044891357 0.244791850447655 0.219037815928459 0.217155367136002 0.218048855662346 0.214522644877434 0.198527336120605 0.186616435647011 0.209245830774307 0.221638962626457 0.217139586806297 0.215120658278465 0.217163473367691 0.218238800764084 0.218691378831863 0.226658403873444 0.208866715431213 0.217133522033691 0.232954293489456 0.215474486351013 0.210527405142784 0.209603011608124 0.219701886177063 0.198482438921928 0.204470545053482 0.214748024940491 0.200339511036873 0.230540826916695 0.271438628435135 0.269996643066406 0.247907519340515 0.252746760845184 0.276146054267883 0.263410300016403 0.250987559556961 0.251465499401093 0.246292158961296 0.260638743638992
0.359422326087952 0.365672886371613 0.383389115333557 0.391015887260437 0.370983719825745 0.329612553119659 0.299531012773514 0.28143584728241 0.256438404321671 0.231179296970367 0.202612742781639 0.1955456584692 0.215873062610626 0.205624476075172 0.189197927713394 0.201880738139153 0.220436558127403 0.218262791633606 0.227858006954193 0.228555992245674 0.230169177055359 0.223534226417542 0.208217188715935 0.208544492721558 0.23175436258316 0.226451843976974 0.217481568455696 0.232596442103386 0.227973774075508 0.213688522577286 0.199239552021027 0.217666253447533 0.22941766679287 0.225015103816986 0.235062092542648 0.275076299905777 0.276953250169754 0.247511625289917 0.25021106004715 0.28142049908638 0.28721609711647 0.264118432998657 0.247204825282097 0.253680646419525 0.266502857208252
0.336308926343918 0.33929967880249 0.371209323406219 0.390248477458954 0.37745875120163 0.344720631837845 0.302043855190277 0.283744215965271 0.273839950561523 0.279103606939316 0.22559916973114 0.202792525291443 0.229753777384758 0.224749147891998 0.204927861690521 0.187722653150558 0.2174022346735 0.224117398262024 0.227776363492012 0.22991418838501 0.207873493432999 0.209383606910706 0.212977334856987 0.214542284607887 0.255595624446869 0.24305072426796 0.223559662699699 0.22491942346096 0.216357722878456 0.214662104845047 0.216434627771378 0.220304325222969 0.225286453962326 0.22296130657196 0.230270966887474 0.262099742889404 0.278481394052505 0.254628896713257 0.23394538462162 0.242788836359978 0.276102751493454 0.285187810659409 0.263966113328934 0.258401811122894 0.257256150245667
0.316441178321838 0.302815437316895 0.334880322217941 0.370691031217575 0.374536335468292 0.358575612306595 0.335849642753601 0.311123460531235 0.301778435707092 0.310969024896622 0.270201921463013 0.239369064569473 0.251634836196899 0.244310572743416 0.256346434354782 0.237308353185654 0.231433510780334 0.23887374997139 0.235543668270111 0.242700755596161 0.222035393118858 0.199629664421082 0.219716355204582 0.232042163610458 0.25658306479454 0.265607476234436 0.245179727673531 0.233529642224312 0.215457588434219 0.227997019886971 0.227483242750168 0.210165545344353 0.209741696715355 0.210542663931847 0.224140167236328 0.250172972679138 0.282387018203735 0.289441376924515 0.261468350887299 0.239737778902054 0.26060676574707 0.283498138189316 0.258663773536682 0.240978881716728 0.237646281719208
0.29718554019928 0.290281683206558 0.317543089389801 0.344037234783173 0.338656097650528 0.363062977790833 0.399439215660095 0.366369903087616 0.325518876314163 0.324778944253922 0.299764841794968 0.271479308605194 0.265685141086578 0.248111918568611 0.260484099388123 0.25814351439476 0.244951486587524 0.258552819490433 0.244956776499748 0.234962373971939 0.232514768838882 0.225228860974312 0.251557558774948 0.245936840772629 0.218573346734047 0.263093799352646 0.268500149250031 0.237104713916779 0.220383867621422 0.231929779052734 0.215116277337074 0.191090315580368 0.199420258402824 0.211848184466362 0.244570717215538 0.260964661836624 0.255681842565536 0.270992279052734 0.267992496490479 0.254181414842606 0.25842297077179 0.266207218170166 0.250321090221405 0.243099823594093 0.247403025627136
0.261313796043396 0.278004825115204 0.276283442974091 0.297893404960632 0.317795515060425 0.36109733581543 0.393686771392822 0.378491431474686 0.352046012878418 0.332180112600327 0.310458302497864 0.280493825674057 0.277775436639786 0.264701336622238 0.274690687656403 0.271986484527588 0.250527262687683 0.246829390525818 0.257167398929596 0.25536647439003 0.256520181894302 0.259014129638672 0.253591954708099 0.235633075237274 0.241944015026093 0.273906946182251 0.251327216625214 0.226504102349281 0.204451903700829 0.206619992852211 0.196730583906174 0.191719353199005 0.204311400651932 0.214141950011253 0.251081943511963 0.258751571178436 0.235113054513931 0.242886692285538 0.24226987361908 0.246302083134651 0.265249967575073 0.278615534305573 0.273611813783646 0.260389178991318 -3.4e+38
0.255959361791611 0.278559654951096 0.256892412900925 0.293171167373657 0.348780155181885 0.385990351438522 0.392245024442673 0.373716980218887 0.36561518907547 0.341087460517883 0.316700637340546 0.280846327543259 0.278716593980789 0.284912765026093 0.287830859422684 0.276298344135284 0.25256359577179 0.244938731193542 0.249494850635529 0.24668675661087 0.260041624307632 0.255511701107025 0.246714189648628 0.229533672332764 0.251915484666824 0.264994978904724 0.249049484729767 0.249841794371605 0.232929646968842 0.208323463797569 0.201269805431366 0.204621955752373 0.227639764547348 0.245467394590378 0.262685179710388 0.246350198984146 0.225270479917526 0.234895631670952 0.222770005464554 0.227002575993538 0.251863688230515 -3.4e+38 -3.4e+38 -3.4e+38 -3.4e+38
