data/1_raw/trimmed_ndre/Aes_ndre.727.2013_no_clouds.asc
NCOLS 109 
NROWS 101 
XLLCORNER 466110 
YLLCORNER 5182005 
CELLSIZE 5 
NODATA_value -3.4e+38 
[rows 60 to 79 of 101, columns 45 to 89 of 109]
0.252214640378952 0.242409408092499 0.241893425583839 0.22451476752758 0.195958122611046 0.183765649795532 0.168495833873749 0.173111125826836 0.171324297785759 0.172183156013489 0.185555726289749 0.200263991951942 0.214085474610329 0.252786815166473 0.259918659925461 0.241894826292992 0.259157866239548 0.266987890005112 0.270025581121445 0.276870131492615 0.259437292814255 0.24493370950222 0.224013775587082 0.206793755292892 0.209443882107735 0.186782851815224 0.166332140564919 0.166736856102943 0.169146880507469 0.156805470585823 0.142458647489548 0.138971999287605 0.134778782725334 0.133369922637939 0.140281781554222 0.153148770332336 0.164221674203873 0.181107223033905 0.193045616149902 0.192424193024635 0.193515762686729 0.197131216526031 0.193186223506927 0.200390949845314 0.207458525896072
0.243711024522781 0.236259296536446 0.223428577184677 0.184128686785698 0.181981116533279 0.189070522785187 0.158975020051003 0.166574567556381 0.180171087384224 0.178566873073578 0.214334756135941 0.227664992213249 0.227423548698425 0.24967959523201 0.249822378158569 0.21758034825325 0.236184343695641 0.259583622217178 0.266427546739578 0.289732992649078 0.287079125642776 0.259785890579224 0.24006924033165 0.231291338801384 0.244381070137024 0.21596422791481 0.168514102697372 0.161200985312462 0.165529102087021 0.154204323887825 0.143365442752838 0.140909165143967 0.135395854711533 0.138305887579918 0.141496911644936 0.151233077049255 0.155444771051407 0.156724452972412 0.172866404056549 0.189969182014465 0.198728203773499 0.194728747010231 0.192572951316833 0.199606746435165 0.202428996562958
0.257405191659927 0.236414387822151 0.19275775551796 0.156615436077118 0.165200382471085 0.171947747468948 0.157695218920708 0.17052948474884 0.197561383247375 0.223130106925964 0.267158776521683 0.27233624458313 0.235741272568703 0.209128558635712 0.205004677176476 0.19584983587265 0.206309467554092 0.235208660364151 0.257094264030457 0.304387241601944 0.325856387615204 0.300672978162766 0.283085256814957 0.264144033193588 0.256907016038895 0.242701128125191 0.200879067182541 0.174797847867012 0.168137058615685 0.160072833299637 0.15522189438343 0.147712007164955 0.139609336853027 0.144400745630264 0.151281982660294 0.155046433210373 0.153654113411903 0.15421399474144 0.176299855113029 0.196182355284691 0.198153480887413 0.187010124325752 0.187420904636383 0.194071814417839 0.185808345675468
0.260608822107315 0.237949371337891 0.187666237354279 0.161545187234879 0.158987656235695 0.165294617414474 0.156489104032516 0.160074040293694 0.20864574611187 0.252642512321472 0.287455648183823 0.300492435693741 0.254735201597214 0.194117337465286 0.170345708727837 0.169551983475685 0.171719908714294 0.206191301345825 0.241959497332573 0.28237396478653 0.293556571006775 0.276412844657898 0.284811794757843 0.272059947252274 0.2562595307827 0.258633106946945 0.24763435125351 0.214425265789032 0.176339715719223 0.162718042731285 0.151563853025436 0.144099697470665 0.144645690917969 0.14800263941288 0.155381545424461 0.165187403559685 0.168303161859512 0.175989776849747 0.191329225897789 0.205707594752312 0.197905272245407 0.179938197135925 0.182268396019936 0.190129563212395 0.177230358123779
0.255618184804916 0.234533995389938 0.193430155515671 0.161551043391228 0.151139348745346 0.156629294157028 0.146275386214256 0.147889569401741 0.193240776658058 0.219190344214439 0.237181693315506 0.246011734008789 0.200399219989777 0.148803681135178 0.130665585398674 0.143557012081146 0.15276050567627 0.181873172521591 0.205402836203575 0.199357837438583 0.210415884852409 0.225781470537186 0.247360929846764 0.262862354516983 0.277788162231445 0.298849552869797 0.297315001487732 0.235436901450157 0.166960716247559 0.151779055595398 0.131369367241859 0.127274706959724 0.138600543141365 0.143547743558884 0.148854434490204 0.168255433440208 0.173446282744408 0.170942738652229 0.177335038781166 0.188746809959412 0.188881173729897 0.174553230404854 0.178519323468208 0.186286568641663 0.173821464180946
0.24433633685112 0.222123444080353 0.197834923863411 0.166751950979233 0.14996425807476 0.152591362595558 0.141757175326347 0.145367205142975 0.175672248005867 0.167659923434258 0.164279997348785 0.166649013757706 0.135095804929733 0.116324260830879 0.13454295694828 0.145351588726044 0.150385603308678 0.154081076383591 0.15528267621994 0.150279983878136 0.189545169472694 0.236610427498817 0.269273847341537 0.308463513851166 0.326854526996613 0.308033883571625 0.274460077285767 0.200964152812958 0.147098943591118 0.156323209404945 0.13623271882534 0.123203299939632 0.141579151153564 0.143859103322029 0.141725435853004 0.156930834054947 0.176897346973419 0.174447074532509 0.164002940058708 0.170776262879372 0.181826397776604 0.172919794917107 0.17797164618969 0.183291614055634 0.180491134524345
0.24552321434021 0.222624540328979 0.210073903203011 0.178073763847351 0.157724946737289 0.156283497810364 0.148574516177177 0.144295826554298 0.149175062775612 0.134460806846619 0.127565294504166 0.138051316142082 0.128499254584312 0.118921682238579 0.121900409460068 0.124050557613373 0.131625726819038 0.136263579130173 0.150227725505829 0.16825832426548 0.190420687198639 0.222141399979591 0.241582825779915 0.271313309669495 0.271036207675934 0.228050723671913 0.202712714672089 0.159510880708694 0.124607212841511 0.152128860354424 0.145513907074928 0.139109924435616 0.155378684401512 0.157062858343124 0.15309864282608 0.162366926670074 0.180293023586273 0.179956376552582 0.168471023440361 0.179248496890068 0.190914958715439 0.189505144953728 0.191074103116989 0.185379564762115 0.187001019716263
0.260645538568497 0.248229384422302 0.225316196680069 0.191809758543968 0.167544201016426 0.151658788323402 0.149032279849052 0.133658066391945 0.133903026580811 0.137189522385597 0.130165487527847 0.13753080368042 0.133667081594467 0.121622212231159 0.119012981653214 0.113550208508968 0.117081113159657 0.133696779608727 0.15079528093338 0.157471999526024 0.163226053118706 0.17017374932766 0.164854854345322 0.167294472455978 0.170351922512054 0.164446368813515 0.158274948596954 0.131158843636513 0.109290316700935 0.131647884845734 0.145415335893631 0.148855209350586 0.150982081890106 0.160133525729179 0.173838689923286 0.174447223544121 0.1715477257967 0.172139272093773 0.1753099411726 0.184331029653549 0.192368537187576 0.193842142820358 0.195096135139465 0.181671485304832 0.180547624826431
0.265087574720383 0.2703977227211 0.234636649489403 0.202625766396523 0.176408886909485 0.152818441390991 0.143662840127945 0.123021468520164 0.134540542960167 0.14276947081089 0.133947893977165 0.128945022821426 0.128555133938789 0.13194927573204 0.131762027740479 0.118801221251488 0.113918043673038 0.114767521619797 0.119555793702602 0.118493802845478 0.120335802435875 0.127731084823608 0.131309986114502 0.1332738250494 0.139994323253632 0.133533373475075 0.124078072607517 0.113099299371243 0.107716031372547 0.123313046991825 0.132727295160294 0.147124767303467 0.15520291030407 0.164505913853645 0.175461485981941 0.174256175756454 0.16917060315609 0.16561932861805 0.175009846687317 0.177957206964493 0.176796153187752 0.177887707948685 0.186427012085915 0.176942333579063 0.180405765771866
0.248180285096169 0.282035082578659 0.278769433498383 0.237704455852509 0.205039262771606 0.178087696433067 0.148463323712349 0.126400649547577 0.142591863870621 0.15117521584034 0.141672492027283 0.127328217029572 0.12649242579937 0.136548191308975 0.132092848420143 0.120990462601185 0.117141291499138 0.116202257573605 0.114222623407841 0.112698249518871 0.117408096790314 0.12649792432785 0.135861694812775 0.138219952583313 0.133242085576057 0.122747242450714 0.119426012039185 0.116570800542831 0.113814011216164 0.116800867021084 0.124071776866913 0.140605494379997 0.150609657168388 0.15761910378933 0.161430343985558 0.16483798623085 0.173912540078163 0.175145149230957 0.171075776219368 0.168143033981323 0.164936944842339 0.17033776640892 0.175365075469017 0.16853004693985 0.185187622904778
0.23744885623455 0.261773109436035 0.279354959726334 0.260532259941101 0.236519932746887 0.20811365544796 0.168904155492783 0.138239234685898 0.145063564181328 0.14697602391243 0.140525221824646 0.135598078370094 0.127906203269958 0.118699081242085 0.109849601984024 0.114131540060043 0.117951422929764 0.126781344413757 0.131818130612373 0.135006725788116 0.13953298330307 0.141342028975487 0.149506151676178 0.149673253297806 0.132355883717537 0.124085940420628 0.12962794303894 0.127053156495094 0.124682493507862 0.12811316549778 0.133550032973289 0.13751794397831 0.141730517148972 0.147794216871262 0.15290804207325 0.155885502696037 0.16405077278614 0.174461767077446 0.170662373304367 0.168601274490356 0.169057339429855 0.176176935434341 0.176517352461815 0.171190589666367 0.184735849499702
0.207626134157181 0.208287253975868 0.234324187040329 0.247493967413902 0.242873385548592 0.218467116355896 0.191947221755981 0.157672226428986 0.14053001999855 0.13995960354805 0.135299518704414 0.133332461118698 0.132022842764854 0.131295144557953 0.127721786499023 0.127540588378906 0.129958659410477 0.13748674094677 0.14055272936821 0.142870962619781 0.145130664110184 0.140013799071312 0.138509690761566 0.135703980922699 0.128330051898956 0.126039206981659 0.13372740149498 0.139601156115532 0.13970322906971 0.136444255709648 0.139331310987473 0.139744386076927 0.143008679151535 0.146306082606316 0.158363446593285 0.162782073020935 0.162377804517746 0.175872772932053 0.175433456897736 0.17215022444725 0.174955993890762 0.184622257947922 0.181898504495621 0.179416924715042 0.18405057489872
0.178501173853874 0.178073227405548 0.200880885124207 0.225643113255501 0.241988867521286 0.228051275014877 0.206493809819221 0.16291207075119 0.139742031693459 0.147771343588829 0.134357392787933 0.13575567305088 0.143596887588501 0.142539128661156 0.141474559903145 0.147362798452377 0.152120143175125 0.156142935156822 0.15722967684269 0.154477715492249 0.151944920420647 0.137959003448486 0.130669742822647 0.132705882191658 0.135234609246254 0.139392793178558 0.141829073429108 0.143202513456345 0.136944875121117 0.132142663002014 0.130987197160721 0.132384642958641 0.139573246240616 0.1455919444561 0.164705827832222 0.168971106410027 0.171548306941986 0.183097034692764 0.17848713696003 0.173554599285126 0.177441075444221 0.187468975782394 0.183137848973274 0.182007610797882 0.187905624508858
0.171053558588028 0.176528126001358 0.188679128885269 0.211851164698601 0.220435693860054 0.222070783376694 0.215160444378853 0.173510164022446 0.152534425258636 0.157927975058556 0.142782762646675 0.13308173418045 0.14182548224926 0.141382172703743 0.129852414131165 0.1338741928339 0.143808603286743 0.165593549609184 0.17087659239769 0.16160124540329 0.157501518726349 0.153348490595818 0.153491780161858 0.163171350955963 0.156141772866249 0.150640934705734 0.144401073455811 0.134804904460907 0.130600243806839 0.130028426647186 0.125560358166695 0.12697359919548 0.133668556809425 0.139849364757538 0.155367136001587 0.160873755812645 0.170226842164993 0.176812842488289 0.171506896615028 0.165451258420944 0.170438528060913 0.180557236075401 0.180335566401482 0.181901559233665 0.189158692955971
0.167799815535545 0.169479265809059 0.182678446173668 0.216455847024918 0.224978968501091 0.225594907999039 0.232439830899239 0.204318389296532 0.180804416537285 0.168675124645233 0.157225027680397 0.139834314584732 0.135097727179527 0.139570683240891 0.129997745156288 0.133862093091011 0.146143794059753 0.165667489171028 0.169297724962234 0.160898685455322 0.16011580824852 0.168239682912827 0.16210113465786 0.156157091259956 0.155711516737938 0.150910571217537 0.141013965010643 0.12988044321537 0.129087120294571 0.13327232003212 0.131270527839661 0.135216653347015 0.132522061467171 0.133732318878174 0.144082546234131 0.153530493378639 0.168917134404182 0.170269548892975 0.165872484445572 0.16091813147068 0.166940554976463 0.176915496587753 0.174837246537209 0.17622934281826 0.179928913712502
0.168492361903191 0.160806179046631 0.170223250985146 0.215732023119926 0.238276705145836 0.234492927789688 0.230093687772751 0.218146324157715 0.210868567228317 0.191067412495613 0.169481843709946 0.157776460051537 0.142957493662834 0.147700265049934 0.144256606698036 0.145945236086845 0.164290100336075 0.168185904622078 0.163653582334518 0.158018484711647 0.157326549291611 0.166537091135979 0.156236857175827 0.14043402671814 0.147197559475899 0.145538315176964 0.144025728106499 0.136418953537941 0.131966263055801 0.136994734406471 0.142789050936699 0.146195605397224 0.134910613298416 0.136319726705551 0.152241200208664 0.162225916981697 0.170583114027977 0.171538516879082 0.167963236570358 0.167501643300056 0.169382631778717 0.176148697733879 0.176130414009094 0.17526987195015 0.17518213391304
0.164689481258392 0.153755828738213 0.155274003744125 0.186111345887184 0.221290737390518 0.243391275405884 0.242439404129982 0.23792764544487 0.236406773328781 0.208044737577438 0.172432392835617 0.169970408082008 0.172822341322899 0.168305352330208 0.155145794153214 0.152360126376152 0.170641243457794 0.177713945508003 0.179060623049736 0.172838360071182 0.165261313319206 0.163049653172493 0.15831683576107 0.158284366130829 0.152751997113228 0.145765855908394 0.14968629181385 0.143719404935837 0.133840546011925 0.138377726078033 0.141881227493286 0.142958387732506 0.148659601807594 0.154150173068047 0.160148829221725 0.164747819304466 0.168709501624107 0.17160764336586 0.173684135079384 0.173510938882828 0.172170534729958 0.176711305975914 0.179824113845825 0.180282294750214 0.182860866189003
0.15566748380661 0.149358943104744 0.144938036799431 0.163790911436081 0.199011981487274 0.239528134465218 0.248613342642784 0.24357682466507 0.244814902544022 0.223815903067589 0.201685339212418 0.205238401889801 0.203442648053169 0.19132187962532 0.17055481672287 0.165827035903931 0.166203886270523 0.17193840444088 0.180974960327148 0.172261312603951 0.179437711834908 0.176688745617867 0.156872749328613 0.159059971570969 0.151149988174438 0.146164417266846 0.151092827320099 0.148439884185791 0.141758292913437 0.150694906711578 0.153188496828079 0.150331825017929 0.160299822688103 0.158691272139549 0.152154296636581 0.155049592256546 0.165399685502052 0.169871017336845 0.168301165103912 0.166052147746086 0.169477418065071 0.176374658942223 0.176963523030281 0.178473681211472 0.175167486071587
0.140524074435234 0.133949905633926 0.13511997461319 0.147167220711708 0.177541375160217 0.222330406308174 0.240493342280388 0.243988022208214 0.249106764793396 0.235151171684265 0.218971699476242 0.211480423808098 0.204778656363487 0.203395694494247 0.196721270680428 0.184903502464294 0.184796676039696 0.185610577464104 0.178727775812149 0.165748670697212 0.173885196447372 0.175663486123085 0.161698162555695 0.158243745565414 0.153058215975761 0.146007642149925 0.144938856363297 0.151831433176994 0.15355858206749 0.156583219766617 0.150208458304405 0.1389489620924 0.140268385410309 0.147273868322372 0.154813408851624 0.157386884093285 0.166147977113724 0.168896540999413 0.162389874458313 0.156642153859138 0.170674830675125 0.182319462299347 0.174067795276642 0.16896216571331 -3.4e+38
0.129931464791298 0.132403090596199 0.135513082146645 0.133354499936104 0.162706732749939 0.212049558758736 0.23783603310585 0.259320765733719 0.261374980211258 0.237440079450607 0.224199935793877 0.207706615328789 0.199376538395882 0.213813707232475 0.208680227398872 0.202549606561661 0.212253332138062 0.207608357071877 0.187790513038635 0.176173508167267 0.17474402487278 0.174230322241783 0.167188718914986 0.153791576623917 0.156382143497467 0.144753456115723 0.135926991701126 0.147520437836647 0.147267326712608 0.138478755950928 0.130996629595757 0.124696657061577 0.124814137816429 0.137438341975212 0.149185940623283 0.153252825140953 0.163040354847908 0.16505928337574 0.157404869794846 0.149750337004662 0.16495406627655 -3.4e+38 -3.4e+38 -3.4e+38 -3.4e+38
