data/1_raw/trimmed_ndre/Aes_ndre.619.2015_no_clouds.asc
NCOLS 109 
NROWS 101 
XLLCORNER 466110 
YLLCORNER 5182005 
CELLSIZE 5 
NODATA_value -3.4e+38 
[rows 40 to 59 of 101, columns 45 to 89 of 109]
0.259890735149384 0.279689341783524 0.295079708099365 0.297244757413864 0.302805513143539 0.310030043125153 0.312881678342819 0.312316834926605 0.340108722448349 0.369804799556732 0.405537486076355 0.447351366281509 0.482450187206268 0.519298255443573 0.549625992774963 0.56120103597641 0.559654355049133 0.55793035030365 0.548487663269043 0.529936969280243 0.522681593894958 0.525655925273895 0.520577251911163 0.507701456546783 0.498476356267929 0.488549202680588 0.475858390331268 0.482745289802551 0.515941202640533 0.554915010929108 0.549323678016663 0.540940284729004 0.518965244293213 0.480519860982895 0.447503805160522 0.402058869600296 0.353825867176056 0.298440873622894 0.278744131326675 0.280898302793503 0.298128962516785 0.321867316961288 0.331934750080109 0.334066897630692 0.343853950500488
0.263424962759018 0.283932030200958 0.292959988117218 0.292466223239899 0.298773676156998 0.315926194190979 0.328989505767822 0.337823390960693 0.373889058828354 0.388433367013931 0.41544896364212 0.461051464080811 0.501217901706696 0.534134149551392 0.562866985797882 0.578787744045258 0.556806683540344 0.542655944824219 0.536354899406433 0.530441343784332 0.507821142673492 0.504196465015411 0.510845839977264 0.491801470518112 0.477426797151566 0.461205273866653 0.443013817071915 0.440951764583588 0.473831087350845 0.514094412326813 0.5303715467453 0.543251633644104 0.526986122131348 0.497288703918457 0.475362807512283 0.430941343307495 0.373223394155502 0.319457352161407 0.299040973186493 0.281726121902466 0.284913539886475 0.314540058374405 0.344147562980652 0.3492571413517 0.342656016349792
0.267608374357224 0.281102150678635 0.286762088537216 0.292564272880554 0.307272911071777 0.326816856861115 0.343394130468369 0.360721498727798 0.389956653118134 0.397535979747772 0.440911322832108 0.488957077264786 0.522744834423065 0.543504655361176 0.55279666185379 0.549545109272003 0.526181101799011 0.516944289207458 0.520965576171875 0.525586664676666 0.491597205400467 0.472459077835083 0.461663991212845 0.448738396167755 0.442415148019791 0.429337710142136 0.414048820734024 0.410684823989868 0.446682512760162 0.484947770833969 0.516714036464691 0.548732995986938 0.531050026416779 0.511503934860229 0.495275378227234 0.461476773023605 0.400980085134506 0.341638654470444 0.30541729927063 0.274559080600739 0.271616041660309 0.298405587673187 0.351797819137573 0.360117256641388 0.354931056499481
0.260569989681244 0.264705002307892 0.271230280399323 0.294925004243851 0.321593642234802 0.335786134004593 0.359620958566666 0.375017195940018 0.394139409065247 0.417882442474365 0.480327278375626 0.51929384469986 0.537692487239838 0.540989696979523 0.524779200553894 0.513635814189911 0.502789318561554 0.48990461230278 0.49029278755188 0.49553519487381 0.48030561208725 0.469718545675278 0.452280074357986 0.434649527072906 0.43022695183754 0.41630220413208 0.397125333547592 0.386421620845795 0.415807843208313 0.445010364055634 0.482405483722687 0.524971067905426 0.519441962242126 0.515839636325836 0.505586683750153 0.473342031240463 0.422408849000931 0.367209941148758 0.318283349275589 0.280215442180634 0.277703493833542 0.307711154222488 0.356259882450104 0.348388701677322 0.349107146263123
0.268840879201889 0.279855072498322 0.275953441858292 0.303376257419586 0.331084996461868 0.346287310123444 0.382577240467072 0.39164724946022 0.416173011064529 0.457283049821854 0.52127867937088 0.538115561008453 0.542664229869843 0.535840749740601 0.503587126731873 0.48470601439476 0.470488727092743 0.451265782117844 0.432707190513611 0.433019697666168 0.439961373806 0.431354075670242 0.427958458662033 0.428999692201614 0.439300775527954 0.441615164279938 0.432454317808151 0.424067735671997 0.437352240085602 0.44236832857132 0.460767954587936 0.486736118793488 0.502227067947388 0.513994932174683 0.509789168834686 0.488079249858856 0.454628139734268 0.407626211643219 0.3576720058918 0.316411763429642 0.29748547077179 0.308303356170654 0.340250670909882 0.350809842348099 0.342384397983551
0.28090226650238 0.295979797840118 0.293534219264984 0.304672628641129 0.340174496173859 0.36736524105072 0.390471875667572 0.41489765048027 0.460767567157745 0.50561112165451 0.544208884239197 0.53205543756485 0.534075975418091 0.525935649871826 0.490933626890182 0.452436029911041 0.418982893228531 0.388083964586258 0.364525735378265 0.36464986205101 0.375128924846649 0.378489315509796 0.393641352653503 0.413513660430908 0.435727894306183 0.451970160007477 0.457184374332428 0.463006496429443 0.474155724048615 0.471783995628357 0.483579784631729 0.494868487119675 0.502558827400208 0.514638721942902 0.520891964435577 0.513639867305756 0.494962900876999 0.460928559303284 0.41639706492424 0.366058111190796 0.321408808231354 0.302056580781937 0.330362439155579 0.376557558774948 0.366329878568649
0.283474683761597 0.290910542011261 0.301339328289032 0.324151605367661 0.352638423442841 0.373225331306458 0.400078177452087 0.448962539434433 0.514989197254181 0.53773957490921 0.546227991580963 0.540610551834106 0.51921808719635 0.504333317279816 0.474058091640472 0.41425421833992 0.36859980225563 0.343954026699066 0.332501739263535 0.31823605298996 0.31732839345932 0.330575972795486 0.357189148664474 0.385132223367691 0.414224624633789 0.440851390361786 0.457777768373489 0.478591501712799 0.493662476539612 0.494157612323761 0.509701907634735 0.503273248672485 0.492925852537155 0.500057458877563 0.528294324874878 0.538794815540314 0.524293959140778 0.487734168767929 0.44815531373024 0.398495346307755 0.345367163419724 0.305535763502121 0.322222501039505 0.353207886219025 0.355179309844971
0.292622566223145 0.304126858711243 0.323742002248764 0.345524191856384 0.361992031335831 0.387532621622086 0.423497378826141 0.477466613054276 0.543298602104187 0.543902039527893 0.549905300140381 0.547490179538727 0.498894602060318 0.468823164701462 0.441698372364044 0.401022166013718 0.347757518291473 0.325622707605362 0.317923188209534 0.295925557613373 0.284369558095932 0.286175161600113 0.305467039346695 0.335277855396271 0.369014173746109 0.401815950870514 0.42805677652359 0.463312715291977 0.487152367830276 0.497987061738968 0.519420921802521 0.496797978878021 0.472828775644302 0.470227092504501 0.507689237594604 0.533361196517944 0.532352566719055 0.506221413612366 0.475374311208725 0.427157282829285 0.378990203142166 0.343717932701111 0.33943909406662 0.347899734973907 0.350353002548218
0.313391923904419 0.321173131465912 0.34784922003746 0.368685930967331 0.387805044651031 0.430410504341125 0.470237761735916 0.517303109169006 0.557539045810699 0.548529207706451 0.554427087306976 0.544821798801422 0.50678688287735 0.465555906295776 0.421805173158646 0.379870057106018 0.336666494607925 0.320074379444122 0.305912673473358 0.287035793066025 0.281169265508652 0.276735156774521 0.27992644906044 0.294607579708099 0.314054489135742 0.341069281101227 0.371477007865906 0.410338133573532 0.440529525279999 0.466450482606888 0.494112610816956 0.477558434009552 0.459988594055176 0.460598349571228 0.488705068826675 0.516484498977661 0.525757372379303 0.520882904529572 0.508143186569214 0.466603130102158 0.421324014663696 0.383404552936554 0.361213833093643 0.3577960729599 0.353837460279465
0.33048552274704 0.346964061260223 0.375626891851425 0.404084265232086 0.437502235174179 0.478977262973785 0.5152907371521 0.543644666671753 0.563432037830353 0.561710357666016 0.554223835468292 0.527514457702637 0.491550534963608 0.453927993774414 0.399869412183762 0.35916131734848 0.333979785442352 0.326238304376602 0.321756541728973 0.311866581439972 0.299037009477615 0.287842988967896 0.279374212026596 0.276836305856705 0.275246202945709 0.296527028083801 0.321854650974274 0.345345348119736 0.382496178150177 0.411638677120209 0.439551413059235 0.464002966880798 0.479560166597366 0.485508173704147 0.490799099206924 0.497927963733673 0.507179141044617 0.525193631649017 0.532263100147247 0.504946112632751 0.463411897420883 0.414494723081589 0.377607196569443 0.37143087387085 0.362847626209259
0.358950912952423 0.38521945476532 0.406630754470825 0.433045238256454 0.477858424186707 0.519987523555756 0.545145988464355 0.548053622245789 0.569660067558289 0.57887065410614 0.554501175880432 0.509936034679413 0.469117432832718 0.42933514714241 0.372942298650742 0.34906941652298 0.343721657991409 0.347990810871124 0.347800582647324 0.335728287696838 0.316487610340118 0.301742821931839 0.285684615373611 0.269074589014053 0.256485015153885 0.269067853689194 0.278755456209183 0.291277587413788 0.332998394966125 0.356288373470306 0.383576929569244 0.42289400100708 0.463580548763275 0.489962309598923 0.495938092470169 0.483256369829178 0.471644073724747 0.497570037841797 0.525668740272522 0.529614210128784 0.50692480802536 0.443765670061111 0.387736409902573 0.372505128383636 0.361090660095215
0.396333605051041 0.420524656772614 0.444044649600983 0.47045761346817 0.512522041797638 0.545253932476044 0.553085565567017 0.534039616584778 0.563079416751862 0.57043045759201 0.543387532234192 0.49821549654007 0.449786812067032 0.391358971595764 0.325780659914017 0.304057627916336 0.31501242518425 0.333425462245941 0.338523507118225 0.336121410131454 0.315789580345154 0.289529979228973 0.271431565284729 0.256250649690628 0.246608883142471 0.250843465328217 0.250562191009521 0.26188451051712 0.288731932640076 0.309116452932358 0.337125152349472 0.37310403585434 0.415690302848816 0.461564391851425 0.494404524564743 0.497992604970932 0.474807232618332 0.490327209234238 0.515716969966888 0.542738020420074 0.55340838432312 0.502341389656067 0.444889813661575 0.403471410274506 0.377858728170395
0.437945932149887 0.45814436674118 0.480359733104706 0.508248925209045 0.54070383310318 0.555565476417542 0.553680241107941 0.538709044456482 0.544901549816132 0.551791965961456 0.536812543869019 0.502018630504608 0.450584441423416 0.390892803668976 0.3338722884655 0.301248461008072 0.30305814743042 0.302263498306274 0.294661611318588 0.309429436922073 0.294756412506104 0.268857926130295 0.252562463283539 0.245374649763107 0.243574529886246 0.243230104446411 0.235122114419937 0.239706873893738 0.255086034536362 0.274271547794342 0.301892727613449 0.323136150836945 0.353943884372711 0.410333544015884 0.461345463991165 0.48345673084259 0.48149362206459 0.495394647121429 0.508081674575806 0.544446766376495 0.574795365333557 0.525405406951904 0.480179250240326 0.440143287181854 0.407981961965561
0.454266726970673 0.480357199907303 0.509818077087402 0.545982241630554 0.578686356544495 0.575340747833252 0.562958121299744 0.548141837120056 0.537045896053314 0.550164580345154 0.543476998806 0.513584613800049 0.457319349050522 0.407938718795776 0.359651416540146 0.323871314525604 0.315278202295303 0.304018050432205 0.294661790132523 0.295966029167175 0.278469681739807 0.256565570831299 0.241152763366699 0.240056946873665 0.249641835689545 0.253365188837051 0.246079802513123 0.242312878370285 0.244908064603806 0.257215082645416 0.282664924860001 0.288587629795074 0.313940107822418 0.370524525642395 0.428034514188766 0.464167058467865 0.486057162284851 0.507240355014801 0.517874419689178 0.545905590057373 0.568979561328888 0.548675894737244 0.511603951454163 0.480663359165192 0.446620941162109
0.458141893148422 0.49138131737709 0.535275161266327 0.579171359539032 0.598991215229034 0.584809601306915 0.571991860866547 0.564994394779205 0.564504861831665 0.569744348526001 0.532244503498077 0.493947714567184 0.456665992736816 0.431861311197281 0.390113860368729 0.348293989896774 0.322413593530655 0.321110546588898 0.315343797206879 0.302699536085129 0.280696719884872 0.261667191982269 0.245165422558784 0.241153314709663 0.259422540664673 0.266624271869659 0.265107154846191 0.26087760925293 0.256384938955307 0.263506829738617 0.279815405607224 0.285209119319916 0.305664092302322 0.346567332744598 0.399027407169342 0.447729468345642 0.482322126626968 0.502554535865784 0.509555757045746 0.522721350193024 0.544618666172028 0.556782603263855 0.537760853767395 0.523579239845276 0.489627540111542
0.471192300319672 0.504287123680115 0.546980798244476 0.583855867385864 0.587139785289764 0.576785206794739 0.579126477241516 0.57916271686554 0.57742714881897 0.557058572769165 0.482526421546936 0.455342411994934 0.451894193887711 0.454969763755798 0.430363327264786 0.387802869081497 0.347692370414734 0.335909098386765 0.335137724876404 0.32178521156311 0.299805998802185 0.290048211812973 0.270778775215149 0.265119284391403 0.281249225139618 0.283265769481659 0.28444442152977 0.281020879745483 0.266635835170746 0.265408337116241 0.27253046631813 0.282043695449829 0.300879448652267 0.329959660768509 0.372469902038574 0.425613254308701 0.467231869697571 0.492123484611511 0.499239861965179 0.495983123779297 0.507194876670837 0.520825743675232 0.530977368354797 0.53757244348526 0.508646488189697
0.493200361728668 0.52357816696167 0.554320991039276 0.575589120388031 0.558225989341736 0.560563981533051 0.585964620113373 0.576539874076843 0.560004532337189 0.528610646724701 0.459407210350037 0.430466264486313 0.448432177305222 0.477548569440842 0.483011603355408 0.448410451412201 0.398115575313568 0.359850943088531 0.354215562343597 0.341076076030731 0.331634253263474 0.330194920301437 0.306312412023544 0.303892314434052 0.310439079999924 0.302078187465668 0.301567882299423 0.292100489139557 0.274257212877274 0.271718978881836 0.269672602415085 0.272976636886597 0.286996811628342 0.307932198047638 0.350095331668854 0.408579111099243 0.452653169631958 0.483547449111938 0.495004594326019 0.496224075555801 0.523341298103333 0.53508996963501 0.539447605609894 0.539168775081635 0.509649395942688
0.519236385822296 0.539428353309631 0.557981848716736 0.571095407009125 0.561394155025482 0.570428133010864 0.580796658992767 0.565734922885895 0.539887487888336 0.529598951339722 0.510103523731232 0.46042263507843 0.476190090179443 0.502748191356659 0.519099831581116 0.509715557098389 0.467851191759109 0.417043834924698 0.384236037731171 0.363871365785599 0.364231377840042 0.363527983427048 0.340212047100067 0.346674263477325 0.343446344137192 0.329992473125458 0.333333492279053 0.31583309173584 0.294853329658508 0.287824243307114 0.276180297136307 0.273927807807922 0.284153431653976 0.300198405981064 0.345584630966187 0.401799321174622 0.444331616163254 0.479513883590698 0.494086802005768 0.505940496921539 0.538025438785553 0.544234395027161 0.544309377670288 0.535003542900085 0.50724059343338
0.540393650531769 0.544784545898438 0.549341857433319 0.555461823940277 0.556995809078217 0.558777093887329 0.56071525812149 0.552449285984039 0.538094401359558 0.543133556842804 0.523587584495544 0.483037918806076 0.491572648286819 0.5130934715271 0.534387469291687 0.548141658306122 0.530421257019043 0.493071705102921 0.446243703365326 0.406423568725586 0.392699867486954 0.381275624036789 0.364767074584961 0.37866148352623 0.369621694087982 0.361718982458115 0.367018222808838 0.343905687332153 0.322770655155182 0.308696120977402 0.291215032339096 0.285080671310425 0.287327229976654 0.298128068447113 0.346678107976913 0.400875359773636 0.443921983242035 0.477716714143753 0.492587149143219 0.506950259208679 0.530709385871887 0.539278388023376 0.540120840072632 0.539178848266602 0.52393102645874
0.549374103546143 0.540983140468597 0.532727956771851 0.53846549987793 0.543481469154358 0.530576765537262 0.534656941890717 0.528931081295013 0.516458868980408 0.535392045974731 0.525489926338196 0.506277501583099 0.506699681282043 0.518688440322876 0.540728092193604 0.554055750370026 0.543295562267303 0.535089313983917 0.503270268440247 0.455068647861481 0.412708461284637 0.389625459909439 0.386393457651138 0.4004827439785 0.40154555439949 0.398566514253616 0.391942232847214 0.362446844577789 0.337787806987762 0.31733375787735 0.299693703651428 0.297373354434967 0.293509632349014 0.298756450414658 0.339860200881958 0.386149525642395 0.429050266742706 0.465810745954514 0.488675862550735 0.498437762260437 0.509844839572906 0.5241858959198 0.514955341815948 0.519842445850372 0.514685332775116
