data/1_raw/trimmed_ndre/Aes_ndre.624.2010_no_clouds.asc
NCOLS 109 
NROWS 101 
XLLCORNER 466110 
YLLCORNER 5182005 
CELLSIZE 5 
NODATA_value -3.4e+38 
[rows 40 to 59 of 101, columns 0 to 44 of 109]
-3.4e+38 -3.4e+38 -3.4e+38 -3.4e+38 -3.4e+38 -3.4e+38 -3.4e+38 -3.4e+38 -3.4e+38 -3.4e+38 -3.4e+38 -3.4e+38 0.382829904556274 0.363321661949158 0.360449701547623 0.324213951826096 0.301726013422012 0.315943270921707 0.391157865524292 0.456410884857178 0.454585880041122 0.46671935915947 0.459678947925568 0.462996810674667 0.471605211496353 0.468826085329056 0.466169655323029 0.47707986831665 0.478336304426193 0.466757029294968 0.467111974954605 0.470348089933395 0.474819749593735 0.476282596588135 0.481860905885696 0.490904420614243 0.497601121664047 0.498435497283936 0.487709701061249 0.468947410583496 0.458447158336639 0.457472831010818 0.46936771273613 0.482347965240479 0.506047487258911
-3.4e+38 -3.4e+38 -3.4e+38 -3.4e+38 -3.4e+38 -3.4e+38 -3.4e+38 -3.4e+38 -3.4e+38 -3.4e+38 -3.4e+38 -3.4e+38 0.381420075893402 0.330504208803177 0.324501037597656 0.357585251331329 0.384063750505447 0.408487617969513 0.440160870552063 0.489876538515091 0.495515108108521 0.497118383646011 0.47301971912384 0.464173018932343 0.470354378223419 0.473527699708939 0.473902672529221 0.463144987821579 0.466799020767212 0.471124559640884 0.472316652536392 0.469476699829102 0.483889162540436 0.488688915967941 0.495886355638504 0.506519436836243 0.5027996301651 0.499300271272659 0.480585962533951 0.453703433275223 0.455224514007568 0.459483087062836 0.464042514562607 0.478473305702209 0.495455384254456
-3.4e+38 -3.4e+38 -3.4e+38 -3.4e+38 -3.4e+38 -3.4e+38 -3.4e+38 -3.4e+38 -3.4e+38 -3.4e+38 -3.4e+38 0.378975421190262 0.408228933811188 0.363201916217804 0.324860364198685 0.380836427211761 0.442556619644165 0.477914899587631 0.470369547605515 0.478096753358841 0.484628796577454 0.473241806030273 0.479759126901627 0.473754107952118 0.469798147678375 0.470197230577469 0.474203675985336 0.467227011919022 0.46306374669075 0.47343584895134 0.47843337059021 0.472185790538788 0.466501653194427 0.474509626626968 0.493608325719833 0.507084667682648 0.514813899993896 0.506366848945618 0.475918471813202 0.452315777540207 0.46097806096077 0.466452836990356 0.467550277709961 0.480843991041183 0.487264662981033
-3.4e+38 -3.4e+38 -3.4e+38 -3.4e+38 -3.4e+38 -3.4e+38 -3.4e+38 -3.4e+38 -3.4e+38 -3.4e+38 -3.4e+38 0.374756574630737 0.390468776226044 0.374701648950577 0.370434820652008 0.430250227451324 0.475720286369324 0.495939761400223 0.483118385076523 0.45631942152977 0.458550751209259 0.458586663007736 0.468805313110352 0.474441438913345 0.472356528043747 0.489727407693863 0.500895798206329 0.4935083091259 0.471012264490128 0.468462616205215 0.479088634252548 0.4858518242836 0.483986496925354 0.475259393453598 0.487959682941437 0.51105797290802 0.520543277263641 0.50213098526001 0.482964485883713 0.471526682376862 0.469271540641785 0.473976880311966 0.472563803195953 0.482596337795258 0.498602718114853
-3.4e+38 -3.4e+38 -3.4e+38 -3.4e+38 -3.4e+38 -3.4e+38 -3.4e+38 -3.4e+38 -3.4e+38 -3.4e+38 -3.4e+38 0.345723211765289 0.352116674184799 0.387242555618286 0.432693064212799 0.470043182373047 0.491344600915909 0.479190856218338 0.466089069843292 0.46610364317894 0.47058093547821 0.46377095580101 0.457918673753738 0.479048639535904 0.483696937561035 0.484622269868851 0.487464487552643 0.490176171064377 0.47596800327301 0.461639821529388 0.476372241973877 0.512077450752258 0.512567818164825 0.490053355693817 0.502952396869659 0.523298919200897 0.522872090339661 0.509449779987335 0.5057133436203 0.493882387876511 0.48408243060112 0.497926145792007 0.496591866016388 0.497618407011032 0.519935607910156
-3.4e+38 -3.4e+38 -3.4e+38 -3.4e+38 -3.4e+38 -3.4e+38 -3.4e+38 -3.4e+38 -3.4e+38 -3.4e+38 -3.4e+38 0.326771825551987 0.351663768291473 0.420220017433167 0.463991731405258 0.479277729988098 0.481285810470581 0.48054438829422 0.476817458868027 0.478126168251038 0.471466064453125 0.471409648656845 0.469109177589417 0.47926726937294 0.471630156040192 0.468865573406219 0.47305703163147 0.463659375905991 0.473641991615295 0.490659773349762 0.499408960342407 0.517027080059052 0.514497756958008 0.505205810070038 0.516732454299927 0.518373787403107 0.520502507686615 0.522832036018372 0.516418159008026 0.502349436283112 0.496947258710861 0.517146229743958 0.520066022872925 0.512424767017365 0.522221267223358
-3.4e+38 -3.4e+38 -3.4e+38 -3.4e+38 -3.4e+38 -3.4e+38 -3.4e+38 -3.4e+38 -3.4e+38 -3.4e+38 0.361081898212433 0.329137593507767 0.381961017847061 0.466155856847763 0.470413357019424 0.478123277425766 0.486775696277618 0.493923157453537 0.483197897672653 0.46481716632843 0.457901954650879 0.470251441001892 0.479397654533386 0.465180486440659 0.449704349040985 0.477683573961258 0.496137589216232 0.478391051292419 0.47832378745079 0.498655915260315 0.508843600749969 0.505294442176819 0.514599978923798 0.519188046455383 0.513055682182312 0.504142701625824 0.518880844116211 0.525482058525085 0.512846946716309 0.516417622566223 0.522473514080048 0.531890630722046 0.532090067863464 0.5152707695961 0.507784485816956
-3.4e+38 -3.4e+38 -3.4e+38 -3.4e+38 -3.4e+38 -3.4e+38 -3.4e+38 -3.4e+38 -3.4e+38 -3.4e+38 0.361159592866898 0.354188680648804 0.422038853168488 0.491559326648712 0.479157626628876 0.472238183021545 0.490433037281036 0.494629144668579 0.477339297533035 0.476050585508347 0.467698395252228 0.467223435640335 0.472423642873764 0.448602020740509 0.440710753202438 0.468894958496094 0.48548611998558 0.483051776885986 0.479498744010925 0.487478286027908 0.501926302909851 0.51034414768219 0.517518281936646 0.520476639270782 0.513466954231262 0.512700438499451 0.518083274364471 0.517594337463379 0.509465038776398 0.531831920146942 0.537037134170532 0.531036019325256 0.527179419994354 0.504366219043732 0.493647545576096
-3.4e+38 -3.4e+38 -3.4e+38 -3.4e+38 -3.4e+38 -3.4e+38 -3.4e+38 -3.4e+38 -3.4e+38 -3.4e+38 0.359705328941345 0.403693974018097 0.464149057865143 0.50106155872345 0.48325976729393 0.467499881982803 0.484239220619202 0.48891144990921 0.473593324422836 0.481940686702728 0.473680853843689 0.461462557315826 0.460789293050766 0.450782388448715 0.460570842027664 0.480047345161438 0.491932064294815 0.499359279870987 0.494466096162796 0.492962002754211 0.501884162425995 0.506511807441711 0.502374708652496 0.51423567533493 0.528191924095154 0.530124604701996 0.524737238883972 0.534358441829681 0.537584483623505 0.542052149772644 0.533710718154907 0.515570104122162 0.508627414703369 0.492546528577805 0.495243012905121
-3.4e+38 -3.4e+38 -3.4e+38 -3.4e+38 -3.4e+38 -3.4e+38 -3.4e+38 -3.4e+38 -3.4e+38 0.376886397600174 0.371461868286133 0.429839938879013 0.4709133207798 0.494806915521622 0.488695412874222 0.476596534252167 0.480215221643448 0.47363469004631 0.463798105716705 0.468285769224167 0.467176228761673 0.464834690093994 0.460545033216476 0.455993831157684 0.475141972303391 0.492515504360199 0.50044858455658 0.518208861351013 0.507857084274292 0.4936263859272 0.495846211910248 0.501139342784882 0.503589689731598 0.51594215631485 0.532623648643494 0.540043830871582 0.53821861743927 0.544437170028687 0.542345702648163 0.535114705562592 0.521347165107727 0.492220401763916 0.48891618847847 0.49794989824295 0.507416844367981
-3.4e+38 -3.4e+38 -3.4e+38 -3.4e+38 -3.4e+38 -3.4e+38 -3.4e+38 -3.4e+38 -3.4e+38 0.373408257961273 0.402756631374359 0.446860045194626 0.461966544389725 0.489405691623688 0.484541088342667 0.465060114860535 0.468389362096786 0.460877656936646 0.448481291532516 0.447032988071442 0.454717457294464 0.457475185394287 0.461331576108932 0.464105576276779 0.477759689092636 0.488150209188461 0.501675426959991 0.531652629375458 0.525355100631714 0.506334900856018 0.503470242023468 0.504109442234039 0.504159569740295 0.516763865947723 0.532923340797424 0.543821036815643 0.54251754283905 0.532647967338562 0.520469486713409 0.513421475887299 0.511593878269196 0.50347888469696 0.505393505096436 0.512435972690582 0.521402180194855
-3.4e+38 -3.4e+38 -3.4e+38 -3.4e+38 -3.4e+38 -3.4e+38 -3.4e+38 -3.4e+38 -3.4e+38 0.387570142745972 0.446921944618225 0.461631596088409 0.466936081647873 0.485200554132462 0.481565743684769 0.462788492441177 0.460676312446594 0.455434620380402 0.439711809158325 0.441275894641876 0.440874993801117 0.436820775270462 0.455401301383972 0.467518419027328 0.474056363105774 0.481300115585327 0.50709468126297 0.534410238265991 0.530898094177246 0.523695528507233 0.515337347984314 0.50755363702774 0.500044107437134 0.51067054271698 0.528722763061523 0.540001034736633 0.540395140647888 0.53240954875946 0.513045787811279 0.50204610824585 0.516274213790894 0.524530708789825 0.523179948329926 0.520852744579315 0.530810177326202
-3.4e+38 -3.4e+38 -3.4e+38 -3.4e+38 -3.4e+38 -3.4e+38 -3.4e+38 -3.4e+38 -3.4e+38 0.409618526697159 0.467737466096878 0.470391601324081 0.485369175672531 0.490005671977997 0.481372356414795 0.463028311729431 0.453587859869003 0.459331005811691 0.449434190988541 0.449440747499466 0.44284400343895 0.435017138719559 0.455513685941696 0.476796716451645 0.482915252447128 0.481823861598969 0.500933706760406 0.513986110687256 0.507071137428284 0.526711106300354 0.523550033569336 0.510326385498047 0.496148526668549 0.504336357116699 0.53214818239212 0.545982539653778 0.540944039821625 0.5263312458992 0.509997665882111 0.502282917499542 0.510041534900665 0.518117427825928 0.520387470722198 0.526718497276306 0.539236724376678
-3.4e+38 -3.4e+38 -3.4e+38 -3.4e+38 -3.4e+38 -3.4e+38 -3.4e+38 -3.4e+38 0.390745133161545 0.423378437757492 0.484245389699936 0.48007208108902 0.491183966398239 0.486903131008148 0.466541022062302 0.45421701669693 0.446625709533691 0.451603353023529 0.453724980354309 0.46844670176506 0.46743255853653 0.456530094146729 0.4709552526474 0.492695778608322 0.488177448511124 0.472970396280289 0.480385422706604 0.479359537363052 0.476219922304153 0.513579249382019 0.528101325035095 0.513811707496643 0.503144145011902 0.517863810062408 0.546823620796204 0.553949117660522 0.533384025096893 0.511761486530304 0.50836044549942 0.509403824806213 0.510977029800415 0.511970281600952 0.515804171562195 0.526555716991425 0.54339998960495
-3.4e+38 -3.4e+38 -3.4e+38 -3.4e+38 -3.4e+38 -3.4e+38 -3.4e+38 -3.4e+38 0.392948269844055 0.433189421892166 0.487199664115906 0.492103636264801 0.491875618696213 0.474101722240448 0.454781889915466 0.449727088212967 0.435340195894241 0.448131263256073 0.466327518224716 0.480255007743835 0.488948583602905 0.478263199329376 0.482784330844879 0.495268613100052 0.478510588407516 0.458082944154739 0.459824562072754 0.456061035394669 0.462339788675308 0.506594836711884 0.524960815906525 0.522691249847412 0.525513648986816 0.547805070877075 0.560031652450562 0.542414486408234 0.513904690742493 0.499305218458176 0.509585320949554 0.518094956874847 0.516186416149139 0.517779886722565 0.524324417114258 0.53205269575119 0.552581250667572
-3.4e+38 -3.4e+38 -3.4e+38 -3.4e+38 -3.4e+38 -3.4e+38 -3.4e+38 -3.4e+38 0.425680935382843 0.452373713254929 0.481333315372467 0.499423861503601 0.491636008024216 0.466152250766754 0.447853684425354 0.457057684659958 0.456891715526581 0.46818807721138 0.477010607719421 0.481230348348618 0.501626133918762 0.493486613035202 0.486982941627502 0.488288879394531 0.468387961387634 0.453322678804398 0.449252635240555 0.452691167593002 0.470646947622299 0.503669202327728 0.521026015281677 0.537892699241638 0.554527401924133 0.565016448497772 0.548149347305298 0.516124308109283 0.503326416015625 0.500490248203278 0.515138626098633 0.521212160587311 0.5259850025177 0.538140058517456 0.544834494590759 0.548938155174255 0.564352214336395
-3.4e+38 -3.4e+38 -3.4e+38 -3.4e+38 -3.4e+38 -3.4e+38 -3.4e+38 0.412037342786789 0.431898266077042 0.475350022315979 0.490403980016708 0.497459501028061 0.484751105308533 0.46582368016243 0.449729681015015 0.464465886354446 0.478592365980148 0.47608295083046 0.483801811933517 0.495821297168732 0.510850310325623 0.501822233200073 0.494088500738144 0.487340807914734 0.470629870891571 0.465272575616837 0.462275356054306 0.470561504364014 0.479344606399536 0.504628479480743 0.529487729072571 0.557595670223236 0.569364666938782 0.554237246513367 0.527705609798431 0.50678825378418 0.507246732711792 0.514638185501099 0.524900019168854 0.532818198204041 0.543244481086731 0.546025037765503 0.549472630023956 0.552073895931244 0.558992266654968
-3.4e+38 -3.4e+38 -3.4e+38 -3.4e+38 -3.4e+38 -3.4e+38 -3.4e+38 0.411649405956268 0.452564060688019 0.50150853395462 0.507973372936249 0.495967298746109 0.482533127069473 0.477106720209122 0.460392981767654 0.466085314750671 0.484322726726532 0.492727398872375 0.501380443572998 0.510372579097748 0.514029800891876 0.503613770008087 0.497570335865021 0.489072620868683 0.483160972595215 0.489654093980789 0.481547296047211 0.474944591522217 0.476073414087296 0.509005963802338 0.55091917514801 0.574897587299347 0.563313782215118 0.533381819725037 0.518298387527466 0.511417806148529 0.520046710968018 0.527371883392334 0.535022735595703 0.554005086421967 0.559531033039093 0.550006628036499 0.553680062294006 0.552459061145782 0.553442239761353
-3.4e+38 -3.4e+38 -3.4e+38 -3.4e+38 -3.4e+38 -3.4e+38 -3.4e+38 0.434457838535309 0.489458918571472 0.517980337142944 0.498411118984222 0.466713845729828 0.458926975727081 0.476658880710602 0.473077386617661 0.482841014862061 0.490559101104736 0.496290683746338 0.507892549037933 0.514981985092163 0.515431582927704 0.50233256816864 0.500438868999481 0.499090045690536 0.497628301382065 0.506083965301514 0.48559907078743 0.465380042791367 0.468409836292267 0.514031827449799 0.556363344192505 0.566985368728638 0.552441477775574 0.518792688846588 0.512839555740356 0.516953110694885 0.526425361633301 0.530466198921204 0.540514707565308 0.565612494945526 0.559462666511536 0.544493556022644 0.557332873344421 0.558875918388367 0.564312517642975
-3.4e+38 -3.4e+38 -3.4e+38 -3.4e+38 -3.4e+38 -3.4e+38 0.39865431189537 0.442903429269791 0.493023455142975 0.513492822647095 0.4980828166008 0.465766876935959 0.450728505849838 0.467786341905594 0.494082897901535 0.516087055206299 0.516079962253571 0.504582226276398 0.506901323795319 0.506901681423187 0.510242283344269 0.512251317501068 0.522270679473877 0.519318222999573 0.513589978218079 0.51306164264679 0.496439516544342 0.484988808631897 0.494621247053146 0.526687741279602 0.542982578277588 0.540781259536743 0.524555027484894 0.50094085931778 0.501711905002594 0.507876694202423 0.519986867904663 0.530032873153687 0.538545191287994 0.561814844608307 0.545224547386169 0.541607260704041 0.561886072158813 0.566452860832214 0.580863237380981
