data/1_raw/trimmed_ndre/Aes_ndre.64.2014_no_clouds.asc
NCOLS 109 
NROWS 101 
XLLCORNER 466110 
YLLCORNER 5182005 
CELLSIZE 5 
NODATA_value -3.4e+38 
[rows 80 to 99 of 101, columns 0 to 44 of 109]
-3.4e+38 -3.4e+38 -3.4e+38 -3.4e+38 0.4569151699543 0.467917740345001 0.452294766902924 0.419809609651566 0.40279483795166 0.387649357318878 0.367403596639633 0.344779849052429 0.331074774265289 0.320674479007721 0.303118139505386 0.29109001159668 0.288880288600922 0.312383770942688 0.333338797092438 0.342452138662338 0.318058758974075 0.310780018568039 0.327492564916611 0.34164947271347 0.359882742166519 0.383201271295547 0.407013714313507 0.440535694360733 0.475763887166977 0.449873447418213 0.436147421598434 0.433248668909073 0.418379187583923 0.383141845464706 0.347272872924805 0.321239739656448 0.29350358247757 0.260229885578156 0.245769798755646 0.251797646284103 0.262417495250702 0.280762612819672 0.288965851068497 0.284462183713913 0.268186807632446
-3.4e+38 -3.4e+38 -3.4e+38 -3.4e+38 -3.4e+38 -3.4e+38 -3.4e+38 0.428567409515381 0.404965251684189 0.394414156675339 0.375784993171692 0.347899824380875 0.330095767974854 0.312249660491943 0.293784290552139 0.286250919103622 0.295215219259262 0.322534292936325 0.339196026325226 0.343307226896286 0.326799482107162 0.336171805858612 0.351803749799728 0.366163700819016 0.377056866884232 0.394382953643799 0.425778120756149 0.466671675443649 0.485911756753922 0.458950728178024 0.437142729759216 0.429127722978592 0.41653248667717 0.375115364789963 0.330748438835144 0.298468977212906 0.276880532503128 0.253940284252167 0.251236706972122 0.257903635501862 0.266536623239517 0.275482594966888 0.277471572160721 0.27416205406189 0.26492965221405
-3.4e+38 -3.4e+38 -3.4e+38 -3.4e+38 -3.4e+38 -3.4e+38 -3.4e+38 -3.4e+38 -3.4e+38 -3.4e+38 0.393839567899704 0.377375334501266 0.357476890087128 0.32549449801445 0.296785593032837 0.282766193151474 0.291949361562729 0.311158716678619 0.319374114274979 0.317411959171295 0.312304258346558 0.338934689760208 0.363361656665802 0.381662160158157 0.394320368766785 0.41849148273468 0.453026503324509 0.486054599285126 0.47549694776535 0.444141775369644 0.428347647190094 0.433873325586319 0.424089819192886 0.381281822919846 0.323330461978912 0.297053754329681 0.283889472484589 0.272053062915802 0.274270534515381 0.281011641025543 0.285454601049423 0.285154044628143 0.279832154512405 0.269552499055862 0.258376240730286
-3.4e+38 -3.4e+38 -3.4e+38 -3.4e+38 -3.4e+38 -3.4e+38 -3.4e+38 -3.4e+38 -3.4e+38 -3.4e+38 -3.4e+38 -3.4e+38 0.374021202325821 0.341098546981812 0.306019723415375 0.278996229171753 0.284047544002533 0.291492581367493 0.289793938398361 0.281476110219955 0.285705119371414 0.312048494815826 0.340263336896896 0.372962772846222 0.404754370450974 0.4425910115242 0.476744383573532 0.498031169176102 0.464586794376373 0.435717135667801 0.429122269153595 0.443354040384293 0.430919528007507 0.384876698255539 0.320639550685883 0.315728425979614 0.316827952861786 0.313702374696732 0.308662414550781 0.30599519610405 0.305096656084061 0.30293470621109 0.29257345199585 0.266621351242065 0.253086626529694
-3.4e+38 -3.4e+38 -3.4e+38 -3.4e+38 -3.4e+38 -3.4e+38 -3.4e+38 -3.4e+38 -3.4e+38 -3.4e+38 -3.4e+38 -3.4e+38 -3.4e+38 -3.4e+38 0.294790804386139 0.275772988796234 0.281151294708252 0.278870284557343 0.269671022891998 0.249017938971519 0.265158325433731 0.297384738922119 0.31981036067009 0.358395993709564 0.40657901763916 0.457624316215515 0.495249480009079 0.503815770149231 0.457308560609818 0.442332297563553 0.448622822761536 0.461840867996216 0.444719046354294 0.391375750303268 0.338411718606949 0.349215269088745 0.361032426357269 0.35985603928566 0.346207916736603 0.33015164732933 0.323404878377914 0.320573091506958 0.304588258266449 0.275019258260727 0.260454893112183
-3.4e+38 -3.4e+38 -3.4e+38 -3.4e+38 -3.4e+38 -3.4e+38 -3.4e+38 -3.4e+38 -3.4e+38 -3.4e+38 -3.4e+38 -3.4e+38 -3.4e+38 -3.4e+38 -3.4e+38 0.28691703081131 0.292531043291092 0.283267945051193 0.266764283180237 0.24614155292511 0.270295798778534 0.299845933914185 0.322591185569763 0.369678407907486 0.423006445169449 0.474735051393509 0.510518908500671 0.500873625278473 0.450370967388153 0.438333630561829 0.453507512807846 0.471073389053345 0.459098219871521 0.405986726284027 0.3777936398983 0.389995247125626 0.403380125761032 0.401074469089508 0.380255103111267 0.355393648147583 0.340947687625885 0.327568799257278 0.302943855524063 0.285834789276123 0.277679413557053
-3.4e+38 -3.4e+38 -3.4e+38 -3.4e+38 -3.4e+38 -3.4e+38 -3.4e+38 -3.4e+38 -3.4e+38 -3.4e+38 -3.4e+38 -3.4e+38 -3.4e+38 -3.4e+38 -3.4e+38 -3.4e+38 -3.4e+38 0.305573225021362 0.27615413069725 0.260198414325714 0.289646625518799 0.307316601276398 0.330399453639984 0.385341286659241 0.442950546741486 0.492069602012634 0.521560072898865 0.490160554647446 0.446045130491257 0.436422288417816 0.449334055185318 0.469287395477295 0.467695653438568 0.421196490526199 0.402473509311676 0.405558556318283 0.417409837245941 0.424820214509964 0.406828463077545 0.383294016122818 0.36383643746376 0.344230651855469 0.309779673814774 0.301859557628632 0.303095579147339
-3.4e+38 -3.4e+38 -3.4e+38 -3.4e+38 -3.4e+38 -3.4e+38 -3.4e+38 -3.4e+38 -3.4e+38 -3.4e+38 -3.4e+38 -3.4e+38 -3.4e+38 -3.4e+38 -3.4e+38 -3.4e+38 -3.4e+38 -3.4e+38 -3.4e+38 0.283296555280685 0.308369338512421 0.320917695760727 0.348510652780533 0.398677676916122 0.456864416599274 0.506820619106293 0.529920399188995 0.481289803981781 0.441700160503387 0.431604743003845 0.440477460622787 0.458558768033981 0.462071388959885 0.434418767690659 0.418885707855225 0.407048642635345 0.410761088132858 0.42447903752327 0.418063461780548 0.398715138435364 0.376292526721954 0.353421151638031 0.321254968643188 0.299505263566971 0.284305483102798
-3.4e+38 -3.4e+38 -3.4e+38 -3.4e+38 -3.4e+38 -3.4e+38 -3.4e+38 -3.4e+38 -3.4e+38 -3.4e+38 -3.4e+38 -3.4e+38 -3.4e+38 -3.4e+38 -3.4e+38 -3.4e+38 -3.4e+38 -3.4e+38 -3.4e+38 -3.4e+38 -3.4e+38 0.344518214464188 0.368589162826538 0.406130760908127 0.453420341014862 0.49505427479744 0.506103813648224 0.461254626512527 0.432844400405884 0.430823028087616 0.449340850114822 0.456093370914459 0.452568054199219 0.439259231090546 0.425900250673294 0.404914259910583 0.407703787088394 0.418498158454895 0.415159910917282 0.392642498016357 0.367314547300339 0.340059995651245 0.307432025671005 0.270776897668839 0.254610776901245
-3.4e+38 -3.4e+38 -3.4e+38 -3.4e+38 -3.4e+38 -3.4e+38 -3.4e+38 -3.4e+38 -3.4e+38 -3.4e+38 -3.4e+38 -3.4e+38 -3.4e+38 -3.4e+38 -3.4e+38 -3.4e+38 -3.4e+38 -3.4e+38 -3.4e+38 -3.4e+38 -3.4e+38 -3.4e+38 0.390181720256805 0.417918264865875 0.453237891197205 0.482035577297211 0.475468724966049 0.442529171705246 0.427387416362762 0.434948563575745 0.448963582515717 0.452930510044098 0.446198135614395 0.437891244888306 0.423211604356766 0.398640424013138 0.405738919973373 0.413264393806458 0.405170291662216 0.374004334211349 0.341217011213303 0.314474254846573 0.287042021751404 0.25685441493988 0.245326563715935
-3.4e+38 -3.4e+38 -3.4e+38 -3.4e+38 -3.4e+38 -3.4e+38 -3.4e+38 -3.4e+38 -3.4e+38 -3.4e+38 -3.4e+38 -3.4e+38 -3.4e+38 -3.4e+38 -3.4e+38 -3.4e+38 -3.4e+38 -3.4e+38 -3.4e+38 -3.4e+38 -3.4e+38 -3.4e+38 -3.4e+38 -3.4e+38 0.450335413217545 0.455326795578003 0.44238555431366 0.431103587150574 0.432338327169418 0.451682269573212 0.457104235887527 0.451925724744797 0.440251380205154 0.439034909009933 0.425459712743759 0.403506338596344 0.403730124235153 0.405488848686218 0.39946123957634 0.377286493778229 0.343744188547134 0.311875462532043 0.283753603696823 0.26783099770546 0.266936600208282
-3.4e+38 -3.4e+38 -3.4e+38 -3.4e+38 -3.4e+38 -3.4e+38 -3.4e+38 -3.4e+38 -3.4e+38 -3.4e+38 -3.4e+38 -3.4e+38 -3.4e+38 -3.4e+38 -3.4e+38 -3.4e+38 -3.4e+38 -3.4e+38 -3.4e+38 -3.4e+38 -3.4e+38 -3.4e+38 -3.4e+38 -3.4e+38 -3.4e+38 0.413043260574341 0.393194913864136 0.418196499347687 0.448314398527145 0.465129941701889 0.459435224533081 0.441226363182068 0.421885788440704 0.423394620418549 0.415268450975418 0.403630793094635 0.396283119916916 0.388094007968903 0.387491196393967 0.383749604225159 0.360778450965881 0.321354478597641 0.2934290766716 0.283965498209 0.282804876565933
-3.4e+38 -3.4e+38 -3.4e+38 -3.4e+38 -3.4e+38 -3.4e+38 -3.4e+38 -3.4e+38 -3.4e+38 -3.4e+38 -3.4e+38 -3.4e+38 -3.4e+38 -3.4e+38 -3.4e+38 -3.4e+38 -3.4e+38 -3.4e+38 -3.4e+38 -3.4e+38 -3.4e+38 -3.4e+38 -3.4e+38 -3.4e+38 -3.4e+38 0.405274093151093 0.401263684034348 0.415571331977844 0.438606530427933 0.449582129716873 0.437012761831284 0.412552773952484 0.397671163082123 0.401079565286636 0.398824840784073 0.394996106624603 0.386748135089874 0.379129022359848 0.388991504907608 0.390586405992508 0.366653501987457 0.327718287706375 0.304460465908051 0.30099555850029 0.297957479953766
-3.4e+38 -3.4e+38 -3.4e+38 -3.4e+38 -3.4e+38 -3.4e+38 -3.4e+38 -3.4e+38 -3.4e+38 -3.4e+38 -3.4e+38 -3.4e+38 -3.4e+38 -3.4e+38 -3.4e+38 -3.4e+38 -3.4e+38 -3.4e+38 -3.4e+38 -3.4e+38 -3.4e+38 -3.4e+38 -3.4e+38 -3.4e+38 -3.4e+38 0.41726940870285 0.408732861280441 0.387116074562073 0.385378211736679 0.385474592447281 0.380976736545563 0.378152370452881 0.377326488494873 0.377953857183456 0.379728525876999 0.384253412485123 0.382620126008987 0.383942246437073 0.390065312385559 0.376682639122009 0.343912035226822 0.324849218130112 0.321936994791031 0.322770059108734 0.315886467695236
-3.4e+38 -3.4e+38 -3.4e+38 -3.4e+38 -3.4e+38 -3.4e+38 -3.4e+38 -3.4e+38 -3.4e+38 -3.4e+38 -3.4e+38 -3.4e+38 -3.4e+38 -3.4e+38 -3.4e+38 -3.4e+38 -3.4e+38 -3.4e+38 -3.4e+38 -3.4e+38 -3.4e+38 -3.4e+38 -3.4e+38 -3.4e+38 -3.4e+38 -3.4e+38 0.387389272451401 0.35082483291626 0.344300657510757 0.367673069238663 0.372334510087967 0.362331509590149 0.362603694200516 0.347209960222244 0.337315052747726 0.349080950021744 0.360875308513641 0.377478361129761 0.373286455869675 0.346045047044754 0.332365542650223 0.336787611246109 0.337912976741791 0.336950033903122 0.330100983381271
-3.4e+38 -3.4e+38 -3.4e+38 -3.4e+38 -3.4e+38 -3.4e+38 -3.4e+38 -3.4e+38 -3.4e+38 -3.4e+38 -3.4e+38 -3.4e+38 -3.4e+38 -3.4e+38 -3.4e+38 -3.4e+38 -3.4e+38 -3.4e+38 -3.4e+38 -3.4e+38 -3.4e+38 -3.4e+38 -3.4e+38 -3.4e+38 -3.4e+38 -3.4e+38 0.349483817815781 0.332345843315125 0.341640621423721 0.379241019487381 0.378969550132751 0.353908538818359 0.338961154222488 0.321975558996201 0.315670728683472 0.32221907377243 0.33193975687027 0.346779942512512 0.34689873456955 0.331461220979691 0.322379648685455 0.338508784770966 0.331653356552124 0.325643837451935 0.321521639823914
-3.4e+38 -3.4e+38 -3.4e+38 -3.4e+38 -3.4e+38 -3.4e+38 -3.4e+38 -3.4e+38 -3.4e+38 -3.4e+38 -3.4e+38 -3.4e+38 -3.4e+38 -3.4e+38 -3.4e+38 -3.4e+38 -3.4e+38 -3.4e+38 -3.4e+38 -3.4e+38 -3.4e+38 -3.4e+38 -3.4e+38 -3.4e+38 -3.4e+38 -3.4e+38 -3.4e+38 -3.4e+38 -3.4e+38 0.368116080760956 0.358022600412369 0.336487680673599 0.315046727657318 0.29851359128952 0.298680633306503 0.31418040394783 0.336982190608978 0.353583335876465 0.329401642084122 0.315471798181534 0.309625267982483 0.315475612878799 0.307393968105316 0.312378078699112 0.316742956638336
-3.4e+38 -3.4e+38 -3.4e+38 -3.4e+38 -3.4e+38 -3.4e+38 -3.4e+38 -3.4e+38 -3.4e+38 -3.4e+38 -3.4e+38 -3.4e+38 -3.4e+38 -3.4e+38 -3.4e+38 -3.4e+38 -3.4e+38 -3.4e+38 -3.4e+38 -3.4e+38 -3.4e+38 -3.4e+38 -3.4e+38 -3.4e+38 -3.4e+38 -3.4e+38 -3.4e+38 -3.4e+38 -3.4e+38 -3.4e+38 -3.4e+38 -3.4e+38 -3.4e+38 -3.4e+38 -3.4e+38 0.290579438209534 0.317703515291214 0.324657052755356 0.29838952422142 0.304815500974655 0.304377108812332 0.301680952310562 0.299169778823853 0.312557011842728 0.323345750570297
-3.4e+38 -3.4e+38 -3.4e+38 -3.4e+38 -3.4e+38 -3.4e+38 -3.4e+38 -3.4e+38 -3.4e+38 -3.4e+38 -3.4e+38 -3.4e+38 -3.4e+38 -3.4e+38 -3.4e+38 -3.4e+38 -3.4e+38 -3.4e+38 -3.4e+38 -3.4e+38 -3.4e+38 -3.4e+38 -3.4e+38 -3.4e+38 -3.4e+38 -3.4e+38 -3.4e+38 -3.4e+38 -3.4e+38 -3.4e+38 -3.4e+38 -3.4e+38 -3.4e+38 -3.4e+38 -3.4e+38 -3.4e+38 -3.4e+38 -3.4e+38 0.271756052970886 0.297780483961105 0.298769533634186 0.295490175485611 0.302531868219376 0.321968019008636 0.333417534828186
-3.4e+38 -3.4e+38 -3.4e+38 -3.4e+38 -3.4e+38 -3.4e+38 -3.4e+38 -3.4e+38 -3.4e+38 -3.4e+38 -3.4e+38 -3.4e+38 -3.4e+38 -3.4e+38 -3.4e+38 -3.4e+38 -3.4e+38 -3.4e+38 -3.4e+38 -3.4e+38 -3.4e+38 -3.4e+38 -3.4e+38 -3.4e+38 -3.4e+38 -3.4e+38 -3.4e+38 -3.4e+38 -3.4e+38 -3.4e+38 -3.4e+38 -3.4e+38 -3.4e+38 -3.4e+38 -3.4e+38 -3.4e+38 -3.4e+38 -3.4e+38 -3.4e+38 0.278294324874878 0.289674252271652 0.292093575000763 0.310130625963211 0.331030458211899 0.343889206647873
