data/1_raw/trimmed_ndre/Aes_ndre.76.2012_no_clouds.asc
NCOLS 109 
NROWS 101 
XLLCORNER 466110 
YLLCORNER 5182005 
CELLSIZE 5 
NODATA_value -3.4e+38 
[rows 80 to 99 of 101, columns 45 to 89 of 109]
0.50393682718277 0.496937483549118 0.475890964269638 0.467076629400253 0.484776377677917 0.49101334810257 0.477166324853897 0.477057844400406 0.484757542610168 0.476944357156754 0.4859659075737 0.51503312587738 0.533099234104156 0.540821611881256 0.542815089225769 0.556008040904999 0.576483488082886 0.581295549869537 0.534943282604218 0.464074999094009 0.418254613876343 0.433910459280014 0.454356819391251 0.461110353469849 0.493758678436279 0.514935255050659 0.485311478376389 0.485263496637344 0.502183079719543 0.49826118350029 0.488693296909332 0.48148974776268 0.477983683347702 0.47604438662529 0.489802867174149 0.515235304832458 0.52837473154068 0.533259630203247 0.530192077159882 -3.4e+38 -3.4e+38 -3.4e+38 -3.4e+38 -3.4e+38 -3.4e+38
0.495112776756287 0.487243801355362 0.468328326940536 0.469601064920425 0.494678616523743 0.501619756221771 0.478588849306107 0.48104864358902 0.486965239048004 0.476844906806946 0.481827646493912 0.505818963050842 0.519506931304932 0.529353439807892 0.53541898727417 0.542977333068848 0.567058086395264 0.569625198841095 0.523261964321136 0.470760524272919 0.434083044528961 0.451621651649475 0.491282641887665 0.500890135765076 0.52968031167984 0.531501948833466 0.504815459251404 0.495980322360992 0.47685769200325 0.468076467514038 0.474645465612411 0.475843816995621 0.466266572475433 0.466034233570099 0.489084601402283 0.514607071876526 0.531902253627777 0.542763769626617 -3.4e+38 -3.4e+38 -3.4e+38 -3.4e+38 -3.4e+38 -3.4e+38 -3.4e+38
0.502760410308838 0.494367301464081 0.492325335741043 0.50196099281311 0.517281115055084 0.517210841178894 0.490394920110703 0.487085580825806 0.491070419549942 0.476134747266769 0.471836239099503 0.480509966611862 0.504149854183197 0.519866228103638 0.527765691280365 0.534354209899902 0.542678117752075 0.533471643924713 0.493320107460022 0.482613533735275 0.475510001182556 0.482181936502457 0.500278174877167 0.502297520637512 0.530393660068512 0.543867647647858 0.518503665924072 0.474003404378891 0.437819987535477 0.449391067028046 0.47167295217514 0.471647024154663 0.464558780193329 0.46853831410408 0.485806614160538 0.502947449684143 0.526522636413574 -3.4e+38 -3.4e+38 -3.4e+38 -3.4e+38 -3.4e+38 -3.4e+38 -3.4e+38 -3.4e+38
0.495746165513992 0.496449023485184 0.504928469657898 0.517174184322357 0.532522141933441 0.521067678928375 0.494245737791061 0.490500658750534 0.486823707818985 0.474510282278061 0.469981491565704 0.476146996021271 0.498717784881592 0.509111523628235 0.505086600780487 0.516324043273926 0.516121506690979 0.515104472637177 0.49774044752121 0.505373418331146 0.505310654640198 0.491799831390381 0.501590967178345 0.495115220546722 0.518354475498199 0.535629391670227 0.504032075405121 0.449882119894028 0.419991254806519 0.447503924369812 0.463327169418335 0.462675273418427 0.47265762090683 0.481081426143646 0.489325553178787 -3.4e+38 -3.4e+38 -3.4e+38 -3.4e+38 -3.4e+38 -3.4e+38 -3.4e+38 -3.4e+38 -3.4e+38 -3.4e+38
0.485972613096237 0.495126247406006 0.503497898578644 0.523369610309601 0.538194298744202 0.515507698059082 0.492629140615463 0.485748827457428 0.467461735010147 0.463837027549744 0.477437883615494 0.495307803153992 0.508312404155731 0.489985078573227 0.485834211111069 0.509199678897858 0.501656949520111 0.513554334640503 0.518010675907135 0.522346496582031 0.511511981487274 0.508292138576508 0.540684163570404 0.543059647083282 0.531556189060211 0.510726988315582 0.469908177852631 0.436237692832947 0.426989883184433 0.451536744832993 0.442199319601059 0.449310749769211 0.469124525785446 0.484763234853745 -3.4e+38 -3.4e+38 -3.4e+38 -3.4e+38 -3.4e+38 -3.4e+38 -3.4e+38 -3.4e+38 -3.4e+38 -3.4e+38 -3.4e+38
0.493640035390854 0.500371754169464 0.508637428283691 0.529396057128906 0.539285898208618 0.516682326793671 0.489104211330414 0.493917047977448 0.48189514875412 0.464094042778015 0.468602031469345 0.487498879432678 0.494831621646881 0.479269593954086 0.497340232133865 0.506126821041107 0.48687082529068 0.500423610210419 0.514143347740173 0.522588133811951 0.526778817176819 0.52896386384964 0.56296581029892 0.56062638759613 0.532599091529846 0.475441515445709 0.427042454481125 0.429075807332993 0.437245935201645 0.438827902078629 0.426789700984955 0.438139021396637 0.466598957777023 -3.4e+38 -3.4e+38 -3.4e+38 -3.4e+38 -3.4e+38 -3.4e+38 -3.4e+38 -3.4e+38 -3.4e+38 -3.4e+38 -3.4e+38 -3.4e+38
0.503697335720062 0.504317939281464 0.512206494808197 0.535286009311676 0.547380268573761 0.53297346830368 0.514714181423187 0.524529099464417 0.509085714817047 0.486471056938171 0.487128287553787 0.489891946315765 0.487162351608276 0.489260941743851 0.515959143638611 0.51930844783783 0.490830093622208 0.49586609005928 0.491707354784012 0.495859026908875 0.517920255661011 0.547522485256195 0.548274219036102 0.516203582286835 0.503049671649933 0.453888297080994 0.414710819721222 0.43086051940918 0.433978945016861 0.430780529975891 0.434700489044189 0.449475914239883 -3.4e+38 -3.4e+38 -3.4e+38 -3.4e+38 -3.4e+38 -3.4e+38 -3.4e+38 -3.4e+38 -3.4e+38 -3.4e+38 -3.4e+38 -3.4e+38 -3.4e+38
0.500417768955231 0.504183709621429 0.512001037597656 0.536543309688568 0.549528956413269 0.551762580871582 0.539889216423035 0.524682402610779 0.499062299728394 0.492305427789688 0.501323103904724 0.496072590351105 0.490697503089905 0.499650239944458 0.522388875484467 0.518239140510559 0.500602066516876 0.503934979438782 0.502247631549835 0.498715579509735 0.519441604614258 0.547863900661469 0.536546468734741 0.490040600299835 0.453636109828949 0.414811849594116 0.412400722503662 0.432204753160477 0.43658047914505 0.432939827442169 0.449625849723816 -3.4e+38 -3.4e+38 -3.4e+38 -3.4e+38 -3.4e+38 -3.4e+38 -3.4e+38 -3.4e+38 -3.4e+38 -3.4e+38 -3.4e+38 -3.4e+38 -3.4e+38 -3.4e+38
0.493539184331894 0.510139763355255 0.521964430809021 0.529871106147766 0.539411664009094 0.5506392121315 0.526607096195221 0.487212628126144 0.462909579277039 0.478162109851837 0.502882719039917 0.500408053398132 0.502177953720093 0.514587342739105 0.515693604946136 0.498648911714554 0.481044709682465 0.485977351665497 0.506654322147369 0.510290801525116 0.51527726650238 0.51784873008728 0.496222764253616 0.444949835538864 0.395493596792221 0.374358534812927 0.399542033672333 0.436014771461487 0.455252856016159 0.448383361101151 -3.4e+38 -3.4e+38 -3.4e+38 -3.4e+38 -3.4e+38 -3.4e+38 -3.4e+38 -3.4e+38 -3.4e+38 -3.4e+38 -3.4e+38 -3.4e+38 -3.4e+38 -3.4e+38 -3.4e+38
0.500944375991821 0.535663306713104 0.542111456394196 0.518040597438812 0.518768310546875 0.530347466468811 0.516092300415039 0.480286538600922 0.460919439792633 0.4745814204216 0.498294979333878 0.515616536140442 0.531086206436157 0.525611221790314 0.50548267364502 0.494490057229996 0.479205369949341 0.469520658254623 0.489270091056824 0.503125846385956 0.507026433944702 0.482080429792404 0.438093721866608 0.402343899011612 0.373564958572388 0.381408184766769 0.420699894428253 0.452755570411682 0.468709290027618 -3.4e+38 -3.4e+38 -3.4e+38 -3.4e+38 -3.4e+38 -3.4e+38 -3.4e+38 -3.4e+38 -3.4e+38 -3.4e+38 -3.4e+38 -3.4e+38 -3.4e+38 -3.4e+38 -3.4e+38 -3.4e+38
0.497251272201538 0.529010534286499 0.535569489002228 0.512596666812897 0.514144897460938 0.518179178237915 0.513038277626038 0.494797468185425 0.489363849163055 0.497202754020691 0.494201689958572 0.514766871929169 0.519468665122986 0.506705522537231 0.503450691699982 0.509305000305176 0.498804420232773 0.467052161693573 0.462324261665344 0.479233264923096 0.479132145643234 0.439121425151825 0.385373741388321 0.38024690747261 0.384940356016159 0.409142196178436 0.450762778520584 0.460289180278778 -3.4e+38 -3.4e+38 -3.4e+38 -3.4e+38 -3.4e+38 -3.4e+38 -3.4e+38 -3.4e+38 -3.4e+38 -3.4e+38 -3.4e+38 -3.4e+38 -3.4e+38 -3.4e+38 -3.4e+38 -3.4e+38 -3.4e+38
0.497502446174622 0.508834600448608 0.517347276210785 0.517404735088348 0.514333844184875 0.513231873512268 0.510758340358734 0.50043910741806 0.500510156154633 0.487564295530319 0.460466623306274 0.473714470863342 0.465105473995209 0.445980072021484 0.452660650014877 0.467033982276917 0.484726548194885 0.482343673706055 0.466920882463455 0.449647516012192 0.43169978260994 0.414204329252243 0.373036086559296 0.374511629343033 0.410428285598755 0.444363564252853 -3.4e+38 -3.4e+38 -3.4e+38 -3.4e+38 -3.4e+38 -3.4e+38 -3.4e+38 -3.4e+38 -3.4e+38 -3.4e+38 -3.4e+38 -3.4e+38 -3.4e+38 -3.4e+38 -3.4e+38 -3.4e+38 -3.4e+38 -3.4e+38 -3.4e+38
0.500862061977386 0.513984739780426 0.522306621074677 0.51878547668457 0.508245289325714 0.523249804973602 0.517540991306305 0.502815425395966 0.499366760253906 0.474663555622101 0.439934849739075 0.444573014974594 0.429452955722809 0.414214283227921 0.405284762382507 0.402541697025299 0.443252086639404 0.465538531541824 0.441061645746231 0.409390509128571 0.400024324655533 0.416621774435043 0.409464120864868 0.410709351301193 0.445916831493378 -3.4e+38 -3.4e+38 -3.4e+38 -3.4e+38 -3.4e+38 -3.4e+38 -3.4e+38 -3.4e+38 -3.4e+38 -3.4e+38 -3.4e+38 -3.4e+38 -3.4e+38 -3.4e+38 -3.4e+38 -3.4e+38 -3.4e+38 -3.4e+38 -3.4e+38 -3.4e+38
0.496525466442108 0.513620495796204 0.522896885871887 0.517254292964935 0.514771044254303 0.53119969367981 0.523276448249817 0.505806922912598 0.504132151603699 0.497234523296356 0.466652035713196 0.444320619106293 0.435807943344116 0.434410393238068 0.417953073978424 0.400385856628418 0.406372249126434 0.417123764753342 0.413234293460846 0.40421587228775 0.411882191896439 0.438279062509537 0.453243941068649 -3.4e+38 -3.4e+38 -3.4e+38 -3.4e+38 -3.4e+38 -3.4e+38 -3.4e+38 -3.4e+38 -3.4e+38 -3.4e+38 -3.4e+38 -3.4e+38 -3.4e+38 -3.4e+38 -3.4e+38 -3.4e+38 -3.4e+38 -3.4e+38 -3.4e+38 -3.4e+38 -3.4e+38 -3.4e+38
0.495258241891861 0.513148009777069 0.524251341819763 0.52168333530426 0.535353362560272 0.547311782836914 0.531078219413757 0.519013941287994 0.516599059104919 0.510238170623779 0.487336486577988 0.478514432907104 0.476481825113297 0.468825787305832 0.428789019584656 0.421775281429291 0.43444836139679 0.429890811443329 0.427453190088272 0.439067929983139 0.47181561589241 -3.4e+38 -3.4e+38 -3.4e+38 -3.4e+38 -3.4e+38 -3.4e+38 -3.4e+38 -3.4e+38 -3.4e+38 -3.4e+38 -3.4e+38 -3.4e+38 -3.4e+38 -3.4e+38 -3.4e+38 -3.4e+38 -3.4e+38 -3.4e+38 -3.4e+38 -3.4e+38 -3.4e+38 -3.4e+38 -3.4e+38 -3.4e+38
0.506537795066833 0.518336176872253 0.524913609027863 0.528715431690216 0.545120060443878 0.546619534492493 0.531136631965637 0.522260785102844 0.519518196582794 0.512906491756439 0.498249441385269 0.50013679265976 0.510495543479919 0.499802321195602 0.4640793800354 0.46589669585228 0.494175016880035 0.484045147895813 -3.4e+38 -3.4e+38 -3.4e+38 -3.4e+38 -3.4e+38 -3.4e+38 -3.4e+38 -3.4e+38 -3.4e+38 -3.4e+38 -3.4e+38 -3.4e+38 -3.4e+38 -3.4e+38 -3.4e+38 -3.4e+38 -3.4e+38 -3.4e+38 -3.4e+38 -3.4e+38 -3.4e+38 -3.4e+38 -3.4e+38 -3.4e+38 -3.4e+38 -3.4e+38 -3.4e+38
0.517748832702637 0.521063208580017 0.529510676860809 0.537365674972534 0.538806200027466 0.534901201725006 0.527158260345459 0.518913447856903 0.517622292041779 0.506795346736908 0.488046735525131 0.486668616533279 0.507452487945557 0.50950688123703 0.485316574573517 -3.4e+38 -3.4e+38 -3.4e+38 -3.4e+38 -3.4e+38 -3.4e+38 -3.4e+38 -3.4e+38 -3.4e+38 -3.4e+38 -3.4e+38 -3.4e+38 -3.4e+38 -3.4e+38 -3.4e+38 -3.4e+38 -3.4e+38 -3.4e+38 -3.4e+38 -3.4e+38 -3.4e+38 -3.4e+38 -3.4e+38 -3.4e+38 -3.4e+38 -3.4e+38 -3.4e+38 -3.4e+38 -3.4e+38 -3.4e+38
0.513770759105682 0.514570534229279 0.532723546028137 0.541506886482239 0.534752011299133 0.535709321498871 0.532403886318207 0.523395001888275 0.518716752529144 0.511382460594177 0.494692772626877 0.489494025707245 -3.4e+38 -3.4e+38 -3.4e+38 -3.4e+38 -3.4e+38 -3.4e+38 -3.4e+38 -3.4e+38 -3.4e+38 -3.4e+38 -3.4e+38 -3.4e+38 -3.4e+38 -3.4e+38 -3.4e+38 -3.4e+38 -3.4e+38 -3.4e+38 -3.4e+38 -3.4e+38 -3.4e+38 -3.4e+38 -3.4e+38 -3.4e+38 -3.4e+38 -3.4e+38 -3.4e+38 -3.4e+38 -3.4e+38 -3.4e+38 -3.4e+38 -3.4e+38 -3.4e+38
0.496902346611023 0.504222273826599 0.530089974403381 0.544204473495483 0.543469190597534 0.54697597026825 0.540899872779846 0.536055862903595 0.532477617263794 0.518955230712891 -3.4e+38 -3.4e+38 -3.4e+38 -3.4e+38 -3.4e+38 -3.4e+38 -3.4e+38 -3.4e+38 -3.4e+38 -3.4e+38 -3.4e+38 -3.4e+38 -3.4e+38 -3.4e+38 -3.4e+38 -3.4e+38 -3.4e+38 -3.4e+38 -3.4e+38 -3.4e+38 -3.4e+38 -3.4e+38 -3.4e+38 -3.4e+38 -3.4e+38 -3.4e+38 -3.4e+38 -3.4e+38 -3.4e+38 -3.4e+38 -3.4e+38 -3.4e+38 -3.4e+38 -3.4e+38 -3.4e+38
0.484389305114746 0.502230107784271 0.52731853723526 0.543479263782501 0.553024470806122 0.552706122398376 0.543638050556183 0.541549623012543 -3.4e+38 -3.4e+38 -3.4e+38 -3.4e+38 -3.4e+38 -3.4e+38 -3.4e+38 -3.4e+38 -3.4e+38 -3.4e+38 -3.4e+38 -3.4e+38 -3.4e+38 -3.4e+38 -3.4e+38 -3.4e+38 -3.4e+38 -3.4e+38 -3.4e+38 -3.4e+38 -3.4e+38 -3.4e+38 -3.4e+38 -3.4e+38 -3.4e+38 -3.4e+38 -3.4e+38 -3.4e+38 -3.4e+38 -3.4e+38 -3.4e+38 -3.4e+38 -3.4e+38 -3.4e+38 -3.4e+38 -3.4e+38 -3.4e+38
