data/1_raw/trimmed_ndre/Aes_ndre.68.2013_no_clouds.asc
NCOLS 109 
NROWS 101 
XLLCORNER 466110 
YLLCORNER 5182005 
CELLSIZE 5 
NODATA_value -3.4e+38 
[rows 20 to 39 of 101, columns 45 to 89 of 109]
-3.4e+38 -3.4e+38 -3.4e+38 -3.4e+38 -3.4e+38 -3.4e+38 -3.4e+38 -3.4e+38 0.476759970188141 0.521197557449341 0.536747455596924 0.533986449241638 0.504227101802826 0.504622459411621 0.489499032497406 0.441407263278961 0.420669943094254 0.3755022585392 0.344196707010269 0.354350417852402 0.337566286325455 0.309739887714386 0.305614978075027 0.345483303070068 0.417028158903122 0.473183542490005 0.469870537519455 0.430071830749512 0.406887024641037 0.415625661611557 0.418057590723038 0.406135678291321 0.409735888242722 0.434428989887238 0.463481366634369 0.466737806797028 0.429778873920441 0.385273367166519 0.333300650119781 0.31683474779129 0.333333194255829 0.323161453008652 -3.4e+38 -3.4e+38 -3.4e+38
-3.4e+38 -3.4e+38 -3.4e+38 -3.4e+38 -3.4e+38 -3.4e+38 -3.4e+38 0.47723114490509 0.521185219287872 0.531587898731232 0.509753882884979 0.499796509742737 0.460451364517212 0.423718422651291 0.402279913425446 0.369028389453888 0.35146626830101 0.34040492773056 0.33769166469574 0.326578319072723 0.29810705780983 0.278552621603012 0.277650028467178 0.314485102891922 0.376267820596695 0.451263457536697 0.468118965625763 0.433874011039734 0.42119374871254 0.428975790739059 0.436005085706711 0.436658680438995 0.442304968833923 0.452469557523727 0.462469309568405 0.461331486701965 0.401406347751617 0.327886611223221 0.279167264699936 0.276523917913437 0.318769991397858 0.343599855899811 0.325711309909821 -3.4e+38 -3.4e+38
-3.4e+38 -3.4e+38 -3.4e+38 -3.4e+38 -3.4e+38 0.489634960889816 0.527690887451172 0.520172595977783 0.509301126003265 0.48284724354744 0.459394544363022 0.457770437002182 0.415501296520233 0.364967823028564 0.362082153558731 0.335800051689148 0.316556870937347 0.329356759786606 0.344957798719406 0.331557422876358 0.298773437738419 0.289829552173615 0.293926954269409 0.325430393218994 0.37854740023613 0.441468328237534 0.470214933156967 0.460858196020126 0.45826929807663 0.462568730115891 0.47079786658287 0.478093981742859 0.497169345617294 0.504010438919067 0.482320219278336 0.445735543966293 0.370799332857132 0.302987098693848 0.278338670730591 0.290212482213974 0.338991224765778 0.37203660607338 0.361283004283905 -3.4e+38 -3.4e+38
-3.4e+38 -3.4e+38 0.400544255971909 0.450331300497055 0.50316596031189 0.545834422111511 0.548542320728302 0.491567224264145 0.454655945301056 0.428702682256699 0.424370408058167 0.428195744752884 0.408701986074448 0.376109927892685 0.369079142808914 0.349150568246841 0.322300881147385 0.322629690170288 0.33356899023056 0.330894082784653 0.306635946035385 0.302059084177017 0.318469941616058 0.350186228752136 0.405635088682175 0.453454524278641 0.481401562690735 0.490265548229218 0.499857842922211 0.507598042488098 0.514880120754242 0.516696453094482 0.521895110607147 0.525753796100616 0.478330492973328 0.403733104467392 0.330593436956406 0.26972296833992 0.260341137647629 0.274264693260193 0.321428120136261 0.384337931871414 0.400534182786942 0.381851851940155 -3.4e+38
0.366735339164734 0.422199815511703 0.484389007091522 0.523750841617584 0.533320069313049 0.508707106113434 0.487006455659866 0.436918288469315 0.405298948287964 0.405577123165131 0.409683585166931 0.421013593673706 0.421013861894608 0.387389719486237 0.359689235687256 0.347923934459686 0.332240879535675 0.312788784503937 0.308620065450668 0.317941695451736 0.309636056423187 0.322216182947159 0.352087020874023 0.384957730770111 0.430620968341827 0.470801711082458 0.50206857919693 0.517133593559265 0.527524173259735 0.542449176311493 0.551492154598236 0.555542349815369 0.555115103721619 0.534797549247742 0.461383849382401 0.372070401906967 0.308416068553925 0.257757008075714 0.261265069246292 0.286684095859528 0.334313690662384 0.380395770072937 0.397261023521423 0.417541056871414 -3.4e+38
0.411035031080246 0.47975492477417 0.526354670524597 0.52604866027832 0.505139946937561 0.452420473098755 0.425266534090042 0.404231518507004 0.378122001886368 0.381054908037186 0.405250310897827 0.409865349531174 0.398354649543762 0.374346733093262 0.356820732355118 0.343759715557098 0.332024067640305 0.310100138187408 0.311028450727463 0.328650057315826 0.332596272230148 0.361102342605591 0.405445218086243 0.43045711517334 0.459064066410065 0.505090236663818 0.526889324188232 0.523755550384521 0.53407210111618 0.560789108276367 0.578975081443787 0.586744844913483 0.568269491195679 0.526492834091187 0.450616985559464 0.351376384496689 0.310097634792328 0.311860918998718 0.348202079534531 0.383510708808899 0.399628698825836 0.409609317779541 0.415893912315369 0.433318942785263 0.396993696689606
0.464087039232254 0.495869487524033 0.505330145359039 0.469964891672134 0.455421298742294 0.431465566158295 0.398236215114594 0.376492142677307 0.341292381286621 0.349104553461075 0.384885281324387 0.382630795240402 0.368017017841339 0.37154221534729 0.382600724697113 0.359375983476639 0.331542074680328 0.313220947980881 0.334093451499939 0.373956918716431 0.385333180427551 0.418952107429504 0.465442806482315 0.491389006376266 0.507292747497559 0.53093409538269 0.534642338752747 0.52429336309433 0.535914897918701 0.564751148223877 0.584328889846802 0.588263154029846 0.561857998371124 0.508016347885132 0.44582724571228 0.369280248880386 0.372580975294113 0.429935902357101 0.461850941181183 0.476573675870895 0.481293052434921 0.455015391111374 0.443123400211334 0.421662360429764 0.381140351295471
0.475451022386551 0.455101430416107 0.44133049249649 0.407332211732864 0.397162556648254 0.393467396497726 0.359699040651321 0.336405396461487 0.318473786115646 0.324160754680634 0.352475821971893 0.365763127803802 0.377989292144775 0.395192265510559 0.404704123735428 0.386417120695114 0.356201499700546 0.351914554834366 0.393268138170242 0.433285772800446 0.442740499973297 0.468083709478378 0.512087881565094 0.530629277229309 0.524365842342377 0.529297292232513 0.533977687358856 0.537302553653717 0.553635239601135 0.564434587955475 0.569366574287415 0.574614882469177 0.558552086353302 0.519858479499817 0.481043756008148 0.440712004899979 0.454023867845535 0.514763474464417 0.540638148784637 0.546600878238678 0.528273940086365 0.491417527198792 0.465798437595367 0.426852375268936 0.380430817604065
0.433411478996277 0.395029932260513 0.396542847156525 0.380139470100403 0.360532224178314 0.35215163230896 0.315801233053207 0.308709025382996 0.322121292352676 0.324275076389313 0.330228984355927 0.348168164491653 0.383637726306915 0.405185788869858 0.398919850587845 0.398521423339844 0.397411406040192 0.409472763538361 0.448999673128128 0.466409981250763 0.467260479927063 0.491171181201935 0.521785080432892 0.531160593032837 0.514927744865417 0.519383013248444 0.531021237373352 0.540535151958466 0.548659086227417 0.547196507453918 0.549161791801453 0.557306587696075 0.552802622318268 0.549557268619537 0.539068579673767 0.513832449913025 0.489160239696503 0.516561150550842 0.538177311420441 0.530827224254608 0.524094045162201 0.500621795654297 0.46470445394516 0.426386266946793 0.397746235132217
0.391624093055725 0.36749741435051 0.377183020114899 0.355802714824677 0.315573960542679 0.298190176486969 0.282973319292068 0.294245004653931 0.318330764770508 0.317801803350449 0.319913119077682 0.343658626079559 0.380341649055481 0.41746997833252 0.436554253101349 0.444083690643311 0.44606626033783 0.449091374874115 0.462996572256088 0.481695652008057 0.503434956073761 0.51214998960495 0.518775641918182 0.531840443611145 0.525477170944214 0.518742322921753 0.521538436412811 0.517200887203217 0.507657527923584 0.507039606571198 0.514431476593018 0.534583151340485 0.553976535797119 0.568252623081207 0.570192158222198 0.542052745819092 0.490037530660629 0.461995303630829 0.466607689857483 0.468863874673843 0.487967312335968 0.482147783041 0.459374010562897 0.444428592920303 0.440384387969971
0.381487965583801 0.360873609781265 0.349044859409332 0.330849856138229 0.281029969453812 0.264186143875122 0.272665232419968 0.277119368314743 0.291786760091782 0.304789543151855 0.323348075151443 0.363437741994858 0.409887343645096 0.434939414262772 0.455192625522614 0.470228016376495 0.472172766923904 0.466460824012756 0.482678562402725 0.504517674446106 0.524300575256348 0.526567339897156 0.529148817062378 0.532604157924652 0.52766090631485 0.511946201324463 0.494290709495544 0.483182102441788 0.480106502771378 0.476525992155075 0.485959321260452 0.52692037820816 0.558289289474487 0.562146604061127 0.555823981761932 0.525880217552185 0.460574686527252 0.403953343629837 0.414489328861237 0.441077589988708 0.443418681621552 0.443598240613937 0.467154085636139 0.484098762273788 0.478449821472168
0.376571714878082 0.353705793619156 0.329592913389206 0.311539769172668 0.278887420892715 0.258525043725967 0.268801629543304 0.277897208929062 0.281652271747589 0.3019859790802 0.332770675420761 0.372210741043091 0.433350771665573 0.462843805551529 0.471652507781982 0.481964766979218 0.47909939289093 0.478623032569885 0.494764655828476 0.513821363449097 0.519467294216156 0.529261410236359 0.539712369441986 0.532519936561584 0.5110182762146 0.481812477111816 0.455992251634598 0.44396448135376 0.450174599885941 0.468583464622498 0.488281428813934 0.532203018665314 0.555108606815338 0.542299687862396 0.508985936641693 0.476353257894516 0.419456213712692 0.365128695964813 0.378771960735321 0.393454790115356 0.387143433094025 0.41070681810379 0.473796516656876 0.504105091094971 0.492916733026505
0.372815370559692 0.360326826572418 0.332343310117722 0.314193397760391 0.300433933734894 0.268946468830109 0.272222101688385 0.2928706407547 0.297409653663635 0.313461035490036 0.350552290678024 0.390453577041626 0.461877048015594 0.509051024913788 0.509342432022095 0.514223456382751 0.514737725257874 0.505534946918488 0.505374431610107 0.510832071304321 0.518110990524292 0.533712387084961 0.539682447910309 0.511882424354553 0.470578253269196 0.445403784513474 0.428700000047684 0.425115674734116 0.443582057952881 0.47526142001152 0.500776290893555 0.536287546157837 0.532981812953949 0.488427937030792 0.441441595554352 0.422491371631622 0.362102091312408 0.316198885440826 0.353183746337891 0.354054152965546 0.353564471006393 0.401979774236679 0.463387608528137 0.519905507564545 0.528549015522003
0.373106062412262 0.375718533992767 0.34194803237915 0.311067968606949 0.296990692615509 0.277815908193588 0.274836212396622 0.296719610691071 0.316333472728729 0.350860208272934 0.402354896068573 0.439569264650345 0.489950239658356 0.539306879043579 0.535577476024628 0.53705096244812 0.533166348934174 0.521448373794556 0.51464968919754 0.512452781200409 0.510199546813965 0.506651639938354 0.494809329509735 0.469460427761078 0.439478486776352 0.429239213466644 0.431339740753174 0.442889809608459 0.458961606025696 0.48193371295929 0.511110305786133 0.528543174266815 0.501386761665344 0.450470715761185 0.405475378036499 0.387908667325974 0.340152859687805 0.302349656820297 0.329352885484695 0.335518956184387 0.357282429933548 0.422245591878891 0.473093420267105 0.527018845081329 0.557597219944
0.37053444981575 0.371356159448624 0.340667277574539 0.305037438869476 0.292158126831055 0.291982233524323 0.285260826349258 0.303290337324142 0.345805943012238 0.399945437908173 0.461707025766373 0.488700360059738 0.499525874853134 0.531705439090729 0.535704612731934 0.526638984680176 0.521090447902679 0.516257882118225 0.519744038581848 0.51555061340332 0.486706018447876 0.451305449008942 0.433536171913147 0.435245126485825 0.431830763816833 0.434874713420868 0.448505699634552 0.46822327375412 0.479471355676651 0.485916942358017 0.498207896947861 0.495624244213104 0.470491737127304 0.441874116659164 0.401806473731995 0.367336541414261 0.331572681665421 0.29166042804718 0.298043459653854 0.334566414356232 0.361433476209641 0.395796120166779 0.440859377384186 0.491413623094559 0.545340359210968
0.347670197486877 0.331496983766556 0.32373121380806 0.315529018640518 0.30883327126503 0.302645295858383 0.289153248071671 0.317535102367401 0.388798087835312 0.452419519424438 0.493917107582092 0.526525676250458 0.545475661754608 0.538964748382568 0.525864601135254 0.516831398010254 0.514832496643066 0.5149866938591 0.512303411960602 0.497801572084427 0.453381955623627 0.416652679443359 0.40513876080513 0.424641340970993 0.439962863922119 0.439850568771362 0.451926469802856 0.47022819519043 0.475577503442764 0.467779904603958 0.46135288476944 0.454760134220123 0.437188237905502 0.417203664779663 0.389749646186829 0.349973410367966 0.31320720911026 0.285727471113205 0.287442415952682 0.314000576734543 0.326235949993134 0.336946278810501 0.37524089217186 0.444553136825562 0.499771684408188
0.337681472301483 0.312781363725662 0.318629711866379 0.331806302070618 0.327724009752274 0.319810062646866 0.324181199073792 0.363369792699814 0.435987323522568 0.496666312217712 0.528810322284698 0.558350563049316 0.560872256755829 0.525530159473419 0.522267818450928 0.526452422142029 0.515267431735992 0.50628262758255 0.488859355449677 0.462044328451157 0.421777069568634 0.406165778636932 0.40629255771637 0.421395421028137 0.427983313798904 0.430611908435822 0.442849069833755 0.451136887073517 0.449505567550659 0.441577821969986 0.441742807626724 0.441709816455841 0.434757173061371 0.414150983095169 0.388495653867722 0.348559409379959 0.308642327785492 0.287370830774307 0.285198509693146 0.284199446439743 0.290864646434784 0.307875096797943 0.343733876943588 0.397902071475983 0.443268954753876
0.336787581443787 0.324548631906509 0.318299025297165 0.326633930206299 0.326350837945938 0.348790287971497 0.384890466928482 0.419875472784042 0.468524813652039 0.529114902019501 0.566234469413757 0.55503123998642 0.520335078239441 0.492174953222275 0.499780863523483 0.515581965446472 0.499621897935867 0.481219738721848 0.462870419025421 0.43610006570816 0.401381462812424 0.397818326950073 0.401697158813477 0.404860138893127 0.405361950397491 0.421518355607986 0.442686229944229 0.443124234676361 0.444438517093658 0.443224549293518 0.446133226156235 0.454445034265518 0.458375334739685 0.4381243288517 0.403587818145752 0.368835210800171 0.329786628484726 0.305139243602753 0.295821577310562 0.283147782087326 0.284708440303802 0.298629194498062 0.314276129007339 0.344781339168549 0.391839236021042
0.322834372520447 0.335918307304382 0.32872873544693 0.338994383811951 0.357485830783844 0.390891194343567 0.431477844715118 0.464568167924881 0.506750643253326 0.544181942939758 0.553778111934662 0.524850249290466 0.50546270608902 0.499477714300156 0.496027678251266 0.492321938276291 0.470726549625397 0.445321142673492 0.432102680206299 0.394738733768463 0.373084008693695 0.384467929601669 0.389225989580154 0.405701875686646 0.418068289756775 0.441327065229416 0.459396541118622 0.457449436187744 0.464983314275742 0.46235665678978 0.457514375448227 0.466072887182236 0.466989487409592 0.451386064291 0.418085873126984 0.393149018287659 0.358264774084091 0.31905671954155 0.309208780527115 0.311012625694275 0.307627379894257 0.308674424886703 0.312527447938919 0.323547184467316 0.370052635669708
0.304725348949432 0.342836946249008 0.344733953475952 0.366643846035004 0.401962667703629 0.427672445774078 0.470516264438629 0.509913623332977 0.535713374614716 0.531408667564392 0.516676008701324 0.5108642578125 0.511122643947601 0.502223312854767 0.475747644901276 0.458191335201263 0.43912148475647 0.410287529230118 0.390370786190033 0.373182058334351 0.372035980224609 0.392644435167313 0.385984599590302 0.399094551801682 0.433033257722855 0.462368309497833 0.463602185249329 0.465771734714508 0.477220952510834 0.470323503017426 0.460287868976593 0.446908235549927 0.441407978534698 0.438387751579285 0.42767533659935 0.405246257781982 0.369950324296951 0.323895782232285 0.309648841619492 0.321436315774918 0.316703796386719 0.313591212034225 0.325218766927719 0.342295348644257 0.369806706905365
