data/1_raw/trimmed_ndre/Aes_ndre.64.2014_no_clouds.asc
NCOLS 109 
NROWS 101 
XLLCORNER 466110 
YLLCORNER 5182005 
CELLSIZE 5 
NODATA_value -3.4e+38 
[rows 60 to 79 of 101, columns 45 to 89 of 109]
0.452647894620895 0.456707447767258 0.431644976139069 0.40588766336441 0.387655407190323 0.380668491125107 0.373116761445999 0.368398666381836 0.363769501447678 0.366865932941437 0.363858103752136 0.383105307817459 0.416771501302719 0.432572692632675 0.453899204730988 0.483255565166473 0.511671900749207 0.525594770908356 0.530946135520935 0.529446601867676 0.518470406532288 0.523781180381775 0.546426653862 0.554904520511627 0.483120501041412 0.378186970949173 0.301215499639511 0.272838592529297 0.255890995264053 0.244561597704887 0.238651514053345 0.240519553422928 0.260463446378708 0.2709019780159 0.287767797708511 0.308282911777496 0.352821588516235 0.399442225694656 0.419390588998795 0.425181418657303 0.452673375606537 0.458696633577347 0.452752977609634 0.461557686328888 0.486244648694992
0.444171577692032 0.440504938364029 0.40350267291069 0.373289585113525 0.358852475881577 0.351992726325989 0.332502365112305 0.328913778066635 0.33610874414444 0.342514276504517 0.332106173038483 0.349948048591614 0.387597143650055 0.425329446792603 0.44754022359848 0.466912925243378 0.491663187742233 0.513171076774597 0.51809024810791 0.519630789756775 0.516695320606232 0.516852378845215 0.534881770610809 0.521036863327026 0.443173378705978 0.335751801729202 0.290102690458298 0.270774513483047 0.250303715467453 0.229699462652206 0.224792242050171 0.2377720028162 0.257260054349899 0.264882266521454 0.301437675952911 0.340180933475494 0.368660539388657 0.388368278741837 0.404377311468124 0.41636136174202 0.440461575984955 0.442670226097107 0.44156813621521 0.449987411499023 0.480875998735428
0.429554164409637 0.414599895477295 0.379917949438095 0.348866313695908 0.34204563498497 0.326450437307358 0.301508456468582 0.301337391138077 0.319158762693405 0.331470668315887 0.335080206394196 0.352332293987274 0.378480106592178 0.405931711196899 0.427482098340988 0.447581768035889 0.480884373188019 0.50594425201416 0.503112435340881 0.509789943695068 0.510383784770966 0.503744721412659 0.501174092292786 0.460753113031387 0.386932164430618 0.299097567796707 0.282509237527847 0.266855001449585 0.247776806354523 0.230105742812157 0.226774796843529 0.240708410739899 0.253365367650986 0.262688428163528 0.29370841383934 0.340817481279373 0.37255859375 0.381511360406876 0.393193155527115 0.417371362447739 0.439206928014755 0.439212709665298 0.435733914375305 0.447971314191818 0.47952589392662
0.420344561338425 0.394676566123962 0.362881898880005 0.3311488032341 0.326834887266159 0.312614172697067 0.298872411251068 0.298376560211182 0.312607049942017 0.31925243139267 0.32008171081543 0.32456761598587 0.335425138473511 0.356884151697159 0.384483098983765 0.416298896074295 0.446789056062698 0.46221986413002 0.468823879957199 0.488478690385818 0.497882872819901 0.481734365224838 0.443155616521835 0.389603763818741 0.333962351083755 0.284742087125778 0.274024963378906 0.254055172204971 0.242858394980431 0.238107204437256 0.239897325634956 0.249064072966576 0.258598059415817 0.281648814678192 0.318879663944244 0.360117524862289 0.386184632778168 0.39215824007988 0.384296059608459 0.398310154676437 0.423273622989655 0.440618574619293 0.443248838186264 0.457122981548309 0.483828842639923
0.419559597969055 0.387722164392471 0.355668246746063 0.327721983194351 0.310632437467575 0.299367994070053 0.302560359239578 0.306289970874786 0.305906921625137 0.303592532873154 0.301472127437592 0.296969592571259 0.290239930152893 0.299790322780609 0.336345791816711 0.374672532081604 0.394719451665878 0.407934188842773 0.419726103544235 0.43768522143364 0.451639384031296 0.424715995788574 0.380399405956268 0.336831033229828 0.312034100294113 0.302025973796844 0.28916734457016 0.260572880506516 0.250261932611465 0.252522587776184 0.256308853626251 0.258667558431625 0.264415711164474 0.303964853286743 0.349995076656342 0.385596036911011 0.405573964118958 0.401223868131638 0.388806134462357 0.396014630794525 0.427148967981339 0.455500066280365 0.468991607427597 0.471345514059067 0.476566672325134
0.432439357042313 0.402009308338165 0.359875023365021 0.319357186555862 0.29391023516655 0.28582239151001 0.290449857711792 0.283799469470978 0.286591827869415 0.301589369773865 0.296080142259598 0.293371081352234 0.287440150976181 0.28281381726265 0.303804844617844 0.32248517870903 0.338116616010666 0.360066294670105 0.366149395704269 0.374961912631989 0.383120566606522 0.358750581741333 0.333836227655411 0.318074882030487 0.31617671251297 0.313630759716034 0.289348065853119 0.262390404939651 0.254819452762604 0.263232678174973 0.267075955867767 0.267654627561569 0.277440637350082 0.330434292554855 0.374800324440002 0.403232961893082 0.413285315036774 0.404613971710205 0.400079548358917 0.411815732717514 0.451829552650452 0.481789439916611 0.490101486444473 0.47244468331337 0.453533858060837
0.432057112455368 0.400136858224869 0.35783788561821 0.317368447780609 0.291468799114227 0.285993695259094 0.288334786891937 0.281592726707458 0.29134926199913 0.307658076286316 0.302241593599319 0.303785920143127 0.285873621702194 0.271186858415604 0.281214326620102 0.279228568077087 0.28907710313797 0.305414021015167 0.302961111068726 0.307492166757584 0.31460165977478 0.309968560934067 0.301325440406799 0.292620331048965 0.287881970405579 0.283111423254013 0.260300278663635 0.243616744875908 0.243552729487419 0.261556357145309 0.280658781528473 0.285679906606674 0.305200129747391 0.356762081384659 0.388552367687225 0.405711263418198 0.409800976514816 0.403647422790527 0.412297129631042 0.43577715754509 0.47202256321907 0.491757541894913 0.490053683519363 0.465261071920395 0.429805189371109
0.442964971065521 0.395912945270538 0.354750066995621 0.337436676025391 0.309142351150513 0.291856110095978 0.289725542068481 0.294417887926102 0.302339404821396 0.310584247112274 0.308929830789566 0.300423473119736 0.285885185003281 0.277561545372009 0.277408331632614 0.266998320817947 0.269932687282562 0.275748431682587 0.272455424070358 0.265018969774246 0.278159469366074 0.288697302341461 0.282495021820068 0.270782262086868 0.259217649698257 0.242227017879486 0.219811886548996 0.212622076272964 0.235701531171799 0.272175818681717 0.305716961622238 0.3118055164814 0.343631207942963 0.384142965078354 0.404173195362091 0.411237001419067 0.405329436063766 0.398206263780594 0.413686543703079 0.442385941743851 0.47192171216011 0.486247777938843 0.481828719377518 0.461989015340805 0.436125040054321
0.444520205259323 0.388595253229141 0.35468378663063 0.351119637489319 0.317696809768677 0.294517546892166 0.294370293617249 0.306288033723831 0.307052880525589 0.313829988241196 0.312744081020355 0.302762061357498 0.296757608652115 0.29687687754631 0.285272270441055 0.265449374914169 0.264984399080276 0.26636728644371 0.266529649496078 0.259270668029785 0.265009790658951 0.273326128721237 0.279985338449478 0.276272714138031 0.257646054029465 0.235911965370178 0.218710139393806 0.219577923417091 0.250679403543472 0.296404004096985 0.32808655500412 0.329130947589874 0.362683683633804 0.396381020545959 0.413835287094116 0.4149549305439 0.400808990001678 0.392186880111694 0.407955169677734 0.439011216163635 0.465204805135727 0.478396713733673 0.48001155257225 0.465360045433044 0.442315578460693
0.438457608222961 0.403869450092316 0.391303867101669 0.378071695566177 0.342321753501892 0.307863563299179 0.299904257059097 0.303255707025528 0.304698944091797 0.314745008945465 0.317985832691193 0.311631232500076 0.302358329296112 0.299763351678848 0.285645604133606 0.271413803100586 0.269103914499283 0.263562887907028 0.263911008834839 0.276562422513962 0.298295170068741 0.303578555583954 0.307401061058044 0.306886941194534 0.285698115825653 0.270688831806183 0.254504263401031 0.249382510781288 0.270410865545273 0.318706303834915 0.33310279250145 0.330765157938004 0.356111705303192 0.392909497022629 0.410261303186417 0.405355334281921 0.390952348709106 0.391121834516525 0.406230986118317 0.432584792375565 0.461211502552032 0.480948626995087 0.483154445886612 0.456529557704926 0.432296574115753
0.446417242288589 0.441528022289276 0.4363614320755 0.420496344566345 0.38873291015625 0.348913848400116 0.31893402338028 0.309792816638947 0.309885770082474 0.316305041313171 0.322634398937225 0.316761404275894 0.305504232645035 0.29780375957489 0.286835253238678 0.280751347541809 0.281287759542465 0.284077733755112 0.286121249198914 0.309698283672333 0.339465290307999 0.34839278459549 0.339478105306625 0.330387711524963 0.322210013866425 0.31671741604805 0.297878831624985 0.279483288526535 0.280986487865448 0.32300215959549 0.32571804523468 0.320239692926407 0.333683401346207 0.375908851623535 0.392002791166306 0.389991402626038 0.383512318134308 0.395223498344421 0.408120423555374 0.425756424665451 0.455678105354309 0.486491620540619 0.492588847875595 0.457557559013367 0.426104694604874
0.432884633541107 0.453020662069321 0.463904589414597 0.46652165055275 0.446434199810028 0.407549738883972 0.36316779255867 0.33994734287262 0.327155917882919 0.320670038461685 0.318627834320068 0.319713860750198 0.320267468690872 0.31260734796524 0.298269808292389 0.291474163532257 0.297356218099594 0.306590229272842 0.309296518564224 0.337855160236359 0.360361844301224 0.365422159433365 0.361558884382248 0.360125303268433 0.36038601398468 0.355892062187195 0.332033544778824 0.313691020011902 0.29902845621109 0.303413540124893 0.308776766061783 0.301380038261414 0.312705367803574 0.3565853536129 0.389658182859421 0.388946264982224 0.382771670818329 0.400871306657791 0.410730361938477 0.425118923187256 0.453795790672302 0.492003083229065 0.503164708614349 0.479304015636444 0.441952347755432
0.407772839069366 0.437457054853439 0.457590043544769 0.467321634292603 0.457062125205994 0.437533676624298 0.406253397464752 0.376503735780716 0.359786570072174 0.344867616891861 0.332049608230591 0.326794266700745 0.339045435190201 0.34555584192276 0.338448733091354 0.331967860460281 0.333177119493484 0.334843337535858 0.332804262638092 0.347765803337097 0.345121145248413 0.349847882986069 0.364638090133667 0.375751584768295 0.381296306848526 0.372011333703995 0.34553986787796 0.324572920799255 0.302336305379868 0.290416806936264 0.29460945725441 0.28675788640976 0.301128029823303 0.338495582342148 0.383918553590775 0.38788914680481 0.385034292936325 0.398901969194412 0.418870121240616 0.439970672130585 0.460033476352692 0.486121028661728 0.506246089935303 0.494966268539429 0.457315564155579
0.390592098236084 0.431080371141434 0.454956740140915 0.460609406232834 0.450302332639694 0.448086798191071 0.419724225997925 0.37977010011673 0.369070947170258 0.356034904718399 0.347227305173874 0.338069796562195 0.335016965866089 0.338692396879196 0.349429816007614 0.36241739988327 0.36786150932312 0.366557836532593 0.367624014616013 0.378465116024017 0.364291667938232 0.355659574270248 0.362952172756195 0.370706051588058 0.362180590629578 0.342033296823502 0.322867780923843 0.313661426305771 0.308770269155502 0.308289974927902 0.302295446395874 0.285661727190018 0.29839551448822 0.333334058523178 0.373272895812988 0.389507323503494 0.387005299329758 0.389011412858963 0.408681452274323 0.446478128433228 0.460877001285553 0.45932599902153 0.470276474952698 0.483892977237701 0.475805789232254
0.388376027345657 0.42463755607605 0.44587704539299 0.448141932487488 0.441803604364395 0.448132991790771 0.413941919803619 0.385477602481842 0.380358546972275 0.363640874624252 0.367035090923309 0.370956689119339 0.359885007143021 0.355989664793015 0.372019201517105 0.390353083610535 0.394767194986343 0.394127428531647 0.395688951015472 0.39830020070076 0.386314272880554 0.371875613927841 0.371058583259583 0.374246090650558 0.360240310430527 0.33073690533638 0.306202083826065 0.301765441894531 0.317730695009232 0.328515201807022 0.312750399112701 0.292704075574875 0.304451376199722 0.344372093677521 0.383428066968918 0.401758641004562 0.389526426792145 0.37785068154335 0.390044689178467 0.438014149665833 0.469520509243011 0.472480922937393 0.461884796619415 0.478212833404541 0.488648563623428
0.373035699129105 0.402438312768936 0.427527785301208 0.43661230802536 0.438849240541458 0.440866976976395 0.42389988899231 0.406072378158569 0.394666373729706 0.37655708193779 0.379018366336823 0.384908258914948 0.383943766355515 0.38337504863739 0.405207216739655 0.424581617116928 0.4297776222229 0.428382039070129 0.422309815883636 0.414307624101639 0.400111824274063 0.385099738836288 0.392811417579651 0.395485639572144 0.378143846988678 0.346991091966629 0.315702348947525 0.310824751853943 0.326311737298965 0.333965063095093 0.314879387617111 0.300550371408463 0.311542719602585 0.349775940179825 0.382424712181091 0.398708909749985 0.390442252159119 0.372846513986588 0.387121111154556 0.433220148086548 0.474194377660751 0.476867020130157 0.46453332901001 0.465967953205109 0.485148727893829
0.332230180501938 0.363094121217728 0.398612856864929 0.432848751544952 0.449358761310577 0.453860133886337 0.451016992330551 0.431350260972977 0.409568756818771 0.391528278589249 0.388680964708328 0.401588708162308 0.40825355052948 0.408581674098969 0.417174935340881 0.423736274242401 0.431567400693893 0.440995544195175 0.441035181283951 0.438429594039917 0.431303024291992 0.418539792299271 0.408789157867432 0.40586793422699 0.396590352058411 0.374644458293915 0.334615677595139 0.315728813409805 0.314270496368408 0.315931409597397 0.30654314160347 0.302425295114517 0.313404142856598 0.343815714120865 0.376900613307953 0.391890168190002 0.391414761543274 0.38019934296608 0.3957359790802 0.429430693387985 0.465662807226181 0.470135480165482 0.469956129789352 0.472181975841522 0.481717944145203
0.282435029745102 0.305683076381683 0.344098061323166 0.393859893083572 0.436811566352844 0.463395178318024 0.472015172243118 0.466156631708145 0.452414155006409 0.431963831186295 0.416898161172867 0.42894384264946 0.436504483222961 0.432200163602829 0.425840556621552 0.433609485626221 0.443111479282379 0.446873843669891 0.448332190513611 0.456782847642899 0.456292688846588 0.438804626464844 0.40402814745903 0.388794809579849 0.378421455621719 0.357023954391479 0.318946301937103 0.294651687145233 0.2813940346241 0.27918928861618 0.283056229352951 0.290379077196121 0.313405275344849 0.345697194337845 0.380099028348923 0.390318900346756 0.389767915010452 0.385562896728516 0.398271054029465 0.423288583755493 0.448240667581558 0.459510415792465 0.477593928575516 0.478358715772629 0.471645832061768
0.25568363070488 0.264684021472931 0.294105350971222 0.343659639358521 0.400140076875687 0.449781745672226 0.480452865362167 0.491847962141037 0.488835036754608 0.471324443817139 0.458268105983734 0.461293280124664 0.471365422010422 0.464475512504578 0.454804629087448 0.467501878738403 0.490674465894699 0.494165688753128 0.479578673839569 0.474508821964264 0.463757693767548 0.430719643831253 0.384499400854111 0.355278730392456 0.338224142789841 0.315977960824966 0.285104632377625 0.260170608758926 0.24721460044384 0.252612739801407 0.268094182014465 0.287471771240234 0.324892491102219 0.364663571119308 0.395996272563934 0.396045356988907 0.388692319393158 0.385735899209976 0.395493060350418 0.419570505619049 0.43728095293045 0.452697217464447 0.483824908733368 0.482069581747055 -3.4e+38
0.25197896361351 0.25153461098671 0.269739598035812 0.310970306396484 0.36597204208374 0.423566281795502 0.468929409980774 0.495870471000671 0.504324555397034 0.492120116949081 0.487075328826904 0.492938011884689 0.506355345249176 0.497111618518829 0.493686378002167 0.501551568508148 0.50736790895462 0.510650515556335 0.5000319480896 0.480227559804916 0.449100852012634 0.394997209310532 0.349870592355728 0.31756255030632 0.296144723892212 0.275913119316101 0.253524333238602 0.238358706235886 0.236989557743073 0.250855773687363 0.273323655128479 0.303016096353531 0.346616864204407 0.382459044456482 0.400757819414139 0.397487342357635 0.386955916881561 0.38277605175972 0.392555266618729 0.420443952083588 0.430956810712814 -3.4e+38 -3.4e+38 -3.4e+38 -3.4e+38
