data/1_raw/trimmed_ndre/Aes_ndre.624.2010_no_clouds.asc
NCOLS 109 
NROWS 101 
XLLCORNER 466110 
YLLCORNER 5182005 
CELLSIZE 5 
NODATA_value -3.4e+38 
[rows 60 to 79 of 101, columns 45 to 89 of 109]
0.598425924777985 0.597336530685425 0.591106534004211 0.583705842494965 0.563407003879547 0.565427601337433 0.569066405296326 0.557860195636749 0.558755099773407 0.572503983974457 0.578967332839966 0.593636214733124 0.602289438247681 0.612859606742859 0.624780774116516 0.619265496730804 0.601882815361023 0.585339307785034 0.581198871135712 0.570164442062378 0.55191045999527 0.523550689220428 0.493934214115143 0.485004395246506 0.495744854211807 0.498017102479935 0.501842379570007 0.483668714761734 0.471995145082474 0.47793036699295 0.486488580703735 0.48819625377655 0.497620075941086 0.502729117870331 0.499243021011353 0.51660031080246 0.527500450611115 0.547089695930481 0.551593899726868 0.549094915390015 0.551175653934479 0.548739492893219 0.558127105236053 0.570443570613861 0.566041111946106
0.602589249610901 0.580396056175232 0.572761714458466 0.570972442626953 0.549924731254578 0.544511616230011 0.548582673072815 0.546306073665619 0.555723905563354 0.566886067390442 0.568541944026947 0.5855433344841 0.59696900844574 0.609675407409668 0.613258004188538 0.60145366191864 0.594609797000885 0.587371170520782 0.584983646869659 0.571759283542633 0.557998359203339 0.543358623981476 0.512762248516083 0.492384523153305 0.494430154561996 0.495267391204834 0.493140012025833 0.482371509075165 0.478405565023422 0.487363576889038 0.485292226076126 0.505942642688751 0.495769947767258 0.489864408969879 0.512550473213196 0.523276329040527 0.517964839935303 0.518645465373993 0.535739123821259 0.544263124465942 0.549888789653778 0.545957088470459 0.556798338890076 0.564527153968811 0.560047030448914
0.613455772399902 0.575905084609985 0.541213989257812 0.549609303474426 0.538695991039276 0.526499032974243 0.528147101402283 0.550178468227386 0.562504827976227 0.557209253311157 0.56534469127655 0.581968605518341 0.577223539352417 0.586534202098846 0.588119447231293 0.579570651054382 0.580730676651001 0.574649035930634 0.562626719474792 0.556176424026489 0.559187769889832 0.554738521575928 0.527631044387817 0.50366336107254 0.487377196550369 0.483845084905624 0.494490802288055 0.494550436735153 0.481444299221039 0.492342293262482 0.506688237190247 0.495470523834229 0.480163902044296 0.491333276033401 0.519031584262848 0.502803683280945 0.511530458927155 0.523243486881256 0.530442893505096 0.539306163787842 0.547048568725586 0.545473754405975 0.547744035720825 0.556500494480133 0.553548038005829
0.605110943317413 0.582555592060089 0.543182671070099 0.53855562210083 0.5369912981987 0.525254011154175 0.521273076534271 0.540903508663177 0.554747045040131 0.541528284549713 0.556382238864899 0.575408279895782 0.562772512435913 0.569153726100922 0.582064270973206 0.578508734703064 0.570277392864227 0.560306489467621 0.549783051013947 0.552772402763367 0.563635170459747 0.557950437068939 0.534332275390625 0.519924521446228 0.499695658683777 0.50611937046051 0.52321845293045 0.503804802894592 0.479541659355164 0.489231616258621 0.50170773267746 0.49515837430954 0.500500738620758 0.500666379928589 0.511421382427216 0.509387791156769 0.521154344081879 0.533485949039459 0.530358195304871 0.530468046665192 0.53893631696701 0.542600572109222 0.539755761623383 0.550921976566315 0.553148865699768
0.601139605045319 0.583384573459625 0.560174465179443 0.529025316238403 0.520869433879852 0.535351932048798 0.521020948886871 0.532867789268494 0.561445295810699 0.565840601921082 0.569010078907013 0.567841827869415 0.556895792484283 0.565853297710419 0.588617980480194 0.583465278148651 0.572874665260315 0.57883882522583 0.581014752388 0.579437136650085 0.573705017566681 0.561823427677155 0.54663348197937 0.540329456329346 0.532912373542786 0.545896828174591 0.538789868354797 0.509909093379974 0.488123446702957 0.477671235799789 0.508933544158936 0.528421342372894 0.522466063499451 0.52113276720047 0.523631036281586 0.512753009796143 0.513576686382294 0.538471579551697 0.540655195713043 0.530200183391571 0.528351545333862 0.538356065750122 0.54378205537796 0.55047196149826 0.550556063652039
0.600878715515137 0.557726562023163 0.547564327716827 0.534514725208282 0.5301194190979 0.542078614234924 0.532824695110321 0.538936018943787 0.557389855384827 0.570778071880341 0.569147348403931 0.553158462047577 0.539054989814758 0.552052617073059 0.573732554912567 0.593666970729828 0.598665237426758 0.605053007602692 0.610736310482025 0.605567991733551 0.586386263370514 0.581847846508026 0.570861399173737 0.557661175727844 0.550693571567535 0.553900182247162 0.536651968955994 0.500353813171387 0.490057855844498 0.498368442058563 0.528776884078979 0.52946275472641 0.52735036611557 0.540850043296814 0.517225503921509 0.501389682292938 0.512021481990814 0.539449155330658 0.54302179813385 0.529280543327332 0.521319329738617 0.535816252231598 0.543818056583405 0.543471693992615 0.543704032897949
0.604509353637695 0.564540386199951 0.553732693195343 0.532250165939331 0.523847997188568 0.526923716068268 0.527587592601776 0.532298445701599 0.538852870464325 0.546414613723755 0.541080117225647 0.532906115055084 0.528858482837677 0.547364592552185 0.55921471118927 0.57547402381897 0.595921635627747 0.609173834323883 0.61541610956192 0.617839336395264 0.611024916172028 0.600889980792999 0.583155751228333 0.570111691951752 0.57054215669632 0.551261782646179 0.502352297306061 0.474159210920334 0.498726367950439 0.521520435810089 0.502645492553711 0.522025048732758 0.519514858722687 0.520884454250336 0.507869124412537 0.518361926078796 0.526450634002686 0.528473913669586 0.528370261192322 0.527014315128326 0.527483105659485 0.538257956504822 0.539100706577301 0.536999821662903 0.536207139492035
0.606311798095703 0.58783620595932 0.553190410137177 0.515472114086151 0.516983330249786 0.522781312465668 0.516254186630249 0.519616603851318 0.521378874778748 0.517877221107483 0.517079949378967 0.517283976078033 0.512322247028351 0.528224766254425 0.53140389919281 0.534037232398987 0.562455236911774 0.583735287189484 0.586500585079193 0.593977570533752 0.598724007606506 0.592156231403351 0.573115766048431 0.563430964946747 0.546543836593628 0.501266300678253 0.463365375995636 0.464071005582809 0.47122448682785 0.504235684871674 0.503359258174896 0.510555326938629 0.504131972789764 0.512419283390045 0.532577157020569 0.538475275039673 0.527917146682739 0.518104910850525 0.518596112728119 0.530381917953491 0.538903176784515 0.536253571510315 0.53141725063324 0.53251701593399 0.531349301338196
0.603574693202972 0.594345688819885 0.558889508247375 0.515860438346863 0.510838150978088 0.511551022529602 0.509324252605438 0.510259568691254 0.511216521263123 0.507886528968811 0.50999504327774 0.503359794616699 0.49822923541069 0.507104277610779 0.506763756275177 0.514799058437347 0.535530924797058 0.536259114742279 0.529089868068695 0.529308140277863 0.541267991065979 0.546123087406158 0.53518408536911 0.525547504425049 0.497150093317032 0.462521195411682 0.465445697307587 0.47082781791687 0.461273431777954 0.503884017467499 0.515127241611481 0.506130754947662 0.524071276187897 0.52325826883316 0.528730094432831 0.530112981796265 0.521537005901337 0.52489960193634 0.528604865074158 0.534070074558258 0.535353064537048 0.528919458389282 0.527059018611908 0.528639614582062 0.528910338878632
0.604683816432953 0.591034948825836 0.574415326118469 0.534668445587158 0.504660904407501 0.508995056152344 0.510515809059143 0.51493775844574 0.508562922477722 0.496663600206375 0.508843123912811 0.500994384288788 0.499389201402664 0.499834477901459 0.49672943353653 0.512445628643036 0.519622206687927 0.500734686851501 0.489820659160614 0.490281224250793 0.494334608316422 0.491651386022568 0.48605152964592 0.492287963628769 0.487665385007858 0.464523524045944 0.471472322940826 0.467801153659821 0.469051986932755 0.510039567947388 0.510977923870087 0.500527560710907 0.512644648551941 0.5182865858078 0.518579602241516 0.526701271533966 0.529272556304932 0.53403902053833 0.539362072944641 0.541727364063263 0.534536838531494 0.527843832969666 0.523756921291351 0.522532641887665 0.518064439296722
0.606296718120575 0.590067863464355 0.586482167243958 0.552303373813629 0.522335946559906 0.513935744762421 0.50611799955368 0.515370666980743 0.498509883880615 0.48457071185112 0.511286079883575 0.49762499332428 0.489422589540482 0.498720467090607 0.499760895967484 0.51197350025177 0.504165947437286 0.480540603399277 0.468748092651367 0.471565574407578 0.471234411001205 0.46670737862587 0.46329066157341 0.474899977445602 0.488167524337769 0.489195495843887 0.48935130238533 0.470880061388016 0.481964975595474 0.505011260509491 0.500950992107391 0.497174710035324 0.507093608379364 0.510933697223663 0.51505184173584 0.54216206073761 0.55080246925354 0.545200288295746 0.536989748477936 0.534694194793701 0.537107408046722 0.527244567871094 0.515681803226471 0.512952029705048 0.512953281402588
0.601864755153656 0.594812273979187 0.589564323425293 0.571404576301575 0.549080729484558 0.526957988739014 0.523227691650391 0.521165609359741 0.493781119585037 0.486782968044281 0.499856531620026 0.481877207756042 0.48358428478241 0.501012921333313 0.505399882793427 0.501771509647369 0.490880131721497 0.481615215539932 0.479383230209351 0.485077857971191 0.478270500898361 0.466146886348724 0.463614404201508 0.479307621717453 0.498414993286133 0.507878482341766 0.496166110038757 0.47371232509613 0.488496094942093 0.501560211181641 0.497898727655411 0.500411927700043 0.508429944515228 0.512503087520599 0.513579368591309 0.530628561973572 0.542052030563354 0.534290909767151 0.524690091609955 0.519646108150482 0.531589329242706 0.537553608417511 0.532677054405212 0.525547206401825 0.523784637451172
0.58725368976593 0.588918149471283 0.591432571411133 0.591939866542816 0.580461323261261 0.558209478855133 0.555570900440216 0.538087069988251 0.497885227203369 0.503975093364716 0.498886436223984 0.482998967170715 0.485165387392044 0.500076353549957 0.508322358131409 0.500561773777008 0.490729302167892 0.492801159620285 0.50459623336792 0.507412850856781 0.496266216039658 0.485524922609329 0.492192387580872 0.506173610687256 0.502725958824158 0.500770330429077 0.482903331518173 0.467432200908661 0.480794012546539 0.485231250524521 0.492021113634109 0.503281235694885 0.503513872623444 0.516109704971313 0.520576179027557 0.522651255130768 0.530827403068542 0.52581113576889 0.51971709728241 0.517323970794678 0.527006447315216 0.535772800445557 0.532540023326874 0.518023788928986 0.517600774765015
0.565536677837372 0.583503484725952 0.609698593616486 0.616357207298279 0.598849892616272 0.574613213539124 0.567387580871582 0.552592992782593 0.513316929340363 0.515906035900116 0.499169290065765 0.490595430135727 0.487571805715561 0.487170159816742 0.502452313899994 0.500705122947693 0.495961606502533 0.502282738685608 0.512803256511688 0.511461675167084 0.498219281435013 0.483984887599945 0.501585423946381 0.51594465970993 0.495950788259506 0.491610378026962 0.476054966449738 0.466178923845291 0.476812899112701 0.473744094371796 0.48726961016655 0.501528203487396 0.500724911689758 0.513118863105774 0.51553875207901 0.516862154006958 0.529847979545593 0.526067435741425 0.521048665046692 0.517789781093597 0.527917504310608 0.526261985301971 0.509335994720459 0.496704518795013 0.493883222341537
0.564873576164246 0.585298478603363 0.6035236120224 0.60655015707016 0.592648923397064 0.573269963264465 0.554873764514923 0.545368909835815 0.530895113945007 0.524576544761658 0.507593989372253 0.501165568828583 0.495480507612228 0.479810267686844 0.48827537894249 0.501079976558685 0.502199232578278 0.505954325199127 0.515131592750549 0.516337275505066 0.502536237239838 0.480227500200272 0.487858235836029 0.501639008522034 0.491324245929718 0.490607976913452 0.474418610334396 0.470841228961945 0.480279862880707 0.471447825431824 0.485147625207901 0.498930633068085 0.499034702777863 0.49574875831604 0.50008237361908 0.511047840118408 0.51587039232254 0.510685801506042 0.50942063331604 0.513803839683533 0.525265395641327 0.523645102977753 0.507898092269897 0.498446494340897 0.492334872484207
0.554876506328583 0.57319301366806 0.57098001241684 0.57756245136261 0.587548613548279 0.58735716342926 0.578033685684204 0.565368235111237 0.553482532501221 0.542442381381989 0.528529226779938 0.51601630449295 0.517577886581421 0.516137659549713 0.510775923728943 0.510436296463013 0.505580484867096 0.498545795679092 0.501208245754242 0.514898896217346 0.516520440578461 0.497728496789932 0.476870626211166 0.476126283407211 0.477606266736984 0.481409102678299 0.468661606311798 0.470485001802444 0.47523108124733 0.469811171293259 0.486417233943939 0.489928841590881 0.486552089452744 0.485329896211624 0.498431503772736 0.506039142608643 0.500320136547089 0.493205994367599 0.495701491832733 0.503464102745056 0.514516115188599 0.515826404094696 0.511670112609863 0.509432435035706 0.506123244762421
0.536169409751892 0.545303702354431 0.546973943710327 0.554618656635284 0.573725402355194 0.587270259857178 0.58214670419693 0.575428307056427 0.562126457691193 0.546804428100586 0.531198561191559 0.523108005523682 0.529347479343414 0.540178120136261 0.533580958843231 0.520990610122681 0.525116562843323 0.513221800327301 0.495074778795242 0.504042685031891 0.515316963195801 0.505277752876282 0.475174009799957 0.470747977495193 0.47236105799675 0.4725361764431 0.464833915233612 0.465821325778961 0.461391717195511 0.467264950275421 0.484444290399551 0.47275373339653 0.475548207759857 0.494664639234543 0.506633996963501 0.507115304470062 0.501663863658905 0.493572205305099 0.497048676013947 0.499069571495056 0.503900170326233 0.510467827320099 0.514460384845734 0.512933194637299 0.510491013526917
0.524602949619293 0.53159099817276 0.542339861392975 0.544064879417419 0.555769443511963 0.569691121578217 0.566825151443481 0.56586742401123 0.56077641248703 0.55462771654129 0.546732723712921 0.539394736289978 0.532520294189453 0.526293575763702 0.521196842193604 0.522817432880402 0.538726925849915 0.532178282737732 0.512374043464661 0.507981240749359 0.502056002616882 0.502631902694702 0.4867924451828 0.477045476436615 0.473670959472656 0.4756118953228 0.482223242521286 0.475178509950638 0.457767993211746 0.474232286214828 0.484899967908859 0.466318607330322 0.469128280878067 0.493791341781616 0.502698838710785 0.503694593906403 0.507739424705505 0.507720053195953 0.510061919689178 0.504575192928314 0.504594147205353 0.512159824371338 0.511744022369385 0.507923126220703 0.50652664899826
0.535214185714722 0.540643334388733 0.552624702453613 0.553027093410492 0.547198235988617 0.562056303024292 0.563605606555939 0.555080115795135 0.554598987102509 0.558748364448547 0.561867654323578 0.563111126422882 0.563195824623108 0.552740752696991 0.536573112010956 0.529887080192566 0.539098024368286 0.537455379962921 0.534380435943604 0.525991678237915 0.511949062347412 0.503000915050507 0.492091059684753 0.478176414966583 0.474498331546783 0.456978559494019 0.475989907979965 0.490063458681107 0.46790286898613 0.478448212146759 0.483949512243271 0.476840198040009 0.479145556688309 0.49194073677063 0.49168860912323 0.490734398365021 0.499273061752319 0.510824799537659 0.515588045120239 0.506633162498474 0.509371936321259 0.514716446399689 0.509266197681427 0.510466992855072 -3.4e+38
0.537019193172455 0.543616771697998 0.557551801204681 0.5563023686409 0.55023205280304 0.556581676006317 0.55680388212204 0.549183905124664 0.550314545631409 0.556299865245819 0.56155389547348 0.560460269451141 0.559942960739136 0.558400571346283 0.545226395130157 0.532130658626556 0.530173718929291 0.534614264965057 0.541188955307007 0.529338479042053 0.512248039245605 0.499158769845963 0.497003495693207 0.494625449180603 0.482311010360718 0.459755331277847 0.479878336191177 0.49608701467514 0.470131456851959 0.467740595340729 0.48694771528244 0.49780485033989 0.488487333059311 0.493650853633881 0.49152085185051 0.485212355852127 0.495477467775345 0.509248435497284 0.510144829750061 0.498978286981583 0.503772497177124 -3.4e+38 -3.4e+38 -3.4e+38 -3.4e+38
