data/1_raw/trimmed_ndre/Aes_ndre.78.2013_no_clouds.asc
NCOLS 109 
NROWS 101 
XLLCORNER 466110 
YLLCORNER 5182005 
CELLSIZE 5 
NODATA_value -3.4e+38 
[rows 40 to 59 of 101, columns 0 to 44 of 109]
-3.4e+38 -3.4e+38 -3.4e+38 -3.4e+38 -3.4e+38 -3.4e+38 -3.4e+38 -3.4e+38 -3.4e+38 -3.4e+38 -3.4e+38 -3.4e+38 0.361415833234787 0.393799364566803 0.428947657346725 0.418832242488861 0.385974168777466 0.349340587854385 0.336482375860214 0.349756062030792 0.362567514181137 0.396266251802444 0.426481485366821 0.467943638563156 0.482126086950302 0.514122903347015 0.529452502727509 0.548886656761169 0.552479207515717 0.54099440574646 0.526963174343109 0.516688644886017 0.510223865509033 0.506462872028351 0.502750933170319 0.507088124752045 0.519284725189209 0.521996557712555 0.493548214435577 0.444345831871033 0.383905082941055 0.356657475233078 0.319915682077408 0.320461601018906 0.338441222906113
-3.4e+38 -3.4e+38 -3.4e+38 -3.4e+38 -3.4e+38 -3.4e+38 -3.4e+38 -3.4e+38 -3.4e+38 -3.4e+38 -3.4e+38 -3.4e+38 0.337555348873138 0.351867407560349 0.394021898508072 0.389482527971268 0.340683311223984 0.304247856140137 0.299364984035492 0.342544347047806 0.388685435056686 0.463782608509064 0.495174080133438 0.51382452249527 0.522293925285339 0.534820437431335 0.548349499702454 0.554592311382294 0.552060127258301 0.537297189235687 0.520782351493835 0.504858732223511 0.50228351354599 0.490109175443649 0.485765725374222 0.487470090389252 0.4967140853405 0.512113451957703 0.480609506368637 0.429178506135941 0.34687140583992 0.323444694280624 0.291237711906433 0.291783452033997 0.306803375482559
-3.4e+38 -3.4e+38 -3.4e+38 -3.4e+38 -3.4e+38 -3.4e+38 -3.4e+38 -3.4e+38 -3.4e+38 -3.4e+38 -3.4e+38 0.430394947528839 0.375347793102264 0.361868858337402 0.375926703214645 0.365356683731079 0.337780475616455 0.320912539958954 0.343087524175644 0.411041676998138 0.446893870830536 0.501061201095581 0.526609241962433 0.531853854656219 0.536262452602386 0.540098369121552 0.546164572238922 0.546973645687103 0.542955219745636 0.529940664768219 0.520449995994568 0.506896913051605 0.501102149486542 0.480470687150955 0.461721450090408 0.449194937944412 0.457894623279572 0.481935679912567 0.458103597164154 0.408482432365417 0.344728887081146 0.314439475536346 0.284012138843536 0.280167907476425 0.288997888565063
-3.4e+38 -3.4e+38 -3.4e+38 -3.4e+38 -3.4e+38 -3.4e+38 -3.4e+38 -3.4e+38 -3.4e+38 -3.4e+38 -3.4e+38 0.435625731945038 0.391441643238068 0.374691784381866 0.353062063455582 0.351048290729523 0.355337172746658 0.386703461408615 0.426759332418442 0.487417161464691 0.508116900920868 0.518994629383087 0.532961845397949 0.53365284204483 0.544175505638123 0.545504629611969 0.543097734451294 0.536918103694916 0.530387699604034 0.52423757314682 0.52287745475769 0.519130706787109 0.506601989269257 0.487432539463043 0.450502544641495 0.429330617189407 0.432367742061615 0.453050673007965 0.450053930282593 0.403868228197098 0.358660995960236 0.311869591474533 0.289295136928558 0.278957098722458 0.289856344461441
-3.4e+38 -3.4e+38 -3.4e+38 -3.4e+38 -3.4e+38 -3.4e+38 -3.4e+38 -3.4e+38 -3.4e+38 -3.4e+38 -3.4e+38 0.438149094581604 0.386951565742493 0.359881937503815 0.346114575862885 0.36530214548111 0.393673837184906 0.44496476650238 0.467965871095657 0.514562010765076 0.548625648021698 0.545090675354004 0.541883409023285 0.544294595718384 0.55959939956665 0.559119641780853 0.545822858810425 0.530031561851501 0.522461712360382 0.513192653656006 0.51158481836319 0.5183185338974 0.513562381267548 0.501524984836578 0.469544768333435 0.444725751876831 0.437725454568863 0.447807997465134 0.450317740440369 0.41599714756012 0.372213810682297 0.320287793874741 0.305534780025482 0.302995294332504 0.322827100753784
-3.4e+38 -3.4e+38 -3.4e+38 -3.4e+38 -3.4e+38 -3.4e+38 -3.4e+38 -3.4e+38 -3.4e+38 -3.4e+38 -3.4e+38 0.440308064222336 0.378179371356964 0.329187542200089 0.32622417807579 0.376978009939194 0.432560414075851 0.475578635931015 0.505043268203735 0.531877160072327 0.554243922233582 0.551504075527191 0.554539561271667 0.55661928653717 0.567268133163452 0.574813306331635 0.56275200843811 0.538860142230988 0.517937660217285 0.502724409103394 0.490985512733459 0.49265930056572 0.498388886451721 0.501326858997345 0.486317247152328 0.465880870819092 0.457126021385193 0.447948515415192 0.439857810735703 0.408840775489807 0.375560224056244 0.34588161110878 0.346278220415115 0.350612848997116 0.368447929620743
-3.4e+38 -3.4e+38 -3.4e+38 -3.4e+38 -3.4e+38 -3.4e+38 -3.4e+38 -3.4e+38 -3.4e+38 -3.4e+38 0.437676995992661 0.427003532648087 0.356294304132462 0.303847402334213 0.330027848482132 0.393902719020844 0.465676128864288 0.493422269821167 0.515001952648163 0.517147123813629 0.524525046348572 0.532921254634857 0.54668664932251 0.553676009178162 0.556497931480408 0.565159678459167 0.563700258731842 0.54768568277359 0.512660086154938 0.492442607879639 0.468396067619324 0.465884029865265 0.473683536052704 0.485781818628311 0.488471865653992 0.471025586128235 0.454699635505676 0.439485281705856 0.433294057846069 0.410200655460358 0.395760506391525 0.389505326747894 0.394992470741272 0.394110947847366 0.409464985132217
-3.4e+38 -3.4e+38 -3.4e+38 -3.4e+38 -3.4e+38 -3.4e+38 -3.4e+38 -3.4e+38 -3.4e+38 -3.4e+38 0.43324401974678 0.400546967983246 0.340652734041214 0.330458372831345 0.373755902051926 0.419733047485352 0.47721654176712 0.488666236400604 0.49802502989769 0.496468901634216 0.503563106060028 0.516068577766418 0.531236290931702 0.544032156467438 0.540531933307648 0.534868478775024 0.528445065021515 0.524086177349091 0.495855927467346 0.476935923099518 0.449737995862961 0.444882422685623 0.446657031774521 0.462684899568558 0.47507980465889 0.462871432304382 0.441167831420898 0.438053756952286 0.443786799907684 0.430034160614014 0.426199674606323 0.428204834461212 0.436041086912155 0.440824240446091 0.454072862863541
-3.4e+38 -3.4e+38 -3.4e+38 -3.4e+38 -3.4e+38 -3.4e+38 -3.4e+38 -3.4e+38 -3.4e+38 -3.4e+38 0.405324578285217 0.363235026597977 0.342573046684265 0.373739778995514 0.42834347486496 0.450270682573318 0.471673250198364 0.469328790903091 0.480939477682114 0.48889434337616 0.494929194450378 0.501426339149475 0.509894728660583 0.530014753341675 0.533481359481812 0.524374663829803 0.514788389205933 0.511838614940643 0.489109218120575 0.459266006946564 0.429028034210205 0.408160835504532 0.409621238708496 0.431166231632233 0.454129278659821 0.464161574840546 0.452834904193878 0.448606789112091 0.45678386092186 0.452233910560608 0.453953355550766 0.461608737707138 0.473421305418015 0.47959092259407 0.487212598323822
-3.4e+38 -3.4e+38 -3.4e+38 -3.4e+38 -3.4e+38 -3.4e+38 -3.4e+38 -3.4e+38 -3.4e+38 0.393955647945404 0.3694708943367 0.327198952436447 0.343211978673935 0.408835828304291 0.464149355888367 0.464942157268524 0.463411539793015 0.467092424631119 0.482879787683487 0.495010435581207 0.496873736381531 0.48920464515686 0.484981596469879 0.50100189447403 0.501021087169647 0.49161359667778 0.499884992837906 0.509186267852783 0.49637907743454 0.461614400148392 0.432809263467789 0.399584591388702 0.395896017551422 0.405535608530045 0.432661771774292 0.451453655958176 0.461329132318497 0.462021946907043 0.469194889068604 0.473902374505997 0.480301380157471 0.493080198764801 0.51144951581955 0.518683016300201 0.511536598205566
-3.4e+38 -3.4e+38 -3.4e+38 -3.4e+38 -3.4e+38 -3.4e+38 -3.4e+38 -3.4e+38 -3.4e+38 0.379484504461288 0.341854006052017 0.305343747138977 0.353246569633484 0.441635757684708 0.47696715593338 0.472479969263077 0.465695679187775 0.474820584058762 0.494791150093079 0.508685767650604 0.495931416749954 0.476269632577896 0.461330831050873 0.46549591422081 0.454826682806015 0.451877593994141 0.476251751184464 0.493039608001709 0.485392034053802 0.459866255521774 0.44114363193512 0.412285506725311 0.401915490627289 0.394549429416656 0.415368318557739 0.439415454864502 0.470343708992004 0.481041043996811 0.489008665084839 0.492603242397308 0.492857486009598 0.511969864368439 0.544039726257324 0.561768591403961 0.550131797790527
-3.4e+38 -3.4e+38 -3.4e+38 -3.4e+38 -3.4e+38 -3.4e+38 -3.4e+38 -3.4e+38 -3.4e+38 0.369104087352753 0.325819611549377 0.302505910396576 0.374586164951324 0.461260169744492 0.475621968507767 0.474560439586639 0.470587521791458 0.482443124055862 0.498534113168716 0.509262979030609 0.490847498178482 0.467421680688858 0.445636510848999 0.441368967294693 0.430620163679123 0.42951563000679 0.450400471687317 0.456695973873138 0.446503579616547 0.437452375888824 0.431763291358948 0.421430289745331 0.403773188591003 0.383572548627853 0.393890887498856 0.424717366695404 0.474830120801926 0.496173471212387 0.508011221885681 0.509004771709442 0.502300441265106 0.523034036159515 0.548116087913513 0.571029245853424 0.575714945793152
-3.4e+38 -3.4e+38 -3.4e+38 -3.4e+38 -3.4e+38 -3.4e+38 -3.4e+38 -3.4e+38 -3.4e+38 0.342890858650208 0.312859624624252 0.331884145736694 0.398738324642181 0.47637066245079 0.471112012863159 0.474831432104111 0.474226504564285 0.477107495069504 0.489109516143799 0.499108642339706 0.493835479021072 0.470216304063797 0.449897557497025 0.430690973997116 0.421940624713898 0.414130419492722 0.422257572412491 0.407449305057526 0.393524527549744 0.39867627620697 0.412150621414185 0.420887976884842 0.398416846990585 0.373685032129288 0.373699337244034 0.416353046894073 0.464740544557571 0.509795963764191 0.526578664779663 0.530189573764801 0.519863247871399 0.537354290485382 0.562714278697968 0.576458275318146 0.589000225067139
-3.4e+38 -3.4e+38 -3.4e+38 -3.4e+38 -3.4e+38 -3.4e+38 -3.4e+38 -3.4e+38 0.358586460351944 0.331317603588104 0.31610980629921 0.364859730005264 0.427823692560196 0.476733416318893 0.468154549598694 0.471028447151184 0.470460414886475 0.468651950359344 0.48018553853035 0.491637289524078 0.506461262702942 0.492509365081787 0.464373528957367 0.418479412794113 0.401156544685364 0.379833221435547 0.372385740280151 0.360205471515656 0.353847801685333 0.367966115474701 0.379453361034393 0.38604149222374 0.370834201574326 0.356169819831848 0.35519814491272 0.400733798742294 0.443979203701019 0.510468006134033 0.53796523809433 0.550329208374023 0.546474635601044 0.561072528362274 0.583001434803009 0.587276101112366 0.602269113063812
-3.4e+38 -3.4e+38 -3.4e+38 -3.4e+38 -3.4e+38 -3.4e+38 -3.4e+38 -3.4e+38 0.339925110340118 0.318311989307404 0.317469328641891 0.368021875619888 0.432373225688934 0.451908707618713 0.452501863241196 0.458136439323425 0.462973743677139 0.468662083148956 0.491339385509491 0.510694682598114 0.529395878314972 0.511453449726105 0.471688121557236 0.421243667602539 0.380667120218277 0.346555411815643 0.321519196033478 0.31718122959137 0.309060543775558 0.315564185380936 0.315982818603516 0.325298130512238 0.332836419343948 0.341045409440994 0.341685801744461 0.381515443325043 0.424985885620117 0.502566456794739 0.547351717948914 0.568006277084351 0.576113283634186 0.58644163608551 0.598603248596191 0.598451912403107 0.611081659793854
-3.4e+38 -3.4e+38 -3.4e+38 -3.4e+38 -3.4e+38 -3.4e+38 -3.4e+38 -3.4e+38 0.316034883260727 0.302384704351425 0.327323377132416 0.378332763910294 0.429418981075287 0.427174121141434 0.43330705165863 0.44408518075943 0.449627041816711 0.466795802116394 0.498778223991394 0.531588137149811 0.534834086894989 0.503513872623444 0.457640767097473 0.423122376203537 0.373244076967239 0.337821304798126 0.300098538398743 0.29094135761261 0.272142171859741 0.267090648412704 0.258384376764297 0.275999009609222 0.295677930116653 0.32459282875061 0.340874403715134 0.383819729089737 0.429068624973297 0.507993519306183 0.563337385654449 0.577598810195923 0.59328556060791 0.59983366727829 0.601447224617004 0.599408805370331 0.610063791275024
-3.4e+38 -3.4e+38 -3.4e+38 -3.4e+38 -3.4e+38 -3.4e+38 -3.4e+38 0.341833055019379 0.293560445308685 0.294065237045288 0.348962903022766 0.399578779935837 0.437642514705658 0.426697671413422 0.43122985959053 0.440282613039017 0.44246581196785 0.466420203447342 0.496476173400879 0.522168755531311 0.52019202709198 0.503063082695007 0.45942485332489 0.434745341539383 0.375705480575562 0.333879739046097 0.28881424665451 0.271925389766693 0.252154439687729 0.245699733495712 0.236653536558151 0.258438885211945 0.288695275783539 0.342084527015686 0.369824975728989 0.404864102602005 0.458455622196198 0.525732278823853 0.577703773975372 0.576662003993988 0.595138311386108 0.604700565338135 0.605615735054016 0.600082874298096 0.604291200637817
-3.4e+38 -3.4e+38 -3.4e+38 -3.4e+38 -3.4e+38 -3.4e+38 -3.4e+38 0.329782366752625 0.285734087228775 0.301603108644485 0.37851619720459 0.432825446128845 0.454179733991623 0.44563952088356 0.444748103618622 0.450293809175491 0.453514337539673 0.477639406919479 0.49787700176239 0.510258853435516 0.504146099090576 0.50051736831665 0.477822452783585 0.454153686761856 0.392315864562988 0.343054413795471 0.297234833240509 0.266092926263809 0.24165104329586 0.232538670301437 0.233594015240669 0.264908164739609 0.317685127258301 0.379314064979553 0.427488565444946 0.445449590682983 0.504561901092529 0.55990743637085 0.58839625120163 0.57249903678894 0.586587071418762 0.603293716907501 0.607082426548004 0.60851001739502 0.609146893024445
-3.4e+38 -3.4e+38 -3.4e+38 -3.4e+38 -3.4e+38 -3.4e+38 -3.4e+38 0.311794549226761 0.288751184940338 0.329243063926697 0.40789869427681 0.454823732376099 0.456151157617569 0.459199070930481 0.463106721639633 0.469137728214264 0.473613083362579 0.489506512880325 0.503724336624146 0.5024254322052 0.49321323633194 0.487537145614624 0.477267980575562 0.45758730173111 0.412854224443436 0.350860685110092 0.311574637889862 0.266062021255493 0.24247182905674 0.235092967748642 0.253691613674164 0.282230794429779 0.343388706445694 0.404884785413742 0.481630742549896 0.498639613389969 0.548880517482758 0.586007535457611 0.595120787620544 0.574105322360992 0.58378803730011 0.598635137081146 0.601672947406769 0.609360456466675 0.606582939624786
-3.4e+38 -3.4e+38 -3.4e+38 -3.4e+38 -3.4e+38 -3.4e+38 0.371965438127518 0.305004686117172 0.296027958393097 0.360170245170593 0.424621045589447 0.467637985944748 0.448926776647568 0.45759853720665 0.473084807395935 0.48146653175354 0.492712140083313 0.504899561405182 0.513127863407135 0.508224248886108 0.492685496807098 0.475620955228806 0.471378803253174 0.451019167900085 0.417412996292114 0.354811578989029 0.317026764154434 0.270685523748398 0.258231550455093 0.254417181015015 0.288532137870789 0.307613343000412 0.377685755491257 0.430953115224838 0.517282545566559 0.539839386940002 0.568197906017303 0.587898015975952 0.594597458839417 0.593913614749908 0.601055562496185 0.606172621250153 0.60498982667923 0.610944926738739 0.600910425186157
