data/1_raw/trimmed_ndre/Aes_ndre.78.2013_no_clouds.asc
NCOLS 109 
NROWS 101 
XLLCORNER 466110 
YLLCORNER 5182005 
CELLSIZE 5 
NODATA_value -3.4e+38 
[rows 60 to 79 of 101, columns 45 to 89 of 109]
0.577247023582458 0.567434430122375 0.565367519855499 0.54608827829361 0.537336766719818 0.552910029888153 0.564723432064056 0.564496695995331 0.559443652629852 0.545271992683411 0.529445946216583 0.519796133041382 0.497135162353516 0.486725717782974 0.48981562256813 0.52236008644104 0.560834169387817 0.579008400440216 0.593114256858826 0.60098123550415 0.610917091369629 0.607420265674591 0.568072319030762 0.516708731651306 0.493301928043365 0.497258007526398 0.485977202653885 0.469982713460922 0.44401028752327 0.406791150569916 0.35737219452858 0.341325372457504 0.341877728700638 0.367885023355484 0.389801174402237 0.422944873571396 0.476156055927277 0.520498812198639 0.557480752468109 0.592520177364349 0.620366513729095 0.632359027862549 0.631240606307983 0.632157802581787 0.629615724086761
0.579263865947723 0.563752353191376 0.551004469394684 0.544022262096405 0.543429672718048 0.5548015832901 0.563356220722198 0.55287903547287 0.533672988414764 0.521503508090973 0.520011067390442 0.525083422660828 0.515859842300415 0.504193723201752 0.505892813205719 0.521269202232361 0.545217454433441 0.563081383705139 0.585876405239105 0.609628140926361 0.618317842483521 0.616346538066864 0.585218548774719 0.547107636928558 0.53124725818634 0.523264408111572 0.503084480762482 0.469280242919922 0.429308086633682 0.398731082677841 0.353351831436157 0.332699477672577 0.337072163820267 0.35646641254425 0.398761570453644 0.424676686525345 0.472677618265152 0.515793263912201 0.534283459186554 0.573723912239075 0.609000682830811 0.626813292503357 0.630243957042694 0.631064713001251 0.625983893871307
0.565671265125275 0.549357891082764 0.541837275028229 0.547709882259369 0.554212033748627 0.551013052463531 0.540512979030609 0.538133800029755 0.521153151988983 0.512225866317749 0.522231757640839 0.536926329135895 0.531162023544312 0.51183819770813 0.511236250400543 0.530336260795593 0.547818064689636 0.564452946186066 0.580328702926636 0.599450290203094 0.606904864311218 0.607341170310974 0.586505115032196 0.56187915802002 0.553953349590302 0.527696073055267 0.487559258937836 0.448831111192703 0.414470881223679 0.378582656383514 0.339655637741089 0.318322598934174 0.330673813819885 0.340252965688705 0.390360713005066 0.432381838560104 0.477579534053802 0.512873351573944 0.52202832698822 0.56410938501358 0.601232886314392 0.612045526504517 0.621459484100342 0.626214206218719 0.628844976425171
0.55635267496109 0.551195025444031 0.552418649196625 0.559242427349091 0.561809837818146 0.539375782012939 0.519786834716797 0.530768990516663 0.516425430774689 0.501607835292816 0.516545534133911 0.525541365146637 0.524246633052826 0.523793995380402 0.518568933010101 0.530739545822144 0.544840037822723 0.565448522567749 0.578504860401154 0.588398635387421 0.597445130348206 0.592951536178589 0.576147377490997 0.5590460896492 0.549052596092224 0.51849102973938 0.469458162784576 0.429914474487305 0.396163761615753 0.352094024419785 0.323186814785004 0.321154475212097 0.334223717451096 0.34500977396965 0.380545675754547 0.441368043422699 0.480396449565887 0.511945426464081 0.533461451530457 0.561250925064087 0.593844950199127 0.605594217777252 0.616918504238129 0.626792252063751 0.631115138530731
0.558753430843353 0.55979311466217 0.559658706188202 0.553274035453796 0.543696224689484 0.527476131916046 0.509008049964905 0.515793919563293 0.499575942754745 0.489503085613251 0.50002908706665 0.494809418916702 0.502130150794983 0.511679708957672 0.491515547037125 0.49456986784935 0.520402610301971 0.546788573265076 0.560832500457764 0.567670941352844 0.571734428405762 0.572911858558655 0.563678920269012 0.558398365974426 0.543899536132812 0.51600980758667 0.484579533338547 0.432752877473831 0.386363625526428 0.347330540418625 0.327977240085602 0.327135026454926 0.335432976484299 0.360128939151764 0.382895350456238 0.446749120950699 0.493776261806488 0.518936455249786 0.553665995597839 0.577493488788605 0.599285840988159 0.611339628696442 0.617966771125793 0.625349819660187 0.628077864646912
0.555435419082642 0.561834096908569 0.550440728664398 0.533137798309326 0.514321088790894 0.508797287940979 0.487515360116959 0.474209010601044 0.467664122581482 0.46955794095993 0.479016005992889 0.478918313980103 0.478124976158142 0.46636551618576 0.434959948062897 0.441893041133881 0.496682226657867 0.530776381492615 0.536689460277557 0.535963237285614 0.542053282260895 0.544224798679352 0.551333248615265 0.559943735599518 0.544466078281403 0.51395583152771 0.494977653026581 0.446141958236694 0.386270344257355 0.346625000238419 0.322265625 0.327055245637894 0.336044609546661 0.374097347259521 0.412173837423325 0.456938028335571 0.512119054794312 0.533986508846283 0.574818193912506 0.603249371051788 0.609787344932556 0.622245490550995 0.626024127006531 0.629938364028931 0.628154218196869
0.546416759490967 0.553724229335785 0.543030023574829 0.522360026836395 0.50579822063446 0.487725794315338 0.449789732694626 0.429008662700653 0.429599910974503 0.432780355215073 0.434282839298248 0.426491945981979 0.420501202344894 0.388415604829788 0.378997504711151 0.401642769575119 0.454622209072113 0.492866605520248 0.496963620185852 0.519362330436707 0.547224760055542 0.54006016254425 0.539656579494476 0.543995201587677 0.530648171901703 0.507693529129028 0.494680613279343 0.449477881193161 0.370765686035156 0.32687309384346 0.309125691652298 0.329454451799393 0.35370734333992 0.388157874345779 0.445624053478241 0.480317384004593 0.534912705421448 0.566440641880035 0.589373052120209 0.6051265001297 0.60556036233902 0.624589860439301 0.637479603290558 0.636956572532654 0.631639242172241
0.538172006607056 0.549097657203674 0.546765029430389 0.529211580753326 0.513563871383667 0.468960791826248 0.416709631681442 0.408334374427795 0.404373735189438 0.387768924236298 0.383973181247711 0.369043707847595 0.35275611281395 0.32016396522522 0.310977905988693 0.344213485717773 0.383416444063187 0.428666442632675 0.456119745969772 0.504777848720551 0.524777710437775 0.502078592777252 0.495649307966232 0.503150522708893 0.507073938846588 0.489236116409302 0.460251063108444 0.425486654043198 0.342076420783997 0.300729483366013 0.307987570762634 0.339469403028488 0.38195013999939 0.402611196041107 0.467300802469254 0.516958773136139 0.566193819046021 0.588339388370514 0.587909758090973 0.596393883228302 0.60438060760498 0.619079053401947 0.633045792579651 0.633289635181427 0.632752180099487
0.544405817985535 0.55231499671936 0.549908518791199 0.531188488006592 0.510550796985626 0.458946824073792 0.409696757793427 0.404603600502014 0.386215925216675 0.366708159446716 0.368784666061401 0.351445913314819 0.318983107805252 0.290465444326401 0.27790293097496 0.299476981163025 0.324103951454163 0.366242170333862 0.395166367292404 0.425790697336197 0.435011714696884 0.425391286611557 0.445369213819504 0.460785806179047 0.456799924373627 0.439378261566162 0.414540439844131 0.380153745412827 0.31610843539238 0.29269602894783 0.325459063053131 0.348506599664688 0.392161667346954 0.41704535484314 0.484807312488556 0.553421795368195 0.582873940467834 0.589181363582611 0.582436800003052 0.590700209140778 0.598889112472534 0.605532824993134 0.614073097705841 0.620993793010712 0.625324010848999
0.562447667121887 0.563638508319855 0.555613815784454 0.535923600196838 0.508707582950592 0.477339297533035 0.43058055639267 0.40627509355545 0.39290452003479 0.383047729730606 0.377814710140228 0.359822690486908 0.330995231866837 0.307928740978241 0.291096597909927 0.291663944721222 0.301527082920074 0.317655354738235 0.323527008295059 0.328106015920639 0.352924853563309 0.377615451812744 0.392858743667603 0.406460344791412 0.397513866424561 0.383736044168472 0.380883783102036 0.351536184549332 0.310019165277481 0.30695453286171 0.339280873537064 0.363000690937042 0.41201177239418 0.458333373069763 0.502881348133087 0.561427354812622 0.582674920558929 0.585316181182861 0.579199433326721 0.586713910102844 0.591036736965179 0.59722101688385 0.602410674095154 0.611466407775879 0.617416262626648
0.586653888225555 0.58311253786087 0.567951381206512 0.546793282032013 0.528954982757568 0.51191121339798 0.470133244991302 0.43005895614624 0.419233113527298 0.410832941532135 0.40194708108902 0.3874451816082 0.367594987154007 0.336862564086914 0.311745315790176 0.298737794160843 0.295948684215546 0.299069285392761 0.294775754213333 0.29699718952179 0.318648934364319 0.341619670391083 0.36028128862381 0.375160664319992 0.364986568689346 0.346789717674255 0.346827208995819 0.33000710606575 0.311803430318832 0.314305067062378 0.335980206727982 0.372388482093811 0.409493565559387 0.462233364582062 0.500771105289459 0.543454170227051 0.572529554367065 0.58202189207077 0.585761368274689 0.588006019592285 0.589065372943878 0.601979315280914 0.612862348556519 0.620202004909515 0.620013773441315
0.568395674228668 0.578127324581146 0.568598210811615 0.554341733455658 0.560973525047302 0.550752282142639 0.501854658126831 0.457690566778183 0.441598206758499 0.43233796954155 0.431349903345108 0.416690856218338 0.392642557621002 0.34787392616272 0.312799453735352 0.305019438266754 0.302678972482681 0.299346715211868 0.29332560300827 0.29422852396965 0.305006325244904 0.322194159030914 0.355742573738098 0.374714612960815 0.37645149230957 0.35956010222435 0.347757399082184 0.337291240692139 0.323068708181381 0.323741167783737 0.330267399549484 0.365590065717697 0.399419218301773 0.434721261262894 0.483947038650513 0.524186968803406 0.558942496776581 0.574755907058716 0.583765625953674 0.586452066898346 0.58717679977417 0.597024023532867 0.611711382865906 0.620625972747803 0.62105929851532
0.530776143074036 0.552187144756317 0.562576711177826 0.559874773025513 0.575413048267365 0.56836462020874 0.522181928157806 0.48899832367897 0.460064858198166 0.444109112024307 0.444835871458054 0.425140410661697 0.389799147844315 0.346076160669327 0.312921702861786 0.312948167324066 0.317673623561859 0.318009793758392 0.310728371143341 0.309702932834625 0.32635697722435 0.338801205158234 0.376002788543701 0.396982222795486 0.390857726335526 0.383106023073196 0.374266982078552 0.375504493713379 0.360612869262695 0.346316277980804 0.340490370988846 0.365987420082092 0.404254019260406 0.419228851795197 0.47473993897438 0.520724952220917 0.546088814735413 0.5616215467453 0.572519242763519 0.580354511737823 0.587887823581696 0.596013903617859 0.607142627239227 0.612143695354462 0.611927092075348
0.530716836452484 0.536328017711639 0.532727420330048 0.539150595664978 0.554978430271149 0.57291966676712 0.550615787506104 0.521458685398102 0.479924380779266 0.454786360263824 0.451074481010437 0.4244105219841 0.384466916322708 0.351143091917038 0.325203567743301 0.332894891500473 0.340790987014771 0.349234104156494 0.351416170597076 0.35213828086853 0.36373046040535 0.383069753646851 0.407590240240097 0.413341552019119 0.398625403642654 0.399210005998611 0.405037224292755 0.404504805803299 0.385681092739105 0.371964931488037 0.370820015668869 0.38203439116478 0.394895046949387 0.394958794116974 0.446274816989899 0.511233687400818 0.532951056957245 0.557138860225677 0.569721758365631 0.570472598075867 0.583804607391357 0.602073311805725 0.621161937713623 0.623113512992859 0.614938080310822
0.51559966802597 0.498822182416916 0.485245198011398 0.493997931480408 0.529236435890198 0.564561247825623 0.569227278232574 0.529950976371765 0.497006565332413 0.47558456659317 0.466402232646942 0.438311904668808 0.391422480344772 0.362413108348846 0.341696977615356 0.353243857622147 0.37544247508049 0.380949288606644 0.400414258241653 0.409209847450256 0.410136103630066 0.422528624534607 0.43243071436882 0.429723680019379 0.413193076848984 0.408999532461166 0.410486489534378 0.403208702802658 0.386233508586884 0.386720955371857 0.393546462059021 0.398162603378296 0.389931827783585 0.392785847187042 0.425763338804245 0.489063173532486 0.520598709583282 0.554124355316162 0.568228602409363 0.563440680503845 0.571313321590424 0.592114508152008 0.612196803092957 0.62173855304718 0.614440321922302
0.482294380664825 0.463778406381607 0.452426761388779 0.455683916807175 0.499435216188431 0.544777572154999 0.570506930351257 0.543914616107941 0.504726648330688 0.484594315290451 0.475716471672058 0.459760308265686 0.416734993457794 0.382525563240051 0.375661492347717 0.386880308389664 0.411986112594604 0.412916749715805 0.435604751110077 0.46138209104538 0.458818972110748 0.448936641216278 0.442075103521347 0.444360107183456 0.444437205791473 0.43505859375 0.424915045499802 0.400467723608017 0.392130881547928 0.401933521032333 0.411854773759842 0.41439351439476 0.411091178655624 0.419701218605042 0.444486081600189 0.476236790418625 0.515826165676117 0.545334279537201 0.569443881511688 0.565133333206177 0.562428712844849 0.577467918395996 0.596951067447662 0.609171211719513 0.60729193687439
0.450305342674255 0.439503073692322 0.433876574039459 0.446710377931595 0.479907333850861 0.534693777561188 0.569815278053284 0.558174788951874 0.517860770225525 0.495423376560211 0.488791584968567 0.478940606117249 0.446092188358307 0.421807587146759 0.426480829715729 0.432519197463989 0.454839468002319 0.46294105052948 0.469670563936234 0.486414432525635 0.486009061336517 0.474709987640381 0.450590342283249 0.444243013858795 0.458324462175369 0.462189525365829 0.448866873979568 0.420990467071533 0.404402107000351 0.413828521966934 0.41038179397583 0.418291926383972 0.432793736457825 0.44660022854805 0.468726068735123 0.483615577220917 0.517699599266052 0.547642588615417 0.56784063577652 0.5747230052948 0.569540739059448 0.580937922000885 0.595989048480988 0.597838282585144 0.59999668598175
0.426877528429031 0.42125540971756 0.425937533378601 0.449845254421234 0.476560682058334 0.526402533054352 0.556208074092865 0.559962809085846 0.542129158973694 0.522036015987396 0.510071992874146 0.495696902275085 0.476461261510849 0.470180690288544 0.475163072347641 0.477605432271957 0.490262687206268 0.508286893367767 0.508402764797211 0.507314085960388 0.508544147014618 0.505290985107422 0.491119235754013 0.471704840660095 0.469773441553116 0.469680428504944 0.44831708073616 0.424875199794769 0.423057824373245 0.414552420377731 0.39637616276741 0.407118499279022 0.428835421800613 0.437599718570709 0.468176603317261 0.493722081184387 0.528230547904968 0.557955324649811 0.569299876689911 0.575953483581543 0.576984524726868 0.592423498630524 0.602621257305145 0.598082661628723 0.596041023731232
0.392192870378494 0.392121464014053 0.400210708379745 0.431276082992554 0.463528960943222 0.505712389945984 0.545199573040009 0.561011016368866 0.572212398052216 0.556557238101959 0.534812808036804 0.515338838100433 0.510517656803131 0.511308252811432 0.511459410190582 0.520416080951691 0.532604038715363 0.553279280662537 0.553716957569122 0.539332926273346 0.526896357536316 0.524312257766724 0.522432088851929 0.501111030578613 0.484167784452438 0.486946582794189 0.455191820859909 0.423026263713837 0.427217453718185 0.410001546144485 0.384323269128799 0.403718054294586 0.428963005542755 0.430107831954956 0.456413149833679 0.49953031539917 0.532071113586426 0.5560462474823 0.559862375259399 0.558432757854462 0.566930115222931 0.586627542972565 0.597109019756317 0.596377372741699 -3.4e+38
0.349550783634186 0.355605632066727 0.374800086021423 0.400990635156631 0.448542147874832 0.488867461681366 0.540128350257874 0.56206488609314 0.568014085292816 0.567591071128845 0.554773390293121 0.542538166046143 0.544026672840118 0.549699664115906 0.5522341132164 0.564267516136169 0.5721834897995 0.582735538482666 0.579499065876007 0.563789188861847 0.552188098430634 0.531216561794281 0.522604167461395 0.508340716362 0.491576790809631 0.489261478185654 0.45086333155632 0.404520243406296 0.39999532699585 0.391572564840317 0.378951638936996 0.388993620872498 0.413819581270218 0.433909237384796 0.443845272064209 0.487315475940704 0.522321879863739 0.543376803398132 0.547802269458771 0.544381201267242 0.55770355463028 -3.4e+38 -3.4e+38 -3.4e+38 -3.4e+38
