data/1_raw/trimmed_ndre/Aes_ndre.68.2013_no_clouds.asc
NCOLS 109 
NROWS 101 
XLLCORNER 466110 
YLLCORNER 5182005 
CELLSIZE 5 
NODATA_value -3.4e+38 
[rows 40 to 59 of 101, columns 0 to 44 of 109]
-3.4e+38 -3.4e+38 -3.4e+38 -3.4e+38 -3.4e+38 -3.4e+38 -3.4e+38 -3.4e+38 -3.4e+38 -3.4e+38 -3.4e+38 -3.4e+38 0.331979423761368 0.331900417804718 0.309895187616348 0.290187835693359 0.301325261592865 0.339540988206863 0.385314226150513 0.43112713098526 0.47563710808754 0.504340767860413 0.526786267757416 0.566608965396881 0.590567350387573 0.584507882595062 0.556392848491669 0.526685416698456 0.511147320270538 0.479818910360336 0.451234340667725 0.446316301822662 0.447706162929535 0.447440832853317 0.453022450208664 0.459193080663681 0.43084192276001 0.374886929988861 0.312470197677612 0.272635221481323 0.256521016359329 0.237069964408875 0.230135694146156 0.244145154953003 0.273604869842529
-3.4e+38 -3.4e+38 -3.4e+38 -3.4e+38 -3.4e+38 -3.4e+38 -3.4e+38 -3.4e+38 -3.4e+38 -3.4e+38 -3.4e+38 -3.4e+38 0.351011782884598 0.329147100448608 0.311657130718231 0.327530026435852 0.361748278141022 0.408256620168686 0.450630158185959 0.478534817695618 0.5053870677948 0.523724913597107 0.538070499897003 0.557879567146301 0.562055587768555 0.549073398113251 0.536511540412903 0.513537883758545 0.490153700113297 0.469518065452576 0.464178651571274 0.458862215280533 0.44443741440773 0.41503769159317 0.422180861234665 0.451079517602921 0.446779161691666 0.378997445106506 0.305834323167801 0.259765863418579 0.236499324440956 0.227296739816666 0.228955715894699 0.249105006456375 0.284627586603165
-3.4e+38 -3.4e+38 -3.4e+38 -3.4e+38 -3.4e+38 -3.4e+38 -3.4e+38 -3.4e+38 -3.4e+38 -3.4e+38 -3.4e+38 0.321366399526596 0.319517344236374 0.287272036075592 0.300231635570526 0.385185390710831 0.431401312351227 0.463137596845627 0.478652507066727 0.489815503358841 0.519366979598999 0.528032600879669 0.528126418590546 0.540718495845795 0.547485888004303 0.537313282489777 0.517342150211334 0.492947846651077 0.466346144676208 0.458684235811234 0.462521463632584 0.459017217159271 0.439681798219681 0.401450991630554 0.391235381364822 0.415310591459274 0.431415408849716 0.386189728975296 0.31077829003334 0.2747722864151 0.249508246779442 0.252388536930084 0.267712980508804 0.27811473608017 0.296279519796371
-3.4e+38 -3.4e+38 -3.4e+38 -3.4e+38 -3.4e+38 -3.4e+38 -3.4e+38 -3.4e+38 -3.4e+38 -3.4e+38 -3.4e+38 0.28706294298172 0.279568761587143 0.286158174276352 0.346457958221436 0.448969423770905 0.480038315057755 0.491397053003311 0.486558526754379 0.490782380104065 0.521365702152252 0.516769468784332 0.509711623191833 0.524864017963409 0.535091698169708 0.524076998233795 0.489480763673782 0.457839399576187 0.437636315822601 0.438944220542908 0.45205146074295 0.455560982227325 0.440838098526001 0.414362758398056 0.401834487915039 0.414276361465454 0.42615333199501 0.376164674758911 0.320798873901367 0.29358783364296 0.263808250427246 0.274490535259247 0.307538837194443 0.303789854049683 0.302668273448944
-3.4e+38 -3.4e+38 -3.4e+38 -3.4e+38 -3.4e+38 -3.4e+38 -3.4e+38 -3.4e+38 -3.4e+38 -3.4e+38 -3.4e+38 0.262841790914536 0.277033239603043 0.348602920770645 0.406952142715454 0.472625404596329 0.498557806015015 0.500153303146362 0.488013535737991 0.480646878480911 0.500913858413696 0.506949007511139 0.512478947639465 0.524968147277832 0.5247962474823 0.499507248401642 0.458872705698013 0.437395364046097 0.43011936545372 0.423827618360519 0.42767608165741 0.437810957431793 0.433289110660553 0.410010933876038 0.395087510347366 0.385161131620407 0.378811776638031 0.344250619411469 0.324716776609421 0.31567457318306 0.300400644540787 0.301991015672684 0.322618842124939 0.32378625869751 0.317151963710785
-3.4e+38 -3.4e+38 -3.4e+38 -3.4e+38 -3.4e+38 -3.4e+38 -3.4e+38 -3.4e+38 -3.4e+38 -3.4e+38 -3.4e+38 0.244117468595505 0.313166379928589 0.4010349214077 0.409873723983765 0.455819219350815 0.462552607059479 0.446989268064499 0.458642929792404 0.458232313394547 0.474808901548386 0.497212320566177 0.509727537631989 0.513346016407013 0.497384011745453 0.469621956348419 0.440158396959305 0.422945290803909 0.420087248086929 0.39782726764679 0.391289353370667 0.414277613162994 0.427359730005264 0.416837364435196 0.395248711109161 0.348284751176834 0.326115608215332 0.330177575349808 0.332733750343323 0.33638721704483 0.334037363529205 0.328424394130707 0.333134174346924 0.349428296089172 0.362081915140152
-3.4e+38 -3.4e+38 -3.4e+38 -3.4e+38 -3.4e+38 -3.4e+38 -3.4e+38 -3.4e+38 -3.4e+38 -3.4e+38 0.291957139968872 0.26557794213295 0.364151000976562 0.409685611724854 0.397545486688614 0.414792597293854 0.398047536611557 0.394072860479355 0.426233619451523 0.437168061733246 0.456547766923904 0.481591314077377 0.495019912719727 0.485112011432648 0.466826826334 0.454025596380234 0.440681219100952 0.427610635757446 0.410026580095291 0.373787581920624 0.362173527479172 0.38599306344986 0.407114595174789 0.418463736772537 0.399652421474457 0.34673273563385 0.329267352819443 0.35365703701973 0.360279709100723 0.358174979686737 0.359199196100235 0.35896572470665 0.372242122888565 0.402279019355774 0.426362812519073
-3.4e+38 -3.4e+38 -3.4e+38 -3.4e+38 -3.4e+38 -3.4e+38 -3.4e+38 -3.4e+38 -3.4e+38 -3.4e+38 0.300096064805984 0.323963671922684 0.397157549858093 0.427094697952271 0.392998307943344 0.367370694875717 0.380529284477234 0.393301337957382 0.408301383256912 0.412831485271454 0.428391307592392 0.455043852329254 0.467091411352158 0.462117522954941 0.444891601800919 0.437353432178497 0.443091094493866 0.433848649263382 0.407617151737213 0.37526199221611 0.35654354095459 0.359645932912827 0.373959183692932 0.39824178814888 0.394461899995804 0.3626469373703 0.374671310186386 0.400510907173157 0.393300265073776 0.383711993694305 0.3880814909935 0.405918329954147 0.428848296403885 0.454712569713593 0.47126978635788
-3.4e+38 -3.4e+38 -3.4e+38 -3.4e+38 -3.4e+38 -3.4e+38 -3.4e+38 -3.4e+38 -3.4e+38 -3.4e+38 0.335775315761566 0.381918907165527 0.414825171232224 0.427306711673737 0.376176565885544 0.352197170257568 0.3955018222332 0.410271406173706 0.407512694597244 0.39897421002388 0.402573466300964 0.423446863889694 0.428303778171539 0.417988240718842 0.411926627159119 0.405649960041046 0.41595658659935 0.4216029047966 0.407554924488068 0.381283193826675 0.364486187696457 0.338342994451523 0.34233096241951 0.373012751340866 0.390967339277267 0.396088600158691 0.409608572721481 0.411665827035904 0.403240442276001 0.396984189748764 0.412280350923538 0.449543327093124 0.471305310726166 0.481520563364029 0.494683742523193
-3.4e+38 -3.4e+38 -3.4e+38 -3.4e+38 -3.4e+38 -3.4e+38 -3.4e+38 -3.4e+38 -3.4e+38 0.307383924722672 0.339995205402374 0.395676493644714 0.419025391340256 0.408969581127167 0.365534126758575 0.357690006494522 0.398339182138443 0.419834047555923 0.416170954704285 0.404601395130157 0.393530786037445 0.39466667175293 0.390190422534943 0.375070184469223 0.370380818843842 0.356796115636826 0.367162555456161 0.391972899436951 0.406628876924515 0.393914133310318 0.369333416223526 0.319241911172867 0.309904247522354 0.341530382633209 0.381346702575684 0.40161070227623 0.389390110969543 0.393906444311142 0.403044104576111 0.40891495347023 0.430157363414764 0.468905121088028 0.484298378229141 0.486495494842529 0.499339312314987
-3.4e+38 -3.4e+38 -3.4e+38 -3.4e+38 -3.4e+38 -3.4e+38 -3.4e+38 -3.4e+38 -3.4e+38 0.310321629047394 0.352758556604385 0.400672614574432 0.405776023864746 0.393536955118179 0.380713045597076 0.383590966463089 0.403069704771042 0.426344454288483 0.432167410850525 0.433174550533295 0.419842272996902 0.394096374511719 0.365594327449799 0.338293612003326 0.32888925075531 0.333083629608154 0.345972001552582 0.376299202442169 0.407753467559814 0.400169849395752 0.364060550928116 0.31133496761322 0.286139905452728 0.316823750734329 0.364481419324875 0.375222116708755 0.369861096143723 0.390040785074234 0.421299189329147 0.44081237912178 0.451265037059784 0.47711569070816 0.492898464202881 0.495844393968582 0.505252659320831
-3.4e+38 -3.4e+38 -3.4e+38 -3.4e+38 -3.4e+38 -3.4e+38 -3.4e+38 -3.4e+38 -3.4e+38 0.312756955623627 0.365166366100311 0.397750437259674 0.37941375374794 0.378212749958038 0.389538377523422 0.399710178375244 0.40498098731041 0.434659719467163 0.463385075330734 0.468468904495239 0.441115081310272 0.393773674964905 0.348987072706223 0.31919464468956 0.326315462589264 0.341032803058624 0.338810861110687 0.345222055912018 0.37312838435173 0.388265579938889 0.348272264003754 0.302387177944183 0.282774031162262 0.310719579458237 0.350889503955841 0.363078057765961 0.37566003203392 0.412040919065475 0.448995411396027 0.479309111833572 0.481674194335938 0.490777462720871 0.501584827899933 0.511981785297394 0.519770264625549
-3.4e+38 -3.4e+38 -3.4e+38 -3.4e+38 -3.4e+38 -3.4e+38 -3.4e+38 -3.4e+38 -3.4e+38 0.318872630596161 0.373802304267883 0.383731365203857 0.354844450950623 0.351086914539337 0.373091965913773 0.394418299198151 0.411446124315262 0.441003382205963 0.469666868448257 0.465248137712479 0.43184956908226 0.376511365175247 0.343276858329773 0.310739904642105 0.305072575807571 0.313751608133316 0.299329876899719 0.279338508844376 0.276003330945969 0.284876018762589 0.282088309526443 0.280417025089264 0.290775269269943 0.307140499353409 0.339052200317383 0.369981914758682 0.405620843172073 0.442536860704422 0.473756432533264 0.509890496730804 0.514095604419708 0.501134872436523 0.508481800556183 0.525151789188385 0.531287372112274
-3.4e+38 -3.4e+38 -3.4e+38 -3.4e+38 -3.4e+38 -3.4e+38 -3.4e+38 -3.4e+38 0.267135173082352 0.334043473005295 0.372286438941956 0.375334739685059 0.343767434358597 0.328434258699417 0.352613240480423 0.392492979764938 0.41765570640564 0.44496014714241 0.458314657211304 0.444877982139587 0.411768227815628 0.374501049518585 0.340900212526321 0.315605223178864 0.278194069862366 0.25701567530632 0.249878793954849 0.233990177512169 0.220820546150208 0.220703303813934 0.228236302733421 0.265502750873566 0.301250010728836 0.310954481363297 0.335362881422043 0.389167755842209 0.434393286705017 0.476098865270615 0.507679045200348 0.526598513126373 0.523444414138794 0.512178540229797 0.515194177627563 0.5331010222435 0.538226008415222
-3.4e+38 -3.4e+38 -3.4e+38 -3.4e+38 -3.4e+38 -3.4e+38 -3.4e+38 -3.4e+38 0.282305926084518 0.348165810108185 0.367085516452789 0.385770559310913 0.357294231653214 0.333841592073441 0.364225208759308 0.392979323863983 0.414036810398102 0.425837874412537 0.438925325870514 0.436594247817993 0.4144466817379 0.400003731250763 0.370594352483749 0.328135132789612 0.271684348583221 0.24090538918972 0.237254053354263 0.221873432397842 0.21345329284668 0.217097446322441 0.215598046779633 0.248867139220238 0.297712475061417 0.322094470262527 0.36333829164505 0.421139240264893 0.464198291301727 0.497516661882401 0.520532965660095 0.532259345054626 0.526930332183838 0.525872826576233 0.524253785610199 0.536172389984131 0.533153295516968
-3.4e+38 -3.4e+38 -3.4e+38 -3.4e+38 -3.4e+38 -3.4e+38 -3.4e+38 -3.4e+38 0.298198670148849 0.362911492586136 0.388571798801422 0.397512942552567 0.373803973197937 0.360387563705444 0.388197660446167 0.38857364654541 0.383114129304886 0.392347574234009 0.417092591524124 0.427110731601715 0.422669261693954 0.424887210130692 0.391753166913986 0.331328243017197 0.275483310222626 0.24449497461319 0.235693395137787 0.224616333842278 0.212263658642769 0.217177078127861 0.224625468254089 0.25534600019455 0.319255322217941 0.368655115365982 0.423348158597946 0.470440149307251 0.497642248868942 0.502480208873749 0.512269616127014 0.535876452922821 0.526948928833008 0.53004390001297 0.54115629196167 0.536214649677277 0.517435312271118
-3.4e+38 -3.4e+38 -3.4e+38 -3.4e+38 -3.4e+38 -3.4e+38 -3.4e+38 0.27526393532753 0.326341897249222 0.385785430669785 0.398143023252487 0.387316703796387 0.384799510240555 0.391703605651855 0.401797115802765 0.378044664859772 0.361477613449097 0.369134604930878 0.396583169698715 0.405010312795639 0.412154912948608 0.412128478288651 0.375596135854721 0.311422914266586 0.27582660317421 0.257506370544434 0.238281264901161 0.219679862260818 0.204779267311096 0.216740936040878 0.252545833587646 0.289390683174133 0.363763779401779 0.432781398296356 0.4786556661129 0.531142711639404 0.536369383335114 0.510533332824707 0.504170477390289 0.525121629238129 0.533716261386871 0.538076937198639 0.535096406936646 0.514399290084839 0.488997310400009
-3.4e+38 -3.4e+38 -3.4e+38 -3.4e+38 -3.4e+38 -3.4e+38 -3.4e+38 0.281617373228073 0.357830673456192 0.396984964609146 0.381793886423111 0.368337839841843 0.388045907020569 0.409062415361404 0.401805073022842 0.379516303539276 0.381005972623825 0.390761643648148 0.400770395994186 0.392865985631943 0.389052718877792 0.38478022813797 0.361121714115143 0.319114983081818 0.283771842718124 0.270525753498077 0.24495966732502 0.228340625762939 0.226770415902138 0.242800384759903 0.290238440036774 0.345954447984695 0.403312623500824 0.472675442695618 0.521662414073944 0.565171122550964 0.55854994058609 0.521906554698944 0.509478569030762 0.535517036914825 0.549717724323273 0.530991792678833 0.506001889705658 0.473607957363129 0.445684045553207
-3.4e+38 -3.4e+38 -3.4e+38 -3.4e+38 -3.4e+38 -3.4e+38 -3.4e+38 0.299405753612518 0.376979410648346 0.395296156406403 0.371189683675766 0.367032617330551 0.389655828475952 0.40101432800293 0.399738103151321 0.393804162740707 0.410133719444275 0.417212247848511 0.409854918718338 0.395529866218567 0.382821530103683 0.371881991624832 0.353513807058334 0.332514971494675 0.303750336170197 0.28060594201088 0.260943651199341 0.253714621067047 0.265076756477356 0.275156766176224 0.318522036075592 0.390758454799652 0.450935542583466 0.511687755584717 0.548971951007843 0.565489888191223 0.556849241256714 0.526140213012695 0.515664458274841 0.536242842674255 0.540600836277008 0.510344266891479 0.493640035390854 0.454558849334717 0.418989390134811
-3.4e+38 -3.4e+38 -3.4e+38 -3.4e+38 -3.4e+38 -3.4e+38 0.266411483287811 0.330082148313522 0.371575564146042 0.373995035886765 0.353108614683151 0.361360937356949 0.369542241096497 0.367749094963074 0.366650223731995 0.380710273981094 0.405689299106598 0.40897199511528 0.397548198699951 0.387043952941895 0.379630863666534 0.379968971014023 0.369839370250702 0.346262335777283 0.322603046894073 0.291826695203781 0.272078692913055 0.27173238992691 0.278174698352814 0.289343506097794 0.335698366165161 0.435745269060135 0.510713160037994 0.554131031036377 0.564630031585693 0.559289276599884 0.551470696926117 0.538705348968506 0.527603328227997 0.524714171886444 0.508223235607147 0.478583306074142 0.46510836482048 0.435182005167007 0.407928138971329
