data/1_raw/trimmed_ndre/Aes_ndre.712.2010_no_clouds.asc
NCOLS 109 
NROWS 101 
XLLCORNER 466110 
YLLCORNER 5182005 
CELLSIZE 5 
NODATA_value -3.4e+38 
[rows 80 to 99 of 101, columns 0 to 44 of 109]
-3.4e+38 -3.4e+38 -3.4e+38 -3.4e+38 0.229593336582184 0.223308503627777 0.217928811907768 0.215441435575485 0.217993095517159 0.214673146605492 0.21880067884922 0.238313972949982 0.245468869805336 0.233135834336281 0.243526503443718 0.254687666893005 0.245464608073235 0.2403454631567 0.2494166046381 0.253671228885651 0.251904845237732 0.250489085912704 0.257857322692871 0.264287739992142 0.264216184616089 0.282751828432083 0.300390243530273 0.321950048208237 0.343247264623642 0.367914289236069 0.387539386749268 0.393569529056549 0.393413454294205 0.382046043872833 0.36534121632576 0.357027560472488 0.343003749847412 0.333347260951996 0.335048139095306 0.332693457603455 0.323488533496857 0.32105565071106 0.319608390331268 0.317237436771393 0.312580108642578
-3.4e+38 -3.4e+38 -3.4e+38 -3.4e+38 -3.4e+38 -3.4e+38 -3.4e+38 0.217134684324265 0.219768762588501 0.217534303665161 0.217244237661362 0.229396983981133 0.240882053971291 0.244508415460587 0.254797071218491 0.254419267177582 0.24792605638504 0.248366743326187 0.252055495977402 0.257205247879028 0.265654146671295 0.261741310358047 0.256822168827057 0.264368951320648 0.274694532155991 0.27963575720787 0.302808880805969 0.338104486465454 0.361462563276291 0.378490328788757 0.397932440042496 0.407413005828857 0.403919279575348 0.385690331459045 0.359374135732651 0.341924458742142 0.328690767288208 0.31330618262291 0.30557581782341 0.304499745368958 0.297453761100769 0.309651434421539 0.319256097078323 0.312807112932205 0.310936599969864
-3.4e+38 -3.4e+38 -3.4e+38 -3.4e+38 -3.4e+38 -3.4e+38 -3.4e+38 -3.4e+38 -3.4e+38 -3.4e+38 0.224189475178719 0.238472774624825 0.249790921807289 0.261439681053162 0.258339673280716 0.242695182561874 0.239052683115005 0.250014752149582 0.260444521903992 0.26217782497406 0.276948660612106 0.277326464653015 0.263310104608536 0.278731614351273 0.284106105566025 0.277120172977448 0.304153889417648 0.345608174800873 0.373981148004532 0.3830646276474 0.397214651107788 0.410266280174255 0.402591735124588 0.381150484085083 0.355981290340424 0.329895347356796 0.3127201795578 0.314263880252838 0.310256093740463 0.297523587942123 0.291885316371918 0.304469913244247 0.310904502868652 0.306988418102264 0.303912341594696
-3.4e+38 -3.4e+38 -3.4e+38 -3.4e+38 -3.4e+38 -3.4e+38 -3.4e+38 -3.4e+38 -3.4e+38 -3.4e+38 -3.4e+38 -3.4e+38 0.243155971169472 0.256927460432053 0.253546416759491 0.235929876565933 0.23620679974556 0.245358437299728 0.25287127494812 0.247713953256607 0.26501128077507 0.269696205854416 0.260237097740173 0.285628467798233 0.29109263420105 0.287355184555054 0.311131834983826 0.340705871582031 0.366709113121033 0.377201646566391 0.384814202785492 0.403381526470184 0.396592497825623 0.369489401578903 0.351848840713501 0.322956889867783 0.300963073968887 0.311959564685822 0.320871472358704 0.310507535934448 0.299247264862061 0.302795141935349 0.298903703689575 0.290496200323105 0.288284689188004
-3.4e+38 -3.4e+38 -3.4e+38 -3.4e+38 -3.4e+38 -3.4e+38 -3.4e+38 -3.4e+38 -3.4e+38 -3.4e+38 -3.4e+38 -3.4e+38 -3.4e+38 -3.4e+38 0.241769939661026 0.232372835278511 0.23358990252018 0.235712587833405 0.23471662402153 0.237571433186531 0.250870317220688 0.25025150179863 0.253175437450409 0.278483629226685 0.293754249811172 0.29797774553299 0.313566952943802 0.344387799501419 0.348805397748947 0.364171892404556 0.386156052350998 0.401265531778336 0.388288080692291 0.358246266841888 0.348591268062592 0.325676798820496 0.300897896289825 0.288328945636749 0.295336723327637 0.307055294513702 0.312788009643555 0.312399208545685 0.303069293498993 0.289156317710876 0.287079423666
-3.4e+38 -3.4e+38 -3.4e+38 -3.4e+38 -3.4e+38 -3.4e+38 -3.4e+38 -3.4e+38 -3.4e+38 -3.4e+38 -3.4e+38 -3.4e+38 -3.4e+38 -3.4e+38 -3.4e+38 0.23238018155098 0.238362118601799 0.239220142364502 0.227762758731842 0.226985931396484 0.23170505464077 0.232657998800278 0.240463852882385 0.265688300132751 0.287107676267624 0.302287131547928 0.321583360433578 0.346591174602509 0.335024327039719 0.363657176494598 0.410120338201523 0.402409851551056 0.384802609682083 0.369397222995758 0.356033802032471 0.327556014060974 0.326988846063614 0.317824393510818 0.302094638347626 0.305936127901077 0.313328862190247 0.316621601581573 0.312229871749878 0.308951020240784 0.307187974452972
-3.4e+38 -3.4e+38 -3.4e+38 -3.4e+38 -3.4e+38 -3.4e+38 -3.4e+38 -3.4e+38 -3.4e+38 -3.4e+38 -3.4e+38 -3.4e+38 -3.4e+38 -3.4e+38 -3.4e+38 -3.4e+38 -3.4e+38 0.246360704302788 0.235255673527718 0.228599473834038 0.226475685834885 0.226629346609116 0.237874120473862 0.26210343837738 0.282048881053925 0.299505263566971 0.319565922021866 0.335727661848068 0.348471820354462 0.377951353788376 0.404309689998627 0.391713947057724 0.382707506418228 0.378973066806793 0.360899269580841 0.333768427371979 0.342105954885483 0.341421604156494 0.33143162727356 0.324321776628494 0.315943092107773 0.311506390571594 0.315482378005981 0.322510540485382 0.320592433214188
-3.4e+38 -3.4e+38 -3.4e+38 -3.4e+38 -3.4e+38 -3.4e+38 -3.4e+38 -3.4e+38 -3.4e+38 -3.4e+38 -3.4e+38 -3.4e+38 -3.4e+38 -3.4e+38 -3.4e+38 -3.4e+38 -3.4e+38 -3.4e+38 -3.4e+38 0.234152734279633 0.224597200751305 0.22782664000988 0.239832729101181 0.261684238910675 0.278996735811234 0.295568078756332 0.310589283704758 0.326106667518616 0.34806302189827 0.367132216691971 0.389167338609695 0.392780721187592 0.381498545408249 0.363131999969482 0.344140112400055 0.334604561328888 0.337020516395569 0.337067365646362 0.341352194547653 0.338733673095703 0.326798409223557 0.321303933858871 0.323179423809052 0.326068758964539 0.320926904678345
-3.4e+38 -3.4e+38 -3.4e+38 -3.4e+38 -3.4e+38 -3.4e+38 -3.4e+38 -3.4e+38 -3.4e+38 -3.4e+38 -3.4e+38 -3.4e+38 -3.4e+38 -3.4e+38 -3.4e+38 -3.4e+38 -3.4e+38 -3.4e+38 -3.4e+38 -3.4e+38 -3.4e+38 0.234660789370537 0.241082206368446 0.255861967802048 0.278508365154266 0.30420395731926 0.320347338914871 0.302044063806534 0.306095212697983 0.340961694717407 0.380069255828857 0.400150150060654 0.388495624065399 0.359787464141846 0.349541485309601 0.34399887919426 0.335872918367386 0.332507133483887 0.332195490598679 0.343069314956665 0.340563327074051 0.335370451211929 0.32138267159462 0.314622223377228 0.317069798707962
-3.4e+38 -3.4e+38 -3.4e+38 -3.4e+38 -3.4e+38 -3.4e+38 -3.4e+38 -3.4e+38 -3.4e+38 -3.4e+38 -3.4e+38 -3.4e+38 -3.4e+38 -3.4e+38 -3.4e+38 -3.4e+38 -3.4e+38 -3.4e+38 -3.4e+38 -3.4e+38 -3.4e+38 -3.4e+38 0.254191279411316 0.260121673345566 0.291615694761276 0.32356533408165 0.313246250152588 0.263173252344131 0.265619069337845 0.330374449491501 0.385298758745193 0.395756155252457 0.388916105031967 0.371222406625748 0.358272939920425 0.35444039106369 0.340341806411743 0.335112661123276 0.338523149490356 0.35184234380722 0.357412844896317 0.343095391988754 0.320586830377579 0.315463662147522 0.310274392366409
-3.4e+38 -3.4e+38 -3.4e+38 -3.4e+38 -3.4e+38 -3.4e+38 -3.4e+38 -3.4e+38 -3.4e+38 -3.4e+38 -3.4e+38 -3.4e+38 -3.4e+38 -3.4e+38 -3.4e+38 -3.4e+38 -3.4e+38 -3.4e+38 -3.4e+38 -3.4e+38 -3.4e+38 -3.4e+38 -3.4e+38 -3.4e+38 0.309599757194519 0.315213680267334 0.274059981107712 0.230320125818253 0.241910606622696 0.321000069379807 0.379773616790771 0.366839051246643 0.380706906318665 0.365768879652023 0.343269348144531 0.353720992803574 0.352708637714386 0.353367328643799 0.360177248716354 0.356470376253128 0.353257209062576 0.338848054409027 0.324464857578278 0.331080824136734 0.314428687095642
-3.4e+38 -3.4e+38 -3.4e+38 -3.4e+38 -3.4e+38 -3.4e+38 -3.4e+38 -3.4e+38 -3.4e+38 -3.4e+38 -3.4e+38 -3.4e+38 -3.4e+38 -3.4e+38 -3.4e+38 -3.4e+38 -3.4e+38 -3.4e+38 -3.4e+38 -3.4e+38 -3.4e+38 -3.4e+38 -3.4e+38 -3.4e+38 -3.4e+38 0.271991491317749 0.231201574206352 0.206293553113937 0.220835074782372 0.285305082798004 0.343820184469223 0.353671431541443 0.365237444639206 0.351992130279541 0.333784699440002 0.352183371782303 0.366407990455627 0.371887803077698 0.369686096906662 0.357013911008835 0.350171774625778 0.340369135141373 0.335058838129044 0.342744797468185 0.331029862165451
-3.4e+38 -3.4e+38 -3.4e+38 -3.4e+38 -3.4e+38 -3.4e+38 -3.4e+38 -3.4e+38 -3.4e+38 -3.4e+38 -3.4e+38 -3.4e+38 -3.4e+38 -3.4e+38 -3.4e+38 -3.4e+38 -3.4e+38 -3.4e+38 -3.4e+38 -3.4e+38 -3.4e+38 -3.4e+38 -3.4e+38 -3.4e+38 -3.4e+38 0.227872774004936 0.199292063713074 0.188425570726395 0.210505604743958 0.255203157663345 0.318575650453568 0.351566404104233 0.343862056732178 0.345841556787491 0.348365128040314 0.3571737408638 0.3642578125 0.371914803981781 0.372977286577225 0.368392080068588 0.366890758275986 0.355772137641907 0.354310482740402 0.356275171041489 0.346239656209946
-3.4e+38 -3.4e+38 -3.4e+38 -3.4e+38 -3.4e+38 -3.4e+38 -3.4e+38 -3.4e+38 -3.4e+38 -3.4e+38 -3.4e+38 -3.4e+38 -3.4e+38 -3.4e+38 -3.4e+38 -3.4e+38 -3.4e+38 -3.4e+38 -3.4e+38 -3.4e+38 -3.4e+38 -3.4e+38 -3.4e+38 -3.4e+38 -3.4e+38 0.199225798249245 0.174425289034843 0.178121402859688 0.216170445084572 0.253498256206512 0.305822402238846 0.338596165180206 0.330189824104309 0.346352487802505 0.352154403924942 0.352162033319473 0.35621640086174 0.365014970302582 0.368661195039749 0.377590656280518 0.383299976587296 0.373192727565765 0.366109520196915 0.356929779052734 0.339794427156448
-3.4e+38 -3.4e+38 -3.4e+38 -3.4e+38 -3.4e+38 -3.4e+38 -3.4e+38 -3.4e+38 -3.4e+38 -3.4e+38 -3.4e+38 -3.4e+38 -3.4e+38 -3.4e+38 -3.4e+38 -3.4e+38 -3.4e+38 -3.4e+38 -3.4e+38 -3.4e+38 -3.4e+38 -3.4e+38 -3.4e+38 -3.4e+38 -3.4e+38 -3.4e+38 0.163108974695206 0.175321519374847 0.219541549682617 0.257121294736862 0.296675086021423 0.337215721607208 0.335501223802567 0.337512075901031 0.344621002674103 0.35172227025032 0.356420993804932 0.359546899795532 0.358986526727676 0.371013224124908 0.37802454829216 0.368250966072083 0.362175613641739 0.34246152639389 0.322380930185318
-3.4e+38 -3.4e+38 -3.4e+38 -3.4e+38 -3.4e+38 -3.4e+38 -3.4e+38 -3.4e+38 -3.4e+38 -3.4e+38 -3.4e+38 -3.4e+38 -3.4e+38 -3.4e+38 -3.4e+38 -3.4e+38 -3.4e+38 -3.4e+38 -3.4e+38 -3.4e+38 -3.4e+38 -3.4e+38 -3.4e+38 -3.4e+38 -3.4e+38 -3.4e+38 0.167120486497879 0.177293807268143 0.228669106960297 0.280197858810425 0.317470490932465 0.337924480438232 0.331844836473465 0.320001363754272 0.332884520292282 0.349993228912354 0.363550275564194 0.360593765974045 0.349142074584961 0.354136615991592 0.359276205301285 0.356562495231628 0.34809410572052 0.324473857879639 0.323558300733566
-3.4e+38 -3.4e+38 -3.4e+38 -3.4e+38 -3.4e+38 -3.4e+38 -3.4e+38 -3.4e+38 -3.4e+38 -3.4e+38 -3.4e+38 -3.4e+38 -3.4e+38 -3.4e+38 -3.4e+38 -3.4e+38 -3.4e+38 -3.4e+38 -3.4e+38 -3.4e+38 -3.4e+38 -3.4e+38 -3.4e+38 -3.4e+38 -3.4e+38 -3.4e+38 -3.4e+38 -3.4e+38 -3.4e+38 0.306325495243073 0.33017373085022 0.324287921190262 0.327859699726105 0.32777538895607 0.333120614290237 0.348470360040665 0.356108278036118 0.356270998716354 0.349696904420853 0.351157993078232 0.347335577011108 0.347533911466599 0.335097581148148 0.314166635274887 0.326543390750885
-3.4e+38 -3.4e+38 -3.4e+38 -3.4e+38 -3.4e+38 -3.4e+38 -3.4e+38 -3.4e+38 -3.4e+38 -3.4e+38 -3.4e+38 -3.4e+38 -3.4e+38 -3.4e+38 -3.4e+38 -3.4e+38 -3.4e+38 -3.4e+38 -3.4e+38 -3.4e+38 -3.4e+38 -3.4e+38 -3.4e+38 -3.4e+38 -3.4e+38 -3.4e+38 -3.4e+38 -3.4e+38 -3.4e+38 -3.4e+38 -3.4e+38 -3.4e+38 -3.4e+38 -3.4e+38 -3.4e+38 0.329117566347122 0.332464963197708 0.336032539606094 0.338737040758133 0.337505519390106 0.328830778598785 0.324576586484909 0.316270411014557 0.301819145679474 0.320102870464325
-3.4e+38 -3.4e+38 -3.4e+38 -3.4e+38 -3.4e+38 -3.4e+38 -3.4e+38 -3.4e+38 -3.4e+38 -3.4e+38 -3.4e+38 -3.4e+38 -3.4e+38 -3.4e+38 -3.4e+38 -3.4e+38 -3.4e+38 -3.4e+38 -3.4e+38 -3.4e+38 -3.4e+38 -3.4e+38 -3.4e+38 -3.4e+38 -3.4e+38 -3.4e+38 -3.4e+38 -3.4e+38 -3.4e+38 -3.4e+38 -3.4e+38 -3.4e+38 -3.4e+38 -3.4e+38 -3.4e+38 -3.4e+38 -3.4e+38 -3.4e+38 0.311382472515106 0.311202555894852 0.301465690135956 0.292394280433655 0.305528938770294 0.303864151239395 0.298696309328079
-3.4e+38 -3.4e+38 -3.4e+38 -3.4e+38 -3.4e+38 -3.4e+38 -3.4e+38 -3.4e+38 -3.4e+38 -3.4e+38 -3.4e+38 -3.4e+38 -3.4e+38 -3.4e+38 -3.4e+38 -3.4e+38 -3.4e+38 -3.4e+38 -3.4e+38 -3.4e+38 -3.4e+38 -3.4e+38 -3.4e+38 -3.4e+38 -3.4e+38 -3.4e+38 -3.4e+38 -3.4e+38 -3.4e+38 -3.4e+38 -3.4e+38 -3.4e+38 -3.4e+38 -3.4e+38 -3.4e+38 -3.4e+38 -3.4e+38 -3.4e+38 -3.4e+38 0.283067464828491 0.278388828039169 0.276830792427063 0.301559209823608 0.299570381641388 0.284149050712585
