data/1_raw/trimmed_ndre/Aes_ndre.712.2010_no_clouds.asc
NCOLS 109 
NROWS 101 
XLLCORNER 466110 
YLLCORNER 5182005 
CELLSIZE 5 
NODATA_value -3.4e+38 
[rows 20 to 39 of 101, columns 45 to 89 of 109]
-3.4e+38 -3.4e+38 -3.4e+38 -3.4e+38 -3.4e+38 -3.4e+38 -3.4e+38 -3.4e+38 0.215820968151093 0.220052912831306 0.247198522090912 0.253273725509644 0.253026455640793 0.255170404911041 0.252745032310486 0.242841333150864 0.245044156908989 0.242292687296867 0.232610821723938 0.234317466616631 0.228863969445229 0.222265720367432 0.23874819278717 0.255183219909668 0.258740723133087 0.251227676868439 0.258898049592972 0.263118863105774 0.252113789319992 0.240664273500443 0.245861649513245 0.245547264814377 0.252053320407867 0.265010416507721 0.267127096652985 0.275379717350006 0.292537540197372 0.293759644031525 0.305678397417068 0.308591783046722 0.29091477394104 0.271000862121582 -3.4e+38 -3.4e+38 -3.4e+38
-3.4e+38 -3.4e+38 -3.4e+38 -3.4e+38 -3.4e+38 -3.4e+38 -3.4e+38 0.210762426257133 0.218607977032661 0.245008558034897 0.255637854337692 0.251889228820801 0.255745530128479 0.257915496826172 0.250533849000931 0.233929201960564 0.229447931051254 0.237169593572617 0.235233932733536 0.22279991209507 0.223882421851158 0.224198520183563 0.223394066095352 0.236587226390839 0.258163452148438 0.26226818561554 0.26012247800827 0.271850526332855 0.25931578874588 0.237872913479805 0.253719925880432 0.251317739486694 0.252716660499573 0.270598471164703 0.274004101753235 0.289321810007095 0.29617241024971 0.288013130426407 0.302252978086472 0.297985643148422 0.273656129837036 0.260716378688812 0.248051077127457 -3.4e+38 -3.4e+38
-3.4e+38 -3.4e+38 -3.4e+38 -3.4e+38 -3.4e+38 0.199906066060066 0.203284546732903 0.218180030584335 0.236435413360596 0.252455353736877 0.245841458439827 0.245802015066147 0.258461207151413 0.246637463569641 0.238335654139519 0.231938421726227 0.226232618093491 0.227594822645187 0.223749548196793 0.212918922305107 0.218459725379944 0.227192506194115 0.231533229351044 0.240451335906982 0.256576091051102 0.26103863120079 0.256234765052795 0.273347526788712 0.265484929084778 0.245601564645767 0.246742635965347 0.235793009400368 0.246474176645279 0.269995301961899 0.273656010627747 0.294285953044891 0.297705858945847 0.29114156961441 0.301492124795914 0.288763791322708 0.274958908557892 0.267482191324234 0.257470965385437 -3.4e+38 -3.4e+38
-3.4e+38 -3.4e+38 0.213275074958801 0.206204324960709 0.20105853676796 0.211481422185898 0.229851245880127 0.241836294531822 0.242473661899567 0.243989437818527 0.237263962626457 0.235365375876427 0.239225596189499 0.231931313872337 0.239999175071716 0.240733414888382 0.230470225214958 0.220323383808136 0.225717604160309 0.226538226008415 0.224285900592804 0.235537514090538 0.240813866257668 0.235376283526421 0.233794242143631 0.244368553161621 0.250950455665588 0.255801618099213 0.256654292345047 0.248144313693047 0.24241429567337 0.237481310963631 0.250903010368347 0.268010526895523 0.280173718929291 0.301325261592865 0.29360419511795 0.285831391811371 0.293208450078964 0.283491849899292 0.278609126806259 0.275454670190811 0.27183535695076 0.277800738811493 -3.4e+38
0.214350819587708 0.214402228593826 0.210877299308777 0.204488411545753 0.216406598687172 0.231758296489716 0.241447046399117 0.236530333757401 0.235110774636269 0.237539231777191 0.236131995916367 0.222399845719337 0.222604781389236 0.230023711919785 0.24301789700985 0.247638180851936 0.235636442899704 0.224740475416183 0.233782738447189 0.234781071543694 0.224888414144516 0.229586854577065 0.223702415823936 0.219933792948723 0.220378175377846 0.225388705730438 0.236409440636635 0.244839563965797 0.245853945612907 0.245302975177765 0.24757806956768 0.251187384128571 0.261389344930649 0.26513671875 0.278835862874985 0.296251088380814 0.285271883010864 0.280110567808151 0.279418259859085 0.268427073955536 0.265290260314941 0.267704457044601 0.278108328580856 0.292412906885147 -3.4e+38
0.206418961286545 0.208320870995522 0.209027677774429 0.214966133236885 0.2308589220047 0.234159961342812 0.233329743146896 0.229279339313507 0.221670567989349 0.22877661883831 0.239827662706375 0.227636322379112 0.227095603942871 0.232738196849823 0.238437756896019 0.244487583637238 0.240108013153076 0.234495893120766 0.237144738435745 0.229293555021286 0.220793753862381 0.215370565652847 0.206475853919983 0.209200486540794 0.211814597249031 0.213778138160706 0.239552617073059 0.24736875295639 0.235590249300003 0.240102291107178 0.254418909549713 0.261771142482758 0.265482991933823 0.265847206115723 0.27600085735321 0.287014782428741 0.279277920722961 0.271252751350403 0.260063767433167 0.257427185773849 0.269051283597946 0.265786558389664 0.278302550315857 0.292058736085892 0.268923163414001
0.210458666086197 0.21483513712883 0.218783721327782 0.230051830410957 0.248934805393219 0.243387252092361 0.237553685903549 0.236191883683205 0.219894170761108 0.221782565116882 0.238463595509529 0.236676692962646 0.231795981526375 0.233745723962784 0.239115759730339 0.239852651953697 0.241293251514435 0.236415416002274 0.227536275982857 0.22384138405323 0.223694875836372 0.217768624424934 0.207528904080391 0.211190655827522 0.212993443012238 0.222184464335442 0.250858753919601 0.251297116279602 0.243528574705124 0.252118349075317 0.262996524572372 0.269289821386337 0.273397207260132 0.276064723730087 0.283186852931976 0.27599248290062 0.266532152891159 0.264858454465866 0.267651289701462 0.284731537103653 0.300024390220642 0.281647056341171 0.289271205663681 0.302158892154694 0.287955492734909
0.214693263173103 0.21468311548233 0.21230311691761 0.2276331782341 0.242209672927856 0.22892664372921 0.224624812602997 0.227800026535988 0.225147247314453 0.216323405504227 0.227288261055946 0.245955884456635 0.243447244167328 0.248342126607895 0.243566647171974 0.235899984836578 0.244388997554779 0.234727323055267 0.223112434148788 0.222037523984909 0.22081333398819 0.215636372566223 0.211843088269234 0.219656363129616 0.223818883299828 0.239426076412201 0.259904712438583 0.249714761972427 0.25289660692215 0.274417251348495 0.285494327545166 0.290323168039322 0.29465252161026 0.295793503522873 0.290439873933792 0.272170037031174 0.265850305557251 0.285422116518021 0.304249882698059 0.31376701593399 0.306942403316498 0.295423954725266 0.312324315309525 0.324920356273651 0.318676859140396
0.222037583589554 0.218850463628769 0.224447175860405 0.233189448714256 0.231223717331886 0.222048833966255 0.223808065056801 0.229468733072281 0.237905606627464 0.243005931377411 0.231720924377441 0.240192785859108 0.251927465200424 0.261361092329025 0.241905003786087 0.228551656007767 0.24475285410881 0.22770157456398 0.215219989418983 0.214661344885826 0.209030881524086 0.205557435750961 0.215159565210342 0.226055383682251 0.235824272036552 0.259512841701508 0.273107886314392 0.256280869245529 0.271401524543762 0.303753286600113 0.312878310680389 0.311553388834 0.306050509214401 0.298843324184418 0.292495340108871 0.288183033466339 0.292479425668716 0.313583552837372 0.328220725059509 0.324883759021759 0.323593646287918 0.335046470165253 0.359504342079163 0.35183373093605 0.32734227180481
0.226674273610115 0.227197766304016 0.22735732793808 0.226203784346581 0.221346288919449 0.227313756942749 0.242698296904564 0.240744441747665 0.249851554632187 0.258576720952988 0.233557790517807 0.238010555505753 0.257167220115662 0.256742119789124 0.247031673789024 0.233783751726151 0.233728036284447 0.214948818087578 0.205661430954933 0.218144714832306 0.229825437068939 0.226484164595604 0.234108179807663 0.247580707073212 0.257500171661377 0.281525313854218 0.294749319553375 0.288069128990173 0.294267117977142 0.318918466567993 0.32874470949173 0.321073621511459 0.307249814271927 0.296113938093185 0.298980623483658 0.311726093292236 0.318392217159271 0.32552370429039 0.338997304439545 0.347120821475983 0.35329270362854 0.366710811853409 0.376608312129974 0.364763855934143 0.333200395107269
0.229894086718559 0.228540852665901 0.22749850153923 0.225737407803535 0.216777324676514 0.226724624633789 0.250250965356827 0.245789244771004 0.238099083304405 0.245492145419121 0.245618656277657 0.250582844018936 0.256711065769196 0.245998874306679 0.244138702750206 0.229400783777237 0.210669934749603 0.20675328373909 0.211079433560371 0.231960266828537 0.251979917287827 0.251358866691589 0.264708399772644 0.27317476272583 0.281050175428391 0.310580343008041 0.317656755447388 0.309735149145126 0.310462415218353 0.32451406121254 0.328546851873398 0.320888072252274 0.312785774469376 0.295765161514282 0.30566331744194 0.324588030576706 0.319933176040649 0.316156029701233 0.33581930398941 0.353144139051437 0.347036868333817 0.355337679386139 0.36479663848877 0.362853020429611 0.348624348640442
0.22799713909626 0.226820096373558 0.228280037641525 0.226148933172226 0.221475303173065 0.220310628414154 0.237725436687469 0.249149739742279 0.23771707713604 0.248064592480659 0.261366993188858 0.250283151865005 0.245056644082069 0.230073243379593 0.219128876924515 0.223826989531517 0.213450476527214 0.212205693125725 0.225537464022636 0.253239691257477 0.266744017601013 0.266611665487289 0.276062607765198 0.278549820184708 0.301404774188995 0.32576510310173 0.308946877717972 0.311838120222092 0.324120163917542 0.321164906024933 0.308776378631592 0.306416362524033 0.312565237283707 0.304474294185638 0.307658642530441 0.316269904375076 0.305634081363678 0.295688807964325 0.310645759105682 0.330198377370834 0.322144657373428 0.315852075815201 0.329214662313461 0.34738877415657 0.349793404340744
0.226322025060654 0.227035388350487 0.229173764586449 0.233247116208076 0.232989683747292 0.224986582994461 0.223138600587845 0.239563345909119 0.24683390557766 0.250956326723099 0.249080091714859 0.234402433037758 0.237841427326202 0.22222101688385 0.213907018303871 0.231203839182854 0.220282852649689 0.228241443634033 0.260525077581406 0.278558313846588 0.29029855132103 0.294371008872986 0.301706731319427 0.300437778234482 0.323712527751923 0.327788978815079 0.296804457902908 0.315661072731018 0.336220234632492 0.324270099401474 0.305017381906509 0.303398936986923 0.314793884754181 0.311650931835175 0.299460381269455 0.311292409896851 0.311447024345398 0.292627930641174 0.287165820598602 0.307341873645782 0.313472867012024 0.293090015649796 0.306935966014862 0.338963776826859 0.341872811317444
0.228164032101631 0.229204833507538 0.231866747140884 0.235168069601059 0.237600967288017 0.236629709601402 0.232998862862587 0.245654344558716 0.256005823612213 0.243644177913666 0.226787149906158 0.216471195220947 0.223236426711082 0.219776079058647 0.218476384878159 0.23185296356678 0.225418612360954 0.256937086582184 0.2938212454319 0.297640413045883 0.311367452144623 0.317827165126801 0.318500965833664 0.323231756687164 0.330743074417114 0.331252843141556 0.315712749958038 0.328969895839691 0.349763065576553 0.340806633234024 0.319521456956863 0.322537124156952 0.312836885452271 0.302543699741364 0.295853048563004 0.306767493486404 0.313586294651031 0.295381665229797 0.276938885450363 0.280084490776062 0.288199424743652 0.290068656206131 0.300689846277237 0.320791631937027 0.326964616775513
0.232124850153923 0.242426067590714 0.246170416474342 0.236535981297493 0.237783953547478 0.244107902050018 0.23639839887619 0.246055662631989 0.253786772489548 0.243948042392731 0.242310121655464 0.216335356235504 0.20081652700901 0.210439845919609 0.222430542111397 0.245199590921402 0.258531659841537 0.277068048715591 0.294632077217102 0.304296225309372 0.317612111568451 0.318230956792831 0.320982545614243 0.333666026592255 0.333918333053589 0.352904766798019 0.353973656892776 0.344266623258591 0.360942751169205 0.353222131729126 0.337131828069687 0.338958740234375 0.316897928714752 0.305550932884216 0.302137941122055 0.292353808879852 0.290893703699112 0.277232617139816 0.26917564868927 0.276513963937759 0.273135304450989 0.277361065149307 0.292378813028336 0.304055154323578 0.300909131765366
0.240234822034836 0.249296844005585 0.253582149744034 0.241073027253151 0.232218027114868 0.2313262373209 0.224274083971977 0.227568447589874 0.229182556271553 0.224063873291016 0.231864273548126 0.213077887892723 0.19783778488636 0.222974345088005 0.250147461891174 0.273639380931854 0.279110223054886 0.280577749013901 0.287620723247528 0.30412220954895 0.322758883237839 0.325257152318954 0.328533232212067 0.337401419878006 0.346356838941574 0.37357634305954 0.374353677034378 0.359999597072601 0.368895053863525 0.357259213924408 0.356696337461472 0.35824653506279 0.330062747001648 0.315292239189148 0.301415741443634 0.280003279447556 0.269120246171951 0.27171403169632 0.282384395599365 0.289547801017761 0.286510199308395 0.274785697460175 0.282716989517212 0.291316658258438 0.281504362821579
0.238825500011444 0.242518976330757 0.246820330619812 0.243695065379143 0.239184185862541 0.238689675927162 0.237985327839851 0.221228063106537 0.207256466150284 0.202171117067337 0.206208929419518 0.228341951966286 0.236726596951485 0.246667996048927 0.264560490846634 0.290189683437347 0.294678270816803 0.294329077005386 0.301193863153458 0.320070177316666 0.343670278787613 0.347781300544739 0.347141474485397 0.351983666419983 0.363451600074768 0.378208488225937 0.378376722335815 0.377992272377014 0.378276586532593 0.369398683309555 0.377600699663162 0.369353741407394 0.333077788352966 0.31623700261116 0.296536922454834 0.267734616994858 0.257805407047272 0.276090085506439 0.292201042175293 0.29618775844574 0.292735457420349 0.280436158180237 0.276043713092804 0.284591555595398 0.285653978586197
0.238658830523491 0.236480429768562 0.241189107298851 0.25076612830162 0.251763761043549 0.236892357468605 0.232868790626526 0.226514145731926 0.20752440392971 0.210830807685852 0.224527463316917 0.24069119989872 0.260686844587326 0.261264562606812 0.278402984142303 0.308939069509506 0.311309695243835 0.31163689494133 0.331430703401566 0.344542026519775 0.362969487905502 0.369780749082565 0.36628583073616 0.371450930833817 0.374534428119659 0.37250155210495 0.367128878831863 0.373980760574341 0.378364145755768 0.380600869655609 0.38366624712944 0.37362065911293 0.337270647287369 0.310605317354202 0.298599720001221 0.277341604232788 0.271163731813431 0.284455716609955 0.281859338283539 0.275683552026749 0.281864047050476 0.289395183324814 0.28161895275116 0.280416518449783 0.28802153468132
0.237063735723495 0.231182590126991 0.239475503563881 0.251990675926208 0.252345353364944 0.22984679043293 0.219873189926147 0.214793875813484 0.19848096370697 0.212283372879028 0.233179003000259 0.244748815894127 0.274515509605408 0.299932539463043 0.316039621829987 0.325623989105225 0.321684777736664 0.334741622209549 0.355777382850647 0.360386282205582 0.372767210006714 0.366842716932297 0.358930140733719 0.369371175765991 0.367566049098969 0.352556377649307 0.34458789229393 0.354703009128571 0.353477120399475 0.36031910777092 0.37117737531662 0.370630264282227 0.348015934228897 0.320568323135376 0.313384920358658 0.290810197591782 0.275204360485077 0.27644619345665 0.269781559705734 0.26229789853096 0.275626718997955 0.291807681322098 0.287077784538269 0.277508109807968 0.285551816225052
0.23297107219696 0.228304401040077 0.241198375821114 0.244553536176682 0.233793988823891 0.216692507266998 0.206859573721886 0.206975236535072 0.211776167154312 0.222593247890472 0.247213318943977 0.270304620265961 0.29454779624939 0.303766250610352 0.336536288261414 0.354863196611404 0.344085186719894 0.360099643468857 0.372651159763336 0.368346780538559 0.364313095808029 0.349763989448547 0.34392186999321 0.355071544647217 0.346986502408981 0.335604250431061 0.336182832717896 0.341462284326553 0.323175728321075 0.339713841676712 0.362600445747375 0.364542156457901 0.360264748334885 0.34714075922966 0.328802198171616 0.303077071905136 0.27564150094986 0.271333545446396 0.277005970478058 0.275995552539825 0.281425952911377 0.289910674095154 0.289320945739746 0.284019231796265 0.285821616649628
