data/1_raw/trimmed_ndre/Aes_ndre.73.2009_no_clouds.asc
NCOLS 109 
NROWS 101 
XLLCORNER 466110 
YLLCORNER 5182005 
CELLSIZE 5 
NODATA_value -3.4e+38 
[rows 20 to 39 of 101, columns 45 to 89 of 109]
-3.4e+38 -3.4e+38 -3.4e+38 -3.4e+38 -3.4e+38 -3.4e+38 -3.4e+38 -3.4e+38 0.361017823219299 0.34894934296608 0.352398276329041 0.386448591947556 0.363095015287399 0.282207190990448 0.214201584458351 0.162731170654297 0.133006915450096 0.147289931774139 0.154725536704063 0.140675127506256 0.130501672625542 0.118196599185467 0.121771097183228 0.140564143657684 0.152419522404671 0.149187222123146 0.158202603459358 0.144143372774124 0.130493760108948 0.136384844779968 0.134881407022476 0.140755832195282 0.136126548051834 0.131893634796143 0.14161217212677 0.139655739068985 0.13624581694603 0.125527411699295 0.130421698093414 0.124800473451614 0.114778809249401 0.122071698307991 -3.4e+38 -3.4e+38 -3.4e+38
-3.4e+38 -3.4e+38 -3.4e+38 -3.4e+38 -3.4e+38 -3.4e+38 -3.4e+38 0.34503909945488 0.365047812461853 0.395216673612595 0.364058285951614 0.308069556951523 0.233488008379936 0.155247643589973 0.136691033840179 0.150714069604874 0.139056786894798 0.134611383080482 0.147480964660645 0.136477142572403 0.141120716929436 0.138403058052063 0.127177610993385 0.143097937107086 0.162175863981247 0.164993301033974 0.172213241457939 0.154585912823677 0.170443385839462 0.19893316924572 0.186513453722 0.183588981628418 0.17914554476738 0.154258459806442 0.157630443572998 0.141599759459496 0.120959892868996 0.128059595823288 0.165224075317383 0.141320407390594 0.112774468958378 0.124436892569065 0.145800337195396 -3.4e+38 -3.4e+38
-3.4e+38 -3.4e+38 -3.4e+38 -3.4e+38 -3.4e+38 0.370833337306976 0.343847244977951 0.371334999799728 0.399629443883896 0.368163853883743 0.288173794746399 0.199612706899643 0.157706394791603 0.119338676333427 0.125454932451248 0.154901921749115 0.150892347097397 0.131349831819534 0.128791317343712 0.146307483315468 0.146331399679184 0.150218397378922 0.150873735547066 0.146260246634483 0.15289081633091 0.174652829766273 0.217022210359573 0.253935128450394 0.300041079521179 0.347638964653015 0.338166415691376 0.311661720275879 0.282596498727798 0.239773362874985 0.189532324671745 0.145349442958832 0.109138369560242 0.104910708963871 0.13660529255867 0.132136315107346 0.124450363218784 0.133710011839867 0.144051477313042 -3.4e+38 -3.4e+38
-3.4e+38 -3.4e+38 0.430992215871811 0.387531906366348 0.367952436208725 0.36934295296669 0.404499530792236 0.402699410915375 0.341169983148575 0.258199125528336 0.184771656990051 0.150965765118599 0.144894450902939 0.131556406617165 0.133683264255524 0.15364345908165 0.157897561788559 0.14084792137146 0.133743092417717 0.136234477162361 0.135359957814217 0.144517242908478 0.144636303186417 0.136625573039055 0.158334881067276 0.229728281497955 0.342042803764343 0.413430482149124 0.433655589818954 0.462234556674957 0.482345730066299 0.475891560316086 0.442105650901794 0.384120255708694 0.298103362321854 0.218532472848892 0.160194396972656 0.132575571537018 0.130786687135696 0.13501550257206 0.128548607230186 0.131332397460938 0.142394557595253 0.15555377304554 -3.4e+38
0.422112762928009 0.373952150344849 0.348782956600189 0.34439218044281 0.362349301576614 0.399279206991196 0.399243265390396 0.310908406972885 0.228684052824974 0.19431383907795 0.158069893717766 0.136467233300209 0.140151694417 0.141495168209076 0.140056788921356 0.146440297365189 0.161054193973541 0.157513961195946 0.137195065617561 0.139691784977913 0.162893280386925 0.15540999174118 0.153973937034607 0.199852153658867 0.27042281627655 0.360247731208801 0.467245668172836 0.522255837917328 0.507299721240997 0.509470343589783 0.525675177574158 0.54318767786026 0.528061628341675 0.493952482938766 0.434115439653397 0.331551820039749 0.225007504224777 0.169990196824074 0.134974434971809 0.119883619248867 0.118893653154373 0.121879078447819 0.157963633537292 0.223032578825951 -3.4e+38
0.337117075920105 0.324418216943741 0.360921829938889 0.404493808746338 0.399006128311157 0.353856921195984 0.29236102104187 0.200557261705399 0.158963695168495 0.170912325382233 0.148470133543015 0.136829152703285 0.137694925069809 0.14087176322937 0.140554338693619 0.140635639429092 0.151656210422516 0.154577523469925 0.14283849298954 0.150935769081116 0.186449140310287 0.207874953746796 0.236197575926781 0.302138477563858 0.38511061668396 0.448530375957489 0.49146631360054 0.507319271564484 0.491484731435776 0.492080897092819 0.510576784610748 0.534100592136383 0.534517586231232 0.51593142747879 0.476189285516739 0.365049630403519 0.244076803326607 0.188363641500473 0.164658516645432 0.147954702377319 0.144457042217255 0.153205305337906 0.211683481931686 0.313545167446136 0.355677932500839
0.32911217212677 0.382410526275635 0.422576725482941 0.395876944065094 0.322505265474319 0.254500061273575 0.208033055067062 0.177070140838623 0.132741391658783 0.128063768148422 0.14494788646698 0.150347292423248 0.142980337142944 0.136718884110451 0.13727094233036 0.133055418729782 0.139316394925117 0.153262242674828 0.167502209544182 0.185560986399651 0.238108113408089 0.296848326921463 0.335471510887146 0.393388569355011 0.459664076566696 0.494449973106384 0.509341716766357 0.527058720588684 0.508797883987427 0.494274705648422 0.506144940853119 0.544197142124176 0.551863133907318 0.51784211397171 0.44984033703804 0.34135302901268 0.250739008188248 0.21821129322052 0.218476369976997 0.22582420706749 0.240983262658119 0.259789526462555 0.323474168777466 0.362068146467209 0.380342870950699
0.386295437812805 0.404608517885208 0.369016736745834 0.285621643066406 0.222859144210815 0.183592036366463 0.157650515437126 0.145394280552864 0.121656760573387 0.116519913077354 0.157158255577087 0.168942779302597 0.158159047365189 0.141023963689804 0.134795635938644 0.14657436311245 0.151009380817413 0.178611144423485 0.225762203335762 0.256924659013748 0.335940062999725 0.398478835821152 0.425475031137466 0.468942373991013 0.51889955997467 0.532863736152649 0.521454811096191 0.526963293552399 0.526804149150848 0.495993137359619 0.481392621994019 0.546700537204742 0.571709036827087 0.500460982322693 0.410096079111099 0.340477675199509 0.273955464363098 0.266112923622131 0.2999447286129 0.337261229753494 0.380510717630386 0.413547068834305 0.436943739652634 0.447518557310104 0.428290754556656
0.383909434080124 0.348701000213623 0.270262032747269 0.211730197072029 0.184915825724602 0.159258916974068 0.132726833224297 0.123904101550579 0.135310962796211 0.137510344386101 0.143040716648102 0.151088386774063 0.152489379048347 0.15557236969471 0.147864356637001 0.156030163168907 0.175488859415054 0.24030402302742 0.313982605934143 0.347552120685577 0.406714230775833 0.45400995016098 0.469191610813141 0.497073322534561 0.524937033653259 0.528089880943298 0.495617121458054 0.478466093540192 0.48961079120636 0.502711117267609 0.523827970027924 0.57054615020752 0.5682652592659 0.505887985229492 0.42084214091301 0.380696624517441 0.342921495437622 0.365915775299072 0.42972120642662 0.470864355564117 0.484087407588959 0.510437607765198 0.53154981136322 0.528206825256348 0.467863917350769
0.332925885915756 0.281489968299866 0.211628541350365 0.156631544232368 0.141922175884247 0.135551586747169 0.137842193245888 0.131789416074753 0.141488090157509 0.150641173124313 0.129771113395691 0.124808453023434 0.145265474915504 0.168341964483261 0.170564576983452 0.184716284275055 0.240121021866798 0.337952792644501 0.409852564334869 0.42841899394989 0.441617041826248 0.470517605543137 0.50068062543869 0.521378695964813 0.528278648853302 0.528266608715057 0.502053916454315 0.477934628725052 0.484725654125214 0.525288343429565 0.561271905899048 0.569574892520905 0.568837642669678 0.557919204235077 0.504621624946594 0.471317529678345 0.471206456422806 0.494776874780655 0.533932447433472 0.548324584960938 0.54059910774231 0.575067341327667 0.571800947189331 0.520801186561584 0.469235718250275
0.265817880630493 0.207525849342346 0.167056635022163 0.129528284072876 0.129026606678963 0.141693890094757 0.145311653614044 0.134128823876381 0.137244865298271 0.143881812691689 0.148796617984772 0.153926983475685 0.157815352082253 0.184738382697105 0.212128311395645 0.280201375484467 0.369452834129333 0.443485409021378 0.46599668264389 0.465024918317795 0.475688099861145 0.504840075969696 0.528791725635529 0.537840366363525 0.541482627391815 0.547083616256714 0.526592493057251 0.508812546730042 0.516679227352142 0.53986930847168 0.55970162153244 0.572947323322296 0.590229392051697 0.610662758350372 0.574135839939117 0.551289439201355 0.570619821548462 0.556820392608643 0.559032022953033 0.570985794067383 0.570210099220276 0.579034507274628 0.542933225631714 0.491705983877182 0.472506135702133
0.189790993928909 0.162057533860207 0.150739699602127 0.12787190079689 0.14594866335392 0.15571653842926 0.139978304505348 0.140554904937744 0.133733689785004 0.142619475722313 0.169016033411026 0.166579887270927 0.159342214465141 0.223414614796638 0.313405811786652 0.39848381280899 0.477145344018936 0.488842934370041 0.471939653158188 0.485616624355316 0.517535090446472 0.541197896003723 0.543654322624207 0.535910189151764 0.536261916160583 0.536681592464447 0.511189460754395 0.510347068309784 0.525112688541412 0.542298793792725 0.566861569881439 0.583211719989777 0.601419448852539 0.617381870746613 0.592484772205353 0.577018737792969 0.577941536903381 0.556778013706207 0.546174705028534 0.547342598438263 0.541462123394012 0.517292559146881 0.497671633958817 0.509265661239624 0.518342971801758
0.15899595618248 0.150247827172279 0.149073734879494 0.137352019548416 0.142910182476044 0.155516535043716 0.144723534584045 0.132432013750076 0.134639099240303 0.150653079152107 0.165805861353874 0.170852974057198 0.197529405355453 0.308787107467651 0.434928357601166 0.469250082969666 0.516215205192566 0.52305006980896 0.501146197319031 0.51484876871109 0.541853010654449 0.554051756858826 0.547030925750732 0.536287903785706 0.521298825740814 0.513978779315948 0.504722774028778 0.498591750860214 0.516811966896057 0.554260611534119 0.580159187316895 0.595224499702454 0.609863221645355 0.61080926656723 0.584100544452667 0.552882313728333 0.534530520439148 0.5193852186203 0.509478211402893 0.484353452920914 0.475133657455444 0.469986081123352 0.468761056661606 0.507569789886475 0.535900294780731
0.156571790575981 0.155171245336533 0.160578340291977 0.137235209345818 0.119658038020134 0.154679045081139 0.14699150621891 0.130084052681923 0.14312307536602 0.150543615221977 0.172911137342453 0.23687145113945 0.318013668060303 0.427433580160141 0.506670892238617 0.513827264308929 0.550811111927032 0.548275351524353 0.529232144355774 0.533579587936401 0.537369430065155 0.544514298439026 0.548386335372925 0.545282959938049 0.522915303707123 0.514913856983185 0.521600186824799 0.513680875301361 0.509625792503357 0.545330286026001 0.581991791725159 0.593957185745239 0.600617170333862 0.606150448322296 0.575677931308746 0.49848085641861 0.466541647911072 0.461104065179825 0.435446500778198 0.399028033018112 0.386121571063995 0.396241098642349 0.434434711933136 0.487438768148422 0.525348901748657
0.152683183550835 0.159957066178322 0.152083203196526 0.133028253912926 0.122396372258663 0.148586824536324 0.153442695736885 0.148883983492851 0.175542280077934 0.193082466721535 0.230942636728287 0.341876298189163 0.464464962482452 0.515754699707031 0.550264596939087 0.554087281227112 0.562330365180969 0.545344531536102 0.540843486785889 0.543346643447876 0.540102541446686 0.537528932094574 0.550842046737671 0.559598386287689 0.540367364883423 0.528141617774963 0.524346649646759 0.5238077044487 0.522322773933411 0.565750658512115 0.587131321430206 0.575664520263672 0.593768179416656 0.597294449806213 0.531463325023651 0.43598997592926 0.422633141279221 0.432362169027328 0.374304115772247 0.302777320146561 0.311945587396622 0.348498165607452 0.429965704679489 0.507701754570007 0.550378084182739
0.142463877797127 0.149108901619911 0.127565965056419 0.141172826290131 0.154554307460785 0.155298203229904 0.150896519422531 0.14968141913414 0.202069282531738 0.27117708325386 0.334991306066513 0.426353335380554 0.50540155172348 0.521564602851868 0.547555446624756 0.558163404464722 0.553841471672058 0.54002970457077 0.545986115932465 0.550428569316864 0.536603093147278 0.527387619018555 0.546961784362793 0.556076109409332 0.538805305957794 0.53573739528656 0.528963148593903 0.535914361476898 0.558613777160645 0.588287055492401 0.590320765972137 0.564292907714844 0.568008542060852 0.559408783912659 0.502733945846558 0.433798968791962 0.409727394580841 0.40208625793457 0.321675509214401 0.250250816345215 0.282630503177643 0.332320600748062 0.395984411239624 0.454541504383087 0.497435450553894
0.151894062757492 0.146433413028717 0.1324103474617 0.151979222893715 0.154637172818184 0.143198326230049 0.15597577393055 0.180589005351067 0.269229918718338 0.392508208751678 0.451088517904282 0.481682777404785 0.522793829441071 0.532394528388977 0.532409250736237 0.543331682682037 0.566498875617981 0.576572060585022 0.562541127204895 0.549818575382233 0.532150745391846 0.524621784687042 0.541478276252747 0.546522557735443 0.541964590549469 0.544157266616821 0.538433730602264 0.555207252502441 0.573564291000366 0.575409054756165 0.582669734954834 0.559215426445007 0.53578770160675 0.528829276561737 0.513038754463196 0.478813588619232 0.425537198781967 0.366307973861694 0.284497708082199 0.239580363035202 0.264628201723099 0.308801174163818 0.342173904180527 0.384914666414261 0.444465428590775
0.151432737708092 0.164982303977013 0.154381990432739 0.137748166918755 0.155043184757233 0.167890086770058 0.208419725298882 0.28704896569252 0.389717727899551 0.478318274021149 0.516996085643768 0.503278791904449 0.539099872112274 0.561020851135254 0.54375296831131 0.537777483463287 0.553645014762878 0.572532176971436 0.564331233501434 0.556041121482849 0.538808882236481 0.535196781158447 0.551408052444458 0.553570568561554 0.554793298244476 0.551514327526093 0.543994009494781 0.55799400806427 0.572306275367737 0.57494592666626 0.590248346328735 0.57485419511795 0.541589558124542 0.517897427082062 0.502157926559448 0.477741003036499 0.406465977430344 0.32972925901413 0.266579866409302 0.233048871159554 0.251357167959213 0.29119411110878 0.312683671712875 0.340741872787476 0.390452653169632
0.14103664457798 0.159539192914963 0.155268669128418 0.143126577138901 0.165070831775665 0.194613367319107 0.275843948125839 0.384073793888092 0.452255576848984 0.485505223274231 0.510518550872803 0.52335250377655 0.550851941108704 0.559804499149323 0.55349862575531 0.553426861763 0.552845180034637 0.562098264694214 0.570205807685852 0.561783134937286 0.549951374530792 0.555084466934204 0.566745936870575 0.561929404735565 0.563497245311737 0.549661457538605 0.541442692279816 0.557921290397644 0.567628502845764 0.579230725765228 0.596376597881317 0.592041671276093 0.563552260398865 0.550266563892365 0.531953513622284 0.482681632041931 0.388846188783646 0.304091691970825 0.264012515544891 0.254823833703995 0.263393551111221 0.28424346446991 0.292863070964813 0.29464316368103 0.315810978412628
0.140086933970451 0.156501695513725 0.162541031837463 0.158861264586449 0.182424902915955 0.253850311040878 0.351234257221222 0.441957294940948 0.476865828037262 0.477925926446915 0.5206698179245 0.557717025279999 0.558819949626923 0.558958172798157 0.559996843338013 0.565383195877075 0.561778008937836 0.565950393676758 0.573364317417145 0.564421713352203 0.549997866153717 0.556582808494568 0.560573637485504 0.551782965660095 0.5500128865242 0.536976873874664 0.529579639434814 0.546875298023224 0.562725722789764 0.581009268760681 0.590139508247375 0.582846105098724 0.564169108867645 0.570782542228699 0.556847393512726 0.497436761856079 0.409622699022293 0.311791211366653 0.280657470226288 0.294948786497116 0.287369102239609 0.277413159608841 0.282237023115158 0.289380759000778 0.29446542263031
