data/1_raw/trimmed_ndre/Aes_ndre.712.2010_no_clouds.asc
NCOLS 109 
NROWS 101 
XLLCORNER 466110 
YLLCORNER 5182005 
CELLSIZE 5 
NODATA_value -3.4e+38 
[rows 60 to 79 of 101, columns 45 to 89 of 109]
0.373809427022934 0.386130154132843 0.381558865308762 0.369023829698563 0.348224461078644 0.322296470403671 0.328016370534897 0.350657284259796 0.363963603973389 0.364189922809601 0.38882640004158 0.400371462106705 0.40097913146019 0.432875275611877 0.457226037979126 0.443883985280991 0.415294349193573 0.409335106611252 0.372265189886093 0.352636575698853 0.354576349258423 0.329052954912186 0.28901007771492 0.273196756839752 0.291105419397354 0.291385024785995 0.295147448778152 0.311172366142273 0.310367316007614 0.305981606245041 0.296657383441925 0.298096597194672 0.313356280326843 0.294627636671066 0.284022271633148 0.301108479499817 0.310971647500992 0.30572721362114 0.308476448059082 0.317891269922256 0.327894747257233 0.327218502759933 0.32395476102829 0.328899770975113 0.346989154815674
0.371390014886856 0.381795227527618 0.362799644470215 0.335948377847672 0.330356687307358 0.334203213453293 0.346579760313034 0.359134793281555 0.362285733222961 0.36184749007225 0.386857867240906 0.395717263221741 0.402435779571533 0.424449980258942 0.441022872924805 0.430981785058975 0.4087233543396 0.415197163820267 0.390413403511047 0.367242306470871 0.355235159397125 0.325008034706116 0.311545073986053 0.304280787706375 0.297513723373413 0.288177102804184 0.299432545900345 0.304210305213928 0.31459242105484 0.330817401409149 0.309912592172623 0.301269471645355 0.312140077352524 0.293329894542694 0.286074429750443 0.302219271659851 0.312582284212112 0.30523955821991 0.303859204053879 0.31102243065834 0.325636059045792 0.339869618415833 0.335043668746948 0.329675436019897 0.335709929466248
0.370773434638977 0.375638425350189 0.353282332420349 0.326404392719269 0.335633635520935 0.346696346998215 0.34307062625885 0.334388703107834 0.34722051024437 0.364472657442093 0.376988470554352 0.382751017808914 0.38424414396286 0.397594302892685 0.416318207979202 0.418736279010773 0.414873450994492 0.405112892389297 0.39031594991684 0.377172470092773 0.365570366382599 0.349447548389435 0.346478790044785 0.336465388536453 0.316357553005219 0.3032006919384 0.321031838655472 0.324904501438141 0.330835938453674 0.337932586669922 0.323634654283524 0.299253731966019 0.288544952869415 0.278531491756439 0.27326038479805 0.295295417308807 0.309896945953369 0.29876646399498 0.295465916395187 0.305847853422165 0.327616453170776 0.341481447219849 0.330936461687088 0.322874635457993 0.325757801532745
0.381939888000488 0.392341613769531 0.371639728546143 0.334373027086258 0.346863836050034 0.35107833147049 0.3558449447155 0.354480803012848 0.352722644805908 0.358999133110046 0.364337742328644 0.367721915245056 0.364517986774445 0.360805481672287 0.380801051855087 0.405719131231308 0.419312953948975 0.419357389211655 0.407747864723206 0.392606735229492 0.387918680906296 0.389968514442444 0.383781462907791 0.355392843484879 0.337280571460724 0.344733506441116 0.356826037168503 0.350408166646957 0.342337638139725 0.338974803686142 0.340240836143494 0.327495217323303 0.296365886926651 0.278755336999893 0.274594277143478 0.298750847578049 0.308653742074966 0.293323487043381 0.29136261343956 0.311600655317307 0.322433918714523 0.32004502415657 0.31594106554985 0.322175592184067 0.332117974758148
0.381088376045227 0.403779864311218 0.389867067337036 0.349445283412933 0.338196754455566 0.328885018825531 0.342124700546265 0.347764879465103 0.338016211986542 0.348233699798584 0.350722223520279 0.348804205656052 0.339904218912125 0.313847750425339 0.346803665161133 0.403032690286636 0.417289912700653 0.429223328828812 0.427403539419174 0.41359731554985 0.412526249885559 0.4176926612854 0.405953884124756 0.376737356185913 0.366869956254959 0.376578360795975 0.381199836730957 0.363191902637482 0.348656088113785 0.327756106853485 0.32400044798851 0.335799008607864 0.31025817990303 0.283291846513748 0.284352213144302 0.301662802696228 0.298607230186462 0.282814711332321 0.291148841381073 0.318488150835037 0.314026176929474 0.305513888597488 0.319608896970749 0.330482959747314 0.332466691732407
0.395870000123978 0.400035113096237 0.387323766946793 0.357127338647842 0.337092846632004 0.329124718904495 0.334267407655716 0.323801845312119 0.319882154464722 0.335585325956345 0.332521229982376 0.327433526515961 0.312728494405746 0.28431499004364 0.323292702436447 0.379435688257217 0.39605838060379 0.417340397834778 0.445168256759644 0.440732896327972 0.423453688621521 0.431319952011108 0.422483563423157 0.398664534091949 0.387107402086258 0.392770409584045 0.388408660888672 0.363047242164612 0.339948326349258 0.322371602058411 0.306430578231812 0.3038010597229 0.295171529054642 0.27645942568779 0.282366931438446 0.303363889455795 0.297589004039764 0.29434534907341 0.301903545856476 0.313631355762482 0.308775514364243 0.316892206668854 0.327483296394348 0.318161725997925 0.313260316848755
0.39890518784523 0.391807109117508 0.376679748296738 0.343281239271164 0.325402170419693 0.325066268444061 0.325441867113113 0.309833228588104 0.305145591497421 0.315661936998367 0.316226124763489 0.310151159763336 0.284522920846939 0.270720839500427 0.302161395549774 0.324488878250122 0.344779402017593 0.377474069595337 0.415559649467468 0.425472617149353 0.415573358535767 0.427839726209641 0.421807557344437 0.402307122945786 0.386519819498062 0.386796951293945 0.380688846111298 0.3546402156353 0.328446894884109 0.317175567150116 0.301341563463211 0.288666933774948 0.289672017097473 0.285761624574661 0.296136319637299 0.312418431043625 0.309696227312088 0.312219470739365 0.308048009872437 0.30367973446846 0.309988141059875 0.322706192731857 0.319898128509521 0.306102782487869 0.316253244876862
0.402253210544586 0.395481765270233 0.369517207145691 0.339667052030563 0.334471076726913 0.319466292858124 0.296767920255661 0.291718751192093 0.299258053302765 0.296867787837982 0.286592334508896 0.29789400100708 0.277153939008713 0.25907301902771 0.275089800357819 0.277295917272568 0.283869415521622 0.322050273418427 0.363423377275467 0.365375399589539 0.362598359584808 0.375806897878647 0.384929776191711 0.381725311279297 0.371101051568985 0.364025682210922 0.352667510509491 0.340390533208847 0.323836088180542 0.311934739351273 0.308352738618851 0.29074427485466 0.289214849472046 0.298347353935242 0.300018519163132 0.309036731719971 0.313570916652679 0.319803386926651 0.309762865304947 0.306189298629761 0.318568170070648 0.320614516735077 0.312774270772934 0.313061714172363 0.327068507671356
0.415942549705505 0.409621983766556 0.371241241693497 0.337084412574768 0.3288713991642 0.318956077098846 0.295718669891357 0.286906659603119 0.291117042303085 0.285872220993042 0.286352425813675 0.302005976438522 0.268025755882263 0.246048748493195 0.249315455555916 0.253703445196152 0.262374520301819 0.290209412574768 0.309242844581604 0.290509670972824 0.28877067565918 0.30532693862915 0.327549934387207 0.335977435112 0.329633921384811 0.316839128732681 0.311890065670013 0.3212511241436 0.319929331541061 0.310274630784988 0.301441222429276 0.274306178092957 0.271870344877243 0.29074290394783 0.299960911273956 0.311237663030624 0.316334992647171 0.319297105073929 0.313686907291412 0.312979459762573 0.310731887817383 0.305804461240768 0.303162634372711 0.314432770013809 0.322999507188797
0.420763164758682 0.423548430204391 0.391731411218643 0.344867438077927 0.326355904340744 0.318239152431488 0.302239418029785 0.29314649105072 0.296955853700638 0.286833971738815 0.292426317930222 0.290113836526871 0.262654781341553 0.259277820587158 0.256222158670425 0.248539566993713 0.251002222299576 0.263892710208893 0.263342052698135 0.251014351844788 0.25401508808136 0.267577618360519 0.278697848320007 0.285758793354034 0.285301119089127 0.281736999750137 0.292215675115585 0.311582118272781 0.308935314416885 0.29271987080574 0.272296339273453 0.253735572099686 0.265477180480957 0.288771003484726 0.301098704338074 0.304508537054062 0.309458136558533 0.315234452486038 0.317252278327942 0.315683454275131 0.303689211606979 0.29900923371315 0.306744605302811 0.317764788866043 0.314505964517593
0.41949400305748 0.413257867097855 0.394364595413208 0.367445558309555 0.343418210744858 0.330655455589294 0.31162166595459 0.305521070957184 0.296296626329422 0.277195006608963 0.280621349811554 0.281733721494675 0.272700548171997 0.267842978239059 0.257627040147781 0.243329495191574 0.235664993524551 0.247296050190926 0.25048366189003 0.245279923081398 0.248486086726189 0.247728943824768 0.252420336008072 0.262156426906586 0.270990669727325 0.274979203939438 0.282945573329926 0.290701389312744 0.283925980329514 0.269286543130875 0.251573592424393 0.247231468558311 0.267963498830795 0.277019113302231 0.283643573522568 0.28767392039299 0.295940220355988 0.310520440340042 0.319494485855103 0.320869565010071 0.309337139129639 0.308665871620178 0.320368975400925 0.325985670089722 0.317096322774887
0.417168796062469 0.410905033349991 0.400823950767517 0.390236437320709 0.366277426481247 0.347774624824524 0.332719177007675 0.315332770347595 0.2947998046875 0.276147484779358 0.273406326770782 0.269072651863098 0.256253093481064 0.251167327165604 0.254768460988998 0.257499247789383 0.254111349582672 0.251399904489517 0.250294089317322 0.239155203104019 0.240394875407219 0.25018721818924 0.253650188446045 0.264840334653854 0.276247531175613 0.272477746009827 0.268203616142273 0.264081209897995 0.264894753694534 0.269592046737671 0.257536947727203 0.255371063947678 0.26805317401886 0.261042982339859 0.26800274848938 0.285125494003296 0.298845320940018 0.313411474227905 0.322644174098969 0.322832047939301 0.317847371101379 0.320279687643051 0.329085320234299 0.3315289914608 0.323093444108963
0.389805883169174 0.39950880408287 0.399824857711792 0.395526796579361 0.369088113307953 0.354703575372696 0.35135206580162 0.330875664949417 0.305913150310516 0.286923378705978 0.277156233787537 0.270895749330521 0.258742809295654 0.25678026676178 0.265667855739594 0.264007061719894 0.256735980510712 0.246705144643784 0.250135332345963 0.247563555836678 0.251137733459473 0.267770051956177 0.265811413526535 0.265584200620651 0.267099589109421 0.264211148023605 0.263246089220047 0.254921078681946 0.263556450605392 0.279811143875122 0.265116840600967 0.265498459339142 0.272418200969696 0.263014614582062 0.270896315574646 0.288781076669693 0.303660750389099 0.31158921122551 0.318111151456833 0.319749474525452 0.321933835744858 0.326243788003922 0.326530396938324 0.323027342557907 0.318118125200272
0.358012825250626 0.376444756984711 0.393761187791824 0.393117636442184 0.380761206150055 0.370384931564331 0.361138641834259 0.34293395280838 0.320536226034164 0.301349639892578 0.289605498313904 0.28184449672699 0.273549944162369 0.271312713623047 0.268746763467789 0.256008058786392 0.256554871797562 0.260377496480942 0.266504853963852 0.269336104393005 0.262147068977356 0.25909361243248 0.259082347154617 0.259971976280212 0.269954413175583 0.275523096323013 0.272153109312057 0.265273541212082 0.270486921072006 0.282976180315018 0.278191745281219 0.278307169675827 0.276208519935608 0.273128569126129 0.281972765922546 0.294493615627289 0.299245655536652 0.300649136304855 0.30473005771637 0.312462121248245 0.319704741239548 0.323462426662445 0.31544953584671 0.312405645847321 0.311607420444489
0.348326593637466 0.367806941270828 0.388681769371033 0.40459418296814 0.405301332473755 0.385186970233917 0.368239849805832 0.349847406148911 0.327511161565781 0.314391285181046 0.297794133424759 0.285502284765244 0.278729140758514 0.273636609315872 0.262708157300949 0.254879653453827 0.265432804822922 0.270468711853027 0.277889966964722 0.284522086381912 0.277218461036682 0.269974082708359 0.265577495098114 0.259763300418854 0.280992209911346 0.284680724143982 0.272527486085892 0.271738350391388 0.272015929222107 0.275681287050247 0.276673913002014 0.269251137971878 0.269927829504013 0.281526297330856 0.295025140047073 0.299026727676392 0.292191684246063 0.293642729520798 0.301673889160156 0.304748773574829 0.317331075668335 0.32021552324295 0.308462888002396 0.310777276754379 0.304269045591354
0.364914834499359 0.380300432443619 0.382811635732651 0.397011697292328 0.401754260063171 0.382696241140366 0.367083311080933 0.353689223527908 0.336796194314957 0.329666972160339 0.312063336372375 0.29244327545166 0.280890256166458 0.275879889726639 0.268038004636765 0.270551651716232 0.279316753149033 0.267185747623444 0.266074150800705 0.281593292951584 0.285783767700195 0.289506733417511 0.27390518784523 0.260055184364319 0.276538670063019 0.288874268531799 0.277977973222733 0.271952837705612 0.277522176504135 0.276038855314255 0.261115998029709 0.251918703317642 0.258629977703094 0.278770446777344 0.301506757736206 0.302671045064926 0.289993941783905 0.298515349626541 0.302191734313965 0.292482644319534 0.311472505331039 0.317033112049103 0.30752968788147 0.313332170248032 0.302728861570358
0.366715520620346 0.376873552799225 0.367549389600754 0.361004114151001 0.373921513557434 0.37840610742569 0.370346575975418 0.362455159425735 0.353580325841904 0.343492388725281 0.326303154230118 0.304866403341293 0.29254737496376 0.291192770004272 0.285689204931259 0.285040766000748 0.282997637987137 0.273979425430298 0.268823444843292 0.275528103113174 0.288678556680679 0.293148726224899 0.279518038034439 0.260869055986404 0.269822597503662 0.28351104259491 0.282403647899628 0.278097927570343 0.278599977493286 0.268184572458267 0.26181423664093 0.255959630012512 0.260587692260742 0.27052116394043 0.294719398021698 0.304109424352646 0.299115210771561 0.306799054145813 0.296476155519485 0.28300815820694 0.302482098340988 0.312782734632492 0.315539807081223 0.322476029396057 0.305112153291702
0.351565271615982 0.357462972402573 0.350177198648453 0.343237012624741 0.357553571462631 0.379967868328094 0.381213188171387 0.378734916448593 0.373092740774155 0.358993321657181 0.343041211366653 0.325107425451279 0.313908725976944 0.308642029762268 0.301710993051529 0.296018213033676 0.295951008796692 0.298112690448761 0.289017021656036 0.285484284162521 0.288957238197327 0.289795279502869 0.292037785053253 0.282650291919708 0.271275192499161 0.272540748119354 0.290950655937195 0.285236835479736 0.27151620388031 0.264108330011368 0.274636328220367 0.277391940355301 0.273161143064499 0.271627604961395 0.288520485162735 0.292295008897781 0.289354830980301 0.295544683933258 0.29064667224884 0.287184536457062 0.296625107526779 0.307785004377365 0.319238483905792 0.319013088941574 0.303097575902939
0.33487468957901 0.33999690413475 0.345960766077042 0.345834344625473 0.354886472225189 0.371421128511429 0.38216757774353 0.385256946086884 0.384955108165741 0.377440929412842 0.360059410333633 0.343181043863297 0.332402408123016 0.323198199272156 0.315786987543106 0.316962838172913 0.306014120578766 0.300539463758469 0.296350181102753 0.299914926290512 0.297114491462708 0.292830944061279 0.296881705522537 0.291757762432098 0.266073852777481 0.265049964189529 0.296728670597076 0.291213393211365 0.280932366847992 0.283620208501816 0.290138602256775 0.26910200715065 0.255223870277405 0.263610482215881 0.280297607183456 0.27712681889534 0.284106224775314 0.298419535160065 0.291901826858521 0.286351472139359 0.28938964009285 0.305015206336975 0.308070927858353 0.306432068347931 -3.4e+38
0.320982694625854 0.322693705558777 0.323931336402893 0.334013640880585 0.345984429121017 0.352316647768021 0.368256658315659 0.381584733724594 0.385537147521973 0.389299333095551 0.377327084541321 0.356648206710815 0.344798862934113 0.33815062046051 0.333145678043365 0.326922416687012 0.30401024222374 0.296905368566513 0.300784438848495 0.306592404842377 0.304887622594833 0.289953112602234 0.287042856216431 0.282923072576523 0.268932402133942 0.27071487903595 0.293269246816635 0.294868320226669 0.288817524909973 0.272470980882645 0.263245791196823 0.249063476920128 0.239050582051277 0.249546259641647 0.270935773849487 0.280408412218094 0.284312009811401 0.291530132293701 0.28736475110054 0.282075315713882 0.282736122608185 -3.4e+38 -3.4e+38 -3.4e+38 -3.4e+38
