data/1_raw/trimmed_ndre/Aes_ndre.619.2015_no_clouds.asc
NCOLS 109 
NROWS 101 
XLLCORNER 466110 
YLLCORNER 5182005 
CELLSIZE 5 
NODATA_value -3.4e+38 
[rows 60 to 79 of 101, columns 0 to 44 of 109]
-3.4e+38 -3.4e+38 -3.4e+38 -3.4e+38 -3.4e+38 -3.4e+38 0.29291108250618 0.371350824832916 0.430955708026886 0.411172419786453 0.404575556516647 0.402260571718216 0.405865907669067 0.410234749317169 0.39456444978714 0.396779894828796 0.416898965835571 0.438393622636795 0.426765531301498 0.427482545375824 0.407717347145081 0.385788857936859 0.332452386617661 0.298519164323807 0.277513802051544 0.265768736600876 0.236448779702187 0.24089141190052 0.255771994590759 0.26871383190155 0.266681432723999 0.287318646907806 0.317635327577591 0.341620445251465 0.348428308963776 0.374468117952347 0.384506642818451 0.400917917490005 0.426104605197906 0.444912314414978 0.46164134144783 0.482349932193756 0.505259156227112 0.518051326274872 0.543974339962006
-3.4e+38 -3.4e+38 -3.4e+38 -3.4e+38 -3.4e+38 0.251655280590057 0.316328883171082 0.382537543773651 0.414823591709137 0.398866206407547 0.398039102554321 0.390007734298706 0.382844001054764 0.376666367053986 0.360988557338715 0.37040913105011 0.399066507816315 0.420535266399384 0.413986533880234 0.435867697000504 0.398366540670395 0.34979236125946 0.318470686674118 0.297304213047028 0.27733251452446 0.265781164169312 0.253297835588455 0.258000940084457 0.263724982738495 0.265224158763885 0.269127875566483 0.289812684059143 0.310574024915695 0.342562407255173 0.365855276584625 0.380792558193207 0.382327765226364 0.395447224378586 0.42184054851532 0.451910227537155 0.480866968631744 0.504018902778625 0.520986378192902 0.531505823135376 0.543133199214935
-3.4e+38 -3.4e+38 -3.4e+38 -3.4e+38 -3.4e+38 0.254652917385101 0.329063326120377 0.381984621286392 0.399132788181305 0.396867364645004 0.398912459611893 0.383697628974915 0.369599670171738 0.356080502271652 0.345369607210159 0.354429394006729 0.386137515306473 0.401941746473312 0.403447717428207 0.407551437616348 0.393039852380753 0.368669629096985 0.338913530111313 0.311043292284012 0.286535441875458 0.294077575206757 0.291125476360321 0.273281127214432 0.26742896437645 0.265999257564545 0.274501144886017 0.291794925928116 0.308369755744934 0.359074503183365 0.387714266777039 0.391747444868088 0.38462570309639 0.39092355966568 0.427214533090591 0.465992450714111 0.498301982879639 0.517688512802124 0.530558407306671 0.535465836524963 0.534175515174866
-3.4e+38 -3.4e+38 -3.4e+38 -3.4e+38 -3.4e+38 0.274729311466217 0.348334431648254 0.393101930618286 0.393165618181229 0.399225175380707 0.401017725467682 0.380258828401566 0.363272666931152 0.349984556436539 0.342133224010468 0.348056435585022 0.375757724046707 0.388864457607269 0.384379684925079 0.379563003778458 0.383435845375061 0.384606122970581 0.362432062625885 0.330346256494522 0.305452793836594 0.307596743106842 0.304909378290176 0.291282832622528 0.275838166475296 0.26827734708786 0.28120294213295 0.301712036132812 0.329953223466873 0.370456665754318 0.386722326278687 0.394920706748962 0.398995995521545 0.407898336648941 0.446399420499802 0.482513278722763 0.508646488189697 0.52414608001709 0.535935521125793 0.533086836338043 0.526841104030609
-3.4e+38 -3.4e+38 -3.4e+38 -3.4e+38 0.23999510705471 0.29478731751442 0.362462133169174 0.399436354637146 0.390019923448563 0.400306612253189 0.394758194684982 0.372869700193405 0.359261989593506 0.352010399103165 0.345769166946411 0.348671466112137 0.362497299909592 0.373253375291824 0.362825334072113 0.362222224473953 0.377033144235611 0.394201338291168 0.378336757421494 0.344995975494385 0.315004765987396 0.302808314561844 0.300029456615448 0.290549248456955 0.28073650598526 0.276569575071335 0.300863742828369 0.328574806451797 0.355909049510956 0.383034855127335 0.398644953966141 0.41454404592514 0.439606308937073 0.462430417537689 0.470744222402573 0.505381166934967 0.522993922233582 0.528180480003357 0.534683167934418 0.531963050365448 0.526250839233398
-3.4e+38 -3.4e+38 -3.4e+38 -3.4e+38 0.249442964792252 0.319280564785004 0.37212935090065 0.396244198083878 0.393510580062866 0.402484714984894 0.388850271701813 0.37346538901329 0.366964548826218 0.364517450332642 0.357233583927155 0.355410814285278 0.35555762052536 0.354575246572495 0.34832900762558 0.354198545217514 0.373932301998138 0.391672670841217 0.379170805215836 0.347578316926956 0.32644522190094 0.31056997179985 0.296865254640579 0.282551467418671 0.292381972074509 0.306544899940491 0.321244418621063 0.352131932973862 0.379326850175858 0.405959695577621 0.432196170091629 0.454804331064224 0.477167129516602 0.495489090681076 0.50397515296936 0.521533370018005 0.529587090015411 0.527393877506256 0.527831733226776 0.548633098602295 0.539326012134552
-3.4e+38 -3.4e+38 -3.4e+38 0.280732035636902 0.270125031471252 0.34424751996994 0.387596696615219 0.403574913740158 0.401299387216568 0.396766841411591 0.386437714099884 0.385676056146622 0.389160245656967 0.392176896333694 0.387144297361374 0.379924178123474 0.363549262285233 0.34864142537117 0.343900680541992 0.350682824850082 0.368310272693634 0.38473504781723 0.383741050958633 0.361094534397125 0.35343000292778 0.333136826753616 0.308097183704376 0.289500385522842 0.301114201545715 0.320335775613785 0.342194944620132 0.37423187494278 0.408886939287186 0.437179356813431 0.465861737728119 0.491913497447968 0.509265184402466 0.520930171012878 0.525481045246124 0.523690760135651 0.529821872711182 0.531154751777649 0.541299879550934 0.560994029045105 0.538672745227814
-3.4e+38 -3.4e+38 -3.4e+38 0.268111318349838 0.291355490684509 0.36567285656929 0.407781064510345 0.406261384487152 0.39526903629303 0.386953324079514 0.389527589082718 0.405943244695663 0.413274109363556 0.416706681251526 0.415881335735321 0.407549977302551 0.377799361944199 0.354631632566452 0.341757833957672 0.340355336666107 0.349297165870667 0.36614528298378 0.37260028719902 0.370182245969772 0.381538897752762 0.358538597822189 0.333385616540909 0.313731878995895 0.308711647987366 0.335472226142883 0.365024626255035 0.402841210365295 0.449937790632248 0.474739164113998 0.49979767203331 0.520915389060974 0.531213700771332 0.530077040195465 0.529670238494873 0.531770408153534 0.539297044277191 0.533279538154602 0.547504961490631 0.557948052883148 0.527681112289429
-3.4e+38 -3.4e+38 -3.4e+38 0.26288440823555 0.325953453779221 0.393554240465164 0.418280422687531 0.400767505168915 0.388080030679703 0.381820201873779 0.391186565160751 0.416933298110962 0.420186281204224 0.424364864826202 0.430406808853149 0.424920827150345 0.387921988964081 0.366804748773575 0.349486976861954 0.338444173336029 0.335178315639496 0.342198669910431 0.346440464258194 0.358712732791901 0.375890344381332 0.356694221496582 0.342521220445633 0.331945657730103 0.329114705324173 0.358047246932983 0.39529100060463 0.444118976593018 0.487947076559067 0.50727903842926 0.524139761924744 0.536459505558014 0.53814697265625 0.524064898490906 0.527120172977448 0.532132923603058 0.533680200576782 0.524577498435974 0.541549205780029 0.546718895435333 0.522936642169952
-3.4e+38 -3.4e+38 -3.4e+38 0.267284035682678 0.351577550172806 0.405228793621063 0.417915314435959 0.401009142398834 0.401324778795242 0.399505972862244 0.400612980127335 0.410554140806198 0.415383219718933 0.41900035738945 0.427777647972107 0.418957650661469 0.38782325387001 0.380289912223816 0.36232852935791 0.348094254732132 0.336570084095001 0.325969010591507 0.3242427110672 0.345376640558243 0.364502638578415 0.358931034803391 0.350115895271301 0.355228185653687 0.366095662117004 0.387902945280075 0.431004405021667 0.475556522607803 0.509516179561615 0.525531411170959 0.529929399490356 0.534710347652435 0.533205270767212 0.522601723670959 0.517678618431091 0.524736225605011 0.523054420948029 0.514008760452271 0.528451144695282 0.540597200393677 0.537079930305481
-3.4e+38 -3.4e+38 0.301310062408447 0.286294281482697 0.370808154344559 0.41092911362648 0.420780509710312 0.414870262145996 0.411811947822571 0.409839898347855 0.402898073196411 0.40303972363472 0.410826355218887 0.414941161870956 0.420272141695023 0.412786036729813 0.395629465579987 0.388954162597656 0.378806054592133 0.374738603830338 0.366790413856506 0.356653183698654 0.352137207984924 0.360761433839798 0.370665401220322 0.371915221214294 0.36704009771347 0.378181785345078 0.393534690141678 0.417386889457703 0.455195903778076 0.492107480764389 0.515873074531555 0.521925926208496 0.513100862503052 0.511098086833954 0.519978404045105 0.520675241947174 0.513287782669067 0.525729119777679 0.521748602390289 0.515149533748627 0.522900223731995 0.538333117961884 0.551279783248901
-3.4e+38 -3.4e+38 0.292859345674515 0.314602166414261 0.394550412893295 0.432028353214264 0.429946422576904 0.423653781414032 0.420013040304184 0.415720045566559 0.404794335365295 0.407026052474976 0.415927857160568 0.423662036657333 0.430465519428253 0.429037421941757 0.408207207918167 0.39397406578064 0.40077731013298 0.422384858131409 0.426109671592712 0.417486190795898 0.409872144460678 0.411249399185181 0.401325762271881 0.400046020746231 0.397990852594376 0.397894531488419 0.416414171457291 0.436584502458572 0.466723293066025 0.499117016792297 0.508124828338623 0.499166011810303 0.489737302064896 0.495652496814728 0.517181754112244 0.52347207069397 0.525436222553253 0.545460224151611 0.535812497138977 0.519716084003448 0.510994970798492 0.517424464225769 0.543558955192566
-3.4e+38 -3.4e+38 0.287556201219559 0.340335220098495 0.411301612854004 0.447388827800751 0.441748559474945 0.434964060783386 0.42894771695137 0.420695275068283 0.407809019088745 0.406516581773758 0.407637596130371 0.414974749088287 0.429247885942459 0.444744676351547 0.418069303035736 0.400413155555725 0.414314031600952 0.447733134031296 0.464995682239532 0.461811155080795 0.466410607099533 0.482620537281036 0.451974242925644 0.449535399675369 0.437587022781372 0.423977464437485 0.437807768583298 0.445149213075638 0.474501073360443 0.503503918647766 0.49910968542099 0.481913030147552 0.482731401920319 0.500439524650574 0.525633275508881 0.532312273979187 0.541776299476624 0.553976655006409 0.540464222431183 0.519026041030884 0.494995027780533 0.479830622673035 0.499566078186035
-3.4e+38 0.331142216920853 0.287658125162125 0.361688643693924 0.419738352298737 0.45463228225708 0.461290746927261 0.451832741498947 0.44023597240448 0.426204234361649 0.410824418067932 0.405949234962463 0.395238965749741 0.3942651450634 0.408976167440414 0.431629002094269 0.419747203588486 0.395911931991577 0.406714826822281 0.445574343204498 0.473821699619293 0.473155051469803 0.480108469724655 0.48578354716301 0.469248920679092 0.482457458972931 0.465179622173309 0.45276665687561 0.457795292139053 0.45487979054451 0.482476145029068 0.500144600868225 0.493290632963181 0.48106124997139 0.495841473340988 0.519248962402344 0.538967311382294 0.533046543598175 0.538791298866272 0.545887410640717 0.538089096546173 0.521131336688995 0.490562617778778 0.464108258485794 0.465463817119598
-3.4e+38 0.325374364852905 0.30552664399147 0.387761533260345 0.428017884492874 0.465131223201752 0.487697839736938 0.479046821594238 0.458784103393555 0.436671435832977 0.419888198375702 0.410398483276367 0.390257835388184 0.380445003509521 0.397184908390045 0.424667209386826 0.427305310964584 0.394089341163635 0.392945557832718 0.419707208871841 0.447523385286331 0.452203869819641 0.451160788536072 0.449475109577179 0.452472716569901 0.475835174322128 0.46834659576416 0.476999968290329 0.489531695842743 0.492624670267105 0.499577105045319 0.490871965885162 0.484871983528137 0.491022437810898 0.512925803661346 0.519626677036285 0.52612841129303 0.534675717353821 0.545167446136475 0.540475130081177 0.535029649734497 0.537476718425751 0.517645835876465 0.485788464546204 0.464718371629715
-3.4e+38 0.315871626138687 0.333982467651367 0.415487021207809 0.443928211927414 0.48177045583725 0.508550584316254 0.510257005691528 0.48799854516983 0.459922254085541 0.438561767339706 0.422984302043915 0.403582453727722 0.390735417604446 0.408883035182953 0.425967395305634 0.423805356025696 0.39631050825119 0.3799047768116 0.377032935619354 0.386776298284531 0.395195633172989 0.383849501609802 0.38894122838974 0.403936088085175 0.423939079046249 0.430987417697906 0.46749746799469 0.50473415851593 0.521180987358093 0.509212017059326 0.476604998111725 0.46844893693924 0.483565866947174 0.510611712932587 0.525376856327057 0.53186422586441 0.544207751750946 0.564051926136017 0.543897688388824 0.51628977060318 0.507639229297638 0.51543253660202 0.504747092723846 0.483385771512985
-3.4e+38 0.303425848484039 0.366605937480927 0.441117197275162 0.464427262544632 0.496981292963028 0.527229428291321 0.536686420440674 0.51993054151535 0.49213433265686 0.465065032243729 0.441008597612381 0.416599094867706 0.3943110704422 0.407298147678375 0.40647155046463 0.397976905107498 0.382474094629288 0.351974576711655 0.325568586587906 0.324675321578979 0.327028036117554 0.312555402517319 0.331096678972244 0.351367712020874 0.383275896310806 0.417092889547348 0.449596554040909 0.509407460689545 0.529938220977783 0.511241674423218 0.479407489299774 0.481741517782211 0.493910282850266 0.512580931186676 0.536197245121002 0.543839156627655 0.546163201332092 0.550446093082428 0.529908061027527 0.512262761592865 0.499498009681702 0.501622021198273 0.504161775112152 0.492774128913879
0.343471229076385 0.296591997146606 0.393017292022705 0.448231041431427 0.475229501724243 0.513673305511475 0.543385446071625 0.551542460918427 0.539046466350555 0.513253450393677 0.479551941156387 0.45203423500061 0.420846194028854 0.388986140489578 0.381014585494995 0.355780899524689 0.348778754472733 0.34444922208786 0.318626701831818 0.282455623149872 0.277523368597031 0.272843927145004 0.273969382047653 0.313294053077698 0.337402880191803 0.381070971488953 0.413549035787582 0.434553653001785 0.507910192012787 0.520343959331512 0.504786908626556 0.488784402608871 0.507659256458282 0.507574677467346 0.51444149017334 0.532579183578491 0.539226055145264 0.537234842777252 0.530862867832184 0.515832364559174 0.508928298950195 0.497484415769577 0.474087983369827 0.456669449806213 0.445758134126663
0.328882396221161 0.316438913345337 0.422764778137207 0.468796640634537 0.496583342552185 0.528553426265717 0.550116181373596 0.548358917236328 0.531303942203522 0.505687355995178 0.473940521478653 0.45283305644989 0.419041126966476 0.38267382979393 0.356382429599762 0.327792435884476 0.324911057949066 0.316819161176682 0.292257279157639 0.2593874335289 0.25199767947197 0.256609082221985 0.279411405324936 0.3202004134655 0.348190784454346 0.385561287403107 0.407414197921753 0.438778430223465 0.50748747587204 0.50967264175415 0.49776166677475 0.499366849660873 0.527150690555573 0.511891424655914 0.508368611335754 0.514977037906647 0.517726063728333 0.502229511737823 0.492432594299316 0.488405972719193 0.481848150491714 0.467006623744965 0.447299927473068 0.428997904062271 0.412307620048523
0.333836734294891 0.360873252153397 0.460093230009079 0.500675678253174 0.517274141311646 0.530303418636322 0.544110000133514 0.538525223731995 0.51973021030426 0.492801159620285 0.46505805850029 0.451804041862488 0.422107219696045 0.389471977949142 0.358051985502243 0.331487208604813 0.320928603410721 0.304648995399475 0.278786510229111 0.248705685138702 0.22977402806282 0.259417712688446 0.286469757556915 0.325767517089844 0.360870957374573 0.371391862630844 0.393323063850403 0.448192983865738 0.508360922336578 0.513409614562988 0.500135123729706 0.508547604084015 0.525704443454742 0.507191061973572 0.50296813249588 0.490813940763474 0.472469091415405 0.448627859354019 0.43652418255806 0.437153965234756 0.438913524150848 0.430470526218414 0.417541921138763 0.402693957090378 0.382623493671417
