data/1_raw/trimmed_ndre/Aes_ndre.718.2010_no_clouds.asc
NCOLS 109 
NROWS 101 
XLLCORNER 466110 
YLLCORNER 5182005 
CELLSIZE 5 
NODATA_value -3.4e+38 
[rows 60 to 79 of 101, columns 0 to 44 of 109]
-3.4e+38 -3.4e+38 -3.4e+38 -3.4e+38 -3.4e+38 -3.4e+38 0.208877503871918 0.238099873065948 0.245018273591995 0.229488700628281 0.227544009685516 0.221115484833717 0.209845140576363 0.206584066152573 0.203759521245956 0.20753225684166 0.223381072282791 0.239436507225037 0.233656018972397 0.221101835370064 0.209566205739975 0.192944943904877 0.194603964686394 0.204705253243446 0.200476676225662 0.204938754439354 0.205002054572105 0.193784862756729 0.19380784034729 0.201899349689484 0.209907159209251 0.215791195631027 0.205522254109383 0.217304065823555 0.228080779314041 0.219109654426575 0.21620474755764 0.26077064871788 0.286598771810532 0.271158903837204 0.282420754432678 0.310712069272995 0.331286460161209 0.31967157125473 0.325171500444412
-3.4e+38 -3.4e+38 -3.4e+38 -3.4e+38 -3.4e+38 0.183755591511726 0.186775431036949 0.207076266407967 0.224756017327309 0.223321124911308 0.226974934339523 0.214539155364037 0.189225524663925 0.183437585830688 0.196275994181633 0.21440215408802 0.217342719435692 0.209666699171066 0.204097628593445 0.209436058998108 0.212313801050186 0.20492996275425 0.197428375482559 0.207319006323814 0.211335062980652 0.201454162597656 0.196370512247086 0.188803672790527 0.188003614544868 0.199702516198158 0.208482757210732 0.203513026237488 0.197912514209747 0.214417219161987 0.231580495834351 0.235068887472153 0.231764301657677 0.258004397153854 0.288901954889297 0.273005455732346 0.278415530920029 0.314440190792084 0.346928298473358 0.32863911986351 0.318957656621933
-3.4e+38 -3.4e+38 -3.4e+38 -3.4e+38 -3.4e+38 0.189425304532051 0.197627887129784 0.19957908987999 0.207347720861435 0.210023283958435 0.2161725461483 0.212158620357513 0.193207457661629 0.186853542923927 0.20573827624321 0.221093535423279 0.216494664549828 0.218154236674309 0.21544748544693 0.225515246391296 0.216215252876282 0.220160245895386 0.226277604699135 0.218348532915115 0.208642333745956 0.194550037384033 0.196578070521355 0.20758830010891 0.201854929327965 0.184124484658241 0.183383285999298 0.186922177672386 0.195397794246674 0.223406538367271 0.235822513699532 0.260599702596664 0.266976535320282 0.239246666431427 0.266598761081696 0.307600945234299 0.319805711507797 0.336776256561279 0.338953226804733 0.329760521650314 0.33306086063385
-3.4e+38 -3.4e+38 -3.4e+38 -3.4e+38 -3.4e+38 0.203617379069328 0.204585641622543 0.208952963352203 0.221299439668655 0.213629096746445 0.196201905608177 0.188166126608849 0.203216955065727 0.21646486222744 0.218501046299934 0.219226062297821 0.218106955289841 0.225451245903969 0.233068585395813 0.243218183517456 0.226036578416824 0.213101699948311 0.22971485555172 0.228710442781448 0.206760123372078 0.192698284983635 0.195492446422577 0.196086838841438 0.195572882890701 0.179862484335899 0.177503421902657 0.197049751877785 0.205946072936058 0.221302807331085 0.241921186447144 0.276028037071228 0.282284080982208 0.252882570028305 0.268246293067932 0.307478308677673 0.323376446962357 0.332753658294678 0.33839213848114 0.342616766691208 0.351478934288025
-3.4e+38 -3.4e+38 -3.4e+38 -3.4e+38 0.18959966301918 0.202931672334671 0.190922468900681 0.190199002623558 0.210884302854538 0.215082585811615 0.194907113909721 0.184725597500801 0.206883057951927 0.216946586966515 0.210357800126076 0.205530509352684 0.213309496641159 0.218851149082184 0.231443092226982 0.239463835954666 0.237377807497978 0.234521567821503 0.237270906567574 0.235766246914864 0.209486335515976 0.182915970683098 0.197222337126732 0.186417013406754 0.181668028235435 0.200007453560829 0.203082904219627 0.213090986013412 0.22616009414196 0.234068855643272 0.252115607261658 0.271976947784424 0.267505526542664 0.269812911748886 0.29313188791275 0.33299520611763 0.345587611198425 0.350406020879745 0.389885455369949 0.397759675979614 0.388890385627747
-3.4e+38 -3.4e+38 -3.4e+38 -3.4e+38 0.166446670889854 0.198476076126099 0.201265022158623 0.190819218754768 0.19732953608036 0.199916943907738 0.200440675020218 0.203515022993088 0.222920164465904 0.200085774064064 0.176232174038887 0.181906417012215 0.203696936368942 0.218547895550728 0.235800117254257 0.240540638566017 0.225370243191719 0.237422376871109 0.244424477219582 0.227759420871735 0.206295803189278 0.194137781858444 0.201473847031593 0.191839829087257 0.187867686152458 0.218418627977371 0.221421167254448 0.220659360289574 0.22523307800293 0.248771294951439 0.272065967321396 0.276999771595001 0.275479346513748 0.296066433191299 0.320118844509125 0.361363887786865 0.399679809808731 0.391453832387924 0.399616956710815 0.414056807756424 0.401366412639618
-3.4e+38 -3.4e+38 -3.4e+38 0.174734055995941 0.163731709122658 0.199467420578003 0.222868949174881 0.215871021151543 0.198487430810928 0.186203002929688 0.187736958265305 0.192641526460648 0.205353885889053 0.184188231825829 0.172414213418961 0.191186875104904 0.204324156045914 0.21354416012764 0.224786832928658 0.235521823167801 0.223101675510406 0.221326842904091 0.246654123067856 0.242416232824326 0.222244143486023 0.221712648868561 0.221737757325172 0.215896546840668 0.222196251153946 0.230553388595581 0.224606871604919 0.227174237370491 0.243202745914459 0.277682185173035 0.317115128040314 0.304304957389832 0.278637588024139 0.296448796987534 0.325740694999695 0.351684331893921 0.419306308031082 0.419966340065002 0.36417293548584 0.389405280351639 0.403985798358917
-3.4e+38 -3.4e+38 -3.4e+38 0.192298665642738 0.19510543346405 0.209407165646553 0.213036209344864 0.211645409464836 0.200964391231537 0.192684009671211 0.190338894724846 0.201770231127739 0.20967061817646 0.201641157269478 0.201703146100044 0.220419526100159 0.217912435531616 0.21412105858326 0.226024553179741 0.238278746604919 0.241321995854378 0.227825999259949 0.223144695162773 0.228644162416458 0.227043613791466 0.240319401025772 0.240860044956207 0.209686875343323 0.224279165267944 0.245861008763313 0.237255766987801 0.249359503388405 0.292953103780746 0.299808442592621 0.307711154222488 0.31105825304985 0.300138086080551 0.318920940160751 0.356865555047989 0.380146056413651 0.393212139606476 0.380367159843445 0.345449924468994 0.371066242456436 0.390261173248291
-3.4e+38 -3.4e+38 -3.4e+38 0.185808047652245 0.188394457101822 0.19674064218998 0.187365487217903 0.180285602807999 0.178095445036888 0.192752733826637 0.204412862658501 0.221407637000084 0.226510435342789 0.225521415472031 0.230865254998207 0.228018507361412 0.21075339615345 0.213119387626648 0.234208166599274 0.22362457215786 0.202758878469467 0.201827198266983 0.204411461949348 0.21240958571434 0.224771156907082 0.226586073637009 0.223523497581482 0.220780178904533 0.236414268612862 0.254062443971634 0.25151526927948 0.246260389685631 0.303387552499771 0.340734362602234 0.327511548995972 0.334587186574936 0.348696202039719 0.340299963951111 0.362066328525543 0.38356477022171 0.363085001707077 0.348431766033173 0.365832597017288 0.393357366323471 0.404661327600479
-3.4e+38 -3.4e+38 -3.4e+38 0.172394499182701 0.175216555595398 0.197820454835892 0.20844578742981 0.202173888683319 0.193119168281555 0.20182965695858 0.209153041243553 0.204467058181763 0.201599225401878 0.221047729253769 0.250505685806274 0.241972371935844 0.211493209004402 0.210144147276878 0.226839169859886 0.222688555717468 0.212267205119133 0.209556594491005 0.213436499238014 0.209639921784401 0.224233821034431 0.241886526346207 0.227259323000908 0.231599196791649 0.242639690637589 0.237565338611603 0.264509975910187 0.28699865937233 0.310453146696091 0.362951815128326 0.367492288351059 0.345298081636429 0.342985361814499 0.36808654665947 0.39017179608345 0.383258879184723 0.369444102048874 0.36850380897522 0.38411608338356 0.400986462831497 0.406217277050018
-3.4e+38 -3.4e+38 0.166524156928062 0.180674523115158 0.19178095459938 0.206426903605461 0.215873926877975 0.216094136238098 0.209625750780106 0.20567299425602 0.21098755300045 0.209844246506691 0.201160416007042 0.220416516065598 0.248917356133461 0.256392955780029 0.227168366312981 0.211009576916695 0.217862471938133 0.227029845118523 0.233664661645889 0.238119333982468 0.222909450531006 0.209472432732582 0.211230054497719 0.232437878847122 0.223361074924469 0.224797546863556 0.248180687427521 0.24903891980648 0.268539398908615 0.288338094949722 0.291593760251999 0.335147619247437 0.373111546039581 0.392735540866852 0.392057508230209 0.400927096605301 0.411261230707169 0.382166773080826 0.34997096657753 0.343869209289551 0.353986948728561 0.388158470392227 0.406545847654343
-3.4e+38 -3.4e+38 0.174345552921295 0.19936303794384 0.20758131146431 0.200942918658257 0.202632620930672 0.206525355577469 0.199904978275299 0.184537515044212 0.192653447389603 0.216610506176949 0.223818406462669 0.230922803282738 0.240283891558647 0.237309694290161 0.227416455745697 0.217532366514206 0.225829631090164 0.232040673494339 0.229715615510941 0.256274968385696 0.260999143123627 0.234919771552086 0.22870634496212 0.237706482410431 0.238438233733177 0.237024053931236 0.249246954917908 0.252611428499222 0.251226186752319 0.270954638719559 0.304490298032761 0.353872835636139 0.387112498283386 0.407881379127502 0.414318025112152 0.398797273635864 0.396424621343613 0.369322627782822 0.330103069543839 0.321098476648331 0.337012410163879 0.368389010429382 0.388592481613159
-3.4e+38 -3.4e+38 0.185638681054115 0.199469596147537 0.192499846220016 0.183389887213707 0.190850272774696 0.205748230218887 0.202851355075836 0.189906999468803 0.19971789419651 0.223703429102898 0.236190095543861 0.240372449159622 0.241884708404541 0.238406017422676 0.245571330189705 0.24361252784729 0.249124646186829 0.26133120059967 0.268022030591965 0.285485357046127 0.293782532215118 0.273880213499069 0.284713298082352 0.27629542350769 0.262042254209518 0.259758949279785 0.259881496429443 0.257441163063049 0.259540200233459 0.289211720228195 0.327166765928268 0.351262420415878 0.377632021903992 0.385033845901489 0.392898976802826 0.382923454046249 0.379071414470673 0.358518600463867 0.314042955636978 0.319988995790482 0.350331038236618 0.347151845693588 0.339232206344604
-3.4e+38 0.186529353260994 0.194288238883018 0.195672482252121 0.189696654677391 0.196570724248886 0.204035565257072 0.214970365166664 0.207424461841583 0.20567187666893 0.221966594457626 0.218119785189629 0.209867179393768 0.208124488592148 0.234618633985519 0.266184687614441 0.278732448816299 0.269699156284332 0.268524795770645 0.279630482196808 0.286797076463699 0.287524610757828 0.296600192785263 0.288188338279724 0.287745952606201 0.295273542404175 0.295600563287735 0.29477995634079 0.287032306194305 0.286315053701401 0.287897616624832 0.287996977567673 0.32463327050209 0.358135938644409 0.380583792924881 0.402742266654968 0.386978298425674 0.362298041582108 0.349974602460861 0.349402725696564 0.326611250638962 0.301939398050308 0.322031289339066 0.335912644863129 0.335388481616974
-3.4e+38 0.159860894083977 0.175757363438606 0.189789101481438 0.200223997235298 0.217759296298027 0.225521668791771 0.220582842826843 0.19728147983551 0.197651416063309 0.214955642819405 0.221212089061737 0.222815915942192 0.22388519346714 0.24075448513031 0.281799644231796 0.298344314098358 0.300208657979965 0.288767367601395 0.289436310529709 0.279129832983017 0.27030736207962 0.278169453144073 0.286839634180069 0.281091004610062 0.300168037414551 0.302476584911346 0.296391576528549 0.301638901233673 0.311887711286545 0.30962735414505 0.294737428426743 0.335648238658905 0.377968102693558 0.378462731838226 0.408178627490997 0.435132622718811 0.398977965116501 0.327267825603485 0.335910618305206 0.342124700546265 0.327688157558441 0.340882331132889 0.351851016283035 0.353116661310196
-3.4e+38 0.157644003629684 0.170589745044708 0.19513675570488 0.212618753314018 0.214843168854713 0.207400262355804 0.196997344493866 0.191796973347664 0.203188672661781 0.212941914796829 0.218785837292671 0.235352173447609 0.238871172070503 0.232412487268448 0.25875386595726 0.281151384115219 0.2892687022686 0.281061261892319 0.27188041806221 0.265055924654007 0.252974927425385 0.253948181867599 0.261964738368988 0.250898450613022 0.261796146631241 0.279640018939972 0.298255115747452 0.323094338178635 0.319630831480026 0.316045999526978 0.329959005117416 0.347199231386185 0.390089064836502 0.396275609731674 0.391941100358963 0.43028450012207 0.413122683763504 0.342243015766144 0.34356701374054 0.361682057380676 0.348151713609695 0.33766895532608 0.340887874364853 0.341916143894196
-3.4e+38 0.171893283724785 0.169103652238846 0.189869403839111 0.201043918728828 0.184331566095352 0.172969356179237 0.182039722800255 0.188738957047462 0.196873232722282 0.203616499900818 0.212525680661201 0.22381180524826 0.240540564060211 0.243533164262772 0.242523029446602 0.251763671636581 0.260986059904099 0.254050642251968 0.245625436306 0.255744010210037 0.244626045227051 0.231871247291565 0.230642408132553 0.227361112833023 0.224408194422722 0.246029272675514 0.26928898692131 0.324342310428619 0.326339095830917 0.335075467824936 0.367077797651291 0.369337290525436 0.410403847694397 0.412664502859116 0.369660973548889 0.35388708114624 0.357283532619476 0.364393055438995 0.370725840330124 0.375505328178406 0.318399220705032 0.291766494512558 0.321494609117508 0.333485126495361
0.175296574831009 0.159419223666191 0.168082147836685 0.189969465136528 0.19459268450737 0.18283985555172 0.179186373949051 0.194994524121284 0.199296683073044 0.199912875890732 0.199211344122887 0.205484375357628 0.22271266579628 0.234847635030746 0.224939659237862 0.212031945586205 0.23188316822052 0.227309614419937 0.212836429476738 0.212666511535645 0.231957376003265 0.223121166229248 0.211693838238716 0.217301607131958 0.232362538576126 0.234048902988434 0.238550394773483 0.265922904014587 0.335331112146378 0.357613384723663 0.353906810283661 0.388508170843124 0.390637904405594 0.396615415811539 0.378443390130997 0.371164262294769 0.377963691949844 0.354934632778168 0.348598748445511 0.348071128129959 0.348505616188049 0.319905787706375 0.298468142747879 0.309953719377518 0.31156712770462
0.183099627494812 0.177300333976746 0.19097837805748 0.200896456837654 0.209332585334778 0.202861309051514 0.193329825997353 0.197949200868607 0.192075192928314 0.198297739028931 0.194359809160233 0.186071962118149 0.199390083551407 0.217498660087585 0.219465106725693 0.21085450053215 0.217840194702148 0.205448284745216 0.193504527211189 0.204862415790558 0.216647103428841 0.211297780275345 0.197897002100945 0.207467958331108 0.218866810202599 0.243552908301353 0.27457070350647 0.311750799417496 0.351096630096436 0.37115004658699 0.370644778013229 0.376588642597198 0.379015684127808 0.363285392522812 0.307947397232056 0.308482885360718 0.346191257238388 0.342211067676544 0.323342353105545 0.29527148604393 0.301274329423904 0.316879421472549 0.303564250469208 0.293926328420639 0.273170560598373
0.188599333167076 0.204574525356293 0.200186535716057 0.196063444018364 0.196607813239098 0.194437056779861 0.186552748084068 0.184541389346123 0.171895757317543 0.181344285607338 0.192091584205627 0.188488736748695 0.201789349317551 0.2149478495121 0.230827867984772 0.233591645956039 0.226320266723633 0.213878139853477 0.208114191889763 0.21648958325386 0.225547283887863 0.231923371553421 0.213483139872551 0.227497160434723 0.236016273498535 0.245214179158211 0.274194210767746 0.314963459968567 0.354123204946518 0.383404940366745 0.388491958379745 0.370948731899261 0.372346669435501 0.371876686811447 0.335485130548477 0.325755566358566 0.319335758686066 0.333302408456802 0.327521294355392 0.293399393558502 0.282730340957642 0.285353451967239 0.261127263307571 0.261238157749176 0.255597293376923
