data/1_raw/trimmed_ndre/Aes_ndre.73.2009_no_clouds.asc
NCOLS 109 
NROWS 101 
XLLCORNER 466110 
YLLCORNER 5182005 
CELLSIZE 5 
NODATA_value -3.4e+38 
[rows 40 to 59 of 101, columns 45 to 89 of 109]
0.15250563621521 0.159814640879631 0.171558186411858 0.184582591056824 0.252439945936203 0.348995387554169 0.414477467536926 0.46877184510231 0.492363154888153 0.507017433643341 0.549110174179077 0.571061491966248 0.571576952934265 0.572203278541565 0.566537976264954 0.558983743190765 0.56107085943222 0.569437384605408 0.567845821380615 0.548284530639648 0.524684071540833 0.526826798915863 0.522428333759308 0.516490936279297 0.519572615623474 0.516259908676147 0.50608891248703 0.527838885784149 0.566708743572235 0.594402313232422 0.600124299526215 0.588244199752808 0.567833244800568 0.554700672626495 0.538819193840027 0.484327524900436 0.41722384095192 0.339424550533295 0.311515182256699 0.322285056114197 0.302040815353394 0.280332654714584 0.298168659210205 0.331436187028885 0.339208424091339
0.167698264122009 0.166794806718826 0.177755177021027 0.21542726457119 0.313256293535233 0.420522153377533 0.458884507417679 0.484213083982468 0.494012713432312 0.506308734416962 0.544720888137817 0.569659948348999 0.5807284116745 0.585892796516418 0.579012393951416 0.556644916534424 0.55856865644455 0.566407680511475 0.538743793964386 0.523913264274597 0.495656847953796 0.487104058265686 0.482642650604248 0.482522457838058 0.488955080509186 0.486999481916428 0.48431658744812 0.496170908212662 0.534395158290863 0.566674768924713 0.589429914951324 0.592672765254974 0.571202993392944 0.543694376945496 0.527297258377075 0.493078529834747 0.432831376791 0.36624875664711 0.325748831033707 0.320196658372879 0.314272791147232 0.310779750347137 0.323822408914566 0.351444661617279 0.364917635917664
0.169091627001762 0.165522933006287 0.200851410627365 0.277012199163437 0.358080118894577 0.451817810535431 0.491622716188431 0.497003585100174 0.500613331794739 0.515205502510071 0.55031281709671 0.571330010890961 0.585852980613708 0.591227293014526 0.574449300765991 0.540604412555695 0.535522282123566 0.540322422981262 0.516700148582458 0.514437794685364 0.490260988473892 0.467569082975388 0.467088222503662 0.467826426029205 0.47713240981102 0.479501962661743 0.485958993434906 0.480067491531372 0.508503556251526 0.561247766017914 0.5822713971138 0.582850813865662 0.572561502456665 0.557388246059418 0.544887065887451 0.511795163154602 0.457225173711777 0.398889362812042 0.349018931388855 0.331367880105972 0.334743410348892 0.33659964799881 0.329270333051682 0.338611036539078 0.368950545787811
0.163755759596825 0.187015220522881 0.263254106044769 0.345742523670197 0.392254590988159 0.459540247917175 0.497123628854752 0.503670334815979 0.5152547955513 0.535431861877441 0.562405705451965 0.575974702835083 0.581315934658051 0.579001188278198 0.551363229751587 0.514341592788696 0.512831926345825 0.514709115028381 0.495412945747375 0.4784836769104 0.492185473442078 0.464271426200867 0.447387039661407 0.460320800542831 0.493294328451157 0.493288308382034 0.476409941911697 0.472973108291626 0.511184275150299 0.560774862766266 0.577827394008636 0.568884015083313 0.561178505420685 0.558351814746857 0.545640707015991 0.514032661914825 0.459832429885864 0.407642364501953 0.382410019636154 0.363196641206741 0.348303139209747 0.339104115962982 0.330878555774689 0.336191087961197 0.374277651309967
0.192054644227028 0.253031313419342 0.323429822921753 0.3941830098629 0.431357771158218 0.463309824466705 0.487754106521606 0.506487131118774 0.526095747947693 0.547047972679138 0.562372267246246 0.567186653614044 0.566841602325439 0.556564390659332 0.530202329158783 0.502085268497467 0.500827968120575 0.484407901763916 0.443767070770264 0.423902601003647 0.436566919088364 0.43134817481041 0.429324954748154 0.453282922506332 0.469676613807678 0.47433403134346 0.453205823898315 0.44555988907814 0.470463961362839 0.514878869056702 0.555137276649475 0.560902774333954 0.553355038166046 0.538129806518555 0.531904101371765 0.518594920635223 0.507544338703156 0.465349912643433 0.415812909603119 0.386093407869339 0.368612200021744 0.336614221334457 0.330516040325165 0.34790712594986 0.364679157733917
0.249997273087502 0.318408966064453 0.364342451095581 0.427725285291672 0.463991850614548 0.473969340324402 0.485460460186005 0.506673097610474 0.529837071895599 0.544506311416626 0.548958957195282 0.560032606124878 0.56074720621109 0.539492785930634 0.518975794315338 0.490358978509903 0.459106266498566 0.438008248806 0.396102428436279 0.361155718564987 0.35841691493988 0.402916550636292 0.434444785118103 0.437133640050888 0.433510601520538 0.434043526649475 0.448188036680222 0.440231800079346 0.443001300096512 0.471486508846283 0.528475105762482 0.558299243450165 0.546527326107025 0.517302632331848 0.530320942401886 0.545203566551208 0.534890055656433 0.501546740531921 0.454037725925446 0.42196187376976 0.396470427513123 0.348435372114182 0.345969408750534 0.365830838680267 0.35603541135788
0.315510362386703 0.37202188372612 0.40152508020401 0.459925532341003 0.486607700586319 0.489341497421265 0.501310527324677 0.518461465835571 0.534295260906219 0.545174062252045 0.549194633960724 0.569675803184509 0.559650897979736 0.521828353404999 0.501729667186737 0.487899422645569 0.435467690229416 0.386570990085602 0.356801718473434 0.340314984321594 0.342623084783554 0.352228850126266 0.373890399932861 0.387611150741577 0.391707062721252 0.393734127283096 0.433262199163437 0.434101819992065 0.434718519449234 0.472868144512177 0.506237506866455 0.535416901111603 0.526145398616791 0.497223794460297 0.522086381912231 0.534123718738556 0.519932925701141 0.527030646800995 0.514483153820038 0.463327616453171 0.410582661628723 0.381546944379807 0.376564830541611 0.370192170143127 0.350961923599243
0.357604146003723 0.403454035520554 0.43602591753006 0.480946213006973 0.48068705201149 0.489130884408951 0.517048716545105 0.534799039363861 0.547127783298492 0.559078395366669 0.56844699382782 0.583050191402435 0.559327363967896 0.515971720218658 0.483533471822739 0.447926908731461 0.408616989850998 0.354098170995712 0.336338251829147 0.307619124650955 0.327895253896713 0.326502561569214 0.314412325620651 0.33156156539917 0.365649461746216 0.383486270904541 0.385076493024826 0.389480203390121 0.425628364086151 0.471536129713058 0.492657840251923 0.517110526561737 0.500383794307709 0.483033001422882 0.511533260345459 0.515012681484222 0.531008005142212 0.562791466712952 0.552902579307556 0.486887663602829 0.421367436647415 0.400106251239777 0.381899386644363 0.360128194093704 0.338372588157654
0.41462916135788 0.43952614068985 0.465427666902542 0.484404146671295 0.4681596159935 0.484921842813492 0.521442592144012 0.549915432929993 0.563311457633972 0.562663435935974 0.5761878490448 0.589192271232605 0.554697036743164 0.51712030172348 0.465412467718124 0.396076858043671 0.390044957399368 0.382877349853516 0.35030123591423 0.322211652994156 0.335594326257706 0.327757477760315 0.292244732379913 0.313732981681824 0.327225655317307 0.325500458478928 0.3144671022892 0.333118051290512 0.385328888893127 0.43857216835022 0.455044329166412 0.477890580892563 0.480609565973282 0.471892774105072 0.488487124443054 0.508204996585846 0.51664000749588 0.549512267112732 0.560167551040649 0.511433362960815 0.453518122434616 0.427863925695419 0.415344268083572 0.37153896689415 0.336246311664581
0.440824925899506 0.461758375167847 0.474078565835953 0.479573160409927 0.492058098316193 0.532421112060547 0.560498595237732 0.569074749946594 0.571456432342529 0.563724935054779 0.577203810214996 0.583959817886353 0.541845321655273 0.519345462322235 0.463515847921371 0.4004065990448 0.392846524715424 0.407746553421021 0.373825073242188 0.343804836273193 0.338498026132584 0.320005536079407 0.293975204229355 0.282594591379166 0.280940383672714 0.284923195838928 0.285715907812119 0.294309884309769 0.333153128623962 0.365871757268906 0.399834543466568 0.447723090648651 0.477735280990601 0.490046322345734 0.48889571428299 0.496877104043961 0.501171410083771 0.536445140838623 0.557120621204376 0.515748798847198 0.466067314147949 0.443751186132431 0.435110062360764 0.386076718568802 0.370419204235077
0.44298130273819 0.474853307008743 0.487367182970047 0.501353144645691 0.531853437423706 0.568007707595825 0.581873893737793 0.569300651550293 0.557018876075745 0.55913895368576 0.565465569496155 0.560400187969208 0.533105552196503 0.519987165927887 0.471330583095551 0.412035316228867 0.394130378961563 0.400330871343613 0.36981126666069 0.350755840539932 0.3630031645298 0.331793934106827 0.301213026046753 0.261433035135269 0.24385404586792 0.255627661943436 0.250171840190887 0.257132202386856 0.285069048404694 0.299419850111008 0.351260393857956 0.44100621342659 0.501826345920563 0.532037734985352 0.527231633663177 0.511552572250366 0.510920405387878 0.51960152387619 0.521090626716614 0.503111839294434 0.495432764291763 0.475482851266861 0.453343063592911 0.426252752542496 0.420451581478119
0.479469001293182 0.50379353761673 0.503713607788086 0.531982004642487 0.552727341651917 0.561333894729614 0.568080484867096 0.558899700641632 0.544160783290863 0.54445892572403 0.543781459331512 0.542413949966431 0.525102376937866 0.499127000570297 0.466281175613403 0.414717733860016 0.383642494678497 0.383726418018341 0.375014752149582 0.375747978687286 0.357064038515091 0.299917429685593 0.273919612169266 0.239549994468689 0.21278503537178 0.218547105789185 0.208761945366859 0.230344906449318 0.259118109941483 0.275567919015884 0.326502174139023 0.410093009471893 0.487090080976486 0.5303915143013 0.559263288974762 0.547173738479614 0.515437424182892 0.496084958314896 0.49016347527504 0.516996383666992 0.549359798431396 0.52369499206543 0.491281270980835 0.464089393615723 0.448510736227036
0.495090067386627 0.509881436824799 0.52411812543869 0.555092334747314 0.558836281299591 0.555288136005402 0.558462679386139 0.557681918144226 0.541995525360107 0.528166353702545 0.531132161617279 0.53619509935379 0.524680256843567 0.492678970098495 0.4575055539608 0.411365628242493 0.399399071931839 0.389702677726746 0.360027849674225 0.349653691053391 0.323287725448608 0.266408115625381 0.236243426799774 0.230727314949036 0.209616750478745 0.201685979962349 0.211746096611023 0.233566552400589 0.251653701066971 0.269522458314896 0.29950475692749 0.33348485827446 0.404518872499466 0.493914067745209 0.56229567527771 0.562716782093048 0.520004034042358 0.497438132762909 0.502950131893158 0.517546415328979 0.544543564319611 0.540764331817627 0.533778131008148 0.516258776187897 0.499053061008453
0.489697635173798 0.50464928150177 0.537762701511383 0.557733118534088 0.553292989730835 0.552585542201996 0.561473429203033 0.56340765953064 0.541719079017639 0.51432341337204 0.517202496528625 0.529815316200256 0.516656935214996 0.495648294687271 0.45105716586113 0.397245228290558 0.390421450138092 0.384009063243866 0.351301074028015 0.330090254545212 0.311257123947144 0.286304533481598 0.253849387168884 0.234403878450394 0.2231415361166 0.223590463399887 0.241435304284096 0.249848455190659 0.252074182033539 0.268906027078629 0.278953820466995 0.269611775875092 0.32965099811554 0.439627587795258 0.524891436100006 0.565600752830505 0.547165811061859 0.521631896495819 0.522677063941956 0.502890527248383 0.521180212497711 0.560318648815155 0.581530749797821 0.576793849468231 0.553274273872375
0.496760010719299 0.505849659442902 0.53148353099823 0.549434244632721 0.552688479423523 0.556963980197906 0.562027931213379 0.559819579124451 0.539091944694519 0.505618691444397 0.5116206407547 0.524551272392273 0.507206499576569 0.503341257572174 0.461208283901215 0.399666219949722 0.387797355651855 0.390714347362518 0.378303617238998 0.344453901052475 0.307569324970245 0.283293455839157 0.271842300891876 0.258480548858643 0.261263012886047 0.263713032007217 0.25654935836792 0.24909870326519 0.24854351580143 0.273676574230194 0.285822689533234 0.280647844076157 0.324143290519714 0.387209564447403 0.461682230234146 0.530737400054932 0.559310853481293 0.561183035373688 0.55826610326767 0.543076157569885 0.561766088008881 0.57945841550827 0.596889913082123 0.608705103397369 0.580717861652374
0.518194913864136 0.508329749107361 0.522920608520508 0.543908834457397 0.5524822473526 0.550309896469116 0.55241185426712 0.554912030696869 0.539388418197632 0.515019774436951 0.514322280883789 0.509338200092316 0.488590151071548 0.48433917760849 0.461307913064957 0.431864023208618 0.425049245357513 0.428542882204056 0.419774860143661 0.374106228351593 0.320057958364487 0.292616158723831 0.295466899871826 0.289351731538773 0.279376208782196 0.288363039493561 0.287490457296371 0.267907083034515 0.253905385732651 0.266219884157181 0.285531431436539 0.301570266485214 0.31897759437561 0.349112898111343 0.390133708715439 0.471366345882416 0.555959224700928 0.578749358654022 0.585008800029755 0.586670160293579 0.585180342197418 0.554521501064301 0.562881767749786 0.594769597053528 0.593132734298706
0.53902804851532 0.532967150211334 0.526090085506439 0.536319673061371 0.5356165766716 0.534320592880249 0.539487719535828 0.552025377750397 0.556589782238007 0.53512042760849 0.515856564044952 0.495442152023315 0.468850523233414 0.459439218044281 0.472839504480362 0.485224366188049 0.492707788944244 0.487031191587448 0.468516230583191 0.421498477458954 0.365279495716095 0.343751102685928 0.347963839769363 0.327946394681931 0.311240404844284 0.325911909341812 0.329172074794769 0.305680841207504 0.281157523393631 0.276015490293503 0.281574159860611 0.296629399061203 0.317259520292282 0.345228493213654 0.356733500957489 0.436400830745697 0.530550360679626 0.559959411621094 0.589707434177399 0.590456902980804 0.560486733913422 0.54648768901825 0.566721737384796 0.597580254077911 0.59751307964325
0.543491423130035 0.548340618610382 0.519514858722687 0.526865661144257 0.526865065097809 0.527599930763245 0.540979743003845 0.557862341403961 0.565090298652649 0.541718006134033 0.515075504779816 0.497529715299606 0.475899666547775 0.475944310426712 0.5043084025383 0.531150579452515 0.559384882450104 0.553956687450409 0.52233761548996 0.47873854637146 0.42729315161705 0.40381321310997 0.395616412162781 0.382703304290771 0.372731745243073 0.368193775415421 0.356298118829727 0.32237496972084 0.28934720158577 0.280732184648514 0.289577811956406 0.293221741914749 0.32402116060257 0.355891197919846 0.349935621023178 0.381603866815567 0.464806407690048 0.536682724952698 0.576730847358704 0.579123198986053 0.563579320907593 0.558243215084076 0.576632082462311 0.596139430999756 0.594839036464691
0.53308629989624 0.541565477848053 0.52511465549469 0.529767453670502 0.543311774730682 0.54901248216629 0.551110982894897 0.555190801620483 0.557351469993591 0.551834106445312 0.531157433986664 0.512067914009094 0.511971235275269 0.500875294208527 0.503131449222565 0.528044760227203 0.569181084632874 0.582802534103394 0.561348974704742 0.533011972904205 0.496656030416489 0.473188728094101 0.453453183174133 0.434753626585007 0.417323052883148 0.40173277258873 0.380439519882202 0.345420926809311 0.301129728555679 0.284298479557037 0.290180116891861 0.283465564250946 0.301504641771317 0.337055623531342 0.346935451030731 0.357384085655212 0.426087349653244 0.511279106140137 0.554246723651886 0.536200106143951 0.524845898151398 0.54001384973526 0.568500399589539 0.571642994880676 0.569451749324799
0.529738008975983 0.55602353811264 0.556596636772156 0.55115008354187 0.556010663509369 0.563592672348022 0.553299248218536 0.538389444351196 0.540346562862396 0.563662052154541 0.553199052810669 0.534815430641174 0.549184739589691 0.522125959396362 0.480123162269592 0.488522380590439 0.535039782524109 0.560983419418335 0.561286568641663 0.553049445152283 0.54604959487915 0.531882882118225 0.498422771692276 0.465156406164169 0.443761050701141 0.429181754589081 0.411813318729401 0.377755671739578 0.329097151756287 0.307439178228378 0.295612692832947 0.277764439582825 0.285896748304367 0.31386923789978 0.342142254114151 0.371871054172516 0.422360688447952 0.479375004768372 0.511014759540558 0.501740992069244 0.495635420084 0.521157324314117 0.552750408649445 0.549431562423706 0.558680772781372
