data/1_raw/trimmed_ndre/J_ndre.625.2012_no_clouds.asc
NCOLS 141 
NROWS 118 
XLLCORNER 516845 
YLLCORNER 5169015 
CELLSIZE 5 
NODATA_value -3.4e+38 
[rows 20 to 39 of 118, columns 0 to 44 of 141]
-3.4e+38 -3.4e+38 -3.4e+38 -3.4e+38 -3.4e+38 -3.4e+38 -3.4e+38 -3.4e+38 -3.4e+38 -3.4e+38 -3.4e+38 -3.4e+38 -3.4e+38 -3.4e+38 -3.4e+38 -3.4e+38 -3.4e+38 -3.4e+38 -3.4e+38 -3.4e+38 -3.4e+38 -3.4e+38 -3.4e+38 -3.4e+38 -3.4e+38 -3.4e+38 -3.4e+38 -3.4e+38 -3.4e+38 -3.4e+38 -3.4e+38 -3.4e+38 -3.4e+38 -3.4e+38 -3.4e+38 -3.4e+38 0.181498631834984 0.191116183996201 0.201036795973778 0.187640279531479 0.195919319987297 0.201528757810593 0.189210519194603 0.188817024230957 0.186155006289482
-3.4e+38 -3.4e+38 -3.4e+38 -3.4e+38 -3.4e+38 -3.4e+38 -3.4e+38 -3.4e+38 -3.4e+38 -3.4e+38 -3.4e+38 -3.4e+38 -3.4e+38 -3.4e+38 -3.4e+38 -3.4e+38 -3.4e+38 -3.4e+38 -3.4e+38 -3.4e+38 -3.4e+38 -3.4e+38 -3.4e+38 -3.4e+38 -3.4e+38 -3.4e+38 -3.4e+38 -3.4e+38 -3.4e+38 -3.4e+38 -3.4e+38 -3.4e+38 -3.4e+38 -3.4e+38 -3.4e+38 0.17627127468586 0.175181970000267 0.190591365098953 0.198497533798218 0.184404835104942 0.184714034199715 0.188347652554512 0.184339553117752 0.178551837801933 0.186236411333084
-3.4e+38 -3.4e+38 -3.4e+38 -3.4e+38 -3.4e+38 -3.4e+38 -3.4e+38 -3.4e+38 -3.4e+38 -3.4e+38 -3.4e+38 -3.4e+38 -3.4e+38 -3.4e+38 -3.4e+38 -3.4e+38 -3.4e+38 -3.4e+38 -3.4e+38 -3.4e+38 -3.4e+38 -3.4e+38 -3.4e+38 -3.4e+38 -3.4e+38 -3.4e+38 -3.4e+38 -3.4e+38 -3.4e+38 -3.4e+38 -3.4e+38 -3.4e+38 -3.4e+38 -3.4e+38 0.18662978708744 0.184346213936806 0.190456852316856 0.197768479585648 0.193057671189308 0.186237424612045 0.186185494065285 0.18168543279171 0.185484975576401 0.190042182803154 0.197881773114204
-3.4e+38 -3.4e+38 -3.4e+38 -3.4e+38 -3.4e+38 -3.4e+38 -3.4e+38 -3.4e+38 -3.4e+38 -3.4e+38 -3.4e+38 -3.4e+38 -3.4e+38 -3.4e+38 -3.4e+38 -3.4e+38 -3.4e+38 -3.4e+38 -3.4e+38 -3.4e+38 -3.4e+38 -3.4e+38 -3.4e+38 -3.4e+38 -3.4e+38 -3.4e+38 -3.4e+38 -3.4e+38 -3.4e+38 -3.4e+38 -3.4e+38 -3.4e+38 -3.4e+38 0.193689256906509 0.185987308621407 0.194579094648361 0.206814214587212 0.201872885227203 0.186345815658569 0.186561539769173 0.194516614079475 0.189077243208885 0.19747219979763 0.200442478060722 0.198321029543877
-3.4e+38 -3.4e+38 -3.4e+38 -3.4e+38 -3.4e+38 -3.4e+38 -3.4e+38 -3.4e+38 -3.4e+38 -3.4e+38 -3.4e+38 -3.4e+38 -3.4e+38 -3.4e+38 -3.4e+38 -3.4e+38 -3.4e+38 -3.4e+38 -3.4e+38 -3.4e+38 -3.4e+38 -3.4e+38 -3.4e+38 -3.4e+38 -3.4e+38 -3.4e+38 -3.4e+38 -3.4e+38 -3.4e+38 -3.4e+38 -3.4e+38 0.183477714657784 0.186002746224403 0.190264835953712 0.181611314415932 0.191803246736526 0.202482536435127 0.197638988494873 0.188005015254021 0.189962223172188 0.19740292429924 0.1937635242939 0.193998619914055 0.191231578588486 0.192676484584808
-3.4e+38 -3.4e+38 -3.4e+38 -3.4e+38 -3.4e+38 -3.4e+38 -3.4e+38 -3.4e+38 -3.4e+38 -3.4e+38 -3.4e+38 -3.4e+38 -3.4e+38 -3.4e+38 -3.4e+38 -3.4e+38 -3.4e+38 -3.4e+38 -3.4e+38 -3.4e+38 -3.4e+38 -3.4e+38 -3.4e+38 -3.4e+38 -3.4e+38 -3.4e+38 -3.4e+38 -3.4e+38 -3.4e+38 -3.4e+38 0.183055639266968 0.176427036523819 0.190934166312218 0.199571043252945 0.191137000918388 0.188030317425728 0.190806820988655 0.198277875781059 0.199736699461937 0.194906443357468 0.19625635445118 0.190956443548203 0.183903411030769 0.186072185635567 0.186047688126564
-3.4e+38 -3.4e+38 -3.4e+38 -3.4e+38 -3.4e+38 -3.4e+38 -3.4e+38 -3.4e+38 -3.4e+38 -3.4e+38 -3.4e+38 -3.4e+38 -3.4e+38 -3.4e+38 -3.4e+38 -3.4e+38 -3.4e+38 -3.4e+38 -3.4e+38 -3.4e+38 -3.4e+38 -3.4e+38 -3.4e+38 -3.4e+38 -3.4e+38 -3.4e+38 -3.4e+38 -3.4e+38 -3.4e+38 0.18736706674099 0.186952754855156 0.188993334770203 0.202323943376541 0.220049425959587 0.217473834753036 0.203583329916 0.197682917118073 0.201181918382645 0.203681945800781 0.194939225912094 0.196583643555641 0.196258723735809 0.191257566213608 0.19284975528717 0.182982906699181
-3.4e+38 -3.4e+38 -3.4e+38 -3.4e+38 -3.4e+38 -3.4e+38 -3.4e+38 -3.4e+38 -3.4e+38 -3.4e+38 -3.4e+38 -3.4e+38 -3.4e+38 -3.4e+38 -3.4e+38 -3.4e+38 -3.4e+38 -3.4e+38 -3.4e+38 -3.4e+38 -3.4e+38 -3.4e+38 -3.4e+38 -3.4e+38 -3.4e+38 -3.4e+38 0.196776807308197 0.190769016742706 0.201492384076118 0.215565577149391 0.224375709891319 0.212401270866394 0.207479953765869 0.230510532855988 0.233111247420311 0.214561685919762 0.203001707792282 0.201128110289574 0.195669963955879 0.189551696181297 0.192190065979958 0.194897845387459 0.195057719945908 0.19683264195919 0.193761870265007
-3.4e+38 -3.4e+38 -3.4e+38 -3.4e+38 -3.4e+38 -3.4e+38 -3.4e+38 -3.4e+38 -3.4e+38 -3.4e+38 -3.4e+38 -3.4e+38 -3.4e+38 -3.4e+38 -3.4e+38 -3.4e+38 -3.4e+38 -3.4e+38 -3.4e+38 -3.4e+38 -3.4e+38 -3.4e+38 -3.4e+38 0.21784782409668 0.208320185542107 0.201291456818581 0.203886985778809 0.201589554548264 0.208675816655159 0.221987709403038 0.228581994771957 0.214874982833862 0.196917027235031 0.213453888893127 0.212622582912445 0.207607015967369 0.205460906028748 0.206294938921928 0.199499115347862 0.192077666521072 0.193323969841003 0.201636284589767 0.194877207279205 0.197234466671944 0.206911697983742
-3.4e+38 -3.4e+38 -3.4e+38 -3.4e+38 -3.4e+38 -3.4e+38 -3.4e+38 -3.4e+38 -3.4e+38 -3.4e+38 -3.4e+38 -3.4e+38 -3.4e+38 -3.4e+38 -3.4e+38 -3.4e+38 -3.4e+38 -3.4e+38 -3.4e+38 0.198309034109116 0.181430861353874 0.197401523590088 0.219711735844612 0.215268239378929 0.220450073480606 0.216326087713242 0.206391885876656 0.198324903845787 0.198704823851585 0.196158066391945 0.194287642836571 0.205577149987221 0.204231917858124 0.200080618262291 0.198746636509895 0.201611414551735 0.215327382087708 0.216658085584641 0.201207533478737 0.199042454361916 0.210324719548225 0.218573093414307 0.210321843624115 0.204091742634773 0.211897745728493
-3.4e+38 -3.4e+38 -3.4e+38 -3.4e+38 -3.4e+38 -3.4e+38 -3.4e+38 -3.4e+38 -3.4e+38 -3.4e+38 -3.4e+38 -3.4e+38 -3.4e+38 -3.4e+38 -3.4e+38 -3.4e+38 0.199886843562126 0.196213111281395 0.20030951499939 0.203855499625206 0.179992467164993 0.200703114271164 0.226284295320511 0.223066508769989 0.225702434778214 0.224187329411507 0.209205582737923 0.198255121707916 0.196420714259148 0.194015353918076 0.19329859316349 0.204635992646217 0.211954846978188 0.207144066691399 0.205095544457436 0.19038750231266 0.183538839221001 0.193275675177574 0.197793737053871 0.203883424401283 0.209918096661568 0.206725731492043 0.197087973356247 0.194418832659721 0.204793184995651
-3.4e+38 -3.4e+38 -3.4e+38 -3.4e+38 -3.4e+38 -3.4e+38 -3.4e+38 -3.4e+38 -3.4e+38 -3.4e+38 -3.4e+38 -3.4e+38 -3.4e+38 0.206403359770775 0.204226553440094 0.191444844007492 0.19376029074192 0.205660104751587 0.214120164513588 0.217065036296844 0.212054923176765 0.228839293122292 0.235343888401985 0.229505643248558 0.228391736745834 0.233889803290367 0.224915310740471 0.213011533021927 0.206733927130699 0.205102771520615 0.203260853886604 0.203211113810539 0.21509912610054 0.212002605199814 0.207381546497345 0.203361004590988 0.193628177046776 0.194037675857544 0.206064522266388 0.210863158106804 0.205341875553131 0.187519386410713 0.177792355418205 0.199786454439163 0.20431724190712
-3.4e+38 -3.4e+38 -3.4e+38 -3.4e+38 -3.4e+38 -3.4e+38 -3.4e+38 -3.4e+38 -3.4e+38 -3.4e+38 -3.4e+38 -3.4e+38 0.22722364962101 0.216411545872688 0.211956843733788 0.210916087031364 0.209281474351883 0.218446776270866 0.22250634431839 0.232157707214355 0.244749814271927 0.25699907541275 0.237520545721054 0.234203234314919 0.241781711578369 0.244073927402496 0.227657243609428 0.211958229541779 0.211317077279091 0.214627265930176 0.205026134848595 0.200003445148468 0.212791845202446 0.204226315021515 0.203341066837311 0.209994092583656 0.204334184527397 0.1983602643013 0.197997540235519 0.206674873828888 0.190630882978439 0.184021443128586 0.189835354685783 0.210756987333298 0.206719428300858
-3.4e+38 -3.4e+38 -3.4e+38 -3.4e+38 -3.4e+38 -3.4e+38 -3.4e+38 -3.4e+38 -3.4e+38 -3.4e+38 0.234403893351555 0.228444129228592 0.21218940615654 0.206829532980919 0.212219566106796 0.216347083449364 0.208938494324684 0.206091642379761 0.222608134150505 0.235336363315582 0.247882694005966 0.250943452119827 0.231822624802589 0.239882260560989 0.248316913843155 0.237259805202484 0.225165694952011 0.207226127386093 0.198405653238297 0.198962360620499 0.196473196148872 0.199382737278938 0.212395906448364 0.208111673593521 0.212938115000725 0.20310777425766 0.187223345041275 0.20495793223381 0.209027484059334 0.203289210796356 0.191724509000778 0.199686825275421 0.193042203783989 0.182021126151085 0.190323352813721
-3.4e+38 -3.4e+38 -3.4e+38 -3.4e+38 -3.4e+38 -3.4e+38 -3.4e+38 -3.4e+38 -3.4e+38 0.220086440443993 0.195834457874298 0.190765753388405 0.185613811016083 0.183200046420097 0.182684525847435 0.173558339476585 0.172836512327194 0.193338975310326 0.209476679563522 0.206647038459778 0.22226782143116 0.235280454158783 0.23066334426403 0.228856429457664 0.232647910714149 0.234543919563293 0.234699979424477 0.206196859478951 0.181251913309097 0.175888076424599 0.176616922020912 0.175507962703705 0.192799896001816 0.208847522735596 0.217575058341026 0.207488909363747 0.192921087145805 0.204280257225037 0.20491336286068 0.208942607045174 0.212431833148003 0.204169169068336 0.194310382008553 0.178842976689339 0.184321030974388
-3.4e+38 -3.4e+38 -3.4e+38 -3.4e+38 -3.4e+38 -3.4e+38 -3.4e+38 -3.4e+38 0.193351000547409 0.206352397799492 0.201313227415085 0.181224778294563 0.1706483066082 0.159189522266388 0.153938978910446 0.152983397245407 0.146517232060432 0.156641900539398 0.177407905459404 0.187382459640503 0.221644386649132 0.231535866856575 0.230705097317696 0.231686726212502 0.22533006966114 0.243997484445572 0.248137384653091 0.202920153737068 0.169528692960739 0.159197196364403 0.161892682313919 0.149788588285446 0.164073005318642 0.190458133816719 0.195755258202553 0.195456519722939 0.191977754235268 0.196753606200218 0.198152273893356 0.205437913537025 0.211787283420563 0.204085573554039 0.219489887356758 0.206513702869415 0.199688762426376
-3.4e+38 -3.4e+38 -3.4e+38 -3.4e+38 -3.4e+38 -3.4e+38 0.224989324808121 0.214065507054329 0.196660399436951 0.201901584863663 0.208288744091988 0.189990848302841 0.163494527339935 0.151512190699577 0.142947882413864 0.138763412833214 0.139879077672958 0.145249828696251 0.18635205924511 0.221100628376007 0.23825478553772 0.235208794474602 0.2343959659338 0.243602603673935 0.23166236281395 0.250877290964127 0.251759946346283 0.206301093101501 0.171020686626434 0.166642546653748 0.170250594615936 0.153854727745056 0.159325003623962 0.163254663348198 0.156205162405968 0.164189264178276 0.173768043518066 0.182146087288857 0.190527632832527 0.188269108533859 0.192854776978493 0.204524785280228 0.219826474785805 0.218798562884331 0.210297584533691
-3.4e+38 -3.4e+38 -3.4e+38 -3.4e+38 -3.4e+38 0.217820018529892 0.183491706848145 0.193567112088203 0.197459995746613 0.192909345030785 0.204334795475006 0.196513071656227 0.175329342484474 0.164135381579399 0.158419921994209 0.153556555509567 0.164055183529854 0.180656209588051 0.227388575673103 0.257557451725006 0.249042078852654 0.236633211374283 0.223665595054626 0.232757776975632 0.241378605365753 0.263791888952255 0.250054627656937 0.206049114465714 0.184595197439194 0.188782572746277 0.192153185606003 0.177863165736198 0.176665112376213 0.170432388782501 0.156903937458992 0.154520705342293 0.160825222730637 0.149406000971794 0.149466678500175 0.159982904791832 0.167010933160782 0.171464696526527 0.183069154620171 0.213711485266685 0.216183125972748
-3.4e+38 -3.4e+38 -3.4e+38 -3.4e+38 0.338157266378403 0.279087036848068 0.250070989131927 0.247597098350525 0.264129549264908 0.258082956075668 0.227751985192299 0.197973504662514 0.179408758878708 0.178342133760452 0.190204709768295 0.190087705850601 0.193146228790283 0.20664618909359 0.23297917842865 0.257353961467743 0.245724976062775 0.231697142124176 0.217898726463318 0.229002326726913 0.247115284204483 0.250181883573532 0.233283922076225 0.19540536403656 0.18452200293541 0.191459879279137 0.199030742049217 0.203904613852501 0.206601783633232 0.21848937869072 0.193416625261307 0.165967762470245 0.160154178738594 0.138104826211929 0.142172515392303 0.164207696914673 0.15598937869072 0.13809671998024 0.140318036079407 0.169852957129478 0.181602954864502
-3.4e+38 -3.4e+38 0.42938819527626 0.450068801641464 0.474914997816086 0.460065096616745 0.424474000930786 0.390307009220123 0.386914521455765 0.389591366052628 0.365542829036713 0.337240517139435 0.307229697704315 0.289695858955383 0.266156017780304 0.224202036857605 0.200128957629204 0.205873981118202 0.216705963015556 0.236163929104805 0.235264733433723 0.225652635097504 0.223747506737709 0.235288918018341 0.233127892017365 0.217487186193466 0.216656744480133 0.18654265999794 0.176627576351166 0.200024396181107 0.215564206242561 0.221868053078651 0.226859420537949 0.241788119077682 0.212502956390381 0.184907913208008 0.179950267076492 0.160796672105789 0.152915462851524 0.162087544798851 0.153847858309746 0.146431550383568 0.136861830949783 0.148175179958344 0.166387096047401
