data/1_raw/trimmed_ndre/J_ndre.724.2013_no_clouds.asc
NCOLS 141 
NROWS 118 
XLLCORNER 516845 
YLLCORNER 5169015 
CELLSIZE 5 
NODATA_value -3.4e+38 
[rows 60 to 79 of 118, columns 45 to 89 of 141]
0.170929595828056 0.157756939530373 0.157756939530373 0.147779375314713 0.128208503127098 0.148195207118988 0.150454625487328 0.126702502369881 0.123992308974266 0.135747820138931 0.135747820138931 0.150824815034866 0.135303944349289 0.139784157276154 0.139784157276154 0.125277534127235 0.145623207092285 0.152406245470047 0.164831176400185 0.159340932965279 0.216119855642319 0.187097311019897 0.155700147151947 0.133406311273575 0.134425580501556 0.139313519001007 0.148386403918266 0.160303846001625 0.188302904367447 0.188302904367447 0.17957729101181 0.144660070538521 0.141613677144051 0.141613677144051 0.135204344987869 0.143130972981453 0.164275094866753 0.164275094866753 0.167564794421196 0.153342023491859 0.138866797089577 0.170097753405571 0.166191503405571 0.173508137464523 0.186220809817314
0.188321679830551 0.16681070625782 0.158702298998833 0.158702298998833 0.135815396904945 0.13275058567524 0.129646107554436 0.131697297096252 0.147358432412148 0.131228134036064 0.13877560198307 0.152341619133949 0.155188605189323 0.155334964394569 0.155329555273056 0.131533846259117 0.140813037753105 0.162826105952263 0.150694519281387 0.163857772946358 0.163509204983711 0.151297062635422 0.151297062635422 0.133805960416794 0.125066846609116 0.132336363196373 0.132336363196373 0.14872233569622 0.169045954942703 0.168513283133507 0.168513283133507 0.151752889156342 0.147914782166481 0.158584043383598 0.155204862356186 0.168527841567993 0.180750772356987 0.17804117500782 0.151263743638992 0.151680588722229 0.151377782225609 0.145745292305946 0.158508121967316 0.154877617955208 0.163562908768654
0.184693947434425 0.173660218715668 0.142128124833107 0.142128124833107 0.152209520339966 0.148188322782516 0.136510953307152 0.136510953307152 0.145137593150139 0.146966069936752 0.15008382499218 0.150081411004066 0.142417326569557 0.1568563580513 0.160407349467278 0.115445800125599 0.118327148258686 0.153143987059593 0.144774228334427 0.144769921898842 0.154148504137993 0.152004346251488 0.136087760329247 0.136083453893661 0.145836174488068 0.130927875638008 0.139077886939049 0.14163364470005 0.154822006821632 0.154031813144684 0.154031813144684 0.147053763270378 0.143323823809624 0.158320635557175 0.158320635557175 0.16473251581192 0.152485504746437 0.153525158762932 0.155832573771477 0.161155238747597 0.151377782225609 0.1745295971632 0.1745295971632 0.157223179936409 0.173015803098679
0.179833084344864 0.163115233182907 0.146710082888603 0.149352118372917 0.149352118372917 0.14603590965271 0.12519346177578 0.125429019331932 0.129860684275627 0.136562630534172 0.152251005172729 0.147794425487518 0.147794425487518 0.143886715173721 0.147217944264412 0.119481258094311 0.134651497006416 0.132509618997574 0.123745247721672 0.149012297391891 0.131719052791595 0.138447597622871 0.143845915794373 0.143840655684471 0.140449523925781 0.136785581707954 0.144170671701431 0.13466377556324 0.159491270780563 0.155532255768776 0.139786526560783 0.139786526560783 0.140797436237335 0.156058073043823 0.169491156935692 0.169491156935692 0.151012778282166 0.145892560482025 0.161148026585579 0.161148026585579 0.145843297243118 0.157626435160637 0.162606716156006 0.160253718495369 0.177501365542412
0.158553168177605 0.158553168177605 0.169597595930099 0.15252822637558 0.188635155558586 0.154995635151863 0.148283809423447 0.155479162931442 0.149995997548103 0.152122125029564 0.15159609913826 0.15655854344368 0.15655854344368 0.145355567336082 0.135287463665009 0.151861295104027 0.151861295104027 0.148148477077484 0.125955030322075 0.146826758980751 0.146826758980751 0.147285386919975 0.152931034564972 0.14356105029583 0.14356105029583 0.14139062166214 0.144170671701431 0.159491270780563 0.159491270780563 0.151657253503799 0.152447193861008 0.159007653594017 0.159007653594017 0.153632745146751 0.167966544628143 0.165167793631554 0.159491613507271 0.159718126058578 0.154850751161575 0.148851349949837 0.134031593799591 0.140238419175148 0.148599699139595 0.148599699139595 0.151141181588173
0.164735481142998 0.164737656712532 0.171953707933426 0.15987291932106 0.136770114302635 0.136770114302635 0.14048920571804 0.146637767553329 0.141749054193497 0.141749054193497 0.158395484089851 0.140112176537514 0.152532905340195 0.152532905340195 0.1545340269804 0.144518941640854 0.175569772720337 0.159492403268814 0.165978297591209 0.157041043043137 0.152890458703041 0.152885347604752 0.146356359124184 0.136018916964531 0.138368517160416 0.155264481902122 0.153392940759659 0.153190493583679 0.153190493583679 0.141465276479721 0.150805294513702 0.144887924194336 0.144887924194336 0.16124452650547 0.1691954433918 0.170059591531754 0.170060440897942 0.166990786790848 0.143401324748993 0.143640384078026 0.148246884346008 0.137880936264992 0.148590356111526 0.160453781485558 0.160453781485558
0.166307166218758 0.180003076791763 0.180003076791763 0.186183243989944 0.149678483605385 0.168712064623833 0.168709427118301 0.160408526659012 0.143982484936714 0.138680666685104 0.147764787077904 0.14362296462059 0.154574915766716 0.147075518965721 0.147071331739426 0.146744504570961 0.159857854247093 0.178386107087135 0.180507093667984 0.166693300008774 0.159603580832481 0.159598380327225 0.141970381140709 0.122700527310371 0.155331075191498 0.155331075191498 0.15120841562748 0.175596743822098 0.162954106926918 0.150765925645828 0.160157755017281 0.161842733621597 0.147956311702728 0.147956311702728 0.152043849229813 0.156749248504639 0.140344932675362 0.140344932675362 0.157011553645134 0.154447853565216 0.14107945561409 0.14107945561409 0.143239334225655 0.146491035819054 0.143003463745117
0.173393920063972 0.190896034240723 0.182854905724525 0.173333883285522 0.171865746378899 0.157449707388878 0.169214263558388 0.165171459317207 0.139445453882217 0.144768357276917 0.140893116593361 0.149823546409607 0.166782543063164 0.176331788301468 0.176330015063286 0.139360472559929 0.156941309571266 0.159699589014053 0.159699589014053 0.152645066380501 0.170803487300873 0.151512086391449 0.140472993254662 0.124248348176479 0.140078276395798 0.140770316123962 0.140770316123962 0.15697705745697 0.146887436509132 0.170795366168022 0.170795366168022 0.178007557988167 0.164604425430298 0.169294491410255 0.167894765734673 0.177129134535789 0.141833797097206 0.141313284635544 0.149626463651657 0.163502424955368 0.159021645784378 0.152823626995087 0.147879794239998 0.15417468547821 0.1650160998106
0.168747931718826 0.155361518263817 0.157359644770622 0.157359644770622 0.157523065805435 0.17445695400238 0.157487720251083 0.157487720251083 0.151823565363884 0.160188227891922 0.147541552782059 0.152115672826767 0.155263260006905 0.16439962387085 0.15723542869091 0.15723542869091 0.158645123243332 0.153982475399971 0.167856797575951 0.170845836400986 0.16796113550663 0.157385662198067 0.147589653730392 0.133371859788895 0.148470625281334 0.139724865555763 0.161186039447784 0.165913224220276 0.160324975848198 0.155913695693016 0.155913695693016 0.155698746442795 0.150244235992432 0.15802763402462 0.15802763402462 0.178587362170219 0.165458425879478 0.151838600635529 0.151842206716537 0.171193808317184 0.168597862124443 0.16501772403717 0.155626490712166 0.159449025988579 0.172978267073631
0.155334964394569 0.150124937295914 0.166500896215439 0.153652533888817 0.153648093342781 0.179126888513565 0.166286244988441 0.164468064904213 0.164468064904213 0.168958023190498 0.159235596656799 0.160587951540947 0.153725892305374 0.16127073764801 0.161327049136162 0.16743591427803 0.16743591427803 0.163296818733215 0.186750695109367 0.181320667266846 0.203124552965164 0.201334744691849 0.14744159579277 0.147433444857597 0.146195903420448 0.137468904256821 0.162885263562202 0.162885263562202 0.166225045919418 0.154346063733101 0.154870897531509 0.148924320936203 0.152552992105484 0.155125394463539 0.160542294383049 0.160546481609344 0.15951669216156 0.16002145409584 0.164199754595757 0.164203822612762 0.171676337718964 0.165008246898651 0.164719730615616 0.164719730615616 0.1708904504776
0.145659014582634 0.156966894865036 0.156944558024406 0.162992864847183 0.166345104575157 0.154267832636833 0.145066946744919 0.147004410624504 0.140719249844551 0.159513115882874 0.154559418559074 0.148233622312546 0.148228213191032 0.162066072225571 0.180820062756538 0.128799885511398 0.128799885511398 0.147895857691765 0.188237577676773 0.193484380841255 0.193484380841255 0.206436678767204 0.163106232881546 0.146431446075439 0.15973262488842 0.139020726084709 0.147889018058777 0.150628983974457 0.150625392794609 0.145389795303345 0.145985513925552 0.160405546426773 0.161343619227409 0.164439901709557 0.162367090582848 0.161056622862816 0.155096486210823 0.153314188122749 0.164199754595757 0.164203822612762 0.152719870209694 0.149480029940605 0.16610398888588 0.160144403576851 0.16856387257576
0.161594226956367 0.156960844993591 0.156934157013893 0.16696834564209 0.153331309556961 0.153331309556961 0.145065292716026 0.144655719399452 0.159575372934341 0.159571394324303 0.16083599627018 0.161505684256554 0.173900425434113 0.17846904695034 0.199974164366722 0.13330839574337 0.148635894060135 0.148635894060135 0.178347125649452 0.197996616363525 0.227523893117905 0.227523893117905 0.164573803544044 0.152360901236534 0.140547007322311 0.13862344622612 0.149417757987976 0.157380849123001 0.157376810908318 0.146868333220482 0.154794678092003 0.168302208185196 0.168302208185196 0.169073700904846 0.165558353066444 0.16076947748661 0.169536590576172 0.163623079657555 0.161567285656929 0.146563470363617 0.146567583084106 0.146550551056862 0.154911696910858 0.177412465214729 0.177412465214729
0.163211226463318 0.155385181307793 0.155385181307793 0.164596930146217 0.173400565981865 0.159153386950493 0.135727182030678 0.13850249350071 0.150933101773262 0.159951776266098 0.159951776266098 0.153768733143806 0.155069142580032 0.170652315020561 0.198508754372597 0.180755257606506 0.162409856915474 0.158924594521523 0.158702045679092 0.164761453866959 0.186552137136459 0.200863406062126 0.182213306427002 0.154557913541794 0.150577306747437 0.150572031736374 0.144854739308357 0.143102943897247 0.157392963767052 0.157392963767052 0.168799296021461 0.166867315769196 0.172114208340645 0.173524484038353 0.174256145954132 0.181669399142265 0.158999428153038 0.158999428153038 0.168136745691299 0.168698415160179 0.1576908826828 0.1576908826828 0.169371142983437 0.186765298247337 0.184062153100967
0.156418800354004 0.1778544485569 0.17118713259697 0.174137055873871 0.161312326788902 0.159212291240692 0.159212291240692 0.149334236979485 0.145402103662491 0.143155947327614 0.162230089306831 0.149096995592117 0.144195094704628 0.175572395324707 0.175572395324707 0.187359943985939 0.152616336941719 0.1517623513937 0.151767820119858 0.169075235724449 0.190862163901329 0.190192684531212 0.190192684531212 0.163560211658478 0.163801699876785 0.166814044117928 0.150890380144119 0.169600576162338 0.156472340226173 0.166174978017807 0.163482189178467 0.155763894319534 0.167657718062401 0.179535806179047 0.174252644181252 0.167670696973801 0.156965807080269 0.156965807080269 0.174693092703819 0.168694972991943 0.170755803585052 0.170755803585052 0.178838595747948 0.185277536511421 0.166540697216988
0.149663135409355 0.1778544485569 0.184460878372192 0.177203729748726 0.169160574674606 0.164566248655319 0.154145881533623 0.154142364859581 0.147825881838799 0.145621091127396 0.139669269323349 0.139669269323349 0.126975148916245 0.141947284340858 0.144950345158577 0.154091596603394 0.145638048648834 0.131419524550438 0.13768270611763 0.13768270611763 0.160655602812767 0.175757080316544 0.172111794352531 0.152222484350204 0.159379526972771 0.175664603710175 0.175660505890846 0.180383950471878 0.167576849460602 0.16567799448967 0.16567799448967 0.152931585907936 0.170477852225304 0.171463742852211 0.171463742852211 0.18569527566433 0.163450792431831 0.18000091612339 0.173361524939537 0.175697356462479 0.180146604776382 0.174987882375717 0.174987882375717 0.178457289934158 0.175471916794777
0.163173362612724 0.174818843603134 0.182921707630157 0.172208607196808 0.159725546836853 0.154454827308655 0.161310210824013 0.128859594464302 0.131290957331657 0.124007038772106 0.141660705208778 0.151550635695457 0.144085824489594 0.138615146279335 0.151956036686897 0.144874647259712 0.142580837011337 0.146803304553032 0.143137440085411 0.143137440085411 0.148946136236191 0.171093732118607 0.153728246688843 0.153728246688843 0.136491537094116 0.134308055043221 0.157155945897102 0.157155945897102 0.156308650970459 0.169945448637009 0.159892022609711 0.159892022609711 0.165376573801041 0.175909236073494 0.182787492871284 0.181431576609612 0.185971274971962 0.181385949254036 0.17874938249588 0.17874938249588 0.189877867698669 0.183933198451996 0.170926034450531 0.173998609185219 0.175467655062675
0.158129870891571 0.157531052827835 0.172403484582901 0.162874683737755 0.162874683737755 0.164187118411064 0.161670506000519 0.138844206929207 0.13884049654007 0.128771498799324 0.137407645583153 0.143487945199013 0.132480069994926 0.124571956694126 0.148824974894524 0.15868678689003 0.15868678689003 0.171731054782867 0.16188482940197 0.139621511101723 0.139621511101723 0.168162256479263 0.163399547338486 0.145054623484612 0.145051002502441 0.154549941420555 0.166107013821602 0.1825992166996 0.170526117086411 0.16490612924099 0.17956505715847 0.187954843044281 0.199169144034386 0.200045257806778 0.208963856101036 0.182787492871284 0.192772924900055 0.190914466977119 0.183012649416924 0.183012649416924 0.174508288502693 0.168832212686539 0.185131385922432 0.185134947299957 0.173548713326454
0.155796557664871 0.155796557664871 0.152774527668953 0.160543844103813 0.138382166624069 0.157795682549477 0.166411221027374 0.161987766623497 0.147296503186226 0.14729243516922 0.130495324730873 0.134403198957443 0.152690708637238 0.152690708637238 0.159300908446312 0.1524378657341 0.162973523139954 0.155463770031929 0.148169755935669 0.158196598291397 0.172167032957077 0.176169663667679 0.173251897096634 0.180553048849106 0.156530186533928 0.139010936021805 0.167552798986435 0.170165225863457 0.170162290334702 0.186062723398209 0.181367263197899 0.185999482870102 0.185995161533356 0.202732756733894 0.196892514824867 0.185963988304138 0.18596838414669 0.183880552649498 0.167865917086601 0.163505256175995 0.182703480124474 0.175627067685127 0.180065765976906 0.170708864927292 0.170708864927292
0.155556544661522 0.13714998960495 0.13714998960495 0.183662459254265 0.168249294161797 0.173118591308594 0.180209815502167 0.151584222912788 0.12911656498909 0.13384984433651 0.147714093327522 0.151208847761154 0.170615434646606 0.170615434646606 0.180086955428123 0.156955122947693 0.167537987232208 0.162973523139954 0.16266256570816 0.166852235794067 0.179618254303932 0.179621815681458 0.148542985320091 0.142612710595131 0.137512013316154 0.137508645653725 0.169817626476288 0.168915286660194 0.174780920147896 0.174780920147896 0.183531850576401 0.173881754279137 0.181256055831909 0.181256055831909 0.168305218219757 0.182699665427208 0.182822003960609 0.175092607736588 0.165127754211426 0.160812646150589 0.162788942456245 0.156064465641975 0.169267535209656 0.171743869781494 0.162508755922318
0.164534792304039 0.163416296243668 0.163416296243668 0.153286457061768 0.145194515585899 0.162345409393311 0.162345409393311 0.138093680143356 0.133782625198364 0.132412165403366 0.132412165403366 0.163744375109673 0.173138901591301 0.188460931181908 0.180086955428123 0.148642688989639 0.174900904297829 0.165200307965279 0.165203765034676 0.158468917012215 0.182292327284813 0.160867303609848 0.160867303609848 0.155664756894112 0.187205344438553 0.19662418961525 0.193525597453117 0.167898684740067 0.174780920147896 0.175568103790283 0.174021512269974 0.186873376369476 0.16837802529335 0.16837802529335 0.18173636496067 0.16993536055088 0.165032416582108 0.177817612886429 0.161512404680252 0.163354992866516 0.161529675126076 0.161533743143082 0.171380117535591 0.175999909639359 0.160423576831818
