data/1_raw/trimmed_ndre/J_ndre.731.2012_no_clouds.asc
NCOLS 141 
NROWS 118 
XLLCORNER 516845 
YLLCORNER 5169015 
CELLSIZE 5 
NODATA_value -3.4e+38 
[rows 40 to 59 of 118, columns 45 to 89 of 141]
0.283640056848526 0.314625144004822 0.342627108097076 0.369464069604874 0.389189124107361 0.396935015916824 0.407104313373566 0.401120662689209 0.393498778343201 0.395900309085846 0.383184850215912 0.36809229850769 0.352304250001907 0.318985551595688 0.29272848367691 0.258022844791412 0.22054086625576 0.176581025123596 0.166158646345139 0.164769366383553 0.147494494915009 0.160326391458511 0.17907340824604 0.185038596391678 0.191045179963112 0.192108765244484 0.174786403775215 0.165778771042824 0.189560666680336 0.254900366067886 0.313352078199387 0.341173321008682 0.374392449855804 0.38429057598114 0.386597961187363 0.384555518627167 0.364670753479004 0.363858014345169 0.373607069253922 0.362880498170853 0.353884011507034 0.347667127847672 0.326937645673752 0.314488232135773 0.310867249965668
0.279491901397705 0.309937626123428 0.333665728569031 0.35610955953598 0.374247282743454 0.378776013851166 0.391350567340851 0.399788439273834 0.398942887783051 0.39637017250061 0.39148160815239 0.372764021158218 0.342560946941376 0.313806921243668 0.30759784579277 0.28388723731041 0.233190953731537 0.200909823179245 0.173251107335091 0.150407269597054 0.136100143194199 0.145406931638718 0.149557992815971 0.150117844343185 0.156284242868423 0.164211750030518 0.156769663095474 0.167126104235649 0.219793483614922 0.282864034175873 0.326574087142944 0.355438858270645 0.373145043849945 0.365808486938477 0.36884680390358 0.359555751085281 0.337802737951279 0.33496829867363 0.329638540744781 0.310915797948837 0.299806207418442 0.303705096244812 0.312929838895798 0.314071625471115 0.301788806915283
0.306024104356766 0.324226796627045 0.331073999404907 0.336353868246078 0.340922892093658 0.351330012083054 0.372717052698135 0.404660493135452 0.410259276628494 0.395505785942078 0.39296355843544 0.38433501124382 0.355210304260254 0.328304827213287 0.317735075950623 0.303465932607651 0.274467766284943 0.243350192904472 0.198863849043846 0.159818142652512 0.150846317410469 0.158125564455986 0.147865146398544 0.142198115587234 0.154706656932831 0.167473658919334 0.168425157666206 0.20696285367012 0.267652064561844 0.308424383401871 0.340841948986053 0.364000856876373 0.366788327693939 0.35669806599617 0.36041471362114 0.341207027435303 0.303885251283646 0.286780923604965 0.275615006685257 0.259866684675217 0.26320680975914 0.286102533340454 0.306267410516739 0.323166847229004 0.320533990859985
0.316947251558304 0.321551084518433 0.328461915254593 0.330561131238937 0.325664937496185 0.336229145526886 0.360891848802567 0.392511367797852 0.403737008571625 0.393846213817596 0.400349020957947 0.414068162441254 0.399415165185928 0.350769907236099 0.310442119836807 0.295336663722992 0.302694171667099 0.294461101293564 0.257124096155167 0.201547265052795 0.167547211050987 0.170996755361557 0.178492188453674 0.182591766119003 0.194040089845657 0.201095178723335 0.198679134249687 0.236096516251564 0.288377225399017 0.324148714542389 0.359060645103455 0.374120116233826 0.373636066913605 0.369535386562347 0.358759075403214 0.332334011793137 0.287264227867126 0.257078230381012 0.258263379335403 0.254219681024551 0.264233410358429 0.29437330365181 0.329945772886276 0.359429031610489 0.361476272344589
0.328946083784103 0.3310666680336 0.342941671609879 0.349584609270096 0.34358337521553 0.350912868976593 0.355252355337143 0.372379273176193 0.402188092470169 0.402986943721771 0.408187538385391 0.416325628757477 0.402368187904358 0.357946008443832 0.313669204711914 0.304067492485046 0.319621711969376 0.32606565952301 0.292570888996124 0.252352207899094 0.227054685354233 0.232134446501732 0.243298307061195 0.23483619093895 0.222331374883652 0.218730926513672 0.247886210680008 0.290865987539291 0.316135942935944 0.345057904720306 0.372555524110794 0.378760278224945 0.37964192032814 0.373278379440308 0.342498421669006 0.323764681816101 0.293974816799164 0.2585429251194 0.24990126490593 0.25374647974968 0.276526063680649 0.324489742517471 0.375847280025482 0.402881681919098 0.393335610628128
0.359861582517624 0.362534999847412 0.369819194078445 0.364441812038422 0.360418975353241 0.373216778039932 0.364338576793671 0.37439352273941 0.408143371343613 0.406170725822449 0.406777232885361 0.4051194190979 0.389247953891754 0.363297641277313 0.344972252845764 0.338481932878494 0.338351607322693 0.349150806665421 0.340414464473724 0.319834887981415 0.306498140096664 0.300507187843323 0.286871641874313 0.271933227777481 0.269999563694 0.278358519077301 0.314399302005768 0.34958878159523 0.348783284425735 0.368478029966354 0.381035298109055 0.363778918981552 0.364566951990128 0.373512417078018 0.345914989709854 0.322667956352234 0.295407831668854 0.274196147918701 0.274853706359863 0.285569101572037 0.3163041472435 0.363891452550888 0.412009745836258 0.427452951669693 0.415329724550247
0.393177330493927 0.393255203962326 0.398824363946915 0.3935367166996 0.390338182449341 0.398450464010239 0.389768242835999 0.39264103770256 0.400824517011642 0.391807109117508 0.398065537214279 0.397418707609177 0.385200053453445 0.372378766536713 0.371828526258469 0.365121990442276 0.355543434619904 0.363426148891449 0.360207319259644 0.346935242414474 0.334279298782349 0.320708394050598 0.302765876054764 0.298871964216232 0.31028613448143 0.333244025707245 0.368664294481277 0.383032470941544 0.370625585317612 0.378981351852417 0.360826432704926 0.333379179239273 0.353451251983643 0.389678657054901 0.375499427318573 0.328823626041412 0.313651293516159 0.31390392780304 0.317442268133163 0.332755625247955 0.363393604755402 0.397414743900299 0.439858883619308 0.447622358798981 0.428898483514786
0.406160712242126 0.409941852092743 0.420320183038712 0.414660811424255 0.412034392356873 0.411602407693863 0.401910722255707 0.404419660568237 0.403892248868942 0.392395496368408 0.399155795574188 0.401370495557785 0.38359472155571 0.372526288032532 0.383228331804276 0.382418423891068 0.364753514528275 0.348514348268509 0.332588404417038 0.321593165397644 0.309182792901993 0.303191810846329 0.296867847442627 0.303074061870575 0.328280657529831 0.361999928951263 0.399071007966995 0.40204593539238 0.391200035810471 0.386713564395905 0.354639649391174 0.34100466966629 0.368104159832001 0.397840410470963 0.386972695589066 0.35344061255455 0.349632501602173 0.357935190200806 0.356986403465271 0.370630174875259 0.391807407140732 0.417684465646744 0.446843951940536 0.450093567371368 0.430130332708359
0.411362439393997 0.416443973779678 0.419655948877335 0.408551037311554 0.410460263490677 0.40913113951683 0.394090861082077 0.391985476016998 0.393086820840836 0.384863138198853 0.388774871826172 0.390421003103256 0.368415862321854 0.354163885116577 0.363771259784698 0.367039024829865 0.351299315690994 0.317390114068985 0.294680625200272 0.282352536916733 0.27229517698288 0.270970225334167 0.27699026465416 0.292707443237305 0.334630221128464 0.373676061630249 0.40000969171524 0.39813157916069 0.393148183822632 0.388866901397705 0.376088887453079 0.372543752193451 0.392832428216934 0.416065961122513 0.412451922893524 0.395479202270508 0.388160794973373 0.392127633094788 0.378744691610336 0.385987043380737 0.404918104410172 0.422793209552765 0.439434230327606 0.441157698631287 0.428202539682388
0.395324349403381 0.396215736865997 0.395169913768768 0.385121136903763 0.383646905422211 0.389136075973511 0.377710342407227 0.365276098251343 0.37147256731987 0.363889276981354 0.365917444229126 0.366836339235306 0.354839265346527 0.346347838640213 0.338903307914734 0.338313519954681 0.327156364917755 0.2982277572155 0.274134516716003 0.258302450180054 0.256840229034424 0.260992169380188 0.264399766921997 0.280170649290085 0.315595954656601 0.350354224443436 0.363616079092026 0.35958132147789 0.358655124902725 0.369252026081085 0.373247891664505 0.373128920793533 0.388146460056305 0.405004054307938 0.4078508913517 0.401950597763062 0.407937794923782 0.417577356100082 0.413602709770203 0.423240691423416 0.426387578248978 0.426288157701492 0.430338889360428 0.428206890821457 0.428921967744827
0.374224364757538 0.374191641807556 0.361194282770157 0.360624641180038 0.37447202205658 0.377202808856964 0.370559960603714 0.364312261343002 0.367948830127716 0.365918040275574 0.374804794788361 0.377320259809494 0.374545365571976 0.364391833543777 0.347372800111771 0.33307746052742 0.323090791702271 0.304366648197174 0.294444978237152 0.28842169046402 0.286654710769653 0.285179078578949 0.267594993114471 0.266863852739334 0.284855633974075 0.296011745929718 0.304408639669418 0.303080409765244 0.302901864051819 0.302252382040024 0.306569010019302 0.309740781784058 0.32655131816864 0.350578665733337 0.357197642326355 0.356749385595322 0.379901111125946 0.389927268028259 0.38772639632225 0.40569406747818 0.419979929924011 0.426200151443481 0.426236271858215 0.419414311647415 0.419520825147629
0.371500879526138 0.378589600324631 0.366423487663269 0.373311638832092 0.38771790266037 0.37839663028717 0.384470492601395 0.390338659286499 0.387696772813797 0.390956819057465 0.40484482049942 0.408889055252075 0.405194610357285 0.388850271701813 0.387389332056046 0.387520521879196 0.375507473945618 0.366165965795517 0.354902058839798 0.344381183385849 0.33416348695755 0.330749571323395 0.320707619190216 0.313473790884018 0.315581679344177 0.300508290529251 0.285615831613541 0.278567433357239 0.273496508598328 0.26221689581871 0.25840637087822 0.262940466403961 0.275357931852341 0.294234335422516 0.291471898555756 0.287199795246124 0.313739806413651 0.320032387971878 0.318615764379501 0.335163503885269 0.352495729923248 0.363701373338699 0.366376549005508 0.36541473865509 0.369701266288757
0.401949107646942 0.401681751012802 0.390567094087601 0.38598370552063 0.3921257853508 0.389308243989944 0.388146609067917 0.393787562847137 0.395790845155716 0.4057377576828 0.417809009552002 0.424990743398666 0.426825046539307 0.423818320035934 0.426455914974213 0.424937546253204 0.416547894477844 0.414093792438507 0.401337265968323 0.384629607200623 0.380159676074982 0.387286961078644 0.392322659492493 0.3868188560009 0.385298848152161 0.377122282981873 0.349752962589264 0.338064461946487 0.332943946123123 0.31700810790062 0.309303373098373 0.308114945888519 0.308031260967255 0.307930499315262 0.293780088424683 0.28728973865509 0.298600882291794 0.300734639167786 0.301139712333679 0.302663832902908 0.297511249780655 0.299020498991013 0.308298885822296 0.317671984434128 0.325020015239716
0.420899510383606 0.411603599786758 0.396734446287155 0.382789790630341 0.388987988233566 0.391475826501846 0.383972585201263 0.386718153953552 0.393325418233871 0.402416825294495 0.411491751670837 0.423757761716843 0.43336945772171 0.432540088891983 0.423714876174927 0.416646033525467 0.410644114017487 0.413025051355362 0.414101243019104 0.40933221578598 0.404705494642258 0.407443016767502 0.419040530920029 0.419417411088943 0.409919142723083 0.404005318880081 0.398845583200455 0.402232378721237 0.392676025629044 0.372399359941483 0.368716895580292 0.368055939674377 0.368509203195572 0.365493804216385 0.360894501209259 0.355699449777603 0.352066218852997 0.344371914863586 0.336541026830673 0.335729628801346 0.334445357322693 0.336607903242111 0.339703857898712 0.342611402273178 0.346637904644012
0.415298700332642 0.40547388792038 0.392232090234756 0.387375831604004 0.390850067138672 0.390137851238251 0.381892651319504 0.383838295936584 0.395253747701645 0.402298927307129 0.404965698719025 0.407480478286743 0.410593956708908 0.408009320497513 0.397499024868011 0.393232822418213 0.389858931303024 0.392897635698318 0.400040298700333 0.405624240636826 0.405667245388031 0.398786813020706 0.40211096405983 0.416550427675247 0.422815948724747 0.421762019395828 0.417095392942429 0.414209276437759 0.397116720676422 0.383739948272705 0.392461836338043 0.399135202169418 0.399193584918976 0.396456390619278 0.398981779813766 0.39103490114212 0.39236456155777 0.399997174739838 0.396815299987793 0.397730141878128 0.401808202266693 0.402258425951004 0.395174890756607 0.389768719673157 0.398482322692871
0.418990343809128 0.409237504005432 0.403166860342026 0.393431812524796 0.373771727085114 0.372047185897827 0.371650636196136 0.379129320383072 0.39337831735611 0.394590318202972 0.386810004711151 0.373424202203751 0.371239572763443 0.381312996149063 0.387664020061493 0.385767996311188 0.376148194074631 0.37202525138855 0.379717499017715 0.398228317499161 0.407499670982361 0.406275242567062 0.41258892416954 0.421172469854355 0.429333209991455 0.426310658454895 0.409726530313492 0.404698491096497 0.391505300998688 0.388248026371002 0.398649424314499 0.40045353770256 0.396449834108353 0.396941661834717 0.40210548043251 0.384969443082809 0.394726276397705 0.414422124624252 0.416706413030624 0.42111149430275 0.427639424800873 0.434145301580429 0.43133357167244 0.4264055788517 0.42568102478981
0.429937273263931 0.409675806760788 0.399919331073761 0.373691290616989 0.341978877782822 0.338163644075394 0.3477643430233 0.36702823638916 0.388634592294693 0.388462990522385 0.372789800167084 0.349530756473541 0.332689702510834 0.329082876443863 0.33716893196106 0.344969689846039 0.34732124209404 0.356353104114532 0.380777359008789 0.408196359872818 0.414106965065002 0.409800142049789 0.416241824626923 0.414885342121124 0.411298483610153 0.414258241653442 0.40170493721962 0.393397092819214 0.381002247333527 0.38667505979538 0.393861174583435 0.391909807920456 0.390655487775803 0.401657193899155 0.403717994689941 0.386672258377075 0.38693755865097 0.394769906997681 0.401267260313034 0.410329878330231 0.420182377099991 0.430633962154388 0.436032384634018 0.434005588293076 0.429800987243652
0.437895983457565 0.410768330097198 0.378780215978622 0.354327619075775 0.325647592544556 0.315489292144775 0.324743449687958 0.350262820720673 0.382704883813858 0.390369921922684 0.374518126249313 0.343513071537018 0.309770733118057 0.287184178829193 0.287719279527664 0.29186549782753 0.299050509929657 0.332138895988464 0.383079677820206 0.420661479234695 0.424188256263733 0.408723443746567 0.402844995260239 0.389798134565353 0.389875739812851 0.404612213373184 0.392880350351334 0.373393416404724 0.366771697998047 0.382211416959763 0.39129763841629 0.388453990221024 0.381891638040543 0.391492009162903 0.402676790952682 0.399247139692307 0.390313237905502 0.393111377954483 0.404565215110779 0.415788501501083 0.421507090330124 0.420689940452576 0.425887733697891 0.428541988134384 0.432012379169464
0.419097483158112 0.410984843969345 0.375828772783279 0.355179041624069 0.335189968347549 0.312666237354279 0.314971268177032 0.335716277360916 0.371765613555908 0.394514054059982 0.384244382381439 0.3576620221138 0.320317417383194 0.289896667003632 0.276990056037903 0.266500800848007 0.279130220413208 0.322006821632385 0.379746079444885 0.422990590333939 0.431424558162689 0.411948263645172 0.388943284749985 0.359315693378448 0.344813913106918 0.363416999578476 0.364587962627411 0.349981755018234 0.355040580034256 0.374685794115067 0.377790689468384 0.371788769960403 0.364156991243362 0.372326761484146 0.385193765163422 0.387688875198364 0.377523422241211 0.378558129072189 0.393908143043518 0.414287686347961 0.428176939487457 0.430881023406982 0.430538475513458 0.426834464073181 0.425479263067245
0.396403163671494 0.41792032122612 0.400243192911148 0.365346968173981 0.348085969686508 0.322563499212265 0.311018228530884 0.332269251346588 0.363038092851639 0.393578350543976 0.399852216243744 0.385476112365723 0.361391335725784 0.32104355096817 0.281601160764694 0.25913205742836 0.270942389965057 0.303105473518372 0.361290395259857 0.411892384290695 0.426685959100723 0.409839659929276 0.371113479137421 0.326275140047073 0.299325346946716 0.311635941267014 0.331019282341003 0.332527607679367 0.351624757051468 0.369645923376083 0.364389151334763 0.356707990169525 0.350101113319397 0.35169905424118 0.362237632274628 0.380022615194321 0.385003328323364 0.382211655378342 0.389964312314987 0.398741960525513 0.411206662654877 0.423324644565582 0.426595896482468 0.422594279050827 0.41482862830162
