data/1_raw/trimmed_ndre/J_ndre.83.2011_no_clouds.asc
NCOLS 141 
NROWS 118 
XLLCORNER 516845 
YLLCORNER 5169015 
CELLSIZE 5 
NODATA_value -3.4e+38 
[rows 60 to 79 of 118, columns 45 to 89 of 141]
0.192820996046066 0.180669322609901 0.158978745341301 0.163548246026039 0.164482295513153 0.161868304014206 0.157806515693665 0.16188545525074 0.164558306336403 0.165937095880508 0.16592338681221 0.163387686014175 0.157524079084396 0.151982828974724 0.164187327027321 0.16373673081398 0.150540098547935 0.144714266061783 0.14783650636673 0.15559221804142 0.151769995689392 0.17395082116127 0.173225969076157 0.15531650185585 0.158483386039734 0.155574694275856 0.155986532568932 0.171892121434212 0.17755514383316 0.157181784510612 0.142786353826523 0.158671647310257 0.164132952690125 0.151388347148895 0.153345003724098 0.163935214281082 0.161995247006416 0.161025166511536 0.163206696510315 0.161112815141678 0.158260896801949 0.154798492789268 0.148393496870995 0.15452641248703 0.157890394330025
0.165654197335243 0.152601033449173 0.157412648200989 0.167009353637695 0.142270281910896 0.150284141302109 0.15602895617485 0.152496621012688 0.158566743135452 0.164704069495201 0.168499708175659 0.161291942000389 0.152521818876266 0.137525111436844 0.164553225040436 0.168210417032242 0.142349615693092 0.147416934370995 0.149363726377487 0.152209654450417 0.153348505496979 0.165998667478561 0.162581384181976 0.163769334554672 0.166740834712982 0.154565393924713 0.154785022139549 0.15743787586689 0.157792896032333 0.155925333499908 0.154877096414566 0.166414722800255 0.167094096541405 0.152228847146034 0.17699208855629 0.173493266105652 0.144823014736176 0.151684030890465 0.164805606007576 0.154304265975952 0.14863346517086 0.150431767106056 0.136659324169159 0.146402806043625 0.161424025893211
0.149756729602814 0.143275693058968 0.162882924079895 0.172962352633476 0.156133726239204 0.163277998566628 0.155478462576866 0.148112758994102 0.153300628066063 0.152806684374809 0.160359516739845 0.163064301013947 0.152032256126404 0.141156867146492 0.167611464858055 0.169037595391273 0.144370183348656 0.148651093244553 0.154621094465256 0.157683461904526 0.155756324529648 0.161013424396515 0.152448147535324 0.172057002782822 0.180761158466339 0.164157494902611 0.165680482983589 0.151729911565781 0.14501479268074 0.150997772812843 0.162454575300217 0.18107345700264 0.174455106258392 0.152718335390091 0.167081207036972 0.159466311335564 0.13987885415554 0.155598774552345 0.171874940395355 0.153161093592644 0.144001483917236 0.157204613089561 0.152707904577255 0.1512401252985 0.164222523570061
0.168680354952812 0.16061595082283 0.165372982621193 0.165440782904625 0.171295076608658 0.177086889743805 0.160086095333099 0.164885058999062 0.169349268078804 0.155084133148193 0.157412424683571 0.171513348817825 0.166873678565025 0.162414759397507 0.168451756238937 0.177912756800652 0.172826886177063 0.162418141961098 0.167110234498978 0.169603079557419 0.161979004740715 0.162623807787895 0.15474396944046 0.155840918421745 0.166998937726021 0.16686150431633 0.161374345421791 0.152023032307625 0.159167721867561 0.163123995065689 0.160164296627045 0.171562045812607 0.153364881873131 0.133366346359253 0.157923445105553 0.161175340414047 0.149646654725075 0.155528590083122 0.166100487112999 0.15606053173542 0.155922681093216 0.162347167730331 0.15790781378746 0.154677644371986 0.171265140175819
0.180819064378738 0.175120130181313 0.163637563586235 0.155818834900856 0.164183586835861 0.180853962898254 0.163577184081078 0.151792496442795 0.164672344923019 0.169090181589127 0.171821728348732 0.183830291032791 0.178249657154083 0.163477346301079 0.164110392332077 0.181593343615532 0.178083926439285 0.167862236499786 0.166673243045807 0.184755384922028 0.169051647186279 0.159859910607338 0.155737519264221 0.136077076196671 0.152395024895668 0.166858300566673 0.154184326529503 0.14357091486454 0.167327731847763 0.167374074459076 0.148461297154427 0.149692863225937 0.146623313426971 0.149618551135063 0.158165127038956 0.154907464981079 0.150534510612488 0.149643093347549 0.153102487325668 0.151687756180763 0.155914142727852 0.151795864105225 0.152618527412415 0.167163908481598 0.171868339180946
0.157164335250854 0.169560939073563 0.164844214916229 0.159703865647316 0.16568560898304 0.176398292183876 0.165549486875534 0.150668010115623 0.168022707104683 0.188347235321999 0.182127758860588 0.162422493100166 0.170908734202385 0.168684050440788 0.15894903242588 0.152781784534454 0.145326167345047 0.161957159638405 0.16655695438385 0.167864874005318 0.150359570980072 0.159171104431152 0.1683329641819 0.165260270237923 0.163152813911438 0.152715012431145 0.145888581871986 0.148394465446472 0.162708014249802 0.165427073836327 0.15130427479744 0.145749524235725 0.157323136925697 0.166254952549934 0.14930921792984 0.142138212919235 0.154616236686707 0.16766120493412 0.159078985452652 0.147651746869087 0.152153894305229 0.15282167494297 0.164067283272743 0.177963495254517 0.15545243024826
0.131062015891075 0.157728597521782 0.158642038702965 0.145217567682266 0.150530755519867 0.166170164942741 0.175866335630417 0.174565583467484 0.166359141469002 0.170110478997231 0.177988633513451 0.16087894141674 0.161446034908295 0.17547744512558 0.152636647224426 0.12704536318779 0.135588824748993 0.158509984612465 0.170436576008797 0.158659905195236 0.149067729711533 0.173392087221146 0.172748655080795 0.165056720376015 0.159874305129051 0.142061069607735 0.157670900225639 0.167831972241402 0.16312900185585 0.16456127166748 0.153099849820137 0.147771447896957 0.157592564821243 0.160880506038666 0.153415858745575 0.147539153695107 0.159215211868286 0.177154824137688 0.158647775650024 0.144253104925156 0.161165848374367 0.173517882823944 0.165358603000641 0.149689123034477 0.135192856192589
0.132332727313042 0.155513674020767 0.1413903683424 0.123493276536465 0.14221853017807 0.167762473225594 0.173587620258331 0.174345597624779 0.164536356925964 0.162004113197327 0.184775531291962 0.166139766573906 0.148403123021126 0.172982946038246 0.169728338718414 0.15083883702755 0.148858442902565 0.155183181166649 0.171327605843544 0.179977461695671 0.176587745547295 0.175573512911797 0.174835875630379 0.179191529750824 0.164343565702438 0.147072672843933 0.16562993824482 0.15977817773819 0.149271935224533 0.156093433499336 0.149946093559265 0.146519243717194 0.149878486990929 0.158311441540718 0.167186215519905 0.157284811139107 0.148732706904411 0.161203414201736 0.155888646841049 0.139131873846054 0.154175862669945 0.16466648876667 0.14263641834259 0.132264450192451 0.13210292160511
0.139974415302277 0.137216106057167 0.144892603158951 0.140551969408989 0.150484099984169 0.168954506516457 0.156068429350853 0.15708726644516 0.169179946184158 0.173562452197075 0.173949345946312 0.16612397134304 0.152850776910782 0.170990943908691 0.181301906704903 0.17952698469162 0.159329801797867 0.143889293074608 0.151795163750648 0.163134947419167 0.18381841480732 0.183326736092567 0.178578913211823 0.190137267112732 0.176041126251221 0.156887605786324 0.164036422967911 0.160786136984825 0.15170031785965 0.150089517235756 0.151067867875099 0.155198514461517 0.1612708568573 0.157143637537956 0.159275025129318 0.160692483186722 0.143471568822861 0.15350604057312 0.169502586126328 0.151401028037071 0.142997562885284 0.143034085631371 0.137179732322693 0.146404191851616 0.167969331145287
0.14702895283699 0.143411234021187 0.16875821352005 0.168538555502892 0.161932364106178 0.167015299201012 0.169158324599266 0.166734263300896 0.176721975207329 0.168510377407074 0.155213803052902 0.196213290095329 0.187956914305687 0.166664123535156 0.169730514287949 0.168957427144051 0.154012903571129 0.148486033082008 0.163004949688911 0.167978435754776 0.183380872011185 0.181971713900566 0.160119846463203 0.155781328678131 0.157828435301781 0.163116842508316 0.165824264287949 0.163683265447617 0.157881662249565 0.151403710246086 0.159029573202133 0.170927733182907 0.168047219514847 0.159421622753143 0.152263000607491 0.167849153280258 0.168992638587952 0.166557818651199 0.160905122756958 0.144269824028015 0.142972096800804 0.143606692552567 0.141917049884796 0.149740546941757 0.16649566590786
0.16485795378685 0.158278122544289 0.160165533423424 0.171593859791756 0.169701561331749 0.163810864090919 0.162605583667755 0.16543684899807 0.168581411242485 0.154792636632919 0.154307916760445 0.184476733207703 0.178435295820236 0.162568911910057 0.15310800075531 0.148503690958023 0.140221729874611 0.15880711376667 0.182587966322899 0.178858995437622 0.173184767365456 0.165857911109924 0.162770301103592 0.162309527397156 0.160416454076767 0.171003624796867 0.164068534970284 0.147443994879723 0.1509810090065 0.164537563920021 0.168474346399307 0.172154083848 0.172340333461761 0.180793210864067 0.158993646502495 0.146700993180275 0.156543672084808 0.158896118402481 0.138607606291771 0.137351483106613 0.162234455347061 0.166155859827995 0.162454411387444 0.158034786581993 0.1590825766325
0.167914718389511 0.155619859695435 0.147736683487892 0.158761665225029 0.166368156671524 0.154596596956253 0.137395277619362 0.151782125234604 0.17938144505024 0.174452275037766 0.154349014163017 0.154174208641052 0.169046834111214 0.166017889976501 0.173707872629166 0.169268816709518 0.153210625052452 0.16734017431736 0.179603755474091 0.16805337369442 0.16148467361927 0.167565003037453 0.186120703816414 0.186006903648376 0.167657688260078 0.167040765285492 0.172747328877449 0.163063228130341 0.156603664159775 0.164936885237694 0.158438578248024 0.165108472108841 0.179272949695587 0.168045744299889 0.158925265073776 0.158264994621277 0.16183140873909 0.159563094377518 0.137838199734688 0.126224085688591 0.149420976638794 0.16910108923912 0.168562918901443 0.164397373795509 0.17191569507122
0.150106117129326 0.152505412697792 0.148820847272873 0.150802865624428 0.16586996614933 0.165676787495613 0.155236482620239 0.15702149271965 0.170969367027283 0.175797298550606 0.156697884202003 0.16163994371891 0.168973922729492 0.146089524030685 0.166549474000931 0.179676756262779 0.165704876184464 0.158765092492104 0.157259985804558 0.142958477139473 0.147433817386627 0.171905532479286 0.178820341825485 0.177138417959213 0.161825329065323 0.159058853983879 0.177275612950325 0.171053498983383 0.151499927043915 0.152086198329926 0.154888585209846 0.149404838681221 0.168099939823151 0.16918383538723 0.160391837358475 0.169460132718086 0.178884670138359 0.166775450110435 0.153608918190002 0.159481853246689 0.156709894537926 0.156600013375282 0.15729047358036 0.160786375403404 0.161467805504799
0.150003850460052 0.153363913297653 0.152502313256264 0.157839551568031 0.174794137477875 0.171746596693993 0.147587776184082 0.147253677248955 0.148204863071442 0.158128410577774 0.155594766139984 0.160052865743637 0.162539526820183 0.147364094853401 0.147404506802559 0.168605417013168 0.167002975940704 0.157452926039696 0.158316373825073 0.150458857417107 0.153509244322777 0.155737146735191 0.145591154694557 0.156874015927315 0.159871309995651 0.154205828905106 0.160237565636635 0.159573346376419 0.156424403190613 0.16105680167675 0.161175712943077 0.153313085436821 0.159765988588333 0.161528319120407 0.147271454334259 0.143175676465034 0.176411956548691 0.179254174232483 0.160481125116348 0.173989430069923 0.160249203443527 0.147628784179688 0.160128876566887 0.172220587730408 0.166906788945198
0.162504643201828 0.152832254767418 0.147291719913483 0.159244656562805 0.159444779157639 0.165012791752815 0.154991373419762 0.149104177951813 0.14071024954319 0.141712740063667 0.156341642141342 0.156743213534355 0.155234575271606 0.149151116609573 0.139978393912315 0.160473793745041 0.165335714817047 0.158677667379379 0.165902763605118 0.171269536018372 0.156725883483887 0.147696256637573 0.144246891140938 0.15139439702034 0.161163508892059 0.158585101366043 0.15432833135128 0.158505663275719 0.177176952362061 0.180844619870186 0.167437091469765 0.147266685962677 0.140600547194481 0.153912022709846 0.156824573874474 0.150078475475311 0.169590964913368 0.157689884305 0.149835258722305 0.165572628378868 0.168049335479736 0.154495730996132 0.156076297163963 0.174295544624329 0.172479853034019
0.169989794492722 0.158913522958755 0.149394884705544 0.159158304333687 0.154827579855919 0.171586394309998 0.172697529196739 0.1500024497509 0.165288791060448 0.17363278567791 0.164576843380928 0.154710903763771 0.149635761976242 0.150601923465729 0.144571483135223 0.143677666783333 0.152460902929306 0.147648319602013 0.159945756196976 0.172486141324043 0.151856005191803 0.158296018838882 0.15985007584095 0.154291912913322 0.15714019536972 0.169672876596451 0.1687331199646 0.16399684548378 0.179201796650887 0.172842904925346 0.166198074817657 0.160221844911575 0.158925116062164 0.166994974017143 0.175348445773125 0.183634087443352 0.186961352825165 0.164682015776634 0.183092683553696 0.196313098073006 0.179222509264946 0.165095582604408 0.170302718877792 0.19221268594265 0.194023758172989
0.164018169045448 0.158476456999779 0.156252652406693 0.159042716026306 0.162553519010544 0.161399602890015 0.162171944975853 0.165794923901558 0.172562167048454 0.175144374370575 0.160512238740921 0.161938264966011 0.174584284424782 0.167796343564987 0.15511317551136 0.138643056154251 0.148888036608696 0.143867880105972 0.145852208137512 0.159665077924728 0.152991622686386 0.155940756201744 0.159861177206039 0.154717683792114 0.154717296361923 0.171172916889191 0.179010525345802 0.179524183273315 0.194531574845314 0.205664843320847 0.215759471058846 0.236380577087402 0.248320639133453 0.242980316281319 0.239375576376915 0.270039588212967 0.277077585458755 0.243648707866669 0.266090601682663 0.276353716850281 0.251712739467621 0.237738028168678 0.244020715355873 0.241359114646912 0.231102600693703
0.160292848944664 0.167172566056252 0.165481075644493 0.154795005917549 0.151939615607262 0.147409245371819 0.161002233624458 0.167323172092438 0.153271585702896 0.153051272034645 0.150959298014641 0.145687624812126 0.166128799319267 0.170732021331787 0.156574070453644 0.148189932107925 0.161645084619522 0.173393532633781 0.17038506269455 0.173323079943657 0.165523424744606 0.159502506256104 0.166229903697968 0.165183916687965 0.163443222641945 0.178143814206123 0.19962103664875 0.218423873186111 0.25493511557579 0.30056494474411 0.316239506006241 0.316780000925064 0.33233055472374 0.339587271213531 0.340299308300018 0.370038360357285 0.381235837936401 0.363959163427353 0.382294297218323 0.38301956653595 0.363589346408844 0.345312833786011 0.345040738582611 0.326242059469223 0.300899684429169
0.150587767362595 0.164256736636162 0.171174272894859 0.143733158707619 0.14424441754818 0.149155825376511 0.148387208580971 0.152082577347755 0.159254863858223 0.159625843167305 0.151197493076324 0.1522057056427 0.161060392856598 0.161436542868614 0.158892005681992 0.165497720241547 0.166259482502937 0.174918010830879 0.188310205936432 0.210430443286896 0.213657006621361 0.208428621292114 0.207552373409271 0.206985175609589 0.213566020131111 0.229420363903046 0.255435019731522 0.279647946357727 0.306370079517365 0.338295519351959 0.357058107852936 0.353001743555069 0.371509969234467 0.409171313047409 0.419571429491043 0.406781017780304 0.430836915969849 0.455894112586975 0.44314232468605 0.418417006731033 0.423046737909317 0.380047380924225 0.345071107149124 0.349601089954376 0.3354532122612
0.13045135140419 0.147253409028053 0.173233404755592 0.147092893719673 0.158530294895172 0.160663217306137 0.143094956874847 0.146095290780067 0.157031074166298 0.162382677197456 0.168517783284187 0.16976860165596 0.157060369849205 0.168928176164627 0.180067002773285 0.177083373069763 0.175477907061577 0.183785483241081 0.229642897844315 0.281674951314926 0.287712305784225 0.285133481025696 0.294444590806961 0.306557655334473 0.30180636048317 0.311267912387848 0.32429176568985 0.338772773742676 0.345376491546631 0.356143087148666 0.367719173431396 0.375021815299988 0.380810290575027 0.408778429031372 0.435489147901535 0.435716778039932 0.439182221889496 0.459762036800385 0.42469584941864 0.372619539499283 0.390566647052765 0.368859320878983 0.310308784246445 0.300298303365707 0.300823152065277
