data/1_raw/trimmed_ndre/J_ndre.627.2010_no_clouds.asc
NCOLS 141 
NROWS 118 
XLLCORNER 516845 
YLLCORNER 5169015 
CELLSIZE 5 
NODATA_value -3.4e+38 
[rows 20 to 39 of 118, columns 45 to 89 of 141]
0.67142391204834 0.670090675354004 0.666199445724487 0.666208744049072 0.671775341033936 0.674151480197906 0.668993473052979 0.668545603752136 0.67007315158844 0.662140488624573 0.660080790519714 0.673247635364532 0.673336088657379 0.661580562591553 0.657218277454376 0.66542649269104 0.672693848609924 0.67188024520874 0.67361843585968 0.676613211631775 0.675709962844849 0.672129511833191 0.670143306255341 0.676093757152557 0.672080814838409 0.662833869457245 0.661909282207489 0.654900789260864 0.636521875858307 0.625319480895996 0.625740110874176 0.636250972747803 0.646333038806915 0.656349897384644 0.669095277786255 0.675765216350555 0.672975182533264 0.669739425182343 0.667516589164734 0.663285553455353 0.649729013442993 0.64642596244812 0.655313670635223 0.663692533969879 0.664219737052917
0.652338743209839 0.660834670066833 0.666889250278473 0.666817009449005 0.670925855636597 0.672072291374207 0.663738012313843 0.662469387054443 0.669738590717316 0.676109552383423 0.677534520626068 0.67677241563797 0.673866152763367 0.661065876483917 0.656328678131104 0.667119741439819 0.679705798625946 0.680328667163849 0.678234219551086 0.673280954360962 0.67039293050766 0.671381115913391 0.669615805149078 0.66718989610672 0.665132224559784 0.658458054065704 0.654775500297546 0.653156995773315 0.64682811498642 0.644528329372406 0.648370504379272 0.651360392570496 0.653302192687988 0.656164348125458 0.663355767726898 0.670785129070282 0.666534543037415 0.668066442012787 0.672183334827423 0.671185255050659 0.65109783411026 0.641141176223755 0.656318426132202 0.671280324459076 0.668430030345917
0.646641194820404 0.648041367530823 0.654642522335052 0.666955828666687 0.676734447479248 0.675305247306824 0.665478050708771 0.662425398826599 0.667604327201843 0.672917366027832 0.675973057746887 0.670546054840088 0.66657280921936 0.653717041015625 0.652570843696594 0.668226420879364 0.682843029499054 0.683681011199951 0.677825391292572 0.669637858867645 0.664950311183929 0.665821313858032 0.664905846118927 0.662875592708588 0.661807715892792 0.658312201499939 0.651749491691589 0.650202572345734 0.648925542831421 0.655424535274506 0.663672983646393 0.666117668151855 0.664679646492004 0.666004538536072 0.662562847137451 0.657823622226715 0.658597350120544 0.662854373455048 0.670019507408142 0.670604646205902 0.654517948627472 0.639372587203979 0.649069845676422 0.662136971950531 0.661361992359161
0.648832440376282 0.652338266372681 0.661148548126221 0.672873914241791 0.675731599330902 0.675814568996429 0.670469641685486 0.666607677936554 0.662834465503693 0.662592947483063 0.665309369564056 0.662594437599182 0.656172633171082 0.644320964813232 0.645676493644714 0.662269473075867 0.67452210187912 0.675688028335571 0.668714880943298 0.666439533233643 0.667185962200165 0.672366261482239 0.680323958396912 0.678159832954407 0.670149505138397 0.669150531291962 0.667230904102325 0.661753714084625 0.653125882148743 0.653958261013031 0.661138713359833 0.661509096622467 0.658382952213287 0.655236601829529 0.659871876239777 0.654160678386688 0.648939788341522 0.650263786315918 0.653802156448364 0.653519630432129 0.646627485752106 0.628891885280609 0.624790191650391 0.636160910129547 0.643413245677948
0.659115791320801 0.665868163108826 0.669761896133423 0.669239640235901 0.668364763259888 0.671090602874756 0.670393645763397 0.667185842990875 0.657375693321228 0.652637422084808 0.657893478870392 0.660449981689453 0.655797600746155 0.646851181983948 0.64843612909317 0.660573661327362 0.66536158323288 0.664678633213043 0.66476708650589 0.669580936431885 0.673224806785583 0.676236987113953 0.684472560882568 0.686794996261597 0.676136016845703 0.672402322292328 0.667119145393372 0.660590052604675 0.654768884181976 0.654718339443207 0.659728765487671 0.659817457199097 0.65910017490387 0.655264317989349 0.655299842357635 0.652054488658905 0.637137532234192 0.634499132633209 0.629653871059418 0.62018758058548 0.613251984119415 0.606694042682648 0.603477716445923 0.612757384777069 0.623744547367096
0.660287857055664 0.665721654891968 0.665579199790955 0.665530800819397 0.666125118732452 0.666107535362244 0.666291236877441 0.663459062576294 0.657093644142151 0.653851687908173 0.659056723117828 0.663674890995026 0.662835359573364 0.659826159477234 0.662487089633942 0.666390419006348 0.666572213172913 0.664526224136353 0.672745823860168 0.681572139263153 0.683583378791809 0.679799318313599 0.672636687755585 0.672592461109161 0.669087052345276 0.664912462234497 0.662979066371918 0.659469604492188 0.656295716762543 0.654278159141541 0.656503438949585 0.657907128334045 0.65807694196701 0.649557888507843 0.638884305953979 0.644831418991089 0.641498744487762 0.621931076049805 0.601909220218658 0.587308168411255 0.589150846004486 0.592870056629181 0.595606505870819 0.598101198673248 0.601546764373779
0.652664124965668 0.661107778549194 0.666421890258789 0.668851971626282 0.668283462524414 0.665845334529877 0.66419517993927 0.66195684671402 0.658115863800049 0.654758810997009 0.656836152076721 0.664009571075439 0.667287826538086 0.670767188072205 0.678705871105194 0.677167117595673 0.670718550682068 0.667852997779846 0.676055788993835 0.686295211315155 0.686168134212494 0.686784386634827 0.683565855026245 0.67823314666748 0.669669687747955 0.66342556476593 0.664001822471619 0.664648175239563 0.661879599094391 0.657753109931946 0.658275187015533 0.660008549690247 0.655113399028778 0.651533007621765 0.640385270118713 0.637752890586853 0.629400432109833 0.606440365314484 0.588539302349091 0.582990169525146 0.590270638465881 0.592606782913208 0.591658651828766 0.585886478424072 0.585743546485901
0.653522253036499 0.655422389507294 0.658570349216461 0.666721045970917 0.668758928775787 0.666158080101013 0.662241101264954 0.654249727725983 0.647246181964874 0.643585383892059 0.648844361305237 0.657510757446289 0.661033511161804 0.667735755443573 0.677894294261932 0.677963733673096 0.670540988445282 0.666168987751007 0.672090768814087 0.681170046329498 0.683869361877441 0.686831533908844 0.686643540859222 0.68277245759964 0.677255153656006 0.671551585197449 0.668030917644501 0.666311144828796 0.661690056324005 0.656603574752808 0.653287053108215 0.646499752998352 0.640368342399597 0.640648066997528 0.638293325901031 0.626457631587982 0.610773622989655 0.596798181533813 0.5897536277771 0.589116752147675 0.581433773040771 0.579698026180267 0.585736155509949 0.573792636394501 0.57032722234726
0.653361618518829 0.645383179187775 0.642993986606598 0.652459740638733 0.659530520439148 0.658902525901794 0.656685888767242 0.644447803497314 0.631364107131958 0.627333998680115 0.638216376304626 0.649376213550568 0.650311410427094 0.658799409866333 0.666270136833191 0.66854327917099 0.671028077602386 0.670229732990265 0.670327723026276 0.676476716995239 0.678145468235016 0.676590621471405 0.677727937698364 0.674828767776489 0.671043634414673 0.668153345584869 0.658384203910828 0.652746796607971 0.638623774051666 0.613189935684204 0.599719107151031 0.599126636981964 0.602727353572845 0.610373318195343 0.620584189891815 0.623870432376862 0.615762054920197 0.61182314157486 0.602986931800842 0.591028451919556 0.568331122398376 0.561727106571198 0.579082489013672 0.586236417293549 0.580406248569489
0.656080603599548 0.659577071666718 0.650298774242401 0.641300857067108 0.647382438182831 0.648567140102386 0.647147417068481 0.644531190395355 0.626510262489319 0.619572758674622 0.635015487670898 0.645506203174591 0.644242763519287 0.653997719287872 0.664217054843903 0.664810717105865 0.665683507919312 0.668194890022278 0.670164883136749 0.676023423671722 0.672209322452545 0.664576470851898 0.669259011745453 0.665201723575592 0.650714814662933 0.644405961036682 0.622682094573975 0.592105746269226 0.569561839103699 0.539494574069977 0.534514665603638 0.549672365188599 0.551637172698975 0.563225448131561 0.592039287090302 0.606719374656677 0.60609358549118 0.611749768257141 0.604731619358063 0.586714684963226 0.569117307662964 0.560474336147308 0.571556746959686 0.583420991897583 0.571106851100922
0.656981348991394 0.656627118587494 0.652345180511475 0.645169198513031 0.651520431041718 0.64254093170166 0.634008347988129 0.645979881286621 0.630895614624023 0.617697775363922 0.631500840187073 0.640329778194427 0.641757667064667 0.646410703659058 0.655204176902771 0.656426846981049 0.653675854206085 0.662618935108185 0.671441197395325 0.675159633159637 0.671925365924835 0.668213188648224 0.671237409114838 0.664135992527008 0.636055111885071 0.60765141248703 0.565732181072235 0.521659553050995 0.511853992938995 0.509691119194031 0.521553754806519 0.534566938877106 0.53868693113327 0.543710172176361 0.56635707616806 0.587670207023621 0.591714262962341 0.595537304878235 0.593902230262756 0.579035341739655 0.566475510597229 0.564321160316467 0.564153671264648 0.561322510242462 0.555099964141846
0.646860778331757 0.637377142906189 0.637974739074707 0.637933075428009 0.640400111675262 0.636054575443268 0.63147634267807 0.63913482427597 0.629104554653168 0.622962772846222 0.633072555065155 0.626699507236481 0.632891833782196 0.643284618854523 0.651163637638092 0.656177282333374 0.652010560035706 0.665290832519531 0.67260354757309 0.669020712375641 0.665044486522675 0.66263347864151 0.665591061115265 0.662156343460083 0.633511126041412 0.597493410110474 0.560616016387939 0.536145210266113 0.536573767662048 0.541180491447449 0.547866761684418 0.548085451126099 0.551938593387604 0.551834166049957 0.558495879173279 0.573449730873108 0.587744772434235 0.591093003749847 0.587811052799225 0.578027844429016 0.56757652759552 0.575931966304779 0.56347382068634 0.54596358537674 0.544341802597046
0.619584739208221 0.61350280046463 0.621723830699921 0.625805914402008 0.626507818698883 0.626188099384308 0.628143727779388 0.63410085439682 0.634296953678131 0.634968936443329 0.635861754417419 0.622745037078857 0.634135186672211 0.647827386856079 0.634468495845795 0.648705840110779 0.655312359333038 0.649766504764557 0.635258495807648 0.633870244026184 0.654666900634766 0.663382291793823 0.655291616916656 0.648628175258636 0.622360229492188 0.599540233612061 0.595243275165558 0.592283368110657 0.589958608150482 0.586211204528809 0.572901904582977 0.557949125766754 0.556689381599426 0.555207431316376 0.563443183898926 0.577506840229034 0.593328177928925 0.603608310222626 0.601182460784912 0.596950232982635 0.590578079223633 0.592574119567871 0.57303923368454 0.544700741767883 0.540155649185181
0.609836161136627 0.613165497779846 0.627058804035187 0.6299769282341 0.633123755455017 0.636840403079987 0.637290239334106 0.641413688659668 0.645319044589996 0.642113089561462 0.644991159439087 0.644852101802826 0.653333604335785 0.651333332061768 0.629287421703339 0.639468371868134 0.620773196220398 0.570278406143188 0.55362594127655 0.583652138710022 0.633936285972595 0.650776445865631 0.631919801235199 0.611462950706482 0.584188520908356 0.56475418806076 0.577506601810455 0.597353160381317 0.608473360538483 0.601645052433014 0.584498703479767 0.559733211994171 0.554510653018951 0.554209291934967 0.563618659973145 0.579168856143951 0.59348738193512 0.609319150447845 0.614391148090363 0.61456423997879 0.608494460582733 0.601503551006317 0.59062659740448 0.576540410518646 0.578678488731384
0.632446646690369 0.637713551521301 0.639002680778503 0.641584515571594 0.645324170589447 0.65039187669754 0.649368286132812 0.649066567420959 0.646996319293976 0.638159990310669 0.649492859840393 0.65733128786087 0.65039587020874 0.642476141452789 0.613420367240906 0.586561322212219 0.527670681476593 0.467682123184204 0.478196442127228 0.519591987133026 0.572229444980621 0.601551055908203 0.589265584945679 0.546179533004761 0.523311674594879 0.509364664554596 0.53526109457016 0.562251150608063 0.57385379076004 0.573822379112244 0.568244159221649 0.556642353534698 0.562838613986969 0.579112112522125 0.581836998462677 0.581190288066864 0.591071903705597 0.610822558403015 0.617498993873596 0.610715866088867 0.60559606552124 0.606110155582428 0.602301597595215 0.607393383979797 0.62358433008194
0.648499429225922 0.646344602108002 0.645202934741974 0.648413002490997 0.640454232692719 0.640341401100159 0.646903455257416 0.642730712890625 0.636736989021301 0.633119404315948 0.648187696933746 0.645987629890442 0.619846343994141 0.617264330387115 0.558619141578674 0.485207468271255 0.447763860225677 0.422901511192322 0.433797299861908 0.46046856045723 0.511153042316437 0.539493381977081 0.536546528339386 0.512461841106415 0.49522939324379 0.497442424297333 0.532738029956818 0.560601592063904 0.561906695365906 0.556264281272888 0.557596623897552 0.567346096038818 0.597656786441803 0.619771838188171 0.623518824577332 0.617412984371185 0.61321496963501 0.609302580356598 0.599163353443146 0.59079384803772 0.594481110572815 0.612160384654999 0.630161285400391 0.642446756362915 0.65599536895752
0.642207562923431 0.634480953216553 0.634478390216827 0.637249946594238 0.620775878429413 0.620387256145477 0.633069217205048 0.628119647502899 0.630543172359467 0.635362267494202 0.640310227870941 0.623150289058685 0.588817000389099 0.58476197719574 0.527979135513306 0.459145307540894 0.457756787538528 0.443137168884277 0.434945106506348 0.445788681507111 0.469444453716278 0.483655691146851 0.474781602621078 0.462552934885025 0.47381255030632 0.499740332365036 0.52739018201828 0.554560899734497 0.557535111904144 0.569434523582458 0.588749289512634 0.597508072853088 0.616698443889618 0.63145911693573 0.634415805339813 0.623104214668274 0.595295488834381 0.579843521118164 0.568358063697815 0.581179857254028 0.606348037719727 0.629669427871704 0.646271824836731 0.654655575752258 0.664549887180328
0.620451033115387 0.61229807138443 0.615489304065704 0.619472563266754 0.611092448234558 0.618357360363007 0.626974880695343 0.622183740139008 0.633898258209229 0.638661742210388 0.628177165985107 0.610562145709991 0.585348129272461 0.575279474258423 0.541397273540497 0.511569261550903 0.519253551959991 0.511431872844696 0.483708053827286 0.457187443971634 0.447420418262482 0.444888561964035 0.442249447107315 0.442198365926743 0.480190426111221 0.51814079284668 0.527337253093719 0.53523987531662 0.545638918876648 0.562463104724884 0.597159802913666 0.620558321475983 0.623734056949615 0.631142854690552 0.628589391708374 0.611285626888275 0.555278599262238 0.530151784420013 0.546658635139465 0.581494033336639 0.61409056186676 0.617759108543396 0.615767657756805 0.622285604476929 0.633317589759827
0.611590027809143 0.612082540988922 0.607445776462555 0.610751807689667 0.620177328586578 0.633095741271973 0.635351479053497 0.627479612827301 0.637658357620239 0.641449868679047 0.634687900543213 0.624784886837006 0.604649901390076 0.593279182910919 0.594693720340729 0.594792246818542 0.589855253696442 0.57915872335434 0.54634302854538 0.501522183418274 0.477712690830231 0.466709583997726 0.47920173406601 0.484283149242401 0.510016798973083 0.535158216953278 0.532173335552216 0.544334769248962 0.56072598695755 0.573476552963257 0.599626183509827 0.62087094783783 0.617246270179749 0.622947454452515 0.625824391841888 0.618818879127502 0.557025611400604 0.505903840065002 0.537073314189911 0.562113583087921 0.575280368328094 0.575738847255707 0.576975107192993 0.584706783294678 0.598986506462097
0.622362494468689 0.625231862068176 0.617034256458282 0.61741304397583 0.632930636405945 0.647172510623932 0.651663601398468 0.648075580596924 0.649683773517609 0.648814857006073 0.651252210140228 0.653237104415894 0.638898909091949 0.632300436496735 0.642629206180573 0.64008104801178 0.624353647232056 0.609523355960846 0.602093994617462 0.585371315479279 0.565702974796295 0.547169923782349 0.541826903820038 0.537583291530609 0.563923120498657 0.58205783367157 0.569993853569031 0.575693547725677 0.587934374809265 0.591630935668945 0.581267118453979 0.586599349975586 0.596380174160004 0.609729826450348 0.61619371175766 0.603466093540192 0.551792800426483 0.495727688074112 0.50401371717453 0.500956237316132 0.531422138214111 0.556525349617004 0.563853859901428 0.559556424617767 0.562067687511444
