data/1_raw/trimmed_ndre/J_ndre.724.2013_no_clouds.asc
NCOLS 141 
NROWS 118 
XLLCORNER 516845 
YLLCORNER 5169015 
CELLSIZE 5 
NODATA_value -3.4e+38 
[rows 60 to 79 of 118, columns 0 to 44 of 141]
-3.4e+38 0.156621545553207 0.160892188549042 0.157281145453453 0.157281145453453 0.154166117310524 0.160610973834991 0.141392514109612 0.141392514109612 0.156690075993538 0.164567068219185 0.156883671879768 0.156887859106064 0.160364300012589 0.144510135054588 0.139544114470482 0.146143943071365 0.133998289704323 0.134032905101776 0.144679725170135 0.144682064652443 0.152571886777878 0.138229504227638 0.159264028072357 0.159264028072357 0.169025719165802 0.149065375328064 0.168771177530289 0.168837919831276 0.188700243830681 0.204139560461044 0.184420347213745 0.185860097408295 0.189414083957672 0.174316257238388 0.175863415002823 0.18058417737484 0.147171065211296 0.14490519464016 0.14490519464016 0.151626572012901 0.1551214158535 0.151107966899872 0.151107966899872 0.183106154203415
-3.4e+38 0.147094309329987 0.148446783423424 0.15573638677597 0.157126843929291 0.149686604738235 0.157613977789879 0.147189274430275 0.151595324277878 0.167543962597847 0.163706883788109 0.156891852617264 0.154218226671219 0.151727169752121 0.143055841326714 0.136553317308426 0.145199403166771 0.144642263650894 0.154140323400497 0.140445157885551 0.133593022823334 0.168839797377586 0.147174298763275 0.149715051054955 0.15920102596283 0.165633112192154 0.144498497247696 0.168694615364075 0.168771177530289 0.202292278409004 0.234958723187447 0.236776053905487 0.236776053905487 0.189414083957672 0.167089089751244 0.163329601287842 0.163325786590576 0.157926455140114 0.161520704627037 0.16116501390934 0.16116501390934 0.16225628554821 0.14333339035511 0.178998127579689 0.179001927375793
-3.4e+38 0.128063291311264 0.140701800584793 0.162454277276993 0.159355998039246 0.164435297250748 0.164793387055397 0.161560475826263 0.176330372691154 0.176330372691154 0.155039340257645 0.146314606070518 0.156010895967484 0.156012564897537 0.126396596431732 0.129523545503616 0.144079819321632 0.13395631313324 0.147693321108818 0.158735513687134 0.171740740537643 0.171740740537643 0.174034312367439 0.164261445403099 0.154651209712029 0.154651209712029 0.162247955799103 0.182285249233246 0.19476230442524 0.19476230442524 0.213826283812523 0.23417654633522 0.171689584851265 0.194073215126991 0.176175862550735 0.174170657992363 0.165170088410378 0.166112184524536 0.151821091771126 0.142314955592155 0.1525499522686 0.154328346252441 0.146414577960968 0.188522204756737 0.191181197762489
-3.4e+38 0.142965763807297 0.142961874604225 0.151861429214478 0.157934874296188 0.169759809970856 0.169759809970856 0.170195773243904 0.165427044034004 0.16144272685051 0.163604065775871 0.139160364866257 0.151047423481941 0.150389567017555 0.150389567017555 0.129519432783127 0.154729813337326 0.147693321108818 0.147693321108818 0.167188346385956 0.169079080224037 0.148584648966789 0.148584648966789 0.175272613763809 0.164936855435371 0.174622893333435 0.174622893333435 0.156249865889549 0.160980999469757 0.160169243812561 0.18882717192173 0.204322904348373 0.177799969911575 0.180921986699104 0.17234380543232 0.184189274907112 0.190562456846237 0.185938343405724 0.166078880429268 0.137552261352539 0.137905046343803 0.137905046343803 0.147193923592567 0.188637316226959 0.179833084344864
-3.4e+38 0.146046340465546 0.148045763373375 0.148045763373375 0.167743995785713 0.170552298426628 0.172490462660789 0.144446894526482 0.167317569255829 0.16291606426239 0.14558607339859 0.137477532029152 0.153216108679771 0.162175819277763 0.153008580207825 0.167011797428131 0.157586276531219 0.170193046331406 0.164388060569763 0.156870365142822 0.160671353340149 0.161831885576248 0.163175791501999 0.163685142993927 0.167940855026245 0.168709814548492 0.168709814548492 0.159390389919281 0.158622115850449 0.1813033670187 0.1813033670187 0.195463865995407 0.174520775675774 0.156104177236557 0.156104177236557 0.174638897180557 0.183060333132744 0.169186845421791 0.169186845421791 0.144505560398102 0.153529599308968 0.126250401139259 0.121449626982212 0.157805219292641 0.170625805854797
-3.4e+38 0.149134695529938 0.157933995127678 0.157933995127678 0.163110360503197 0.163872629404068 0.147928863763809 0.141613632440567 0.160441666841507 0.157933995127678 0.142588824033737 0.142588824033737 0.153216108679771 0.170661181211472 0.171265304088593 0.171267032623291 0.169410675764084 0.194141805171967 0.152482554316521 0.156794637441635 0.17865976691246 0.157382592558861 0.150833934545517 0.150836378335953 0.182375103235245 0.185748115181923 0.173712611198425 0.173712611198425 0.167782694101334 0.188890933990479 0.21172097325325 0.21172097325325 0.178099274635315 0.153827130794525 0.143644914031029 0.166938364505768 0.199853047728539 0.192374020814896 0.190327167510986 0.160895228385925 0.148768618702888 0.156762525439262 0.135690808296204 0.144057214260101 0.18070375919342
-3.4e+38 0.145299479365349 0.163926616311073 0.149750173091888 0.149750173091888 0.161036029458046 0.152245178818703 0.151349395513535 0.151354119181633 0.14377473294735 0.128076553344727 0.153929233551025 0.156067624688148 0.160907119512558 0.178287953138351 0.176658764481544 0.176662996411324 0.180517986416817 0.152411997318268 0.174306526780128 0.174311935901642 0.18400527536869 0.154764115810394 0.174310922622681 0.17741197347641 0.183293864130974 0.162731379270554 0.173779904842377 0.163347586989403 0.176031112670898 0.180004075169563 0.173834323883057 0.165944948792458 0.158392369747162 0.12613008916378 0.12613008916378 0.158577904105186 0.168408036231995 0.163242504000664 0.1632399559021 0.125451326370239 0.143900215625763 0.127529129385948 0.127529129385948 0.160263106226921
-3.4e+38 0.136162996292114 0.154817044734955 0.157046526670456 0.151215016841888 0.149383217096329 0.168562769889832 0.146354839205742 0.139319032430649 0.133445933461189 0.136654496192932 0.165149509906769 0.162376806139946 0.179499074816704 0.193805456161499 0.182056173682213 0.162423223257065 0.149221539497375 0.156715825200081 0.169971004128456 0.160447776317596 0.178993940353394 0.166166186332703 0.171873345971107 0.171873345971107 0.181751742959023 0.182754337787628 0.177310943603516 0.177310943603516 0.174579814076424 0.163106366991997 0.145336240530014 0.159674465656281 0.15838985145092 0.138035014271736 0.157923385500908 0.157923385500908 0.163575902581215 0.163234382867813 0.151201725006104 0.151201725006104 0.143212243914604 0.153437986969948 0.150835886597633 0.150841414928436
-3.4e+38 0.141705080866814 0.160741075873375 0.164980337023735 0.148530840873718 0.148530840873718 0.136269003152847 0.146354839205742 0.134632512927055 0.130566447973251 0.132355853915215 0.181510359048843 0.195470675826073 0.195476084947586 0.191541716456413 0.177580744028091 0.152142405509949 0.152142405509949 0.175167143344879 0.165350914001465 0.162025019526482 0.165046483278275 0.175450518727303 0.167241290211678 0.156309857964516 0.156315565109253 0.188575193285942 0.179131254553795 0.165022745728493 0.165022745728493 0.166208162903786 0.160835891962051 0.164413496851921 0.164413496851921 0.152748420834541 0.160176247358322 0.155203104019165 0.162027269601822 0.169273361563683 0.153547942638397 0.134318947792053 0.14166684448719 0.151068195700645 0.146184995770454 0.150841414928436
-3.4e+38 0.164326831698418 0.164326831698418 0.176364526152611 0.16329051554203 0.161395937204361 0.161403313279152 0.142169311642647 0.134632512927055 0.140123263001442 0.15525034070015 0.209617897868156 0.204426154494286 0.175251796841621 0.188807636499405 0.166281133890152 0.174365594983101 0.197543904185295 0.197543904185295 0.186248406767845 0.166586592793465 0.166311606764793 0.166311606764793 0.162629947066307 0.150723949074745 0.181482583284378 0.176486536860466 0.186470985412598 0.16802391409874 0.166286766529083 0.162935361266136 0.169892460107803 0.162955448031425 0.16440361738205 0.138912051916122 0.155536577105522 0.150205299258232 0.150200948119164 0.167353257536888 0.155684143304825 0.154987514019012 0.139299213886261 0.141564339399338 0.135175064206123 0.155334964394569
-3.4e+38 0.17200668156147 0.172616615891457 0.178568124771118 0.16329051554203 0.154365822672844 0.158680215477943 0.157148286700249 0.155072182416916 0.204275459051132 0.187929004430771 0.216497212648392 0.196160987019539 0.157976940274239 0.150233283638954 0.145012095570564 0.187578871846199 0.210737064480782 0.207026079297066 0.222378894686699 0.172533079981804 0.155397370457649 0.141928970813751 0.139835104346275 0.1522386521101 0.169135600328445 0.169139951467514 0.201324209570885 0.191885590553284 0.169966176152229 0.169966176152229 0.16063067317009 0.151565134525299 0.136882483959198 0.143589973449707 0.133532494306564 0.138166129589081 0.155959025025368 0.155959025025368 0.140065729618073 0.141104400157928 0.133074477314949 0.133074477314949 0.144546136260033 0.139851942658424
-3.4e+38 0.166102707386017 0.1589674949646 0.1589674949646 0.154946476221085 0.155673757195473 0.149909123778343 0.149909123778343 0.152179107069969 0.215439543128014 0.223463714122772 0.225755900144577 0.174834713339806 0.171253755688667 0.166864946484566 0.166864946484566 0.192250102758408 0.225343734025955 0.230793863534927 0.230799853801727 0.199147596955299 0.160856291651726 0.120756462216377 0.109345890581608 0.138154074549675 0.161509335041046 0.221230626106262 0.221230626106262 0.21201628446579 0.172853231430054 0.153831258416176 0.153831258416176 0.150034114718437 0.139972537755966 0.141979396343231 0.136005640029907 0.14213028550148 0.147012487053871 0.153878197073936 0.148967251181602 0.157787710428238 0.136398643255234 0.136398643255234 0.14856892824173 0.142078265547752
-3.4e+38 0.163975492119789 0.168709114193916 0.15404799580574 0.15404799580574 0.157113909721375 0.149949297308922 0.156409665942192 0.156418323516846 0.208750218153 0.215538054704666 0.169389143586159 0.169393062591553 0.169230431318283 0.183104187250137 0.198827713727951 0.182358890771866 0.243078961968422 0.278435587882996 0.234077215194702 0.234077215194702 0.184713706374168 0.134583681821823 0.125585734844208 0.13656097650528 0.138803124427795 0.194010943174362 0.188611283898354 0.197660207748413 0.175215944647789 0.150815531611443 0.150815531611443 0.147038012742996 0.154300048947334 0.157772794365883 0.151761323213577 0.155638307332993 0.142547845840454 0.15853750705719 0.158532291650772 0.152466505765915 0.139584496617317 0.121083609759808 0.121083609759808 0.14522884786129
-3.4e+38 0.169486984610558 0.15885879099369 0.150531902909279 0.151207119226456 0.159280464053154 0.154278114438057 0.164797976613045 0.164806663990021 0.227958977222443 0.20868207514286 0.166724324226379 0.178714767098427 0.166813760995865 0.175717309117317 0.198827713727951 0.198827713727951 0.258454084396362 0.306575626134872 0.258796781301498 0.258801013231277 0.22413757443428 0.16396127641201 0.139586746692657 0.139586746692657 0.148174285888672 0.14102341234684 0.180759146809578 0.180759146809578 0.172173336148262 0.163780227303505 0.163500502705574 0.163500502705574 0.161005347967148 0.153151974081993 0.15632164478302 0.154111057519913 0.155194863677025 0.172400623559952 0.167678266763687 0.167678266763687 0.13950552046299 0.1206970885396 0.134068205952644 0.152993634343147
-3.4e+38 0.169121921062469 0.172691017389297 0.161143854260445 0.163408309221268 0.167724832892418 0.162685170769691 0.186065062880516 0.238360673189163 0.238366529345512 0.204552173614502 0.164379894733429 0.158341765403748 0.160753026604652 0.184999123215675 0.208179026842117 0.253484815359116 0.253484815359116 0.317027270793915 0.264935433864594 0.254231244325638 0.254231244325638 0.193476587533951 0.14669531583786 0.152953565120697 0.143464341759682 0.159167990088463 0.185149222612381 0.199483260512352 0.199483260512352 0.189445003867149 0.206817910075188 0.198281556367874 0.186167001724243 0.163593038916588 0.162356287240982 0.169136852025986 0.173268631100655 0.160502284765244 0.174388453364372 0.174388453364372 0.154366925358772 0.134520456194878 0.150057077407837 0.150060430169106
-3.4e+38 0.174094513058662 0.172691017389297 0.173387587070465 0.163347184658051 0.164915427565575 0.164915427565575 0.194076955318451 0.239131063222885 0.225775063037872 0.211618885397911 0.14729018509388 0.141102522611618 0.162541851401329 0.161791443824768 0.180195271968842 0.223929449915886 0.24073688685894 0.307010531425476 0.248392701148987 0.25629061460495 0.241819843649864 0.205438330769539 0.137382030487061 0.134553894400597 0.163889214396477 0.156125992536545 0.199560776352882 0.199908033013344 0.199908033013344 0.182378754019737 0.190301105380058 0.189089417457581 0.189089417457581 0.19100646674633 0.164719134569168 0.174350202083588 0.180197224020958 0.16709877550602 0.175755962729454 0.15871162712574 0.15871162712574 0.169072493910789 0.154520973563194 0.163173362612724
-3.4e+38 0.167560264468193 0.175189480185509 0.162549644708633 0.164750203490257 0.159083902835846 0.159087747335434 0.191894561052322 0.224987775087357 0.213008865714073 0.213008865714073 0.14897446334362 0.154464691877365 0.15552793443203 0.147934511303902 0.168641120195389 0.192508146166801 0.233606487512589 0.233606487512589 0.180334612727165 0.201694741845131 0.207912474870682 0.207912474870682 0.168911918997765 0.155933573842049 0.170158088207245 0.170158088207245 0.198121562600136 0.187859892845154 0.175663977861404 0.177979201078415 0.17278641462326 0.189639821648598 0.192439928650856 0.192439928650856 0.173885554075241 0.176674872636795 0.156979143619537 0.156979143619537 0.158442065119743 0.163762137293816 0.15597465634346 0.157101139426231 0.152245089411736 0.160128131508827
-3.4e+38 0.164741963148117 0.155661314725876 0.155665352940559 0.165569052100182 0.154917642474174 0.18303194642067 0.191894561052322 0.228961527347565 0.206851214170456 0.149858489632607 0.149858489632607 0.154540300369263 0.148780852556229 0.161311253905296 0.161311253905296 0.165609553456306 0.178055956959724 0.151270896196365 0.151271536946297 0.171232163906097 0.189165264368057 0.191712141036987 0.191712141036987 0.169441625475883 0.176045373082161 0.162903442978859 0.170237600803375 0.180240526795387 0.180058777332306 0.168427035212517 0.162776216864586 0.185058727860451 0.17621722817421 0.162642702460289 0.160068273544312 0.179638624191284 0.174379155039787 0.174379155039787 0.176483556628227 0.17961223423481 0.161705434322357 0.161705434322357 0.147656694054604 0.154200553894043
-3.4e+38 0.17662250995636 0.180746853351593 0.153580442070961 0.163412407040596 0.165405616164207 0.187179505825043 0.193709373474121 0.218810886144638 0.174144834280014 0.14013010263443 0.130413889884949 0.152213394641876 0.148773297667503 0.159679263830185 0.165238469839096 0.175793305039406 0.179920852184296 0.158193096518517 0.159598246216774 0.157652676105499 0.190617769956589 0.174304753541946 0.163720667362213 0.163499429821968 0.183133989572525 0.158282771706581 0.162897184491158 0.175865471363068 0.182434633374214 0.162622466683388 0.162622466683388 0.178207606077194 0.160432502627373 0.16453018784523 0.164533883333206 0.162521168589592 0.155571222305298 0.153110846877098 0.156022325158119 0.158913493156433 0.18540370464325 0.169437646865845 0.169437646865845 0.170369639992714
0.182316392660141 0.170503512024879 0.185097709298134 0.164390712976456 0.153580442070961 0.15705469250679 0.172374382615089 0.207922995090485 0.207927167415619 0.156628251075745 0.142352670431137 0.145974114537239 0.145970016717911 0.142657816410065 0.155303031206131 0.149460762739182 0.150950998067856 0.154779195785522 0.168752357363701 0.161375030875206 0.161375030875206 0.17691308259964 0.148904785513878 0.154430985450745 0.154430985450745 0.181637808680534 0.16126261651516 0.173320025205612 0.173320025205612 0.181249305605888 0.153608337044716 0.180259644985199 0.182542786002159 0.166216477751732 0.171849206089973 0.172542184591293 0.174137026071548 0.173789516091347 0.164392650127411 0.157438233494759 0.163297459483147 0.175073087215424 0.166455283761024 0.166455283761024 0.174808248877525
