data/1_raw/trimmed_ndre/J_ndre.64.2012_no_clouds.asc
NCOLS 141 
NROWS 118 
XLLCORNER 516845 
YLLCORNER 5169015 
CELLSIZE 5 
NODATA_value -3.4e+38 
[rows 60 to 79 of 118, columns 0 to 44 of 141]
-3.4e+38 0.171104848384857 0.155495643615723 0.143984064459801 0.151051536202431 0.15238793194294 0.151373863220215 0.155600622296333 0.161404117941856 0.161014348268509 0.158779457211494 0.164000242948532 0.171798944473267 0.164944633841515 0.154052525758743 0.15828637778759 0.167092934250832 0.163532614707947 0.159915715456009 0.157664626836777 0.166021525859833 0.16786053776741 0.166572391986847 0.168403804302216 0.171366453170776 0.169584274291992 0.164870649576187 0.17219652235508 0.172965735197067 0.194455206394196 0.183986887335777 0.195438802242279 0.189092397689819 0.162155464291573 0.160102918744087 0.162037521600723 0.155607119202614 0.151280641555786 0.163712650537491 0.173115029931068 0.157327055931091 0.13384011387825 0.151626691222191 0.169685214757919 0.145597636699677
-3.4e+38 0.158577024936676 0.143291056156158 0.130650997161865 0.140255615115166 0.147149994969368 0.144750341773033 0.146778464317322 0.149906486272812 0.15104553103447 0.15593521296978 0.161745354533195 0.167507335543633 0.16549888253212 0.159939423203468 0.164141595363617 0.168987303972244 0.167319938540459 0.164217054843903 0.155920088291168 0.153899386525154 0.147995486855507 0.157354742288589 0.17964218556881 0.17492464184761 0.145365998148918 0.159357026219368 0.177202165126801 0.183120295405388 0.212663754820824 0.196554094552994 0.184264108538628 0.186940893530846 0.174780815839767 0.172240570187569 0.163960248231888 0.161482006311417 0.162597358226776 0.160633876919746 0.1704381108284 0.15129329264164 0.126894161105156 0.146815150976181 0.166832268238068 0.160950213670731
-3.4e+38 0.154046565294266 0.152330249547958 0.145234763622284 0.146837919950485 0.149647176265717 0.14518304169178 0.138821691274643 0.136210843920708 0.139381155371666 0.147501423954964 0.152055665850639 0.15958534181118 0.163624435663223 0.163777619600296 0.169185996055603 0.17343045771122 0.178854823112488 0.1761814057827 0.165257826447487 0.167453944683075 0.168747872114182 0.168486073613167 0.184668853878975 0.184033900499344 0.170757994055748 0.187744706869125 0.203575417399406 0.183582603931427 0.176009684801102 0.183939412236214 0.177819803357124 0.177998453378677 0.177089005708694 0.17427870631218 0.165417358279228 0.170845359563828 0.169091433286667 0.152824744582176 0.153897196054459 0.160456255078316 0.158267855644226 0.147823542356491 0.158011302351952 0.168258666992188
-3.4e+38 0.161804616451263 0.15932297706604 0.161969497799873 0.157739832997322 0.150056436657906 0.143780216574669 0.140570014715195 0.142049014568329 0.145805209875107 0.146520152688026 0.149359330534935 0.159351900219917 0.164390534162521 0.166527613997459 0.169496446847916 0.171009823679924 0.176526322960854 0.175796329975128 0.167797446250916 0.17093513906002 0.172409698367119 0.163886949419975 0.167615443468094 0.197780877351761 0.196356013417244 0.161742836236954 0.174803957343102 0.164444133639336 0.152234822511673 0.17710842192173 0.178126007318497 0.153577953577042 0.156429842114449 0.166652902960777 0.162111878395081 0.15795910358429 0.154769212007523 0.15021313726902 0.154191747307777 0.157110154628754 0.16184176504612 0.151340052485466 0.148655489087105 0.148113146424294
-3.4e+38 0.16080205142498 0.151925981044769 0.170033767819405 0.165772691369057 0.149102598428726 0.143077775835991 0.147474437952042 0.150012746453285 0.157676324248314 0.157843485474586 0.155565842986107 0.163337782025337 0.166070401668549 0.16747635602951 0.164275780320168 0.158428311347961 0.168587118387222 0.172758594155312 0.152823075652122 0.150704994797707 0.163220465183258 0.174419954419136 0.176864475011826 0.193949997425079 0.163044601678848 0.137419074773788 0.175300478935242 0.171596676111221 0.173511058092117 0.176913663744926 0.153930708765984 0.145535483956337 0.156544923782349 0.156820565462112 0.158454522490501 0.16771587729454 0.163206815719604 0.149614751338959 0.14514334499836 0.144620344042778 0.156968027353287 0.168378412723541 0.165192604064941 0.147294998168945
-3.4e+38 0.151138558983803 0.140830054879189 0.145663395524025 0.151703849434853 0.145470321178436 0.141578823328018 0.142492517828941 0.150332719087601 0.157705441117287 0.159241378307343 0.157892763614655 0.161957576870918 0.163793087005615 0.1605584025383 0.158442124724388 0.15458682179451 0.1627446860075 0.160926640033722 0.14050056040287 0.152184754610062 0.180526688694954 0.177539691329002 0.168895423412323 0.178282722830772 0.160988554358482 0.153325706720352 0.175297513604164 0.171095058321953 0.183288276195526 0.171000614762306 0.14344809949398 0.151653274893761 0.156288713216782 0.156459853053093 0.170496672391891 0.186907842755318 0.178725764155388 0.159529909491539 0.15500208735466 0.158695966005325 0.147282168269157 0.155924335122108 0.165696769952774 0.163548141717911
-3.4e+38 0.166583016514778 0.145183444023132 0.125266522169113 0.132348001003265 0.149788051843643 0.152539685368538 0.144810765981674 0.150228500366211 0.156278520822525 0.158254995942116 0.162670373916626 0.157790645956993 0.157854154706001 0.156859084963799 0.157716393470764 0.161407858133316 0.155374005436897 0.154040589928627 0.157378688454628 0.174790680408478 0.172948747873306 0.159723609685898 0.163624122738838 0.180332139134407 0.165999263525009 0.157891407608986 0.156265094876289 0.160782590508461 0.171346396207809 0.167891308665276 0.157251372933388 0.160812124609947 0.162180244922638 0.16242578625679 0.171414494514465 0.177561298012733 0.173623085021973 0.162288412451744 0.159790679812431 0.15957348048687 0.14154340326786 0.141007095575333 0.153421223163605 0.158297091722488
-3.4e+38 0.164335906505585 0.16022102534771 0.141991764307022 0.141186073422432 0.157341748476028 0.159685403108597 0.155107006430626 0.149922654032707 0.163476958870888 0.170453011989594 0.163927838206291 0.152705162763596 0.152995243668556 0.155572474002838 0.154572993516922 0.161603152751923 0.159816458821297 0.16260838508606 0.174688965082169 0.163500115275383 0.153280571103096 0.161633893847466 0.159844577312469 0.164140343666077 0.162455096840858 0.1580710709095 0.153348475694656 0.149459823966026 0.149884834885597 0.162618950009346 0.162676125764847 0.162614196538925 0.159002482891083 0.145441323518753 0.145442724227905 0.14851701259613 0.158510223031044 0.165380120277405 0.166443601250648 0.160373494029045 0.148781836032867 0.155392661690712 0.158523827791214 0.153665378689766
-3.4e+38 0.157289996743202 0.164693266153336 0.154523238539696 0.153986632823944 0.162231937050819 0.156401738524437 0.154238641262054 0.151417836546898 0.16043259203434 0.166103005409241 0.157034710049629 0.151576220989227 0.15933857858181 0.156416371464729 0.148540467023849 0.163484737277031 0.173671215772629 0.17214098572731 0.183559536933899 0.169448629021645 0.154238253831863 0.165533244609833 0.152048036456108 0.164114385843277 0.174363866448402 0.154888406395912 0.151736155152321 0.145737960934639 0.154347464442253 0.171715021133423 0.161096602678299 0.166989713907242 0.164068549871445 0.141692861914635 0.139459893107414 0.144957587122917 0.156128570437431 0.165105417370796 0.157281830906868 0.166781693696976 0.170051574707031 0.166732877492905 0.164715126156807 0.160436853766441
-3.4e+38 0.158065736293793 0.158034339547157 0.157099857926369 0.161187306046486 0.162608027458191 0.154630348086357 0.15879762172699 0.162552982568741 0.159231632947922 0.161885306239128 0.158542305231094 0.159412816166878 0.166831478476524 0.162346035242081 0.148870944976807 0.15385214984417 0.173384919762611 0.170398026704788 0.171165555715561 0.170920327305794 0.158952966332436 0.160709872841835 0.156279787421227 0.169106066226959 0.173721015453339 0.157019570469856 0.159112200140953 0.168897420167923 0.18734772503376 0.182793483138084 0.164525255560875 0.166384190320969 0.168990343809128 0.15797646343708 0.154657185077667 0.167478635907173 0.162080466747284 0.155997887253761 0.155023857951164 0.169463396072388 0.171137467026711 0.160094887018204 0.159389466047287 0.160838887095451
-3.4e+38 0.15239180624485 0.153566658496857 0.151750504970551 0.157730057835579 0.157468885183334 0.155225947499275 0.163118734955788 0.165259689092636 0.169917955994606 0.174517765641212 0.163524225354195 0.153111666440964 0.160286873579025 0.16375045478344 0.162238225340843 0.151469513773918 0.164882808923721 0.166612446308136 0.161499053239822 0.167658805847168 0.155783653259277 0.145084977149963 0.148850172758102 0.159996137022972 0.160235747694969 0.154245600104332 0.162820443511009 0.178591564297676 0.193614020943642 0.182903334498405 0.168298199772835 0.167051181197166 0.173825308680534 0.178302526473999 0.168491974473 0.169815108180046 0.164479434490204 0.150683805346489 0.149207502603531 0.159894049167633 0.151454746723175 0.146248191595078 0.151295140385628 0.160570815205574
-3.4e+38 0.149420544505119 0.152569487690926 0.154473900794983 0.154663011431694 0.149926915764809 0.151310235261917 0.159773603081703 0.166450917720795 0.173010855913162 0.168306544423103 0.154558628797531 0.147645503282547 0.156705439090729 0.166299805045128 0.17593440413475 0.166696205735207 0.153414994478226 0.165695503354073 0.150799244642258 0.146629884839058 0.155209332704544 0.14464282989502 0.148281410336494 0.159408420324326 0.156355753540993 0.152158513665199 0.169002145528793 0.174233451485634 0.157837525010109 0.168881475925446 0.190436974167824 0.198565751314163 0.182773485779762 0.181790605187416 0.17203177511692 0.162592902779579 0.180072844028473 0.178424566984177 0.157606795430183 0.152305603027344 0.150608584284782 0.151249885559082 0.161367923021317 0.17168952524662
-3.4e+38 0.155388206243515 0.156260997056961 0.162224948406219 0.162873685359955 0.153858244419098 0.155369594693184 0.157734766602516 0.160213828086853 0.160626977682114 0.150499776005745 0.15214130282402 0.157820537686348 0.163468182086945 0.16694687306881 0.174204051494598 0.171099007129669 0.153149142861366 0.160513356328011 0.153979301452637 0.147600382566452 0.16292667388916 0.16043347120285 0.146553188562393 0.146619036793709 0.150114193558693 0.151690855622292 0.173528924584389 0.185782864689827 0.181416645646095 0.197375416755676 0.227787762880325 0.229299247264862 0.203336745500565 0.19624850153923 0.195272877812386 0.178561151027679 0.178295016288757 0.195243701338768 0.163275197148323 0.148622110486031 0.159271791577339 0.157703146338463 0.152240693569183 0.154314905405045
-3.4e+38 0.156641617417336 0.154534012079239 0.1600741147995 0.162455603480339 0.15795673429966 0.155919283628464 0.157586336135864 0.171988502144814 0.170775979757309 0.160503461956978 0.163767352700233 0.171105489134789 0.165054216980934 0.15773768723011 0.160760819911957 0.178674072027206 0.170108526945114 0.154478296637535 0.164034143090248 0.165428593754768 0.166044637560844 0.165865615010262 0.150372236967087 0.148613885045052 0.157082542777061 0.161499574780464 0.180701404809952 0.215079367160797 0.219748184084892 0.198634460568428 0.215625032782555 0.202914103865623 0.189484044909477 0.2073033452034 0.219532191753387 0.193255484104156 0.154050186276436 0.156711056828499 0.155521228909492 0.152263075113297 0.160887613892555 0.154798835515976 0.13636440038681 0.12794017791748
-3.4e+38 0.155634835362434 0.146345138549805 0.150318369269371 0.150239020586014 0.155904069542885 0.154894098639488 0.161493510007858 0.188826575875282 0.183776393532753 0.167222931981087 0.163999363780022 0.167238295078278 0.15868404507637 0.144515186548233 0.146332457661629 0.169490605592728 0.16942586004734 0.153218284249306 0.158629506826401 0.171745076775551 0.170600980520248 0.164178505539894 0.158062145113945 0.150711312890053 0.156374543905258 0.168909698724747 0.163846045732498 0.177907019853592 0.184196412563324 0.180752202868462 0.206700026988983 0.205278992652893 0.166990727186203 0.162852227687836 0.17355877161026 0.157744646072388 0.157829731702805 0.163712024688721 0.15724278986454 0.161266013979912 0.164495244622231 0.155962243676186 0.143375873565674 0.140640690922737
-3.4e+38 0.151034906506538 0.146408796310425 0.15005861222744 0.14484691619873 0.147603496909142 0.151349112391472 0.162780076265335 0.17710742354393 0.167044684290886 0.156800046563148 0.150091126561165 0.159988552331924 0.169463470578194 0.156444102525711 0.14653804898262 0.157281145453453 0.160593658685684 0.150337859988213 0.152104750275612 0.164763674139977 0.16552397608757 0.156541734933853 0.152784705162048 0.146143853664398 0.145721361041069 0.164611384272575 0.13738152384758 0.133722588419914 0.169178277254105 0.160644024610519 0.170900747179985 0.164225578308105 0.143440425395966 0.148342624306679 0.168117329478264 0.158682882785797 0.146547555923462 0.154169082641602 0.145586788654327 0.156540051102638 0.168726518750191 0.163663595914841 0.157445818185806 0.162212833762169
-3.4e+38 0.153030648827553 0.151130333542824 0.162456721067429 0.16985921561718 0.164608433842659 0.162382200360298 0.170159757137299 0.161548286676407 0.147430643439293 0.149653613567352 0.142910555005074 0.158849254250526 0.176678627729416 0.167843043804169 0.157933697104454 0.160587325692177 0.165554732084274 0.157947659492493 0.155738264322281 0.15919229388237 0.156713023781776 0.155040979385376 0.159762278199196 0.161155685782433 0.150468483567238 0.150134682655334 0.13415952026844 0.152873486280441 0.16767306625843 0.127671226859093 0.122869029641151 0.127608731389046 0.151756957173347 0.170910283923149 0.173825576901436 0.156628325581551 0.144271939992905 0.145891278982162 0.144222944974899 0.146850883960724 0.159506022930145 0.156714603304863 0.143348410725594 0.143097162246704
-3.4e+38 0.171311780810356 0.149903103709221 0.158484727144241 0.180217072367668 0.17404992878437 0.158385053277016 0.158574447035789 0.148244872689247 0.144525095820427 0.154177218675613 0.145808607339859 0.150030046701431 0.162758603692055 0.168987795710564 0.178397417068481 0.18229453265667 0.176597446203232 0.16401082277298 0.158719196915627 0.158142864704132 0.155940636992455 0.15859554708004 0.173998057842255 0.168343394994736 0.150975227355957 0.157178625464439 0.164077296853065 0.167097046971321 0.149360924959183 0.129516080021858 0.13186052441597 0.147170886397362 0.159657344222069 0.159424245357513 0.15199002623558 0.145358443260193 0.149944216012955 0.155821785330772 0.157980158925056 0.158372908830643 0.159796789288521 0.155078247189522 0.142572075128555 0.144219681620598
-3.4e+38 0.167144045233727 0.144741967320442 0.141258224844933 0.152925580739975 0.161421418190002 0.153184413909912 0.15797521173954 0.152347937226295 0.161169469356537 0.164971932768822 0.152367740869522 0.153556272387505 0.1525599360466 0.162330627441406 0.185293823480606 0.182515069842339 0.170898616313934 0.161292284727097 0.156956970691681 0.155423149466515 0.159659340977669 0.154243692755699 0.16213646531105 0.157473057508469 0.144308179616928 0.166023522615433 0.1811703145504 0.165724664926529 0.157854005694389 0.163427457213402 0.161512553691864 0.159480273723602 0.155385956168175 0.152275115251541 0.153587371110916 0.159379512071609 0.161183893680573 0.151328653097153 0.156275555491447 0.167186051607132 0.170902341604233 0.161722555756569 0.153962194919586 0.157871752977371
0.144973605871201 0.153901115059853 0.154988303780556 0.159011602401733 0.15160271525383 0.155265167355537 0.161955371499062 0.166015297174454 0.17240297794342 0.178026154637337 0.164334625005722 0.16218101978302 0.178137451410294 0.171782582998276 0.171162962913513 0.17746177315712 0.154218137264252 0.15355309844017 0.170570388436317 0.170431941747665 0.155885577201843 0.154740735888481 0.161106646060944 0.163304045796394 0.169528722763062 0.164761006832123 0.171421885490417 0.184088602662086 0.163335502147675 0.159549936652184 0.160424813628197 0.151933699846268 0.156621217727661 0.164576947689056 0.1553053855896 0.147314369678497 0.15832032263279 0.158166006207466 0.146085202693939 0.146863222122192 0.156824916601181 0.168692573904991 0.162276238203049 0.149069309234619 0.14757165312767
