data/1_raw/trimmed_ndre/J_ndre.522.2009_no_clouds.asc
NCOLS 141 
NROWS 118 
XLLCORNER 516845 
YLLCORNER 5169015 
CELLSIZE 5 
NODATA_value -3.4e+38 
[rows 20 to 39 of 118, columns 45 to 89 of 141]
0.443136811256409 0.460768014192581 0.480264246463776 0.482412457466125 0.464645832777023 0.487583786249161 0.498640686273575 0.47906294465065 0.460740000009537 0.444457441568375 0.439421087503433 0.446289896965027 0.453862637281418 0.430849432945251 0.425449877977371 0.464095383882523 0.487869441509247 0.479256063699722 0.500941514968872 0.523634433746338 0.505787789821625 0.505655527114868 0.51339989900589 0.498223066329956 0.463209569454193 0.46877184510231 0.50446081161499 0.515546500682831 0.513632237911224 0.503354609012604 0.49703460931778 0.507311582565308 0.499779641628265 0.493098944425583 0.500807881355286 0.504112780094147 0.477778881788254 0.454318076372147 0.433234512805939 0.42728129029274 0.416008830070496 0.434969961643219 0.470312148332596 0.468464136123657 0.46271550655365
0.436665445566177 0.462702959775925 0.487484753131866 0.490435987710953 0.477437764406204 0.489895850419998 0.483096241950989 0.467672288417816 0.467171907424927 0.46749609708786 0.458467394113541 0.450711101293564 0.451490849256516 0.451875478029251 0.481865108013153 0.513150751590729 0.517859935760498 0.480424076318741 0.491236358880997 0.52598637342453 0.510024547576904 0.508451282978058 0.530369400978088 0.554842174053192 0.549102008342743 0.525231540203094 0.527318060398102 0.521496117115021 0.497000634670258 0.48657551407814 0.49023899435997 0.491438180208206 0.48535630106926 0.485890477895737 0.512653470039368 0.528086841106415 0.496828645467758 0.486791759729385 0.47504073381424 0.459916800260544 0.457995057106018 0.466060161590576 0.482462704181671 0.483984738588333 0.482167452573776
0.471309095621109 0.486185938119888 0.477178037166595 0.485465228557587 0.488355100154877 0.482271581888199 0.468251407146454 0.466517388820648 0.475019365549088 0.472815930843353 0.473809659481049 0.476527959108353 0.485667049884796 0.496108919382095 0.520437479019165 0.51497745513916 0.497417330741882 0.499001413583755 0.520184934139252 0.544870734214783 0.543431162834167 0.547244489192963 0.548943042755127 0.552683055400848 0.554721534252167 0.542337775230408 0.541145503520966 0.534129500389099 0.513352990150452 0.494802087545395 0.502524614334106 0.515499532222748 0.517400681972504 0.514474809169769 0.530172169208527 0.545116722583771 0.539804339408875 0.548333168029785 0.536524474620819 0.515561401844025 0.52359527349472 0.522789001464844 0.51652717590332 0.52343887090683 0.536646962165833
0.499635100364685 0.485289812088013 0.458959341049194 0.458402276039124 0.46532067656517 0.468125343322754 0.479929357767105 0.486497133970261 0.487179160118103 0.481966823339462 0.505550265312195 0.542633414268494 0.53219085931778 0.498007237911224 0.493493050336838 0.494529992341995 0.495878785848618 0.513293325901031 0.522532165050507 0.539770245552063 0.557780921459198 0.567728161811829 0.565267443656921 0.54873514175415 0.537538588047028 0.539343953132629 0.545513093471527 0.541350245475769 0.533290266990662 0.528666973114014 0.528694570064545 0.551261186599731 0.565100967884064 0.556675732135773 0.56298166513443 0.574895441532135 0.579938530921936 0.578191220760345 0.568088114261627 0.533363103866577 0.515802204608917 0.536361753940582 0.545479774475098 0.558603286743164 0.578657627105713
0.490055054426193 0.4718137383461 0.472358763217926 0.471716046333313 0.460774958133698 0.470802277326584 0.502135813236237 0.505067408084869 0.528601288795471 0.534568965435028 0.532842814922333 0.549066781997681 0.521321773529053 0.479243874549866 0.478531748056412 0.498580157756805 0.50345379114151 0.501159071922302 0.501419126987457 0.517157077789307 0.538154006004333 0.557208299636841 0.563495337963104 0.552550137042999 0.536788046360016 0.534317672252655 0.542505621910095 0.541252672672272 0.547939598560333 0.551240682601929 0.544093310832977 0.568390488624573 0.591644883155823 0.591306924819946 0.593095421791077 0.600407958030701 0.589653372764587 0.568152248859406 0.553439974784851 0.531218469142914 0.512086391448975 0.523434937000275 0.542059242725372 0.561261534690857 0.586561322212219
0.489959716796875 0.477765768766403 0.486703395843506 0.491441249847412 0.490136682987213 0.485903382301331 0.493428647518158 0.511754214763641 0.537274420261383 0.545249104499817 0.515664875507355 0.498084634542465 0.490343302488327 0.500023663043976 0.514858961105347 0.516628503799438 0.499086171388626 0.494565546512604 0.512550950050354 0.538769364356995 0.55314975976944 0.538209199905396 0.53521603345871 0.549714326858521 0.543546319007874 0.520563066005707 0.518673300743103 0.533735990524292 0.543672263622284 0.550069332122803 0.56077367067337 0.591424226760864 0.610779523849487 0.615826010704041 0.613434493541718 0.61514949798584 0.590883195400238 0.558958947658539 0.547638237476349 0.551241517066956 0.533635258674622 0.515033900737762 0.523079216480255 0.536774635314941 0.577017426490784
0.497768074274063 0.507847666740417 0.510790228843689 0.514788389205933 0.526121377944946 0.54234504699707 0.539552807807922 0.536567807197571 0.534684836864471 0.524252831935883 0.512678265571594 0.496152460575104 0.492292016744614 0.506038248538971 0.52345734834671 0.519136190414429 0.50667268037796 0.507258832454681 0.524936199188232 0.548816442489624 0.562852501869202 0.538994610309601 0.513722658157349 0.514740824699402 0.513236880302429 0.494207412004471 0.484426409006119 0.520483016967773 0.54533314704895 0.557262003421783 0.59401273727417 0.636570632457733 0.639056980609894 0.635225236415863 0.629050076007843 0.626669406890869 0.61137866973877 0.594478666782379 0.588352680206299 0.591785371303558 0.572984933853149 0.550573348999023 0.547755837440491 0.559808135032654 0.589796781539917
0.50301057100296 0.527654647827148 0.532635867595673 0.526039779186249 0.53268426656723 0.553276777267456 0.563112616539001 0.545329570770264 0.532169163227081 0.506202578544617 0.499423861503601 0.513041257858276 0.518965244293213 0.504651606082916 0.507675051689148 0.537272989749908 0.557020545005798 0.545419096946716 0.539826273918152 0.549064934253693 0.566847383975983 0.578416705131531 0.57509183883667 0.539817810058594 0.503427565097809 0.491317808628082 0.497947782278061 0.531315922737122 0.579808056354523 0.608965158462524 0.630813419818878 0.652662336826324 0.652330875396729 0.644974708557129 0.639431774616241 0.632963061332703 0.623576998710632 0.625139534473419 0.624776661396027 0.615482449531555 0.607157588005066 0.613676488399506 0.604701936244965 0.596389353275299 0.616247773170471
0.490423232316971 0.508251011371613 0.5120809674263 0.502480328083038 0.499315023422241 0.516969799995422 0.534091353416443 0.51340925693512 0.496847927570343 0.507761180400848 0.504155337810516 0.5235835313797 0.539920389652252 0.524502635002136 0.523805260658264 0.534393548965454 0.560550332069397 0.566133081912994 0.552013158798218 0.552166342735291 0.567920982837677 0.576593160629272 0.573511004447937 0.535154044628143 0.514453649520874 0.537694156169891 0.580746173858643 0.6099933385849 0.624849140644073 0.643628120422363 0.631808400154114 0.630826413631439 0.636995911598206 0.625805377960205 0.619495093822479 0.604800581932068 0.601326107978821 0.613755106925964 0.627062737941742 0.627188920974731 0.627170562744141 0.640824735164642 0.623779833316803 0.609044849872589 0.625019073486328
0.487937301397324 0.487294346094131 0.473617225885391 0.467829018831253 0.472935169935226 0.48774316906929 0.497917026281357 0.508423209190369 0.495657861232758 0.496939808130264 0.501025259494781 0.511829018592834 0.534068286418915 0.535268187522888 0.51933342218399 0.524451732635498 0.547041475772858 0.563837885856628 0.543333053588867 0.53344851732254 0.551549136638641 0.566529214382172 0.554313361644745 0.523833513259888 0.540700376033783 0.586129307746887 0.617514669895172 0.640477657318115 0.624434113502502 0.613895833492279 0.611615717411041 0.601448237895966 0.59025239944458 0.579934060573578 0.574464380741119 0.575102925300598 0.575454831123352 0.586385130882263 0.614230871200562 0.625598073005676 0.620707869529724 0.621909737586975 0.611957669258118 0.612226486206055 0.626422822475433
0.467984735965729 0.459731101989746 0.447743713855743 0.453482270240784 0.473719000816345 0.495951771736145 0.495087742805481 0.491804867982864 0.493787735700607 0.483223915100098 0.496856242418289 0.514319181442261 0.513028562068939 0.524529337882996 0.525908708572388 0.528759479522705 0.535585463047028 0.53745698928833 0.528868913650513 0.526447892189026 0.538215219974518 0.564385831356049 0.56794548034668 0.542519867420197 0.542782962322235 0.582995593547821 0.601711928844452 0.606436967849731 0.5747971534729 0.541633129119873 0.553855895996094 0.558731257915497 0.555307507514954 0.554377615451813 0.559330821037292 0.588892757892609 0.604122042655945 0.601223826408386 0.608458280563354 0.626059532165527 0.621527314186096 0.614671587944031 0.617414891719818 0.628203272819519 0.621124267578125
0.432299345731735 0.438586086034775 0.444209396839142 0.439128488302231 0.442314922809601 0.465330183506012 0.46511247754097 0.451926708221436 0.482813864946365 0.490493565797806 0.485153287649155 0.498914450407028 0.50790137052536 0.519191086292267 0.521657049655914 0.507158756256104 0.512723088264465 0.503129422664642 0.515163242816925 0.539401054382324 0.541077435016632 0.548790454864502 0.547620117664337 0.530786216259003 0.52851676940918 0.552191495895386 0.560334980487823 0.539150893688202 0.539075911045074 0.513915121555328 0.525675535202026 0.556117057800293 0.54745751619339 0.559727728366852 0.580118894577026 0.599836111068726 0.602574527263641 0.595826089382172 0.603240013122559 0.63790488243103 0.643515050411224 0.627259433269501 0.615151345729828 0.618068635463715 0.597873687744141
0.420870631933212 0.426843255758286 0.449773728847504 0.445336312055588 0.424879997968674 0.431981950998306 0.414696246385574 0.406231224536896 0.426495939493179 0.456355452537537 0.477051317691803 0.482568621635437 0.493957996368408 0.490410804748535 0.463859587907791 0.460276156663895 0.486682295799255 0.479528844356537 0.513611197471619 0.551925897598267 0.553314566612244 0.544361650943756 0.545137107372284 0.543498158454895 0.539441823959351 0.536739528179169 0.530078887939453 0.512865781784058 0.505243480205536 0.511862516403198 0.531452178955078 0.550054848194122 0.528250277042389 0.542761445045471 0.576188087463379 0.590511858463287 0.585711240768433 0.576462268829346 0.593140304088593 0.620936274528503 0.611998319625854 0.610541105270386 0.608569204807281 0.591278791427612 0.566812336444855
0.435805171728134 0.445118993520737 0.462014496326447 0.461246401071548 0.43154039978981 0.411458373069763 0.362234234809875 0.352582812309265 0.364711314439774 0.381977558135986 0.420355826616287 0.436554670333862 0.437328934669495 0.447825938463211 0.433308452367783 0.457160592079163 0.501465260982513 0.501811146736145 0.52255117893219 0.559314131736755 0.567826211452484 0.555652379989624 0.561687409877777 0.575191736221313 0.571887731552124 0.557618379592896 0.526572644710541 0.509132385253906 0.506561100482941 0.517600893974304 0.513676643371582 0.517964601516724 0.525781095027924 0.516394019126892 0.530579686164856 0.552054643630981 0.570475339889526 0.580387592315674 0.578758597373962 0.585789620876312 0.583063364028931 0.5950648188591 0.609933972358704 0.587390899658203 0.510490238666534
0.435861468315125 0.463709563016891 0.463117659091949 0.450936019420624 0.434919983148575 0.387925416231155 0.318559467792511 0.31025817990303 0.32500284910202 0.337573558092117 0.357376784086227 0.387735486030579 0.422617822885513 0.475262671709061 0.513308703899384 0.525487065315247 0.539461433887482 0.541814029216766 0.548951864242554 0.579101622104645 0.601971387863159 0.594363689422607 0.581587731838226 0.578605592250824 0.589087963104248 0.586679995059967 0.562399506568909 0.546717762947083 0.527296841144562 0.496655195951462 0.50110250711441 0.470447450876236 0.440251082181931 0.421836316585541 0.438242733478546 0.458414882421494 0.473922938108444 0.494185477495193 0.511892199516296 0.525854468345642 0.549108922481537 0.568192958831787 0.556884229183197 0.490352243185043 0.400207877159119
0.459153115749359 0.46669739484787 0.444227606058121 0.415703594684601 0.425187408924103 0.413715243339539 0.374966263771057 0.363208889961243 0.38963320851326 0.419319421052933 0.455681681632996 0.483150124549866 0.511159837245941 0.547195494174957 0.577054142951965 0.570425927639008 0.571622669696808 0.574888646602631 0.577102541923523 0.589874148368835 0.618826687335968 0.624767541885376 0.610689461231232 0.600748479366302 0.607698976993561 0.610429227352142 0.59381902217865 0.574138581752777 0.540525674819946 0.482171982526779 0.425484031438828 0.363595008850098 0.30405780673027 0.298591047525406 0.311588048934937 0.320124953985214 0.326726675033569 0.344616204500198 0.378021508455276 0.406274735927582 0.427667558193207 0.431850045919418 0.406939208507538 0.365798860788345 0.346600979566574
0.466896653175354 0.451918363571167 0.445250302553177 0.453085571527481 0.46785843372345 0.486247479915619 0.483004242181778 0.47646701335907 0.528073489665985 0.545218408107758 0.549048781394958 0.559945583343506 0.564153254032135 0.542444944381714 0.540642201900482 0.566107571125031 0.562183976173401 0.556042313575745 0.556911170482635 0.56946462392807 0.60013484954834 0.617782056331635 0.617024064064026 0.610962152481079 0.603555679321289 0.594199776649475 0.58830326795578 0.578816890716553 0.524503231048584 0.420922219753265 0.311322778463364 0.278396040201187 0.242140203714371 0.227858424186707 0.228982165455818 0.209039285778999 0.230714678764343 0.241493180394173 0.248533084988594 0.289271891117096 0.302783489227295 0.292473196983337 0.294340640306473 0.337660849094391 0.348689585924149
0.459038615226746 0.462353199720383 0.482514619827271 0.504853844642639 0.506255686283112 0.522413194179535 0.533552289009094 0.541785538196564 0.568412184715271 0.54932165145874 0.509879410266876 0.49872300028801 0.507634341716766 0.50814813375473 0.488176584243774 0.481032401323318 0.470140367746353 0.469136953353882 0.500063478946686 0.5432408452034 0.572714447975159 0.585502803325653 0.589084029197693 0.579203605651855 0.564767897129059 0.548784017562866 0.542561411857605 0.519909977912903 0.452699542045593 0.339077919721603 0.253093689680099 0.230514734983444 0.229219913482666 0.216890677809715 0.213932752609253 0.206059604883194 0.258871406316757 0.284148871898651 0.248964354395866 0.257687449455261 0.280818611383438 0.281146138906479 0.29480567574501 0.329941421747208 0.348901033401489
0.420343488454819 0.44719523191452 0.48622465133667 0.501083314418793 0.493312686681747 0.515447199344635 0.527336061000824 0.521880388259888 0.493682831525803 0.445497274398804 0.384080439805984 0.360127210617065 0.373955726623535 0.384153097867966 0.375818848609924 0.366137892007828 0.367264956235886 0.362541258335114 0.384093105792999 0.444164097309113 0.490903407335281 0.511749923229218 0.5277059674263 0.523303806781769 0.502107322216034 0.468108117580414 0.442344754934311 0.402927160263062 0.342435091733932 0.262851804494858 0.205808326601982 0.205390095710754 0.217533841729164 0.221327885985374 0.222357764840126 0.217103376984596 0.213696733117104 0.27299228310585 0.294436126947403 0.295095980167389 0.308132648468018 0.288781553506851 0.284139633178711 0.305178999900818 0.325978249311447
0.362896591424942 0.401815950870514 0.428482294082642 0.46561461687088 0.47871270775795 0.486072301864624 0.476011514663696 0.454582720994949 0.415180444717407 0.373825073242188 0.33636400103569 0.284599304199219 0.274821102619171 0.289979666471481 0.294815063476562 0.32870027422905 0.338181018829346 0.302250891923904 0.266045361757278 0.309258162975311 0.381306916475296 0.41590741276741 0.448487907648087 0.434331715106964 0.376626700162888 0.340061724185944 0.323150098323822 0.282037526369095 0.221816003322601 0.183847412467003 0.179022833704948 0.205742999911308 0.213627964258194 0.219185546040535 0.243041217327118 0.250754028558731 0.23955212533474 0.262050747871399 0.268416523933411 0.270310163497925 0.286445111036301 0.311367034912109 0.289245933294296 0.27007731795311 0.287045896053314
