data/1_raw/trimmed_ndre/J_ndre.728.2009_no_clouds.asc
NCOLS 141 
NROWS 118 
XLLCORNER 516845 
YLLCORNER 5169015 
CELLSIZE 5 
NODATA_value -3.4e+38 
[rows 20 to 39 of 118, columns 0 to 44 of 141]
-3.4e+38 -3.4e+38 -3.4e+38 -3.4e+38 -3.4e+38 -3.4e+38 -3.4e+38 -3.4e+38 -3.4e+38 -3.4e+38 -3.4e+38 -3.4e+38 -3.4e+38 -3.4e+38 -3.4e+38 -3.4e+38 -3.4e+38 -3.4e+38 -3.4e+38 -3.4e+38 -3.4e+38 -3.4e+38 -3.4e+38 -3.4e+38 -3.4e+38 -3.4e+38 -3.4e+38 -3.4e+38 -3.4e+38 -3.4e+38 -3.4e+38 -3.4e+38 -3.4e+38 -3.4e+38 -3.4e+38 -3.4e+38 0.218455493450165 0.217609733343124 0.221297353506088 0.22556771337986 0.219533547759056 0.214797079563141 0.207907482981682 0.200884208083153 0.206516936421394
-3.4e+38 -3.4e+38 -3.4e+38 -3.4e+38 -3.4e+38 -3.4e+38 -3.4e+38 -3.4e+38 -3.4e+38 -3.4e+38 -3.4e+38 -3.4e+38 -3.4e+38 -3.4e+38 -3.4e+38 -3.4e+38 -3.4e+38 -3.4e+38 -3.4e+38 -3.4e+38 -3.4e+38 -3.4e+38 -3.4e+38 -3.4e+38 -3.4e+38 -3.4e+38 -3.4e+38 -3.4e+38 -3.4e+38 -3.4e+38 -3.4e+38 -3.4e+38 -3.4e+38 -3.4e+38 -3.4e+38 0.211758643388748 0.209203273057938 0.214020907878876 0.227491050958633 0.236379817128181 0.228193238377571 0.21942001581192 0.207677334547043 0.204729363322258 0.2122603058815
-3.4e+38 -3.4e+38 -3.4e+38 -3.4e+38 -3.4e+38 -3.4e+38 -3.4e+38 -3.4e+38 -3.4e+38 -3.4e+38 -3.4e+38 -3.4e+38 -3.4e+38 -3.4e+38 -3.4e+38 -3.4e+38 -3.4e+38 -3.4e+38 -3.4e+38 -3.4e+38 -3.4e+38 -3.4e+38 -3.4e+38 -3.4e+38 -3.4e+38 -3.4e+38 -3.4e+38 -3.4e+38 -3.4e+38 -3.4e+38 -3.4e+38 -3.4e+38 -3.4e+38 -3.4e+38 0.229665204882622 0.223379328846931 0.213323101401329 0.218142107129097 0.217877775430679 0.220908284187317 0.229469805955887 0.23245145380497 0.223542377352715 0.21499015390873 0.217763960361481
-3.4e+38 -3.4e+38 -3.4e+38 -3.4e+38 -3.4e+38 -3.4e+38 -3.4e+38 -3.4e+38 -3.4e+38 -3.4e+38 -3.4e+38 -3.4e+38 -3.4e+38 -3.4e+38 -3.4e+38 -3.4e+38 -3.4e+38 -3.4e+38 -3.4e+38 -3.4e+38 -3.4e+38 -3.4e+38 -3.4e+38 -3.4e+38 -3.4e+38 -3.4e+38 -3.4e+38 -3.4e+38 -3.4e+38 -3.4e+38 -3.4e+38 -3.4e+38 -3.4e+38 0.219930455088615 0.219858065247536 0.219335719943047 0.21503446996212 0.218481615185738 0.215108335018158 0.216967165470123 0.2315933406353 0.23552080988884 0.227822259068489 0.216087147593498 0.215342089533806
-3.4e+38 -3.4e+38 -3.4e+38 -3.4e+38 -3.4e+38 -3.4e+38 -3.4e+38 -3.4e+38 -3.4e+38 -3.4e+38 -3.4e+38 -3.4e+38 -3.4e+38 -3.4e+38 -3.4e+38 -3.4e+38 -3.4e+38 -3.4e+38 -3.4e+38 -3.4e+38 -3.4e+38 -3.4e+38 -3.4e+38 -3.4e+38 -3.4e+38 -3.4e+38 -3.4e+38 -3.4e+38 -3.4e+38 -3.4e+38 -3.4e+38 0.242601126432419 0.245262742042542 0.228247359395027 0.209372445940971 0.211744323372841 0.209894075989723 0.208667233586311 0.209787756204605 0.215135306119919 0.228865191340446 0.224706470966339 0.214278221130371 0.211581841111183 0.213469535112381
-3.4e+38 -3.4e+38 -3.4e+38 -3.4e+38 -3.4e+38 -3.4e+38 -3.4e+38 -3.4e+38 -3.4e+38 -3.4e+38 -3.4e+38 -3.4e+38 -3.4e+38 -3.4e+38 -3.4e+38 -3.4e+38 -3.4e+38 -3.4e+38 -3.4e+38 -3.4e+38 -3.4e+38 -3.4e+38 -3.4e+38 -3.4e+38 -3.4e+38 -3.4e+38 -3.4e+38 -3.4e+38 -3.4e+38 -3.4e+38 0.203822582960129 0.221084386110306 0.22696940600872 0.216639876365662 0.206883683800697 0.228701427578926 0.23493529856205 0.217132046818733 0.21049265563488 0.218272492289543 0.226042211055756 0.217389717698097 0.204945266246796 0.205401599407196 0.21162061393261
-3.4e+38 -3.4e+38 -3.4e+38 -3.4e+38 -3.4e+38 -3.4e+38 -3.4e+38 -3.4e+38 -3.4e+38 -3.4e+38 -3.4e+38 -3.4e+38 -3.4e+38 -3.4e+38 -3.4e+38 -3.4e+38 -3.4e+38 -3.4e+38 -3.4e+38 -3.4e+38 -3.4e+38 -3.4e+38 -3.4e+38 -3.4e+38 -3.4e+38 -3.4e+38 -3.4e+38 -3.4e+38 -3.4e+38 0.205048069357872 0.200169146060944 0.199313670396805 0.201767846941948 0.192577347159386 0.193635478615761 0.227746292948723 0.244188383221626 0.219784960150719 0.211947605013847 0.220796182751656 0.227056175470352 0.213715925812721 0.2027537971735 0.202313259243965 0.211412712931633
-3.4e+38 -3.4e+38 -3.4e+38 -3.4e+38 -3.4e+38 -3.4e+38 -3.4e+38 -3.4e+38 -3.4e+38 -3.4e+38 -3.4e+38 -3.4e+38 -3.4e+38 -3.4e+38 -3.4e+38 -3.4e+38 -3.4e+38 -3.4e+38 -3.4e+38 -3.4e+38 -3.4e+38 -3.4e+38 -3.4e+38 -3.4e+38 -3.4e+38 -3.4e+38 0.18710720539093 0.209273636341095 0.219030201435089 0.207769975066185 0.20189580321312 0.204713404178619 0.207102611660957 0.200418159365654 0.20152048766613 0.219677597284317 0.227512389421463 0.211912706494331 0.204861253499985 0.209315404295921 0.215618297457695 0.208990350365639 0.20371513068676 0.207201018929482 0.215487733483315
-3.4e+38 -3.4e+38 -3.4e+38 -3.4e+38 -3.4e+38 -3.4e+38 -3.4e+38 -3.4e+38 -3.4e+38 -3.4e+38 -3.4e+38 -3.4e+38 -3.4e+38 -3.4e+38 -3.4e+38 -3.4e+38 -3.4e+38 -3.4e+38 -3.4e+38 -3.4e+38 -3.4e+38 -3.4e+38 -3.4e+38 0.223407119512558 0.222774267196655 0.216268271207809 0.194627866148949 0.202408596873283 0.21335244178772 0.204839766025543 0.203299671411514 0.204364448785782 0.208224564790726 0.209605261683464 0.204636424779892 0.203881740570068 0.216195195913315 0.218645200133324 0.208044812083244 0.203456282615662 0.209340333938599 0.207729652523994 0.203888475894928 0.204588085412979 0.210990816354752
-3.4e+38 -3.4e+38 -3.4e+38 -3.4e+38 -3.4e+38 -3.4e+38 -3.4e+38 -3.4e+38 -3.4e+38 -3.4e+38 -3.4e+38 -3.4e+38 -3.4e+38 -3.4e+38 -3.4e+38 -3.4e+38 -3.4e+38 -3.4e+38 -3.4e+38 0.200154423713684 0.188803389668465 0.207752615213394 0.221017256379128 0.230497896671295 0.224220275878906 0.219092145562172 0.21997395157814 0.219375416636467 0.214197784662247 0.212628021836281 0.215273514389992 0.208809077739716 0.202057138085365 0.203950762748718 0.194864794611931 0.197281002998352 0.213993772864342 0.223543614149094 0.204249054193497 0.201966807246208 0.213837966322899 0.214727506041527 0.21038031578064 0.207772776484489 0.214241579174995
-3.4e+38 -3.4e+38 -3.4e+38 -3.4e+38 -3.4e+38 -3.4e+38 -3.4e+38 -3.4e+38 -3.4e+38 -3.4e+38 -3.4e+38 -3.4e+38 -3.4e+38 -3.4e+38 -3.4e+38 -3.4e+38 0.197810873389244 0.199996054172516 0.201558142900467 0.200573489069939 0.205656170845032 0.209690809249878 0.229970753192902 0.234098687767982 0.205616220831871 0.202695176005363 0.232346951961517 0.230585604906082 0.206801265478134 0.208959430456161 0.20951534807682 0.199311181902885 0.195821538567543 0.195979237556458 0.193366438150406 0.201098054647446 0.214201629161835 0.213874444365501 0.198947802186012 0.199940502643585 0.211156412959099 0.210980921983719 0.202982664108276 0.205749556422234 0.222323134541512
-3.4e+38 -3.4e+38 -3.4e+38 -3.4e+38 -3.4e+38 -3.4e+38 -3.4e+38 -3.4e+38 -3.4e+38 -3.4e+38 -3.4e+38 -3.4e+38 -3.4e+38 0.206139653921127 0.192202195525169 0.1833386272192 0.194962233304977 0.197241380810738 0.192001909017563 0.202723383903503 0.196742996573448 0.190284371376038 0.199113205075264 0.199133008718491 0.193095609545708 0.201648876070976 0.221386924386024 0.214569985866547 0.199722126126289 0.210811987519264 0.207631662487984 0.197593733668327 0.202499836683273 0.20087443292141 0.204471990466118 0.219017446041107 0.212534889578819 0.206895768642426 0.206779733300209 0.20433883368969 0.202830985188484 0.204131454229355 0.202104523777962 0.205599293112755 0.220575153827667
-3.4e+38 -3.4e+38 -3.4e+38 -3.4e+38 -3.4e+38 -3.4e+38 -3.4e+38 -3.4e+38 -3.4e+38 -3.4e+38 -3.4e+38 -3.4e+38 0.201325207948685 0.210163429379463 0.201967313885689 0.192769765853882 0.200118362903595 0.20133101940155 0.198090016841888 0.207582980394363 0.20091637969017 0.197106435894966 0.199754491448402 0.196553394198418 0.210985004901886 0.228821963071823 0.231002226471901 0.213713303208351 0.202933833003044 0.214161664247513 0.215817674994469 0.213594794273376 0.212561041116714 0.21330526471138 0.216771319508553 0.217200428247452 0.206009656190872 0.210244506597519 0.21704275906086 0.216829091310501 0.213962152600288 0.214049696922302 0.218058526515961 0.214539617300034 0.211024820804596
-3.4e+38 -3.4e+38 -3.4e+38 -3.4e+38 -3.4e+38 -3.4e+38 -3.4e+38 -3.4e+38 -3.4e+38 -3.4e+38 0.203949138522148 0.19796034693718 0.189761236310005 0.19840769469738 0.208271831274033 0.20133064687252 0.199975609779358 0.208876475691795 0.199458226561546 0.198744252324104 0.20307032763958 0.208656013011932 0.225960552692413 0.22217170894146 0.20583364367485 0.221499934792519 0.233332142233849 0.217447251081467 0.205843269824982 0.204859375953674 0.202419891953468 0.207093000411987 0.216670528054237 0.22073233127594 0.210563287138939 0.196062505245209 0.191201344132423 0.199954673647881 0.209815695881844 0.22016529738903 0.228021740913391 0.22009864449501 0.21762815117836 0.210262686014175 0.200267851352692
-3.4e+38 -3.4e+38 -3.4e+38 -3.4e+38 -3.4e+38 -3.4e+38 -3.4e+38 -3.4e+38 -3.4e+38 0.205605626106262 0.204741522669792 0.212785199284554 0.198314324021339 0.198596984148026 0.218146756291389 0.20650440454483 0.204197555780411 0.222791224718094 0.2077666670084 0.203334927558899 0.209279373288155 0.203572332859039 0.215582087635994 0.218782097101212 0.208047807216644 0.215093731880188 0.22411185503006 0.216161504387856 0.20734216272831 0.203826487064362 0.203089967370033 0.208166912198067 0.215428024530411 0.213772922754288 0.206724032759666 0.202007487416267 0.203467190265656 0.203987747430801 0.201664924621582 0.208077237010002 0.214162483811378 0.209601908922195 0.210905760526657 0.207731112837791 0.203478366136551
-3.4e+38 -3.4e+38 -3.4e+38 -3.4e+38 -3.4e+38 -3.4e+38 -3.4e+38 -3.4e+38 0.227907791733742 0.206643611192703 0.190143004059792 0.202757462859154 0.206501647830009 0.218617334961891 0.234604820609093 0.215458288788795 0.224395126104355 0.244496613740921 0.224464625120163 0.220924004912376 0.220003798604012 0.204856008291245 0.21197609603405 0.217271193861961 0.215073600411415 0.21439054608345 0.211942613124847 0.206935912370682 0.201944977045059 0.207669243216515 0.216958656907082 0.219499111175537 0.211617097258568 0.186804816126823 0.188736349344254 0.214634045958519 0.223190292716026 0.217205971479416 0.207550302147865 0.205247804522514 0.202487915754318 0.200892925262451 0.208668053150177 0.212121814489365 0.217603623867035
-3.4e+38 -3.4e+38 -3.4e+38 -3.4e+38 -3.4e+38 -3.4e+38 0.205756485462189 0.206755056977272 0.206476554274559 0.197634145617485 0.209496363997459 0.222370997071266 0.215878322720528 0.23966908454895 0.252659797668457 0.225369438529015 0.24235425889492 0.250110536813736 0.229860469698906 0.224193587899208 0.221277609467506 0.208034172654152 0.201914995908737 0.20614105463028 0.208894968032837 0.211545348167419 0.217383965849876 0.232559457421303 0.238696709275246 0.240257441997528 0.231977239251137 0.224137052893639 0.219341650605202 0.196225643157959 0.194049045443535 0.210381135344505 0.218718037009239 0.214312702417374 0.210863724350929 0.210295245051384 0.203382268548012 0.203342169523239 0.21156419813633 0.213095784187317 0.221239134669304
-3.4e+38 -3.4e+38 -3.4e+38 -3.4e+38 -3.4e+38 0.224600940942764 0.215362280607224 0.223855540156364 0.224915102124214 0.220496416091919 0.245186105370522 0.251814842224121 0.212987348437309 0.240168586373329 0.265750646591187 0.241190642118454 0.240258693695068 0.238513186573982 0.221893116831779 0.217177242040634 0.220890656113625 0.214389994740486 0.196150168776512 0.197807192802429 0.215931177139282 0.215768173336983 0.223779812455177 0.245869815349579 0.264336347579956 0.272414684295654 0.249477922916412 0.22134256362915 0.213668644428253 0.204746335744858 0.197179153561592 0.191618636250496 0.191735684871674 0.190177634358406 0.202723070979118 0.213926807045937 0.207389965653419 0.208010226488113 0.215191677212715 0.207969605922699 0.21170449256897
-3.4e+38 -3.4e+38 -3.4e+38 -3.4e+38 0.280577331781387 0.25199618935585 0.234405443072319 0.262124836444855 0.273811131715775 0.255492389202118 0.231511399149895 0.233865767717361 0.232380926609039 0.237498894333839 0.257743358612061 0.250355392694473 0.226871103048325 0.221275851130486 0.220580622553825 0.216069743037224 0.220778614282608 0.224621966481209 0.210741683840752 0.190441533923149 0.207430854439735 0.220631986856461 0.220474436879158 0.221616223454475 0.227376118302345 0.238618016242981 0.217473104596138 0.198144465684891 0.197174400091171 0.186524346470833 0.192879661917686 0.194086864590645 0.179379403591156 0.174512714147568 0.194573223590851 0.207660973072052 0.201443210244179 0.205027416348457 0.211688682436943 0.203656926751137 0.208235189318657
-3.4e+38 -3.4e+38 0.320431262254715 0.324997425079346 0.316140681505203 0.308779269456863 0.313632130622864 0.320938467979431 0.319852262735367 0.291948705911636 0.283601492643356 0.284459978342056 0.286781430244446 0.278874397277832 0.274364590644836 0.267056226730347 0.242847934365273 0.221785023808479 0.22184157371521 0.227146074175835 0.223824545741081 0.234612107276917 0.239650562405586 0.208618327975273 0.204581394791603 0.225418761372566 0.213689759373665 0.209496170282364 0.208240196108818 0.203043967485428 0.187833443284035 0.193204164505005 0.200298115611076 0.18603241443634 0.195598155260086 0.200405612587929 0.183920443058014 0.18074743449688 0.194235146045685 0.19995005428791 0.192705422639847 0.19808341562748 0.204810455441475 0.205585494637489 0.215195864439011
