data/1_raw/trimmed_ndre/J_ndre.86.2014_no_clouds.asc
NCOLS 141 
NROWS 118 
XLLCORNER 516845 
YLLCORNER 5169015 
CELLSIZE 5 
NODATA_value -3.4e+38 
[rows 0 to 19 of 118, columns 45 to 89 of 141]
-3.4e+38 -3.4e+38 -3.4e+38 -3.4e+38 -3.4e+38 -3.4e+38 -3.4e+38 -3.4e+38 -3.4e+38 -3.4e+38 -3.4e+38 -3.4e+38 -3.4e+38 -3.4e+38 -3.4e+38 -3.4e+38 -3.4e+38 -3.4e+38 -3.4e+38 -3.4e+38 -3.4e+38 -3.4e+38 -3.4e+38 -3.4e+38 -3.4e+38 -3.4e+38 -3.4e+38 -3.4e+38 -3.4e+38 -3.4e+38 -3.4e+38 -3.4e+38 -3.4e+38 -3.4e+38 -3.4e+38 -3.4e+38 -3.4e+38 0.308453023433685 0.305301576852798 0.311976879835129 0.310802847146988 0.302189767360687 0.3022381067276 0.309562355279922 0.31697952747345
-3.4e+38 -3.4e+38 -3.4e+38 -3.4e+38 -3.4e+38 -3.4e+38 -3.4e+38 -3.4e+38 -3.4e+38 -3.4e+38 -3.4e+38 -3.4e+38 -3.4e+38 -3.4e+38 -3.4e+38 -3.4e+38 -3.4e+38 -3.4e+38 -3.4e+38 -3.4e+38 -3.4e+38 -3.4e+38 -3.4e+38 -3.4e+38 -3.4e+38 -3.4e+38 -3.4e+38 -3.4e+38 0.296681940555573 0.300933539867401 0.301381230354309 0.301867306232452 0.300251841545105 0.29903170466423 0.301043689250946 0.303639382123947 0.312782227993011 0.307427525520325 0.304240077733994 0.316084980964661 0.320040911436081 0.313252478837967 0.309386700391769 0.313856422901154 0.315288662910461
-3.4e+38 -3.4e+38 -3.4e+38 -3.4e+38 -3.4e+38 -3.4e+38 -3.4e+38 -3.4e+38 -3.4e+38 -3.4e+38 -3.4e+38 -3.4e+38 -3.4e+38 -3.4e+38 -3.4e+38 -3.4e+38 -3.4e+38 -3.4e+38 -3.4e+38 -3.4e+38 0.285182297229767 0.287174880504608 0.276080220937729 0.273836761713028 0.286657452583313 0.295103430747986 0.296755611896515 0.296525835990906 0.296280831098557 0.298967510461807 0.298120111227036 0.295696586370468 0.290308862924576 0.283991456031799 0.287728428840637 0.295676022768021 0.301519125699997 0.295952260494232 0.299717783927917 0.317745059728622 0.325253933668137 0.324093490839005 0.324802339076996 0.324682533740997 0.31137952208519
-3.4e+38 -3.4e+38 -3.4e+38 -3.4e+38 -3.4e+38 -3.4e+38 -3.4e+38 -3.4e+38 -3.4e+38 -3.4e+38 -3.4e+38 -3.4e+38 -3.4e+38 -3.4e+38 -3.4e+38 -3.4e+38 0.251233041286469 0.257147639989853 0.272942095994949 0.276151090860367 0.288225382566452 0.294173926115036 0.287204742431641 0.287158399820328 0.298597931861877 0.303895592689514 0.300751149654388 0.297789812088013 0.298328965902328 0.299151092767715 0.298493981361389 0.298060089349747 0.291368395090103 0.281781733036041 0.288324117660522 0.291340738534927 0.289293617010117 0.288753688335419 0.297794550657272 0.311295390129089 0.317240089178085 0.320097625255585 0.329903364181519 0.333434581756592 0.325827211141586
-3.4e+38 -3.4e+38 -3.4e+38 -3.4e+38 -3.4e+38 -3.4e+38 -3.4e+38 -3.4e+38 -3.4e+38 -3.4e+38 -3.4e+38 -3.4e+38 -3.4e+38 -3.4e+38 -3.4e+38 0.265170902013779 0.265227437019348 0.273452401161194 0.280313521623611 0.278357207775116 0.287381887435913 0.298679649829865 0.298897415399551 0.2933389544487 0.299069702625275 0.301684826612473 0.297636598348618 0.293276190757751 0.294158965349197 0.298092037439346 0.301072716712952 0.301151752471924 0.292747318744659 0.283168703317642 0.290066212415695 0.291655629873276 0.284940809011459 0.282831013202667 0.287251472473145 0.293526172637939 0.300491333007812 0.308044046163559 0.321086704730988 0.329687476158142 0.330038279294968
-3.4e+38 -3.4e+38 -3.4e+38 -3.4e+38 -3.4e+38 -3.4e+38 -3.4e+38 -3.4e+38 -3.4e+38 -3.4e+38 -3.4e+38 -3.4e+38 -3.4e+38 -3.4e+38 0.254612624645233 0.270338147878647 0.269184589385986 0.279130697250366 0.281184941530228 0.28344863653183 0.288664966821671 0.300667136907578 0.302244454622269 0.291531533002853 0.293475925922394 0.293673902750015 0.289419770240784 0.286660224199295 0.290713220834732 0.297283679246902 0.300342351198196 0.295533865690231 0.288229256868362 0.28359591960907 0.286899596452713 0.285321563482285 0.281303495168686 0.279683649539948 0.281475037336349 0.28323096036911 0.288870692253113 0.298411071300507 0.307410359382629 0.315258711576462 0.321333408355713
-3.4e+38 -3.4e+38 -3.4e+38 -3.4e+38 -3.4e+38 -3.4e+38 -3.4e+38 -3.4e+38 -3.4e+38 -3.4e+38 -3.4e+38 -3.4e+38 0.280324518680573 0.275761485099792 0.280743658542633 0.287613868713379 0.287979125976562 0.296632826328278 0.286835789680481 0.283620923757553 0.289851069450378 0.298336714506149 0.29745426774025 0.29053458571434 0.289702296257019 0.288952201604843 0.286729544401169 0.286420881748199 0.290044456720352 0.293902069330215 0.296266883611679 0.293705075979233 0.291815459728241 0.283095806837082 0.276399791240692 0.276058614253998 0.279867947101593 0.283696204423904 0.285396188497543 0.284415930509567 0.289444148540497 0.297756642103195 0.304841905832291 0.31288555264473 0.316231429576874
-3.4e+38 -3.4e+38 -3.4e+38 -3.4e+38 -3.4e+38 -3.4e+38 -3.4e+38 -3.4e+38 -3.4e+38 -3.4e+38 -3.4e+38 0.281866103410721 0.299930691719055 0.296683460474014 0.290142834186554 0.288594156503677 0.291146874427795 0.300624310970306 0.296701848506927 0.290135443210602 0.293608009815216 0.30502313375473 0.298312664031982 0.291689097881317 0.294525951147079 0.293749153614044 0.291680306196213 0.290313005447388 0.289275586605072 0.293819934129715 0.299157083034515 0.297287046909332 0.295677095651627 0.286141872406006 0.276069223880768 0.276554435491562 0.283176064491272 0.280773878097534 0.280111700296402 0.285954892635345 0.295456290245056 0.301440358161926 0.311133772134781 0.31991782784462 0.312735825777054
-3.4e+38 -3.4e+38 -3.4e+38 -3.4e+38 -3.4e+38 -3.4e+38 -3.4e+38 -3.4e+38 -3.4e+38 0.290429204702377 0.298494249582291 0.302599608898163 0.296137988567352 0.288861632347107 0.287635058164597 0.289287567138672 0.287876695394516 0.29427444934845 0.302295297384262 0.298001974821091 0.291443973779678 0.294719606637955 0.300540417432785 0.304928004741669 0.301174014806747 0.293791681528091 0.291932851076126 0.294751644134521 0.293507874011993 0.29276579618454 0.289757311344147 0.28889736533165 0.295266836881638 0.29626139998436 0.284846425056458 0.282268941402435 0.288096278905869 0.283362001180649 0.281892120838165 0.289203524589539 0.298968583345413 0.298055499792099 0.306978613138199 0.310988932847977 0.298123598098755
-3.4e+38 -3.4e+38 -3.4e+38 -3.4e+38 -3.4e+38 -3.4e+38 -3.4e+38 -3.4e+38 0.309419721364975 0.314234405755997 0.31632125377655 0.309025555849075 0.299900949001312 0.295291125774384 0.295719981193542 0.293985903263092 0.287564694881439 0.289865553379059 0.299035310745239 0.305431097745895 0.302435040473938 0.295716136693954 0.300943046808243 0.304550975561142 0.296235889196396 0.285970985889435 0.289502590894699 0.292407214641571 0.296965152025223 0.297528445720673 0.290442407131195 0.287668168544769 0.299559861421585 0.309434771537781 0.29509824514389 0.295546352863312 0.302344918251038 0.295442759990692 0.291817784309387 0.296030879020691 0.298796772956848 0.290829926729202 0.296212315559387 0.298510849475861 0.296104431152344
-3.4e+38 -3.4e+38 -3.4e+38 -3.4e+38 -3.4e+38 -3.4e+38 0.31838595867157 0.32410940527916 0.322692573070526 0.327334344387054 0.327894538640976 0.318401217460632 0.313808172941208 0.311016112565994 0.310564428567886 0.307030886411667 0.298333764076233 0.296268969774246 0.304706066846848 0.311691075563431 0.312068819999695 0.304815202951431 0.301799386739731 0.305697530508041 0.30741685628891 0.303999155759811 0.302400887012482 0.299476265907288 0.303242117166519 0.308806568384171 0.307585000991821 0.305837690830231 0.303381681442261 0.306074351072311 0.304936349391937 0.311838775873184 0.314178287982941 0.306800127029419 0.303486317396164 0.311826914548874 0.306860774755478 0.294564425945282 0.301906436681747 0.306805044412613 0.311603039503098
-3.4e+38 -3.4e+38 -3.4e+38 -3.4e+38 -3.4e+38 0.346260011196136 0.331524878740311 0.324996888637543 0.330695271492004 0.335465967655182 0.337804466485977 0.32885804772377 0.319763422012329 0.316221326589584 0.316993206739426 0.319956690073013 0.317301005125046 0.311637341976166 0.308488965034485 0.306514173746109 0.301893025636673 0.296302109956741 0.299259215593338 0.30995187163353 0.313570380210876 0.317117124795914 0.315554112195969 0.311774343252182 0.31084805727005 0.312511533498764 0.312417149543762 0.311180859804153 0.307473599910736 0.310631901025772 0.321405619382858 0.325389891862869 0.322779178619385 0.313640177249908 0.312687605619431 0.3255375623703 0.320930898189545 0.307941317558289 0.313426226377487 0.31740790605545 0.319378852844238
-3.4e+38 -3.4e+38 -3.4e+38 0.325895637273788 0.339889168739319 0.347545176744461 0.329604953527451 0.326373875141144 0.333798110485077 0.335708469152451 0.340405970811844 0.330038547515869 0.315266281366348 0.308907836675644 0.309302151203156 0.321210920810699 0.324955314397812 0.31389644742012 0.304628133773804 0.295212537050247 0.29100301861763 0.291302651166916 0.297046095132828 0.304803192615509 0.308554112911224 0.317600846290588 0.316989988088608 0.311944574117661 0.313180893659592 0.314992398023605 0.32048487663269 0.320334285497665 0.323047131299973 0.327347785234451 0.329170763492584 0.327954471111298 0.324862062931061 0.315612971782684 0.315943568944931 0.326335400342941 0.327794581651688 0.313836395740509 0.309183716773987 0.321045577526093 0.321836411952972
-3.4e+38 -3.4e+38 0.305896639823914 0.317330241203308 0.328737109899521 0.334135472774506 0.323464572429657 0.326911509037018 0.329299181699753 0.330101430416107 0.33528733253479 0.327252238988876 0.315879434347153 0.30731064081192 0.301550626754761 0.307891756296158 0.307597786188126 0.29894807934761 0.299839317798615 0.295560508966446 0.29219651222229 0.296944350004196 0.301392555236816 0.301607638597488 0.302054166793823 0.309715420007706 0.30781614780426 0.30926638841629 0.315853953361511 0.320382982492447 0.323853433132172 0.321088850498199 0.319216728210449 0.323077619075775 0.320000916719437 0.317821741104126 0.3179632127285 0.312465131282806 0.312381237745285 0.320741325616837 0.323632895946503 0.321800500154495 0.320030689239502 0.324135512113571 0.319885075092316
-3.4e+38 0.282738596200943 0.296041041612625 0.31350913643837 0.308715134859085 0.309420317411423 0.31513899564743 0.321424812078476 0.321384787559509 0.319720894098282 0.322949260473251 0.321750432252884 0.320929944515228 0.310897678136826 0.297908902168274 0.29651752114296 0.288229882717133 0.287257015705109 0.294019639492035 0.293809801340103 0.299198806285858 0.303669899702072 0.306747376918793 0.301003724336624 0.298659235239029 0.302070498466492 0.301807016134262 0.308148086071014 0.315006256103516 0.318400353193283 0.314083069562912 0.311141490936279 0.312230110168457 0.312587261199951 0.307897984981537 0.308422565460205 0.30912846326828 0.304183393716812 0.301771193742752 0.302741974592209 0.305636316537857 0.312600910663605 0.314630895853043 0.311831921339035 0.308266550302505
0.286073833703995 0.279163628816605 0.297720402479172 0.31254255771637 0.295482397079468 0.302341401576996 0.309837520122528 0.310757994651794 0.310560256242752 0.306193947792053 0.307648032903671 0.311385065317154 0.313517868518829 0.305496722459793 0.295987516641617 0.291607856750488 0.278584510087967 0.280561298131943 0.29116553068161 0.292433977127075 0.299589335918427 0.301816165447235 0.3018718957901 0.30135503411293 0.302647650241852 0.300861209630966 0.296288013458252 0.301130563020706 0.305667251348495 0.305171012878418 0.300644189119339 0.302495896816254 0.305843532085419 0.304143011569977 0.302358150482178 0.305557787418365 0.307345986366272 0.304698973894119 0.304316133260727 0.298214137554169 0.29672309756279 0.303115427494049 0.308282196521759 0.306988894939423 0.302535206079483
0.286182105541229 0.27695694565773 0.294455677270889 0.305309802293777 0.301287621259689 0.310819804668427 0.299143642187119 0.295664101839066 0.304104447364807 0.297781556844711 0.285630643367767 0.287320882081985 0.292382746934891 0.286158204078674 0.283064633607864 0.278597176074982 0.275024890899658 0.289956599473953 0.298401176929474 0.295644074678421 0.293531447649002 0.292962193489075 0.296039760112762 0.297887295484543 0.302060514688492 0.295780539512634 0.288569390773773 0.292502284049988 0.297632068395615 0.298899203538895 0.295623004436493 0.297481030225754 0.29957589507103 0.296418577432632 0.295399039983749 0.298602163791656 0.300540834665298 0.302492558956146 0.305343180894852 0.299780189990997 0.294431447982788 0.300865203142166 0.306087881326675 0.302564412355423 0.299636095762253
0.290708035230637 0.280266582965851 0.29298210144043 0.294880300760269 0.293661117553711 0.298124611377716 0.283429026603699 0.287893861532211 0.302504897117615 0.294843375682831 0.273538112640381 0.274664491415024 0.283915132284164 0.2779780626297 0.285750836133957 0.285898208618164 0.285383820533752 0.299706399440765 0.304391771554947 0.296368479728699 0.292038917541504 0.292994767427444 0.291000306606293 0.287875890731812 0.291352987289429 0.289500504732132 0.286953419446945 0.288940191268921 0.292895495891571 0.297074049711227 0.296850264072418 0.293804615736008 0.293707370758057 0.290875673294067 0.287022143602371 0.286398351192474 0.283944368362427 0.291501224040985 0.296219944953918 0.289859563112259 0.282688468694687 0.284187942743301 0.291259467601776 0.290009111166 0.291883289813995
0.290580332279205 0.293198972940445 0.306444048881531 0.301438450813293 0.299454808235168 0.296826899051666 0.284698992967606 0.288081794977188 0.294503420591354 0.290752053260803 0.280594110488892 0.284982681274414 0.285153359174728 0.28665366768837 0.306702584028244 0.309205859899521 0.302230089902878 0.303380638360977 0.313538521528244 0.305364638566971 0.298617869615555 0.303752094507217 0.290938436985016 0.281558781862259 0.285165011882782 0.287422627210617 0.292456090450287 0.293931543827057 0.293317943811417 0.292163729667664 0.295214235782623 0.297980606555939 0.295273154973984 0.291170179843903 0.285657435655594 0.279713779687881 0.275192618370056 0.280950725078583 0.283335983753204 0.274357289075851 0.268484532833099 0.269123524427414 0.273387849330902 0.27551344037056 0.279379636049271
0.269227743148804 0.278500914573669 0.292366117238998 0.295234799385071 0.297005981206894 0.297440350055695 0.292774468660355 0.299235433340073 0.293252885341644 0.279123336076736 0.279590249061584 0.289393216371536 0.286702156066895 0.288085907697678 0.299886494874954 0.296789646148682 0.295838862657547 0.303029954433441 0.317584365606308 0.310891330242157 0.303436607122421 0.310768097639084 0.306163907051086 0.297159403562546 0.289434641599655 0.287418305873871 0.295525759458542 0.297059834003448 0.293120205402374 0.287780046463013 0.287455528974533 0.291083216667175 0.289679110050201 0.287655174732208 0.290015518665314 0.284898042678833 0.277973145246506 0.280041426420212 0.278825223445892 0.271665245294571 0.268505156040192 0.268962144851685 0.263015657663345 0.260094374418259 0.265228033065796
