data/1_raw/trimmed_ndre/J_ndre.74.2013_no_clouds.asc
NCOLS 141 
NROWS 118 
XLLCORNER 516845 
YLLCORNER 5169015 
CELLSIZE 5 
NODATA_value -3.4e+38 
[rows 0 to 19 of 118, columns 45 to 89 of 141]
-3.4e+38 -3.4e+38 -3.4e+38 -3.4e+38 -3.4e+38 -3.4e+38 -3.4e+38 -3.4e+38 -3.4e+38 -3.4e+38 -3.4e+38 -3.4e+38 -3.4e+38 -3.4e+38 -3.4e+38 -3.4e+38 -3.4e+38 -3.4e+38 -3.4e+38 -3.4e+38 -3.4e+38 -3.4e+38 -3.4e+38 -3.4e+38 -3.4e+38 -3.4e+38 -3.4e+38 -3.4e+38 -3.4e+38 -3.4e+38 -3.4e+38 -3.4e+38 -3.4e+38 -3.4e+38 -3.4e+38 -3.4e+38 -3.4e+38 0.61460679769516 0.61064738035202 0.59264612197876 0.577905714511871 0.581787347793579 0.592352449893951 0.591473281383514 0.584368288516998
-3.4e+38 -3.4e+38 -3.4e+38 -3.4e+38 -3.4e+38 -3.4e+38 -3.4e+38 -3.4e+38 -3.4e+38 -3.4e+38 -3.4e+38 -3.4e+38 -3.4e+38 -3.4e+38 -3.4e+38 -3.4e+38 -3.4e+38 -3.4e+38 -3.4e+38 -3.4e+38 -3.4e+38 -3.4e+38 -3.4e+38 -3.4e+38 -3.4e+38 -3.4e+38 -3.4e+38 -3.4e+38 0.574053585529327 0.573793053627014 0.586015403270721 0.587020039558411 0.577017247676849 0.576148927211761 0.587691366672516 0.589287221431732 0.599564909934998 0.615332424640656 0.629507184028625 0.623403370380402 0.597955167293549 0.577099919319153 0.566094696521759 0.568388879299164 0.574285566806793
-3.4e+38 -3.4e+38 -3.4e+38 -3.4e+38 -3.4e+38 -3.4e+38 -3.4e+38 -3.4e+38 -3.4e+38 -3.4e+38 -3.4e+38 -3.4e+38 -3.4e+38 -3.4e+38 -3.4e+38 -3.4e+38 -3.4e+38 -3.4e+38 -3.4e+38 -3.4e+38 0.561044216156006 0.576235353946686 0.584054350852966 0.584418535232544 0.590673625469208 0.582396686077118 0.572337508201599 0.576210796833038 0.576674401760101 0.572070598602295 0.56796669960022 0.56472384929657 0.572373509407043 0.586587011814117 0.602486610412598 0.594438493251801 0.588982224464417 0.603498041629791 0.616355895996094 0.623459100723267 0.604135394096375 0.581559479236603 0.572879672050476 0.577217102050781 0.579015493392944
-3.4e+38 -3.4e+38 -3.4e+38 -3.4e+38 -3.4e+38 -3.4e+38 -3.4e+38 -3.4e+38 -3.4e+38 -3.4e+38 -3.4e+38 -3.4e+38 -3.4e+38 -3.4e+38 -3.4e+38 -3.4e+38 0.560558140277863 0.564230978488922 0.550621390342712 0.55153900384903 0.570295453071594 0.584381759166718 0.59184855222702 0.58787477016449 0.587756991386414 0.587057828903198 0.571388959884644 0.565989017486572 0.568194210529327 0.573836326599121 0.576882839202881 0.577650666236877 0.586338937282562 0.597327291965485 0.602490425109863 0.603696703910828 0.598472774028778 0.602143108844757 0.61129367351532 0.612217247486115 0.603557229042053 0.598537981510162 0.604578793048859 0.609048247337341 0.59503036737442
-3.4e+38 -3.4e+38 -3.4e+38 -3.4e+38 -3.4e+38 -3.4e+38 -3.4e+38 -3.4e+38 -3.4e+38 -3.4e+38 -3.4e+38 -3.4e+38 -3.4e+38 -3.4e+38 -3.4e+38 0.557606041431427 0.575853884220123 0.575969696044922 0.557466447353363 0.558001220226288 0.577716469764709 0.590838730335236 0.590985119342804 0.577450037002563 0.574906170368195 0.584614634513855 0.578278601169586 0.573574006557465 0.575294971466064 0.57656329870224 0.587908029556274 0.596007168292999 0.598124980926514 0.597103536128998 0.595099687576294 0.601863861083984 0.605470240116119 0.604312002658844 0.612482488155365 0.608842074871063 0.60136342048645 0.603397309780121 0.61040872335434 0.611369073390961 0.600348591804504
-3.4e+38 -3.4e+38 -3.4e+38 -3.4e+38 -3.4e+38 -3.4e+38 -3.4e+38 -3.4e+38 -3.4e+38 -3.4e+38 -3.4e+38 -3.4e+38 -3.4e+38 -3.4e+38 0.565443754196167 0.571653783321381 0.584946632385254 0.580132365226746 0.566169619560242 0.569530189037323 0.587654709815979 0.594389855861664 0.580260515213013 0.573268234729767 0.57735812664032 0.588363766670227 0.592738151550293 0.591922760009766 0.583990037441254 0.578176140785217 0.580443859100342 0.586460173130035 0.593553304672241 0.597504138946533 0.592633545398712 0.598074674606323 0.601074814796448 0.599532246589661 0.612674236297607 0.61228734254837 0.60406893491745 0.613105058670044 0.610773921012878 0.596308648586273 0.597461223602295
-3.4e+38 -3.4e+38 -3.4e+38 -3.4e+38 -3.4e+38 -3.4e+38 -3.4e+38 -3.4e+38 -3.4e+38 -3.4e+38 -3.4e+38 -3.4e+38 0.566852211952209 0.56518280506134 0.572431743144989 0.577415525913239 0.583358645439148 0.577723920345306 0.572051644325256 0.579164683818817 0.593951523303986 0.593223094940186 0.577806234359741 0.587697088718414 0.594812512397766 0.595759868621826 0.599195122718811 0.597195088863373 0.58895868062973 0.584008038043976 0.579895794391632 0.583149790763855 0.591545760631561 0.597253441810608 0.599149465560913 0.597038447856903 0.593346118927002 0.597662031650543 0.610392272472382 0.612022042274475 0.610599517822266 0.621528029441833 0.60961639881134 0.591078817844391 0.590923309326172
-3.4e+38 -3.4e+38 -3.4e+38 -3.4e+38 -3.4e+38 -3.4e+38 -3.4e+38 -3.4e+38 -3.4e+38 -3.4e+38 -3.4e+38 0.579060137271881 0.565599143505096 0.568963646888733 0.57563453912735 0.572564661502838 0.57184249162674 0.572593688964844 0.578178286552429 0.586833238601685 0.59572970867157 0.59686279296875 0.586577594280243 0.591275990009308 0.592811167240143 0.594042241573334 0.596936762332916 0.595138072967529 0.599295020103455 0.603123426437378 0.602430999279022 0.599479913711548 0.594892501831055 0.59784471988678 0.609160006046295 0.599427342414856 0.59409099817276 0.601767480373383 0.60724925994873 0.611344695091248 0.617056906223297 0.623326599597931 0.604089856147766 0.581891655921936 0.582437813282013
-3.4e+38 -3.4e+38 -3.4e+38 -3.4e+38 -3.4e+38 -3.4e+38 -3.4e+38 -3.4e+38 -3.4e+38 0.586689114570618 0.577173709869385 0.580067276954651 0.579475283622742 0.585767805576324 0.589837908744812 0.579404950141907 0.575005888938904 0.584409534931183 0.593696892261505 0.59676718711853 0.599434673786163 0.607255756855011 0.593929171562195 0.578017354011536 0.581684470176697 0.595435917377472 0.604060411453247 0.605704188346863 0.611137270927429 0.619249224662781 0.622072339057922 0.617299556732178 0.601107239723206 0.602740347385406 0.619802057743073 0.605740606784821 0.600210428237915 0.606857120990753 0.606876075267792 0.614433765411377 0.620914340019226 0.621378123760223 0.605934798717499 0.586742579936981 0.588795006275177
-3.4e+38 -3.4e+38 -3.4e+38 -3.4e+38 -3.4e+38 -3.4e+38 -3.4e+38 -3.4e+38 0.60114848613739 0.60078752040863 0.588894426822662 0.606192708015442 0.618396401405334 0.61095529794693 0.599534511566162 0.590494453907013 0.592879414558411 0.60584968328476 0.610162973403931 0.60335236787796 0.602016985416412 0.614287257194519 0.599971950054169 0.577692091464996 0.584707617759705 0.60031646490097 0.614911317825317 0.617444396018982 0.617047369480133 0.615957617759705 0.618411719799042 0.618428528308868 0.61148065328598 0.612697124481201 0.62217789888382 0.606407523155212 0.602185547351837 0.60866117477417 0.611602246761322 0.618102848529816 0.626366436481476 0.62688797712326 0.6163010597229 0.609638512134552 0.602798461914062
-3.4e+38 -3.4e+38 -3.4e+38 -3.4e+38 -3.4e+38 -3.4e+38 0.62846714258194 0.618962824344635 0.616244733333588 0.606318116188049 0.59726345539093 0.612512648105621 0.622525990009308 0.612069487571716 0.600031971931458 0.597285866737366 0.599960565567017 0.605271220207214 0.611132264137268 0.611158549785614 0.607648849487305 0.608728647232056 0.606006562709808 0.597900032997131 0.589641630649567 0.595271408557892 0.618593513965607 0.628261268138885 0.622051358222961 0.612002611160278 0.607023656368256 0.613505721092224 0.619077146053314 0.618669152259827 0.612319231033325 0.600634217262268 0.601578891277313 0.61078953742981 0.614429950714111 0.61826503276825 0.62931090593338 0.629369258880615 0.622354209423065 0.628448069095612 0.609279155731201
-3.4e+38 -3.4e+38 -3.4e+38 -3.4e+38 -3.4e+38 0.613848209381104 0.618049144744873 0.612212240695953 0.614286541938782 0.604423880577087 0.596721231937408 0.600418746471405 0.604663133621216 0.605642080307007 0.60304582118988 0.602485001087189 0.603671729564667 0.604917824268341 0.607093453407288 0.612180173397064 0.609508097171783 0.599165976047516 0.594158351421356 0.607694149017334 0.605690896511078 0.598827064037323 0.602672874927521 0.619655132293701 0.630148530006409 0.62382572889328 0.611567735671997 0.604877829551697 0.610710620880127 0.618502378463745 0.605545580387115 0.599076747894287 0.60704505443573 0.61269873380661 0.613469898700714 0.616385102272034 0.623270332813263 0.619150876998901 0.619057953357697 0.629104852676392 0.608238577842712
-3.4e+38 -3.4e+38 -3.4e+38 0.59543764591217 0.588947057723999 0.59718656539917 0.600002229213715 0.600016117095947 0.605857849121094 0.601256251335144 0.598124802112579 0.598854184150696 0.599695026874542 0.601079344749451 0.600758194923401 0.600181460380554 0.600506067276001 0.598646521568298 0.598735272884369 0.60229080915451 0.60542094707489 0.595738708972931 0.587906062602997 0.602808177471161 0.60914546251297 0.593724727630615 0.57369738817215 0.585445880889893 0.61475682258606 0.619954228401184 0.606427907943726 0.595509767532349 0.598521530628204 0.613636195659637 0.604566395282745 0.60832941532135 0.622532486915588 0.621993541717529 0.62079644203186 0.615008294582367 0.610287487506866 0.602853417396545 0.610444962978363 0.61552894115448 0.602037072181702
-3.4e+38 -3.4e+38 0.587918519973755 0.588755309581757 0.582957565784454 0.58594411611557 0.58024924993515 0.586431860923767 0.598265290260315 0.59764689207077 0.601047813892365 0.602540075778961 0.599044859409332 0.597211897373199 0.593814194202423 0.58990216255188 0.589338660240173 0.587902903556824 0.59614622592926 0.603343069553375 0.6061732172966 0.605128288269043 0.592846572399139 0.588355600833893 0.587347030639648 0.577461779117584 0.572861552238464 0.588401079177856 0.608787894248962 0.605629742145538 0.586974322795868 0.601298689842224 0.596759796142578 0.588098108768463 0.592360258102417 0.599848747253418 0.610767006874084 0.613485872745514 0.618451118469238 0.612629354000092 0.601357221603394 0.594083428382874 0.600307643413544 0.603033602237701 0.598139226436615
-3.4e+38 0.570667088031769 0.587363719940186 0.588134467601776 0.585269927978516 0.583483397960663 0.573200225830078 0.580969929695129 0.593651294708252 0.594309091567993 0.597654044628143 0.598619043827057 0.594107031822205 0.58882337808609 0.58606892824173 0.58072954416275 0.579743206501007 0.580161392688751 0.58984249830246 0.601975321769714 0.606182515621185 0.604341566562653 0.594062805175781 0.589533448219299 0.590446710586548 0.578228533267975 0.581848859786987 0.596788227558136 0.596726357936859 0.5783970952034 0.570857644081116 0.59376049041748 0.592085242271423 0.577900111675262 0.578384220600128 0.579557657241821 0.581306934356689 0.582647204399109 0.588646233081818 0.599281430244446 0.598934829235077 0.591499090194702 0.595697164535522 0.60055285692215 0.601156055927277
0.560611188411713 0.565464556217194 0.580652058124542 0.585670650005341 0.592331528663635 0.588158786296844 0.575776517391205 0.580165565013885 0.585988402366638 0.587313830852509 0.587627947330475 0.585378050804138 0.583224594593048 0.582022428512573 0.583461046218872 0.58018171787262 0.57582813501358 0.577443838119507 0.587143540382385 0.601796567440033 0.601428389549255 0.583513379096985 0.57314258813858 0.57597804069519 0.579984843730927 0.573897123336792 0.581084549427032 0.590104162693024 0.581864297389984 0.558529496192932 0.557387888431549 0.582531094551086 0.590407490730286 0.576692640781403 0.568630993366241 0.573706984519958 0.576669812202454 0.578662872314453 0.580863416194916 0.588538527488708 0.593218266963959 0.590590178966522 0.596743166446686 0.599570870399475 0.600797057151794
0.553775787353516 0.554568648338318 0.566977977752686 0.577210009098053 0.591658473014832 0.587516725063324 0.572693347930908 0.575778484344482 0.575775504112244 0.578794002532959 0.581651449203491 0.57648378610611 0.574866414070129 0.581774950027466 0.586087942123413 0.586732983589172 0.57989513874054 0.581964433193207 0.593339920043945 0.600485026836395 0.602277874946594 0.591003596782684 0.586991548538208 0.588430166244507 0.583766579627991 0.570659160614014 0.570652604103088 0.581404864788055 0.575329184532166 0.551533460617065 0.555572092533112 0.580716669559479 0.58671361207962 0.570056080818176 0.566932380199432 0.577105462551117 0.579757273197174 0.587410926818848 0.58600527048111 0.582065522670746 0.576161801815033 0.582660853862762 0.588037550449371 0.578044176101685 0.580292820930481
0.557017028331757 0.554080784320831 0.554258465766907 0.56666773557663 0.585582613945007 0.579758942127228 0.565702021121979 0.568612217903137 0.567945539951324 0.580615282058716 0.586013913154602 0.576563596725464 0.573018133640289 0.581821799278259 0.591502726078033 0.593396306037903 0.590112745761871 0.588962733745575 0.5993572473526 0.599635899066925 0.608388602733612 0.616587221622467 0.611882865428925 0.613374173641205 0.603252112865448 0.579125463962555 0.568027436733246 0.57358717918396 0.565660297870636 0.547790944576263 0.557917058467865 0.574212193489075 0.574286639690399 0.563667595386505 0.571813941001892 0.58156281709671 0.582318484783173 0.590569198131561 0.587529003620148 0.574963748455048 0.564321339130402 0.576109349727631 0.576177000999451 0.55878359079361 0.564884305000305
0.564378321170807 0.558258354663849 0.550073206424713 0.558152079582214 0.57677698135376 0.58190131187439 0.575015068054199 0.570677280426025 0.572542905807495 0.587483584880829 0.589706003665924 0.569953739643097 0.562045633792877 0.569729328155518 0.584963798522949 0.59443598985672 0.597788691520691 0.594071209430695 0.599487006664276 0.603958070278168 0.600900590419769 0.602676689624786 0.602448225021362 0.616358816623688 0.610993146896362 0.580993890762329 0.563277184963226 0.567420125007629 0.564317524433136 0.552419602870941 0.556075870990753 0.562161207199097 0.560621201992035 0.56162440776825 0.574916422367096 0.571845948696136 0.568754851818085 0.575753808021545 0.580804646015167 0.568936347961426 0.557266592979431 0.571556448936462 0.566435992717743 0.555972278118134 0.567879140377045
0.565948486328125 0.568200647830963 0.56194657087326 0.56296318769455 0.575778067111969 0.585086226463318 0.569540917873383 0.567772805690765 0.575497329235077 0.570583581924438 0.578489720821381 0.574399054050446 0.566401302814484 0.570231854915619 0.577475488185883 0.592172741889954 0.60014945268631 0.602331638336182 0.609344601631165 0.612272620201111 0.600244164466858 0.573635399341583 0.573273777961731 0.589836776256561 0.591892242431641 0.575653314590454 0.567087113857269 0.574808597564697 0.577448725700378 0.56871634721756 0.563947677612305 0.560175836086273 0.557553589344025 0.562432587146759 0.566920816898346 0.550202906131744 0.543710708618164 0.551229059696198 0.562622308731079 0.561409592628479 0.550925374031067 0.557265520095825 0.552592635154724 0.552591800689697 0.568055629730225
