data/1_raw/trimmed_ndre/J_ndre.74.2013_no_clouds.asc
NCOLS 141 
NROWS 118 
XLLCORNER 516845 
YLLCORNER 5169015 
CELLSIZE 5 
NODATA_value -3.4e+38 
[rows 60 to 79 of 118, columns 45 to 89 of 141]
0.583375036716461 0.547812163829803 0.504435479640961 0.47559666633606 0.457438439130783 0.441105008125305 0.43620702624321 0.449896574020386 0.476740181446075 0.496871620416641 0.497291535139084 0.513437807559967 0.513097405433655 0.501843750476837 0.467183262109756 0.436140418052673 0.437514394521713 0.44770622253418 0.496688961982727 0.560599565505981 0.564959824085236 0.538744211196899 0.487552583217621 0.445980459451675 0.43750524520874 0.454771399497986 0.496098071336746 0.529631495475769 0.55495285987854 0.553682327270508 0.540577590465546 0.551288962364197 0.555292844772339 0.573958337306976 0.598901867866516 0.57808518409729 0.577180206775665 0.590805053710938 0.585564613342285 0.573450148105621 0.5871861577034 0.611999154090881 0.610426783561707 0.603010356426239 0.600015103816986
0.579185128211975 0.540713906288147 0.4911288022995 0.467109352350235 0.456239521503448 0.45329087972641 0.455145657062531 0.463841497898102 0.469447076320648 0.486047178506851 0.496226876974106 0.519748032093048 0.549811244010925 0.534972548484802 0.475507438182831 0.427490413188934 0.424535185098648 0.436517357826233 0.480621039867401 0.540890395641327 0.561935782432556 0.541008412837982 0.502602398395538 0.463118523359299 0.457044064998627 0.468112170696259 0.499240815639496 0.528892815113068 0.543902337551117 0.5404993891716 0.532913446426392 0.544791162014008 0.552544176578522 0.574961125850677 0.593379557132721 0.578559458255768 0.584056556224823 0.594826459884644 0.584274709224701 0.56454861164093 0.575494408607483 0.593007862567902 0.586880326271057 0.59049928188324 0.589658796787262
0.566143155097961 0.537101030349731 0.498420983552933 0.476018458604813 0.471441060304642 0.468963384628296 0.469198137521744 0.473528206348419 0.482227057218552 0.494209736585617 0.510843873023987 0.530313074588776 0.553652346134186 0.547596275806427 0.505262672901154 0.468953222036362 0.444750964641571 0.464523941278458 0.508838415145874 0.532922804355621 0.537676930427551 0.536325097084045 0.508124232292175 0.47797891497612 0.472612708806992 0.480792969465256 0.510118424892426 0.538488507270813 0.545563220977783 0.536187529563904 0.531851530075073 0.543681800365448 0.55680239200592 0.576690137386322 0.587029457092285 0.574363172054291 0.577094495296478 0.583080530166626 0.575512409210205 0.560411810874939 0.563470304012299 0.558122992515564 0.556589365005493 0.579657018184662 0.58405214548111
0.557455599308014 0.540855288505554 0.520817160606384 0.499475359916687 0.484145104885101 0.474474787712097 0.475228309631348 0.479815036058426 0.484963566064835 0.491134136915207 0.505313456058502 0.526607990264893 0.548496723175049 0.555097997188568 0.544091403484344 0.528576672077179 0.508923232555389 0.508699059486389 0.527257978916168 0.542771697044373 0.537048280239105 0.516522169113159 0.491433143615723 0.47296878695488 0.478048086166382 0.494718849658966 0.520081877708435 0.549558043479919 0.556784212589264 0.544545650482178 0.546473205089569 0.557177186012268 0.568216562271118 0.581605017185211 0.586355924606323 0.575820326805115 0.564230620861053 0.559109568595886 0.563013911247253 0.557118117809296 0.555374383926392 0.540631294250488 0.544410109519958 0.578762173652649 0.583195507526398
0.553965926170349 0.547719895839691 0.541461288928986 0.524934530258179 0.498162895441055 0.480850696563721 0.481500238180161 0.479564279317856 0.475208729505539 0.471990674734116 0.489403128623962 0.512911677360535 0.535337865352631 0.551577091217041 0.558087766170502 0.557179570198059 0.549268424510956 0.537497222423553 0.534367382526398 0.534942209720612 0.529682040214539 0.499638617038727 0.469186425209045 0.454281061887741 0.484561264514923 0.526006937026978 0.545421302318573 0.557232618331909 0.563998639583588 0.560265898704529 0.565932989120483 0.567198514938354 0.571352005004883 0.578647136688232 0.59688138961792 0.595228791236877 0.569351613521576 0.550348222255707 0.556202530860901 0.559237778186798 0.553938746452332 0.552660405635834 0.561148464679718 0.582485139369965 0.588096916675568
0.550302386283875 0.555103063583374 0.554974615573883 0.552662193775177 0.531337857246399 0.507078051567078 0.500900685787201 0.488749206066132 0.475193738937378 0.463411748409271 0.4826580286026 0.510411381721497 0.530893564224243 0.548633873462677 0.555770576000214 0.558088839054108 0.55917501449585 0.559022009372711 0.550815343856812 0.536710500717163 0.534632980823517 0.506158173084259 0.453621238470078 0.433815985918045 0.464477479457855 0.524640262126923 0.557595312595367 0.563647568225861 0.569104433059692 0.578459680080414 0.592236816883087 0.578289568424225 0.565053761005402 0.580756008625031 0.612326681613922 0.616796851158142 0.586581468582153 0.562031805515289 0.567221343517303 0.563613474369049 0.555855989456177 0.580245196819305 0.580333948135376 0.584640026092529 0.592301487922668
0.547685384750366 0.558228373527527 0.563983976840973 0.566598236560822 0.553190112113953 0.529552340507507 0.519060909748077 0.512622237205505 0.500208675861359 0.489704996347427 0.505568385124207 0.527775287628174 0.547305047512054 0.552020967006683 0.546052694320679 0.545482575893402 0.550936460494995 0.56156462430954 0.569217145442963 0.56161230802536 0.547054767608643 0.509815335273743 0.444613307714462 0.413541287183762 0.434731006622314 0.494749009609222 0.551384568214417 0.576102375984192 0.585109055042267 0.590942323207855 0.597612202167511 0.579060673713684 0.566681921482086 0.590014278888702 0.613367736339569 0.609066903591156 0.591283440589905 0.584311366081238 0.573389410972595 0.557169198989868 0.554167807102203 0.583816111087799 0.584565162658691 0.585400819778442 0.588179647922516
0.535646557807922 0.552711129188538 0.561965763568878 0.560802042484283 0.548598527908325 0.528585255146027 0.527375459671021 0.533941447734833 0.534524023532867 0.532872438430786 0.534577429294586 0.543183147907257 0.562391042709351 0.563175857067108 0.547179460525513 0.532427132129669 0.534602403640747 0.553019881248474 0.580621600151062 0.580870807170868 0.556308627128601 0.527870357036591 0.473488718271255 0.433432698249817 0.439536541700363 0.478796988725662 0.541086137294769 0.575798630714417 0.590605139732361 0.589872896671295 0.581202208995819 0.578769266605377 0.579922020435333 0.593097925186157 0.609300374984741 0.605572581291199 0.601998746395111 0.599300146102905 0.565987408161163 0.555677890777588 0.554983556270599 0.565666973590851 0.572527885437012 0.587282299995422 0.591539144515991
0.525311887264252 0.55088484287262 0.564121544361115 0.554188072681427 0.534051477909088 0.517754852771759 0.520366311073303 0.533417105674744 0.545624494552612 0.546219646930695 0.540979444980621 0.550272047519684 0.572904765605927 0.579437494277954 0.561905980110168 0.538719296455383 0.534871935844421 0.554689824581146 0.584438145160675 0.591919481754303 0.578719615936279 0.568256378173828 0.532958030700684 0.484192252159119 0.465986043214798 0.476935088634491 0.523353934288025 0.563419342041016 0.58124840259552 0.580576241016388 0.576875627040863 0.588239252567291 0.590916335582733 0.592049121856689 0.60505884885788 0.609839737415314 0.612125337123871 0.603563487529755 0.575469017028809 0.563805401325226 0.56143045425415 0.563184559345245 0.574127018451691 0.598540484905243 0.607922554016113
0.531952500343323 0.556635677814484 0.575695514678955 0.574171721935272 0.548090934753418 0.521932780742645 0.513590395450592 0.522035360336304 0.533061265945435 0.535258412361145 0.537461519241333 0.555616974830627 0.581788122653961 0.59949791431427 0.58787214756012 0.563302934169769 0.552775502204895 0.56578141450882 0.581352889537811 0.597260475158691 0.607494592666626 0.599340319633484 0.569118618965149 0.522898852825165 0.489950746297836 0.486515045166016 0.512756884098053 0.552819609642029 0.572697341442108 0.574271261692047 0.580791890621185 0.597306549549103 0.603515625 0.602871298789978 0.612094521522522 0.617177724838257 0.620901882648468 0.609482824802399 0.582282781600952 0.577459275722504 0.580100834369659 0.584411263465881 0.596760153770447 0.615056395530701 0.61331444978714
0.553243935108185 0.569478809833527 0.579805850982666 0.575082242488861 0.554645478725433 0.532416105270386 0.522119581699371 0.524221479892731 0.527466475963593 0.523962140083313 0.538947761058807 0.564498901367188 0.584416687488556 0.606045424938202 0.605134546756744 0.584580361843109 0.567442953586578 0.563642680644989 0.57373458147049 0.596954703330994 0.616304099559784 0.607351899147034 0.580587685108185 0.547329068183899 0.512852013111115 0.508571624755859 0.527186453342438 0.559383392333984 0.574315905570984 0.572021782398224 0.573589503765106 0.591696739196777 0.612514555454254 0.620629489421844 0.623926222324371 0.625282347202301 0.627200841903687 0.618819177150726 0.603599846363068 0.602042376995087 0.603344798088074 0.608221471309662 0.623067855834961 0.632827877998352 0.620197653770447
0.564264953136444 0.579742789268494 0.579094231128693 0.566448330879211 0.548520863056183 0.528532326221466 0.508244216442108 0.494703471660614 0.498863786458969 0.511121273040771 0.536456823348999 0.562948286533356 0.583654522895813 0.601880848407745 0.595912933349609 0.576444506645203 0.56233811378479 0.563583970069885 0.568499207496643 0.583132803440094 0.605773866176605 0.608526468276978 0.588185548782349 0.56479412317276 0.538338184356689 0.535393059253693 0.554362416267395 0.574657201766968 0.57937091588974 0.572989225387573 0.563318610191345 0.580777525901794 0.618007242679596 0.632071256637573 0.631107568740845 0.628429651260376 0.629129469394684 0.632073223590851 0.628004848957062 0.621441125869751 0.618285655975342 0.62456214427948 0.640268683433533 0.640246748924255 0.620832204818726
0.559927880764008 0.573274850845337 0.57150661945343 0.568008601665497 0.557896912097931 0.535637497901917 0.501770317554474 0.465988427400589 0.464827448129654 0.490558445453644 0.513385832309723 0.535633146762848 0.550791561603546 0.566440522670746 0.56942480802536 0.555225431919098 0.547597944736481 0.561007380485535 0.566571474075317 0.569734513759613 0.597647368907928 0.612030506134033 0.598654866218567 0.575580179691315 0.552183747291565 0.553970098495483 0.57805609703064 0.595746517181396 0.594192028045654 0.584978580474854 0.575202465057373 0.588524043560028 0.623531222343445 0.633597493171692 0.631479978561401 0.628853976726532 0.633451282978058 0.644797623157501 0.643857717514038 0.629976093769073 0.623652875423431 0.634217798709869 0.642527103424072 0.636224329471588 0.620397329330444
0.558134913444519 0.563952505588531 0.558769583702087 0.558598279953003 0.554694712162018 0.531585931777954 0.497130572795868 0.461947530508041 0.452340543270111 0.47294870018959 0.486708253622055 0.498227626085281 0.510107755661011 0.528868913650513 0.549827456474304 0.549271464347839 0.536329507827759 0.530360639095306 0.537633001804352 0.55008590221405 0.574057996273041 0.596634209156036 0.594773828983307 0.572753310203552 0.552731692790985 0.550762891769409 0.57568883895874 0.601128578186035 0.609542191028595 0.607931196689606 0.605126023292542 0.61340057849884 0.624865114688873 0.628919184207916 0.63742333650589 0.636586010456085 0.643248677253723 0.657135486602783 0.656196653842926 0.639190793037415 0.630367040634155 0.636373519897461 0.637198507785797 0.632683992385864 0.621374368667603
0.565243482589722 0.563524901866913 0.556813776493073 0.554462969303131 0.547823369503021 0.522544622421265 0.489760875701904 0.461791425943375 0.459782063961029 0.476892948150635 0.481443703174591 0.485728800296783 0.500161945819855 0.520910978317261 0.538058638572693 0.539425492286682 0.524995267391205 0.513846516609192 0.525936245918274 0.541414976119995 0.547502994537354 0.565416395664215 0.568758428096771 0.560520231723785 0.556861996650696 0.554404735565186 0.577827215194702 0.6087926030159 0.622038900852203 0.636528015136719 0.644572675228119 0.639185070991516 0.61771297454834 0.624851226806641 0.649617612361908 0.648517072200775 0.659236013889313 0.669672548770905 0.657587766647339 0.647823512554169 0.640283823013306 0.637298822402954 0.63764089345932 0.634609639644623 0.626968264579773
0.571458876132965 0.564929068088531 0.558488249778748 0.558478832244873 0.551745474338531 0.523363530635834 0.486078828573227 0.467912465333939 0.469718635082245 0.483175218105316 0.491919964551926 0.495921790599823 0.509954392910004 0.526119649410248 0.528699278831482 0.530388057231903 0.527464926242828 0.531067728996277 0.542353749275208 0.548218190670013 0.556997716426849 0.570674419403076 0.569900691509247 0.568368911743164 0.575994551181793 0.587381660938263 0.604597270488739 0.621671438217163 0.632691442966461 0.647245228290558 0.650718510150909 0.638892710208893 0.614701271057129 0.629027485847473 0.662257850170135 0.661264955997467 0.678233921527863 0.672615349292755 0.652281045913696 0.656972527503967 0.649082243442535 0.64262729883194 0.643698930740356 0.640933394432068 0.635955810546875
0.585777759552002 0.574828922748566 0.571485042572021 0.569205701351166 0.563650190830231 0.536729156970978 0.505579948425293 0.494960278272629 0.496977895498276 0.500445902347565 0.508445501327515 0.514410614967346 0.526620805263519 0.544763028621674 0.545116364955902 0.546470522880554 0.552361071109772 0.55918288230896 0.561642169952393 0.554533660411835 0.565044641494751 0.58441835641861 0.584859073162079 0.586785197257996 0.596945345401764 0.610438406467438 0.61450868844986 0.626938343048096 0.640456795692444 0.63541704416275 0.634504735469818 0.634190797805786 0.627357959747314 0.636170923709869 0.651439607143402 0.650762915611267 0.65984719991684 0.66009646654129 0.652426600456238 0.665398716926575 0.651206254959106 0.642335951328278 0.645634412765503 0.641584575176239 0.639859974384308
0.593447983264923 0.585585355758667 0.588322103023529 0.582840383052826 0.572603523731232 0.556275010108948 0.539347946643829 0.534926056861877 0.535377442836761 0.526187181472778 0.526807129383087 0.538254797458649 0.554640114307404 0.574296176433563 0.577932894229889 0.576187014579773 0.581672132015228 0.587782025337219 0.58921754360199 0.579221367835999 0.588452994823456 0.600488424301147 0.596323370933533 0.598101377487183 0.611419260501862 0.625035405158997 0.623672127723694 0.634330928325653 0.643849194049835 0.633565306663513 0.642136335372925 0.649870097637177 0.644080698490143 0.637567520141602 0.634479641914368 0.632058322429657 0.629979252815247 0.6436448097229 0.65435391664505 0.665876805782318 0.660147607326508 0.65980476140976 0.652464509010315 0.641110241413116 0.640545725822449
0.59114021062851 0.58675616979599 0.593499660491943 0.596576631069183 0.58890289068222 0.578579306602478 0.566810131072998 0.564257144927979 0.564134955406189 0.55736517906189 0.556420683860779 0.568498611450195 0.583228349685669 0.59563809633255 0.599018812179565 0.597600400447845 0.604689598083496 0.619488716125488 0.625394105911255 0.613211452960968 0.616522967815399 0.620088577270508 0.610962212085724 0.610972821712494 0.625562071800232 0.635229647159576 0.630700826644897 0.635994911193848 0.640400767326355 0.633978843688965 0.650379478931427 0.659127414226532 0.647895336151123 0.637108325958252 0.63546758890152 0.646480441093445 0.656615555286407 0.661702513694763 0.660924255847931 0.66015636920929 0.664404809474945 0.6764976978302 0.661293804645538 0.642761766910553 0.646814405918121
0.587502658367157 0.588971853256226 0.599079191684723 0.611828327178955 0.608255445957184 0.594067335128784 0.581252634525299 0.579313814640045 0.582998633384705 0.581344962120056 0.581734418869019 0.590892553329468 0.601451396942139 0.606671273708344 0.612586617469788 0.619548380374908 0.626186370849609 0.641500413417816 0.64435875415802 0.63249135017395 0.638085842132568 0.637145280838013 0.629895508289337 0.630313813686371 0.640697419643402 0.641082584857941 0.631942510604858 0.633452355861664 0.64080148935318 0.644358038902283 0.649151921272278 0.649067521095276 0.640936076641083 0.634717583656311 0.635417878627777 0.652268171310425 0.668199121952057 0.667864441871643 0.654342889785767 0.643892884254456 0.647799015045166 0.66305947303772 0.653880476951599 0.643636226654053 0.652006030082703
