data/1_raw/trimmed_ndre/J_ndre.86.2014_no_clouds.asc
NCOLS 141 
NROWS 118 
XLLCORNER 516845 
YLLCORNER 5169015 
CELLSIZE 5 
NODATA_value -3.4e+38 
[rows 20 to 39 of 118, columns 0 to 44 of 141]
-3.4e+38 -3.4e+38 -3.4e+38 -3.4e+38 -3.4e+38 -3.4e+38 -3.4e+38 -3.4e+38 -3.4e+38 -3.4e+38 -3.4e+38 -3.4e+38 -3.4e+38 -3.4e+38 -3.4e+38 -3.4e+38 -3.4e+38 -3.4e+38 -3.4e+38 -3.4e+38 -3.4e+38 -3.4e+38 -3.4e+38 -3.4e+38 -3.4e+38 -3.4e+38 -3.4e+38 -3.4e+38 -3.4e+38 -3.4e+38 -3.4e+38 -3.4e+38 -3.4e+38 -3.4e+38 -3.4e+38 -3.4e+38 0.27548086643219 0.276889085769653 0.29097455739975 0.275016278028488 0.263852387666702 0.275211274623871 0.286584407091141 0.286310344934464 0.279113829135895
-3.4e+38 -3.4e+38 -3.4e+38 -3.4e+38 -3.4e+38 -3.4e+38 -3.4e+38 -3.4e+38 -3.4e+38 -3.4e+38 -3.4e+38 -3.4e+38 -3.4e+38 -3.4e+38 -3.4e+38 -3.4e+38 -3.4e+38 -3.4e+38 -3.4e+38 -3.4e+38 -3.4e+38 -3.4e+38 -3.4e+38 -3.4e+38 -3.4e+38 -3.4e+38 -3.4e+38 -3.4e+38 -3.4e+38 -3.4e+38 -3.4e+38 -3.4e+38 -3.4e+38 -3.4e+38 -3.4e+38 0.280686140060425 0.282458543777466 0.275507539510727 0.276209652423859 0.269416511058807 0.276672959327698 0.284604370594025 0.279744923114777 0.271385014057159 0.27205154299736
-3.4e+38 -3.4e+38 -3.4e+38 -3.4e+38 -3.4e+38 -3.4e+38 -3.4e+38 -3.4e+38 -3.4e+38 -3.4e+38 -3.4e+38 -3.4e+38 -3.4e+38 -3.4e+38 -3.4e+38 -3.4e+38 -3.4e+38 -3.4e+38 -3.4e+38 -3.4e+38 -3.4e+38 -3.4e+38 -3.4e+38 -3.4e+38 -3.4e+38 -3.4e+38 -3.4e+38 -3.4e+38 -3.4e+38 -3.4e+38 -3.4e+38 -3.4e+38 -3.4e+38 -3.4e+38 0.264327526092529 0.26793172955513 0.271458625793457 0.262552380561829 0.264856666326523 0.274127423763275 0.283778965473175 0.283722430467606 0.264146745204926 0.251076459884644 0.254233747720718
-3.4e+38 -3.4e+38 -3.4e+38 -3.4e+38 -3.4e+38 -3.4e+38 -3.4e+38 -3.4e+38 -3.4e+38 -3.4e+38 -3.4e+38 -3.4e+38 -3.4e+38 -3.4e+38 -3.4e+38 -3.4e+38 -3.4e+38 -3.4e+38 -3.4e+38 -3.4e+38 -3.4e+38 -3.4e+38 -3.4e+38 -3.4e+38 -3.4e+38 -3.4e+38 -3.4e+38 -3.4e+38 -3.4e+38 -3.4e+38 -3.4e+38 -3.4e+38 -3.4e+38 0.2678462266922 0.258001923561096 0.256609201431274 0.257753551006317 0.253502488136292 0.264270216226578 0.273672878742218 0.267014235258102 0.270264804363251 0.262462079524994 0.251080811023712 0.260082483291626
-3.4e+38 -3.4e+38 -3.4e+38 -3.4e+38 -3.4e+38 -3.4e+38 -3.4e+38 -3.4e+38 -3.4e+38 -3.4e+38 -3.4e+38 -3.4e+38 -3.4e+38 -3.4e+38 -3.4e+38 -3.4e+38 -3.4e+38 -3.4e+38 -3.4e+38 -3.4e+38 -3.4e+38 -3.4e+38 -3.4e+38 -3.4e+38 -3.4e+38 -3.4e+38 -3.4e+38 -3.4e+38 -3.4e+38 -3.4e+38 -3.4e+38 0.268674999475479 0.2641960978508 0.261517196893692 0.268233597278595 0.267395704984665 0.259930461645126 0.257324993610382 0.262431085109711 0.260349184274673 0.250094503164291 0.258839190006256 0.255779206752777 0.250278323888779 0.271303415298462
-3.4e+38 -3.4e+38 -3.4e+38 -3.4e+38 -3.4e+38 -3.4e+38 -3.4e+38 -3.4e+38 -3.4e+38 -3.4e+38 -3.4e+38 -3.4e+38 -3.4e+38 -3.4e+38 -3.4e+38 -3.4e+38 -3.4e+38 -3.4e+38 -3.4e+38 -3.4e+38 -3.4e+38 -3.4e+38 -3.4e+38 -3.4e+38 -3.4e+38 -3.4e+38 -3.4e+38 -3.4e+38 -3.4e+38 -3.4e+38 0.262855470180511 0.264156132936478 0.259919971227646 0.259040087461472 0.266340494155884 0.269695907831192 0.265145987272263 0.262122362852097 0.258044451475143 0.259404242038727 0.261949807405472 0.260460555553436 0.265235215425491 0.263024747371674 0.272400856018066
-3.4e+38 -3.4e+38 -3.4e+38 -3.4e+38 -3.4e+38 -3.4e+38 -3.4e+38 -3.4e+38 -3.4e+38 -3.4e+38 -3.4e+38 -3.4e+38 -3.4e+38 -3.4e+38 -3.4e+38 -3.4e+38 -3.4e+38 -3.4e+38 -3.4e+38 -3.4e+38 -3.4e+38 -3.4e+38 -3.4e+38 -3.4e+38 -3.4e+38 -3.4e+38 -3.4e+38 -3.4e+38 -3.4e+38 0.259707361459732 0.254303276538849 0.24621793627739 0.240701094269753 0.244432494044304 0.250669747591019 0.250347107648849 0.247730553150177 0.247034385800362 0.249969646334648 0.255848437547684 0.26000440120697 0.259640961885452 0.265865385532379 0.258974581956863 0.256161779165268
-3.4e+38 -3.4e+38 -3.4e+38 -3.4e+38 -3.4e+38 -3.4e+38 -3.4e+38 -3.4e+38 -3.4e+38 -3.4e+38 -3.4e+38 -3.4e+38 -3.4e+38 -3.4e+38 -3.4e+38 -3.4e+38 -3.4e+38 -3.4e+38 -3.4e+38 -3.4e+38 -3.4e+38 -3.4e+38 -3.4e+38 -3.4e+38 -3.4e+38 -3.4e+38 0.260247439146042 0.255185574293137 0.252654999494553 0.247000336647034 0.24137806892395 0.235432773828506 0.229175016283989 0.23108172416687 0.232763379812241 0.226960003376007 0.227293103933334 0.228487074375153 0.229109451174736 0.232473626732826 0.237596571445465 0.246467515826225 0.249376103281975 0.243995308876038 0.242166623473167
-3.4e+38 -3.4e+38 -3.4e+38 -3.4e+38 -3.4e+38 -3.4e+38 -3.4e+38 -3.4e+38 -3.4e+38 -3.4e+38 -3.4e+38 -3.4e+38 -3.4e+38 -3.4e+38 -3.4e+38 -3.4e+38 -3.4e+38 -3.4e+38 -3.4e+38 -3.4e+38 -3.4e+38 -3.4e+38 -3.4e+38 0.245817542076111 0.245297119021416 0.245277985930443 0.244953244924545 0.246289223432541 0.24376255273819 0.239507794380188 0.238048195838928 0.234324216842651 0.229672804474831 0.229381963610649 0.224865734577179 0.217114850878716 0.215769395232201 0.213877692818642 0.210668683052063 0.21503783762455 0.22385610640049 0.236326456069946 0.24331796169281 0.24060370028019 0.237844809889793
-3.4e+38 -3.4e+38 -3.4e+38 -3.4e+38 -3.4e+38 -3.4e+38 -3.4e+38 -3.4e+38 -3.4e+38 -3.4e+38 -3.4e+38 -3.4e+38 -3.4e+38 -3.4e+38 -3.4e+38 -3.4e+38 -3.4e+38 -3.4e+38 -3.4e+38 0.22409163415432 0.235712662339211 0.246051862835884 0.247516661882401 0.246875137090683 0.246240824460983 0.245765194296837 0.246405467391014 0.25302529335022 0.250897139310837 0.243588134646416 0.243421703577042 0.24100324511528 0.23731903731823 0.235916912555695 0.225336164236069 0.214936792850494 0.213833197951317 0.213284656405449 0.212696015834808 0.219144895672798 0.226508513092995 0.231510698795319 0.237854585051537 0.236133307218552 0.230950891971588
-3.4e+38 -3.4e+38 -3.4e+38 -3.4e+38 -3.4e+38 -3.4e+38 -3.4e+38 -3.4e+38 -3.4e+38 -3.4e+38 -3.4e+38 -3.4e+38 -3.4e+38 -3.4e+38 -3.4e+38 -3.4e+38 0.206233024597168 0.209488704800606 0.221776649355888 0.233077645301819 0.236477196216583 0.237056046724319 0.239409044384956 0.245490178465843 0.248300433158875 0.253442019224167 0.259693592786789 0.265665382146835 0.256455212831497 0.248613655567169 0.251514852046967 0.247615143656731 0.242715492844582 0.236680746078491 0.22643007338047 0.220735996961594 0.224867895245552 0.226867944002151 0.226632565259933 0.230548486113548 0.233462363481522 0.233889415860176 0.241356328129768 0.23927341401577 0.227992400527
-3.4e+38 -3.4e+38 -3.4e+38 -3.4e+38 -3.4e+38 -3.4e+38 -3.4e+38 -3.4e+38 -3.4e+38 -3.4e+38 -3.4e+38 -3.4e+38 -3.4e+38 0.174958035349846 0.169069692492485 0.189660623669624 0.210187941789627 0.214385464787483 0.221785426139832 0.226387172937393 0.228451535105705 0.237625703215599 0.233511179685593 0.233974799513817 0.234853640198708 0.24209551513195 0.258671700954437 0.267166018486023 0.258742928504944 0.252131760120392 0.252917557954788 0.250518381595612 0.246799156069756 0.240939453244209 0.235361203551292 0.235688656568527 0.240406572818756 0.238672614097595 0.23625411093235 0.235837310552597 0.236473798751831 0.241955935955048 0.251058548688889 0.24868443608284 0.232316434383392
-3.4e+38 -3.4e+38 -3.4e+38 -3.4e+38 -3.4e+38 -3.4e+38 -3.4e+38 -3.4e+38 -3.4e+38 -3.4e+38 -3.4e+38 -3.4e+38 0.172929584980011 0.179833024740219 0.183020144701004 0.202200144529343 0.229732006788254 0.239267811179161 0.22836746275425 0.220031633973122 0.228854805231094 0.251008659601212 0.242329716682434 0.229209616780281 0.238141998648643 0.241611734032631 0.248868852853775 0.257400065660477 0.260223627090454 0.256446480751038 0.250796496868134 0.246939837932587 0.246304214000702 0.241884902119637 0.240973636507988 0.246112316846848 0.248668774962425 0.246331855654716 0.244215354323387 0.241693302989006 0.238561302423477 0.246641367673874 0.255040168762207 0.255218774080276 0.244695574045181
-3.4e+38 -3.4e+38 -3.4e+38 -3.4e+38 -3.4e+38 -3.4e+38 -3.4e+38 -3.4e+38 -3.4e+38 -3.4e+38 0.205220967531204 0.190756782889366 0.191964834928513 0.198894485831261 0.203831136226654 0.215067625045776 0.245909929275513 0.26051789522171 0.241009622812271 0.237832769751549 0.239176332950592 0.238908186554909 0.23911140859127 0.243199124932289 0.250456422567368 0.242697834968567 0.246786147356033 0.254268527030945 0.250004321336746 0.234587237238884 0.236367791891098 0.242655619978905 0.2435452491045 0.242675095796585 0.243985414505005 0.252359330654144 0.253004968166351 0.242192134261131 0.239689543843269 0.243650734424591 0.24273094534874 0.247612729668617 0.25274121761322 0.253566294908524 0.250154793262482
-3.4e+38 -3.4e+38 -3.4e+38 -3.4e+38 -3.4e+38 -3.4e+38 -3.4e+38 -3.4e+38 -3.4e+38 0.213529825210571 0.212221443653107 0.21298211812973 0.224987089633942 0.234565675258636 0.236769556999207 0.237734466791153 0.259405761957169 0.265524595975876 0.243581920862198 0.241494238376617 0.246562585234642 0.242264151573181 0.249356582760811 0.249536141753197 0.242627799510956 0.236049145460129 0.246580421924591 0.246208935976028 0.235149890184402 0.227671027183533 0.230444595217705 0.233984932303429 0.236297905445099 0.237802162766457 0.232758760452271 0.241228669881821 0.24813437461853 0.241468399763107 0.233148917555809 0.243749439716339 0.249020829796791 0.248267576098442 0.248496443033218 0.247168064117432 0.246114566922188
-3.4e+38 -3.4e+38 -3.4e+38 -3.4e+38 -3.4e+38 -3.4e+38 -3.4e+38 -3.4e+38 0.197640404105186 0.205632656812668 0.21306999027729 0.232379481196404 0.254797995090485 0.271789759397507 0.277139186859131 0.272002279758453 0.27385476231575 0.261021882295609 0.250155806541443 0.26208221912384 0.256750047206879 0.252461135387421 0.25276717543602 0.239848032593727 0.237566560506821 0.231633514165878 0.225429013371468 0.226842984557152 0.229365810751915 0.226536095142365 0.218995526432991 0.215337216854095 0.221861332654953 0.224349215626717 0.220329627394676 0.227519795298576 0.240042716264725 0.248850539326668 0.228124693036079 0.229037493467331 0.242148816585541 0.233964204788208 0.234818026423454 0.237926676869392 0.236942574381828
-3.4e+38 -3.4e+38 -3.4e+38 -3.4e+38 -3.4e+38 -3.4e+38 0.17755326628685 0.173351109027863 0.191272094845772 0.206916868686676 0.218719229102135 0.246577829122543 0.273861825466156 0.291562616825104 0.310644418001175 0.307804465293884 0.289607793092728 0.275130093097687 0.274280548095703 0.273137211799622 0.255308896303177 0.25804415345192 0.257522493600845 0.236878409981728 0.230213358998299 0.228097379207611 0.220759093761444 0.211987063288689 0.211850807070732 0.219663634896278 0.222052857279778 0.219623044133186 0.218658372759819 0.223720207810402 0.227683842182159 0.223830878734589 0.216087371110916 0.217711478471756 0.215384230017662 0.220646277070045 0.225965455174446 0.220856845378876 0.223765507340431 0.228454828262329 0.227230593562126
-3.4e+38 -3.4e+38 -3.4e+38 -3.4e+38 -3.4e+38 0.222158074378967 0.192355081439018 0.191487967967987 0.211607992649078 0.233492657542229 0.249059423804283 0.260836005210876 0.274852007627487 0.290994673967361 0.313712388277054 0.310710668563843 0.294543266296387 0.295402467250824 0.279176324605942 0.266255974769592 0.256493479013443 0.260551363229752 0.259594053030014 0.240623638033867 0.224753841757774 0.239201366901398 0.236274093389511 0.216528177261353 0.208215445280075 0.210268557071686 0.210673436522484 0.210666641592979 0.207693383097649 0.213919118046761 0.220282658934593 0.215866699814796 0.215175315737724 0.213766545057297 0.217271864414215 0.215416312217712 0.217243626713753 0.219920307397842 0.219472393393517 0.216099694371223 0.213523000478745
-3.4e+38 -3.4e+38 -3.4e+38 -3.4e+38 0.2551049888134 0.249917954206467 0.226715832948685 0.233488798141479 0.248840272426605 0.27425941824913 0.285913378000259 0.275002539157867 0.268298119306564 0.282465040683746 0.300896108150482 0.292637228965759 0.289622187614441 0.292055189609528 0.267020404338837 0.263266026973724 0.266655564308167 0.258108496665955 0.259806215763092 0.23800453543663 0.221954628825188 0.246997058391571 0.252087384462357 0.233311593532562 0.21344867348671 0.199556693434715 0.193730011582375 0.196082174777985 0.202034428715706 0.215693309903145 0.219618767499924 0.216881290078163 0.226170852780342 0.230709433555603 0.223077416419983 0.215770438313484 0.218637838959694 0.221656024456024 0.218961820006371 0.211046278476715 0.200971022248268
-3.4e+38 -3.4e+38 0.223794355988503 0.25370591878891 0.266331791877747 0.266613095998764 0.269293636083603 0.276364743709564 0.278811275959015 0.297370433807373 0.303548693656921 0.286489397287369 0.27175161242485 0.29860982298851 0.311364054679871 0.286881536245346 0.283443361520767 0.28835529088974 0.27767339348793 0.264563918113708 0.271165490150452 0.270069122314453 0.259629517793655 0.224711194634438 0.216628193855286 0.254108369350433 0.271541923284531 0.255382359027863 0.22865055501461 0.215905874967575 0.211954042315483 0.209099963307381 0.213339775800705 0.222047224640846 0.218304887413979 0.219197154045105 0.231242686510086 0.236652433872223 0.228488206863403 0.221532672643661 0.224832385778427 0.229008764028549 0.228314593434334 0.215581834316254 0.204770505428314
