data/1_raw/trimmed_ndre/J_ndre.619.2014_no_clouds.asc
NCOLS 141 
NROWS 118 
XLLCORNER 516845 
YLLCORNER 5169015 
CELLSIZE 5 
NODATA_value -3.4e+38 
[rows 60 to 79 of 118, columns 45 to 89 of 141]
0.202797263860703 0.181441754102707 0.204443767666817 0.203668594360352 0.193074986338615 0.205280333757401 0.191655948758125 0.184201374650002 0.204019293189049 0.211824163794518 0.211432069540024 0.20490288734436 0.19266764819622 0.1869807690382 0.190516784787178 0.17707796394825 0.172268897294998 0.189284667372704 0.199091374874115 0.205083563923836 0.200855910778046 0.203238591551781 0.199730694293976 0.184443160891533 0.176527187228203 0.186045974493027 0.190965846180916 0.193002700805664 0.195287838578224 0.196691855788231 0.205988809466362 0.213396787643433 0.21433961391449 0.210041552782059 0.213429227471352 0.208141162991524 0.193525344133377 0.197643294930458 0.20870840549469 0.207404553890228 0.209521278738976 0.20466360449791 0.199971139431 0.206561714410782 0.200812473893166
0.186160251498222 0.194632977247238 0.202920332551003 0.211910054087639 0.205986171960831 0.205081224441528 0.185437843203545 0.177509993314743 0.208988890051842 0.230677485466003 0.23767976462841 0.221737205982208 0.195823296904564 0.189583614468575 0.191885113716125 0.175273314118385 0.171533867716789 0.18285645544529 0.187708884477615 0.194057554006577 0.194698512554169 0.187314465641975 0.183479174971581 0.177320003509521 0.171672075986862 0.178018912672997 0.183078184723854 0.184886246919632 0.191081434488297 0.19933420419693 0.19336311519146 0.205406054854393 0.210766285657883 0.208481594920158 0.216795653104782 0.210765495896339 0.199388548731804 0.20638619363308 0.218402996659279 0.217100903391838 0.224408313632011 0.219748273491859 0.215283304452896 0.207768693566322 0.201196655631065
0.17571710050106 0.191017225384712 0.203067138791084 0.209287703037262 0.222481429576874 0.217141211032867 0.199942067265511 0.20084410905838 0.246913135051727 0.270081788301468 0.244360253214836 0.215183943510056 0.200659707188606 0.21742345392704 0.220219478011131 0.196893647313118 0.1833286434412 0.180384144186974 0.185263305902481 0.183408930897713 0.18563686311245 0.194290444254875 0.191114187240601 0.179249554872513 0.179525434970856 0.175878345966339 0.168115809559822 0.170091241598129 0.181522771716118 0.190688103437424 0.185113161802292 0.195601344108582 0.199722215533257 0.204383045434952 0.217754423618317 0.211487904191017 0.203887715935707 0.20751017332077 0.212088480591774 0.210983380675316 0.221225559711456 0.227746531367302 0.22661654651165 0.198690190911293 0.177206590771675
0.189744353294373 0.187130570411682 0.212838634848595 0.217404574155807 0.229051515460014 0.239830479025841 0.219080686569214 0.223672762513161 0.258169144392014 0.273484110832214 0.242740616202354 0.212730795145035 0.202716633677483 0.216354832053185 0.216919407248497 0.196122512221336 0.191411331295967 0.186854809522629 0.196631699800491 0.197548657655716 0.194289118051529 0.201554864645004 0.201620906591415 0.198878839612007 0.203003257513046 0.197627633810043 0.181069746613503 0.182311937212944 0.189184486865997 0.194549813866615 0.200214952230453 0.21054995059967 0.212327122688293 0.206540033221245 0.201042667031288 0.199071481823921 0.20346711575985 0.206266045570374 0.19411113858223 0.186407744884491 0.19738133251667 0.21125040948391 0.21402545273304 0.198040202260017 0.19070865213871
0.189904272556305 0.187083393335342 0.214015156030655 0.227747842669487 0.217537060379982 0.245073601603508 0.232744425535202 0.230804726481438 0.242590501904488 0.242626443505287 0.236816897988319 0.218739792704582 0.209540203213692 0.221737876534462 0.214859247207642 0.202058777213097 0.20312012732029 0.196204587817192 0.187289282679558 0.191811323165894 0.199071615934372 0.20373123884201 0.203652262687683 0.203983008861542 0.206317976117134 0.202393442392349 0.192255735397339 0.189140126109123 0.199738144874573 0.196769267320633 0.202637746930122 0.222489267587662 0.226205796003342 0.209944605827332 0.193498894572258 0.199720412492752 0.218519911170006 0.223958894610405 0.214028313755989 0.206360429525375 0.208183780312538 0.209935113787651 0.215347692370415 0.222964212298393 0.232712507247925
0.175203755497932 0.196368053555489 0.218037649989128 0.216462343931198 0.217479094862938 0.231957092881203 0.239404246211052 0.239738896489143 0.226901695132256 0.212930753827095 0.211195141077042 0.211034744977951 0.211312085390091 0.218392848968506 0.208284422755241 0.215947896242142 0.215293809771538 0.20807546377182 0.198751524090767 0.196855813264847 0.202185407280922 0.203297093510628 0.204780995845795 0.202135562896729 0.200047641992569 0.193226620554924 0.196503415703773 0.194378286600113 0.203398481011391 0.206874221563339 0.203042775392532 0.211120024323463 0.211766973137856 0.206128120422363 0.203789383172989 0.222092524170876 0.243958830833435 0.236183315515518 0.226048409938812 0.23325090110302 0.239683106541634 0.244179427623749 0.23808565735817 0.245974361896515 0.256930291652679
0.193688362836838 0.210375070571899 0.229153126478195 0.211557134985924 0.227065563201904 0.245413839817047 0.240006282925606 0.245345190167427 0.227789476513863 0.211732923984528 0.21081979572773 0.214622303843498 0.221115961670876 0.21309669315815 0.195784986019135 0.2088992446661 0.217284023761749 0.206612810492516 0.20637059211731 0.211353898048401 0.213409185409546 0.209737554192543 0.205165639519691 0.197942569851875 0.190883353352547 0.187785044312477 0.189538285136223 0.195910260081291 0.195810526609421 0.203554332256317 0.209247335791588 0.191556006669998 0.181586593389511 0.200972363352776 0.207537725567818 0.223472058773041 0.231756627559662 0.214330434799194 0.202534556388855 0.219747066497803 0.222776904702187 0.212393745779991 0.215064585208893 0.235369563102722 0.24060170352459
0.216168820858002 0.224027916789055 0.229740381240845 0.231015607714653 0.233698025345802 0.236670985817909 0.234285265207291 0.236921787261963 0.232244282960892 0.218588605523109 0.213926866650581 0.215242862701416 0.230113640427589 0.22358064353466 0.211642578244209 0.220630943775177 0.219545796513557 0.212492495775223 0.209930703043938 0.21411295235157 0.207796216011047 0.20017072558403 0.198175206780434 0.190097466111183 0.191338673233986 0.198038667440414 0.189693659543991 0.192273870110512 0.181496173143387 0.192179724574089 0.209003776311874 0.186095803976059 0.18662241101265 0.210205733776093 0.21090866625309 0.209962636232376 0.202194735407829 0.189079537987709 0.199130445718765 0.212848886847496 0.208628594875336 0.199818640947342 0.206391170620918 0.227449879050255 0.234977096319199
0.210548773407936 0.215188175439835 0.232318893074989 0.24895903468132 0.226960375905037 0.208672225475311 0.222867384552956 0.226836383342743 0.213992550969124 0.209430113434792 0.210519820451736 0.216795548796654 0.229648292064667 0.216989144682884 0.211061626672745 0.217043593525887 0.21532341837883 0.219230785965919 0.207413524389267 0.199353411793709 0.200275287032127 0.196776494383812 0.194259405136108 0.18134905397892 0.192534953355789 0.195975705981255 0.180199146270752 0.182005450129509 0.179876312613487 0.193383306264877 0.199700310826302 0.195955529808998 0.19979053735733 0.213338077068329 0.214334234595299 0.203666523098946 0.193343222141266 0.186746895313263 0.194554761052132 0.206219092011452 0.211896046996117 0.214143350720406 0.207793667912483 0.222863093018532 0.230179697275162
0.209521681070328 0.216173186898232 0.238684356212616 0.255910247564316 0.234408497810364 0.210676893591881 0.212481707334518 0.215170636773109 0.199351102113724 0.205330640077591 0.220991000533104 0.232416614890099 0.233642175793648 0.218928143382072 0.201644465327263 0.198569402098656 0.20717690885067 0.210735827684402 0.215617254376411 0.209785521030426 0.202554643154144 0.206277698278427 0.199789464473724 0.180479109287262 0.186386674642563 0.180846065282822 0.174574643373489 0.184740573167801 0.192829966545105 0.200751736760139 0.195582941174507 0.200451776385307 0.200645804405212 0.208578005433083 0.214038282632828 0.205787494778633 0.201187148690224 0.190583184361458 0.188512966036797 0.201944082975388 0.203962907195091 0.206858977675438 0.209330305457115 0.214709460735321 0.220224902033806
0.221746653318405 0.223026618361473 0.234422907233238 0.23439809679985 0.209275424480438 0.198061808943748 0.203653916716576 0.213944658637047 0.2091074436903 0.212873578071594 0.220357224345207 0.223890632390976 0.227831020951271 0.224253088235855 0.202244341373444 0.19324067234993 0.21154810488224 0.223940342664719 0.227097794413567 0.226695120334625 0.201123088598251 0.199236616492271 0.197727277874947 0.189330443739891 0.192614495754242 0.177666082978249 0.183075174689293 0.192251592874527 0.19455124437809 0.208298623561859 0.204924836754799 0.201984092593193 0.201300948858261 0.203791007399559 0.206483915448189 0.206240653991699 0.205126285552979 0.194106429815292 0.197260186076164 0.203771144151688 0.207035511732101 0.208076775074005 0.205188319087029 0.216400325298309 0.211890503764153
0.220366820693016 0.229462191462517 0.227361232042313 0.215054288506508 0.203063234686852 0.211657404899597 0.221796065568924 0.216681405901909 0.205059751868248 0.210012584924698 0.212587386369705 0.20550374686718 0.208301797509193 0.20854626595974 0.194173187017441 0.18680465221405 0.211343735456467 0.224005237221718 0.205493107438087 0.20921316742897 0.196059226989746 0.185585662722588 0.191261813044548 0.198749870061874 0.204044669866562 0.188986077904701 0.1909439265728 0.193625897169113 0.193160682916641 0.211699962615967 0.213706240057945 0.208921134471893 0.20407247543335 0.198734372854233 0.205020144581795 0.209809720516205 0.202188238501549 0.190266638994217 0.195292815566063 0.202932342886925 0.210450574755669 0.208531856536865 0.205943614244461 0.220905184745789 0.212192460894585
0.208888754248619 0.226504802703857 0.223497495055199 0.219449386000633 0.209972217679024 0.209141805768013 0.210217922925949 0.205640345811844 0.204282402992249 0.214225023984909 0.220475018024445 0.215292796492577 0.21114781498909 0.199385657906532 0.187772333621979 0.18382802605629 0.192150443792343 0.194940641522408 0.188401415944099 0.204652667045593 0.199412509799004 0.187677264213562 0.187957212328911 0.199446991086006 0.198928967118263 0.198277980089188 0.210126593708992 0.209075286984444 0.198697969317436 0.204889670014381 0.206888571381569 0.210478931665421 0.195603147149086 0.191834002733231 0.216718062758446 0.217143595218658 0.200568333268166 0.188842743635178 0.193165004253387 0.205616787075996 0.204123303294182 0.196626454591751 0.204348534345627 0.213387176394463 0.209623500704765
0.207473292946815 0.214921295642853 0.219478264451027 0.228757724165916 0.216305688023567 0.198604717850685 0.193101480603218 0.202415242791176 0.211520954966545 0.212923109531403 0.208321422338486 0.204074755311012 0.199521124362946 0.19165512919426 0.191482618451118 0.195666506886482 0.19921937584877 0.189143821597099 0.191065847873688 0.209418535232544 0.21089893579483 0.206060826778412 0.196186229586601 0.192521274089813 0.189847692847252 0.195201218128204 0.218195393681526 0.217981591820717 0.20374983549118 0.19171279668808 0.184882953763008 0.204398214817047 0.199769392609596 0.201510041952133 0.22068527340889 0.21669964492321 0.205970823764801 0.188940584659576 0.195351555943489 0.212551474571228 0.202871635556221 0.203226149082184 0.209777861833572 0.20935320854187 0.210386693477631
0.211466073989868 0.2058956772089 0.201444953680038 0.215049535036087 0.215578123927116 0.20683291554451 0.204241454601288 0.204247638583183 0.208617240190506 0.2051050812006 0.189675137400627 0.184463933110237 0.190550222992897 0.191831812262535 0.18695093691349 0.172252252697945 0.180944800376892 0.196386590600014 0.199376925826073 0.200779646635056 0.196796327829361 0.19252510368824 0.180413663387299 0.180320605635643 0.192138001322746 0.194997131824493 0.206498444080353 0.201016873121262 0.199324175715446 0.188696026802063 0.183800265192986 0.20760814845562 0.212040975689888 0.208298206329346 0.205404296517372 0.197465837001801 0.201647639274597 0.196188226342201 0.200933337211609 0.214590609073639 0.20538255572319 0.217545256018639 0.2125373929739 0.208760887384415 0.217528015375137
0.208670675754547 0.200872391462326 0.195933356881142 0.205251544713974 0.223297595977783 0.225476369261742 0.211481526494026 0.201228454709053 0.203350245952606 0.201016634702682 0.189196676015854 0.19062902033329 0.204680934548378 0.204905062913895 0.19219483435154 0.160630136728287 0.170263484120369 0.207651287317276 0.201377153396606 0.187858894467354 0.176430433988571 0.172233775258064 0.176145553588867 0.193563282489777 0.217067614197731 0.212937995791435 0.21464404463768 0.195731997489929 0.193159744143486 0.193257793784142 0.191463500261307 0.207357004284859 0.214791342616081 0.202941343188286 0.196637630462646 0.188094437122345 0.194401815533638 0.200079947710037 0.191137671470642 0.201190963387489 0.207653164863586 0.216139659285545 0.206325903534889 0.205607429146767 0.218382835388184
0.215199023485184 0.213639780879021 0.212381288409233 0.22026227414608 0.223111197352409 0.214541658759117 0.197605580091476 0.200237780809402 0.208155646920204 0.202650234103203 0.196304976940155 0.19988726079464 0.212524235248566 0.221774220466614 0.208985313773155 0.182468414306641 0.196566477417946 0.224064126610756 0.209351450204849 0.192169472575188 0.185753017663956 0.181232929229736 0.184551402926445 0.190575033426285 0.21042537689209 0.23097051680088 0.226855665445328 0.189018055796623 0.190230116248131 0.200993314385414 0.198211744427681 0.197940438985825 0.201790705323219 0.201512664556503 0.204097732901573 0.195591449737549 0.184587255120277 0.189120471477509 0.189010947942734 0.193334802985191 0.190684467554092 0.192677795886993 0.193477675318718 0.186753034591675 0.209942027926445
0.209324836730957 0.210093304514885 0.213023945689201 0.226294159889221 0.20714658498764 0.21750296652317 0.219308868050575 0.205280244350433 0.211703702807426 0.203896075487137 0.196698427200317 0.20490138232708 0.21448677778244 0.221010357141495 0.204487860202789 0.189677134156227 0.19002665579319 0.209817871451378 0.217684984207153 0.197134763002396 0.204352185130119 0.206314876675606 0.199954316020012 0.196808412671089 0.201546207070351 0.221888452768326 0.209198266267776 0.179894626140594 0.193545177578926 0.209345683455467 0.209741175174713 0.196258470416069 0.200026780366898 0.21204861998558 0.207894966006279 0.209313601255417 0.184565752744675 0.18688939511776 0.204457774758339 0.197500467300415 0.19235834479332 0.194428592920303 0.185548767447472 0.174195975065231 0.202602714300156
0.188934311270714 0.184083864092827 0.194956883788109 0.208760842680931 0.205434620380402 0.222185596823692 0.222205728292465 0.209303125739098 0.208801344037056 0.208902522921562 0.206672549247742 0.205942064523697 0.206910133361816 0.20809143781662 0.192302510142326 0.189681529998779 0.19060891866684 0.21003620326519 0.220868110656738 0.193807527422905 0.191789209842682 0.202627763152122 0.203975185751915 0.196980014443398 0.192123100161552 0.18349589407444 0.184517845511436 0.184352099895477 0.197337999939919 0.209927126765251 0.215907365083694 0.210174575448036 0.211427986621857 0.208451747894287 0.204659223556519 0.214273676276207 0.196775510907173 0.200332671403885 0.216938927769661 0.210861086845398 0.204351291060448 0.206088468432426 0.194559365510941 0.1846724152565 0.193854928016663
0.185129210352898 0.197131335735321 0.201262682676315 0.20274718105793 0.192220970988274 0.196812003850937 0.20931288599968 0.204844191670418 0.195754051208496 0.197873696684837 0.207134559750557 0.207538023591042 0.206490233540535 0.209120273590088 0.208322435617447 0.199215471744537 0.195049300789833 0.206863224506378 0.217045143246651 0.209904536604881 0.201804876327515 0.197667852044106 0.198975384235382 0.199617981910706 0.19021375477314 0.166905269026756 0.184319704771042 0.201613157987595 0.200814321637154 0.205957546830177 0.205745130777359 0.201242715120316 0.203071117401123 0.193718746304512 0.196994498372078 0.210096463561058 0.211921766400337 0.208227753639221 0.209132477641106 0.211074903607368 0.205433323979378 0.214033886790276 0.205996915698051 0.200003996491432 0.21026323735714
