data/1_raw/trimmed_ndre/J_ndre.64.2012_no_clouds.asc
NCOLS 141 
NROWS 118 
XLLCORNER 516845 
YLLCORNER 5169015 
CELLSIZE 5 
NODATA_value -3.4e+38 
[rows 0 to 19 of 118, columns 45 to 89 of 141]
-3.4e+38 -3.4e+38 -3.4e+38 -3.4e+38 -3.4e+38 -3.4e+38 -3.4e+38 -3.4e+38 -3.4e+38 -3.4e+38 -3.4e+38 -3.4e+38 -3.4e+38 -3.4e+38 -3.4e+38 -3.4e+38 -3.4e+38 -3.4e+38 -3.4e+38 -3.4e+38 -3.4e+38 -3.4e+38 -3.4e+38 -3.4e+38 -3.4e+38 -3.4e+38 -3.4e+38 -3.4e+38 -3.4e+38 -3.4e+38 -3.4e+38 -3.4e+38 -3.4e+38 -3.4e+38 -3.4e+38 -3.4e+38 -3.4e+38 0.128944978117943 0.130647838115692 0.140843570232391 0.151003614068031 0.140324756503105 0.136164486408234 0.144221305847168 0.146919712424278
-3.4e+38 -3.4e+38 -3.4e+38 -3.4e+38 -3.4e+38 -3.4e+38 -3.4e+38 -3.4e+38 -3.4e+38 -3.4e+38 -3.4e+38 -3.4e+38 -3.4e+38 -3.4e+38 -3.4e+38 -3.4e+38 -3.4e+38 -3.4e+38 -3.4e+38 -3.4e+38 -3.4e+38 -3.4e+38 -3.4e+38 -3.4e+38 -3.4e+38 -3.4e+38 -3.4e+38 -3.4e+38 0.153059452772141 0.151417002081871 0.139685481786728 0.139802142977715 0.145551443099976 0.14332877099514 0.133038952946663 0.129949823021889 0.134658634662628 0.125520795583725 0.124436758458614 0.137556478381157 0.138357102870941 0.134740665555 0.141703635454178 0.149056032299995 0.144498094916344
-3.4e+38 -3.4e+38 -3.4e+38 -3.4e+38 -3.4e+38 -3.4e+38 -3.4e+38 -3.4e+38 -3.4e+38 -3.4e+38 -3.4e+38 -3.4e+38 -3.4e+38 -3.4e+38 -3.4e+38 -3.4e+38 -3.4e+38 -3.4e+38 -3.4e+38 -3.4e+38 0.122010171413422 0.119993813335896 0.131514295935631 0.143551126122475 0.142626404762268 0.136407896876335 0.133968874812126 0.140406236052513 0.146476447582245 0.148945525288582 0.14309361577034 0.134443461894989 0.136241242289543 0.141328558325768 0.133281514048576 0.13274022936821 0.145743504166603 0.141005367040634 0.143107533454895 0.145908579230309 0.133882135152817 0.138018116354942 0.150306716561317 0.147173419594765 0.13819432258606
-3.4e+38 -3.4e+38 -3.4e+38 -3.4e+38 -3.4e+38 -3.4e+38 -3.4e+38 -3.4e+38 -3.4e+38 -3.4e+38 -3.4e+38 -3.4e+38 -3.4e+38 -3.4e+38 -3.4e+38 -3.4e+38 0.149312674999237 0.128576353192329 0.126064911484718 0.12966200709343 0.12878206372261 0.137256518006325 0.144417509436607 0.142254516482353 0.146758228540421 0.153087362647057 0.148108094930649 0.140013813972473 0.13933439552784 0.141486093401909 0.14214588701725 0.132286086678505 0.129905134439468 0.141904473304749 0.139193266630173 0.138446435332298 0.153037801384926 0.15260548889637 0.157468348741531 0.149837046861649 0.138157352805138 0.146236464381218 0.142849817872047 0.140950560569763 0.144375413656235
-3.4e+38 -3.4e+38 -3.4e+38 -3.4e+38 -3.4e+38 -3.4e+38 -3.4e+38 -3.4e+38 -3.4e+38 -3.4e+38 -3.4e+38 -3.4e+38 -3.4e+38 -3.4e+38 -3.4e+38 0.133091494441032 0.14007967710495 0.131287455558777 0.135454744100571 0.140290319919586 0.140793651342392 0.138593092560768 0.133091256022453 0.128207430243492 0.144077584147453 0.155071184039116 0.146115034818649 0.13886584341526 0.145310282707214 0.148179158568382 0.149491146206856 0.144313335418701 0.145332738757133 0.149764567613602 0.146274149417877 0.136309906840324 0.146477520465851 0.150137558579445 0.150271326303482 0.144975855946541 0.140911683440208 0.147694319486618 0.136923506855965 0.144613161683083 0.159684106707573
-3.4e+38 -3.4e+38 -3.4e+38 -3.4e+38 -3.4e+38 -3.4e+38 -3.4e+38 -3.4e+38 -3.4e+38 -3.4e+38 -3.4e+38 -3.4e+38 -3.4e+38 -3.4e+38 0.13654188811779 0.143854543566704 0.139804795384407 0.135341063141823 0.143351867794991 0.144969880580902 0.14679904282093 0.134764492511749 0.132595375180244 0.131863072514534 0.13567116856575 0.13980832695961 0.140706956386566 0.143211364746094 0.146160006523132 0.144329458475113 0.141950011253357 0.148131534457207 0.154998764395714 0.153007224202156 0.14920449256897 0.137792393565178 0.14560067653656 0.142461881041527 0.136604383587837 0.137090936303139 0.142686054110527 0.150102496147156 0.141696587204933 0.147786915302277 0.153282463550568
-3.4e+38 -3.4e+38 -3.4e+38 -3.4e+38 -3.4e+38 -3.4e+38 -3.4e+38 -3.4e+38 -3.4e+38 -3.4e+38 -3.4e+38 -3.4e+38 0.134648635983467 0.146153435111046 0.146289452910423 0.144677594304085 0.14072148501873 0.13569387793541 0.136689767241478 0.132242068648338 0.138905704021454 0.143840089440346 0.145882770419121 0.140068173408508 0.138262793421745 0.133575275540352 0.137978583574295 0.147248446941376 0.146220222115517 0.137106031179428 0.136182695627213 0.146004095673561 0.141801714897156 0.15110969543457 0.15474796295166 0.147097870707512 0.15480175614357 0.147174283862114 0.142110243439674 0.138001665472984 0.141182214021683 0.144376426935196 0.13768070936203 0.145334005355835 0.152212366461754
-3.4e+38 -3.4e+38 -3.4e+38 -3.4e+38 -3.4e+38 -3.4e+38 -3.4e+38 -3.4e+38 -3.4e+38 -3.4e+38 -3.4e+38 0.132076248526573 0.130632191896439 0.147426664829254 0.13978223502636 0.131330952048302 0.137424200773239 0.131139248609543 0.13136288523674 0.128817826509476 0.125883787870407 0.141436859965324 0.146116703748703 0.138249337673187 0.156389653682709 0.147458866238594 0.13766610622406 0.1463652998209 0.140549853444099 0.127389803528786 0.136176094412804 0.138618230819702 0.119228146970272 0.149426534771919 0.161439210176468 0.144821137189865 0.14771480858326 0.151563256978989 0.14896959066391 0.138578921556473 0.134696021676064 0.129847437143326 0.132571548223495 0.150178745388985 0.15511617064476
-3.4e+38 -3.4e+38 -3.4e+38 -3.4e+38 -3.4e+38 -3.4e+38 -3.4e+38 -3.4e+38 -3.4e+38 0.147446066141129 0.145404160022736 0.138318046927452 0.140659734606743 0.145391315221786 0.136451199650764 0.126013621687889 0.134642690420151 0.134174555540085 0.143592715263367 0.141823694109917 0.13551689684391 0.144224867224693 0.134240627288818 0.133158892393112 0.160560041666031 0.146903306245804 0.137000903487206 0.143606573343277 0.1333167552948 0.124910570681095 0.123998872935772 0.121384300291538 0.116611838340759 0.144776493310928 0.153080150485039 0.130412414669991 0.129141464829445 0.14216223359108 0.136997446417809 0.139600902795792 0.138227552175522 0.132271319627762 0.134677827358246 0.144358783960342 0.146500587463379
-3.4e+38 -3.4e+38 -3.4e+38 -3.4e+38 -3.4e+38 -3.4e+38 -3.4e+38 -3.4e+38 0.138923466205597 0.142763555049896 0.14434689283371 0.148713514208794 0.145955383777618 0.142391234636307 0.144090563058853 0.128326073288918 0.132902324199677 0.144792646169662 0.152374535799026 0.150155082345009 0.143574491143227 0.134152337908745 0.127267435193062 0.128291010856628 0.146101340651512 0.134617656469345 0.136635348200798 0.147934958338737 0.137939617037773 0.136261969804764 0.133172914385796 0.128021985292435 0.128981828689575 0.141513019800186 0.14553427696228 0.134296223521233 0.133718430995941 0.1461131721735 0.144908592104912 0.149655535817146 0.143645063042641 0.144315764307976 0.141612231731415 0.145167917013168 0.14731365442276
-3.4e+38 -3.4e+38 -3.4e+38 -3.4e+38 -3.4e+38 -3.4e+38 0.135073959827423 0.13703665137291 0.144717693328857 0.141294226050377 0.135576695203781 0.13669091463089 0.135034695267677 0.14486999809742 0.155255913734436 0.129837825894356 0.134562477469444 0.151074528694153 0.145114302635193 0.140400364995003 0.139235556125641 0.12998104095459 0.126438945531845 0.128448367118835 0.13815002143383 0.137980967760086 0.144786283373833 0.138403654098511 0.142056465148926 0.151406273245811 0.144970700144768 0.141008526086807 0.141773536801338 0.146661624312401 0.145444214344025 0.140791028738022 0.137922555208206 0.146603554487228 0.159731462597847 0.153503626585007 0.140356317162514 0.139776617288589 0.131874307990074 0.136907115578651 0.142721727490425
-3.4e+38 -3.4e+38 -3.4e+38 -3.4e+38 -3.4e+38 0.137351259589195 0.142219111323357 0.148907274007797 0.149195358157158 0.13826110959053 0.134628355503082 0.126511916518211 0.134038150310516 0.149591729044914 0.150260403752327 0.135725677013397 0.139936447143555 0.150218680500984 0.140494659543037 0.127524003386497 0.130236357450485 0.136018499732018 0.129195034503937 0.136758178472519 0.135008126497269 0.133134827017784 0.140764251351357 0.131763324141502 0.139835178852081 0.142965823411942 0.129556730389595 0.146354913711548 0.150853306055069 0.149415791034698 0.145418435335159 0.138029664754868 0.132150262594223 0.140005543828011 0.153043776750565 0.14655464887619 0.132526949048042 0.134939625859261 0.131128832697868 0.139010936021805 0.145341485738754
-3.4e+38 -3.4e+38 -3.4e+38 0.141070917248726 0.146174028515816 0.138977482914925 0.146357119083405 0.146744623780251 0.147720158100128 0.143324956297874 0.140300080180168 0.13211028277874 0.145260095596313 0.158411785960197 0.160519793629646 0.14555811882019 0.135681286454201 0.147880867123604 0.141839355230331 0.12804326415062 0.129616513848305 0.14524233341217 0.135413810610771 0.120243832468987 0.136314243078232 0.138021856546402 0.137104153633118 0.1343674659729 0.12923763692379 0.126772567629814 0.126505866646767 0.14258785545826 0.14536540210247 0.143035992980003 0.140874221920967 0.138587489724159 0.131532296538353 0.137758553028107 0.146429345011711 0.142420738935471 0.132604360580444 0.149634346365929 0.150077193975449 0.138828068971634 0.137630239129066
-3.4e+38 -3.4e+38 0.129997745156288 0.138233467936516 0.138294607400894 0.142226949334145 0.146092385053635 0.140407145023346 0.135973319411278 0.135881513357162 0.143405184149742 0.13835571706295 0.134254634380341 0.143765777349472 0.150559440255165 0.138860389590263 0.132123976945877 0.144714444875717 0.130583986639977 0.114756897091866 0.125607386231422 0.135302320122719 0.139645516872406 0.128563717007637 0.143289133906364 0.14005820453167 0.126077055931091 0.138176143169403 0.146357715129852 0.133347302675247 0.12712350487709 0.128309175372124 0.130560055375099 0.130596175789833 0.135836496949196 0.138991862535477 0.133604317903519 0.139581590890884 0.146273210644722 0.145905300974846 0.143672734498978 0.157887205481529 0.1585643440485 0.139732331037521 0.135072067379951
-3.4e+38 0.143793508410454 0.14576518535614 0.143976449966431 0.137087404727936 0.140488058328629 0.131850630044937 0.131438061594963 0.131210222840309 0.132540538907051 0.142253592610359 0.136701047420502 0.136374264955521 0.137999251484871 0.138417392969131 0.143025472760201 0.141529396176338 0.144580692052841 0.14366303384304 0.125545054674149 0.127517715096474 0.140966132283211 0.143746495246887 0.144515708088875 0.155375093221664 0.133968263864517 0.137203559279442 0.141724035143852 0.141236305236816 0.145202144980431 0.133603304624557 0.122911140322685 0.123527236282825 0.123560182750225 0.133368849754333 0.136052027344704 0.133378848433495 0.144177511334419 0.146875098347664 0.148570880293846 0.148731753230095 0.147970721125603 0.152097284793854 0.145409375429153 0.135465055704117
0.141874730587006 0.142803683876991 0.145669862627983 0.143969818949699 0.145433723926544 0.144657075405121 0.133191466331482 0.133608475327492 0.142590627074242 0.145676955580711 0.136964544653893 0.144326373934746 0.153352692723274 0.143220975995064 0.150179386138916 0.149394392967224 0.138239577412605 0.143311023712158 0.156395435333252 0.145565688610077 0.130534619092941 0.13636414706707 0.134776815772057 0.142442762851715 0.153483629226685 0.13505257666111 0.138975128531456 0.129880174994469 0.121458381414413 0.138193517923355 0.142526790499687 0.136953815817833 0.129671171307564 0.129066243767738 0.137125134468079 0.136915132403374 0.133359476923943 0.141941040754318 0.145667374134064 0.148472607135773 0.149665668606758 0.147416412830353 0.149613291025162 0.139654755592346 0.130549982190132
0.131898432970047 0.132171511650085 0.130260199308395 0.136055156588554 0.144804581999779 0.144064366817474 0.14000304043293 0.146315231919289 0.1500553637743 0.150261923670769 0.145737186074257 0.158354163169861 0.154037415981293 0.13494485616684 0.147733122110367 0.132704675197601 0.124835699796677 0.138046577572823 0.140343397855759 0.136572271585464 0.134981215000153 0.140847712755203 0.142245471477509 0.126651540398598 0.133929252624512 0.143674984574318 0.134801909327507 0.129882797598839 0.135613471269608 0.143478155136108 0.154911547899246 0.147766560316086 0.134664431214333 0.137216418981552 0.14731353521347 0.141072437167168 0.132802307605743 0.138815611600876 0.145786985754967 0.148493036627769 0.155778929591179 0.15455287694931 0.149154230952263 0.141619890928268 0.1417216360569
0.134897843003273 0.140766799449921 0.134028941392899 0.140835404396057 0.146029487252235 0.140403285622597 0.146001011133194 0.151311069726944 0.141033560037613 0.144116431474686 0.153404176235199 0.161177471280098 0.148779094219208 0.135046973824501 0.145095229148865 0.130954757332802 0.130828753113747 0.14298403263092 0.137940555810928 0.128575429320335 0.135389670729637 0.150604501366615 0.150200843811035 0.133254393935204 0.127202942967415 0.135266125202179 0.129306718707085 0.126370906829834 0.15350478887558 0.15166537463665 0.141822412610054 0.132972091436386 0.121409431099892 0.133415013551712 0.152057692408562 0.148214146494865 0.138435855507851 0.136214792728424 0.140585139393806 0.149848654866219 0.146326690912247 0.144721284508705 0.149491563439369 0.148834317922592 0.155861362814903
0.154262244701385 0.147463336586952 0.136553481221199 0.145366504788399 0.142644941806793 0.136185795068741 0.140199556946754 0.134578377008438 0.123301558196545 0.137578815221786 0.15100933611393 0.152625605463982 0.149147197604179 0.140308499336243 0.13876123726368 0.136114358901978 0.138599678874016 0.148188695311546 0.137927353382111 0.126666814088821 0.140890836715698 0.156559124588966 0.15401503443718 0.137221276760101 0.12569223344326 0.128865778446198 0.133037224411964 0.133719950914383 0.136423945426941 0.138805016875267 0.139923974871635 0.12909309566021 0.119329340755939 0.130414053797722 0.156076669692993 0.15802700817585 0.144954308867455 0.132010966539383 0.135884538292885 0.151557713747025 0.145197972655296 0.144707754254341 0.149669677019119 0.143369317054749 0.150017842650414
0.163343206048012 0.147159546613693 0.135433033108711 0.143985167145729 0.13564133644104 0.134633123874664 0.139922007918358 0.131025522947311 0.130170091986656 0.145320072770119 0.144914716482162 0.138370469212532 0.147096514701843 0.132707566022873 0.135733395814896 0.141142025589943 0.137949779629707 0.136564075946808 0.135124161839485 0.140142634510994 0.152852311730385 0.160704717040062 0.151196196675301 0.137702777981758 0.135697200894356 0.143531054258347 0.151267036795616 0.146494790911674 0.136162906885147 0.137703403830528 0.144464626908302 0.146748811006546 0.144899800419807 0.144444704055786 0.142511278390884 0.143465250730515 0.135652154684067 0.133228525519371 0.155899032950401 0.163257986307144 0.142342507839203 0.131779298186302 0.143636435270309 0.157171815633774 0.163450986146927
