data/1_raw/trimmed_ndre/J_ndre.627.2010_no_clouds.asc
NCOLS 141 
NROWS 118 
XLLCORNER 516845 
YLLCORNER 5169015 
CELLSIZE 5 
NODATA_value -3.4e+38 
[rows 80 to 99 of 118, columns 90 to 134 of 141]
0.644220173358917 0.65239953994751 0.662347495555878 0.657194077968597 0.643283724784851 0.63069885969162 0.637638807296753 0.653048098087311 0.660647869110107 0.660204350948334 0.66192352771759 0.648317277431488 0.633598744869232 0.636801064014435 0.629137217998505 0.616161346435547 0.625470757484436 0.646355271339417 0.65142035484314 0.610213398933411 0.562224209308624 0.55968302488327 0.572432637214661 0.576208889484406 0.568078219890594 0.53332906961441 0.470197439193726 0.437800407409668 0.480413258075714 0.531195163726807 0.546246409416199 0.549382269382477 0.560394883155823 0.567300498485565 0.577871859073639 0.583946466445923 0.564523279666901 0.541945219039917 0.549005091190338 0.570760011672974 0.581639230251312 0.588562607765198 -3.4e+38 -3.4e+38 -3.4e+38
0.638249933719635 0.640033841133118 0.646370768547058 0.641287267208099 0.628249287605286 0.622291088104248 0.628593266010284 0.64685332775116 0.663059532642365 0.663709163665771 0.658595561981201 0.640784084796906 0.627134621143341 0.632728159427643 0.621510863304138 0.611550688743591 0.61834192276001 0.632203757762909 0.637598276138306 0.617502689361572 0.583947837352753 0.580779433250427 0.590343296527863 0.591444849967957 0.575143754482269 0.545030415058136 0.472753316164017 0.44365718960762 0.497002065181732 0.5450159907341 0.577450037002563 0.579476058483124 0.581896901130676 0.585323750972748 0.584798812866211 0.582139313220978 0.564748704433441 0.540131747722626 0.542899310588837 0.570696592330933 0.591825425624847 0.588849723339081 -3.4e+38 -3.4e+38 -3.4e+38
0.620065212249756 0.622742235660553 0.628192543983459 0.62597531080246 0.629572331905365 0.64155524969101 0.641422986984253 0.649784803390503 0.665942370891571 0.671255528926849 0.65853750705719 0.643247723579407 0.632878601551056 0.630444288253784 0.623116910457611 0.620124876499176 0.625099956989288 0.631283581256866 0.635068833827972 0.628491878509521 0.620307803153992 0.61467033624649 0.612749218940735 0.60886412858963 0.597739398479462 0.580956399440765 0.510420382022858 0.47732201218605 0.514879882335663 0.544351100921631 0.583566606044769 0.604446649551392 0.599871397018433 0.594156980514526 0.587596237659454 0.583198726177216 0.57689493894577 0.552574574947357 0.553503215312958 0.580102443695068 0.596516132354736 0.593717515468597 -3.4e+38 -3.4e+38 -3.4e+38
0.612737536430359 0.609904944896698 0.614523530006409 0.61881023645401 0.635416507720947 0.651960909366608 0.649869680404663 0.654080629348755 0.667960047721863 0.67565381526947 0.669292688369751 0.651504933834076 0.638780236244202 0.63737827539444 0.637980699539185 0.638350248336792 0.637302577495575 0.636751234531403 0.634499728679657 0.637363076210022 0.650416135787964 0.646875560283661 0.632269442081451 0.618069112300873 0.622631013393402 0.615801513195038 0.561724483966827 0.522185921669006 0.530444860458374 0.552538692951202 0.564533352851868 0.586553335189819 0.595823764801025 0.594968974590302 0.58923214673996 0.59373813867569 0.595434784889221 0.570236146450043 0.56293648481369 0.585855782032013 0.592890083789825 0.60918790102005 -3.4e+38 -3.4e+38 -3.4e+38
0.628023087978363 0.616071403026581 0.604651391506195 0.607608199119568 0.622346162796021 0.644401788711548 0.65159660577774 0.655774712562561 0.659001111984253 0.662412106990814 0.666927635669708 0.661072790622711 0.652633965015411 0.649129211902618 0.649671077728271 0.647159218788147 0.631655871868134 0.622986972332001 0.618709802627563 0.639686703681946 0.670156598091125 0.677944660186768 0.655566930770874 0.639097213745117 0.633953809738159 0.620462536811829 0.577218592166901 0.543799459934235 0.532774686813354 0.545238494873047 0.549875199794769 0.558341264724731 0.582154631614685 0.591407656669617 0.589514017105103 0.604468584060669 0.605728387832642 0.579366862773895 0.563993513584137 0.571823537349701 0.581047832965851 0.604119539260864 -3.4e+38 -3.4e+38 -3.4e+38
0.641577303409576 0.631188809871674 0.617304801940918 0.61535656452179 0.622343122959137 0.641924798488617 0.660356342792511 0.668488800525665 0.668069779872894 0.661981582641602 0.660915315151215 0.660255491733551 0.654542446136475 0.649046957492828 0.642180681228638 0.635893404483795 0.624545753002167 0.61848646402359 0.623267292976379 0.638139009475708 0.659193634986877 0.672459304332733 0.672207832336426 0.658193945884705 0.631564140319824 0.605198800563812 0.565945863723755 0.532404661178589 0.546322822570801 0.562035858631134 0.561121582984924 0.542698681354523 0.569273471832275 0.597545444965363 0.600206851959229 0.613586008548737 0.606982350349426 0.577611446380615 0.563440501689911 0.558290064334869 0.569787979125977 0.587748289108276 0.60565859079361 -3.4e+38 -3.4e+38
0.638527393341064 0.639149069786072 0.636553466320038 0.625970005989075 0.625489115715027 0.641732573509216 0.657621443271637 0.659655153751373 0.666093170642853 0.662427723407745 0.655176103115082 0.654367327690125 0.655834496021271 0.652006089687347 0.647627949714661 0.645070791244507 0.644979655742645 0.640659093856812 0.64085191488266 0.640644550323486 0.648295164108276 0.657723784446716 0.67106831073761 0.659927308559418 0.622910261154175 0.604501366615295 0.550840973854065 0.53189218044281 0.568081140518188 0.566459894180298 0.555665552616119 0.548495292663574 0.570373475551605 0.598370909690857 0.610044956207275 0.614031612873077 0.600337743759155 0.575126945972443 0.566361367702484 0.557814836502075 0.567967295646667 0.588849067687988 0.599648475646973 0.609928667545319 -3.4e+38
0.63156920671463 0.647570312023163 0.654898881912231 0.634513556957245 0.620218336582184 0.634776830673218 0.64854097366333 0.654168784618378 0.657431185245514 0.661075174808502 0.659838795661926 0.6617631316185 0.657959938049316 0.655670881271362 0.657894134521484 0.660685479640961 0.660088062286377 0.651990115642548 0.645837724208832 0.647408664226532 0.657868564128876 0.662963092327118 0.661760807037354 0.643642902374268 0.617224872112274 0.610760748386383 0.557279765605927 0.554016172885895 0.586374342441559 0.549575328826904 0.535143733024597 0.550451934337616 0.56920313835144 0.589920938014984 0.608618557453156 0.614011108875275 0.602041065692902 0.58467835187912 0.575410723686218 0.572214484214783 0.577216386795044 0.586499631404877 0.591002881526947 0.606854677200317 0.620369613170624
0.63223785161972 0.648974120616913 0.656203210353851 0.639103293418884 0.626033663749695 0.63747763633728 0.65391218662262 0.663622856140137 0.664285004138947 0.672328889369965 0.682007551193237 0.680754721164703 0.662076771259308 0.643563687801361 0.64446496963501 0.650962114334106 0.65250426530838 0.649703562259674 0.645775616168976 0.646592140197754 0.653298199176788 0.654739797115326 0.643589437007904 0.622930824756622 0.609602749347687 0.601804971694946 0.572654366493225 0.549458563327789 0.544524133205414 0.527197480201721 0.537893295288086 0.549802660942078 0.565930664539337 0.58216792345047 0.60538774728775 0.61299055814743 0.602107405662537 0.594809114933014 0.586713016033173 0.582600474357605 0.586159527301788 0.590288758277893 0.595063924789429 0.608643352985382 0.621085286140442
0.638829112052917 0.641359031200409 0.642992675304413 0.635822892189026 0.6414874792099 0.655210912227631 0.661950528621674 0.658778190612793 0.653031289577484 0.660956084728241 0.679975390434265 0.684122741222382 0.667348742485046 0.648465394973755 0.644578576087952 0.647685289382935 0.649104118347168 0.643022298812866 0.641143679618835 0.642328798770905 0.647084772586823 0.646968603134155 0.629156529903412 0.607075929641724 0.598009943962097 0.594976842403412 0.574094831943512 0.537550687789917 0.512425005435944 0.531827509403229 0.563622772693634 0.57940411567688 0.581825196743011 0.588024497032166 0.603096306324005 0.609839260578156 0.601603746414185 0.598243713378906 0.585884034633636 0.583251178264618 0.593038380146027 0.601350426673889 0.611851215362549 0.618585348129272 0.62528669834137
0.632351517677307 0.623452305793762 0.623638391494751 0.633539438247681 0.644936382770538 0.658990383148193 0.663021326065063 0.65934282541275 0.645710647106171 0.645019710063934 0.659986734390259 0.667617678642273 0.659676015377045 0.656767904758453 0.649664282798767 0.64716637134552 0.649599373340607 0.649256408214569 0.643646776676178 0.636017024517059 0.635550260543823 0.637356579303741 0.632753133773804 0.616767942905426 0.600567877292633 0.588341176509857 0.571757137775421 0.555357217788696 0.551824271678925 0.553383409976959 0.573027193546295 0.590175986289978 0.596415221691132 0.604999184608459 0.617852687835693 0.617030382156372 0.611452877521515 0.605895519256592 0.593296229839325 0.591796159744263 0.603165209293365 0.607255339622498 0.618865013122559 0.631959319114685 0.635354340076447
0.629404127597809 0.624474704265594 0.630313217639923 0.631960511207581 0.631349623203278 0.637806117534637 0.646152079105377 0.649028301239014 0.641730546951294 0.641754388809204 0.656743049621582 0.66356235742569 0.660691797733307 0.661222100257874 0.657118380069733 0.644039809703827 0.635536849498749 0.644360601902008 0.653129398822784 0.644463062286377 0.638896465301514 0.641786813735962 0.651924073696136 0.643712043762207 0.621927261352539 0.607978165149689 0.597849488258362 0.589379251003265 0.589955270290375 0.583399891853333 0.591537714004517 0.606502830982208 0.60390031337738 0.620412170886993 0.638752222061157 0.634015500545502 0.63328230381012 0.625671803951263 0.611468732357025 0.604633450508118 0.612046957015991 0.617266058921814 0.628009080886841 0.639960646629333 0.6402947306633
0.623669981956482 0.630207359790802 0.647038221359253 0.646023988723755 0.630456626415253 0.622285544872284 0.627861320972443 0.636864006519318 0.638836681842804 0.638042330741882 0.64584219455719 0.65364533662796 0.65936005115509 0.662991046905518 0.667050540447235 0.657814025878906 0.642133176326752 0.644571244716644 0.649579226970673 0.64212566614151 0.633601903915405 0.642793774604797 0.661413669586182 0.661853671073914 0.637823164463043 0.621673107147217 0.620353102684021 0.614470541477203 0.605651617050171 0.602560460567474 0.61198353767395 0.621174871921539 0.616653919219971 0.629393100738525 0.639515280723572 0.634797096252441 0.639719843864441 0.631768643856049 0.616766095161438 0.611261785030365 0.616738200187683 0.62753427028656 0.632841646671295 0.649192273616791 0.654519975185394
0.606850564479828 0.617807149887085 0.640582501888275 0.642465770244598 0.628797471523285 0.62139368057251 0.633266150951385 0.649151563644409 0.654322743415833 0.653444528579712 0.649391889572144 0.647183418273926 0.643213331699371 0.643292605876923 0.649672269821167 0.656964898109436 0.647931098937988 0.638054192066193 0.625201821327209 0.616754651069641 0.611257016658783 0.620904624462128 0.640535831451416 0.644102811813354 0.63170325756073 0.62123566865921 0.630069315433502 0.627929747104645 0.613703191280365 0.602695167064667 0.602634012699127 0.609444797039032 0.614540457725525 0.626488089561462 0.628187775611877 0.623098731040955 0.626025497913361 0.611908137798309 0.597256422042847 0.602449715137482 0.612162828445435 0.622206568717957 0.62900185585022 0.641661524772644 0.655594527721405
0.60191810131073 0.61413449048996 0.632916867733002 0.629108369350433 0.618432521820068 0.620541632175446 0.64099508523941 0.653094112873077 0.655465126037598 0.65649801492691 0.654321193695068 0.647313416004181 0.64038360118866 0.636054277420044 0.635059297084808 0.638803720474243 0.621629476547241 0.606822609901428 0.595403492450714 0.59796816110611 0.603421211242676 0.604865670204163 0.60772293806076 0.610828876495361 0.616838812828064 0.625550448894501 0.632299780845642 0.628286004066467 0.606508314609528 0.594757676124573 0.599939405918121 0.610114812850952 0.621973752975464 0.627151072025299 0.620606303215027 0.624899864196777 0.631105601787567 0.620403528213501 0.602349817752838 0.595023810863495 0.601205110549927 0.619531631469727 0.62527596950531 0.622496068477631 0.638143301010132
0.616025447845459 0.619165241718292 0.633162200450897 0.637179732322693 0.631447315216064 0.638017475605011 0.649256348609924 0.647199392318726 0.641728401184082 0.63671350479126 0.6303631067276 0.627695381641388 0.630970358848572 0.630449831485748 0.619101226329803 0.613508224487305 0.579510033130646 0.566613137722015 0.581550240516663 0.609768211841583 0.620472490787506 0.608895897865295 0.592037796974182 0.586922347545624 0.598554372787476 0.613463222980499 0.614048779010773 0.60777872800827 0.592581868171692 0.592867016792297 0.610954999923706 0.611466825008392 0.624888479709625 0.630969285964966 0.623998284339905 0.636475682258606 0.645659685134888 0.637731075286865 0.630475699901581 0.607663512229919 0.598218441009521 0.61845600605011 0.618025839328766 0.604009330272675 0.62103134393692
0.627527952194214 0.631697297096252 0.642286837100983 0.648249626159668 0.644702017307281 0.645222008228302 0.64287006855011 0.636863887310028 0.636178076267242 0.636504948139191 0.633601307868958 0.631789565086365 0.622680723667145 0.612871110439301 0.594723045825958 0.572776436805725 0.535836100578308 0.53975647687912 0.582653224468231 0.622216880321503 0.63886296749115 0.611520767211914 0.57468318939209 0.551784873008728 0.563605666160583 0.580644071102142 0.587104380130768 0.58908224105835 0.589959323406219 0.5986407995224 0.613544106483459 0.613276064395905 0.62427145242691 0.625415742397308 0.618592083454132 0.633844137191772 0.6385697722435 0.632392227649689 0.637454926967621 0.607981145381927 0.586854457855225 0.606486082077026 0.605413556098938 0.601988554000854 0.623192429542542
0.636106848716736 0.643154382705688 0.650099635124207 0.652329623699188 0.648026168346405 0.644945025444031 0.63533753156662 0.62702751159668 0.625209927558899 0.635060489177704 0.643803358078003 0.651221036911011 0.638714134693146 0.611175119876862 0.578648805618286 0.533528745174408 0.506748259067535 0.536456882953644 0.591664850711823 0.617862820625305 0.62739497423172 0.601178884506226 0.568994343280792 0.546468079090118 0.552401781082153 0.566725432872772 0.566717088222504 0.576230823993683 0.591352999210358 0.602455377578735 0.614124119281769 0.619980037212372 0.622834742069244 0.618985593318939 0.620015978813171 0.630002915859222 0.623604714870453 0.611671507358551 0.613849282264709 0.60530149936676 0.598482489585876 0.608325004577637 0.605532646179199 0.621097147464752 0.635932445526123
0.637682735919952 0.64733350276947 0.656730890274048 0.655230343341827 0.647452294826508 0.643615067005157 0.641760051250458 0.640873074531555 0.639705061912537 0.642555773258209 0.65101557970047 0.6553635597229 0.650181949138641 0.62351405620575 0.594323098659515 0.54769766330719 0.525716841220856 0.547415375709534 0.590613901615143 0.611208856105804 0.611858904361725 0.597407758235931 0.576319932937622 0.564088642597198 0.569600462913513 0.592359244823456 0.595470607280731 0.600811660289764 0.615478873252869 0.628436267375946 0.633050799369812 0.632286012172699 0.63216370344162 0.621170878410339 0.630241692066193 0.641671299934387 0.631224989891052 0.615489840507507 0.612507879734039 0.618689835071564 0.625806152820587 0.626113057136536 0.617596507072449 0.631480753421783 0.639632761478424
0.638123691082001 0.648988723754883 0.65356832742691 0.646174132823944 0.64116507768631 0.641100883483887 0.643102526664734 0.652747750282288 0.657931506633759 0.653806209564209 0.655204474925995 0.657244622707367 0.656586408615112 0.649733603000641 0.631690204143524 0.602664470672607 0.579567730426788 0.578228116035461 0.594508767127991 0.612184941768646 0.607594728469849 0.59674870967865 0.575413584709167 0.565273284912109 0.570485651493073 0.607142686843872 0.634038746356964 0.634942471981049 0.63454794883728 0.639224469661713 0.641458570957184 0.640965163707733 0.633627831935883 0.622158825397491 0.636196553707123 0.647054731845856 0.63482803106308 0.628245532512665 0.627955973148346 0.633999764919281 0.638591110706329 0.632533967494965 0.626974761486053 -3.4e+38 -3.4e+38
