data/1_raw/trimmed_ndre/J_ndre.74.2013_no_clouds.asc
NCOLS 141 
NROWS 118 
XLLCORNER 516845 
YLLCORNER 5169015 
CELLSIZE 5 
NODATA_value -3.4e+38 
[rows 40 to 59 of 118, columns 45 to 89 of 141]
0.368787705898285 0.383366405963898 0.381567239761353 0.361226469278336 0.371761947870255 0.396323084831238 0.418864458799362 0.438161432743073 0.443061619997025 0.439279437065125 0.424304515123367 0.410409033298492 0.394591212272644 0.370140790939331 0.339212685823441 0.33477309346199 0.345643252134323 0.377145290374756 0.418488353490829 0.451239258050919 0.491267055273056 0.516067326068878 0.508694291114807 0.491672247648239 0.467722743749619 0.432873427867889 0.396015614271164 0.370525121688843 0.379285126924515 0.42425948381424 0.468559980392456 0.495685905218124 0.514326751232147 0.518095552921295 0.510257482528687 0.485913217067719 0.444899678230286 0.412223517894745 0.388554006814957 0.347178161144257 0.32799506187439 0.334380209445953 0.342302948236465 0.33988943696022 0.323962807655334
0.348164588212967 0.353177547454834 0.359667032957077 0.361021995544434 0.374204367399216 0.393284440040588 0.402321934700012 0.431274831295013 0.44354236125946 0.443402022123337 0.448094636201859 0.43603840470314 0.414329946041107 0.383115261793137 0.348945885896683 0.350194364786148 0.368315190076828 0.390150547027588 0.426804572343826 0.470766186714172 0.503298044204712 0.521570384502411 0.513869822025299 0.495278358459473 0.472679555416107 0.435161590576172 0.398501515388489 0.380468666553497 0.397422403097153 0.442751348018646 0.478943020105362 0.487822830677032 0.492830097675323 0.490117520093918 0.471295833587646 0.441958546638489 0.381035953760147 0.329271793365479 0.312640070915222 0.289608508348465 0.300889372825623 0.339382946491241 0.362756222486496 0.369274973869324 0.348794370889664
0.350438445806503 0.34989058971405 0.362198948860168 0.375884413719177 0.373830407857895 0.385140508413315 0.400240033864975 0.424103796482086 0.446483582258224 0.458356320858002 0.466216534376144 0.451482683420181 0.425145298242569 0.397211283445358 0.374235600233078 0.378299802541733 0.401394963264465 0.423133224248886 0.455862551927567 0.507211983203888 0.535247683525085 0.542664289474487 0.533038735389709 0.505405247211456 0.480974704027176 0.448447465896606 0.397734373807907 0.375130295753479 0.400726109743118 0.451858878135681 0.490626335144043 0.490657269954681 0.485897332429886 0.475673854351044 0.441307455301285 0.394983500242233 0.331453412771225 0.289612144231796 0.293104141950607 0.293599843978882 0.32078742980957 0.368942886590958 0.408933788537979 0.432928889989853 0.410511702299118
0.38389328122139 0.385188817977905 0.395135492086411 0.403656274080276 0.391931056976318 0.406283348798752 0.433535486459732 0.456956475973129 0.48591822385788 0.49705758690834 0.488616079092026 0.476089745759964 0.455896139144897 0.43685594201088 0.416759073734283 0.415975660085678 0.431957453489304 0.451546251773834 0.478650152683258 0.517843782901764 0.546618461608887 0.550739049911499 0.54054868221283 0.502170443534851 0.469620764255524 0.457403838634491 0.443830877542496 0.434291809797287 0.449184477329254 0.481883347034454 0.508512616157532 0.504584074020386 0.494543641805649 0.481047838926315 0.436995029449463 0.380801826715469 0.325816363096237 0.298574000597 0.307000398635864 0.316546529531479 0.348532795906067 0.409887790679932 0.455286830663681 0.481742978096008 0.460213154554367
0.444287598133087 0.438802987337112 0.440238177776337 0.444118946790695 0.441055536270142 0.446902573108673 0.484746217727661 0.514557540416718 0.536659836769104 0.538465678691864 0.524840712547302 0.511867225170135 0.495679944753647 0.4813332259655 0.464196473360062 0.459329783916473 0.467635244131088 0.490409672260284 0.510056436061859 0.525733172893524 0.543370187282562 0.550283849239349 0.542894005775452 0.523934841156006 0.500597476959229 0.495965868234634 0.498246669769287 0.503981173038483 0.513278245925903 0.52669221162796 0.542473196983337 0.537302136421204 0.52346658706665 0.507879078388214 0.463935136795044 0.401383310556412 0.354680567979813 0.330231040716171 0.336582273244858 0.371108800172806 0.414462029933929 0.463357716798782 0.492194890975952 0.494528442621231 0.475530236959457
0.496098726987839 0.50033050775528 0.509448647499084 0.517552495002747 0.50741845369339 0.500206589698792 0.526749730110168 0.556070268154144 0.564892828464508 0.566392838954926 0.557217478752136 0.545284152030945 0.529071986675262 0.517481029033661 0.5077263712883 0.496181517839432 0.497286319732666 0.514772713184357 0.5319744348526 0.540763318538666 0.552321493625641 0.564981162548065 0.566358745098114 0.559803128242493 0.546953618526459 0.536085307598114 0.532912969589233 0.539295554161072 0.561324238777161 0.583553314208984 0.592437565326691 0.587261438369751 0.560042798519135 0.529017329216003 0.492798537015915 0.444758147001266 0.401555448770523 0.393776178359985 0.397699385881424 0.437083721160889 0.485673159360886 0.511361002922058 0.516596913337708 0.4986931681633 0.481116056442261
0.528272569179535 0.546677470207214 0.561410665512085 0.55890953540802 0.546301364898682 0.537336945533752 0.548407673835754 0.568228244781494 0.57292377948761 0.571220815181732 0.564737200737 0.560077011585236 0.551169991493225 0.544562935829163 0.538831114768982 0.527106523513794 0.520088374614716 0.524872660636902 0.538483083248138 0.55019611120224 0.558481633663177 0.561156988143921 0.557220876216888 0.556290745735168 0.551755011081696 0.546650886535645 0.550037145614624 0.554968476295471 0.577134788036346 0.603679835796356 0.611530959606171 0.606549024581909 0.579321384429932 0.540268957614899 0.511245846748352 0.489100068807602 0.461255878210068 0.452226042747498 0.448673874139786 0.467647641897202 0.499414682388306 0.52052915096283 0.538593053817749 0.531061828136444 0.513851821422577
0.546668350696564 0.567908823490143 0.565782487392426 0.560043573379517 0.559368312358856 0.554010033607483 0.548340380191803 0.553544998168945 0.55243182182312 0.552704811096191 0.556145966053009 0.561757206916809 0.562695860862732 0.554063618183136 0.554184377193451 0.548861920833588 0.536475121974945 0.529840230941772 0.534747838973999 0.541667640209198 0.544717967510223 0.542011499404907 0.532655894756317 0.531283140182495 0.535654962062836 0.532815158367157 0.534227132797241 0.540692567825317 0.559758901596069 0.584745228290558 0.595803618431091 0.59792822599411 0.587489247322083 0.568139970302582 0.556349754333496 0.541843771934509 0.516072332859039 0.497886061668396 0.491149753332138 0.487445771694183 0.512100219726562 0.535484194755554 0.555206477642059 0.560442805290222 0.55009663105011
0.552862584590912 0.564767479896545 0.553664147853851 0.563997447490692 0.568131387233734 0.562038838863373 0.548916101455688 0.539440274238586 0.532757103443146 0.537232339382172 0.548334360122681 0.560123026371002 0.560879588127136 0.551988363265991 0.556598663330078 0.556888520717621 0.544090270996094 0.531687378883362 0.529035866260529 0.527919411659241 0.531637012958527 0.539109170436859 0.533197700977325 0.527662873268127 0.528700947761536 0.527993023395538 0.534737944602966 0.54167377948761 0.555214405059814 0.571422457695007 0.580059707164764 0.577400326728821 0.574146270751953 0.580497682094574 0.586299657821655 0.573395609855652 0.554585039615631 0.544889688491821 0.534526526927948 0.533560574054718 0.544521927833557 0.548520028591156 0.55163449048996 0.554668128490448 0.557491898536682
0.550383687019348 0.562373757362366 0.5611851811409 0.559982717037201 0.560422539710999 0.561950087547302 0.551829636096954 0.538800001144409 0.539887607097626 0.548903703689575 0.551725804805756 0.550354897975922 0.556211054325104 0.552003860473633 0.553051710128784 0.555936694145203 0.55204838514328 0.541404724121094 0.536133825778961 0.532718420028687 0.54380190372467 0.55122298002243 0.551384270191193 0.546822607517242 0.543149352073669 0.542460858821869 0.549713134765625 0.557804763317108 0.56757116317749 0.578331470489502 0.579298973083496 0.576730370521545 0.578276097774506 0.588395714759827 0.597318053245544 0.598364114761353 0.593658030033112 0.57641339302063 0.566365897655487 0.567926228046417 0.571886003017426 0.561906039714813 0.558785080909729 0.560117661952972 0.552586615085602
0.578097224235535 0.577673852443695 0.567670941352844 0.552688956260681 0.55040442943573 0.553886950016022 0.543349027633667 0.530138373374939 0.530697643756866 0.542978405952454 0.550758600234985 0.546302556991577 0.56211656332016 0.568925082683563 0.564614415168762 0.567382514476776 0.56974983215332 0.565375745296478 0.559268891811371 0.55739814043045 0.567058265209198 0.583927154541016 0.590154707431793 0.589163303375244 0.577547132968903 0.570093810558319 0.56277596950531 0.563418328762054 0.566195428371429 0.568357050418854 0.57138067483902 0.574151337146759 0.580763101577759 0.588334083557129 0.586573600769043 0.586269497871399 0.592875838279724 0.58700042963028 0.579028844833374 0.569740355014801 0.561080038547516 0.555658459663391 0.561814785003662 0.568768441677094 0.567192673683167
0.597924172878265 0.575596928596497 0.557448089122772 0.549030005931854 0.550034463405609 0.552024960517883 0.540803611278534 0.523941338062286 0.52017730474472 0.529561758041382 0.553097128868103 0.562780201435089 0.561817348003387 0.573271334171295 0.574313700199127 0.574132442474365 0.584936559200287 0.584540069103241 0.591885149478912 0.599391877651215 0.602049171924591 0.608510255813599 0.611801743507385 0.608065128326416 0.601093113422394 0.597188472747803 0.586453258991241 0.57746547460556 0.568722784519196 0.564848363399506 0.566111981868744 0.571034491062164 0.571880996227264 0.5749751329422 0.590687036514282 0.593669831752777 0.591704547405243 0.587418437004089 0.593241214752197 0.595426499843597 0.59025114774704 0.581936240196228 0.573954820632935 0.575145483016968 0.584886908531189
0.590339064598083 0.556075870990753 0.540593385696411 0.53357720375061 0.532918691635132 0.534757018089294 0.530970752239227 0.525934636592865 0.525707900524139 0.531504154205322 0.540070772171021 0.53835791349411 0.53182590007782 0.531553506851196 0.535765886306763 0.553105115890503 0.592739760875702 0.600572943687439 0.606230795383453 0.621103584766388 0.61705207824707 0.607486724853516 0.602936208248138 0.601068556308746 0.61375093460083 0.628275454044342 0.623329699039459 0.607036650180817 0.590254068374634 0.581716179847717 0.582739889621735 0.58979344367981 0.592105686664581 0.596473157405853 0.61486154794693 0.615507006645203 0.6018186211586 0.587354600429535 0.57704746723175 0.594526290893555 0.607871949672699 0.610586106777191 0.601863086223602 0.583020567893982 0.56960517168045
0.578433036804199 0.547387003898621 0.525466322898865 0.50811892747879 0.500124871730804 0.504281103610992 0.508593738079071 0.519034564495087 0.520093083381653 0.517288565635681 0.502356708049774 0.481919258832932 0.476226300001144 0.47956857085228 0.474446147680283 0.516320645809174 0.581099033355713 0.589762926101685 0.588740766048431 0.598896145820618 0.599335372447968 0.608969569206238 0.617772698402405 0.616236567497253 0.619969844818115 0.626481533050537 0.626407623291016 0.619896531105042 0.610536754131317 0.609363973140717 0.614699065685272 0.620551586151123 0.618412554264069 0.609826803207397 0.606154263019562 0.605791449546814 0.610719561576843 0.610083162784576 0.607926487922668 0.620848298072815 0.626201152801514 0.626257956027985 0.631861329078674 0.635213553905487 0.618987798690796
0.56864732503891 0.540029883384705 0.502637267112732 0.476326167583466 0.464828729629517 0.469300180673599 0.484403491020203 0.503619313240051 0.506116509437561 0.489522635936737 0.466616570949554 0.437083065509796 0.433413654565811 0.462449818849564 0.469606697559357 0.476017385721207 0.508477628231049 0.53572690486908 0.564018547534943 0.565454542636871 0.559993088245392 0.586322963237762 0.6019327044487 0.595715999603271 0.589382112026215 0.589996755123138 0.594511985778809 0.593482613563538 0.596749126911163 0.608625054359436 0.615439474582672 0.612921178340912 0.609614193439484 0.597190916538239 0.597700655460358 0.604122281074524 0.601629018783569 0.610216617584229 0.629861235618591 0.644189178943634 0.644349336624146 0.637876987457275 0.634802997112274 0.643221914768219 0.639089405536652
0.555688142776489 0.529598593711853 0.482157647609711 0.450809508562088 0.437474429607391 0.439676553010941 0.458724737167358 0.484187811613083 0.49768739938736 0.486436277627945 0.464205801486969 0.443923979997635 0.423952698707581 0.426294565200806 0.426119267940521 0.413019478321075 0.434950739145279 0.492228835821152 0.563848078250885 0.586878061294556 0.556790113449097 0.539939999580383 0.547060251235962 0.542370915412903 0.533221244812012 0.548143029212952 0.561223566532135 0.56382805109024 0.567754864692688 0.583087146282196 0.580230832099915 0.57172566652298 0.581633865833282 0.579457581043243 0.571488261222839 0.571703255176544 0.57791143655777 0.586198568344116 0.602507591247559 0.61195296049118 0.613992989063263 0.619318008422852 0.624864637851715 0.627138674259186 0.621484637260437
0.555298626422882 0.523238956928253 0.473216384649277 0.433830410242081 0.418041527271271 0.415460824966431 0.436036646366119 0.47299063205719 0.503251850605011 0.507851898670197 0.486823737621307 0.462659507989883 0.421617418527603 0.387539178133011 0.373267114162445 0.379157811403275 0.431239306926727 0.503407180309296 0.564718544483185 0.593231439590454 0.565951108932495 0.514854490756989 0.507041871547699 0.494597166776657 0.484580487012863 0.498224943876266 0.516744613647461 0.532611608505249 0.547354400157928 0.55934089422226 0.551625907421112 0.542269349098206 0.54816335439682 0.537162065505981 0.533352971076965 0.549881517887115 0.575429558753967 0.577466368675232 0.580122649669647 0.599594831466675 0.615229845046997 0.613492846488953 0.613394677639008 0.619121730327606 0.601596355438232
0.559953927993774 0.520994067192078 0.47505646944046 0.436397224664688 0.417125642299652 0.411490619182587 0.424276649951935 0.467239946126938 0.508227467536926 0.526924431324005 0.513206660747528 0.481203973293304 0.444897770881653 0.402383595705032 0.370307087898254 0.373537629842758 0.426359325647354 0.502532124519348 0.555285215377808 0.582210540771484 0.589673221111298 0.542478680610657 0.493705332279205 0.456603437662125 0.439907968044281 0.463796883821487 0.491193354129791 0.522854268550873 0.55256861448288 0.560388743877411 0.543376564979553 0.528064668178558 0.524209380149841 0.516344547271729 0.530277132987976 0.556094169616699 0.574696362018585 0.576328098773956 0.578473269939423 0.599379777908325 0.621577084064484 0.60513299703598 0.596652030944824 0.605069696903229 0.589406549930573
0.567137360572815 0.522004783153534 0.486489415168762 0.459477245807648 0.436403781175613 0.423132985830307 0.424036711454391 0.455379128456116 0.500045537948608 0.520570695400238 0.526906847953796 0.50678676366806 0.484118908643723 0.454582452774048 0.393438547849655 0.372060805559158 0.418048024177551 0.48834016919136 0.550854444503784 0.582336485385895 0.597521483898163 0.546093583106995 0.465240210294724 0.429808497428894 0.419131278991699 0.450922340154648 0.489671289920807 0.528170347213745 0.566093266010284 0.568130731582642 0.545598685741425 0.533990919589996 0.53323769569397 0.537574172019958 0.558032929897308 0.569610178470612 0.576295554637909 0.579715728759766 0.58603298664093 0.597108542919159 0.606291472911835 0.600350260734558 0.597234308719635 0.601726055145264 0.596799373626709
0.572204351425171 0.533724069595337 0.500717580318451 0.479201644659042 0.45785653591156 0.435994982719421 0.430636644363403 0.44434529542923 0.485069662332535 0.507014691829681 0.528360784053802 0.524574279785156 0.489157885313034 0.470673829317093 0.430219799280167 0.398487985134125 0.422753691673279 0.468547999858856 0.544855892658234 0.58608865737915 0.580395460128784 0.536193609237671 0.46644315123558 0.432965338230133 0.423111289739609 0.448007434606552 0.496116667985916 0.533838927745819 0.567428290843964 0.566413760185242 0.546598434448242 0.548070192337036 0.552129507064819 0.563493192195892 0.587775886058807 0.577786922454834 0.573646008968353 0.5849928855896 0.586971461772919 0.587022423744202 0.596441566944122 0.606575548648834 0.608507990837097 0.60700786113739 0.606992900371552
