data/1_raw/trimmed_ndre/J_ndre.522.2009_no_clouds.asc
NCOLS 141 
NROWS 118 
XLLCORNER 516845 
YLLCORNER 5169015 
CELLSIZE 5 
NODATA_value -3.4e+38 
[rows 60 to 79 of 118, columns 45 to 89 of 141]
0.330279022455215 0.324306339025497 0.344219774007797 0.349518716335297 0.339058607816696 0.346788138151169 0.363503754138947 0.3440862596035 0.343436688184738 0.364791095256805 0.362145394086838 0.391106635332108 0.410061955451965 0.393897533416748 0.349691540002823 0.31958419084549 0.31564137339592 0.297576934099197 0.3146011531353 0.359870880842209 0.360696375370026 0.308105140924454 0.284437507390976 0.262936532497406 0.262677997350693 0.254108130931854 0.212220445275307 0.232280015945435 0.278702974319458 0.296535432338715 0.264895856380463 0.254975944757462 0.288535267114639 0.279306292533875 0.316074103116989 0.336737185716629 0.311491698026657 0.322657585144043 0.343644946813583 0.353843808174133 0.362260788679123 0.377641379833221 0.387467503547668 0.376045733690262 0.375038415193558
0.417042523622513 0.384175330400467 0.350719094276428 0.337637901306152 0.346160352230072 0.361893504858017 0.366181552410126 0.349816381931305 0.359510153532028 0.409825354814529 0.407177716493607 0.402907431125641 0.391915261745453 0.38323912024498 0.35758900642395 0.327083885669708 0.325231909751892 0.338589757680893 0.341561198234558 0.355961889028549 0.378286272287369 0.353912472724915 0.325419396162033 0.288320273160934 0.266166567802429 0.269592046737671 0.260057598352432 0.249165341258049 0.258245974779129 0.274448245763779 0.281223744153976 0.267481774091721 0.275630801916122 0.296450734138489 0.314941018819809 0.324681669473648 0.326276510953903 0.324532568454742 0.322896271944046 0.298076450824738 0.299998342990875 0.320955455303192 0.357526928186417 0.369645416736603 0.387802451848984
0.384599477052689 0.38650381565094 0.334963530302048 0.317466288805008 0.33391398191452 0.361410140991211 0.381533235311508 0.375760853290558 0.373003602027893 0.40687620639801 0.439584285020828 0.424683839082718 0.389995515346527 0.379130452871323 0.378346532583237 0.348855018615723 0.343429982662201 0.3577980697155 0.361830234527588 0.344697326421738 0.382331937551498 0.385866791009903 0.330351263284683 0.286603599786758 0.264809042215347 0.256994068622589 0.263522088527679 0.255249112844467 0.250730723142624 0.256402730941772 0.267313569784164 0.273361474275589 0.289821237325668 0.322068929672241 0.333836287260056 0.328135520219803 0.357695430517197 0.3648402094841 0.336356401443481 0.297613948583603 0.312417179346085 0.348280161619186 0.36787074804306 0.376582771539688 0.39194330573082
0.337518781423569 0.352133184671402 0.329205423593521 0.285302549600601 0.292704790830612 0.320480674505234 0.38701868057251 0.404728412628174 0.367222398519516 0.368526250123978 0.370028048753738 0.357785075902939 0.35808065533638 0.371267557144165 0.387026429176331 0.388034492731094 0.386948049068451 0.351795673370361 0.341289669275284 0.338787347078323 0.355049967765808 0.346891939640045 0.298779398202896 0.268084645271301 0.269657224416733 0.2520731985569 0.250118643045425 0.261271208524704 0.257032543420792 0.248686388134956 0.250155657529831 0.273508101701736 0.297416925430298 0.323996782302856 0.341852277517319 0.336504399776459 0.354463964700699 0.365201413631439 0.366069406270981 0.368604421615601 0.371474266052246 0.366496086120605 0.367698013782501 0.379332393407822 0.36636757850647
0.290469855070114 0.31993180513382 0.342330187559128 0.310506403446198 0.274412512779236 0.292314738035202 0.349525958299637 0.373725235462189 0.327956289052963 0.357488721609116 0.336632549762726 0.311630517244339 0.331136465072632 0.337866604328156 0.312498211860657 0.315110146999359 0.353382468223572 0.352842777967453 0.337568610906601 0.339188486337662 0.333246856927872 0.331495702266693 0.310107827186584 0.296006619930267 0.289749324321747 0.269443869590759 0.269916236400604 0.269629150629044 0.263976395130157 0.266240417957306 0.260453253984451 0.265634328126907 0.283927410840988 0.289289623498917 0.318764746189117 0.339209079742432 0.34805753827095 0.350574672222137 0.365935295820236 0.366896122694016 0.355315297842026 0.366598904132843 0.350010603666306 0.347048729658127 0.347576677799225
0.260785758495331 0.292889267206192 0.322010487318039 0.341428726911545 0.301197439432144 0.271164625883102 0.277424871921539 0.317641496658325 0.319093346595764 0.30586165189743 0.297761648893356 0.298624098300934 0.314153552055359 0.332848936319351 0.331055164337158 0.308432430028915 0.333523839712143 0.368139147758484 0.33473339676857 0.337296932935715 0.345308870077133 0.330615520477295 0.318080365657806 0.315342754125595 0.292887657880783 0.2599256336689 0.260973274707794 0.291615545749664 0.308459550142288 0.302397429943085 0.289643466472626 0.264429926872253 0.269003808498383 0.290492087602615 0.315116494894028 0.342516034841537 0.357516825199127 0.353321224451065 0.351453125476837 0.346225678920746 0.346049278974533 0.356063932180405 0.310264825820923 0.313495367765427 0.340498030185699
0.260543286800385 0.277010202407837 0.304362684488297 0.336022347211838 0.313611954450607 0.260782659053802 0.259827077388763 0.293673127889633 0.302106261253357 0.284599274396896 0.284938961267471 0.299705356359482 0.327908843755722 0.348589539527893 0.351684480905533 0.320299565792084 0.313151329755783 0.337509006261826 0.341867506504059 0.338778018951416 0.354228764772415 0.342281967401505 0.312309145927429 0.300382494926453 0.295615583658218 0.280897438526154 0.281277477741241 0.317804127931595 0.326191782951355 0.308802723884583 0.29363751411438 0.268489271402359 0.272474080324173 0.302015721797943 0.318708032369614 0.327062577009201 0.334532886743546 0.336043804883957 0.337481170892715 0.338543683290482 0.347702771425247 0.33611011505127 0.295808285474777 0.289919167757034 0.292448759078979
0.288005203008652 0.282985001802444 0.30135902762413 0.304310202598572 0.310048371553421 0.30645951628685 0.304679274559021 0.303113281726837 0.31383341550827 0.331183433532715 0.327340304851532 0.30043026804924 0.299445033073425 0.326464474201202 0.327302575111389 0.298769235610962 0.292499333620071 0.332411170005798 0.354271829128265 0.343663543462753 0.363003611564636 0.362191259860992 0.320226669311523 0.301589339971542 0.324797362089157 0.328564643859863 0.313486784696579 0.313943564891815 0.297919571399689 0.306706458330154 0.328118473291397 0.318056344985962 0.290035456418991 0.293042093515396 0.32271334528923 0.331382900476456 0.322357833385468 0.33838739991188 0.355304509401321 0.343445062637329 0.346100866794586 0.346525311470032 0.323834538459778 0.305166959762573 0.2936130464077
0.295171678066254 0.290745675563812 0.304919540882111 0.307847023010254 0.308101207017899 0.302499800920486 0.29621696472168 0.302549511194229 0.334480583667755 0.334350436925888 0.323905736207962 0.300568252801895 0.285172879695892 0.305785000324249 0.333685457706451 0.317741006612778 0.289894938468933 0.287792235612869 0.319032818078995 0.345546007156372 0.371179670095444 0.371046960353851 0.341130644083023 0.326486676931381 0.348484873771667 0.349524855613708 0.33961683511734 0.323903530836105 0.301370650529861 0.315339326858521 0.35886025428772 0.344274669885635 0.290275603532791 0.286423593759537 0.319998055696487 0.336406856775284 0.319714665412903 0.347394853830338 0.375334978103638 0.376155495643616 0.382877826690674 0.379175901412964 0.357206076383591 0.337707132101059 0.337816715240479
0.278539776802063 0.275219857692719 0.307645797729492 0.325832307338715 0.307967275381088 0.27636381983757 0.259925425052643 0.268975645303726 0.310043066740036 0.336937487125397 0.33375146985054 0.31991046667099 0.30674809217453 0.304779529571533 0.312898129224777 0.315525889396667 0.293202787637711 0.267169147729874 0.296692311763763 0.341647833585739 0.358802050352097 0.373275935649872 0.370874881744385 0.34785333275795 0.341989368200302 0.347056418657303 0.358411610126495 0.368055254220963 0.351314038038254 0.327881246805191 0.341088533401489 0.313945949077606 0.274419218301773 0.286159217357635 0.307244539260864 0.320829600095749 0.315199643373489 0.325914859771729 0.356075167655945 0.380437433719635 0.377532154321671 0.362196207046509 0.336767822504044 0.340733140707016 0.353700548410416
0.295537889003754 0.295783877372742 0.31537663936615 0.339406549930573 0.327991247177124 0.30371505022049 0.301776170730591 0.308947592973709 0.323083281517029 0.332811444997787 0.321266025304794 0.320783257484436 0.318967431783676 0.316946178674698 0.320138424634933 0.319161832332611 0.32576909661293 0.337459206581116 0.355815500020981 0.37883859872818 0.386139154434204 0.385790824890137 0.390535801649094 0.35137340426445 0.333714932203293 0.356168627738953 0.370640367269516 0.414724737405777 0.39638477563858 0.336804360151291 0.325330138206482 0.287933975458145 0.276801824569702 0.297181606292725 0.294092684984207 0.301134794950485 0.299684822559357 0.297155141830444 0.305489897727966 0.326671630144119 0.330776989459991 0.314983427524567 0.291944205760956 0.314479053020477 0.334259986877441
0.326472997665405 0.333903223276138 0.335507690906525 0.349684625864029 0.327713370323181 0.31284236907959 0.319117307662964 0.318288773298264 0.307158768177032 0.279226928949356 0.271535187959671 0.313103646039963 0.344485431909561 0.330390721559525 0.323384433984756 0.314975082874298 0.326460182666779 0.360164791345596 0.390488147735596 0.412556439638138 0.394026607275009 0.378418922424316 0.395708858966827 0.380930811166763 0.363457381725311 0.373093962669373 0.384812593460083 0.416732162237167 0.396805793046951 0.364478468894958 0.358765810728073 0.323781192302704 0.333360612392426 0.336639106273651 0.303742796182632 0.289776861667633 0.282417148351669 0.278662353754044 0.277205049991608 0.291171878576279 0.322314500808716 0.321274280548096 0.297395080327988 0.310332775115967 0.300359398126602
0.324722766876221 0.342062801122665 0.379030734300613 0.384765237569809 0.322932481765747 0.282208174467087 0.277073889970779 0.270062863826752 0.26607072353363 0.261040925979614 0.246523916721344 0.259643286466599 0.303495824337006 0.298308461904526 0.273904353380203 0.275546133518219 0.291768252849579 0.30806103348732 0.328456073999405 0.35624486207962 0.3475721180439 0.329542517662048 0.336376756429672 0.351186245679855 0.356472074985504 0.371447175741196 0.395275712013245 0.407641142606735 0.404817700386047 0.403468817472458 0.395939260721207 0.374100059270859 0.391473650932312 0.387258559465408 0.364506900310516 0.343231171369553 0.296087026596069 0.293615937232971 0.302192389965057 0.309774935245514 0.323209226131439 0.313644826412201 0.296852648258209 0.298109859228134 0.273640662431717
0.291677355766296 0.300640612840652 0.344453632831573 0.355365604162216 0.30522894859314 0.25627800822258 0.255547672510147 0.265541136264801 0.247433453798294 0.242581725120544 0.222212985157967 0.21593476831913 0.251022309064865 0.263813078403473 0.239843741059303 0.230127438902855 0.244523391127586 0.244362056255341 0.250952512025833 0.28434020280838 0.305480271577835 0.300346553325653 0.277535706758499 0.279300272464752 0.306363821029663 0.33430290222168 0.367043107748032 0.386385262012482 0.393206387758255 0.393395990133286 0.378891080617905 0.37420466542244 0.388641893863678 0.375392019748688 0.365318357944489 0.344186693429947 0.300656795501709 0.311081439256668 0.306085228919983 0.296169191598892 0.298862516880035 0.289799183607101 0.26822903752327 0.258040189743042 0.238412365317345
0.299533843994141 0.284852296113968 0.302114367485046 0.321708470582962 0.302893251180649 0.267771184444427 0.261811494827271 0.260759949684143 0.236978635191917 0.224368810653687 0.229230985045433 0.249699592590332 0.259107559919357 0.237735107541084 0.238048374652863 0.223075777292252 0.225263759493828 0.243683025240898 0.256348311901093 0.235415607690811 0.233500078320503 0.256314009428024 0.244005367159843 0.23880834877491 0.258947670459747 0.284039288759232 0.300447732210159 0.323943138122559 0.347147077322006 0.356665700674057 0.343369036912918 0.347188353538513 0.350996673107147 0.331742435693741 0.310691744089127 0.301631927490234 0.313434064388275 0.332518696784973 0.304777920246124 0.276075839996338 0.280758023262024 0.285426139831543 0.255712449550629 0.244104281067848 0.244133606553078
0.281470715999603 0.285652250051498 0.3045434653759 0.299016952514648 0.277302324771881 0.261405527591705 0.260016918182373 0.264363199472427 0.241073474287987 0.225665122270584 0.236741364002228 0.241435050964355 0.249446213245392 0.244040101766586 0.254171848297119 0.232287615537643 0.204854920506477 0.217321112751961 0.239257678389549 0.219628199934959 0.203658640384674 0.224704951047897 0.22454135119915 0.230031177401543 0.229684084653854 0.240067049860954 0.252811700105667 0.28272745013237 0.32411852478981 0.337294965982437 0.330524086952209 0.338312953710556 0.344634860754013 0.327737152576447 0.311272203922272 0.283948510885239 0.285049110651016 0.296911627054214 0.288072735071182 0.277127683162689 0.287256807088852 0.297620952129364 0.27764493227005 0.275096923112869 0.271928995847702
0.302211910486221 0.299645155668259 0.307247579097748 0.295836836099625 0.292303323745728 0.272272408008575 0.253840148448944 0.267644375562668 0.253821730613708 0.252034813165665 0.264182448387146 0.245866075158119 0.259843200445175 0.260431319475174 0.23692886531353 0.226385787129402 0.205171823501587 0.22003136575222 0.249670997262001 0.251269161701202 0.258012741804123 0.241027683019638 0.217642843723297 0.21002608537674 0.220192536711693 0.245501518249512 0.283791899681091 0.306343674659729 0.343732923269272 0.35982483625412 0.356204748153687 0.356796383857727 0.36775130033493 0.355258643627167 0.319647371768951 0.287567466497421 0.285144239664078 0.286980390548706 0.286997616291046 0.288828521966934 0.30812269449234 0.310915619134903 0.293802291154861 0.293259412050247 0.28679421544075
0.334730982780457 0.299152344465256 0.303374141454697 0.321009695529938 0.313697308301926 0.279076784849167 0.245211258530617 0.250232011079788 0.265753209590912 0.271856158971786 0.284281343221664 0.278563499450684 0.2716204226017 0.280072838068008 0.273360848426819 0.245781004428864 0.205443054437637 0.23447784781456 0.269925445318222 0.271324425935745 0.285975396633148 0.273768335580826 0.249952509999275 0.236462533473969 0.25602000951767 0.275751382112503 0.303372114896774 0.336998760700226 0.351958036422729 0.363527357578278 0.363369166851044 0.361445695161819 0.360364377498627 0.363122284412384 0.352488428354263 0.337552487850189 0.34172123670578 0.323092371225357 0.28470304608345 0.271748572587967 0.289498805999756 0.295278578996658 0.277244806289673 0.276332765817642 0.284656822681427
0.336557269096375 0.319363862276077 0.313749343156815 0.317286670207977 0.296895146369934 0.278820365667343 0.261753618717194 0.246091976761818 0.252862691879272 0.260528594255447 0.288558274507523 0.301882922649384 0.28396001458168 0.287184715270996 0.294454574584961 0.251029312610626 0.204590797424316 0.247360333800316 0.266281723976135 0.309779644012451 0.362425416707993 0.333948224782944 0.317849576473236 0.298981904983521 0.292221993207932 0.294643431901932 0.300135940313339 0.325892716646194 0.33169549703598 0.333638459444046 0.337903946638107 0.347437381744385 0.355231314897537 0.37015575170517 0.393674224615097 0.386428415775299 0.356154471635818 0.351915150880814 0.341431856155396 0.299149632453918 0.275853872299194 0.283115684986115 0.245326608419418 0.220207244157791 0.248994544148445
0.334612518548965 0.330827504396439 0.30261418223381 0.288826793432236 0.277135640382767 0.268599182367325 0.275200098752975 0.250553637742996 0.240945041179657 0.257756650447845 0.267122358083725 0.268897384405136 0.260662078857422 0.262392610311508 0.263948649168015 0.248338550329208 0.24276065826416 0.295806467533112 0.31302997469902 0.356411755084991 0.396204024553299 0.362016052007675 0.34561362862587 0.325871735811234 0.311554789543152 0.31098198890686 0.318805575370789 0.323698461055756 0.328977108001709 0.320313334465027 0.316797345876694 0.338134437799454 0.367300242185593 0.384310871362686 0.403698116540909 0.404423475265503 0.384539127349854 0.384817242622375 0.3972108066082 0.347591996192932 0.286399900913239 0.28288260102272 0.247013792395592 0.232101529836655 0.25564181804657
