data/1_raw/trimmed_ndre/J_ndre.530.2014_no_clouds.asc
NCOLS 141 
NROWS 118 
XLLCORNER 516845 
YLLCORNER 5169015 
CELLSIZE 5 
NODATA_value -3.4e+38 
[rows 60 to 79 of 118, columns 45 to 89 of 141]
0.147483080625534 0.13876585662365 0.137187644839287 0.134041011333466 0.129887625575066 0.125387847423553 0.124578788876534 0.136601403355598 0.154187351465225 0.154666170477867 0.131390333175659 0.114059813320637 0.125645965337753 0.14837734401226 0.142851978540421 0.151242643594742 0.158713981509209 0.141778171062469 0.129075154662132 0.136491194367409 0.136704802513123 0.119987919926643 0.1240179464221 0.136588558554649 0.141162186861038 0.143264442682266 0.134735673666 0.12817707657814 0.123753488063812 0.118793353438377 0.122973799705505 0.131311878561974 0.139664307236671 0.135594263672829 0.129193589091301 0.133899196982384 0.137713074684143 0.138645708560944 0.135619163513184 0.130216166377068 0.125972047448158 0.12190206348896 0.132352471351624 0.143924325704575 0.155166804790497
0.148355737328529 0.135267466306686 0.132068663835526 0.143713265657425 0.14991694688797 0.134042426943779 0.115432523190975 0.12632429599762 0.149442777037621 0.154869213700294 0.139240726828575 0.131389513611794 0.124372020363808 0.128764614462852 0.125763297080994 0.129336833953857 0.133855953812599 0.129710376262665 0.127964302897453 0.125995755195618 0.130258873105049 0.117899872362614 0.112519949674606 0.119924679398537 0.139503017067909 0.137452870607376 0.11994694173336 0.122855372726917 0.130584880709648 0.124215558171272 0.115954518318176 0.120246671140194 0.128829747438431 0.128205552697182 0.127696484327316 0.129090890288353 0.13965517282486 0.14320582151413 0.14362969994545 0.136851996183395 0.122911378741264 0.110604919493198 0.121755160391331 0.135344207286835 0.141996964812279
0.135256797075272 0.140387639403343 0.131999328732491 0.147081553936005 0.166010648012161 0.147802740335464 0.125800505280495 0.122979521751404 0.140988186001778 0.153041496872902 0.139390856027603 0.12990514934063 0.12716455757618 0.123214319348335 0.112375549972057 0.11268887668848 0.122156262397766 0.118054889142513 0.120533302426338 0.123758852481842 0.126014798879623 0.124184086918831 0.1217041015625 0.111645266413689 0.12582665681839 0.123721286654472 0.108138233423233 0.124212957918644 0.142157793045044 0.141821295022964 0.12619848549366 0.129763662815094 0.13333161175251 0.122572429478168 0.123672969639301 0.131704762578011 0.141038745641708 0.144805923104286 0.146708592772484 0.143606513738632 0.129286676645279 0.118327863514423 0.125448793172836 0.135023981332779 0.133424505591393
0.140773996710777 0.146740734577179 0.138740241527557 0.143736287951469 0.167437955737114 0.146712228655815 0.134712696075439 0.130020454525948 0.138511925935745 0.147057339549065 0.131149128079414 0.129644155502319 0.145084083080292 0.136251494288445 0.127867788076401 0.128556296229362 0.123409651219845 0.112186998128891 0.120319791138172 0.129683598875999 0.122743748128414 0.12224767357111 0.119989641010761 0.111887477338314 0.130430564284325 0.125915125012398 0.111587002873421 0.12422201782465 0.12508961558342 0.124005660414696 0.126429364085197 0.136192813515663 0.146277546882629 0.138689294457436 0.129724532365799 0.132804736495018 0.13311567902565 0.134403124451637 0.135021135210991 0.135181158781052 0.131431698799133 0.12776654958725 0.134516403079033 0.141951873898506 0.134929686784744
0.146613270044327 0.144488424062729 0.131592020392418 0.136909976601601 0.142704591155052 0.132936418056488 0.131200432777405 0.136449113488197 0.139375910162926 0.137406438589096 0.133712783455849 0.140431687235832 0.142185732722282 0.123377867043018 0.128901794552803 0.134612962603569 0.126690074801445 0.11752212792635 0.122323930263519 0.129639431834221 0.12465138733387 0.123940169811249 0.125673353672028 0.132087662816048 0.142353802919388 0.129460707306862 0.1225281432271 0.130918651819229 0.117907002568245 0.118218593299389 0.127787858247757 0.126977950334549 0.125949636101723 0.122208327054977 0.12847988307476 0.139697015285492 0.129474446177483 0.125246286392212 0.12380912899971 0.118983410298824 0.127903670072556 0.135167434811592 0.140574440360069 0.140936106443405 0.132139444351196
0.134285494685173 0.132063418626785 0.1246033385396 0.140155106782913 0.126453399658203 0.121639333665371 0.13578574359417 0.139943346381187 0.141628816723824 0.135881289839745 0.14664526283741 0.15072263777256 0.12174254655838 0.107595309615135 0.129816293716431 0.136307194828987 0.134109497070312 0.125714033842087 0.124527782201767 0.131366476416588 0.133672028779984 0.127408027648926 0.133044704794884 0.138748675584793 0.132540881633759 0.121673196554184 0.123143911361694 0.128660187125206 0.122779801487923 0.13285519182682 0.141639724373817 0.134532317519188 0.12393593788147 0.119065091013908 0.138565272092819 0.153472200036049 0.138910874724388 0.124646909534931 0.118255600333214 0.122548021376133 0.130039006471634 0.132263526320457 0.136737585067749 0.12783208489418 0.119415886700153
0.131034404039383 0.129706755280495 0.134097039699554 0.148601651191711 0.130370944738388 0.122000180184841 0.135755106806755 0.140843495726585 0.142931461334229 0.136135682463646 0.145192116498947 0.156685635447502 0.128990024328232 0.117249168455601 0.142267882823944 0.1435906291008 0.144891962409019 0.139626398682594 0.135714650154114 0.141645014286041 0.141025573015213 0.132294237613678 0.135705634951591 0.13968899846077 0.126259431242943 0.113513343036175 0.118278242647648 0.118183091282845 0.11790593713522 0.12992624938488 0.137761995196342 0.131475731730461 0.121649362146854 0.126676812767982 0.145017966628075 0.150637850165367 0.140145972371101 0.129007592797279 0.125662639737129 0.138578578829765 0.135027959942818 0.122510202229023 0.11795599013567 0.116058893501759 0.123404458165169
0.135039433836937 0.131343990564346 0.136023446917534 0.150115370750427 0.138432696461678 0.132564067840576 0.134582296013832 0.14177331328392 0.138651788234711 0.12250454723835 0.124290771782398 0.145185604691505 0.148026630282402 0.144134253263474 0.151280611753464 0.151236116886139 0.151191249489784 0.148074716329575 0.151907235383987 0.155051127076149 0.144740536808968 0.134294971823692 0.136899873614311 0.141842067241669 0.134002491831779 0.115359291434288 0.116214208304882 0.107931859791279 0.110858552157879 0.129271551966667 0.13376173377037 0.126045882701874 0.117276199162006 0.122145801782608 0.12995320558548 0.132656142115593 0.136711850762367 0.135901302099228 0.133360207080841 0.143944382667542 0.145107239484787 0.130005583167076 0.125470295548439 0.132587894797325 0.142015814781189
0.128902539610863 0.134981423616409 0.151145532727242 0.160238772630692 0.151912987232208 0.138485834002495 0.139390379190445 0.141770496964455 0.131210654973984 0.120317026972771 0.130307570099831 0.141952335834503 0.148019477725029 0.14590035378933 0.139336705207825 0.127059996128082 0.132163643836975 0.145055666565895 0.158786773681641 0.163200080394745 0.148366913199425 0.141562104225159 0.143506497144699 0.148676782846451 0.143181502819061 0.122938901185989 0.1171919927001 0.110579170286655 0.120027713477612 0.136004716157913 0.135913193225861 0.128235965967178 0.12704686820507 0.129012435674667 0.125481858849525 0.125830948352814 0.139705374836922 0.14421720802784 0.139933511614799 0.143072351813316 0.148731306195259 0.141417473554611 0.14192895591259 0.152032643556595 0.142208516597748
0.13013468682766 0.13537523150444 0.150387406349182 0.153663098812103 0.14778696000576 0.141651123762131 0.13822215795517 0.140850067138672 0.136993527412415 0.136559143662453 0.149873033165932 0.139445811510086 0.133602693676949 0.141744405031204 0.133556619286537 0.127435147762299 0.13139596581459 0.146603807806969 0.153006345033646 0.158338606357574 0.157448574900627 0.149457424879074 0.141144722700119 0.144425109028816 0.137218251824379 0.126827374100685 0.122953161597252 0.121492020785809 0.133490562438965 0.13722737133503 0.135836988687515 0.132449299097061 0.154167771339417 0.152035117149353 0.132780313491821 0.135520368814468 0.151380628347397 0.15431335568428 0.149042457342148 0.145738393068314 0.14990197122097 0.14651645720005 0.140950202941895 0.152683436870575 0.132497698068619
0.138099953532219 0.131344199180603 0.137949332594872 0.136915817856789 0.135478585958481 0.140484645962715 0.14225098490715 0.139542505145073 0.142702385783195 0.143282502889633 0.1391970962286 0.127107456326485 0.12557390332222 0.128941774368286 0.131427451968193 0.148607566952705 0.15313409268856 0.149640172719955 0.149424269795418 0.149920836091042 0.162440255284309 0.148083418607712 0.130341351032257 0.132602915167809 0.12816558778286 0.134726539254189 0.134614989161491 0.129317656159401 0.134246289730072 0.129881903529167 0.127096876502037 0.133739233016968 0.162514537572861 0.153459787368774 0.133141607046127 0.141033545136452 0.153617411851883 0.151442766189575 0.14815379679203 0.14797830581665 0.154061421751976 0.156141549348831 0.152037620544434 0.158536121249199 0.134761124849319
0.138018906116486 0.137420505285263 0.141224443912506 0.138749271631241 0.134651243686676 0.143971472978592 0.139779329299927 0.125999554991722 0.131204888224602 0.140349328517914 0.143672496080399 0.133099868893623 0.129856392741203 0.124503813683987 0.125572502613068 0.124377079308033 0.130341023206711 0.146287530660629 0.145095393061638 0.148871868848801 0.15540400147438 0.13862881064415 0.124183498322964 0.122187159955502 0.118911631405354 0.139849543571472 0.141875490546227 0.133718997240067 0.138957053422928 0.138906255364418 0.132618471980095 0.129831522703171 0.13900625705719 0.132051765918732 0.120624281466007 0.131616622209549 0.142133265733719 0.137147635221481 0.135894820094109 0.14646215736866 0.159854292869568 0.164755508303642 0.157493144273758 0.153872117400169 0.143718153238297
0.130164235830307 0.142927497625351 0.151962652802467 0.150720879435539 0.145711332559586 0.142918065190315 0.131433814764023 0.11777725815773 0.12090689688921 0.131411284208298 0.143820405006409 0.136161163449287 0.139428779482841 0.137091144919395 0.12825383245945 0.121485978364944 0.126797914505005 0.139052778482437 0.136212423443794 0.150430485606194 0.145243346691132 0.118190810084343 0.119092293083668 0.120314292609692 0.115641959011555 0.137902393937111 0.14060340821743 0.136200025677681 0.132707685232162 0.134558454155922 0.136228084564209 0.122844018042088 0.118800908327103 0.11340519040823 0.11004751175642 0.124843083322048 0.134813353419304 0.12847064435482 0.121907010674477 0.132339477539062 0.142592951655388 0.144090428948402 0.139022395014763 0.138675063848495 0.14325387775898
0.123061560094357 0.134284272789955 0.149939686059952 0.153623223304749 0.144837498664856 0.134443506598473 0.133609026670456 0.124173879623413 0.111759923398495 0.12558676302433 0.132216587662697 0.122359663248062 0.131132498383522 0.124470569193363 0.115471683442593 0.128259614109993 0.126636266708374 0.118037857115269 0.118429109454155 0.12603548169136 0.121791772544384 0.110841661691666 0.12178411334753 0.127571314573288 0.128740206360817 0.14072373509407 0.133908852934837 0.120489746332169 0.116162240505219 0.122607588768005 0.127108782529831 0.12263260781765 0.127858370542526 0.120987810194492 0.114995650947094 0.126308292150497 0.136041864752769 0.130867227911949 0.119232289493084 0.117307096719742 0.10799352824688 0.119504742324352 0.125330358743668 0.125953003764153 0.133991375565529
0.119453586637974 0.118981696665287 0.12900584936142 0.14067767560482 0.134653225541115 0.130467683076859 0.134063616394997 0.123260892927647 0.111121878027916 0.124482870101929 0.125756412744522 0.120315320789814 0.128178298473358 0.109137691557407 0.10707800090313 0.124565079808235 0.113301627337933 0.105324096977711 0.111941769719124 0.114297829568386 0.127153277397156 0.124503329396248 0.12125863134861 0.127681061625481 0.142111107707024 0.151968836784363 0.13124418258667 0.113936923444271 0.117456398904324 0.132505878806114 0.1329625248909 0.125946044921875 0.137959539890289 0.131915003061295 0.119024552404881 0.117903187870979 0.123799249529839 0.128270998597145 0.118974126875401 0.108599908649921 0.102521978318691 0.126473054289818 0.139980301260948 0.129343301057816 0.131476446986198
0.115883231163025 0.113184630870819 0.118418052792549 0.131224513053894 0.132809102535248 0.131727531552315 0.129445001482964 0.115025706589222 0.108624972403049 0.109751112759113 0.11000070720911 0.116028256714344 0.125649958848953 0.114896222949028 0.111740946769714 0.119735486805439 0.108136996626854 0.105718143284321 0.121811293065548 0.123173102736473 0.138454616069794 0.139860287308693 0.121276460587978 0.116004802286625 0.130952596664429 0.144526302814484 0.134520083665848 0.126278474926949 0.123237460851669 0.116433560848236 0.125935405492783 0.127854108810425 0.132723987102509 0.127258390188217 0.119577787816525 0.115838773548603 0.117793582379818 0.122848078608513 0.1198875233531 0.118726342916489 0.133458390831947 0.143237844109535 0.124849207699299 0.110316909849644 0.128600746393204
0.119396030902863 0.117416761815548 0.123669810593128 0.132036745548248 0.136206984519958 0.134757444262505 0.120952889323235 0.110377423465252 0.107559502124786 0.101933881640434 0.108496002852917 0.111253350973129 0.126261204481125 0.12766395509243 0.11411540210247 0.117849737405777 0.111906319856644 0.108980111777782 0.127722010016441 0.11609361320734 0.116024658083916 0.129969865083694 0.121225848793983 0.113284707069397 0.115029856562614 0.120277360081673 0.12061370164156 0.130003422498703 0.127612456679344 0.113651357591152 0.127929016947746 0.133486405014992 0.134467348456383 0.130616784095764 0.119393780827522 0.118728429079056 0.115085318684578 0.119447641074657 0.133865430951118 0.124185748398304 0.125862956047058 0.139442458748817 0.113027021288872 0.103286549448967 0.123142652213573
0.143692374229431 0.143944457173347 0.132453933358192 0.124471820890903 0.125400125980377 0.130811154842377 0.115232080221176 0.11260949075222 0.135365694761276 0.121514372527599 0.115446761250496 0.113529898226261 0.123689003288746 0.127508506178856 0.114475712180138 0.123333990573883 0.114300332963467 0.103499107062817 0.117900960147381 0.126589491963387 0.126984626054764 0.125863924622536 0.119209088385105 0.125179871916771 0.128866463899612 0.121447212994099 0.119841791689396 0.127621561288834 0.128784686326981 0.129996001720428 0.124020829796791 0.112295649945736 0.118419542908669 0.119742907583714 0.116089031100273 0.121432408690453 0.115107648074627 0.123124502599239 0.140017077326775 0.124180801212788 0.118821188807487 0.138793125748634 0.129285633563995 0.125733405351639 0.130034416913986
0.134454652667046 0.139612287282944 0.126810938119888 0.10821621119976 0.105806946754456 0.113939203321934 0.110061623156071 0.116911470890045 0.138293206691742 0.125014126300812 0.125134214758873 0.116788253188133 0.120681561529636 0.124580897390842 0.122770428657532 0.121468633413315 0.10845822095871 0.111190252006054 0.117231778800488 0.11685199290514 0.123711340129375 0.121873632073402 0.106653869152069 0.109633073210716 0.114403299987316 0.112736031413078 0.116763226687908 0.124353431165218 0.120716527104378 0.126172930002213 0.119874946773052 0.109347201883793 0.117686942219734 0.115782186388969 0.120942406356335 0.127194255590439 0.118126347661018 0.116879791021347 0.125420033931732 0.128675803542137 0.130122974514961 0.124532170593739 0.120992712676525 0.127686619758606 0.133023872971535
0.122449658811092 0.123480893671513 0.120765067636967 0.110275119543076 0.103908881545067 0.110427677631378 0.117000252008438 0.110740296542645 0.10249263048172 0.0919440016150475 0.105192139744759 0.1102479621768 0.110237888991833 0.125091359019279 0.124655172228813 0.115652702748775 0.103743121027946 0.118984147906303 0.123283863067627 0.105768643319607 0.114365167915821 0.122532673180103 0.111973017454147 0.116232939064503 0.123179197311401 0.117741443216801 0.12552298605442 0.135966613888741 0.133662164211273 0.139036685228348 0.130973696708679 0.126254916191101 0.131857916712761 0.128677129745483 0.136569008231163 0.135352522134781 0.122247502207756 0.113237388432026 0.116856388747692 0.126820117235184 0.13079522550106 0.121310040354729 0.118279092013836 0.123533509671688 0.128220975399017
