data/1_raw/trimmed_ndre/J_ndre.625.2012_no_clouds.asc
NCOLS 141 
NROWS 118 
XLLCORNER 516845 
YLLCORNER 5169015 
CELLSIZE 5 
NODATA_value -3.4e+38 
[rows 60 to 79 of 118, columns 0 to 44 of 141]
-3.4e+38 0.225125044584274 0.230120450258255 0.234529227018356 0.235015794634819 0.227561175823212 0.200094610452652 0.181531623005867 0.184241950511932 0.189837142825127 0.186073273420334 0.185463264584541 0.202652245759964 0.208693757653236 0.205152854323387 0.208426848053932 0.200823798775673 0.197284698486328 0.202659830451012 0.21091790497303 0.205253660678864 0.201085329055786 0.202634796500206 0.215784147381783 0.21560150384903 0.196201413869858 0.19295908510685 0.184405267238617 0.180610701441765 0.187944114208221 0.189782932400703 0.189844444394112 0.18815666437149 0.187684684991837 0.21612411737442 0.216657817363739 0.184658899903297 0.195702955126762 0.198725238442421 0.183400839567184 0.178903833031654 0.189584493637085 0.189534261822701 0.187113866209984 0.19295746088028
-3.4e+38 0.214994803071022 0.216240748763084 0.228053793311119 0.238143488764763 0.232874035835266 0.203515127301216 0.185061857104301 0.187862351536751 0.188462346792221 0.172767594456673 0.168559491634369 0.185206592082977 0.198573544621468 0.213591635227203 0.211677610874176 0.195658877491951 0.191839084029198 0.190965667366982 0.19459855556488 0.199511975049973 0.199504509568214 0.206469714641571 0.22516930103302 0.221608132123947 0.190808415412903 0.176014363765717 0.176718726754189 0.183833464980125 0.195885896682739 0.207669913768768 0.212914496660233 0.211977854371071 0.221157744526863 0.232421904802322 0.220737978816032 0.205562859773636 0.217202976346016 0.213455036282539 0.203823164105415 0.197154805064201 0.206857234239578 0.195376396179199 0.185641378164291 0.194470092654228
-3.4e+38 0.209098175168037 0.208248376846313 0.210238829255104 0.223601415753365 0.216766580939293 0.188170552253723 0.190601631999016 0.20001508295536 0.197804734110832 0.189713194966316 0.1855199187994 0.191455394029617 0.196287482976913 0.207801386713982 0.206293523311615 0.194070756435394 0.193718507885933 0.189002647995949 0.194200232625008 0.208036005496979 0.206991985440254 0.208571583032608 0.216075286269188 0.204569697380066 0.176804512739182 0.162604063749313 0.168918713927269 0.178804516792297 0.176296934485435 0.181834444403648 0.211165696382523 0.213064685463905 0.20973327755928 0.207160204648972 0.203888684511185 0.206740856170654 0.210329487919807 0.207138553261757 0.211057364940643 0.209037929773331 0.203752845525742 0.191019833087921 0.178915902972221 0.189495906233788
-3.4e+38 0.211391046643257 0.211560726165771 0.212215006351471 0.221720993518829 0.205759882926941 0.177896335721016 0.182533428072929 0.189949572086334 0.198013991117477 0.203194633126259 0.202662274241447 0.191524773836136 0.187792345881462 0.195827066898346 0.201712772250175 0.198804304003716 0.197322398424149 0.195170015096664 0.206376060843468 0.214820384979248 0.204443514347076 0.196949332952499 0.187767267227173 0.171458721160889 0.163017094135284 0.166124403476715 0.174906447529793 0.179787531495094 0.179277673363686 0.1849485039711 0.20020067691803 0.18731065094471 0.18056808412075 0.183992147445679 0.187373414635658 0.195106089115143 0.195475563406944 0.186662957072258 0.187442883849144 0.187794834375381 0.18731127679348 0.189910113811493 0.170403957366943 0.171645864844322
-3.4e+38 0.199648141860962 0.199143424630165 0.195548743009567 0.205618843436241 0.197972193360329 0.186793193221092 0.177393972873688 0.167258605360985 0.185874134302139 0.200800746679306 0.197373703122139 0.186074048280716 0.173675581812859 0.183507934212685 0.198583588004112 0.20208066701889 0.201813727617264 0.207897409796715 0.212139204144478 0.204018026590347 0.185579672455788 0.179333969950676 0.167296126484871 0.158074274659157 0.167500138282776 0.183239415287971 0.184810146689415 0.181524693965912 0.18116557598114 0.188956156373024 0.193389803171158 0.184419110417366 0.181652307510376 0.179767295718193 0.183637663722038 0.195003136992455 0.201483011245728 0.193068906664848 0.183255985379219 0.183091402053833 0.191823959350586 0.193991273641586 0.17193016409874 0.180921629071236
-3.4e+38 0.188893035054207 0.200017243623734 0.198864951729774 0.200573325157166 0.202960357069969 0.218056455254555 0.221479624509811 0.195548966526985 0.196406364440918 0.199742123484612 0.19963113963604 0.203265219926834 0.193964585661888 0.193290650844574 0.201816231012344 0.203030571341515 0.211408331990242 0.214243605732918 0.205701142549515 0.18630425632 0.179047346115112 0.190757662057877 0.180260047316551 0.167469039559364 0.17598095536232 0.192903071641922 0.189516767859459 0.181159868836403 0.185000345110893 0.18721142411232 0.19168247282505 0.192369773983955 0.192901626229286 0.184496134519577 0.180650755763054 0.18904122710228 0.19567209482193 0.198086500167847 0.192094534635544 0.187706604599953 0.19807057082653 0.196893975138664 0.188164830207825 0.204434037208557
-3.4e+38 0.186361148953438 0.209754645824432 0.209959626197815 0.213843107223511 0.222896575927734 0.209537044167519 0.202107787132263 0.197326228022575 0.201031103730202 0.201968222856522 0.203963443636894 0.20735639333725 0.20377804338932 0.20253124833107 0.204558223485947 0.204415664076805 0.217375442385674 0.215517893433571 0.195989608764648 0.175153285264969 0.187379136681557 0.211830660700798 0.200624644756317 0.175181299448013 0.176286190748215 0.195145636796951 0.194950476288795 0.194515034556389 0.197009116411209 0.193822339177132 0.193069294095039 0.194236904382706 0.192407265305519 0.180459097027779 0.170638933777809 0.172011911869049 0.180758744478226 0.196163088083267 0.197016388177872 0.190752863883972 0.197951197624207 0.191558808088303 0.187042087316513 0.200237736105919
-3.4e+38 0.190042674541473 0.200757399201393 0.198787361383438 0.204497814178467 0.211034446954727 0.199903771281242 0.184566453099251 0.183513686060905 0.192388191819191 0.199080124497414 0.197409987449646 0.193643853068352 0.19733701646328 0.202120587229729 0.209499046206474 0.212339535355568 0.215423032641411 0.218330219388008 0.200549453496933 0.176173031330109 0.18357352912426 0.205150857567787 0.201735228300095 0.192159235477448 0.18621052801609 0.197189748287201 0.205774813890457 0.202671468257904 0.199008464813232 0.196408152580261 0.196400210261345 0.187407165765762 0.177532330155373 0.170098528265953 0.166985809803009 0.163089796900749 0.171667262911797 0.194756850600243 0.191974952816963 0.186040744185448 0.18974794447422 0.180613398551941 0.175827533006668 0.182263866066933
-3.4e+38 0.190181866288185 0.184905290603638 0.181081265211105 0.191808313131332 0.199574023485184 0.193982228636742 0.180387437343597 0.17108291387558 0.180082976818085 0.191267654299736 0.191720321774483 0.191812336444855 0.194378316402435 0.195974245667458 0.207122698426247 0.210982963442802 0.206435263156891 0.205778181552887 0.198413327336311 0.181265473365784 0.181331798434258 0.183597937226295 0.195346653461456 0.212321579456329 0.202874541282654 0.203448116779327 0.2139812707901 0.208667084574699 0.203143283724785 0.200864151120186 0.196820184588432 0.183648526668549 0.175436288118362 0.183277934789658 0.190194249153137 0.17196686565876 0.16366708278656 0.180452838540077 0.175845444202423 0.179194554686546 0.186594501137733 0.182962015271187 0.177846014499664 0.181377977132797
-3.4e+38 0.187109753489494 0.18255789577961 0.186575993895531 0.200286507606506 0.190856635570526 0.183381542563438 0.176424354314804 0.166608542203903 0.177280947566032 0.195913776755333 0.200018092989922 0.203409463167191 0.200331851840019 0.198963910341263 0.215252324938774 0.217595055699348 0.201061204075813 0.186638906598091 0.183526083827019 0.186418876051903 0.19020888209343 0.190430030226707 0.19764655828476 0.210246652364731 0.208801105618477 0.219988852739334 0.220094054937363 0.20463465154171 0.196938022971153 0.201802015304565 0.206097304821014 0.199189245700836 0.191465675830841 0.196667328476906 0.195060893893242 0.16792830824852 0.15438611805439 0.161225944757462 0.168413370847702 0.178884476423264 0.196449145674706 0.198391646146774 0.191323146224022 0.197112694382668
-3.4e+38 0.192633584141731 0.197074085474014 0.202979758381844 0.201410621404648 0.181198760867119 0.181372568011284 0.184125125408173 0.179793789982796 0.186304062604904 0.204823344945908 0.21083191037178 0.212385505437851 0.196242213249207 0.191078081727028 0.214966237545013 0.215155407786369 0.20571431517601 0.199328646063805 0.194358929991722 0.187779441475868 0.189292013645172 0.198106691241264 0.199967965483665 0.198146849870682 0.211058616638184 0.234443724155426 0.238489583134651 0.218792721629143 0.205110371112823 0.207456097006798 0.199177891016006 0.183484733104706 0.189643129706383 0.196495428681374 0.175915032625198 0.145365357398987 0.142757087945938 0.150867074728012 0.168763756752014 0.179473102092743 0.19946451485157 0.199943006038666 0.188727229833603 0.200752794742584
-3.4e+38 0.205733254551888 0.198876678943634 0.191675573587418 0.184007808566093 0.176991134881973 0.191829085350037 0.199035137891769 0.192165598273277 0.192149564623833 0.205661073327065 0.213513776659966 0.204548493027687 0.182197779417038 0.181981325149536 0.203448295593262 0.200496435165405 0.20322385430336 0.209968894720078 0.207064807415009 0.18782339990139 0.175454810261726 0.189215838909149 0.205942735075951 0.207990854978561 0.213017478585243 0.230731680989265 0.241207391023636 0.239601194858551 0.21307872235775 0.185656189918518 0.193466186523438 0.200430348515511 0.193536937236786 0.190859884023666 0.172177076339722 0.164939224720001 0.175109848380089 0.159420266747475 0.166143164038658 0.171677604317665 0.18004846572876 0.188010603189468 0.185339644551277 0.190458834171295
-3.4e+38 0.20546518266201 0.184846550226212 0.184139996767044 0.177998557686806 0.181709602475166 0.199673667550087 0.206378653645515 0.192048385739326 0.182516291737556 0.192714974284172 0.203381136059761 0.19623264670372 0.181268647313118 0.186208888888359 0.197998344898224 0.19505874812603 0.198900014162064 0.214073061943054 0.213786244392395 0.194320768117905 0.174881726503372 0.186371877789497 0.210943579673767 0.21484637260437 0.214968025684357 0.216555893421173 0.224261879920959 0.244118109345436 0.246170297265053 0.22112925350666 0.222676172852516 0.23316478729248 0.237876728177071 0.222654759883881 0.189995437860489 0.182057529687881 0.18980810046196 0.171255007386208 0.17701618373394 0.186246022582054 0.186731114983559 0.18222987651825 0.178643733263016 0.187501803040504
-3.4e+38 0.197019636631012 0.184745892882347 0.182470217347145 0.177728846669197 0.183570578694344 0.20003941655159 0.206582009792328 0.186970472335815 0.181315824389458 0.195609614253044 0.202796712517738 0.201963856816292 0.195102468132973 0.201640337705612 0.201388001441956 0.197112143039703 0.199760839343071 0.212119922041893 0.220266982913017 0.208623394370079 0.197001993656158 0.198359146714211 0.211219906806946 0.218007043004036 0.229111984372139 0.221381112933159 0.212627455592155 0.228619918227196 0.250051617622375 0.239043205976486 0.212135329842567 0.208819642663002 0.209233105182648 0.205967843532562 0.195855498313904 0.192577883601189 0.189341753721237 0.186244294047356 0.189063772559166 0.178060412406921 0.178817898035049 0.17907740175724 0.18019226193428 0.194284573197365
-3.4e+38 0.188333719968796 0.187857940793037 0.185901209712029 0.181340843439102 0.181367754936218 0.193253085017204 0.19893616437912 0.196105420589447 0.198854118585587 0.210248604416847 0.214061707258224 0.20943209528923 0.200682416558266 0.199651584029198 0.198998123407364 0.202120795845985 0.208077266812325 0.217844396829605 0.225608855485916 0.228103995323181 0.22483791410923 0.218764930963516 0.207511276006699 0.216809824109077 0.231820106506348 0.218582853674889 0.195085555315018 0.184835806488991 0.183782994747162 0.172084286808968 0.167454123497009 0.185999050736427 0.194681867957115 0.190606087446213 0.1773422062397 0.165985286235809 0.146630302071571 0.175403133034706 0.207585945725441 0.186070278286934 0.181093454360962 0.193291753530502 0.192079186439514 0.196545377373695
-3.4e+38 0.188132166862488 0.186406746506691 0.193083494901657 0.196546003222466 0.189264044165611 0.186314776539803 0.199185058474541 0.212687432765961 0.204525887966156 0.203425005078316 0.207451164722443 0.204672500491142 0.194803014397621 0.188797533512115 0.195491850376129 0.209087416529655 0.215993657708168 0.217225447297096 0.215671896934509 0.225881204009056 0.232859894633293 0.227952465415001 0.201923191547394 0.195169493556023 0.20857746899128 0.203027456998825 0.192926332354546 0.173684820532799 0.162862107157707 0.154277756810188 0.152037218213081 0.174617871642113 0.184466764330864 0.192771390080452 0.175498306751251 0.160688564181328 0.160737439990044 0.185694545507431 0.218312963843346 0.21224382519722 0.197061449289322 0.177219718694687 0.178249269723892 0.188713148236275
-3.4e+38 0.189729571342468 0.180220603942871 0.175499230623245 0.180015593767166 0.185692086815834 0.189669191837311 0.207388132810593 0.215985536575317 0.201312035322189 0.197248607873917 0.200013786554337 0.200511038303375 0.197638243436813 0.188216164708138 0.189806342124939 0.20293715596199 0.221699625253677 0.21620100736618 0.20419205725193 0.212074175477028 0.231533393263817 0.223801136016846 0.195627436041832 0.179952085018158 0.174158751964569 0.187283962965012 0.205687746405602 0.197551637887955 0.182657226920128 0.179944813251495 0.18392026424408 0.179739966988564 0.167824447154999 0.172169104218483 0.166751220822334 0.179890036582947 0.205458953976631 0.187820911407471 0.177599847316742 0.180929183959961 0.18336683511734 0.172629073262215 0.178473055362701 0.196758851408958
-3.4e+38 0.184442326426506 0.179325923323631 0.179223611950874 0.183932885527611 0.192087054252625 0.197163939476013 0.21320267021656 0.216150194406509 0.202908128499985 0.202815175056458 0.202237829566002 0.200356155633926 0.199778497219086 0.195913329720497 0.190233990550041 0.199650943279266 0.222706973552704 0.225922301411629 0.204251661896706 0.202798098325729 0.229559794068336 0.229527324438095 0.196952015161514 0.179784297943115 0.14846833050251 0.15765543282032 0.194337606430054 0.189384654164314 0.18429346382618 0.192066505551338 0.190935179591179 0.184932604432106 0.180295199155807 0.190397471189499 0.201546505093575 0.197306826710701 0.201372101902962 0.19571016728878 0.189338892698288 0.186297088861465 0.192239046096802 0.193992257118225 0.204334780573845 0.211025834083557
-3.4e+38 0.180483892560005 0.180349692702293 0.189579591155052 0.194920271635056 0.195389822125435 0.199883744120598 0.208364754915237 0.204290047287941 0.199554786086082 0.204795718193054 0.203544065356255 0.191884383559227 0.190021544694901 0.198354691267014 0.193946287035942 0.195094585418701 0.211835205554962 0.22868475317955 0.218030363321304 0.206504568457603 0.226803347468376 0.228274524211884 0.194281175732613 0.160437822341919 0.141653001308441 0.169186443090439 0.207878157496452 0.19200211763382 0.185752227902412 0.200988695025444 0.211290240287781 0.206013575196266 0.187328368425369 0.198040917515755 0.225773453712463 0.20708304643631 0.181467279791832 0.175897672772408 0.182327821850777 0.189541414380074 0.189710974693298 0.1891770362854 0.198851481080055 0.205532476305962
0.176783442497253 0.170383468270302 0.175395265221596 0.183715581893921 0.18448531627655 0.186443373560905 0.188836812973022 0.190674602985382 0.186607554554939 0.190465018153191 0.195417553186417 0.193171933293343 0.188825085759163 0.183177828788757 0.187936872243881 0.189715147018433 0.198471054434776 0.210294052958488 0.214969322085381 0.221608877182007 0.212460562586784 0.211191982030869 0.210338458418846 0.182140246033669 0.149681702256203 0.14961676299572 0.18784011900425 0.211226716637611 0.201311096549034 0.195416733622551 0.193680763244629 0.203777566552162 0.204929575324059 0.18331353366375 0.1703260242939 0.183312192559242 0.191098615527153 0.192891895771027 0.183396458625793 0.176804944872856 0.184034556150436 0.195519089698792 0.1885145008564 0.178348064422607 0.175005167722702
