data/1_raw/trimmed_ndre/J_ndre.66.2013_no_clouds.asc
NCOLS 141 
NROWS 118 
XLLCORNER 516845 
YLLCORNER 5169015 
CELLSIZE 5 
NODATA_value -3.4e+38 
[rows 20 to 39 of 118, columns 45 to 89 of 141]
0.664629220962524 0.67951774597168 0.69190639257431 0.684564352035522 0.678663671016693 0.669905841350555 0.665179908275604 0.670964419841766 0.679864943027496 0.683593511581421 0.682367444038391 0.679770350456238 0.675455808639526 0.675517022609711 0.692483305931091 0.679030418395996 0.664185345172882 0.671974241733551 0.665814816951752 0.67454868555069 0.690651178359985 0.687876045703888 0.687767446041107 0.686252951622009 0.682283461093903 0.699062824249268 0.698443531990051 0.682868301868439 0.684460937976837 0.669493556022644 0.65797221660614 0.65469491481781 0.639849960803986 0.658950507640839 0.681624472141266 0.677204310894012 0.669102072715759 0.66337376832962 0.659338355064392 0.657473564147949 0.652994632720947 0.657546699047089 0.673026025295258 0.66534686088562 0.658084094524384
0.674996793270111 0.678751289844513 0.684074640274048 0.682817220687866 0.680694997310638 0.672586500644684 0.673872768878937 0.682282209396362 0.683194398880005 0.674279570579529 0.661966264247894 0.657218754291534 0.668099761009216 0.677357792854309 0.686360478401184 0.672201156616211 0.662871181964874 0.671491384506226 0.673538863658905 0.686248064041138 0.691955983638763 0.682131767272949 0.680708110332489 0.683240592479706 0.685295701026917 0.697859227657318 0.692935585975647 0.688096582889557 0.688969433307648 0.674696564674377 0.672500491142273 0.66728687286377 0.652599215507507 0.668355464935303 0.679351687431335 0.66524475812912 0.647463083267212 0.647953569889069 0.653973042964935 0.654413938522339 0.648296177387238 0.651204645633698 0.66022789478302 0.654566884040833 0.649729907512665
0.682575166225433 0.684567809104919 0.679815530776978 0.680295705795288 0.682692766189575 0.671979486942291 0.662074625492096 0.667599260807037 0.671226501464844 0.669204771518707 0.655222713947296 0.648178577423096 0.661039590835571 0.667584896087646 0.67056143283844 0.678127527236938 0.687100768089294 0.685896039009094 0.684363603591919 0.693585336208344 0.687955856323242 0.673952221870422 0.672798335552216 0.67956131696701 0.683042228221893 0.68084192276001 0.676308631896973 0.68624085187912 0.691982388496399 0.683236122131348 0.684697568416595 0.669928431510925 0.656573057174683 0.66307544708252 0.654266834259033 0.644590198993683 0.636045455932617 0.6385617852211 0.654727697372437 0.658745944499969 0.647725641727448 0.652565777301788 0.658762514591217 0.650322556495667 0.644745588302612
0.68442440032959 0.684158265590668 0.673366189002991 0.673834979534149 0.678952813148499 0.672445297241211 0.662301063537598 0.659471213817596 0.667522609233856 0.674041569232941 0.672295451164246 0.662864208221436 0.662166118621826 0.663480758666992 0.66998815536499 0.689718902111053 0.706023395061493 0.695206940174103 0.686836361885071 0.696156442165375 0.690973520278931 0.684578835964203 0.680521547794342 0.677946329116821 0.681306123733521 0.671142280101776 0.662853717803955 0.675748586654663 0.683751404285431 0.68218982219696 0.68498033285141 0.66702401638031 0.650304913520813 0.645731210708618 0.624068021774292 0.630099177360535 0.642394483089447 0.643647730350494 0.66460245847702 0.658669412136078 0.640377521514893 0.64762806892395 0.654638767242432 0.649354815483093 0.641231894493103
0.679260909557343 0.677498281002045 0.670211136341095 0.677755832672119 0.680949151515961 0.672207772731781 0.663836419582367 0.657008826732635 0.663968741893768 0.671260356903076 0.669507205486298 0.666770160198212 0.665790855884552 0.67304801940918 0.674700021743774 0.679464519023895 0.691382050514221 0.697388589382172 0.693372905254364 0.693939566612244 0.694912612438202 0.698217630386353 0.686174750328064 0.670752584934235 0.685931801795959 0.674351930618286 0.657540023326874 0.667202413082123 0.668289482593536 0.669443249702454 0.668781518936157 0.651542127132416 0.643048167228699 0.629651486873627 0.60462099313736 0.615459203720093 0.634299755096436 0.642678558826447 0.664655327796936 0.655237197875977 0.639640092849731 0.645682990550995 0.64281839132309 0.638370633125305 0.633529126644135
0.678003668785095 0.669308125972748 0.658222615718842 0.668045699596405 0.672350227832794 0.664875686168671 0.658406615257263 0.656680107116699 0.660462856292725 0.665969908237457 0.666154384613037 0.670481443405151 0.676066398620605 0.679225742816925 0.677031397819519 0.674211978912354 0.681212306022644 0.69556713104248 0.693365693092346 0.68677282333374 0.684708535671234 0.682693839073181 0.678637683391571 0.671820342540741 0.680920362472534 0.671386480331421 0.655299723148346 0.655629575252533 0.641763508319855 0.642276406288147 0.640473961830139 0.626980364322662 0.629260540008545 0.61378014087677 0.591589987277985 0.596097886562347 0.605687379837036 0.623266398906708 0.643577635288239 0.6356560587883 0.627156913280487 0.628208041191101 0.620260000228882 0.619479477405548 0.613812565803528
0.677435338497162 0.666174471378326 0.652021527290344 0.656559109687805 0.659623563289642 0.656965911388397 0.651268541812897 0.652861177921295 0.660556316375732 0.667778789997101 0.670601844787598 0.677135467529297 0.685217916965485 0.686471998691559 0.678819298744202 0.668643236160278 0.672496736049652 0.686123967170715 0.686343729496002 0.684780895709991 0.678945600986481 0.666459679603577 0.667101502418518 0.661848962306976 0.653086185455322 0.653436124324799 0.642484605312347 0.626358807086945 0.611274898052216 0.610082685947418 0.600134372711182 0.585602998733521 0.592554450035095 0.573841631412506 0.576523303985596 0.596614181995392 0.5987948179245 0.614623248577118 0.622464895248413 0.609612286090851 0.6087446808815 0.608347117900848 0.603630244731903 0.605043470859528 0.594601929187775
0.662522614002228 0.657340466976166 0.655952572822571 0.655157268047333 0.651752114295959 0.651631593704224 0.652987062931061 0.661538362503052 0.675887703895569 0.6808922290802 0.680678308010101 0.682850301265717 0.684605360031128 0.682493150234222 0.673938155174255 0.665563583374023 0.66847038269043 0.678991675376892 0.681729078292847 0.683711051940918 0.674231827259064 0.653839111328125 0.645359575748444 0.632117748260498 0.620036542415619 0.619244575500488 0.610196352005005 0.59684419631958 0.58146721124649 0.563038647174835 0.550840139389038 0.54613584280014 0.554025232791901 0.550957381725311 0.575177431106567 0.616649508476257 0.614598989486694 0.623218357563019 0.621807992458344 0.60465008020401 0.606694877147675 0.600951492786407 0.597083985805511 0.598618924617767 0.595456779003143
0.659281253814697 0.654806613922119 0.658880174160004 0.657737135887146 0.650906980037689 0.650103151798248 0.658144533634186 0.678484439849854 0.692322373390198 0.689939618110657 0.685469388961792 0.681148767471313 0.675345242023468 0.671683788299561 0.669071912765503 0.666484951972961 0.66912317276001 0.673675119876862 0.676017343997955 0.676491439342499 0.665756940841675 0.64059978723526 0.619268715381622 0.601512789726257 0.589193761348724 0.584322690963745 0.57663905620575 0.57258552312851 0.539393603801727 0.506876349449158 0.496169179677963 0.503809869289398 0.533477783203125 0.563828468322754 0.575245141983032 0.607031583786011 0.625111103057861 0.626413285732269 0.623944580554962 0.611762404441833 0.611326575279236 0.59691858291626 0.592602431774139 0.601913094520569 0.606673896312714
0.665589988231659 0.657044649124146 0.657864093780518 0.655742228031158 0.652257263660431 0.652152121067047 0.661010146141052 0.682255029678345 0.694967150688171 0.690699517726898 0.684121370315552 0.677392065525055 0.672518253326416 0.669922232627869 0.666812062263489 0.666552424430847 0.667857706546783 0.666300594806671 0.664262175559998 0.661119878292084 0.649281144142151 0.627160549163818 0.595369577407837 0.571226119995117 0.559386014938354 0.548378348350525 0.541615128517151 0.540867626667023 0.501175701618195 0.466664403676987 0.468199193477631 0.482994168996811 0.524937212467194 0.563415348529816 0.581652402877808 0.610590100288391 0.626000881195068 0.612055659294128 0.61508697271347 0.605862319469452 0.600174784660339 0.598519802093506 0.602083563804626 0.611441195011139 0.614499926567078
0.65275365114212 0.64906632900238 0.659131765365601 0.656725764274597 0.654167711734772 0.657154381275177 0.66705846786499 0.682485938072205 0.689100503921509 0.683120310306549 0.676496624946594 0.675989270210266 0.677283704280853 0.674475729465485 0.669018507003784 0.664084196090698 0.659146010875702 0.652842283248901 0.648466289043427 0.638422191143036 0.619580745697021 0.605149388313293 0.57841295003891 0.549746036529541 0.525662481784821 0.498542129993439 0.488639116287231 0.491004854440689 0.473745495080948 0.455274671316147 0.462817460298538 0.486650347709656 0.535208761692047 0.574623942375183 0.589799642562866 0.619214951992035 0.623003005981445 0.612121045589447 0.614669978618622 0.602457582950592 0.603279531002045 0.615146219730377 0.623691022396088 0.630418241024017 0.628529727458954
0.646032691001892 0.6402508020401 0.652910172939301 0.658612847328186 0.652576088905334 0.646530270576477 0.651915967464447 0.669071912765503 0.673582017421722 0.668402671813965 0.668445527553558 0.676638245582581 0.681097805500031 0.673029363155365 0.661170184612274 0.651326656341553 0.640177249908447 0.62953108549118 0.620621681213379 0.603482484817505 0.585037410259247 0.573784351348877 0.560144901275635 0.528959512710571 0.493539541959763 0.463569849729538 0.451079308986664 0.456633448600769 0.458770722150803 0.454877734184265 0.462241023778915 0.497349321842194 0.54185426235199 0.567754566669464 0.586419284343719 0.616092324256897 0.615114808082581 0.614916741847992 0.621080100536346 0.614417552947998 0.621073246002197 0.630560696125031 0.634493350982666 0.64045912027359 0.641335844993591
0.647250592708588 0.640896022319794 0.6508509516716 0.659251987934113 0.642440259456635 0.632139384746552 0.620355248451233 0.620847821235657 0.636317133903503 0.648168742656708 0.652444064617157 0.663521766662598 0.666787624359131 0.653437852859497 0.63505607843399 0.626456141471863 0.607120931148529 0.586333215236664 0.576206743717194 0.56218284368515 0.552584528923035 0.546195268630981 0.529150426387787 0.512108504772186 0.485252350568771 0.463358372449875 0.452992409467697 0.448582112789154 0.454239636659622 0.465652018785477 0.475355863571167 0.506185114383698 0.542119085788727 0.557750046253204 0.588526725769043 0.620710611343384 0.618966817855835 0.629140496253967 0.635583162307739 0.628681004047394 0.630458295345306 0.635836184024811 0.641346871852875 0.640607416629791 0.643736958503723
0.652395904064178 0.652538895606995 0.66274893283844 0.660317063331604 0.635281682014465 0.62866085767746 0.594985902309418 0.569882571697235 0.59789115190506 0.630086123943329 0.638391554355621 0.630785942077637 0.630551338195801 0.618426322937012 0.604407370090485 0.5892333984375 0.569861471652985 0.548305690288544 0.539521217346191 0.532462656497955 0.53279310464859 0.520205199718475 0.490582287311554 0.488922417163849 0.482188940048218 0.467889398336411 0.462201744318008 0.450821429491043 0.458211749792099 0.479132771492004 0.493081450462341 0.523151040077209 0.551012814044952 0.557685136795044 0.590632319450378 0.626717567443848 0.631003499031067 0.644059956073761 0.647007822990417 0.64216023683548 0.641875326633453 0.638549745082855 0.639205753803253 0.634335696697235 0.633631587028503
0.65794312953949 0.662473022937775 0.669925272464752 0.659973919391632 0.634455263614655 0.623624742031097 0.595013499259949 0.572331130504608 0.584991812705994 0.602460622787476 0.610933303833008 0.600185692310333 0.598277390003204 0.567762613296509 0.551612257957458 0.550782918930054 0.532791018486023 0.526618182659149 0.515769243240356 0.504833579063416 0.511249899864197 0.497175216674805 0.472756564617157 0.476165026426315 0.46660640835762 0.455720871686935 0.457718878984451 0.451782494783401 0.462058663368225 0.49307456612587 0.518241465091705 0.553454518318176 0.574264824390411 0.575652122497559 0.601310670375824 0.623576283454895 0.632548391819 0.650080621242523 0.652211606502533 0.649919331073761 0.645955383777618 0.637060821056366 0.632658839225769 0.622791290283203 0.618047118186951
0.651645958423615 0.657588720321655 0.66216105222702 0.65167373418808 0.63915741443634 0.623667895793915 0.593229472637177 0.575966775417328 0.57285088300705 0.574227571487427 0.585050940513611 0.593713581562042 0.578982472419739 0.539171874523163 0.522467076778412 0.516435086727142 0.495159983634949 0.511372089385986 0.498205721378326 0.473323732614517 0.480802923440933 0.470987498760223 0.46566367149353 0.473781675100327 0.461615353822708 0.451206833124161 0.460249543190002 0.47148522734642 0.486800700426102 0.517106771469116 0.546378195285797 0.572628676891327 0.59313553571701 0.602080225944519 0.616219103336334 0.617044568061829 0.622358679771423 0.638643443584442 0.636809527873993 0.635830402374268 0.636827647686005 0.633247375488281 0.633545637130737 0.621539652347565 0.613627314567566
0.641454339027405 0.647311568260193 0.643412232398987 0.631327152252197 0.629802525043488 0.623838007450104 0.601795732975006 0.585510432720184 0.564253926277161 0.555170238018036 0.561039090156555 0.580710589885712 0.578605055809021 0.547472178936005 0.526813924312592 0.492559641599655 0.476567625999451 0.500418305397034 0.490449249744415 0.466957241296768 0.46393010020256 0.442664742469788 0.440034687519073 0.452331811189651 0.456237554550171 0.461803466081619 0.483936488628387 0.512885093688965 0.538344264030457 0.56650698184967 0.58563357591629 0.591456115245819 0.601645648479462 0.619172036647797 0.623018622398376 0.608918786048889 0.604317307472229 0.611184656620026 0.609129309654236 0.610533595085144 0.620567679405212 0.630910098552704 0.634041666984558 0.618782579898834 0.609403610229492
0.63123232126236 0.64224100112915 0.637150406837463 0.625550448894501 0.621372878551483 0.625924587249756 0.618419528007507 0.598216950893402 0.578393042087555 0.558104693889618 0.556322395801544 0.577976107597351 0.584679424762726 0.562995851039886 0.544325172901154 0.507339119911194 0.501888155937195 0.526637017726898 0.516640901565552 0.50093686580658 0.483057469129562 0.458861142396927 0.449974149465561 0.454761624336243 0.470678806304932 0.485117167234421 0.514756202697754 0.550922989845276 0.575870215892792 0.586200416088104 0.596700251102448 0.604217946529388 0.608391106128693 0.622786223888397 0.621969521045685 0.59667831659317 0.593337833881378 0.596856713294983 0.591952562332153 0.590171813964844 0.59825873374939 0.612446248531342 0.613278090953827 0.599332213401794 0.594453155994415
0.615185678005219 0.627232193946838 0.632255911827087 0.627246797084808 0.616417527198792 0.627224683761597 0.629378795623779 0.611492574214935 0.597645461559296 0.582455992698669 0.576028645038605 0.586375176906586 0.586381137371063 0.582256138324738 0.570750296115875 0.545922040939331 0.548243641853333 0.567080974578857 0.560845613479614 0.553600251674652 0.532883167266846 0.508565366268158 0.496456682682037 0.490592360496521 0.496431320905685 0.511623382568359 0.53685450553894 0.569405198097229 0.583419561386108 0.575632572174072 0.588685393333435 0.615346074104309 0.627985239028931 0.614384949207306 0.602832496166229 0.594475090503693 0.595284879207611 0.594525218009949 0.59275358915329 0.586973607540131 0.583629906177521 0.583003461360931 0.577325046062469 0.566575825214386 0.559702336788177
0.588421761989594 0.603037297725677 0.627220034599304 0.629139721393585 0.614840686321259 0.627822816371918 0.631520628929138 0.623062193393707 0.617471158504486 0.615426123142242 0.594481348991394 0.585620522499084 0.590833008289337 0.589921772480011 0.584055185317993 0.5726557970047 0.572955429553986 0.588421761989594 0.602089047431946 0.608061254024506 0.590031683444977 0.563306093215942 0.541628897190094 0.528469741344452 0.524582028388977 0.537445068359375 0.558963716030121 0.578844606876373 0.581327795982361 0.574037253856659 0.586418211460114 0.608541429042816 0.621829211711884 0.603967607021332 0.598059237003326 0.601177453994751 0.599674999713898 0.581013083457947 0.582966864109039 0.578789830207825 0.564630448818207 0.554404616355896 0.547948658466339 0.53643012046814 0.523269593715668
