data/1_raw/trimmed_ndre/J_ndre.86.2014_no_clouds.asc
NCOLS 141 
NROWS 118 
XLLCORNER 516845 
YLLCORNER 5169015 
CELLSIZE 5 
NODATA_value -3.4e+38 
[rows 40 to 59 of 118, columns 45 to 89 of 141]
0.209272235631943 0.200692653656006 0.201632887125015 0.213911756873131 0.225898057222366 0.229515045881271 0.227466225624084 0.236433610320091 0.245352104306221 0.22316075861454 0.180169582366943 0.143145024776459 0.127192169427872 0.130135595798492 0.135024279356003 0.131443172693253 0.131897002458572 0.137990206480026 0.134512275457382 0.130615413188934 0.136146053671837 0.140876784920692 0.130095973610878 0.139151960611343 0.151459455490112 0.158504992723465 0.158268496394157 0.156384736299515 0.156553164124489 0.1500333994627 0.17255637049675 0.208644837141037 0.222799867391586 0.225134804844856 0.219980254769325 0.228722795844078 0.24365696310997 0.242633327841759 0.250189900398254 0.247494295239449 0.240478664636612 0.245020031929016 0.237503960728645 0.219139724969864 0.203627526760101
0.200354173779488 0.183679416775703 0.189037218689919 0.206958904862404 0.214717969298363 0.215461000800133 0.224679127335548 0.246395334601402 0.261013209819794 0.245464652776718 0.202011555433273 0.164768815040588 0.151692554354668 0.137495443224907 0.134364008903503 0.140298888087273 0.137249305844307 0.138349503278732 0.137685537338257 0.133447363972664 0.139485895633698 0.141863435506821 0.135214030742645 0.160143867135048 0.18180775642395 0.184664443135262 0.188877254724503 0.173402264714241 0.163886621594429 0.168373852968216 0.186658978462219 0.211304724216461 0.21368096768856 0.210168823599815 0.212593004107475 0.241464674472809 0.24603196978569 0.220537930727005 0.218033447861671 0.208565443754196 0.196504205465317 0.19875280559063 0.205229118466377 0.197551622986794 0.18257275223732
0.185492187738419 0.174178913235664 0.187031254172325 0.205300658941269 0.211075946688652 0.207395359873772 0.214445903897285 0.240755170583725 0.25397801399231 0.255277544260025 0.22700409591198 0.192739054560661 0.184651628136635 0.154872477054596 0.138838678598404 0.147706806659698 0.137465566396713 0.136891275644302 0.138483762741089 0.139288336038589 0.151703983545303 0.173821330070496 0.190689995884895 0.207186073064804 0.21702753007412 0.206077516078949 0.190707504749298 0.173977613449097 0.171311616897583 0.177575007081032 0.183542877435684 0.198403835296631 0.191381737589836 0.194703444838524 0.216413229703903 0.228537812829018 0.218356758356094 0.189523845911026 0.179863840341568 0.174498453736305 0.162153869867325 0.167985811829567 0.190280869603157 0.194298982620239 0.188880860805511
0.185178264975548 0.181991785764694 0.198403999209404 0.216193214058876 0.218522325158119 0.210277765989304 0.211365565657616 0.236435413360596 0.258741617202759 0.266511052846909 0.251485139131546 0.22975167632103 0.215859740972519 0.179800257086754 0.159238874912262 0.153251692652702 0.1412073969841 0.14588974416256 0.155614823102951 0.174213230609894 0.195722758769989 0.223937645554543 0.242037057876587 0.240945383906364 0.232919052243233 0.208026632666588 0.180682227015495 0.164835661649704 0.152372688055038 0.154535263776779 0.17095485329628 0.187553361058235 0.18454398214817 0.183136165142059 0.193129524588585 0.188659965991974 0.182499796152115 0.169581711292267 0.158732816576958 0.163687855005264 0.151532217860222 0.154345721006393 0.181146144866943 0.196816548705101 0.209583327174187
0.198609262704849 0.200972676277161 0.212137773633003 0.227634504437447 0.22851200401783 0.216829523444176 0.216019153594971 0.235352665185928 0.262949258089066 0.275918841362 0.266831427812576 0.252158999443054 0.230148687958717 0.19847959280014 0.18328021466732 0.16314135491848 0.152565181255341 0.168899074196815 0.186437413096428 0.212394192814827 0.232113614678383 0.249121829867363 0.252893894910812 0.236123353242874 0.214079678058624 0.188832506537437 0.170135334134102 0.151293531060219 0.133572116494179 0.135486885905266 0.147663310170174 0.16019032895565 0.160700991749763 0.160076886415482 0.164653822779655 0.163267552852631 0.151674285531044 0.140165895223618 0.135018229484558 0.14483343064785 0.143434107303619 0.154962703585625 0.183619722723961 0.198475047945976 0.217035636305809
0.208340093493462 0.21708507835865 0.232207879424095 0.23657463490963 0.227112278342247 0.211271286010742 0.214866280555725 0.229169130325317 0.250533640384674 0.258367925882339 0.246347263455391 0.242652535438538 0.223542615771294 0.202772900462151 0.202483862638474 0.179763719439507 0.172015324234962 0.190711349248886 0.203664854168892 0.220817595720291 0.232520684599876 0.233889773488045 0.21595111489296 0.1856959015131 0.168491557240486 0.164095476269722 0.156327456235886 0.135449066758156 0.12559774518013 0.131125137209892 0.129755854606628 0.134609550237656 0.138940468430519 0.144834250211716 0.145366013050079 0.139296755194664 0.133117005228996 0.128254294395447 0.130661949515343 0.143535897135735 0.153984412550926 0.165380954742432 0.174146100878716 0.172962963581085 0.178253307938576
0.224984467029572 0.227092564105988 0.243571817874908 0.241344809532166 0.228874936699867 0.215365722775459 0.213800042867661 0.212784752249718 0.214650645852089 0.207152903079987 0.201459437608719 0.211198285222054 0.211908429861069 0.195876270532608 0.180665671825409 0.170122936367989 0.167713791131973 0.179012209177017 0.190970912575722 0.204786762595177 0.208796471357346 0.190036445856094 0.161727830767632 0.144434586167336 0.143154948949814 0.148834586143494 0.14073857665062 0.126592710614204 0.129682913422585 0.140038475394249 0.134475156664848 0.131461918354034 0.132358118891716 0.141325533390045 0.141236796975136 0.124412260949612 0.116878822445869 0.126413136720657 0.131413146853447 0.144907146692276 0.154105827212334 0.153349936008453 0.149004623293877 0.139733761548996 0.134071186184883
0.22802908718586 0.215688943862915 0.212345734238625 0.207232043147087 0.197869673371315 0.194921791553497 0.195143416523933 0.188106119632721 0.180174022912979 0.163522690534592 0.160354539752007 0.178123757243156 0.185518026351929 0.170946672558784 0.156293779611588 0.154110193252563 0.156205743551254 0.158637046813965 0.164108008146286 0.168660283088684 0.159646600484848 0.143961369991302 0.13481692969799 0.13962796330452 0.133900970220566 0.131807386875153 0.130653396248817 0.124676667153835 0.135649845004082 0.14487436413765 0.143010675907135 0.138586595654488 0.132024332880974 0.138425543904305 0.145926713943481 0.134594902396202 0.124274998903275 0.126202017068863 0.123253613710403 0.134021267294884 0.138368606567383 0.126630187034607 0.128405511379242 0.128316774964333 0.127099916338921
0.181396573781967 0.176326110959053 0.161945223808289 0.158105865120888 0.163179486989975 0.165342807769775 0.168206468224525 0.167517006397247 0.170104056596756 0.171877473592758 0.178043499588966 0.185131326317787 0.184783026576042 0.17863704264164 0.17411008477211 0.178208738565445 0.174508050084114 0.172100037336349 0.174151986837387 0.170543164014816 0.150451794266701 0.140756353735924 0.142042279243469 0.140526235103607 0.135545775294304 0.143052831292152 0.150846242904663 0.144997626543045 0.14132434129715 0.138173922896385 0.13740386068821 0.137509152293205 0.134732291102409 0.141199365258217 0.153278097510338 0.146805435419083 0.133381232619286 0.125323131680489 0.121898598968983 0.139399483799934 0.137065351009369 0.123168751597404 0.131136655807495 0.134977668523788 0.141450837254524
0.160613432526588 0.158368229866028 0.15423858165741 0.158918261528015 0.168024346232414 0.172934964299202 0.176786214113235 0.17331151664257 0.177472814917564 0.196442246437073 0.210011973977089 0.21906903386116 0.227891206741333 0.242314219474792 0.25118613243103 0.24811564385891 0.231656551361084 0.221984654664993 0.222338140010834 0.210598543286324 0.18507407605648 0.184919744729996 0.183829054236412 0.177954122424126 0.17640508711338 0.178230866789818 0.185406178236008 0.179379537701607 0.159555822610855 0.147321313619614 0.143536150455475 0.148548454046249 0.159589380025864 0.156866028904915 0.155729576945305 0.152877137064934 0.144367575645447 0.136608690023422 0.13988034427166 0.160154610872269 0.153077185153961 0.140653818845749 0.145120173692703 0.145121157169342 0.140521436929703
0.170384094119072 0.172661542892456 0.175480663776398 0.181365177035332 0.184790730476379 0.181759312748909 0.178408145904541 0.175171986222267 0.177120953798294 0.190062135457993 0.203330844640732 0.232540994882584 0.259425640106201 0.275248736143112 0.283599346876144 0.275252491235733 0.257348656654358 0.247396737337112 0.249080434441566 0.236901074647903 0.222213268280029 0.22664350271225 0.223021984100342 0.215645521879196 0.210329204797745 0.201896905899048 0.210557356476784 0.214387744665146 0.203328967094421 0.198347359895706 0.182184442877769 0.183609172701836 0.197882801294327 0.18342462182045 0.182040721178055 0.193985030055046 0.196870714426041 0.199579998850822 0.199640035629272 0.198632925748825 0.180016294121742 0.169004797935486 0.167422845959663 0.163194119930267 0.151075184345245
0.167499884963036 0.171531364321709 0.170380413532257 0.172387197613716 0.168714717030525 0.166727349162102 0.168124780058861 0.168382525444031 0.170719549059868 0.169563725590706 0.171711444854736 0.190461397171021 0.2130246758461 0.221562296152115 0.225383207201958 0.222246766090393 0.2199786901474 0.222690373659134 0.230845764279366 0.226903364062309 0.217485576868057 0.211811453104019 0.211023882031441 0.219434008002281 0.227868035435677 0.23168720304966 0.230382293462753 0.23218460381031 0.232533365488052 0.229279980063438 0.207965835928917 0.202439144253731 0.219055652618408 0.226633742451668 0.241753146052361 0.258162081241608 0.263833910226822 0.270216166973114 0.259541809558868 0.239570483565331 0.227639988064766 0.222625434398651 0.226264536380768 0.225617066025734 0.214912220835686
0.152151137590408 0.158372417092323 0.151301324367523 0.146176621317863 0.143479615449905 0.145445957779884 0.150071367621422 0.154481709003448 0.165011987090111 0.15978766977787 0.148009747266769 0.14830581843853 0.145852312445641 0.149923801422119 0.15447624027729 0.155124425888062 0.163033828139305 0.175009623169899 0.1839499771595 0.182523652911186 0.181473195552826 0.180508732795715 0.182320594787598 0.198181256651878 0.211008846759796 0.213519066572189 0.209209352731705 0.208634361624718 0.210669413208961 0.210569098591805 0.204079434275627 0.203548163175583 0.212292969226837 0.233432844281197 0.257350146770477 0.267632991075516 0.277909129858017 0.295231103897095 0.289905399084091 0.278443187475204 0.272806942462921 0.262707263231277 0.265813171863556 0.273097455501556 0.269687086343765
0.141993939876556 0.144150495529175 0.137397333979607 0.137580528855324 0.14255602657795 0.142086863517761 0.135479390621185 0.131587967276573 0.135434687137604 0.13083915412426 0.124362289905548 0.124030746519566 0.12054318934679 0.121950283646584 0.125736594200134 0.125723287463188 0.130416005849838 0.143296405673027 0.153604105114937 0.153415024280548 0.159480601549149 0.157497853040695 0.153916761279106 0.159151181578636 0.164835155010223 0.164965897798538 0.166280776262283 0.1745525598526 0.179599657654762 0.177558273077011 0.172970443964005 0.179780781269073 0.180094838142395 0.18575730919838 0.209172248840332 0.219297036528587 0.23377625644207 0.25262662768364 0.254260987043381 0.25807985663414 0.25687512755394 0.246671125292778 0.250156491994858 0.263053297996521 0.260926395654678
0.140658810734749 0.145154982805252 0.13821168243885 0.143018364906311 0.152481913566589 0.1550672352314 0.143863454461098 0.132424548268318 0.1314886957407 0.127719178795815 0.123441718518734 0.125910371541977 0.129933819174767 0.128525897860527 0.129132121801376 0.129984974861145 0.132603690028191 0.14399291574955 0.148346498608589 0.144230157136917 0.148634552955627 0.138750806450844 0.132777556777 0.137241989374161 0.137853875756264 0.138274475932121 0.143165856599808 0.152534246444702 0.156663566827774 0.145010948181152 0.134684816002846 0.141266912221909 0.142747834324837 0.143206372857094 0.150668308138847 0.161440178751945 0.173603475093842 0.180883914232254 0.181529015302658 0.184322193264961 0.193564757704735 0.206359341740608 0.216225549578667 0.203789785504341 0.184678941965103
0.140105485916138 0.142560794949532 0.132992476224899 0.133313953876495 0.14142507314682 0.145089536905289 0.138883262872696 0.136508882045746 0.141212612390518 0.143204972147942 0.147976905107498 0.141901925206184 0.133051782846451 0.132847636938095 0.136159956455231 0.135742649435997 0.134552597999573 0.142175942659378 0.141091704368591 0.135478302836418 0.137034133076668 0.12837615609169 0.133481472730637 0.140987455844879 0.134396120905876 0.127818733453751 0.132589176297188 0.142977192997932 0.148323833942413 0.140213564038277 0.131822511553764 0.132680147886276 0.132488653063774 0.135116651654243 0.136125132441521 0.138179004192352 0.144930824637413 0.145981907844543 0.143393784761429 0.143173396587372 0.15105727314949 0.1613629758358 0.161132127046585 0.140501573681831 0.129947885870934
0.138463959097862 0.145264104008675 0.139099583029747 0.129346996545792 0.126551166176796 0.126812100410461 0.125041082501411 0.12824110686779 0.128098607063293 0.126363053917885 0.133335828781128 0.142102152109146 0.136362165212631 0.131412029266357 0.133043333888054 0.124607123434544 0.121461868286133 0.129634693264961 0.128597021102905 0.128825604915619 0.130171582102776 0.127693831920624 0.14201395213604 0.149829387664795 0.13888044655323 0.126335486769676 0.124528959393501 0.136376842856407 0.145417645573616 0.141193449497223 0.141321063041687 0.141979113221169 0.136989265680313 0.136714056134224 0.140919953584671 0.15084420144558 0.158576309680939 0.155759871006012 0.145073786377907 0.136775016784668 0.136592894792557 0.135993748903275 0.135262027382851 0.132204577326775 0.12840111553669
0.13869321346283 0.148204773664474 0.144584700465202 0.135534927248955 0.127657651901245 0.129294693470001 0.137577831745148 0.147652685642242 0.14215824007988 0.13140107691288 0.131231606006622 0.138328924775124 0.137570649385452 0.136011064052582 0.137830033898354 0.124539971351624 0.11882209777832 0.125767603516579 0.125954940915108 0.130101069808006 0.129698872566223 0.124913319945335 0.14323802292347 0.156908705830574 0.143827423453331 0.125108525156975 0.117607556283474 0.126275524497032 0.136093586683273 0.134785294532776 0.141723215579987 0.140391424298286 0.131098911166191 0.12793093919754 0.136540204286575 0.154361635446548 0.164452329277992 0.15754322707653 0.14784836769104 0.147832781076431 0.151253417134285 0.148649275302887 0.149528175592422 0.146280363202095 0.138030037283897
0.13704739511013 0.13364152610302 0.135597765445709 0.139014273881912 0.129043012857437 0.129734426736832 0.141573533415794 0.15223091840744 0.153404206037521 0.147072553634644 0.141770988702774 0.135044440627098 0.130446806550026 0.133897304534912 0.134956166148186 0.126083895564079 0.12565878033638 0.131163194775581 0.132057875394821 0.135819852352142 0.131647765636444 0.126051992177963 0.139642730355263 0.149393379688263 0.140300512313843 0.123947933316231 0.11684937775135 0.122365087270737 0.129150882363319 0.126693576574326 0.130939573049545 0.13297925889492 0.126625657081604 0.120928376913071 0.129467517137527 0.145315781235695 0.149719923734665 0.141294091939926 0.138729855418205 0.148923754692078 0.156413063406944 0.150581985712051 0.147981837391853 0.142495527863503 0.140292301774025
0.135299429297447 0.132018268108368 0.136088162660599 0.14025716483593 0.129382327198982 0.133397042751312 0.139090523123741 0.138768911361694 0.142561495304108 0.13708159327507 0.134979873895645 0.140109106898308 0.134678572416306 0.139836966991425 0.140230551362038 0.131934925913811 0.130729615688324 0.135096833109856 0.134855166077614 0.129987135529518 0.136601388454437 0.135255575180054 0.134896546602249 0.138514369726181 0.136231735348701 0.12899412214756 0.126193627715111 0.125860795378685 0.123576939105988 0.122857458889484 0.12936544418335 0.140118807554245 0.143406629562378 0.136721059679985 0.136367246508598 0.139357775449753 0.136578142642975 0.127906441688538 0.126799315214157 0.140224352478981 0.149243414402008 0.14107757806778 0.137822240591049 0.128760427236557 0.129750490188599
