data/1_raw/trimmed_ndre/J_ndre.83.2011_no_clouds.asc
NCOLS 141 
NROWS 118 
XLLCORNER 516845 
YLLCORNER 5169015 
CELLSIZE 5 
NODATA_value -3.4e+38 
[rows 60 to 79 of 118, columns 0 to 44 of 141]
-3.4e+38 0.158592611551285 0.172304674983025 0.174946293234825 0.159428656101227 0.153198733925819 0.156197473406792 0.153861850500107 0.141100853681564 0.142274096608162 0.136780709028244 0.135519564151764 0.14005646109581 0.148545429110527 0.161068186163902 0.156526878476143 0.144748166203499 0.156033739447594 0.15185883641243 0.141532182693481 0.154512941837311 0.152347296476364 0.150435015559196 0.146315276622772 0.132513403892517 0.148056104779243 0.19436003267765 0.220173850655556 0.232005760073662 0.221469834446907 0.222244650125504 0.235504537820816 0.218058735132217 0.222391113638878 0.216714546084404 0.195816546678543 0.187481999397278 0.160345256328583 0.160807967185974 0.175002813339233 0.171168223023415 0.14935390651226 0.154857724905014 0.181200504302979 0.190791264176369
-3.4e+38 0.147188186645508 0.170064926147461 0.175561904907227 0.159912347793579 0.154484763741493 0.155960217118263 0.153710946440697 0.14860674738884 0.149956613779068 0.149760857224464 0.153556793928146 0.144854858517647 0.142140239477158 0.153794318437576 0.159044161438942 0.157916754484177 0.165548086166382 0.154636457562447 0.146203145384789 0.152569636702538 0.149452194571495 0.150439828634262 0.143538519740105 0.139529824256897 0.160025432705879 0.204913407564163 0.228759035468102 0.220479562878609 0.21726156771183 0.224053040146828 0.237391546368599 0.224408343434334 0.218290686607361 0.200547620654106 0.183151662349701 0.18104575574398 0.164761289954185 0.17910735309124 0.180345103144646 0.164194077253342 0.140724629163742 0.15877291560173 0.174093246459961 0.167138978838921
-3.4e+38 0.142025157809258 0.144093260169029 0.155169457197189 0.172872543334961 0.172515943646431 0.154069885611534 0.1503896266222 0.152797892689705 0.150488615036011 0.139658242464066 0.151688784360886 0.154795423150063 0.146917939186096 0.145490914583206 0.152974411845207 0.155571758747101 0.156024247407913 0.147521138191223 0.14504761993885 0.151011437177658 0.153726443648338 0.156468093395233 0.158514484763145 0.179582506418228 0.205237701535225 0.207142263650894 0.201911807060242 0.198977187275887 0.204710334539413 0.207833483815193 0.218198403716087 0.210881605744362 0.190499290823936 0.178145617246628 0.162449896335602 0.170146584510803 0.177213445305824 0.178317978978157 0.170406445860863 0.164002701640129 0.151023700833321 0.163525477051735 0.155950263142586 0.144889324903488
-3.4e+38 0.166117057204247 0.140607953071594 0.135357812047005 0.169486060738564 0.171273201704025 0.147247761487961 0.145671531558037 0.147057890892029 0.146867945790291 0.140752092003822 0.149719849228859 0.163854226469994 0.158073082566261 0.139381870627403 0.150148585438728 0.157740771770477 0.154384776949883 0.146053105592728 0.143444493412971 0.162728369235992 0.184012025594711 0.194552332162857 0.198611572384834 0.220698222517967 0.218534663319588 0.185271114110947 0.182775050401688 0.176639139652252 0.16983388364315 0.173317685723305 0.180868417024612 0.182450339198112 0.176999926567078 0.176481038331985 0.163575008511543 0.17265847325325 0.178556546568871 0.160677701234818 0.152742996811867 0.149046376347542 0.146856531500816 0.155017152428627 0.142787903547287 0.151576444506645
-3.4e+38 0.183377221226692 0.152897402644157 0.135291785001755 0.149203941226006 0.151154085993767 0.152030721306801 0.155165433883667 0.136065676808357 0.145890176296234 0.157233834266663 0.155132263898849 0.149569347500801 0.154432088136673 0.153572604060173 0.154175937175751 0.158635959029198 0.163059026002884 0.154854297637939 0.157209023833275 0.17974092066288 0.20394130051136 0.215551674365997 0.219090491533279 0.20103432238102 0.199174106121063 0.188695907592773 0.184961974620819 0.169177919626236 0.155779033899307 0.150437146425247 0.145026281476021 0.149382799863815 0.15889647603035 0.165926083922386 0.160238534212112 0.165542811155319 0.169009640812874 0.165996447205544 0.159042254090309 0.149819985032082 0.149885132908821 0.150726065039635 0.143191277980804 0.158394992351532
-3.4e+38 0.168272033333778 0.169977605342865 0.14761671423912 0.136576369404793 0.148250743746758 0.146488696336746 0.147939711809158 0.138361036777496 0.150455489754677 0.171225845813751 0.176186919212341 0.159235864877701 0.141554221510887 0.148953080177307 0.14923982322216 0.149317637085915 0.160377606749535 0.148325264453888 0.154297143220901 0.197372198104858 0.204097747802734 0.207842811942101 0.206063032150269 0.186211988329887 0.19344699382782 0.187514215707779 0.170656874775887 0.167172625660896 0.169902458786964 0.1602932959795 0.145127534866333 0.149193421006203 0.158237010240555 0.150151908397675 0.139099791646004 0.139731854200363 0.141676008701324 0.16594210267067 0.171110719442368 0.155376985669136 0.159633636474609 0.15671318769455 0.146731972694397 0.151583254337311
-3.4e+38 0.154073774814606 0.157742023468018 0.145051047205925 0.146419435739517 0.158996179699898 0.146405249834061 0.154439195990562 0.157773673534393 0.152950450778008 0.15661795437336 0.164378628134727 0.151632606983185 0.12549352645874 0.137013792991638 0.145012855529785 0.14050929248333 0.158132404088974 0.148694902658463 0.17559589445591 0.216299474239349 0.201208114624023 0.199743613600731 0.187209963798523 0.165455669164658 0.181281313300133 0.163291096687317 0.144430726766586 0.148298814892769 0.156310513615608 0.161097854375839 0.154783666133881 0.157414272427559 0.168485999107361 0.15438836812973 0.14332814514637 0.139347150921822 0.137380853295326 0.165990084409714 0.16256457567215 0.149082243442535 0.154372826218605 0.165523275732994 0.158013954758644 0.136746793985367
-3.4e+38 0.163533955812454 0.145156979560852 0.139124095439911 0.144196808338165 0.155066534876823 0.165052235126495 0.168366059660912 0.161628097295761 0.150087773799896 0.137580707669258 0.143925577402115 0.14606662094593 0.138932481408119 0.133641794323921 0.139105454087257 0.142834827303886 0.152906984090805 0.160370290279388 0.194716021418571 0.216278627514839 0.191325455904007 0.178411275148392 0.162677854299545 0.162888675928116 0.173182472586632 0.165056988596916 0.15436153113842 0.143098145723343 0.146468505263329 0.160073310136795 0.148469164967537 0.148029565811157 0.160631492733955 0.148296132683754 0.158331215381622 0.153958171606064 0.150978162884712 0.166139125823975 0.144520461559296 0.135258004069328 0.146920323371887 0.161281928420067 0.161186873912811 0.13939993083477
-3.4e+38 0.172662556171417 0.167105883359909 0.158806040883064 0.139925435185432 0.132054939866066 0.151066794991493 0.159763157367706 0.163326933979988 0.151438727974892 0.135642006993294 0.142907470464706 0.142565831542015 0.142274975776672 0.15119306743145 0.155365616083145 0.145624846220016 0.146138057112694 0.160155355930328 0.175884217023849 0.187154859304428 0.179497554898262 0.164156273007393 0.152888640761375 0.16236113011837 0.163727924227715 0.151306048035622 0.158308207988739 0.153446465730667 0.151825308799744 0.162102684378624 0.145369365811348 0.149387195706367 0.15482859313488 0.141404241323471 0.158907935023308 0.156320556998253 0.157286614179611 0.166327565908432 0.140245795249939 0.138571754097939 0.146762117743492 0.146681934595108 0.151134490966797 0.152570709586143
-3.4e+38 0.21206134557724 0.221517652273178 0.203611806035042 0.170889496803284 0.157788425683975 0.151685133576393 0.146021962165833 0.154902845621109 0.150421604514122 0.128922536969185 0.132515117526054 0.141629904508591 0.145841419696808 0.155523285269737 0.156990855932236 0.144756108522415 0.148217901587486 0.165457844734192 0.168801933526993 0.163447663187981 0.168918415904045 0.167678117752075 0.161426603794098 0.165438294410706 0.15544219315052 0.157332375645638 0.179604738950729 0.162598416209221 0.159165874123573 0.154877945780754 0.133835077285767 0.150850757956505 0.158757984638214 0.144036740064621 0.148782074451447 0.147812873125076 0.147056326270103 0.169041454792023 0.173324927687645 0.170595467090607 0.152778685092926 0.136763244867325 0.138309001922607 0.148936718702316
-3.4e+38 0.26557257771492 0.260047763586044 0.233172595500946 0.202275931835175 0.189770355820656 0.1514662951231 0.133081316947937 0.146903574466705 0.154338300228119 0.137269988656044 0.133802682161331 0.152387157082558 0.144699424505234 0.147834688425064 0.156388223171234 0.163619443774223 0.164519235491753 0.174886167049408 0.176261633634567 0.158764734864235 0.151642054319382 0.145046025514603 0.145203962922096 0.154850453138351 0.143115073442459 0.166672855615616 0.189592733979225 0.160560935735703 0.171548396348953 0.162962600588799 0.141596123576164 0.155002236366272 0.165711805224419 0.15579779446125 0.162106573581696 0.176502764225006 0.143606141209602 0.15704657137394 0.186723425984383 0.183560520410538 0.154504790902138 0.136978074908257 0.141754120588303 0.149387136101723
-3.4e+38 0.30850875377655 0.299353241920471 0.267759829759598 0.235518604516983 0.204848453402519 0.15506811439991 0.136565655469894 0.146232560276985 0.152592033147812 0.137535288929939 0.138303801417351 0.155228868126869 0.153404653072357 0.159977242350578 0.174913913011551 0.178978353738785 0.166516989469528 0.170404434204102 0.180055677890778 0.178686007857323 0.179489746689796 0.179282799363136 0.167115896940231 0.149973005056381 0.137182429432869 0.153379961848259 0.164502963423729 0.161202654242516 0.182893976569176 0.175011843442917 0.15770260989666 0.153887286782265 0.158318907022476 0.166083112359047 0.171751514077187 0.180771693587303 0.159291133284569 0.144278839230537 0.152881726622581 0.165700644254684 0.153904721140862 0.164914295077324 0.161015763878822 0.154401868581772
-3.4e+38 0.309357225894928 0.304840087890625 0.283029198646545 0.255733013153076 0.212188005447388 0.16899710893631 0.16580605506897 0.163178607821465 0.150385454297066 0.135459095239639 0.145272076129913 0.16488541662693 0.169312447309494 0.163882970809937 0.166003450751305 0.162733882665634 0.151203766465187 0.161752834916115 0.171335279941559 0.189014121890068 0.20422089099884 0.197327002882957 0.184523552656174 0.163791537284851 0.155237093567848 0.158275678753853 0.160429790616035 0.177901983261108 0.187580645084381 0.175868794322014 0.169521033763885 0.170382723212242 0.167650803923607 0.163755938410759 0.171459048986435 0.18890605866909 0.202556565403938 0.16579969227314 0.140537396073341 0.163196533918381 0.175972059369087 0.17513969540596 0.163377851247787 0.147105619311333
-3.4e+38 0.304027944803238 0.299641370773315 0.284056156873703 0.273113250732422 0.207566574215889 0.15254819393158 0.164907947182655 0.164331287145615 0.1440769135952 0.142078176140785 0.171780407428741 0.173892989754677 0.168845981359482 0.155852973461151 0.143485710024834 0.147969186306 0.159844040870667 0.174840047955513 0.177596062421799 0.179956644773483 0.18409988284111 0.172454878687859 0.171676069498062 0.174002587795258 0.164526119828224 0.15863923728466 0.173342764377594 0.190804377198219 0.187668293714523 0.178804993629456 0.178627014160156 0.18124170601368 0.169290378689766 0.161794915795326 0.190919443964958 0.1884775608778 0.187533482909203 0.179707676172256 0.156018912792206 0.167574688792229 0.170935556292534 0.150327444076538 0.154233783483505 0.149415984749794
-3.4e+38 0.317055135965347 0.303958117961884 0.291632980108261 0.28459906578064 0.212427601218224 0.148984760046005 0.146806001663208 0.145678669214249 0.135992243885994 0.130417600274086 0.156344339251518 0.17011870443821 0.166855856776237 0.151210248470306 0.138670459389687 0.141488686203957 0.14633072912693 0.164175614714622 0.177069216966629 0.159852266311646 0.164025276899338 0.177322372794151 0.172947108745575 0.174177587032318 0.168077811598778 0.158618003129959 0.175184056162834 0.190385431051254 0.18456506729126 0.177401036024094 0.174943119287491 0.171287342905998 0.172676205635071 0.168391585350037 0.16890287399292 0.191344171762466 0.196229785680771 0.18295593559742 0.164649605751038 0.149739518761635 0.171936959028244 0.177667379379272 0.159486174583435 0.153186500072479
-3.4e+38 0.31291264295578 0.293773770332336 0.292050182819366 0.281301259994507 0.228306546807289 0.178132817149162 0.150590553879738 0.139030754566193 0.139890089631081 0.134850278496742 0.143759235739708 0.17031018435955 0.157897368073463 0.142370492219925 0.136333957314491 0.137868836522102 0.140645503997803 0.157234445214272 0.173462525010109 0.153841435909271 0.160480871796608 0.174376994371414 0.166111826896667 0.161688894033432 0.172307133674622 0.158619493246078 0.169376984238625 0.187566205859184 0.177622005343437 0.16817082464695 0.162410885095596 0.155569672584534 0.162746876478195 0.158193096518517 0.17223958671093 0.206658840179443 0.195927664637566 0.175211295485497 0.166480183601379 0.157949447631836 0.15072825551033 0.162292823195457 0.152579620480537 0.14957857131958
-3.4e+38 0.339103072881699 0.310305446386337 0.304042726755142 0.290196895599365 0.229636251926422 0.176017612218857 0.149380102753639 0.146525993943214 0.157392486929893 0.160452574491501 0.153412312269211 0.154837146401405 0.158673480153084 0.141323760151863 0.143407046794891 0.148479744791985 0.154690846800804 0.156199246644974 0.169150233268738 0.163380116224289 0.158719301223755 0.153710678219795 0.148543834686279 0.159087777137756 0.177268862724304 0.152645707130432 0.168609872460365 0.190847396850586 0.171603247523308 0.159456595778465 0.15406134724617 0.14949931204319 0.16125762462616 0.164740443229675 0.184244632720947 0.201062813401222 0.188425078988075 0.191196426749229 0.192241236567497 0.164857625961304 0.13518488407135 0.147295325994492 0.14372082054615 0.141889303922653
-3.4e+38 0.360416024923325 0.338393121957779 0.324786305427551 0.313550472259521 0.266394823789597 0.198230355978012 0.18081758916378 0.170146226882935 0.160790964961052 0.154623493552208 0.153120666742325 0.146447524428368 0.144361034035683 0.14618918299675 0.155484110116959 0.161323755979538 0.146904915571213 0.132224395871162 0.155823141336441 0.170752555131912 0.151847526431084 0.139733225107193 0.143756285309792 0.165304556488991 0.171623215079308 0.141713306307793 0.173789530992508 0.188113152980804 0.167447656393051 0.157790794968605 0.159734755754471 0.158034071326256 0.165251091122627 0.174475222826004 0.185531213879585 0.189081415534019 0.180092811584473 0.186650156974792 0.188244864344597 0.166510745882988 0.151521876454353 0.152803629636765 0.157267570495605 0.159607410430908
-3.4e+38 0.358731269836426 0.360627084970474 0.363290876150131 0.338055729866028 0.310780853033066 0.262401878833771 0.234527066349983 0.192473456263542 0.167921826243401 0.166378393769264 0.158465549349785 0.147582694888115 0.148179814219475 0.154404640197754 0.146413624286652 0.160775855183601 0.157803177833557 0.138253092765808 0.147277027368546 0.160352572798729 0.160480365157127 0.15935891866684 0.155413612723351 0.170862033963203 0.164985179901123 0.148210316896439 0.169718965888023 0.170263975858688 0.162089973688126 0.164072662591934 0.155556842684746 0.153921201825142 0.15330083668232 0.171327888965607 0.183510586619377 0.165167823433876 0.155669793486595 0.164562836289406 0.163758099079132 0.164451941847801 0.145780026912689 0.147055044770241 0.15872086584568 0.165019512176514
0.371857136487961 0.369203120470047 0.365421414375305 0.365894168615341 0.36532586812973 0.35005447268486 0.318216294050217 0.276081323623657 0.243978872895241 0.203450918197632 0.180018752813339 0.168385982513428 0.166260465979576 0.168106004595757 0.15848346054554 0.14856381714344 0.154587551951408 0.153037264943123 0.148815974593163 0.142372876405716 0.1519875228405 0.14773528277874 0.154909059405327 0.167964324355125 0.170497685670853 0.164088755846024 0.15822771191597 0.151380375027657 0.145192995667458 0.142757132649422 0.15715417265892 0.15362685918808 0.145628556609154 0.128235384821892 0.151245430111885 0.172939077019691 0.146415501832962 0.143378898501396 0.153956323862076 0.155542224645615 0.16132003068924 0.152557134628296 0.151504024863243 0.152446895837784 0.159231394529343
