data/1_raw/trimmed_ndre/J_ndre.627.2010_no_clouds.asc
NCOLS 141 
NROWS 118 
XLLCORNER 516845 
YLLCORNER 5169015 
CELLSIZE 5 
NODATA_value -3.4e+38 
[rows 60 to 79 of 118, columns 0 to 44 of 141]
-3.4e+38 0.521846652030945 0.532113194465637 0.539662301540375 0.552896082401276 0.574190497398376 0.594870209693909 0.60309773683548 0.612488985061646 0.630908608436584 0.616100013256073 0.580269932746887 0.577243328094482 0.603216767311096 0.615366876125336 0.618932366371155 0.612925291061401 0.604426681995392 0.596814215183258 0.597817242145538 0.593506634235382 0.599776029586792 0.608315289020538 0.613205015659332 0.601400375366211 0.587419629096985 0.603848040103912 0.60996425151825 0.595082700252533 0.613082885742188 0.636182606220245 0.642601191997528 0.652596712112427 0.65802139043808 0.660090804100037 0.652003169059753 0.629652798175812 0.611352980136871 0.589067220687866 0.564391314983368 0.551374077796936 0.551324844360352 0.590344905853271 0.620741486549377 0.628299117088318
-3.4e+38 0.527735710144043 0.542434215545654 0.538379728794098 0.552326202392578 0.575310707092285 0.591964423656464 0.600146412849426 0.604111433029175 0.632516145706177 0.634521663188934 0.603841125965118 0.59791773557663 0.604487597942352 0.608776569366455 0.605256199836731 0.611106216907501 0.62104320526123 0.622563064098358 0.622708261013031 0.623582541942596 0.629361927509308 0.63617354631424 0.629558622837067 0.610652685165405 0.606877267360687 0.6372230052948 0.641534447669983 0.628126561641693 0.643449246883392 0.647174000740051 0.637857258319855 0.636921465396881 0.630143463611603 0.633090555667877 0.640800654888153 0.634558081626892 0.612083315849304 0.592358648777008 0.561697840690613 0.551284968852997 0.563053786754608 0.593962132930756 0.635065734386444 0.650472164154053
-3.4e+38 0.547162592411041 0.563006103038788 0.560312271118164 0.576243937015533 0.586250245571136 0.575847566127777 0.584989607334137 0.593104183673859 0.607201993465424 0.625173687934875 0.628083109855652 0.627139210700989 0.620085775852203 0.605290770530701 0.59064769744873 0.591821908950806 0.610550820827484 0.622230470180511 0.633575916290283 0.637341022491455 0.632775783538818 0.636365294456482 0.642953395843506 0.642199099063873 0.644975781440735 0.659837484359741 0.657433450222015 0.656213998794556 0.66418468952179 0.657759785652161 0.639231026172638 0.627561211585999 0.612017571926117 0.612410366535187 0.628408372402191 0.636862814426422 0.627461671829224 0.603463590145111 0.580345332622528 0.561897873878479 0.571085095405579 0.584848463535309 0.621704459190369 0.641606569290161
-3.4e+38 0.563888072967529 0.579914212226868 0.592811942100525 0.602549910545349 0.603074669837952 0.586744010448456 0.584960281848907 0.578643441200256 0.581445574760437 0.603446781635284 0.620795786380768 0.621829986572266 0.614361166954041 0.603986144065857 0.602303862571716 0.609095513820648 0.617033898830414 0.615890800952911 0.614172518253326 0.603767096996307 0.593834042549133 0.598970234394073 0.62854266166687 0.651929557323456 0.662233293056488 0.665388464927673 0.666069507598877 0.667784571647644 0.668300747871399 0.662599802017212 0.655559659004211 0.641912460327148 0.632153034210205 0.633271634578705 0.646053552627563 0.652216851711273 0.646059572696686 0.619274497032166 0.591926276683807 0.56895250082016 0.571362614631653 0.589916110038757 0.6159508228302 0.639627456665039
-3.4e+38 0.568537950515747 0.592880547046661 0.6148801445961 0.618263840675354 0.613650560379028 0.596585154533386 0.582230627536774 0.576851665973663 0.566759347915649 0.572842836380005 0.583697497844696 0.605213046073914 0.614544928073883 0.615715563297272 0.613678574562073 0.61781907081604 0.625124216079712 0.615468800067902 0.600444078445435 0.577257215976715 0.570665299892426 0.573458313941956 0.614901602268219 0.649861454963684 0.657265841960907 0.667362689971924 0.671908974647522 0.667999863624573 0.671313643455505 0.668419718742371 0.66456401348114 0.64488685131073 0.631283760070801 0.637887179851532 0.652525246143341 0.655161738395691 0.646053194999695 0.610551476478577 0.57198965549469 0.556163787841797 0.563089549541473 0.593820631504059 0.613045752048492 0.64237517118454
-3.4e+38 0.57813972234726 0.611550092697144 0.623084485530853 0.620137751102448 0.61108261346817 0.596093058586121 0.575833737850189 0.567009806632996 0.551641404628754 0.54456239938736 0.555547475814819 0.588774740695953 0.615529239177704 0.61934620141983 0.610206782817841 0.602588832378387 0.606781780719757 0.610996544361115 0.600669145584106 0.576362073421478 0.575412452220917 0.591749727725983 0.629302501678467 0.646109282970428 0.632494866847992 0.648499965667725 0.648797273635864 0.644377470016479 0.663890957832336 0.667447507381439 0.651418924331665 0.639565527439117 0.629122912883759 0.633764147758484 0.643066346645355 0.645968019962311 0.630122423171997 0.59564346075058 0.543136477470398 0.529196739196777 0.539376020431519 0.573159158229828 0.598966896533966 0.620692789554596
-3.4e+38 0.589484512805939 0.620659232139587 0.621368050575256 0.612727880477905 0.599204242229462 0.589734256267548 0.564556181430817 0.549532413482666 0.550098598003387 0.554081082344055 0.574048042297363 0.594409465789795 0.613619029521942 0.612813353538513 0.606163501739502 0.595808327198029 0.594493687152863 0.599724233150482 0.592030346393585 0.561425983905792 0.572249889373779 0.611015379428864 0.63728141784668 0.617513239383698 0.591804027557373 0.620751559734344 0.614024221897125 0.606568038463593 0.639240205287933 0.64489209651947 0.629791438579559 0.630232453346252 0.624861598014832 0.628024816513062 0.639199018478394 0.641769170761108 0.618875503540039 0.579795122146606 0.541454672813416 0.519503533840179 0.526695609092712 0.549291729927063 0.578348398208618 0.592369079589844
-3.4e+38 0.599837481975555 0.61283266544342 0.599656939506531 0.583088934421539 0.557082414627075 0.552226126194 0.553395450115204 0.548372089862823 0.558603584766388 0.568582892417908 0.595393657684326 0.611531972885132 0.617730736732483 0.60036426782608 0.58410370349884 0.585286498069763 0.589008390903473 0.579436779022217 0.587054431438446 0.582697629928589 0.574929773807526 0.591857969760895 0.597549080848694 0.565842628479004 0.561415791511536 0.605872809886932 0.623504221439362 0.622734129428864 0.627169787883759 0.625691533088684 0.624101996421814 0.62433260679245 0.61653059720993 0.615849673748016 0.625570237636566 0.629034996032715 0.610970854759216 0.587030589580536 0.573279678821564 0.552341103553772 0.557233512401581 0.569503545761108 0.593190848827362 0.613570868968964
-3.4e+38 0.610066950321198 0.601418316364288 0.580167293548584 0.560171484947205 0.522888600826263 0.527164697647095 0.561104476451874 0.562840163707733 0.574602425098419 0.588597595691681 0.624337732791901 0.64750599861145 0.65037614107132 0.624630808830261 0.594655752182007 0.593685507774353 0.612506508827209 0.62162309885025 0.631081700325012 0.611611008644104 0.571503281593323 0.555071890354156 0.554424047470093 0.557949960231781 0.576236844062805 0.612992644309998 0.637805879116058 0.637469112873077 0.615168690681458 0.607171058654785 0.618673801422119 0.627204060554504 0.618692278862 0.613237500190735 0.617509186267853 0.625100910663605 0.619663715362549 0.615144491195679 0.613734364509583 0.59598845243454 0.58712512254715 0.601306855678558 0.627735793590546 0.65061342716217
-3.4e+38 0.615470826625824 0.604472279548645 0.583084225654602 0.553387343883514 0.524230599403381 0.5307657122612 0.572026073932648 0.581748247146606 0.606544315814972 0.627060174942017 0.644843101501465 0.660498678684235 0.665096402168274 0.657791495323181 0.640368342399597 0.633125364780426 0.631367385387421 0.636748075485229 0.63304215669632 0.60295957326889 0.557404458522797 0.536857724189758 0.52581113576889 0.553826928138733 0.590974867343903 0.619457602500916 0.624964833259583 0.618549704551697 0.601779043674469 0.59250819683075 0.60434764623642 0.613207519054413 0.616230845451355 0.618326783180237 0.616001427173615 0.620461761951447 0.626149594783783 0.633486807346344 0.624038696289062 0.604167938232422 0.592161476612091 0.594912588596344 0.618038535118103 0.63978910446167
-3.4e+38 0.620655655860901 0.617064356803894 0.591792821884155 0.571008026599884 0.558138251304626 0.553766906261444 0.5738405585289 0.603666365146637 0.633150935173035 0.649490237236023 0.64511775970459 0.639957964420319 0.637284755706787 0.637668967247009 0.639506995677948 0.643062591552734 0.641049921512604 0.639154672622681 0.632788717746735 0.615493297576904 0.561210930347443 0.52570378780365 0.51334536075592 0.529580235481262 0.56817638874054 0.595681071281433 0.605697929859161 0.599391043186188 0.608052313327789 0.602510631084442 0.599763870239258 0.604651927947998 0.614581227302551 0.620900988578796 0.615281999111176 0.619295239448547 0.628173649311066 0.624371707439423 0.610156774520874 0.590077757835388 0.58470219373703 0.568238079547882 0.570331215858459 0.596458494663239
-3.4e+38 0.603517949581146 0.600828528404236 0.582399427890778 0.576840102672577 0.573653876781464 0.568074584007263 0.574269354343414 0.607535779476166 0.633036315441132 0.651615560054779 0.639478743076324 0.614825189113617 0.587901175022125 0.590252161026001 0.607536971569061 0.641029417514801 0.653657555580139 0.648202359676361 0.642087936401367 0.624407112598419 0.57878053188324 0.515729784965515 0.504089593887329 0.517365276813507 0.55269581079483 0.579673409461975 0.599056899547577 0.6158367395401 0.623800694942474 0.610847294330597 0.597520589828491 0.604150116443634 0.614761233329773 0.625881612300873 0.62764048576355 0.633448719978333 0.629834115505219 0.615047216415405 0.609155237674713 0.582268178462982 0.565449833869934 0.567319571971893 0.567152500152588 0.581825852394104
-3.4e+38 0.589624643325806 0.580076813697815 0.560757875442505 0.554943323135376 0.567926347255707 0.589842021465302 0.600775003433228 0.622145414352417 0.636476874351501 0.648605406284332 0.635728299617767 0.610867202281952 0.590223908424377 0.592917144298553 0.606620609760284 0.646329581737518 0.669364452362061 0.655399978160858 0.653287351131439 0.637144684791565 0.602769434452057 0.550607025623322 0.526483595371246 0.54030168056488 0.565129697322845 0.595516324043274 0.608781635761261 0.626671135425568 0.636265516281128 0.626737892627716 0.609204709529877 0.607338190078735 0.614666700363159 0.622001767158508 0.625065684318542 0.62883323431015 0.622445642948151 0.612163901329041 0.607109010219574 0.583734452724457 0.56517881155014 0.57329910993576 0.575774908065796 0.574561774730682
-3.4e+38 0.597577810287476 0.59601891040802 0.573830783367157 0.556919455528259 0.5648472905159 0.596462965011597 0.618380844593048 0.631093800067902 0.634472191333771 0.631726682186127 0.604666411876678 0.581871032714844 0.588584959506989 0.611660420894623 0.632065176963806 0.642080187797546 0.661852121353149 0.667694330215454 0.6666100025177 0.646692991256714 0.613663613796234 0.585408389568329 0.561231970787048 0.564332604408264 0.572002708911896 0.599299967288971 0.620784997940063 0.626290082931519 0.642067074775696 0.643472075462341 0.625726163387299 0.612061858177185 0.606784820556641 0.60364180803299 0.610430419445038 0.619996130466461 0.617647707462311 0.613769173622131 0.607349574565887 0.594384849071503 0.58296811580658 0.583183526992798 0.586823403835297 0.588558554649353
-3.4e+38 0.587006688117981 0.588720381259918 0.587269723415375 0.579110264778137 0.583367228507996 0.593467712402344 0.61709600687027 0.628787755966187 0.622115731239319 0.599956750869751 0.572960078716278 0.549746751785278 0.572519242763519 0.618102431297302 0.662120580673218 0.671836912631989 0.669905543327332 0.683161616325378 0.683627903461456 0.66470605134964 0.637998759746552 0.619187474250793 0.594541907310486 0.570970475673676 0.574503779411316 0.601132273674011 0.623662412166595 0.621884226799011 0.628015458583832 0.624118328094482 0.608945608139038 0.603437006473541 0.59841126203537 0.596635699272156 0.599930167198181 0.615949988365173 0.624124526977539 0.62144660949707 0.621051728725433 0.613694131374359 0.602132141590118 0.596426129341125 0.600471377372742 0.602777600288391
-3.4e+38 0.559005320072174 0.557607173919678 0.564853489398956 0.566021621227264 0.577715218067169 0.595470666885376 0.63288688659668 0.651323854923248 0.645118176937103 0.598721325397491 0.560246229171753 0.558728933334351 0.59026974439621 0.625333726406097 0.655168116092682 0.681538939476013 0.675509631633759 0.682864129543304 0.690711319446564 0.673020720481873 0.664470374584198 0.65204918384552 0.633984446525574 0.604886174201965 0.598911464214325 0.617574572563171 0.623544633388519 0.62080717086792 0.614352703094482 0.5999995470047 0.591916263103485 0.597575426101685 0.605792701244354 0.611669301986694 0.612821578979492 0.626396775245667 0.634741485118866 0.629217147827148 0.632811486721039 0.626892983913422 0.614000022411346 0.60717511177063 0.609695792198181 0.615691959857941
-3.4e+38 0.581866860389709 0.576390206813812 0.573032259941101 0.575852572917938 0.599721610546112 0.620847642421722 0.650109946727753 0.663466095924377 0.655328571796417 0.61575311422348 0.562009274959564 0.564610719680786 0.606112480163574 0.634753704071045 0.640121579170227 0.667025685310364 0.678103566169739 0.66742354631424 0.669212460517883 0.671095907688141 0.672137439250946 0.672151625156403 0.662507236003876 0.646286308765411 0.636562645435333 0.634008347988129 0.623442113399506 0.620686829090118 0.610879123210907 0.599453151226044 0.595016300678253 0.601212859153748 0.609812676906586 0.619198858737946 0.628849685192108 0.635772287845612 0.632237076759338 0.626347839832306 0.627352714538574 0.625108957290649 0.616871058940887 0.61587005853653 0.619774758815765 0.626791834831238
-3.4e+38 0.608132898807526 0.597931802272797 0.600294232368469 0.602102398872375 0.625019729137421 0.65022736787796 0.655862629413605 0.658796608448029 0.642671406269073 0.618613004684448 0.573586523532867 0.562120676040649 0.596545517444611 0.625203132629395 0.630033195018768 0.645088970661163 0.653981506824493 0.648402035236359 0.660470306873322 0.676022350788116 0.677416801452637 0.68153589963913 0.672263324260712 0.654730498790741 0.649019658565521 0.63289749622345 0.617411851882935 0.625278472900391 0.627898275852203 0.610902369022369 0.595089912414551 0.592197239398956 0.605060935020447 0.615441679954529 0.630754411220551 0.636086463928223 0.623857378959656 0.617980539798737 0.621880412101746 0.626377284526825 0.622162163257599 0.620114624500275 0.624150037765503 0.630438685417175
-3.4e+38 0.618824899196625 0.604481756687164 0.602131426334381 0.618371307849884 0.633644998073578 0.655947744846344 0.658227264881134 0.655797362327576 0.63330090045929 0.607394337654114 0.579862296581268 0.556233644485474 0.568181037902832 0.590458035469055 0.616530895233154 0.631053864955902 0.642634630203247 0.651583731174469 0.661117732524872 0.674911737442017 0.683618724346161 0.685030698776245 0.675494492053986 0.659022033214569 0.650784254074097 0.637357175350189 0.628225803375244 0.633183717727661 0.637412309646606 0.622654736042023 0.601547122001648 0.595905184745789 0.602210640907288 0.609484493732452 0.627866148948669 0.635358512401581 0.624938547611237 0.623126327991486 0.631820201873779 0.634677827358246 0.619419276714325 0.613694190979004 0.618791460990906 0.620880365371704
0.626377761363983 0.636310279369354 0.63380765914917 0.615803599357605 0.613026797771454 0.61808979511261 0.636755287647247 0.656855642795563 0.661563336849213 0.637965440750122 0.594916880130768 0.567637324333191 0.543218731880188 0.543770790100098 0.565167546272278 0.589675724506378 0.613338351249695 0.626963376998901 0.629535615444183 0.640691578388214 0.661038458347321 0.675048649311066 0.67723149061203 0.67160838842392 0.652597188949585 0.635578632354736 0.628377914428711 0.634431183338165 0.641341686248779 0.642590761184692 0.635450541973114 0.620506584644318 0.615689873695374 0.613966822624207 0.624879240989685 0.635323047637939 0.639815926551819 0.634317636489868 0.633735001087189 0.648552596569061 0.637137830257416 0.60953277349472 0.610843539237976 0.611971735954285 0.609260261058807
