data/1_raw/trimmed_ndre/J_ndre.627.2010_no_clouds.asc
NCOLS 141 
NROWS 118 
XLLCORNER 516845 
YLLCORNER 5169015 
CELLSIZE 5 
NODATA_value -3.4e+38 
[rows 40 to 59 of 118, columns 45 to 89 of 141]
0.628707885742188 0.639594852924347 0.639190196990967 0.630605697631836 0.633480548858643 0.645925402641296 0.656917572021484 0.656838655471802 0.651753425598145 0.647903978824615 0.658945620059967 0.668305933475494 0.660837948322296 0.653144359588623 0.653385579586029 0.641347527503967 0.62646621465683 0.630084812641144 0.646376252174377 0.647491931915283 0.631562054157257 0.61150586605072 0.601434707641602 0.607012867927551 0.624888002872467 0.629386961460114 0.612574398517609 0.60711795091629 0.600551605224609 0.590417802333832 0.568436861038208 0.565813004970551 0.581406116485596 0.594531416893005 0.585222780704498 0.551783323287964 0.519774734973907 0.473966598510742 0.453463077545166 0.443048536777496 0.484403848648071 0.542366802692413 0.560349822044373 0.54691469669342 0.530259311199188
0.63613361120224 0.640734255313873 0.641276597976685 0.635454714298248 0.643243074417114 0.650198340415955 0.653373301029205 0.651785433292389 0.645587086677551 0.647957563400269 0.660390257835388 0.671707808971405 0.664922654628754 0.649253487586975 0.635990142822266 0.629478096961975 0.617435097694397 0.626124024391174 0.649280726909637 0.65417617559433 0.646209061145782 0.642632365226746 0.640340805053711 0.645749151706696 0.653926432132721 0.646061182022095 0.633303344249725 0.628410458564758 0.605711460113525 0.595799684524536 0.597440481185913 0.597327947616577 0.593182742595673 0.576621651649475 0.528150618076324 0.472304224967957 0.444217264652252 0.417360484600067 0.396800100803375 0.409773677587509 0.465396821498871 0.52327024936676 0.531480193138123 0.509400606155396 0.499070823192596
0.646241962909698 0.639600694179535 0.633044242858887 0.636378943920135 0.656595528125763 0.650643050670624 0.63601541519165 0.641080498695374 0.648949325084686 0.652424335479736 0.650631844997406 0.656448245048523 0.660052359104156 0.653582394123077 0.631389796733856 0.614538133144379 0.60552704334259 0.613754034042358 0.634168028831482 0.637186110019684 0.63601678609848 0.64044451713562 0.643202900886536 0.650063097476959 0.651975631713867 0.647235929965973 0.639833211898804 0.627694010734558 0.610876321792603 0.600510776042938 0.603484690189362 0.603669583797455 0.585358440876007 0.535191357135773 0.474666327238083 0.41730323433876 0.414928287267685 0.421458154916763 0.411765426397324 0.42216420173645 0.449467450380325 0.497553497552872 0.501250267028809 0.470502287149429 0.472987353801727
0.640634298324585 0.634643197059631 0.624848484992981 0.629366457462311 0.645870745182037 0.642803907394409 0.62674742937088 0.629842936992645 0.641491055488586 0.650991141796112 0.647559285163879 0.648467540740967 0.657799243927002 0.666317164897919 0.649998605251312 0.620710730552673 0.609274446964264 0.606024622917175 0.617255687713623 0.624721705913544 0.625225424766541 0.640130221843719 0.661449730396271 0.667508780956268 0.666370987892151 0.657566905021667 0.641224503517151 0.621966302394867 0.607337117195129 0.59191769361496 0.58062744140625 0.56791090965271 0.542704284191132 0.471437752246857 0.41399359703064 0.412203669548035 0.441330969333649 0.459694445133209 0.453795343637466 0.446844190359116 0.456378698348999 0.48856446146965 0.498283118009567 0.480326503515244 0.485761404037476
0.627753794193268 0.625884115695953 0.622776031494141 0.626668691635132 0.638158202171326 0.642933487892151 0.637125611305237 0.634512484073639 0.644895315170288 0.655454754829407 0.655634343624115 0.653421342372894 0.653451323509216 0.650644958019257 0.636242568492889 0.611925423145294 0.600903809070587 0.601547420024872 0.609615325927734 0.62092113494873 0.627487063407898 0.641942143440247 0.668335497379303 0.678812265396118 0.684695303440094 0.679678678512573 0.660638034343719 0.637515962123871 0.615291178226471 0.597048401832581 0.587189257144928 0.564112544059753 0.528478860855103 0.44300165772438 0.394018530845642 0.425557732582092 0.45674654841423 0.46414503455162 0.453592777252197 0.46089181303978 0.479584574699402 0.495791375637054 0.505259811878204 0.513034403324127 0.519935131072998
0.629033982753754 0.625815093517303 0.624484837055206 0.623074173927307 0.625229775905609 0.627441644668579 0.619103074073792 0.609363853931427 0.61749666929245 0.622718870639801 0.624105513095856 0.629271745681763 0.637521862983704 0.632280826568604 0.6158846616745 0.596662282943726 0.585188388824463 0.592746794223785 0.603000521659851 0.597625553607941 0.594970524311066 0.593670189380646 0.621186792850494 0.660892307758331 0.67153412103653 0.674953281879425 0.671540200710297 0.654879510402679 0.623465001583099 0.602654159069061 0.602383852005005 0.57695484161377 0.522738635540009 0.440851330757141 0.408399045467377 0.455011308193207 0.48112154006958 0.483161777257919 0.474742710590363 0.483250856399536 0.502443313598633 0.515775620937347 0.520237565040588 0.537924706935883 0.554797351360321
0.635097742080688 0.628992319107056 0.624074816703796 0.625213623046875 0.623900413513184 0.617747187614441 0.601072251796722 0.580412089824677 0.570831477642059 0.564227044582367 0.557162225246429 0.563412308692932 0.580171167850494 0.594567954540253 0.60094141960144 0.607641816139221 0.582932889461517 0.562940299510956 0.570819139480591 0.553249180316925 0.539102673530579 0.551906526088715 0.583088874816895 0.62980329990387 0.649647355079651 0.662041187286377 0.659584879875183 0.646456062793732 0.612447798252106 0.591677784919739 0.600762605667114 0.581414341926575 0.505427956581116 0.424025923013687 0.406341195106506 0.471955507993698 0.498239248991013 0.503692209720612 0.505713045597076 0.516949534416199 0.543182790279388 0.563702821731567 0.563704371452332 0.578310787677765 0.594424784183502
0.627999126911163 0.630204737186432 0.627420485019684 0.629347383975983 0.61983984708786 0.601362526416779 0.58506315946579 0.567102551460266 0.552431166172028 0.545999109745026 0.529859185218811 0.524929344654083 0.530577659606934 0.540722846984863 0.569132268428802 0.595411717891693 0.597781360149384 0.57548326253891 0.565828442573547 0.539481997489929 0.534825563430786 0.556769788265228 0.572593092918396 0.609765291213989 0.633342981338501 0.63206958770752 0.622947633266449 0.617449045181274 0.593607366085052 0.578063130378723 0.584178864955902 0.566735804080963 0.51828533411026 0.457937806844711 0.422087252140045 0.440781325101852 0.470644801855087 0.492163330316544 0.505169928073883 0.526120960712433 0.554263770580292 0.584908783435822 0.596845686435699 0.607767701148987 0.613730907440186
0.620484054088593 0.627433240413666 0.625068724155426 0.618279159069061 0.609493136405945 0.588166832923889 0.571084856987 0.560140013694763 0.548591911792755 0.537761032581329 0.522572159767151 0.518138349056244 0.530270099639893 0.536343336105347 0.564292788505554 0.595878958702087 0.606881320476532 0.614161610603333 0.605514883995056 0.590629637241364 0.59114795923233 0.595552146434784 0.578329622745514 0.589904129505157 0.608222424983978 0.601645469665527 0.591131985187531 0.58820366859436 0.579536855220795 0.580855131149292 0.58198070526123 0.564013838768005 0.544184565544128 0.493285834789276 0.437352478504181 0.408154964447021 0.434103965759277 0.465160459280014 0.49409207701683 0.521131992340088 0.542599439620972 0.569948017597198 0.594627737998962 0.603632509708405 0.599120497703552
0.609965682029724 0.613321840763092 0.601438283920288 0.592927575111389 0.599065542221069 0.590827941894531 0.579849898815155 0.574602067470551 0.564995467662811 0.556008160114288 0.550225913524628 0.551086485385895 0.554852843284607 0.554008722305298 0.571387767791748 0.596184372901917 0.605018377304077 0.615102112293243 0.617510199546814 0.613641619682312 0.604530811309814 0.595561325550079 0.58647894859314 0.589062809944153 0.593123257160187 0.582923948764801 0.571659564971924 0.575462758541107 0.590169668197632 0.59690123796463 0.597630321979523 0.589108526706696 0.583100974559784 0.548763871192932 0.501308798789978 0.475157052278519 0.485598891973495 0.506339013576508 0.51386946439743 0.534105539321899 0.547262132167816 0.561927735805511 0.585162341594696 0.596077799797058 0.591709077358246
0.557190418243408 0.563606142997742 0.578451037406921 0.585720717906952 0.589404702186584 0.580905675888062 0.585011541843414 0.588645040988922 0.580869436264038 0.564009487628937 0.561098396778107 0.573956191539764 0.574486196041107 0.573750495910645 0.581911206245422 0.585423350334167 0.581113755702972 0.579185605049133 0.583067774772644 0.588624894618988 0.586669445037842 0.586195290088654 0.582817912101746 0.578300476074219 0.57390683889389 0.568065702915192 0.567776739597321 0.574577689170837 0.580595552921295 0.577154219150543 0.577675759792328 0.583244860172272 0.593164384365082 0.588767528533936 0.566955924034119 0.54920619726181 0.541423916816711 0.548688352108002 0.550584316253662 0.563246786594391 0.573500394821167 0.57495254278183 0.578276693820953 0.581483781337738 0.585193753242493
0.55285507440567 0.563861072063446 0.584300339221954 0.585185527801514 0.587974846363068 0.592388808727264 0.598215878009796 0.587816476821899 0.569812893867493 0.549961447715759 0.550100207328796 0.574742257595062 0.576594829559326 0.588021039962769 0.594801127910614 0.588917016983032 0.581756114959717 0.577084183692932 0.581707715988159 0.581668794155121 0.576867878437042 0.578960418701172 0.569139242172241 0.561426639556885 0.575297236442566 0.579329550266266 0.573614656925201 0.575204491615295 0.568814218044281 0.561790704727173 0.563206553459167 0.568284630775452 0.577592670917511 0.587596297264099 0.587936162948608 0.57905524969101 0.571214497089386 0.561686336994171 0.558516383171082 0.558667719364166 0.558684647083282 0.562550067901611 0.568617582321167 0.565320014953613 0.553814947605133
0.583558678627014 0.591100633144379 0.59673136472702 0.58637660741806 0.586709022521973 0.588571965694427 0.581477642059326 0.540172696113586 0.502857446670532 0.500405788421631 0.528398156166077 0.558723747730255 0.559518218040466 0.571986436843872 0.594048619270325 0.59880930185318 0.610992848873138 0.605250775814056 0.596159517765045 0.585631728172302 0.57359117269516 0.576924622058868 0.5702845454216 0.569870412349701 0.583860218524933 0.582543730735779 0.574169099330902 0.5787752866745 0.574112832546234 0.570242822170258 0.571322739124298 0.56825315952301 0.568754911422729 0.578065454959869 0.585608422756195 0.583492577075958 0.576373934745789 0.562006175518036 0.558088421821594 0.562799990177155 0.559313654899597 0.55950003862381 0.562583088874817 0.558516085147858 0.555557370185852
0.592728555202484 0.600129127502441 0.598084926605225 0.573383986949921 0.558478474617004 0.542886316776276 0.532369315624237 0.515317618846893 0.490485399961472 0.487630218267441 0.505423903465271 0.526137948036194 0.522040784358978 0.511873424053192 0.537554919719696 0.565855920314789 0.581246078014374 0.579141795635223 0.564365565776825 0.573402941226959 0.557838022708893 0.544955432415009 0.543198466300964 0.554954528808594 0.572326004505157 0.577211260795593 0.568003416061401 0.556792318820953 0.552650570869446 0.553752899169922 0.566673934459686 0.576273441314697 0.568761050701141 0.564015090465546 0.567791104316711 0.571114242076874 0.570335030555725 0.563115835189819 0.573354840278625 0.588939011096954 0.58687287569046 0.583480477333069 0.578527629375458 0.568643867969513 0.575104057788849
0.583818554878235 0.596480011940002 0.588930070400238 0.56916207075119 0.563283860683441 0.555661916732788 0.554750204086304 0.555327355861664 0.559526801109314 0.55034613609314 0.534856200218201 0.524148166179657 0.520928084850311 0.514957010746002 0.509377539157867 0.514485955238342 0.511702835559845 0.527577817440033 0.536691248416901 0.539891600608826 0.521270990371704 0.496701508760452 0.503054440021515 0.526099622249603 0.558621168136597 0.565628290176392 0.548466861248016 0.513151884078979 0.499724477529526 0.495277166366577 0.529244601726532 0.558242201805115 0.560320615768433 0.550754129886627 0.551751315593719 0.555920779705048 0.56677782535553 0.576167166233063 0.59369683265686 0.611854493618011 0.609311640262604 0.607372224330902 0.600547194480896 0.589392185211182 0.5905721783638
0.58254212141037 0.596923351287842 0.596469402313232 0.591479599475861 0.592407166957855 0.594694077968597 0.595292568206787 0.595701277256012 0.599563419818878 0.588226199150085 0.559020757675171 0.531841933727264 0.527329206466675 0.527316570281982 0.506938993930817 0.495271623134613 0.511800289154053 0.543984770774841 0.557563722133636 0.549615800380707 0.551930725574493 0.541910707950592 0.540933072566986 0.549364387989044 0.576267600059509 0.588086903095245 0.574580669403076 0.539573848247528 0.498816162347794 0.478481858968735 0.503853976726532 0.552097976207733 0.567736089229584 0.57402902841568 0.567968308925629 0.561672449111938 0.564660251140594 0.561557590961456 0.566329479217529 0.587407469749451 0.602248787879944 0.602053046226501 0.604142427444458 0.600257515907288 0.598177313804626
0.593156814575195 0.611710488796234 0.604945778846741 0.58933961391449 0.582073509693146 0.589629232883453 0.599109947681427 0.606255888938904 0.608218312263489 0.599018812179565 0.558983683586121 0.523537516593933 0.506915688514709 0.497614651918411 0.488861471414566 0.483171224594116 0.518632709980011 0.567510068416595 0.595122098922729 0.603808522224426 0.602472722530365 0.592571616172791 0.581701815128326 0.584782719612122 0.594515562057495 0.609936118125916 0.6094109416008 0.592431247234344 0.556470274925232 0.537847220897675 0.546376049518585 0.588691532611847 0.607809245586395 0.60577666759491 0.598138332366943 0.587735295295715 0.586130678653717 0.550005257129669 0.517489373683929 0.527375519275665 0.550460457801819 0.572168350219727 0.598237633705139 0.616531610488892 0.61139190196991
0.576120615005493 0.575516879558563 0.558207750320435 0.549136757850647 0.534244179725647 0.546428561210632 0.574648559093475 0.602331578731537 0.61056911945343 0.603350639343262 0.564621388912201 0.517217934131622 0.496113568544388 0.476250678300858 0.472285509109497 0.472174495458603 0.500853717327118 0.567599594593048 0.608640134334564 0.629228591918945 0.621370494365692 0.607792675495148 0.579061686992645 0.562813937664032 0.571552991867065 0.585425853729248 0.597518563270569 0.598184108734131 0.601806640625 0.595248699188232 0.592632710933685 0.609093606472015 0.626730501651764 0.624764919281006 0.617323637008667 0.617672920227051 0.617615282535553 0.583143651485443 0.53238570690155 0.52409839630127 0.544335246086121 0.572759985923767 0.596407294273376 0.615953624248505 0.631633579730988
0.569527626037598 0.533635497093201 0.511758387088776 0.516859948635101 0.503848373889923 0.509175598621368 0.545091688632965 0.582094192504883 0.600817143917084 0.592714130878448 0.574503064155579 0.553561389446259 0.528237998485565 0.484168708324432 0.45969757437706 0.46872490644455 0.485357671976089 0.5489182472229 0.604808330535889 0.619105517864227 0.618818879127502 0.593945145606995 0.556096434593201 0.537101745605469 0.551852643489838 0.563562393188477 0.566454589366913 0.576285004615784 0.596851766109467 0.600907623767853 0.598137438297272 0.606564164161682 0.614787936210632 0.613786697387695 0.608568251132965 0.624279618263245 0.635071277618408 0.618929862976074 0.590529263019562 0.585971415042877 0.597196817398071 0.582883179187775 0.5764040350914 0.602034091949463 0.630690097808838
0.572417497634888 0.530989944934845 0.505182981491089 0.512012243270874 0.502882659435272 0.490875452756882 0.522044479846954 0.564660012722015 0.599927246570587 0.607142984867096 0.601788997650146 0.59911060333252 0.574441850185394 0.532084107398987 0.49436029791832 0.485481530427933 0.504759430885315 0.550107717514038 0.600480079650879 0.607670903205872 0.613013327121735 0.577228784561157 0.534100592136383 0.523894488811493 0.531717419624329 0.545235097408295 0.554600775241852 0.582156598567963 0.605422556400299 0.602895021438599 0.599113702774048 0.599461257457733 0.601221203804016 0.600083351135254 0.604595363140106 0.620075881481171 0.638151824474335 0.634634613990784 0.622564077377319 0.640955805778503 0.649979829788208 0.622235417366028 0.601636528968811 0.609349370002747 0.617986679077148
