data/1_raw/trimmed_ndre/J_ndre.530.2014_no_clouds.asc
NCOLS 141 
NROWS 118 
XLLCORNER 516845 
YLLCORNER 5169015 
CELLSIZE 5 
NODATA_value -3.4e+38 
[rows 40 to 59 of 118, columns 0 to 44 of 141]
-3.4e+38 0.425754189491272 0.426952987909317 0.480674475431442 0.504227995872498 0.488758355379105 0.446230411529541 0.417840451002121 0.408863335847855 0.409029334783554 0.418000549077988 0.430459052324295 0.42547008395195 0.412241905927658 0.360192596912384 0.295835226774216 0.255071848630905 0.21690422296524 0.191146969795227 0.176435098052025 0.166669905185699 0.145304828882217 0.131659477949142 0.135556846857071 0.143909394741058 0.143494606018066 0.132984593510628 0.131935343146324 0.126281335949898 0.121372006833553 0.133462324738503 0.138335376977921 0.128748878836632 0.131036013364792 0.132816925644875 0.143228754401207 0.147242173552513 0.144190564751625 0.139800384640694 0.131075248122215 0.136151567101479 0.141598105430603 0.128456085920334 0.119630798697472 0.134680867195129
-3.4e+38 0.407226204872131 0.391700685024261 0.416101008653641 0.427996248006821 0.410386860370636 0.384813457727432 0.396794378757477 0.437445044517517 0.465480029582977 0.48798543214798 0.498630613088608 0.509913265705109 0.531009018421173 0.537537157535553 0.514797449111938 0.474011719226837 0.417821377515793 0.342054456472397 0.265174269676208 0.211153224110603 0.174513578414917 0.157517403364182 0.159258857369423 0.14704404771328 0.127635806798935 0.118513219058514 0.125372231006622 0.123860329389572 0.125591516494751 0.13168329000473 0.135620728135109 0.119756393134594 0.121473379433155 0.132224872708321 0.138887673616409 0.146856412291527 0.147704422473907 0.139266833662987 0.137451395392418 0.13681198656559 0.133717104792595 0.123456507921219 0.116794429719448 0.127580225467682
-3.4e+38 0.262519299983978 0.257067799568176 0.251907974481583 0.260505497455597 0.269987851381302 0.265648752450943 0.267484724521637 0.309991061687469 0.347232073545456 0.378990799188614 0.415712684392929 0.462638586759567 0.518330872058868 0.557763993740082 0.566536843776703 0.555860459804535 0.535788059234619 0.50807112455368 0.474756240844727 0.428873509168625 0.368179351091385 0.305389106273651 0.246874287724495 0.17997932434082 0.135370030999184 0.116768360137939 0.12422738224268 0.126729056239128 0.128344148397446 0.126641720533371 0.12961807847023 0.130503207445145 0.128698408603668 0.126464813947678 0.127505257725716 0.135405525565147 0.134685605764389 0.131568148732185 0.141958385705948 0.138788253068924 0.131616681814194 0.131179556250572 0.131889313459396 0.131462067365646
-3.4e+38 0.14347805082798 0.131572306156158 0.149903312325478 0.163538366556168 0.161301270127296 0.144377455115318 0.136021554470062 0.152184516191483 0.170507818460464 0.192561700940132 0.234054952859879 0.284088939428329 0.338079243898392 0.390458405017853 0.437138915061951 0.479893296957016 0.513507902622223 0.542336821556091 0.564000010490417 0.558799386024475 0.531161606311798 0.480716049671173 0.417926639318466 0.351222991943359 0.291838973760605 0.225527092814445 0.178473353385925 0.150865748524666 0.135790094733238 0.129677385091782 0.131222084164619 0.139358222484589 0.135252133011818 0.122864857316017 0.124531857669353 0.135890930891037 0.13016265630722 0.128990352153778 0.138805374503136 0.137609913945198 0.134400129318237 0.137407079339027 0.142655536532402 0.1307702511549
-3.4e+38 0.146752566099167 0.131112843751907 0.134697988629341 0.130750775337219 0.127074614167213 0.112182408571243 0.120419211685658 0.155528351664543 0.151141613721848 0.12773722410202 0.12984099984169 0.134572893381119 0.15115113556385 0.191442251205444 0.251085132360458 0.297803044319153 0.333180576562881 0.390165537595749 0.444392144680023 0.485019564628601 0.527144908905029 0.547508835792542 0.540249586105347 0.514370262622833 0.473368138074875 0.39317598938942 0.286000192165375 0.209047645330429 0.171094357967377 0.146519526839256 0.135642856359482 0.139006569981575 0.134680137038231 0.125480175018311 0.123478978872299 0.134122475981712 0.132946774363518 0.130191206932068 0.13162536919117 0.130607083439827 0.134788423776627 0.127412289381027 0.123601786792278 0.119100771844387
-3.4e+38 0.143619045615196 0.138065606355667 0.131252691149712 0.136322364211082 0.144192412495613 0.127832293510437 0.119883581995964 0.137868717312813 0.140593275427818 0.140852376818657 0.149636909365654 0.140274733304977 0.137551486492157 0.130128055810928 0.121613368391991 0.126662522554398 0.149451240897179 0.203823536634445 0.273563146591187 0.331964373588562 0.398207694292068 0.445154905319214 0.488236725330353 0.530347526073456 0.550797641277313 0.534118413925171 0.464527636766434 0.387564420700073 0.32229146361351 0.250486999750137 0.176398783922195 0.137938752770424 0.129060328006744 0.123442471027374 0.123915761709213 0.130840435624123 0.137268528342247 0.139320895075798 0.136888384819031 0.135603979229927 0.124510139226913 0.108764067292213 0.106756202876568 0.105744600296021
-3.4e+38 0.130192562937737 0.134231001138687 0.124656282365322 0.123445108532906 0.135539636015892 0.131382063031197 0.119414083659649 0.12402767688036 0.134099721908569 0.138063386082649 0.139283612370491 0.130647525191307 0.129687279462814 0.126970767974854 0.120670162141323 0.115719966590405 0.127938583493233 0.157689154148102 0.163796693086624 0.17395681142807 0.207147166132927 0.249877706170082 0.32113990187645 0.423801213502884 0.512389123439789 0.551050245761871 0.543624937534332 0.516863226890564 0.477074563503265 0.400141596794128 0.324932247400284 0.253703743219376 0.204320520162582 0.168940395116806 0.143558487296104 0.127176344394684 0.120414882898331 0.120569191873074 0.129547342658043 0.136757254600525 0.115659639239311 0.117095842957497 0.133779346942902 0.130835726857185
-3.4e+38 0.126967057585716 0.129106447100639 0.121215656399727 0.115382388234138 0.120246559381485 0.131447017192841 0.128332853317261 0.123536713421345 0.125938683748245 0.124936521053314 0.120702482759953 0.120457023382187 0.130470663309097 0.140911623835564 0.144263297319412 0.135673552751541 0.123990878462791 0.117018207907677 0.112797491252422 0.123301342129707 0.13835021853447 0.150426954030991 0.186488673090935 0.25336080789566 0.328518658876419 0.399004548788071 0.477979630231857 0.503656089305878 0.509792983531952 0.509714782238007 0.484903067350388 0.440322041511536 0.361045271158218 0.265060424804688 0.183781772851944 0.150456964969635 0.133165687322617 0.120225876569748 0.12335330247879 0.138359501957893 0.127142190933228 0.126367524266243 0.135863453149796 0.133669942617416
-3.4e+38 0.133866339921951 0.1344363540411 0.120791427791119 0.110952772200108 0.121253877878189 0.131345614790916 0.132773384451866 0.130330607295036 0.130283385515213 0.132576659321785 0.129952892661095 0.124398529529572 0.123568899929523 0.122374802827835 0.128304064273834 0.128692761063576 0.124472230672836 0.120028957724571 0.12492336332798 0.142952784895897 0.146925717592239 0.130709305405617 0.121062733232975 0.134068220853806 0.162640735507011 0.223154082894325 0.322882831096649 0.372921705245972 0.411919176578522 0.467879712581635 0.490519106388092 0.498401463031769 0.472195088863373 0.418112844228745 0.352498948574066 0.298370718955994 0.243862003087997 0.188820391893387 0.135912150144577 0.124814957380295 0.124059587717056 0.129015624523163 0.134130463004112 0.133120745420456
-3.4e+38 0.138026595115662 0.142225801944733 0.125567153096199 0.119789101183414 0.133103862404823 0.121703132987022 0.118549376726151 0.124116457998753 0.129536435008049 0.13768544793129 0.138755306601524 0.129592180252075 0.120848000049591 0.117568850517273 0.120830669999123 0.130723178386688 0.136801823973656 0.13446344435215 0.140732154250145 0.150969132781029 0.140434876084328 0.127451062202454 0.139165148139 0.154119595885277 0.166001200675964 0.189778700470924 0.224266186356544 0.232805386185646 0.27447310090065 0.314274340867996 0.352299422025681 0.414556413888931 0.447349637746811 0.452921569347382 0.43384525179863 0.407552748918533 0.372654378414154 0.306527346372604 0.235354214906693 0.223237201571465 0.214163959026337 0.205069497227669 0.203854337334633 0.201776474714279
-3.4e+38 0.137757405638695 0.139316588640213 0.128148853778839 0.127983003854752 0.141831487417221 0.136205986142159 0.131082236766815 0.12457699328661 0.126138955354691 0.128628298640251 0.127084881067276 0.123343601822853 0.117493607103825 0.116838246583939 0.114704072475433 0.133704841136932 0.133975014090538 0.123720601201057 0.138462901115417 0.133509173989296 0.11920203268528 0.132349163293839 0.156340748071671 0.147829964756966 0.120139338076115 0.129188656806946 0.179523393511772 0.225823104381561 0.255389124155045 0.274298995733261 0.270235151052475 0.297244608402252 0.331603765487671 0.351062893867493 0.380358397960663 0.406938970088959 0.409948259592056 0.398864388465881 0.380700349807739 0.376583874225616 0.343944787979126 0.318849831819534 0.327745229005814 0.362918436527252
-3.4e+38 0.130120992660522 0.132196709513664 0.121406778693199 0.128098741173744 0.143839150667191 0.141767352819443 0.133715316653252 0.125504985451698 0.124545358121395 0.127971336245537 0.125693172216415 0.123857893049717 0.120473131537437 0.116311021149158 0.108010031282902 0.124680213630199 0.12960684299469 0.123311318457127 0.139169916510582 0.115837089717388 0.111564338207245 0.135820895433426 0.153685733675957 0.150128945708275 0.117957167327404 0.120958119630814 0.158648565411568 0.217049673199654 0.241046145558357 0.246770992875099 0.238214164972305 0.234845548868179 0.243934214115143 0.257510036230087 0.28384193778038 0.314980298280716 0.323342263698578 0.35699188709259 0.394460618495941 0.406412124633789 0.385832101106644 0.376898616552353 0.376216530799866 0.399612158536911
-3.4e+38 0.127758666872978 0.131833016872406 0.121550358831882 0.12519545853138 0.140664845705032 0.136294007301331 0.12437591701746 0.123540230095387 0.124984048306942 0.129950016736984 0.128677546977997 0.123355709016323 0.11940348893404 0.122096441686153 0.128934666514397 0.134349927306175 0.124740831553936 0.126999035477638 0.140622094273567 0.127458155155182 0.127771332859993 0.137147665023804 0.135374084115028 0.142731979489326 0.13280363380909 0.138458386063576 0.132806733250618 0.188528433442116 0.234632506966591 0.220278233289719 0.252713561058044 0.273313224315643 0.260912477970123 0.244254648685455 0.244264736771584 0.229172557592392 0.213520064949989 0.231618344783783 0.256564438343048 0.281759768724442 0.293635427951813 0.300320237874985 0.284015625715256 0.267154425382614
-3.4e+38 0.129418343305588 0.123278066515923 0.117988981306553 0.12320514768362 0.135470613837242 0.134951993823051 0.12506128847599 0.127839952707291 0.135610774159431 0.135815843939781 0.128515094518661 0.116660930216312 0.112371169030666 0.117069587111473 0.129688277840614 0.130062535405159 0.119305670261383 0.128078818321228 0.134068310260773 0.12625016272068 0.143125653266907 0.1397425532341 0.123558789491653 0.134203255176544 0.137486949563026 0.145169422030449 0.144765615463257 0.169113636016846 0.219548523426056 0.227295443415642 0.253099799156189 0.286543130874634 0.255234897136688 0.223439365625381 0.245498657226562 0.238720282912254 0.231469988822937 0.240365564823151 0.221954852342606 0.207996606826782 0.205801412463188 0.203607976436615 0.197094112634659 0.214437186717987
-3.4e+38 0.126706317067146 0.118277348577976 0.116089902818203 0.123298659920692 0.132854148745537 0.134608462452888 0.130993828177452 0.128941118717194 0.13398514688015 0.13510525226593 0.12699556350708 0.114165753126144 0.112275518476963 0.114484742283821 0.123011469841003 0.124760851264 0.11958821117878 0.124737180769444 0.123113103210926 0.123026601970196 0.144168674945831 0.14560155570507 0.137921944260597 0.142766565084457 0.131226256489754 0.133489087224007 0.149227827787399 0.144105866551399 0.19730219244957 0.26719868183136 0.276672899723053 0.269064515829086 0.231292307376862 0.222688764333725 0.245920494198799 0.235652044415474 0.244159355759621 0.243510022759438 0.212305903434753 0.217883452773094 0.216035977005959 0.189620465040207 0.178335472941399 0.1831124573946
-3.4e+38 0.129378512501717 0.123906329274178 0.119828887283802 0.119044318795204 0.123490206897259 0.129474818706512 0.131300538778305 0.124663002789021 0.121845386922359 0.125771284103394 0.126875042915344 0.120720997452736 0.119265027344227 0.119949750602245 0.124956898391247 0.132262706756592 0.132807344198227 0.134956866502762 0.126386970281601 0.125423163175583 0.135067075490952 0.136178001761436 0.134272322058678 0.133630096912384 0.128743186593056 0.129034012556076 0.134277433156967 0.133210435509682 0.159603834152222 0.226367130875587 0.257849603891373 0.241915389895439 0.241381853818893 0.238971546292305 0.23305432498455 0.21765224635601 0.226563185453415 0.227419689297676 0.207961797714233 0.227233290672302 0.209688618779182 0.168726846575737 0.156754389405251 0.168838709592819
-3.4e+38 0.131729021668434 0.130421221256256 0.125060796737671 0.118242107331753 0.120104089379311 0.125810161232948 0.125765159726143 0.126308381557465 0.120935596525669 0.124567277729511 0.131453543901443 0.13007378578186 0.12810443341732 0.124618679285049 0.118133299052715 0.123409867286682 0.134114533662796 0.139537572860718 0.136292397975922 0.129197746515274 0.126880258321762 0.120016612112522 0.12446404248476 0.130895793437958 0.131876736879349 0.138635843992233 0.13531069457531 0.143857151269913 0.156538978219032 0.17837481200695 0.221117466688156 0.241996973752975 0.259691059589386 0.249407082796097 0.221893712878227 0.206240713596344 0.201538056135178 0.196636885404587 0.197355106472969 0.192535653710365 0.178472146391869 0.155409961938858 0.144026637077332 0.152309715747833
-3.4e+38 0.118555210530758 0.126270905137062 0.129249677062035 0.12868295609951 0.124804571270943 0.12595921754837 0.123723886907101 0.125110939145088 0.128387644886971 0.130984023213387 0.131074249744415 0.133966192603111 0.131107315421104 0.119396038353443 0.110361382365227 0.113087862730026 0.117689080536366 0.128668949007988 0.137215569615364 0.130295693874359 0.123562179505825 0.112457811832428 0.114076249301434 0.128149285912514 0.128548383712769 0.129335254430771 0.12405251711607 0.14362159371376 0.163197323679924 0.155734166502953 0.179568201303482 0.199071541428566 0.201628401875496 0.19899408519268 0.193105831742287 0.1840660572052 0.183568388223648 0.170805558562279 0.148935213685036 0.142701655626297 0.144896522164345 0.14982433617115 0.144239336252213 0.13777719438076
-3.4e+38 0.128355845808983 0.13471956551075 0.123702481389046 0.12499924749136 0.128313809633255 0.122660949826241 0.120081417262554 0.124141037464142 0.128782153129578 0.133279487490654 0.128451213240623 0.13318245112896 0.136388316750526 0.133045464754105 0.128523364663124 0.118210479617119 0.108361050486565 0.118174217641354 0.128188490867615 0.125815436244011 0.12737038731575 0.123651199042797 0.121219493448734 0.127305224537849 0.132983654737473 0.140481874346733 0.136078372597694 0.147427588701248 0.161454066634178 0.155511736869812 0.153764113783836 0.169037416577339 0.149778246879578 0.146952047944069 0.170415475964546 0.164196312427521 0.151036232709885 0.13777819275856 0.121913492679596 0.126660078763962 0.13539682328701 0.136052474379539 0.144833341240883 0.129566863179207
-3.4e+38 0.139621630311012 0.137247756123543 0.107927240431309 0.100468277931213 0.119187340140343 0.126794084906578 0.120328351855278 0.122694723308086 0.126556232571602 0.126659005880356 0.12005528062582 0.120557740330696 0.12730747461319 0.138541668653488 0.143464997410774 0.128957152366638 0.117729522287846 0.123537391424179 0.126759842038155 0.124728366732597 0.132208272814751 0.142289593815804 0.143909841775894 0.134679183363914 0.135093092918396 0.145210042595863 0.148741111159325 0.152669966220856 0.156792894005775 0.148771107196808 0.132410958409309 0.151554897427559 0.150333106517792 0.139405235648155 0.163257136940956 0.150320008397102 0.127970173954964 0.124779708683491 0.126058354973793 0.136359810829163 0.138100430369377 0.128326863050461 0.130289927124977 0.130620926618576
