data/1_raw/trimmed_ndre/J_ndre.86.2014_no_clouds.asc
NCOLS 141 
NROWS 118 
XLLCORNER 516845 
YLLCORNER 5169015 
CELLSIZE 5 
NODATA_value -3.4e+38 
[rows 60 to 79 of 118, columns 45 to 89 of 141]
0.127415165305138 0.132257744669914 0.142008870840073 0.145702123641968 0.141653165221214 0.144774332642555 0.146143585443497 0.142458245158195 0.144938111305237 0.149110555648804 0.146104514598846 0.140575751662254 0.129374951124191 0.136330395936966 0.135249093174934 0.120838783681393 0.125116765499115 0.129155844449997 0.124687917530537 0.121781818568707 0.142829373478889 0.146689236164093 0.134026616811752 0.130954965949059 0.134233489632607 0.138836160302162 0.136706918478012 0.130547493696213 0.121633403003216 0.12635250389576 0.138211041688919 0.141919448971748 0.146249681711197 0.14225435256958 0.137156292796135 0.135373562574387 0.136708691716194 0.134288460016251 0.133012041449547 0.142561465501785 0.148897275328636 0.142657324671745 0.137729689478874 0.131726831197739 0.129644900560379
0.130028665065765 0.134926050901413 0.147892132401466 0.148622736334801 0.143439739942551 0.143790051341057 0.140752494335175 0.139099448919296 0.144841387867928 0.154856726527214 0.153457790613174 0.141032487154007 0.133304461836815 0.141938775777817 0.141724303364754 0.131605967879295 0.136671632528305 0.132060945034027 0.122628979384899 0.125388026237488 0.136416062712669 0.145243257284164 0.141505762934685 0.134657144546509 0.130933150649071 0.140883922576904 0.137165933847427 0.123883917927742 0.114811979234219 0.125779181718826 0.138816237449646 0.121312953531742 0.137324452400208 0.141251802444458 0.128050237894058 0.126218482851982 0.133504644036293 0.135964646935463 0.130390301346779 0.13229888677597 0.140603497624397 0.144988834857941 0.143079847097397 0.145905897021294 0.139017283916473
0.139143347740173 0.14348067343235 0.151284426450729 0.145710721611977 0.138961508870125 0.14101667702198 0.13691072165966 0.134956687688828 0.136848941445351 0.14189650118351 0.145824089646339 0.136538684368134 0.130455389618874 0.143327534198761 0.144087582826614 0.142559930682182 0.146842896938324 0.139595046639442 0.137503832578659 0.136105552315712 0.127026915550232 0.132591441273689 0.142848372459412 0.137382730841637 0.125275075435638 0.132132276892662 0.129359006881714 0.120994187891483 0.121741957962513 0.13318632543087 0.134996712207794 0.114013381302357 0.139732405543327 0.147834613919258 0.128105565905571 0.123805977404118 0.144673421978951 0.150317013263702 0.130351930856705 0.119340896606445 0.125348195433617 0.130694001913071 0.136221706867218 0.154391407966614 0.143589034676552
0.142330557107925 0.146728336811066 0.148090049624443 0.135327816009521 0.131861507892609 0.134889602661133 0.135168761014938 0.137365266680717 0.137530580163002 0.140301451086998 0.149499610066414 0.143913388252258 0.137357220053673 0.143055930733681 0.140010952949524 0.135152101516724 0.133938908576965 0.127656936645508 0.129422903060913 0.138175070285797 0.129850476980209 0.12550088763237 0.130322068929672 0.127382874488831 0.122249767184258 0.128301084041595 0.128533005714417 0.128171160817146 0.130167007446289 0.130403622984886 0.131234124302864 0.128217503428459 0.137619704008102 0.137489259243011 0.127802684903145 0.127943724393845 0.148112699389458 0.155994042754173 0.136795118451118 0.118342563509941 0.126121401786804 0.132831245660782 0.142176195979118 0.156733855605125 0.13075003027916
0.133796408772469 0.138745814561844 0.137460470199585 0.124426491558552 0.125365987420082 0.129952982068062 0.135951146483421 0.142272174358368 0.146062269806862 0.146593526005745 0.150923237204552 0.153877437114716 0.148358717560768 0.144484236836433 0.140878990292549 0.130736887454987 0.124176532030106 0.120898962020874 0.126599594950676 0.135030448436737 0.144357219338417 0.144347563385963 0.143953755497932 0.131688117980957 0.125727191567421 0.130538567900658 0.129461750388145 0.13005718588829 0.132113993167877 0.136045426130295 0.140580460429192 0.139925733208656 0.136643379926682 0.130417957901955 0.133253023028374 0.140352174639702 0.143173113465309 0.14210644364357 0.139474749565125 0.135305389761925 0.138245344161987 0.137626737356186 0.147250726819038 0.158065587282181 0.13228203356266
0.125804513692856 0.132309898734093 0.133838444948196 0.12971219420433 0.134734526276588 0.133956089615822 0.136559695005417 0.142345860600471 0.143778458237648 0.140451952815056 0.147195339202881 0.157354488968849 0.149989604949951 0.143366739153862 0.138597995042801 0.130325317382812 0.125377118587494 0.13003733754158 0.14030696451664 0.129833996295929 0.128213718533516 0.14164824783802 0.143881857395172 0.13644315302372 0.131674259901047 0.135451272130013 0.134574338793755 0.131927385926247 0.133637592196465 0.1387078166008 0.148655518889427 0.148185864090919 0.139574095606804 0.13496957719326 0.138582766056061 0.147391796112061 0.147579744458199 0.140040963888168 0.147051647305489 0.155656814575195 0.149496972560883 0.141602724790573 0.135707587003708 0.142166584730148 0.13865353167057
0.128660395741463 0.143177404999733 0.148950695991516 0.151506632566452 0.151210874319077 0.139681205153465 0.136027649044991 0.138093501329422 0.13708122074604 0.135058984160423 0.146228387951851 0.152566894888878 0.14040532708168 0.139642253518105 0.134350031614304 0.127581775188446 0.12901346385479 0.141056284308434 0.155082955956459 0.151324793696404 0.136806413531303 0.131251186132431 0.131138920783997 0.124584831297398 0.127438470721245 0.141563504934311 0.150839313864708 0.146282091736794 0.14616422355175 0.149270832538605 0.145801097154617 0.150777786970139 0.150213897228241 0.145129308104515 0.143615946173668 0.145391955971718 0.143498584628105 0.137483268976212 0.147506088018417 0.15877491235733 0.159803137183189 0.151515245437622 0.136746436357498 0.126127406954765 0.128176242113113
0.138337016105652 0.151019766926765 0.151917114853859 0.155015304684639 0.15321871638298 0.13874426484108 0.135162934660912 0.14075268805027 0.145230516791344 0.1439398676157 0.15253758430481 0.150648146867752 0.137470334768295 0.145704567432404 0.138375326991081 0.124567657709122 0.126219615340233 0.139532700181007 0.148769915103912 0.146790340542793 0.145313873887062 0.143361702561378 0.137514427304268 0.129595845937729 0.129280224442482 0.147163614630699 0.163296267390251 0.166207015514374 0.180946722626686 0.191977441310883 0.177997410297394 0.175309658050537 0.176777362823486 0.16616278886795 0.165420055389404 0.170268580317497 0.165472656488419 0.156231835484505 0.163299202919006 0.170084223151207 0.172196671366692 0.169800147414207 0.157555192708969 0.152961745858192 0.153149485588074
0.147857457399368 0.150413408875465 0.15096241235733 0.148921146988869 0.146471634507179 0.14133757352829 0.136682763695717 0.143956407904625 0.149783626198769 0.144967883825302 0.15464848279953 0.144950106739998 0.139537215232849 0.163245186209679 0.153149306774139 0.131179437041283 0.131144121289253 0.142347410321236 0.141652256250381 0.132638603448868 0.136224493384361 0.140000507235527 0.140870273113251 0.140403136610985 0.142392218112946 0.162925824522972 0.184246584773064 0.186751693487167 0.201999843120575 0.223710432648659 0.226609468460083 0.217584073543549 0.213527128100395 0.213312432169914 0.220402792096138 0.224939256906509 0.217678919434547 0.204915121197701 0.200463876128197 0.192815035581589 0.201619103550911 0.211280554533005 0.199416145682335 0.212395370006561 0.216376602649689
0.14308899641037 0.143797963857651 0.148831561207771 0.144020676612854 0.142711296677589 0.143391355872154 0.13762840628624 0.13290610909462 0.139715477824211 0.142917156219482 0.142817407846451 0.136330634355545 0.140144437551498 0.1658576130867 0.156545415520668 0.134411215782166 0.132026970386505 0.142881572246552 0.145436525344849 0.138741195201874 0.136076614260674 0.138085514307022 0.136689856648445 0.139438197016716 0.149576738476753 0.177619203925133 0.204417452216148 0.216202959418297 0.240115255117416 0.251940310001373 0.254844635725021 0.260630667209625 0.258280098438263 0.259670287370682 0.266771167516708 0.267977625131607 0.261055827140808 0.251750975847244 0.250832587480545 0.240567594766617 0.254255712032318 0.258236259222031 0.249345034360886 0.269823133945465 0.266833901405334
0.13291722536087 0.137486353516579 0.146522402763367 0.148291662335396 0.148242279887199 0.145575806498528 0.141198560595512 0.133175671100616 0.137230142951012 0.139101713895798 0.128275990486145 0.139602959156036 0.146580517292023 0.146312266588211 0.138224244117737 0.133944153785706 0.136060327291489 0.138270765542984 0.139058172702789 0.139910757541656 0.142951175570488 0.146833136677742 0.145083844661713 0.141430005431175 0.152247726917267 0.172869995236397 0.186979949474335 0.210057154297829 0.244284123182297 0.266728550195694 0.276545941829681 0.28509721159935 0.278118491172791 0.273819118738174 0.275355309247971 0.273304790258408 0.268366992473602 0.271696239709854 0.278750389814377 0.276557564735413 0.287033468484879 0.28303125500679 0.276801884174347 0.299418568611145 0.296176999807358
0.129012957215309 0.137188091874123 0.145683124661446 0.146778136491776 0.148456007242203 0.14565409719944 0.142419561743736 0.136522859334946 0.133545503020287 0.140544459223747 0.14294059574604 0.154319494962692 0.15604342520237 0.141792148351669 0.133093118667603 0.138652727007866 0.148002684116364 0.143077805638313 0.130620330572128 0.132235214114189 0.147855564951897 0.153553649783134 0.147874265909195 0.147547274827957 0.163440629839897 0.17966715991497 0.178031846880913 0.199714064598083 0.23497100174427 0.261474967002869 0.28087967634201 0.286482721567154 0.282169163227081 0.277335345745087 0.272919267416 0.266945153474808 0.26102340221405 0.267538458108902 0.276865571737289 0.27905809879303 0.290168106555939 0.287910968065262 0.288316130638123 0.302741080522537 0.295775771141052
0.13744743168354 0.145285964012146 0.151325404644012 0.149377167224884 0.14620079100132 0.137297034263611 0.13872167468071 0.137315168976784 0.132751986384392 0.141548126935959 0.148299306631088 0.152509465813637 0.153491467237473 0.150941893458366 0.146607711911201 0.146280884742737 0.144163757562637 0.140541180968285 0.135682046413422 0.134999722242355 0.162473812699318 0.176356106996536 0.167841464281082 0.171015679836273 0.190803706645966 0.207271307706833 0.202063202857971 0.218829363584518 0.245294854044914 0.257278084754944 0.275305986404419 0.288870573043823 0.291119396686554 0.294794857501984 0.2929607629776 0.281303584575653 0.269187837839127 0.270881742238998 0.272472113370895 0.276746511459351 0.287937790155411 0.288134723901749 0.287821054458618 0.29067075252533 0.284605950117111
0.150001734495163 0.157788336277008 0.165222749114037 0.164114773273468 0.159357100725174 0.149877056479454 0.152467951178551 0.149427965283394 0.140271112322807 0.144892424345016 0.146513283252716 0.145732179284096 0.147468194365501 0.159549549221992 0.169240817427635 0.170440152287483 0.160787686705589 0.153008684515953 0.168268427252769 0.180397942662239 0.201566025614738 0.223193183541298 0.219508066773415 0.21018223464489 0.212215796113014 0.218336805701256 0.217408165335655 0.226000711321831 0.241026923060417 0.25353416800499 0.278497248888016 0.301478624343872 0.312442123889923 0.317470520734787 0.316139400005341 0.306862950325012 0.29347637295723 0.292806416749954 0.286460787057877 0.286210149526596 0.293464243412018 0.292639017105103 0.291808605194092 0.292818933725357 0.28575599193573
0.187049701809883 0.201344981789589 0.204002305865288 0.199293583631516 0.191296875476837 0.182984158396721 0.185635969042778 0.176097646355629 0.160070165991783 0.160835206508636 0.157988801598549 0.155568093061447 0.154220849275589 0.174580231308937 0.195698216557503 0.200660035014153 0.200002923607826 0.185577765107155 0.205038294196129 0.235867202281952 0.251224160194397 0.273846060037613 0.270162552595139 0.248976245522499 0.232046231627464 0.216620564460754 0.212248936295509 0.2188790589571 0.246502742171288 0.269122660160065 0.281258821487427 0.308951020240784 0.330678880214691 0.330755174160004 0.318928778171539 0.311159282922745 0.304973661899567 0.304675728082657 0.305413365364075 0.299502700567245 0.301129788160324 0.305768817663193 0.30641970038414 0.313947647809982 0.301923960447311
0.245303303003311 0.26098957657814 0.255717754364014 0.246885389089584 0.238867953419685 0.234818935394287 0.237096294760704 0.20906737446785 0.180811002850533 0.183711037039757 0.180231839418411 0.176570251584053 0.179194197058678 0.197766110301018 0.21334545314312 0.221608951687813 0.231572151184082 0.215542405843735 0.222264304757118 0.256076663732529 0.27300837635994 0.295777231454849 0.290768086910248 0.267095416784286 0.252723813056946 0.232944145798683 0.220989406108856 0.224159926176071 0.249591395258904 0.270853638648987 0.280289441347122 0.301993876695633 0.328345268964767 0.335960984230042 0.326571434736252 0.322089105844498 0.314192742109299 0.310493946075439 0.316265732049942 0.305498033761978 0.305156856775284 0.30808898806572 0.29590168595314 0.307261496782303 0.302445709705353
0.290340572595596 0.304165303707123 0.297701716423035 0.299159407615662 0.298846870660782 0.289381414651871 0.274105221033096 0.227504163980484 0.190571472048759 0.189922824501991 0.189004227519035 0.193674206733704 0.20524388551712 0.219366565346718 0.221348956227303 0.22883303463459 0.239348456263542 0.228305101394653 0.230569735169411 0.255826592445374 0.272860944271088 0.286499470472336 0.281789690256119 0.264802157878876 0.255735725164413 0.24491423368454 0.235865607857704 0.238073527812958 0.25113371014595 0.263607382774353 0.274384349584579 0.292952716350555 0.315666913986206 0.329657644033432 0.332008987665176 0.333756625652313 0.326151460409164 0.325545340776443 0.329423516988754 0.315941601991653 0.313680738210678 0.311197876930237 0.295473515987396 0.300896435976028 0.296040028333664
0.298130422830582 0.309225291013718 0.309982925653458 0.32071590423584 0.331232249736786 0.314896404743195 0.283278167247772 0.235551461577415 0.196840852499008 0.193017616868019 0.191259071230888 0.19738994538784 0.214973300695419 0.228971064090729 0.224222555756569 0.234361171722412 0.249117895960808 0.245093733072281 0.245644986629486 0.258761078119278 0.270965039730072 0.27409490942955 0.27085679769516 0.25598469376564 0.246186643838882 0.238964885473251 0.24275915324688 0.251195132732391 0.257858455181122 0.268146216869354 0.273421823978424 0.283281117677689 0.29920557141304 0.316072702407837 0.331138700246811 0.337619006633759 0.33251827955246 0.333418250083923 0.334937006235123 0.32391744852066 0.317624181509018 0.319196999073029 0.315527528524399 0.315889209508896 0.301621645689011
0.275889217853546 0.285250961780548 0.293063998222351 0.305607587099075 0.317115068435669 0.308259755373001 0.278299063444138 0.2476567029953 0.219166904687881 0.205992639064789 0.197429820895195 0.199112355709076 0.217874184250832 0.233677208423615 0.228461846709251 0.247392877936363 0.267290860414505 0.264156490564346 0.261254549026489 0.264696061611176 0.266625642776489 0.262823671102524 0.2632055580616 0.256122142076492 0.240665033459663 0.230323776602745 0.242505252361298 0.259727746248245 0.268923431634903 0.276226162910461 0.278283268213272 0.283676147460938 0.293617695569992 0.306577742099762 0.326677858829498 0.335600733757019 0.330941587686539 0.330635130405426 0.326599985361099 0.319647938013077 0.315448194742203 0.324521571397781 0.32335764169693 0.313758969306946 0.304748058319092
0.267760366201401 0.271908968687057 0.281841307878494 0.29288911819458 0.300079733133316 0.288195431232452 0.264522016048431 0.250593960285187 0.236147657036781 0.2230514138937 0.213920325040817 0.21218678355217 0.230474084615707 0.241558089852333 0.233792588114738 0.252327561378479 0.275997132062912 0.274238497018814 0.262240201234818 0.253808885812759 0.253259986639023 0.258385181427002 0.26631498336792 0.268184989690781 0.25450587272644 0.243210047483444 0.25463393330574 0.265759110450745 0.273324459791183 0.277869522571564 0.281969517469406 0.290333896875381 0.300206929445267 0.308193415403366 0.323045402765274 0.32840484380722 0.322353929281235 0.32225114107132 0.314433723688126 0.308263927698135 0.312550872564316 0.32967147231102 0.322381645441055 0.305578887462616 0.304574429988861
