data/1_raw/trimmed_ndre/J_ndre.619.2014_no_clouds.asc
NCOLS 141 
NROWS 118 
XLLCORNER 516845 
YLLCORNER 5169015 
CELLSIZE 5 
NODATA_value -3.4e+38 
[rows 0 to 19 of 118, columns 45 to 89 of 141]
-3.4e+38 -3.4e+38 -3.4e+38 -3.4e+38 -3.4e+38 -3.4e+38 -3.4e+38 -3.4e+38 -3.4e+38 -3.4e+38 -3.4e+38 -3.4e+38 -3.4e+38 -3.4e+38 -3.4e+38 -3.4e+38 -3.4e+38 -3.4e+38 -3.4e+38 -3.4e+38 -3.4e+38 -3.4e+38 -3.4e+38 -3.4e+38 -3.4e+38 -3.4e+38 -3.4e+38 -3.4e+38 -3.4e+38 -3.4e+38 -3.4e+38 -3.4e+38 -3.4e+38 -3.4e+38 -3.4e+38 -3.4e+38 -3.4e+38 0.184303313493729 0.193179398775101 0.211911082267761 0.205540791153908 0.195111066102982 0.197520390152931 0.195277974009514 0.202679991722107
-3.4e+38 -3.4e+38 -3.4e+38 -3.4e+38 -3.4e+38 -3.4e+38 -3.4e+38 -3.4e+38 -3.4e+38 -3.4e+38 -3.4e+38 -3.4e+38 -3.4e+38 -3.4e+38 -3.4e+38 -3.4e+38 -3.4e+38 -3.4e+38 -3.4e+38 -3.4e+38 -3.4e+38 -3.4e+38 -3.4e+38 -3.4e+38 -3.4e+38 -3.4e+38 -3.4e+38 -3.4e+38 0.209761664271355 0.210082560777664 0.206784263253212 0.201401486992836 0.181897178292274 0.18435725569725 0.198729187250137 0.207530945539474 0.209988564252853 0.189098283648491 0.188589513301849 0.207415372133255 0.210669592022896 0.204425632953644 0.197047278285027 0.188398256897926 0.191676706075668
-3.4e+38 -3.4e+38 -3.4e+38 -3.4e+38 -3.4e+38 -3.4e+38 -3.4e+38 -3.4e+38 -3.4e+38 -3.4e+38 -3.4e+38 -3.4e+38 -3.4e+38 -3.4e+38 -3.4e+38 -3.4e+38 -3.4e+38 -3.4e+38 -3.4e+38 -3.4e+38 0.193853065371513 0.206735283136368 0.198741674423218 0.186616495251656 0.193154275417328 0.190482795238495 0.187580674886703 0.190200924873352 0.204876765608788 0.207538634538651 0.215663805603981 0.213049963116646 0.205649673938751 0.213321208953857 0.211941555142403 0.204868480563164 0.208339422941208 0.199071958661079 0.195116862654686 0.206439837813377 0.202048227190971 0.196870520710945 0.183132410049438 0.176755994558334 0.188815131783485
-3.4e+38 -3.4e+38 -3.4e+38 -3.4e+38 -3.4e+38 -3.4e+38 -3.4e+38 -3.4e+38 -3.4e+38 -3.4e+38 -3.4e+38 -3.4e+38 -3.4e+38 -3.4e+38 -3.4e+38 -3.4e+38 0.202478900551796 0.181934326887131 0.187973752617836 0.197056546807289 0.197624623775482 0.202821582555771 0.194821268320084 0.185696423053741 0.192748427391052 0.1972915828228 0.193259924650192 0.19445775449276 0.196829557418823 0.193728774785995 0.203491911292076 0.200999692082405 0.199366092681885 0.210489600896835 0.200242191553116 0.189985111355782 0.191626161336899 0.195536807179451 0.186807915568352 0.19033719599247 0.196958422660828 0.198010995984077 0.197619140148163 0.189533174037933 0.190900802612305
-3.4e+38 -3.4e+38 -3.4e+38 -3.4e+38 -3.4e+38 -3.4e+38 -3.4e+38 -3.4e+38 -3.4e+38 -3.4e+38 -3.4e+38 -3.4e+38 -3.4e+38 -3.4e+38 -3.4e+38 0.190148591995239 0.195918142795563 0.192183032631874 0.179950743913651 0.176619336009026 0.189452096819878 0.202267751097679 0.202973902225494 0.198025658726692 0.188360795378685 0.188317850232124 0.193738654255867 0.198882803320885 0.196100145578384 0.198123440146446 0.21109527349472 0.203248307108879 0.200494438409805 0.203136458992958 0.197783768177032 0.202759146690369 0.195597946643829 0.184849739074707 0.180852621793747 0.183828666806221 0.196204483509064 0.192303448915482 0.202156290411949 0.196805685758591 0.187614396214485
-3.4e+38 -3.4e+38 -3.4e+38 -3.4e+38 -3.4e+38 -3.4e+38 -3.4e+38 -3.4e+38 -3.4e+38 -3.4e+38 -3.4e+38 -3.4e+38 -3.4e+38 -3.4e+38 0.190381795167923 0.182139158248901 0.201646059751511 0.202535718679428 0.179843455553055 0.175667613744736 0.192542746663094 0.198755756020546 0.193882912397385 0.197172820568085 0.190294802188873 0.192762926220894 0.199281454086304 0.200521066784859 0.192550554871559 0.194660812616348 0.20508548617363 0.204661875963211 0.202790319919586 0.206581383943558 0.196325063705444 0.193291753530502 0.19062140583992 0.185570552945137 0.188123449683189 0.164174795150757 0.170773893594742 0.191590920090675 0.192492410540581 0.195390477776527 0.192773953080177
-3.4e+38 -3.4e+38 -3.4e+38 -3.4e+38 -3.4e+38 -3.4e+38 -3.4e+38 -3.4e+38 -3.4e+38 -3.4e+38 -3.4e+38 -3.4e+38 0.1861262768507 0.18896695971489 0.183512896299362 0.18365116417408 0.202931985259056 0.211004182696342 0.203190445899963 0.205725446343422 0.21315298974514 0.204393610358238 0.189582198858261 0.195406302809715 0.199570894241333 0.204552307724953 0.208009883761406 0.206102833151817 0.199980616569519 0.199646383523941 0.198996886610985 0.197668135166168 0.199632406234741 0.198938012123108 0.193704873323441 0.18453012406826 0.189101874828339 0.192721635103226 0.192213624715805 0.179332062602043 0.191993176937103 0.202212765812874 0.18937411904335 0.19619308412075 0.196607664227486
-3.4e+38 -3.4e+38 -3.4e+38 -3.4e+38 -3.4e+38 -3.4e+38 -3.4e+38 -3.4e+38 -3.4e+38 -3.4e+38 -3.4e+38 0.20169098675251 0.192762956023216 0.198784187436104 0.191932380199432 0.189819097518921 0.200144782662392 0.203593656420708 0.205875262618065 0.206214994192123 0.200378388166428 0.202201187610626 0.196203738451004 0.200566425919533 0.205312997102737 0.203512012958527 0.199883833527565 0.191158413887024 0.197677075862885 0.207079395651817 0.202372610569 0.192447692155838 0.1911830753088 0.197722941637039 0.193447917699814 0.187055319547653 0.190557539463043 0.18251733481884 0.184547856450081 0.194065153598785 0.195600926876068 0.207718998193741 0.200709402561188 0.184199094772339 0.177855417132378
-3.4e+38 -3.4e+38 -3.4e+38 -3.4e+38 -3.4e+38 -3.4e+38 -3.4e+38 -3.4e+38 -3.4e+38 0.195727124810219 0.202054351568222 0.205370277166367 0.207395330071449 0.211122095584869 0.192166984081268 0.195455387234688 0.205066651105881 0.190115556120872 0.188297837972641 0.193532258272171 0.189886093139648 0.198197349905968 0.196941614151001 0.201825067400932 0.198705032467842 0.183103799819946 0.174500912427902 0.175023064017296 0.191334545612335 0.20232255756855 0.200481846928596 0.198208466172218 0.187774807214737 0.182935476303101 0.183366373181343 0.183862864971161 0.196106046438217 0.194675356149673 0.196444794535637 0.195680662989616 0.185654625296593 0.205644994974136 0.207660347223282 0.186330884695053 0.188910186290741
-3.4e+38 -3.4e+38 -3.4e+38 -3.4e+38 -3.4e+38 -3.4e+38 -3.4e+38 -3.4e+38 0.192256256937981 0.192198157310486 0.197980850934982 0.197716653347015 0.203230828046799 0.201843276619911 0.185463130474091 0.190431714057922 0.201765716075897 0.186645105481148 0.176749438047409 0.191938623785973 0.196036696434021 0.191292494535446 0.200310334563255 0.204659134149551 0.197966039180756 0.181970834732056 0.175829395651817 0.180321171879768 0.19423708319664 0.194206148386002 0.190446123480797 0.194905072450638 0.188051998615265 0.175019755959511 0.183417975902557 0.19571216404438 0.204146027565002 0.21271039545536 0.208909511566162 0.210537970066071 0.213069915771484 0.222401261329651 0.219744518399239 0.212641254067421 0.210568130016327
-3.4e+38 -3.4e+38 -3.4e+38 -3.4e+38 -3.4e+38 -3.4e+38 0.183854416012764 0.189821287989616 0.184987634420395 0.189434006810188 0.201880574226379 0.200658068060875 0.192248225212097 0.185944944620132 0.194509536027908 0.198538884520531 0.190938413143158 0.18177792429924 0.183013036847115 0.194250553846359 0.195154145359993 0.194334670901299 0.201201409101486 0.196328416466713 0.196451157331467 0.200708284974098 0.194392681121826 0.198481395840645 0.206088379025459 0.193368494510651 0.184086680412292 0.191050231456757 0.20112581551075 0.203562825918198 0.198465615510941 0.201558366417885 0.204023107886314 0.211658254265785 0.203096374869347 0.203483536839485 0.205213323235512 0.206251963973045 0.218703657388687 0.219258263707161 0.20759092271328
-3.4e+38 -3.4e+38 -3.4e+38 -3.4e+38 -3.4e+38 0.183640003204346 0.189810365438461 0.194034427404404 0.185760915279388 0.194569677114487 0.207986801862717 0.205104783177376 0.207207009196281 0.195870921015739 0.189870655536652 0.19186170399189 0.183574065566063 0.178222358226776 0.198355168104172 0.211164951324463 0.205091685056686 0.198246493935585 0.190305009484291 0.18475316464901 0.19014935195446 0.206168472766876 0.212554216384888 0.208073794841766 0.205873563885689 0.200242385268211 0.197239279747009 0.197159603238106 0.195914298295975 0.199776753783226 0.200106739997864 0.199785754084587 0.201277166604996 0.215567946434021 0.216622918844223 0.208385616540909 0.208252966403961 0.19684149324894 0.200507983565331 0.20012828707695 0.195696741342545
-3.4e+38 -3.4e+38 -3.4e+38 0.17461197078228 0.17350210249424 0.18216073513031 0.198804691433907 0.204246416687965 0.195104166865349 0.195893853902817 0.192526295781136 0.192216262221336 0.202088505029678 0.187263384461403 0.179466754198074 0.191103428602219 0.201302826404572 0.195492953062057 0.195458889007568 0.201376140117645 0.198091626167297 0.19123500585556 0.195756003260612 0.199736282229424 0.207072094082832 0.209035813808441 0.203515648841858 0.199478328227997 0.198804870247841 0.207634299993515 0.209608465433121 0.197569444775581 0.192399919033051 0.19893354177475 0.199174776673317 0.195281818509102 0.202481612563133 0.218386217951775 0.221931681036949 0.217854604125023 0.225179627537727 0.201210156083107 0.19370898604393 0.197257474064827 0.191433310508728
-3.4e+38 -3.4e+38 0.180000126361847 0.177913665771484 0.181120574474335 0.192496940493584 0.203608125448227 0.202617436647415 0.198238804936409 0.191012725234032 0.17263101041317 0.172081455588341 0.180542945861816 0.184689104557037 0.19605952501297 0.205263376235962 0.206685334444046 0.198252275586128 0.187691584229469 0.185455575585365 0.184463933110237 0.186579540371895 0.215031802654266 0.224058508872986 0.214833408594131 0.1965002566576 0.190808802843094 0.200887486338615 0.204706609249115 0.20549002289772 0.212544843554497 0.209808424115181 0.208475440740585 0.211803525686264 0.203177884221077 0.196817964315414 0.208219155669212 0.219070762395859 0.213451698422432 0.218206852674484 0.217520952224731 0.197482615709305 0.198695912957191 0.198422372341156 0.190504059195518
-3.4e+38 0.174405857920647 0.168214336037636 0.172753065824509 0.170937180519104 0.19189241528511 0.202619552612305 0.187222525477409 0.189884752035141 0.195235282182693 0.181426540017128 0.175418645143509 0.179687187075615 0.199404239654541 0.211817905306816 0.200305551290512 0.192658737301826 0.194091245532036 0.193320423364639 0.200532153248787 0.203666999936104 0.200113996863365 0.210992127656937 0.208667024970055 0.200927630066872 0.196861460804939 0.198745980858803 0.204467967152596 0.202700465917587 0.199819654226303 0.211682677268982 0.219468787312508 0.21602226793766 0.207031264901161 0.194371730089188 0.192089587450027 0.202899247407913 0.209359467029572 0.198579728603363 0.206033572554588 0.206098169088364 0.192220568656921 0.204652860760689 0.207246273756027 0.199472710490227
0.193059608340263 0.173579856753349 0.170516014099121 0.178127124905586 0.167564868927002 0.191722750663757 0.207675859332085 0.188624888658524 0.190906763076782 0.200384885072708 0.20053169131279 0.205082982778549 0.193855687975883 0.187994286417961 0.19274939596653 0.189607262611389 0.18433865904808 0.192148417234421 0.19622677564621 0.205541968345642 0.215197876095772 0.200814500451088 0.190617457032204 0.189977064728737 0.19373582303524 0.201107427477837 0.203219786286354 0.205034583806992 0.20431761443615 0.201614230871201 0.196663036942482 0.196926280856133 0.204926788806915 0.196807757019997 0.184725999832153 0.189682096242905 0.19362910091877 0.194906741380692 0.190600454807281 0.202802702784538 0.197973921895027 0.18780255317688 0.205638080835342 0.217646986246109 0.213975816965103
0.189331263303757 0.170707374811172 0.181247845292091 0.19254757463932 0.182044610381126 0.191908404231071 0.193176820874214 0.188353940844536 0.198374465107918 0.198715656995773 0.201715886592865 0.206030890345573 0.194826319813728 0.192858874797821 0.196828305721283 0.197379276156425 0.191539034247398 0.185951963067055 0.183778554201126 0.193794444203377 0.207042694091797 0.20266430079937 0.197701171040535 0.210464030504227 0.204684555530548 0.201783403754234 0.207103669643402 0.205897495150566 0.20624016225338 0.199706867337227 0.180578470230103 0.183383643627167 0.192438676953316 0.187444567680359 0.187704056501389 0.19879974424839 0.198133513331413 0.194783926010132 0.195298224687576 0.206918522715569 0.200005993247032 0.194030836224556 0.19817553460598 0.197255432605743 0.195391744375229
0.177884966135025 0.170840084552765 0.186040952801704 0.191142916679382 0.185344815254211 0.195852681994438 0.192087203264236 0.196794226765633 0.210569813847542 0.192992985248566 0.189734876155853 0.189143672585487 0.188304871320724 0.197009548544884 0.198197975754738 0.209128394722939 0.206188276410103 0.189805015921593 0.182548612356186 0.193376883864403 0.205257371068001 0.211874291300774 0.214862421154976 0.219275370240211 0.199894815683365 0.192480772733688 0.203509598970413 0.205107852816582 0.201479390263557 0.202149569988251 0.198227554559708 0.191169753670692 0.183940306305885 0.182849586009979 0.19654056429863 0.209878817200661 0.206943169236183 0.201536566019058 0.198814302682877 0.203829973936081 0.199519574642181 0.200200319290161 0.201586186885834 0.191924244165421 0.183425456285477
0.174472033977509 0.170731067657471 0.194595545530319 0.19776339828968 0.192446038126945 0.201222658157349 0.20250204205513 0.199122920632362 0.190253064036369 0.174161747097969 0.196468710899353 0.20298957824707 0.193311884999275 0.183697953820229 0.182654201984406 0.201442644000053 0.209274977445602 0.196561127901077 0.203719556331635 0.206384837627411 0.199916496872902 0.208608895540237 0.211702466011047 0.207817286252975 0.188097313046455 0.176281437277794 0.182165667414665 0.191313728690147 0.194568783044815 0.199829801917076 0.199528813362122 0.196617469191551 0.184278070926666 0.177347227931023 0.192379832267761 0.203085899353027 0.203720316290855 0.202759146690369 0.194701209664345 0.192748814821243 0.190247684717178 0.196146696805954 0.197677925229073 0.18856854736805 0.180782005190849
0.18421396613121 0.174656823277473 0.190956443548203 0.195765912532806 0.191113039851189 0.195777222514153 0.199606642127037 0.19667361676693 0.187214225530624 0.18120950460434 0.208677724003792 0.217810392379761 0.202193722128868 0.178968533873558 0.178840607404709 0.198002755641937 0.207487031817436 0.199295967817307 0.202294692397118 0.197376042604446 0.196815773844719 0.212036713957787 0.208502903580666 0.204835325479507 0.19505375623703 0.175566092133522 0.172711879014969 0.180752128362656 0.193475335836411 0.187784597277641 0.179082900285721 0.190758585929871 0.186034321784973 0.172846838831902 0.192170113325119 0.195381641387939 0.197221919894218 0.200148597359657 0.188959285616875 0.181133076548576 0.179729953408241 0.187204971909523 0.201329573988914 0.19571778178215 0.181658267974854
