data/1_raw/trimmed_ndre/J_ndre.64.2012_no_clouds.asc
NCOLS 141 
NROWS 118 
XLLCORNER 516845 
YLLCORNER 5169015 
CELLSIZE 5 
NODATA_value -3.4e+38 
[rows 60 to 79 of 118, columns 45 to 89 of 141]
0.153135612607002 0.159819856286049 0.146559372544289 0.141767993569374 0.148910075426102 0.163558408617973 0.168956071138382 0.160320535302162 0.153355970978737 0.15890933573246 0.152851477265358 0.144353702664375 0.139459773898125 0.150928631424904 0.161276921629906 0.160388246178627 0.147293880581856 0.138992473483086 0.143170386552811 0.148769393563271 0.15438611805439 0.148269072175026 0.139764398336411 0.151946216821671 0.162949681282043 0.164833456277847 0.165448546409607 0.164952576160431 0.164238706231117 0.173877939581871 0.16112844645977 0.149521261453629 0.157125279307365 0.15076120197773 0.160680755972862 0.173578962683678 0.17415252327919 0.161081999540329 0.164637625217438 0.171439185738564 0.16031801700592 0.153741672635078 0.158696010708809 0.162520870566368 0.161767482757568
0.169800266623497 0.180928692221642 0.152191504836082 0.142077043652534 0.15749329328537 0.163695305585861 0.163579821586609 0.162201955914497 0.158171325922012 0.162732854485512 0.162121489644051 0.154952108860016 0.15239192545414 0.159917891025543 0.163374438881874 0.155334159731865 0.1458410769701 0.139303356409073 0.147994101047516 0.1585903018713 0.157029956579208 0.154997006058693 0.15476268529892 0.157612070441246 0.161647155880928 0.171857535839081 0.167327642440796 0.158801317214966 0.162482336163521 0.163340747356415 0.15951643884182 0.162595942616463 0.163608342409134 0.149685710668564 0.15464748442173 0.168787285685539 0.175985932350159 0.161259606480598 0.176995858550072 0.174202740192413 0.154812216758728 0.160606816411018 0.161002635955811 0.167174845933914 0.174650326371193
0.170918732881546 0.174582123756409 0.161346659064293 0.148250296711922 0.159408897161484 0.165609836578369 0.163827985525131 0.163441017270088 0.159003257751465 0.169809967279434 0.160576164722443 0.14999358355999 0.155847921967506 0.167149573564529 0.168850123882294 0.164091154932976 0.163743138313293 0.166469141840935 0.164599165320396 0.157438531517982 0.156343534588814 0.152901276946068 0.159601330757141 0.159299865365028 0.153436169028282 0.15947313606739 0.156630113720894 0.161406874656677 0.165376022458076 0.15074397623539 0.143900156021118 0.15368190407753 0.15573413670063 0.149141296744347 0.156564682722092 0.163663625717163 0.163544446229935 0.148481890559196 0.164605975151062 0.155570551753044 0.154541194438934 0.184205129742622 0.172888055443764 0.18078026175499 0.185252472758293
0.153611570596695 0.149920538067818 0.152257934212685 0.157511621713638 0.161143824458122 0.174325436353683 0.172566801309586 0.156657502055168 0.154846206307411 0.15846985578537 0.143577843904495 0.145689144730568 0.160951137542725 0.168545484542847 0.166897267103195 0.166588619351387 0.172304809093475 0.1708754748106 0.163290053606033 0.156150490045547 0.151872336864471 0.147197738289833 0.155041128396988 0.158562034368515 0.15508745610714 0.154764443635941 0.157589808106422 0.170790150761604 0.165791213512421 0.152401119470596 0.15205791592598 0.161177545785904 0.161089166998863 0.163167625665665 0.171841949224472 0.177251294255257 0.169171616435051 0.151638776063919 0.167314514517784 0.154949188232422 0.152207896113396 0.165602445602417 0.154151543974876 0.171332374215126 0.168102234601974
0.14715987443924 0.150725662708282 0.151225402951241 0.174098625779152 0.179519206285477 0.172770842909813 0.165569812059402 0.153406903147697 0.167236343026161 0.171871155500412 0.152958005666733 0.162698224186897 0.168485194444656 0.15817654132843 0.149493172764778 0.159525483846664 0.162972345948219 0.160566061735153 0.163007706403732 0.155502691864967 0.144468635320663 0.144139036536217 0.15414109826088 0.153252705931664 0.155664160847664 0.154878973960876 0.158939182758331 0.171975165605545 0.16814124584198 0.159052908420563 0.155910477042198 0.160725250840187 0.15495865046978 0.162958472967148 0.173927873373032 0.178367406129837 0.174801617860794 0.174825429916382 0.188001796603203 0.168076664209366 0.158668592572212 0.158454790711403 0.152332857251167 0.164551809430122 0.159206554293633
0.161844313144684 0.165623694658279 0.161633759737015 0.165435284376144 0.182934165000916 0.167699337005615 0.155276000499725 0.16865935921669 0.17828743159771 0.177472233772278 0.16597743332386 0.171905994415283 0.174203529953957 0.156796082854271 0.148218154907227 0.169702455401421 0.165799766778946 0.159718900918961 0.166330397129059 0.157059714198112 0.14519290626049 0.145905360579491 0.152784124016762 0.150715410709381 0.15539787709713 0.15579280257225 0.159976586699486 0.169521495699883 0.170973867177963 0.165067613124847 0.161566033959389 0.158008947968483 0.146795004606247 0.153499007225037 0.157402455806732 0.156919673085213 0.149534225463867 0.16072441637516 0.178337141871452 0.173656195402145 0.177539393305779 0.171094343066216 0.168902218341827 0.172267094254494 0.16241018474102
0.147821456193924 0.137888610363007 0.15164652466774 0.159219279885292 0.166759803891182 0.179929971694946 0.166691645979881 0.164067000150681 0.159911468625069 0.154535755515099 0.153953641653061 0.155682519078255 0.164470642805099 0.164104342460632 0.162762850522995 0.173947229981422 0.174580544233322 0.153768673539162 0.14834451675415 0.156086683273315 0.147740036249161 0.147877708077431 0.151582583785057 0.15082660317421 0.157121300697327 0.15661184489727 0.15983547270298 0.153778284788132 0.144095376133919 0.145533308386803 0.153367251157761 0.152409046888351 0.149656593799591 0.159648224711418 0.164420336484909 0.161354646086693 0.151486590504646 0.158406585454941 0.164657607674599 0.171789094805717 0.175784647464752 0.17572820186615 0.180028527975082 0.177747070789337 0.16395029425621
0.145790368318558 0.13812917470932 0.159430116415024 0.17341074347496 0.15502642095089 0.157840952277184 0.153260096907616 0.145246043801308 0.151609525084496 0.148668065667152 0.150276392698288 0.151845812797546 0.155167371034622 0.15973961353302 0.152349606156349 0.157294809818268 0.153292030096054 0.141500025987625 0.144720822572708 0.157992735505104 0.156631380319595 0.155183672904968 0.155978128314018 0.159907698631287 0.162054106593132 0.155692026019096 0.152842655777931 0.155595615506172 0.155501574277878 0.153344586491585 0.157640546560287 0.148860812187195 0.148364692926407 0.159581586718559 0.170972317457199 0.17268779873848 0.167358130216599 0.17270390689373 0.164293304085732 0.164496824145317 0.165305122733116 0.173194229602814 0.176101833581924 0.169453352689743 0.160509392619133
0.160788133740425 0.164972797036171 0.168880626559258 0.170193701982498 0.151708632707596 0.147321686148643 0.164748653769493 0.153516173362732 0.149990767240524 0.148522064089775 0.148687422275543 0.153608098626137 0.150800377130508 0.150574505329132 0.152894124388695 0.157312601804733 0.150614708662033 0.170082151889801 0.181492075324059 0.167667150497437 0.165357008576393 0.170641094446182 0.165784031152725 0.162276431918144 0.154146701097488 0.151437416672707 0.160253003239632 0.16641166806221 0.164659306406975 0.16132415831089 0.164446800947189 0.156428784132004 0.156786933541298 0.161960616707802 0.16191203892231 0.149920359253883 0.145897015929222 0.166111335158348 0.17496557533741 0.171050623059273 0.164988934993744 0.168689653277397 0.166257604956627 0.164844959974289 0.161844104528427
0.159866601228714 0.163153186440468 0.158263146877289 0.146420300006866 0.144186183810234 0.164312466979027 0.184943005442619 0.165791407227516 0.15176348388195 0.148007303476334 0.14675860106945 0.154672920703888 0.151496708393097 0.144368410110474 0.149686247110367 0.14619055390358 0.149557009339333 0.180481731891632 0.181368783116341 0.16570733487606 0.151845961809158 0.160517826676369 0.166026532649994 0.16583064198494 0.156742289662361 0.154447019100189 0.169597417116165 0.175857692956924 0.161640346050262 0.164484083652496 0.165335029363632 0.152424216270447 0.156598925590515 0.157054364681244 0.154749423265457 0.142363503575325 0.14699387550354 0.169333189725876 0.183670058846474 0.170932471752167 0.16517685353756 0.166859403252602 0.164359286427498 0.170138016343117 0.162528842687607
0.16499625146389 0.161093637347221 0.150875747203827 0.141153290867805 0.157488763332367 0.176743015646935 0.174698680639267 0.160945534706116 0.154934525489807 0.158057928085327 0.162409007549286 0.161768525838852 0.152747943997383 0.145215004682541 0.159805044531822 0.159830376505852 0.149577975273132 0.15897424519062 0.157310307025909 0.156457707285881 0.133869662880898 0.126097738742828 0.147744685411453 0.169297307729721 0.166139036417007 0.163201615214348 0.16501347720623 0.162939950823784 0.152819722890854 0.173814505338669 0.173413664102554 0.143847584724426 0.151263862848282 0.15765081346035 0.162226185202599 0.159382626414299 0.172359615564346 0.178532689809799 0.169403627514839 0.154474824666977 0.159624606370926 0.163250491023064 0.166091412305832 0.173957720398903 0.160000458359718
0.175317823886871 0.16913777589798 0.153849557042122 0.153228953480721 0.169513955712318 0.160110846161842 0.148940071463585 0.157117113471031 0.159272611141205 0.165778189897537 0.171960920095444 0.164160415530205 0.155097886919975 0.153543576598167 0.163705766201019 0.168752759695053 0.155289217829704 0.159768342971802 0.165819257497787 0.164636194705963 0.158112913370132 0.142687186598778 0.151719555258751 0.162386178970337 0.159248948097229 0.156268045306206 0.152146086096764 0.147496432065964 0.147787377238274 0.171934336423874 0.168203920125961 0.150250732898712 0.161505743861198 0.167590007185936 0.173550680279732 0.171199604868889 0.173509031534195 0.165169984102249 0.158379733562469 0.152650192379951 0.157635375857353 0.153724744915962 0.165072903037071 0.173147484660149 0.155328094959259
0.163218334317207 0.170512095093727 0.163299083709717 0.174810573458672 0.1795514523983 0.150222986936569 0.144606754183769 0.155368685722351 0.155356079339981 0.152932897210121 0.156009301543236 0.160869464278221 0.162156611680984 0.159459143877029 0.162219375371933 0.16235913336277 0.149894222617149 0.153320252895355 0.170928955078125 0.180955201387405 0.182282015681267 0.170115917921066 0.169619098305702 0.159937009215355 0.143988519906998 0.141648188233376 0.155713692307472 0.159950017929077 0.156403169035912 0.162138015031815 0.153438746929169 0.153447717428207 0.158584788441658 0.155890688300133 0.161743357777596 0.15955662727356 0.157220095396042 0.154499366879463 0.155738577246666 0.163203954696655 0.169040337204933 0.156538620591164 0.161825433373451 0.162220939993858 0.152698501944542
0.141108900308609 0.155893191695213 0.163791537284851 0.180082753300667 0.173758074641228 0.151788964867592 0.148765325546265 0.152931407094002 0.150247558951378 0.142890155315399 0.144344955682755 0.157299280166626 0.166414886713028 0.165440544486046 0.159399032592773 0.15285250544548 0.154591664671898 0.161507189273834 0.166839614510536 0.165078356862068 0.158715143799782 0.160770311951637 0.166137918829918 0.151273116469383 0.143819257616997 0.150393769145012 0.161909162998199 0.167040064930916 0.163841843605042 0.149741113185883 0.146121636033058 0.150888219475746 0.144766062498093 0.142399877309799 0.15223217010498 0.150101751089096 0.14978900551796 0.153125464916229 0.14853273332119 0.156214714050293 0.159113168716431 0.148297786712646 0.152863085269928 0.149351134896278 0.156778335571289
0.154362738132477 0.162793904542923 0.163134574890137 0.167235046625137 0.163343265652657 0.156874880194664 0.153567969799042 0.155398234724998 0.159338310360909 0.154694676399231 0.149933949112892 0.154002547264099 0.160149753093719 0.16459633409977 0.156671971082687 0.153776600956917 0.159981116652489 0.158770024776459 0.141124725341797 0.137536063790321 0.142965957522392 0.155090034008026 0.164292976260185 0.151533976197243 0.150246486067772 0.150581538677216 0.15520367026329 0.173061326146126 0.161221161484718 0.143797665834427 0.150943696498871 0.154172763228416 0.136497125029564 0.140695825219154 0.157705217599869 0.152980983257294 0.158818036317825 0.158942371606827 0.149146020412445 0.148112893104553 0.140329644083977 0.139202237129211 0.152856156229973 0.150331363081932 0.161518305540085
0.17449152469635 0.171264916658401 0.159702286124229 0.156157195568085 0.160272628068924 0.160459399223328 0.163372814655304 0.169369384646416 0.172088801860809 0.174545153975487 0.16389437019825 0.148294195532799 0.142716318368912 0.149584293365479 0.155509144067764 0.149924516677856 0.14812009036541 0.152506664395332 0.147046208381653 0.144054964184761 0.150121763348579 0.163810312747955 0.165183618664742 0.153250426054001 0.148355573415756 0.1595598757267 0.170110046863556 0.175668135285378 0.155051857233047 0.152797117829323 0.173019453883171 0.168729618191719 0.146242544054985 0.152572005987167 0.165520414710045 0.158437684178352 0.166029646992683 0.159816265106201 0.151290744543076 0.155127733945847 0.147249802947044 0.152347922325134 0.161823913455009 0.156799733638763 0.165811836719513
0.156997382640839 0.160572782158852 0.161362543702126 0.160986885428429 0.165558204054832 0.161473974585533 0.163484767079353 0.171945914626122 0.174414500594139 0.172499343752861 0.161106586456299 0.144353523850441 0.139184415340424 0.14265264570713 0.158018484711647 0.14516669511795 0.132498055696487 0.152376547455788 0.158914014697075 0.157492473721504 0.163614735007286 0.175798863172531 0.166355192661285 0.156051650643349 0.152300342917442 0.176671653985977 0.182903558015823 0.167257189750671 0.156078740954399 0.165900051593781 0.179197624325752 0.167660385370255 0.157245874404907 0.16331385076046 0.166397273540497 0.159863099455833 0.159329876303673 0.151477664709091 0.153662279248238 0.167261034250259 0.165706694126129 0.16978719830513 0.165574193000793 0.160253524780273 0.16399946808815
0.148396745324135 0.148397356271744 0.165901213884354 0.166305527091026 0.163641884922981 0.160161033272743 0.15684686601162 0.160873204469681 0.162148430943489 0.155949577689171 0.149078100919724 0.147928833961487 0.154737517237663 0.151444315910339 0.158040583133698 0.156492874026299 0.147280558943748 0.15609347820282 0.161720633506775 0.157325759530067 0.162550047039986 0.161646440625191 0.148733019828796 0.143842205405235 0.1507817953825 0.183122515678406 0.18350887298584 0.157096892595291 0.146745637059212 0.16274257004261 0.161836594343185 0.155496969819069 0.15700626373291 0.160714700818062 0.16048763692379 0.156379356980324 0.148961499333382 0.141007855534554 0.152251899242401 0.1657974421978 0.170797824859619 0.17836894094944 0.16294102370739 0.161037921905518 0.166318193078041
0.156715303659439 0.147850796580315 0.155710980296135 0.14763055741787 0.145562738180161 0.151502400636673 0.149978920817375 0.148996993899345 0.1389429718256 0.139026552438736 0.143243864178658 0.140400886535645 0.149016216397285 0.151293367147446 0.142277792096138 0.151961773633957 0.156723618507385 0.16242952644825 0.180123493075371 0.160930171608925 0.151491358876228 0.146037951111794 0.131579846143723 0.146540224552155 0.170059517025948 0.175583511590958 0.161836743354797 0.141357600688934 0.13913032412529 0.157967627048492 0.155421510338783 0.157079845666885 0.15931810438633 0.152389869093895 0.156720593571663 0.160666733980179 0.153410315513611 0.144764304161072 0.153558984398842 0.159237653017044 0.166569992899895 0.171149656176567 0.151782780885696 0.160656735301018 0.172668486833572
0.147795245051384 0.158181756734848 0.163611605763435 0.144637361168861 0.138265281915665 0.135793372988701 0.133916065096855 0.13672998547554 0.127969622612 0.140651822090149 0.14892353117466 0.133799776434898 0.12210538238287 0.130369916558266 0.138386204838753 0.148220151662827 0.175032839179039 0.171994164586067 0.169125005602837 0.160969316959381 0.160799354314804 0.164415091276169 0.164480939507484 0.179628685116768 0.18134269118309 0.158615440130234 0.149464473128319 0.145587548613548 0.149586856365204 0.170876547694206 0.171317502856255 0.187652394175529 0.166747272014618 0.151320531964302 0.161550715565681 0.164408296346664 0.160080373287201 0.153894945979118 0.158042803406715 0.151450306177139 0.158698365092278 0.15846511721611 0.150595933198929 0.167953252792358 0.178715452551842
