data/1_raw/trimmed_ndre/J_ndre.522.2009_no_clouds.asc
NCOLS 141 
NROWS 118 
XLLCORNER 516845 
YLLCORNER 5169015 
CELLSIZE 5 
NODATA_value -3.4e+38 
[rows 0 to 19 of 118, columns 45 to 89 of 141]
-3.4e+38 -3.4e+38 -3.4e+38 -3.4e+38 -3.4e+38 -3.4e+38 -3.4e+38 -3.4e+38 -3.4e+38 -3.4e+38 -3.4e+38 -3.4e+38 -3.4e+38 -3.4e+38 -3.4e+38 -3.4e+38 -3.4e+38 -3.4e+38 -3.4e+38 -3.4e+38 -3.4e+38 -3.4e+38 -3.4e+38 -3.4e+38 -3.4e+38 -3.4e+38 -3.4e+38 -3.4e+38 -3.4e+38 -3.4e+38 -3.4e+38 -3.4e+38 -3.4e+38 -3.4e+38 -3.4e+38 -3.4e+38 -3.4e+38 0.459602653980255 0.414587497711182 0.397147625684738 0.400663733482361 0.400014519691467 0.396752089262009 0.409818351268768 0.414597898721695
-3.4e+38 -3.4e+38 -3.4e+38 -3.4e+38 -3.4e+38 -3.4e+38 -3.4e+38 -3.4e+38 -3.4e+38 -3.4e+38 -3.4e+38 -3.4e+38 -3.4e+38 -3.4e+38 -3.4e+38 -3.4e+38 -3.4e+38 -3.4e+38 -3.4e+38 -3.4e+38 -3.4e+38 -3.4e+38 -3.4e+38 -3.4e+38 -3.4e+38 -3.4e+38 -3.4e+38 -3.4e+38 0.454427033662796 0.450908124446869 0.454170674085617 0.442237138748169 0.443357288837433 0.463810056447983 0.465790122747421 0.469133257865906 0.475958228111267 0.450065553188324 0.433550536632538 0.414464592933655 0.39950904250145 0.401835262775421 0.419584959745407 0.431877940893173 0.423379570245743
-3.4e+38 -3.4e+38 -3.4e+38 -3.4e+38 -3.4e+38 -3.4e+38 -3.4e+38 -3.4e+38 -3.4e+38 -3.4e+38 -3.4e+38 -3.4e+38 -3.4e+38 -3.4e+38 -3.4e+38 -3.4e+38 -3.4e+38 -3.4e+38 -3.4e+38 -3.4e+38 0.4580157995224 0.432184755802155 0.42787691950798 0.434843838214874 0.444110840559006 0.460387825965881 0.478667914867401 0.489998698234558 0.467360764741898 0.442264169454575 0.438385665416718 0.437530070543289 0.438745200634003 0.442221611738205 0.433363884687424 0.425731301307678 0.438785463571548 0.445152103900909 0.446073859930038 0.452361762523651 0.426326632499695 0.40102082490921 0.416219502687454 0.429197013378143 0.412602454423904
-3.4e+38 -3.4e+38 -3.4e+38 -3.4e+38 -3.4e+38 -3.4e+38 -3.4e+38 -3.4e+38 -3.4e+38 -3.4e+38 -3.4e+38 -3.4e+38 -3.4e+38 -3.4e+38 -3.4e+38 -3.4e+38 0.415063858032227 0.439659595489502 0.459653824567795 0.452613651752472 0.450413435697556 0.444125652313232 0.439890086650848 0.44060543179512 0.452657788991928 0.472933441400528 0.49039289355278 0.492335140705109 0.475350379943848 0.462045580148697 0.457818299531937 0.449117481708527 0.434023857116699 0.428379267454147 0.419158548116684 0.411297917366028 0.433812409639359 0.460799306631088 0.460405439138412 0.473183035850525 0.465706259012222 0.435551166534424 0.425849378108978 0.417190104722977 0.405511319637299
-3.4e+38 -3.4e+38 -3.4e+38 -3.4e+38 -3.4e+38 -3.4e+38 -3.4e+38 -3.4e+38 -3.4e+38 -3.4e+38 -3.4e+38 -3.4e+38 -3.4e+38 -3.4e+38 -3.4e+38 0.400570631027222 0.433093219995499 0.449431836605072 0.466571837663651 0.46749684214592 0.46500962972641 0.452822268009186 0.456429332494736 0.465988665819168 0.472487807273865 0.487504750490189 0.499468207359314 0.492206245660782 0.478093415498734 0.471314966678619 0.463972687721252 0.443824499845505 0.418626576662064 0.442343086004257 0.451023161411285 0.425193339586258 0.449467748403549 0.475960671901703 0.453693807125092 0.423307925462723 0.438394814729691 0.442621260881424 0.429108917713165 0.411958962678909 0.411243289709091
-3.4e+38 -3.4e+38 -3.4e+38 -3.4e+38 -3.4e+38 -3.4e+38 -3.4e+38 -3.4e+38 -3.4e+38 -3.4e+38 -3.4e+38 -3.4e+38 -3.4e+38 -3.4e+38 0.372846812009811 0.423594683408737 0.435935407876968 0.434356272220612 0.454309791326523 0.472052752971649 0.470147520303726 0.470875173807144 0.478976160287857 0.489855051040649 0.493165910243988 0.497686415910721 0.507630825042725 0.487925708293915 0.460101664066315 0.443100571632385 0.436804324388504 0.427210986614227 0.412816882133484 0.452913910150528 0.456864833831787 0.424256771802902 0.447560489177704 0.438397467136383 0.42216357588768 0.413912802934647 0.435066699981689 0.429504424333572 0.430891454219818 0.424140781164169 0.397897034883499
-3.4e+38 -3.4e+38 -3.4e+38 -3.4e+38 -3.4e+38 -3.4e+38 -3.4e+38 -3.4e+38 -3.4e+38 -3.4e+38 -3.4e+38 -3.4e+38 0.357983350753784 0.378903687000275 0.409457743167877 0.41652250289917 0.418423444032669 0.440471053123474 0.459084719419479 0.480241805315018 0.49542909860611 0.50399523973465 0.495615422725677 0.502797663211823 0.510025918483734 0.502164363861084 0.500610113143921 0.470411032438278 0.441657871007919 0.441309690475464 0.435886263847351 0.434973955154419 0.432955354452133 0.445416003465652 0.428626656532288 0.42670351266861 0.45420578122139 0.445900350809097 0.435953080654144 0.45372998714447 0.466945022344589 0.435953050851822 0.396543145179749 0.388545304536819 0.386946260929108
-3.4e+38 -3.4e+38 -3.4e+38 -3.4e+38 -3.4e+38 -3.4e+38 -3.4e+38 -3.4e+38 -3.4e+38 -3.4e+38 -3.4e+38 0.379548907279968 0.41268515586853 0.410163998603821 0.4078449010849 0.390949636697769 0.402499794960022 0.442646682262421 0.456729561090469 0.491337239742279 0.51996386051178 0.50842410326004 0.471986085176468 0.470975250005722 0.488129049539566 0.478845357894897 0.464096039533615 0.454504013061523 0.450103223323822 0.455966830253601 0.447874516248703 0.450147241353989 0.453719079494476 0.454449445009232 0.428277969360352 0.422791510820389 0.448094815015793 0.458168983459473 0.442195475101471 0.425129324197769 0.427702963352203 0.416780471801758 0.38639423251152 0.393138557672501 0.415143668651581
-3.4e+38 -3.4e+38 -3.4e+38 -3.4e+38 -3.4e+38 -3.4e+38 -3.4e+38 -3.4e+38 -3.4e+38 0.357061982154846 0.368461489677429 0.407003939151764 0.43459689617157 0.430769324302673 0.419683247804642 0.396163910627365 0.400168597698212 0.440831512212753 0.467193156480789 0.489778101444244 0.49439999461174 0.482388287782669 0.460067242383957 0.450763136148453 0.458268165588379 0.439943641424179 0.409966707229614 0.431506842374802 0.439686179161072 0.450975686311722 0.456026405096054 0.445361793041229 0.433054625988007 0.434981465339661 0.441270887851715 0.435028463602066 0.438688069581985 0.438032209873199 0.425590634346008 0.414051622152328 0.412817806005478 0.425004631280899 0.430550128221512 0.434851914644241 0.439499318599701
-3.4e+38 -3.4e+38 -3.4e+38 -3.4e+38 -3.4e+38 -3.4e+38 -3.4e+38 -3.4e+38 0.421785265207291 0.443375259637833 0.434613317251205 0.417390733957291 0.432051807641983 0.443547993898392 0.437046468257904 0.424260437488556 0.418244779109955 0.457256257534027 0.500516414642334 0.503004670143127 0.470968306064606 0.474454820156097 0.482605010271072 0.462767988443375 0.444811880588531 0.429865032434464 0.427797555923462 0.451905906200409 0.43314391374588 0.448121070861816 0.466491788625717 0.449522912502289 0.459412276744843 0.451482683420181 0.45604607462883 0.466992318630219 0.469438284635544 0.466579496860504 0.447431951761246 0.420529246330261 0.420600771903992 0.444544941186905 0.46003395318985 0.441291809082031 0.436606109142303
-3.4e+38 -3.4e+38 -3.4e+38 -3.4e+38 -3.4e+38 -3.4e+38 0.445057600736618 0.455982148647308 0.466027140617371 0.475735664367676 0.45040574669838 0.419690847396851 0.44044229388237 0.448127001523972 0.463625311851501 0.459460914134979 0.444686204195023 0.465674608945847 0.501937091350555 0.504405796527863 0.480506807565689 0.479638695716858 0.486677497625351 0.462270051240921 0.435712039470673 0.453095048666 0.472725003957748 0.477052688598633 0.465077430009842 0.466860949993134 0.470854163169861 0.469251155853271 0.499645620584488 0.474159955978394 0.460261106491089 0.497893214225769 0.494882792234421 0.479977250099182 0.468079507350922 0.449957221746445 0.438866794109344 0.439861983060837 0.455009430646896 0.457828730344772 0.455544829368591
-3.4e+38 -3.4e+38 -3.4e+38 -3.4e+38 -3.4e+38 0.466225355863571 0.47186803817749 0.472865611314774 0.464611321687698 0.450676530599594 0.449775606393814 0.44765692949295 0.454455852508545 0.458681553602219 0.489895403385162 0.479407459497452 0.450616955757141 0.460672587156296 0.479144752025604 0.489866465330124 0.485058128833771 0.465034991502762 0.47285982966423 0.477146178483963 0.459796458482742 0.471635639667511 0.472092419862747 0.472898602485657 0.481243938207626 0.477324813604355 0.484417945146561 0.493144780397415 0.503614187240601 0.495460242033005 0.502825081348419 0.522949397563934 0.499863356351852 0.472394287586212 0.486544907093048 0.494297325611115 0.471980452537537 0.485390990972519 0.479635387659073 0.483741104602814 0.497236669063568
-3.4e+38 -3.4e+38 -3.4e+38 0.478519558906555 0.49677449464798 0.48591211438179 0.474639683961868 0.464848667383194 0.467405915260315 0.467510491609573 0.476750195026398 0.476305782794952 0.471319437026978 0.477655291557312 0.496197491884232 0.48716327548027 0.45795863866806 0.452542543411255 0.459243953227997 0.456936001777649 0.463502675294876 0.467498332262039 0.475073307752609 0.47548320889473 0.46379154920578 0.460231184959412 0.47230076789856 0.471855789422989 0.487363338470459 0.49536120891571 0.503044068813324 0.503504157066345 0.498253881931305 0.49800518155098 0.511791467666626 0.51391065120697 0.496083557605743 0.482105106115341 0.497584223747253 0.508019924163818 0.492746293544769 0.505322992801666 0.480564743280411 0.48247367143631 0.514393448829651
-3.4e+38 -3.4e+38 0.454619318246841 0.480439335107803 0.495747923851013 0.481480270624161 0.461603164672852 0.460587352514267 0.493763446807861 0.505652368068695 0.490149885416031 0.485768646001816 0.490247756242752 0.494593143463135 0.494794011116028 0.492694765329361 0.470549076795578 0.454469352960587 0.455613017082214 0.453015744686127 0.474130749702454 0.483489662408829 0.466461360454559 0.446079611778259 0.441778540611267 0.460112482309341 0.482998549938202 0.489190429449081 0.5023033618927 0.512168824672699 0.502170264720917 0.498021721839905 0.486805230379105 0.483659237623215 0.489530026912689 0.505364298820496 0.508065283298492 0.498810797929764 0.494992315769196 0.488418936729431 0.480569332838058 0.473502576351166 0.459241211414337 0.46646773815155 0.487757652997971
-3.4e+38 0.470883101224899 0.4654261469841 0.479540050029755 0.47590845823288 0.464893341064453 0.46460822224617 0.484025061130524 0.512699723243713 0.509975850582123 0.486066073179245 0.494491249322891 0.520494043827057 0.507880628108978 0.485485821962357 0.491057097911835 0.474310785531998 0.469309568405151 0.469237238168716 0.463420957326889 0.479408442974091 0.47808700799942 0.461382329463959 0.459550052881241 0.452369570732117 0.480197489261627 0.508223831653595 0.502403974533081 0.509196698665619 0.509695410728455 0.497099250555038 0.487980574369431 0.4854776263237 0.485594421625137 0.491484761238098 0.518032252788544 0.533779859542847 0.507715046405792 0.473299652338028 0.469289630651474 0.471041858196259 0.474233955144882 0.46984651684761 0.458556443452835 0.468228459358215
0.447008430957794 0.46319967508316 0.464804619550705 0.465800166130066 0.464348882436752 0.473288089036942 0.489463120698929 0.49968010187149 0.498349696397781 0.502995848655701 0.49857497215271 0.50584876537323 0.522262811660767 0.504638731479645 0.478594571352005 0.472703278064728 0.453711003065109 0.471353948116302 0.474125891923904 0.45998415350914 0.468226701021194 0.468140840530396 0.473134487867355 0.48639178276062 0.480647832155228 0.503684043884277 0.501581430435181 0.479569166898727 0.500174224376678 0.499955713748932 0.485356479883194 0.483669281005859 0.495210140943527 0.517026662826538 0.520467877388 0.519144117832184 0.526641190052032 0.502656280994415 0.474675267934799 0.482399731874466 0.487322479486465 0.488222181797028 0.478922337293625 0.461799740791321 0.484275221824646
0.423715025186539 0.452529460191727 0.444449603557587 0.442169368267059 0.46382412314415 0.490904957056046 0.492977499961853 0.490480691194534 0.496224075555801 0.503744900226593 0.510886967182159 0.495910197496414 0.486216813325882 0.493283212184906 0.479452550411224 0.467506885528564 0.46722549200058 0.480491101741791 0.470809459686279 0.459771275520325 0.473809540271759 0.487943112850189 0.478218138217926 0.475900262594223 0.485549032688141 0.496874064207077 0.480279833078384 0.45868057012558 0.478061348199844 0.485692083835602 0.48873233795166 0.485101938247681 0.485612630844116 0.506288111209869 0.508059978485107 0.499875038862228 0.508886694908142 0.50530880689621 0.491537123918533 0.483238071203232 0.479674190282822 0.491380423307419 0.483772128820419 0.4748814702034 0.495614945888519
0.426132917404175 0.446076184511185 0.428154706954956 0.44710898399353 0.47866091132164 0.491121739149094 0.478831648826599 0.462599396705627 0.469112366437912 0.481342643499374 0.492645531892776 0.469519048929214 0.4455546438694 0.452271729707718 0.45964041352272 0.469109088182449 0.47517192363739 0.47860586643219 0.486193478107452 0.483268141746521 0.487312406301498 0.486160963773727 0.460913479328156 0.450631588697433 0.467503815889359 0.479735255241394 0.478139728307724 0.475230813026428 0.481485366821289 0.490608543157578 0.504221856594086 0.488529622554779 0.469915777444839 0.485217452049255 0.495039433240891 0.501421630382538 0.507705569267273 0.502380847930908 0.490991473197937 0.474457800388336 0.472135871648788 0.489178687334061 0.493156492710114 0.48219022154808 0.486309081315994
0.431962072849274 0.446676075458527 0.443269163370132 0.470214128494263 0.48624113202095 0.487779200077057 0.475864142179489 0.455646365880966 0.446704387664795 0.448077529668808 0.451135754585266 0.445897668600082 0.435238867998123 0.436090379953384 0.442301213741302 0.454797238111496 0.43795382976532 0.451610893011093 0.503496587276459 0.511747300624847 0.501837551593781 0.484342604875565 0.475363522768021 0.475707173347473 0.475751012563705 0.470480114221573 0.477405846118927 0.501503944396973 0.506826221942902 0.500918805599213 0.507731914520264 0.513613343238831 0.500993072986603 0.498145997524261 0.5095055103302 0.513707339763641 0.497222572565079 0.472578585147858 0.458176553249359 0.459551095962524 0.47105473279953 0.48512390255928 0.505430221557617 0.498741030693054 0.487049907445908
0.443318665027618 0.456510454416275 0.465577930212021 0.475716829299927 0.471426635980606 0.483679562807083 0.490106612443924 0.470518469810486 0.449810415506363 0.430935829877853 0.428844302892685 0.441120505332947 0.450215250253677 0.436331689357758 0.431632041931152 0.448530435562134 0.43728244304657 0.458066761493683 0.514826536178589 0.520735085010529 0.521819293498993 0.521967887878418 0.507643759250641 0.480364799499512 0.447059482336044 0.451932907104492 0.475959688425064 0.505524575710297 0.525599420070648 0.518126010894775 0.509571194648743 0.531952261924744 0.530657291412354 0.512875616550446 0.506140887737274 0.502051591873169 0.477220088243484 0.441200911998749 0.426917910575867 0.442110180854797 0.450561314821243 0.462862700223923 0.494200438261032 0.492206573486328 0.483681321144104
