data/1_raw/trimmed_ndre/J_ndre.728.2009_no_clouds.asc
NCOLS 141 
NROWS 118 
XLLCORNER 516845 
YLLCORNER 5169015 
CELLSIZE 5 
NODATA_value -3.4e+38 
[rows 20 to 39 of 118, columns 45 to 89 of 141]
0.21886257827282 0.227578952908516 0.228266417980194 0.216946616768837 0.218956187367439 0.219451516866684 0.227194845676422 0.238728150725365 0.233455136418343 0.222165465354919 0.221521258354187 0.230283886194229 0.233574643731117 0.224695846438408 0.233541876077652 0.230846360325813 0.212649971246719 0.208608195185661 0.205695390701294 0.208441644906998 0.211754813790321 0.20637159049511 0.196424663066864 0.208314284682274 0.229597270488739 0.221892893314362 0.211596310138702 0.213726371526718 0.218365401029587 0.221053943037987 0.215093672275543 0.215245142579079 0.238160684704781 0.22608557343483 0.204007625579834 0.215173482894897 0.219023615121841 0.219545006752014 0.21588422358036 0.204111993312836 0.206002101302147 0.209263861179352 0.213761240243912 0.217699393630028 0.227243304252625
0.219998463988304 0.225064530968666 0.230341926217079 0.22466453909874 0.207286790013313 0.204132199287415 0.209621042013168 0.225328862667084 0.236447706818581 0.234345182776451 0.217538595199585 0.220293626189232 0.234700053930283 0.226565003395081 0.218871787190437 0.220894172787666 0.214874446392059 0.205506458878517 0.208535924553871 0.212905570864677 0.220197081565857 0.225869253277779 0.215689435601234 0.216045945882797 0.213521555066109 0.207592993974686 0.21047680079937 0.221622556447983 0.223191305994987 0.217801973223686 0.205127656459808 0.209725886583328 0.229025706648827 0.22379869222641 0.213207229971886 0.220163196325302 0.206829011440277 0.204776287078857 0.210237115621567 0.204821392893791 0.210461348295212 0.202589496970177 0.193452045321465 0.208746194839478 0.225822314620018
0.221313655376434 0.222708716988564 0.219889029860497 0.219720005989075 0.210373044013977 0.201365485787392 0.204520374536514 0.20356097817421 0.216093376278877 0.230003103613853 0.218556568026543 0.214562252163887 0.224836081266403 0.224313139915466 0.217106744647026 0.22296704351902 0.224260434508324 0.22142630815506 0.228332415223122 0.217130661010742 0.211490273475647 0.220035120844841 0.222821265459061 0.224604666233063 0.212635606527328 0.213358044624329 0.222631976008415 0.228950694203377 0.230789259076118 0.221708416938782 0.20485845208168 0.202662035822868 0.217951536178589 0.224621966481209 0.22261805832386 0.216978043317795 0.202541708946228 0.196357786655426 0.205190107226372 0.208708122372627 0.213178649544716 0.192755132913589 0.185791686177254 0.20468732714653 0.22935862839222
0.219968006014824 0.220915958285332 0.214784294366837 0.220661655068398 0.238273754715919 0.237249419093132 0.226841360330582 0.203539878129959 0.201119840145111 0.21857163310051 0.221077740192413 0.225759923458099 0.223135977983475 0.216303497552872 0.220445662736893 0.227733641862869 0.226075276732445 0.224581822752953 0.234247386455536 0.221155077219009 0.210310652852058 0.208535745739937 0.219369545578957 0.229301303625107 0.215518802404404 0.218990474939346 0.224628254771233 0.225269094109535 0.239658817648888 0.239007622003555 0.221268996596336 0.205494374036789 0.217389166355133 0.227496728301048 0.212244212627411 0.218863606452942 0.215670332312584 0.194554850459099 0.20054717361927 0.203390866518021 0.198286965489388 0.180558413267136 0.187368616461754 0.209269195795059 0.224254786968231
0.216282024979591 0.214669734239578 0.21355827152729 0.212320610880852 0.201029792428017 0.202394142746925 0.21768644452095 0.219009444117546 0.208696365356445 0.207461252808571 0.200070485472679 0.218501970171928 0.219883039593697 0.211431384086609 0.218865007162094 0.223163396120071 0.223154664039612 0.226993024349213 0.233517855405807 0.232020854949951 0.2283566147089 0.210779473185539 0.209996223449707 0.218191772699356 0.208938404917717 0.212966904044151 0.214247837662697 0.211172893643379 0.229449614882469 0.240418896079063 0.225421413779259 0.210125610232353 0.218756273388863 0.224941983819008 0.2077496945858 0.230361148715019 0.23437075316906 0.208566412329674 0.203602015972137 0.186705440282822 0.180270224809647 0.175278201699257 0.190055787563324 0.206824317574501 0.210359916090965
0.21117040514946 0.205273658037186 0.203431934118271 0.218701228499413 0.209190398454666 0.193234503269196 0.207257717847824 0.225693836808205 0.226452305912971 0.227391108870506 0.217364117503166 0.218650445342064 0.220912262797356 0.210630893707275 0.214290246367455 0.217298194766045 0.212663725018501 0.210578322410583 0.219160825014114 0.233732521533966 0.238805487751961 0.215130180120468 0.207393825054169 0.216712802648544 0.210108667612076 0.211838215589523 0.212412565946579 0.209217578172684 0.214699357748032 0.219300732016563 0.221269726753235 0.214322939515114 0.203444480895996 0.211771607398987 0.196064054965973 0.215728223323822 0.228281363844872 0.212250053882599 0.208973035216331 0.192072793841362 0.195048719644547 0.19895601272583 0.20090277493 0.198647856712341 0.202882871031761
0.211923092603683 0.210972964763641 0.198702856898308 0.21119849383831 0.225277036428452 0.213911578059196 0.198761567473412 0.200482800602913 0.217196583747864 0.228285476565361 0.225581839680672 0.219908997416496 0.229273930191994 0.218219682574272 0.211806833744049 0.223486587405205 0.218947276473045 0.204491063952446 0.208145201206207 0.228729695081711 0.23426379263401 0.2200648188591 0.222799479961395 0.229565232992172 0.22665074467659 0.21976001560688 0.219975262880325 0.226587891578674 0.214108541607857 0.209081381559372 0.221948578953743 0.234719723463058 0.216658234596252 0.21209080517292 0.194314435124397 0.195229321718216 0.207935646176338 0.203408196568489 0.203951373696327 0.19830584526062 0.212113916873932 0.222489222884178 0.218512013554573 0.206970542669296 0.215233206748962
0.220916673541069 0.215825974941254 0.207409173250198 0.211600810289383 0.222106024622917 0.211893305182457 0.192129999399185 0.202481731772423 0.230148136615753 0.222048103809357 0.21964168548584 0.217061161994934 0.213416576385498 0.203787624835968 0.207390874624252 0.235136300325394 0.237544596195221 0.237823024392128 0.23149585723877 0.217177495360374 0.215548694133759 0.226047992706299 0.232623890042305 0.227530092000961 0.230225384235382 0.240326747298241 0.239943847060204 0.232726544141769 0.227597996592522 0.216154187917709 0.204350695014 0.220292568206787 0.218165755271912 0.227150395512581 0.208125367760658 0.204655930399895 0.220605194568634 0.213030755519867 0.205202460289001 0.198101028800011 0.199635803699493 0.202162936329842 0.199683353304863 0.193247616291046 0.213452443480492
0.218573898077011 0.214351162314415 0.216973185539246 0.22651806473732 0.224716275930405 0.214167684316635 0.194953426718712 0.222802296280861 0.247644707560539 0.231943666934967 0.237762272357941 0.226453766226768 0.206237405538559 0.199739336967468 0.207167088985443 0.224372461438179 0.220783814787865 0.23102805018425 0.23462787270546 0.214363306760788 0.218840464949608 0.225113064050674 0.223490923643112 0.232315272092819 0.24946953356266 0.261636763811111 0.237935215234756 0.202002659440041 0.231333926320076 0.266348719596863 0.200719580054283 0.180957734584808 0.205962046980858 0.217480674386024 0.197730407118797 0.203220754861832 0.229906857013702 0.217060506343842 0.214524626731873 0.212344944477081 0.204115211963654 0.186126708984375 0.178073406219482 0.181026294827461 0.198744565248489
0.212616875767708 0.201879903674126 0.203296646475792 0.22103576362133 0.230048015713692 0.226658686995506 0.216577246785164 0.232679337263107 0.232358053326607 0.210042834281921 0.222999528050423 0.215658113360405 0.213637337088585 0.213800355792046 0.213727027177811 0.222372174263 0.220295116305351 0.224383920431137 0.225290939211845 0.230735331773758 0.253645867109299 0.24428303539753 0.229944258928299 0.234427377581596 0.241846933960915 0.242024943232536 0.213115662336349 0.187491968274117 0.23325227200985 0.267207711935043 0.205862075090408 0.176542654633522 0.205978482961655 0.218259707093239 0.209224432706833 0.198636949062347 0.201171681284904 0.201912954449654 0.207642674446106 0.209614500403404 0.192972630262375 0.166077628731728 0.18132945895195 0.195634052157402 0.21013580262661
0.213131234049797 0.208769604563713 0.20832784473896 0.21394582092762 0.227734863758087 0.236956566572189 0.229173704981804 0.230691567063332 0.219095289707184 0.197948023676872 0.19979527592659 0.200545012950897 0.214649975299835 0.229084059596062 0.221263855695724 0.221297785639763 0.224554866552353 0.22903123497963 0.208013504743576 0.204722613096237 0.232088506221771 0.235266134142876 0.229212746024132 0.22093141078949 0.203462943434715 0.216764643788338 0.201393574476242 0.181554764509201 0.206978321075439 0.218592673540115 0.203879222273827 0.19829598069191 0.221572622656822 0.223045617341995 0.208194404840469 0.1818608045578 0.178259789943695 0.197018429636955 0.191519901156425 0.184694185853004 0.187865063548088 0.164783015847206 0.183204606175423 0.205433443188667 0.215580344200134
0.208206385374069 0.217631310224533 0.223473891615868 0.208294942975044 0.216185763478279 0.226778194308281 0.213431254029274 0.211109325289726 0.216907620429993 0.208032384514809 0.206311509013176 0.196234002709389 0.201648756861687 0.231711268424988 0.234725713729858 0.211850449442863 0.219446167349815 0.235056310892105 0.212106168270111 0.191121906042099 0.208617880940437 0.214766427874565 0.221884176135063 0.224292576313019 0.205631911754608 0.214367315173149 0.207144886255264 0.183568939566612 0.202722445130348 0.204032242298126 0.182095944881439 0.178732573986053 0.204160496592522 0.209160834550858 0.183534488081932 0.18540745973587 0.179088205099106 0.186895698308945 0.193283304572105 0.182017743587494 0.197132915258408 0.190455824136734 0.181935548782349 0.201678663492203 0.216702446341515
0.201314553618431 0.215067818760872 0.224940106272697 0.205374658107758 0.208186164498329 0.220028325915337 0.204644918441772 0.205591365695 0.222911924123764 0.224697232246399 0.230326965451241 0.218889266252518 0.192637413740158 0.215799123048782 0.236449956893921 0.203825563192368 0.199999451637268 0.230855941772461 0.220776796340942 0.199556469917297 0.212144166231155 0.215672954916954 0.219839110970497 0.209548711776733 0.189773231744766 0.199805751442909 0.210561141371727 0.201782524585724 0.205470383167267 0.205618649721146 0.172203317284584 0.159685254096985 0.181246966123581 0.209212720394135 0.196064427495003 0.188628226518631 0.183818846940994 0.19280768930912 0.208572149276733 0.192429676651955 0.174464598298073 0.184529468417168 0.186250030994415 0.203099116683006 0.218747764825821
0.199382767081261 0.203209742903709 0.213036507368088 0.203645139932632 0.205588206648827 0.208385109901428 0.199448049068451 0.208560675382614 0.216471746563911 0.211922526359558 0.226321414113045 0.222026407718658 0.188293322920799 0.197679206728935 0.229740813374519 0.219246849417686 0.205149665474892 0.225124701857567 0.225265994668007 0.20647981762886 0.214786842465401 0.210277512669563 0.197775512933731 0.187337651848793 0.168763935565948 0.180380582809448 0.199823603034019 0.198100909590721 0.183003962039948 0.195234745740891 0.188270658254623 0.174566552042961 0.191444784402847 0.214963912963867 0.208930537104607 0.181276142597198 0.192500814795494 0.199147552251816 0.185200169682503 0.180329889059067 0.184222668409348 0.190631985664368 0.196800082921982 0.20261187851429 0.204901769757271
0.206536173820496 0.203611999750137 0.210237935185432 0.212387263774872 0.211753860116005 0.204003021121025 0.192921742796898 0.201876655220985 0.215906322002411 0.220262110233307 0.223727330565453 0.207410559058189 0.198372974991798 0.210522264242172 0.227276757359505 0.225254073739052 0.212710246443748 0.212217941880226 0.200393065810204 0.185261026024818 0.199332609772682 0.20234726369381 0.192344292998314 0.194574624300003 0.188690796494484 0.197306126356125 0.221156716346741 0.202603504061699 0.167552933096886 0.179707765579224 0.20014451444149 0.185865044593811 0.18119515478611 0.203857764601707 0.198920905590057 0.176034405827522 0.192298725247383 0.191941246390343 0.181721568107605 0.184781774878502 0.207599744200706 0.203002631664276 0.184872910380363 0.189628079533577 0.217957049608231
0.217986434698105 0.218894481658936 0.218480795621872 0.217483252286911 0.215769022703171 0.219115123152733 0.218680799007416 0.205294162034988 0.198852926492691 0.220056906342506 0.217996045947075 0.18751759827137 0.19374768435955 0.212753102183342 0.210147187113762 0.220405429601669 0.213739216327667 0.212674915790558 0.199229687452316 0.202639058232307 0.215236946940422 0.207240074872971 0.214476317167282 0.207410559058189 0.194621220231056 0.208635345101357 0.227488473057747 0.214658170938492 0.181616544723511 0.172548621892929 0.205167055130005 0.190969496965408 0.163093850016594 0.189168527722359 0.197706565260887 0.172048568725586 0.19800591468811 0.210730642080307 0.200276181101799 0.195262774825096 0.202950417995453 0.218487605452538 0.211321875452995 0.210127994418144 0.222406178712845
0.226968020200729 0.218426182866096 0.209666773676872 0.206600487232208 0.210597068071365 0.214153334498405 0.223432302474976 0.208161413669586 0.184472173452377 0.183172315359116 0.202350065112114 0.20523002743721 0.20623567700386 0.200614988803864 0.206464558839798 0.218599751591682 0.209833443164825 0.204137906432152 0.198940277099609 0.212153807282448 0.231194406747818 0.20352578163147 0.194153606891632 0.196215152740479 0.193733111023903 0.191278919577599 0.205415353178978 0.222233474254608 0.214117452502251 0.172465935349464 0.178350329399109 0.178285405039787 0.166417643427849 0.186968579888344 0.201782509684563 0.193438515067101 0.199165523052216 0.219758421182632 0.213838487863541 0.208884209394455 0.209695845842361 0.221222043037415 0.226862087845802 0.218178853392601 0.206358894705772
0.223986193537712 0.20064640045166 0.191676884889603 0.215669766068459 0.232842803001404 0.215351596474648 0.204114779829979 0.22513684630394 0.219698294997215 0.211960434913635 0.224319845438004 0.229338735342026 0.213098138570786 0.181877493858337 0.182243973016739 0.190492197871208 0.18578639626503 0.191763713955879 0.186409547924995 0.192936852574348 0.220662415027618 0.203624412417412 0.212885066866875 0.212826684117317 0.19595842063427 0.177426025271416 0.187211364507675 0.215886950492859 0.232982963323593 0.175874665379524 0.146818712353706 0.167237892746925 0.170002073049545 0.182511791586876 0.195716798305511 0.201793938875198 0.202879562973976 0.224105671048164 0.235054805874825 0.221571043133736 0.210613116621971 0.204405307769775 0.219148024916649 0.228180065751076 0.216104626655579
0.222962275147438 0.215599343180656 0.203518003225327 0.213000014424324 0.218971222639084 0.214370161294937 0.197865024209023 0.207493305206299 0.209874823689461 0.209247455000877 0.208790346980095 0.198615193367004 0.183957934379578 0.170626237988472 0.164570152759552 0.185031846165657 0.190016388893127 0.184753507375717 0.1855748295784 0.186747252941132 0.213622897863388 0.203059688210487 0.219148173928261 0.221106365323067 0.19869327545166 0.19854998588562 0.188047677278519 0.188280805945396 0.198424354195595 0.180078744888306 0.154481112957001 0.171737402677536 0.189633443951607 0.199570462107658 0.198674604296684 0.206302508711815 0.226124495267868 0.234488382935524 0.231786876916885 0.232243433594704 0.224914684891701 0.21579721570015 0.227427616715431 0.225255265831947 0.206963807344437
0.197642013430595 0.184376314282417 0.203426346182823 0.208450838923454 0.193465337157249 0.202034801244736 0.206031784415245 0.211827993392944 0.201754823327065 0.200259298086166 0.194662496447563 0.181985571980476 0.178122475743294 0.1712796241045 0.170962303876877 0.193110525608063 0.200636520981789 0.17424663901329 0.174007818102837 0.175217419862747 0.192604690790176 0.190821677446365 0.180594250559807 0.201405495405197 0.189086139202118 0.208479896187782 0.207797005772591 0.179448395967484 0.162033781409264 0.178400844335556 0.191472858190536 0.185337513685226 0.187149524688721 0.204103097319603 0.214681446552277 0.212006688117981 0.217344105243683 0.22003461420536 0.220769912004471 0.242619052529335 0.253389656543732 0.224327683448792 0.212190255522728 0.210648611187935 0.206263214349747
