data/1_raw/trimmed_ndre/J_ndre.619.2014_no_clouds.asc
NCOLS 141 
NROWS 118 
XLLCORNER 516845 
YLLCORNER 5169015 
CELLSIZE 5 
NODATA_value -3.4e+38 
[rows 40 to 59 of 118, columns 0 to 44 of 141]
-3.4e+38 0.474557131528854 0.451298981904984 0.483444035053253 0.498333632946014 0.484301447868347 0.491839736700058 0.504673302173615 0.490600943565369 0.475701808929443 0.443546295166016 0.41884458065033 0.403431981801987 0.389871031045914 0.371286392211914 0.337581872940063 0.294569969177246 0.260745286941528 0.211364135146141 0.173819705843925 0.174179002642632 0.186695605516434 0.191719815135002 0.197419926524162 0.20207467675209 0.191490545868874 0.175998136401176 0.184346869587898 0.199602693319321 0.201220139861107 0.178578615188599 0.175812095403671 0.184588134288788 0.19837062060833 0.203521504998207 0.195817515254021 0.185866236686707 0.190901666879654 0.201446548104286 0.207091346383095 0.203187435865402 0.183947086334229 0.179066315293312 0.199398875236511 0.208152636885643
-3.4e+38 0.440387368202209 0.432079166173935 0.471067279577255 0.487597793340683 0.491221517324448 0.511700689792633 0.538167953491211 0.542663276195526 0.551380038261414 0.545713186264038 0.530230820178986 0.537957549095154 0.548686146736145 0.545637607574463 0.511224329471588 0.44411227107048 0.403798788785934 0.369444340467453 0.31884577870369 0.288630187511444 0.238698601722717 0.209118902683258 0.204325616359711 0.183008819818497 0.168907448649406 0.166008919477463 0.176542177796364 0.179642572999001 0.180414095520973 0.179263055324554 0.18210943043232 0.189184680581093 0.189797714352608 0.189134612679482 0.188314035534859 0.197806537151337 0.209231182932854 0.20977571606636 0.220045819878578 0.213159874081612 0.178103387355804 0.170869156718254 0.188295155763626 0.191804274916649
-3.4e+38 0.3628109395504 0.368152648210526 0.387657880783081 0.378097653388977 0.372423201799393 0.379524171352386 0.404239416122437 0.439951986074448 0.463905215263367 0.475286692380905 0.491637319326401 0.524272382259369 0.558710157871246 0.577337145805359 0.566083073616028 0.5445277094841 0.531160533428192 0.503259778022766 0.479816347360611 0.443430483341217 0.372032076120377 0.309448450803757 0.268065124750137 0.228011906147003 0.213222041726112 0.204277276992798 0.192464917898178 0.186476916074753 0.183837443590164 0.177494317293167 0.174763530492783 0.177388519048691 0.179397642612457 0.173531726002693 0.17371192574501 0.188545912504196 0.205160453915596 0.200300022959709 0.200987160205841 0.200824201107025 0.175530657172203 0.180954962968826 0.192985773086548 0.184969574213028
-3.4e+38 0.247079432010651 0.245562136173248 0.231684416532516 0.199341028928757 0.198276355862617 0.218648716807365 0.250682383775711 0.286930710077286 0.296380370855331 0.293803483247757 0.305027067661285 0.36580953001976 0.440055012702942 0.497587710618973 0.513866901397705 0.528543531894684 0.542409837245941 0.530422747135162 0.537661492824554 0.541945457458496 0.525688052177429 0.499125272035599 0.453167259693146 0.402182459831238 0.336086273193359 0.24541200697422 0.205699235200882 0.199214175343513 0.18839955329895 0.192199945449829 0.179540947079659 0.180058509111404 0.196603447198868 0.192332834005356 0.183604538440704 0.183704346418381 0.195842161774635 0.189442694187164 0.19793738424778 0.211980476975441 0.193196013569832 0.192434564232826 0.181988567113876 0.167718559503555
-3.4e+38 0.195441201329231 0.176978126168251 0.172553479671478 0.179602742195129 0.195073187351227 0.202271923422813 0.188674718141556 0.184508323669434 0.185997366905212 0.202884644269943 0.227976083755493 0.263019800186157 0.298956722021103 0.322225451469421 0.344636529684067 0.381971836090088 0.439653307199478 0.478053599596024 0.514649271965027 0.54594349861145 0.560239255428314 0.556250333786011 0.544773459434509 0.528897762298584 0.489713400602341 0.420399308204651 0.355103313922882 0.286945015192032 0.238952577114105 0.210591956973076 0.189448654651642 0.188935995101929 0.188945144414902 0.18425664305687 0.189296454191208 0.191537514328957 0.187685146927834 0.187186762690544 0.19193696975708 0.199119076132774 0.191527307033539 0.184016674757004 0.169900268316269 0.175709918141365
-3.4e+38 0.220387354493141 0.196767047047615 0.193194851279259 0.192451074719429 0.181182235479355 0.184041664004326 0.184808954596519 0.194874912500381 0.203663796186447 0.201427266001701 0.187093332409859 0.17535075545311 0.174263834953308 0.179938927292824 0.218150764703751 0.241799563169479 0.279385596513748 0.322118192911148 0.359268993139267 0.420624434947968 0.478513687849045 0.503900289535522 0.524983406066895 0.539901554584503 0.533687651157379 0.52067369222641 0.486872941255569 0.41576161980629 0.325881600379944 0.259300887584686 0.197431117296219 0.188991844654083 0.187368676066399 0.177331477403641 0.184836372733116 0.194479644298553 0.189561769366264 0.184090122580528 0.188666120171547 0.185688972473145 0.182163789868355 0.190124064683914 0.188710585236549 0.198938474059105
-3.4e+38 0.225751876831055 0.200761586427689 0.199173495173454 0.21375398337841 0.200265944004059 0.190488904714584 0.184280499815941 0.196118041872978 0.204323321580887 0.203078344464302 0.199444934725761 0.184022232890129 0.170282185077667 0.179460495710373 0.20018769800663 0.187592774629593 0.191184148192406 0.194365665316582 0.195290222764015 0.2404865026474 0.325205534696579 0.394277602434158 0.428253799676895 0.469429582357407 0.518715083599091 0.544282257556915 0.549005746841431 0.528107047080994 0.49157577753067 0.431490689516068 0.354209721088409 0.298953205347061 0.235159903764725 0.184463739395142 0.17608280479908 0.177707776427269 0.178746968507767 0.180345892906189 0.189677596092224 0.197196736931801 0.184046909213066 0.190196231007576 0.201607450842857 0.205748066306114
-3.4e+38 0.237425491213799 0.228270336985588 0.213913410902023 0.227581679821014 0.225296452641487 0.216513335704803 0.213617086410522 0.209974855184555 0.201874852180481 0.212237551808357 0.213640436530113 0.198622167110443 0.191251114010811 0.192665010690689 0.201215237379074 0.19595892727375 0.217485651373863 0.217775091528893 0.210233077406883 0.206438034772873 0.212169706821442 0.229353353381157 0.246083080768585 0.30577027797699 0.424918711185455 0.497939378023148 0.51456207036972 0.520962178707123 0.533233344554901 0.522517263889313 0.492028802633286 0.463525086641312 0.389321148395538 0.308772832155228 0.259135007858276 0.218856334686279 0.212661445140839 0.202484712004662 0.202654287219048 0.20369265973568 0.177962854504585 0.18374465405941 0.196125864982605 0.195491373538971
-3.4e+38 0.239502236247063 0.216056510806084 0.195465072989464 0.203581571578979 0.208516642451286 0.205662533640862 0.2288628667593 0.228583186864853 0.196999058127403 0.205649465322495 0.202443301677704 0.18372043967247 0.188269734382629 0.192327544093132 0.211243525147438 0.207125559449196 0.200035154819489 0.201277539134026 0.203816205263138 0.196143686771393 0.202178373932838 0.213248759508133 0.208939880132675 0.235309153795242 0.300122976303101 0.363076835870743 0.399992674589157 0.425307124853134 0.473109245300293 0.506109714508057 0.51280677318573 0.508068382740021 0.478274971246719 0.437931954860687 0.387206554412842 0.319990396499634 0.271059334278107 0.221250891685486 0.201890766620636 0.203935042023659 0.188810333609581 0.201073750853539 0.199098125100136 0.193430855870247
-3.4e+38 0.222314193844795 0.184690833091736 0.177229225635529 0.193584427237511 0.209874242544174 0.211330860853195 0.234225913882256 0.229772239923477 0.197464466094971 0.193548396229744 0.20238633453846 0.192969530820847 0.187289789319038 0.189636364579201 0.205125913023949 0.203306406736374 0.187817573547363 0.190524011850357 0.209825992584229 0.201951071619987 0.205397114157677 0.213846027851105 0.1945581138134 0.180283322930336 0.199142530560493 0.226700231432915 0.242826387286186 0.322314560413361 0.39121213555336 0.406931519508362 0.442329376935959 0.464596509933472 0.474143266677856 0.496309131383896 0.504103541374207 0.470303028821945 0.42420881986618 0.373310178518295 0.304686039686203 0.267858028411865 0.236576408147812 0.212244018912315 0.187561348080635 0.204681321978569
-3.4e+38 0.210386216640472 0.196757778525352 0.200018912553787 0.200573071837425 0.206414833664894 0.212833747267723 0.217957377433777 0.214065626263618 0.197432667016983 0.182298541069031 0.19242487847805 0.191814914345741 0.196330145001411 0.191449895501137 0.175380542874336 0.180118516087532 0.196358248591423 0.201817631721497 0.207786023616791 0.196116983890533 0.201557040214539 0.218802109360695 0.213464424014091 0.196481913328171 0.196504667401314 0.232873886823654 0.241128355264664 0.272034913301468 0.279990941286087 0.240983426570892 0.271533340215683 0.324733436107635 0.389320343732834 0.442118853330612 0.473679214715958 0.467910140752792 0.460320174694061 0.460902690887451 0.432250827550888 0.407774925231934 0.377870231866837 0.349317520856857 0.333950936794281 0.330037772655487
-3.4e+38 0.20177236199379 0.20051497220993 0.214864581823349 0.205885052680969 0.197401717305183 0.207452744245529 0.205474272370338 0.19776414334774 0.191269516944885 0.189744025468826 0.195301443338394 0.186552569270134 0.190189704298973 0.190564692020416 0.185429513454437 0.19017468392849 0.204133823513985 0.20910981297493 0.207410633563995 0.208918318152428 0.204095587134361 0.213493376970291 0.213924750685692 0.211773157119751 0.200775295495987 0.202643245458603 0.218954637646675 0.249299898743629 0.260071337223053 0.272236526012421 0.310130715370178 0.322147309780121 0.323687493801117 0.315230697393417 0.302021414041519 0.334124714136124 0.380516916513443 0.400806814432144 0.411364704370499 0.438966155052185 0.426451295614243 0.42108479142189 0.449828088283539 0.448641717433929
-3.4e+38 0.192126795649529 0.19854074716568 0.221229761838913 0.216154560446739 0.190375864505768 0.191319555044174 0.191633462905884 0.192316755652428 0.199987396597862 0.202773287892342 0.200096145272255 0.199222013354301 0.187477365136147 0.18650820851326 0.197825953364372 0.197000935673714 0.196050718426704 0.202243134379387 0.218273863196373 0.209595695137978 0.194929957389832 0.197128027677536 0.193016186356544 0.188482105731964 0.172781512141228 0.194695740938187 0.23206040263176 0.252688705921173 0.24917383491993 0.27482196688652 0.295822441577911 0.271897286176682 0.268552631139755 0.26048868894577 0.260531783103943 0.307004064321518 0.327004283666611 0.311113923788071 0.312641590833664 0.352130353450775 0.337439775466919 0.321435958147049 0.343985944986343 0.352161169052124
-3.4e+38 0.198788434267044 0.208562910556793 0.226312398910522 0.222200125455856 0.206674635410309 0.198780909180641 0.199785158038139 0.204678252339363 0.209093123674393 0.203635767102242 0.198202401399612 0.203707873821259 0.200296461582184 0.200877368450165 0.19430385529995 0.195036485791206 0.198633074760437 0.20104655623436 0.208967655897141 0.191378831863403 0.179451659321785 0.183204755187035 0.186345085501671 0.189102873206139 0.178953632712364 0.206486016511917 0.226941734552383 0.235897779464722 0.237463995814323 0.249920383095741 0.278976738452911 0.281422525644302 0.28042921423912 0.278888255357742 0.28135883808136 0.278064101934433 0.269331961870193 0.23889434337616 0.202620655298233 0.212014243006706 0.242595866322517 0.246272727847099 0.24222606420517 0.223400458693504
-3.4e+38 0.213685870170593 0.223738953471184 0.228504538536072 0.222819656133652 0.216940850019455 0.215074196457863 0.211881160736084 0.21219901740551 0.201980873942375 0.191986978054047 0.194174364209175 0.2140251994133 0.221154317259789 0.219138339161873 0.207099705934525 0.203455433249474 0.19890134036541 0.192825973033905 0.19146890938282 0.181055575609207 0.184668347239494 0.180760815739632 0.189973086118698 0.199395656585693 0.192345038056374 0.20333568751812 0.200635373592377 0.201452195644379 0.229253694415092 0.231629312038422 0.257975190877914 0.294252783060074 0.284167289733887 0.27152755856514 0.281816482543945 0.275360971689224 0.257962197065353 0.236103624105453 0.209501042962074 0.216537550091743 0.216949045658112 0.206690579652786 0.240267887711525 0.22663776576519
-3.4e+38 0.217828750610352 0.224897623062134 0.210072368383408 0.208119466900826 0.211141481995583 0.210584133863449 0.207922548055649 0.2096126973629 0.199853882193565 0.186809524893761 0.200749143958092 0.221685588359833 0.217221230268478 0.208457052707672 0.208606839179993 0.210980921983719 0.199792191386223 0.197678446769714 0.195130318403244 0.190473809838295 0.196310728788376 0.189264565706253 0.192970007658005 0.191762447357178 0.19402602314949 0.201226651668549 0.192484706640244 0.183155298233032 0.200172856450081 0.237305998802185 0.241723999381065 0.264196693897247 0.259836703538895 0.241943970322609 0.243051305413246 0.233851537108421 0.229776129126549 0.212792530655861 0.19354322552681 0.235897406935692 0.264391422271729 0.237124010920525 0.231506928801537 0.209052905440331
-3.4e+38 0.219891980290413 0.220604419708252 0.200849696993828 0.195479273796082 0.203101634979248 0.203637436032295 0.210428431630135 0.217110887169838 0.212138935923576 0.201039850711823 0.20253449678421 0.208667457103729 0.202930584549904 0.194595336914062 0.200980991125107 0.210281074047089 0.20533786714077 0.208824902772903 0.205046594142914 0.202041476964951 0.201738759875298 0.191228836774826 0.187680885195732 0.174930170178413 0.189727395772934 0.201390460133553 0.196701541543007 0.185211464762688 0.184352040290833 0.206479161977768 0.225793153047562 0.229994356632233 0.214947685599327 0.209740355610847 0.220401629805565 0.208089113235474 0.223629117012024 0.238715395331383 0.224397554993629 0.242599412798882 0.255017846822739 0.230503603816032 0.206051632761955 0.218646675348282
-3.4e+38 0.230407536029816 0.222637072205544 0.204126045107841 0.199847012758255 0.203546434640884 0.208750575780869 0.215834155678749 0.227295398712158 0.219459891319275 0.212244257330894 0.204666987061501 0.19734825193882 0.193088725209236 0.187283024191856 0.194037854671478 0.199883371591568 0.201045855879784 0.209700345993042 0.20778252184391 0.207605749368668 0.203900039196014 0.189001441001892 0.177937671542168 0.163069680333138 0.179143413901329 0.199748754501343 0.199214026331902 0.189966514706612 0.171253606677055 0.171062827110291 0.187595278024673 0.188533395528793 0.176523104310036 0.207514464855194 0.209687456488609 0.184218063950539 0.217985898256302 0.235612764954567 0.210821583867073 0.188269749283791 0.183672145009041 0.192634433507919 0.199984431266785 0.213551133871078
-3.4e+38 0.231578722596169 0.216201886534691 0.203490182757378 0.201745480298996 0.204860165715218 0.211140245199203 0.219217047095299 0.217082977294922 0.210283219814301 0.207029968500137 0.210125789046288 0.200375452637672 0.195687279105186 0.190195888280869 0.190572708845139 0.186692133545876 0.187629655003548 0.202314749360085 0.20488204061985 0.210180208086967 0.214073076844215 0.206819549202919 0.193072080612183 0.176602020859718 0.18605600297451 0.197623893618584 0.194813922047615 0.181500539183617 0.170043513178825 0.15226586163044 0.151942655444145 0.164627403020859 0.168524906039238 0.202701017260551 0.209596157073975 0.179522395133972 0.197604730725288 0.209421992301941 0.190158873796463 0.156329825520515 0.167431756854057 0.182113096117973 0.205050647258759 0.209103390574455
-3.4e+38 0.218327537178993 0.209287315607071 0.204125955700874 0.200731545686722 0.198240324854851 0.207756146788597 0.221485912799835 0.203725636005402 0.200959607958794 0.213015958666801 0.215980336070061 0.203980281949043 0.200756311416626 0.206244856119156 0.206832095980644 0.19388510286808 0.193931490182877 0.199741765856743 0.198743209242821 0.210530638694763 0.219563245773315 0.216607734560966 0.210250094532967 0.192079037427902 0.196426272392273 0.202108278870583 0.186848893761635 0.177214562892914 0.182587236166 0.175968542695045 0.158756166696548 0.171482115983963 0.178614392876625 0.170710653066635 0.18863083422184 0.18954499065876 0.176510840654373 0.18590022623539 0.193425357341766 0.175519347190857 0.189047232270241 0.191224694252014 0.18096524477005 0.195201024413109
