data/1_raw/trimmed_ndre/J_ndre.610.2009_no_clouds.asc
NCOLS 141 
NROWS 118 
XLLCORNER 516845 
YLLCORNER 5169015 
CELLSIZE 5 
NODATA_value -3.4e+38 
[rows 60 to 79 of 118, columns 45 to 89 of 141]
0.432312726974487 0.414366096258163 0.445477694272995 0.452001690864563 0.437163263559341 0.444942802190781 0.475302785634995 0.492110401391983 0.511360824108124 0.542590141296387 0.546459436416626 0.536549508571625 0.531332790851593 0.513530313968658 0.476310968399048 0.442618697881699 0.430502533912659 0.466595888137817 0.511297702789307 0.534527659416199 0.542008280754089 0.499773740768433 0.440238237380981 0.415720343589783 0.398882478475571 0.382999569177628 0.379821360111237 0.390159100294113 0.416841834783554 0.42386931180954 0.431248724460602 0.44278472661972 0.44361087679863 0.454041838645935 0.462238878011703 0.470654338598251 0.481244415044785 0.481072872877121 0.459117650985718 0.455739140510559 0.474957197904587 0.487944275140762 0.49103969335556 0.488874167203903 0.466983884572983
0.464917182922363 0.423153638839722 0.390623807907104 0.414995163679123 0.450571537017822 0.484136819839478 0.517165005207062 0.534016907215118 0.538631319999695 0.535804808139801 0.515288829803467 0.513344168663025 0.531115710735321 0.531625628471375 0.502977728843689 0.476569712162018 0.4720478951931 0.505359590053558 0.535151600837708 0.542152643203735 0.536772131919861 0.5062535405159 0.458427757024765 0.425956338644028 0.401260197162628 0.383350133895874 0.388065487146378 0.415906578302383 0.446633130311966 0.440483778715134 0.438632607460022 0.453314512968063 0.468660444021225 0.489173948764801 0.499969899654388 0.51570338010788 0.503022313117981 0.499438285827637 0.492067158222198 0.471623003482819 0.472290635108948 0.488820910453796 0.492771953344345 0.484406739473343 0.492428302764893
0.4755819439888 0.432208269834518 0.357044726610184 0.352395504713058 0.405809015035629 0.479882419109344 0.518331170082092 0.522919237613678 0.504538357257843 0.486429363489151 0.466625660657883 0.462637573480606 0.476649135351181 0.505015850067139 0.515051960945129 0.503378093242645 0.490104794502258 0.492276877164841 0.514583051204681 0.5068439245224 0.503228187561035 0.506576836109161 0.461192280054092 0.406532853841782 0.381528705358505 0.392383217811584 0.4063760638237 0.426291763782501 0.448573172092438 0.430611491203308 0.431559443473816 0.455222755670547 0.484954804182053 0.512881457805634 0.515051066875458 0.507621467113495 0.505566954612732 0.503575563430786 0.514314949512482 0.508009970188141 0.490267217159271 0.498312950134277 0.513482451438904 0.509098172187805 0.499930292367935
0.455959111452103 0.455865383148193 0.403694570064545 0.349593251943588 0.344893306493759 0.407566726207733 0.467266380786896 0.478636175394058 0.472621142864227 0.462244927883148 0.441692978143692 0.42733246088028 0.416816592216492 0.457201927900314 0.494852960109711 0.493447989225388 0.484042197465897 0.490055769681931 0.50835508108139 0.485496640205383 0.501024127006531 0.525364577770233 0.47449854016304 0.434030920267105 0.423174530267715 0.43572524189949 0.433319300413132 0.43205463886261 0.449103534221649 0.446945041418076 0.441670358181 0.45277413725853 0.47501602768898 0.503657639026642 0.524066388607025 0.520077884197235 0.51387345790863 0.517570555210114 0.522781729698181 0.530758678913116 0.523688018321991 0.513389885425568 0.50868546962738 0.500652968883514 0.490138560533524
0.457127958536148 0.47890317440033 0.429588377475739 0.355671584606171 0.325811296701431 0.359523713588715 0.429165542125702 0.455204874277115 0.440109342336655 0.423778712749481 0.423539757728577 0.433692097663879 0.417089909315109 0.431407630443573 0.466483741998672 0.472313433885574 0.497725307941437 0.513099849224091 0.518282771110535 0.50255161523819 0.50944197177887 0.523687183856964 0.49201500415802 0.48240914940834 0.473184049129486 0.452883780002594 0.433737099170685 0.435104072093964 0.471272796392441 0.484679967164993 0.469887435436249 0.456914275884628 0.463936597108841 0.485316932201385 0.496532887220383 0.518332362174988 0.530263006687164 0.536991834640503 0.535489201545715 0.520219087600708 0.513753712177277 0.507498860359192 0.494447767734528 0.489272058010101 0.500191271305084
0.450298011302948 0.458583623170853 0.440759479999542 0.399289518594742 0.364492624998093 0.370312124490738 0.41405925154686 0.439100474119186 0.422040939331055 0.408530622720718 0.416763693094254 0.438197791576385 0.451102256774902 0.464536041021347 0.470428556203842 0.465423971414566 0.486427992582321 0.5155890583992 0.525837481021881 0.529791355133057 0.524320185184479 0.522964537143707 0.507166862487793 0.483700126409531 0.46979421377182 0.462193787097931 0.45523726940155 0.46344193816185 0.495401501655579 0.513967752456665 0.496825367212296 0.476542264223099 0.463517636060715 0.473567724227905 0.49505227804184 0.520974099636078 0.527801692485809 0.522314012050629 0.51958429813385 0.520878493785858 0.500519633293152 0.493291646242142 0.488343775272369 0.462450742721558 0.451244950294495
0.446833372116089 0.440096467733383 0.459989070892334 0.456932574510574 0.413062334060669 0.398052453994751 0.412140637636185 0.437772750854492 0.442327588796616 0.435997813940048 0.429577082395554 0.431101858615875 0.4491086602211 0.465482831001282 0.465516060590744 0.424494236707687 0.42205485701561 0.491316199302673 0.522153794765472 0.534425795078278 0.540539920330048 0.531382977962494 0.519843995571136 0.505131542682648 0.486329466104507 0.479645520448685 0.487644881010056 0.502246677875519 0.512770295143127 0.517523884773254 0.51091867685318 0.501415848731995 0.484673649072647 0.488817930221558 0.520242273807526 0.524609982967377 0.520504772663116 0.514565289020538 0.529450535774231 0.542795121669769 0.503793656826019 0.482372909784317 0.485677093267441 0.479758709669113 0.462752878665924
0.444977015256882 0.430963963270187 0.456209480762482 0.460285395383835 0.442328572273254 0.42249122262001 0.420063614845276 0.440134614706039 0.460907071828842 0.455459356307983 0.429773211479187 0.415138959884644 0.430352747440338 0.444890320301056 0.424378514289856 0.36145943403244 0.358682692050934 0.425578266382217 0.466770589351654 0.521074891090393 0.544904470443726 0.534672975540161 0.531384468078613 0.525591313838959 0.504003643989563 0.494064658880234 0.506949424743652 0.526574671268463 0.533943295478821 0.527321934700012 0.515347242355347 0.506243228912354 0.491990059614182 0.480576515197754 0.505614995956421 0.520098268985748 0.519177377223969 0.518943011760712 0.539780974388123 0.544383823871613 0.517575562000275 0.515712380409241 0.527909219264984 0.531831443309784 0.512916505336761
0.433988064527512 0.416763305664062 0.437891274690628 0.44451904296875 0.43333899974823 0.420485854148865 0.416657388210297 0.427509814500809 0.458813637495041 0.45839735865593 0.43306565284729 0.422314643859863 0.429781168699265 0.438644796609879 0.406810611486435 0.363166868686676 0.35012549161911 0.390810370445251 0.453513920307159 0.518259406089783 0.53572279214859 0.530192077159882 0.525627851486206 0.515691518783569 0.511224508285522 0.505041360855103 0.511295676231384 0.524370849132538 0.528661072254181 0.512741565704346 0.493142187595367 0.469781756401062 0.460336536169052 0.459850132465363 0.474343359470367 0.49172654747963 0.504479229450226 0.509765625 0.5189009308815 0.51312392950058 0.504037320613861 0.517985701560974 0.531712293624878 0.524456202983856 0.509163558483124
0.415468275547028 0.406099021434784 0.424838036298752 0.439386576414108 0.419798374176025 0.409496247768402 0.418235391378403 0.432046592235565 0.458468526601791 0.456338703632355 0.4454625248909 0.446398794651031 0.439086347818375 0.458620309829712 0.466123461723328 0.446067750453949 0.426156967878342 0.444571048021317 0.506367027759552 0.537804663181305 0.547894656658173 0.551812171936035 0.542120575904846 0.516771614551544 0.518227636814117 0.516965389251709 0.520243406295776 0.516032934188843 0.502798676490784 0.492434501647949 0.473227232694626 0.448183596134186 0.439303129911423 0.427563786506653 0.417559802532196 0.43239039182663 0.462424069643021 0.474649876356125 0.470439672470093 0.457170903682709 0.457882255315781 0.478205591440201 0.487137675285339 0.470851123332977 0.454477101564407
0.448282539844513 0.430079609155655 0.451295256614685 0.457870423793793 0.442728608846664 0.436798751354218 0.432887077331543 0.437030553817749 0.450658917427063 0.454281598329544 0.445164948701859 0.449617445468903 0.459527730941772 0.497112810611725 0.519885003566742 0.498654961585999 0.509800374507904 0.507964551448822 0.525017380714417 0.554245293140411 0.56225061416626 0.57426780462265 0.571833312511444 0.529756426811218 0.510540008544922 0.512160360813141 0.526890099048615 0.518174111843109 0.502859711647034 0.50913393497467 0.489371001720428 0.461738735437393 0.461068511009216 0.434452563524246 0.388959467411041 0.38106906414032 0.400869727134705 0.403889656066895 0.395533680915833 0.402916193008423 0.425008296966553 0.443758308887482 0.446096152067184 0.425273805856705 0.377623468637466
0.47318771481514 0.459803938865662 0.477512121200562 0.47724062204361 0.466411411762238 0.462462663650513 0.435980916023254 0.41226527094841 0.421003252267838 0.420564711093903 0.409415543079376 0.423297911882401 0.452142030000687 0.478397130966187 0.479394495487213 0.453493684530258 0.459107309579849 0.467130243778229 0.467887550592422 0.498380184173584 0.521141588687897 0.523845136165619 0.518139839172363 0.49715319275856 0.497096598148346 0.507775068283081 0.514795482158661 0.529369354248047 0.532687306404114 0.527856826782227 0.503665864467621 0.485073924064636 0.495651185512543 0.478295117616653 0.429040521383286 0.396403253078461 0.401589184999466 0.392602413892746 0.382363349199295 0.390784740447998 0.410484284162521 0.409098833799362 0.399240881204605 0.388036042451859 0.332394123077393
0.460908949375153 0.459587514400482 0.46643078327179 0.46377894282341 0.459305763244629 0.444226056337357 0.411856979131699 0.384739756584167 0.382987320423126 0.385928571224213 0.386874824762344 0.396336108446121 0.415881752967834 0.426212221384048 0.405637979507446 0.362761735916138 0.361814022064209 0.382956206798553 0.373180121183395 0.391344010829926 0.418659448623657 0.417332202196121 0.4327652156353 0.448255032300949 0.464724808931351 0.479316920042038 0.475618541240692 0.486616760492325 0.495756834745407 0.49140876531601 0.466829657554626 0.466593265533447 0.48245096206665 0.4839246571064 0.466980040073395 0.45309054851532 0.448992967605591 0.424925833940506 0.405513435602188 0.396704614162445 0.399167478084564 0.385654926300049 0.367203891277313 0.368056744337082 0.340642243623734
0.438895285129547 0.456445842981339 0.460704535245895 0.443405628204346 0.440604656934738 0.412991493940353 0.384657025337219 0.376518458127975 0.378583699464798 0.385645151138306 0.391434520483017 0.395575076341629 0.405158519744873 0.392102986574173 0.350975871086121 0.315176784992218 0.31923833489418 0.33610075712204 0.333309322595596 0.331024259328842 0.351494401693344 0.364283680915833 0.377239495515823 0.393931597471237 0.411076426506042 0.413906574249268 0.409883767366409 0.423913180828094 0.442617177963257 0.43717035651207 0.425450891256332 0.453490287065506 0.467088133096695 0.4596206843853 0.453738570213318 0.464314222335815 0.450987368822098 0.410754710435867 0.384285032749176 0.374631285667419 0.37833970785141 0.366345643997192 0.35521873831749 0.339713215827942 0.303072392940521
0.44382318854332 0.461413025856018 0.466842800378799 0.446957230567932 0.447600543498993 0.423115462064743 0.399767518043518 0.403644502162933 0.408450096845627 0.397522062063217 0.386631935834885 0.392696052789688 0.394889086484909 0.375793665647507 0.350421071052551 0.327886611223221 0.323051810264587 0.31916806101799 0.298543125391006 0.281771004199982 0.319689959287643 0.34566405415535 0.336599320173264 0.352768063545227 0.364827483892441 0.337612450122833 0.353084564208984 0.412189990282059 0.442293852567673 0.448015451431274 0.448331624269485 0.460186928510666 0.485027104616165 0.471992671489716 0.443148583173752 0.451444685459137 0.447103500366211 0.426987856626511 0.416634172201157 0.396401673555374 0.383417159318924 0.367977619171143 0.34366363286972 0.322676926851273 0.299762845039368
0.456887006759644 0.467303514480591 0.465980917215347 0.452379167079926 0.448534786701202 0.431901693344116 0.417629212141037 0.42230299115181 0.429871767759323 0.413817286491394 0.397778421640396 0.402695059776306 0.401806890964508 0.387972205877304 0.365142673254013 0.338511288166046 0.321355670690536 0.30676406621933 0.298020154237747 0.293495714664459 0.314029276371002 0.312279134988785 0.291990965604782 0.298251181840897 0.313606172800064 0.322167247533798 0.379515737295151 0.454052239656448 0.476875513792038 0.490230441093445 0.508427619934082 0.507409155368805 0.536736726760864 0.526523172855377 0.47949355840683 0.462456792593002 0.466128677129745 0.471864432096481 0.474408477544785 0.460026562213898 0.445954769849777 0.428886026144028 0.388716876506805 0.365620881319046 0.334741175174713
0.458393186330795 0.463699460029602 0.449705600738525 0.436119794845581 0.427661687135696 0.412295192480087 0.40915247797966 0.412630528211594 0.426604121923447 0.432813376188278 0.435255914926529 0.437703013420105 0.425957322120667 0.398714274168015 0.34533903002739 0.298318982124329 0.287839412689209 0.310393542051315 0.34871569275856 0.35191598534584 0.343653857707977 0.327625602483749 0.303973287343979 0.305707961320877 0.332672208547592 0.374613344669342 0.43352535367012 0.497565001249313 0.510223150253296 0.520497381687164 0.537037968635559 0.542317628860474 0.5554079413414 0.554795682430267 0.529352724552155 0.506916642189026 0.507341802120209 0.506769001483917 0.497504502534866 0.493822902441025 0.485703736543655 0.463624775409698 0.425384730100632 0.393882572650909 0.371582806110382
0.47250834107399 0.476482748985291 0.449443697929382 0.435419887304306 0.41736301779747 0.396048098802567 0.395617067813873 0.400648295879364 0.415102452039719 0.437518566846848 0.451958745718002 0.452458292245865 0.433572709560394 0.384043961763382 0.324913203716278 0.290128886699677 0.2987380027771 0.346671640872955 0.395869791507721 0.420437097549438 0.416428506374359 0.405713260173798 0.391199141740799 0.384474903345108 0.39882954955101 0.430976837873459 0.488287001848221 0.528454780578613 0.522549986839294 0.516793787479401 0.530972480773926 0.537058770656586 0.550085783004761 0.565992057323456 0.56806468963623 0.555960714817047 0.542334854602814 0.532189965248108 0.517615973949432 0.502506613731384 0.486206144094467 0.455562770366669 0.416380763053894 0.378478348255157 0.395445287227631
0.475990056991577 0.477308869361877 0.472613841295242 0.468721747398376 0.444382131099701 0.418872445821762 0.42212900519371 0.426045179367065 0.427690237760544 0.43030521273613 0.43257948756218 0.421139776706696 0.408682942390442 0.381227821111679 0.360991835594177 0.355445176362991 0.368639051914215 0.405594676733017 0.442723035812378 0.488790214061737 0.499962508678436 0.485393315553665 0.469592958688736 0.454259842634201 0.465121448040009 0.495050847530365 0.519882917404175 0.53315806388855 0.515857458114624 0.509093701839447 0.53341668844223 0.534051716327667 0.547873258590698 0.573084592819214 0.574187338352203 0.574149489402771 0.577023684978485 0.571764767169952 0.556703805923462 0.536911725997925 0.505798876285553 0.462514042854309 0.42616331577301 0.393942505121231 0.400129407644272
0.468813687562943 0.473890841007233 0.489258229732513 0.492544025182724 0.495018720626831 0.484397709369659 0.473299920558929 0.466118514537811 0.462969124317169 0.45539203286171 0.438086241483688 0.423061817884445 0.427733808755875 0.435106754302979 0.436253517866135 0.43699699640274 0.459606170654297 0.483175486326218 0.500227510929108 0.521634876728058 0.527456343173981 0.512717604637146 0.498800307512283 0.494450271129608 0.510750591754913 0.527925372123718 0.531590282917023 0.535094976425171 0.521202802658081 0.52471524477005 0.551112771034241 0.547493100166321 0.570714235305786 0.585291028022766 0.57415908575058 0.579948544502258 0.600961327552795 0.612790882587433 0.598309457302094 0.581320524215698 0.558562994003296 0.517814636230469 0.47887709736824 0.447912991046906 0.438941776752472
