data/1_raw/trimmed_ndre/J_ndre.715.2015_no_clouds.asc
NCOLS 141 
NROWS 118 
XLLCORNER 516845 
YLLCORNER 5169015 
CELLSIZE 5 
NODATA_value -3.4e+38 
[rows 20 to 39 of 118, columns 0 to 44 of 141]
-3.4e+38 -3.4e+38 -3.4e+38 -3.4e+38 -3.4e+38 -3.4e+38 -3.4e+38 -3.4e+38 -3.4e+38 -3.4e+38 -3.4e+38 -3.4e+38 -3.4e+38 -3.4e+38 -3.4e+38 -3.4e+38 -3.4e+38 -3.4e+38 -3.4e+38 -3.4e+38 -3.4e+38 -3.4e+38 -3.4e+38 -3.4e+38 -3.4e+38 -3.4e+38 -3.4e+38 -3.4e+38 -3.4e+38 -3.4e+38 -3.4e+38 -3.4e+38 -3.4e+38 -3.4e+38 -3.4e+38 -3.4e+38 0.160704597830772 0.163366585969925 0.173237785696983 0.175574645400047 0.166250675916672 0.162662535905838 0.163492977619171 0.162878021597862 0.160346806049347
-3.4e+38 -3.4e+38 -3.4e+38 -3.4e+38 -3.4e+38 -3.4e+38 -3.4e+38 -3.4e+38 -3.4e+38 -3.4e+38 -3.4e+38 -3.4e+38 -3.4e+38 -3.4e+38 -3.4e+38 -3.4e+38 -3.4e+38 -3.4e+38 -3.4e+38 -3.4e+38 -3.4e+38 -3.4e+38 -3.4e+38 -3.4e+38 -3.4e+38 -3.4e+38 -3.4e+38 -3.4e+38 -3.4e+38 -3.4e+38 -3.4e+38 -3.4e+38 -3.4e+38 -3.4e+38 -3.4e+38 0.165191277861595 0.161324501037598 0.166901901364326 0.173297300934792 0.172030463814735 0.162678435444832 0.164052650332451 0.161448955535889 0.160430714488029 0.165282741189003
-3.4e+38 -3.4e+38 -3.4e+38 -3.4e+38 -3.4e+38 -3.4e+38 -3.4e+38 -3.4e+38 -3.4e+38 -3.4e+38 -3.4e+38 -3.4e+38 -3.4e+38 -3.4e+38 -3.4e+38 -3.4e+38 -3.4e+38 -3.4e+38 -3.4e+38 -3.4e+38 -3.4e+38 -3.4e+38 -3.4e+38 -3.4e+38 -3.4e+38 -3.4e+38 -3.4e+38 -3.4e+38 -3.4e+38 -3.4e+38 -3.4e+38 -3.4e+38 -3.4e+38 -3.4e+38 0.167356416583061 0.162939682602882 0.163962543010712 0.16932138800621 0.170823752880096 0.169249475002289 0.166232585906982 0.169294714927673 0.158038094639778 0.156760022044182 0.166856557130814
-3.4e+38 -3.4e+38 -3.4e+38 -3.4e+38 -3.4e+38 -3.4e+38 -3.4e+38 -3.4e+38 -3.4e+38 -3.4e+38 -3.4e+38 -3.4e+38 -3.4e+38 -3.4e+38 -3.4e+38 -3.4e+38 -3.4e+38 -3.4e+38 -3.4e+38 -3.4e+38 -3.4e+38 -3.4e+38 -3.4e+38 -3.4e+38 -3.4e+38 -3.4e+38 -3.4e+38 -3.4e+38 -3.4e+38 -3.4e+38 -3.4e+38 -3.4e+38 -3.4e+38 0.168279424309731 0.163012281060219 0.160982117056847 0.164698794484138 0.170824453234673 0.171708300709724 0.167596817016602 0.167477056384087 0.17219315469265 0.160676702857018 0.162753105163574 0.170562699437141
-3.4e+38 -3.4e+38 -3.4e+38 -3.4e+38 -3.4e+38 -3.4e+38 -3.4e+38 -3.4e+38 -3.4e+38 -3.4e+38 -3.4e+38 -3.4e+38 -3.4e+38 -3.4e+38 -3.4e+38 -3.4e+38 -3.4e+38 -3.4e+38 -3.4e+38 -3.4e+38 -3.4e+38 -3.4e+38 -3.4e+38 -3.4e+38 -3.4e+38 -3.4e+38 -3.4e+38 -3.4e+38 -3.4e+38 -3.4e+38 -3.4e+38 0.168074399232864 0.162968292832375 0.164032176136971 0.155814707279205 0.157968804240227 0.166843056678772 0.174096494913101 0.171857967972755 0.161748081445694 0.162225961685181 0.169475510716438 0.171321794390678 0.168997600674629 0.165668532252312
-3.4e+38 -3.4e+38 -3.4e+38 -3.4e+38 -3.4e+38 -3.4e+38 -3.4e+38 -3.4e+38 -3.4e+38 -3.4e+38 -3.4e+38 -3.4e+38 -3.4e+38 -3.4e+38 -3.4e+38 -3.4e+38 -3.4e+38 -3.4e+38 -3.4e+38 -3.4e+38 -3.4e+38 -3.4e+38 -3.4e+38 -3.4e+38 -3.4e+38 -3.4e+38 -3.4e+38 -3.4e+38 -3.4e+38 -3.4e+38 0.171592265367508 0.16983750462532 0.171980708837509 0.173231825232506 0.165159076452255 0.155826568603516 0.15907683968544 0.167919874191284 0.167909741401672 0.154987037181854 0.155896693468094 0.161121383309364 0.163944929838181 0.160454332828522 0.153082102537155
-3.4e+38 -3.4e+38 -3.4e+38 -3.4e+38 -3.4e+38 -3.4e+38 -3.4e+38 -3.4e+38 -3.4e+38 -3.4e+38 -3.4e+38 -3.4e+38 -3.4e+38 -3.4e+38 -3.4e+38 -3.4e+38 -3.4e+38 -3.4e+38 -3.4e+38 -3.4e+38 -3.4e+38 -3.4e+38 -3.4e+38 -3.4e+38 -3.4e+38 -3.4e+38 -3.4e+38 -3.4e+38 -3.4e+38 0.169492289423943 0.175400972366333 0.175049543380737 0.179279670119286 0.174529045820236 0.164051786065102 0.152096688747406 0.145787939429283 0.155885845422745 0.16666367650032 0.164442613720894 0.157371282577515 0.157925456762314 0.15984907746315 0.155014991760254 0.147815003991127
-3.4e+38 -3.4e+38 -3.4e+38 -3.4e+38 -3.4e+38 -3.4e+38 -3.4e+38 -3.4e+38 -3.4e+38 -3.4e+38 -3.4e+38 -3.4e+38 -3.4e+38 -3.4e+38 -3.4e+38 -3.4e+38 -3.4e+38 -3.4e+38 -3.4e+38 -3.4e+38 -3.4e+38 -3.4e+38 -3.4e+38 -3.4e+38 -3.4e+38 -3.4e+38 0.17038556933403 0.169400304555893 0.165068387985229 0.167916938662529 0.168312028050423 0.165319353342056 0.17388890683651 0.170218020677567 0.163323014974594 0.154959157109261 0.145031601190567 0.154010578989983 0.164094656705856 0.166240900754929 0.159600257873535 0.161192208528519 0.175600796937943 0.175675556063652 0.158103585243225
-3.4e+38 -3.4e+38 -3.4e+38 -3.4e+38 -3.4e+38 -3.4e+38 -3.4e+38 -3.4e+38 -3.4e+38 -3.4e+38 -3.4e+38 -3.4e+38 -3.4e+38 -3.4e+38 -3.4e+38 -3.4e+38 -3.4e+38 -3.4e+38 -3.4e+38 -3.4e+38 -3.4e+38 -3.4e+38 -3.4e+38 0.168707013130188 0.169720605015755 0.168728992342949 0.166204795241356 0.162036016583443 0.158723533153534 0.163423180580139 0.161588430404663 0.161053687334061 0.169107332825661 0.170165419578552 0.171684756875038 0.165411472320557 0.154495880007744 0.157596409320831 0.16520918905735 0.167503729462624 0.163663774728775 0.161696955561638 0.169426113367081 0.167232304811478 0.159173846244812
-3.4e+38 -3.4e+38 -3.4e+38 -3.4e+38 -3.4e+38 -3.4e+38 -3.4e+38 -3.4e+38 -3.4e+38 -3.4e+38 -3.4e+38 -3.4e+38 -3.4e+38 -3.4e+38 -3.4e+38 -3.4e+38 -3.4e+38 -3.4e+38 -3.4e+38 0.167811900377274 0.171626269817352 0.167284578084946 0.162537112832069 0.164263054728508 0.169250205159187 0.167959734797478 0.166418254375458 0.163635358214378 0.16298796236515 0.169604331254959 0.166237041354179 0.165252760052681 0.170098230242729 0.173985973000526 0.172141402959824 0.164187625050545 0.157453998923302 0.159435302019119 0.169114053249359 0.174541041254997 0.167424216866493 0.158906847238541 0.163838684558868 0.162097573280334 0.156999409198761
-3.4e+38 -3.4e+38 -3.4e+38 -3.4e+38 -3.4e+38 -3.4e+38 -3.4e+38 -3.4e+38 -3.4e+38 -3.4e+38 -3.4e+38 -3.4e+38 -3.4e+38 -3.4e+38 -3.4e+38 -3.4e+38 0.156347379088402 0.157883524894714 0.162237614393234 0.165403544902802 0.16853691637516 0.168845146894455 0.156310841441154 0.159083068370819 0.166033804416656 0.166455507278442 0.165807694196701 0.16406087577343 0.167117044329643 0.174410283565521 0.173716098070145 0.170718744397163 0.169376090168953 0.167515218257904 0.162129417061806 0.156014204025269 0.153799474239349 0.158155098557472 0.169212162494659 0.178259864449501 0.170597776770592 0.163310974836349 0.16418519616127 0.162703990936279 0.150673136115074
-3.4e+38 -3.4e+38 -3.4e+38 -3.4e+38 -3.4e+38 -3.4e+38 -3.4e+38 -3.4e+38 -3.4e+38 -3.4e+38 -3.4e+38 -3.4e+38 -3.4e+38 0.161325573921204 0.153200820088387 0.1572405397892 0.167028054594994 0.17343333363533 0.171955943107605 0.167370915412903 0.165241673588753 0.166439518332481 0.156148537993431 0.161543771624565 0.163917154073715 0.160941794514656 0.157956466078758 0.160230979323387 0.163763284683228 0.164569184184074 0.159392759203911 0.157236352562904 0.165420949459076 0.160797342658043 0.15104116499424 0.149068295955658 0.149104982614517 0.153270736336708 0.163466259837151 0.175363630056381 0.172404766082764 0.167729094624519 0.165542408823967 0.160863965749741 0.146464496850967
-3.4e+38 -3.4e+38 -3.4e+38 -3.4e+38 -3.4e+38 -3.4e+38 -3.4e+38 -3.4e+38 -3.4e+38 -3.4e+38 -3.4e+38 -3.4e+38 0.16669063270092 0.16979418694973 0.155705779790878 0.151412472128868 0.160118103027344 0.169528365135193 0.169289112091064 0.163813635706902 0.161030188202858 0.162671864032745 0.168741077184677 0.168857634067535 0.164065062999725 0.15611444413662 0.151054263114929 0.154937982559204 0.152768298983574 0.150042086839676 0.149570479989052 0.153962045907974 0.170823350548744 0.155302703380585 0.148439273238182 0.155286014080048 0.157846257090569 0.156870603561401 0.161040872335434 0.168965131044388 0.170568361878395 0.162025406956673 0.15482060611248 0.156226381659508 0.158834993839264
-3.4e+38 -3.4e+38 -3.4e+38 -3.4e+38 -3.4e+38 -3.4e+38 -3.4e+38 -3.4e+38 -3.4e+38 -3.4e+38 0.14124470949173 0.150645062327385 0.156716898083687 0.156408295035362 0.150852933526039 0.149601101875305 0.159883126616478 0.166499629616737 0.162629723548889 0.152919143438339 0.165164411067963 0.169662669301033 0.171417191624641 0.169774830341339 0.164585694670677 0.156503349542618 0.154524758458138 0.15885204076767 0.158178880810738 0.152055233716965 0.150504603981972 0.160629272460938 0.178554967045784 0.149266466498375 0.156364485621452 0.168009877204895 0.166435897350311 0.162520289421082 0.158733457326889 0.161419078707695 0.165859445929527 0.166322022676468 0.157742813229561 0.163319990038872 0.172376543283463
-3.4e+38 -3.4e+38 -3.4e+38 -3.4e+38 -3.4e+38 -3.4e+38 -3.4e+38 -3.4e+38 -3.4e+38 0.156097665429115 0.155050799250603 0.149965450167656 0.148756757378578 0.151960343122482 0.152018845081329 0.152333244681358 0.163225367665291 0.172156944870949 0.166501969099045 0.158902645111084 0.170046254992485 0.162597075104713 0.163074642419815 0.165521875023842 0.164944604039192 0.161395862698555 0.158358633518219 0.158419236540794 0.160012632608414 0.15934844315052 0.155801489949226 0.162858515977859 0.168688505887985 0.14556847512722 0.164129883050919 0.170959085226059 0.168201416730881 0.165148496627808 0.155121102929115 0.160471066832542 0.165695518255234 0.166702404618263 0.163407683372498 0.168267980217934 0.165669843554497
-3.4e+38 -3.4e+38 -3.4e+38 -3.4e+38 -3.4e+38 -3.4e+38 -3.4e+38 -3.4e+38 0.168360516428947 0.172045066952705 0.162347540259361 0.148970633745193 0.149467706680298 0.155209496617317 0.154647722840309 0.155382677912712 0.163269594311714 0.173132702708244 0.162118837237358 0.16206756234169 0.170972943305969 0.15581864118576 0.154567375779152 0.158332943916321 0.161701396107674 0.162163108587265 0.158027157187462 0.155593514442444 0.157473236322403 0.162791401147842 0.159725666046143 0.152705326676369 0.150310605764389 0.148473709821701 0.164505705237389 0.164160385727882 0.160218179225922 0.158046767115593 0.157507926225662 0.165843695402145 0.161198034882545 0.160026282072067 0.164052054286003 0.162450537085533 0.156877994537354
-3.4e+38 -3.4e+38 -3.4e+38 -3.4e+38 -3.4e+38 -3.4e+38 0.148058608174324 0.155677363276482 0.160038024187088 0.154544994235039 0.151200771331787 0.149636283516884 0.152561947703362 0.156015679240227 0.1549431681633 0.156377196311951 0.163427233695984 0.171248465776443 0.155015200376511 0.164292275905609 0.174019932746887 0.16831848025322 0.162304908037186 0.159865602850914 0.159334167838097 0.158827424049377 0.155234172940254 0.154094606637955 0.151980325579643 0.149744167923927 0.146259069442749 0.142304226756096 0.143802389502525 0.151648327708244 0.16024374961853 0.160160481929779 0.160038113594055 0.157143443822861 0.157036185264587 0.16262674331665 0.15207827091217 0.149932533502579 0.161626234650612 0.173797473311424 0.161887556314468
-3.4e+38 -3.4e+38 -3.4e+38 -3.4e+38 -3.4e+38 0.161973908543587 0.150659263134003 0.153144672513008 0.15088264644146 0.13897767663002 0.149222627282143 0.152450174093246 0.150827899575233 0.147596627473831 0.15133510529995 0.156393676996231 0.163511082530022 0.16534198820591 0.151416063308716 0.165942221879959 0.174578875303268 0.171419635415077 0.16199791431427 0.158568516373634 0.155961766839027 0.153266623616219 0.152012467384338 0.153906106948853 0.148861303925514 0.146096587181091 0.143236100673676 0.142642989754677 0.144799545407295 0.150919124484062 0.155110657215118 0.154338866472244 0.157667636871338 0.154262185096741 0.150562152266502 0.151261940598488 0.156671077013016 0.158320963382721 0.160207495093346 0.167032539844513 0.165046855807304
-3.4e+38 -3.4e+38 -3.4e+38 -3.4e+38 0.228781178593636 0.1865234375 0.164778709411621 0.157114654779434 0.149822130799294 0.143776506185532 0.155723303556442 0.152268975973129 0.146704286336899 0.144837751984596 0.149700537323952 0.153770357370377 0.159870386123657 0.159458309412003 0.15515324473381 0.161873772740364 0.155903398990631 0.156559064984322 0.157682970166206 0.15835365653038 0.155236795544624 0.148894384503365 0.148497432470322 0.152435690164566 0.147008389234543 0.153010055422783 0.150955110788345 0.146442160010338 0.148809880018234 0.149636194109917 0.148587226867676 0.148357897996902 0.151758059859276 0.149776071310043 0.150347918272018 0.154133796691895 0.159657016396523 0.159716412425041 0.151349544525146 0.153790280222893 0.163588613271713
-3.4e+38 -3.4e+38 0.296381294727325 0.303482383489609 0.285378098487854 0.228807523846626 0.171228185296059 0.160245776176453 0.15838149189949 0.160066947340965 0.158508703112602 0.148205742239952 0.149724096059799 0.147180676460266 0.147442877292633 0.149148732423782 0.153863489627838 0.1532222032547 0.154194712638855 0.15500645339489 0.142614454030991 0.146955609321594 0.157739594578743 0.166315466165543 0.165920004248619 0.156417652964592 0.154826536774635 0.153947621583939 0.149264886975288 0.161601275205612 0.159911826252937 0.157130971550941 0.157454267144203 0.153526544570923 0.148549184203148 0.145137622952461 0.143958702683449 0.142685696482658 0.144535556435585 0.150465086102486 0.154854103922844 0.153725326061249 0.147095367312431 0.153579920530319 0.1607436388731
