data/1_raw/trimmed_ndre/J_ndre.66.2013_no_clouds.asc
NCOLS 141 
NROWS 118 
XLLCORNER 516845 
YLLCORNER 5169015 
CELLSIZE 5 
NODATA_value -3.4e+38 
[rows 40 to 59 of 118, columns 0 to 44 of 141]
-3.4e+38 0.528066337108612 0.539617538452148 0.563578367233276 0.567833065986633 0.552127242088318 0.536947190761566 0.528944492340088 0.533889293670654 0.560982346534729 0.581011593341827 0.568775296211243 0.566220760345459 0.580256044864655 0.58050811290741 0.581039190292358 0.581780612468719 0.576429128646851 0.58423388004303 0.592203557491302 0.590681135654449 0.599835455417633 0.591614484786987 0.590018391609192 0.597021520137787 0.584468185901642 0.574199199676514 0.560861766338348 0.557148218154907 0.573318302631378 0.572081863880157 0.564515829086304 0.575858116149902 0.583699405193329 0.578085720539093 0.566415905952454 0.576621353626251 0.549858868122101 0.522768557071686 0.517758846282959 0.494961500167847 0.502385854721069 0.515781760215759 0.502131760120392 0.532292664051056
-3.4e+38 0.564379394054413 0.569643318653107 0.580567002296448 0.5777348279953 0.564435064792633 0.548293948173523 0.542389690876007 0.534233212471008 0.558659732341766 0.585667014122009 0.576066017150879 0.578694105148315 0.594901204109192 0.600455582141876 0.602891206741333 0.589632391929626 0.579495131969452 0.584740340709686 0.585589468479156 0.578466534614563 0.56581324338913 0.549470603466034 0.558651030063629 0.569025158882141 0.561889827251434 0.560178637504578 0.550868630409241 0.561138927936554 0.586275219917297 0.582853436470032 0.581383168697357 0.586746692657471 0.57924872636795 0.577133655548096 0.570968747138977 0.571637749671936 0.560785472393036 0.54213273525238 0.538303792476654 0.526635766029358 0.538883984088898 0.544144690036774 0.531904220581055 0.542576134204865
-3.4e+38 0.596488773822784 0.595242261886597 0.583980858325958 0.570397675037384 0.56440132856369 0.565995037555695 0.558873295783997 0.547298491001129 0.565593421459198 0.579045474529266 0.567841172218323 0.578183233737946 0.593645751476288 0.607925295829773 0.617037713527679 0.601221740245819 0.591366231441498 0.593557357788086 0.589286148548126 0.580841362476349 0.552856206893921 0.530087053775787 0.536609292030334 0.53682941198349 0.53054291009903 0.54135262966156 0.553714156150818 0.579541146755219 0.602231502532959 0.596273124217987 0.597696304321289 0.597306549549103 0.585856199264526 0.584604382514954 0.571072399616241 0.564635992050171 0.575394034385681 0.563537836074829 0.550497174263 0.54685515165329 0.557305216789246 0.563473641872406 0.558841943740845 0.557667970657349
-3.4e+38 0.601925849914551 0.585777759552002 0.570860147476196 0.56567507982254 0.564738929271698 0.576202213764191 0.579328656196594 0.570862054824829 0.565320014953613 0.563387155532837 0.567532777786255 0.581419765949249 0.589010179042816 0.597738742828369 0.603125274181366 0.591704428195953 0.59367823600769 0.602081298828125 0.60214638710022 0.600945770740509 0.581847488880157 0.562257170677185 0.557059168815613 0.540144920349121 0.523262679576874 0.531117618083954 0.55079460144043 0.586804270744324 0.606154024600983 0.600674986839294 0.605385482311249 0.603108048439026 0.591409981250763 0.587493479251862 0.571210741996765 0.573438405990601 0.590866327285767 0.573462128639221 0.563398718833923 0.559987604618073 0.559058010578156 0.569376945495605 0.567574560642242 0.560407400131226
-3.4e+38 0.582606732845306 0.564724147319794 0.559167563915253 0.555045664310455 0.553034365177155 0.565765082836151 0.56262743473053 0.55829793214798 0.561271250247955 0.558747053146362 0.57749330997467 0.595776319503784 0.584697008132935 0.586390614509583 0.589799702167511 0.588251054286957 0.600693106651306 0.605597734451294 0.60648500919342 0.607684373855591 0.595154345035553 0.590548038482666 0.587623536586761 0.57015323638916 0.559192776679993 0.552400350570679 0.556893467903137 0.581809878349304 0.590380430221558 0.590748965740204 0.602538049221039 0.608797430992126 0.596158385276794 0.583850204944611 0.580221235752106 0.57865047454834 0.58584588766098 0.577990293502808 0.57397186756134 0.558730185031891 0.555714845657349 0.581721901893616 0.584537267684937 0.573261022567749
-3.4e+38 0.567284107208252 0.551890194416046 0.54930192232132 0.543507814407349 0.544394075870514 0.556406438350677 0.546850979328156 0.538926005363464 0.542761564254761 0.543465912342072 0.557783961296082 0.568752467632294 0.568824708461761 0.584622919559479 0.597795069217682 0.608619570732117 0.617511510848999 0.607824385166168 0.593011617660522 0.582323491573334 0.573101818561554 0.584103882312775 0.590149521827698 0.57936704158783 0.577882587909698 0.573477029800415 0.572827637195587 0.579149484634399 0.576884090900421 0.587101817131042 0.603060483932495 0.608350038528442 0.589054763317108 0.580878674983978 0.594185948371887 0.58363401889801 0.582749426364899 0.582908928394318 0.573621988296509 0.557919502258301 0.561341881752014 0.585766911506653 0.590877294540405 0.582787573337555
-3.4e+38 0.543151557445526 0.547465741634369 0.556737959384918 0.549663066864014 0.542957425117493 0.540963172912598 0.528400063514709 0.519782602787018 0.520577967166901 0.53337299823761 0.557765781879425 0.561891138553619 0.56299889087677 0.58150440454483 0.590223491191864 0.605534315109253 0.613640546798706 0.603021800518036 0.58281946182251 0.56229692697525 0.552870869636536 0.560367524623871 0.564283013343811 0.561208426952362 0.56825464963913 0.575774908065796 0.581070065498352 0.583613395690918 0.573452889919281 0.587908983230591 0.603284358978271 0.591894626617432 0.568264901638031 0.569944679737091 0.582273781299591 0.565373480319977 0.577835321426392 0.582424521446228 0.566543281078339 0.565348863601685 0.573701322078705 0.583678841590881 0.58076149225235 0.580663979053497
-3.4e+38 0.511483013629913 0.536888837814331 0.560061812400818 0.551095128059387 0.544396817684174 0.531928539276123 0.515575408935547 0.513811588287354 0.502796590328217 0.51092803478241 0.533743143081665 0.539960503578186 0.549114763736725 0.563359797000885 0.564245462417603 0.583324551582336 0.595840275287628 0.592618584632874 0.596008718013763 0.57751452922821 0.554401218891144 0.546429812908173 0.53862065076828 0.543924868106842 0.55047607421875 0.551719665527344 0.561652541160583 0.565390229225159 0.564282357692719 0.577896416187286 0.591433584690094 0.585726141929626 0.570185542106628 0.571023523807526 0.562700092792511 0.551629364490509 0.57637745141983 0.575686633586884 0.56294047832489 0.570782542228699 0.584627866744995 0.580698072910309 0.571362853050232 0.5808966755867
-3.4e+38 0.49767854809761 0.529774188995361 0.551064312458038 0.546663045883179 0.548679053783417 0.538865745067596 0.532192945480347 0.534525156021118 0.514415740966797 0.501696646213531 0.508579611778259 0.513018310070038 0.537607312202454 0.555403292179108 0.556826710700989 0.570485591888428 0.570621073246002 0.587950766086578 0.617925584316254 0.603385925292969 0.582766056060791 0.560504674911499 0.536764085292816 0.543116867542267 0.53255832195282 0.506225526332855 0.505987346172333 0.517530679702759 0.540320932865143 0.557341873645782 0.560987949371338 0.565502107143402 0.560530781745911 0.552527368068695 0.555883526802063 0.560309112071991 0.572654485702515 0.56788432598114 0.556324779987335 0.564719200134277 0.58179634809494 0.578219473361969 0.574700355529785 0.5847447514534
-3.4e+38 0.49538779258728 0.524484395980835 0.533463358879089 0.543819010257721 0.55326122045517 0.543212473392487 0.564069330692291 0.570228338241577 0.543412566184998 0.52807879447937 0.514307260513306 0.513825118541718 0.535630583763123 0.552646040916443 0.561725378036499 0.56757640838623 0.552955329418182 0.570979297161102 0.603754699230194 0.599553167819977 0.60012412071228 0.575787544250488 0.53840708732605 0.531667470932007 0.512430310249329 0.489900797605515 0.488378882408142 0.495064795017242 0.52309787273407 0.543422043323517 0.528410792350769 0.526202261447906 0.529359936714172 0.525862991809845 0.546395480632782 0.558875858783722 0.56063038110733 0.558288037776947 0.545787692070007 0.546775758266449 0.568755090236664 0.575552225112915 0.577578663825989 0.57781982421875
-3.4e+38 0.506181836128235 0.527610242366791 0.528230309486389 0.542897880077362 0.555101633071899 0.553240418434143 0.575744688510895 0.573601901531219 0.563993036746979 0.571092188358307 0.542977571487427 0.526339948177338 0.535749137401581 0.538323521614075 0.551750183105469 0.553606986999512 0.538945198059082 0.54823625087738 0.571262717247009 0.582399249076843 0.595686614513397 0.577025651931763 0.543990433216095 0.530740022659302 0.518104910850525 0.518400073051453 0.509792447090149 0.492302864789963 0.471070498228073 0.470455050468445 0.483901739120483 0.496599793434143 0.506629467010498 0.515810787677765 0.53226363658905 0.528773427009583 0.531505167484283 0.543265640735626 0.535416722297668 0.514421820640564 0.514501810073853 0.530797898769379 0.542235851287842 0.563600122928619
-3.4e+38 0.522459983825684 0.530346393585205 0.535014092922211 0.550068736076355 0.546438097953796 0.547268807888031 0.557442486286163 0.553259551525116 0.561925292015076 0.574748575687408 0.551779448986053 0.540210664272308 0.534715712070465 0.525700092315674 0.537680685520172 0.542809069156647 0.536843359470367 0.548456430435181 0.564991474151611 0.586848080158234 0.60118293762207 0.584837913513184 0.546700298786163 0.52863609790802 0.536890506744385 0.547413885593414 0.523289799690247 0.488077133893967 0.455655694007874 0.454359948635101 0.482444673776627 0.494730234146118 0.487062871456146 0.49675714969635 0.51277357339859 0.507727086544037 0.519219100475311 0.53836327791214 0.540711760520935 0.53347647190094 0.516352236270905 0.514865934848785 0.517234146595001 0.553270995616913
-3.4e+38 0.535464942455292 0.533263146877289 0.533932268619537 0.547063946723938 0.528176546096802 0.537609696388245 0.545152723789215 0.522936403751373 0.540497541427612 0.551390171051025 0.54491114616394 0.551802039146423 0.546741902828217 0.53566986322403 0.541518747806549 0.537107169628143 0.540097534656525 0.562096536159515 0.577080190181732 0.590488851070404 0.589693129062653 0.562691986560822 0.516471326351166 0.523691654205322 0.564790606498718 0.58345627784729 0.555372357368469 0.512429893016815 0.499139010906219 0.496326744556427 0.504856765270233 0.502704977989197 0.479415148496628 0.484515249729156 0.504767298698425 0.516414225101471 0.53704696893692 0.538798570632935 0.544084310531616 0.557493209838867 0.55646824836731 0.541692018508911 0.538079977035522 0.552098333835602
-3.4e+38 0.525488495826721 0.517154276371002 0.520111441612244 0.535472750663757 0.530357956886292 0.532492816448212 0.53569483757019 0.523882448673248 0.544555246829987 0.539499998092651 0.541608929634094 0.565690457820892 0.570022523403168 0.56265652179718 0.553275644779205 0.534855127334595 0.532373607158661 0.557961761951447 0.576053142547607 0.580324351787567 0.566896438598633 0.526812613010406 0.483769088983536 0.515063166618347 0.581141233444214 0.606952846050262 0.586924493312836 0.548115432262421 0.513717353343964 0.4920754134655 0.492505460977554 0.482174247503281 0.46640008687973 0.478169232606888 0.503129720687866 0.526798486709595 0.545048534870148 0.535587310791016 0.541712462902069 0.564898133277893 0.567169070243835 0.561389982700348 0.559584319591522 0.566817164421082
-3.4e+38 0.518082022666931 0.515405595302582 0.524149596691132 0.530423879623413 0.538371324539185 0.547993957996368 0.556368947029114 0.554430663585663 0.560386538505554 0.558241486549377 0.554086029529572 0.565769076347351 0.567551970481873 0.575257182121277 0.564538538455963 0.537134289741516 0.530322670936584 0.553443670272827 0.571949660778046 0.568869471549988 0.566042423248291 0.520216405391693 0.482752233743668 0.524650931358337 0.582558572292328 0.612819194793701 0.600199460983276 0.571490347385406 0.508069097995758 0.453647196292877 0.44206890463829 0.434017151594162 0.447398990392685 0.470597356557846 0.484369337558746 0.503919899463654 0.521685540676117 0.522605538368225 0.531299710273743 0.558764159679413 0.572032868862152 0.571934521198273 0.565868437290192 0.561357200145721
-3.4e+38 0.527369976043701 0.532526016235352 0.541403353214264 0.544748544692993 0.556883335113525 0.567843914031982 0.565704941749573 0.564883828163147 0.558704197406769 0.552728474140167 0.545757412910461 0.545806705951691 0.552409768104553 0.571521639823914 0.578633666038513 0.551562547683716 0.535391628742218 0.5515176653862 0.561266541481018 0.563611626625061 0.577024161815643 0.544373571872711 0.524811148643494 0.560945212841034 0.582780838012695 0.601480484008789 0.598348259925842 0.58536422252655 0.523719549179077 0.43823778629303 0.398894190788269 0.393497943878174 0.431243479251862 0.448391079902649 0.440791726112366 0.462972819805145 0.498467862606049 0.514164924621582 0.505769610404968 0.51502138376236 0.529521346092224 0.530408382415771 0.53028404712677 0.532014489173889
-3.4e+38 0.52670031785965 0.544317901134491 0.556990742683411 0.562083601951599 0.564623892307281 0.566829085350037 0.568323910236359 0.56851327419281 0.562233865261078 0.55216109752655 0.545812785625458 0.546418190002441 0.557223081588745 0.572773933410645 0.59603625535965 0.567545473575592 0.533430993556976 0.543490290641785 0.532901763916016 0.538921535015106 0.565656244754791 0.550544798374176 0.55566269159317 0.577588081359863 0.580205023288727 0.590616166591644 0.597391724586487 0.587243914604187 0.540329992771149 0.464643627405167 0.391666322946548 0.373040944337845 0.404280990362167 0.424685567617416 0.432413130998611 0.461744397878647 0.491002529859543 0.509815573692322 0.502598762512207 0.501175999641418 0.496797621250153 0.493178576231003 0.495016127824783 0.504262328147888
-3.4e+38 0.523028314113617 0.541059553623199 0.553522706031799 0.563201010227203 0.573024988174438 0.565455377101898 0.565407335758209 0.56648576259613 0.568994283676147 0.566685438156128 0.561507046222687 0.561080634593964 0.558909177780151 0.565408110618591 0.580139994621277 0.561963021755219 0.528069496154785 0.527013540267944 0.525430500507355 0.528154611587524 0.54318779706955 0.541475355625153 0.556921243667603 0.566425025463104 0.557645320892334 0.578805208206177 0.574045896530151 0.559545576572418 0.536235630512238 0.487284570932388 0.410110592842102 0.380409061908722 0.40959170460701 0.448615580797195 0.482917904853821 0.503919780254364 0.512240946292877 0.52607649564743 0.531449377536774 0.524083435535431 0.511832475662231 0.494167774915695 0.487685531377792 0.49722883105278
-3.4e+38 0.51342362165451 0.528014600276947 0.540247082710266 0.56276661157608 0.578961610794067 0.57116162776947 0.568374812602997 0.56780469417572 0.568810641765594 0.573593437671661 0.578058123588562 0.579176247119904 0.56521862745285 0.552248656749725 0.552167534828186 0.560105264186859 0.535816133022308 0.519158959388733 0.533604621887207 0.538808584213257 0.555587112903595 0.577127277851105 0.58690619468689 0.589153707027435 0.57481437921524 0.567606151103973 0.536789774894714 0.5161492228508 0.50792795419693 0.492275774478912 0.445117056369781 0.427348911762238 0.459291219711304 0.487202078104019 0.524659037590027 0.547193884849548 0.542493045330048 0.532151460647583 0.538418292999268 0.542860925197601 0.535798668861389 0.521253764629364 0.50897604227066 0.514891445636749
-3.4e+38 0.511896014213562 0.523414552211761 0.533896327018738 0.564797699451447 0.589580357074738 0.587413966655731 0.579128682613373 0.570874392986298 0.570382654666901 0.577690958976746 0.590122938156128 0.588971138000488 0.570706725120544 0.555934131145477 0.553669631481171 0.5609992146492 0.537191927433014 0.523342549800873 0.54792994260788 0.569417715072632 0.595080673694611 0.603709161281586 0.596924781799316 0.604129731655121 0.592300295829773 0.55302619934082 0.522315740585327 0.505424857139587 0.502523720264435 0.508441925048828 0.498032331466675 0.496845930814743 0.50810831785202 0.524006247520447 0.554359972476959 0.573067426681519 0.548234403133392 0.510361969470978 0.505532741546631 0.523660004138947 0.537835657596588 0.54462206363678 0.537408709526062 0.527933359146118
