data/1_raw/trimmed_ndre/J_ndre.715.2015_no_clouds.asc
NCOLS 141 
NROWS 118 
XLLCORNER 516845 
YLLCORNER 5169015 
CELLSIZE 5 
NODATA_value -3.4e+38 
[rows 40 to 59 of 118, columns 90 to 134 of 141]
0.152372643351555 0.154390439391136 0.156348258256912 0.153657183051109 0.147765144705772 0.150443643331528 0.155967459082603 0.157602682709694 0.155213862657547 0.151541247963905 0.15420751273632 0.159645825624466 0.162360116839409 0.159927397966385 0.15550123155117 0.152840912342072 0.154004916548729 0.159170970320702 0.164838865399361 0.166938379406929 0.16656556725502 0.16616153717041 0.152306035161018 0.137394189834595 0.145104676485062 0.157584965229034 0.158968895673752 0.157246246933937 0.161055162549019 0.165266335010529 0.17001548409462 -3.4e+38 -3.4e+38 -3.4e+38 -3.4e+38 -3.4e+38 -3.4e+38 -3.4e+38 -3.4e+38 -3.4e+38 -3.4e+38 -3.4e+38 -3.4e+38 -3.4e+38 -3.4e+38
0.145482182502747 0.151425465941429 0.153685554862022 0.149691626429558 0.145641773939133 0.148781299591064 0.156373202800751 0.157157734036446 0.155008435249329 0.15299616754055 0.152041092514992 0.158750891685486 0.161654844880104 0.162594646215439 0.16285927593708 0.160570472478867 0.160320281982422 0.164804175496101 0.170618087053299 0.170500487089157 0.168877616524696 0.162601366639137 0.156458541750908 0.155742764472961 0.168215543031693 0.163505554199219 0.15519018471241 0.157839506864548 0.160865753889084 0.151905477046967 0.151384994387627 -3.4e+38 -3.4e+38 -3.4e+38 -3.4e+38 -3.4e+38 -3.4e+38 -3.4e+38 -3.4e+38 -3.4e+38 -3.4e+38 -3.4e+38 -3.4e+38 -3.4e+38 -3.4e+38
0.145599469542503 0.149910718202591 0.147912502288818 0.144268482923508 0.142595618963242 0.146233186125755 0.154292717576027 0.156197503209114 0.15518906712532 0.154777035117149 0.156843096017838 0.164476439356804 0.16197569668293 0.163614869117737 0.167185947299004 0.163547024130821 0.15820537507534 0.163727179169655 0.169205039739609 0.166323184967041 0.170133128762245 0.165477186441422 0.159642115235329 0.15960618853569 0.170275628566742 0.156476125121117 0.153582260012627 0.164526954293251 0.169155612587929 0.151791796088219 0.151702538132668 -3.4e+38 -3.4e+38 -3.4e+38 -3.4e+38 -3.4e+38 -3.4e+38 -3.4e+38 -3.4e+38 -3.4e+38 -3.4e+38 -3.4e+38 -3.4e+38 -3.4e+38 -3.4e+38
0.150099471211433 0.146258562803268 0.144073083996773 0.143586456775665 0.140894889831543 0.143782272934914 0.149681404232979 0.153396159410477 0.154069721698761 0.156054764986038 0.160658672451973 0.166899129748344 0.162745639681816 0.166751474142075 0.170620933175087 0.167852908372879 0.159779205918312 0.162779703736305 0.161659494042397 0.156220152974129 0.158448725938797 0.15521627664566 0.162284031510353 0.164569348096848 0.161504611372948 0.147521764039993 0.150692522525787 0.161964133381844 0.169597253203392 0.159864038228989 0.157192945480347 -3.4e+38 -3.4e+38 -3.4e+38 -3.4e+38 -3.4e+38 -3.4e+38 -3.4e+38 -3.4e+38 -3.4e+38 -3.4e+38 -3.4e+38 -3.4e+38 -3.4e+38 -3.4e+38
0.148493841290474 0.150150820612907 0.150699287652969 0.149548873305321 0.142759844660759 0.146254345774651 0.151277869939804 0.155176773667336 0.156688436865807 0.159676253795624 0.160665333271027 0.15978367626667 0.158340349793434 0.161121517419815 0.165448755025864 0.166143774986267 0.162676155567169 0.163241311907768 0.164015233516693 0.158403486013412 0.154790326952934 0.157249107956886 0.164796531200409 0.165118142962456 0.157347217202187 0.152353659272194 0.161476016044617 0.161700934171677 0.164351880550385 0.165515884757042 0.157736763358116 0.150304049253464 -3.4e+38 -3.4e+38 -3.4e+38 -3.4e+38 -3.4e+38 -3.4e+38 -3.4e+38 -3.4e+38 -3.4e+38 -3.4e+38 -3.4e+38 -3.4e+38 -3.4e+38
0.151959106326103 0.159993782639503 0.16372250020504 0.160660982131958 0.15248641371727 0.160204783082008 0.156811535358429 0.15700027346611 0.162249237298965 0.169166877865791 0.172032684087753 0.167127296328545 0.159980714321136 0.158014729619026 0.1588194668293 0.159510836005211 0.159396156668663 0.160869345068932 0.166481226682663 0.158714696764946 0.159031108021736 0.165303885936737 0.155422538518906 0.155962467193604 0.163056910037994 0.163582041859627 0.157575264573097 0.150375828146935 0.154910653829575 0.163520947098732 0.168419077992439 0.157928586006165 -3.4e+38 -3.4e+38 -3.4e+38 -3.4e+38 -3.4e+38 -3.4e+38 -3.4e+38 -3.4e+38 -3.4e+38 -3.4e+38 -3.4e+38 -3.4e+38 -3.4e+38
0.157820165157318 0.161557227373123 0.158066615462303 0.160053089261055 0.162923976778984 0.168966829776764 0.162314340472221 0.159301117062569 0.168014332652092 0.178621679544449 0.168045654892921 0.161137327551842 0.158073976635933 0.158096104860306 0.157562240958214 0.158627822995186 0.159937664866447 0.160701721906662 0.162668973207474 0.159829825162888 0.165883347392082 0.170420303940773 0.162159964442253 0.151408135890961 0.160361245274544 0.159193128347397 0.145370066165924 0.140235096216202 0.152741387486458 0.15922799706459 0.161824524402618 0.161844626069069 -3.4e+38 -3.4e+38 -3.4e+38 -3.4e+38 -3.4e+38 -3.4e+38 -3.4e+38 -3.4e+38 -3.4e+38 -3.4e+38 -3.4e+38 -3.4e+38 -3.4e+38
0.158895164728165 0.160021007061005 0.162133634090424 0.172703638672829 0.170475363731384 0.167977645993233 0.17487059533596 0.17356051504612 0.174942389130592 0.173972994089127 0.159970596432686 0.153799787163734 0.153414607048035 0.15653857588768 0.160319924354553 0.166285559535027 0.161482244729996 0.157650649547577 0.158152654767036 0.165723860263824 0.167340382933617 0.165444299578667 0.160320699214935 0.153674647212029 0.157222971320152 0.151014015078545 0.152420535683632 0.156313374638557 0.15103018283844 0.151555016636848 0.153728321194649 0.161322116851807 -3.4e+38 -3.4e+38 -3.4e+38 -3.4e+38 -3.4e+38 -3.4e+38 -3.4e+38 -3.4e+38 -3.4e+38 -3.4e+38 -3.4e+38 -3.4e+38 -3.4e+38
0.15566448867321 0.159863114356995 0.166644334793091 0.183682888746262 0.169599786400795 0.156485676765442 0.157588362693787 0.158203452825546 0.16324357688427 0.163448914885521 0.160462900996208 0.160125389695168 0.156095445156097 0.159319907426834 0.164172485470772 0.167526707053185 0.158731266856194 0.157662078738213 0.164776250720024 0.1706383228302 0.156664997339249 0.160803556442261 0.162558615207672 0.163126483559608 0.163239240646362 0.148457512259483 0.157933294773102 0.162389814853668 0.15056137740612 0.149957552552223 0.151304572820663 0.152505621314049 -3.4e+38 -3.4e+38 -3.4e+38 -3.4e+38 -3.4e+38 -3.4e+38 -3.4e+38 -3.4e+38 -3.4e+38 -3.4e+38 -3.4e+38 -3.4e+38 -3.4e+38
0.163324907422066 0.161474153399467 0.161502614617348 0.16932375729084 0.164829805493355 0.156530603766441 0.152923494577408 0.152199655771255 0.156376749277115 0.159075230360031 0.168596386909485 0.174335286021233 0.166017204523087 0.166375607252121 0.168639674782753 0.164857268333435 0.158425405621529 0.16775743663311 0.165098488330841 0.162103414535522 0.15509982407093 0.16326168179512 0.166134834289551 0.163399994373322 0.157789036631584 0.149188086390495 0.153552696108818 0.156313344836235 0.154015943408012 0.155853897333145 0.163751885294914 0.15606951713562 0.158718079328537 -3.4e+38 -3.4e+38 -3.4e+38 -3.4e+38 -3.4e+38 -3.4e+38 -3.4e+38 -3.4e+38 -3.4e+38 -3.4e+38 -3.4e+38 -3.4e+38
0.17287090420723 0.166189342737198 0.156611055135727 0.157355532050133 0.166939467191696 0.158052563667297 0.159861341118813 0.168788492679596 0.177052482962608 0.171610683202744 0.178100734949112 0.178058862686157 0.170558378100395 0.172005042433739 0.180401757359505 0.177320554852486 0.167516335844994 0.164693474769592 0.156312122941017 0.157520994544029 0.161776125431061 0.163400903344154 0.162188500165939 0.156022474169731 0.151378855109215 0.150158032774925 0.148588418960571 0.149850711226463 0.157289415597916 0.161297336220741 0.158971041440964 0.16133339703083 0.161370232701302 -3.4e+38 -3.4e+38 -3.4e+38 -3.4e+38 -3.4e+38 -3.4e+38 -3.4e+38 -3.4e+38 -3.4e+38 -3.4e+38 -3.4e+38 -3.4e+38
0.171061426401138 0.16453617811203 0.149831995368004 0.155405879020691 0.167637199163437 0.155853629112244 0.161550283432007 0.173166200518608 0.182239025831223 0.182557478547096 0.187914833426476 0.178692236542702 0.170372650027275 0.171567156910896 0.177238136529922 0.17346428334713 0.164843127131462 0.156196713447571 0.151153326034546 0.153472527861595 0.156543716788292 0.158156543970108 0.158208727836609 0.155538037419319 0.152587413787842 0.157632723450661 0.168507546186447 0.168346107006073 0.158507734537125 0.151761114597321 0.151946842670441 0.167868673801422 0.16327640414238 -3.4e+38 -3.4e+38 -3.4e+38 -3.4e+38 -3.4e+38 -3.4e+38 -3.4e+38 -3.4e+38 -3.4e+38 -3.4e+38 -3.4e+38 -3.4e+38
0.162209928035736 0.161395862698555 0.151905164122581 0.159437507390976 0.162372276186943 0.151048615574837 0.153467938303947 0.163915365934372 0.172825008630753 0.183035999536514 0.195616364479065 0.189531177282333 0.191715076565742 0.186637222766876 0.174501076340675 0.169638335704803 0.162333562970161 0.152870923280716 0.146931394934654 0.1436537951231 0.148574039340019 0.151039645075798 0.154338464140892 0.160649523139 0.163786992430687 0.164020419120789 0.16168911755085 0.157711282372475 0.153567790985107 0.144522994756699 0.149173974990845 0.16132128238678 0.162830293178558 -3.4e+38 -3.4e+38 -3.4e+38 -3.4e+38 -3.4e+38 -3.4e+38 -3.4e+38 -3.4e+38 -3.4e+38 -3.4e+38 -3.4e+38 -3.4e+38
0.165862381458282 0.168272271752357 0.166418194770813 0.159481912851334 0.159149661660194 0.158224150538445 0.158573433756828 0.160400912165642 0.155915856361389 0.169651716947556 0.184951797127724 0.17887844145298 0.189333707094193 0.185624554753304 0.175212234258652 0.17343832552433 0.169328987598419 0.147412344813347 0.137495785951614 0.142684102058411 0.15032422542572 0.148725420236588 0.150218367576599 0.156240552663803 0.161939293146133 0.165881082415581 0.16350057721138 0.155507296323776 0.153670907020569 0.145803585648537 0.15079228579998 0.16023850440979 0.165541842579842 0.168340593576431 -3.4e+38 -3.4e+38 -3.4e+38 -3.4e+38 -3.4e+38 -3.4e+38 -3.4e+38 -3.4e+38 -3.4e+38 -3.4e+38 -3.4e+38
0.185401871800423 0.187569364905357 0.17787292599678 0.152963876724243 0.158352345228195 0.164142787456512 0.167000457644463 0.164363339543343 0.146689355373383 0.16365310549736 0.17089955508709 0.163955733180046 0.174126863479614 0.176513075828552 0.17999279499054 0.18148972094059 0.174898535013199 0.159998938441277 0.147610425949097 0.148350283503532 0.155721560120583 0.154566913843155 0.150905251502991 0.151676416397095 0.158862292766571 0.170683845877647 0.177020892500877 0.163944512605667 0.151147827506065 0.155720993876457 0.159474223852158 0.161342173814774 0.162752404808998 0.161253705620766 -3.4e+38 -3.4e+38 -3.4e+38 -3.4e+38 -3.4e+38 -3.4e+38 -3.4e+38 -3.4e+38 -3.4e+38 -3.4e+38 -3.4e+38
0.207109063863754 0.197785943746567 0.17337954044342 0.149566099047661 0.158171474933624 0.161982983350754 0.162515386939049 0.157537370920181 0.14818899333477 0.159141063690186 0.158581987023354 0.155405029654503 0.159629881381989 0.161896154284477 0.169786736369133 0.171479642391205 0.170681357383728 0.172883793711662 0.155229136347771 0.146017268300056 0.148416593670845 0.15602271258831 0.151048228144646 0.14927639067173 0.158277973532677 0.174257948994637 0.178225338459015 0.168542936444283 0.160238713026047 0.159882664680481 0.159625232219696 0.159900367259979 0.156282335519791 0.154018774628639 -3.4e+38 -3.4e+38 -3.4e+38 -3.4e+38 -3.4e+38 -3.4e+38 -3.4e+38 -3.4e+38 -3.4e+38 -3.4e+38 -3.4e+38
0.199496641755104 0.188842117786407 0.162084713578224 0.150859326124191 0.156175032258034 0.151719823479652 0.152040585875511 0.147856891155243 0.142743691802025 0.145622983574867 0.152081325650215 0.159866616129875 0.157839521765709 0.147197529673576 0.158125281333923 0.159186273813248 0.162042126059532 0.165361255407333 0.143087685108185 0.135229006409645 0.141128480434418 0.152894377708435 0.155597016215324 0.154555439949036 0.159723356366158 0.167269259691238 0.169022142887115 0.170706063508987 0.162856996059418 0.154829099774361 0.153128325939178 0.163340017199516 0.161091834306717 0.154222145676613 -3.4e+38 -3.4e+38 -3.4e+38 -3.4e+38 -3.4e+38 -3.4e+38 -3.4e+38 -3.4e+38 -3.4e+38 -3.4e+38 -3.4e+38
0.182220235466957 0.174806043505669 0.154261201620102 0.156011089682579 0.159734398126602 0.153766393661499 0.150854259729385 0.143672004342079 0.135293737053871 0.131450057029724 0.141653746366501 0.148454934358597 0.150093898177147 0.147260546684265 0.152594894170761 0.150126174092293 0.147453635931015 0.145884171128273 0.143102675676346 0.141031965613365 0.142728850245476 0.15199901163578 0.164709150791168 0.173411071300507 0.169225305318832 0.168933302164078 0.167658373713493 0.167084902524948 0.161721408367157 0.148970454931259 0.150857344269753 0.164366722106934 0.162475049495697 0.151101633906364 0.151373103260994 -3.4e+38 -3.4e+38 -3.4e+38 -3.4e+38 -3.4e+38 -3.4e+38 -3.4e+38 -3.4e+38 -3.4e+38 -3.4e+38
0.169735252857208 0.167797043919563 0.163420215249062 0.164827525615692 0.160422995686531 0.154305815696716 0.151212394237518 0.146618649363518 0.146733164787292 0.138676702976227 0.13288027048111 0.140555396676064 0.145830824971199 0.148706555366516 0.147726953029633 0.140225738286972 0.153120711445808 0.157922342419624 0.156859636306763 0.153793498873711 0.14992293715477 0.150215223431587 0.161568358540535 0.176074385643005 0.17629911005497 0.175217032432556 0.166276946663857 0.16167339682579 0.16997241973877 0.158941775560379 0.158050805330276 0.161484181880951 0.157893806695938 0.14632074534893 0.150339245796204 -3.4e+38 -3.4e+38 -3.4e+38 -3.4e+38 -3.4e+38 -3.4e+38 -3.4e+38 -3.4e+38 -3.4e+38 -3.4e+38
0.170046329498291 0.167725890874863 0.166407495737076 0.166079595685005 0.158711656928062 0.152094006538391 0.147531971335411 0.14626632630825 0.153925195336342 0.141923636198044 0.135432243347168 0.142767429351807 0.139780178666115 0.128235936164856 0.123911380767822 0.128563344478607 0.147240683436394 0.159276336431503 0.163035318255424 0.160937204957008 0.156800493597984 0.146335914731026 0.155022472143173 0.173769325017929 0.184423729777336 0.178675293922424 0.165981009602547 0.162244752049446 0.166234761476517 0.161831766366959 0.160917207598686 0.156819820404053 0.150422155857086 0.146693244576454 0.163456737995148 0.16131928563118 -3.4e+38 -3.4e+38 -3.4e+38 -3.4e+38 -3.4e+38 -3.4e+38 -3.4e+38 -3.4e+38 -3.4e+38
