data/1_raw/trimmed_ndre/J_ndre.724.2013_no_clouds.asc
NCOLS 141 
NROWS 118 
XLLCORNER 516845 
YLLCORNER 5169015 
CELLSIZE 5 
NODATA_value -3.4e+38 
[rows 40 to 59 of 118, columns 0 to 44 of 141]
-3.4e+38 0.258480846881866 0.247862860560417 0.247858673334122 0.260932058095932 0.249255910515785 0.257824450731277 0.257824450731277 0.235482603311539 0.230199664831161 0.234148547053337 0.234148547053337 0.235475122928619 0.20643162727356 0.196873500943184 0.22422382235527 0.204014346003532 0.206917956471443 0.23051543533802 0.233120918273926 0.1977179646492 0.219469770789146 0.17921943962574 0.17801171541214 0.162621408700943 0.166854277253151 0.166850700974464 0.161540195345879 0.149564683437347 0.130213811993599 0.130211845040321 0.135015174746513 0.12958650290966 0.148640796542168 0.137700855731964 0.145813643932343 0.143811777234077 0.143996626138687 0.135938838124275 0.134562611579895 0.134119525551796 0.141245186328888 0.14020773768425 0.123152196407318 0.127188012003899
-3.4e+38 0.250732630491257 0.234314024448395 0.227342009544373 0.28151935338974 0.279716402292252 0.251429915428162 0.240277707576752 0.237088292837143 0.222647249698639 0.228645697236061 0.258026033639908 0.261194616556168 0.231173753738403 0.236838117241859 0.236838117241859 0.245206236839294 0.242707625031471 0.242747232317924 0.242744103074074 0.211886465549469 0.206566169857979 0.198671117424965 0.198671117424965 0.18673238158226 0.171317175030708 0.178423896431923 0.162920892238617 0.152399525046349 0.151592314243317 0.153021514415741 0.165198236703873 0.149218127131462 0.156091630458832 0.134840250015259 0.141599863767624 0.147251531481743 0.133959993720055 0.133959993720055 0.136578187346458 0.127959743142128 0.133003607392311 0.133003607392311 0.1347726136446 0.139375627040863
-3.4e+38 0.236675545573235 0.265938967466354 0.239403799176216 0.219322025775909 0.233260288834572 0.237678349018097 0.243172124028206 0.243172124028206 0.249412849545479 0.266180872917175 0.228308573365211 0.228308573365211 0.233192905783653 0.221549853682518 0.23560830950737 0.247617095708847 0.219090983271599 0.250744372606277 0.253848850727081 0.253848850727081 0.245912075042725 0.238076329231262 0.226639896631241 0.208437785506248 0.162585392594337 0.165477648377419 0.165477648377419 0.152933999896049 0.17246812582016 0.165198236703873 0.165198236703873 0.162362426519394 0.160297304391861 0.14935177564621 0.14935177564621 0.146503433585167 0.136071741580963 0.147029995918274 0.140817537903786 0.133679464459419 0.124064147472382 0.112397037446499 0.112397037446499 0.130360513925552
-3.4e+38 0.226894751191139 0.212474837899208 0.211018204689026 0.219446003437042 0.219446003437042 0.213524162769318 0.246046021580696 0.227150857448578 0.227150857448578 0.259525269269943 0.254477709531784 0.249183475971222 0.249183475971222 0.231659755110741 0.272874265909195 0.275766402482986 0.212367117404938 0.20621395111084 0.218503072857857 0.21825884282589 0.212927788496017 0.220764726400375 0.220561534166336 0.225399866700172 0.204633235931396 0.2087612003088 0.206068724393845 0.206068724393845 0.198066890239716 0.201863899827003 0.152169153094292 0.152169153094292 0.15253047645092 0.152983546257019 0.153653144836426 0.159341052174568 0.157034784555435 0.154031872749329 0.161271512508392 0.153090789914131 0.142341673374176 0.124410130083561 0.125106871128082 0.143017411231995
-3.4e+38 0.202120557427406 0.202120557427406 0.197316601872444 0.195291861891747 0.179566472768784 0.184018984436989 0.212756752967834 0.213665813207626 0.221230253577232 0.245143041014671 0.238747522234917 0.223517805337906 0.218161940574646 0.216452091932297 0.246744245290756 0.248791560530663 0.248791560530663 0.262084096670151 0.274499773979187 0.269830703735352 0.269830703735352 0.224917098879814 0.224726274609566 0.212427854537964 0.212427854537964 0.207692176103592 0.185377895832062 0.165283203125 0.19087478518486 0.197660654783249 0.1754489839077 0.166658610105515 0.174789562821388 0.179819375276566 0.182635545730591 0.15815994143486 0.149979963898659 0.14978900551796 0.158652618527412 0.158652618527412 0.159226715564728 0.147550776600838 0.147215977311134 0.147215977311134
-3.4e+38 0.170125082135201 0.170125082135201 0.178744971752167 0.190363883972168 0.177095487713814 0.178705513477325 0.202367916703224 0.166903838515282 0.201743498444557 0.201743498444557 0.208970189094543 0.223432824015617 0.217533335089684 0.217533335089684 0.204652354121208 0.224992379546165 0.252010434865952 0.256743788719177 0.261030435562134 0.263045877218246 0.257421642541885 0.257421642541885 0.265246838331223 0.227403104305267 0.275622844696045 0.246519476175308 0.216822743415833 0.199052318930626 0.199047610163689 0.213779449462891 0.186046212911606 0.181899502873421 0.181895732879639 0.169627413153648 0.16817469894886 0.172263264656067 0.172263264656067 0.162921890616417 0.178120285272598 0.16570870578289 0.154920116066933 0.151876837015152 0.137185126543045 0.131932497024536
-3.4e+38 0.159224852919579 0.166925936937332 0.166925936937332 0.168778777122498 0.153769388794899 0.156917363405228 0.156917363405228 0.145452111959457 0.196695625782013 0.175522908568382 0.173043042421341 0.192299827933311 0.195790573954582 0.171655625104904 0.171655625104904 0.192391455173492 0.1984573751688 0.20948837697506 0.259266346693039 0.270307004451752 0.256756156682968 0.251083821058273 0.296246826648712 0.269800066947937 0.282619088888168 0.205759763717651 0.204259976744652 0.197656720876694 0.217503100633621 0.217503100633621 0.179279401898384 0.189496472477913 0.184494122862816 0.184494122862816 0.172956958413124 0.175899997353554 0.174466997385025 0.178823307156563 0.167100697755814 0.151339784264565 0.158437684178352 0.158437684178352 0.150838658213615 0.149043753743172
-3.4e+38 0.180228859186172 0.161432683467865 0.159468472003937 0.159468472003937 0.150553002953529 0.154427751898766 0.146919474005699 0.160044819116592 0.180328324437141 0.162779718637466 0.161141023039818 0.153140962123871 0.160557925701141 0.175808966159821 0.178958535194397 0.180524200201035 0.175626635551453 0.170497789978981 0.170497789978981 0.205896034836769 0.217527106404305 0.252848774194717 0.252848774194717 0.26800137758255 0.271028757095337 0.249419331550598 0.249415218830109 0.252211302518845 0.270015507936478 0.252735108137131 0.206630364060402 0.218043819069862 0.215104311704636 0.201576545834541 0.202534154057503 0.171270698308945 0.1722282320261 0.177546933293343 0.168580397963524 0.168406367301941 0.169679805636406 0.168921783566475 0.170815795660019 0.177664026618004
-3.4e+38 0.160147592425346 0.133279055356979 0.139298975467682 0.128642693161964 0.156271666288376 0.1591457426548 0.134681835770607 0.146919474005699 0.169269219040871 0.15208038687706 0.176765233278275 0.176765233278275 0.158072367310524 0.178294718265533 0.178958535194397 0.178958535194397 0.163590937852859 0.150696724653244 0.166424632072449 0.171089053153992 0.190058708190918 0.245718017220497 0.244485557079315 0.244485557079315 0.264468967914581 0.247983142733574 0.27886226773262 0.27886226773262 0.245795026421547 0.235158324241638 0.247178122401237 0.239011272788048 0.230029121041298 0.207122966647148 0.207122966647148 0.197060152888298 0.186664029955864 0.179611369967461 0.179611369967461 0.184665605425835 0.183332145214081 0.18168693780899 0.167979463934898 0.174787163734436
-3.4e+38 0.14510178565979 0.149082079529762 0.158177509903908 0.171091452240944 0.171091452240944 0.165444657206535 0.142998427152634 0.161781296133995 0.161781296133995 0.155328795313835 0.141634225845337 0.152267634868622 0.149775564670563 0.163884505629539 0.153891205787659 0.145654395222664 0.145654395222664 0.153079763054848 0.152091443538666 0.157830357551575 0.167246147990227 0.208918809890747 0.19984595477581 0.190100595355034 0.223050534725189 0.212498754262924 0.227363929152489 0.264810830354691 0.26008740067482 0.265372663736343 0.2510726749897 0.2510726749897 0.298273980617523 0.282900393009186 0.216294050216675 0.216294050216675 0.209597483277321 0.207481071352959 0.213117316365242 0.184665605425835 0.190550997853279 0.192980214953423 0.176099330186844 0.176099330186844
-3.4e+38 0.161837309598923 0.161837309598923 0.160624295473099 0.161164328455925 0.161481246352196 0.16147768497467 0.16218538582325 0.146844297647476 0.152125358581543 0.145734488964081 0.158568695187569 0.167124167084694 0.162538796663284 0.158059701323509 0.148258656263351 0.162577509880066 0.155772775411606 0.147474035620689 0.147351294755936 0.160631895065308 0.160631895065308 0.192378595471382 0.174654215574265 0.157893612980843 0.157893612980843 0.182133808732033 0.204789012670517 0.238187313079834 0.238187313079834 0.266430765390396 0.267032891511917 0.27342614531517 0.257348746061325 0.239970192313194 0.233334302902222 0.23437662422657 0.23437662422657 0.258646547794342 0.26738178730011 0.212998285889626 0.217593550682068 0.197253257036209 0.221334382891655 0.225678160786629
-3.4e+38 0.159420669078827 0.154906734824181 0.163760811090469 0.156275391578674 0.13843260705471 0.144172787666321 0.147972285747528 0.139817416667938 0.135767415165901 0.152120605111122 0.160160437226295 0.183569222688675 0.172186568379402 0.172186568379402 0.14346918463707 0.157756075263023 0.161679342389107 0.161679342389107 0.15601572394371 0.176542416214943 0.205298915505409 0.205304354429245 0.159872025251389 0.145007878541946 0.158540576696396 0.158540576696396 0.177850052714348 0.229260817170143 0.274543255567551 0.274543255567551 0.268434315919876 0.270611613988876 0.261907249689102 0.247106418013573 0.235547244548798 0.251704216003418 0.25738912820816 0.242653578519821 0.250218629837036 0.252331733703613 0.252331733703613 0.248268887400627 0.254604756832123 0.256516247987747
-3.4e+38 0.170258015394211 0.157155498862267 0.157150700688362 0.163436487317085 0.159843355417252 0.162336871027946 0.162336871027946 0.141343951225281 0.143676161766052 0.166153684258461 0.166153684258461 0.176902532577515 0.162615433335304 0.14283162355423 0.149918988347054 0.168713614344597 0.164686471223831 0.147343099117279 0.147343099117279 0.164448440074921 0.182147964835167 0.199267908930779 0.156654566526413 0.139372974634171 0.150804445147514 0.153317615389824 0.148190304636955 0.191232666373253 0.246859088540077 0.246859088540077 0.269175142049789 0.274354487657547 0.263163417577744 0.266063064336777 0.253989338874817 0.227856755256653 0.236147448420525 0.236147448420525 0.256521224975586 0.269835770130157 0.260275065898895 0.276578575372696 0.239065125584602 0.239400893449783
-3.4e+38 0.157661885023117 0.143113300204277 0.168798595666885 0.161017075181007 0.159763187170029 0.163825452327728 0.160130620002747 0.160130620002747 0.155233293771744 0.153533801436424 0.149829372763634 0.167398914694786 0.15784564614296 0.14919114112854 0.15206503868103 0.152218207716942 0.14677669107914 0.159617453813553 0.137949571013451 0.168280825018883 0.204972848296165 0.158104807138443 0.158108502626419 0.152252554893494 0.153181567788124 0.144366815686226 0.144366815686226 0.196049198508263 0.220587313175201 0.219774514436722 0.219774514436722 0.240144714713097 0.244176596403122 0.247407004237175 0.255421787500381 0.241632416844368 0.242401316761971 0.262502759695053 0.262502759695053 0.288653314113617 0.281878292560577 0.274940222501755 0.233587056398392 0.230706185102463
-3.4e+38 0.152294397354126 0.145546793937683 0.161631613969803 0.168487280607224 0.167571231722832 0.165390700101852 0.157746583223343 0.157746583223343 0.159986689686775 0.153533801436424 0.154098838567734 0.156474217772484 0.159412726759911 0.1637272387743 0.154551148414612 0.154553264379501 0.137554883956909 0.152704298496246 0.165331333875656 0.165331333875656 0.175250753760338 0.16417184472084 0.149903982877731 0.149903982877731 0.155461937189102 0.156611815094948 0.204599678516388 0.204599678516388 0.21882851421833 0.223199307918549 0.219331085681915 0.213285207748413 0.236879914999008 0.253044486045837 0.250329494476318 0.263667494058609 0.301255196332932 0.279057323932648 0.279057323932648 0.2830990254879 0.300553232431412 0.277978956699371 0.277978956699371 0.249658867716789
-3.4e+38 0.147779554128647 0.138724729418755 0.164735466241837 0.152013033628464 0.152010545134544 0.147341430187225 0.148255199193954 0.14832404255867 0.14832404255867 0.148858994245529 0.154094219207764 0.164075657725334 0.164075657725334 0.170507043600082 0.150000303983688 0.132356524467468 0.13911634683609 0.15872249007225 0.156116500496864 0.154198616743088 0.160277798771858 0.154843345284462 0.138303607702255 0.163659527897835 0.152410715818405 0.178273007273674 0.192139595746994 0.192139595746994 0.183817356824875 0.179575353860855 0.244130596518517 0.244130596518517 0.243692815303802 0.236903816461563 0.250661849975586 0.247881799936295 0.242620036005974 0.264561742544174 0.240716516971588 0.240716516971588 0.236093938350677 0.23190912604332 0.236969515681267 0.236969515681267
-3.4e+38 0.153812870383263 0.153812870383263 0.164299875497818 0.156584486365318 0.151264384388924 0.149653300642967 0.150546386837959 0.159095585346222 0.156142637133598 0.164478838443756 0.170384794473648 0.173184186220169 0.1822210252285 0.170581385493279 0.157551482319832 0.138564959168434 0.138564959168434 0.152718484401703 0.143243744969368 0.148894295096397 0.144331574440002 0.147202685475349 0.143025159835815 0.13861671090126 0.138620257377625 0.169029384851456 0.16507875919342 0.180068626999855 0.180068626999855 0.212315902113914 0.181577205657959 0.221329808235168 0.221329808235168 0.19716876745224 0.227800562977791 0.191172793507576 0.247035875916481 0.246125414967537 0.190447255969048 0.215853035449982 0.188028544187546 0.197673156857491 0.225283801555634 0.232793897390366
-3.4e+38 0.13333261013031 0.129678979516029 0.137408256530762 0.145469814538956 0.16418981552124 0.16418981552124 0.158053785562515 0.164164826273918 0.166473045945168 0.166473045945168 0.169927462935448 0.159343406558037 0.144781321287155 0.153973996639252 0.140879616141319 0.142387613654137 0.149036034941673 0.149036034941673 0.134270593523979 0.128997683525085 0.128286778926849 0.128286778926849 0.150788486003876 0.142057687044144 0.145943939685822 0.162276223301888 0.158157348632812 0.16536457836628 0.183015644550323 0.177421674132347 0.166291996836662 0.201305091381073 0.164592027664185 0.177227437496185 0.20443095266819 0.195646375417709 0.195646375417709 0.197351828217506 0.172352179884911 0.162073135375977 0.162073135375977 0.180002123117447 0.212699443101883 0.197997182607651
-3.4e+38 0.14717872440815 0.148456856608391 0.148456856608391 0.161053195595741 0.168639689683914 0.158831834793091 0.158831834793091 0.156563714146614 0.16148054599762 0.152039378881454 0.152039378881454 0.169778823852539 0.152396872639656 0.144855916500092 0.144855916500092 0.143931657075882 0.144509196281433 0.138891264796257 0.138819590210915 0.1335369348526 0.133865207433701 0.165584996342659 0.16801430284977 0.153251394629478 0.150460660457611 0.14441479742527 0.15511466562748 0.164760857820511 0.164903610944748 0.164903610944748 0.185183495283127 0.201305091381073 0.186320915818214 0.186320915818214 0.195419654250145 0.184896066784859 0.15691451728344 0.149317905306816 0.141996249556541 0.157534912228584 0.17035773396492 0.17035773396492 0.178246706724167 0.17748586833477
-3.4e+38 0.162371814250946 0.146239504218102 0.146168485283852 0.156572371721268 0.152680367231369 0.167459473013878 0.170778065919876 0.174566701054573 0.143553853034973 0.153444677591324 0.153444677591324 0.155420482158661 0.158971413969994 0.157420203089714 0.138177007436752 0.141729727387428 0.136890426278114 0.136801719665527 0.136801719665527 0.130886986851692 0.159475758671761 0.170303896069527 0.170303896069527 0.159291326999664 0.153494581580162 0.152072161436081 0.152072161436081 0.171216771006584 0.189215317368507 0.19381108880043 0.179270163178444 0.176683485507965 0.18915644288063 0.190428152680397 0.190428152680397 0.173300474882126 0.150159403681755 0.151348724961281 0.151202812790871 0.144611716270447 0.14564448595047 0.157926097512245 0.153371497988701 0.172722518444061
