data/1_raw/trimmed_ndre/J_ndre.619.2014_no_clouds.asc
NCOLS 141 
NROWS 118 
XLLCORNER 516845 
YLLCORNER 5169015 
CELLSIZE 5 
NODATA_value -3.4e+38 
[rows 20 to 39 of 118, columns 0 to 44 of 141]
-3.4e+38 -3.4e+38 -3.4e+38 -3.4e+38 -3.4e+38 -3.4e+38 -3.4e+38 -3.4e+38 -3.4e+38 -3.4e+38 -3.4e+38 -3.4e+38 -3.4e+38 -3.4e+38 -3.4e+38 -3.4e+38 -3.4e+38 -3.4e+38 -3.4e+38 -3.4e+38 -3.4e+38 -3.4e+38 -3.4e+38 -3.4e+38 -3.4e+38 -3.4e+38 -3.4e+38 -3.4e+38 -3.4e+38 -3.4e+38 -3.4e+38 -3.4e+38 -3.4e+38 -3.4e+38 -3.4e+38 -3.4e+38 0.197591349482536 0.204836815595627 0.206279933452606 0.211528778076172 0.21578386425972 0.212549671530724 0.211284473538399 0.203187197446823 0.194914132356644
-3.4e+38 -3.4e+38 -3.4e+38 -3.4e+38 -3.4e+38 -3.4e+38 -3.4e+38 -3.4e+38 -3.4e+38 -3.4e+38 -3.4e+38 -3.4e+38 -3.4e+38 -3.4e+38 -3.4e+38 -3.4e+38 -3.4e+38 -3.4e+38 -3.4e+38 -3.4e+38 -3.4e+38 -3.4e+38 -3.4e+38 -3.4e+38 -3.4e+38 -3.4e+38 -3.4e+38 -3.4e+38 -3.4e+38 -3.4e+38 -3.4e+38 -3.4e+38 -3.4e+38 -3.4e+38 -3.4e+38 0.199871495366096 0.199038565158844 0.209034219384193 0.209721446037292 0.203528270125389 0.204845145344734 0.214170813560486 0.224172577261925 0.225157156586647 0.216584920883179
-3.4e+38 -3.4e+38 -3.4e+38 -3.4e+38 -3.4e+38 -3.4e+38 -3.4e+38 -3.4e+38 -3.4e+38 -3.4e+38 -3.4e+38 -3.4e+38 -3.4e+38 -3.4e+38 -3.4e+38 -3.4e+38 -3.4e+38 -3.4e+38 -3.4e+38 -3.4e+38 -3.4e+38 -3.4e+38 -3.4e+38 -3.4e+38 -3.4e+38 -3.4e+38 -3.4e+38 -3.4e+38 -3.4e+38 -3.4e+38 -3.4e+38 -3.4e+38 -3.4e+38 -3.4e+38 0.193046376109123 0.188738122582436 0.184737339615822 0.190260484814644 0.191369146108627 0.183510661125183 0.17548206448555 0.193960875272751 0.21666045486927 0.241561159491539 0.232754841446877
-3.4e+38 -3.4e+38 -3.4e+38 -3.4e+38 -3.4e+38 -3.4e+38 -3.4e+38 -3.4e+38 -3.4e+38 -3.4e+38 -3.4e+38 -3.4e+38 -3.4e+38 -3.4e+38 -3.4e+38 -3.4e+38 -3.4e+38 -3.4e+38 -3.4e+38 -3.4e+38 -3.4e+38 -3.4e+38 -3.4e+38 -3.4e+38 -3.4e+38 -3.4e+38 -3.4e+38 -3.4e+38 -3.4e+38 -3.4e+38 -3.4e+38 -3.4e+38 -3.4e+38 0.173266306519508 0.180341705679893 0.174465164542198 0.165915876626968 0.164277702569962 0.169695571064949 0.184139162302017 0.191387608647346 0.198566943407059 0.198217466473579 0.208573222160339 0.207291528582573
-3.4e+38 -3.4e+38 -3.4e+38 -3.4e+38 -3.4e+38 -3.4e+38 -3.4e+38 -3.4e+38 -3.4e+38 -3.4e+38 -3.4e+38 -3.4e+38 -3.4e+38 -3.4e+38 -3.4e+38 -3.4e+38 -3.4e+38 -3.4e+38 -3.4e+38 -3.4e+38 -3.4e+38 -3.4e+38 -3.4e+38 -3.4e+38 -3.4e+38 -3.4e+38 -3.4e+38 -3.4e+38 -3.4e+38 -3.4e+38 -3.4e+38 0.184648215770721 0.192147761583328 0.189817607402802 0.188313513994217 0.183617025613785 0.181210190057755 0.180722549557686 0.1809351593256 0.180510148406029 0.190168768167496 0.192062303423882 0.180743902921677 0.175054013729095 0.177264496684074
-3.4e+38 -3.4e+38 -3.4e+38 -3.4e+38 -3.4e+38 -3.4e+38 -3.4e+38 -3.4e+38 -3.4e+38 -3.4e+38 -3.4e+38 -3.4e+38 -3.4e+38 -3.4e+38 -3.4e+38 -3.4e+38 -3.4e+38 -3.4e+38 -3.4e+38 -3.4e+38 -3.4e+38 -3.4e+38 -3.4e+38 -3.4e+38 -3.4e+38 -3.4e+38 -3.4e+38 -3.4e+38 -3.4e+38 -3.4e+38 0.197104349732399 0.188004955649376 0.190342336893082 0.19571940600872 0.192971423268318 0.181992083787918 0.173176884651184 0.171155661344528 0.173121422529221 0.16673968732357 0.162806674838066 0.157720640301704 0.166779562830925 0.184243157505989 0.183552592992783
-3.4e+38 -3.4e+38 -3.4e+38 -3.4e+38 -3.4e+38 -3.4e+38 -3.4e+38 -3.4e+38 -3.4e+38 -3.4e+38 -3.4e+38 -3.4e+38 -3.4e+38 -3.4e+38 -3.4e+38 -3.4e+38 -3.4e+38 -3.4e+38 -3.4e+38 -3.4e+38 -3.4e+38 -3.4e+38 -3.4e+38 -3.4e+38 -3.4e+38 -3.4e+38 -3.4e+38 -3.4e+38 -3.4e+38 0.207824438810349 0.200916394591331 0.18995888531208 0.188488677144051 0.196591764688492 0.189797595143318 0.178724706172943 0.165884897112846 0.168268352746964 0.178247064352036 0.18324339389801 0.182019993662834 0.178813993930817 0.173700094223022 0.193469673395157 0.205360233783722
-3.4e+38 -3.4e+38 -3.4e+38 -3.4e+38 -3.4e+38 -3.4e+38 -3.4e+38 -3.4e+38 -3.4e+38 -3.4e+38 -3.4e+38 -3.4e+38 -3.4e+38 -3.4e+38 -3.4e+38 -3.4e+38 -3.4e+38 -3.4e+38 -3.4e+38 -3.4e+38 -3.4e+38 -3.4e+38 -3.4e+38 -3.4e+38 -3.4e+38 -3.4e+38 0.202652975916862 0.211747169494629 0.206624239683151 0.210805207490921 0.203016832470894 0.209270387887955 0.219624742865562 0.218298017978668 0.210502833127975 0.20494033396244 0.201585501432419 0.199556693434715 0.198292315006256 0.189181074500084 0.191788107156754 0.199832543730736 0.188496336340904 0.197664856910706 0.213415145874023
-3.4e+38 -3.4e+38 -3.4e+38 -3.4e+38 -3.4e+38 -3.4e+38 -3.4e+38 -3.4e+38 -3.4e+38 -3.4e+38 -3.4e+38 -3.4e+38 -3.4e+38 -3.4e+38 -3.4e+38 -3.4e+38 -3.4e+38 -3.4e+38 -3.4e+38 -3.4e+38 -3.4e+38 -3.4e+38 -3.4e+38 0.185090720653534 0.182036384940147 0.189953863620758 0.197914004325867 0.201393246650696 0.199441283941269 0.204435035586357 0.205137252807617 0.208288267254829 0.21468910574913 0.216641083359718 0.21839351952076 0.22245354950428 0.23431034386158 0.238013982772827 0.227934688329697 0.205975368618965 0.201984316110611 0.210173726081848 0.210368856787682 0.211208760738373 0.210178583860397
-3.4e+38 -3.4e+38 -3.4e+38 -3.4e+38 -3.4e+38 -3.4e+38 -3.4e+38 -3.4e+38 -3.4e+38 -3.4e+38 -3.4e+38 -3.4e+38 -3.4e+38 -3.4e+38 -3.4e+38 -3.4e+38 -3.4e+38 -3.4e+38 -3.4e+38 0.182222500443459 0.208278506994247 0.208410933613777 0.190259575843811 0.179328262805939 0.186186492443085 0.192519173026085 0.191092312335968 0.191408857703209 0.18908266723156 0.197155505418777 0.200886458158493 0.201401010155678 0.202733397483826 0.20787838101387 0.210256829857826 0.206543102860451 0.212792947888374 0.225757136940956 0.221866846084595 0.205644175410271 0.202082842588425 0.202957853674889 0.205812633037567 0.203414052724838 0.197657644748688
-3.4e+38 -3.4e+38 -3.4e+38 -3.4e+38 -3.4e+38 -3.4e+38 -3.4e+38 -3.4e+38 -3.4e+38 -3.4e+38 -3.4e+38 -3.4e+38 -3.4e+38 -3.4e+38 -3.4e+38 -3.4e+38 0.228805437684059 0.24428653717041 0.233135595917702 0.214049205183983 0.214138016104698 0.20068222284317 0.192469894886017 0.188850983977318 0.193503335118294 0.196882367134094 0.189788445830345 0.192457363009453 0.188538566231728 0.191151693463326 0.202061295509338 0.20857846736908 0.200959831476212 0.208303853869438 0.225098267197609 0.221934601664543 0.211330577731133 0.210512757301331 0.20923587679863 0.205164924263954 0.208048895001411 0.200187236070633 0.199559137225151 0.201172366738319 0.196124061942101
-3.4e+38 -3.4e+38 -3.4e+38 -3.4e+38 -3.4e+38 -3.4e+38 -3.4e+38 -3.4e+38 -3.4e+38 -3.4e+38 -3.4e+38 -3.4e+38 -3.4e+38 0.190075576305389 0.217221587896347 0.212765216827393 0.209848463535309 0.22275984287262 0.241636142134666 0.214859336614609 0.186762943863869 0.179439127445221 0.185082703828812 0.195302903652191 0.194441124796867 0.202167704701424 0.186496943235397 0.187833309173584 0.197698935866356 0.194322809576988 0.206096887588501 0.214364409446716 0.198126554489136 0.20392894744873 0.214016169309616 0.212755233049393 0.205887392163277 0.209439843893051 0.210933923721313 0.211148485541344 0.213007256388664 0.194433182477951 0.198829844594002 0.209505394101143 0.204796403646469
-3.4e+38 -3.4e+38 -3.4e+38 -3.4e+38 -3.4e+38 -3.4e+38 -3.4e+38 -3.4e+38 -3.4e+38 -3.4e+38 -3.4e+38 -3.4e+38 0.16329200565815 0.149416625499725 0.179469406604767 0.200551345944405 0.194318160414696 0.186590805649757 0.202714011073112 0.201555013656616 0.186144381761551 0.180755838751793 0.187509417533875 0.190574303269386 0.190008655190468 0.199907526373863 0.18384712934494 0.189913585782051 0.207324832677841 0.196881860494614 0.193913385272026 0.194609388709068 0.178305312991142 0.185379892587662 0.194593235850334 0.195815488696098 0.200410187244415 0.207772970199585 0.210724726319313 0.207553386688232 0.20017221570015 0.187623217701912 0.19636107981205 0.201166406273842 0.197909593582153
-3.4e+38 -3.4e+38 -3.4e+38 -3.4e+38 -3.4e+38 -3.4e+38 -3.4e+38 -3.4e+38 -3.4e+38 -3.4e+38 0.169160544872284 0.187321707606316 0.189339801669121 0.163737595081329 0.161740332841873 0.194810852408409 0.201149195432663 0.179796740412712 0.183793172240257 0.189453706145287 0.185350939631462 0.188908696174622 0.19355620443821 0.185473561286926 0.180600628256798 0.185851484537125 0.175309389829636 0.190958559513092 0.206094309687614 0.195688992738724 0.192883148789406 0.189742222428322 0.183401823043823 0.188913822174072 0.193932369351387 0.193578749895096 0.197442188858986 0.197471365332603 0.194906324148178 0.1982451826334 0.189018592238426 0.187875673174858 0.194997623562813 0.18833027780056 0.191083818674088
-3.4e+38 -3.4e+38 -3.4e+38 -3.4e+38 -3.4e+38 -3.4e+38 -3.4e+38 -3.4e+38 -3.4e+38 0.197855353355408 0.182881981134415 0.194371983408928 0.205350264906883 0.19249002635479 0.173333272337914 0.199541434645653 0.21500563621521 0.191772773861885 0.173496887087822 0.181211337447166 0.182956874370575 0.18981859087944 0.191328093409538 0.182590171694756 0.181083396077156 0.186086371541023 0.190134674310684 0.201565653085709 0.20168824493885 0.191289395093918 0.189283192157745 0.196600928902626 0.206281036138535 0.208011344075203 0.195685222744942 0.184914857149124 0.185692086815834 0.186799690127373 0.188378110527992 0.202315121889114 0.193891704082489 0.197590962052345 0.204007655382156 0.19119818508625 0.191276386380196
-3.4e+38 -3.4e+38 -3.4e+38 -3.4e+38 -3.4e+38 -3.4e+38 -3.4e+38 -3.4e+38 0.199327036738396 0.187175914645195 0.185724973678589 0.18424466252327 0.182870283722878 0.182308122515678 0.17413005232811 0.187843143939972 0.202887773513794 0.193326562643051 0.168671354651451 0.17567677795887 0.186766445636749 0.184919223189354 0.184188634157181 0.19367128610611 0.194561183452606 0.19779734313488 0.20971654355526 0.226788565516472 0.218387067317963 0.201418355107307 0.199308156967163 0.215844795107841 0.220615923404694 0.199444502592087 0.179375022649765 0.175063744187355 0.18291799724102 0.188562378287315 0.1988315731287 0.204326614737511 0.197205081582069 0.201241448521614 0.200986489653587 0.197605103254318 0.194828793406487
-3.4e+38 -3.4e+38 -3.4e+38 -3.4e+38 -3.4e+38 -3.4e+38 0.2032300978899 0.173171639442444 0.17401011288166 0.174478754401207 0.1766537129879 0.171178087592125 0.168384328484535 0.179627850651741 0.193488925695419 0.186695128679276 0.178305596113205 0.191467478871346 0.188237905502319 0.182695358991623 0.186903953552246 0.179634734988213 0.181966125965118 0.195343285799026 0.196795135736465 0.190364360809326 0.200789824128151 0.242926374077797 0.236719787120819 0.21978397667408 0.221245959401131 0.211366325616837 0.199735745787621 0.189955607056618 0.180853873491287 0.19363497197628 0.20990389585495 0.209759056568146 0.20244799554348 0.193234488368034 0.188130095601082 0.19748118519783 0.193537980318069 0.198629930615425 0.196189969778061
-3.4e+38 -3.4e+38 -3.4e+38 -3.4e+38 -3.4e+38 0.194905206561089 0.194847851991653 0.17632183432579 0.184058725833893 0.193605616688728 0.198121726512909 0.196897774934769 0.193340882658958 0.195815294981003 0.214652955532074 0.206590071320534 0.185759752988815 0.201615795493126 0.206262990832329 0.193002969026566 0.179885655641556 0.175624653697014 0.183148935437202 0.18557171523571 0.19059807062149 0.192791923880577 0.196668192744255 0.221792712807655 0.218182519078255 0.207465246319771 0.203531354665756 0.197862565517426 0.190891236066818 0.204055413603783 0.204708904027939 0.211812824010849 0.215875387191772 0.20524987578392 0.192433312535286 0.188980281352997 0.198600575327873 0.213789477944374 0.207706153392792 0.198917374014854 0.194799914956093
-3.4e+38 -3.4e+38 -3.4e+38 -3.4e+38 0.35030061006546 0.282154947519302 0.249326393008232 0.227593913674355 0.206832811236382 0.201718956232071 0.196940019726753 0.203447714447975 0.214252561330795 0.211414963006973 0.218457564711571 0.214200422167778 0.196571484208107 0.192677214741707 0.197515651583672 0.191578671336174 0.176640883088112 0.178185239434242 0.188325643539429 0.184756577014923 0.189159765839577 0.20126935839653 0.202683553099632 0.204946607351303 0.222426056861877 0.226888537406921 0.202161520719528 0.195013582706451 0.197456076741219 0.203347817063332 0.199789330363274 0.185832813382149 0.179892525076866 0.18433153629303 0.189327895641327 0.208834514021873 0.222403332591057 0.211578354239464 0.202059507369995 0.20901383459568 0.207648813724518
-3.4e+38 -3.4e+38 0.477205455303192 0.490711212158203 0.459016412496567 0.401679307222366 0.349435716867447 0.31170067191124 0.29660701751709 0.286684632301331 0.279476970434189 0.280084520578384 0.263698995113373 0.226093754172325 0.191303253173828 0.177147805690765 0.183850765228271 0.190578266978264 0.197707116603851 0.191984727978706 0.181051060557365 0.196468815207481 0.200526863336563 0.182525053620338 0.185988530516624 0.190390214323997 0.196492537856102 0.205562725663185 0.23203718662262 0.2345831990242 0.197308465838432 0.181421637535095 0.182717904448509 0.193847507238388 0.193035155534744 0.182412624359131 0.167736560106277 0.177116140723228 0.190908446907997 0.193823769688606 0.200911179184914 0.194630995392799 0.191278085112572 0.224871322512627 0.233335986733437
