data/1_raw/trimmed_ndre/J_ndre.68.2015_no_clouds.asc
NCOLS 141 
NROWS 118 
XLLCORNER 516845 
YLLCORNER 5169015 
CELLSIZE 5 
NODATA_value -3.4e+38 
[rows 60 to 79 of 118, columns 0 to 44 of 141]
-3.4e+38 0.57459831237793 0.582919836044312 0.587099313735962 0.599348604679108 0.620773136615753 0.622404396533966 0.611958026885986 0.606717705726624 0.613847434520721 0.593702971935272 0.609061539173126 0.623954474925995 0.605358958244324 0.589804828166962 0.568315744400024 0.539138793945312 0.504428744316101 0.501546382904053 0.527305543422699 0.575334370136261 0.621859014034271 0.640849828720093 0.641924202442169 0.630241751670837 0.606762230396271 0.581961631774902 0.559303939342499 0.562626719474792 0.587370634078979 0.57398784160614 0.541755735874176 0.530803918838501 0.537731468677521 0.543534159660339 0.545041561126709 0.561469614505768 0.580581843852997 0.573808372020721 0.551156282424927 0.542963624000549 0.567749440670013 0.595673859119415 0.609366655349731 0.60174560546875
-3.4e+38 0.584155321121216 0.579291820526123 0.581656157970428 0.607564270496368 0.62973427772522 0.627939939498901 0.610265493392944 0.608709037303925 0.608407974243164 0.591141879558563 0.606046497821808 0.609929978847504 0.593904078006744 0.575356602668762 0.553008556365967 0.530149519443512 0.516291379928589 0.539903163909912 0.578090786933899 0.619814813137054 0.6546990275383 0.658953130245209 0.644343018531799 0.614618957042694 0.577694714069366 0.568685352802277 0.561765909194946 0.559508919715881 0.56316739320755 0.565453231334686 0.556727468967438 0.551374852657318 0.556991636753082 0.565867364406586 0.587254643440247 0.607410907745361 0.61094331741333 0.586055278778076 0.562497079372406 0.55280476808548 0.572344660758972 0.599436223506927 0.631982147693634 0.646703660488129
-3.4e+38 0.58857387304306 0.578631639480591 0.580193042755127 0.614745199680328 0.631842315196991 0.625413000583649 0.603053331375122 0.605857849121094 0.611027538776398 0.601227223873138 0.585655033588409 0.583856523036957 0.576328217983246 0.561823308467865 0.544094979763031 0.543890535831451 0.557607769966125 0.589834213256836 0.625311732292175 0.650038599967957 0.658653020858765 0.647764980792999 0.628584563732147 0.59205687046051 0.564082145690918 0.579852223396301 0.584033846855164 0.568137109279633 0.550626337528229 0.555221438407898 0.557428956031799 0.57154643535614 0.592484474182129 0.597349882125854 0.620945692062378 0.635316014289856 0.628580510616302 0.597747981548309 0.585667312145233 0.58562695980072 0.590192854404449 0.590542256832123 0.635268688201904 0.665385842323303
-3.4e+38 0.587518155574799 0.578243136405945 0.582449078559875 0.613038063049316 0.623777806758881 0.611814677715302 0.59228104352951 0.597344815731049 0.611503064632416 0.594353973865509 0.557318806648254 0.552994847297668 0.551436543464661 0.552036225795746 0.555412292480469 0.573540389537811 0.598969638347626 0.623954892158508 0.636462867259979 0.633267104625702 0.626413285732269 0.618781805038452 0.611908853054047 0.576628088951111 0.555266261100769 0.562574863433838 0.577426731586456 0.56853324174881 0.55824613571167 0.556022346019745 0.54831999540329 0.562007248401642 0.578303396701813 0.587524354457855 0.620894253253937 0.638787508010864 0.635072886943817 0.612709403038025 0.592858910560608 0.577208697795868 0.571793973445892 0.571977972984314 0.618570744991302 0.646726191043854
-3.4e+38 0.584995031356812 0.582549452781677 0.585225403308868 0.599967241287231 0.60925155878067 0.599811434745789 0.586951196193695 0.58715409040451 0.601673781871796 0.574843525886536 0.544390141963959 0.54047554731369 0.55201643705368 0.57197892665863 0.588662207126617 0.603218913078308 0.621833503246307 0.63584315776825 0.637022495269775 0.617104291915894 0.591686606407166 0.592872679233551 0.606877863407135 0.590807557106018 0.588034749031067 0.592820823192596 0.597617089748383 0.585611164569855 0.589441359043121 0.593330979347229 0.582216382026672 0.570311963558197 0.564564406871796 0.573317766189575 0.604214787483215 0.62679797410965 0.636532723903656 0.624126136302948 0.591249644756317 0.551412165164948 0.542829096317291 0.558716833591461 0.587666988372803 0.607810378074646
-3.4e+38 0.58218389749527 0.585697174072266 0.581097483634949 0.582577347755432 0.593299746513367 0.598438084125519 0.584086418151855 0.574535727500916 0.577880084514618 0.56106698513031 0.550298988819122 0.55550092458725 0.579060256481171 0.609801232814789 0.622633576393127 0.626156389713287 0.636935770511627 0.645068824291229 0.636959195137024 0.607824563980103 0.566487729549408 0.582989931106567 0.61270946264267 0.621867001056671 0.631695508956909 0.632322013378143 0.625047981739044 0.608584105968475 0.608654618263245 0.600044369697571 0.590914487838745 0.585404813289642 0.568900346755981 0.575460970401764 0.599456608295441 0.617438614368439 0.632983148097992 0.624447584152222 0.58566689491272 0.52801501750946 0.520845353603363 0.552106916904449 0.587622284889221 0.586184203624725
-3.4e+38 0.571121156215668 0.572063863277435 0.576421737670898 0.582797348499298 0.591963410377502 0.599938035011292 0.577492713928223 0.553919911384583 0.538574934005737 0.533017575740814 0.551559567451477 0.581605732440948 0.61478978395462 0.639673829078674 0.633996903896332 0.631172895431519 0.637542307376862 0.641154110431671 0.627787053585052 0.598167717456818 0.561991572380066 0.582724034786224 0.605618119239807 0.627462267875671 0.649811387062073 0.651257455348969 0.631800472736359 0.607283592224121 0.602766036987305 0.592294633388519 0.589744329452515 0.598235845565796 0.591728508472443 0.59452885389328 0.60092967748642 0.610998809337616 0.629488170146942 0.624831557273865 0.583290040493011 0.52607798576355 0.511577308177948 0.553009748458862 0.585346341133118 0.57712322473526
-3.4e+38 0.555279016494751 0.558982729911804 0.568437278270721 0.581115782260895 0.591879427433014 0.590305149555206 0.568221211433411 0.552174687385559 0.525952517986298 0.518872499465942 0.560295462608337 0.605604529380798 0.6395383477211 0.653811514377594 0.632347226142883 0.631520509719849 0.632131814956665 0.622318029403687 0.594310700893402 0.58282333612442 0.577064692974091 0.586991429328918 0.592261850833893 0.611607849597931 0.631426215171814 0.634109675884247 0.619972944259644 0.608953893184662 0.604681789875031 0.594350159168243 0.573075532913208 0.568370342254639 0.573684453964233 0.580301940441132 0.587026655673981 0.604639410972595 0.628876447677612 0.632983088493347 0.586664795875549 0.534456551074982 0.514256715774536 0.54635614156723 0.573346674442291 0.585458040237427
-3.4e+38 0.559977948665619 0.557547807693481 0.560630798339844 0.571785688400269 0.585558414459229 0.582236588001251 0.565687716007233 0.552791118621826 0.529926598072052 0.532944083213806 0.578270375728607 0.624704778194427 0.642917990684509 0.652273058891296 0.646774530410767 0.637384355068207 0.625480532646179 0.597269415855408 0.547452867031097 0.562929391860962 0.570142447948456 0.569121181964874 0.57136058807373 0.606095552444458 0.635822713375092 0.64211368560791 0.624383151531219 0.615966737270355 0.615940034389496 0.608129978179932 0.555901765823364 0.550650000572205 0.559570848941803 0.563238084316254 0.568231463432312 0.598363399505615 0.630545258522034 0.639078378677368 0.590519726276398 0.547450125217438 0.523415744304657 0.527126789093018 0.557008624076843 0.589799582958221
-3.4e+38 0.5782151222229 0.56345146894455 0.558482050895691 0.565222918987274 0.582304954528809 0.57942533493042 0.56391829252243 0.552481293678284 0.560295760631561 0.572477340698242 0.599302709102631 0.631214797496796 0.626843154430389 0.645983159542084 0.664199411869049 0.639929473400116 0.605531513690948 0.56806081533432 0.532273232936859 0.545074045658112 0.538512945175171 0.521480023860931 0.517421960830688 0.562859773635864 0.611559212207794 0.634913384914398 0.628187000751495 0.613009691238403 0.5954869389534 0.585588693618774 0.569122612476349 0.563575863838196 0.55954909324646 0.554589033126831 0.554648518562317 0.585647523403168 0.619396567344666 0.628472864627838 0.591764628887177 0.563483536243439 0.53967821598053 0.534730076789856 0.554559707641602 0.578573644161224
-3.4e+38 0.593700289726257 0.57206654548645 0.565738260746002 0.573172390460968 0.586141645908356 0.581588447093964 0.560810625553131 0.562935471534729 0.600972056388855 0.600615084171295 0.615562856197357 0.627332508563995 0.604729831218719 0.614297330379486 0.629460513591766 0.624403655529022 0.600079715251923 0.570773422718048 0.548121690750122 0.536024630069733 0.524485290050507 0.515080511569977 0.51360422372818 0.53683477640152 0.577644467353821 0.610010623931885 0.619877278804779 0.611494719982147 0.587244689464569 0.577549755573273 0.579900622367859 0.576248228549957 0.567484080791473 0.549221575260162 0.540425419807434 0.562776386737823 0.596887528896332 0.606668829917908 0.59313952922821 0.587898194789886 0.565080881118774 0.555085062980652 0.560560882091522 0.56630665063858
-3.4e+38 0.588749527931213 0.580798506736755 0.57927942276001 0.583553075790405 0.589470326900482 0.585941433906555 0.569194078445435 0.597716212272644 0.634004652500153 0.619812190532684 0.624724090099335 0.617727160453796 0.587327897548676 0.567111551761627 0.606945931911469 0.633723855018616 0.626153647899628 0.597152471542358 0.589785873889923 0.574052691459656 0.540003955364227 0.51249486207962 0.506035089492798 0.518705606460571 0.546132564544678 0.582604050636292 0.600872457027435 0.602473855018616 0.588683664798737 0.575637340545654 0.565653860569 0.562711715698242 0.560272574424744 0.533468127250671 0.522579550743103 0.537703275680542 0.569743394851685 0.58324009180069 0.59787654876709 0.60688304901123 0.577492952346802 0.573061883449554 0.57448822259903 0.575850248336792
-3.4e+38 0.589350998401642 0.596722781658173 0.593286514282227 0.587245404720306 0.587057590484619 0.591638326644897 0.597557187080383 0.637106835842133 0.652563750743866 0.633431375026703 0.619467437267303 0.605890929698944 0.575456202030182 0.549655079841614 0.614132046699524 0.65620481967926 0.657789587974548 0.623688459396362 0.62946629524231 0.610122442245483 0.56750214099884 0.520827054977417 0.498882979154587 0.509423971176147 0.5403972864151 0.573465406894684 0.580361187458038 0.582732260227203 0.583609759807587 0.577242255210876 0.548574030399323 0.53035581111908 0.525938808917999 0.509207010269165 0.502106249332428 0.516669094562531 0.545269846916199 0.556500434875488 0.58622419834137 0.599757969379425 0.580365478992462 0.582894027233124 0.593726456165314 0.603040635585785
-3.4e+38 0.607662856578827 0.612391531467438 0.601795136928558 0.588364779949188 0.588651776313782 0.605027258396149 0.629312455654144 0.659508287906647 0.660383939743042 0.633637368679047 0.597203314304352 0.58362340927124 0.556775152683258 0.555587470531464 0.619030058383942 0.651500642299652 0.658449053764343 0.642917454242706 0.633973896503448 0.621590375900269 0.59326046705246 0.556385278701782 0.533263266086578 0.536131262779236 0.550279974937439 0.563251078128815 0.555240035057068 0.545047640800476 0.539338886737823 0.535610914230347 0.510695695877075 0.497290074825287 0.491895437240601 0.488135606050491 0.47976878285408 0.486970275640488 0.51386284828186 0.546075761318207 0.584641516208649 0.59097945690155 0.578573763370514 0.570643305778503 0.585343480110168 0.607646465301514
-3.4e+38 0.628442525863647 0.619731545448303 0.604695498943329 0.593520879745483 0.598160743713379 0.622616231441498 0.648381292819977 0.66182005405426 0.659963488578796 0.623203694820404 0.57889598608017 0.560224711894989 0.544459462165833 0.557618677616119 0.590078592300415 0.606276333332062 0.642202377319336 0.640712976455688 0.619060933589935 0.613598525524139 0.603727340698242 0.58558464050293 0.564886033535004 0.559173047542572 0.556959509849548 0.549777865409851 0.533773362636566 0.516385018825531 0.504543900489807 0.498084366321564 0.487947374582291 0.482891947031021 0.47735059261322 0.469280451536179 0.461744278669357 0.476035714149475 0.512077748775482 0.556720674037933 0.597330033779144 0.599937081336975 0.57569408416748 0.558043479919434 0.573192417621613 0.6043421626091
-3.4e+38 0.635470032691956 0.615256309509277 0.601804137229919 0.600064873695374 0.61203134059906 0.634444236755371 0.653032302856445 0.65922886133194 0.65125846862793 0.610150992870331 0.566196382045746 0.543193876743317 0.544497549533844 0.553997576236725 0.555672407150269 0.566688299179077 0.626362085342407 0.626187264919281 0.609225809574127 0.597757816314697 0.58381575345993 0.571758925914764 0.566763460636139 0.567337930202484 0.560510814189911 0.540501058101654 0.518312036991119 0.502879440784454 0.500063836574554 0.494895339012146 0.495629489421844 0.502040982246399 0.504871845245361 0.499345570802689 0.497889906167984 0.514772474765778 0.543057441711426 0.568003535270691 0.587116062641144 0.594170033931732 0.567186057567596 0.554541647434235 0.567857623100281 0.597617864608765
-3.4e+38 0.636134147644043 0.608727812767029 0.604024350643158 0.60916268825531 0.624840080738068 0.64386785030365 0.664902806282043 0.6552414894104 0.631966829299927 0.600438117980957 0.55542403459549 0.543771207332611 0.556804001331329 0.556553959846497 0.538587331771851 0.55434662103653 0.606974124908447 0.607847571372986 0.595071375370026 0.581421852111816 0.569181144237518 0.554944276809692 0.555698812007904 0.567335844039917 0.574276149272919 0.558220863342285 0.536391854286194 0.525909304618835 0.534855902194977 0.525688409805298 0.529950678348541 0.546204268932343 0.562362849712372 0.556689500808716 0.560505092144012 0.578078985214233 0.591091275215149 0.58313250541687 0.58430153131485 0.589351773262024 0.567971229553223 0.564660966396332 0.57558536529541 0.594918608665466
-3.4e+38 0.628877460956573 0.606413722038269 0.615160226821899 0.613270342350006 0.624457597732544 0.642899930477142 0.661572515964508 0.639065384864807 0.612050831317902 0.58680933713913 0.525234878063202 0.520641386508942 0.545338749885559 0.562842726707458 0.554701805114746 0.564886510372162 0.581052303314209 0.574986040592194 0.577240705490112 0.580361425876617 0.575323522090912 0.562430083751678 0.556614995002747 0.557525813579559 0.562509059906006 0.561891496181488 0.559596240520477 0.569203615188599 0.579878985881805 0.561178386211395 0.561140656471252 0.581892251968384 0.604975163936615 0.600517332553864 0.596981883049011 0.599558055400848 0.604353606700897 0.59555721282959 0.587861895561218 0.586391627788544 0.580450892448425 0.582082688808441 0.585513353347778 0.589982330799103
-3.4e+38 0.619285643100739 0.610330283641815 0.615826010704041 0.599543273448944 0.607312142848969 0.625884830951691 0.639291405677795 0.626304507255554 0.602096974849701 0.563978791236877 0.515067040920258 0.513569295406342 0.539011359214783 0.576977431774139 0.603793203830719 0.586667060852051 0.58074688911438 0.576318323612213 0.57956063747406 0.596462249755859 0.598162174224854 0.57658976316452 0.540806591510773 0.514285147190094 0.51841402053833 0.540260970592499 0.562856495380402 0.576688528060913 0.583077073097229 0.577867686748505 0.579192519187927 0.594925880432129 0.603867709636688 0.591066300868988 0.57768839597702 0.583447456359863 0.595732986927032 0.601032733917236 0.586131453514099 0.584272980690002 0.584350109100342 0.5815110206604 0.577638804912567 0.578109979629517
0.642070531845093 0.613716185092926 0.61881297826767 0.614781260490417 0.590592980384827 0.585673928260803 0.600329458713531 0.615090250968933 0.613842964172363 0.595386922359467 0.559525310993195 0.528991341590881 0.529619991779327 0.544618785381317 0.556268930435181 0.569351673126221 0.570959508419037 0.578317224979401 0.582551121711731 0.586005508899689 0.593240976333618 0.592356622219086 0.571485877037048 0.529115736484528 0.483204782009125 0.477854013442993 0.507917284965515 0.547973573207855 0.566495895385742 0.581070125102997 0.587434828281403 0.587415754795074 0.582143843173981 0.577494621276855 0.576398611068726 0.576758623123169 0.580563187599182 0.586099445819855 0.589978992938995 0.581749439239502 0.587997555732727 0.584134876728058 0.575715363025665 0.567651927471161 0.569483757019043
