data/1_raw/trimmed_ndre/J_ndre.625.2012_no_clouds.asc
NCOLS 141 
NROWS 118 
XLLCORNER 516845 
YLLCORNER 5169015 
CELLSIZE 5 
NODATA_value -3.4e+38 
[rows 40 to 59 of 118, columns 0 to 44 of 141]
-3.4e+38 0.500522136688232 0.48757404088974 0.514607191085815 0.549779653549194 0.554840445518494 0.535300612449646 0.509439945220947 0.500782132148743 0.517064690589905 0.525987684726715 0.510040640830994 0.487492382526398 0.468374192714691 0.445117056369781 0.408998370170593 0.377372950315475 0.345073938369751 0.301524609327316 0.255104959011078 0.222045585513115 0.205085158348083 0.206045836210251 0.208837896585464 0.210023835301399 0.195756658911705 0.195293441414833 0.179758325219154 0.180683344602585 0.206295654177666 0.219255536794662 0.21981655061245 0.208498328924179 0.208918273448944 0.215956136584282 0.215619742870331 0.203186213970184 0.183646559715271 0.162981882691383 0.16077995300293 0.156190037727356 0.144076153635979 0.141983643174171 0.165192008018494 0.193304032087326
-3.4e+38 0.462774723768234 0.454279094934464 0.44574311375618 0.452092438936234 0.469104439020157 0.468043476343155 0.456349551677704 0.464322209358215 0.490785866975784 0.521215438842773 0.544914662837982 0.555787265300751 0.565388560295105 0.57610809803009 0.572025120258331 0.551729917526245 0.524760782718658 0.471243262290955 0.406147122383118 0.36943182349205 0.331395089626312 0.287879377603531 0.247755721211433 0.228282585740089 0.202205374836922 0.179249435663223 0.17453308403492 0.18251945078373 0.207483544945717 0.220335140824318 0.221747547388077 0.210787132382393 0.205557495355606 0.218474611639977 0.222351431846619 0.2021124958992 0.182883039116859 0.178878724575043 0.178810253739357 0.167374283075333 0.153816848993301 0.172251835465431 0.184761732816696 0.19214141368866
-3.4e+38 0.280292332172394 0.266972184181213 0.28514289855957 0.299380421638489 0.31107959151268 0.324026674032211 0.312153428792953 0.298324078321457 0.315498024225235 0.353467881679535 0.413470536470413 0.466825753450394 0.507639527320862 0.543895125389099 0.565614342689514 0.579290926456451 0.589802145957947 0.576482117176056 0.554150938987732 0.53979629278183 0.494655221700668 0.44118058681488 0.37081179022789 0.300845265388489 0.24661360681057 0.208430886268616 0.196962341666222 0.198380798101425 0.209265097975731 0.218527913093567 0.21853095293045 0.212390795350075 0.212975114583969 0.22029060125351 0.222082003951073 0.207457914948463 0.197845593094826 0.195948451757431 0.188058242201805 0.170892328023911 0.179632514715195 0.215654537081718 0.213774904608727 0.213594406843185
-3.4e+38 0.179812088608742 0.192348033189774 0.219456985592842 0.226697191596031 0.217752411961555 0.219633251428604 0.220962345600128 0.227495923638344 0.239685907959938 0.250432848930359 0.27061715722084 0.288405179977417 0.313332974910736 0.370085000991821 0.432250261306763 0.490394353866577 0.532713949680328 0.551898717880249 0.56499856710434 0.574870884418488 0.567261099815369 0.551276385784149 0.53319787979126 0.489981353282928 0.428111702203751 0.335984617471695 0.254005968570709 0.225203946232796 0.213130936026573 0.212905272841454 0.210478827357292 0.204656362533569 0.209449023008347 0.21439066529274 0.211067572236061 0.205977365374565 0.21046307682991 0.20776030421257 0.198020607233047 0.189098805189133 0.201231271028519 0.231837198138237 0.223673194646835 0.232539564371109
-3.4e+38 0.207844525575638 0.21271026134491 0.204438731074333 0.204282715916634 0.212784290313721 0.210794493556023 0.2044388204813 0.207175225019455 0.212291166186333 0.210552960634232 0.210679918527603 0.209302261471748 0.220853731036186 0.251969397068024 0.276555985212326 0.303109496831894 0.340402066707611 0.389567315578461 0.447092145681381 0.507090508937836 0.549951612949371 0.578629553318024 0.596235871315002 0.599298357963562 0.566799104213715 0.498176634311676 0.424432694911957 0.360560208559036 0.308527171611786 0.265967041254044 0.22900815308094 0.210029453039169 0.212980911135674 0.218604162335396 0.213720247149467 0.205581083893776 0.209724813699722 0.199598357081413 0.189482465386391 0.194543346762657 0.207383409142494 0.221589863300323 0.218787387013435 0.223806515336037
-3.4e+38 0.215160548686981 0.217834204435349 0.198872834444046 0.195563048124313 0.213814422488213 0.225706547498703 0.21638785302639 0.204739168286324 0.201323926448822 0.200367748737335 0.199940800666809 0.196768775582314 0.195597723126411 0.19660672545433 0.19364258646965 0.194314777851105 0.207133620977402 0.249674946069717 0.304339617490768 0.355931788682938 0.410420536994934 0.456997752189636 0.497519314289093 0.545237958431244 0.56857293844223 0.562682330608368 0.556534051895142 0.520137250423431 0.444626599550247 0.367208510637283 0.272500395774841 0.217872634530067 0.214346334338188 0.215851157903671 0.213770106434822 0.210255667567253 0.213959768414497 0.192442163825035 0.182702243328094 0.191984951496124 0.193289384245872 0.210462644696236 0.218271717429161 0.219329282641411
-3.4e+38 0.193345457315445 0.204367965459824 0.195383414626122 0.195822834968567 0.211015790700912 0.21877458691597 0.216497898101807 0.206635177135468 0.204188659787178 0.199258208274841 0.200258046388626 0.203796371817589 0.205693706870079 0.211852788925171 0.214788213372231 0.216017708182335 0.206014975905418 0.204377755522728 0.212712675333023 0.216649562120438 0.228932023048401 0.27504301071167 0.34970897436142 0.411987721920013 0.470258295536041 0.511182129383087 0.554360628128052 0.571644604206085 0.55847305059433 0.523889541625977 0.460516005754471 0.398266702890396 0.333372890949249 0.264238893985748 0.209508895874023 0.186540126800537 0.192425131797791 0.182509422302246 0.189299613237381 0.194625437259674 0.185673415660858 0.198935195803642 0.197936505079269 0.204856246709824
-3.4e+38 0.16936582326889 0.18998084962368 0.191957294940948 0.199295118451118 0.209625378251076 0.20922389626503 0.208887383341789 0.211366936564445 0.213018223643303 0.210672706365585 0.211077496409416 0.217046976089478 0.218254745006561 0.215773284435272 0.216754019260406 0.218329012393951 0.210373550653458 0.214112266898155 0.220454007387161 0.215661898255348 0.210828453302383 0.218021005392075 0.240561217069626 0.249118626117706 0.268166333436966 0.334308654069901 0.432192862033844 0.489433616399765 0.535745441913605 0.555882453918457 0.548390865325928 0.536374270915985 0.488942712545395 0.397800922393799 0.322200179100037 0.268421798944473 0.233362898230553 0.206650704145432 0.211102217435837 0.213709354400635 0.206715255975723 0.215264961123466 0.216746255755424 0.20539516210556
-3.4e+38 0.177053093910217 0.193819463253021 0.195531293749809 0.207357183098793 0.210224986076355 0.203696206212044 0.201819553971291 0.208386242389679 0.221195578575134 0.226741537451744 0.221359327435493 0.212718576192856 0.207510158419609 0.198814436793327 0.205298140645027 0.211075186729431 0.206677407026291 0.212096378207207 0.222504943609238 0.224165603518486 0.212166398763657 0.203926876187325 0.202874094247818 0.200026974081993 0.20833395421505 0.238181903958321 0.294640392065048 0.332642942667007 0.39286071062088 0.443146467208862 0.470160931348801 0.49325504899025 0.51508903503418 0.501971781253815 0.459530115127563 0.414340794086456 0.337559729814529 0.263143748044968 0.226313456892967 0.209590539336205 0.204324141144753 0.218150854110718 0.236717894673347 0.221010744571686
-3.4e+38 0.194198310375214 0.197068735957146 0.194854646921158 0.205907821655273 0.207900807261467 0.201294302940369 0.199678912758827 0.207556024193764 0.219608932733536 0.222917765378952 0.218934044241905 0.213404402136803 0.202583879232407 0.195717707276344 0.206206306815147 0.211829289793968 0.206489890813828 0.204686284065247 0.207266613841057 0.212933614850044 0.212255075573921 0.207239553332329 0.19619907438755 0.19769974052906 0.209660813212395 0.207280591130257 0.200395807623863 0.207854881882668 0.254019677639008 0.310669243335724 0.351726025342941 0.388488560914993 0.421415001153946 0.460872799158096 0.472466170787811 0.469096481800079 0.437130987644196 0.396401584148407 0.373073101043701 0.334375739097595 0.296353340148926 0.265138894319534 0.256934612989426 0.291785627603531
-3.4e+38 0.201044142246246 0.192471727728844 0.189155802130699 0.199365615844727 0.201426208019257 0.202357396483421 0.201553300023079 0.200417011976242 0.199601680040359 0.199162065982819 0.197651728987694 0.202802181243896 0.199152156710625 0.20010344684124 0.212436839938164 0.211441934108734 0.205377355217934 0.202165856957436 0.202061504125595 0.203698202967644 0.208150759339333 0.20990589261055 0.204173937439919 0.213047623634338 0.22195328772068 0.209328755736351 0.195873081684113 0.207619413733482 0.246489092707634 0.268838107585907 0.272671192884445 0.268153131008148 0.26856854557991 0.29344117641449 0.332525938749313 0.360685259103775 0.373340725898743 0.386275917291641 0.408668845891953 0.425478845834732 0.430475860834122 0.420809507369995 0.414121389389038 0.430857717990875
-3.4e+38 0.199134051799774 0.193860992789268 0.19999822974205 0.207060918211937 0.204671680927277 0.207293346524239 0.204770177602768 0.195245146751404 0.185857743024826 0.192753523588181 0.198842793703079 0.197405576705933 0.192517623305321 0.204188033938408 0.220492973923683 0.21743044257164 0.213961020112038 0.208672136068344 0.208984956145287 0.208830386400223 0.21068200469017 0.209113866090775 0.202784687280655 0.214330703020096 0.221536949276924 0.20758530497551 0.187005251646042 0.192355513572693 0.225354641675949 0.250622928142548 0.268074125051498 0.267881721258163 0.26533055305481 0.267264991998672 0.273437470197678 0.263494819402695 0.248761117458344 0.254243612289429 0.274283468723297 0.303874522447586 0.331657946109772 0.373319625854492 0.392232030630112 0.380492091178894
-3.4e+38 0.196814894676208 0.199586942791939 0.210314497351646 0.217378959059715 0.211232796311378 0.206313103437424 0.208072066307068 0.210511520504951 0.204455733299255 0.196794405579567 0.197458371520042 0.193495005369186 0.18328183889389 0.18670679628849 0.194671139121056 0.199833616614342 0.210341736674309 0.215906575322151 0.215200915932655 0.212341755628586 0.211127713322639 0.203948006033897 0.198232844471931 0.209454655647278 0.21775883436203 0.216013818979263 0.206644177436829 0.214008882641792 0.22774812579155 0.234113693237305 0.245386436581612 0.277554273605347 0.279729813337326 0.269329935312271 0.272168636322021 0.254514366388321 0.236143380403519 0.241194382309914 0.228655219078064 0.217809021472931 0.221863955259323 0.243300914764404 0.223238885402679 0.212014108896255
-3.4e+38 0.201971665024757 0.209153026342392 0.221836030483246 0.225840345025063 0.208968684077263 0.194169014692307 0.196602284908295 0.211818158626556 0.211563035845757 0.190914675593376 0.192508831620216 0.19521290063858 0.194833517074585 0.201389983296394 0.195327073335648 0.193642273545265 0.203124970197678 0.215449377894402 0.223702117800713 0.21989306807518 0.214949354529381 0.205859839916229 0.203987523913383 0.214421615004539 0.220980763435364 0.226935088634491 0.230966150760651 0.23167522251606 0.233711048960686 0.230042889714241 0.240316197276115 0.26977127790451 0.282472342252731 0.277001053094864 0.279906272888184 0.276735126972198 0.271254122257233 0.258561253547668 0.228749513626099 0.200166493654251 0.197263970971107 0.206943616271019 0.203355044126511 0.192573383450508
-3.4e+38 0.208203494548798 0.213444113731384 0.219742178916931 0.223782032728195 0.211686685681343 0.194289192557335 0.195746213197708 0.206443786621094 0.207347303628922 0.19746495783329 0.201479464769363 0.196818619966507 0.202470406889915 0.219938203692436 0.21883624792099 0.208688467741013 0.203469276428223 0.204150497913361 0.202524304389954 0.21221986413002 0.217086166143417 0.209103792905807 0.209801435470581 0.214380815625191 0.212890669703484 0.213970527052879 0.218251630663872 0.21648795902729 0.212774932384491 0.220697075128555 0.245861083269119 0.277735203504562 0.286186903715134 0.27899494767189 0.286106735467911 0.298414409160614 0.309855908155441 0.298801690340042 0.263703167438507 0.230943873524666 0.208031669259071 0.200386613607407 0.191272497177124 0.186614975333214
-3.4e+38 0.215117514133453 0.205919057130814 0.202750623226166 0.2196896225214 0.230534955859184 0.221813395619392 0.207746177911758 0.205947905778885 0.212116986513138 0.209198072552681 0.202148750424385 0.189645752310753 0.196220695972443 0.217132672667503 0.222266972064972 0.210989430546761 0.199936524033546 0.192877367138863 0.184528917074203 0.200672283768654 0.220005840063095 0.209244921803474 0.208253189921379 0.204203084111214 0.197827994823456 0.195858225226402 0.20170122385025 0.201910316944122 0.197146683931351 0.207204535603523 0.230541616678238 0.255654841661453 0.269616007804871 0.267163932323456 0.276540696620941 0.299397200345993 0.314431130886078 0.299609988927841 0.27285897731781 0.25702765583992 0.23581238090992 0.2183867841959 0.205107524991035 0.196556061506271
-3.4e+38 0.214284554123878 0.20451831817627 0.199697896838188 0.219198673963547 0.241239160299301 0.233537241816521 0.207172632217407 0.200757905840874 0.217678964138031 0.213107347488403 0.193729773163795 0.18569079041481 0.197899043560028 0.21220625936985 0.212491378188133 0.200207397341728 0.200896814465523 0.20645709335804 0.199751958250999 0.186579495668411 0.193275481462479 0.201581209897995 0.202681913971901 0.1940698325634 0.19643959403038 0.200942799448967 0.208968475461006 0.204695597290993 0.188094958662987 0.189974755048752 0.191676586866379 0.214199602603912 0.240126997232437 0.238891035318375 0.247768700122833 0.254973441362381 0.255052924156189 0.239732921123505 0.234970673918724 0.236086145043373 0.223369732499123 0.227699443697929 0.223567351698875 0.209206506609917
-3.4e+38 0.211377769708633 0.203178346157074 0.198431804776192 0.215672299265862 0.235627934336662 0.229858994483948 0.219513267278671 0.205309629440308 0.203377351164818 0.199905633926392 0.189507350325584 0.187466323375702 0.196366056799889 0.194392994046211 0.201102614402771 0.207382842898369 0.209569901227951 0.211617663502693 0.213609427213669 0.204389825463295 0.196283936500549 0.208415806293488 0.213268250226974 0.197336941957474 0.211025178432465 0.230956196784973 0.229824244976044 0.211382105946541 0.184510946273804 0.175694495439529 0.16789011657238 0.183966413140297 0.208496481180191 0.209963455796242 0.222202464938164 0.213066473603249 0.201438203454018 0.203520342707634 0.203908130526543 0.204653114080429 0.199264764785767 0.213636830449104 0.222637072205544 0.214662343263626
-3.4e+38 0.21364389359951 0.208537116646767 0.206052467226982 0.214256256818771 0.224560767412186 0.220209553837776 0.216397404670715 0.199644684791565 0.185935631394386 0.188413172960281 0.180272683501244 0.185606703162193 0.187026053667068 0.171877726912498 0.194643646478653 0.220025703310966 0.217665359377861 0.20224729180336 0.206114813685417 0.218694716691971 0.21362866461277 0.214692831039429 0.216744646430016 0.205952972173691 0.2074254155159 0.208360522985458 0.200037240982056 0.186050936579704 0.173211753368378 0.18803733587265 0.197822004556656 0.184773296117783 0.189753651618958 0.203664854168892 0.217239126563072 0.199228122830391 0.192658796906471 0.197226017713547 0.189672127366066 0.197015404701233 0.196022182703018 0.191702544689178 0.19968356192112 0.205296203494072
-3.4e+38 0.220568478107452 0.220955416560173 0.219264060258865 0.220301896333694 0.218180403113365 0.205943629145622 0.197689801454544 0.194873854517937 0.20038528740406 0.20301827788353 0.19431072473526 0.202010855078697 0.194871574640274 0.176596581935883 0.192612409591675 0.211530685424805 0.215087592601776 0.207138746976852 0.213647693395615 0.220364272594452 0.216350495815277 0.20868955552578 0.209276139736176 0.20573952794075 0.192083775997162 0.17802968621254 0.162031024694443 0.158205449581146 0.168769747018814 0.185047462582588 0.19627870619297 0.184450164437294 0.181846424937248 0.193596243858337 0.203161507844925 0.181113615632057 0.187845766544342 0.196481063961983 0.185933709144592 0.192381545901299 0.192959442734718 0.184313625097275 0.186724245548248 0.193996012210846
