data/1_raw/trimmed_ndre/J_ndre.731.2012_no_clouds.asc
NCOLS 141 
NROWS 118 
XLLCORNER 516845 
YLLCORNER 5169015 
CELLSIZE 5 
NODATA_value -3.4e+38 
[rows 20 to 39 of 118, columns 0 to 44 of 141]
-3.4e+38 -3.4e+38 -3.4e+38 -3.4e+38 -3.4e+38 -3.4e+38 -3.4e+38 -3.4e+38 -3.4e+38 -3.4e+38 -3.4e+38 -3.4e+38 -3.4e+38 -3.4e+38 -3.4e+38 -3.4e+38 -3.4e+38 -3.4e+38 -3.4e+38 -3.4e+38 -3.4e+38 -3.4e+38 -3.4e+38 -3.4e+38 -3.4e+38 -3.4e+38 -3.4e+38 -3.4e+38 -3.4e+38 -3.4e+38 -3.4e+38 -3.4e+38 -3.4e+38 -3.4e+38 -3.4e+38 -3.4e+38 0.382898241281509 0.380861550569534 0.393990486860275 0.41570371389389 0.427376270294189 0.434728711843491 0.430126368999481 0.42717108130455 0.429522216320038
-3.4e+38 -3.4e+38 -3.4e+38 -3.4e+38 -3.4e+38 -3.4e+38 -3.4e+38 -3.4e+38 -3.4e+38 -3.4e+38 -3.4e+38 -3.4e+38 -3.4e+38 -3.4e+38 -3.4e+38 -3.4e+38 -3.4e+38 -3.4e+38 -3.4e+38 -3.4e+38 -3.4e+38 -3.4e+38 -3.4e+38 -3.4e+38 -3.4e+38 -3.4e+38 -3.4e+38 -3.4e+38 -3.4e+38 -3.4e+38 -3.4e+38 -3.4e+38 -3.4e+38 -3.4e+38 -3.4e+38 0.40103018283844 0.405978828668594 0.407125800848007 0.412069857120514 0.418549686670303 0.4206303358078 0.424604505300522 0.422457307577133 0.42158180475235 0.420387864112854
-3.4e+38 -3.4e+38 -3.4e+38 -3.4e+38 -3.4e+38 -3.4e+38 -3.4e+38 -3.4e+38 -3.4e+38 -3.4e+38 -3.4e+38 -3.4e+38 -3.4e+38 -3.4e+38 -3.4e+38 -3.4e+38 -3.4e+38 -3.4e+38 -3.4e+38 -3.4e+38 -3.4e+38 -3.4e+38 -3.4e+38 -3.4e+38 -3.4e+38 -3.4e+38 -3.4e+38 -3.4e+38 -3.4e+38 -3.4e+38 -3.4e+38 -3.4e+38 -3.4e+38 -3.4e+38 0.396660447120667 0.399927049875259 0.404357999563217 0.412593156099319 0.420873641967773 0.421193480491638 0.415081202983856 0.412020534276962 0.411126524209976 0.412582457065582 0.419907838106155
-3.4e+38 -3.4e+38 -3.4e+38 -3.4e+38 -3.4e+38 -3.4e+38 -3.4e+38 -3.4e+38 -3.4e+38 -3.4e+38 -3.4e+38 -3.4e+38 -3.4e+38 -3.4e+38 -3.4e+38 -3.4e+38 -3.4e+38 -3.4e+38 -3.4e+38 -3.4e+38 -3.4e+38 -3.4e+38 -3.4e+38 -3.4e+38 -3.4e+38 -3.4e+38 -3.4e+38 -3.4e+38 -3.4e+38 -3.4e+38 -3.4e+38 -3.4e+38 -3.4e+38 0.391267538070679 0.394745588302612 0.397077083587646 0.394215494394302 0.397523880004883 0.410444378852844 0.417824983596802 0.418575674295425 0.415621370077133 0.413629204034805 0.412997156381607 0.42217618227005
-3.4e+38 -3.4e+38 -3.4e+38 -3.4e+38 -3.4e+38 -3.4e+38 -3.4e+38 -3.4e+38 -3.4e+38 -3.4e+38 -3.4e+38 -3.4e+38 -3.4e+38 -3.4e+38 -3.4e+38 -3.4e+38 -3.4e+38 -3.4e+38 -3.4e+38 -3.4e+38 -3.4e+38 -3.4e+38 -3.4e+38 -3.4e+38 -3.4e+38 -3.4e+38 -3.4e+38 -3.4e+38 -3.4e+38 -3.4e+38 -3.4e+38 0.384835720062256 0.387282133102417 0.387235671281815 0.39726197719574 0.419071406126022 0.417709201574326 0.409955024719238 0.407135128974915 0.409484446048737 0.416287511587143 0.420505464076996 0.419112682342529 0.415140330791473 0.414765208959579
-3.4e+38 -3.4e+38 -3.4e+38 -3.4e+38 -3.4e+38 -3.4e+38 -3.4e+38 -3.4e+38 -3.4e+38 -3.4e+38 -3.4e+38 -3.4e+38 -3.4e+38 -3.4e+38 -3.4e+38 -3.4e+38 -3.4e+38 -3.4e+38 -3.4e+38 -3.4e+38 -3.4e+38 -3.4e+38 -3.4e+38 -3.4e+38 -3.4e+38 -3.4e+38 -3.4e+38 -3.4e+38 -3.4e+38 -3.4e+38 0.378362357616425 0.384746879339218 0.385665982961655 0.393237173557281 0.410283833742142 0.427947878837585 0.427806466817856 0.422363132238388 0.411181330680847 0.401393234729767 0.399260014295578 0.403812974691391 0.411027431488037 0.415665537118912 0.423707515001297
-3.4e+38 -3.4e+38 -3.4e+38 -3.4e+38 -3.4e+38 -3.4e+38 -3.4e+38 -3.4e+38 -3.4e+38 -3.4e+38 -3.4e+38 -3.4e+38 -3.4e+38 -3.4e+38 -3.4e+38 -3.4e+38 -3.4e+38 -3.4e+38 -3.4e+38 -3.4e+38 -3.4e+38 -3.4e+38 -3.4e+38 -3.4e+38 -3.4e+38 -3.4e+38 -3.4e+38 -3.4e+38 -3.4e+38 0.361984640359879 0.373305678367615 0.386712640523911 0.39051941037178 0.402499169111252 0.414790570735931 0.424800664186478 0.427378118038177 0.428107678890228 0.422640442848206 0.412272870540619 0.406722128391266 0.402441114187241 0.405470728874207 0.421448826789856 0.43939271569252
-3.4e+38 -3.4e+38 -3.4e+38 -3.4e+38 -3.4e+38 -3.4e+38 -3.4e+38 -3.4e+38 -3.4e+38 -3.4e+38 -3.4e+38 -3.4e+38 -3.4e+38 -3.4e+38 -3.4e+38 -3.4e+38 -3.4e+38 -3.4e+38 -3.4e+38 -3.4e+38 -3.4e+38 -3.4e+38 -3.4e+38 -3.4e+38 -3.4e+38 -3.4e+38 0.38630348443985 0.39068466424942 0.377558201551437 0.367186546325684 0.37393507361412 0.380311816930771 0.394627928733826 0.41667714715004 0.418740630149841 0.422987908124924 0.428349375724792 0.426578849554062 0.42156195640564 0.424407720565796 0.427090257406235 0.418119192123413 0.409784227609634 0.414997220039368 0.426263779401779
-3.4e+38 -3.4e+38 -3.4e+38 -3.4e+38 -3.4e+38 -3.4e+38 -3.4e+38 -3.4e+38 -3.4e+38 -3.4e+38 -3.4e+38 -3.4e+38 -3.4e+38 -3.4e+38 -3.4e+38 -3.4e+38 -3.4e+38 -3.4e+38 -3.4e+38 -3.4e+38 -3.4e+38 -3.4e+38 -3.4e+38 0.376207530498505 0.385200768709183 0.381091445684433 0.381889641284943 0.384793132543564 0.375562101602554 0.372411161661148 0.378554403781891 0.376680791378021 0.387373417615891 0.408974766731262 0.417197048664093 0.418732553720474 0.424109429121017 0.421560645103455 0.415046900510788 0.421886205673218 0.430277585983276 0.424896240234375 0.412183910608292 0.409495055675507 0.417730927467346
-3.4e+38 -3.4e+38 -3.4e+38 -3.4e+38 -3.4e+38 -3.4e+38 -3.4e+38 -3.4e+38 -3.4e+38 -3.4e+38 -3.4e+38 -3.4e+38 -3.4e+38 -3.4e+38 -3.4e+38 -3.4e+38 -3.4e+38 -3.4e+38 -3.4e+38 0.347127884626389 0.355754107236862 0.36546379327774 0.374535948038101 0.384738087654114 0.397702515125275 0.389854311943054 0.384234726428986 0.386462777853012 0.378431975841522 0.382154673337936 0.391164302825928 0.385726690292358 0.374460369348526 0.386166036128998 0.405241161584854 0.4046271443367 0.407234042882919 0.410157203674316 0.407028317451477 0.40721583366394 0.410958617925644 0.412186294794083 0.403483510017395 0.398973643779755 0.405799776315689
-3.4e+38 -3.4e+38 -3.4e+38 -3.4e+38 -3.4e+38 -3.4e+38 -3.4e+38 -3.4e+38 -3.4e+38 -3.4e+38 -3.4e+38 -3.4e+38 -3.4e+38 -3.4e+38 -3.4e+38 -3.4e+38 0.296800255775452 0.327738523483276 0.343851953744888 0.352885901927948 0.368643373250961 0.370682418346405 0.375249028205872 0.389225155115128 0.401601254940033 0.398232191801071 0.393000721931458 0.388530790805817 0.377821177244186 0.380399942398071 0.396010786294937 0.395251750946045 0.37427806854248 0.382847547531128 0.399576723575592 0.393623381853104 0.40313783288002 0.409806966781616 0.40700763463974 0.403918445110321 0.401451498270035 0.40161719918251 0.395562648773193 0.391495078802109 0.401532053947449
-3.4e+38 -3.4e+38 -3.4e+38 -3.4e+38 -3.4e+38 -3.4e+38 -3.4e+38 -3.4e+38 -3.4e+38 -3.4e+38 -3.4e+38 -3.4e+38 -3.4e+38 0.321208596229553 0.323074877262115 0.327969133853912 0.3444644510746 0.365544557571411 0.357417374849319 0.361677706241608 0.379828840494156 0.380506128072739 0.379974216222763 0.391540944576263 0.398558497428894 0.389737993478775 0.392415165901184 0.387638032436371 0.377094686031342 0.374807626008987 0.388661086559296 0.396294444799423 0.387752413749695 0.39165860414505 0.393756330013275 0.39373254776001 0.409876346588135 0.418909788131714 0.40561854839325 0.38898304104805 0.384176075458527 0.38900226354599 0.394843220710754 0.396946340799332 0.400962859392166
-3.4e+38 -3.4e+38 -3.4e+38 -3.4e+38 -3.4e+38 -3.4e+38 -3.4e+38 -3.4e+38 -3.4e+38 -3.4e+38 -3.4e+38 -3.4e+38 0.333291381597519 0.341685712337494 0.356633186340332 0.359879106283188 0.369349271059036 0.381711632013321 0.359370917081833 0.364485621452332 0.379020988941193 0.381013542413712 0.387411177158356 0.401904881000519 0.40160745382309 0.386395692825317 0.392551004886627 0.391493767499924 0.379755914211273 0.378187596797943 0.396596938371658 0.407583087682724 0.402972817420959 0.398885160684586 0.389957129955292 0.39281889796257 0.406218767166138 0.413989812135696 0.399497836828232 0.381170868873596 0.380820393562317 0.389816582202911 0.404288083314896 0.410265862941742 0.404451221227646
-3.4e+38 -3.4e+38 -3.4e+38 -3.4e+38 -3.4e+38 -3.4e+38 -3.4e+38 -3.4e+38 -3.4e+38 -3.4e+38 0.369905740022659 0.378809541463852 0.366055935621262 0.353172302246094 0.354374587535858 0.357692986726761 0.362009346485138 0.360144883394241 0.353925466537476 0.364735186100006 0.370356947183609 0.370036661624908 0.371271848678589 0.391981035470963 0.393234640359879 0.381447643041611 0.389444231987 0.38489106297493 0.375070244073868 0.374761641025543 0.393350303173065 0.405492633581161 0.39761620759964 0.39190661907196 0.388484120368958 0.391657680273056 0.399576723575592 0.401968836784363 0.397114455699921 0.390994787216187 0.396192312240601 0.405254155397415 0.417251616716385 0.415639132261276 0.403073221445084
-3.4e+38 -3.4e+38 -3.4e+38 -3.4e+38 -3.4e+38 -3.4e+38 -3.4e+38 -3.4e+38 -3.4e+38 0.376400917768478 0.383313536643982 0.392530292272568 0.371334761381149 0.351378470659256 0.334926903247833 0.323549509048462 0.311501026153564 0.313093632459641 0.34078985452652 0.36511817574501 0.370886206626892 0.37487456202507 0.37629222869873 0.382582128047943 0.38123345375061 0.37322536110878 0.36938863992691 0.347708702087402 0.318498849868774 0.313211500644684 0.339147448539734 0.357087582349777 0.362984776496887 0.375534802675247 0.385225653648376 0.39017641544342 0.389208287000656 0.388928949832916 0.394822210073471 0.401723265647888 0.408069580793381 0.414884865283966 0.419596672058105 0.415138930082321 0.404994338750839
-3.4e+38 -3.4e+38 -3.4e+38 -3.4e+38 -3.4e+38 -3.4e+38 -3.4e+38 -3.4e+38 0.387762129306793 0.390140146017075 0.397745788097382 0.378815025091171 0.338374257087708 0.308666974306107 0.26694443821907 0.241455003619194 0.245850697159767 0.267127066850662 0.31157785654068 0.358232110738754 0.381933808326721 0.394864678382874 0.395709216594696 0.383512794971466 0.380387425422668 0.362627506256104 0.334181308746338 0.29335156083107 0.24426743388176 0.23773418366909 0.261311024427414 0.285996973514557 0.302726984024048 0.328583031892776 0.355215519666672 0.364511728286743 0.360501646995544 0.365519851446152 0.383115768432617 0.39897820353508 0.403291791677475 0.399829417467117 0.402489989995956 0.411597669124603 0.412090063095093
-3.4e+38 -3.4e+38 -3.4e+38 -3.4e+38 -3.4e+38 -3.4e+38 0.401030987501144 0.398011267185211 0.398411512374878 0.413843274116516 0.411228775978088 0.374521464109421 0.309332698583603 0.262749046087265 0.222455203533173 0.196372285485268 0.213281586766243 0.251422315835953 0.296835780143738 0.357749134302139 0.391440868377686 0.404989957809448 0.405255407094955 0.396707504987717 0.38920646905899 0.363381505012512 0.329841524362564 0.272354155778885 0.213573634624481 0.207221314311028 0.219627469778061 0.229545444250107 0.232572734355927 0.256561756134033 0.286091208457947 0.30307924747467 0.315847873687744 0.337893784046173 0.365155726671219 0.38002073764801 0.378053516149521 0.372600018978119 0.379058003425598 0.401030153036118 0.408531218767166
-3.4e+38 -3.4e+38 -3.4e+38 -3.4e+38 -3.4e+38 0.40733739733696 0.424053251743317 0.419485121965408 0.419661194086075 0.43104961514473 0.423952728509903 0.391928911209106 0.336055129766464 0.289382249116898 0.26417875289917 0.229128062725067 0.233520016074181 0.284939050674438 0.339071184396744 0.386661320924759 0.40698567032814 0.410344898700714 0.412223070859909 0.413660675287247 0.408884555101395 0.386285841464996 0.360180705785751 0.297132343053818 0.223487704992294 0.214737147092819 0.234764739871025 0.243600875139236 0.242411449551582 0.236078202724457 0.229208692908287 0.226840525865555 0.23747943341732 0.257025808095932 0.281673341989517 0.30686354637146 0.329220235347748 0.354775756597519 0.364644706249237 0.373757869005203 0.384092539548874
-3.4e+38 -3.4e+38 -3.4e+38 -3.4e+38 0.377760708332062 0.399860441684723 0.421825408935547 0.427820295095444 0.43136739730835 0.431799918413162 0.425915718078613 0.413278728723526 0.389961957931519 0.354979276657104 0.327119499444962 0.30797067284584 0.317105978727341 0.365787714719772 0.403925001621246 0.425391495227814 0.425988167524338 0.413928210735321 0.41660550236702 0.420922726392746 0.417629331350327 0.405856996774673 0.385630220174789 0.331279993057251 0.276803135871887 0.276988685131073 0.296447664499283 0.31180477142334 0.319797098636627 0.291511565446854 0.254972398281097 0.218983203172684 0.198103159666061 0.194738775491714 0.192042604088783 0.217042043805122 0.260527759790421 0.291682213544846 0.293051779270172 0.306419640779495 0.338020920753479
-3.4e+38 -3.4e+38 0.315563231706619 0.344442516565323 0.362199246883392 0.367555499076843 0.388777256011963 0.40264618396759 0.413037478923798 0.409518480300903 0.403645068407059 0.406907320022583 0.406402826309204 0.395529001951218 0.384521245956421 0.381069213151932 0.390503525733948 0.409644901752472 0.427981644868851 0.436386227607727 0.431931704282761 0.425447642803192 0.426639974117279 0.421351999044418 0.412141531705856 0.407168447971344 0.400685012340546 0.365671873092651 0.339726001024246 0.343107044696808 0.345674008131027 0.345846027135849 0.347006857395172 0.329376637935638 0.30708447098732 0.278543651103973 0.241689264774323 0.207180455327034 0.180290594696999 0.174064680933952 0.185142442584038 0.199725612998009 0.21309594810009 0.24694512784481 0.290882647037506
