data/1_raw/trimmed_ndre/J_ndre.68.2015_no_clouds.asc
NCOLS 141 
NROWS 118 
XLLCORNER 516845 
YLLCORNER 5169015 
CELLSIZE 5 
NODATA_value -3.4e+38 
[rows 40 to 59 of 118, columns 90 to 134 of 141]
0.479749888181686 0.474179536104202 0.480921715497971 0.493057996034622 0.508129954338074 0.520889520645142 0.515605747699738 0.525259971618652 0.537611067295074 0.542863011360168 0.560406267642975 0.569853723049164 0.567821264266968 0.563605010509491 0.548287689685822 0.549682676792145 0.570516288280487 0.595466792583466 0.602294683456421 0.590768456459045 0.569386959075928 0.558204531669617 0.556722521781921 0.549166917800903 0.539444029331207 0.566449463367462 0.597765207290649 0.624837696552277 0.641132235527039 0.635251641273499 0.626260042190552 -3.4e+38 -3.4e+38 -3.4e+38 -3.4e+38 -3.4e+38 -3.4e+38 -3.4e+38 -3.4e+38 -3.4e+38 -3.4e+38 -3.4e+38 -3.4e+38 -3.4e+38 -3.4e+38
0.468799352645874 0.464038401842117 0.466060876846313 0.468963652849197 0.474232107400894 0.475126266479492 0.463708907365799 0.486703902482986 0.501978814601898 0.516560971736908 0.553802669048309 0.579775750637054 0.583242177963257 0.573885262012482 0.56266313791275 0.5670565366745 0.583991765975952 0.604448556900024 0.613921344280243 0.60404759645462 0.583461880683899 0.566018223762512 0.562242150306702 0.55528461933136 0.549130856990814 0.561536312103271 0.585880815982819 0.610828638076782 0.625578761100769 0.620857954025269 0.609954535961151 -3.4e+38 -3.4e+38 -3.4e+38 -3.4e+38 -3.4e+38 -3.4e+38 -3.4e+38 -3.4e+38 -3.4e+38 -3.4e+38 -3.4e+38 -3.4e+38 -3.4e+38 -3.4e+38
0.474593043327332 0.470291584730148 0.472059994935989 0.468753218650818 0.457669407129288 0.443126648664474 0.43337619304657 0.470324963331223 0.481717318296432 0.506955027580261 0.556387305259705 0.596338868141174 0.598462641239166 0.590430021286011 0.588985979557037 0.588561177253723 0.592533528804779 0.604136943817139 0.617238223552704 0.619701147079468 0.605056822299957 0.5816450715065 0.564989507198334 0.560579776763916 0.558468103408813 0.561845123767853 0.578580021858215 0.596002697944641 0.606050252914429 0.605302333831787 0.600679695606232 -3.4e+38 -3.4e+38 -3.4e+38 -3.4e+38 -3.4e+38 -3.4e+38 -3.4e+38 -3.4e+38 -3.4e+38 -3.4e+38 -3.4e+38 -3.4e+38 -3.4e+38 -3.4e+38
0.500994324684143 0.489429086446762 0.485867023468018 0.484688460826874 0.464328974485397 0.45407447218895 0.463801771402359 0.497110426425934 0.494526237249374 0.515443086624146 0.558121562004089 0.595497071743011 0.604952991008759 0.608461499214172 0.60871833562851 0.60184121131897 0.588826358318329 0.589239776134491 0.602732181549072 0.619737267494202 0.613734662532806 0.590353667736053 0.562022984027863 0.548827409744263 0.548004031181335 0.555496633052826 0.568348705768585 0.579250156879425 0.58649742603302 0.591300368309021 0.592261075973511 -3.4e+38 -3.4e+38 -3.4e+38 -3.4e+38 -3.4e+38 -3.4e+38 -3.4e+38 -3.4e+38 -3.4e+38 -3.4e+38 -3.4e+38 -3.4e+38 -3.4e+38 -3.4e+38
0.541260123252869 0.515875577926636 0.49926546216011 0.495536655187607 0.489923506975174 0.492107957601547 0.508937478065491 0.530430555343628 0.527820527553558 0.535214602947235 0.570608735084534 0.605709433555603 0.604329645633698 0.612839758396149 0.616267085075378 0.603586852550507 0.572046220302582 0.563102960586548 0.57863062620163 0.604110181331635 0.608873665332794 0.591491639614105 0.563337206840515 0.538523614406586 0.533108294010162 0.535096228122711 0.545291304588318 0.557086527347565 0.564323961734772 0.572374045848846 0.582503736019135 0.590958774089813 -3.4e+38 -3.4e+38 -3.4e+38 -3.4e+38 -3.4e+38 -3.4e+38 -3.4e+38 -3.4e+38 -3.4e+38 -3.4e+38 -3.4e+38 -3.4e+38 -3.4e+38
0.569148480892181 0.553613781929016 0.525515198707581 0.512868821620941 0.513937532901764 0.521843135356903 0.534304738044739 0.544499039649963 0.543545067310333 0.542600750923157 0.57077294588089 0.597459137439728 0.597296357154846 0.601553797721863 0.617359817028046 0.615002572536469 0.582011818885803 0.551369488239288 0.55769157409668 0.580134272575378 0.592265605926514 0.579256772994995 0.567436873912811 0.543912947177887 0.516615450382233 0.501644790172577 0.506561279296875 0.524484872817993 0.546781361103058 0.563619196414948 0.583839237689972 0.605293273925781 -3.4e+38 -3.4e+38 -3.4e+38 -3.4e+38 -3.4e+38 -3.4e+38 -3.4e+38 -3.4e+38 -3.4e+38 -3.4e+38 -3.4e+38 -3.4e+38 -3.4e+38
0.553028285503387 0.551175892353058 0.52974808216095 0.531032681465149 0.534744441509247 0.533517897129059 0.529466807842255 0.544231832027435 0.556901276111603 0.558853805065155 0.566624522209167 0.588925659656525 0.595151245594025 0.582745552062988 0.592945575714111 0.59620076417923 0.580466210842133 0.551163256168365 0.552714824676514 0.570504665374756 0.584098219871521 0.57470315694809 0.570561707019806 0.548500895500183 0.506749927997589 0.47519925236702 0.479869246482849 0.511366426944733 0.548642814159393 0.573474526405334 0.596885323524475 0.623506724834442 -3.4e+38 -3.4e+38 -3.4e+38 -3.4e+38 -3.4e+38 -3.4e+38 -3.4e+38 -3.4e+38 -3.4e+38 -3.4e+38 -3.4e+38 -3.4e+38 -3.4e+38
0.554267644882202 0.548025727272034 0.550844967365265 0.560434222221375 0.561038017272949 0.554789960384369 0.5457563996315 0.557515680789948 0.571090519428253 0.576224148273468 0.571040868759155 0.602310299873352 0.600373387336731 0.573797881603241 0.570859611034393 0.572671473026276 0.570828199386597 0.566018164157867 0.578109383583069 0.602754414081573 0.61231940984726 0.597925245761871 0.576148986816406 0.55969226360321 0.527298450469971 0.487382650375366 0.47794571518898 0.512278914451599 0.557738661766052 0.59298849105835 0.610316574573517 0.621503293514252 -3.4e+38 -3.4e+38 -3.4e+38 -3.4e+38 -3.4e+38 -3.4e+38 -3.4e+38 -3.4e+38 -3.4e+38 -3.4e+38 -3.4e+38 -3.4e+38 -3.4e+38
0.571563303470612 0.573978066444397 0.593921065330505 0.603794276714325 0.601719677448273 0.594899594783783 0.583375453948975 0.57791405916214 0.580115377902985 0.583214819431305 0.581437647342682 0.593847811222076 0.589307367801666 0.572866797447205 0.565307259559631 0.569665372371674 0.583558857440948 0.597410619258881 0.612288475036621 0.633768916130066 0.645338594913483 0.636622309684753 0.609119176864624 0.588266134262085 0.549292504787445 0.509871542453766 0.492041796445847 0.518119275569916 0.551350831985474 0.585266053676605 0.613059103488922 0.630748152732849 -3.4e+38 -3.4e+38 -3.4e+38 -3.4e+38 -3.4e+38 -3.4e+38 -3.4e+38 -3.4e+38 -3.4e+38 -3.4e+38 -3.4e+38 -3.4e+38 -3.4e+38
0.596374988555908 0.610457181930542 0.615290105342865 0.605848968029022 0.59805965423584 0.608490943908691 0.606050729751587 0.590261697769165 0.57706892490387 0.580452263355255 0.582053005695343 0.582320392131805 0.59138822555542 0.585875749588013 0.582525849342346 0.593136370182037 0.61751401424408 0.630078852176666 0.635969877243042 0.641761958599091 0.650533854961395 0.650432646274567 0.635462641716003 0.610279500484467 0.576018571853638 0.544300258159637 0.524934530258179 0.533446907997131 0.547276020050049 0.574449121952057 0.609054327011108 0.641240954399109 0.604666948318481 -3.4e+38 -3.4e+38 -3.4e+38 -3.4e+38 -3.4e+38 -3.4e+38 -3.4e+38 -3.4e+38 -3.4e+38 -3.4e+38 -3.4e+38 -3.4e+38
0.562210977077484 0.556652903556824 0.546416997909546 0.536710381507874 0.538028180599213 0.571835160255432 0.575666666030884 0.563831865787506 0.558122336864471 0.583671748638153 0.594242453575134 0.597905039787292 0.615743696689606 0.616214156150818 0.611498236656189 0.615029990673065 0.635184049606323 0.638571560382843 0.633794784545898 0.629473745822906 0.636389255523682 0.632318437099457 0.623882055282593 0.612985551357269 0.60468590259552 0.596118986606598 0.580733418464661 0.566085815429688 0.557422935962677 0.573078155517578 0.604443073272705 0.632374107837677 0.615255117416382 -3.4e+38 -3.4e+38 -3.4e+38 -3.4e+38 -3.4e+38 -3.4e+38 -3.4e+38 -3.4e+38 -3.4e+38 -3.4e+38 -3.4e+38 -3.4e+38
0.398005396127701 0.400169342756271 0.421234279870987 0.434443175792694 0.44604703783989 0.479574888944626 0.49742591381073 0.515688419342041 0.542479753494263 0.591894507408142 0.625741362571716 0.64286732673645 0.647689163684845 0.640622138977051 0.625317454338074 0.618861675262451 0.619586050510406 0.605488896369934 0.591626644134521 0.588409543037415 0.597325146198273 0.601309478282928 0.595430076122284 0.602025628089905 0.620726943016052 0.633396983146667 0.622794032096863 0.600585699081421 0.581458151340485 0.588916003704071 0.611836016178131 0.616788506507874 0.597542703151703 -3.4e+38 -3.4e+38 -3.4e+38 -3.4e+38 -3.4e+38 -3.4e+38 -3.4e+38 -3.4e+38 -3.4e+38 -3.4e+38 -3.4e+38 -3.4e+38
0.313622027635574 0.311157405376434 0.339039117097855 0.382253915071487 0.434299975633621 0.480494022369385 0.50533139705658 0.523928880691528 0.55147111415863 0.592492818832397 0.624804556369781 0.631281316280365 0.632692694664001 0.630513668060303 0.615163445472717 0.601031959056854 0.579808712005615 0.551555991172791 0.533604681491852 0.535617053508759 0.557467818260193 0.584896862506866 0.587907195091248 0.602778971195221 0.627635598182678 0.649466991424561 0.645666539669037 0.628568232059479 0.613592326641083 0.616743683815002 0.628824234008789 0.62300568819046 0.60611891746521 -3.4e+38 -3.4e+38 -3.4e+38 -3.4e+38 -3.4e+38 -3.4e+38 -3.4e+38 -3.4e+38 -3.4e+38 -3.4e+38 -3.4e+38 -3.4e+38
0.38341873884201 0.410694390535355 0.45160898566246 0.479685306549072 0.504572153091431 0.532699882984161 0.561107337474823 0.584456980228424 0.595875263214111 0.605133414268494 0.611321270465851 0.593588888645172 0.590308487415314 0.591489374637604 0.589691877365112 0.589208424091339 0.572947442531586 0.541058838367462 0.50940328836441 0.501330018043518 0.539474487304688 0.586963832378387 0.601301491260529 0.612754166126251 0.630562245845795 0.649230301380157 0.651666641235352 0.642381131649017 0.630634486675262 0.625849843025208 0.630162119865417 0.643366813659668 0.631024718284607 0.616986453533173 -3.4e+38 -3.4e+38 -3.4e+38 -3.4e+38 -3.4e+38 -3.4e+38 -3.4e+38 -3.4e+38 -3.4e+38 -3.4e+38 -3.4e+38
0.528027951717377 0.538063526153564 0.54613995552063 0.550551533699036 0.559649109840393 0.570843040943146 0.572094142436981 0.563961684703827 0.558693826198578 0.583430349826813 0.58929842710495 0.559381723403931 0.555220365524292 0.556147873401642 0.563168287277222 0.574013233184814 0.576503098011017 0.553906083106995 0.520404100418091 0.496737569570541 0.516755521297455 0.566846549510956 0.605740308761597 0.61839771270752 0.628166377544403 0.646437168121338 0.659094989299774 0.651591360569 0.629981756210327 0.611656248569489 0.610770165920258 0.640796184539795 0.626941621303558 0.615923166275024 -3.4e+38 -3.4e+38 -3.4e+38 -3.4e+38 -3.4e+38 -3.4e+38 -3.4e+38 -3.4e+38 -3.4e+38 -3.4e+38 -3.4e+38
0.578293681144714 0.583103060722351 0.577768683433533 0.566641747951508 0.560958325862885 0.563971340656281 0.554246485233307 0.535254776477814 0.520842730998993 0.551625967025757 0.565381407737732 0.557547152042389 0.564643740653992 0.54583340883255 0.541554093360901 0.553883492946625 0.57069605588913 0.548584520816803 0.497404664754868 0.454613238573074 0.467804729938507 0.547377228736877 0.602330088615417 0.618860125541687 0.62606543302536 0.651902318000793 0.664614498615265 0.653076112270355 0.616560280323029 0.581197321414948 0.558970868587494 0.566668748855591 0.603716671466827 0.613033890724182 -3.4e+38 -3.4e+38 -3.4e+38 -3.4e+38 -3.4e+38 -3.4e+38 -3.4e+38 -3.4e+38 -3.4e+38 -3.4e+38 -3.4e+38
0.592610478401184 0.590947508811951 0.57110607624054 0.548952400684357 0.533681690692902 0.527360022068024 0.514935553073883 0.502315878868103 0.494971096515656 0.503159284591675 0.512019395828247 0.52867603302002 0.543384552001953 0.523802161216736 0.519032001495361 0.528037369251251 0.54247510433197 0.533475995063782 0.503018438816071 0.463787287473679 0.460785239934921 0.546513319015503 0.602703511714935 0.622005999088287 0.63011509180069 0.661134600639343 0.665213584899902 0.645057082176208 0.603495121002197 0.56323915719986 0.539740383625031 0.539835274219513 0.572598695755005 0.581344306468964 -3.4e+38 -3.4e+38 -3.4e+38 -3.4e+38 -3.4e+38 -3.4e+38 -3.4e+38 -3.4e+38 -3.4e+38 -3.4e+38 -3.4e+38
0.609699487686157 0.606042683124542 0.582932591438293 0.54742294549942 0.516955614089966 0.497410088777542 0.484591782093048 0.476435750722885 0.474989295005798 0.479749172925949 0.483666092157364 0.500840723514557 0.505190193653107 0.492049247026443 0.497818291187286 0.506613790988922 0.514382302761078 0.517480731010437 0.522366881370544 0.509294509887695 0.51294356584549 0.562318325042725 0.619050621986389 0.632122457027435 0.636083483695984 0.658221781253815 0.657953083515167 0.630335807800293 0.595947504043579 0.565178036689758 0.534127116203308 0.533216416835785 0.52906996011734 0.511923789978027 0.524160206317902 -3.4e+38 -3.4e+38 -3.4e+38 -3.4e+38 -3.4e+38 -3.4e+38 -3.4e+38 -3.4e+38 -3.4e+38 -3.4e+38
0.64319121837616 0.639425456523895 0.611931085586548 0.563120186328888 0.520661175251007 0.495221555233002 0.487634927034378 0.482812434434891 0.479071229696274 0.47219255566597 0.464542657136917 0.474588960409164 0.463114708662033 0.450708538293839 0.459377497434616 0.478584498167038 0.490848660469055 0.505911409854889 0.52860027551651 0.532694697380066 0.548306941986084 0.589685618877411 0.645843625068665 0.64225697517395 0.632066905498505 0.637861132621765 0.658472180366516 0.631092071533203 0.592479467391968 0.560385882854462 0.531543016433716 0.548720061779022 0.530878722667694 0.494635254144669 0.503701388835907 -3.4e+38 -3.4e+38 -3.4e+38 -3.4e+38 -3.4e+38 -3.4e+38 -3.4e+38 -3.4e+38 -3.4e+38 -3.4e+38
0.639353632926941 0.633549988269806 0.612359762191772 0.575418889522552 0.542637646198273 0.526942133903503 0.518973112106323 0.507706522941589 0.487612932920456 0.467392832040787 0.451805621385574 0.448312044143677 0.423783898353577 0.410060405731201 0.417683690786362 0.445178180932999 0.468608140945435 0.501650393009186 0.534014523029327 0.549524128437042 0.570561468601227 0.619412481784821 0.664770722389221 0.649101257324219 0.624065518379211 0.622803866863251 0.63702654838562 0.613321483135223 0.576059341430664 0.551372468471527 0.544670283794403 0.550399303436279 0.518062114715576 0.495544850826263 0.502910971641541 0.521670877933502 -3.4e+38 -3.4e+38 -3.4e+38 -3.4e+38 -3.4e+38 -3.4e+38 -3.4e+38 -3.4e+38 -3.4e+38
