data/1_raw/trimmed_ndre/J_ndre.715.2015_no_clouds.asc
NCOLS 141 
NROWS 118 
XLLCORNER 516845 
YLLCORNER 5169015 
CELLSIZE 5 
NODATA_value -3.4e+38 
[rows 20 to 39 of 118, columns 45 to 89 of 141]
0.161684095859528 0.163459166884422 0.165106579661369 0.167195245623589 0.177151396870613 0.173070684075356 0.159485504031181 0.161486983299255 0.170001015067101 0.174537181854248 0.173546716570854 0.171840071678162 0.16900959610939 0.164330884814262 0.162791594862938 0.166371926665306 0.16730372607708 0.169409990310669 0.170365542173386 0.166397586464882 0.16711699962616 0.165980964899063 0.162802085280418 0.159981295466423 0.163335025310516 0.174591228365898 0.183660089969635 0.175173550844193 0.158480063080788 0.16303077340126 0.173327073454857 0.176027536392212 0.170186385512352 0.163148164749146 0.164524406194687 0.167774230241776 0.168444827198982 0.16828678548336 0.17429293692112 0.171058982610703 0.163441613316536 0.162591174244881 0.169769152998924 0.175635099411011 0.172583535313606
0.171662241220474 0.170004814863205 0.167633697390556 0.1701430529356 0.1806810349226 0.171894803643227 0.160286605358124 0.157563999295235 0.15937927365303 0.167553022503853 0.171407982707024 0.167381793260574 0.159639447927475 0.161096423864365 0.17103636264801 0.177552744746208 0.175106063485146 0.172641307115555 0.172177493572235 0.168141752481461 0.162974432110786 0.163717687129974 0.171169713139534 0.172261476516724 0.168861716985703 0.171753659844398 0.183592319488525 0.170665204524994 0.155276596546173 0.15804198384285 0.16307233273983 0.167649045586586 0.171364367008209 0.169041186571121 0.15984944999218 0.160713285207748 0.171506568789482 0.178607881069183 0.177822634577751 0.175743713974953 0.172745242714882 0.168536365032196 0.172674417495728 0.188144415616989 0.179975748062134
0.17325234413147 0.162696734070778 0.159938722848892 0.166502565145493 0.177722617983818 0.173849478363991 0.168344154953957 0.164474666118622 0.162842646241188 0.167936235666275 0.172702595591545 0.165159448981285 0.155714526772499 0.162783086299896 0.175181895494461 0.173796117305756 0.168722987174988 0.169544100761414 0.171488165855408 0.165619179606438 0.161494717001915 0.164664655923843 0.171122133731842 0.174374133348465 0.171103775501251 0.165032774209976 0.167708277702332 0.163781136274338 0.166295573115349 0.168557852506638 0.161861225962639 0.155081853270531 0.167025297880173 0.174515292048454 0.168777853250504 0.164001673460007 0.172856494784355 0.175657913088799 0.169812604784966 0.165182396769524 0.175573036074638 0.170055404305458 0.169399470090866 0.18533830344677 0.179832145571709
0.172142773866653 0.157026663422585 0.153985813260078 0.158756077289581 0.167432844638824 0.172547474503517 0.169414579868317 0.166696116328239 0.165972307324409 0.168417632579803 0.173002526164055 0.160567402839661 0.154778063297272 0.164410516619682 0.175189465284348 0.163728967308998 0.157334506511688 0.158690914511681 0.161303654313087 0.162794426083565 0.163085043430328 0.164207145571709 0.164724290370941 0.163129031658173 0.162650793790817 0.168473765254021 0.174944326281548 0.170141533017159 0.173235982656479 0.179193153977394 0.174002841114998 0.155552953481674 0.162532418966293 0.169475957751274 0.169937297701836 0.165807485580444 0.16528631746769 0.158686831593513 0.157780557870865 0.163396507501602 0.173482567071915 0.171060264110565 0.167065039277077 0.170367896556854 0.172274544835091
0.16487443447113 0.159072399139404 0.155123487114906 0.16013215482235 0.166769832372665 0.171271592378616 0.167795479297638 0.165486946702003 0.163795828819275 0.163682848215103 0.163725331425667 0.156178534030914 0.158602774143219 0.166804105043411 0.171485558152199 0.158759653568268 0.159512296319008 0.160688802599907 0.160499170422554 0.161853551864624 0.162855699658394 0.163877889513969 0.163449287414551 0.162383019924164 0.164677187800407 0.176558300852776 0.181437984108925 0.173144683241844 0.164091691374779 0.167191967368126 0.170166507363319 0.1657754778862 0.164129763841629 0.167164847254753 0.168510496616364 0.16475310921669 0.157340377569199 0.15193122625351 0.164187476038933 0.173366859555244 0.174293234944344 0.175608485937119 0.170705154538155 0.161947682499886 0.157935276627541
0.159943431615829 0.161458134651184 0.147950991988182 0.161338493227959 0.162423878908157 0.16410119831562 0.16455414891243 0.16202737390995 0.15652097761631 0.157134354114532 0.161648765206337 0.163207828998566 0.16525362432003 0.167018413543701 0.164814963936806 0.158682182431221 0.171863123774529 0.173324644565582 0.166320413351059 0.16060808300972 0.162329137325287 0.167892321944237 0.170370534062386 0.168492034077644 0.167239055037498 0.178265064954758 0.178332582116127 0.168509498238564 0.158386841416359 0.162500604987144 0.169550210237503 0.169674172997475 0.164734274148941 0.166418597102165 0.170062229037285 0.170541107654572 0.164638116955757 0.156924411654472 0.169985711574554 0.178352251648903 0.174269795417786 0.163212239742279 0.159577757120132 0.154287800192833 0.156766146421432
0.15792578458786 0.15638256072998 0.15163266658783 0.166363194584846 0.156342476606369 0.156582072377205 0.160924404859543 0.160995945334435 0.158866584300995 0.161034971475601 0.168203726410866 0.173193752765656 0.168313667178154 0.163134768605232 0.154269680380821 0.155856221914291 0.176781535148621 0.181834623217583 0.170009523630142 0.161201745271683 0.16402330994606 0.167450666427612 0.168736428022385 0.166475594043732 0.164450600743294 0.170312657952309 0.167819425463676 0.166410952806473 0.165068075060844 0.165887579321861 0.167796984314919 0.165005147457123 0.159280583262444 0.156115770339966 0.158647313714027 0.163597956299782 0.164421886205673 0.160988003015518 0.162533417344093 0.162923201918602 0.156943276524544 0.151031315326691 0.152171835303307 0.151644825935364 0.163870513439178
0.157616779208183 0.158047899603844 0.159986853599548 0.167141363024712 0.159608513116837 0.156059741973877 0.157316863536835 0.162405118346214 0.166974365711212 0.167937234044075 0.174489676952362 0.171993896365166 0.163180649280548 0.167447000741959 0.157210573554039 0.15960867702961 0.173277765512466 0.176881030201912 0.167573302984238 0.16273358464241 0.164421856403351 0.166176050901413 0.164256408810616 0.158774822950363 0.159042283892632 0.164309903979301 0.161017134785652 0.162202775478363 0.163951247930527 0.16469794511795 0.161887884140015 0.156854346394539 0.151352494955063 0.148210898041725 0.150152608752251 0.155699580907822 0.160255953669548 0.161259010434151 0.159122064709663 0.154166221618652 0.148991256952286 0.148401811718941 0.150548532605171 0.151663154363632 0.163039609789848
0.158505514264107 0.16801430284977 0.159587144851685 0.158474937081337 0.165538981556892 0.170616835355759 0.163680195808411 0.164983466267586 0.170391783118248 0.168941095471382 0.171567440032959 0.160244032740593 0.158631876111031 0.172388449311256 0.166878834366798 0.167293936014175 0.16607141494751 0.163228005170822 0.165519163012505 0.158815935254097 0.162671446800232 0.166166722774506 0.162819981575012 0.156466126441956 0.160160332918167 0.159922957420349 0.15263007581234 0.152384087443352 0.15100833773613 0.154068782925606 0.156684905290604 0.151162162423134 0.152002364397049 0.151614338159561 0.151828274130821 0.154937118291855 0.159711375832558 0.161510914564133 0.163145944476128 0.160454124212265 0.150571644306183 0.150612339377403 0.153239786624908 0.1550253033638 0.159102633595467
0.162220239639282 0.176658645272255 0.163565814495087 0.159419000148773 0.16609288752079 0.174528837203979 0.165421158075333 0.160359755158424 0.158956259489059 0.161778122186661 0.167863890528679 0.159477546811104 0.164250209927559 0.175069466233253 0.174607679247856 0.172078967094421 0.16629034280777 0.162537112832069 0.165096625685692 0.160560429096222 0.162879645824432 0.165925204753876 0.1600611358881 0.150623142719269 0.161581173539162 0.154565989971161 0.143834486603737 0.141720250248909 0.139375582337379 0.147408664226532 0.150915384292603 0.148138925433159 0.155059576034546 0.160251095890999 0.161876186728477 0.161027282476425 0.160573080182076 0.156229943037033 0.166879177093506 0.168569847941399 0.153188064694405 0.14653953909874 0.148167580366135 0.154843404889107 0.158350303769112
0.152154266834259 0.161326140165329 0.15795461833477 0.160142779350281 0.162773683667183 0.162655934691429 0.157465904951096 0.157583355903625 0.154092773795128 0.158553123474121 0.167471796274185 0.168641731142998 0.174394845962524 0.17463643848896 0.172711044549942 0.173622906208038 0.169974163174629 0.166184559464455 0.170463785529137 0.178439483046532 0.159615442156792 0.158101797103882 0.157603144645691 0.153879597783089 0.161135673522949 0.148798406124115 0.141782090067863 0.144365429878235 0.147958412766457 0.145795270800591 0.149446487426758 0.148227453231812 0.14898294210434 0.152249678969383 0.154023945331573 0.157035782933235 0.157494574785233 0.151512816548347 0.165990605950356 0.165779411792755 0.15518456697464 0.151020511984825 0.150739625096321 0.157973423600197 0.164415165781975
0.146550074219704 0.152521505951881 0.157198861241341 0.163564562797546 0.165311932563782 0.159418836236 0.15248928964138 0.152183324098587 0.154684156179428 0.160477250814438 0.167542323470116 0.170842126011848 0.173961773514748 0.171835914254189 0.171069696545601 0.172587856650352 0.171527400612831 0.171703353524208 0.172226101160049 0.173705756664276 0.16498376429081 0.160631909966469 0.161526381969452 0.160002425312996 0.154369562864304 0.145758539438248 0.143755212426186 0.145966395735741 0.148091614246368 0.141635894775391 0.154307171702385 0.149007096886635 0.140344381332397 0.140998512506485 0.143835976719856 0.15018430352211 0.154950737953186 0.15458570420742 0.158925637602806 0.159475535154343 0.161323934793472 0.161025524139404 0.156852290034294 0.161143600940704 0.169778719544411
0.155850306153297 0.160158187150955 0.163567766547203 0.165419787168503 0.164183557033539 0.153878957033157 0.148510456085205 0.152328625321388 0.163044095039368 0.162265360355377 0.164190784096718 0.166181311011314 0.167830795049667 0.16761988401413 0.168245032429695 0.167589202523232 0.167038977146149 0.171268686652184 0.156868755817413 0.158391609787941 0.163183927536011 0.161054670810699 0.163340032100677 0.160764515399933 0.153772503137589 0.147102475166321 0.14619942009449 0.144671946763992 0.142739713191986 0.13999517261982 0.149675205349922 0.146950796246529 0.142153188586235 0.13888718187809 0.138126984238625 0.143673151731491 0.156877607107162 0.163673743605614 0.159941673278809 0.155057519674301 0.164912596344948 0.167383089661598 0.160907834768295 0.156435936689377 0.161737099289894
0.171201899647713 0.178101286292076 0.166982814669609 0.157578036189079 0.156184539198875 0.151020795106888 0.153291925787926 0.162970185279846 0.170516178011894 0.15806682407856 0.16031302511692 0.160595208406448 0.160889506340027 0.162912979722023 0.164080038666725 0.164230138063431 0.16409769654274 0.161685556173325 0.140537977218628 0.144030123949051 0.14888422191143 0.149908557534218 0.157341793179512 0.165764406323433 0.153807103633881 0.144848823547363 0.147943153977394 0.146826073527336 0.157108843326569 0.152515009045601 0.139889985322952 0.141483813524246 0.14533831179142 0.142330795526505 0.1378513276577 0.138071551918983 0.14000777900219 0.15244434773922 0.156007155776024 0.150968864560127 0.162797212600708 0.161668375134468 0.157282948493958 0.154563933610916 0.156111314892769
0.160255774855614 0.16726952791214 0.155569165945053 0.150512218475342 0.152587980031967 0.157868236303329 0.171223685145378 0.175779044628143 0.167577058076859 0.153204172849655 0.156843692064285 0.155798152089119 0.15666900575161 0.159297853708267 0.161270141601562 0.16365909576416 0.159427762031555 0.151376068592072 0.137869387865067 0.13679450750351 0.142753824591637 0.149786904454231 0.15849095582962 0.1681267619133 0.1478401273489 0.141092658042908 0.148576706647873 0.149992823600769 0.15270859003067 0.144279792904854 0.135162129998207 0.139245092868805 0.14607310295105 0.140643715858459 0.144101351499557 0.152243793010712 0.15080988407135 0.149067595601082 0.149427622556686 0.153288543224335 0.167291402816772 0.160244673490524 0.154979214072227 0.153952226042747 0.155073687434196
0.155412703752518 0.157910898327827 0.152012348175049 0.152251154184341 0.160117536783218 0.171682372689247 0.18046809732914 0.176096364855766 0.158621355891228 0.149247765541077 0.153855174779892 0.154578447341919 0.158948838710785 0.160813704133034 0.160611853003502 0.16111446917057 0.153949722647667 0.150638476014137 0.144789695739746 0.135664492845535 0.14679828286171 0.153467640280724 0.157827645540237 0.159258976578712 0.143923193216324 0.137746199965477 0.147009491920471 0.152062967419624 0.14088237285614 0.136677533388138 0.141264542937279 0.150795623660088 0.155605152249336 0.145016700029373 0.153285622596741 0.164098531007767 0.167203813791275 0.14962249994278 0.141713321208954 0.147832348942757 0.158515766263008 0.155794143676758 0.155149817466736 0.155791789293289 0.160362303256989
0.158167570829391 0.158366784453392 0.159327313303947 0.160149767994881 0.160324707627296 0.167729750275612 0.175495162606239 0.171516284346581 0.151750206947327 0.149366199970245 0.154270157217979 0.154860407114029 0.158537015318871 0.158411338925362 0.156425565481186 0.155185177922249 0.153399854898453 0.148835465312004 0.141320794820786 0.135960295796394 0.145807877182961 0.15141487121582 0.147945567965508 0.14334625005722 0.13998056948185 0.13122321665287 0.13957542181015 0.142213776707649 0.133114263415337 0.135910019278526 0.138668224215508 0.144281163811684 0.147228896617889 0.143232196569443 0.157402008771896 0.155450999736786 0.149841874837875 0.145809084177017 0.146518036723137 0.152468606829643 0.154687076807022 0.153816089034081 0.158504113554955 0.15745621919632 0.161912962794304
0.165133357048035 0.162460878491402 0.159281298518181 0.157656714320183 0.158820390701294 0.16166627407074 0.168473973870277 0.169370025396347 0.156617566943169 0.158335447311401 0.154614955186844 0.150626465678215 0.152302518486977 0.152303606271744 0.149140030145645 0.151959180831909 0.157517820596695 0.146590694785118 0.142933458089828 0.137167796492577 0.137048035860062 0.142312824726105 0.141683772206306 0.135569155216217 0.133206397294998 0.13122321665287 0.131901025772095 0.129842713475227 0.134523570537567 0.144802123308182 0.145891264081001 0.144181922078133 0.139852255582809 0.141363695263863 0.158412933349609 0.150095224380493 0.148795694112778 0.151439726352692 0.154804155230522 0.162418738007545 0.158871337771416 0.153923436999321 0.152512222528458 0.15095080435276 0.158600255846977
0.168786451220512 0.165057256817818 0.162671998143196 0.160613685846329 0.160153612494469 0.158310905098915 0.166326075792313 0.167649433016777 0.160688653588295 0.16392856836319 0.154481112957001 0.14721591770649 0.146232694387436 0.149928867816925 0.153878092765808 0.155632734298706 0.154960110783577 0.146626815199852 0.150125443935394 0.140025332570076 0.135782986879349 0.142557710409164 0.147605195641518 0.132897049188614 0.135213643312454 0.143054947257042 0.143478006124496 0.138403013348579 0.143716439604759 0.149658858776093 0.149055138230324 0.147380232810974 0.141355723142624 0.145010367035866 0.155805498361588 0.150456637144089 0.152392625808716 0.153241246938705 0.158687978982925 0.170213088393211 0.164397671818733 0.157440677285194 0.152156263589859 0.150517344474792 0.158139944076538
0.163150876760483 0.16056527197361 0.163185551762581 0.163012653589249 0.160447925329208 0.157741501927376 0.163144290447235 0.165371417999268 0.163696184754372 0.163563460111618 0.156466409564018 0.153741866350174 0.153097346425056 0.154787585139275 0.158504098653793 0.154159590601921 0.148869395256042 0.1484045535326 0.153226912021637 0.150414153933525 0.147327408194542 0.147577524185181 0.149803802371025 0.137275665998459 0.148522853851318 0.154219150543213 0.148187965154648 0.142655059695244 0.147297948598862 0.147765517234802 0.14645379781723 0.147777110338211 0.145861700177193 0.148564919829369 0.153734564781189 0.154157862067223 0.153058409690857 0.147802963852882 0.152776196599007 0.162427917122841 0.156280234456062 0.150796875357628 0.149086102843285 0.154802173376083 0.165313422679901
