data/1_raw/trimmed_ndre/J_ndre.64.2012_no_clouds.asc
NCOLS 141 
NROWS 118 
XLLCORNER 516845 
YLLCORNER 5169015 
CELLSIZE 5 
NODATA_value -3.4e+38 
[rows 40 to 59 of 118, columns 0 to 44 of 141]
-3.4e+38 0.474550843238831 0.471263945102692 0.485077500343323 0.493349999189377 0.469193935394287 0.438396960496902 0.404891669750214 0.386065393686295 0.384926348924637 0.405524641275406 0.425776898860931 0.431556671857834 0.408692002296448 0.359950661659241 0.316064029932022 0.26606884598732 0.216921925544739 0.19270433485508 0.184186965227127 0.169095516204834 0.156257003545761 0.174989387392998 0.166214644908905 0.139326065778732 0.141536578536034 0.152742013335228 0.162905812263489 0.150939866900444 0.159126743674278 0.150641232728958 0.132434725761414 0.132017344236374 0.161757752299309 0.188501417636871 0.190259575843811 0.162218376994133 0.147488757967949 0.15473584830761 0.154641464352608 0.154939562082291 0.140157237648964 0.1544429063797 0.163258701562881 0.15828001499176
-3.4e+38 0.456668585538864 0.458792924880981 0.471046835184097 0.470832377672195 0.445811837911606 0.447551190853119 0.43351811170578 0.429796695709229 0.454271137714386 0.488295644521713 0.527614533901215 0.553112685680389 0.550605118274689 0.527436912059784 0.508078455924988 0.469656437635422 0.404685169458389 0.3494793176651 0.298404335975647 0.255303382873535 0.212035045027733 0.188862264156342 0.166918113827705 0.153830766677856 0.14440555870533 0.134174942970276 0.148823648691177 0.160101771354675 0.173559963703156 0.168915286660194 0.148649096488953 0.140461668372154 0.149458363652229 0.156008169054985 0.154566839337349 0.146148294210434 0.132074937224388 0.148864209651947 0.163652345538139 0.160876855254173 0.161216825246811 0.163187682628632 0.160198092460632 0.152935937047005
-3.4e+38 0.338922202587128 0.338026463985443 0.346347808837891 0.344442993402481 0.319451332092285 0.328415125608444 0.330885261297226 0.342384487390518 0.3878054022789 0.442135244607925 0.490248560905457 0.525719106197357 0.547945141792297 0.561874449253082 0.577172994613647 0.573803186416626 0.542011678218842 0.505976319313049 0.466776907444 0.421333372592926 0.365532279014587 0.305899977684021 0.254644930362701 0.22802908718586 0.203091904520988 0.170485273003578 0.155268952250481 0.148518234491348 0.149817392230034 0.150857746601105 0.154163345694542 0.151261135935783 0.14498408138752 0.1390181183815 0.136121302843094 0.153994783759117 0.167351230978966 0.154591843485832 0.153415367007256 0.141350597143173 0.146206438541412 0.155529513955116 0.172841414809227 0.168197840452194
-3.4e+38 0.22836934030056 0.205446943640709 0.201030343770981 0.21307447552681 0.208873242139816 0.213794082403183 0.211152672767639 0.221512213349342 0.250994265079498 0.283976972103119 0.319737404584885 0.360478669404984 0.410632848739624 0.460284799337387 0.505905210971832 0.538487911224365 0.555290997028351 0.562321305274963 0.570598244667053 0.567364156246185 0.529428720474243 0.475088864564896 0.416380524635315 0.366841197013855 0.295472532510757 0.233233407139778 0.199056372046471 0.160103186964989 0.138479933142662 0.138080835342407 0.147524327039719 0.155452251434326 0.153479903936386 0.1578658670187 0.154891654849052 0.14725786447525 0.160204842686653 0.139478549361229 0.139869853854179 0.17009536921978 0.171351000666618 0.167522713541985 0.174306869506836 0.1498022377491
-3.4e+38 0.172216400504112 0.151567593216896 0.184065774083138 0.183056592941284 0.165013983845711 0.164871975779533 0.159715056419373 0.16474811732769 0.180521309375763 0.198119893670082 0.20952495932579 0.219221651554108 0.249257355928421 0.291291803121567 0.337952256202698 0.388108849525452 0.427964627742767 0.474057555198669 0.522654712200165 0.553146600723267 0.564093947410583 0.552972793579102 0.535240828990936 0.508419394493103 0.447624146938324 0.379157185554504 0.321572542190552 0.260705411434174 0.203726142644882 0.167834162712097 0.159140676259995 0.157397031784058 0.15081974864006 0.159989327192307 0.15389296412468 0.13538384437561 0.145495012402534 0.142898485064507 0.150813475251198 0.182009801268578 0.165084987878799 0.1521827429533 0.157992124557495 0.145906746387482
-3.4e+38 0.160590425133705 0.175499483942986 0.199727758765221 0.178530797362328 0.163861140608788 0.175975605845451 0.173943772912025 0.170298233628273 0.164802148938179 0.160777136683464 0.153930112719536 0.152155816555023 0.17231023311615 0.195308446884155 0.219528868794441 0.245954141020775 0.252174228429794 0.304719060659409 0.361641108989716 0.408502072095871 0.460789442062378 0.505510210990906 0.540427505970001 0.546339094638824 0.523490369319916 0.491309493780136 0.451396316289902 0.391109347343445 0.323842912912369 0.260505199432373 0.202168673276901 0.165940791368484 0.149967283010483 0.159281894564629 0.151185974478722 0.143775463104248 0.163128271698952 0.169919431209564 0.16553221642971 0.149845123291016 0.132133677601814 0.138925313949585 0.155152827501297 0.158497750759125
-3.4e+38 0.192941784858704 0.184331238269806 0.175552636384964 0.186410754919052 0.187808960676193 0.192221626639366 0.189326927065849 0.17543463408947 0.155534401535988 0.156741693615913 0.166468694806099 0.164918467402458 0.171322464942932 0.176645457744598 0.178585290908813 0.179679676890373 0.157865956425667 0.17729240655899 0.211084619164467 0.262769907712936 0.311951756477356 0.370596766471863 0.430067151784897 0.471768021583557 0.503790497779846 0.508901059627533 0.509641408920288 0.500178694725037 0.467350631952286 0.415541172027588 0.344888508319855 0.264339774847031 0.205823004245758 0.192073702812195 0.178217798471451 0.160482227802277 0.15505787730217 0.150212526321411 0.148847684264183 0.142484843730927 0.143412783741951 0.153230354189873 0.158822149038315 0.158149614930153
-3.4e+38 0.189920783042908 0.164940983057022 0.16594785451889 0.184379830956459 0.183999061584473 0.184575855731964 0.188691094517708 0.170807555317879 0.158681809902191 0.166574344038963 0.172580763697624 0.176129102706909 0.17296476662159 0.186854556202888 0.195030316710472 0.198473200201988 0.190868616104126 0.187826216220856 0.179976642131805 0.184528276324272 0.191753849387169 0.226672604680061 0.264881402254105 0.317950397729874 0.397814035415649 0.433282196521759 0.465986698865891 0.496386408805847 0.517488777637482 0.517305970191956 0.489617943763733 0.419119417667389 0.34131184220314 0.291794866323471 0.239234134554863 0.195790767669678 0.166617333889008 0.153856456279755 0.153403803706169 0.151941105723381 0.155067473649979 0.153872385621071 0.153855800628662 0.151318997144699
-3.4e+38 0.156697645783424 0.179818406701088 0.182702839374542 0.172564506530762 0.162224322557449 0.160497263073921 0.176613986492157 0.171002417802811 0.177840143442154 0.184464558959007 0.174866676330566 0.173774972558022 0.179506942629814 0.190528824925423 0.193626895546913 0.196811988949776 0.184974119067192 0.176221609115601 0.166784763336182 0.168375566601753 0.177394762635231 0.187726929783821 0.197669297456741 0.188610732555389 0.224851384758949 0.276755899190903 0.331780672073364 0.3788942694664 0.436506867408752 0.482639253139496 0.497656583786011 0.478233754634857 0.430716037750244 0.3801628947258 0.342200368642807 0.29702827334404 0.242941796779633 0.207484886050224 0.178776517510414 0.162919238209724 0.162106573581696 0.155017048120499 0.156284004449844 0.152456000447273
-3.4e+38 0.130640476942062 0.158681288361549 0.175421357154846 0.163879588246346 0.155905172228813 0.158414646983147 0.17405378818512 0.17230786383152 0.18669630587101 0.193072006106377 0.189005449414253 0.196461766958237 0.192223191261292 0.177024245262146 0.175696223974228 0.186834737658501 0.178059354424477 0.169653996825218 0.170764371752739 0.17124280333519 0.177540585398674 0.176071017980576 0.17719903588295 0.16357684135437 0.165585726499557 0.189873456954956 0.215738475322723 0.255379378795624 0.291279286146164 0.331945806741714 0.368819266557693 0.396097302436829 0.424397081136703 0.434546798467636 0.43487885594368 0.406227350234985 0.363874852657318 0.315672069787979 0.262657850980759 0.237961620092392 0.216070294380188 0.212241157889366 0.229158103466034 0.228387445211411
-3.4e+38 0.157862156629562 0.141917258501053 0.153036579489708 0.1607456356287 0.164341673254967 0.169789776206017 0.177794799208641 0.175333589315414 0.182158127427101 0.174089282751083 0.171379506587982 0.179552152752876 0.189144164323807 0.178434163331985 0.173379808664322 0.181544065475464 0.181069552898407 0.173761308193207 0.167918533086777 0.171406894922256 0.168627247214317 0.165816262364388 0.169212907552719 0.185080796480179 0.187034770846367 0.181941956281662 0.168147072196007 0.166206762194633 0.179250314831734 0.190220579504967 0.208466082811356 0.233752995729446 0.287946343421936 0.337700843811035 0.35247814655304 0.355966180562973 0.370322495698929 0.36955651640892 0.3634073138237 0.38474041223526 0.369007080793381 0.356253772974014 0.357188820838928 0.345628261566162
-3.4e+38 0.172791168093681 0.144019961357117 0.137809783220291 0.153994113206863 0.160200595855713 0.167835623025894 0.176102265715599 0.176091924309731 0.176854595541954 0.162210434675217 0.152038469910622 0.161357045173645 0.199761882424355 0.19769275188446 0.187209963798523 0.18441167473793 0.180991932749748 0.174789294600487 0.172752723097801 0.181100383400917 0.181869834661484 0.175916820764542 0.162085399031639 0.165671318769455 0.165297657251358 0.156736955046654 0.151173427700996 0.143637448549271 0.153225228190422 0.171202704310417 0.18166284263134 0.195961877703667 0.209035813808441 0.212186560034752 0.214801236987114 0.222158029675484 0.252406686544418 0.289164781570435 0.333625108003616 0.389712363481522 0.396079450845718 0.408811986446381 0.419851362705231 0.390107095241547
-3.4e+38 0.145550474524498 0.153703510761261 0.151214733719826 0.153413280844688 0.15186819434166 0.156741172075272 0.168618857860565 0.175579071044922 0.173674494028091 0.164320454001427 0.159831970930099 0.162976250052452 0.189547806978226 0.192404866218567 0.184886455535889 0.175273135304451 0.173309057950974 0.171605467796326 0.170557305216789 0.180365025997162 0.178382366895676 0.17089669406414 0.173655167222023 0.170651242136955 0.162726998329163 0.151790514588356 0.165218442678452 0.168449357151985 0.161096155643463 0.184312850236893 0.188869163393974 0.194062575697899 0.199501991271973 0.18941867351532 0.171932384371758 0.169313415884972 0.195390328764915 0.216397613286972 0.235416695475578 0.257733702659607 0.265771150588989 0.275420397520065 0.295542001724243 0.279638797044754
-3.4e+38 0.159758701920509 0.160120293498039 0.154354870319366 0.155797228217125 0.152413636445999 0.152720794081688 0.156283617019653 0.158512979745865 0.161380663514137 0.166492834687233 0.180043190717697 0.168704599142075 0.157118454575539 0.165883094072342 0.170916005969048 0.165344104170799 0.164042994379997 0.166097953915596 0.166461825370789 0.170118883252144 0.174008265137672 0.172780454158783 0.178151711821556 0.17407152056694 0.166569292545319 0.161280870437622 0.161489397287369 0.174714803695679 0.182318598031998 0.188153132796288 0.188136786222458 0.168405875563622 0.180996164679527 0.197190970182419 0.180597439408302 0.168733686208725 0.169733718037605 0.159377872943878 0.16214619576931 0.180684387683868 0.18125693500042 0.174920201301575 0.198793143033981 0.193105205893517
-3.4e+38 0.158947125077248 0.141413882374763 0.150085046887398 0.151955544948578 0.145704448223114 0.154268175363541 0.154521495103836 0.15102231502533 0.151640206575394 0.159769356250763 0.169299095869064 0.167392015457153 0.154208704829216 0.158470347523689 0.166381388902664 0.167315095663071 0.167931422591209 0.166115969419479 0.170968994498253 0.173699468374252 0.18037012219429 0.176244661211967 0.167258024215698 0.165343776345253 0.1655513048172 0.174299001693726 0.16614194214344 0.170448884367943 0.192589700222015 0.192209705710411 0.179504245519638 0.174237847328186 0.197670847177505 0.196033716201782 0.170018821954727 0.172374308109283 0.171734139323235 0.16540864109993 0.163670688867569 0.17083814740181 0.154504224658012 0.139750704169273 0.17178401350975 0.176148429512978
-3.4e+38 0.150110170245171 0.144103273749352 0.155501469969749 0.155618995428085 0.146926090121269 0.160237461328506 0.163101583719254 0.161203280091286 0.167542725801468 0.164786830544472 0.16313374042511 0.15699477493763 0.154911264777184 0.166907712817192 0.174522176384926 0.179860189557076 0.178447887301445 0.16782520711422 0.17173108458519 0.18127915263176 0.189682006835938 0.18097260594368 0.164594084024429 0.165033802390099 0.165930941700935 0.171024680137634 0.173650443553925 0.165019929409027 0.183617040514946 0.192760705947876 0.176793277263641 0.175588756799698 0.179274424910545 0.168952465057373 0.160116866230965 0.179547712206841 0.19273416697979 0.195338785648346 0.17568027973175 0.163928881287575 0.157314896583557 0.143395721912384 0.147976979613304 0.153475224971771
-3.4e+38 0.151253715157509 0.14624248445034 0.151799246668816 0.147041633725166 0.147682279348373 0.164404973387718 0.167303144931793 0.164326518774033 0.16386853158474 0.164079084992409 0.162663534283638 0.15255968272686 0.155792534351349 0.172677099704742 0.179600462317467 0.184269770979881 0.179625913500786 0.162469416856766 0.157462626695633 0.170340076088905 0.177374705672264 0.174621894955635 0.173888742923737 0.167190209031105 0.163164213299751 0.162279456853867 0.161596655845642 0.152569308876991 0.157391101121902 0.187583148479462 0.187395393848419 0.179750919342041 0.176772683858871 0.165913164615631 0.178022876381874 0.186371564865112 0.171409443020821 0.161108836531639 0.159334063529968 0.160110220313072 0.156033858656883 0.1587023884058 0.146498143672943 0.146295040845871
-3.4e+38 0.138534367084503 0.144715875387192 0.137518674135208 0.130040436983109 0.144455954432487 0.160750776529312 0.163917943835258 0.162425115704536 0.15536530315876 0.162659794092178 0.168442204594612 0.162725389003754 0.169998943805695 0.170986592769623 0.170132160186768 0.178847119212151 0.174852043390274 0.163387537002563 0.16013565659523 0.17459511756897 0.178728103637695 0.170974642038345 0.166794434189796 0.162593185901642 0.162279456853867 0.150265783071518 0.151647344231606 0.160587847232819 0.163696706295013 0.177124053239822 0.186576709151268 0.187994733452797 0.191287025809288 0.181340560317039 0.186874434351921 0.179333373904228 0.157078251242638 0.148369446396828 0.147728994488716 0.157667145133018 0.150884419679642 0.147327587008476 0.156001836061478 0.153176367282867
-3.4e+38 0.142299845814705 0.156441956758499 0.147798225283623 0.141258895397186 0.148299247026443 0.156918063759804 0.159825667738914 0.1555997133255 0.144654586911201 0.145005643367767 0.157218843698502 0.165584310889244 0.169127926230431 0.162707537412643 0.159671604633331 0.178288877010345 0.183508694171906 0.176025301218033 0.167057350277901 0.174468085169792 0.17407238483429 0.161074176430702 0.150677174329758 0.144142404198647 0.152042075991631 0.158278495073318 0.170769035816193 0.187086567282677 0.181337863206863 0.17241545021534 0.1780054718256 0.188781157135963 0.182652845978737 0.171259135007858 0.193161308765411 0.182128608226776 0.170661970973015 0.160206153988838 0.1428132802248 0.144207537174225 0.155379399657249 0.155994519591331 0.16011355817318 0.154358774423599
-3.4e+38 0.163274809718132 0.16442146897316 0.158499926328659 0.155881851911545 0.15724390745163 0.158282995223999 0.158703789114952 0.156081736087799 0.150738641619682 0.146636724472046 0.15801428258419 0.168752565979958 0.163238316774368 0.155040875077248 0.15790082514286 0.176477551460266 0.183161422610283 0.177578687667847 0.167086184024811 0.172773167490959 0.170191451907158 0.162069454789162 0.155274793505669 0.159406647086143 0.170808255672455 0.179721876978874 0.179351180791855 0.187607660889626 0.184094980359077 0.174626484513283 0.186136856675148 0.177184835076332 0.159260734915733 0.148822575807571 0.171518698334694 0.167207896709442 0.161736965179443 0.162273824214935 0.15950058400631 0.155601382255554 0.160496011376381 0.167535468935966 0.163463145494461 0.152906179428101
