data/1_raw/trimmed_ndre/J_ndre.629.2013_no_clouds.asc
NCOLS 141 
NROWS 118 
XLLCORNER 516845 
YLLCORNER 5169015 
CELLSIZE 5 
NODATA_value -3.4e+38 
[rows 20 to 39 of 118, columns 45 to 89 of 141]
0.613312184810638 0.613981902599335 0.610805571079254 0.616224825382233 0.619342684745789 0.615732848644257 0.61630380153656 0.621780097484589 0.631110429763794 0.629969537258148 0.617993831634521 0.616305112838745 0.627188622951508 0.628152966499329 0.615058779716492 0.60574859380722 0.613469123840332 0.630999028682709 0.629368364810944 0.614444017410278 0.618454933166504 0.621468186378479 0.621578454971313 0.626167714595795 0.632806658744812 0.634181261062622 0.63413143157959 0.635072827339172 0.63713151216507 0.628626108169556 0.61570531129837 0.611198544502258 0.60535991191864 0.61128568649292 0.612521827220917 0.610322892665863 0.61983323097229 0.626753211021423 0.6168133020401 0.598652601242065 0.590315878391266 0.594585299491882 0.601757347583771 0.606671690940857 0.604508280754089
0.620702266693115 0.620621681213379 0.613849937915802 0.616511225700378 0.618711769580841 0.61956399679184 0.618288218975067 0.617336571216583 0.62908923625946 0.630409002304077 0.615793228149414 0.6136274933815 0.621717274188995 0.619234502315521 0.610692501068115 0.60752546787262 0.614168286323547 0.626266479492188 0.627374410629272 0.616673469543457 0.617529571056366 0.6193887591362 0.626743257045746 0.642560660839081 0.653222322463989 0.654184222221375 0.644763767719269 0.635079503059387 0.632505178451538 0.630761981010437 0.617116332054138 0.608825147151947 0.609464406967163 0.614799320697784 0.610933184623718 0.609502673149109 0.614965379238129 0.613456249237061 0.602522194385529 0.595874190330505 0.600852906703949 0.601621687412262 0.598741173744202 0.603829503059387 0.605352401733398
0.618742287158966 0.616828322410583 0.610933244228363 0.614249169826508 0.618932127952576 0.625138819217682 0.615690112113953 0.603667318820953 0.620044887065887 0.624399244785309 0.610308051109314 0.615363121032715 0.62269514799118 0.616477012634277 0.607236087322235 0.605719685554504 0.611265420913696 0.616737127304077 0.618183135986328 0.620816946029663 0.628753662109375 0.633953034877777 0.638351738452911 0.644781947135925 0.642051756381989 0.631977200508118 0.624390065670013 0.619298219680786 0.616423547267914 0.622870087623596 0.623952269554138 0.623238623142242 0.617326498031616 0.613958537578583 0.610500156879425 0.606038272380829 0.599262773990631 0.5914266705513 0.581213653087616 0.586905300617218 0.603138387203217 0.604705572128296 0.601467907428741 0.606649816036224 0.602533996105194
0.613142967224121 0.610157907009125 0.608227729797363 0.608190596103668 0.611497461795807 0.617492437362671 0.600823879241943 0.590935707092285 0.609838902950287 0.617246210575104 0.609919011592865 0.60774964094162 0.615817487239838 0.612464070320129 0.602796077728271 0.596817195415497 0.600416541099548 0.616788685321808 0.634999454021454 0.643649280071259 0.640965938568115 0.634160697460175 0.631665468215942 0.6311354637146 0.620387971401215 0.606028616428375 0.602193772792816 0.610072791576385 0.613077223300934 0.61195707321167 0.618133902549744 0.61780846118927 0.60171639919281 0.583670675754547 0.578047394752502 0.5793297290802 0.576899230480194 0.570546567440033 0.563452303409576 0.565955519676208 0.582772970199585 0.592001616954803 0.593776881694794 0.595308184623718 0.58892685174942
0.61105352640152 0.609567523002625 0.608117699623108 0.604189872741699 0.602250337600708 0.603206634521484 0.591016829013824 0.593361854553223 0.609354257583618 0.609053313732147 0.604736804962158 0.599334895610809 0.605755090713501 0.607020974159241 0.601352572441101 0.60034841299057 0.613595902919769 0.64064085483551 0.65812623500824 0.661004424095154 0.654627740383148 0.644200801849365 0.632558226585388 0.623179078102112 0.618588149547577 0.613603234291077 0.611634016036987 0.618209481239319 0.614113330841064 0.591858386993408 0.589991271495819 0.587829351425171 0.577506005764008 0.569261431694031 0.564788818359375 0.564992606639862 0.565406799316406 0.56526917219162 0.569756746292114 0.569308876991272 0.568846642971039 0.57252699136734 0.570675313472748 0.571153998374939 0.573994398117065
0.610749840736389 0.604516625404358 0.604810416698456 0.602249145507812 0.599100112915039 0.59530121088028 0.593282103538513 0.603643715381622 0.609307765960693 0.602743268013 0.600698709487915 0.60235869884491 0.603125989437103 0.60355681180954 0.604133903980255 0.612202048301697 0.630933225154877 0.64280903339386 0.645690977573395 0.642687857151031 0.641619145870209 0.640190005302429 0.636746108531952 0.627050399780273 0.620868504047394 0.613127410411835 0.604562640190125 0.597659587860107 0.593526601791382 0.572495460510254 0.571591854095459 0.579212725162506 0.570946633815765 0.569287836551666 0.570828437805176 0.563093543052673 0.557497799396515 0.558173418045044 0.554428935050964 0.546726882457733 0.549202740192413 0.554020702838898 0.551783561706543 0.547230780124664 0.545977056026459
0.617691099643707 0.611913084983826 0.60379296541214 0.601361572742462 0.601820051670074 0.592918336391449 0.590667605400085 0.604568719863892 0.60371607542038 0.599389970302582 0.60030323266983 0.606805980205536 0.609901964664459 0.614962160587311 0.617628335952759 0.617438733577728 0.618062078952789 0.615200877189636 0.620660603046417 0.627960801124573 0.628336846828461 0.629106640815735 0.629223167896271 0.620380580425262 0.60717761516571 0.599112153053284 0.59003221988678 0.570383071899414 0.572644889354706 0.574947118759155 0.574488759040833 0.577033758163452 0.563083589076996 0.560237407684326 0.566925585269928 0.560445547103882 0.553284585475922 0.544554710388184 0.526086390018463 0.518402397632599 0.532730937004089 0.546048760414124 0.534846782684326 0.531413912773132 0.531742334365845
0.607270658016205 0.605610907077789 0.597298562526703 0.597369134426117 0.602131962776184 0.597120344638824 0.592581331729889 0.594561398029327 0.597164392471313 0.600580513477325 0.602777004241943 0.617159307003021 0.629564940929413 0.630342483520508 0.625509142875671 0.614499747753143 0.614150047302246 0.622387826442719 0.634096264839172 0.63788241147995 0.630088567733765 0.618882536888123 0.606177508831024 0.595603704452515 0.583512008190155 0.586139500141144 0.592124998569489 0.571748077869415 0.568633913993835 0.584400057792664 0.5693598985672 0.553643226623535 0.534475803375244 0.540837168693542 0.55559366941452 0.553342461585999 0.544350385665894 0.536292195320129 0.52567332983017 0.519643902778625 0.512718021869659 0.514868140220642 0.514930248260498 0.523298025131226 0.53682142496109
0.591340959072113 0.589364647865295 0.586478710174561 0.587314188480377 0.589802801609039 0.588649570941925 0.585138082504272 0.587573289871216 0.599972248077393 0.612617433071136 0.624072790145874 0.630473434925079 0.634468019008636 0.627313792705536 0.615336000919342 0.612817287445068 0.615443408489227 0.624071657657623 0.631391227245331 0.634767711162567 0.62506890296936 0.610645532608032 0.588205993175507 0.575959026813507 0.567134141921997 0.574907839298248 0.597204267978668 0.585023641586304 0.56410413980484 0.56419712305069 0.537118315696716 0.519126176834106 0.517946600914001 0.524451315402985 0.533592224121094 0.535710215568542 0.536057353019714 0.537550032138824 0.538985788822174 0.525379240512848 0.491800248622894 0.486268669366837 0.503948211669922 0.514313459396362 0.536999046802521
0.587724983692169 0.585175573825836 0.580704987049103 0.5769904255867 0.577008783817291 0.576652467250824 0.577881336212158 0.589398562908173 0.608226478099823 0.624231278896332 0.632910847663879 0.624037086963654 0.620595037937164 0.608458340167999 0.593804955482483 0.600903332233429 0.609125077724457 0.603252947330475 0.592052817344666 0.590776443481445 0.597450971603394 0.597160756587982 0.584366261959076 0.568036198616028 0.557584583759308 0.546815872192383 0.557380497455597 0.562795698642731 0.535836517810822 0.52084892988205 0.512465000152588 0.50567626953125 0.511289715766907 0.514268696308136 0.514237999916077 0.521211504936218 0.536855041980743 0.543577134609222 0.546781778335571 0.528503715991974 0.494616359472275 0.486123204231262 0.499510705471039 0.510970234870911 0.535522043704987
0.580873847007751 0.578771650791168 0.575735747814178 0.575134813785553 0.579976856708527 0.583374738693237 0.584153831005096 0.599457859992981 0.61609274148941 0.620940864086151 0.620896220207214 0.618150770664215 0.615293145179749 0.604023575782776 0.594481885433197 0.598934412002563 0.605846881866455 0.611641407012939 0.609066963195801 0.597562372684479 0.58952659368515 0.59157121181488 0.580159962177277 0.567983508110046 0.554749369621277 0.531092464923859 0.521018207073212 0.530036985874176 0.515466392040253 0.503830850124359 0.497902482748032 0.47485938668251 0.488363802433014 0.507668852806091 0.511326789855957 0.520354151725769 0.535813391208649 0.544641971588135 0.541849374771118 0.532295882701874 0.51699960231781 0.498473316431046 0.502301275730133 0.527384102344513 0.549108862876892
0.569624662399292 0.569763898849487 0.57215940952301 0.577657043933868 0.583140671253204 0.58173805475235 0.578166663646698 0.589407742023468 0.602944135665894 0.609389901161194 0.615796267986298 0.621841430664062 0.621609628200531 0.61793577671051 0.617141902446747 0.612063109874725 0.608809947967529 0.607359766960144 0.607960224151611 0.597453594207764 0.587062120437622 0.580094814300537 0.561932384967804 0.535951197147369 0.53404301404953 0.531495630741119 0.516344010829926 0.518588542938232 0.519279599189758 0.494591563940048 0.46683931350708 0.445875942707062 0.471359968185425 0.502632081508636 0.513554394245148 0.518463671207428 0.533572912216187 0.545040547847748 0.541420698165894 0.535648047924042 0.527074873447418 0.515114188194275 0.525363385677338 0.557368755340576 0.578304171562195
0.563802480697632 0.565696954727173 0.569917261600494 0.57649952173233 0.58373886346817 0.574355602264404 0.561752498149872 0.566126883029938 0.582118690013885 0.598520517349243 0.605191051959991 0.619363307952881 0.624508559703827 0.623029112815857 0.626480162143707 0.607467114925385 0.590073227882385 0.579392075538635 0.569183766841888 0.568339228630066 0.567363560199738 0.560552060604095 0.538461804389954 0.520583748817444 0.520987510681152 0.528310477733612 0.515452802181244 0.49929067492485 0.483087331056595 0.450113326311111 0.444185346364975 0.458655208349228 0.478941947221756 0.491260439157486 0.504083275794983 0.527085423469543 0.542979300022125 0.552476286888123 0.547914326190948 0.5388263463974 0.538916289806366 0.547056078910828 0.558657765388489 0.586943030357361 0.609468877315521
0.565492510795593 0.571661412715912 0.575971305370331 0.585721790790558 0.594329416751862 0.574580371379852 0.552145302295685 0.552161514759064 0.556475043296814 0.572042465209961 0.58485221862793 0.607044577598572 0.610240161418915 0.602853238582611 0.606295883655548 0.589483499526978 0.570598423480988 0.555514812469482 0.546770989894867 0.555727303028107 0.55229777097702 0.539782047271729 0.528222322463989 0.524470031261444 0.516285598278046 0.508548736572266 0.486460149288177 0.459496289491653 0.436007469892502 0.426877677440643 0.452294170856476 0.472685128450394 0.491177380084991 0.503535985946655 0.526063859462738 0.555508852005005 0.558685183525085 0.557455539703369 0.558948397636414 0.558620512485504 0.563920438289642 0.575109899044037 0.583614945411682 0.608116269111633 0.624667704105377
0.565946698188782 0.5768723487854 0.586260855197906 0.598650574684143 0.601580739021301 0.575993239879608 0.550961673259735 0.544106364250183 0.537637531757355 0.545965969562531 0.567143976688385 0.592183291912079 0.587245166301727 0.566588878631592 0.56986790895462 0.571873903274536 0.558686792850494 0.545622229576111 0.527834892272949 0.523624420166016 0.53011679649353 0.523441672325134 0.522911369800568 0.524777114391327 0.520241379737854 0.502877235412598 0.468605250120163 0.44472473859787 0.436728477478027 0.440862447023392 0.466891288757324 0.482778698205948 0.50077897310257 0.528143286705017 0.556488752365112 0.574974656105042 0.58534049987793 0.59305077791214 0.60176146030426 0.598917782306671 0.590681552886963 0.593324661254883 0.610093295574188 0.630033075809479 0.629183232784271
0.563434362411499 0.569484174251556 0.580961585044861 0.593842148780823 0.587240755558014 0.562981963157654 0.543997883796692 0.534929215908051 0.533091902732849 0.541260719299316 0.566679835319519 0.578762352466583 0.564252018928528 0.537665665149689 0.534095168113708 0.54145884513855 0.528284847736359 0.508638441562653 0.488690048456192 0.483835875988007 0.502741515636444 0.508256196975708 0.509445488452911 0.509190440177917 0.501273453235626 0.487094819545746 0.464062660932541 0.451907396316528 0.451668709516525 0.463626652956009 0.483339250087738 0.49320924282074 0.509021103382111 0.533641874790192 0.552773416042328 0.570193946361542 0.593148827552795 0.617101728916168 0.639801561832428 0.627493798732758 0.614539682865143 0.617808640003204 0.616495192050934 0.625112891197205 0.624463617801666
0.55624383687973 0.563536643981934 0.565620005130768 0.577181756496429 0.569795668125153 0.546929061412811 0.538677334785461 0.529819488525391 0.531262516975403 0.532295823097229 0.53941684961319 0.535980403423309 0.524065256118774 0.5146803855896 0.497866690158844 0.490501880645752 0.475051492452621 0.458830773830414 0.460236549377441 0.460323959589005 0.476219832897186 0.490518778562546 0.494765967130661 0.49215042591095 0.480081647634506 0.464441359043121 0.457007348537445 0.45541974902153 0.460180878639221 0.472190171480179 0.491896986961365 0.510770261287689 0.535495281219482 0.564778208732605 0.579328417778015 0.58526349067688 0.599021136760712 0.619255840778351 0.641374051570892 0.625662207603455 0.611453592777252 0.610092222690582 0.596829473972321 0.611000895500183 0.621411502361298
0.553525686264038 0.582451343536377 0.576285481452942 0.553684711456299 0.54140692949295 0.534399807453156 0.536858081817627 0.528651595115662 0.52032083272934 0.515455424785614 0.516493856906891 0.495556086301804 0.474428415298462 0.471870243549347 0.455679655075073 0.443348675966263 0.429970443248749 0.433509916067123 0.46184828877449 0.475530862808228 0.485758244991302 0.500010669231415 0.497906982898712 0.492475420236588 0.483919262886047 0.470276325941086 0.475013673305511 0.482581049203873 0.477610260248184 0.476443737745285 0.498832583427429 0.529361367225647 0.55855119228363 0.585896253585815 0.602898001670837 0.613106071949005 0.623908519744873 0.627508819103241 0.624053061008453 0.601237952709198 0.590001821517944 0.584237158298492 0.5821852684021 0.605805933475494 0.607312679290771
0.542153775691986 0.556578099727631 0.547307252883911 0.527129471302032 0.524783194065094 0.528967022895813 0.529668807983398 0.519642651081085 0.514433562755585 0.520241975784302 0.526978313922882 0.495337218046188 0.450507879257202 0.447959572076797 0.452502131462097 0.438644707202911 0.417887657880783 0.423694312572479 0.456282407045364 0.4818035364151 0.506411075592041 0.522413969039917 0.516144096851349 0.496316164731979 0.489168286323547 0.489282578229904 0.502016663551331 0.510310113430023 0.493861883878708 0.483813643455505 0.512395262718201 0.554342687129974 0.577549993991852 0.593306601047516 0.606292963027954 0.616806924343109 0.622087955474854 0.6105597615242 0.591977715492249 0.581337153911591 0.58327054977417 0.568981170654297 0.562337517738342 0.575299322605133 0.555951654911041
0.501067757606506 0.509452104568481 0.516437232494354 0.518324494361877 0.521046340465546 0.526751518249512 0.527169942855835 0.526211857795715 0.53008633852005 0.543915271759033 0.544205188751221 0.523323833942413 0.484797358512878 0.467839121818542 0.468407183885574 0.453368335962296 0.429977983236313 0.434148699045181 0.457309007644653 0.489690154790878 0.525113940238953 0.537505865097046 0.532986521720886 0.523819267749786 0.52812248468399 0.51669842004776 0.506967782974243 0.511659145355225 0.497989773750305 0.503274619579315 0.537460327148438 0.574122786521912 0.593780994415283 0.600902676582336 0.608908653259277 0.610144257545471 0.605363607406616 0.593252658843994 0.575124323368073 0.572525560855865 0.58231246471405 0.551349639892578 0.51558792591095 0.505174040794373 0.479097753763199
