data/1_raw/trimmed_ndre/J_ndre.629.2013_no_clouds.asc
NCOLS 141 
NROWS 118 
XLLCORNER 516845 
YLLCORNER 5169015 
CELLSIZE 5 
NODATA_value -3.4e+38 
[rows 60 to 79 of 118, columns 45 to 89 of 141]
0.596593976020813 0.582222998142242 0.553194522857666 0.509698987007141 0.490692585706711 0.470196545124054 0.464252203702927 0.483609139919281 0.511002540588379 0.53875458240509 0.55694842338562 0.549488961696625 0.525413334369659 0.503801941871643 0.454959392547607 0.399124652147293 0.399733483791351 0.438927590847015 0.513761699199677 0.580045640468597 0.607562184333801 0.58866810798645 0.528228282928467 0.47522696852684 0.434908151626587 0.428293943405151 0.466178774833679 0.520184278488159 0.569602906703949 0.579433023929596 0.560239374637604 0.545764446258545 0.53653872013092 0.534040153026581 0.554088532924652 0.574854850769043 0.58374547958374 0.591317296028137 0.594167530536652 0.595147252082825 0.593462944030762 0.610150277614594 0.618604004383087 0.596354842185974 0.579660058021545
0.605132162570953 0.576801657676697 0.557798624038696 0.536750018596649 0.521946430206299 0.491827636957169 0.464529007673264 0.474601715803146 0.514225959777832 0.54650342464447 0.557375371456146 0.55360746383667 0.549176692962646 0.539702475070953 0.501367568969727 0.443291664123535 0.419055879116058 0.449797987937927 0.50503408908844 0.57165515422821 0.600651264190674 0.590723037719727 0.540557384490967 0.483927488327026 0.451906234025955 0.438904881477356 0.470110982656479 0.525072455406189 0.56783264875412 0.582826256752014 0.569257974624634 0.56102854013443 0.550836324691772 0.555177450180054 0.577485620975494 0.592261373996735 0.600672662258148 0.602131545543671 0.59728878736496 0.588213562965393 0.591489613056183 0.611984968185425 0.623359441757202 0.616350769996643 0.604935526847839
0.597116529941559 0.557679235935211 0.540315747261047 0.534903466701508 0.528693854808807 0.50979882478714 0.495584458112717 0.500240683555603 0.530937790870667 0.54840475320816 0.549253761768341 0.550047159194946 0.556163251399994 0.559640765190125 0.538246870040894 0.483868956565857 0.437318623065948 0.451316326856613 0.497582525014877 0.540955424308777 0.571642458438873 0.574823021888733 0.549849927425385 0.497845232486725 0.467858791351318 0.451087772846222 0.469145178794861 0.516498446464539 0.551854252815247 0.564331531524658 0.559705972671509 0.554002821445465 0.548882007598877 0.562522172927856 0.579693675041199 0.584370911121368 0.589021801948547 0.593165159225464 0.585840821266174 0.565114438533783 0.564423859119415 0.576733767986298 0.590545654296875 0.604507863521576 0.604762613773346
0.585565626621246 0.547740638256073 0.532635569572449 0.521240770816803 0.516241729259491 0.517929911613464 0.529192805290222 0.531581282615662 0.540594100952148 0.538801729679108 0.536064445972443 0.551961779594421 0.570607841014862 0.587178945541382 0.56228107213974 0.507546484470367 0.458347856998444 0.457092821598053 0.499207526445389 0.536746084690094 0.555686593055725 0.560464382171631 0.550694406032562 0.511362731456757 0.487844526767731 0.470555692911148 0.474030733108521 0.509334921836853 0.545708477497101 0.546548843383789 0.540341794490814 0.538081586360931 0.5415318608284 0.562313079833984 0.575015902519226 0.57900196313858 0.583084225654602 0.584097027778625 0.577723026275635 0.565143406391144 0.565901339054108 0.566080272197723 0.569133043289185 0.58459210395813 0.584949731826782
0.578400373458862 0.562607526779175 0.544273197650909 0.524646103382111 0.499269664287567 0.509308755397797 0.533957421779633 0.536023378372192 0.537374556064606 0.531863212585449 0.531507849693298 0.552056014537811 0.577823460102081 0.597428202629089 0.582723915576935 0.535305917263031 0.502680242061615 0.504012823104858 0.538930296897888 0.564777195453644 0.565137982368469 0.565529823303223 0.557231068611145 0.525680840015411 0.500790476799011 0.486340373754501 0.485332280397415 0.498891592025757 0.521571815013885 0.538799226284027 0.555853068828583 0.551209211349487 0.550207197666168 0.571908235549927 0.57887852191925 0.576740503311157 0.582909405231476 0.585327208042145 0.576408743858337 0.566963613033295 0.562908172607422 0.557643413543701 0.562613248825073 0.575255870819092 0.575321614742279
0.563393533229828 0.563098847866058 0.556315779685974 0.539202213287354 0.505059659481049 0.505007028579712 0.521896123886108 0.521416783332825 0.526567101478577 0.528148114681244 0.530792355537415 0.54153972864151 0.564879417419434 0.587160527706146 0.589459180831909 0.574375689029694 0.565602958202362 0.570108711719513 0.572930574417114 0.575431704521179 0.569770634174347 0.57380998134613 0.557570278644562 0.519705832004547 0.492525964975357 0.491435050964355 0.506811082363129 0.52330082654953 0.546897828578949 0.570574223995209 0.58762127161026 0.572465837001801 0.553354263305664 0.567053735256195 0.585400104522705 0.587933778762817 0.586837470531464 0.584900498390198 0.566532015800476 0.548765242099762 0.546777009963989 0.552046716213226 0.563076138496399 0.577236473560333 0.58039128780365
0.5428866147995 0.549781501293182 0.565761625766754 0.560147643089294 0.538264572620392 0.529414415359497 0.520199239253998 0.510720372200012 0.522463321685791 0.534716546535492 0.533143281936646 0.529034972190857 0.543523192405701 0.564152479171753 0.576121628284454 0.585293054580688 0.590129017829895 0.592617452144623 0.588880479335785 0.589364290237427 0.592671930789948 0.584766328334808 0.546707689762115 0.499668538570404 0.482970952987671 0.493659317493439 0.522958934307098 0.557493507862091 0.592372179031372 0.58649742603302 0.579140782356262 0.582677662372589 0.574005782604218 0.570860266685486 0.59184205532074 0.603100419044495 0.591818630695343 0.580325841903687 0.57308566570282 0.563455581665039 0.553496181964874 0.554663062095642 0.570067465305328 0.580066084861755 0.583330690860748
0.554860055446625 0.552129149436951 0.576399028301239 0.579132080078125 0.564557433128357 0.555242598056793 0.534287095069885 0.526637494564056 0.539026021957397 0.545027494430542 0.538882374763489 0.526746988296509 0.540289223194122 0.55648398399353 0.559963643550873 0.561560034751892 0.562797069549561 0.574754238128662 0.585891246795654 0.600849807262421 0.609509944915771 0.587629735469818 0.529589354991913 0.474398404359818 0.458053052425385 0.475803792476654 0.508509755134583 0.558840930461884 0.601650297641754 0.603520333766937 0.592368185520172 0.594870567321777 0.586252093315125 0.575803697109222 0.576140880584717 0.594885468482971 0.604222118854523 0.600530385971069 0.60043853521347 0.59637862443924 0.567187905311584 0.542935431003571 0.574150264263153 0.604067444801331 0.596725761890411
0.540346145629883 0.562579035758972 0.581641912460327 0.582406938076019 0.564858675003052 0.560917854309082 0.56377649307251 0.555235028266907 0.552074193954468 0.555004954338074 0.545839190483093 0.538628995418549 0.555042684078217 0.568861782550812 0.558975219726562 0.539523184299469 0.528666436672211 0.54768693447113 0.571666657924652 0.597377359867096 0.613551497459412 0.582302868366241 0.529591083526611 0.475100666284561 0.448775231838226 0.458430200815201 0.48574087023735 0.543890357017517 0.593557119369507 0.604693591594696 0.594164490699768 0.587185978889465 0.581529140472412 0.588113903999329 0.601164579391479 0.611713528633118 0.617685675621033 0.614730954170227 0.599183320999146 0.568652153015137 0.547393679618835 0.546469509601593 0.582159221172333 0.616165161132812 0.61451929807663
0.533917546272278 0.563922762870789 0.572604775428772 0.575061976909637 0.564135551452637 0.55155885219574 0.563982784748077 0.556253552436829 0.550149738788605 0.555174112319946 0.542268395423889 0.537430763244629 0.562098622322083 0.583836078643799 0.57557886838913 0.543926298618317 0.527235984802246 0.540328741073608 0.564591348171234 0.592096090316772 0.615799009799957 0.597120821475983 0.558785438537598 0.514724552631378 0.477529138326645 0.468046337366104 0.485912322998047 0.533138155937195 0.570675611495972 0.582500457763672 0.586868286132812 0.583866834640503 0.587504148483276 0.611676037311554 0.628853261470795 0.620469152927399 0.61173677444458 0.610656917095184 0.602854311466217 0.578427195549011 0.55853146314621 0.555413544178009 0.570058405399323 0.59432852268219 0.607554018497467
0.552156686782837 0.571966767311096 0.578703641891479 0.581376314163208 0.572590470314026 0.529147922992706 0.518770754337311 0.534257769584656 0.547609388828278 0.555519342422485 0.541909337043762 0.531194925308228 0.558964669704437 0.5959512591362 0.599562764167786 0.566806733608246 0.552472114562988 0.556318879127502 0.56847220659256 0.596603751182556 0.618237197399139 0.612958967685699 0.589330613613129 0.557276368141174 0.51526540517807 0.49395951628685 0.512459695339203 0.548538327217102 0.552789747714996 0.567755520343781 0.600415349006653 0.609525859355927 0.603749930858612 0.607789278030396 0.619759440422058 0.616480767726898 0.606115758419037 0.614095866680145 0.625415682792664 0.605327725410461 0.566091597080231 0.560888588428497 0.574575245380402 0.587684988975525 0.604501068592072
0.551315188407898 0.571735680103302 0.585352301597595 0.592071950435638 0.579208552837372 0.539221465587616 0.523478865623474 0.538927137851715 0.548968136310577 0.558984100818634 0.562624573707581 0.564826309680939 0.580147862434387 0.606599688529968 0.613252997398376 0.587854623794556 0.566906571388245 0.571333885192871 0.576528787612915 0.602782905101776 0.61332368850708 0.611592710018158 0.602052509784698 0.578666508197784 0.553096652030945 0.528745889663696 0.547160804271698 0.567119002342224 0.556493401527405 0.575209200382233 0.608522832393646 0.612818777561188 0.595394611358643 0.582817196846008 0.608734846115112 0.626933872699738 0.627088725566864 0.626798748970032 0.632652163505554 0.599622011184692 0.564322233200073 0.577476441860199 0.594352066516876 0.599397957324982 0.61011403799057
0.549650251865387 0.568124830722809 0.582987666130066 0.589585542678833 0.575355291366577 0.556700170040131 0.546405911445618 0.539756178855896 0.5396888256073 0.549814641475677 0.558248400688171 0.566416561603546 0.576054871082306 0.593261063098907 0.613213181495667 0.615938484668732 0.59460312128067 0.582196474075317 0.585713803768158 0.594566762447357 0.598847150802612 0.603841722011566 0.607282519340515 0.595661044120789 0.571819663047791 0.546757519245148 0.558576703071594 0.572331130504608 0.567246198654175 0.580580592155457 0.591672599315643 0.59196263551712 0.5898597240448 0.590883076190948 0.61311811208725 0.63522332906723 0.641839206218719 0.628471970558167 0.61597090959549 0.596361100673676 0.588163137435913 0.60691100358963 0.617544770240784 0.615308284759521 0.604980945587158
0.55981981754303 0.572070062160492 0.580888509750366 0.580552279949188 0.570108890533447 0.561866223812103 0.547435760498047 0.521589756011963 0.51612401008606 0.531531572341919 0.542298316955566 0.544146955013275 0.552442133426666 0.57384866476059 0.592698931694031 0.597870767116547 0.579897522926331 0.569336712360382 0.57595282793045 0.57842230796814 0.595488309860229 0.623113453388214 0.631728947162628 0.609568476676941 0.570589065551758 0.553140044212341 0.558055400848389 0.558519124984741 0.570728957653046 0.589261054992676 0.585641384124756 0.585799276828766 0.601326763629913 0.610511183738708 0.618705213069916 0.630144000053406 0.639506936073303 0.631975829601288 0.623500406742096 0.620448350906372 0.616601407527924 0.622549831867218 0.627488076686859 0.626696407794952 0.610518753528595
0.577300012111664 0.582061469554901 0.579322874546051 0.571270823478699 0.561762571334839 0.549830555915833 0.530558943748474 0.496313780546188 0.483878791332245 0.503722131252289 0.51757937669754 0.524641096591949 0.53478616476059 0.546093583106995 0.558137476444244 0.560799062252045 0.551698207855225 0.548462808132172 0.556280910968781 0.558271408081055 0.568601846694946 0.611667275428772 0.634267270565033 0.608871281147003 0.568631291389465 0.567735254764557 0.571930885314941 0.561439573764801 0.58528745174408 0.61310338973999 0.607491493225098 0.589989304542542 0.596263468265533 0.613216400146484 0.625763297080994 0.631852507591248 0.643746852874756 0.647309124469757 0.646182298660278 0.64119690656662 0.624571263790131 0.620591700077057 0.635016024112701 0.640258610248566 0.62732344865799
0.571189641952515 0.57543158531189 0.567453265190125 0.559651136398315 0.555490970611572 0.53836989402771 0.511837065219879 0.483348667621613 0.465535879135132 0.477089762687683 0.494682043790817 0.50433760881424 0.51326048374176 0.522913217544556 0.534253001213074 0.545519948005676 0.541734993457794 0.535715758800507 0.535569489002228 0.532779932022095 0.533769071102142 0.570723354816437 0.595828533172607 0.56916081905365 0.546047925949097 0.571135282516479 0.588173508644104 0.582656741142273 0.599343776702881 0.609760880470276 0.608249187469482 0.599033355712891 0.599666118621826 0.621889531612396 0.648711860179901 0.660331130027771 0.651821434497833 0.642698705196381 0.651219725608826 0.644741654396057 0.625996649265289 0.621690154075623 0.638064742088318 0.650857150554657 0.640007555484772
0.560830891132355 0.566383004188538 0.554524421691895 0.555341362953186 0.562084674835205 0.545789659023285 0.516742289066315 0.491011649370193 0.473335921764374 0.477827548980713 0.493876218795776 0.505497753620148 0.517436683177948 0.525222897529602 0.53675252199173 0.543138206005096 0.531307876110077 0.525590538978577 0.532060384750366 0.537363886833191 0.549652218818665 0.577472269535065 0.579108357429504 0.547957956790924 0.536334216594696 0.570520460605621 0.590063333511353 0.595804750919342 0.617016613483429 0.621935486793518 0.621947884559631 0.622684001922607 0.623350024223328 0.632860958576202 0.649088561534882 0.6592977643013 0.649462699890137 0.638401389122009 0.652000367641449 0.65264356136322 0.635338664054871 0.630460023880005 0.636412084102631 0.647213041782379 0.632086873054504
0.580479919910431 0.574753522872925 0.560409128665924 0.570436894893646 0.579810619354248 0.567041039466858 0.539151012897491 0.507453322410583 0.497122287750244 0.502595186233521 0.520523488521576 0.535149931907654 0.541701138019562 0.542773246765137 0.544159889221191 0.539296388626099 0.520795404911041 0.534240663051605 0.552699685096741 0.562491893768311 0.574451446533203 0.586353600025177 0.581560373306274 0.559689819812775 0.561768054962158 0.583477258682251 0.598119974136353 0.615792691707611 0.632384598255157 0.637204527854919 0.636532962322235 0.632754802703857 0.62910270690918 0.629117012023926 0.636354029178619 0.649720668792725 0.661022841930389 0.655973494052887 0.65044093132019 0.651253640651703 0.646998405456543 0.642405688762665 0.640450894832611 0.638575553894043 0.637300133705139
0.61215728521347 0.606034636497498 0.583797574043274 0.582457184791565 0.590873718261719 0.582031071186066 0.558274030685425 0.533480703830719 0.530553698539734 0.538659930229187 0.553425133228302 0.56573623418808 0.562194406986237 0.562998533248901 0.561427652835846 0.546273291110992 0.532159090042114 0.55476838350296 0.573577404022217 0.585078060626984 0.598613679409027 0.603796124458313 0.596936345100403 0.581948459148407 0.591698527336121 0.606574237346649 0.612272679805756 0.627084851264954 0.633065402507782 0.633329749107361 0.637093126773834 0.63920533657074 0.634550333023071 0.633335947990417 0.640453040599823 0.650855481624603 0.65641713142395 0.652081370353699 0.64521312713623 0.650040030479431 0.652759611606598 0.654130935668945 0.656002283096313 0.651288986206055 0.651248931884766
0.607951641082764 0.61025607585907 0.598764061927795 0.59245753288269 0.598058223724365 0.594447731971741 0.5823774933815 0.560108304023743 0.555275678634644 0.563392043113708 0.571354568004608 0.579002380371094 0.583225965499878 0.588590979576111 0.593542695045471 0.575326681137085 0.567927241325378 0.594561576843262 0.617227971553802 0.618752956390381 0.619512677192688 0.621894299983978 0.612371027469635 0.605198681354523 0.616218566894531 0.630949020385742 0.631581783294678 0.629915177822113 0.629347741603851 0.634078562259674 0.638990938663483 0.644722998142242 0.645251095294952 0.64588874578476 0.650337755680084 0.655690312385559 0.657482445240021 0.654118895530701 0.650101721286774 0.651580631732941 0.654083669185638 0.660830318927765 0.663959622383118 0.658700168132782 0.649701356887817
