data/1_raw/trimmed_ndre/J_ndre.629.2013_no_clouds.asc
NCOLS 141 
NROWS 118 
XLLCORNER 516845 
YLLCORNER 5169015 
CELLSIZE 5 
NODATA_value -3.4e+38 
[rows 60 to 79 of 118, columns 0 to 44 of 141]
-3.4e+38 0.541135013103485 0.544286012649536 0.548353374004364 0.565778434276581 0.571827232837677 0.564035415649414 0.563665926456451 0.563663601875305 0.580484211444855 0.585455894470215 0.597775995731354 0.597171664237976 0.580363154411316 0.557636082172394 0.523389518260956 0.487030386924744 0.455530494451523 0.453153848648071 0.473132133483887 0.516761600971222 0.558575451374054 0.578345358371735 0.583297252655029 0.586218237876892 0.588101208209991 0.571461021900177 0.558155477046967 0.565373182296753 0.572051584720612 0.56938648223877 0.569611430168152 0.580337703227997 0.591370403766632 0.591427326202393 0.582317888736725 0.581170439720154 0.570464432239532 0.544573128223419 0.518136918544769 0.484979122877121 0.481497198343277 0.510881125926971 0.553709805011749 0.593977332115173
-3.4e+38 0.545998632907867 0.544179439544678 0.54535835981369 0.54767769575119 0.548815667629242 0.5599724650383 0.578628420829773 0.58055055141449 0.586860239505768 0.592296063899994 0.59968900680542 0.590491950511932 0.558965682983398 0.529542207717896 0.496033996343613 0.462034732103348 0.441858321428299 0.474995493888855 0.520762860774994 0.54854553937912 0.572144746780396 0.59099006652832 0.598770141601562 0.598857939243317 0.59311443567276 0.582879841327667 0.571851134300232 0.562340557575226 0.569678783416748 0.590819358825684 0.606440544128418 0.607618987560272 0.601322412490845 0.601828277111053 0.609073579311371 0.61188679933548 0.58595210313797 0.543213546276093 0.510347843170166 0.485630929470062 0.481910526752472 0.519199192523956 0.576117515563965 0.616589725017548
-3.4e+38 0.537047982215881 0.532088398933411 0.539615631103516 0.542089760303497 0.536592423915863 0.559325695037842 0.581269204616547 0.579977214336395 0.579958558082581 0.577435672283173 0.569226026535034 0.554295659065247 0.524039924144745 0.497985422611237 0.486348748207092 0.484661340713501 0.48691338300705 0.51802921295166 0.551509201526642 0.560134589672089 0.570145785808563 0.592719435691833 0.615430653095245 0.617502808570862 0.596985280513763 0.582355976104736 0.57490074634552 0.56003201007843 0.574697017669678 0.60215300321579 0.61603319644928 0.61681854724884 0.605172693729401 0.609905302524567 0.618364095687866 0.613506197929382 0.587423264980316 0.55479884147644 0.529827535152435 0.506853401660919 0.491906881332397 0.526960730552673 0.580589413642883 0.615350365638733
-3.4e+38 0.522499561309814 0.522731065750122 0.535894811153412 0.547621667385101 0.541700005531311 0.560793936252594 0.576117217540741 0.568049669265747 0.563309669494629 0.552320063114166 0.536957383155823 0.524837970733643 0.521043539047241 0.50941663980484 0.51015967130661 0.530337512493134 0.546232342720032 0.559597551822662 0.569530010223389 0.571337401866913 0.573464334011078 0.567764818668365 0.586776077747345 0.606588661670685 0.586708009243011 0.569215953350067 0.573186457157135 0.575171768665314 0.587099492549896 0.596554040908813 0.60301274061203 0.607544720172882 0.602815508842468 0.608258783817291 0.609862506389618 0.599726796150208 0.57823520898819 0.553730666637421 0.530496180057526 0.507753729820251 0.494876384735107 0.522420167922974 0.572068750858307 0.602357864379883
-3.4e+38 0.510533571243286 0.513639986515045 0.529126048088074 0.545261681079865 0.551199913024902 0.567621767520905 0.575372278690338 0.562614023685455 0.55074155330658 0.533810973167419 0.520569384098053 0.516625761985779 0.533086121082306 0.545633912086487 0.54893696308136 0.570930659770966 0.586866617202759 0.59443587064743 0.59693431854248 0.585489928722382 0.568704009056091 0.545655846595764 0.55271053314209 0.587766647338867 0.591683566570282 0.58388888835907 0.586253464221954 0.59522408246994 0.599423050880432 0.602777540683746 0.603383362293243 0.606168866157532 0.600120186805725 0.599457025527954 0.604268014431 0.608352601528168 0.595785737037659 0.578635096549988 0.546594738960266 0.500910222530365 0.491860568523407 0.519969701766968 0.565860152244568 0.585615515708923
-3.4e+38 0.526477456092834 0.52648001909256 0.528856158256531 0.532564997673035 0.557847559452057 0.576314508914948 0.569486200809479 0.555046379566193 0.537891507148743 0.511513292789459 0.50408536195755 0.524084568023682 0.552532315254211 0.579595506191254 0.586268067359924 0.599792957305908 0.603278040885925 0.59943550825119 0.604941606521606 0.585497736930847 0.56729519367218 0.565436780452728 0.57409805059433 0.596020519733429 0.600182771682739 0.597792387008667 0.595256626605988 0.597052872180939 0.607264697551727 0.616686761379242 0.608602404594421 0.595241665840149 0.580884516239166 0.582467555999756 0.602225840091705 0.618914246559143 0.615855276584625 0.596591353416443 0.564630925655365 0.50532990694046 0.480117231607437 0.498764157295227 0.537733733654022 0.562909960746765
-3.4e+38 0.542237877845764 0.544871270656586 0.540345311164856 0.536786019802094 0.561604082584381 0.571404874324799 0.551677346229553 0.537234783172607 0.512523055076599 0.490088373422623 0.500430345535278 0.547087907791138 0.582918524742126 0.602181911468506 0.610812485218048 0.606476128101349 0.604425311088562 0.587531685829163 0.588512063026428 0.578676581382751 0.569440960884094 0.579723954200745 0.585668385028839 0.58678537607193 0.583748817443848 0.592235326766968 0.595121443271637 0.585946679115295 0.594726085662842 0.608522653579712 0.600991904735565 0.567784786224365 0.553286969661713 0.557561576366425 0.582650184631348 0.604109466075897 0.607653260231018 0.591787755489349 0.559408128261566 0.504005134105682 0.459918767213821 0.478066831827164 0.518899202346802 0.542586088180542
-3.4e+38 0.544456660747528 0.549314618110657 0.54943984746933 0.54548704624176 0.549820244312286 0.552894830703735 0.542144238948822 0.526253938674927 0.506671786308289 0.506041646003723 0.536832690238953 0.579251170158386 0.608858942985535 0.61578780412674 0.630897700786591 0.616255044937134 0.595421850681305 0.583596527576447 0.579208254814148 0.584786951541901 0.584833323955536 0.587647080421448 0.572412192821503 0.55130922794342 0.55637401342392 0.577890455722809 0.58061295747757 0.563679099082947 0.569768607616425 0.587919294834137 0.593140184879303 0.572511196136475 0.554695069789886 0.554529428482056 0.565350890159607 0.579389989376068 0.586078405380249 0.586925983428955 0.55787467956543 0.512133121490479 0.475854098796844 0.476674556732178 0.518229186534882 0.551984906196594
-3.4e+38 0.554518520832062 0.555018663406372 0.556504547595978 0.561932563781738 0.54734605550766 0.542448461055756 0.535094738006592 0.523219347000122 0.52223527431488 0.550769686698914 0.58509361743927 0.605269491672516 0.61991012096405 0.628438055515289 0.63012433052063 0.608850300312042 0.590489149093628 0.600175201892853 0.592537224292755 0.588660955429077 0.585265338420868 0.567085742950439 0.538596034049988 0.525775492191315 0.549724459648132 0.586646795272827 0.588851630687714 0.571011304855347 0.569889307022095 0.582690179347992 0.594265282154083 0.585077285766602 0.56740403175354 0.561971783638 0.561984598636627 0.574644684791565 0.581736624240875 0.587796568870544 0.56603068113327 0.536718606948853 0.509754121303558 0.474758595228195 0.477253824472427 0.505087018013
-3.4e+38 0.57878452539444 0.57449209690094 0.570386171340942 0.584956407546997 0.566564857959747 0.544368803501129 0.526626884937286 0.523324847221375 0.548735499382019 0.583347678184509 0.61173540353775 0.619893252849579 0.615281522274017 0.604182600975037 0.597472488880157 0.598021924495697 0.600599110126495 0.606296122074127 0.604886174201965 0.593901455402374 0.573565423488617 0.531979143619537 0.495529502630234 0.493034601211548 0.536802053451538 0.602629423141479 0.620601952075958 0.601744890213013 0.587716460227966 0.583203732967377 0.590506851673126 0.586597144603729 0.573160469532013 0.557308971881866 0.549609243869781 0.55214524269104 0.567138671875 0.581450939178467 0.572493612766266 0.544713079929352 0.509988784790039 0.47323152422905 0.46076101064682 0.486537396907806
-3.4e+38 0.589526891708374 0.588887989521027 0.576317846775055 0.576988220214844 0.563056528568268 0.543402373790741 0.522354245185852 0.531503915786743 0.569065630435944 0.606725871562958 0.629143893718719 0.618066489696503 0.587428987026215 0.566629648208618 0.579184532165527 0.596235156059265 0.610097110271454 0.621600985527039 0.621421217918396 0.611692428588867 0.569937765598297 0.500467956066132 0.442972183227539 0.442597448825836 0.509139478206635 0.597382426261902 0.637587010860443 0.623684227466583 0.60488086938858 0.583596169948578 0.575062692165375 0.576552748680115 0.572785079479218 0.554820418357849 0.541855096817017 0.5384241938591 0.557433843612671 0.577112853527069 0.573979139328003 0.558306634426117 0.522184550762177 0.490264922380447 0.483498573303223 0.511153101921082
-3.4e+38 0.585515081882477 0.581830859184265 0.579301953315735 0.57640552520752 0.561385035514832 0.541900217533112 0.537075400352478 0.558139562606812 0.606655418872833 0.633087575435638 0.634259164333344 0.599005579948425 0.565089881420135 0.552095592021942 0.571297466754913 0.608823835849762 0.632956087589264 0.644151568412781 0.637872517108917 0.623013079166412 0.582843363285065 0.50220137834549 0.437884777784348 0.417205631732941 0.490464866161346 0.593082070350647 0.648870468139648 0.646095991134644 0.615048170089722 0.584613502025604 0.563979148864746 0.569256603717804 0.569297850131989 0.556280076503754 0.542808413505554 0.541395425796509 0.560318291187286 0.579902768135071 0.579566359519958 0.565595030784607 0.535631835460663 0.509190917015076 0.496768355369568 0.514449119567871
-3.4e+38 0.601187884807587 0.599184215068817 0.597282648086548 0.588094472885132 0.567947089672089 0.54761666059494 0.550139367580414 0.580507516860962 0.630103766918182 0.644294083118439 0.620840907096863 0.575894832611084 0.546975255012512 0.566220641136169 0.594853579998016 0.631940722465515 0.649770855903625 0.653455495834351 0.651003479957581 0.645409882068634 0.620883703231812 0.551772177219391 0.473560512065887 0.430522501468658 0.478455781936646 0.578348159790039 0.637760698795319 0.633370101451874 0.60778534412384 0.580745339393616 0.560195624828339 0.561493337154388 0.568044900894165 0.563661754131317 0.546679735183716 0.542126357555389 0.555542945861816 0.5665602684021 0.572991192340851 0.565992295742035 0.548172891139984 0.524888873100281 0.515101432800293 0.526812195777893
-3.4e+38 0.620025515556335 0.616754710674286 0.612442255020142 0.595979273319244 0.575291574001312 0.561568677425385 0.575003623962402 0.609446406364441 0.642104685306549 0.639705836772919 0.596903443336487 0.558358490467072 0.550569236278534 0.599209785461426 0.621973633766174 0.637720346450806 0.658098220825195 0.663238704204559 0.658010423183441 0.660550594329834 0.646925270557404 0.596361875534058 0.492641061544418 0.443017035722733 0.476338654756546 0.547776579856873 0.598530173301697 0.603116750717163 0.585226655006409 0.546594977378845 0.526746869087219 0.539426922798157 0.565212428569794 0.574121475219727 0.557629704475403 0.552608072757721 0.559389412403107 0.562383532524109 0.573606431484222 0.573052644729614 0.561219453811646 0.552265405654907 0.547156751155853 0.550839126110077
-3.4e+38 0.622608602046967 0.619650602340698 0.613136529922485 0.598304629325867 0.580066919326782 0.574009895324707 0.595380842685699 0.632548451423645 0.651368021965027 0.631153225898743 0.571464776992798 0.53770524263382 0.55177104473114 0.606605231761932 0.634790539741516 0.636234521865845 0.656529486179352 0.660551130771637 0.652578890323639 0.659161508083344 0.646033942699432 0.608898341655731 0.543249130249023 0.479652404785156 0.486433297395706 0.532269418239594 0.582703828811646 0.593119978904724 0.570477187633514 0.519383311271667 0.494010329246521 0.521014750003815 0.559771418571472 0.579643845558167 0.574139654636383 0.576693654060364 0.580446064472198 0.5793616771698 0.586591184139252 0.590510249137878 0.589743673801422 0.580976068973541 0.567047774791718 0.56818950176239
-3.4e+38 0.617136418819427 0.622068583965302 0.617249727249146 0.602270781993866 0.587385714054108 0.587612867355347 0.607398271560669 0.640173971652985 0.650353014469147 0.617527365684509 0.556133449077606 0.516259789466858 0.540549397468567 0.60405033826828 0.632094979286194 0.62704610824585 0.649117827415466 0.647034466266632 0.642881333827972 0.659093141555786 0.655499398708344 0.636988162994385 0.601503014564514 0.534136474132538 0.514282822608948 0.543643236160278 0.568281292915344 0.581222295761108 0.577000617980957 0.540394067764282 0.509322941303253 0.529782354831696 0.565622448921204 0.589275419712067 0.590756833553314 0.593237340450287 0.591172277927399 0.585186660289764 0.587946534156799 0.595388650894165 0.598594784736633 0.583889722824097 0.562940955162048 0.560854136943817
-3.4e+38 0.620107769966125 0.618799030780792 0.612238943576813 0.606533110141754 0.600953102111816 0.60960978269577 0.634764015674591 0.652931153774261 0.649025797843933 0.612322092056274 0.560157358646393 0.51737654209137 0.543999671936035 0.601109504699707 0.615390241146088 0.621989369392395 0.64152854681015 0.629172205924988 0.626830399036407 0.644828975200653 0.651871085166931 0.651407241821289 0.631788551807404 0.587343215942383 0.565104365348816 0.578967690467834 0.585252702236176 0.600477993488312 0.608605980873108 0.590851902961731 0.572995603084564 0.576155185699463 0.59460723400116 0.608826220035553 0.604546546936035 0.596433699131012 0.589616060256958 0.578070044517517 0.58259505033493 0.590157091617584 0.591916859149933 0.572430789470673 0.551250517368317 0.548310995101929
-3.4e+38 0.614003121852875 0.606402039527893 0.608950436115265 0.610588908195496 0.609155833721161 0.621125459671021 0.646213412284851 0.658309042453766 0.649937987327576 0.605994045734406 0.559116184711456 0.524027645587921 0.537613809108734 0.582215130329132 0.595909535884857 0.621827781200409 0.629707932472229 0.610643982887268 0.609051764011383 0.614523649215698 0.626710712909698 0.643085896968842 0.62927782535553 0.610588371753693 0.596809864044189 0.602769374847412 0.616245865821838 0.629531502723694 0.628478109836578 0.614776372909546 0.610867917537689 0.61082798242569 0.620151817798615 0.633106291294098 0.628443896770477 0.62068897485733 0.613225340843201 0.592846095561981 0.587226271629333 0.599151253700256 0.600617587566376 0.576126635074615 0.556244552135468 0.564265072345734
-3.4e+38 0.591527938842773 0.601703107357025 0.614064574241638 0.62037193775177 0.621244251728058 0.622906923294067 0.642199456691742 0.656456828117371 0.646640181541443 0.601279377937317 0.548795402050018 0.533224642276764 0.530644357204437 0.556848704814911 0.586722731590271 0.628653526306152 0.628703117370605 0.604515552520752 0.595728397369385 0.59111213684082 0.606473088264465 0.621251702308655 0.614134848117828 0.60628467798233 0.59552925825119 0.598446667194366 0.61981326341629 0.634567081928253 0.633830189704895 0.619592010974884 0.617526054382324 0.621075928211212 0.62388950586319 0.626543939113617 0.622659921646118 0.626800179481506 0.626736640930176 0.608809411525726 0.59048467874527 0.596221685409546 0.607523262500763 0.594657838344574 0.583199858665466 0.597843885421753
0.561754465103149 0.579422116279602 0.604363858699799 0.619113087654114 0.619733095169067 0.615626513957977 0.621032655239105 0.637661576271057 0.649546980857849 0.630383491516113 0.58990752696991 0.550123870372772 0.546684324741364 0.54375147819519 0.54726254940033 0.579695880413055 0.621901452541351 0.615056991577148 0.595366895198822 0.589251577854156 0.587290585041046 0.60635370016098 0.612458467483521 0.605892837047577 0.597484171390533 0.586782991886139 0.591547667980194 0.615223705768585 0.622793972492218 0.619623601436615 0.61757105588913 0.619897961616516 0.622729063034058 0.619224786758423 0.609587788581848 0.607623755931854 0.60853898525238 0.606669425964355 0.598885774612427 0.595050811767578 0.605710923671722 0.620886564254761 0.614527463912964 0.595633208751678 0.59327107667923
