data/1_raw/trimmed_ndre/J_ndre.530.2014_no_clouds.asc
NCOLS 141 
NROWS 118 
XLLCORNER 516845 
YLLCORNER 5169015 
CELLSIZE 5 
NODATA_value -3.4e+38 
[rows 40 to 59 of 118, columns 90 to 134 of 141]
0.117387287318707 0.117728553712368 0.126660004258156 0.110261701047421 0.123390480875969 0.128757283091545 0.118423156440258 0.125124454498291 0.142648220062256 0.146458938717842 0.145432844758034 0.142780214548111 0.140954911708832 0.144002392888069 0.138669967651367 0.136116966605186 0.140368938446045 0.133600994944572 0.129022777080536 0.141570895910263 0.144174784421921 0.130921274423599 0.124646440148354 0.127647235989571 0.134947910904884 0.132178917527199 0.12850433588028 0.135885313153267 0.132974743843079 0.122312009334564 0.122590191662312 -3.4e+38 -3.4e+38 -3.4e+38 -3.4e+38 -3.4e+38 -3.4e+38 -3.4e+38 -3.4e+38 -3.4e+38 -3.4e+38 -3.4e+38 -3.4e+38 -3.4e+38 -3.4e+38
0.126196846365929 0.117527991533279 0.122731097042561 0.123908810317516 0.133383169770241 0.125712305307388 0.112596951425076 0.120300963521004 0.12028469145298 0.123634830117226 0.130373433232307 0.131499081850052 0.128829345107079 0.129506722092628 0.133147150278091 0.146569833159447 0.145792171359062 0.128518626093864 0.13018898665905 0.145362585783005 0.147980555891991 0.140800312161446 0.134189814329147 0.135389447212219 0.133584231138229 0.12711001932621 0.129967749118805 0.130703717470169 0.12094260007143 0.117017760872841 0.122606351971626 -3.4e+38 -3.4e+38 -3.4e+38 -3.4e+38 -3.4e+38 -3.4e+38 -3.4e+38 -3.4e+38 -3.4e+38 -3.4e+38 -3.4e+38 -3.4e+38 -3.4e+38 -3.4e+38
0.1291773468256 0.117704808712006 0.102065652608871 0.108506873250008 0.128081396222115 0.134316086769104 0.131434112787247 0.13042739033699 0.13532230257988 0.147395938634872 0.144642025232315 0.128445461392403 0.11914487183094 0.114845752716064 0.119155421853065 0.13408325612545 0.139513686299324 0.130596116185188 0.133510515093803 0.140149503946304 0.138044103980064 0.138441786170006 0.138934001326561 0.138974249362946 0.130952596664429 0.119244150817394 0.123159989714622 0.13400673866272 0.134233936667442 0.132407501339912 0.125460460782051 -3.4e+38 -3.4e+38 -3.4e+38 -3.4e+38 -3.4e+38 -3.4e+38 -3.4e+38 -3.4e+38 -3.4e+38 -3.4e+38 -3.4e+38 -3.4e+38 -3.4e+38 -3.4e+38
0.132905080914497 0.131137505173683 0.131332397460938 0.120878227055073 0.126285344362259 0.144534885883331 0.150901645421982 0.130074724555016 0.127844929695129 0.144409507513046 0.146203190088272 0.1305251121521 0.123174108564854 0.127638652920723 0.134096667170525 0.137640193104744 0.134851083159447 0.133448898792267 0.136553689837456 0.134842097759247 0.127631083130836 0.134995087981224 0.137383297085762 0.132301896810532 0.1284139752388 0.123884730041027 0.133205220103264 0.14413683116436 0.14604440331459 0.139969363808632 0.129738420248032 -3.4e+38 -3.4e+38 -3.4e+38 -3.4e+38 -3.4e+38 -3.4e+38 -3.4e+38 -3.4e+38 -3.4e+38 -3.4e+38 -3.4e+38 -3.4e+38 -3.4e+38 -3.4e+38
0.118961699306965 0.117392800748348 0.143241941928864 0.135698512196541 0.127878755331039 0.134844943881035 0.142136290669441 0.143956288695335 0.133281797170639 0.135012984275818 0.132462218403816 0.128285422921181 0.124827042222023 0.125329405069351 0.141957372426987 0.142270401120186 0.1290612667799 0.13333648443222 0.139510586857796 0.137531355023384 0.128248557448387 0.133263856172562 0.133182138204575 0.131111159920692 0.128811657428741 0.134132668375969 0.141066774725914 0.136304870247841 0.135530695319176 0.135570213198662 0.137458443641663 0.142749324440956 -3.4e+38 -3.4e+38 -3.4e+38 -3.4e+38 -3.4e+38 -3.4e+38 -3.4e+38 -3.4e+38 -3.4e+38 -3.4e+38 -3.4e+38 -3.4e+38 -3.4e+38
0.115884326398373 0.1164166405797 0.133175581693649 0.137101083993912 0.134993642568588 0.135082051157951 0.136164098978043 0.137955203652382 0.139897525310516 0.142827212810516 0.137826293706894 0.12488965690136 0.11920004338026 0.12194562703371 0.137479245662689 0.131714075803757 0.127190247178078 0.133769810199738 0.134328320622444 0.137359216809273 0.135678336024284 0.133944675326347 0.133719280362129 0.137100949883461 0.131310001015663 0.13385021686554 0.131493613123894 0.119512319564819 0.127662226557732 0.129052683711052 0.136954963207245 0.145242363214493 -3.4e+38 -3.4e+38 -3.4e+38 -3.4e+38 -3.4e+38 -3.4e+38 -3.4e+38 -3.4e+38 -3.4e+38 -3.4e+38 -3.4e+38 -3.4e+38 -3.4e+38
0.132177427411079 0.142578095197678 0.151711091399193 0.147960379719734 0.133924037218094 0.13198809325695 0.130154073238373 0.112182393670082 0.113514758646488 0.130345955491066 0.138030156493187 0.135830253362656 0.126841351389885 0.131474554538727 0.137991979718208 0.129354894161224 0.135830506682396 0.134539306163788 0.12461569160223 0.131947308778763 0.134816139936447 0.133621364831924 0.132564261555672 0.135599806904793 0.123479329049587 0.118985638022423 0.123762771487236 0.123185068368912 0.130117699503899 0.126681953668594 0.126079335808754 0.131958872079849 -3.4e+38 -3.4e+38 -3.4e+38 -3.4e+38 -3.4e+38 -3.4e+38 -3.4e+38 -3.4e+38 -3.4e+38 -3.4e+38 -3.4e+38 -3.4e+38 -3.4e+38
0.134048134088516 0.127521574497223 0.142698273062706 0.145685017108917 0.125488013029099 0.122877962887287 0.133962869644165 0.122207656502724 0.118841886520386 0.12291943281889 0.128690704703331 0.137027353048325 0.137522757053375 0.128885090351105 0.120247237384319 0.126567229628563 0.13880181312561 0.129994034767151 0.119888037443161 0.125543043017387 0.125368446111679 0.130063593387604 0.130041033029556 0.120553657412529 0.111111223697662 0.11188855022192 0.119633659720421 0.127156406641006 0.133796647191048 0.128614619374275 0.119375452399254 0.119317591190338 -3.4e+38 -3.4e+38 -3.4e+38 -3.4e+38 -3.4e+38 -3.4e+38 -3.4e+38 -3.4e+38 -3.4e+38 -3.4e+38 -3.4e+38 -3.4e+38 -3.4e+38
0.13152027130127 0.132442027330399 0.148384720087051 0.143419921398163 0.119340516626835 0.114848509430885 0.118772469460964 0.126178666949272 0.130957067012787 0.127273604273796 0.117783538997173 0.116331443190575 0.123687207698822 0.132858887314796 0.132485672831535 0.134889364242554 0.133682981133461 0.126923322677612 0.126561507582664 0.130451619625092 0.128453329205513 0.129212990403175 0.127887770533562 0.111306980252266 0.105420023202896 0.118582792580128 0.124348551034927 0.119768708944321 0.131002679467201 0.136765316128731 0.125956729054451 0.124236457049847 -3.4e+38 -3.4e+38 -3.4e+38 -3.4e+38 -3.4e+38 -3.4e+38 -3.4e+38 -3.4e+38 -3.4e+38 -3.4e+38 -3.4e+38 -3.4e+38 -3.4e+38
0.127445980906487 0.149851217865944 0.166381940245628 0.149816527962685 0.122512549161911 0.128029048442841 0.135466068983078 0.135697737336159 0.138454139232635 0.134454533457756 0.134968683123589 0.131789058446884 0.124269530177116 0.133379846811295 0.140358865261078 0.143127843737602 0.146401613950729 0.142450377345085 0.127352699637413 0.122044332325459 0.129084229469299 0.129750341176987 0.137224495410919 0.124659918248653 0.109091438353062 0.119393311440945 0.124937042593956 0.11209961771965 0.12283182144165 0.139609947800636 0.130019560456276 0.12501135468483 0.139768317341805 -3.4e+38 -3.4e+38 -3.4e+38 -3.4e+38 -3.4e+38 -3.4e+38 -3.4e+38 -3.4e+38 -3.4e+38 -3.4e+38 -3.4e+38 -3.4e+38
0.205769434571266 0.208283960819244 0.174699366092682 0.176780015230179 0.19496263563633 0.200555026531219 0.190617755055428 0.158917635679245 0.130226716399193 0.131533816456795 0.145383596420288 0.141945853829384 0.129285782575607 0.119833759963512 0.115619502961636 0.121866047382355 0.141189023852348 0.146576195955276 0.127280876040459 0.110861547291279 0.121499583125114 0.141505926847458 0.14296866953373 0.129593476653099 0.114767991006374 0.125357374548912 0.12837627530098 0.120180107653141 0.12734891474247 0.13297213613987 0.126048132777214 0.11619670689106 0.128889039158821 -3.4e+38 -3.4e+38 -3.4e+38 -3.4e+38 -3.4e+38 -3.4e+38 -3.4e+38 -3.4e+38 -3.4e+38 -3.4e+38 -3.4e+38 -3.4e+38
0.362321436405182 0.363258868455887 0.352674424648285 0.347469866275787 0.332272708415985 0.275616258382797 0.228133946657181 0.189933106303215 0.139482975006104 0.124496981501579 0.133851632475853 0.122831180691719 0.128958806395531 0.135554596781731 0.12969334423542 0.126060783863068 0.12764236330986 0.132363125681877 0.127722233533859 0.120799496769905 0.126487582921982 0.13835321366787 0.135896638035774 0.128687024116516 0.129324913024902 0.145070478320122 0.146590664982796 0.132702738046646 0.129318237304688 0.126285195350647 0.127663835883141 0.117291696369648 0.129673734307289 -3.4e+38 -3.4e+38 -3.4e+38 -3.4e+38 -3.4e+38 -3.4e+38 -3.4e+38 -3.4e+38 -3.4e+38 -3.4e+38 -3.4e+38 -3.4e+38
0.477642953395844 0.450953304767609 0.409967243671417 0.377010345458984 0.334661334753036 0.26723837852478 0.206372618675232 0.176813393831253 0.142351821064949 0.111453451216221 0.108778022229671 0.106997758150101 0.122456982731819 0.135597676038742 0.135311096906662 0.12889951467514 0.120115220546722 0.111974790692329 0.111745901405811 0.114304803311825 0.125242635607719 0.131262600421906 0.131748676300049 0.150996953248978 0.145608305931091 0.138382345438004 0.139623954892159 0.137808978557587 0.133828461170197 0.13475202023983 0.143941655755043 0.136970937252045 0.135368317365646 -3.4e+38 -3.4e+38 -3.4e+38 -3.4e+38 -3.4e+38 -3.4e+38 -3.4e+38 -3.4e+38 -3.4e+38 -3.4e+38 -3.4e+38 -3.4e+38
0.385902315378189 0.343215078115463 0.267379075288773 0.22068078815937 0.214050874114037 0.178827524185181 0.14754056930542 0.147995203733444 0.13908177614212 0.117960408329964 0.114447869360447 0.120673276484013 0.129668444395065 0.143376797437668 0.143370643258095 0.129559606313705 0.127999812364578 0.133936077356339 0.134935319423676 0.129924684762955 0.125074133276939 0.136926278471947 0.142838448286057 0.154854446649551 0.145193055272102 0.129248186945915 0.138878718018532 0.143644228577614 0.141912370920181 0.136992633342743 0.133618950843811 0.125417366623878 0.125460162758827 0.128592520952225 -3.4e+38 -3.4e+38 -3.4e+38 -3.4e+38 -3.4e+38 -3.4e+38 -3.4e+38 -3.4e+38 -3.4e+38 -3.4e+38 -3.4e+38
0.193095132708549 0.192826554179192 0.165716230869293 0.154301464557648 0.1502985060215 0.116160042583942 0.118329957127571 0.142647564411163 0.148954972624779 0.141186520457268 0.13659505546093 0.126318126916885 0.122330099344254 0.143634825944901 0.157278925180435 0.141736403107643 0.125925749540329 0.129175946116447 0.136237487196922 0.135195761919022 0.128158271312714 0.132071748375893 0.134550973773003 0.135780453681946 0.141150444746017 0.140488162636757 0.146507754921913 0.145277917385101 0.136027991771698 0.126824855804443 0.119145646691322 0.116328671574593 0.12713135778904 0.140830427408218 -3.4e+38 -3.4e+38 -3.4e+38 -3.4e+38 -3.4e+38 -3.4e+38 -3.4e+38 -3.4e+38 -3.4e+38 -3.4e+38 -3.4e+38
0.160038277506828 0.173224404454231 0.140817284584045 0.121630176901817 0.134782493114471 0.119475431740284 0.124324947595596 0.139888405799866 0.137792766094208 0.133545503020287 0.13473953306675 0.119720660150051 0.105327822268009 0.118223696947098 0.135685160756111 0.140301287174225 0.129581958055496 0.115657083690166 0.1139315366745 0.113937698304653 0.127114072442055 0.133775964379311 0.134567320346832 0.136757880449295 0.146314784884453 0.138248026371002 0.130429401993752 0.123565338551998 0.112707868218422 0.114884652197361 0.12895755469799 0.134841740131378 0.139919191598892 0.151504918932915 -3.4e+38 -3.4e+38 -3.4e+38 -3.4e+38 -3.4e+38 -3.4e+38 -3.4e+38 -3.4e+38 -3.4e+38 -3.4e+38 -3.4e+38
0.145503774285316 0.155018404126167 0.142050683498383 0.110092177987099 0.126189604401588 0.12492997199297 0.120357036590576 0.128593564033508 0.128908604383469 0.126772776246071 0.128342494368553 0.133358016610146 0.13522869348526 0.130408257246017 0.132771715521812 0.134664326906204 0.135002195835114 0.128632470965385 0.122178949415684 0.113036878407001 0.117474116384983 0.13176666200161 0.140237346291542 0.151813477277756 0.148887276649475 0.13868273794651 0.133849903941154 0.125375971198082 0.114906378090382 0.115742169320583 0.134214296936989 0.140526637434959 0.139703378081322 0.139178201556206 -3.4e+38 -3.4e+38 -3.4e+38 -3.4e+38 -3.4e+38 -3.4e+38 -3.4e+38 -3.4e+38 -3.4e+38 -3.4e+38 -3.4e+38
0.145362824201584 0.152535304427147 0.146665349602699 0.106717981398106 0.113257370889187 0.138577178120613 0.12876495718956 0.116312921047211 0.131749406456947 0.13508939743042 0.126053914427757 0.118999898433685 0.134430855512619 0.140405058860779 0.133179694414139 0.127397328615189 0.117730729281902 0.115214206278324 0.11875943094492 0.11908932775259 0.113400116562843 0.11957923322916 0.126671463251114 0.147669106721878 0.148016542196274 0.136132627725601 0.143435835838318 0.145280912518501 0.138180941343307 0.130696535110474 0.133562460541725 0.125407129526138 0.124305069446564 0.116926729679108 0.11846386641264 -3.4e+38 -3.4e+38 -3.4e+38 -3.4e+38 -3.4e+38 -3.4e+38 -3.4e+38 -3.4e+38 -3.4e+38 -3.4e+38
0.142836511135101 0.15828201174736 0.148632436990738 0.121097132563591 0.122599378228188 0.142452523112297 0.127604573965073 0.104636117815971 0.123228013515472 0.123794987797737 0.112188227474689 0.116502121090889 0.127795696258545 0.132411703467369 0.122763551771641 0.124323636293411 0.11783155798912 0.112806670367718 0.119205251336098 0.12832498550415 0.12185125797987 0.120262250304222 0.126861914992332 0.163842052221298 0.162628963589668 0.131734326481819 0.133199363946915 0.139890506863594 0.141961216926575 0.127698168158531 0.115643799304962 0.109948597848415 0.115561597049236 0.112272799015045 0.116160273551941 -3.4e+38 -3.4e+38 -3.4e+38 -3.4e+38 -3.4e+38 -3.4e+38 -3.4e+38 -3.4e+38 -3.4e+38 -3.4e+38
0.142203643918037 0.167984366416931 0.162522256374359 0.129753172397614 0.128890499472618 0.129749968647957 0.116450399160385 0.110360190272331 0.122080340981483 0.113034680485725 0.111632958054543 0.126585975289345 0.12098404020071 0.12023963034153 0.111622683703899 0.109780743718147 0.116853587329388 0.116766333580017 0.122789241373539 0.132381230592728 0.135577604174614 0.131412535905838 0.130209878087044 0.164817333221436 0.161292999982834 0.12970769405365 0.116861678659916 0.121257968246937 0.135050281882286 0.130475103855133 0.114206083118916 0.115165993571281 0.111881598830223 0.111231699585915 0.125773966312408 0.120189838111401 -3.4e+38 -3.4e+38 -3.4e+38 -3.4e+38 -3.4e+38 -3.4e+38 -3.4e+38 -3.4e+38 -3.4e+38
