data/1_raw/trimmed_ndre/J_ndre.625.2012_no_clouds.asc
NCOLS 141 
NROWS 118 
XLLCORNER 516845 
YLLCORNER 5169015 
CELLSIZE 5 
NODATA_value -3.4e+38 
[rows 40 to 59 of 118, columns 45 to 89 of 141]
0.171242699027061 0.177208855748177 0.202143505215645 0.207342728972435 0.221106305718422 0.232655853033066 0.237837359309196 0.249169245362282 0.237223088741302 0.234616532921791 0.25150528550148 0.236343055963516 0.210164457559586 0.209550336003304 0.216840237379074 0.217899560928345 0.190987393260002 0.157634377479553 0.15097476541996 0.150768861174583 0.162489458918571 0.164932250976562 0.143038168549538 0.153710648417473 0.176244050264359 0.168362140655518 0.164356380701065 0.157297268509865 0.158520042896271 0.175507172942162 0.192942172288895 0.203772872686386 0.196660295128822 0.184639006853104 0.184244006872177 0.195331633090973 0.217296540737152 0.22458404302597 0.224477723240852 0.232551887631416 0.22125680744648 0.203429162502289 0.204292640089989 0.203022465109825 0.206554263830185
0.187853872776031 0.195734068751335 0.214577555656433 0.228058993816376 0.235834211111069 0.24435006082058 0.253604114055634 0.25518211722374 0.240251377224922 0.231035217642784 0.235569536685944 0.230626985430717 0.230167999863625 0.219308033585548 0.218944996595383 0.224637612700462 0.210698783397675 0.180563032627106 0.170915752649307 0.15328024327755 0.152620702981949 0.157897517085075 0.149526685476303 0.149374589323997 0.152861595153809 0.146325334906578 0.159776136279106 0.156067505478859 0.15240640938282 0.17194265127182 0.192344322800636 0.210911646485329 0.215779811143875 0.208489269018173 0.204796031117439 0.210969403386116 0.224836215376854 0.225225225090981 0.225052654743195 0.224089488387108 0.217089861631393 0.206904381513596 0.20771649479866 0.211983576416969 0.213425725698471
0.215475916862488 0.214712992310524 0.215392112731934 0.222216859459877 0.226346850395203 0.230350747704506 0.233848497271538 0.240750253200531 0.246783882379532 0.236431092023849 0.235523954033852 0.238238602876663 0.246272474527359 0.226008608937263 0.205107897520065 0.217394724488258 0.233399718999863 0.212121620774269 0.177119225263596 0.155601069331169 0.14123497903347 0.151957914233208 0.158930286765099 0.141942009329796 0.131222546100616 0.142583847045898 0.162807703018188 0.169870734214783 0.176164194941521 0.192061185836792 0.202595978975296 0.217036440968513 0.225863233208656 0.220480486750603 0.23674675822258 0.249210938811302 0.237907633185387 0.217638939619064 0.213988870382309 0.207559123635292 0.202144667506218 0.21069709956646 0.215767532587051 0.219024136662483 0.21489180624485
0.236195117235184 0.227353736758232 0.211697518825531 0.211549744009972 0.21760605275631 0.216376721858978 0.211595371365547 0.2229905128479 0.232904106378555 0.21298947930336 0.211744457483292 0.217773795127869 0.220111504197121 0.226764440536499 0.206307306885719 0.204271733760834 0.222333043813705 0.209156513214111 0.178684428334236 0.162730276584625 0.149967864155769 0.151833117008209 0.160079121589661 0.14900815486908 0.137470006942749 0.14304706454277 0.168026506900787 0.190216585993767 0.207473605871201 0.220284223556519 0.228384435176849 0.236646369099617 0.256663709878922 0.258594632148743 0.251106023788452 0.255996733903885 0.231623485684395 0.20663945376873 0.214819014072418 0.208497077226639 0.200364395976067 0.207093521952629 0.21352119743824 0.215230286121368 0.211719825863838
0.229962676763535 0.216183751821518 0.196798756718636 0.201325729489326 0.210279181599617 0.207308173179626 0.197864726185799 0.198513060808182 0.204633548855782 0.193386033177376 0.185964867472649 0.187228113412857 0.195832490921021 0.214733824133873 0.210375159978867 0.198978781700134 0.200169056653976 0.199016943573952 0.196160286664963 0.179890513420105 0.165536224842072 0.165991187095642 0.173627406358719 0.167965859174728 0.149335354566574 0.140991106629372 0.173572733998299 0.217072993516922 0.231652855873108 0.228643015027046 0.220061704516411 0.216869086027145 0.242182806134224 0.245888233184814 0.222804635763168 0.24059097468853 0.217568755149841 0.197740241885185 0.216477274894714 0.201196536421776 0.192630395293236 0.201018154621124 0.204819828271866 0.218736127018929 0.228735134005547
0.232897967100143 0.214351907372475 0.192483723163605 0.204195186495781 0.211458668112755 0.204555585980415 0.19465459883213 0.196151226758957 0.208524793386459 0.208851933479309 0.190801844000816 0.190294474363327 0.194712474942207 0.201015755534172 0.210062384605408 0.211258143186569 0.205814123153687 0.203598618507385 0.20305760204792 0.182404890656471 0.163696557283401 0.174421548843384 0.183556243777275 0.17010523378849 0.154031574726105 0.15269747376442 0.1817307472229 0.226695075631142 0.236149147152901 0.221516564488411 0.199280083179474 0.188292980194092 0.189478486776352 0.197379156947136 0.210071116685867 0.231052502989769 0.215061441063881 0.20351804792881 0.209733560681343 0.191248655319214 0.196186348795891 0.205870568752289 0.206976339221001 0.220582976937294 0.229647040367126
0.239019885659218 0.222504034638405 0.20141926407814 0.210197255015373 0.215571776032448 0.20890599489212 0.201534867286682 0.210091292858124 0.226280480623245 0.226984664797783 0.21012918651104 0.201875060796738 0.194305628538132 0.196678534150124 0.207886815071106 0.206465184688568 0.199084430932999 0.192772135138512 0.190439775586128 0.178121596574783 0.159510940313339 0.159711584448814 0.172165870666504 0.159320563077927 0.152047514915466 0.172965422272682 0.18913197517395 0.212603971362114 0.21445070207119 0.191946864128113 0.175784558057785 0.169458776712418 0.169797793030739 0.190730080008507 0.219529077410698 0.227299496531487 0.211914479732513 0.205222010612488 0.201175972819328 0.192171931266785 0.206668734550476 0.213095277547836 0.207124054431915 0.210052758455276 0.215634658932686
0.221282288432121 0.21946556866169 0.212138876318932 0.209416776895523 0.205035105347633 0.202843755483627 0.213861405849457 0.225029706954956 0.220212712883949 0.198480516672134 0.21152001619339 0.243509158492088 0.242943793535233 0.23258101940155 0.218480423092842 0.201615944504738 0.204448595643044 0.215429604053497 0.217540994286537 0.205151557922363 0.172528505325317 0.156255155801773 0.163626179099083 0.157638072967529 0.168058976531029 0.197957992553711 0.202189177274704 0.214701056480408 0.195176303386688 0.162639424204826 0.169523894786835 0.181824520230293 0.189712345600128 0.208197683095932 0.215807810425758 0.205387964844704 0.19929863512516 0.203388467431068 0.200748562812805 0.189790070056915 0.196188002824783 0.201484933495522 0.19710910320282 0.196360468864441 0.203080266714096
0.196471035480499 0.214872509241104 0.252465695142746 0.279212594032288 0.266345977783203 0.24258990585804 0.245359063148499 0.293052941560745 0.329318046569824 0.323704749345779 0.336526572704315 0.358759015798569 0.343266487121582 0.344369411468506 0.363925576210022 0.368881791830063 0.355197340250015 0.342096835374832 0.32456174492836 0.300444573163986 0.279956847429276 0.260687917470932 0.255176663398743 0.24189293384552 0.227912157773972 0.223939538002014 0.236729145050049 0.259341508150101 0.265995442867279 0.24275466799736 0.231031477451324 0.217134460806847 0.209661364555359 0.213761493563652 0.214413046836853 0.208705902099609 0.20461505651474 0.203201726078987 0.195806801319122 0.191692605614662 0.193322703242302 0.198434516787529 0.199134945869446 0.200885638594627 0.210038393735886
0.323627233505249 0.336492985486984 0.351501256227493 0.366931021213531 0.369860470294952 0.358059078454971 0.348179787397385 0.358509212732315 0.399647146463394 0.438987970352173 0.464018225669861 0.481769025325775 0.490699082612991 0.498217344284058 0.511811912059784 0.517457485198975 0.508368730545044 0.501841127872467 0.494890213012695 0.484263211488724 0.464869290590286 0.437809407711029 0.413185119628906 0.404376655817032 0.403374046087265 0.414992034435272 0.418128132820129 0.417435109615326 0.419402986764908 0.409357815980911 0.385976493358612 0.369603365659714 0.348954528570175 0.328844398260117 0.310236364603043 0.274075984954834 0.244634315371513 0.230513066053391 0.225229635834694 0.230972126126289 0.240950465202332 0.235922425985336 0.222479373216629 0.218300446867943 0.219011664390564
0.430754154920578 0.411484986543655 0.392579942941666 0.368614792823792 0.347664207220078 0.331461310386658 0.318750500679016 0.295040875673294 0.28408807516098 0.31171914935112 0.351270765066147 0.39578914642334 0.432683289051056 0.458113700151443 0.477820336818695 0.492695897817612 0.506260097026825 0.524205267429352 0.53060644865036 0.538485765457153 0.541901886463165 0.529667258262634 0.523181617259979 0.537828505039215 0.556338489055634 0.542182862758636 0.529518365859985 0.531140565872192 0.534433305263519 0.534610331058502 0.522128224372864 0.508140385150909 0.49695286154747 0.47794571518898 0.466853380203247 0.448695033788681 0.427684634923935 0.403156131505966 0.374844938516617 0.338368505239487 0.324346035718918 0.327181607484818 0.319661408662796 0.330294281244278 0.326249629259109
0.371541231870651 0.341231614351273 0.30699297785759 0.281961530447006 0.25609216094017 0.224536061286926 0.206708163022995 0.205565646290779 0.214353904128075 0.207064047455788 0.197835847735405 0.221087276935577 0.250065684318542 0.280963540077209 0.316174805164337 0.334973633289337 0.350911825895309 0.364341497421265 0.379486083984375 0.408955067396164 0.427192986011505 0.426812797784805 0.446013212203979 0.468800365924835 0.482137829065323 0.473840206861496 0.478739470243454 0.498560160398483 0.520489454269409 0.532450795173645 0.516900956630707 0.505009233951569 0.521065235137939 0.531304121017456 0.53538453578949 0.535515427589417 0.534857511520386 0.524673581123352 0.508572101593018 0.495879471302032 0.494120061397552 0.491220086812973 0.479948401451111 0.482961922883987 0.47439831495285
0.238410443067551 0.242554813623428 0.217951044440269 0.197953894734383 0.195945546030998 0.190491646528244 0.187645196914673 0.191815301775932 0.206455245614052 0.191843554377556 0.1740632802248 0.192490234971046 0.216886714100838 0.224751502275467 0.215368539094925 0.208091646432877 0.209924086928368 0.222541898488998 0.233539134263992 0.252545237541199 0.263478845357895 0.249676257371902 0.240616843104362 0.258429706096649 0.280454397201538 0.297703266143799 0.327785819768906 0.339377105236053 0.354309409856796 0.380443215370178 0.402727067470551 0.414450585842133 0.437850922346115 0.452328890562057 0.459778189659119 0.461250692605972 0.472563832998276 0.486221343278885 0.495360851287842 0.508863747119904 0.524859666824341 0.533166885375977 0.53607577085495 0.534687995910645 0.523042798042297
0.189979553222656 0.189727306365967 0.190092027187347 0.195776626467705 0.205412432551384 0.207189664244652 0.193206742405891 0.184027716517448 0.196730270981789 0.204809993505478 0.199026942253113 0.199088275432587 0.202530756592751 0.198938369750977 0.194873124361038 0.201517313718796 0.212797954678535 0.214037343859673 0.193461745977402 0.176411241292953 0.179966986179352 0.181393966078758 0.184834167361259 0.208875462412834 0.21043972671032 0.191275104880333 0.189266100525856 0.188495665788651 0.211112216114998 0.2411078363657 0.254916191101074 0.265963554382324 0.262360394001007 0.264995634555817 0.289680868387222 0.309349000453949 0.327811270952225 0.358124673366547 0.378365218639374 0.388926327228546 0.400450497865677 0.422156363725662 0.428532332181931 0.429412484169006 0.424700289964676
0.188039049506187 0.191179618239403 0.194328606128693 0.192812412977219 0.19202995300293 0.194662898778915 0.194903925061226 0.181541115045547 0.17977511882782 0.195490553975105 0.195670083165169 0.195186838507652 0.204460456967354 0.208976551890373 0.207807525992393 0.20373360812664 0.200799316167831 0.197003975510597 0.18446159362793 0.177542835474014 0.182371333241463 0.181010752916336 0.184272304177284 0.195827722549438 0.203040018677711 0.196893215179443 0.189878135919571 0.188573628664017 0.19400529563427 0.190601766109467 0.172504588961601 0.169270977377892 0.168236300349236 0.185527965426445 0.213298127055168 0.219074487686157 0.207385823130608 0.207022652029991 0.230674281716347 0.255634129047394 0.27978304028511 0.290853440761566 0.290456533432007 0.261532306671143 0.246252655982971
0.195579543709755 0.208521410822868 0.215972855687141 0.211867392063141 0.197785794734955 0.190552324056625 0.198465466499329 0.200067594647408 0.194177597761154 0.197774082422256 0.204185605049133 0.203937694430351 0.20718152821064 0.212862893939018 0.214749604463577 0.211679145693779 0.208953350782394 0.203638300299644 0.196217894554138 0.194265127182007 0.200461894273758 0.194332763552666 0.199541673064232 0.211417689919472 0.214469343423843 0.206740707159042 0.201445430517197 0.198960676789284 0.196061685681343 0.181686758995056 0.175025761127472 0.179697394371033 0.178815305233002 0.183231577277184 0.195456951856613 0.195560395717621 0.192263782024384 0.198813065886497 0.212883412837982 0.214478760957718 0.211833924055099 0.2164027094841 0.229838684201241 0.225846663117409 0.218492493033409
0.198212876915932 0.202240213751793 0.214632585644722 0.216042265295982 0.204549595713615 0.195689752697945 0.199166014790535 0.202939838171005 0.204217031598091 0.208721503615379 0.218060746788979 0.207100704312325 0.199289903044701 0.204823046922684 0.213944658637047 0.212505996227264 0.213775485754013 0.218674644827843 0.220677137374878 0.208659514784813 0.197951301932335 0.196767225861549 0.212597027420998 0.223761156201363 0.217881008982658 0.209426432847977 0.207577526569366 0.199683487415314 0.18747915327549 0.16802279651165 0.170982375741005 0.189906373620033 0.195612475275993 0.200969740748405 0.206689462065697 0.205342561006546 0.197510465979576 0.198845624923706 0.206271722912788 0.203704297542572 0.204318091273308 0.21295702457428 0.228552594780922 0.233569487929344 0.222646310925484
0.205070063471794 0.202735096216202 0.204932123422623 0.204041600227356 0.195611521601677 0.194459319114685 0.201178357005119 0.206132620573044 0.208152294158936 0.211671143770218 0.212681710720062 0.206921219825745 0.207159876823425 0.211209639906883 0.213197305798531 0.203810304403305 0.202195793390274 0.21039716899395 0.220242783427238 0.216454952955246 0.20897713303566 0.204076156020164 0.202668815851212 0.210959225893021 0.207400813698769 0.204914003610611 0.206496492028236 0.195539221167564 0.182234242558479 0.174705535173416 0.190444752573967 0.206476509571075 0.205774277448654 0.210073366761208 0.213604003190994 0.208129122853279 0.196154534816742 0.190956518054008 0.199626833200455 0.202958106994629 0.195223391056061 0.191857367753983 0.211201936006546 0.229628413915634 0.230897411704063
0.205498054623604 0.207384273409843 0.211126193404198 0.210436373949051 0.206146165728569 0.207939505577087 0.211223095655441 0.211453959345818 0.207930564880371 0.201338067650795 0.197605043649673 0.197473138570786 0.203014984726906 0.206510186195374 0.204368695616722 0.201671928167343 0.206352949142456 0.206753745675087 0.211613595485687 0.221019089221954 0.224484145641327 0.216444924473763 0.203878507018089 0.209885403513908 0.19352413713932 0.192267894744873 0.208127573132515 0.19952329993248 0.19607275724411 0.195880234241486 0.20051409304142 0.200661614537239 0.202695399522781 0.210134163498878 0.206817626953125 0.204017370939255 0.198310241103172 0.192637220025063 0.201131597161293 0.197825640439987 0.183176547288895 0.184144601225853 0.209200263023376 0.228212505578995 0.222248405218124
0.198510929942131 0.199349269270897 0.201758533716202 0.200202286243439 0.202556967735291 0.206368654966354 0.201682835817337 0.205027267336845 0.206894442439079 0.197917863726616 0.191988959908485 0.193445652723312 0.197120428085327 0.193977832794189 0.194004982709885 0.202069029211998 0.213601365685463 0.209984824061394 0.20738959312439 0.212142512202263 0.207482114434242 0.207961037755013 0.207909256219864 0.210115060210228 0.196372672915459 0.203050464391708 0.213147848844528 0.190254509449005 0.194666162133217 0.205409184098244 0.20135124027729 0.194767192006111 0.203695729374886 0.214234694838524 0.210354179143906 0.211082115769386 0.204763010144234 0.199731975793839 0.203908309340477 0.198173716664314 0.193086713552475 0.195230454206467 0.21078160405159 0.213858217000961 0.202172666788101
