data/1_raw/trimmed_ndre/J_ndre.728.2009_no_clouds.asc
NCOLS 141 
NROWS 118 
XLLCORNER 516845 
YLLCORNER 5169015 
CELLSIZE 5 
NODATA_value -3.4e+38 
[rows 80 to 99 of 118, columns 90 to 134 of 141]
0.233658790588379 0.22522334754467 0.212010905146599 0.210187658667564 0.212955862283707 0.215643420815468 0.231248036026955 0.229868605732918 0.230758145451546 0.2351094186306 0.2303297072649 0.223549202084541 0.220969244837761 0.213274642825127 0.193640902638435 0.186310991644859 0.203045263886452 0.214989304542542 0.218577653169632 0.248200163245201 0.295405864715576 0.295199394226074 0.276973009109497 0.25978022813797 0.244633510708809 0.225942581892014 0.179846227169037 0.187267825007439 0.203219354152679 0.179048657417297 0.178987339138985 0.193932175636292 0.2007797062397 0.195345625281334 0.207849845290184 0.214635968208313 0.20109435915947 0.197979331016541 0.189665466547012 0.195332214236259 0.201949909329414 0.202925488352776 -3.4e+38 -3.4e+38 -3.4e+38
0.222144529223442 0.219170719385147 0.216288655996323 0.224527075886726 0.226151794195175 0.221081137657166 0.23051381111145 0.220575273036957 0.218033105134964 0.232491061091423 0.23513063788414 0.228153616189957 0.217479094862938 0.206961154937744 0.19997151196003 0.208810895681381 0.205979183316231 0.204655706882477 0.221827000379562 0.25201004743576 0.286442786455154 0.291409522294998 0.296921372413635 0.288366734981537 0.234824106097221 0.221964359283447 0.200727343559265 0.182749688625336 0.188155382871628 0.16344065964222 0.163348004221916 0.191296592354774 0.1999441832304 0.190722644329071 0.203333541750908 0.217276602983475 0.210210487246513 0.190351560711861 0.191599801182747 0.202805787324905 0.21591705083847 0.19715778529644 -3.4e+38 -3.4e+38 -3.4e+38
0.221829608082771 0.219284668564796 0.228872269392014 0.243575066328049 0.241366267204285 0.240973100066185 0.240368694067001 0.219855085015297 0.210764214396477 0.224654540419579 0.227671310305595 0.216742753982544 0.203110367059708 0.212873533368111 0.214249894022942 0.209669649600983 0.194401502609253 0.193588972091675 0.217534735798836 0.232599720358849 0.250769048929214 0.288324356079102 0.294024080038071 0.267356753349304 0.22187465429306 0.225251153111458 0.221451595425606 0.184783816337585 0.188752427697182 0.189089149236679 0.180044203996658 0.192961394786835 0.192678093910217 0.194153666496277 0.206143826246262 0.211573094129562 0.21355776488781 0.196645706892014 0.216854691505432 0.218580484390259 0.222203522920609 0.221155941486359 -3.4e+38 -3.4e+38 -3.4e+38
0.226017653942108 0.224424794316292 0.230768486857414 0.242316201329231 0.239396497607231 0.243434220552444 0.242988556623459 0.223246991634369 0.21180422604084 0.215852186083794 0.20678785443306 0.193339005112648 0.202613711357117 0.22426475584507 0.211121171712875 0.187381774187088 0.186764150857925 0.185866698622704 0.200987324118614 0.20668338239193 0.235299438238144 0.27468928694725 0.270164728164673 0.255157470703125 0.249842032790184 0.226415529847145 0.211746707558632 0.202147796750069 0.213746443390846 0.219612464308739 0.206674963235855 0.206063702702522 0.205030038952827 0.210755065083504 0.212544128298759 0.205859914422035 0.21168640255928 0.196201130747795 0.190508425235748 0.18940581381321 0.203832745552063 0.219372525811195 -3.4e+38 -3.4e+38 -3.4e+38
0.225496724247932 0.223511248826981 0.22229777276516 0.222568675875664 0.220797166228294 0.222304835915565 0.234595462679863 0.219828367233276 0.216741263866425 0.21776020526886 0.197010412812233 0.192282319068909 0.218375116586685 0.229918196797371 0.205053552985191 0.180884152650833 0.190802454948425 0.181147322058678 0.189614146947861 0.210176706314087 0.231181845068932 0.259630233049393 0.27299240231514 0.278120458126068 0.257439106702805 0.211579024791718 0.197966262698174 0.220362544059753 0.222857192158699 0.212675362825394 0.205726966261864 0.206622824072838 0.202190071344376 0.20537069439888 0.20882910490036 0.206456363201141 0.200969323515892 0.187944680452347 0.186315283179283 0.180710971355438 0.181012123823166 0.191893696784973 -3.4e+38 -3.4e+38 -3.4e+38
0.22232261300087 0.220771193504333 0.214746534824371 0.214200243353844 0.213965177536011 0.208381310105324 0.226555690169334 0.216712474822998 0.214052364230156 0.225494965910912 0.212889686226845 0.213596656918526 0.227316126227379 0.226478025317192 0.211412936449051 0.197913527488708 0.193811655044556 0.181174084544182 0.184240862727165 0.219584867358208 0.233483642339706 0.268292337656021 0.304662108421326 0.283358871936798 0.248790815472603 0.232468038797379 0.196011245250702 0.214710161089897 0.215131551027298 0.19597564637661 0.194012328982353 0.202553912997246 0.198439583182335 0.190626665949821 0.194951087236404 0.205309495329857 0.209038898348808 0.205929234623909 0.205301240086555 0.194138765335083 0.197333723306656 0.210339069366455 0.213547587394714 -3.4e+38 -3.4e+38
0.223651975393295 0.216937586665154 0.213041633367538 0.229306995868683 0.238823771476746 0.220148250460625 0.218862786889076 0.213600054383278 0.211534842848778 0.227128535509109 0.230522006750107 0.221765726804733 0.207422390580177 0.215655326843262 0.225565984845161 0.210621640086174 0.205062493681908 0.197752386331558 0.191467955708504 0.223905622959137 0.249809294939041 0.278113126754761 0.298456788063049 0.265302211046219 0.262136787176132 0.256948381662369 0.196603924036026 0.204922094941139 0.204930603504181 0.174978479743004 0.175104528665543 0.206285774707794 0.209481343626976 0.189462974667549 0.184067115187645 0.198157012462616 0.215821176767349 0.213709235191345 0.206706672906876 0.204870209097862 0.208415195345879 0.2210643440485 0.22228966653347 0.227495029568672 -3.4e+38
0.221966356039047 0.2117540538311 0.208851531147957 0.228589326143265 0.24809168279171 0.233193665742874 0.222030594944954 0.218107476830482 0.217766940593719 0.214447945356369 0.213058978319168 0.217348575592041 0.199314951896667 0.208917960524559 0.223410576581955 0.219399198889732 0.226202100515366 0.216365933418274 0.205219775438309 0.230113282799721 0.254038631916046 0.263694435358047 0.265247344970703 0.269606053829193 0.27180489897728 0.242550864815712 0.213323697447777 0.210218295454979 0.191905230283737 0.170935899019241 0.173184141516685 0.214762359857559 0.2244803160429 0.207774356007576 0.198101833462715 0.198436111211777 0.20686636865139 0.197668433189392 0.196071833372116 0.205924049019814 0.205805197358131 0.221468940377235 0.236657425761223 0.239920824766159 0.237606689333916
0.223245397210121 0.216970145702362 0.211320921778679 0.217310070991516 0.23323629796505 0.237816378474236 0.226929649710655 0.22418412566185 0.221335753798485 0.211642295122147 0.220373049378395 0.233134284615517 0.214233353734016 0.214027732610703 0.22982819378376 0.227693036198616 0.218728914856911 0.211505174636841 0.22025990486145 0.228906288743019 0.226920008659363 0.242666646838188 0.264863580465317 0.285474300384521 0.258947134017944 0.226267173886299 0.224884003400803 0.211017191410065 0.184598669409752 0.179941415786743 0.187736690044403 0.210088416934013 0.216630697250366 0.213635742664337 0.212345942854881 0.201637074351311 0.195745393633842 0.183098301291466 0.188156366348267 0.202349036931992 0.202067539095879 0.215916022658348 0.229903683066368 0.234495475888252 0.218449905514717
0.20459358394146 0.196856543421745 0.20746223628521 0.211169883608818 0.21737739443779 0.233718231320381 0.242692828178406 0.24210099875927 0.223532319068909 0.225603073835373 0.244998127222061 0.227001905441284 0.211033627390862 0.224836632609367 0.231743156909943 0.211219921708107 0.187006428837776 0.202557593584061 0.223209455609322 0.209611132740974 0.213004305958748 0.250275701284409 0.280851423740387 0.287221491336823 0.260422348976135 0.222474932670593 0.210466772317886 0.202719032764435 0.185088604688644 0.182578653097153 0.197540014982224 0.200229942798615 0.2055344581604 0.208958804607391 0.209277123212814 0.196135625243187 0.184896290302277 0.182461619377136 0.186836376786232 0.20152236521244 0.208424657583237 0.216918095946312 0.213331758975983 0.214755728840828 0.213917076587677
0.20722983777523 0.201840102672577 0.213108345866203 0.224012672901154 0.226498425006866 0.220718145370483 0.22284559905529 0.231936633586884 0.224525183439255 0.221044361591339 0.235265031456947 0.223126351833344 0.218547254800797 0.225766360759735 0.213551908731461 0.196942746639252 0.186731904745102 0.197439715266228 0.205289229750633 0.198909983038902 0.224393665790558 0.255870521068573 0.285891354084015 0.300296574831009 0.271002918481827 0.239437341690063 0.215025722980499 0.196023359894753 0.180330947041512 0.17713326215744 0.196762159466743 0.20797498524189 0.211290284991264 0.213505446910858 0.218284115195274 0.209719017148018 0.204410299658775 0.19936241209507 0.188960358500481 0.200554311275482 0.208140537142754 0.204904824495316 0.195853367447853 0.208676218986511 0.240817964076996
0.228458136320114 0.222595423460007 0.217827185988426 0.215884879231453 0.223114177584648 0.210302531719208 0.205696046352386 0.221162885427475 0.232973739504814 0.226758986711502 0.231722876429558 0.228561833500862 0.217002496123314 0.209141373634338 0.199103474617004 0.201865077018738 0.214906737208366 0.202227607369423 0.191293522715569 0.202929064631462 0.234620094299316 0.282985717058182 0.304938226938248 0.316798120737076 0.303261399269104 0.275320202112198 0.224140822887421 0.198726624250412 0.194363385438919 0.196896880865097 0.202751025557518 0.217143565416336 0.213342770934105 0.212298169732094 0.218660414218903 0.217822402715683 0.223496064543724 0.21122719347477 0.19993881881237 0.209997326135635 0.21167017519474 0.207291185855865 0.202843561768532 0.204396530985832 0.217417538166046
0.229007109999657 0.225205793976784 0.219437837600708 0.21386307477951 0.221070393919945 0.221891805529594 0.224426686763763 0.229042872786522 0.229384660720825 0.229994714260101 0.228106215596199 0.222589567303658 0.211068704724312 0.1990577429533 0.202277556061745 0.217989519238472 0.231537938117981 0.212105825543404 0.192087829113007 0.214480489492416 0.239423289895058 0.265567272901535 0.297796726226807 0.319554805755615 0.324013262987137 0.293092101812363 0.22929635643959 0.21066926419735 0.200677365064621 0.21130907535553 0.202464297413826 0.205420419573784 0.214488714933395 0.212129235267639 0.212370216846466 0.210564792156219 0.208939835429192 0.196586117148399 0.192861527204514 0.207397192716599 0.21318681538105 0.222440034151077 0.213898822665215 0.204769402742386 0.214981943368912
0.212472483515739 0.222312957048416 0.230838119983673 0.223517954349518 0.217437669634819 0.224693715572357 0.234656974673271 0.231803148984909 0.221691817045212 0.220690965652466 0.216733887791634 0.216873183846474 0.217518880963326 0.210258707404137 0.215346723794937 0.215775310993195 0.221679076552391 0.21564756333828 0.188116297125816 0.202048435807228 0.209644943475723 0.220972001552582 0.265544861555099 0.29406151175499 0.308525204658508 0.291884928941727 0.233301892876625 0.212415933609009 0.180441617965698 0.181465074419975 0.195283025503159 0.202140167355537 0.217630967497826 0.213431864976883 0.212880373001099 0.212942495942116 0.206606313586235 0.204045921564102 0.194198966026306 0.196559235453606 0.20628197491169 0.2203429043293 0.225433096289635 0.213596850633621 0.216144904494286
0.218861043453217 0.224358826875687 0.236431047320366 0.225304633378983 0.205235257744789 0.206461653113365 0.227128595113754 0.23015408217907 0.213606208562851 0.203466787934303 0.213412195444107 0.223980575799942 0.226794511079788 0.230275437235832 0.221671298146248 0.207828059792519 0.219011098146439 0.220017850399017 0.182675093412399 0.177774950861931 0.194028973579407 0.220475062727928 0.243802428245544 0.257814764976501 0.273458510637283 0.270594239234924 0.240292906761169 0.223433539271355 0.188662156462669 0.186890810728073 0.20672769844532 0.204175665974617 0.215024247765541 0.211488604545593 0.192948281764984 0.197472929954529 0.20939177274704 0.216275840997696 0.204843685030937 0.200219735503197 0.207793414592743 0.209505707025528 0.207746103405952 0.203132644295692 0.208068862557411
0.220295429229736 0.226600617170334 0.224414944648743 0.214976519346237 0.208797171711922 0.212144702672958 0.220145687460899 0.223811462521553 0.208343684673309 0.208498224616051 0.229722708463669 0.230081915855408 0.224341496825218 0.235862120985985 0.229475483298302 0.215487286448479 0.224621042609215 0.220811367034912 0.186875775456429 0.183118462562561 0.209655269980431 0.233857721090317 0.235640808939934 0.235085248947144 0.249851033091545 0.253247678279877 0.243722259998322 0.240528464317322 0.221510693430901 0.205029830336571 0.209176495671272 0.205194562673569 0.209830805659294 0.206908091902733 0.185322120785713 0.184098303318024 0.199285864830017 0.207656592130661 0.211631238460541 0.202602162957191 0.205073103308678 0.202818125486374 0.189238056540489 0.196371167898178 0.215682059526443
0.221458494663239 0.249315053224564 0.252858102321625 0.228025138378143 0.220136553049088 0.225165992975235 0.215874686837196 0.199793934822083 0.204231053590775 0.227002993226051 0.230329036712646 0.221627697348595 0.219553589820862 0.235796868801117 0.242465242743492 0.221045166254044 0.206394478678703 0.213052958250046 0.20280222594738 0.201551884412766 0.217167943716049 0.229726076126099 0.234023869037628 0.233878195285797 0.238497123122215 0.240190118551254 0.237998083233833 0.247521743178368 0.234781518578529 0.204987585544586 0.207744762301445 0.218001112341881 0.217803105711937 0.218537732958794 0.201260417699814 0.179987922310829 0.191824749112129 0.208709910511971 0.214136719703674 0.206113293766975 0.21176740527153 0.217917174100876 0.208405345678329 0.211855575442314 0.219836071133614
0.228785648941994 0.238511279225349 0.246123448014259 0.227606207132339 0.213322624564171 0.223783865571022 0.231496647000313 0.215601876378059 0.213208183646202 0.220605254173279 0.208694353699684 0.217886000871658 0.22450453042984 0.233235374093056 0.242946326732635 0.208660751581192 0.180231094360352 0.202767446637154 0.228131234645844 0.223852932453156 0.208218693733215 0.215367183089256 0.226502448320389 0.220774814486504 0.213152125477791 0.218690112233162 0.228177815675735 0.22991980612278 0.220538660883904 0.20555205643177 0.21857176721096 0.225354939699173 0.21512944996357 0.228325709700584 0.213440924882889 0.191609188914299 0.206194967031479 0.218792676925659 0.213825136423111 0.210642546415329 0.218548446893692 0.211783543229103 0.209793597459793 0.213746339082718 0.211555987596512
0.213500544428825 0.211142882704735 0.221373558044434 0.22303968667984 0.219420343637466 0.222847625613213 0.229840010404587 0.227844908833504 0.216561555862427 0.206780612468719 0.204648837447166 0.22170478105545 0.228956982493401 0.226191014051437 0.226389586925507 0.204492554068565 0.182467803359032 0.208382412791252 0.235699862241745 0.218486100435257 0.20342156291008 0.214301928877831 0.226433381438255 0.220985814929008 0.2087791711092 0.219036966562271 0.222013279795647 0.213473096489906 0.22243320941925 0.221958056092262 0.223514765501022 0.212650537490845 0.204532653093338 0.220411539077759 0.212160542607307 0.2055853754282 0.223276525735855 0.220459029078484 0.207595974206924 0.210132583975792 0.219129636883736 0.211396977305412 0.215643346309662 0.213590785861015 0.20657953619957
0.200503319501877 0.212196424603462 0.223846882581711 0.229767248034477 0.230539947748184 0.221693143248558 0.217276275157928 0.228249102830887 0.233794793486595 0.222035333514214 0.219471514225006 0.223757892847061 0.217310085892677 0.213980659842491 0.21515679359436 0.217658311128616 0.223370745778084 0.220644414424896 0.215568736195564 0.20911705493927 0.211862862110138 0.218652322888374 0.246690422296524 0.238423526287079 0.227388918399811 0.234426110982895 0.222237333655357 0.214154005050659 0.230457946658134 0.228159993886948 0.211537763476372 0.205756828188896 0.206149309873581 0.211429700255394 0.209694296121597 0.211681842803955 0.217500045895576 0.211401998996735 0.194392666220665 0.20303438603878 0.219450563192368 0.219360247254372 0.220980554819107 -3.4e+38 -3.4e+38
