data/1_raw/trimmed_ndre/J_ndre.83.2011_no_clouds.asc
NCOLS 141 
NROWS 118 
XLLCORNER 516845 
YLLCORNER 5169015 
CELLSIZE 5 
NODATA_value -3.4e+38 
[rows 0 to 19 of 118, columns 45 to 89 of 141]
-3.4e+38 -3.4e+38 -3.4e+38 -3.4e+38 -3.4e+38 -3.4e+38 -3.4e+38 -3.4e+38 -3.4e+38 -3.4e+38 -3.4e+38 -3.4e+38 -3.4e+38 -3.4e+38 -3.4e+38 -3.4e+38 -3.4e+38 -3.4e+38 -3.4e+38 -3.4e+38 -3.4e+38 -3.4e+38 -3.4e+38 -3.4e+38 -3.4e+38 -3.4e+38 -3.4e+38 -3.4e+38 -3.4e+38 -3.4e+38 -3.4e+38 -3.4e+38 -3.4e+38 -3.4e+38 -3.4e+38 -3.4e+38 -3.4e+38 0.424257636070251 0.428620368242264 0.430864721536636 0.432764232158661 0.45402792096138 0.473878651857376 0.472398936748505 0.473713725805283
-3.4e+38 -3.4e+38 -3.4e+38 -3.4e+38 -3.4e+38 -3.4e+38 -3.4e+38 -3.4e+38 -3.4e+38 -3.4e+38 -3.4e+38 -3.4e+38 -3.4e+38 -3.4e+38 -3.4e+38 -3.4e+38 -3.4e+38 -3.4e+38 -3.4e+38 -3.4e+38 -3.4e+38 -3.4e+38 -3.4e+38 -3.4e+38 -3.4e+38 -3.4e+38 -3.4e+38 -3.4e+38 0.431085646152496 0.433815985918045 0.415607750415802 0.408493250608444 0.398440390825272 0.389906883239746 0.401662558317184 0.415866017341614 0.406626284122467 0.422019869089127 0.436998814344406 0.437327116727829 0.42745178937912 0.439515352249146 0.458071321249008 0.45158463716507 0.454414069652557
-3.4e+38 -3.4e+38 -3.4e+38 -3.4e+38 -3.4e+38 -3.4e+38 -3.4e+38 -3.4e+38 -3.4e+38 -3.4e+38 -3.4e+38 -3.4e+38 -3.4e+38 -3.4e+38 -3.4e+38 -3.4e+38 -3.4e+38 -3.4e+38 -3.4e+38 -3.4e+38 0.429230362176895 0.426233887672424 0.41851282119751 0.40955263376236 0.390838861465454 0.41352179646492 0.417223215103149 0.403815597295761 0.411950200796127 0.428664237260818 0.409253507852554 0.400851786136627 0.406875789165497 0.39774489402771 0.392624586820602 0.408631294965744 0.424678772687912 0.441408038139343 0.439982652664185 0.428014725446701 0.42249321937561 0.422271490097046 0.432090252637863 0.438850402832031 0.452031195163727
-3.4e+38 -3.4e+38 -3.4e+38 -3.4e+38 -3.4e+38 -3.4e+38 -3.4e+38 -3.4e+38 -3.4e+38 -3.4e+38 -3.4e+38 -3.4e+38 -3.4e+38 -3.4e+38 -3.4e+38 -3.4e+38 0.370514273643494 0.368385881185532 0.392613440752029 0.424994081258774 0.432427972555161 0.422593295574188 0.424275159835815 0.408392518758774 0.39962711930275 0.420354336500168 0.413720697164536 0.400825023651123 0.403784543275833 0.413365125656128 0.406280070543289 0.408272951841354 0.41540190577507 0.402875691652298 0.383703321218491 0.411148518323898 0.4385125041008 0.438454121351242 0.430919408798218 0.418134987354279 0.419070184230804 0.416264325380325 0.424389064311981 0.442372530698776 0.449781775474548
-3.4e+38 -3.4e+38 -3.4e+38 -3.4e+38 -3.4e+38 -3.4e+38 -3.4e+38 -3.4e+38 -3.4e+38 -3.4e+38 -3.4e+38 -3.4e+38 -3.4e+38 -3.4e+38 -3.4e+38 0.360428810119629 0.37701952457428 0.392062991857529 0.397108495235443 0.419487416744232 0.420591086149216 0.412340015172958 0.426306247711182 0.425564110279083 0.421030849218369 0.422110259532928 0.413202404975891 0.403659015893936 0.397431254386902 0.396414190530777 0.409425735473633 0.415986716747284 0.407730430364609 0.392308175563812 0.378847271203995 0.411906898021698 0.417952805757523 0.401738852262497 0.423707664012909 0.416499435901642 0.409724622964859 0.413258254528046 0.413588106632233 0.423198014497757 0.426784694194794
-3.4e+38 -3.4e+38 -3.4e+38 -3.4e+38 -3.4e+38 -3.4e+38 -3.4e+38 -3.4e+38 -3.4e+38 -3.4e+38 -3.4e+38 -3.4e+38 -3.4e+38 -3.4e+38 0.379003405570984 0.365703940391541 0.382618099451065 0.404500365257263 0.405742287635803 0.416796803474426 0.420896738767624 0.424099236726761 0.42884224653244 0.429936766624451 0.429695069789886 0.412298560142517 0.401502847671509 0.392764449119568 0.400436133146286 0.400003165006638 0.39654353260994 0.406335413455963 0.400733441114426 0.387680739164352 0.385269790887833 0.404170900583267 0.405942589044571 0.391694605350494 0.40859791636467 0.406812906265259 0.389904350042343 0.383540481328964 0.395814210176468 0.407732933759689 0.403901606798172
-3.4e+38 -3.4e+38 -3.4e+38 -3.4e+38 -3.4e+38 -3.4e+38 -3.4e+38 -3.4e+38 -3.4e+38 -3.4e+38 -3.4e+38 -3.4e+38 0.441095620393753 0.429520517587662 0.403520405292511 0.396731376647949 0.397765517234802 0.406319409608841 0.415350019931793 0.420700937509537 0.412658512592316 0.425672471523285 0.438208371400833 0.428496092557907 0.418936908245087 0.392756223678589 0.388108164072037 0.409541845321655 0.409142374992371 0.412019819021225 0.400625169277191 0.406185209751129 0.416104018688202 0.406824052333832 0.405797243118286 0.420153796672821 0.423137843608856 0.400566309690475 0.3860242664814 0.402765512466431 0.40669459104538 0.401127994060516 0.402211010456085 0.407666832208633 0.405050247907639
-3.4e+38 -3.4e+38 -3.4e+38 -3.4e+38 -3.4e+38 -3.4e+38 -3.4e+38 -3.4e+38 -3.4e+38 -3.4e+38 -3.4e+38 0.463992893695831 0.457179069519043 0.448530644178391 0.430385679006577 0.416896134614944 0.403649032115936 0.406664252281189 0.415952175855637 0.427340000867844 0.424375921487808 0.433022439479828 0.436768740415573 0.423881709575653 0.408532351255417 0.388292700052261 0.395629912614822 0.414713948965073 0.413232654333115 0.435972720384598 0.424725204706192 0.400285691022873 0.405936896800995 0.419400930404663 0.421066880226135 0.428324222564697 0.42680224776268 0.422869741916656 0.408796459436417 0.408418297767639 0.41679859161377 0.420583814382553 0.412094712257385 0.407779157161713 0.401598036289215
-3.4e+38 -3.4e+38 -3.4e+38 -3.4e+38 -3.4e+38 -3.4e+38 -3.4e+38 -3.4e+38 -3.4e+38 0.48356157541275 0.484847098588943 0.473766446113586 0.460804283618927 0.454882323741913 0.438623905181885 0.417068749666214 0.407254129648209 0.425521314144135 0.430581241846085 0.433625608682632 0.437049567699432 0.435661494731903 0.427279859781265 0.424310326576233 0.423185884952545 0.411596477031708 0.412069439888 0.425547540187836 0.433672070503235 0.434612363576889 0.43013471364975 0.408267706632614 0.405039519071579 0.427656441926956 0.424977153539658 0.4223373234272 0.427028954029083 0.431901752948761 0.430105954408646 0.416970878839493 0.419364809989929 0.421033084392548 0.415875822305679 0.418334156274796 0.413411468267441
-3.4e+38 -3.4e+38 -3.4e+38 -3.4e+38 -3.4e+38 -3.4e+38 -3.4e+38 -3.4e+38 0.511717796325684 0.508610844612122 0.495617806911469 0.472957760095596 0.460375934839249 0.45686337351799 0.439166039228439 0.424485981464386 0.430933028459549 0.449888586997986 0.438457548618317 0.440352648496628 0.446562319993973 0.439657390117645 0.433568954467773 0.432907372713089 0.442324072122574 0.441803842782974 0.43682125210762 0.443012565374374 0.444360673427582 0.436522871255875 0.452513068914413 0.43854683637619 0.420731157064438 0.436716258525848 0.457118302583694 0.45204022526741 0.440821826457977 0.440137714147568 0.44628119468689 0.440613657236099 0.436006277799606 0.427537351846695 0.420565336942673 0.431675165891647 0.430241793394089
-3.4e+38 -3.4e+38 -3.4e+38 -3.4e+38 -3.4e+38 -3.4e+38 0.524336993694305 0.522388458251953 0.529679358005524 0.526034474372864 0.500344812870026 0.472095489501953 0.464141041040421 0.46308845281601 0.450685054063797 0.446177065372467 0.457125395536423 0.46052822470665 0.445344299077988 0.457056015729904 0.456228017807007 0.443782389163971 0.446404725313187 0.442964881658554 0.448015958070755 0.456080555915833 0.447900980710983 0.426429748535156 0.438342064619064 0.455696880817413 0.469450801610947 0.458227962255478 0.43879571557045 0.454692006111145 0.491239577531815 0.467161923646927 0.452493965625763 0.460884541273117 0.469880402088165 0.463252693414688 0.459907591342926 0.445351004600525 0.431113630533218 0.442628622055054 0.440824627876282
-3.4e+38 -3.4e+38 -3.4e+38 -3.4e+38 -3.4e+38 0.517826318740845 0.521971642971039 0.512084901332855 0.511895716190338 0.515731930732727 0.497944474220276 0.473154217004776 0.464165568351746 0.469586312770844 0.4603231549263 0.444983005523682 0.459100306034088 0.462168723344803 0.455997556447983 0.46473827958107 0.452567279338837 0.45455065369606 0.467977792024612 0.454426467418671 0.445290684700012 0.456149280071259 0.455040544271469 0.43513959646225 0.45547741651535 0.473377734422684 0.467996120452881 0.45786315202713 0.471371680498123 0.483425915241241 0.489998519420624 0.465896606445312 0.467793107032776 0.485677510499954 0.492914974689484 0.487565100193024 0.486067682504654 0.466325998306274 0.448746800422668 0.458204448223114 0.451425522565842
-3.4e+38 -3.4e+38 -3.4e+38 0.499446302652359 0.519301533699036 0.516477108001709 0.496230691671371 0.479335963726044 0.478644043207169 0.494628310203552 0.499945014715195 0.482940912246704 0.464987516403198 0.465656965970993 0.452944993972778 0.432385206222534 0.457155406475067 0.460086673498154 0.456916987895966 0.458009958267212 0.444726556539536 0.466929227113724 0.479592978954315 0.461330235004425 0.445633679628372 0.447179526090622 0.463914960622787 0.463010460138321 0.464152187108994 0.477896064519882 0.476105898618698 0.46956792473793 0.487200647592545 0.478360444307327 0.469704866409302 0.470452100038528 0.471574634313583 0.486124306917191 0.489792197942734 0.482294410467148 0.481666624546051 0.468777865171432 0.460039049386978 0.469909876585007 0.463298887014389
-3.4e+38 -3.4e+38 0.444168508052826 0.469994902610779 0.486905425786972 0.488622963428497 0.472016155719757 0.459323465824127 0.469763457775116 0.485490798950195 0.482659935951233 0.465286761522293 0.452249735593796 0.462182402610779 0.44807180762291 0.447188794612885 0.464429050683975 0.443264812231064 0.443623185157776 0.449936211109161 0.446519166231155 0.466860741376877 0.465706616640091 0.450298011302948 0.447371602058411 0.454091846942902 0.468481361865997 0.464672058820724 0.454527258872986 0.479504495859146 0.480767428874969 0.461977690458298 0.462830096483231 0.46978285908699 0.463920563459396 0.461718946695328 0.459118485450745 0.46907639503479 0.468562811613083 0.456981122493744 0.456376314163208 0.45418056845665 0.455850601196289 0.461590588092804 0.45585897564888
-3.4e+38 0.428394347429276 0.429264575242996 0.4264075756073 0.442596435546875 0.461987644433975 0.461870133876801 0.450313925743103 0.454041659832001 0.465588957071304 0.463300943374634 0.446074485778809 0.447219282388687 0.469285696744919 0.439623206853867 0.441736698150635 0.451667606830597 0.429365187883377 0.437424778938293 0.454714477062225 0.454884260892868 0.45404988527298 0.457405656576157 0.447864830493927 0.452657014131546 0.462431252002716 0.451338887214661 0.453273594379425 0.453191369771957 0.456970632076263 0.460227906703949 0.442050725221634 0.444942504167557 0.470674455165863 0.44952991604805 0.454339534044266 0.45831036567688 0.45335653424263 0.45483186841011 0.444878160953522 0.4426409304142 0.446642756462097 0.447244882583618 0.449384242296219 0.439931482076645
0.417965918779373 0.433429360389709 0.434639364480972 0.417077600955963 0.42632931470871 0.447261899709702 0.450459688901901 0.439793735742569 0.438659161329269 0.451939135789871 0.458996206521988 0.442845016717911 0.439679443836212 0.442002594470978 0.408681303262711 0.417096018791199 0.430647641420364 0.431200504302979 0.442560613155365 0.449101686477661 0.445518672466278 0.449076324701309 0.463976472616196 0.446250915527344 0.443360477685928 0.440154045820236 0.418814957141876 0.444911152124405 0.449576288461685 0.429473310709 0.439911305904388 0.441682666540146 0.436162322759628 0.448247671127319 0.4472396671772 0.454256325960159 0.451577752828598 0.441450566053391 0.444382816553116 0.434381812810898 0.439067602157593 0.445498734712601 0.437249362468719 0.44439822435379 0.438383370637894
0.41859245300293 0.430171102285385 0.440568953752518 0.437694996595383 0.428791165351868 0.425775825977325 0.427738219499588 0.428201168775558 0.432645946741104 0.443736016750336 0.451074749231339 0.435787409543991 0.423697412014008 0.410204172134399 0.392752647399902 0.403494894504547 0.414846271276474 0.42467799782753 0.435207366943359 0.436965793371201 0.442096352577209 0.455921679735184 0.46307760477066 0.44421198964119 0.44633162021637 0.433623284101486 0.412479639053345 0.438760697841644 0.439022153615952 0.430343598127365 0.434015512466431 0.425597041845322 0.424666613340378 0.431831181049347 0.441915899515152 0.437304139137268 0.420974105596542 0.413004070520401 0.418872982263565 0.420652121305466 0.440499067306519 0.43886923789978 0.424520134925842 0.431573480367661 0.420908838510513
0.408616423606873 0.404406934976578 0.423721849918365 0.43778470158577 0.43097323179245 0.41957226395607 0.415970891714096 0.421216279268265 0.426577538251877 0.431327402591705 0.427795946598053 0.415321320295334 0.419078052043915 0.414103746414185 0.405875951051712 0.409915447235107 0.408565491437912 0.408078581094742 0.419871002435684 0.436093121767044 0.447052657604218 0.45299243927002 0.453624844551086 0.437355041503906 0.438654601573944 0.425650507211685 0.415090590715408 0.422648698091507 0.412195235490799 0.400877118110657 0.395683586597443 0.396040230989456 0.413439244031906 0.409546196460724 0.414155334234238 0.433256357908249 0.427278697490692 0.416579723358154 0.410539895296097 0.414699256420135 0.436058819293976 0.428211957216263 0.416589856147766 0.427539974451065 0.421260565519333
0.399741917848587 0.384965300559998 0.397730827331543 0.419652819633484 0.419528931379318 0.424753814935684 0.417617619037628 0.411457419395447 0.413338124752045 0.418737709522247 0.412648797035217 0.407397091388702 0.426005691289902 0.424844145774841 0.421181797981262 0.420981407165527 0.411021441221237 0.395504713058472 0.409997791051865 0.440593868494034 0.449034839868546 0.439662128686905 0.436923742294312 0.435070157051086 0.427870243787766 0.410869240760803 0.405574321746826 0.408506482839584 0.398284733295441 0.390631914138794 0.381480872631073 0.382640987634659 0.388454735279083 0.389122664928436 0.39760559797287 0.416646420955658 0.424330204725266 0.425151854753494 0.420255839824677 0.411407709121704 0.420995682477951 0.428435146808624 0.427134782075882 0.420606791973114 0.413237273693085
0.411439210176468 0.395738691091537 0.401137143373489 0.404726564884186 0.40420526266098 0.420785576105118 0.418343275785446 0.404789805412292 0.408370137214661 0.420224994421005 0.412083983421326 0.401377260684967 0.412791699171066 0.411254405975342 0.421962469816208 0.430196583271027 0.418242841959 0.397182255983353 0.406833291053772 0.436386466026306 0.440799504518509 0.423948258161545 0.428844213485718 0.436886161565781 0.424405485391617 0.402629733085632 0.397714138031006 0.389327257871628 0.386915683746338 0.398897439241409 0.393315851688385 0.381616562604904 0.374961197376251 0.373575568199158 0.397259086370468 0.412409484386444 0.416263610124588 0.42278665304184 0.439301878213882 0.424082458019257 0.402786403894424 0.403827756643295 0.398161262273788 0.378589928150177 0.370052248239517
