data/1_raw/trimmed_ndre/J_ndre.74.2013_no_clouds.asc
NCOLS 141 
NROWS 118 
XLLCORNER 516845 
YLLCORNER 5169015 
CELLSIZE 5 
NODATA_value -3.4e+38 
[rows 60 to 79 of 118, columns 90 to 134 of 141]
0.593333125114441 0.582733452320099 0.59164571762085 0.597812652587891 0.587443172931671 0.566042006015778 0.526555001735687 0.480425834655762 0.446964144706726 0.413337349891663 0.382485747337341 0.366078108549118 0.346017271280289 0.332323402166367 0.343939274549484 0.360294222831726 0.393399924039841 0.437101572751999 0.47165185213089 0.498225152492523 0.527975559234619 0.573444187641144 0.597522735595703 0.596135795116425 0.562624633312225 0.516741752624512 0.477980464696884 0.447905600070953 0.43585193157196 0.430929660797119 0.426546335220337 0.429765045642853 0.43240612745285 0.453742355108261 0.482558131217957 0.492384076118469 -3.4e+38 -3.4e+38 -3.4e+38 -3.4e+38 -3.4e+38 -3.4e+38 -3.4e+38 -3.4e+38 -3.4e+38
0.581625401973724 0.575905621051788 0.588146924972534 0.597289323806763 0.592148244380951 0.578883171081543 0.55375200510025 0.525487303733826 0.499153196811676 0.464365720748901 0.421344876289368 0.384787917137146 0.351805120706558 0.331296235322952 0.338859140872955 0.358186036348343 0.395150393247604 0.435086011886597 0.479554623365402 0.527500450611115 0.550455451011658 0.56698077917099 0.576730847358704 0.578061938285828 0.562487542629242 0.522396326065063 0.481679350137711 0.451254397630692 0.436366885900497 0.433791905641556 0.43011274933815 0.424917817115784 0.435033917427063 0.464347302913666 0.501196503639221 0.517844319343567 0.515715420246124 -3.4e+38 -3.4e+38 -3.4e+38 -3.4e+38 -3.4e+38 -3.4e+38 -3.4e+38 -3.4e+38
0.572022616863251 0.565959751605988 0.56917530298233 0.57838773727417 0.58271199464798 0.578168094158173 0.558830857276917 0.538549065589905 0.519541442394257 0.494410842657089 0.455294340848923 0.408938378095627 0.368953466415405 0.344550609588623 0.340941816568375 0.361780911684036 0.395383447408676 0.439579695463181 0.495477944612503 0.541402101516724 0.56592470407486 0.57291978597641 0.565093040466309 0.558237075805664 0.542966842651367 0.507753551006317 0.480312079191208 0.45015087723732 0.42037758231163 0.415795058012009 0.418257266283035 0.410571992397308 0.413992941379547 0.43943789601326 0.470458626747131 0.499218493700027 0.506971895694733 -3.4e+38 -3.4e+38 -3.4e+38 -3.4e+38 -3.4e+38 -3.4e+38 -3.4e+38 -3.4e+38
0.577211797237396 0.564500510692596 0.556101024150848 0.565669178962708 0.575521886348724 0.575973927974701 0.564386069774628 0.536901533603668 0.518542885780334 0.507104218006134 0.478277206420898 0.432430863380432 0.38824787735939 0.358554720878601 0.341840088367462 0.357598602771759 0.398094922304153 0.445545375347137 0.506702244281769 0.556380748748779 0.587189853191376 0.597318232059479 0.5836021900177 0.559435486793518 0.522563099861145 0.493323028087616 0.473003000020981 0.437419861555099 0.40614452958107 0.390351325273514 0.390945732593536 0.392544001340866 0.403519064188004 0.419661730527878 0.438019126653671 0.473510175943375 0.494383156299591 0.495478868484497 -3.4e+38 -3.4e+38 -3.4e+38 -3.4e+38 -3.4e+38 -3.4e+38 -3.4e+38
0.587227404117584 0.570641577243805 0.558756709098816 0.56654965877533 0.577421486377716 0.575307011604309 0.566020488739014 0.538384914398193 0.530387997627258 0.534925162792206 0.516393184661865 0.469805508852005 0.40861302614212 0.369106143712997 0.349136918783188 0.362751215696335 0.412692606449127 0.466704100370407 0.524925649166107 0.577979207038879 0.604380965232849 0.604394018650055 0.586199760437012 0.549672961235046 0.501779675483704 0.48357355594635 0.46458825469017 0.435748010873795 0.417113184928894 0.393501758575439 0.377409607172012 0.379154682159424 0.39724200963974 0.423772752285004 0.44608137011528 0.476933121681213 0.493776470422745 0.485567301511765 -3.4e+38 -3.4e+38 -3.4e+38 -3.4e+38 -3.4e+38 -3.4e+38 -3.4e+38
0.591890454292297 0.579240322113037 0.569382131099701 0.57340794801712 0.584452211856842 0.573272347450256 0.546299874782562 0.522634863853455 0.530331611633301 0.552403628826141 0.540898680686951 0.500036954879761 0.429636120796204 0.376004457473755 0.359242856502533 0.371466219425201 0.426822632551193 0.487589806318283 0.546286702156067 0.587213814258575 0.604098916053772 0.600720465183258 0.580588161945343 0.536483287811279 0.495095759630203 0.49018394947052 0.466198146343231 0.430836528539658 0.412099599838257 0.387550890445709 0.375321090221405 0.382725059986115 0.409718036651611 0.447812080383301 0.481040477752686 0.501021325588226 0.505232214927673 0.489237666130066 0.479608744382858 -3.4e+38 -3.4e+38 -3.4e+38 -3.4e+38 -3.4e+38 -3.4e+38
0.580585896968842 0.576916337013245 0.571274995803833 0.576431155204773 0.588196337223053 0.5810906291008 0.548843622207642 0.525149405002594 0.534215211868286 0.55639237165451 0.54620885848999 0.514281094074249 0.454109281301498 0.397338330745697 0.384637892246246 0.400043159723282 0.447853893041611 0.512907683849335 0.563092112541199 0.588878273963928 0.600439369678497 0.59332275390625 0.567555010318756 0.530775666236877 0.506363928318024 0.499695748090744 0.476604521274567 0.442749917507172 0.422100424766541 0.400619298219681 0.391130566596985 0.407275855541229 0.435772150754929 0.472832977771759 0.51029497385025 0.527162849903107 0.525913715362549 0.518001079559326 0.51823365688324 -3.4e+38 -3.4e+38 -3.4e+38 -3.4e+38 -3.4e+38 -3.4e+38
0.572583615779877 0.563215255737305 0.561506628990173 0.575041592121124 0.589246094226837 0.586621642112732 0.555622935295105 0.525865137577057 0.52874094247818 0.549236416816711 0.550231099128723 0.52296108007431 0.478012412786484 0.424992978572845 0.406988769769669 0.428975939750671 0.466563314199448 0.527941167354584 0.573030591011047 0.596749186515808 0.612726509571075 0.595395147800446 0.557547807693481 0.528787612915039 0.512580275535583 0.506870448589325 0.501568019390106 0.485085427761078 0.458800286054611 0.433606088161469 0.416912943124771 0.432040691375732 0.457001686096191 0.491670042276382 0.525012791156769 0.543199896812439 0.544137597084045 0.546046257019043 0.551591157913208 0.557992875576019 -3.4e+38 -3.4e+38 -3.4e+38 -3.4e+38 -3.4e+38
0.574680149555206 0.540875136852264 0.540450513362885 0.567843019962311 0.586562812328339 0.579678475856781 0.548068821430206 0.512680530548096 0.505119442939758 0.527144968509674 0.542251527309418 0.520680904388428 0.485711336135864 0.440190494060516 0.416004806756973 0.443062394857407 0.484651386737823 0.533823311328888 0.581978619098663 0.612427830696106 0.631394267082214 0.603394329547882 0.552233576774597 0.521726608276367 0.504105091094971 0.504510879516602 0.51745331287384 0.513907670974731 0.491239339113235 0.468987375497818 0.453525125980377 0.4569973051548 0.479237675666809 0.503280639648438 0.532492399215698 0.548769950866699 0.552444398403168 0.55948930978775 0.568604111671448 0.57200014591217 -3.4e+38 -3.4e+38 -3.4e+38 -3.4e+38 -3.4e+38
0.579794108867645 0.542552173137665 0.53914487361908 0.568533658981323 0.587932348251343 0.571336388587952 0.527635931968689 0.500752449035645 0.506322920322418 0.507136046886444 0.505663216114044 0.496109813451767 0.476638942956924 0.44549623131752 0.42900362610817 0.456385612487793 0.498018503189087 0.535081744194031 0.587438225746155 0.620041251182556 0.632777333259583 0.609438538551331 0.557416081428528 0.520578980445862 0.49234476685524 0.491610705852509 0.50415027141571 0.500105559825897 0.493659138679504 0.485603094100952 0.476797461509705 0.475478053092957 0.491990745067596 0.513935208320618 0.538793444633484 0.555452704429626 0.557275295257568 0.55794495344162 0.569943964481354 0.575947880744934 0.572838187217712 -3.4e+38 -3.4e+38 -3.4e+38 -3.4e+38
0.593207716941833 0.566142320632935 0.559566140174866 0.583055257797241 0.59776508808136 0.576999068260193 0.535669386386871 0.511923909187317 0.50895369052887 0.483378499746323 0.468118906021118 0.461568742990494 0.452791333198547 0.438253670930862 0.433500796556473 0.462043106555939 0.501499354839325 0.540290534496307 0.585019290447235 0.614815354347229 0.63182544708252 0.618257284164429 0.577854514122009 0.532766163349152 0.492830693721771 0.485555678606033 0.47884663939476 0.463625252246857 0.456962496042252 0.454688549041748 0.458360940217972 0.471453458070755 0.493113934993744 0.523558139801025 0.550690352916718 0.566009938716888 0.562217354774475 0.557239890098572 0.569214642047882 0.58106517791748 0.580294132232666 -3.4e+38 -3.4e+38 -3.4e+38 -3.4e+38
0.604374587535858 0.586031913757324 0.584825038909912 0.600376904010773 0.605389773845673 0.589662253856659 0.564621806144714 0.529650688171387 0.502476871013641 0.481544643640518 0.472128301858902 0.46261340379715 0.443238228559494 0.426709979772568 0.429953306913376 0.460478067398071 0.502287328243256 0.552980303764343 0.592117547988892 0.610876500606537 0.621379673480988 0.613995134830475 0.593211233615875 0.554251670837402 0.504067420959473 0.491619646549225 0.456605225801468 0.414389133453369 0.403457224369049 0.393507868051529 0.415299713611603 0.45169061422348 0.489701688289642 0.532733082771301 0.560845732688904 0.569919884204865 0.56509405374527 0.561853051185608 0.569949805736542 0.585176944732666 0.591751337051392 0.581532776355743 -3.4e+38 -3.4e+38 -3.4e+38
0.610688626766205 0.600196421146393 0.603997647762299 0.613670110702515 0.612479329109192 0.609463632106781 0.588280439376831 0.544918656349182 0.510819315910339 0.490940421819687 0.486553281545639 0.473867386579514 0.444615870714188 0.420279622077942 0.430391073226929 0.459969371557236 0.501313507556915 0.556073248386383 0.585694670677185 0.600398540496826 0.60686057806015 0.603721797466278 0.585334599018097 0.549303710460663 0.506529569625854 0.487459391355515 0.4514439702034 0.396348029375076 0.371869623661041 0.340676635503769 0.369568854570389 0.437666654586792 0.490966975688934 0.543422520160675 0.564430892467499 0.565698683261871 0.563178300857544 0.56397271156311 0.572697579860687 0.58875560760498 0.596527814865112 0.590631544589996 -3.4e+38 -3.4e+38 -3.4e+38
0.614727675914764 0.614900887012482 0.620954036712646 0.623900532722473 0.62045419216156 0.623200416564941 0.601668238639832 0.561884462833405 0.533984959125519 0.521582841873169 0.514265477657318 0.493061929941177 0.45123165845871 0.420900285243988 0.427181780338287 0.446770638227463 0.480831265449524 0.537724792957306 0.571680963039398 0.595473766326904 0.610629618167877 0.602425575256348 0.581858158111572 0.549703657627106 0.512528240680695 0.484877347946167 0.463731199502945 0.416422694921494 0.368524938821793 0.334218412637711 0.34630075097084 0.431653946638107 0.501966297626495 0.546115517616272 0.565360128879547 0.559750378131866 0.554005265235901 0.567032814025879 0.583476006984711 0.590894162654877 0.595076978206635 0.590896427631378 0.589370787143707 -3.4e+38 -3.4e+38
0.625297546386719 0.63078111410141 0.632039666175842 0.628934562206268 0.627849221229553 0.6279416680336 0.615421116352081 0.592423677444458 0.571905493736267 0.562157928943634 0.547685325145721 0.512162387371063 0.461405783891678 0.428661048412323 0.420358955860138 0.428066223859787 0.460901856422424 0.521788239479065 0.571375012397766 0.596849858760834 0.614981114864349 0.61034882068634 0.584270417690277 0.550883412361145 0.517858028411865 0.486187338829041 0.459848523139954 0.419004440307617 0.36945429444313 0.343376845121384 0.344121187925339 0.420112103223801 0.503309309482574 0.526363372802734 0.542747616767883 0.555062651634216 0.565830707550049 0.57502543926239 0.586989939212799 0.58947229385376 0.597361862659454 0.599921345710754 0.587118566036224 -3.4e+38 -3.4e+38
0.636857330799103 0.640070021152496 0.640074670314789 0.633591830730438 0.630036532878876 0.627436757087708 0.629372000694275 0.623917162418365 0.603741049766541 0.596278131008148 0.576718688011169 0.526575267314911 0.478196859359741 0.449144303798676 0.428173005580902 0.430116206407547 0.46917662024498 0.52043229341507 0.573694348335266 0.600735545158386 0.616080701351166 0.609520971775055 0.575945436954498 0.541518986225128 0.51128488779068 0.474316149950027 0.441193908452988 0.411681860685349 0.361885815858841 0.331670343875885 0.342235863208771 0.416298925876617 0.497605413198471 0.517226755619049 0.53332781791687 0.559280335903168 0.576761066913605 0.56249737739563 0.575863718986511 0.59387731552124 0.585929870605469 0.588683724403381 0.583331525325775 -3.4e+38 -3.4e+38
0.643190860748291 0.650000810623169 0.651570737361908 0.643156230449677 0.634259939193726 0.630668938159943 0.633825659751892 0.632850587368011 0.617990076541901 0.615226745605469 0.597462892532349 0.545206665992737 0.497530996799469 0.473174422979355 0.447619616985321 0.453280031681061 0.490330517292023 0.533653438091278 0.578960061073303 0.60568243265152 0.611583888530731 0.599784374237061 0.564282596111298 0.520940780639648 0.493454873561859 0.466611534357071 0.436190515756607 0.406831741333008 0.358436226844788 0.3151975274086 0.328572690486908 0.398494243621826 0.482890218496323 0.522563278675079 0.538042187690735 0.560530602931976 0.56672215461731 0.548565924167633 0.565923392772675 0.58429741859436 0.569545090198517 0.575780391693115 0.587791085243225 -3.4e+38 -3.4e+38
0.648282647132874 0.664400398731232 0.66622656583786 0.657764911651611 0.642373204231262 0.631802201271057 0.629301846027374 0.628018379211426 0.623238265514374 0.621390342712402 0.603792011737823 0.557175695896149 0.505846917629242 0.483649730682373 0.46295964717865 0.468182414770126 0.506738781929016 0.54603898525238 0.583896815776825 0.606646418571472 0.608403980731964 0.593802332878113 0.55705064535141 0.509822070598602 0.477388262748718 0.45647868514061 0.430329263210297 0.395583599805832 0.350565850734711 0.302088797092438 0.309950917959213 0.375611990690231 0.455725163221359 0.512669324874878 0.534294664859772 0.561668813228607 0.567366361618042 0.555320739746094 0.562991738319397 0.570477068424225 0.568455755710602 0.575671672821045 -3.4e+38 -3.4e+38 -3.4e+38
0.643776893615723 0.656808733940125 0.666585147380829 0.660363256931305 0.64555561542511 0.627841353416443 0.625561773777008 0.622224390506744 0.62269252538681 0.617794275283813 0.596769213676453 0.557308495044708 0.512298405170441 0.486799359321594 0.466526597738266 0.466335743665695 0.498164176940918 0.546124339103699 0.584446966648102 0.608288049697876 0.614117860794067 0.596879363059998 0.563213765621185 0.51585865020752 0.469990760087967 0.437365800142288 0.414674639701843 0.373823136091232 0.332305163145065 0.290666788816452 0.292699247598648 0.35417053103447 0.423714071512222 0.487449407577515 0.519269406795502 0.548459887504578 0.559497654438019 0.557207643985748 0.559026896953583 0.569150567054749 0.572751641273499 0.573864877223969 -3.4e+38 -3.4e+38 -3.4e+38
0.636017501354218 0.643160998821259 0.65538227558136 0.645819783210754 0.651329278945923 0.640474796295166 0.623587846755981 0.614204227924347 0.61448460817337 0.612314701080322 0.587018370628357 0.554645895957947 0.522322714328766 0.484777688980103 0.455501019954681 0.452160745859146 0.478494435548782 0.53828364610672 0.580409467220306 0.602582335472107 0.619106471538544 0.60707700252533 0.576337695121765 0.531525373458862 0.473099559545517 0.425515294075012 0.396803230047226 0.358607828617096 0.329744428396225 0.306552350521088 0.297913491725922 0.348915338516235 0.406989425420761 0.453839898109436 0.492512404918671 0.524939119815826 0.540500581264496 0.544375717639923 0.552829444408417 0.5715491771698 0.585680246353149 0.587873458862305 -3.4e+38 -3.4e+38 -3.4e+38
