data/1_raw/trimmed_ndre/J_ndre.629.2013_no_clouds.asc
NCOLS 141 
NROWS 118 
XLLCORNER 516845 
YLLCORNER 5169015 
CELLSIZE 5 
NODATA_value -3.4e+38 
[rows 60 to 79 of 118, columns 90 to 134 of 141]
0.57036691904068 0.575496077537537 0.579695105552673 0.572426021099091 0.559445440769196 0.551469385623932 0.520888984203339 0.475733876228333 0.434700667858124 0.417509168386459 0.421396613121033 0.40983173251152 0.389643222093582 0.381445825099945 0.393489062786102 0.411675959825516 0.4479800760746 0.483510106801987 0.500541806221008 0.516800940036774 0.5425084233284 0.567348837852478 0.589715421199799 0.594011068344116 0.589095115661621 0.561674773693085 0.552040874958038 0.555315315723419 0.520375728607178 0.487010449171066 0.49851056933403 0.497330397367477 0.491245537996292 0.491510987281799 0.506176292896271 0.532417178153992 -3.4e+38 -3.4e+38 -3.4e+38 -3.4e+38 -3.4e+38 -3.4e+38 -3.4e+38 -3.4e+38 -3.4e+38
0.589436531066895 0.584039986133575 0.579274654388428 0.570062398910522 0.56989198923111 0.580084919929504 0.566298246383667 0.522165715694427 0.485503047704697 0.464467942714691 0.442766904830933 0.41302016377449 0.390405178070068 0.382955312728882 0.399615705013275 0.412592262029648 0.427660793066025 0.45579120516777 0.476131826639175 0.510116636753082 0.545887589454651 0.566881716251373 0.58635938167572 0.605221807956696 0.607893049716949 0.56543493270874 0.536610960960388 0.527613699436188 0.497926384210587 0.48074010014534 0.48583260178566 0.487170279026031 0.497237592935562 0.50378030538559 0.517331480979919 0.54411506652832 0.567036032676697 -3.4e+38 -3.4e+38 -3.4e+38 -3.4e+38 -3.4e+38 -3.4e+38 -3.4e+38 -3.4e+38
0.584973275661469 0.575691103935242 0.584181368350983 0.584467828273773 0.590857803821564 0.597693145275116 0.583198606967926 0.546068847179413 0.513646602630615 0.493409365415573 0.462033212184906 0.418810307979584 0.397852092981339 0.377322047948837 0.369286805391312 0.391419976949692 0.40942394733429 0.434534102678299 0.471840173006058 0.526827096939087 0.558501243591309 0.565013289451599 0.586271107196808 0.620007991790771 0.617538630962372 0.571078240871429 0.539054870605469 0.523130595684052 0.504256546497345 0.492716163396835 0.469653129577637 0.472922652959824 0.495168179273605 0.499253004789352 0.510672211647034 0.537946701049805 0.564082503318787 -3.4e+38 -3.4e+38 -3.4e+38 -3.4e+38 -3.4e+38 -3.4e+38 -3.4e+38 -3.4e+38
0.572445094585419 0.566270112991333 0.574685513973236 0.583717405796051 0.592792749404907 0.590132176876068 0.575087428092957 0.544867634773254 0.529191493988037 0.527864754199982 0.499718397855759 0.450024038553238 0.410741806030273 0.380911290645599 0.371737360954285 0.384172469377518 0.397271603345871 0.424744099378586 0.49221470952034 0.55860036611557 0.583028197288513 0.593309640884399 0.606318116188049 0.622652411460876 0.614155769348145 0.571106433868408 0.53282231092453 0.509530186653137 0.505163669586182 0.490596771240234 0.463759362697601 0.475527703762054 0.504896283149719 0.482442557811737 0.482872247695923 0.52371084690094 0.557888090610504 0.568677663803101 -3.4e+38 -3.4e+38 -3.4e+38 -3.4e+38 -3.4e+38 -3.4e+38 -3.4e+38
0.567917227745056 0.562233626842499 0.564064085483551 0.574922919273376 0.577536165714264 0.575445413589478 0.560441434383392 0.536178410053253 0.542611300945282 0.561120390892029 0.542326688766479 0.500845491886139 0.445347160100937 0.406492859125137 0.389144450426102 0.38149631023407 0.388460010290146 0.417916834354401 0.499478578567505 0.572765707969666 0.594521582126617 0.618512213230133 0.622386515140533 0.617262423038483 0.592207908630371 0.545735955238342 0.525611400604248 0.510202646255493 0.487320482730865 0.462337493896484 0.457508951425552 0.457357317209244 0.461399674415588 0.446171313524246 0.461532711982727 0.517439424991608 0.552821457386017 0.553351759910583 -3.4e+38 -3.4e+38 -3.4e+38 -3.4e+38 -3.4e+38 -3.4e+38 -3.4e+38
0.57616114616394 0.568528831005096 0.563731610774994 0.569912672042847 0.568548679351807 0.569341778755188 0.559750199317932 0.532043933868408 0.540600478649139 0.576301276683807 0.563689708709717 0.522423326969147 0.471881479024887 0.420169949531555 0.391223281621933 0.38232684135437 0.398829787969589 0.433942079544067 0.512593984603882 0.57537978887558 0.593661963939667 0.626082062721252 0.635461211204529 0.616482973098755 0.570691406726837 0.525142788887024 0.522317707538605 0.520601212978363 0.49256756901741 0.451561212539673 0.436685085296631 0.409560114145279 0.396539568901062 0.421495497226715 0.455887675285339 0.510222256183624 0.533693253993988 0.522867858409882 0.520561754703522 -3.4e+38 -3.4e+38 -3.4e+38 -3.4e+38 -3.4e+38 -3.4e+38
0.582924902439117 0.576238632202148 0.565982460975647 0.565812587738037 0.564398169517517 0.568455576896667 0.563283264636993 0.533724248409271 0.53591775894165 0.580413162708282 0.587980210781097 0.549395978450775 0.495244592428207 0.426853477954865 0.38952049612999 0.392762511968613 0.428326100111008 0.481012731790543 0.539211690425873 0.58194363117218 0.600794970989227 0.627893388271332 0.62967175245285 0.600128471851349 0.559578359127045 0.516823172569275 0.505813241004944 0.507327854633331 0.488256812095642 0.459978044033051 0.432162016630173 0.401562124490738 0.384766697883606 0.40913999080658 0.455473989248276 0.510583519935608 0.535295486450195 0.506597399711609 0.489037871360779 -3.4e+38 -3.4e+38 -3.4e+38 -3.4e+38 -3.4e+38 -3.4e+38
0.587563216686249 0.573578536510468 0.560276031494141 0.565187752246857 0.573655784130096 0.575011014938354 0.561981856822968 0.534222424030304 0.540158152580261 0.57550185918808 0.593030869960785 0.570493936538696 0.516390681266785 0.449466943740845 0.412412106990814 0.425481289625168 0.460915565490723 0.516960024833679 0.571048557758331 0.602533280849457 0.614021062850952 0.618313729763031 0.608324408531189 0.590242922306061 0.559303462505341 0.524664759635925 0.513109564781189 0.513614058494568 0.503318607807159 0.488794058561325 0.467239886522293 0.446360319852829 0.431374490261078 0.449286103248596 0.495705664157867 0.54553896188736 0.563755393028259 0.523558259010315 0.501098215579987 0.550881743431091 -3.4e+38 -3.4e+38 -3.4e+38 -3.4e+38 -3.4e+38
0.60357141494751 0.575011253356934 0.56372195482254 0.585897207260132 0.594205975532532 0.587994933128357 0.585857212543488 0.569537818431854 0.555254399776459 0.559333741664886 0.573175430297852 0.576648354530334 0.543848097324371 0.496010541915894 0.456664770841599 0.452452391386032 0.47588387131691 0.527331292629242 0.583536565303802 0.616249322891235 0.621129930019379 0.611659944057465 0.60112190246582 0.588412523269653 0.571274220943451 0.55855667591095 0.556954443454742 0.548841297626495 0.529797732830048 0.511886239051819 0.49135085940361 0.485821813344955 0.489332914352417 0.504520237445831 0.534846305847168 0.574677407741547 0.59521758556366 0.565662682056427 0.553310036659241 0.575839221477509 -3.4e+38 -3.4e+38 -3.4e+38 -3.4e+38 -3.4e+38
0.602961599826813 0.577982068061829 0.574836373329163 0.60144567489624 0.602367699146271 0.582083225250244 0.575675964355469 0.572117686271667 0.548133194446564 0.537368476390839 0.542363584041595 0.562842845916748 0.563660144805908 0.531030297279358 0.482286274433136 0.463935762643814 0.487338751554489 0.533898234367371 0.580930471420288 0.614869832992554 0.625231504440308 0.625368535518646 0.61299341917038 0.588791072368622 0.5728600025177 0.577263951301575 0.583792269229889 0.573283016681671 0.54856675863266 0.516001284122467 0.492619007825851 0.501669645309448 0.522853791713715 0.53417307138443 0.541760683059692 0.580429196357727 0.607946753501892 0.594564378261566 0.595174252986908 0.608236849308014 0.608982801437378 -3.4e+38 -3.4e+38 -3.4e+38 -3.4e+38
0.602542459964752 0.58331972360611 0.576292991638184 0.587899804115295 0.591563820838928 0.584427058696747 0.570880353450775 0.552990674972534 0.530816316604614 0.536132514476776 0.543649435043335 0.557470262050629 0.561074554920197 0.533840775489807 0.488356947898865 0.482594192028046 0.533760666847229 0.569788098335266 0.584448993206024 0.61295872926712 0.631634116172791 0.643244802951813 0.624309659004211 0.577168703079224 0.553573191165924 0.555307030677795 0.568739831447601 0.571355044841766 0.560382664203644 0.531284153461456 0.51103687286377 0.517721593379974 0.542364358901978 0.55264413356781 0.546169936656952 0.581807017326355 0.605864822864532 0.59677517414093 0.602780938148499 0.612920761108398 0.617840588092804 -3.4e+38 -3.4e+38 -3.4e+38 -3.4e+38
0.605358958244324 0.588599026203156 0.58506852388382 0.593580365180969 0.599952161312103 0.604087948799133 0.592773199081421 0.555070281028748 0.527295649051666 0.539071619510651 0.54791396856308 0.542227923870087 0.531026601791382 0.518205106258392 0.500765144824982 0.506401360034943 0.54721999168396 0.580627799034119 0.593004524707794 0.614147126674652 0.628928959369659 0.640623271465302 0.620634734630585 0.568592131137848 0.541315972805023 0.531987071037292 0.541796028614044 0.556027770042419 0.558930575847626 0.55270528793335 0.540483772754669 0.548287034034729 0.571898698806763 0.570147156715393 0.560670912265778 0.58929854631424 0.606900930404663 0.599873721599579 0.599093377590179 0.594892621040344 0.606766283512115 0.61943393945694 -3.4e+38 -3.4e+38 -3.4e+38
0.601409792900085 0.606016933917999 0.611458778381348 0.612612903118134 0.610422074794769 0.603011846542358 0.593727469444275 0.564040422439575 0.537919819355011 0.536304771900177 0.533712148666382 0.523105561733246 0.512727022171021 0.510985434055328 0.508777678012848 0.510261654853821 0.526403486728668 0.561745464801788 0.588817775249481 0.599922478199005 0.621017217636108 0.630655348300934 0.614581048488617 0.579239785671234 0.551408529281616 0.527768611907959 0.521732807159424 0.52896386384964 0.533373951911926 0.531705260276794 0.517744779586792 0.526891350746155 0.55838143825531 0.560861587524414 0.569218754768372 0.595937252044678 0.609235644340515 0.610167503356934 0.602407097816467 0.593411922454834 0.605402767658234 0.615896463394165 -3.4e+38 -3.4e+38 -3.4e+38
0.605813205242157 0.618375897407532 0.628674268722534 0.61949211359024 0.612231075763702 0.613891005516052 0.61055189371109 0.585938513278961 0.558569252490997 0.536600649356842 0.521006047725677 0.515540361404419 0.515579760074615 0.51583331823349 0.507275283336639 0.513273537158966 0.53354811668396 0.578808605670929 0.611370265483856 0.612067401409149 0.628605842590332 0.630401730537415 0.615767955780029 0.587777853012085 0.565114378929138 0.542258739471436 0.518139481544495 0.504448413848877 0.46894782781601 0.431977093219757 0.407331943511963 0.454201072454453 0.526335954666138 0.542402148246765 0.562715709209442 0.584344804286957 0.598179936408997 0.612408995628357 0.616868615150452 0.614726364612579 0.618335366249084 0.614006459712982 0.601175606250763 -3.4e+38 -3.4e+38
0.614710211753845 0.616556227207184 0.629556059837341 0.629012227058411 0.619952857494354 0.631413161754608 0.630925357341766 0.609102010726929 0.582945346832275 0.559701502323151 0.541325807571411 0.541808128356934 0.546994984149933 0.531176328659058 0.506885886192322 0.503486394882202 0.519580125808716 0.561943233013153 0.604695081710815 0.622303903102875 0.630810678005219 0.629881978034973 0.615243196487427 0.595938503742218 0.578856527805328 0.549343705177307 0.528606593608856 0.507850408554077 0.446418046951294 0.378600358963013 0.343046098947525 0.417627096176147 0.52321982383728 0.56351238489151 0.586603701114655 0.589129209518433 0.589310765266418 0.603767454624176 0.612581551074982 0.617828190326691 0.622478187084198 0.615439414978027 0.605549454689026 -3.4e+38 -3.4e+38
0.621582925319672 0.608619213104248 0.612115144729614 0.629216372966766 0.635042071342468 0.643713295459747 0.643711984157562 0.631996095180511 0.612287700176239 0.590920388698578 0.585223495960236 0.587871372699738 0.582387447357178 0.541924715042114 0.50198358297348 0.479185909032822 0.47749525308609 0.51617568731308 0.576568961143494 0.605543911457062 0.610649049282074 0.619148969650269 0.608317136764526 0.588846385478973 0.569428503513336 0.541364967823029 0.53223729133606 0.517894566059113 0.471895009279251 0.397067695856094 0.36428838968277 0.414109796285629 0.506625294685364 0.56910651922226 0.589550375938416 0.595838308334351 0.589166283607483 0.593511462211609 0.602383613586426 0.619374871253967 0.627640664577484 0.620338082313538 0.610794484615326 -3.4e+38 -3.4e+38
0.614317059516907 0.605756640434265 0.611096620559692 0.63410097360611 0.648114740848541 0.645344734191895 0.641657769680023 0.63744056224823 0.629686295986176 0.617516338825226 0.619108617305756 0.618036329746246 0.600875973701477 0.549780070781708 0.503908157348633 0.472987145185471 0.464640319347382 0.513927042484283 0.577402651309967 0.598178744316101 0.611553549766541 0.628689229488373 0.607984006404877 0.566555619239807 0.546032011508942 0.535971581935883 0.53484058380127 0.51957631111145 0.473394781351089 0.362492650747299 0.330033272504807 0.392561584711075 0.487093716859818 0.557330787181854 0.577959835529327 0.6008340716362 0.607342779636383 0.602404534816742 0.603542923927307 0.612117052078247 0.62433648109436 0.625058472156525 0.616018652915955 -3.4e+38 -3.4e+38
0.639935791492462 0.640246987342834 0.63374525308609 0.637749552726746 0.643550038337708 0.640109837055206 0.641041815280914 0.645218968391418 0.640032351016998 0.628947257995605 0.628481805324554 0.634186267852783 0.619306623935699 0.574276745319366 0.530074417591095 0.501042723655701 0.494469255208969 0.548623085021973 0.600239396095276 0.605710566043854 0.630815804004669 0.645993411540985 0.612910270690918 0.559905350208282 0.542988538742065 0.550314426422119 0.534172654151917 0.506401300430298 0.442426323890686 0.345107436180115 0.311415046453476 0.388788610696793 0.484399199485779 0.553072094917297 0.580441236495972 0.594891667366028 0.601042151451111 0.604061961174011 0.600833475589752 0.594554424285889 0.6025270819664 0.615838527679443 -3.4e+38 -3.4e+38 -3.4e+38
0.66068822145462 0.662865817546844 0.64641946554184 0.635054409503937 0.635933518409729 0.636337637901306 0.647807955741882 0.658222615718842 0.644818425178528 0.630949854850769 0.636300325393677 0.643995940685272 0.629108965396881 0.59498518705368 0.564063608646393 0.536609172821045 0.533980011940002 0.576687514781952 0.609496116638184 0.614147484302521 0.634708166122437 0.643579304218292 0.61189216375351 0.564214408397675 0.549994885921478 0.55219691991806 0.525511205196381 0.485351353883743 0.405878841876984 0.333084523677826 0.318566918373108 0.396832764148712 0.499678820371628 0.556527674198151 0.586136877536774 0.583624839782715 0.584557354450226 0.592467725276947 0.600124180316925 0.606913506984711 0.61279821395874 0.615100204944611 -3.4e+38 -3.4e+38 -3.4e+38
0.647925615310669 0.654202282428741 0.658097207546234 0.653291940689087 0.645810961723328 0.641865968704224 0.651892781257629 0.663532316684723 0.654591798782349 0.640878438949585 0.64361709356308 0.644238173961639 0.619012892246246 0.597246944904327 0.588243126869202 0.56523460149765 0.552046597003937 0.572728157043457 0.598681569099426 0.610994338989258 0.61681342124939 0.622261583805084 0.603504180908203 0.563092172145844 0.540487885475159 0.524877846240997 0.49872550368309 0.451772123575211 0.368266969919205 0.323232084512711 0.325011610984802 0.397624403238297 0.49799445271492 0.550325036048889 0.57921177148819 0.579987049102783 0.583018660545349 0.593321979045868 0.599564731121063 0.613761305809021 0.621064186096191 0.615940928459167 -3.4e+38 -3.4e+38 -3.4e+38
