data/1_raw/trimmed_ndre/J_ndre.715.2015_no_clouds.asc
NCOLS 141 
NROWS 118 
XLLCORNER 516845 
YLLCORNER 5169015 
CELLSIZE 5 
NODATA_value -3.4e+38 
[rows 60 to 79 of 118, columns 90 to 134 of 141]
0.162839651107788 0.167310178279877 0.168532729148865 0.165454417467117 0.159294903278351 0.156222626566887 0.147672355175018 0.142921447753906 0.150505214929581 0.144193887710571 0.146954953670502 0.153908371925354 0.150465205311775 0.13228802382946 0.124086767435074 0.125942304730415 0.134740591049194 0.142287939786911 0.148346573114395 0.152918845415115 0.155112653970718 0.152598991990089 0.158304765820503 0.175536125898361 0.187300160527229 0.178572788834572 0.166913613677025 0.152849450707436 0.152790546417236 0.1579300314188 0.159927025437355 0.156018957495689 0.149478703737259 0.15204530954361 0.170513734221458 0.16588282585144 -3.4e+38 -3.4e+38 -3.4e+38 -3.4e+38 -3.4e+38 -3.4e+38 -3.4e+38 -3.4e+38 -3.4e+38
0.153494626283646 0.167926654219627 0.170796558260918 0.166948273777962 0.161928117275238 0.160582795739174 0.154112413525581 0.147195234894753 0.147521063685417 0.149858996272087 0.148772716522217 0.14779107272625 0.144738331437111 0.136068642139435 0.130494639277458 0.129198014736176 0.132009774446487 0.135748639702797 0.137722685933113 0.145681485533714 0.154288336634636 0.162528485059738 0.169915989041328 0.174384877085686 0.17602102458477 0.169988766312599 0.159902080893517 0.148665428161621 0.146379917860031 0.151142090559006 0.153913617134094 0.151382714509964 0.145137414336205 0.151705697178841 0.165045142173767 0.161895334720612 0.150064364075661 -3.4e+38 -3.4e+38 -3.4e+38 -3.4e+38 -3.4e+38 -3.4e+38 -3.4e+38 -3.4e+38
0.148467525839806 0.165877789258957 0.167314112186432 0.165462881326675 0.163733154535294 0.16420666873455 0.162917017936707 0.159005522727966 0.161409735679626 0.163524582982063 0.146388202905655 0.137404203414917 0.138903826475143 0.139039933681488 0.133468836545944 0.130681917071342 0.131309375166893 0.135958567261696 0.140571981668472 0.145389139652252 0.153285354375839 0.161375626921654 0.168108552694321 0.170523419976234 0.172587886452675 0.16402630507946 0.157128676772118 0.162131100893021 0.157885000109673 0.153018847107887 0.148405522108078 0.143896698951721 0.139518961310387 0.14712305366993 0.152868449687958 0.154186815023422 0.154340222477913 -3.4e+38 -3.4e+38 -3.4e+38 -3.4e+38 -3.4e+38 -3.4e+38 -3.4e+38 -3.4e+38
0.151120185852051 0.161541596055031 0.157524242997169 0.158467710018158 0.165296152234077 0.166198313236237 0.161485850811005 0.166390925645828 0.174814775586128 0.169009685516357 0.145607218146324 0.133113354444504 0.142205312848091 0.141880065202713 0.132696703076363 0.130841612815857 0.131721958518028 0.139869213104248 0.148238763213158 0.149504005908966 0.15551446378231 0.161510348320007 0.165585979819298 0.167282983660698 0.170585840940475 0.161989092826843 0.159905433654785 0.164324268698692 0.162309527397156 0.157533228397369 0.148414343595505 0.140728786587715 0.138750553131104 0.150797590613365 0.151768386363983 0.149985015392303 0.152056470513344 0.155881866812706 -3.4e+38 -3.4e+38 -3.4e+38 -3.4e+38 -3.4e+38 -3.4e+38 -3.4e+38
0.155784130096436 0.153850093483925 0.147284120321274 0.152334108948708 0.170377776026726 0.164275363087654 0.151254087686539 0.162957713007927 0.168238714337349 0.16233292222023 0.148488968610764 0.141721457242966 0.151818931102753 0.142132133245468 0.131670087575912 0.129011332988739 0.128957197070122 0.138936787843704 0.147186204791069 0.152579754590988 0.158879801630974 0.163675054907799 0.16587920486927 0.165751308202744 0.164548546075821 0.157322824001312 0.155303418636322 0.156186074018478 0.156824618577957 0.1571314483881 0.151295974850655 0.147227451205254 0.146729573607445 0.150234341621399 0.153264760971069 0.152108803391457 0.149296596646309 0.149706691503525 -3.4e+38 -3.4e+38 -3.4e+38 -3.4e+38 -3.4e+38 -3.4e+38 -3.4e+38
0.154863193631172 0.147751554846764 0.145310491323471 0.153315335512161 0.170674815773964 0.160813480615616 0.156149566173553 0.161091506481171 0.151993423700333 0.151614964008331 0.151455342769623 0.152015373110771 0.155316516757011 0.143133670091629 0.133683606982231 0.125831693410873 0.121635101735592 0.133898496627808 0.14424167573452 0.153811901807785 0.162118524312973 0.167623400688171 0.169781938195229 0.167535006999969 0.163943856954575 0.159390792250633 0.150723189115524 0.146427303552628 0.146636962890625 0.148884832859039 0.14732451736927 0.146244943141937 0.151794493198395 0.157213464379311 0.159834131598473 0.160363584756851 0.150868058204651 0.142742350697517 0.143621250987053 -3.4e+38 -3.4e+38 -3.4e+38 -3.4e+38 -3.4e+38 -3.4e+38
0.153336852788925 0.154014185070992 0.160358518362045 0.163026317954063 0.162167713046074 0.158197283744812 0.164790242910385 0.161464601755142 0.147146463394165 0.149582386016846 0.154379457235336 0.155224815011024 0.153018593788147 0.145539805293083 0.138503700494766 0.127846196293831 0.127396434545517 0.14164824783802 0.148191571235657 0.15727923810482 0.16619485616684 0.172385424375534 0.173447504639626 0.16921791434288 0.165298864245415 0.160857751965523 0.150554150342941 0.143318369984627 0.142120242118835 0.144360139966011 0.145815163850784 0.143091037869453 0.161147341132164 0.169219568371773 0.165884047746658 0.162992283701897 0.153795808553696 0.145643278956413 0.14229553937912 -3.4e+38 -3.4e+38 -3.4e+38 -3.4e+38 -3.4e+38 -3.4e+38
0.166123926639557 0.166061535477638 0.164223581552505 0.158427104353905 0.15230904519558 0.155751556158066 0.164477944374084 0.159041494131088 0.149943605065346 0.151612505316734 0.160563424229622 0.15995891392231 0.152269616723061 0.145375147461891 0.139948755502701 0.133596658706665 0.138844013214111 0.149831280112267 0.154273837804794 0.162326812744141 0.171182110905647 0.176248744130135 0.176314994692802 0.174236834049225 0.167546734213829 0.163010597229004 0.159801185131073 0.157170817255974 0.156927585601807 0.154646441340446 0.150412634015083 0.147221252322197 0.174217894673347 0.176317662000656 0.171206220984459 0.167814016342163 0.160596400499344 0.151180282235146 0.142673924565315 0.138801425695419 -3.4e+38 -3.4e+38 -3.4e+38 -3.4e+38 -3.4e+38
0.156652510166168 0.163226515054703 0.161330685019493 0.15687021613121 0.150381192564964 0.15015059709549 0.155295446515083 0.155302062630653 0.152690693736076 0.154336228966713 0.164195403456688 0.173105046153069 0.162287995219231 0.153219908475876 0.150169894099236 0.143381744623184 0.145416885614395 0.152650937438011 0.15787573158741 0.16355736553669 0.171157702803612 0.177428409457207 0.179990604519844 0.179198533296585 0.169437438249588 0.164663657546043 0.165570884943008 0.168316677212715 0.170015588402748 0.161959990859032 0.158407837152481 0.162657111883163 0.181120008230209 0.168765485286713 0.163972914218903 0.163301736116409 0.160780176520348 0.153963446617126 0.145943105220795 0.143106132745743 -3.4e+38 -3.4e+38 -3.4e+38 -3.4e+38 -3.4e+38
0.155725121498108 0.157989904284477 0.160761922597885 0.172435760498047 0.160874307155609 0.147811740636826 0.148119226098061 0.161389529705048 0.162227049469948 0.153406038880348 0.151476889848709 0.161032035946846 0.159411028027534 0.158126682043076 0.155546754598618 0.148528650403023 0.143377751111984 0.152558386325836 0.159546807408333 0.162248432636261 0.166554942727089 0.179245084524155 0.180816665291786 0.177141234278679 0.16929267346859 0.163757473230362 0.170131206512451 0.174362495541573 0.172068744897842 0.158402755856514 0.163691341876984 0.172640040516853 0.175752818584442 0.158868730068207 0.158575564622879 0.154201999306679 0.150957748293877 0.150333747267723 0.151790305972099 0.154572144150734 0.157012462615967 -3.4e+38 -3.4e+38 -3.4e+38 -3.4e+38
0.159455001354218 0.152905091643333 0.152491927146912 0.16436143219471 0.159474402666092 0.147465392947197 0.150447487831116 0.172206521034241 0.181093797087669 0.162420243024826 0.147042885422707 0.145876705646515 0.151787340641022 0.157492935657501 0.152795612812042 0.148855432868004 0.152318328619003 0.160164773464203 0.161090582609177 0.1598219871521 0.162848606705666 0.181206732988358 0.170426100492477 0.164603993296623 0.165486305952072 0.166179016232491 0.173998758196831 0.170044273138046 0.162216529250145 0.155599221587181 0.163580238819122 0.17175717651844 0.167094573378563 0.156352013349533 0.164965182542801 0.154138937592506 0.14926366508007 0.153880313038826 0.162923097610474 0.165469959378242 0.166317030787468 -3.4e+38 -3.4e+38 -3.4e+38 -3.4e+38
0.159940183162689 0.151361212134361 0.154275998473167 0.16203485429287 0.160293355584145 0.152699440717697 0.153337895870209 0.159702226519585 0.161860123276711 0.146869286894798 0.138971552252769 0.137731596827507 0.145073980093002 0.158256486058235 0.157913789153099 0.155469819903374 0.157093331217766 0.16218401491642 0.161201819777489 0.160217061638832 0.163317456841469 0.170610055327415 0.159622356295586 0.157595425844193 0.162752911448479 0.168929979205132 0.170965746045113 0.156904295086861 0.161303982138634 0.164098843932152 0.159740597009659 0.169818356633186 0.162739023566246 0.162323474884033 0.17302131652832 0.159784883260727 0.151583462953568 0.158815205097198 0.169583886861801 0.166854485869408 0.163964360952377 0.161480411887169 -3.4e+38 -3.4e+38 -3.4e+38
0.160161063075066 0.151035875082016 0.159621894359589 0.162911981344223 0.160745397210121 0.158670380711555 0.155859187245369 0.15236209332943 0.146564468741417 0.137080922722816 0.141091227531433 0.145130857825279 0.149183243513107 0.150946006178856 0.142929673194885 0.145747378468513 0.154254034161568 0.160538345575333 0.161960646510124 0.162047207355499 0.15606851875782 0.152879446744919 0.152218952775002 0.156917810440063 0.160304918885231 0.160019978880882 0.157572567462921 0.155864298343658 0.163824692368507 0.161779463291168 0.156519696116447 0.171981051564217 0.165134742856026 0.163568183779716 0.168511554598808 0.164195507764816 0.150765806436539 0.159888327121735 0.163360819220543 0.156026571989059 0.153792813420296 0.157636165618896 -3.4e+38 -3.4e+38 -3.4e+38
0.159451648592949 0.150316447019577 0.161408334970474 0.15757654607296 0.150423005223274 0.150643661618233 0.157477393746376 0.155156835913658 0.146364346146584 0.144279256463051 0.156684532761574 0.163386553525925 0.161316990852356 0.151151865720749 0.136266633868217 0.136513739824295 0.153326272964478 0.164774343371391 0.16629447042942 0.165108874440193 0.152150005102158 0.149246275424957 0.153962597250938 0.164024859666824 0.166373521089554 0.163653060793877 0.162408515810966 0.163583144545555 0.157384276390076 0.152370885014534 0.15546053647995 0.166856825351715 0.165428578853607 0.162716776132584 0.163876473903656 0.160864442586899 0.146294146776199 0.157652020454407 0.15713956952095 0.153886273503304 0.154749482870102 0.159420683979988 0.157491862773895 -3.4e+38 -3.4e+38
0.158249124884605 0.1480483263731 0.151080712676048 0.152091905474663 0.149384245276451 0.152494445443153 0.163301303982735 0.167597755789757 0.15853676199913 0.154736757278442 0.159586206078529 0.162799775600433 0.160688742995262 0.156353712081909 0.149690493941307 0.148104786872864 0.158139333128929 0.161423236131668 0.162745505571365 0.163394659757614 0.157208755612373 0.169780746102333 0.165235996246338 0.157185927033424 0.162750795483589 0.169008359313011 0.171900153160095 0.166561961174011 0.151877269148827 0.154816478490829 0.150905638933182 0.158289283514023 0.166520416736603 0.163835883140564 0.159514039754868 0.149645566940308 0.144763380289078 0.158743590116501 0.159087747335434 0.158655673265457 0.162896409630775 0.166613802313805 0.164875015616417 -3.4e+38 -3.4e+38
0.162302315235138 0.157589763402939 0.158429116010666 0.161060214042664 0.159656211733818 0.160801112651825 0.168208286166191 0.17402046918869 0.166736245155334 0.158457681536674 0.153301805257797 0.151400581002235 0.151645317673683 0.158668786287308 0.160228595137596 0.15520353615284 0.150735393166542 0.151497304439545 0.154171898961067 0.157433792948723 0.163125082850456 0.185523107647896 0.172457277774811 0.159333869814873 0.16081303358078 0.169718712568283 0.171049505472183 0.162590131163597 0.15390257537365 0.15589702129364 0.140694513916969 0.15152196586132 0.164925158023834 0.166678056120872 0.170800089836121 0.167509436607361 0.163076296448708 0.164305686950684 0.162898123264313 0.160453110933304 0.165911301970482 0.172407388687134 0.169812753796577 -3.4e+38 -3.4e+38
0.16043047606945 0.162268087267876 0.166256994009018 0.170598462224007 0.171451061964035 0.163926050066948 0.164315924048424 0.168110355734825 0.165659889578819 0.157570868730545 0.147632107138634 0.145514920353889 0.151310935616493 0.156042993068695 0.153527602553368 0.148344799876213 0.143212333321571 0.145472794771194 0.147333785891533 0.153129398822784 0.163186520338058 0.180243209004402 0.177002236247063 0.166196972131729 0.158838853240013 0.15695658326149 0.158919483423233 0.158647507429123 0.158087506890297 0.153897315263748 0.135338068008423 0.143284171819687 0.151314750313759 0.158405676484108 0.167621180415154 0.171062335371971 0.170899629592896 0.164795622229576 0.15884967148304 0.16483211517334 0.168325886130333 0.169392734766006 0.167757213115692 -3.4e+38 -3.4e+38
0.162007108330727 0.165994346141815 0.166679993271828 0.167174234986305 0.165142595767975 0.159561097621918 0.158359512686729 0.159693077206612 0.161373898386955 0.160724386572838 0.155869722366333 0.159352317452431 0.160566553473473 0.1553785353899 0.148207396268845 0.147289723157883 0.150090217590332 0.154298678040504 0.149961709976196 0.157424792647362 0.160761669278145 0.168645784258842 0.179339215159416 0.167381137609482 0.153033316135406 0.150093033909798 0.157118603587151 0.160875424742699 0.160777255892754 0.15333203971386 0.142066478729248 0.14467553794384 0.150327309966087 0.155532523989677 0.160072013735771 0.159992054104805 0.160671457648277 0.156476140022278 0.154891103506088 0.160662695765495 0.163801714777946 0.162231013178825 -3.4e+38 -3.4e+38 -3.4e+38
0.16450859606266 0.16839212179184 0.159239009022713 0.158868968486786 0.16206918656826 0.161837667226791 0.157496392726898 0.15532161295414 0.161371544003487 0.167639225721359 0.164102926850319 0.164509356021881 0.161049842834473 0.157454773783684 0.158093079924583 0.165641725063324 0.162451222538948 0.153826951980591 0.147885829210281 0.161844819784164 0.157528713345528 0.161518663167953 0.167919933795929 0.156325414776802 0.150651663541794 0.154334723949432 0.160546705126762 0.162147596478462 0.159392014145851 0.148208126425743 0.143685936927795 0.149962514638901 0.157444775104523 0.156461790204048 0.15909780561924 0.162858426570892 0.164978086948395 0.159513533115387 0.155354395508766 0.156949907541275 0.16080005466938 0.160107523202896 -3.4e+38 -3.4e+38 -3.4e+38
0.16364398598671 0.169326588511467 0.167687773704529 0.162667885422707 0.165386691689491 0.167495787143707 0.163595452904701 0.160013496875763 0.166831448674202 0.170656755566597 0.166698426008224 0.161066740751266 0.15660186111927 0.164542153477669 0.174871608614922 0.172578021883965 0.156330600380898 0.148847505450249 0.149108231067657 0.161899507045746 0.159602224826813 0.164935648441315 0.163198485970497 0.153718069195747 0.154163032770157 0.159908220171928 0.158272072672844 0.156353503465652 0.159835278987885 0.147683426737785 0.148187473416328 0.156805530190468 0.16390660405159 0.158716723322868 0.165514826774597 0.170747473835945 0.170288905501366 0.163803294301033 0.156272202730179 0.159695267677307 0.16494657099247 0.164346218109131 -3.4e+38 -3.4e+38 -3.4e+38
