data/1_raw/trimmed_ndre/J_ndre.610.2009_no_clouds.asc
NCOLS 141 
NROWS 118 
XLLCORNER 516845 
YLLCORNER 5169015 
CELLSIZE 5 
NODATA_value -3.4e+38 
[rows 60 to 79 of 118, columns 0 to 44 of 141]
-3.4e+38 0.470529645681381 0.479270994663239 0.497649163007736 0.516994416713715 0.537448346614838 0.548516750335693 0.540207922458649 0.526225209236145 0.509487569332123 0.500962316989899 0.500923156738281 0.510215163230896 0.519193291664124 0.515313029289246 0.521314442157745 0.521400809288025 0.497277706861496 0.49691241979599 0.508751332759857 0.502593874931335 0.50957053899765 0.522791028022766 0.499167740345001 0.461530774831772 0.364892393350601 0.289078831672668 0.265619695186615 0.230920433998108 0.220286712050438 0.248101994395256 0.25276905298233 0.273414462804794 0.374094545841217 0.45828041434288 0.476467698812485 0.475916862487793 0.47663876414299 0.467261791229248 0.449477225542068 0.445389598608017 0.449745357036591 0.490120619535446 0.516498923301697 0.488348871469498
-3.4e+38 0.467117309570312 0.45868718624115 0.472765177488327 0.489885926246643 0.508816838264465 0.52816253900528 0.547574937343597 0.541705310344696 0.538353323936462 0.530942499637604 0.508827209472656 0.511574327945709 0.526408791542053 0.512382328510284 0.503823280334473 0.52167946100235 0.525611817836761 0.504195928573608 0.498946785926819 0.512637913227081 0.508809149265289 0.495443522930145 0.45700991153717 0.403145790100098 0.309087246656418 0.257023572921753 0.259852290153503 0.221068739891052 0.21662737429142 0.246284514665604 0.284754872322083 0.339520156383514 0.430811017751694 0.511373460292816 0.526381194591522 0.520891666412354 0.50938081741333 0.494103670120239 0.467151135206223 0.44137054681778 0.436974406242371 0.466258525848389 0.499338030815125 0.495364785194397
-3.4e+38 0.430472999811172 0.42137411236763 0.432059437036514 0.449452906847 0.48162567615509 0.510399580001831 0.544845700263977 0.552450060844421 0.541792988777161 0.534010052680969 0.521984100341797 0.524025678634644 0.526797115802765 0.519765853881836 0.505852162837982 0.511728346347809 0.52527916431427 0.508923709392548 0.503784239292145 0.499624758958817 0.461199879646301 0.418735474348068 0.375865995883942 0.333806782960892 0.32112181186676 0.333315491676331 0.330805450677872 0.297650903463364 0.318311780691147 0.294478237628937 0.303100943565369 0.378916352987289 0.440528303384781 0.500405967235565 0.547548294067383 0.560646772384644 0.534583330154419 0.489388525485992 0.458577245473862 0.437776207923889 0.419551134109497 0.441539704799652 0.485456705093384 0.496802777051926
-3.4e+38 0.422744572162628 0.41448700428009 0.451747804880142 0.490077465772629 0.506821870803833 0.513205587863922 0.529879570007324 0.542217791080475 0.536131739616394 0.524118900299072 0.510736465454102 0.502415418624878 0.503149211406708 0.518934547901154 0.523649513721466 0.541030049324036 0.548373818397522 0.518928170204163 0.49376192688942 0.440626233816147 0.384361773729324 0.34552389383316 0.309258103370667 0.338421642780304 0.401714503765106 0.453430831432343 0.421764522790909 0.382339984178543 0.400985240936279 0.384261876344681 0.366248577833176 0.398581981658936 0.42741921544075 0.478066682815552 0.534481227397919 0.562031328678131 0.55121260881424 0.494268804788589 0.444435834884644 0.431463479995728 0.412810444831848 0.411176860332489 0.440909832715988 0.455920189619064
-3.4e+38 0.465683609247208 0.468244612216949 0.51651656627655 0.545405983924866 0.551342010498047 0.534096598625183 0.531307697296143 0.545570075511932 0.51962286233902 0.481598109006882 0.469678401947021 0.472277641296387 0.487941533327103 0.521221041679382 0.542718410491943 0.564976096153259 0.567618250846863 0.523266673088074 0.463020980358124 0.378461718559265 0.317233115434647 0.304461359977722 0.321768492460251 0.387496322393417 0.452759981155396 0.499363243579865 0.453919798135757 0.429442703723907 0.47205001115799 0.486219644546509 0.440897822380066 0.393793284893036 0.410524755716324 0.419690698385239 0.462356895208359 0.518666625022888 0.534960746765137 0.517648279666901 0.455918580293655 0.40575897693634 0.385472357273102 0.401751130819321 0.428645730018616 0.438242375850677
-3.4e+38 0.477766931056976 0.501558721065521 0.533551752567291 0.553777635097504 0.566836655139923 0.555500149726868 0.528826057910919 0.509229063987732 0.479138821363449 0.450863182544708 0.455025672912598 0.475361347198486 0.499238729476929 0.534117996692657 0.545548260211945 0.549890518188477 0.563211023807526 0.513729393482208 0.433477491140366 0.341022253036499 0.307843029499054 0.349938869476318 0.378513246774673 0.419209212064743 0.458579510450363 0.469815760850906 0.434071004390717 0.436995625495911 0.487193375825882 0.510087311267853 0.480304569005966 0.400606244802475 0.359701335430145 0.371213108301163 0.402508467435837 0.453749090433121 0.486501306295395 0.496345043182373 0.476872980594635 0.418382316827774 0.40290379524231 0.456588089466095 0.489531576633453 0.468822956085205
-3.4e+38 0.460893452167511 0.498494923114777 0.522741734981537 0.539912104606628 0.538985133171082 0.52707040309906 0.506450355052948 0.486304312944412 0.472702324390411 0.464349567890167 0.463580876588821 0.481677889823914 0.520521700382233 0.53337699174881 0.52849555015564 0.527942299842834 0.521432816982269 0.467016726732254 0.398294806480408 0.352011501789093 0.365232288837433 0.406524956226349 0.419929563999176 0.42971459031105 0.45011630654335 0.44847846031189 0.431315332651138 0.427465379238129 0.451838254928589 0.466103255748749 0.453297525644302 0.404093444347382 0.349351793527603 0.353787750005722 0.363990277051926 0.413120329380035 0.473002105951309 0.502156555652618 0.503888964653015 0.465689569711685 0.445590108633041 0.485190093517303 0.507974803447723 0.486036211252213
-3.4e+38 0.463612526655197 0.509315013885498 0.548975586891174 0.553374946117401 0.51906681060791 0.497204303741455 0.500741720199585 0.506618797779083 0.505596399307251 0.498096883296967 0.491770505905151 0.496991604566574 0.528993427753448 0.520672500133514 0.5273517370224 0.541662812232971 0.512425601482391 0.433792680501938 0.380236238241196 0.383167624473572 0.420872986316681 0.431173652410507 0.439635097980499 0.445332825183868 0.467366576194763 0.486012250185013 0.452910661697388 0.440269470214844 0.474037855863571 0.469900816679001 0.437350779771805 0.419812977313995 0.367231577634811 0.325609773397446 0.330184131860733 0.378695964813232 0.452366471290588 0.502602994441986 0.506131768226624 0.49072203040123 0.470635533332825 0.474863260984421 0.47296541929245 0.475531339645386
-3.4e+38 0.489670097827911 0.53791356086731 0.56394225358963 0.562812030315399 0.520922720432281 0.497270435094833 0.509117841720581 0.519481122493744 0.522462427616119 0.521413028240204 0.530086517333984 0.524990618228912 0.522972643375397 0.513664066791534 0.526401996612549 0.545714437961578 0.489423632621765 0.404245465993881 0.379797011613846 0.402632504701614 0.429982036352158 0.412815272808075 0.424621641635895 0.446646630764008 0.464647263288498 0.492165982723236 0.442222833633423 0.418190807104111 0.466892629861832 0.454965740442276 0.431924939155579 0.424488127231598 0.395686417818069 0.361269295215607 0.360486060380936 0.394419968128204 0.441111117601395 0.491719365119934 0.499997138977051 0.482763677835464 0.453019350767136 0.440951257944107 0.443335622549057 0.455201357603073
-3.4e+38 0.517756879329681 0.533065378665924 0.537060678005219 0.551808714866638 0.531661629676819 0.496193766593933 0.483821183443069 0.492144703865051 0.515448987483978 0.537261486053467 0.55581533908844 0.546329498291016 0.514078378677368 0.49098613858223 0.482107996940613 0.488740116357803 0.442493289709091 0.37859234213829 0.389037787914276 0.412687420845032 0.413270354270935 0.388828456401825 0.395606279373169 0.409690856933594 0.408783793449402 0.426304578781128 0.401668578386307 0.377998024225235 0.396850079298019 0.395707756280899 0.402913838624954 0.413257330656052 0.409134715795517 0.388082563877106 0.380602359771729 0.398477792739868 0.430355191230774 0.477227210998535 0.52009105682373 0.508902072906494 0.464729607105255 0.462185919284821 0.447972387075424 0.432474315166473
-3.4e+38 0.530048429965973 0.503318190574646 0.501735329627991 0.530561149120331 0.528963804244995 0.50669002532959 0.486059188842773 0.484354764223099 0.506215691566467 0.532892465591431 0.537044107913971 0.532705307006836 0.496935039758682 0.445060878992081 0.420388251543045 0.432157665491104 0.395163655281067 0.332049548625946 0.35522934794426 0.417837649583817 0.441063463687897 0.403395444154739 0.371681898832321 0.371345847845078 0.374114513397217 0.375667750835419 0.362725913524628 0.321813881397247 0.309501349925995 0.334070533514023 0.353174299001694 0.346283435821533 0.332017660140991 0.325667381286621 0.332311689853668 0.362353622913361 0.41379103064537 0.45812600851059 0.523509562015533 0.530162394046783 0.49982014298439 0.511009395122528 0.468830645084381 0.452545136213303
-3.4e+38 0.538711726665497 0.496455132961273 0.496987074613571 0.524328172206879 0.523985266685486 0.517395675182343 0.507579624652863 0.498989403247833 0.493376672267914 0.497752547264099 0.496620029211044 0.489862740039825 0.469462901353836 0.422189176082611 0.421861797571182 0.4477678835392 0.382894605398178 0.330686062574387 0.362468123435974 0.450280725955963 0.487721830606461 0.438754826784134 0.382438898086548 0.392155557870865 0.415744006633759 0.396346211433411 0.344021499156952 0.278584271669388 0.249447017908096 0.268016368150711 0.273936033248901 0.253410458564758 0.253737211227417 0.269156694412231 0.282513797283173 0.303315460681915 0.347110539674759 0.405498683452606 0.477568805217743 0.490890443325043 0.475736558437347 0.488809466362 0.465089410543442 0.475018978118896
-3.4e+38 0.531361758708954 0.486387848854065 0.497284412384033 0.524024724960327 0.515348792076111 0.497059017419815 0.489389598369598 0.495111644268036 0.501526296138763 0.48726499080658 0.467901408672333 0.457042902708054 0.453720986843109 0.441854238510132 0.426141530275345 0.429443269968033 0.405911564826965 0.387331426143646 0.41241791844368 0.475546270608902 0.485862106084824 0.469891458749771 0.444812059402466 0.438782781362534 0.455616742372513 0.425930798053741 0.336287558078766 0.284337967634201 0.256084740161896 0.217488780617714 0.218165323138237 0.226947173476219 0.253265142440796 0.266991794109344 0.249264284968376 0.249640643596649 0.273400396108627 0.345795720815659 0.433157086372375 0.460616379976273 0.438764452934265 0.431303679943085 0.451038718223572 0.466216087341309
-3.4e+38 0.502764046192169 0.474871814250946 0.486695826053619 0.509708404541016 0.501533985137939 0.484614163637161 0.47807851433754 0.495155364274979 0.520687758922577 0.489821135997772 0.45170459151268 0.449374198913574 0.435861259698868 0.432475119829178 0.4272740483284 0.427218735218048 0.445407271385193 0.447048097848892 0.459501355886459 0.480897784233093 0.491138696670532 0.50286477804184 0.478190243244171 0.437212258577347 0.444208532571793 0.421165257692337 0.328086882829666 0.26528137922287 0.258497506380081 0.21457214653492 0.209617614746094 0.246461614966393 0.279684573411942 0.28675976395607 0.265393555164337 0.257704079151154 0.251939624547958 0.301354229450226 0.386558353900909 0.413443863391876 0.381500780582428 0.4018474817276 0.451043307781219 0.447437584400177
-3.4e+38 0.485811471939087 0.468441218137741 0.465679347515106 0.474603593349457 0.473393976688385 0.459923565387726 0.453088343143463 0.484000504016876 0.51712042093277 0.480174362659454 0.438913494348526 0.43818262219429 0.435992777347565 0.439787596464157 0.441482812166214 0.453920036554337 0.480073630809784 0.478767246007919 0.472009837627411 0.49185574054718 0.49666291475296 0.480657339096069 0.481967210769653 0.486572712659836 0.466370701789856 0.398234456777573 0.310343474149704 0.267155051231384 0.287607580423355 0.279426723718643 0.266662567853928 0.300975799560547 0.329703271389008 0.341266661882401 0.359921991825104 0.350276052951813 0.324439495801926 0.336190432310104 0.365323215723038 0.364490509033203 0.349735826253891 0.399915814399719 0.442184537649155 0.442890137434006
-3.4e+38 0.486786276102066 0.470507800579071 0.456547915935516 0.448693126440048 0.445977061986923 0.43393462896347 0.432092517614365 0.465798109769821 0.489402920007706 0.473711043596268 0.448152840137482 0.441869348287582 0.448139578104019 0.453986674547195 0.445495784282684 0.454188764095306 0.487312585115433 0.481602728366852 0.465589731931686 0.485490143299103 0.468292206525803 0.450284719467163 0.46329727768898 0.469417959451675 0.438515931367874 0.376674026250839 0.349707156419754 0.341794013977051 0.348447293043137 0.374104350805283 0.391956031322479 0.408672273159027 0.398357510566711 0.400211960077286 0.438880771398544 0.449268996715546 0.409516274929047 0.383680492639542 0.356551587581635 0.340930312871933 0.3558189868927 0.394890695810318 0.433026134967804 0.451562434434891
-3.4e+38 0.484566062688828 0.470283001661301 0.446139335632324 0.430966407060623 0.440685123205185 0.429866671562195 0.427945286035538 0.453329652547836 0.468302398920059 0.46939143538475 0.457902878522873 0.456568390130997 0.464732587337494 0.465909540653229 0.462767332792282 0.466923028230667 0.475782036781311 0.467871904373169 0.453859001398087 0.46822726726532 0.434330075979233 0.383935958147049 0.368427664041519 0.362453103065491 0.357128024101257 0.375972032546997 0.40134060382843 0.409224033355713 0.416825830936432 0.442271381616592 0.460741877555847 0.482285976409912 0.464837282896042 0.447850257158279 0.477868020534515 0.474082797765732 0.450923144817352 0.410050749778748 0.363577663898468 0.373636990785599 0.411630213260651 0.421508759260178 0.442830920219421 0.458244800567627
-3.4e+38 0.462483316659927 0.468436509370804 0.445947408676147 0.433487087488174 0.448304086923599 0.438602119684219 0.434233695268631 0.46847003698349 0.497093737125397 0.485172927379608 0.463111490011215 0.45919731259346 0.467423796653748 0.463822692632675 0.456777572631836 0.456843674182892 0.457232147455215 0.456345111131668 0.463553011417389 0.470050364732742 0.449968129396439 0.365945130586624 0.291429340839386 0.268238186836243 0.27748903632164 0.338366031646729 0.41142863035202 0.44086542725563 0.461347907781601 0.465158849954605 0.47588062286377 0.51035487651825 0.502855837345123 0.468693852424622 0.465004771947861 0.459789544343948 0.477270781993866 0.456914156675339 0.405463576316833 0.428182005882263 0.467151075601578 0.46188947558403 0.465331137180328 0.467468112707138
-3.4e+38 0.448738008737564 0.476178079843521 0.457061767578125 0.444038659334183 0.45217764377594 0.451201647520065 0.446563482284546 0.485026746988297 0.52046000957489 0.49970942735672 0.476897805929184 0.453092396259308 0.446381062269211 0.440571129322052 0.438368290662766 0.443571031093597 0.437921196222305 0.428629487752914 0.441261500120163 0.458435297012329 0.456774741411209 0.394556641578674 0.301624536514282 0.255718052387238 0.258473128080368 0.322997361421585 0.411275446414948 0.457334965467453 0.485582768917084 0.49508473277092 0.476902663707733 0.486590713262558 0.495276212692261 0.47077351808548 0.46534863114357 0.470907270908356 0.47921359539032 0.475632667541504 0.452952086925507 0.464492917060852 0.497892677783966 0.493320912122726 0.479634672403336 0.486672401428223
0.473236739635468 0.465019822120667 0.492337793111801 0.483448475599289 0.485140532255173 0.490114271640778 0.47328394651413 0.454723209142685 0.482200235128403 0.49765157699585 0.474871784448624 0.456397920846939 0.428970187902451 0.421842813491821 0.426279217004776 0.439215362071991 0.450593769550323 0.437663584947586 0.424189627170563 0.428100168704987 0.435646325349808 0.418696969747543 0.373821914196014 0.316453337669373 0.27702933549881 0.299750357866287 0.369105964899063 0.435093253850937 0.46446818113327 0.481332033872604 0.489045798778534 0.482641011476517 0.482968509197235 0.492651343345642 0.488585978746414 0.49556377530098 0.492769598960876 0.478463977575302 0.484207153320312 0.482553988695145 0.478328168392181 0.495395749807358 0.495960891246796 0.496760547161102 0.496833652257919
