data/1_raw/trimmed_ndre/J_ndre.530.2014_no_clouds.asc
NCOLS 141 
NROWS 118 
XLLCORNER 516845 
YLLCORNER 5169015 
CELLSIZE 5 
NODATA_value -3.4e+38 
[rows 60 to 79 of 118, columns 0 to 44 of 141]
-3.4e+38 0.132086202502251 0.130564957857132 0.12306784838438 0.115089148283005 0.121746487915516 0.126951083540916 0.121667437255383 0.126915514469147 0.138131842017174 0.133613973855972 0.121005073189735 0.122362650930882 0.118351228535175 0.114359192550182 0.121203891932964 0.120660439133644 0.117254793643951 0.126988545060158 0.127035707235336 0.125278636813164 0.129024252295494 0.128202423453331 0.128439083695412 0.122538141906261 0.118648372590542 0.13022293150425 0.145155116915703 0.154055908322334 0.144203096628189 0.139087900519371 0.134084522724152 0.153698340058327 0.16607654094696 0.136577025055885 0.135105267167091 0.139785498380661 0.128610163927078 0.133076354861259 0.137393414974213 0.144466444849968 0.136345565319061 0.120132572948933 0.121350131928921 0.137949645519257
-3.4e+38 0.125257790088654 0.129590660333633 0.139501079916954 0.134116381406784 0.125708341598511 0.117557153105736 0.113993473351002 0.121308460831642 0.13723386824131 0.140065684914589 0.129173547029495 0.138241678476334 0.129204586148262 0.116692028939724 0.121798276901245 0.117045618593693 0.114800222218037 0.128038585186005 0.125698089599609 0.119017660617828 0.122210510075092 0.118457660079002 0.110417120158672 0.117415152490139 0.120571702718735 0.118550769984722 0.145861208438873 0.152191087603569 0.14251072704792 0.138241186738014 0.138777583837509 0.148156374692917 0.141650304198265 0.119309343397617 0.117162607610226 0.131859675049782 0.136804267764091 0.131977289915085 0.131668835878372 0.135486572980881 0.132183372974396 0.121780380606651 0.125508680939674 0.139273688197136
-3.4e+38 0.127258479595184 0.133826196193695 0.138218432664871 0.13466340303421 0.136997371912003 0.126428052783012 0.116393193602562 0.111460261046886 0.121961273252964 0.136054515838623 0.131630226969719 0.134888529777527 0.123498402535915 0.120855011045933 0.13153263926506 0.1224075704813 0.117716729640961 0.130625277757645 0.127864673733711 0.126694336533546 0.137321814894676 0.130798205733299 0.115273401141167 0.141933172941208 0.159744396805763 0.126824036240578 0.142315059900284 0.145167306065559 0.134351372718811 0.135712593793869 0.124868996441364 0.136048018932343 0.13422603905201 0.128539606928825 0.121826887130737 0.127282932400703 0.137810260057449 0.130817845463753 0.122700579464436 0.12536409497261 0.133273422718048 0.129912763834 0.121404230594635 0.12760965526104
-3.4e+38 0.132619842886925 0.135110884904861 0.126236036419868 0.125461205840111 0.139818429946899 0.13616506755352 0.116146922111511 0.099139891564846 0.108735747635365 0.128696784377098 0.131646305322647 0.127365976572037 0.119792707264423 0.126018106937408 0.139961719512939 0.132104396820068 0.128524169325829 0.133277401328087 0.130393177270889 0.135384306311607 0.148299664258957 0.137561827898026 0.115452140569687 0.127347126603127 0.147959396243095 0.132433384656906 0.133912265300751 0.139902174472809 0.127303093671799 0.121155560016632 0.120500333607197 0.126654058694839 0.139034032821655 0.148797124624252 0.137333199381828 0.133166074752808 0.142808064818382 0.135624334216118 0.126806542277336 0.129120454192162 0.134452864527702 0.123925536870956 0.109303340315819 0.122384957969189
-3.4e+38 0.132288917899132 0.131627634167671 0.119087420403957 0.1160928606987 0.129475086927414 0.132638409733772 0.112935796380043 0.0989662706851959 0.115177772939205 0.131622672080994 0.136969015002251 0.1272362023592 0.119907036423683 0.130375444889069 0.138564795255661 0.135999485850334 0.1348827034235 0.13141930103302 0.131865322589874 0.132410317659378 0.129332229495049 0.134111776947975 0.122507363557816 0.104412026703358 0.122788943350315 0.129450872540474 0.122389331459999 0.126995369791985 0.129425972700119 0.129396766424179 0.126359671354294 0.121477089822292 0.123140908777714 0.142273515462875 0.151388913393021 0.141641587018967 0.141569763422012 0.144180983304977 0.138941243290901 0.134655177593231 0.131334021687508 0.120288893580437 0.110568836331367 0.123701930046082
-3.4e+38 0.127045050263405 0.121616348624229 0.11666539311409 0.124177411198616 0.124874576926231 0.123072542250156 0.114896669983864 0.112046577036381 0.125980317592621 0.136256024241447 0.13727568089962 0.129311308264732 0.120043769478798 0.125597894191742 0.122558698058128 0.12369754165411 0.132982224225998 0.127015829086304 0.133937403559685 0.128070667386055 0.118035331368446 0.142824843525887 0.131485551595688 0.106312282383442 0.125210657715797 0.131655916571617 0.124600566923618 0.128033339977264 0.134510666131973 0.140747606754303 0.131663382053375 0.131866857409477 0.125035583972931 0.132665932178497 0.143901884555817 0.129721164703369 0.133293077349663 0.142334625124931 0.142591327428818 0.124277427792549 0.119011700153351 0.11980214715004 0.119806788861752 0.122223347425461
-3.4e+38 0.122041776776314 0.114011898636818 0.12420641630888 0.140180796384811 0.133728519082069 0.123047448694706 0.12286900728941 0.12853279709816 0.127673298120499 0.130119055509567 0.128238394856453 0.12574103474617 0.121737271547318 0.118821866810322 0.111968547105789 0.114716947078705 0.133265390992165 0.130501836538315 0.138837426900864 0.138038381934166 0.127222433686256 0.145029097795486 0.133718311786652 0.120682530105114 0.135446116328239 0.133834317326546 0.132377177476883 0.132050782442093 0.131763949990273 0.127689331769943 0.116582952439785 0.118056930601597 0.11431960016489 0.120267249643803 0.121238298714161 0.116094753146172 0.132118493318558 0.124274522066116 0.111828416585922 0.107988379895687 0.109831862151623 0.122636310756207 0.132708892226219 0.127175852656364
-3.4e+38 0.117495536804199 0.122287429869175 0.132730439305305 0.136925756931305 0.130191013216972 0.113172568380833 0.118315801024437 0.127242043614388 0.12143612653017 0.124260649085045 0.123645320534706 0.124159328639507 0.125236079096794 0.123951591551304 0.117938883602619 0.120849572122097 0.136986136436462 0.136782184243202 0.142596274614334 0.152816772460938 0.131953656673431 0.125737652182579 0.125225275754929 0.127330586314201 0.138954654335976 0.133301049470901 0.132185876369476 0.13231860101223 0.126846477389336 0.112252257764339 0.104702487587929 0.112229660153389 0.115537211298943 0.124372132122517 0.124612547457218 0.124445788562298 0.137697175145149 0.118784673511982 0.109544269740582 0.118038102984428 0.109732456505299 0.110333353281021 0.123529657721519 0.129224643111229
-3.4e+38 0.12355250120163 0.132928192615509 0.129459217190742 0.117265991866589 0.111886031925678 0.112593032419682 0.114171609282494 0.121313117444515 0.122536428272724 0.128306403756142 0.128745913505554 0.12701478600502 0.129059910774231 0.131833478808403 0.129949480295181 0.134126514196396 0.134824633598328 0.128406137228012 0.139025673270226 0.145711064338684 0.123369537293911 0.110863901674747 0.120727747678757 0.130505293607712 0.133115917444229 0.130290314555168 0.130600929260254 0.136104956269264 0.131326407194138 0.114439703524113 0.111369647085667 0.124538712203503 0.125286146998405 0.114694193005562 0.11580865830183 0.119177639484406 0.129112988710403 0.134442016482353 0.127397134900093 0.129158824682236 0.124299608170986 0.111031629145145 0.121712736785412 0.134004592895508
-3.4e+38 0.128576546907425 0.12952895462513 0.127248987555504 0.108163848519325 0.108586043119431 0.122400976717472 0.124740846455097 0.120650976896286 0.121056668460369 0.130308896303177 0.134565398097038 0.130473390221596 0.12801393866539 0.128524169325829 0.132053390145302 0.138232797384262 0.1253272742033 0.115398667752743 0.126036301255226 0.122353926301003 0.102774478495121 0.110576681792736 0.127463012933731 0.127333000302315 0.123060740530491 0.117898479104042 0.117344863712788 0.128989666700363 0.141485944390297 0.125835224986076 0.119421817362309 0.132267102599144 0.1324303150177 0.114633589982986 0.111204817891121 0.111533276736736 0.119225978851318 0.1278957426548 0.118350110948086 0.12355413287878 0.130433887243271 0.117807768285275 0.125236183404922 0.13757611811161
-3.4e+38 0.115076042711735 0.122529871761799 0.126667976379395 0.117310650646687 0.114303097128868 0.13255013525486 0.148789316415787 0.143995180726051 0.13202990591526 0.133916586637497 0.137364313006401 0.130029037594795 0.121633529663086 0.120295226573944 0.129885166883469 0.135200873017311 0.120567932724953 0.112465649843216 0.112573407590389 0.107918500900269 0.100934013724327 0.122791491448879 0.129222452640533 0.120844587683678 0.118205443024635 0.109344817698002 0.109941646456718 0.128484502434731 0.142669022083282 0.127988636493683 0.12278039753437 0.136252254247665 0.138841032981873 0.125015035271645 0.117582887411118 0.119839742779732 0.125358626246452 0.126304611563683 0.117592729628086 0.127349317073822 0.128949552774429 0.115517236292362 0.117258816957474 0.138170719146729
-3.4e+38 0.115429028868675 0.121343970298767 0.122536592185497 0.117878496646881 0.115004360675812 0.12772761285305 0.150347530841827 0.15223540365696 0.140577271580696 0.139054879546165 0.149118155241013 0.142593935132027 0.125256434082985 0.118798702955246 0.133832022547722 0.134796887636185 0.121247962117195 0.120253659784794 0.121675632894039 0.118940576910973 0.117976307868958 0.119694426655769 0.111073061823845 0.112022258341312 0.128628566861153 0.125700101256371 0.123648822307587 0.130401402711868 0.136595696210861 0.128943622112274 0.128807455301285 0.135783031582832 0.139876171946526 0.134607151150703 0.130051106214523 0.131296843290329 0.135007530450821 0.130615592002869 0.129051730036736 0.137288823723793 0.132150694727898 0.120586358010769 0.124554976820946 0.135539442300797
-3.4e+38 0.127288863062859 0.124351270496845 0.119744062423706 0.115942031145096 0.11520429700613 0.120138019323349 0.132677644491196 0.133440792560577 0.136241123080254 0.133295923471451 0.135925814509392 0.139621526002884 0.129550129175186 0.120499737560749 0.131960928440094 0.132544606924057 0.123121120035648 0.130359753966331 0.133052825927734 0.133047744631767 0.124813310801983 0.11539351940155 0.109436221420765 0.121389910578728 0.141832262277603 0.14080274105072 0.130693957209587 0.125491186976433 0.133601859211922 0.129214614629745 0.127067387104034 0.138516873121262 0.143837332725525 0.142027124762535 0.152655184268951 0.149260073900223 0.138677015900612 0.142248556017876 0.130986794829369 0.13610115647316 0.13791786134243 0.133154317736626 0.129990950226784 0.126190781593323
-3.4e+38 0.130938023328781 0.124748378992081 0.120184600353241 0.122574299573898 0.122405290603638 0.126719534397125 0.133514761924744 0.129384413361549 0.130745336413383 0.121492132544518 0.121774829924107 0.133493095636368 0.121422596275806 0.119244761765003 0.12588407099247 0.123753167688847 0.124122798442841 0.126197695732117 0.124898970127106 0.133571162819862 0.128839313983917 0.122224397957325 0.125970020890236 0.130678966641426 0.141830816864967 0.12739409506321 0.113931581377983 0.115133710205555 0.13534589111805 0.134741052985191 0.127247497439384 0.154122933745384 0.174462854862213 0.17605060338974 0.183654934167862 0.171877071261406 0.148820981383324 0.147692203521729 0.126297801733017 0.132519215345383 0.141977354884148 0.126300275325775 0.128221914172173 0.121689669787884
-3.4e+38 0.125323936343193 0.12456613779068 0.127500176429749 0.13224658370018 0.130278527736664 0.128378331661224 0.131950303912163 0.130073472857475 0.127968817949295 0.120382890105247 0.13105796277523 0.142743140459061 0.126715138554573 0.120597898960114 0.121361583471298 0.12084823101759 0.129154875874519 0.125168740749359 0.116786062717438 0.123230710625648 0.12940289080143 0.136641249060631 0.136556267738342 0.131220266222954 0.127738937735558 0.117867030203342 0.112827017903328 0.118660092353821 0.131842985749245 0.141765430569649 0.141426727175713 0.164115846157074 0.187828823924065 0.179501950740814 0.175337001681328 0.181784987449646 0.166763588786125 0.154497310519218 0.138419181108475 0.134586125612259 0.123114190995693 0.113711088895798 0.133933573961258 0.130644500255585
-3.4e+38 0.119145259261131 0.126898482441902 0.137126877903938 0.13343121111393 0.123345799744129 0.120210632681847 0.127424150705338 0.134129166603088 0.130526795983315 0.119070030748844 0.126527652144432 0.135392606258392 0.124317958950996 0.117552280426025 0.122659727931023 0.131140023469925 0.140304610133171 0.133341670036316 0.121956638991833 0.118606992065907 0.130375653505325 0.139255046844482 0.140740692615509 0.145455405116081 0.13641245663166 0.125429019331932 0.124284721910954 0.127849087119102 0.130793929100037 0.12565715610981 0.120868943631649 0.149619653820992 0.173224404454231 0.14494600892067 0.138626277446747 0.164773896336555 0.140470430254936 0.125093147158623 0.132455870509148 0.13495834171772 0.111030243337154 0.116282902657986 0.146403536200523 0.131978794932365
-3.4e+38 0.116912648081779 0.12938280403614 0.144619032740593 0.137805685400963 0.121329963207245 0.121311970055103 0.131292954087257 0.133121311664581 0.136754095554352 0.12968473136425 0.126564756035805 0.127585664391518 0.121270328760147 0.117357850074768 0.119801223278046 0.128050893545151 0.139959126710892 0.136107757687569 0.132700815796852 0.125775024294853 0.126629456877708 0.131144255399704 0.128199592232704 0.143344163894653 0.146276250481606 0.133033499121666 0.128206476569176 0.130706027150154 0.131872579455376 0.116210602223873 0.108379110693932 0.131847456097603 0.144806385040283 0.135256335139275 0.124281138181686 0.130674168467522 0.120827049016953 0.111251652240753 0.125250801444054 0.139230653643608 0.121076211333275 0.116016142070293 0.127401903271675 0.123842738568783
-3.4e+38 0.118453063070774 0.130966424942017 0.150958403944969 0.144300952553749 0.130190700292587 0.134369924664497 0.13565930724144 0.129062101244926 0.131352767348289 0.126228258013725 0.1214869171381 0.127924680709839 0.131229266524315 0.139163106679916 0.138624176383018 0.129357486963272 0.132664695382118 0.133810594677925 0.131238386034966 0.129955664277077 0.130850851535797 0.123135060071945 0.116553708910942 0.126962319016457 0.132473036646843 0.128744676709175 0.12506702542305 0.124621823430061 0.128859624266624 0.12682156264782 0.118937849998474 0.122726462781429 0.122533172369003 0.121306270360947 0.118048816919327 0.123922176659107 0.134347632527351 0.130080103874207 0.120322823524475 0.122471548616886 0.123291619122028 0.110217660665512 0.106410667300224 0.129900529980659
-3.4e+38 0.120483808219433 0.140275001525879 0.149787783622742 0.146065279841423 0.134573623538017 0.138639822602272 0.125950053334236 0.116429813206196 0.125832885503769 0.118964619934559 0.114629231393337 0.117564529180527 0.123220257461071 0.142615795135498 0.139137610793114 0.123732909560204 0.12786765396595 0.132689222693443 0.132073238492012 0.126652866601944 0.131847858428955 0.121679067611694 0.116696201264858 0.124858193099499 0.125564217567444 0.128748044371605 0.123757898807526 0.120170190930367 0.132840394973755 0.132407933473587 0.118955813348293 0.120411120355129 0.122501783072948 0.123510129749775 0.125846654176712 0.128347873687744 0.126762971282005 0.124687999486923 0.119036599993706 0.118348531424999 0.126257315278053 0.122791446745396 0.107739493250847 0.113009892404079
0.128003463149071 0.120222203433514 0.136316776275635 0.141421124339104 0.134594708681107 0.125409573316574 0.126482903957367 0.111828610301018 0.11542172729969 0.137197986245155 0.129696205258369 0.127039104700089 0.117065869271755 0.112602926790714 0.130377873778343 0.125604629516602 0.11223392188549 0.116808988153934 0.120800718665123 0.117910400032997 0.119069561362267 0.13150455057621 0.127893045544624 0.125460103154182 0.12335991859436 0.121570743620396 0.125173658132553 0.123655311763287 0.123140327632427 0.14059579372406 0.130149841308594 0.114692330360413 0.125548273324966 0.132636234164238 0.131389200687408 0.131335377693176 0.13242769241333 0.126758754253387 0.122810259461403 0.121915131807327 0.12384507060051 0.130149662494659 0.130183607339859 0.126046493649483 0.1220723092556
