data/1_raw/trimmed_ndre/J_ndre.724.2013_no_clouds.asc
NCOLS 141 
NROWS 118 
XLLCORNER 516845 
YLLCORNER 5169015 
CELLSIZE 5 
NODATA_value -3.4e+38 
[rows 40 to 59 of 118, columns 90 to 134 of 141]
0.129819005727768 0.110350497066975 0.125764578580856 0.13565556704998 0.13419434428215 0.131432965397835 0.131432965397835 0.133977085351944 0.139726638793945 0.138355880975723 0.138355880975723 0.137430593371391 0.136572763323784 0.136133775115013 0.134389325976372 0.133264616131783 0.152851521968842 0.15127295255661 0.151138126850128 0.15598763525486 0.143850818276405 0.143850818276405 0.133705571293831 0.136533364653587 0.11836639046669 0.11836639046669 0.126467198133469 0.12265057861805 0.140619605779648 0.129742681980133 0.138568699359894 -3.4e+38 -3.4e+38 -3.4e+38 -3.4e+38 -3.4e+38 -3.4e+38 -3.4e+38 -3.4e+38 -3.4e+38 -3.4e+38 -3.4e+38 -3.4e+38 -3.4e+38 -3.4e+38
0.12099251896143 0.121133662760258 0.12652499973774 0.132178783416748 0.125384032726288 0.121840633451939 0.12925124168396 0.133977085351944 0.12798647582531 0.131625682115555 0.131625682115555 0.13383586704731 0.139579460024834 0.130185157060623 0.130185157060623 0.131804764270782 0.142730504274368 0.156193315982819 0.156193315982819 0.171201318502426 0.141691729426384 0.136212825775146 0.142654463648796 0.135004550218582 0.130937293171883 0.139330714941025 0.139330714941025 0.130639135837555 0.140619605779648 0.143986836075783 0.143986836075783 -3.4e+38 -3.4e+38 -3.4e+38 -3.4e+38 -3.4e+38 -3.4e+38 -3.4e+38 -3.4e+38 -3.4e+38 -3.4e+38 -3.4e+38 -3.4e+38 -3.4e+38 -3.4e+38
0.139166861772537 0.128283560276031 0.133366540074348 0.133366540074348 0.116900213062763 0.11547476798296 0.126738250255585 0.126738250255585 0.130130842328072 0.135190293192863 0.135220289230347 0.13377346098423 0.137542694807053 0.140188500285149 0.133457124233246 0.133457124233246 0.143352910876274 0.154759496450424 0.17339138686657 0.17339138686657 0.138890773057938 0.136217802762985 0.131272837519646 0.131272837519646 0.123880967497826 0.152126491069794 0.143460273742676 0.129238367080688 0.140619605779648 0.144679501652718 0.135438740253448 -3.4e+38 -3.4e+38 -3.4e+38 -3.4e+38 -3.4e+38 -3.4e+38 -3.4e+38 -3.4e+38 -3.4e+38 -3.4e+38 -3.4e+38 -3.4e+38 -3.4e+38 -3.4e+38
0.128796458244324 0.123634397983551 0.124927550554276 0.118415810167789 0.118415810167789 0.11547476798296 0.12045931071043 0.134715065360069 0.134715065360069 0.144797101616859 0.131073698401451 0.143074512481689 0.143074512481689 0.15124437212944 0.145450800657272 0.148362696170807 0.148362696170807 0.150470435619354 0.166319295763969 0.157857716083527 0.160633206367493 0.147502794861794 0.128431290388107 0.117143869400024 0.114960670471191 0.130214914679527 0.124890141189098 0.124890141189098 0.133545249700546 0.145318701863289 0.134755402803421 -3.4e+38 -3.4e+38 -3.4e+38 -3.4e+38 -3.4e+38 -3.4e+38 -3.4e+38 -3.4e+38 -3.4e+38 -3.4e+38 -3.4e+38 -3.4e+38 -3.4e+38 -3.4e+38
0.146195948123932 0.136215150356293 0.14058943092823 0.122936390340328 0.131379455327988 0.131582543253899 0.126803934574127 0.13987298309803 0.136577501893044 0.128275319933891 0.13682396709919 0.138255819678307 0.138255819678307 0.154766693711281 0.164340034127235 0.161537870764732 0.161537870764732 0.147594064474106 0.151039347052574 0.150415897369385 0.150415897369385 0.143834367394447 0.124020926654339 0.119264908134937 0.114892140030861 0.121118769049644 0.115695767104626 0.131200045347214 0.131195291876793 0.151359841227531 0.138736590743065 0.148332983255386 -3.4e+38 -3.4e+38 -3.4e+38 -3.4e+38 -3.4e+38 -3.4e+38 -3.4e+38 -3.4e+38 -3.4e+38 -3.4e+38 -3.4e+38 -3.4e+38 -3.4e+38
0.137781605124474 0.140007853507996 0.147808715701103 0.142505124211311 0.147303372621536 0.147303372621536 0.132846817374229 0.14612603187561 0.139633223414421 0.139633223414421 0.152102991938591 0.147835418581963 0.157667934894562 0.16326268017292 0.164271995425224 0.164429128170013 0.149778217077255 0.149778217077255 0.147344216704369 0.170319572091103 0.154832556843758 0.154832556843758 0.138981848955154 0.136110067367554 0.14028163254261 0.14028163254261 0.126013427972794 0.139428734779358 0.142441034317017 0.140478208661079 0.153654992580414 0.138895735144615 -3.4e+38 -3.4e+38 -3.4e+38 -3.4e+38 -3.4e+38 -3.4e+38 -3.4e+38 -3.4e+38 -3.4e+38 -3.4e+38 -3.4e+38 -3.4e+38 -3.4e+38
0.140631183981895 0.147186383605003 0.147186383605003 0.145446807146072 0.151565983891487 0.145943760871887 0.131416380405426 0.157228112220764 0.149886265397072 0.166659086942673 0.166659086942673 0.160543709993362 0.175015434622765 0.168381035327911 0.168381035327911 0.171726614236832 0.157971233129501 0.154152736067772 0.154152736067772 0.161080792546272 0.154840975999832 0.133400574326515 0.133400574326515 0.122096858918667 0.131153345108032 0.119696207344532 0.115343399345875 0.126525714993477 0.134130820631981 0.149469599127769 0.132933273911476 0.139514952898026 -3.4e+38 -3.4e+38 -3.4e+38 -3.4e+38 -3.4e+38 -3.4e+38 -3.4e+38 -3.4e+38 -3.4e+38 -3.4e+38 -3.4e+38 -3.4e+38 -3.4e+38
0.15247318148613 0.15967483818531 0.15035592019558 0.147540375590324 0.16001108288765 0.163803696632385 0.174095645546913 0.174095645546913 0.168472483754158 0.167702287435532 0.175220027565956 0.197832137346268 0.166539743542671 0.167860016226768 0.164556294679642 0.185306116938591 0.183040037751198 0.1893520206213 0.1893520206213 0.163996294140816 0.170535713434219 0.164037793874741 0.164037793874741 0.140080586075783 0.131153345108032 0.113247476518154 0.115343399345875 0.114666841924191 0.134143069386482 0.130539104342461 0.130539104342461 0.15156464278698 -3.4e+38 -3.4e+38 -3.4e+38 -3.4e+38 -3.4e+38 -3.4e+38 -3.4e+38 -3.4e+38 -3.4e+38 -3.4e+38 -3.4e+38 -3.4e+38 -3.4e+38
0.153319805860519 0.183049112558365 0.178087636828423 0.141478002071381 0.150184705853462 0.156407743692398 0.149715393781662 0.149715393781662 0.187597125768661 0.19393116235733 0.17709718644619 0.17709718644619 0.191760793328285 0.211913332343102 0.210785195231438 0.216511607170105 0.209950163960457 0.184933826327324 0.169450864195824 0.169445395469666 0.175047814846039 0.164849042892456 0.157647639513016 0.157647639513016 0.145674183964729 0.132501006126404 0.128773912787437 0.128772377967834 0.149441376328468 0.128527283668518 0.149553745985031 0.151623249053955 -3.4e+38 -3.4e+38 -3.4e+38 -3.4e+38 -3.4e+38 -3.4e+38 -3.4e+38 -3.4e+38 -3.4e+38 -3.4e+38 -3.4e+38 -3.4e+38 -3.4e+38
0.179774150252342 0.166499644517899 0.169724941253662 0.178876504302025 0.178876504302025 0.186547577381134 0.184560775756836 0.227447405457497 0.175388693809509 0.196691498160362 0.235895156860352 0.248542726039886 0.248542726039886 0.25504532456398 0.243820935487747 0.220080584287643 0.220080584287643 0.209417462348938 0.178810834884644 0.183147206902504 0.183147206902504 0.193024098873138 0.154699057340622 0.154289111495018 0.154284924268723 0.150184154510498 0.137935236096382 0.140601485967636 0.134773835539818 0.139567896723747 0.134521722793579 0.143533542752266 0.150038376450539 -3.4e+38 -3.4e+38 -3.4e+38 -3.4e+38 -3.4e+38 -3.4e+38 -3.4e+38 -3.4e+38 -3.4e+38 -3.4e+38 -3.4e+38 -3.4e+38
0.199308022856712 0.1993058770895 0.204410061240196 0.217686250805855 0.232028886675835 0.233348324894905 0.174707695841789 0.212247237563133 0.267526209354401 0.267526209354401 0.312585055828094 0.286238431930542 0.288715094327927 0.280923694372177 0.268739372491837 0.247973725199699 0.194865584373474 0.194863364100456 0.167409285902977 0.180711910128593 0.180518224835396 0.193024098873138 0.19899620115757 0.208283424377441 0.208278834819794 0.196476608514786 0.154842436313629 0.134884133934975 0.138999983668327 0.14954474568367 0.124306596815586 0.137094363570213 0.137094363570213 -3.4e+38 -3.4e+38 -3.4e+38 -3.4e+38 -3.4e+38 -3.4e+38 -3.4e+38 -3.4e+38 -3.4e+38 -3.4e+38 -3.4e+38 -3.4e+38
0.275028049945831 0.264052540063858 0.264052540063858 0.219980776309967 0.22967404127121 0.235017985105515 0.253536909818649 0.268793642520905 0.307832896709442 0.307832896709442 0.322758197784424 0.276369333267212 0.312648624181747 0.312648624181747 0.312358617782593 0.267516583204269 0.198631078004837 0.190066367387772 0.155880078673363 0.176232293248177 0.205185443162918 0.205185443162918 0.216201484203339 0.236771866679192 0.239261761307716 0.239261761307716 0.159094974398613 0.148707985877991 0.157738015055656 0.157738015055656 0.141848161816597 0.176384970545769 0.165923595428467 -3.4e+38 -3.4e+38 -3.4e+38 -3.4e+38 -3.4e+38 -3.4e+38 -3.4e+38 -3.4e+38 -3.4e+38 -3.4e+38 -3.4e+38 -3.4e+38
0.290659457445145 0.301199942827225 0.301199942827225 0.252898454666138 0.243003845214844 0.245620086789131 0.245620086789131 0.249889880418777 0.287296891212463 0.28446239233017 0.312117010354996 0.258496314287186 0.255919307470322 0.269385606050491 0.2693832218647 0.24989053606987 0.196293234825134 0.161736205220222 0.161736205220222 0.154780372977257 0.176923215389252 0.194594770669937 0.191738992929459 0.239347904920578 0.246006682515144 0.205763548612595 0.205763548612595 0.183422341942787 0.185514390468597 0.161149814724922 0.169780179858208 0.158140659332275 0.150083735585213 -3.4e+38 -3.4e+38 -3.4e+38 -3.4e+38 -3.4e+38 -3.4e+38 -3.4e+38 -3.4e+38 -3.4e+38 -3.4e+38 -3.4e+38 -3.4e+38
0.36812037229538 0.279675483703613 0.251470804214478 0.251470804214478 0.226612776517868 0.204593762755394 0.17217144370079 0.195134773850441 0.261065363883972 0.238748446106911 0.206013262271881 0.206013262271881 0.174593314528465 0.180060759186745 0.20855487883091 0.237723246216774 0.196355149149895 0.168980047106743 0.156834036111832 0.126287236809731 0.132954224944115 0.157651886343956 0.209085419774055 0.243498653173447 0.299332410097122 0.274982929229736 0.274982929229736 0.225230604410172 0.200994923710823 0.171634957194328 0.162705302238464 0.155202955007553 0.125816807150841 0.138297259807587 -3.4e+38 -3.4e+38 -3.4e+38 -3.4e+38 -3.4e+38 -3.4e+38 -3.4e+38 -3.4e+38 -3.4e+38 -3.4e+38 -3.4e+38
0.358584821224213 0.330708116292953 0.238359972834587 0.213190257549286 0.1695516705513 0.155060842633247 0.158609703183174 0.17217144370079 0.177491694688797 0.172757282853127 0.181541994214058 0.181541994214058 0.160786956548691 0.163543164730072 0.179606437683105 0.179606437683105 0.166240975260735 0.166666775941849 0.121530532836914 0.137319847941399 0.137395992875099 0.157715901732445 0.227848142385483 0.227848142385483 0.318730860948563 0.305563598871231 0.249179899692535 0.249175488948822 0.187464624643326 0.164395660161972 0.158136680722237 0.158136680722237 0.132768332958221 0.136182144284248 -3.4e+38 -3.4e+38 -3.4e+38 -3.4e+38 -3.4e+38 -3.4e+38 -3.4e+38 -3.4e+38 -3.4e+38 -3.4e+38 -3.4e+38
0.404088616371155 0.332748115062714 0.204193696379662 0.158057287335396 0.158057287335396 0.146043866872787 0.132585078477859 0.151742070913315 0.151742070913315 0.15547126531601 0.146662384271622 0.141131937503815 0.150181904435158 0.146471664309502 0.150745913386345 0.162713602185249 0.162713602185249 0.154862716794014 0.126048907637596 0.117349669337273 0.117349669337273 0.127716109156609 0.182726263999939 0.287870496511459 0.300440818071365 0.302959948778152 0.256906986236572 0.232067346572876 0.184220120310783 0.151865094900131 0.156024619936943 0.164799913764 0.147840604186058 0.140478163957596 -3.4e+38 -3.4e+38 -3.4e+38 -3.4e+38 -3.4e+38 -3.4e+38 -3.4e+38 -3.4e+38 -3.4e+38 -3.4e+38 -3.4e+38
0.34851536154747 0.349766582250595 0.231783166527748 0.14610368013382 0.138534054160118 0.138531982898712 0.141834616661072 0.137386441230774 0.132730588316917 0.132730588316917 0.146662384271622 0.156239077448845 0.151228472590446 0.151228472590446 0.134600073099136 0.148948132991791 0.158836275339127 0.159437924623489 0.132358685135841 0.133703038096428 0.139461353421211 0.13266921043396 0.162171974778175 0.262426853179932 0.287865817546844 0.296688795089722 0.261681348085403 0.205513671040535 0.205511823296547 0.14734323322773 0.144993916153908 0.143368825316429 0.143368825316429 0.134666249155998 -3.4e+38 -3.4e+38 -3.4e+38 -3.4e+38 -3.4e+38 -3.4e+38 -3.4e+38 -3.4e+38 -3.4e+38 -3.4e+38 -3.4e+38
0.3428795337677 0.244360983371735 0.244360983371735 0.185953393578529 0.16168113052845 0.174393281340599 0.144480675458908 0.132870346307755 0.124910458922386 0.124910458922386 0.13295091688633 0.158434361219406 0.148372560739517 0.148372560739517 0.114454947412014 0.139595583081245 0.146945789456367 0.146945789456367 0.137778922915459 0.130743533372879 0.13367947936058 0.12589231133461 0.169170185923576 0.259801268577576 0.288856834173203 0.288856834173203 0.238267362117767 0.182420775294304 0.163544610142708 0.163539171218872 0.13131408393383 0.129244282841682 0.131183639168739 0.131183639168739 0.12953445315361 -3.4e+38 -3.4e+38 -3.4e+38 -3.4e+38 -3.4e+38 -3.4e+38 -3.4e+38 -3.4e+38 -3.4e+38 -3.4e+38
0.331456512212753 0.282540410757065 0.282540410757065 0.225347742438316 0.159330293536186 0.153449103236198 0.153449103236198 0.135993823409081 0.117729552090168 0.123342677950859 0.123342677950859 0.132633939385414 0.154883533716202 0.135775342583656 0.126871913671494 0.153519794344902 0.15139052271843 0.150306314229965 0.150302067399025 0.12848761677742 0.133751004934311 0.178086563944817 0.17808224260807 0.267403542995453 0.295406877994537 0.238772436976433 0.248241618275642 0.194242775440216 0.158954054117203 0.161150529980659 0.153688967227936 0.141983568668365 0.13239985704422 0.120333880186081 0.131688103079796 -3.4e+38 -3.4e+38 -3.4e+38 -3.4e+38 -3.4e+38 -3.4e+38 -3.4e+38 -3.4e+38 -3.4e+38 -3.4e+38
0.271367281675339 0.271142929792404 0.252168238162994 0.25693067908287 0.208445698022842 0.138136118650436 0.147337824106216 0.147332355380058 0.140404880046844 0.115138731896877 0.128314763307571 0.128310680389404 0.127921894192696 0.132741391658783 0.126821845769882 0.128985434770584 0.13297963142395 0.137254253029823 0.131073176860809 0.146954596042633 0.151741594076157 0.214250385761261 0.214250385761261 0.266032338142395 0.28390297293663 0.209349319338799 0.238770380616188 0.194242775440216 0.160417884588242 0.146760269999504 0.146760269999504 0.14777235686779 0.130259022116661 0.14064134657383 0.14063648879528 0.152298390865326 -3.4e+38 -3.4e+38 -3.4e+38 -3.4e+38 -3.4e+38 -3.4e+38 -3.4e+38 -3.4e+38 -3.4e+38
