data/1_raw/trimmed_ndre/J_ndre.66.2013_no_clouds.asc
NCOLS 141 
NROWS 118 
XLLCORNER 516845 
YLLCORNER 5169015 
CELLSIZE 5 
NODATA_value -3.4e+38 
[rows 60 to 79 of 118, columns 45 to 89 of 141]
0.53460818529129 0.532118380069733 0.547386884689331 0.538632094860077 0.516442537307739 0.531667649745941 0.554337978363037 0.559752404689789 0.553933382034302 0.548036456108093 0.553634107112885 0.55582982301712 0.537282645702362 0.500825703144073 0.459979921579361 0.446184486150742 0.451508820056915 0.498093158006668 0.557650685310364 0.58037132024765 0.57847785949707 0.54525226354599 0.501728475093842 0.472787231206894 0.464111417531967 0.476074188947678 0.491838812828064 0.523775279521942 0.553432762622833 0.547973215579987 0.534767806529999 0.535521686077118 0.558599293231964 0.575462460517883 0.561529695987701 0.570158720016479 0.589278161525726 0.591000020503998 0.596829354763031 0.598406076431274 0.60187840461731 0.613640308380127 0.605531275272369 0.576378881931305 0.562124669551849
0.558803975582123 0.54497367143631 0.553082227706909 0.554209470748901 0.549237310886383 0.551648259162903 0.54764050245285 0.55417013168335 0.561544835567474 0.560123026371002 0.566203236579895 0.571374773979187 0.559219539165497 0.542056262493134 0.509952485561371 0.482915222644806 0.476412683725357 0.514543771743774 0.563225209712982 0.573322772979736 0.571091115474701 0.554837167263031 0.515151917934418 0.475120335817337 0.463736891746521 0.473919212818146 0.491489201784134 0.516959846019745 0.541017949581146 0.543027102947235 0.538379371166229 0.542701661586761 0.559653341770172 0.576183140277863 0.572326362133026 0.591033577919006 0.601786315441132 0.589199483394623 0.600511789321899 0.600241780281067 0.600753128528595 0.610817968845367 0.612124145030975 0.591146409511566 0.574331402778625
0.573467910289764 0.522931933403015 0.516212284564972 0.534124195575714 0.545843422412872 0.540577292442322 0.532970607280731 0.547338664531708 0.567528903484344 0.578313231468201 0.587907016277313 0.586881518363953 0.573862969875336 0.558830738067627 0.543157935142517 0.527253329753876 0.523058772087097 0.543687641620636 0.565151154994965 0.568502128124237 0.559952855110168 0.555519223213196 0.516792356967926 0.467608034610748 0.461168259382248 0.471721619367599 0.483130067586899 0.502244234085083 0.521102726459503 0.531187176704407 0.530256032943726 0.53425008058548 0.555068790912628 0.57365095615387 0.580317676067352 0.598026156425476 0.589430272579193 0.577399015426636 0.587122440338135 0.584085464477539 0.579766035079956 0.583415150642395 0.589450418949127 0.589328289031982 0.585399568080902
0.585264146327972 0.533384442329407 0.497784435749054 0.499037206172943 0.518915414810181 0.537603616714478 0.548007428646088 0.562877714633942 0.570774495601654 0.578069627285004 0.58623206615448 0.584616422653198 0.575927376747131 0.571235537528992 0.56842452287674 0.566677153110504 0.559304714202881 0.561382114887238 0.568071842193604 0.566158711910248 0.561762273311615 0.554533720016479 0.513137459754944 0.472320199012756 0.471138149499893 0.485838890075684 0.492632448673248 0.504357993602753 0.519754767417908 0.526923358440399 0.519726932048798 0.522910356521606 0.550101399421692 0.569914400577545 0.580990433692932 0.587321281433105 0.579702973365784 0.577574491500854 0.576823890209198 0.568639695644379 0.568526387214661 0.573134303092957 0.579263210296631 0.584401845932007 0.584837973117828
0.576987445354462 0.562745809555054 0.51172798871994 0.476447999477386 0.491418063640594 0.520516812801361 0.534803688526154 0.542165160179138 0.543942928314209 0.547553479671478 0.564038753509521 0.575349986553192 0.583542883396149 0.5850790143013 0.58257120847702 0.590424656867981 0.579144239425659 0.574874520301819 0.585325121879578 0.583334386348724 0.579341471195221 0.559560894966125 0.520207405090332 0.494539260864258 0.496770530939102 0.516398847103119 0.523512542247772 0.522939622402191 0.528478741645813 0.53244012594223 0.522682905197144 0.525865256786346 0.551409542560577 0.565389931201935 0.574255585670471 0.575612723827362 0.574936330318451 0.581908285617828 0.57444953918457 0.560192942619324 0.559175372123718 0.565358459949493 0.577220618724823 0.582739412784576 0.57769364118576
0.570340812206268 0.580641806125641 0.547272861003876 0.501668035984039 0.496214687824249 0.503718793392181 0.501825034618378 0.50869357585907 0.513519644737244 0.516287386417389 0.529529273509979 0.553011357784271 0.577626407146454 0.587888181209564 0.592856764793396 0.608281791210175 0.592535316944122 0.595601499080658 0.611246764659882 0.601369678974152 0.58515852689743 0.561043798923492 0.536778330802917 0.522520661354065 0.515643298625946 0.536361575126648 0.549019694328308 0.543846189975739 0.549752056598663 0.550266802310944 0.536774754524231 0.541358649730682 0.560274124145508 0.57438051700592 0.583494603633881 0.580274999141693 0.578743875026703 0.585343718528748 0.57864373922348 0.565548896789551 0.559105575084686 0.559374392032623 0.573609590530396 0.582625448703766 0.577503263950348
0.558207035064697 0.576510429382324 0.562640130519867 0.548184394836426 0.530094981193542 0.515396356582642 0.508280098438263 0.522475898265839 0.527004659175873 0.520858347415924 0.519723415374756 0.533426582813263 0.557430446147919 0.578828632831573 0.594791829586029 0.60459566116333 0.596293449401855 0.60509204864502 0.616167426109314 0.599045097827911 0.569866716861725 0.552960455417633 0.542927145957947 0.526756882667542 0.520182907581329 0.546144545078278 0.571459710597992 0.567593812942505 0.571451187133789 0.563046634197235 0.550776124000549 0.559489727020264 0.568857908248901 0.583701908588409 0.59644091129303 0.59393709897995 0.589683055877686 0.585553348064423 0.5728839635849 0.56357204914093 0.555966436862946 0.55358099937439 0.568743407726288 0.584738373756409 0.587083578109741
0.554067254066467 0.576283395290375 0.584198236465454 0.589033842086792 0.567073345184326 0.543623328208923 0.535821080207825 0.531489014625549 0.535973191261292 0.53394615650177 0.528637707233429 0.523710966110229 0.535374581813812 0.553462266921997 0.562717497348785 0.564998805522919 0.575344145298004 0.590904116630554 0.604226768016815 0.60729843378067 0.592102706432343 0.57668662071228 0.543866574764252 0.521781504154205 0.52863210439682 0.561034619808197 0.584326446056366 0.578156411647797 0.577375292778015 0.573302924633026 0.570735692977905 0.576953053474426 0.569083273410797 0.578364610671997 0.599177777767181 0.603408873081207 0.607020199298859 0.59755676984787 0.577958405017853 0.561689019203186 0.546562612056732 0.556241869926453 0.580717444419861 0.597054481506348 0.599927127361298
0.566917836666107 0.593197584152222 0.604913592338562 0.59763365983963 0.578268945217133 0.564760863780975 0.556172132492065 0.538571298122406 0.54020619392395 0.54450660943985 0.537371814250946 0.530770421028137 0.53377491235733 0.53867095708847 0.53119158744812 0.525062501430511 0.544790506362915 0.572444558143616 0.58951723575592 0.613703966140747 0.621439874172211 0.599086880683899 0.554094314575195 0.524907827377319 0.531309843063354 0.542983114719391 0.569644927978516 0.577954292297363 0.581091463565826 0.588104367256165 0.590664565563202 0.578716635704041 0.561140060424805 0.577346622943878 0.603970229625702 0.617664992809296 0.629579961299896 0.623236000537872 0.595217347145081 0.565835356712341 0.539041101932526 0.554571270942688 0.586886942386627 0.597829937934875 0.60386073589325
0.585178673267365 0.604928374290466 0.615330040454865 0.596371471881866 0.570135056972504 0.559448838233948 0.553569495677948 0.549508452415466 0.552875161170959 0.552850544452667 0.551971197128296 0.551372349262238 0.559859454631805 0.553466081619263 0.526807308197021 0.510431230068207 0.527962863445282 0.561201810836792 0.581206321716309 0.605816721916199 0.61641389131546 0.599651634693146 0.574943840503693 0.538789629936218 0.52008455991745 0.525591373443604 0.559656023979187 0.58387953042984 0.598635673522949 0.610456109046936 0.603609502315521 0.579123973846436 0.565699279308319 0.590860843658447 0.602009117603302 0.612789571285248 0.63491553068161 0.63576877117157 0.609671115875244 0.570742726325989 0.546359539031982 0.559669852256775 0.58737325668335 0.595751047134399 0.597381711006165
0.587022244930267 0.59507828950882 0.608815968036652 0.59211540222168 0.561539053916931 0.547335147857666 0.539032697677612 0.546896815299988 0.559341251850128 0.558635532855988 0.554724931716919 0.5600266456604 0.578743278980255 0.581496953964233 0.549343764781952 0.531323611736298 0.546054840087891 0.567137897014618 0.58602899312973 0.604919970035553 0.614577353000641 0.617128312587738 0.602850079536438 0.561638474464417 0.534629702568054 0.539185881614685 0.555710732936859 0.565580487251282 0.590312302112579 0.609501004219055 0.604418218135834 0.599572777748108 0.594353854656219 0.602039694786072 0.610045969486237 0.615003049373627 0.625767052173615 0.62750518321991 0.612354934215546 0.583059132099152 0.567321181297302 0.577970862388611 0.599155783653259 0.608062624931335 0.605470418930054
0.570903480052948 0.577338695526123 0.598504960536957 0.595821380615234 0.569412887096405 0.545825242996216 0.52922135591507 0.538528203964233 0.552948355674744 0.550176024436951 0.54326069355011 0.551959574222565 0.58073765039444 0.597347378730774 0.582248985767365 0.569149851799011 0.575263559818268 0.578180551528931 0.592531144618988 0.610084056854248 0.617147982120514 0.629335343837738 0.620973765850067 0.588245570659637 0.574029147624969 0.565714180469513 0.568735420703888 0.566642224788666 0.586589813232422 0.600220501422882 0.594138383865356 0.59720504283905 0.595609605312347 0.607474386692047 0.635627210140228 0.628646850585938 0.625650346279144 0.629711389541626 0.617773413658142 0.601102948188782 0.594522595405579 0.601112067699432 0.615003645420074 0.629272401332855 0.627222955226898
0.565133213996887 0.580800592899323 0.598357677459717 0.592379033565521 0.573113739490509 0.537409901618958 0.512909770011902 0.515524804592133 0.530060768127441 0.538097977638245 0.544629216194153 0.551387369632721 0.579099774360657 0.593453705310822 0.587624311447144 0.580398321151733 0.580393135547638 0.581634700298309 0.596650660037994 0.607289433479309 0.609551727771759 0.615277826786041 0.614285230636597 0.592489421367645 0.579655468463898 0.577044367790222 0.579098045825958 0.589505612850189 0.612276375293732 0.611920237541199 0.604404270648956 0.609931170940399 0.608989119529724 0.622556865215302 0.647890746593475 0.642309904098511 0.645847797393799 0.643786430358887 0.623284041881561 0.610802233219147 0.623440265655518 0.633744359016418 0.624050378799438 0.632183790206909 0.636213660240173
0.579109728336334 0.593865931034088 0.595767021179199 0.578060388565063 0.556873559951782 0.517920970916748 0.492704153060913 0.494832247495651 0.507127523422241 0.527074038982391 0.538937449455261 0.532117366790771 0.548417806625366 0.564618289470673 0.562660455703735 0.5635786652565 0.557825088500977 0.560134649276733 0.575229942798615 0.581481277942657 0.582084894180298 0.589484512805939 0.590944945812225 0.57203221321106 0.558817267417908 0.571083009243011 0.574671804904938 0.59282249212265 0.617747247219086 0.615306913852692 0.61893492937088 0.628870606422424 0.635052978992462 0.638841807842255 0.648101449012756 0.650114476680756 0.661229908466339 0.652308106422424 0.625151038169861 0.615877866744995 0.634782612323761 0.635963082313538 0.6198970079422 0.632157504558563 0.639100193977356
0.581505000591278 0.590686023235321 0.580493628978729 0.571451604366302 0.568838477134705 0.532993316650391 0.495046019554138 0.492381185293198 0.498850792646408 0.507036030292511 0.502317667007446 0.489703625440598 0.509538471698761 0.528905868530273 0.533827245235443 0.536575675010681 0.522686302661896 0.522875130176544 0.54112035036087 0.547699570655823 0.549737930297852 0.550078570842743 0.554371893405914 0.550248086452484 0.554125607013702 0.573647677898407 0.580015003681183 0.59781014919281 0.619212627410889 0.623729407787323 0.630685687065125 0.632760047912598 0.638410806655884 0.643993020057678 0.646752059459686 0.651483416557312 0.656882703304291 0.651012480258942 0.632453739643097 0.626111268997192 0.635930180549622 0.626441299915314 0.621972739696503 0.636894226074219 0.631848335266113
0.568029642105103 0.579350590705872 0.561458170413971 0.569386720657349 0.581803858280182 0.556130588054657 0.497378468513489 0.467460483312607 0.474943369626999 0.483983069658279 0.482493489980698 0.472684115171432 0.481536597013474 0.490320712327957 0.505856275558472 0.515660881996155 0.506180942058563 0.500783145427704 0.50801545381546 0.515397608280182 0.52409839630127 0.52699339389801 0.529327154159546 0.523919939994812 0.529276907444 0.558653891086578 0.583907246589661 0.610795974731445 0.623983204364777 0.624293506145477 0.631355106830597 0.626512467861176 0.641729950904846 0.65995991230011 0.661942541599274 0.660118579864502 0.656968295574188 0.651142656803131 0.640468180179596 0.63959926366806 0.643858075141907 0.632197678089142 0.633090138435364 0.635067522525787 0.617866456508636
0.575765192508698 0.591253280639648 0.564071178436279 0.555590212345123 0.543011128902435 0.517375767230988 0.485554754734039 0.471760302782059 0.484354913234711 0.493028193712234 0.511834979057312 0.512206315994263 0.496768742799759 0.482762664556503 0.489943146705627 0.504309296607971 0.502915680408478 0.499657034873962 0.501686215400696 0.520635664463043 0.53931736946106 0.533122301101685 0.523897409439087 0.51726496219635 0.524605512619019 0.557310104370117 0.591889679431915 0.620468735694885 0.635693252086639 0.643536925315857 0.644910335540771 0.63364589214325 0.65744823217392 0.680622518062592 0.671826660633087 0.663216292858124 0.662434041500092 0.660615265369415 0.653229296207428 0.651561737060547 0.652387976646423 0.646423816680908 0.655273377895355 0.637874782085419 0.610315203666687
0.6009122133255 0.61378014087677 0.582145571708679 0.56267374753952 0.525719344615936 0.500757575035095 0.501714289188385 0.511659622192383 0.513449728488922 0.518258810043335 0.535876512527466 0.548042356967926 0.534058451652527 0.508871555328369 0.493051409721375 0.495472252368927 0.519448518753052 0.54634153842926 0.556591749191284 0.572303056716919 0.586330473423004 0.571770012378693 0.553382694721222 0.556718707084656 0.575361967086792 0.588063895702362 0.613613605499268 0.635377824306488 0.638669013977051 0.649478316307068 0.654068648815155 0.651671409606934 0.675214171409607 0.688981652259827 0.673628926277161 0.659747660160065 0.666159212589264 0.6772101521492 0.6735799908638 0.666415512561798 0.665027499198914 0.666255295276642 0.668777763843536 0.648958921432495 0.623368799686432
0.610616028308868 0.607767283916473 0.586648285388947 0.56928277015686 0.543277978897095 0.532890737056732 0.540636777877808 0.546947836875916 0.535368800163269 0.540655136108398 0.557124376296997 0.567560255527496 0.569605648517609 0.555741965770721 0.543986916542053 0.532180666923523 0.559009492397308 0.594763338565826 0.604339241981506 0.5960613489151 0.60424816608429 0.610287070274353 0.597446739673615 0.600594282150269 0.608630359172821 0.609783291816711 0.628128170967102 0.642363607883453 0.64320832490921 0.653602778911591 0.658012390136719 0.660920262336731 0.677257597446442 0.685611426830292 0.668707609176636 0.654579877853394 0.668539822101593 0.678259909152985 0.675803959369659 0.668480277061462 0.667412221431732 0.666835725307465 0.666630744934082 0.665317237377167 0.645561695098877
0.612422347068787 0.599351942539215 0.596521019935608 0.594047844409943 0.583814024925232 0.575153231620789 0.576448202133179 0.579110682010651 0.564474523067474 0.564018249511719 0.574394464492798 0.577459037303925 0.585339605808258 0.591846346855164 0.59380030632019 0.589779913425446 0.600348770618439 0.61421126127243 0.617931485176086 0.620757758617401 0.630951225757599 0.636358261108398 0.621003687381744 0.621631860733032 0.624043345451355 0.632404565811157 0.651273965835571 0.649453520774841 0.64838695526123 0.661643743515015 0.673330843448639 0.669174194335938 0.665424168109894 0.676645338535309 0.662850975990295 0.65658563375473 0.670442461967468 0.673203110694885 0.670177042484283 0.660026729106903 0.658770382404327 0.654838025569916 0.668647050857544 0.684572517871857 0.670669794082642
