data/1_raw/trimmed_ndre/J_ndre.83.2011_no_clouds.asc
NCOLS 141 
NROWS 118 
XLLCORNER 516845 
YLLCORNER 5169015 
CELLSIZE 5 
NODATA_value -3.4e+38 
[rows 60 to 79 of 118, columns 90 to 134 of 141]
0.156490877270699 0.17257459461689 0.177501380443573 0.168174415826797 0.169798418879509 0.184376493096352 0.192727938294411 0.185892313718796 0.172233641147614 0.168388560414314 0.168800622224808 0.150026604533195 0.152496755123138 0.170582354068756 0.180834665894508 0.163527101278305 0.155290454626083 0.16430875658989 0.157617256045341 0.157772302627563 0.155575394630432 0.169463366270065 0.179904907941818 0.155201703310013 0.166124746203423 0.16961033642292 0.181594341993332 0.209877163171768 0.245555281639099 0.266940534114838 0.255401343107224 0.236809507012367 0.228992834687233 0.205992385745049 0.17443959414959 0.166584476828575 -3.4e+38 -3.4e+38 -3.4e+38 -3.4e+38 -3.4e+38 -3.4e+38 -3.4e+38 -3.4e+38 -3.4e+38
0.142888158559799 0.144379958510399 0.17398938536644 0.184789419174194 0.174956604838371 0.173916652798653 0.175870895385742 0.169876873493195 0.160172075033188 0.148499727249146 0.159969434142113 0.167723774909973 0.166016787290573 0.152167603373528 0.156631469726562 0.169221878051758 0.162529438734055 0.165469244122505 0.153043493628502 0.150365188717842 0.168263301253319 0.162400275468826 0.157450541853905 0.158930316567421 0.165066882967949 0.166088566184044 0.182029768824577 0.207496494054794 0.237704575061798 0.25587272644043 0.246766984462738 0.227930024266243 0.227243438363075 0.210009753704071 0.169036194682121 0.163879543542862 0.170203745365143 -3.4e+38 -3.4e+38 -3.4e+38 -3.4e+38 -3.4e+38 -3.4e+38 -3.4e+38 -3.4e+38
0.155023187398911 0.138825684785843 0.147038400173187 0.172309994697571 0.180069983005524 0.151859015226364 0.154870122671127 0.171289682388306 0.174233794212341 0.1747927069664 0.170277982950211 0.173960879445076 0.166920334100723 0.13571660220623 0.140331253409386 0.161844000220299 0.162702605128288 0.167460277676582 0.148231133818626 0.14753569662571 0.176269009709358 0.161718606948853 0.157426953315735 0.175320729613304 0.177519962191582 0.171790584921837 0.182852029800415 0.202414512634277 0.221153393387794 0.22201019525528 0.206646829843521 0.199563324451447 0.20013065636158 0.17985674738884 0.148881912231445 0.172228083014488 0.186826422810555 -3.4e+38 -3.4e+38 -3.4e+38 -3.4e+38 -3.4e+38 -3.4e+38 -3.4e+38 -3.4e+38
0.173321232199669 0.157500505447388 0.159396573901176 0.166074380278587 0.168372631072998 0.150338038802147 0.1633240878582 0.182538360357285 0.19542333483696 0.188493192195892 0.165458738803864 0.167444512248039 0.169207274913788 0.152393385767937 0.161222249269485 0.166718438267708 0.163730621337891 0.164899691939354 0.149011462926865 0.156727373600006 0.16909421980381 0.163072034716606 0.173409849405289 0.192999586462975 0.190501838922501 0.176978096365929 0.188881993293762 0.206736236810684 0.209237575531006 0.191380813717842 0.179739385843277 0.1915323138237 0.205426633358002 0.176654025912285 0.15071801841259 0.184943944215775 0.196489378809929 0.186572715640068 -3.4e+38 -3.4e+38 -3.4e+38 -3.4e+38 -3.4e+38 -3.4e+38 -3.4e+38
0.140970706939697 0.138715267181396 0.173551917076111 0.152964279055595 0.149383693933487 0.16512842476368 0.171351283788681 0.158023655414581 0.163441449403763 0.172699585556984 0.165051281452179 0.168766021728516 0.183095648884773 0.178099855780602 0.158721446990967 0.141602173447609 0.147806271910667 0.155193075537682 0.14662005007267 0.163095846772194 0.166789397597313 0.178009673953056 0.197014734148979 0.195752575993538 0.190710932016373 0.187626227736473 0.195334881544113 0.217724472284317 0.221778139472008 0.204490929841995 0.192867815494537 0.189263522624969 0.201653555035591 0.185261458158493 0.168656587600708 0.179164007306099 0.177910983562469 0.186282634735107 -3.4e+38 -3.4e+38 -3.4e+38 -3.4e+38 -3.4e+38 -3.4e+38 -3.4e+38
0.127233505249023 0.13995748758316 0.164848774671555 0.14325362443924 0.138626396656036 0.159970447421074 0.173513054847717 0.149714574217796 0.139193668961525 0.172198802232742 0.188138887286186 0.173538759350777 0.176463007926941 0.178967744112015 0.144659906625748 0.11213444173336 0.133585393428802 0.150623694062233 0.153094917535782 0.170556023716927 0.178546443581581 0.192626163363457 0.202222362160683 0.182503893971443 0.177914753556252 0.184844434261322 0.198228567838669 0.219039469957352 0.239913135766983 0.232712239027023 0.204652696847916 0.187652289867401 0.200054004788399 0.19501605629921 0.176260158419609 0.162640854716301 0.156856268644333 0.183816909790039 0.202695205807686 -3.4e+38 -3.4e+38 -3.4e+38 -3.4e+38 -3.4e+38 -3.4e+38
0.145057067275047 0.159912467002869 0.141598403453827 0.118026167154312 0.13572770357132 0.159411624073982 0.174668282270432 0.169949874281883 0.162952974438667 0.176096573472023 0.182792782783508 0.160842046141624 0.14193731546402 0.167651116847992 0.154841974377632 0.13160103559494 0.157299593091011 0.163449063897133 0.168394789099693 0.187745302915573 0.198565393686295 0.180589243769646 0.191825807094574 0.189304009079933 0.180834636092186 0.180662989616394 0.197222143411636 0.216511622071266 0.229638978838921 0.240339800715446 0.217354133725166 0.197008356451988 0.201011389493942 0.197554007172585 0.18377286195755 0.174199730157852 0.177045702934265 0.19761049747467 0.217019483447075 -3.4e+38 -3.4e+38 -3.4e+38 -3.4e+38 -3.4e+38 -3.4e+38
0.131131455302238 0.142242580652237 0.14946523308754 0.137969493865967 0.14649860560894 0.161205768585205 0.152153804898262 0.147198066115379 0.161201044917107 0.154387921094894 0.167372539639473 0.15599824488163 0.130755737423897 0.167530834674835 0.159309893846512 0.149719148874283 0.165743976831436 0.165363773703575 0.18123297393322 0.209376513957977 0.207864075899124 0.163077011704445 0.180524453520775 0.19706916809082 0.183343082666397 0.176901012659073 0.218006730079651 0.248072728514671 0.245251312851906 0.244886636734009 0.235232681035995 0.20687672495842 0.197623014450073 0.197566032409668 0.185969814658165 0.189531475305557 0.210734292864799 0.216417223215103 0.228941306471825 0.2163125872612 -3.4e+38 -3.4e+38 -3.4e+38 -3.4e+38 -3.4e+38
0.161916807293892 0.146981686353683 0.167605981230736 0.158841863274574 0.14642259478569 0.166000559926033 0.171691820025444 0.152937799692154 0.14099046587944 0.143741607666016 0.172732323408127 0.16391022503376 0.143793433904648 0.160453677177429 0.154879704117775 0.15173451602459 0.144391059875488 0.153695061802864 0.165993243455887 0.204727306962013 0.200067266821861 0.160726115107536 0.187410473823547 0.182058453559875 0.176361784338951 0.180933132767677 0.22958667576313 0.26076278090477 0.259915232658386 0.254091411828995 0.24918869137764 0.204184964299202 0.185203894972801 0.190662905573845 0.184149235486984 0.215693548321724 0.237150862812996 0.238720625638962 0.23935341835022 0.225500732660294 -3.4e+38 -3.4e+38 -3.4e+38 -3.4e+38 -3.4e+38
0.157372266054153 0.149772182106972 0.166370302438736 0.162082135677338 0.148062765598297 0.140169739723206 0.150756627321243 0.148951128125191 0.143798008561134 0.159218847751617 0.175770178437233 0.168036311864853 0.157079860568047 0.157385006546974 0.154960155487061 0.146704792976379 0.14020049571991 0.155720978975296 0.179328486323357 0.19693386554718 0.178301453590393 0.175716683268547 0.201382577419281 0.176456704735756 0.178294613957405 0.198077008128166 0.227951496839523 0.25970870256424 0.272196471691132 0.27092844247818 0.256492733955383 0.211934685707092 0.207790404558182 0.2109215259552 0.222569033503532 0.279555201530457 0.275736689567566 0.257485657930374 0.251222461462021 0.246329993009567 0.242453396320343 -3.4e+38 -3.4e+38 -3.4e+38 -3.4e+38
0.150971084833145 0.157718405127525 0.171609938144684 0.150832191109657 0.153633266687393 0.150933444499969 0.145961329340935 0.157910570502281 0.168833360075951 0.168160781264305 0.162124887108803 0.155918791890144 0.147904828190804 0.159027457237244 0.161696165800095 0.149619236588478 0.15435054898262 0.177060380578041 0.193490535020828 0.185606256127357 0.170076370239258 0.181444942951202 0.188745021820068 0.161243975162506 0.180116504430771 0.198872923851013 0.230560943484306 0.271798700094223 0.291518688201904 0.294385761022568 0.271359711885452 0.239103272557259 0.241875633597374 0.243252098560333 0.271937429904938 0.334569096565247 0.31678631901741 0.294465333223343 0.274001002311707 0.269013077020645 0.292909681797028 -3.4e+38 -3.4e+38 -3.4e+38 -3.4e+38
0.173516422510147 0.153643280267715 0.151945605874062 0.148857668042183 0.165805324912071 0.177374958992004 0.169093251228333 0.163069278001785 0.172751232981682 0.165062740445137 0.158206537365913 0.155446425080299 0.145881950855255 0.160575315356255 0.154548093676567 0.137450829148293 0.157956719398499 0.178587853908539 0.178393125534058 0.182501688599586 0.198995992541313 0.193665415048599 0.189611345529556 0.175943166017532 0.187850475311279 0.195724695920944 0.235149830579758 0.277373075485229 0.284591257572174 0.27956748008728 0.268234640359879 0.2434191852808 0.23595218360424 0.235880315303802 0.271359622478485 0.328423202037811 0.33447802066803 0.329482793807983 0.308654546737671 0.297090262174606 0.328107208013535 0.344955742359161 -3.4e+38 -3.4e+38 -3.4e+38
0.161154255270958 0.146433994174004 0.147327929735184 0.154523819684982 0.156896039843559 0.156714424490929 0.15249140560627 0.15387786924839 0.17055569589138 0.180074855685234 0.182280495762825 0.178243562579155 0.172144457697868 0.177415311336517 0.161088839173317 0.142929926514626 0.155578449368477 0.163055658340454 0.156126320362091 0.181130632758141 0.213738515973091 0.186274439096451 0.193987444043159 0.197959408164024 0.195164427161217 0.196181803941727 0.249040886759758 0.271103471517563 0.247364714741707 0.240897729992867 0.243086978793144 0.22966080904007 0.228397369384766 0.24470591545105 0.259855777025223 0.305538982152939 0.338720709085464 0.34146386384964 0.339102864265442 0.327176839113235 0.332925707101822 0.355633080005646 -3.4e+38 -3.4e+38 -3.4e+38
0.152904182672501 0.149253830313683 0.154237017035484 0.153594508767128 0.162317335605621 0.178612038493156 0.186234444379807 0.174891903996468 0.184334293007851 0.202880755066872 0.196587398648262 0.172551944851875 0.156601890921593 0.162181735038757 0.173699259757996 0.164044588804245 0.159897774457932 0.170784205198288 0.163061410188675 0.186832815408707 0.200073897838593 0.179738819599152 0.184691309928894 0.189127504825592 0.179568827152252 0.179484397172928 0.253130167722702 0.257342606782913 0.228860765695572 0.224682435393333 0.220965787768364 0.212467581033707 0.226809620857239 0.261089950799942 0.274535983800888 0.304880678653717 0.336604624986649 0.333828061819077 0.331518173217773 0.333230674266815 0.3337042927742 0.358618199825287 0.379855871200562 -3.4e+38 -3.4e+38
0.161097019910812 0.157802492380142 0.163180500268936 0.155864372849464 0.157409936189651 0.188715055584908 0.218217700719833 0.219737410545349 0.201105162501335 0.201497495174408 0.204634159803391 0.188789576292038 0.166020765900612 0.164375364780426 0.178670629858971 0.170522913336754 0.160988986492157 0.170379444956779 0.186036586761475 0.174580335617065 0.181460306048393 0.185750365257263 0.176420345902443 0.177680730819702 0.163556709885597 0.181937277317047 0.252252876758575 0.254827320575714 0.241430431604385 0.221343472599983 0.197562083601952 0.204261645674706 0.223161458969116 0.267787456512451 0.29528734087944 0.301752388477325 0.321938395500183 0.306837260723114 0.308342427015305 0.335202127695084 0.337895303964615 0.352141737937927 0.364177823066711 -3.4e+38 -3.4e+38
0.190350502729416 0.179289191961288 0.179840996861458 0.189958363771439 0.188462778925896 0.201616123318672 0.240601733326912 0.269478678703308 0.263995766639709 0.251928985118866 0.24279522895813 0.229322448372841 0.220998764038086 0.191733613610268 0.164426505565643 0.151997089385986 0.157356396317482 0.16360142827034 0.176030814647675 0.158059015870094 0.171437293291092 0.192621037364006 0.17633630335331 0.17399075627327 0.168545246124268 0.198587536811829 0.253907769918442 0.255143046379089 0.25346502661705 0.224099323153496 0.191379964351654 0.203866437077522 0.216982424259186 0.274714529514313 0.31269434094429 0.290397077798843 0.310296267271042 0.299241572618484 0.307407468557358 0.336731046438217 0.330772012472153 0.339706480503082 0.345280528068542 -3.4e+38 -3.4e+38
0.230585619807243 0.212369859218597 0.221020504832268 0.257366061210632 0.261269778013229 0.259069561958313 0.273846179246902 0.288088530302048 0.286563754081726 0.298646211624146 0.299005031585693 0.274259001016617 0.251580744981766 0.225440815091133 0.162997588515282 0.139319404959679 0.169708624482155 0.153073638677597 0.148549824953079 0.172407850623131 0.175075635313988 0.182573616504669 0.19863860309124 0.181800693273544 0.178995996713638 0.213564783334732 0.247338682413101 0.258738726377487 0.248371332883835 0.22408127784729 0.192418247461319 0.195630952715874 0.224986523389816 0.266796201467514 0.302263677120209 0.298698902130127 0.310803890228271 0.309639096260071 0.307814627885818 0.317439615726471 0.325339913368225 0.341775447130203 0.342096328735352 -3.4e+38 -3.4e+38
0.298802435398102 0.286383628845215 0.287317216396332 0.303113698959351 0.293899685144424 0.286183536052704 0.296961814165115 0.291804641485214 0.300546109676361 0.330043703317642 0.349264591932297 0.323160260915756 0.279625862836838 0.263483732938766 0.182738572359085 0.150469556450844 0.188354089856148 0.177096724510193 0.148363053798676 0.161311283707619 0.175865575671196 0.190166398882866 0.219611540436745 0.192792043089867 0.167132824659348 0.193536967039108 0.22725510597229 0.25058925151825 0.237412497401237 0.212187200784683 0.184662491083145 0.196719869971275 0.235670477151871 0.252908259630203 0.30115994811058 0.309370815753937 0.308892011642456 0.319204449653625 0.307936877012253 0.305064916610718 0.320475161075592 0.339013814926147 -3.4e+38 -3.4e+38 -3.4e+38
0.32457435131073 0.340640634298325 0.350963145494461 0.342555850744247 0.336562484502792 0.339380294084549 0.344850569963455 0.32698717713356 0.339680552482605 0.363321363925934 0.372426211833954 0.34920871257782 0.315852344036102 0.279563575983047 0.199726074934006 0.151717394590378 0.155549988150597 0.167296856641769 0.151375487446785 0.151876360177994 0.182533904910088 0.208130076527596 0.204017445445061 0.182429403066635 0.166300877928734 0.17595574259758 0.211413502693176 0.241513788700104 0.236932873725891 0.197404116392136 0.175619050860405 0.19890184700489 0.236853584647179 0.268395394086838 0.30538010597229 0.283210426568985 0.289248496294022 0.310664892196655 0.306823790073395 0.306470900774002 0.302612394094467 0.316413283348083 -3.4e+38 -3.4e+38 -3.4e+38
0.273613780736923 0.287955582141876 0.353228539228439 0.403388291597366 0.408910810947418 0.40233239531517 0.388671427965164 0.356789529323578 0.373750507831573 0.399707138538361 0.386943310499191 0.370822370052338 0.34977200627327 0.281804859638214 0.197333574295044 0.160936504602432 0.14884115755558 0.158949002623558 0.163498625159264 0.16814498603344 0.183412194252014 0.205077767372131 0.197468593716621 0.193155884742737 0.17660890519619 0.177866071462631 0.207420706748962 0.221935465931892 0.227202206850052 0.200197756290436 0.184166416525841 0.199292063713074 0.237257942557335 0.279585748910904 0.298435598611832 0.277666091918945 0.293652713298798 0.305227518081665 0.308898150920868 0.310212433338165 0.290356874465942 0.306643038988113 -3.4e+38 -3.4e+38 -3.4e+38
