data/1_raw/trimmed_ndre/J_ndre.68.2015_no_clouds.asc
NCOLS 141 
NROWS 118 
XLLCORNER 516845 
YLLCORNER 5169015 
CELLSIZE 5 
NODATA_value -3.4e+38 
[rows 40 to 59 of 118, columns 45 to 89 of 141]
0.568239569664001 0.576157450675964 0.588218152523041 0.599834203720093 0.602255642414093 0.62710428237915 0.645376980304718 0.643974006175995 0.621522307395935 0.5951868891716 0.568972051143646 0.547129094600677 0.53082001209259 0.530160009860992 0.53283280134201 0.531641602516174 0.52452164888382 0.516715228557587 0.518934428691864 0.530190348625183 0.538518190383911 0.533465981483459 0.513887345790863 0.488462150096893 0.465098887681961 0.470456063747406 0.501904010772705 0.546324551105499 0.511316955089569 0.49071341753006 0.505750894546509 0.511633396148682 0.515680909156799 0.530416667461395 0.559991002082825 0.598877489566803 0.609071433544159 0.598504245281219 0.582415461540222 0.560630857944489 0.533496022224426 0.506160736083984 0.487079441547394 0.49230894446373 0.489052057266235
0.574238717556 0.583419501781464 0.600647449493408 0.602569222450256 0.587563693523407 0.613501667976379 0.631912469863892 0.633661150932312 0.617796003818512 0.59659218788147 0.570206105709076 0.543609917163849 0.522669672966003 0.519429266452789 0.507391810417175 0.496740847826004 0.503453433513641 0.501412510871887 0.504647135734558 0.515919983386993 0.532705008983612 0.542391896247864 0.538618326187134 0.518706142902374 0.486184477806091 0.477149277925491 0.49981501698494 0.530168175697327 0.506515383720398 0.495728105306625 0.499330192804337 0.504196763038635 0.511352956295013 0.522185444831848 0.550205230712891 0.591220259666443 0.58452582359314 0.572801947593689 0.55053699016571 0.519942283630371 0.493447244167328 0.478642404079437 0.473837524652481 0.480496495962143 0.476234793663025
0.579435229301453 0.582296252250671 0.583598613739014 0.587066113948822 0.58331972360611 0.597032248973846 0.613519787788391 0.626568913459778 0.627602636814117 0.614868342876434 0.584659814834595 0.550625860691071 0.524551033973694 0.516583979129791 0.497810125350952 0.488624095916748 0.494299501180649 0.495082199573517 0.504223227500916 0.525565326213837 0.552015006542206 0.565777182579041 0.567550539970398 0.551185727119446 0.518817543983459 0.487426519393921 0.493444174528122 0.503896474838257 0.489501625299454 0.483770251274109 0.489059954881668 0.507559478282928 0.538750350475311 0.546125590801239 0.550599217414856 0.554462552070618 0.526793777942657 0.500997185707092 0.476737648248672 0.453658729791641 0.443160593509674 0.449287176132202 0.465086400508881 0.482363730669022 0.484304636716843
0.526844263076782 0.529103934764862 0.551802098751068 0.566409647464752 0.577679693698883 0.579369723796844 0.584569752216339 0.601442337036133 0.619405627250671 0.623800933361053 0.597424328327179 0.559327363967896 0.526521861553192 0.506630778312683 0.487818270921707 0.485786378383636 0.491824984550476 0.49843493103981 0.509236752986908 0.531129837036133 0.555933177471161 0.572740614414215 0.578404664993286 0.563045561313629 0.52193945646286 0.467975646257401 0.471361637115479 0.481625854969025 0.478830099105835 0.471674084663391 0.480613261461258 0.510599851608276 0.548195123672485 0.559107601642609 0.545833885669708 0.519401669502258 0.480781704187393 0.428263813257217 0.397810578346252 0.396495014429092 0.416570633649826 0.44162505865097 0.462731957435608 0.484527409076691 0.500078558921814
0.511542141437531 0.50554370880127 0.528790652751923 0.524047791957855 0.540819823741913 0.557933807373047 0.569494307041168 0.587681353092194 0.60655802488327 0.611091256141663 0.588136553764343 0.550895512104034 0.52070826292038 0.500374495983124 0.487583696842194 0.487000912427902 0.486786156892776 0.491242915391922 0.505254030227661 0.527573645114899 0.5514235496521 0.565707266330719 0.562907516956329 0.546639382839203 0.50418895483017 0.455568104982376 0.455255717039108 0.480434447526932 0.489106804132462 0.483193606138229 0.486855000257492 0.514304161071777 0.547230303287506 0.562382996082306 0.545703053474426 0.513671040534973 0.459318459033966 0.395089685916901 0.364666283130646 0.380944073200226 0.426389276981354 0.47347304224968 0.497861087322235 0.518860757350922 0.536208689212799
0.523152649402618 0.52177757024765 0.523692190647125 0.516792476177216 0.537379205226898 0.551070809364319 0.565232455730438 0.584879159927368 0.597303569316864 0.581051707267761 0.553326725959778 0.532588422298431 0.524731934070587 0.514054536819458 0.505685210227966 0.504764378070831 0.499316662549973 0.498973816633224 0.508341789245605 0.525826573371887 0.54884946346283 0.564578711986542 0.564855992794037 0.555350959300995 0.515871703624725 0.470369011163712 0.458445996046066 0.499885588884354 0.514644265174866 0.517932832241058 0.52378910779953 0.540702044963837 0.557163178920746 0.563222885131836 0.547667622566223 0.527573347091675 0.477296620607376 0.420874536037445 0.393582254648209 0.411187797784805 0.462697088718414 0.516848206520081 0.544246077537537 0.551444113254547 0.561312317848206
0.539770841598511 0.546796858310699 0.544557571411133 0.547846555709839 0.573460936546326 0.575495779514313 0.570184946060181 0.577208936214447 0.595089972019196 0.583044826984406 0.558244824409485 0.541197180747986 0.548387885093689 0.551468372344971 0.538893699645996 0.522507607936859 0.519920706748962 0.514945566654205 0.5170578956604 0.529557824134827 0.545325636863708 0.562275648117065 0.568681299686432 0.561878442764282 0.533904433250427 0.500898122787476 0.485775619745255 0.509840846061707 0.512011766433716 0.534282445907593 0.562265396118164 0.585175454616547 0.59487646818161 0.588531136512756 0.570202350616455 0.551500082015991 0.515883922576904 0.48563939332962 0.475619465112686 0.48696768283844 0.521240532398224 0.558000206947327 0.577862977981567 0.569005191326141 0.557676792144775
0.579845666885376 0.604463338851929 0.598790049552917 0.591079771518707 0.609112143516541 0.632049202919006 0.617683589458466 0.589469790458679 0.570610642433167 0.558149933815002 0.555054903030396 0.557972490787506 0.564255356788635 0.572236180305481 0.545646667480469 0.521008551120758 0.519342064857483 0.513944685459137 0.514217019081116 0.520472049713135 0.531325042247772 0.545351386070251 0.55367636680603 0.544549703598022 0.514957666397095 0.506951570510864 0.519468128681183 0.530088603496552 0.509453356266022 0.540198147296906 0.579475522041321 0.614336133003235 0.63262939453125 0.627131700515747 0.608648419380188 0.584268450737 0.553836822509766 0.529164850711823 0.520279109477997 0.530697047710419 0.557899713516235 0.585061550140381 0.595429420471191 0.586108088493347 0.57607638835907
0.602731287479401 0.607733845710754 0.6060950756073 0.573251664638519 0.540875494480133 0.528615832328796 0.5173579454422 0.501154839992523 0.484115034341812 0.468489140272141 0.455904126167297 0.450821161270142 0.457297265529633 0.473413497209549 0.469359010457993 0.467352628707886 0.460806101560593 0.438171058893204 0.423670738935471 0.431533515453339 0.454380571842194 0.479985475540161 0.502741575241089 0.503826797008514 0.487926214933395 0.482709586620331 0.497999310493469 0.50525164604187 0.498253673315048 0.546249270439148 0.587110817432404 0.612560629844666 0.623839497566223 0.624239385128021 0.62998241186142 0.618166208267212 0.588616967201233 0.560749590396881 0.554395973682404 0.563842415809631 0.581540405750275 0.602108836174011 0.606879830360413 0.600114166736603 0.592748820781708
0.528249323368073 0.51380330324173 0.489590734243393 0.444433599710464 0.429918020963669 0.432416260242462 0.429912477731705 0.403698951005936 0.375381320714951 0.359733492136002 0.360577940940857 0.361546576023102 0.354487836360931 0.346503138542175 0.341177821159363 0.341503620147705 0.33782234787941 0.32764396071434 0.317804634571075 0.32213032245636 0.334447979927063 0.347629517316818 0.368317633867264 0.376789063215256 0.380674004554749 0.387365251779556 0.395520001649857 0.40314969420433 0.407025009393692 0.430662751197815 0.471576243638992 0.512103736400604 0.535242915153503 0.543630540370941 0.578523457050323 0.582399010658264 0.565510630607605 0.552414298057556 0.559286534786224 0.57723605632782 0.601916611194611 0.622151970863342 0.619887828826904 0.60940408706665 0.600089251995087
0.388493984937668 0.382930308580399 0.400132358074188 0.398124217987061 0.412579447031021 0.426255822181702 0.442146897315979 0.447174727916718 0.440104961395264 0.421071201562881 0.39783039689064 0.372612088918686 0.342413425445557 0.318770200014114 0.313410341739655 0.323735594749451 0.315432846546173 0.298080861568451 0.279934644699097 0.267447203397751 0.269830077886581 0.280891627073288 0.292078733444214 0.285966008901596 0.278573632240295 0.26595351099968 0.254643023014069 0.277627646923065 0.295786529779434 0.309095144271851 0.329307317733765 0.359163522720337 0.374017506837845 0.384470105171204 0.41673281788826 0.444130063056946 0.467187792062759 0.487755864858627 0.509615063667297 0.516465961933136 0.522499144077301 0.534555912017822 0.548445045948029 0.56127804517746 0.564786970615387
0.405621856451035 0.437953054904938 0.45229572057724 0.461048692464828 0.499011069536209 0.519338667392731 0.519617319107056 0.50956004858017 0.51391726732254 0.513098657131195 0.503483057022095 0.488747268915176 0.484305173158646 0.459159016609192 0.436792194843292 0.428599208593369 0.407153338193893 0.391553163528442 0.388486862182617 0.388768523931503 0.38004994392395 0.364879786968231 0.345264285802841 0.318833202123642 0.310239523649216 0.313650131225586 0.312671452760696 0.31001228094101 0.300325781106949 0.283753722906113 0.27180153131485 0.273281663656235 0.269212305545807 0.272123783826828 0.285590767860413 0.304018378257751 0.329354614019394 0.348927408456802 0.363773882389069 0.369046449661255 0.376402765512466 0.390149265527725 0.409954905509949 0.42805951833725 0.413773953914642
0.524468779563904 0.549315989017487 0.556552052497864 0.560124456882477 0.569382190704346 0.563141644001007 0.560417950153351 0.559255242347717 0.563601434230804 0.560114324092865 0.556885063648224 0.553687572479248 0.555686056613922 0.549256324768066 0.556184768676758 0.561353862285614 0.545492649078369 0.52082496881485 0.512389540672302 0.51397293806076 0.510562777519226 0.505955636501312 0.501232147216797 0.494757443666458 0.488809198141098 0.488664567470551 0.477421432733536 0.455447196960449 0.434951722621918 0.412567764520645 0.38705188035965 0.362313777208328 0.333218514919281 0.316041350364685 0.293211996555328 0.27710434794426 0.287835299968719 0.300200879573822 0.304000020027161 0.292651772499084 0.279212206602097 0.27791827917099 0.294996827840805 0.321595370769501 0.322611600160599
0.611099779605865 0.611124873161316 0.602465033531189 0.587397456169128 0.579338848590851 0.578060448169708 0.58844780921936 0.589096903800964 0.583092927932739 0.559708654880524 0.544601738452911 0.547205150127411 0.558104991912842 0.565389752388 0.5893195271492 0.594595015048981 0.580945253372192 0.561764478683472 0.567554235458374 0.578246593475342 0.585492432117462 0.592569708824158 0.605715095996857 0.607169032096863 0.603290021419525 0.615560591220856 0.615379095077515 0.598893105983734 0.570837736129761 0.550200164318085 0.531770586967468 0.511298894882202 0.492776364088058 0.509495913982391 0.495894551277161 0.461147099733353 0.439908087253571 0.412123411893845 0.385343700647354 0.367804944515228 0.366978734731674 0.371572136878967 0.382030338048935 0.388157963752747 0.379472702741623
0.614885151386261 0.602572321891785 0.608888208866119 0.602094054222107 0.584139406681061 0.579095840454102 0.598358452320099 0.585911691188812 0.563442170619965 0.546966314315796 0.548140585422516 0.530020117759705 0.523946762084961 0.530486226081848 0.55929434299469 0.569831073284149 0.568414926528931 0.562461674213409 0.5719935297966 0.57846999168396 0.588383972644806 0.605527639389038 0.628012001514435 0.635753691196442 0.643154859542847 0.660202622413635 0.663413286209106 0.643684387207031 0.621451199054718 0.61683851480484 0.622830271720886 0.620537936687469 0.612099468708038 0.606575727462769 0.59282785654068 0.58109450340271 0.573895871639252 0.559413492679596 0.538113832473755 0.518559098243713 0.503153443336487 0.493042200803757 0.505047261714935 0.518722236156464 0.522912979125977
0.599930584430695 0.590834498405457 0.591931223869324 0.590950429439545 0.570048630237579 0.55502587556839 0.556712925434113 0.560127019882202 0.558746874332428 0.561543345451355 0.56818699836731 0.524396598339081 0.502439141273499 0.50228488445282 0.519373774528503 0.529038906097412 0.539960622787476 0.553775429725647 0.573055267333984 0.583272874355316 0.594391405582428 0.60621565580368 0.615504562854767 0.610459923744202 0.616210103034973 0.631791949272156 0.64261257648468 0.631570398807526 0.622735440731049 0.625967264175415 0.641356647014618 0.641669034957886 0.637316286563873 0.629758596420288 0.619323492050171 0.619330823421478 0.620224416255951 0.617127776145935 0.609537124633789 0.602922260761261 0.592445194721222 0.581036865711212 0.5858034491539 0.592913389205933 0.590640425682068
0.590975701808929 0.573736965656281 0.557410001754761 0.543858885765076 0.524368107318878 0.517141580581665 0.526017069816589 0.546705484390259 0.568736493587494 0.582378089427948 0.568459510803223 0.518382966518402 0.494229942560196 0.489330053329468 0.490510880947113 0.493388056755066 0.516513228416443 0.551434278488159 0.585923850536346 0.605881214141846 0.611290335655212 0.609446108341217 0.603370904922485 0.593574285507202 0.598742663860321 0.610736787319183 0.618793547153473 0.611652433872223 0.60675036907196 0.607011198997498 0.61439323425293 0.616902112960815 0.626071751117706 0.622608006000519 0.609179556369781 0.607187390327454 0.607572436332703 0.612127542495728 0.620024740695953 0.633046507835388 0.632875561714172 0.628176033496857 0.626067042350769 0.610933482646942 0.600629389286041
0.577685713768005 0.553373694419861 0.522299289703369 0.49861204624176 0.489234268665314 0.489488333463669 0.511591851711273 0.544683575630188 0.57320761680603 0.58052396774292 0.565011382102966 0.529523134231567 0.500493168830872 0.490481466054916 0.475347816944122 0.472945392131805 0.508571267127991 0.562949955463409 0.605110824108124 0.627936959266663 0.63106244802475 0.615462183952332 0.589800119400024 0.567792475223541 0.5718954205513 0.588397979736328 0.602624952793121 0.608749508857727 0.613595187664032 0.611143827438354 0.605472803115845 0.600930988788605 0.614734709262848 0.61253809928894 0.6048344373703 0.6042640209198 0.605151891708374 0.611640989780426 0.622044801712036 0.634868025779724 0.628356516361237 0.620741307735443 0.619983792304993 0.619298815727234 0.611680507659912
0.560417532920837 0.540135025978088 0.512811481952667 0.491298794746399 0.482556790113449 0.485162258148193 0.512222945690155 0.550421714782715 0.579677581787109 0.583826184272766 0.580557286739349 0.552362024784088 0.517440259456635 0.496178805828094 0.462969303131104 0.459484100341797 0.497211694717407 0.564823031425476 0.608669281005859 0.635173201560974 0.638774812221527 0.601234257221222 0.566060960292816 0.544342041015625 0.545664429664612 0.564580798149109 0.581851243972778 0.596029996871948 0.607306599617004 0.604814946651459 0.595910310745239 0.59756338596344 0.61371123790741 0.610588908195496 0.604585409164429 0.602069675922394 0.605100333690643 0.621114432811737 0.641840875148773 0.656507015228271 0.648536562919617 0.637494802474976 0.628706932067871 0.630719840526581 0.633801400661469
0.556581437587738 0.548679411411285 0.532986462116241 0.51233583688736 0.500246226787567 0.502459168434143 0.521100163459778 0.558249890804291 0.590672314167023 0.60302871465683 0.602976262569427 0.57550722360611 0.542059421539307 0.509169578552246 0.463946640491486 0.457886159420013 0.490443855524063 0.549277603626251 0.586478412151337 0.619104146957397 0.624401330947876 0.59112936258316 0.554129421710968 0.528210639953613 0.525230705738068 0.543017446994781 0.568675577640533 0.58843457698822 0.60038286447525 0.598729133605957 0.582441091537476 0.585847198963165 0.6050865650177 0.611836791038513 0.614636242389679 0.607597053050995 0.605288803577423 0.620745480060577 0.639547348022461 0.649736940860748 0.647586166858673 0.641700327396393 0.633624255657196 0.629006206989288 0.632772743701935
