data/1_raw/trimmed_ndre/J_ndre.610.2009_no_clouds.asc
NCOLS 141 
NROWS 118 
XLLCORNER 516845 
YLLCORNER 5169015 
CELLSIZE 5 
NODATA_value -3.4e+38 
[rows 80 to 99 of 118, columns 90 to 134 of 141]
0.491003602743149 0.506456911563873 0.537440598011017 0.559647679328918 0.563263833522797 0.528017342090607 0.521944642066956 0.527021825313568 0.527035474777222 0.532007217407227 0.548061072826385 0.542054533958435 0.51362144947052 0.486631721258163 0.461110681295395 0.431177824735641 0.3996821641922 0.386457800865173 0.396979004144669 0.397920250892639 0.350543767213821 0.33869481086731 0.383008778095245 0.424182176589966 0.451283156871796 0.452842861413956 0.45391121506691 0.461336493492126 0.417473316192627 0.409804493188858 0.450610995292664 0.458775490522385 0.467201501131058 0.478679358959198 0.481592416763306 0.493321239948273 0.500354945659637 0.472038716077805 0.445988684892654 0.442519903182983 0.430555611848831 0.42077648639679 -3.4e+38 -3.4e+38 -3.4e+38
0.496465533971786 0.524534404277802 0.554456830024719 0.549810230731964 0.539173066616058 0.526449143886566 0.516091585159302 0.516937255859375 0.514277338981628 0.5244100689888 0.541113972663879 0.533000767230988 0.496702581644058 0.480577081441879 0.465737760066986 0.423471659421921 0.378727674484253 0.376779913902283 0.404583901166916 0.415160775184631 0.370802849531174 0.33890226483345 0.386767476797104 0.430522322654724 0.451285094022751 0.4606953561306 0.473343253135681 0.494273751974106 0.479712694883347 0.45828765630722 0.457193672657013 0.463270336389542 0.471589386463165 0.472951591014862 0.469308912754059 0.478476256132126 0.495393395423889 0.471492350101471 0.43594554066658 0.430165857076645 0.424183189868927 0.425246715545654 -3.4e+38 -3.4e+38 -3.4e+38
0.508380055427551 0.529513776302338 0.541504800319672 0.527393698692322 0.500573635101318 0.499320536851883 0.497857391834259 0.504207730293274 0.503326654434204 0.504489958286285 0.522709667682648 0.523447275161743 0.493030309677124 0.471674144268036 0.459583729505539 0.404934287071228 0.382285386323929 0.393796801567078 0.404605358839035 0.41502046585083 0.391084790229797 0.352130532264709 0.402606338262558 0.459772944450378 0.466514766216278 0.486946374177933 0.497450739145279 0.509703516960144 0.509784877300262 0.476289004087448 0.457741886377335 0.47443875670433 0.482697606086731 0.469473302364349 0.457247108221054 0.462585926055908 0.478753179311752 0.456905007362366 0.432616055011749 0.426694005727768 0.435086905956268 0.453173041343689 -3.4e+38 -3.4e+38 -3.4e+38
0.522781193256378 0.532819151878357 0.54767519235611 0.567974507808685 0.536330819129944 0.491771250963211 0.479214996099472 0.498982459306717 0.50301206111908 0.488314002752304 0.488113939762115 0.497171878814697 0.492074459791183 0.470188111066818 0.437160015106201 0.395969599485397 0.373165875673294 0.372646898031235 0.37719988822937 0.407975405454636 0.416887760162354 0.379213213920593 0.3855220079422 0.435811012983322 0.467711687088013 0.496701180934906 0.4974524974823 0.499414443969727 0.506094515323639 0.49162420630455 0.469803035259247 0.486862808465958 0.48751562833786 0.464990615844727 0.447786033153534 0.453420400619507 0.46147820353508 0.436480522155762 0.433585286140442 0.437871128320694 0.447938084602356 0.475286453962326 -3.4e+38 -3.4e+38 -3.4e+38
0.512111663818359 0.519211888313293 0.545763671398163 0.586165845394135 0.561176657676697 0.504394710063934 0.47871932387352 0.498009830713272 0.49943608045578 0.4844970703125 0.477156758308411 0.490450084209442 0.494177758693695 0.466476052999496 0.424553215503693 0.393435657024384 0.368129938840866 0.347146809101105 0.368037968873978 0.422610819339752 0.434184670448303 0.371446341276169 0.354803502559662 0.421834528446198 0.470116287469864 0.468610316514969 0.452954024076462 0.460810720920563 0.472022950649261 0.473659545183182 0.471718668937683 0.483392357826233 0.48999896645546 0.467782318592072 0.434493184089661 0.449552655220032 0.4512058198452 0.423624962568283 0.434878647327423 0.453914135694504 0.477751076221466 0.485090643167496 -3.4e+38 -3.4e+38 -3.4e+38
0.506889581680298 0.520431935787201 0.528504073619843 0.559498250484467 0.560553967952728 0.534605383872986 0.505919098854065 0.488227158784866 0.487533777952194 0.50074827671051 0.5074343085289 0.504560589790344 0.487148612737656 0.45465362071991 0.413946181535721 0.380367368459702 0.373049676418304 0.36643585562706 0.398627460002899 0.457517504692078 0.460278689861298 0.382167309522629 0.350848823785782 0.421065032482147 0.476201564073563 0.465205550193787 0.438812702894211 0.434037029743195 0.419974058866501 0.438872128725052 0.4651118516922 0.47576043009758 0.487612247467041 0.467035442590714 0.436610758304596 0.454399913549423 0.448577105998993 0.420972496271133 0.430422186851501 0.459769248962402 0.484256386756897 0.475648552179337 0.453819960355759 -3.4e+38 -3.4e+38
0.521802961826324 0.523704946041107 0.520968437194824 0.559772193431854 0.580580651760101 0.547308743000031 0.507841348648071 0.483619719743729 0.49136757850647 0.521942257881165 0.534852921962738 0.518315315246582 0.480220049619675 0.4448481798172 0.399851411581039 0.376042515039444 0.38720840215683 0.395328372716904 0.421353906393051 0.457835912704468 0.462902724742889 0.403185963630676 0.346253156661987 0.401578187942505 0.466625541448593 0.462719738483429 0.432969570159912 0.425874829292297 0.413516938686371 0.442586064338684 0.468720346689224 0.471976757049561 0.480555087327957 0.471783727407455 0.45497989654541 0.451090961694717 0.443176805973053 0.423832923173904 0.43524444103241 0.464202910661697 0.469125866889954 0.489877820014954 0.49612033367157 0.496175050735474 -3.4e+38
0.512558221817017 0.517587661743164 0.548192620277405 0.585427224636078 0.580363512039185 0.541909873485565 0.520611107349396 0.508464574813843 0.509071230888367 0.529539942741394 0.540939271450043 0.532125890254974 0.491390347480774 0.444868117570877 0.406807005405426 0.388326972723007 0.382807105779648 0.380257964134216 0.385369807481766 0.404809683561325 0.440008223056793 0.406984865665436 0.335338979959488 0.374330699443817 0.440055996179581 0.447078585624695 0.434378355741501 0.436324506998062 0.437851309776306 0.46503347158432 0.474645435810089 0.470046669244766 0.475818425416946 0.480376809835434 0.461481422185898 0.440040826797485 0.446203142404556 0.435075432062149 0.447078883647919 0.46279901266098 0.459735125303268 0.480592221021652 0.492657005786896 0.482147425413132 0.46797651052475
0.500799238681793 0.516246140003204 0.560507476329803 0.582788109779358 0.582465887069702 0.565648138523102 0.550361216068268 0.537094950675964 0.536274433135986 0.534721910953522 0.531035602092743 0.531593799591064 0.51256388425827 0.463677197694778 0.423540681600571 0.394006073474884 0.366529613733292 0.353194087743759 0.345866054296494 0.368561565876007 0.417720884084702 0.400163650512695 0.309894531965256 0.330860495567322 0.411306917667389 0.443803191184998 0.44163915514946 0.438134461641312 0.460949897766113 0.48554065823555 0.478342086076736 0.470554858446121 0.471795707941055 0.483970880508423 0.462636172771454 0.437255680561066 0.446860283613205 0.438994765281677 0.450329154729843 0.460559755563736 0.470973968505859 0.497123569250107 0.488930970430374 0.477187484502792 0.475615441799164
0.510783195495605 0.512506723403931 0.536908864974976 0.573007881641388 0.605023503303528 0.612323522567749 0.594707310199738 0.562152206897736 0.540288865566254 0.526970565319061 0.526449799537659 0.532240450382233 0.53102970123291 0.47295156121254 0.417304784059525 0.3912173807621 0.374312341213226 0.365551680326462 0.359701782464981 0.373871624469757 0.390919476747513 0.375391840934753 0.311702996492386 0.322812110185623 0.416660040616989 0.445834159851074 0.432200521230698 0.446579098701477 0.475736051797867 0.489039689302444 0.484289884567261 0.472672671079636 0.466524392366409 0.468065559864044 0.457954406738281 0.44846299290657 0.444108426570892 0.445341140031815 0.45889750123024 0.453386396169662 0.471966654062271 0.496729373931885 0.488747894763947 0.488160103559494 0.480488508939743
0.541658997535706 0.517113268375397 0.534929037094116 0.577794849872589 0.616025328636169 0.622209191322327 0.590419054031372 0.544018745422363 0.52312046289444 0.523834526538849 0.543518483638763 0.545563936233521 0.534516513347626 0.4845931828022 0.421590894460678 0.400235861539841 0.396692931652069 0.391131639480591 0.388850748538971 0.398636639118195 0.391538828611374 0.397009283304214 0.365071177482605 0.356299012899399 0.413953065872192 0.440168917179108 0.449156135320663 0.465812236070633 0.475077122449875 0.485796272754669 0.491147488355637 0.478312283754349 0.466546386480331 0.458499372005463 0.458891689777374 0.456908673048019 0.432609498500824 0.433823108673096 0.454965680837631 0.458585351705551 0.458732575178146 0.463345974683762 0.463491946458817 0.476108968257904 0.472345381975174
0.556417524814606 0.553841114044189 0.575594842433929 0.594597816467285 0.606417596340179 0.594469428062439 0.556181967258453 0.521535217761993 0.513038694858551 0.518119037151337 0.530915021896362 0.540353536605835 0.523858368396759 0.495656192302704 0.447715103626251 0.413732796907425 0.399442195892334 0.397505193948746 0.402319222688675 0.397435307502747 0.406786531209946 0.430829972028732 0.405418485403061 0.382714629173279 0.391882807016373 0.426227569580078 0.467165559530258 0.475402623414993 0.466464698314667 0.48184260725975 0.492635756731033 0.480983674526215 0.473687708377838 0.468896716833115 0.453296452760696 0.446476489305496 0.452473312616348 0.451011955738068 0.467362582683563 0.481863647699356 0.472185790538788 0.483048051595688 0.482611268758774 0.475776135921478 0.474330455064774
0.553212225437164 0.577163755893707 0.583870530128479 0.576294779777527 0.569507896900177 0.561551213264465 0.53881561756134 0.515213906764984 0.51172810792923 0.517034113407135 0.51916629076004 0.530904412269592 0.521495878696442 0.489416867494583 0.448870062828064 0.429693400859833 0.412613123655319 0.392966210842133 0.37949338555336 0.387889564037323 0.415927737951279 0.438751667737961 0.414583325386047 0.388338148593903 0.383694469928741 0.415272057056427 0.455838263034821 0.46568888425827 0.470386803150177 0.484809249639511 0.487566918134689 0.478100776672363 0.478995323181152 0.47922882437706 0.456187605857849 0.44898122549057 0.4721799492836 0.466926693916321 0.48037201166153 0.483111321926117 0.460615754127502 0.485690027475357 0.491488039493561 0.481938421726227 0.480075150728226
0.569925844669342 0.595468938350677 0.582999110221863 0.559927463531494 0.553182661533356 0.545707285404205 0.530510067939758 0.516643643379211 0.510790526866913 0.520939230918884 0.523805141448975 0.535841286182404 0.549832582473755 0.523732483386993 0.479868769645691 0.449269086122513 0.424336701631546 0.388207703828812 0.367965936660767 0.362957119941711 0.398512780666351 0.446348249912262 0.434116959571838 0.389966756105423 0.388569861650467 0.421690106391907 0.472487092018127 0.487961709499359 0.473288804292679 0.480992674827576 0.476785182952881 0.473531484603882 0.476073265075684 0.465703725814819 0.449874997138977 0.448305189609528 0.450201332569122 0.446904093027115 0.473044097423553 0.472984164953232 0.450299263000488 0.475106745958328 0.477089941501617 0.479033917188644 0.481855809688568
0.570191383361816 0.582764446735382 0.581669926643372 0.568096280097961 0.557183563709259 0.548736155033112 0.541730105876923 0.52508157491684 0.510343432426453 0.520293533802032 0.52933406829834 0.544634580612183 0.581258237361908 0.564420282840729 0.496729701757431 0.447536140680313 0.403262585401535 0.380986005067825 0.382497370243073 0.368966192007065 0.38960799574852 0.4394371509552 0.441108763217926 0.405341565608978 0.392486929893494 0.418467849493027 0.470879942178726 0.494565367698669 0.479098826646805 0.483844667673111 0.493299812078476 0.492462784051895 0.479451239109039 0.463030427694321 0.453429490327835 0.455165982246399 0.443780332803726 0.441693127155304 0.463339567184448 0.466648519039154 0.460315942764282 0.478643268346786 0.475852966308594 0.462652325630188 0.457099974155426
0.545853674411774 0.561970591545105 0.577833831310272 0.579444468021393 0.568045973777771 0.568298518657684 0.562315464019775 0.530305027961731 0.508462369441986 0.5101278424263 0.524503469467163 0.541213810443878 0.566753625869751 0.560662865638733 0.505492806434631 0.455086171627045 0.415332823991776 0.391886234283447 0.40307804942131 0.398100137710571 0.38884699344635 0.414945989847183 0.451506227254868 0.460729151964188 0.428721815347672 0.408881068229675 0.443490862846375 0.475385189056396 0.5065096616745 0.517707586288452 0.513122320175171 0.500407338142395 0.479789763689041 0.47806116938591 0.468798875808716 0.461181133985519 0.431331127882004 0.444891810417175 0.471616834402084 0.47261106967926 0.4747074842453 0.489169597625732 0.480285376310349 0.457121521234512 0.456649929285049
0.53681617975235 0.568019151687622 0.589723289012909 0.593014299869537 0.586986482143402 0.588927030563354 0.57340943813324 0.53829950094223 0.512020945549011 0.508103728294373 0.51178652048111 0.513897836208344 0.526951313018799 0.541681885719299 0.527953028678894 0.501999497413635 0.484133362770081 0.440814167261124 0.440957814455032 0.438891559839249 0.410972684621811 0.462362825870514 0.509862422943115 0.528199553489685 0.474313646554947 0.415732055902481 0.431996643543243 0.480568289756775 0.529507637023926 0.534856259822845 0.502422988414764 0.485261797904968 0.467854082584381 0.472423404455185 0.482158869504929 0.479055106639862 0.470273315906525 0.474307388067245 0.487316727638245 0.487727254629135 0.473217785358429 0.476808249950409 0.479393988847733 0.468145340681076 0.493883967399597
0.53506988286972 0.564575493335724 0.587958633899689 0.575919806957245 0.578128814697266 0.585234701633453 0.576408624649048 0.561749279499054 0.539756238460541 0.521045207977295 0.507447481155396 0.502373695373535 0.51481968164444 0.53766280412674 0.536011815071106 0.523126006126404 0.52800577878952 0.50335967540741 0.499517232179642 0.506532430648804 0.487120002508163 0.544941842556 0.561170816421509 0.536781370639801 0.478004217147827 0.404883325099945 0.385241150856018 0.433141231536865 0.474493116140366 0.483804166316986 0.493491291999817 0.491654723882675 0.481746703386307 0.48990598320961 0.507910788059235 0.526497781276703 0.534925997257233 0.49344077706337 0.474490284919739 0.485357105731964 0.473963290452957 0.462744146585464 0.465296417474747 0.467344403266907 0.489145368337631
0.529041528701782 0.555594742298126 0.563694894313812 0.548130095005035 0.549740612506866 0.562728703022003 0.567091763019562 0.569793999195099 0.561781048774719 0.531097173690796 0.51100617647171 0.518981218338013 0.515108048915863 0.516419470310211 0.510900676250458 0.499552100896835 0.52632337808609 0.557609617710114 0.56232625246048 0.563836872577667 0.546648263931274 0.573405504226685 0.573477029800415 0.524869918823242 0.475371330976486 0.415451407432556 0.328779876232147 0.336420655250549 0.363220483064651 0.408563286066055 0.492740869522095 0.525100529193878 0.528625726699829 0.535980582237244 0.547317564487457 0.548714876174927 0.523258209228516 0.478466540575027 0.470986187458038 0.479290276765823 0.474722594022751 0.456988394260406 0.453653365373611 0.468737781047821 0.483749449253082
0.539955914020538 0.541781783103943 0.543369591236115 0.543440222740173 0.532650172710419 0.534993648529053 0.548001706600189 0.557404518127441 0.555870592594147 0.526672124862671 0.511547744274139 0.533175587654114 0.526650786399841 0.503242194652557 0.501067817211151 0.501823008060455 0.529581785202026 0.573853433132172 0.58028906583786 0.588445425033569 0.559910476207733 0.558079302310944 0.581653952598572 0.552453935146332 0.504159212112427 0.42422941327095 0.301740378141403 0.276045650243759 0.294046670198441 0.346916168928146 0.441875904798508 0.517595529556274 0.544981181621552 0.560265958309174 0.575864136219025 0.545023262500763 0.490869760513306 0.474979549646378 0.481486260890961 0.467388778924942 0.458721935749054 0.460463434457779 0.472739160060883 -3.4e+38 -3.4e+38
