data/1_raw/trimmed_ndre/J_ndre.731.2012_no_clouds.asc
NCOLS 141 
NROWS 118 
XLLCORNER 516845 
YLLCORNER 5169015 
CELLSIZE 5 
NODATA_value -3.4e+38 
[rows 80 to 99 of 118, columns 90 to 134 of 141]
0.449936121702194 0.453591763973236 0.46103373169899 0.461621701717377 0.448697000741959 0.455063045024872 0.470230638980865 0.467077523469925 0.461413532495499 0.469577223062515 0.46802294254303 0.439877390861511 0.424041450023651 0.392614811658859 0.351087749004364 0.339863926172256 0.332791924476624 0.360102772712708 0.396096020936966 0.400366514921188 0.395943194627762 0.403326541185379 0.402890503406525 0.403429299592972 0.430124670267105 0.420829802751541 0.386431246995926 0.365748435258865 0.325095504522324 0.27519690990448 0.264118909835815 0.294789135456085 0.332924336194992 0.374324202537537 0.396643728017807 0.391741842031479 0.38539332151413 0.378891050815582 0.374803602695465 0.386910408735275 0.397320002317429 0.402625620365143 -3.4e+38 -3.4e+38 -3.4e+38
0.438058406114578 0.439896166324615 0.454844295978546 0.467150658369064 0.466462761163712 0.471951723098755 0.473519265651703 0.46716770529747 0.460257738828659 0.470778971910477 0.469939410686493 0.437527149915695 0.41685751080513 0.387321084737778 0.349332839250565 0.335861831903458 0.323216259479523 0.347751557826996 0.388985633850098 0.407783269882202 0.415488094091415 0.420252591371536 0.41358083486557 0.410893887281418 0.436081051826477 0.42043548822403 0.382306665182114 0.364864110946655 0.346651345491409 0.314674079418182 0.298051178455353 0.310533344745636 0.33149242401123 0.365477383136749 0.385259568691254 0.382550984621048 0.378509014844894 0.370267570018768 0.379046738147736 0.400499880313873 0.40342903137207 0.405030488967896 -3.4e+38 -3.4e+38 -3.4e+38
0.448082864284515 0.448577582836151 0.460113078355789 0.468731760978699 0.470576733350754 0.477766364812851 0.475854456424713 0.465210378170013 0.462680697441101 0.477107554674149 0.47308012843132 0.444830566644669 0.418164759874344 0.383930861949921 0.357769906520844 0.331276118755341 0.316436320543289 0.340272009372711 0.376912742853165 0.413771510124207 0.444404661655426 0.438611567020416 0.426458537578583 0.421576708555222 0.4292331635952 0.418611228466034 0.408678501844406 0.407420217990875 0.396184980869293 0.374311059713364 0.344430506229401 0.339552611112595 0.349369525909424 0.36305770277977 0.377314865589142 0.382705807685852 0.380696028470993 0.367027461528778 0.370140582323074 0.392750680446625 0.397835969924927 0.411615252494812 -3.4e+38 -3.4e+38 -3.4e+38
0.461602628231049 0.467221856117249 0.477824956178665 0.472433626651764 0.465520232915878 0.468543648719788 0.471324652433395 0.463311344385147 0.464946299791336 0.479707092046738 0.472419083118439 0.451632738113403 0.421446830034256 0.38252255320549 0.365650832653046 0.324150860309601 0.297936081886292 0.322519689798355 0.365335732698441 0.419034391641617 0.454829394817352 0.454839020967484 0.445946604013443 0.444299161434174 0.439033985137939 0.424615263938904 0.431708097457886 0.441963076591492 0.425988763570786 0.402500182390213 0.377229422330856 0.364285051822662 0.36559271812439 0.37235751748085 0.382842928171158 0.386086225509644 0.384012311697006 0.387123137712479 0.383387953042984 0.381925225257874 0.394464761018753 0.414834797382355 -3.4e+38 -3.4e+38 -3.4e+38
0.454972177743912 0.466577649116516 0.478743016719818 0.473551154136658 0.469236761331558 0.46518149971962 0.466371446847916 0.462609946727753 0.467590808868408 0.482140809297562 0.475789725780487 0.461578279733658 0.435082912445068 0.396001398563385 0.366942524909973 0.321567595005035 0.296801626682281 0.319540143013 0.368738025426865 0.411580413579941 0.448233544826508 0.46710017323494 0.453145325183868 0.444596886634827 0.441879957914352 0.422380328178406 0.42136162519455 0.431216567754745 0.419455975294113 0.40469828248024 0.396866738796234 0.377334892749786 0.371077001094818 0.38403657078743 0.392200529575348 0.396139591932297 0.393086850643158 0.397459775209427 0.388020128011703 0.379454970359802 0.393869966268539 0.412999451160431 -3.4e+38 -3.4e+38 -3.4e+38
0.452140003442764 0.461150109767914 0.469368755817413 0.466033011674881 0.474018663167953 0.469201534986496 0.461107850074768 0.460597276687622 0.464441329240799 0.475557178258896 0.47325399518013 0.466050893068314 0.452923536300659 0.428049921989441 0.398868769407272 0.354985594749451 0.333598971366882 0.344610273838043 0.377962827682495 0.405404269695282 0.439134776592255 0.464017182588577 0.45162957906723 0.441895395517349 0.439281463623047 0.416036874055862 0.401890128850937 0.414915949106216 0.401735663414001 0.384967803955078 0.384968727827072 0.37143537402153 0.373636871576309 0.387984991073608 0.395858496427536 0.395055741071701 0.382289439439774 0.37691742181778 0.380326390266418 0.381153851747513 0.395313560962677 0.410264551639557 0.418205678462982 -3.4e+38 -3.4e+38
0.460185825824738 0.461200296878815 0.457204461097717 0.452528923749924 0.463014662265778 0.472172796726227 0.477780610322952 0.477958977222443 0.474458426237106 0.474908292293549 0.470385760068893 0.46672660112381 0.463744342327118 0.447248339653015 0.425519317388535 0.397629261016846 0.375560492277145 0.370398342609406 0.391309052705765 0.414691269397736 0.448030710220337 0.460895359516144 0.454508721828461 0.451286166906357 0.435602366924286 0.411121279001236 0.390428245067596 0.380018889904022 0.356409937143326 0.347266465425491 0.359441965818405 0.364256829023361 0.382892459630966 0.392120838165283 0.393207430839539 0.389331459999084 0.372695237398148 0.362483501434326 0.377923041582108 0.387189149856567 0.396836370229721 0.410159111022949 0.423282623291016 0.432722598314285 -3.4e+38
0.453743129968643 0.458404958248138 0.451225399971008 0.446057200431824 0.454814851284027 0.471133559942245 0.481880813837051 0.481080323457718 0.48212331533432 0.485171586275101 0.477086454629898 0.469864428043365 0.463957071304321 0.447158664464951 0.426653236150742 0.404699832201004 0.390370547771454 0.390179306268692 0.398821622133255 0.422737568616867 0.45917421579361 0.45772048830986 0.458736807107925 0.459061652421951 0.437063187360764 0.420585364103317 0.39143180847168 0.349002778530121 0.321215122938156 0.318300485610962 0.33144411444664 0.352721601724625 0.381675511598587 0.394261509180069 0.396058291196823 0.397849172353745 0.400449186563492 0.383083641529083 0.378043293952942 0.388427555561066 0.400800913572311 0.41435843706131 0.428690284490585 0.435332089662552 0.431074231863022
0.437908262014389 0.451039105653763 0.453392624855042 0.456670701503754 0.458050847053528 0.455314368009567 0.459598332643509 0.461969703435898 0.471276938915253 0.482056647539139 0.474618792533875 0.472988903522491 0.469750851392746 0.444127231836319 0.41000759601593 0.385971873998642 0.382564604282379 0.382914781570435 0.382793515920639 0.408349514007568 0.447984218597412 0.449708700180054 0.456105709075928 0.447446972131729 0.423375129699707 0.429545789957047 0.402622789144516 0.352200835943222 0.326204866170883 0.322354227304459 0.339083790779114 0.364914089441299 0.387083828449249 0.398618251085281 0.403228938579559 0.400626301765442 0.402884364128113 0.380616396665573 0.37089204788208 0.392313688993454 0.409862816333771 0.421528816223145 0.431829839944839 0.438877940177917 0.437170088291168
0.441244095563889 0.451944559812546 0.450731962919235 0.455853313207626 0.452843695878983 0.435640126466751 0.441297829151154 0.44853338599205 0.465564966201782 0.479240953922272 0.46931979060173 0.474270522594452 0.481518566608429 0.453663021326065 0.412420570850372 0.389106035232544 0.366139650344849 0.35220131278038 0.351773262023926 0.385845184326172 0.426043152809143 0.434727519750595 0.441412925720215 0.430001586675644 0.418060719966888 0.428994208574295 0.404071599245071 0.358067035675049 0.34137898683548 0.345207870006561 0.364094585180283 0.384818196296692 0.399756819009781 0.40623676776886 0.402806252241135 0.401093989610672 0.397221088409424 0.373907148838043 0.374653518199921 0.401672273874283 0.427108824253082 0.438700824975967 0.440501987934113 0.438412189483643 0.438461124897003
0.420056492090225 0.434897929430008 0.441100716590881 0.44033882021904 0.44479563832283 0.441444098949432 0.443495601415634 0.446468740701675 0.465219408273697 0.474233716726303 0.460610300302505 0.468107223510742 0.4785236120224 0.460811644792557 0.430280804634094 0.395402938127518 0.357512295246124 0.334387063980103 0.334523260593414 0.372580349445343 0.413764178752899 0.43146413564682 0.439769804477692 0.428238719701767 0.421703308820724 0.422216922044754 0.399199694395065 0.368340849876404 0.357931971549988 0.361005216836929 0.37109038233757 0.38753667473793 0.402769207954407 0.404745012521744 0.39449867606163 0.392184674739838 0.389439970254898 0.378528237342834 0.379885703325272 0.391345828771591 0.414505511522293 0.432895660400391 0.439540326595306 0.431026995182037 0.427057236433029
0.398737341165543 0.424212455749512 0.441130965948105 0.44115623831749 0.432100296020508 0.427399843931198 0.43735283613205 0.452321350574493 0.46726006269455 0.465766847133636 0.450287520885468 0.45901894569397 0.46304389834404 0.448417186737061 0.425546020269394 0.388848185539246 0.36417543888092 0.341054826974869 0.343167841434479 0.386446565389633 0.420665979385376 0.441032826900482 0.450338125228882 0.433671951293945 0.417829960584641 0.41024124622345 0.401523411273956 0.383686572313309 0.371485382318497 0.367908269166946 0.36826092004776 0.385781854391098 0.393813341856003 0.39264640212059 0.384266883134842 0.377130717039108 0.370535641908646 0.374581724405289 0.379245758056641 0.376156985759735 0.391691744327545 0.415449380874634 0.433449059724808 0.429019749164581 0.419730871915817
0.413009881973267 0.43480595946312 0.44117259979248 0.442601442337036 0.443932920694351 0.436586797237396 0.447480052709579 0.464238882064819 0.468223720788956 0.476314902305603 0.476243585348129 0.475136339664459 0.465116113424301 0.440821558237076 0.411418795585632 0.385526120662689 0.379491925239563 0.363963067531586 0.363628745079041 0.399605095386505 0.420926034450531 0.44017630815506 0.458074182271957 0.449622839689255 0.430012166500092 0.428965389728546 0.425080925226212 0.400242030620575 0.380102336406708 0.383924305438995 0.388392686843872 0.395494520664215 0.398885011672974 0.394552886486053 0.389313250780106 0.385363340377808 0.367848843336105 0.367413461208344 0.37868320941925 0.384144574403763 0.394956856966019 0.415304780006409 0.43143168091774 0.429590314626694 0.418048739433289
0.443713933229446 0.464131891727448 0.464324533939362 0.46425849199295 0.466217696666718 0.459926247596741 0.467032998800278 0.474110633134842 0.474934279918671 0.488578379154205 0.490695178508759 0.489018350839615 0.487507611513138 0.465350210666656 0.431708663702011 0.406074732542038 0.398396015167236 0.387047111988068 0.377448081970215 0.391023278236389 0.399355232715607 0.419979244470596 0.453867405653 0.462733060121536 0.45631405711174 0.462051331996918 0.440151184797287 0.404637455940247 0.398169636726379 0.393216371536255 0.400638043880463 0.407777160406113 0.414296180009842 0.406448274850845 0.401689887046814 0.399452775716782 0.375667184591293 0.37036457657814 0.390406280755997 0.408657252788544 0.417825311422348 0.428416639566422 0.431578248739243 0.427489727735519 0.419009327888489
0.456452608108521 0.482244968414307 0.482209026813507 0.470164924860001 0.458464771509171 0.452714920043945 0.467912912368774 0.470317363739014 0.472999334335327 0.482519835233688 0.475616604089737 0.477218776941299 0.477868437767029 0.45850071310997 0.429758787155151 0.410056918859482 0.396862953901291 0.389056742191315 0.37580680847168 0.374822646379471 0.390969634056091 0.411506980657578 0.444895565509796 0.465479105710983 0.469438105821609 0.478464156389236 0.464134246110916 0.419128447771072 0.404410779476166 0.398113638162613 0.404272466897964 0.405818432569504 0.400294572114944 0.396471798419952 0.398938149213791 0.403054058551788 0.3926120698452 0.385825872421265 0.397064208984375 0.412914484739304 0.423231452703476 0.433261424303055 0.428027629852295 0.421880811452866 0.421698212623596
0.451099246740341 0.468520641326904 0.467698186635971 0.453321486711502 0.446203321218491 0.440468221902847 0.447162598371506 0.454799443483353 0.464379817247391 0.473361432552338 0.466130077838898 0.470660954713821 0.465922802686691 0.44031086564064 0.412510961294174 0.40020677447319 0.381838381290436 0.371421098709106 0.362816601991653 0.364810228347778 0.386553466320038 0.405848145484924 0.439782828092575 0.459412425756454 0.463559985160828 0.461574763059616 0.457330405712128 0.43535527586937 0.417909860610962 0.413104027509689 0.409698784351349 0.418571442365646 0.414101272821426 0.402338236570358 0.396417379379272 0.404930770397186 0.407231569290161 0.398519515991211 0.394503682851791 0.392225533723831 0.404033005237579 0.424843937158585 0.426946640014648 0.423275798559189 0.422005832195282
0.437051624059677 0.439672440290451 0.441813617944717 0.445340901613235 0.435838639736176 0.43450602889061 0.443176537752151 0.448808550834656 0.45953094959259 0.464601248502731 0.458287924528122 0.461116105318069 0.450565159320831 0.430557280778885 0.411671340465546 0.396655559539795 0.381814301013947 0.374941855669022 0.367289334535599 0.370859682559967 0.386801183223724 0.399665474891663 0.423247158527374 0.43645253777504 0.432584255933762 0.432448983192444 0.441329807043076 0.451559901237488 0.433770567178726 0.41466349363327 0.412562072277069 0.41738897562027 0.424193203449249 0.418021619319916 0.413091570138931 0.412960022687912 0.411321401596069 0.405219435691833 0.393070966005325 0.372671455144882 0.388212770223618 0.418195068836212 0.427694886922836 0.42452397942543 0.41237935423851
0.438722282648087 0.439220130443573 0.444518983364105 0.460792392492294 0.45078518986702 0.455042392015457 0.46221861243248 0.454286575317383 0.459860354661942 0.460927754640579 0.448548436164856 0.447621881961823 0.440906345844269 0.432122945785522 0.412226319313049 0.388426780700684 0.385307878255844 0.381610929965973 0.380732953548431 0.395209938287735 0.406639009714127 0.413437575101852 0.420976310968399 0.425754398107529 0.431816399097443 0.437679439783096 0.439143091440201 0.443465799093246 0.450292229652405 0.43873593211174 0.42803481221199 0.420776933431625 0.421571105718613 0.428091049194336 0.429260075092316 0.424429535865784 0.410268932580948 0.403980314731598 0.398605197668076 0.377420634031296 0.387883305549622 0.41235089302063 0.424126327037811 0.421474605798721 0.40610259771347
0.452020347118378 0.451295614242554 0.460654407739639 0.482340395450592 0.475261777639389 0.472830981016159 0.465870499610901 0.454314440488815 0.452415943145752 0.441297262907028 0.427758634090424 0.435454249382019 0.439957767724991 0.430069446563721 0.408305644989014 0.392767608165741 0.393855452537537 0.382587909698486 0.392496287822723 0.414917498826981 0.419606238603592 0.433323353528976 0.437933623790741 0.439763337373734 0.46114856004715 0.458510339260101 0.45027169585228 0.451393634080887 0.461936205625534 0.460751801729202 0.452403098344803 0.445299446582794 0.435576140880585 0.443496137857437 0.447967201471329 0.438501387834549 0.412182092666626 0.401348829269409 0.402885019779205 0.392767816781998 0.408763557672501 0.42087858915329 0.422442972660065 0.420224368572235 0.413353890180588
0.456538915634155 0.452441424131393 0.466760396957397 0.48182088136673 0.483660489320755 0.479506015777588 0.458042174577713 0.448443561792374 0.434526324272156 0.409305602312088 0.412037432193756 0.428138554096222 0.432199448347092 0.421439677476883 0.407652825117111 0.404120355844498 0.402345716953278 0.392114073038101 0.404466986656189 0.417336881160736 0.421654909849167 0.445811957120895 0.45667639374733 0.450490355491638 0.461896061897278 0.460914731025696 0.455046236515045 0.453906774520874 0.453589379787445 0.457130283117294 0.449866712093353 0.446975618600845 0.444711893796921 0.448653489351273 0.45556515455246 0.446087330579758 0.42174106836319 0.406926542520523 0.397666692733765 0.392424196004868 0.416577577590942 0.422714203596115 0.417650371789932 -3.4e+38 -3.4e+38
