data/1_raw/trimmed_ndre/J_ndre.68.2015_no_clouds.asc
NCOLS 141 
NROWS 118 
XLLCORNER 516845 
YLLCORNER 5169015 
CELLSIZE 5 
NODATA_value -3.4e+38 
[rows 0 to 19 of 118, columns 45 to 89 of 141]
-3.4e+38 -3.4e+38 -3.4e+38 -3.4e+38 -3.4e+38 -3.4e+38 -3.4e+38 -3.4e+38 -3.4e+38 -3.4e+38 -3.4e+38 -3.4e+38 -3.4e+38 -3.4e+38 -3.4e+38 -3.4e+38 -3.4e+38 -3.4e+38 -3.4e+38 -3.4e+38 -3.4e+38 -3.4e+38 -3.4e+38 -3.4e+38 -3.4e+38 -3.4e+38 -3.4e+38 -3.4e+38 -3.4e+38 -3.4e+38 -3.4e+38 -3.4e+38 -3.4e+38 -3.4e+38 -3.4e+38 -3.4e+38 -3.4e+38 0.664439737796783 0.677461624145508 0.682391703128815 0.681750774383545 0.684368789196014 0.695900857448578 0.698546767234802 0.69158548116684
-3.4e+38 -3.4e+38 -3.4e+38 -3.4e+38 -3.4e+38 -3.4e+38 -3.4e+38 -3.4e+38 -3.4e+38 -3.4e+38 -3.4e+38 -3.4e+38 -3.4e+38 -3.4e+38 -3.4e+38 -3.4e+38 -3.4e+38 -3.4e+38 -3.4e+38 -3.4e+38 -3.4e+38 -3.4e+38 -3.4e+38 -3.4e+38 -3.4e+38 -3.4e+38 -3.4e+38 -3.4e+38 0.671059370040894 0.659968554973602 0.652013897895813 0.672648906707764 0.684368371963501 0.685391068458557 0.683714687824249 0.671043455600739 0.662825524806976 0.662605166435242 0.6817427277565 0.685003519058228 0.68016129732132 0.676797986030579 0.684022963047028 0.684435307979584 0.684823572635651
-3.4e+38 -3.4e+38 -3.4e+38 -3.4e+38 -3.4e+38 -3.4e+38 -3.4e+38 -3.4e+38 -3.4e+38 -3.4e+38 -3.4e+38 -3.4e+38 -3.4e+38 -3.4e+38 -3.4e+38 -3.4e+38 -3.4e+38 -3.4e+38 -3.4e+38 -3.4e+38 0.639732599258423 0.644593179225922 0.653408050537109 0.657941102981567 0.667976319789886 0.663752019405365 0.655665457248688 0.671326816082001 0.675253748893738 0.668948769569397 0.667210757732391 0.686432480812073 0.694458186626434 0.69112241268158 0.677942037582397 0.653441667556763 0.651142299175262 0.663319408893585 0.681455254554749 0.683103859424591 0.676679313182831 0.672169625759125 0.674197793006897 0.674190104007721 0.685488164424896
-3.4e+38 -3.4e+38 -3.4e+38 -3.4e+38 -3.4e+38 -3.4e+38 -3.4e+38 -3.4e+38 -3.4e+38 -3.4e+38 -3.4e+38 -3.4e+38 -3.4e+38 -3.4e+38 -3.4e+38 -3.4e+38 0.604082584381104 0.617496311664581 0.647880434989929 0.665917336940765 0.648675680160522 0.664003193378448 0.68387234210968 0.689277112483978 0.673017084598541 0.667148411273956 0.662840306758881 0.668323338031769 0.67688661813736 0.677483260631561 0.679800033569336 0.687723517417908 0.689027786254883 0.681366384029388 0.663293898105621 0.645547211170197 0.657500803470612 0.673614621162415 0.680368900299072 0.675095438957214 0.672080636024475 0.671284317970276 0.670764803886414 0.67171585559845 0.690497040748596
-3.4e+38 -3.4e+38 -3.4e+38 -3.4e+38 -3.4e+38 -3.4e+38 -3.4e+38 -3.4e+38 -3.4e+38 -3.4e+38 -3.4e+38 -3.4e+38 -3.4e+38 -3.4e+38 -3.4e+38 0.606851816177368 0.622705519199371 0.617775976657867 0.651599645614624 0.663900256156921 0.651648700237274 0.662516415119171 0.680884778499603 0.68167906999588 0.66578471660614 0.670642077922821 0.661338984966278 0.661046504974365 0.671868562698364 0.679325997829437 0.679771959781647 0.677744388580322 0.67209804058075 0.663919806480408 0.650535702705383 0.650832295417786 0.671749651432037 0.680244326591492 0.671214461326599 0.66279524564743 0.667825222015381 0.675161063671112 0.671942949295044 0.670856714248657 0.687377095222473
-3.4e+38 -3.4e+38 -3.4e+38 -3.4e+38 -3.4e+38 -3.4e+38 -3.4e+38 -3.4e+38 -3.4e+38 -3.4e+38 -3.4e+38 -3.4e+38 -3.4e+38 -3.4e+38 0.61870276927948 0.636863231658936 0.640523910522461 0.632145583629608 0.658332228660583 0.663329899311066 0.665593147277832 0.674592196941376 0.673318684101105 0.660439074039459 0.657035350799561 0.670759797096252 0.655604779720306 0.658389747142792 0.674056231975555 0.687830090522766 0.676532685756683 0.664806723594666 0.657527387142181 0.655242204666138 0.64714503288269 0.661067306995392 0.680818617343903 0.678524553775787 0.656164407730103 0.652706205844879 0.666233777999878 0.680870175361633 0.670192956924438 0.665894031524658 0.672748386859894
-3.4e+38 -3.4e+38 -3.4e+38 -3.4e+38 -3.4e+38 -3.4e+38 -3.4e+38 -3.4e+38 -3.4e+38 -3.4e+38 -3.4e+38 -3.4e+38 0.645195424556732 0.647730469703674 0.657865285873413 0.664824664592743 0.662441253662109 0.663593471050262 0.683523654937744 0.685957252979279 0.685228168964386 0.680961072444916 0.66504830121994 0.647261917591095 0.651670753955841 0.662841200828552 0.651079952716827 0.664784967899323 0.680264234542847 0.688223004341125 0.671791315078735 0.660407245159149 0.659408450126648 0.66010057926178 0.647479236125946 0.669138014316559 0.681298732757568 0.671548962593079 0.644589006900787 0.651475071907043 0.668618738651276 0.680439174175262 0.663061678409576 0.659884810447693 0.659592866897583
-3.4e+38 -3.4e+38 -3.4e+38 -3.4e+38 -3.4e+38 -3.4e+38 -3.4e+38 -3.4e+38 -3.4e+38 -3.4e+38 -3.4e+38 0.662731349468231 0.657074332237244 0.664982259273529 0.674254238605499 0.67615669965744 0.684763789176941 0.689666271209717 0.694268643856049 0.692818164825439 0.685846626758575 0.676185250282288 0.666498899459839 0.666006684303284 0.665534436702728 0.655895829200745 0.645213663578033 0.664018571376801 0.672486066818237 0.666173458099365 0.655238211154938 0.667410135269165 0.668680429458618 0.659454822540283 0.645880818367004 0.671067535877228 0.675509095191956 0.658498287200928 0.636691391468048 0.655729949474335 0.670291900634766 0.671324789524078 0.655879735946655 0.658300459384918 0.658154487609863
-3.4e+38 -3.4e+38 -3.4e+38 -3.4e+38 -3.4e+38 -3.4e+38 -3.4e+38 -3.4e+38 -3.4e+38 0.656814932823181 0.650537669658661 0.651007354259491 0.652501165866852 0.661927461624146 0.662191808223724 0.662207007408142 0.682146310806274 0.682297945022583 0.685601770877838 0.684992849826813 0.669742822647095 0.663146674633026 0.662025213241577 0.664593935012817 0.661408960819244 0.650006830692291 0.64358526468277 0.650676369667053 0.650483667850494 0.644860982894897 0.652925133705139 0.67858475446701 0.674201488494873 0.651690006256104 0.64050829410553 0.658265352249146 0.675913453102112 0.664982736110687 0.650586843490601 0.664802491664886 0.67027735710144 0.663120806217194 0.656556248664856 0.669184386730194 0.660228788852692
-3.4e+38 -3.4e+38 -3.4e+38 -3.4e+38 -3.4e+38 -3.4e+38 -3.4e+38 -3.4e+38 0.673507571220398 0.66620934009552 0.646657526493073 0.644284069538116 0.650653004646301 0.648830235004425 0.635379552841187 0.644084215164185 0.671239018440247 0.670536935329437 0.678979158401489 0.672060787677765 0.651362419128418 0.654502511024475 0.668506979942322 0.669867873191833 0.657599210739136 0.655133724212646 0.658698737621307 0.664991736412048 0.66369104385376 0.657343924045563 0.666332840919495 0.682463526725769 0.677465438842773 0.647781133651733 0.639168798923492 0.656110823154449 0.683452904224396 0.681947946548462 0.677130043506622 0.676028430461884 0.67053484916687 0.660823941230774 0.662467896938324 0.674490690231323 0.656796216964722
-3.4e+38 -3.4e+38 -3.4e+38 -3.4e+38 -3.4e+38 -3.4e+38 0.670396506786346 0.66719776391983 0.671143054962158 0.67275869846344 0.654543995857239 0.65867817401886 0.663333117961884 0.65293687582016 0.634715855121613 0.646884799003601 0.667201340198517 0.67310494184494 0.688823521137238 0.675893485546112 0.659755706787109 0.666877806186676 0.685446202754974 0.677687108516693 0.66309642791748 0.666494965553284 0.658322393894196 0.662363708019257 0.672536373138428 0.679824709892273 0.677645027637482 0.673911809921265 0.668323338031769 0.66064715385437 0.65489250421524 0.667915761470795 0.689091920852661 0.686398208141327 0.682228624820709 0.678342580795288 0.6725754737854 0.663288712501526 0.66573703289032 0.671527504920959 0.673444330692291
-3.4e+38 -3.4e+38 -3.4e+38 -3.4e+38 -3.4e+38 0.678165853023529 0.672339558601379 0.666133463382721 0.675962567329407 0.68439382314682 0.680375576019287 0.682200133800507 0.676588952541351 0.664578497409821 0.652450442314148 0.661391377449036 0.675570487976074 0.685778677463531 0.693520665168762 0.677149474620819 0.673674941062927 0.682850420475006 0.694157421588898 0.681660234928131 0.67809122800827 0.680868327617645 0.659119486808777 0.661518394947052 0.677611351013184 0.692787408828735 0.686305582523346 0.689933955669403 0.685215294361115 0.678120493888855 0.671393692493439 0.684134304523468 0.695900917053223 0.692245185375214 0.689074337482452 0.68446159362793 0.677397072315216 0.668771386146545 0.675556004047394 0.678293764591217 0.681233584880829
-3.4e+38 -3.4e+38 -3.4e+38 0.688863396644592 0.687382340431213 0.684375524520874 0.679042994976044 0.674355804920197 0.688464760780334 0.695971190929413 0.689119040966034 0.674681484699249 0.670160889625549 0.674352824687958 0.675740659236908 0.676206648349762 0.685590147972107 0.687726020812988 0.684372186660767 0.674226999282837 0.683418869972229 0.684187293052673 0.675068616867065 0.678073108196259 0.695690870285034 0.697875738143921 0.675128579139709 0.67357474565506 0.688899457454681 0.699661433696747 0.696780920028687 0.71756386756897 0.70147442817688 0.682743072509766 0.675490915775299 0.68439507484436 0.690825879573822 0.691040933132172 0.690050601959229 0.686587572097778 0.682431757450104 0.683697044849396 0.699341893196106 0.695273995399475 0.693485081195831
-3.4e+38 -3.4e+38 0.687125861644745 0.693668484687805 0.691819489002228 0.689386367797852 0.686393916606903 0.684791207313538 0.6906858086586 0.690353035926819 0.680860280990601 0.666094422340393 0.665585398674011 0.680384874343872 0.689105272293091 0.683174133300781 0.693895936012268 0.680105566978455 0.671955943107605 0.671980619430542 0.683416247367859 0.687168478965759 0.684109926223755 0.686761677265167 0.702852725982666 0.710736632347107 0.705636382102966 0.698474824428558 0.698117792606354 0.69260036945343 0.69619482755661 0.725517749786377 0.69901430606842 0.679305732250214 0.67810595035553 0.687288641929626 0.690290749073029 0.687823116779327 0.681789994239807 0.673082232475281 0.673259258270264 0.688475728034973 0.707540094852448 0.698127865791321 0.704153180122375
-3.4e+38 0.677518546581268 0.687061429023743 0.693252444267273 0.692961692810059 0.688114285469055 0.68317574262619 0.681896805763245 0.683646857738495 0.67894846200943 0.671339869499207 0.673122525215149 0.681856691837311 0.663269102573395 0.66922926902771 0.68160754442215 0.69403749704361 0.671712934970856 0.670634865760803 0.686253428459167 0.695343255996704 0.700001895427704 0.698519945144653 0.691340565681458 0.684130430221558 0.688196063041687 0.689901530742645 0.6884486079216 0.68501889705658 0.678316712379456 0.679361164569855 0.691893696784973 0.690665900707245 0.68304854631424 0.685499668121338 0.694386959075928 0.69357705116272 0.686331808567047 0.676664769649506 0.667825102806091 0.666835188865662 0.687050640583038 0.695300936698914 0.678989171981812 0.689545035362244
0.655748426914215 0.672032713890076 0.678827166557312 0.686998248100281 0.689729392528534 0.686535120010376 0.682141721248627 0.679630935192108 0.677710950374603 0.672667443752289 0.667079865932465 0.681332409381866 0.686693012714386 0.657479703426361 0.657340466976166 0.674760401248932 0.687954008579254 0.678131699562073 0.655807375907898 0.675833523273468 0.703513979911804 0.703159809112549 0.701823115348816 0.682055830955505 0.661164939403534 0.676829099655151 0.683435082435608 0.678374707698822 0.670834183692932 0.674954056739807 0.676470398902893 0.676960349082947 0.675824224948883 0.676157295703888 0.687869727611542 0.696590721607208 0.692531168460846 0.684611260890961 0.677437245845795 0.670853793621063 0.667973458766937 0.683972597122192 0.67737478017807 0.665236175060272 0.67671263217926
0.649299919605255 0.661572277545929 0.665647923946381 0.676476120948792 0.68063622713089 0.680155277252197 0.678799450397491 0.679680287837982 0.679376363754272 0.67719429731369 0.672385156154633 0.687160491943359 0.688008844852448 0.664834797382355 0.648390650749207 0.665910124778748 0.679838240146637 0.675533652305603 0.648606061935425 0.677345275878906 0.698159456253052 0.68758362531662 0.68738204240799 0.672391176223755 0.660442292690277 0.670522749423981 0.67986786365509 0.677210986614227 0.676383972167969 0.684547305107117 0.669313967227936 0.6670823097229 0.664825856685638 0.663904309272766 0.674166560173035 0.671755731105804 0.665640950202942 0.666367948055267 0.672614932060242 0.67371940612793 0.677015006542206 0.691630423069 0.685934901237488 0.67578649520874 0.674695432186127
0.651437401771545 0.65647679567337 0.659525513648987 0.667216122150421 0.668064117431641 0.669665455818176 0.673794448375702 0.683113217353821 0.686921834945679 0.682347238063812 0.674082815647125 0.67575740814209 0.68515419960022 0.669363260269165 0.642476677894592 0.665040791034698 0.670844674110413 0.667468369007111 0.657163381576538 0.678552567958832 0.676175653934479 0.670574903488159 0.680372953414917 0.673315465450287 0.664790213108063 0.662415981292725 0.664743661880493 0.66644674539566 0.669695019721985 0.671627044677734 0.658584833145142 0.662377595901489 0.663377165794373 0.658888280391693 0.664217472076416 0.655018746852875 0.649300575256348 0.652807831764221 0.664772748947144 0.663847625255585 0.664964199066162 0.672784566879272 0.677056074142456 0.675992727279663 0.674175143241882
0.666747987270355 0.665197014808655 0.66321849822998 0.662374138832092 0.657175540924072 0.659557104110718 0.667429447174072 0.678508639335632 0.685412883758545 0.676796495914459 0.662108480930328 0.651295185089111 0.669054388999939 0.66303563117981 0.652553856372833 0.665137350559235 0.65313845872879 0.66064977645874 0.668244063854218 0.669838011264801 0.6673504114151 0.672325968742371 0.681363701820374 0.677817702293396 0.665993869304657 0.654853463172913 0.649685263633728 0.651498794555664 0.657136619091034 0.659818232059479 0.655487716197968 0.650969445705414 0.663195729255676 0.672088921070099 0.669267177581787 0.647311985492706 0.645100235939026 0.656293272972107 0.670418977737427 0.663590550422668 0.660131335258484 0.658417880535126 0.658681273460388 0.660832524299622 0.659335076808929
0.671737194061279 0.668835639953613 0.66648006439209 0.661438047885895 0.654873907566071 0.657604515552521 0.663339376449585 0.671054542064667 0.676071584224701 0.663002848625183 0.645894467830658 0.636357069015503 0.649241209030151 0.662884831428528 0.661965250968933 0.656652212142944 0.636067807674408 0.654104709625244 0.671730697154999 0.677896559238434 0.679718852043152 0.681764841079712 0.683490693569183 0.678775906562805 0.666104674339294 0.650499999523163 0.639480292797089 0.638709783554077 0.649063766002655 0.662788867950439 0.664199411869049 0.653367102146149 0.657912015914917 0.6664999127388 0.662596702575684 0.639277219772339 0.636788725852966 0.643827319145203 0.653985857963562 0.65404886007309 0.656908333301544 0.652132630348206 0.65054988861084 0.657408237457275 0.649544894695282
