data/1_raw/trimmed_ndre/J_ndre.731.2012_no_clouds.asc
NCOLS 141 
NROWS 118 
XLLCORNER 516845 
YLLCORNER 5169015 
CELLSIZE 5 
NODATA_value -3.4e+38 
[rows 40 to 59 of 118, columns 0 to 44 of 141]
-3.4e+38 0.302318930625916 0.318520545959473 0.337518274784088 0.342179268598557 0.334788650274277 0.336028218269348 0.347534447908401 0.365656733512878 0.36943107843399 0.376003175973892 0.388642609119415 0.400013983249664 0.400153547525406 0.391057640314102 0.386590123176575 0.392781406641006 0.404563069343567 0.420946359634399 0.42529171705246 0.429749846458435 0.440429002046585 0.440085202455521 0.429133921861649 0.414151161909103 0.410180181264877 0.406965464353561 0.383981496095657 0.374084413051605 0.383768618106842 0.387091755867004 0.381622463464737 0.377021044492722 0.367211580276489 0.354528367519379 0.336836308240891 0.297461718320847 0.243003144860268 0.2046018242836 0.189342185854912 0.18139411509037 0.17560863494873 0.194437682628632 0.226385846734047 0.254235595464706
-3.4e+38 0.34929570555687 0.34569576382637 0.352779060602188 0.356780588626862 0.344409763813019 0.330991357564926 0.324718862771988 0.334723055362701 0.338982433080673 0.352476328611374 0.375522643327713 0.389300912618637 0.384513169527054 0.365843772888184 0.356697410345078 0.366210103034973 0.375966101884842 0.387103736400604 0.391778111457825 0.40718811750412 0.434000074863434 0.444057703018188 0.433757275342941 0.414906620979309 0.410618782043457 0.399600237607956 0.381639689207077 0.382986038923264 0.393353283405304 0.406947791576385 0.407000929117203 0.400987982749939 0.398467779159546 0.385802745819092 0.371298164129257 0.351719588041306 0.318310767412186 0.29383397102356 0.279227048158646 0.25396454334259 0.225142821669579 0.217548340559006 0.235289797186852 0.251440316438675
-3.4e+38 0.388397008180618 0.388408124446869 0.396084755659103 0.403534352779388 0.389727145433426 0.38138735294342 0.370550394058228 0.368450284004211 0.367558032274246 0.375292330980301 0.392029523849487 0.402262300252914 0.390757918357849 0.358498245477676 0.331690609455109 0.328550785779953 0.334764659404755 0.345968693494797 0.35048046708107 0.362872451543808 0.394259124994278 0.408378332853317 0.404644966125488 0.398265898227692 0.404527693986893 0.390689253807068 0.370522618293762 0.380454570055008 0.396311461925507 0.409160256385803 0.416100353002548 0.41414412856102 0.416926354169846 0.411336094141006 0.414107620716095 0.410934954881668 0.388951271772385 0.377025425434113 0.346560418605804 0.301058232784271 0.28929939866066 0.281268268823624 0.281724274158478 0.288930773735046
-3.4e+38 0.417073726654053 0.411782383918762 0.419429242610931 0.421925127506256 0.413639336824417 0.414317011833191 0.414806514978409 0.416681319475174 0.412059456110001 0.410061120986938 0.413549154996872 0.415078163146973 0.40679806470871 0.384175837039948 0.356529176235199 0.344868153333664 0.335739076137543 0.330231636762619 0.321738511323929 0.326552420854568 0.34552401304245 0.345967888832092 0.345331460237503 0.367140889167786 0.400131106376648 0.401382982730865 0.397876858711243 0.400577783584595 0.407162249088287 0.413350820541382 0.417687445878983 0.412729799747467 0.413373976945877 0.423998892307281 0.430519044399261 0.425536751747131 0.409974873065948 0.4006567299366 0.375610858201981 0.3500836789608 0.35442978143692 0.343223541975021 0.324232667684555 0.315886527299881
-3.4e+38 0.417121112346649 0.404146403074265 0.406990557909012 0.408658683300018 0.406934142112732 0.419286966323853 0.424615144729614 0.424555599689484 0.420819163322449 0.414136737585068 0.420203417539597 0.424543112516403 0.421079844236374 0.414595186710358 0.399859458208084 0.391100883483887 0.380691349506378 0.367069840431213 0.349080234766006 0.343032151460648 0.341631025075912 0.322070181369781 0.30515268445015 0.326707631349564 0.36676213145256 0.375849187374115 0.387214541435242 0.401469349861145 0.415753573179245 0.424068480730057 0.418916970491409 0.417394191026688 0.413623303174973 0.420335441827774 0.422108769416809 0.416112184524536 0.411496967077255 0.409514844417572 0.395120769739151 0.381695151329041 0.379697769880295 0.362717568874359 0.339762061834335 0.327668219804764
-3.4e+38 0.394196093082428 0.394485741853714 0.398096561431885 0.391959100961685 0.393772840499878 0.411201864480972 0.413694888353348 0.402283728122711 0.407463997602463 0.417571425437927 0.422227084636688 0.4211286008358 0.414568573236465 0.412671059370041 0.413267642259598 0.407455086708069 0.413468718528748 0.417463153600693 0.411881685256958 0.390708982944489 0.37780624628067 0.361282020807266 0.327158123254776 0.324019581079483 0.336816042661667 0.33681121468544 0.347836881875992 0.371143877506256 0.388228267431259 0.395781546831131 0.404129892587662 0.40555003285408 0.408048689365387 0.415063142776489 0.421711385250092 0.407638132572174 0.402421832084656 0.404891401529312 0.397434502840042 0.389648467302322 0.382905513048172 0.372867286205292 0.364928036928177 0.359394699335098
-3.4e+38 0.371834635734558 0.387348264455795 0.3940549492836 0.380959182977676 0.391626298427582 0.410268157720566 0.415112435817719 0.399651378393173 0.391359448432922 0.394897818565369 0.400891244411469 0.397942245006561 0.391234457492828 0.393037259578705 0.402097105979919 0.408945262432098 0.416090250015259 0.430135548114777 0.440143793821335 0.411576956510544 0.401060670614243 0.406448572874069 0.395905077457428 0.386488646268845 0.368685036897659 0.349544256925583 0.339433878660202 0.336440026760101 0.333678930997849 0.339239358901978 0.354740649461746 0.368383973836899 0.399843961000443 0.415861934423447 0.41407236456871 0.406988561153412 0.402378261089325 0.400378435850143 0.391456723213196 0.389968067407608 0.39126905798912 0.393804877996445 0.397002756595612 0.396542519330978
-3.4e+38 0.327258884906769 0.356910467147827 0.379080206155777 0.378647416830063 0.391260325908661 0.405352920293808 0.410962641239166 0.403027921915054 0.386393189430237 0.378089845180511 0.385892957448959 0.3950414955616 0.393455475568771 0.395358920097351 0.401090294122696 0.40455549955368 0.404837012290955 0.409867733716965 0.420062571763992 0.416247546672821 0.421777456998825 0.421795397996902 0.428561717271805 0.439898699522018 0.412015467882156 0.376921653747559 0.355222642421722 0.33756548166275 0.320722490549088 0.311497777700424 0.321172714233398 0.34645739197731 0.369953900575638 0.396272748708725 0.405879735946655 0.406285107135773 0.405232965946198 0.403152972459793 0.391477674245834 0.39447358250618 0.404083549976349 0.415474623441696 0.419114321470261 0.414409875869751
-3.4e+38 0.290478736162186 0.334239512681961 0.362173855304718 0.377708554267883 0.390007793903351 0.391988188028336 0.39636442065239 0.401068866252899 0.394031703472137 0.392115086317062 0.393114477396011 0.398981899023056 0.400863856077194 0.404377967119217 0.408409535884857 0.407059818506241 0.408923029899597 0.425037086009979 0.420337826013565 0.415134102106094 0.423612892627716 0.406022489070892 0.395962774753571 0.416681945323944 0.414612203836441 0.408223122358322 0.400958925485611 0.383322209119797 0.355370908975601 0.348757356405258 0.336986273527145 0.331708490848541 0.337206244468689 0.35812309384346 0.382003128528595 0.390624552965164 0.391878426074982 0.410394459962845 0.417616188526154 0.403940945863724 0.406687289476395 0.416215479373932 0.420906901359558 0.418538957834244
-3.4e+38 0.30481743812561 0.347388952970505 0.369153618812561 0.386303156614304 0.393788665533066 0.385051071643829 0.377988129854202 0.384082049131393 0.391338050365448 0.39669144153595 0.399866282939911 0.406818121671677 0.4117351770401 0.408990323543549 0.405429601669312 0.410598576068878 0.415298283100128 0.425126075744629 0.409912973642349 0.404022991657257 0.422856718301773 0.420561254024506 0.401969611644745 0.399061053991318 0.395812571048737 0.41097429394722 0.423969179391861 0.409432202577591 0.395359933376312 0.410337537527084 0.407776057720184 0.384599298238754 0.360763818025589 0.347435474395752 0.364081293344498 0.371731728315353 0.373121440410614 0.399401664733887 0.406048566102982 0.387198239564896 0.39054924249649 0.395505487918854 0.400263786315918 0.399974316358566
-3.4e+38 0.344811022281647 0.370183497667313 0.376437842845917 0.387156993150711 0.3926762342453 0.383359551429749 0.366535484790802 0.366544753313065 0.376801490783691 0.385682284832001 0.391696721315384 0.399271130561829 0.406752705574036 0.406990230083466 0.401765406131744 0.402173489332199 0.405648738145828 0.406366586685181 0.405255049467087 0.412602186203003 0.43692010641098 0.441787242889404 0.403311729431152 0.381546050310135 0.366559416055679 0.372725784778595 0.3981873691082 0.400286555290222 0.403099089860916 0.437868058681488 0.446646690368652 0.436965316534042 0.4207384288311 0.40117546916008 0.399519324302673 0.403059065341949 0.397380799055099 0.390717685222626 0.376003921031952 0.364215582609177 0.362237274646759 0.358034670352936 0.358994692564011 0.364810764789581
-3.4e+38 0.376797467470169 0.390601515769958 0.385228991508484 0.380860894918442 0.384619355201721 0.380584359169006 0.373748540878296 0.372275769710541 0.379306316375732 0.383746892213821 0.379298537969589 0.376765608787537 0.381276071071625 0.383747100830078 0.382863759994507 0.387057512998581 0.397021293640137 0.399243474006653 0.411448389291763 0.421840906143188 0.434134602546692 0.438004076480865 0.399540543556213 0.383806258440018 0.367018789052963 0.372456699609756 0.381601274013519 0.39698913693428 0.392632335424423 0.401833891868591 0.41953307390213 0.437257170677185 0.448051542043686 0.448326855897903 0.43846720457077 0.442633628845215 0.433921694755554 0.410367250442505 0.395028799772263 0.381474554538727 0.375573098659515 0.371041804552078 0.371110767126083 0.366664439439774
-3.4e+38 0.392696440219879 0.395154386758804 0.390919983386993 0.382729291915894 0.406881183385849 0.399875313043594 0.38691121339798 0.39389181137085 0.398279458284378 0.398747801780701 0.384242624044418 0.371142387390137 0.370194315910339 0.381306082010269 0.389916837215424 0.391111969947815 0.405135840177536 0.398148417472839 0.390857577323914 0.406023681163788 0.415456652641296 0.421112358570099 0.400817304849625 0.392123132944107 0.376348942518234 0.383237987756729 0.393359005451202 0.394471049308777 0.379487276077271 0.354342132806778 0.373932868242264 0.421647220849991 0.450423836708069 0.456997275352478 0.443630665540695 0.449437260627747 0.451624393463135 0.451286822557449 0.445125132799149 0.422133564949036 0.419865280389786 0.423113703727722 0.424322664737701 0.41114667057991
-3.4e+38 0.399148374795914 0.382080227136612 0.385468900203705 0.383644491434097 0.389938324689865 0.398087620735168 0.392866164445877 0.403650999069214 0.407253742218018 0.402751863002777 0.383938491344452 0.362797409296036 0.366944789886475 0.38993114233017 0.414969325065613 0.409104466438293 0.392378091812134 0.383909553289413 0.390527576208115 0.41115665435791 0.405595511198044 0.416266232728958 0.39433017373085 0.369152635335922 0.376623094081879 0.407559454441071 0.416280925273895 0.39148673415184 0.368028551340103 0.350871235132217 0.365203678607941 0.420210957527161 0.439969301223755 0.435636937618256 0.430256128311157 0.449217200279236 0.465408891439438 0.46844619512558 0.458073347806931 0.444785475730896 0.442605882883072 0.446162462234497 0.448813408613205 0.437892645597458
-3.4e+38 0.407844603061676 0.387092888355255 0.389947295188904 0.383652925491333 0.372331351041794 0.394080281257629 0.391443163156509 0.395494818687439 0.414268285036087 0.41455864906311 0.389899075031281 0.36870151758194 0.36807519197464 0.382492184638977 0.406485766172409 0.412091374397278 0.401211738586426 0.403547525405884 0.420631051063538 0.428719520568848 0.391248911619186 0.395801514387131 0.365817725658417 0.339193552732468 0.37576699256897 0.41834944486618 0.4255630671978 0.39574322104454 0.366098493337631 0.362626701593399 0.376485556364059 0.411194890737534 0.438775390386581 0.432225525379181 0.437485307455063 0.455217987298965 0.46087434887886 0.450603753328323 0.442596852779388 0.439092397689819 0.435588121414185 0.439395010471344 0.439780324697495 0.428374648094177
-3.4e+38 0.397001028060913 0.390637993812561 0.385944157838821 0.390565425157547 0.387937426567078 0.396861344575882 0.406042069196701 0.402050405740738 0.397092074155807 0.400508970022202 0.392637550830841 0.385396629571915 0.400636821985245 0.416599810123444 0.415474861860275 0.41127735376358 0.419290482997894 0.418876677751541 0.409696400165558 0.407225698232651 0.382166653871536 0.364512622356415 0.336553484201431 0.335011541843414 0.368637084960938 0.386279076337814 0.412149608135223 0.404895931482315 0.364776700735092 0.344435065984726 0.36327788233757 0.38058066368103 0.409586548805237 0.412049114704132 0.418750405311584 0.436064153909683 0.439046263694763 0.436196744441986 0.439928710460663 0.429692924022675 0.428417384624481 0.425963580608368 0.412927448749542 0.416709125041962
-3.4e+38 0.382902324199677 0.380692034959793 0.369791328907013 0.392233967781067 0.408935844898224 0.411063015460968 0.39700123667717 0.393619954586029 0.379508942365646 0.376870185136795 0.392146050930023 0.393475741147995 0.394590944051743 0.406525284051895 0.413256525993347 0.402951955795288 0.400981903076172 0.409740924835205 0.410406917333603 0.402680933475494 0.37500923871994 0.339443236589432 0.33190792798996 0.334486544132233 0.36014062166214 0.388150274753571 0.398953288793564 0.388424634933472 0.343993872404099 0.312385708093643 0.327093720436096 0.347294062376022 0.368263185024261 0.385039478540421 0.390612632036209 0.403969883918762 0.422979295253754 0.420895397663116 0.424926102161407 0.415490657091141 0.406620711088181 0.409426718950272 0.401943206787109 0.420649856328964
-3.4e+38 0.377711325883865 0.368178695440292 0.363716393709183 0.397326231002808 0.399758875370026 0.400410503149033 0.38756537437439 0.388731718063354 0.396641135215759 0.382464587688446 0.370441824197769 0.376210480928421 0.374292701482773 0.378809183835983 0.40292426943779 0.396143645048141 0.387128859758377 0.388858258724213 0.388627231121063 0.385365545749664 0.367611587047577 0.342584818601608 0.337797194719315 0.350024670362473 0.383223056793213 0.403301537036896 0.375041574239731 0.358161807060242 0.336664438247681 0.304222077131271 0.303081691265106 0.322069942951202 0.340432614088058 0.358411192893982 0.370837360620499 0.390590637922287 0.411749392747879 0.401866048574448 0.39092606306076 0.39022558927536 0.37915712594986 0.383776783943176 0.395238518714905 0.420391291379929
-3.4e+38 0.378665268421173 0.378728628158569 0.382103502750397 0.393623441457748 0.381826937198639 0.388564974069595 0.393099814653397 0.378606736660004 0.37590679526329 0.383169859647751 0.377354174852371 0.376002788543701 0.383336275815964 0.379071623086929 0.380914360284805 0.382189244031906 0.369299739599228 0.363163411617279 0.357773065567017 0.366769552230835 0.376427680253983 0.36962479352951 0.372020840644836 0.385513097047806 0.405360043048859 0.400022476911545 0.3718201816082 0.348483145236969 0.326069504022598 0.304961532354355 0.302079349756241 0.31398668885231 0.322957187891006 0.330974757671356 0.347616344690323 0.381973117589951 0.389454632997513 0.364051789045334 0.35274749994278 0.359992653131485 0.366150707006454 0.375346064567566 0.386433690786362 0.402820557355881
-3.4e+38 0.379000544548035 0.380658268928528 0.381416797637939 0.383622497320175 0.380858808755875 0.366179347038269 0.370109528303146 0.378280848264694 0.380556106567383 0.390863060951233 0.400630831718445 0.38459911942482 0.374113529920578 0.384928971529007 0.381575047969818 0.372964233160019 0.355570733547211 0.348386257886887 0.358466058969498 0.370176523923874 0.379925578832626 0.386935353279114 0.402032226324081 0.412018835544586 0.40773332118988 0.385819733142853 0.361995100975037 0.3410804271698 0.325475066900253 0.312212586402893 0.30374938249588 0.309890568256378 0.312195062637329 0.310413002967834 0.332705467939377 0.370338827371597 0.367218405008316 0.334938198328018 0.330296099185944 0.346809655427933 0.34391862154007 0.342995017766953 0.360787183046341 0.38431903719902
