data/1_raw/trimmed_ndre/J_ndre.66.2013_no_clouds.asc
NCOLS 141 
NROWS 118 
XLLCORNER 516845 
YLLCORNER 5169015 
CELLSIZE 5 
NODATA_value -3.4e+38 
[rows 80 to 99 of 118, columns 90 to 134 of 141]
0.6596759557724 0.666492998600006 0.687159657478333 0.686299085617065 0.674344539642334 0.669086813926697 0.673356473445892 0.673466145992279 0.674119055271149 0.677286803722382 0.688540041446686 0.694853663444519 0.662055492401123 0.616845488548279 0.617177426815033 0.598718285560608 0.574036657810211 0.584204256534576 0.593518078327179 0.579326748847961 0.575180172920227 0.600920975208282 0.578056573867798 0.527851521968842 0.503604769706726 0.517067730426788 0.539224684238434 0.515432834625244 0.459958463907242 0.428579419851303 0.459805905818939 0.508607089519501 0.554998815059662 0.580792546272278 0.583806276321411 0.584957361221313 0.583068788051605 0.572260081768036 0.564062654972076 0.561223924160004 0.568035125732422 0.579723417758942 -3.4e+38 -3.4e+38 -3.4e+38
0.657937109470367 0.674524545669556 0.689122080802917 0.677966594696045 0.660357415676117 0.660012364387512 0.66874885559082 0.663679838180542 0.670299649238586 0.687408685684204 0.696727633476257 0.694873631000519 0.659617483615875 0.616091370582581 0.620102941989899 0.576826870441437 0.534658014774323 0.555307924747467 0.596918523311615 0.59068751335144 0.580898880958557 0.609206736087799 0.590808033943176 0.5389803647995 0.515546679496765 0.536907374858856 0.566637337207794 0.552857398986816 0.504148244857788 0.466877698898315 0.47973170876503 0.529535949230194 0.558352708816528 0.578113317489624 0.574339807033539 0.565077543258667 0.565578997135162 0.563315331935883 0.565390944480896 0.571055352687836 0.578107237815857 0.581621408462524 -3.4e+38 -3.4e+38 -3.4e+38
0.644936740398407 0.676336467266083 0.686872720718384 0.674817204475403 0.665899872779846 0.670415639877319 0.674626171588898 0.669563055038452 0.676168262958527 0.692815601825714 0.695644795894623 0.681390881538391 0.653764009475708 0.639170050621033 0.628061652183533 0.570899188518524 0.530152916908264 0.557063460350037 0.605908155441284 0.597154438495636 0.585061490535736 0.600087881088257 0.59186577796936 0.561215937137604 0.540016531944275 0.557187855243683 0.58371114730835 0.583289265632629 0.544839918613434 0.51985627412796 0.521152377128601 0.550637006759644 0.571101784706116 0.574477851390839 0.563732385635376 0.550245344638824 0.548752784729004 0.556962132453918 0.567564189434052 0.581932246685028 0.594195067882538 0.598684728145599 -3.4e+38 -3.4e+38 -3.4e+38
0.659467041492462 0.675218284130096 0.680863380432129 0.665788173675537 0.662907123565674 0.683952152729034 0.692273616790771 0.676480948925018 0.66639918088913 0.678739309310913 0.678843915462494 0.666777968406677 0.657573342323303 0.661117076873779 0.63856166601181 0.584948420524597 0.554388225078583 0.577375411987305 0.612501084804535 0.597951591014862 0.586031794548035 0.586891531944275 0.58423912525177 0.574281394481659 0.550276517868042 0.555687427520752 0.586064875125885 0.596439778804779 0.589885771274567 0.576700747013092 0.557817161083221 0.56516969203949 0.581705808639526 0.582748115062714 0.572852909564972 0.553992033004761 0.549217283725739 0.560110688209534 0.565385460853577 0.576563060283661 0.586674749851227 0.600248754024506 -3.4e+38 -3.4e+38 -3.4e+38
0.678745210170746 0.669691205024719 0.67450624704361 0.66514265537262 0.673725545406342 0.701180994510651 0.704335570335388 0.678347229957581 0.665931284427643 0.683104872703552 0.671251833438873 0.665422022342682 0.668693244457245 0.662555634975433 0.645493924617767 0.60525506734848 0.581092774868011 0.591588139533997 0.618822276592255 0.613417506217957 0.593385517597198 0.575354933738708 0.571667194366455 0.569256067276001 0.55145388841629 0.54447466135025 0.568296134471893 0.586122512817383 0.600982487201691 0.592282295227051 0.565689086914062 0.569987595081329 0.578083574771881 0.577786982059479 0.576368451118469 0.568288624286652 0.557988226413727 0.562820971012115 0.573582053184509 0.596476554870605 0.608989119529724 0.609143555164337 -3.4e+38 -3.4e+38 -3.4e+38
0.687067806720734 0.687931597232819 0.683597087860107 0.668020367622375 0.676750659942627 0.69716340303421 0.703691184520721 0.682043612003326 0.667968392372131 0.682901978492737 0.677953124046326 0.679575502872467 0.667673408985138 0.640491247177124 0.636316537857056 0.599880754947662 0.571285307407379 0.587351202964783 0.619415700435638 0.622310101985931 0.595294713973999 0.572144508361816 0.566287398338318 0.564424753189087 0.547751069068909 0.537191987037659 0.536663591861725 0.544643402099609 0.558372497558594 0.575751006603241 0.579530537128448 0.58142501115799 0.569639980792999 0.565442204475403 0.571762561798096 0.572991728782654 0.560767233371735 0.558709263801575 0.576250612735748 0.603690803050995 0.62534636259079 0.619314074516296 0.608368337154388 -3.4e+38 -3.4e+38
0.660876452922821 0.674205183982849 0.674514889717102 0.65847772359848 0.662453293800354 0.660167455673218 0.660514950752258 0.66394317150116 0.661842703819275 0.672317028045654 0.685221195220947 0.692247152328491 0.677977740764618 0.639759421348572 0.620844304561615 0.579226016998291 0.549263119697571 0.568683862686157 0.596607327461243 0.60285484790802 0.583896040916443 0.576999425888062 0.569802403450012 0.5562744140625 0.536537110805511 0.527677714824677 0.518921196460724 0.51204788684845 0.518695652484894 0.539036989212036 0.56783127784729 0.581667065620422 0.574075102806091 0.570692956447601 0.5791996717453 0.585631251335144 0.580453991889954 0.567450821399689 0.572046399116516 0.590823650360107 0.619304001331329 0.624808967113495 0.618459820747375 0.625555694103241 -3.4e+38
0.659624397754669 0.66749233007431 0.66924387216568 0.671485662460327 0.685766339302063 0.683124244213104 0.66172194480896 0.657995879650116 0.663482189178467 0.673463404178619 0.679145097732544 0.678062260150909 0.670463025569916 0.642778992652893 0.608600080013275 0.581258475780487 0.563852965831757 0.569412708282471 0.577396094799042 0.586812853813171 0.580289244651794 0.57115912437439 0.561861157417297 0.535717189311981 0.516817450523376 0.51715874671936 0.519018530845642 0.509011030197144 0.504250228404999 0.506384551525116 0.542446374893188 0.581420481204987 0.5897416472435 0.591645896434784 0.593628883361816 0.593270003795624 0.587962031364441 0.578151643276215 0.565954923629761 0.581707298755646 0.623313784599304 0.628062307834625 0.619830131530762 0.62912529706955 0.635586321353912
0.687175512313843 0.692411303520203 0.68123733997345 0.682610988616943 0.695837080478668 0.69726973772049 0.672318279743195 0.654585421085358 0.666616916656494 0.671882450580597 0.666605412960052 0.651616454124451 0.640885055065155 0.633592307567596 0.603202164173126 0.574568212032318 0.555994093418121 0.566652059555054 0.585646569728851 0.598433971405029 0.590621292591095 0.566000401973724 0.545357048511505 0.520643711090088 0.504403948783875 0.515146613121033 0.529843986034393 0.523002922534943 0.518572747707367 0.528240263462067 0.556049585342407 0.581111490726471 0.585996925830841 0.582563102245331 0.575634896755219 0.571451365947723 0.571742355823517 0.576445043087006 0.585029125213623 0.610561907291412 0.637399256229401 0.623243570327759 0.610896289348602 0.627571702003479 0.642901182174683
0.683559000492096 0.687790334224701 0.676564157009125 0.679165124893188 0.679780423641205 0.670066893100739 0.662447810173035 0.660781860351562 0.669612169265747 0.669236183166504 0.663508415222168 0.653983533382416 0.642979502677917 0.638433992862701 0.614132046699524 0.571588039398193 0.539620578289032 0.570708274841309 0.598475575447083 0.583890438079834 0.567569017410278 0.549690544605255 0.536365628242493 0.525977730751038 0.501755952835083 0.494570344686508 0.518263697624207 0.54746001958847 0.560575842857361 0.57164078950882 0.582525432109833 0.579476296901703 0.564158320426941 0.553466975688934 0.557033181190491 0.56438285112381 0.56988662481308 0.58766782283783 0.617241024971008 0.630472779273987 0.631492555141449 0.62370365858078 0.6162189245224 0.628945171833038 0.642451167106628
0.659271717071533 0.66398674249649 0.664668321609497 0.678752064704895 0.674639701843262 0.662254571914673 0.662629842758179 0.662401139736176 0.665484011173248 0.668129742145538 0.666356444358826 0.663749575614929 0.656340420246124 0.646742582321167 0.626408040523529 0.575785279273987 0.544077396392822 0.57324481010437 0.591863811016083 0.572976350784302 0.557517766952515 0.546808362007141 0.54233717918396 0.541644692420959 0.5340296626091 0.510931551456451 0.51638263463974 0.555311799049377 0.572242975234985 0.56773841381073 0.568513691425323 0.564918398857117 0.565737545490265 0.554354786872864 0.566981852054596 0.592332303524017 0.600371658802032 0.607940256595612 0.624997913837433 0.618474543094635 0.626730740070343 0.637173354625702 0.63255387544632 0.628386676311493 0.638509809970856
0.670928478240967 0.661638200283051 0.669723331928253 0.692649483680725 0.698932230472565 0.681784749031067 0.666127145290375 0.661626517772675 0.661314308643341 0.670467674732208 0.673227190971375 0.670382678508759 0.660529136657715 0.640888690948486 0.61873733997345 0.582120299339294 0.550106167793274 0.559273838996887 0.574133574962616 0.584400177001953 0.578744292259216 0.559776365756989 0.536073207855225 0.541694939136505 0.551622569561005 0.538967609405518 0.518628120422363 0.537515699863434 0.570663750171661 0.56643545627594 0.555791676044464 0.565585911273956 0.592902660369873 0.55657833814621 0.542860746383667 0.583709955215454 0.606398820877075 0.605361640453339 0.6060870885849 0.609248280525208 0.631015539169312 0.650806188583374 0.646298050880432 0.636356770992279 0.644738912582397
0.687531232833862 0.674307942390442 0.672342479228973 0.676358044147491 0.672630071640015 0.675600171089172 0.668585956096649 0.667761743068695 0.664760947227478 0.678922355175018 0.683891177177429 0.668976366519928 0.648834705352783 0.621703684329987 0.599659085273743 0.586364507675171 0.556747555732727 0.547131717205048 0.566588938236237 0.594233930110931 0.597076654434204 0.56379759311676 0.526697516441345 0.527457654476166 0.549882113933563 0.552195847034454 0.53684389591217 0.549589455127716 0.576818883419037 0.566642701625824 0.560376465320587 0.572369873523712 0.585473001003265 0.546699583530426 0.546037673950195 0.580588936805725 0.5953449010849 0.600525796413422 0.609900772571564 0.624985933303833 0.639487624168396 0.64228767156601 0.648153305053711 0.65432596206665 0.661951124668121
0.681345343589783 0.67658531665802 0.686044871807098 0.675380885601044 0.65254533290863 0.662771105766296 0.672929227352142 0.671190738677979 0.672143399715424 0.684571266174316 0.685070633888245 0.665600657463074 0.642337679862976 0.612937867641449 0.59299498796463 0.589552402496338 0.569813072681427 0.554686665534973 0.568019151687622 0.589833080768585 0.607145071029663 0.580597758293152 0.53968757390976 0.527929127216339 0.540161490440369 0.558523058891296 0.561775028705597 0.572703659534454 0.576558828353882 0.562383413314819 0.557823956012726 0.57249915599823 0.574107348918915 0.545981287956238 0.568641841411591 0.592880725860596 0.603178381919861 0.614205718040466 0.618135988712311 0.628917455673218 0.634946286678314 0.626508235931396 0.641069114208221 0.660351514816284 0.655289173126221
0.683376312255859 0.6825031042099 0.687615156173706 0.685525357723236 0.669714152812958 0.660524725914001 0.667942941188812 0.672413110733032 0.672853589057922 0.676513314247131 0.676200032234192 0.665860295295715 0.644361674785614 0.619801580905914 0.603285670280457 0.594577550888062 0.58137035369873 0.569664835929871 0.568543255329132 0.585587739944458 0.606219887733459 0.603073477745056 0.578251838684082 0.568705379962921 0.565284252166748 0.559444963932037 0.561247289180756 0.586613178253174 0.587022423744202 0.570174217224121 0.566157102584839 0.578870177268982 0.571281790733337 0.554343521595001 0.573841631412506 0.601484179496765 0.609942972660065 0.613981246948242 0.618540108203888 0.623703718185425 0.628740727901459 0.628075182437897 0.636715829372406 0.648679137229919 0.647639811038971
0.683747947216034 0.684858083724976 0.67331337928772 0.664474368095398 0.664705693721771 0.663585722446442 0.665763854980469 0.665733933448792 0.667474746704102 0.663537502288818 0.66220235824585 0.669393301010132 0.656799972057343 0.633042633533478 0.615890264511108 0.592492282390594 0.578295648097992 0.576440334320068 0.572888851165771 0.581503808498383 0.597132980823517 0.600910842418671 0.597339570522308 0.593512177467346 0.584168136119843 0.546982169151306 0.547702014446259 0.592177927494049 0.594991326332092 0.582175433635712 0.579823851585388 0.585540890693665 0.571952104568481 0.560991823673248 0.57675439119339 0.598765432834625 0.599786341190338 0.602005660533905 0.621351957321167 0.628681242465973 0.628676950931549 0.628042876720428 0.62824821472168 0.639307737350464 0.651160597801208
0.682385683059692 0.690524697303772 0.678026497364044 0.666020750999451 0.671892762184143 0.677305340766907 0.667953073978424 0.658399522304535 0.679191172122955 0.673154592514038 0.651889443397522 0.667426109313965 0.666107773780823 0.639012813568115 0.621311247348785 0.58296012878418 0.564186871051788 0.579427301883698 0.579755365848541 0.587728679180145 0.59903883934021 0.598969161510468 0.595226645469666 0.586380064487457 0.571389436721802 0.544614493846893 0.547504961490631 0.590072453022003 0.593596994876862 0.591839373111725 0.588621914386749 0.583764970302582 0.573625683784485 0.571528732776642 0.581877946853638 0.592493712902069 0.59553050994873 0.602622509002686 0.623463451862335 0.630428850650787 0.634928226470947 0.632590711116791 0.632444560527802 0.648760676383972 0.652701497077942
0.680870592594147 0.683463037014008 0.6664959192276 0.657871544361115 0.677189111709595 0.685705602169037 0.669710755348206 0.655157089233398 0.673603951931 0.663876414299011 0.646605312824249 0.66845828294754 0.660120010375977 0.6313197016716 0.606475532054901 0.582375645637512 0.568313181400299 0.579884350299835 0.582670986652374 0.593601882457733 0.609324991703033 0.609387159347534 0.591016411781311 0.571054816246033 0.567737102508545 0.571646451950073 0.568100154399872 0.585988879203796 0.598447561264038 0.602975189685822 0.596928775310516 0.587201476097107 0.585049211978912 0.586258947849274 0.593636095523834 0.603253662586212 0.602271437644958 0.605599641799927 0.623085677623749 0.634432077407837 0.650527000427246 0.636017858982086 0.632364094257355 0.658152282238007 0.652522325515747
0.67439192533493 0.67063307762146 0.651740789413452 0.65020889043808 0.67460423707962 0.679448485374451 0.662487208843231 0.642897963523865 0.648988902568817 0.64589661359787 0.654689371585846 0.672219276428223 0.659933030605316 0.640099167823792 0.616037249565125 0.603874027729034 0.587546169757843 0.587163865566254 0.604214310646057 0.617597937583923 0.627475500106812 0.625649034976959 0.604900598526001 0.577331185340881 0.573594927787781 0.593438565731049 0.589587330818176 0.599672734737396 0.615494728088379 0.616758644580841 0.604519307613373 0.598976671695709 0.603124380111694 0.599879920482635 0.60557359457016 0.615643739700317 0.614161550998688 0.614217460155487 0.627918124198914 0.647655308246613 0.661082625389099 0.639052927494049 0.638773024082184 0.658849656581879 0.6458740234375
0.668084502220154 0.665777921676636 0.656992077827454 0.657046854496002 0.676478981971741 0.677740216255188 0.6593137383461 0.6353839635849 0.632699012756348 0.639124810695648 0.660012185573578 0.669204294681549 0.652535021305084 0.649183690547943 0.637365579605103 0.621573626995087 0.614589869976044 0.61227810382843 0.62981790304184 0.643385887145996 0.636018931865692 0.62984025478363 0.616644859313965 0.596228182315826 0.596806406974792 0.595813155174255 0.592420101165771 0.611129581928253 0.62474924325943 0.624291121959686 0.608595073223114 0.615679144859314 0.613063454627991 0.601806163787842 0.60950756072998 0.621676683425903 0.624926865100861 0.625138163566589 0.638430714607239 0.657027721405029 0.662157416343689 0.643292963504791 0.647605359554291 -3.4e+38 -3.4e+38
