data/1_raw/trimmed_ndre/J_ndre.522.2009_no_clouds.asc
NCOLS 141 
NROWS 118 
XLLCORNER 516845 
YLLCORNER 5169015 
CELLSIZE 5 
NODATA_value -3.4e+38 
[rows 40 to 59 of 118, columns 45 to 89 of 141]
0.305609524250031 0.336766064167023 0.355642735958099 0.390864908695221 0.401135116815567 0.392687737941742 0.394496023654938 0.413781553506851 0.397029668092728 0.342540770769119 0.306492120027542 0.277976542711258 0.279817849397659 0.301150798797607 0.30638387799263 0.334199517965317 0.36180454492569 0.32283228635788 0.250952512025833 0.254329711198807 0.29047679901123 0.292813420295715 0.277615547180176 0.28066873550415 0.26061823964119 0.245939582586288 0.240661427378654 0.207564145326614 0.181928664445877 0.187344029545784 0.193173468112946 0.218880236148834 0.233092442154884 0.218458637595177 0.215743362903595 0.2508884370327 0.241025730967522 0.215424433350563 0.221556216478348 0.232786133885384 0.236329674720764 0.256871283054352 0.265228241682053 0.26715624332428 0.275189816951752
0.290976703166962 0.310639679431915 0.312616765499115 0.329826653003693 0.339215904474258 0.325547754764557 0.329995006322861 0.362688422203064 0.386748343706131 0.376162767410278 0.335540801286697 0.306038498878479 0.297266244888306 0.313286423683167 0.32803949713707 0.341932654380798 0.39043653011322 0.372871279716492 0.302930504083633 0.285238087177277 0.26015031337738 0.21901847422123 0.179085999727249 0.19690603017807 0.225797936320305 0.215399265289307 0.202117994427681 0.197905287146568 0.195218145847321 0.216793328523636 0.218137443065643 0.201594188809395 0.193943023681641 0.212762385606766 0.248139023780823 0.257451355457306 0.226791173219681 0.195589512586594 0.206045478582382 0.227869942784309 0.233227074146271 0.230212107300758 0.262024909257889 0.301160454750061 0.320229649543762
0.364743530750275 0.356327682733536 0.346953123807907 0.354014754295349 0.363749921321869 0.368760645389557 0.36315381526947 0.372782468795776 0.393826991319656 0.399590402841568 0.368500560522079 0.333619177341461 0.32423260807991 0.339449137449265 0.344808608293533 0.342988967895508 0.38179612159729 0.392971307039261 0.337392210960388 0.298932611942291 0.293723851442337 0.273042589426041 0.216815933585167 0.187496736645699 0.221910670399666 0.226063117384911 0.208907902240753 0.211361661553383 0.206469833850861 0.222087934613228 0.233617082238197 0.209550783038139 0.210140883922577 0.267416030168533 0.317383080720901 0.284969657659531 0.248998403549194 0.233456075191498 0.243635624647141 0.263463199138641 0.2780382335186 0.26833102107048 0.260714292526245 0.285853058099747 0.307821035385132
0.423905164003372 0.415232419967651 0.408294022083282 0.398753046989441 0.383376508951187 0.379872232675552 0.391144514083862 0.395560920238495 0.389380663633347 0.367479473352432 0.333028852939606 0.326443463563919 0.345442950725555 0.356548219919205 0.362889289855957 0.348462671041489 0.358944356441498 0.389229565858841 0.365313798189163 0.323542445898056 0.324463337659836 0.319619655609131 0.267792671918869 0.201406106352806 0.194316789507866 0.204694524407387 0.198214545845985 0.214319005608559 0.251685559749603 0.269965589046478 0.257648378610611 0.232825219631195 0.248875617980957 0.298796355724335 0.323857873678207 0.289916098117828 0.274971574544907 0.289426565170288 0.30700758099556 0.297467827796936 0.280258178710938 0.285651981830597 0.303185373544693 0.323983669281006 0.332292675971985
0.4293172955513 0.428346782922745 0.419396579265594 0.409490764141083 0.403702706098557 0.405280858278275 0.397875636816025 0.401246130466461 0.403319239616394 0.384533882141113 0.34112012386322 0.31565061211586 0.333970308303833 0.350075334310532 0.388500183820724 0.381650626659393 0.357607126235962 0.36994868516922 0.361873686313629 0.326149761676788 0.309757977724075 0.317557901144028 0.302868276834488 0.2355897128582 0.180401608347893 0.17987248301506 0.178396850824356 0.209465995430946 0.270425289869308 0.284892201423645 0.268794804811478 0.237957015633583 0.243275120854378 0.280336648225784 0.323125898838043 0.323848307132721 0.316277116537094 0.329031586647034 0.346139281988144 0.351646363735199 0.343419104814529 0.344875991344452 0.364493995904922 0.391667097806931 0.404340326786041
0.420499175786972 0.412649691104889 0.409213006496429 0.431340217590332 0.43488734960556 0.418630808591843 0.393996179103851 0.396469056606293 0.386584043502808 0.358022034168243 0.324608653783798 0.287614852190018 0.294451981782913 0.329046428203583 0.38506680727005 0.398369610309601 0.357885241508484 0.334675043821335 0.332110285758972 0.305805236101151 0.300775796175003 0.319449990987778 0.312705755233765 0.270880937576294 0.219530761241913 0.205912247300148 0.208687201142311 0.204823404550552 0.236447408795357 0.260984659194946 0.255178898572922 0.23925307393074 0.243453726172447 0.279629170894623 0.302936762571335 0.325225263834 0.337394058704376 0.349276334047318 0.353121548891068 0.368350148200989 0.378854930400848 0.377163082361221 0.375299215316772 0.381350874900818 0.404183447360992
0.411136478185654 0.386569112539291 0.38687852025032 0.423276573419571 0.417396128177643 0.384963274002075 0.357993721961975 0.354013383388519 0.326846033334732 0.303014189004898 0.287614732980728 0.258063107728958 0.299416661262512 0.332084387540817 0.340317606925964 0.371139496564865 0.344327181577682 0.306153059005737 0.301056385040283 0.287795394659042 0.293191164731979 0.295291543006897 0.276776134967804 0.242145866155624 0.208298519253731 0.20342980325222 0.212390303611755 0.180025324225426 0.200348600745201 0.229741588234901 0.210107877850533 0.213425755500793 0.22695317864418 0.261390149593353 0.273023754358292 0.289894819259644 0.314097344875336 0.324946016073227 0.322519838809967 0.343590140342712 0.359334766864777 0.364616632461548 0.363553941249847 0.359702676534653 0.390021204948425
0.399179369211197 0.386401057243347 0.365868091583252 0.363370686769485 0.359588295221329 0.345437407493591 0.3418108522892 0.342464953660965 0.325558990240097 0.304454326629639 0.293364286422729 0.296974420547485 0.337230890989304 0.360461890697479 0.340737819671631 0.353888869285583 0.321932435035706 0.276604145765305 0.262193858623505 0.268698304891586 0.281793892383575 0.281947076320648 0.238551124930382 0.210102170705795 0.218766763806343 0.202631503343582 0.194114774465561 0.192516699433327 0.184657230973244 0.197637215256691 0.184138178825378 0.189008727669716 0.20085833966732 0.247460335493088 0.285582035779953 0.291153430938721 0.302700221538544 0.303610980510712 0.304744362831116 0.328949719667435 0.330594003200531 0.339075118303299 0.342811971902847 0.328548312187195 0.356333673000336
0.406452536582947 0.412315279245377 0.382830917835236 0.362538903951645 0.382885158061981 0.412855982780457 0.425738126039505 0.424535572528839 0.409942209720612 0.397297918796539 0.430471956729889 0.469977080821991 0.456722110509872 0.466930031776428 0.443310230970383 0.421156883239746 0.41422113776207 0.378714948892593 0.3620944917202 0.354896575212479 0.318325847387314 0.338590294122696 0.366350173950195 0.370953440666199 0.380774259567261 0.336366951465607 0.275327175855637 0.2369604408741 0.199044719338417 0.236225336790085 0.260454118251801 0.24235962331295 0.232134833931923 0.237998068332672 0.267793327569962 0.295420676469803 0.312369167804718 0.311152756214142 0.318999141454697 0.335188269615173 0.335796922445297 0.325936049222946 0.317075282335281 0.310806393623352 0.326891124248505
0.430395662784576 0.432002484798431 0.44219434261322 0.467649340629578 0.495105981826782 0.516062557697296 0.509819984436035 0.508743822574615 0.516097009181976 0.517427504062653 0.550049066543579 0.561749339103699 0.553168118000031 0.56580924987793 0.562120258808136 0.570314407348633 0.580863654613495 0.539424061775208 0.533217906951904 0.532710433006287 0.529875338077545 0.542135536670685 0.544462621212006 0.536712050437927 0.530000686645508 0.511227190494537 0.483653575181961 0.470763951539993 0.45538467168808 0.443606555461884 0.429393619298935 0.386432558298111 0.360838830471039 0.350987017154694 0.353954434394836 0.368457108736038 0.363617718219757 0.316846370697021 0.303504705429077 0.317816644906998 0.325242608785629 0.314264208078384 0.315221637487411 0.318046450614929 0.312550157308578
0.491468101739883 0.51251745223999 0.528850376605988 0.537584483623505 0.524158895015717 0.501727938652039 0.493306577205658 0.48188316822052 0.485130488872528 0.495406895875931 0.522707760334015 0.515924274921417 0.520094931125641 0.56005859375 0.568149447441101 0.587383091449738 0.59578949213028 0.579892456531525 0.582209765911102 0.590058267116547 0.607631385326385 0.615455806255341 0.594717502593994 0.592243492603302 0.607024371623993 0.619069337844849 0.616433322429657 0.616648614406586 0.610794961452484 0.571277320384979 0.547236323356628 0.539852142333984 0.54491776227951 0.543064534664154 0.514200985431671 0.478828907012939 0.451898783445358 0.431458860635757 0.422174751758575 0.415892273187637 0.391232401132584 0.355861723423004 0.334906160831451 0.348782658576965 0.370924800634384
0.488747864961624 0.513520061969757 0.514098167419434 0.489982068538666 0.468798577785492 0.434491813182831 0.405230849981308 0.390213012695312 0.371498435735703 0.373848140239716 0.400361448526382 0.413715779781342 0.422460556030273 0.438402533531189 0.442328244447708 0.460236310958862 0.475618213415146 0.487375110387802 0.506514191627502 0.520550310611725 0.536561906337738 0.565931081771851 0.565278053283691 0.580571889877319 0.586299180984497 0.584461033344269 0.594856262207031 0.580621898174286 0.596845388412476 0.615650951862335 0.612121164798737 0.606434464454651 0.609062135219574 0.618309557437897 0.601535320281982 0.584102392196655 0.571771919727325 0.574175357818604 0.573926985263824 0.561623573303223 0.529460251331329 0.50772225856781 0.511565864086151 0.518131732940674 0.533080637454987
0.422871232032776 0.432039171457291 0.431606441736221 0.398845493793488 0.384735971689224 0.358934789896011 0.348792523145676 0.359885036945343 0.340829253196716 0.314900070428848 0.315267771482468 0.331321835517883 0.330552607774734 0.333603411912918 0.339743226766586 0.342562049627304 0.338900536298752 0.320678412914276 0.324693620204926 0.36011615395546 0.379368484020233 0.442227333784103 0.497199326753616 0.503907203674316 0.480062067508698 0.46844819188118 0.487412422895432 0.498690009117126 0.519884586334229 0.541245400905609 0.550620079040527 0.572421669960022 0.575803220272064 0.577147305011749 0.574886381626129 0.583359956741333 0.579928636550903 0.585102498531342 0.600966215133667 0.605220198631287 0.587304770946503 0.580899953842163 0.596209049224854 0.591483056545258 0.60562402009964
0.39211106300354 0.404570966959 0.388260841369629 0.363911807537079 0.360849887132645 0.348919063806534 0.348722815513611 0.343951970338821 0.319487750530243 0.301146864891052 0.304179340600967 0.322044968605042 0.322686493396759 0.33228525519371 0.31460890173912 0.285439640283585 0.276287198066711 0.247453257441521 0.24218775331974 0.269980818033218 0.276602506637573 0.310559719800949 0.378313601016998 0.408602476119995 0.412776321172714 0.422352939844131 0.422246187925339 0.419502884149551 0.429606318473816 0.405668884515762 0.424688845872879 0.483467370271683 0.495419710874557 0.499823719263077 0.493697702884674 0.486630976200104 0.493737787008286 0.489466398954391 0.508113145828247 0.534903824329376 0.516410171985626 0.510742962360382 0.5149285197258 0.521153688430786 0.552163004875183
0.356403648853302 0.368541151285172 0.376888245344162 0.389594554901123 0.384199738502502 0.357998102903366 0.350561261177063 0.349534958600998 0.331719577312469 0.321577429771423 0.324614524841309 0.332209020853043 0.342552483081818 0.346905380487442 0.322070717811584 0.291312009096146 0.28630918264389 0.264421463012695 0.251872807741165 0.242294862866402 0.242761626839638 0.248165026307106 0.307091861963272 0.389456927776337 0.423811078071594 0.424224823713303 0.416547626256943 0.405778348445892 0.400173932313919 0.353815227746964 0.359134763479233 0.403883367776871 0.419960856437683 0.443504601716995 0.439979881048203 0.42996621131897 0.439588367938995 0.414449483156204 0.367390394210815 0.347075134515762 0.327216893434525 0.352184355258942 0.387925267219543 0.387283265590668 0.38478896021843
0.347488552331924 0.37767082452774 0.377585828304291 0.389543890953064 0.389898717403412 0.374967753887177 0.36850917339325 0.370317578315735 0.351943701505661 0.337317883968353 0.367156386375427 0.362661123275757 0.347602486610413 0.346951484680176 0.334205210208893 0.290013164281845 0.285501301288605 0.307605385780334 0.317783206701279 0.291898638010025 0.267038702964783 0.259252339601517 0.292918145656586 0.354745179414749 0.40169283747673 0.414561599493027 0.410928398370743 0.395653963088989 0.364941865205765 0.324880003929138 0.310937732458115 0.354334741830826 0.4049092233181 0.432091385126114 0.453573137521744 0.437669187784195 0.415838271379471 0.38660329580307 0.320836156606674 0.274851649999619 0.264288634061813 0.250204175710678 0.211967259645462 0.19315792620182 0.22180837392807
0.322484165430069 0.385496407747269 0.361901432275772 0.356190651655197 0.368508577346802 0.369680613279343 0.352768093347549 0.355940163135529 0.376908332109451 0.356239020824432 0.343264490365982 0.332386553287506 0.335501611232758 0.342654824256897 0.349473059177399 0.330823004245758 0.313499748706818 0.332419246435165 0.346088886260986 0.321052730083466 0.32097065448761 0.325392752885818 0.310771852731705 0.310934245586395 0.329793304204941 0.34219765663147 0.345781356096268 0.379345804452896 0.362982958555222 0.325665891170502 0.311200529336929 0.337211221456528 0.385639280080795 0.41377866268158 0.45100873708725 0.442343950271606 0.421507090330124 0.413118273019791 0.375196099281311 0.352358043193817 0.318103164434433 0.259517103433609 0.214469835162163 0.204309657216072 0.239858523011208
0.265199810266495 0.349599689245224 0.358392894268036 0.341387867927551 0.341312497854233 0.336494565010071 0.312114864587784 0.29912605881691 0.340916603803635 0.338787645101547 0.31031408905983 0.32760301232338 0.346493095159531 0.331651628017426 0.305114477872849 0.306909620761871 0.279623299837112 0.288569629192352 0.317879199981689 0.332109600305557 0.332767486572266 0.317654937505722 0.281940042972565 0.265741765499115 0.267426669597626 0.273169845342636 0.288538426160812 0.340796291828156 0.346128791570663 0.310951203107834 0.298460930585861 0.29993948340416 0.333008974790573 0.368748217821121 0.407267481088638 0.424916207790375 0.416531980037689 0.414041429758072 0.416318953037262 0.409812361001968 0.378631889820099 0.336042195558548 0.313349485397339 0.294671893119812 0.279088705778122
0.257060050964355 0.31604677438736 0.36992084980011 0.357179880142212 0.326742738485336 0.330153375864029 0.319248765707016 0.300212979316711 0.310086369514465 0.302641779184341 0.339083224534988 0.350884765386581 0.308087974786758 0.296312212944031 0.2699254155159 0.254423320293427 0.24623803794384 0.252229988574982 0.277943432331085 0.304116636514664 0.313457101583481 0.303164750337601 0.260742336511612 0.22942715883255 0.236076802015305 0.226833567023277 0.258232057094574 0.303240895271301 0.304789870977402 0.262690424919128 0.230413883924484 0.256435662508011 0.295133650302887 0.307484984397888 0.349936991930008 0.403495281934738 0.414231806993484 0.415871322154999 0.416278272867203 0.395730227231979 0.375555247068405 0.370820790529251 0.357593536376953 0.336650490760803 0.324088633060455
0.257103353738785 0.307151943445206 0.366178601980209 0.367448568344116 0.330278158187866 0.331827074289322 0.344240993261337 0.327900022268295 0.304114311933517 0.288330554962158 0.327527493238449 0.371923446655273 0.348517060279846 0.343212991952896 0.292866080999374 0.270051211118698 0.284743249416351 0.257958143949509 0.272852569818497 0.318171054124832 0.336793631315231 0.323715001344681 0.274285972118378 0.229865804314613 0.239170044660568 0.235261529684067 0.24121430516243 0.274240344762802 0.287895619869232 0.293098270893097 0.236589193344116 0.24146243929863 0.286130517721176 0.270884484052658 0.326312690973282 0.378312230110168 0.357312679290771 0.364943951368332 0.371106594800949 0.360533744096756 0.363212794065475 0.417766153812408 0.416264295578003 0.370084762573242 0.360238969326019
