data/1_raw/trimmed_ndre/J_ndre.610.2009_no_clouds.asc
NCOLS 141 
NROWS 118 
XLLCORNER 516845 
YLLCORNER 5169015 
CELLSIZE 5 
NODATA_value -3.4e+38 
[rows 20 to 39 of 118, columns 0 to 44 of 141]
-3.4e+38 -3.4e+38 -3.4e+38 -3.4e+38 -3.4e+38 -3.4e+38 -3.4e+38 -3.4e+38 -3.4e+38 -3.4e+38 -3.4e+38 -3.4e+38 -3.4e+38 -3.4e+38 -3.4e+38 -3.4e+38 -3.4e+38 -3.4e+38 -3.4e+38 -3.4e+38 -3.4e+38 -3.4e+38 -3.4e+38 -3.4e+38 -3.4e+38 -3.4e+38 -3.4e+38 -3.4e+38 -3.4e+38 -3.4e+38 -3.4e+38 -3.4e+38 -3.4e+38 -3.4e+38 -3.4e+38 -3.4e+38 0.553568780422211 0.550610244274139 0.565414607524872 0.577651917934418 0.580787658691406 0.573916435241699 0.558610320091248 0.558582842350006 0.557697057723999
-3.4e+38 -3.4e+38 -3.4e+38 -3.4e+38 -3.4e+38 -3.4e+38 -3.4e+38 -3.4e+38 -3.4e+38 -3.4e+38 -3.4e+38 -3.4e+38 -3.4e+38 -3.4e+38 -3.4e+38 -3.4e+38 -3.4e+38 -3.4e+38 -3.4e+38 -3.4e+38 -3.4e+38 -3.4e+38 -3.4e+38 -3.4e+38 -3.4e+38 -3.4e+38 -3.4e+38 -3.4e+38 -3.4e+38 -3.4e+38 -3.4e+38 -3.4e+38 -3.4e+38 -3.4e+38 -3.4e+38 0.554116368293762 0.56363832950592 0.558518409729004 0.573885321617126 0.591071486473083 0.595223367214203 0.584279596805573 0.570692121982574 0.563417792320251 0.567327678203583
-3.4e+38 -3.4e+38 -3.4e+38 -3.4e+38 -3.4e+38 -3.4e+38 -3.4e+38 -3.4e+38 -3.4e+38 -3.4e+38 -3.4e+38 -3.4e+38 -3.4e+38 -3.4e+38 -3.4e+38 -3.4e+38 -3.4e+38 -3.4e+38 -3.4e+38 -3.4e+38 -3.4e+38 -3.4e+38 -3.4e+38 -3.4e+38 -3.4e+38 -3.4e+38 -3.4e+38 -3.4e+38 -3.4e+38 -3.4e+38 -3.4e+38 -3.4e+38 -3.4e+38 -3.4e+38 0.577992916107178 0.588010430335999 0.58814412355423 0.574752509593964 0.578907191753387 0.584874331951141 0.585837423801422 0.582110524177551 0.58308333158493 0.57589852809906 0.581996321678162
-3.4e+38 -3.4e+38 -3.4e+38 -3.4e+38 -3.4e+38 -3.4e+38 -3.4e+38 -3.4e+38 -3.4e+38 -3.4e+38 -3.4e+38 -3.4e+38 -3.4e+38 -3.4e+38 -3.4e+38 -3.4e+38 -3.4e+38 -3.4e+38 -3.4e+38 -3.4e+38 -3.4e+38 -3.4e+38 -3.4e+38 -3.4e+38 -3.4e+38 -3.4e+38 -3.4e+38 -3.4e+38 -3.4e+38 -3.4e+38 -3.4e+38 -3.4e+38 -3.4e+38 0.609531879425049 0.623474955558777 0.616162300109863 0.599286735057831 0.581945359706879 0.570544898509979 0.561813473701477 0.560481905937195 0.57075309753418 0.582767188549042 0.580264687538147 0.586875140666962
-3.4e+38 -3.4e+38 -3.4e+38 -3.4e+38 -3.4e+38 -3.4e+38 -3.4e+38 -3.4e+38 -3.4e+38 -3.4e+38 -3.4e+38 -3.4e+38 -3.4e+38 -3.4e+38 -3.4e+38 -3.4e+38 -3.4e+38 -3.4e+38 -3.4e+38 -3.4e+38 -3.4e+38 -3.4e+38 -3.4e+38 -3.4e+38 -3.4e+38 -3.4e+38 -3.4e+38 -3.4e+38 -3.4e+38 -3.4e+38 -3.4e+38 0.527293801307678 0.554465711116791 0.598947167396545 0.626741051673889 0.610374987125397 0.594078361988068 0.576937854290009 0.557881951332092 0.55079710483551 0.545342206954956 0.551763415336609 0.568730533123016 0.572492182254791 0.582602024078369
-3.4e+38 -3.4e+38 -3.4e+38 -3.4e+38 -3.4e+38 -3.4e+38 -3.4e+38 -3.4e+38 -3.4e+38 -3.4e+38 -3.4e+38 -3.4e+38 -3.4e+38 -3.4e+38 -3.4e+38 -3.4e+38 -3.4e+38 -3.4e+38 -3.4e+38 -3.4e+38 -3.4e+38 -3.4e+38 -3.4e+38 -3.4e+38 -3.4e+38 -3.4e+38 -3.4e+38 -3.4e+38 -3.4e+38 -3.4e+38 0.529282450675964 0.532813251018524 0.540736973285675 0.567207515239716 0.591591775417328 0.595792174339294 0.593161046504974 0.587218165397644 0.57311999797821 0.571621894836426 0.561680018901825 0.550335347652435 0.556007742881775 0.555302321910858 0.561204254627228
-3.4e+38 -3.4e+38 -3.4e+38 -3.4e+38 -3.4e+38 -3.4e+38 -3.4e+38 -3.4e+38 -3.4e+38 -3.4e+38 -3.4e+38 -3.4e+38 -3.4e+38 -3.4e+38 -3.4e+38 -3.4e+38 -3.4e+38 -3.4e+38 -3.4e+38 -3.4e+38 -3.4e+38 -3.4e+38 -3.4e+38 -3.4e+38 -3.4e+38 -3.4e+38 -3.4e+38 -3.4e+38 -3.4e+38 0.513472080230713 0.53028416633606 0.529676854610443 0.544244050979614 0.563010215759277 0.565674304962158 0.57210898399353 0.576752066612244 0.582679152488708 0.584339678287506 0.584874451160431 0.580419182777405 0.574127316474915 0.572921395301819 0.568741500377655 0.566778898239136
-3.4e+38 -3.4e+38 -3.4e+38 -3.4e+38 -3.4e+38 -3.4e+38 -3.4e+38 -3.4e+38 -3.4e+38 -3.4e+38 -3.4e+38 -3.4e+38 -3.4e+38 -3.4e+38 -3.4e+38 -3.4e+38 -3.4e+38 -3.4e+38 -3.4e+38 -3.4e+38 -3.4e+38 -3.4e+38 -3.4e+38 -3.4e+38 -3.4e+38 -3.4e+38 0.515128433704376 0.509039282798767 0.506044566631317 0.51072746515274 0.533409297466278 0.535669088363647 0.552805185317993 0.567834377288818 0.552280128002167 0.554637789726257 0.564948558807373 0.571212649345398 0.573070704936981 0.569756686687469 0.571467638015747 0.571417510509491 0.57245659828186 0.578411340713501 0.575941979885101
-3.4e+38 -3.4e+38 -3.4e+38 -3.4e+38 -3.4e+38 -3.4e+38 -3.4e+38 -3.4e+38 -3.4e+38 -3.4e+38 -3.4e+38 -3.4e+38 -3.4e+38 -3.4e+38 -3.4e+38 -3.4e+38 -3.4e+38 -3.4e+38 -3.4e+38 -3.4e+38 -3.4e+38 -3.4e+38 -3.4e+38 0.57695609331131 0.573099374771118 0.558859884738922 0.559678018093109 0.545870840549469 0.529771208763123 0.528726875782013 0.543811023235321 0.531030058860779 0.527485430240631 0.548493683338165 0.556379914283752 0.564394772052765 0.572624564170837 0.572474122047424 0.565161824226379 0.553502142429352 0.542875647544861 0.545716345310211 0.549125254154205 0.5569868683815 0.559009909629822
-3.4e+38 -3.4e+38 -3.4e+38 -3.4e+38 -3.4e+38 -3.4e+38 -3.4e+38 -3.4e+38 -3.4e+38 -3.4e+38 -3.4e+38 -3.4e+38 -3.4e+38 -3.4e+38 -3.4e+38 -3.4e+38 -3.4e+38 -3.4e+38 -3.4e+38 0.545256316661835 0.559573113918304 0.555923104286194 0.561015903949738 0.561944007873535 0.562928557395935 0.566095173358917 0.567577481269836 0.575477182865143 0.570948481559753 0.566189885139465 0.563882887363434 0.544068515300751 0.526540160179138 0.539277255535126 0.56208747625351 0.574102818965912 0.583481550216675 0.581846356391907 0.566653430461884 0.542043626308441 0.527226984500885 0.532697916030884 0.530499160289764 0.526121139526367 0.542533338069916
-3.4e+38 -3.4e+38 -3.4e+38 -3.4e+38 -3.4e+38 -3.4e+38 -3.4e+38 -3.4e+38 -3.4e+38 -3.4e+38 -3.4e+38 -3.4e+38 -3.4e+38 -3.4e+38 -3.4e+38 -3.4e+38 0.409249037504196 0.428928017616272 0.481677204370499 0.523806095123291 0.556353151798248 0.568559050559998 0.584770441055298 0.586868107318878 0.566058278083801 0.55028373003006 0.558782935142517 0.577670216560364 0.579360723495483 0.567923963069916 0.557411968708038 0.54545122385025 0.53267228603363 0.535803139209747 0.547180116176605 0.556980490684509 0.56719571352005 0.570103466510773 0.558145940303802 0.542370676994324 0.538284480571747 0.534735977649689 0.519654989242554 0.519482612609863 0.541325569152832
-3.4e+38 -3.4e+38 -3.4e+38 -3.4e+38 -3.4e+38 -3.4e+38 -3.4e+38 -3.4e+38 -3.4e+38 -3.4e+38 -3.4e+38 -3.4e+38 -3.4e+38 0.506923258304596 0.490810543298721 0.469123214483261 0.462831437587738 0.464640915393829 0.482158631086349 0.490837216377258 0.520204424858093 0.560485363006592 0.589050650596619 0.601148247718811 0.580966353416443 0.562152147293091 0.576311767101288 0.586431205272675 0.569037675857544 0.545797884464264 0.544017434120178 0.53480863571167 0.5260990858078 0.532801568508148 0.534349262714386 0.538171947002411 0.543500185012817 0.546513199806213 0.543511569499969 0.544629693031311 0.54924750328064 0.546095073223114 0.532920479774475 0.527569234371185 0.532727122306824
-3.4e+38 -3.4e+38 -3.4e+38 -3.4e+38 -3.4e+38 -3.4e+38 -3.4e+38 -3.4e+38 -3.4e+38 -3.4e+38 -3.4e+38 -3.4e+38 0.479098320007324 0.499965131282806 0.506353855133057 0.507302582263947 0.508497834205627 0.492599338293076 0.489798128604889 0.483962208032608 0.511517941951752 0.552162051200867 0.569254159927368 0.583740592002869 0.589984774589539 0.58733457326889 0.592258393764496 0.595137238502502 0.573648452758789 0.556013107299805 0.550565361976624 0.530339360237122 0.528603255748749 0.544174611568451 0.538093626499176 0.541529893875122 0.538882970809937 0.535736739635468 0.537960052490234 0.547562956809998 0.559819996356964 0.5617755651474 0.550790548324585 0.540933966636658 0.535309493541718
-3.4e+38 -3.4e+38 -3.4e+38 -3.4e+38 -3.4e+38 -3.4e+38 -3.4e+38 -3.4e+38 -3.4e+38 -3.4e+38 0.426213175058365 0.399720966815948 0.407086700201035 0.420045673847198 0.433934450149536 0.452034920454025 0.476476669311523 0.502609968185425 0.523103594779968 0.525378346443176 0.546043395996094 0.554610729217529 0.547268152236938 0.555843889713287 0.558835208415985 0.553435146808624 0.549432694911957 0.556444406509399 0.5779128074646 0.569257259368896 0.548705697059631 0.548182487487793 0.537710607051849 0.53920316696167 0.553737938404083 0.559056580066681 0.551757216453552 0.544403910636902 0.540105044841766 0.547565102577209 0.562401294708252 0.561892747879028 0.553077459335327 0.57147341966629 0.565470993518829
-3.4e+38 -3.4e+38 -3.4e+38 -3.4e+38 -3.4e+38 -3.4e+38 -3.4e+38 -3.4e+38 -3.4e+38 0.446530610322952 0.394501239061356 0.329285860061646 0.308700174093246 0.310625851154327 0.327846050262451 0.353937119245529 0.394674599170685 0.440312057733536 0.474661350250244 0.51203840970993 0.556100368499756 0.559094905853271 0.535614550113678 0.514530837535858 0.476190358400345 0.458077549934387 0.439607441425323 0.456673800945282 0.504593670368195 0.491471409797668 0.505589365959167 0.529893696308136 0.501261234283447 0.505708932876587 0.546345353126526 0.553423941135406 0.550199747085571 0.553427815437317 0.55204564332962 0.551720440387726 0.553014159202576 0.551855862140656 0.546116709709167 0.568940341472626 0.566191494464874
-3.4e+38 -3.4e+38 -3.4e+38 -3.4e+38 -3.4e+38 -3.4e+38 -3.4e+38 -3.4e+38 0.439567357301712 0.402509182691574 0.347471207380295 0.288701444864273 0.249984174966812 0.250096797943115 0.276172995567322 0.310522615909576 0.346618801355362 0.37513455748558 0.40618771314621 0.475729674100876 0.536311089992523 0.55338329076767 0.543068110942841 0.490938007831573 0.426350146532059 0.393662512302399 0.354066342115402 0.328382432460785 0.370064556598663 0.360137671232224 0.39534130692482 0.428643733263016 0.436864495277405 0.472746253013611 0.504195153713226 0.511114478111267 0.527253091335297 0.54186338186264 0.544905960559845 0.54443085193634 0.529203116893768 0.542435169219971 0.548882782459259 0.540673077106476 0.537921607494354
-3.4e+38 -3.4e+38 -3.4e+38 -3.4e+38 -3.4e+38 -3.4e+38 0.317545861005783 0.33554607629776 0.3459532558918 0.323354959487915 0.313059747219086 0.273344993591309 0.237481638789177 0.239291340112686 0.274982690811157 0.337716042995453 0.386563241481781 0.407013565301895 0.429877132177353 0.49250265955925 0.542742252349854 0.545482993125916 0.548665642738342 0.514334976673126 0.454452127218246 0.413518875837326 0.340875059366226 0.277947723865509 0.270177215337753 0.275107681751251 0.296990007162094 0.329678744077682 0.363580733537674 0.400681674480438 0.402063488960266 0.401479095220566 0.446233987808228 0.489285945892334 0.50702953338623 0.495256960391998 0.477276921272278 0.497434765100479 0.511819183826447 0.504055738449097 0.522665143013
-3.4e+38 -3.4e+38 -3.4e+38 -3.4e+38 -3.4e+38 0.369424283504486 0.343315273523331 0.3194799721241 0.323294579982758 0.326273858547211 0.31600746512413 0.278650879859924 0.254364728927612 0.258944898843765 0.294860750436783 0.36528080701828 0.419604390859604 0.463624626398087 0.488754749298096 0.524638116359711 0.557844758033752 0.557095646858215 0.555814743041992 0.548673987388611 0.506478011608124 0.440714955329895 0.36425855755806 0.288288801908493 0.26188600063324 0.273152112960815 0.296841710805893 0.314097464084625 0.32767391204834 0.33877044916153 0.324827194213867 0.32447013258934 0.343145728111267 0.376818835735321 0.417563855648041 0.439364939928055 0.439367264509201 0.434091597795486 0.443457216024399 0.458770155906677 0.497698307037354
-3.4e+38 -3.4e+38 -3.4e+38 -3.4e+38 0.49617201089859 0.476182788610458 0.468622237443924 0.445939481258392 0.451144069433212 0.444646090269089 0.402743309736252 0.359819293022156 0.360962510108948 0.344443619251251 0.337378680706024 0.355186223983765 0.367034196853638 0.404572337865829 0.45339372754097 0.48418915271759 0.518990039825439 0.536056339740753 0.542834579944611 0.54939216375351 0.535761535167694 0.480436652898788 0.415665745735168 0.341662794351578 0.304470807313919 0.332937091588974 0.366406053304672 0.352216243743896 0.336467921733856 0.340419918298721 0.341362625360489 0.362161576747894 0.35609170794487 0.355616241693497 0.364051073789597 0.380411118268967 0.405609846115112 0.392666965723038 0.389129847288132 0.398247808218002 0.415925085544586
-3.4e+38 -3.4e+38 0.500417768955231 0.560961544513702 0.580317139625549 0.571544945240021 0.562387704849243 0.546345949172974 0.544170737266541 0.541518151760101 0.535294115543365 0.528135478496552 0.524533987045288 0.490233212709427 0.443531632423401 0.402353316545486 0.360169231891632 0.355083107948303 0.394712895154953 0.412734925746918 0.43807053565979 0.477752566337585 0.480349779129028 0.483911216259003 0.477488964796066 0.453226834535599 0.420049726963043 0.377787292003632 0.36909008026123 0.399525225162506 0.427038222551346 0.412567585706711 0.395415097475052 0.391784578561783 0.377016425132751 0.365787506103516 0.334546446800232 0.333691149950027 0.328615814447403 0.31807279586792 0.327525585889816 0.321652054786682 0.303952753543854 0.311749368906021 0.336021602153778
