data/1_raw/trimmed_ndre/J_ndre.728.2009_no_clouds.asc
NCOLS 141 
NROWS 118 
XLLCORNER 516845 
YLLCORNER 5169015 
CELLSIZE 5 
NODATA_value -3.4e+38 
[rows 40 to 59 of 118, columns 45 to 89 of 141]
0.20725904405117 0.188816472887993 0.208571836352348 0.226719185709953 0.228115260601044 0.23143957555294 0.224763721227646 0.215577855706215 0.213612586259842 0.218905612826347 0.213733583688736 0.189251974225044 0.182493984699249 0.177713289856911 0.183487012982368 0.197923973202705 0.203757882118225 0.181647092103958 0.172525554895401 0.173991054296494 0.181256264448166 0.187527239322662 0.179523348808289 0.197097450494766 0.186940371990204 0.194451376795769 0.203587591648102 0.196475654840469 0.173226863145828 0.162354841828346 0.177835583686829 0.177309036254883 0.167768344283104 0.18832440674305 0.235578373074532 0.241218313574791 0.21544161438942 0.211173802614212 0.20987856388092 0.214991793036461 0.218275085091591 0.191746264696121 0.18647363781929 0.195179536938667 0.209803059697151
0.223653763532639 0.214882582426071 0.202167943120003 0.205368295311928 0.20289346575737 0.205401167273521 0.205431044101715 0.206398203969002 0.210793346166611 0.219126105308533 0.22196589410305 0.206605315208435 0.190865576267242 0.186989009380341 0.186150744557381 0.181458488106728 0.182030275464058 0.175725921988487 0.174764767289162 0.186071038246155 0.194492325186729 0.188094928860664 0.18210768699646 0.194191634654999 0.185428366065025 0.168762177228928 0.166217908263206 0.181552574038506 0.182438224554062 0.161239564418793 0.161967545747757 0.17640782892704 0.19969667494297 0.203368455171585 0.218036353588104 0.233095809817314 0.22401537001133 0.211392045021057 0.193719863891602 0.181000426411629 0.180951833724976 0.175811216235161 0.18372006714344 0.181330725550652 0.189841374754906
0.205174341797829 0.204208388924599 0.20268227159977 0.20471927523613 0.193493753671646 0.176506832242012 0.182650044560432 0.199844673275948 0.210763409733772 0.208901882171631 0.213050708174706 0.207958415150642 0.194490179419518 0.191985443234444 0.190091714262962 0.17694491147995 0.173141911625862 0.169593632221222 0.176060363650322 0.200417563319206 0.209318310022354 0.198130235075951 0.186041980981827 0.195331186056137 0.191437125205994 0.175503075122833 0.169492825865746 0.177736833691597 0.188638255000114 0.188476085662842 0.18200695514679 0.177808612585068 0.187213525176048 0.188317522406578 0.184232354164124 0.217359572649002 0.225656494498253 0.192740365862846 0.187902539968491 0.17305651307106 0.163514196872711 0.174788787961006 0.194971174001694 0.195342525839806 0.195130825042725
0.219187542796135 0.218550533056259 0.213351741433144 0.215491503477097 0.214943647384644 0.204539984464645 0.202274546027184 0.208267763257027 0.211577638983727 0.210362523794174 0.204545527696609 0.197657495737076 0.19068144261837 0.195196434855461 0.197954669594765 0.196034789085388 0.187758535146713 0.175564989447594 0.178922295570374 0.204815670847893 0.213234826922417 0.207132533192635 0.191263556480408 0.184952780604362 0.192337408661842 0.189941585063934 0.185143053531647 0.17355540394783 0.181829765439034 0.185795783996582 0.17502923309803 0.176293686032295 0.172578066587448 0.176569417119026 0.199210837483406 0.222591087222099 0.207564234733582 0.169894501566887 0.183101385831833 0.169530734419823 0.149114221334457 0.167192742228508 0.186731845140457 0.197990626096725 0.197827339172363
0.207260772585869 0.209006294608116 0.210617110133171 0.201417446136475 0.196176514029503 0.192616626620293 0.197406023740768 0.212216332554817 0.217951640486717 0.229552298784256 0.213447421789169 0.193670302629471 0.194862604141235 0.198420807719231 0.205714017152786 0.207242205739021 0.198082387447357 0.182644963264465 0.184806898236275 0.201218649744987 0.210217133164406 0.201580762863159 0.191392943263054 0.176851585507393 0.181875586509705 0.185581997036934 0.170926436781883 0.169595867395401 0.175651863217354 0.172007948160172 0.164934173226357 0.186185792088509 0.184774562716484 0.182516932487488 0.205035477876663 0.210398763418198 0.192757815122604 0.157908797264099 0.163036733865738 0.163436979055405 0.149368986487389 0.168538808822632 0.185816749930382 0.195848107337952 0.205646514892578
0.18451090157032 0.193442240357399 0.203054219484329 0.20260463654995 0.194365054368973 0.186993584036827 0.187804222106934 0.205358535051346 0.207423433661461 0.198776811361313 0.186645209789276 0.191361501812935 0.205844357609749 0.201012536883354 0.198023647069931 0.186258256435394 0.182942062616348 0.186466827988625 0.191073477268219 0.205027773976326 0.206850692629814 0.198690846562386 0.211991026997566 0.207621410489082 0.187814325094223 0.173366993665695 0.157677754759789 0.18141470849514 0.192759037017822 0.176750063896179 0.180743291974068 0.201320260763168 0.189664527773857 0.178450047969818 0.204013854265213 0.208663165569305 0.196065589785576 0.158882662653923 0.156898960471153 0.173411592841148 0.163415312767029 0.180704995989799 0.202466055750847 0.203213170170784 0.223631680011749
0.193599760532379 0.201428800821304 0.207300633192062 0.221798673272133 0.224002853035927 0.207192867994308 0.189672276377678 0.189184874296188 0.210379049181938 0.211269646883011 0.192807540297508 0.20014300942421 0.217199265956879 0.209951743483543 0.209291189908981 0.210042670369148 0.204754650592804 0.202469438314438 0.203841999173164 0.209604665637016 0.21353180706501 0.226069226861 0.253642052412033 0.253580749034882 0.224445670843124 0.188633054494858 0.184917584061623 0.209565296769142 0.20600850880146 0.19771334528923 0.2077606767416 0.207792431116104 0.20679883658886 0.208233997225761 0.218981549143791 0.214005276560783 0.20304337143898 0.167478784918785 0.170926153659821 0.197950035333633 0.183067992329597 0.199861109256744 0.213442742824554 0.196352407336235 0.213607773184776
0.204589784145355 0.231114685535431 0.239011153578758 0.237696424126625 0.246942266821861 0.237377420067787 0.203835859894753 0.192658394575119 0.204479873180389 0.232171416282654 0.227591082453728 0.212471708655357 0.220097541809082 0.218922421336174 0.236770182847977 0.253789961338043 0.241477891802788 0.23014110326767 0.220299422740936 0.209545895457268 0.260244071483612 0.294451385736465 0.289447993040085 0.277409106492996 0.25960710644722 0.242403537034988 0.240945741534233 0.235063388943672 0.211999714374542 0.20413826406002 0.226044952869415 0.231253296136856 0.24840846657753 0.249659806489944 0.22286331653595 0.2035261541605 0.183198213577271 0.175209730863571 0.189864695072174 0.20671609044075 0.196208581328392 0.211703285574913 0.214771434664726 0.183745369315147 0.19425892829895
0.230346575379372 0.251600325107574 0.26055982708931 0.22939133644104 0.214927613735199 0.22741387784481 0.219327509403229 0.220292687416077 0.227626413106918 0.241182073950768 0.257714986801147 0.252050787210464 0.262103527784348 0.271046012639999 0.279629498720169 0.266918689012527 0.248111262917519 0.275629103183746 0.279099702835083 0.263858467340469 0.306928902864456 0.341624408960342 0.331403911113739 0.321862399578094 0.292751282453537 0.283235251903534 0.275869876146317 0.248082116246223 0.228217333555222 0.219391748309135 0.243277356028557 0.25727653503418 0.269243597984314 0.266698062419891 0.216368943452835 0.190221443772316 0.181472048163414 0.200725868344307 0.204168647527695 0.193689271807671 0.19194521009922 0.204214856028557 0.202824011445045 0.189946189522743 0.204879835247993
0.237598896026611 0.245142191648483 0.277248948812485 0.272473067045212 0.254105389118195 0.252557724714279 0.2598996758461 0.266373991966248 0.289497822523117 0.298215717077255 0.300053656101227 0.306639701128006 0.321989893913269 0.326714485883713 0.320690393447876 0.310048192739487 0.297721803188324 0.31251460313797 0.305855751037598 0.301747798919678 0.299666553735733 0.31306380033493 0.315172582864761 0.314762115478516 0.291146993637085 0.268707782030106 0.270528614521027 0.252858400344849 0.24920928478241 0.242388486862183 0.253955096006393 0.263823658227921 0.261664092540741 0.269538462162018 0.242145359516144 0.210046619176865 0.220294535160065 0.238298371434212 0.226936548948288 0.200058832764626 0.197942286729813 0.202849984169006 0.215339004993439 0.215818852186203 0.220527529716492
0.2483119815588 0.269972056150436 0.275354564189911 0.279284864664078 0.280859559774399 0.277969986200333 0.286037117242813 0.304943293333054 0.295521676540375 0.293557971715927 0.298577696084976 0.31324902176857 0.33379602432251 0.335488438606262 0.329330563545227 0.321585863828659 0.317288815975189 0.313669681549072 0.286081194877625 0.27984830737114 0.283173054456711 0.271996855735779 0.261617392301559 0.271656155586243 0.270180016756058 0.233866572380066 0.228372633457184 0.24259889125824 0.245549455285072 0.241959571838379 0.247557133436203 0.247198283672333 0.244802564382553 0.252237319946289 0.260701209306717 0.245962247252464 0.251478493213654 0.268521577119827 0.25901734828949 0.249587088823318 0.238769292831421 0.234452202916145 0.25007152557373 0.247977152466774 0.249562665820122
0.244206786155701 0.252249389886856 0.260981976985931 0.254284590482712 0.27007645368576 0.281480491161346 0.254795432090759 0.257652789354324 0.254519283771515 0.2480149269104 0.250594139099121 0.268730968236923 0.309067636728287 0.316721737384796 0.324594110250473 0.315716803073883 0.311497688293457 0.321594566106796 0.321580469608307 0.314655959606171 0.304917871952057 0.272029966115952 0.24469867348671 0.264660894870758 0.288811206817627 0.263128876686096 0.246385276317596 0.249362602829933 0.222359105944633 0.199134394526482 0.220291152596474 0.237493962049484 0.230098634958267 0.233028754591942 0.251664847135544 0.254798471927643 0.256845057010651 0.271595329046249 0.280642688274384 0.288343906402588 0.276896059513092 0.269047379493713 0.288842886686325 0.296723455190659 0.289674043655396
0.235695585608482 0.237507432699203 0.248704791069031 0.238777846097946 0.228563413023949 0.240404680371284 0.233497127890587 0.213487222790718 0.210118815302849 0.220491215586662 0.231764897704124 0.246389925479889 0.268458813428879 0.275487929582596 0.305572092533112 0.303963422775269 0.305209666490555 0.320875972509384 0.325163096189499 0.329581052064896 0.315027713775635 0.299050599336624 0.276522934436798 0.293381780385971 0.316265434026718 0.301796972751617 0.289120137691498 0.281822204589844 0.259350717067719 0.233648344874382 0.236443534493446 0.248315632343292 0.234780386090279 0.224046215415001 0.230289250612259 0.241862192749977 0.259077548980713 0.274559557437897 0.284312337636948 0.280465692281723 0.269757509231567 0.280054330825806 0.305984497070312 0.312335133552551 0.308597713708878
0.253684788942337 0.244613781571388 0.235500499606133 0.227381244301796 0.212769970297813 0.203703582286835 0.22636890411377 0.210466220974922 0.207617074251175 0.230569615960121 0.231823861598969 0.234083116054535 0.24031001329422 0.240473985671997 0.260554939508438 0.258135586977005 0.257320135831833 0.283134371042252 0.284718245267868 0.276179313659668 0.260113507509232 0.277647286653519 0.288623958826065 0.287265449762344 0.292596578598022 0.283992946147919 0.282190710306168 0.283298790454865 0.281107723712921 0.27034604549408 0.2519671022892 0.253426879644394 0.252123802900314 0.24747397005558 0.241950377821922 0.251779854297638 0.271929383277893 0.282204985618591 0.291109144687653 0.290688782930374 0.293548375368118 0.306166708469391 0.313065469264984 0.29961034655571 0.295471280813217
0.251630067825317 0.24241216480732 0.233326241374016 0.225404426455498 0.222442954778671 0.206780433654785 0.221155285835266 0.212866052985191 0.201114326715469 0.235497936606407 0.230277761816978 0.217697665095329 0.22668793797493 0.240728065371513 0.245406240224838 0.225317656993866 0.221026122570038 0.241609051823616 0.258667826652527 0.257221758365631 0.256941735744476 0.283695161342621 0.266155481338501 0.232142075896263 0.246541440486908 0.277574479579926 0.281414598226547 0.273573726415634 0.270604014396667 0.251732707023621 0.231363415718079 0.234626278281212 0.253473311662674 0.271099656820297 0.25989443063736 0.258346229791641 0.26432666182518 0.265433460474014 0.279403656721115 0.295602291822433 0.31048122048378 0.339461416006088 0.33930915594101 0.32422599196434 0.318570286035538
0.246205165982246 0.239731281995773 0.223069325089455 0.227483913302422 0.227030962705612 0.224668383598328 0.216569676995277 0.206568345427513 0.200751453638077 0.229408964514732 0.211718127131462 0.190735846757889 0.19597339630127 0.212315395474434 0.21826596558094 0.206310525536537 0.207781314849854 0.221366047859192 0.237446263432503 0.23788857460022 0.25076699256897 0.274184972047806 0.239535361528397 0.205976352095604 0.222383052110672 0.252986073493958 0.253739088773727 0.247445642948151 0.242638126015663 0.240692093968391 0.242310404777527 0.25120210647583 0.264228969812393 0.266681969165802 0.244905531406403 0.234897002577782 0.23537802696228 0.231808304786682 0.251835107803345 0.285479873418808 0.303300589323044 0.346720218658447 0.36264306306839 0.350894063711166 0.343551397323608
0.253795593976974 0.239063233137131 0.205589979887009 0.209947392344475 0.184963315725327 0.178057283163071 0.202665999531746 0.201220199465752 0.196739867329597 0.216980084776878 0.193189710378647 0.175481021404266 0.179798796772957 0.184773609042168 0.190212666988373 0.189293444156647 0.20036244392395 0.20260825753212 0.216525167226791 0.227014988660812 0.236223489046097 0.244913429021835 0.230042338371277 0.2149588316679 0.217575252056122 0.215434566140175 0.214728996157646 0.230586364865303 0.230501249432564 0.243550404906273 0.242574736475945 0.246890142560005 0.258114486932755 0.251300185918808 0.235555365681648 0.226463988423347 0.22057081758976 0.221032723784447 0.234874784946442 0.266018569469452 0.308974802494049 0.33457139134407 0.346665740013123 0.349080204963684 0.339748740196228
0.262658447027206 0.225787535309792 0.201304063200951 0.194715335965157 0.182533115148544 0.169306680560112 0.197820067405701 0.196695074439049 0.18909840285778 0.201610699295998 0.198754921555519 0.198160260915756 0.192773818969727 0.180865705013275 0.186903446912766 0.185615494847298 0.191218465566635 0.182585626840591 0.195520728826523 0.223067730665207 0.228504613041878 0.231102377176285 0.219385161995888 0.222615778446198 0.207102000713348 0.189097493886948 0.202858313918114 0.226900592446327 0.233801022171974 0.231860548257828 0.220549792051315 0.219971865415573 0.225146904587746 0.210446164011955 0.20962131023407 0.215392857789993 0.218644350767136 0.218632772564888 0.233951702713966 0.242434054613113 0.271933317184448 0.295065611600876 0.29551762342453 0.319504797458649 0.314349770545959
0.262286633253098 0.219415724277496 0.213462218642235 0.190493151545525 0.194593235850334 0.188285425305367 0.196600332856178 0.195172503590584 0.197930306196213 0.212533265352249 0.221324503421783 0.22076641023159 0.209269389510155 0.186446905136108 0.186982214450836 0.182477474212646 0.175159096717834 0.171567142009735 0.181884557008743 0.214149415493011 0.234516903758049 0.238158121705055 0.209714844822884 0.196974813938141 0.194390043616295 0.171836614608765 0.184802740812302 0.20579232275486 0.2181536257267 0.213927775621414 0.21057616174221 0.217209786176682 0.206099286675453 0.194672226905823 0.198717370629311 0.204941749572754 0.199473962187767 0.195209503173828 0.207127526402473 0.224478855729103 0.235766485333443 0.253106474876404 0.260000169277191 0.280544757843018 0.283551633358002
0.260961771011353 0.240823358297348 0.209187582135201 0.199454262852669 0.196442753076553 0.198000743985176 0.193442523479462 0.199367806315422 0.205821692943573 0.213951647281647 0.221145793795586 0.210751175880432 0.19997164607048 0.184165105223656 0.177110478281975 0.182590007781982 0.162329450249672 0.176712796092033 0.206946954131126 0.233751192688942 0.246070817112923 0.23326088488102 0.204397290945053 0.188965454697609 0.211477354168892 0.189057812094688 0.159575238823891 0.183404013514519 0.201650962233543 0.212387144565582 0.229094564914703 0.233495011925697 0.206724554300308 0.196804106235504 0.203701958060265 0.206153646111488 0.197906136512756 0.198134168982506 0.218315824866295 0.235801056027412 0.238007724285126 0.224350348114967 0.217993944883347 0.225112393498421 0.234979525208473
