data/1_raw/trimmed_ndre/Od_ndre.68.2015.asc
NCOLS 144 
NROWS 65 
XLLCORNER 512965 
YLLCORNER 5150865 
CELLSIZE 5 
NODATA_value -3.4e+38 
[rows 21 to 41 of 65, columns 47 to 93 of 144]
0.612644195556641 0.61777400970459 0.624621331691742 0.630189538002014 0.635450959205627 0.634081065654755 0.628426313400269 0.621985375881195 0.611559927463531 0.621561169624329 0.620279371738434 0.603716015815735 0.597524583339691 0.604163289070129 0.612131178379059 0.611714780330658 0.60906046628952 0.615495502948761 0.618509590625763 0.619605481624603 0.631950914859772 0.6306072473526 0.629258573055267 0.630367875099182 0.632718205451965 0.632027566432953 0.633005678653717 0.633916854858398 0.625509560108185 0.615027010440826 0.617407441139221 0.626819968223572 0.612859308719635 0.604828894138336 0.606217920780182 0.619924366474152 0.605125248432159 0.602860927581787 0.612384796142578 0.61252099275589 0.611522614955902 0.604594886302948 0.604567527770996 0.606855750083923 0.593505322933197 0.58267879486084 0.578926801681519
0.608095228672028 0.617245197296143 0.626123189926147 0.632028341293335 0.636931717395782 0.642650127410889 0.630762159824371 0.61556613445282 0.604163944721222 0.607398390769958 0.610613703727722 0.609833657741547 0.607454717159271 0.610818028450012 0.615436911582947 0.621406376361847 0.624825537204742 0.623785972595215 0.615518152713776 0.615147829055786 0.628653824329376 0.627181172370911 0.622356235980988 0.614625751972198 0.606620788574219 0.601865708827972 0.607476115226746 0.611082434654236 0.604707956314087 0.594554901123047 0.594238102436066 0.603280007839203 0.598454236984253 0.590877950191498 0.588876783847809 0.59493225812912 0.596207857131958 0.580440759658813 0.582766115665436 0.589517891407013 0.589346468448639 0.573159456253052 0.579195261001587 0.597110092639923 0.585218966007233 0.569736838340759 0.564116835594177
0.611703634262085 0.619132578372955 0.621942758560181 0.618214249610901 0.623958468437195 0.635651648044586 0.624900043010712 0.614662766456604 0.61098301410675 0.617438435554504 0.622242510318756 0.62586510181427 0.626946926116943 0.628570199012756 0.626077353954315 0.62538206577301 0.625455558300018 0.623446881771088 0.612698256969452 0.612139880657196 0.617075264453888 0.618229746818542 0.619239628314972 0.615069687366486 0.604459345340729 0.592360019683838 0.595461130142212 0.600288033485413 0.601210951805115 0.596911549568176 0.587855041027069 0.588449656963348 0.596140444278717 0.600935459136963 0.59954559803009 0.591990351676941 0.585287868976593 0.574725151062012 0.577613770961761 0.579525947570801 0.573122501373291 0.573846757411957 0.572669804096222 0.575335800647736 0.570898294448853 0.561481237411499 0.553710639476776
0.615081429481506 0.621111750602722 0.615738689899445 0.604642450809479 0.609817326068878 0.616422533988953 0.609210968017578 0.610270500183105 0.615165948867798 0.620848476886749 0.624383211135864 0.632144451141357 0.633415520191193 0.626997411251068 0.615330398082733 0.61197155714035 0.616824507713318 0.618782997131348 0.610429406166077 0.614198446273804 0.617959260940552 0.618649780750275 0.61747008562088 0.616386711597443 0.611918270587921 0.605208992958069 0.60389518737793 0.599863708019257 0.594752848148346 0.592266917228699 0.590570151805878 0.586283802986145 0.586042940616608 0.586576104164124 0.588211476802826 0.57839822769165 0.573362588882446 0.579484403133392 0.579963147640228 0.57172292470932 0.553841233253479 0.54236775636673 0.551084399223328 0.551283299922943 0.55789840221405 0.578827977180481 0.574849128723145
0.604156017303467 0.61235898733139 0.606562614440918 0.59454882144928 0.597458302974701 0.594951570034027 0.590910494327545 0.598900377750397 0.605740785598755 0.607660233974457 0.609659135341644 0.61793053150177 0.619699418544769 0.614768981933594 0.606718242168427 0.604603350162506 0.609217405319214 0.610693573951721 0.60835462808609 0.619512021541595 0.620879352092743 0.617286026477814 0.611692488193512 0.607591986656189 0.604501843452454 0.602803289890289 0.60278457403183 0.599667310714722 0.591990351676941 0.587326467037201 0.593397915363312 0.579461574554443 0.572733700275421 0.575992226600647 0.582611382007599 0.569387555122375 0.560664057731628 0.556466162204742 0.550767958164215 0.547621488571167 0.539529323577881 0.529666185379028 0.544316709041595 0.549288928508759 0.560425221920013 0.57488876581192 0.572248876094818
0.604523956775665 0.602819383144379 0.597800135612488 0.590551018714905 0.589063942432404 0.579827547073364 0.579803287982941 0.590656101703644 0.599821031093597 0.588268280029297 0.584621250629425 0.594755589962006 0.607224822044373 0.609301507472992 0.60774302482605 0.607189536094666 0.60248464345932 0.594344615936279 0.596342384815216 0.611543416976929 0.615221500396729 0.612443089485168 0.602946817874908 0.59144538640976 0.587510585784912 0.590359568595886 0.593716502189636 0.594359219074249 0.594030737876892 0.585238695144653 0.569737017154694 0.55286705493927 0.554486811161041 0.571965575218201 0.5865758061409 0.57629531621933 0.562906861305237 0.552634477615356 0.547109305858612 0.548825562000275 0.557734251022339 0.567133784294128 0.574797809123993 0.573215365409851 0.576733767986298 0.575449407100677 0.566776156425476
0.613839507102966 0.598268508911133 0.596251606941223 0.602459847927094 0.606820940971375 0.588264644145966 0.59157383441925 0.602599322795868 0.615082263946533 0.596039950847626 0.59250146150589 0.60074508190155 0.612289428710938 0.615595161914825 0.616597414016724 0.613373696804047 0.602083683013916 0.590237736701965 0.601017773151398 0.61323618888855 0.611930131912231 0.612618148326874 0.610673427581787 0.603297173976898 0.594829738140106 0.591793656349182 0.586692690849304 0.578728497028351 0.568621456623077 0.572979211807251 0.566689252853394 0.555119454860687 0.558370292186737 0.578743457794189 0.590900301933289 0.586523354053497 0.578207850456238 0.571367859840393 0.572192490100861 0.580205857753754 0.588477849960327 0.588510394096375 0.582800269126892 0.577469348907471 0.584981560707092 0.58325207233429 0.576136469841003
0.628178119659424 0.610948920249939 0.615479290485382 0.62906801700592 0.629863202571869 0.60693222284317 0.621113836765289 0.630727171897888 0.63384473323822 0.628890514373779 0.618496119976044 0.621331453323364 0.62702602148056 0.626076400279999 0.623131811618805 0.625409543514252 0.623912751674652 0.61271870136261 0.620168387889862 0.630713522434235 0.630141317844391 0.628204464912415 0.627619504928589 0.621376395225525 0.612927377223969 0.608716666698456 0.595308423042297 0.578222036361694 0.570059478282928 0.593179881572723 0.595967590808868 0.593632340431213 0.598900854587555 0.612066209316254 0.614680409431458 0.611896097660065 0.607537686824799 0.601805746555328 0.607651233673096 0.612524449825287 0.606177687644958 0.601833283901215 0.585905075073242 0.575659513473511 0.585351884365082 0.59099930524826 0.588181138038635
0.632043898105621 0.613141596317291 0.623668730258942 0.643643498420715 0.63758796453476 0.617963135242462 0.628573358058929 0.642186880111694 0.645031929016113 0.6408931016922 0.628356277942657 0.635492920875549 0.634711503982544 0.628290772438049 0.633094489574432 0.633855700492859 0.637827157974243 0.636366248130798 0.620755851268768 0.622041344642639 0.628202557563782 0.63191419839859 0.634049296379089 0.626421272754669 0.621622443199158 0.622909367084503 0.616842031478882 0.603924453258514 0.597083032131195 0.617773294448853 0.633043885231018 0.63668817281723 0.633846640586853 0.631374597549438 0.627741634845734 0.631289124488831 0.631009101867676 0.619753122329712 0.611529111862183 0.609465479850769 0.607486426830292 0.607326686382294 0.590775310993195 0.586403071880341 0.59704327583313 0.60505336523056 0.600983917713165
0.619907915592194 0.608600735664368 0.619668304920197 0.636600017547607 0.621839582920074 0.610530495643616 0.62114018201828 0.638120651245117 0.630882799625397 0.617484033107758 0.60542893409729 0.613135159015656 0.611014902591705 0.613863468170166 0.626524686813354 0.621258437633514 0.617191314697266 0.615474820137024 0.611694872379303 0.609308183193207 0.613124310970306 0.619702100753784 0.622302532196045 0.611224472522736 0.609586894512177 0.614504456520081 0.617845177650452 0.617530226707458 0.611585736274719 0.607627093791962 0.62196010351181 0.625569045543671 0.623194932937622 0.619292616844177 0.617661774158478 0.628365099430084 0.624881207942963 0.607225060462952 0.588111817836761 0.587554633617401 0.594602823257446 0.60129451751709 0.594636023044586 0.594847500324249 0.599735021591187 0.606365859508514 0.608228921890259
0.599876463413239 0.599471688270569 0.60742050409317 0.614382743835449 0.599960327148438 0.599566340446472 0.606810390949249 0.6132732629776 0.591428577899933 0.580991387367249 0.580389797687531 0.586242616176605 0.58677476644516 0.591370463371277 0.598766267299652 0.597282290458679 0.598138988018036 0.606692790985107 0.609692633152008 0.599165260791779 0.592823803424835 0.593221783638 0.592940211296082 0.582069039344788 0.583113193511963 0.592057585716248 0.599005222320557 0.594223499298096 0.59827071428299 0.605659186840057 0.611488580703735 0.605251789093018 0.592394948005676 0.582955062389374 0.582004249095917 0.598014175891876 0.596721649169922 0.579324305057526 0.557179510593414 0.557768821716309 0.567134082317352 0.57434356212616 0.576625645160675 0.589387893676758 0.597736477851868 0.602600753307343 0.609951019287109
0.583944916725159 0.590228021144867 0.596686840057373 0.598684549331665 0.58988630771637 0.592958986759186 0.58945643901825 0.577812790870667 0.563030660152435 0.567135214805603 0.568396985530853 0.571407914161682 0.578770577907562 0.57362699508667 0.574713706970215 0.582368731498718 0.594051361083984 0.601614832878113 0.604128837585449 0.597333967685699 0.591623663902283 0.591875553131104 0.588243901729584 0.577003359794617 0.56893527507782 0.575797319412231 0.593558073043823 0.60469526052475 0.590331315994263 0.589990198612213 0.59440678358078 0.591393828392029 0.576463103294373 0.564765751361847 0.568255066871643 0.584450542926788 0.581510365009308 0.559462189674377 0.537996828556061 0.535898208618164 0.55346554517746 0.56523996591568 0.574176430702209 0.590981066226959 0.604701220989227 0.609962522983551 0.614821910858154
0.587356150150299 0.599320590496063 0.600298523902893 0.599104464054108 0.596323311328888 0.596619248390198 0.592908799648285 0.58732658624649 0.582294404506683 0.588675200939178 0.578384280204773 0.582160413265228 0.595349669456482 0.584029138088226 0.582978248596191 0.589696109294891 0.600235164165497 0.596087217330933 0.586400091648102 0.576197147369385 0.569748044013977 0.57697856426239 0.585607588291168 0.587031066417694 0.582667231559753 0.587223172187805 0.60405969619751 0.602527678012848 0.574818313121796 0.576794445514679 0.5822674036026 0.591806590557098 0.596735298633575 0.582954168319702 0.577319920063019 0.584468185901642 0.58684515953064 0.566904842853546 0.546687841415405 0.545867383480072 0.568132042884827 0.579475522041321 0.592135488986969 0.60858827829361 0.623529970645905 0.627720654010773 0.632971584796906
0.611553132534027 0.622471570968628 0.616179227828979 0.61432933807373 0.617732048034668 0.623083651065826 0.621657490730286 0.623789012432098 0.625377416610718 0.626780807971954 0.608301341533661 0.619011342525482 0.628176212310791 0.614814579486847 0.613844752311707 0.610051929950714 0.613183915615082 0.621376097202301 0.610809326171875 0.59522944688797 0.581052005290985 0.576629936695099 0.582114636898041 0.584907591342926 0.585822761058807 0.590409278869629 0.606807589530945 0.59723162651062 0.577863156795502 0.595380485057831 0.603616833686829 0.606452643871307 0.609106838703156 0.604813098907471 0.597872495651245 0.59166818857193 0.594870388507843 0.601287186145782 0.582019209861755 0.580503940582275 0.599469482898712 0.605009019374847 0.611707150936127 0.616233646869659 0.619764089584351 0.629808306694031 0.646939516067505
0.633934020996094 0.641543030738831 0.635862410068512 0.637392163276672 0.641944110393524 0.643224477767944 0.639523863792419 0.652388095855713 0.65608274936676 0.647469699382782 0.624584496021271 0.634347975254059 0.639952063560486 0.637645184993744 0.642548620700836 0.630746603012085 0.622985601425171 0.62362414598465 0.623804986476898 0.620361387729645 0.612054705619812 0.606302201747894 0.608493566513062 0.608105897903442 0.605989217758179 0.606725633144379 0.61603057384491 0.613802194595337 0.616421520709991 0.6251420378685 0.627578616142273 0.621286153793335 0.616494238376617 0.620148539543152 0.636515378952026 0.636727929115295 0.628172159194946 0.623242497444153 0.611424326896667 0.614608705043793 0.627110958099365 0.627203047275543 0.61889111995697 0.625618278980255 0.630821645259857 0.634407937526703 0.646495461463928
0.640569984912872 0.635438740253448 0.62523877620697 0.631139934062958 0.639573276042938 0.638720810413361 0.634778618812561 0.647965967655182 0.640693008899689 0.627468109130859 0.614795923233032 0.622804164886475 0.630048930644989 0.636004209518433 0.63744181394577 0.618149399757385 0.612491071224213 0.616298019886017 0.624910652637482 0.630851686000824 0.62513941526413 0.615415096282959 0.609874248504639 0.611158907413483 0.613797128200531 0.626897931098938 0.641514658927917 0.625918686389923 0.622886121273041 0.628969013690948 0.634894728660583 0.632188260555267 0.624597907066345 0.622544348239899 0.630197167396545 0.626853466033936 0.615163385868073 0.612822771072388 0.626765847206116 0.621967375278473 0.61898273229599 0.615487813949585 0.608745336532593 0.632162868976593 0.652806997299194 0.65301638841629 0.624729812145233
0.633679449558258 0.621987700462341 0.614434480667114 0.618574857711792 0.620951056480408 0.613487660884857 0.611051976680756 0.617793440818787 0.606531858444214 0.604487538337708 0.598282337188721 0.596529901027679 0.607312083244324 0.616361320018768 0.615735352039337 0.600638687610626 0.596264898777008 0.604673802852631 0.616576492786407 0.624595642089844 0.620171844959259 0.60921037197113 0.598866403102875 0.594841122627258 0.591788113117218 0.606043219566345 0.621167302131653 0.617340445518494 0.618603348731995 0.62150651216507 0.626956880092621 0.632536888122559 0.621650457382202 0.607746303081512 0.597329437732697 0.584608852863312 0.566280782222748 0.574241936206818 0.602597117424011 0.600284099578857 0.603994131088257 0.600440204143524 0.596465945243835 0.614079415798187 0.619613528251648 0.608799278736115 0.586555004119873
0.615892708301544 0.601171910762787 0.60094165802002 0.606829404830933 0.608167350292206 0.601154983043671 0.599687874317169 0.594067454338074 0.579476654529572 0.594274699687958 0.592193722724915 0.588210940361023 0.59870046377182 0.593182265758514 0.590132355690002 0.582248270511627 0.576312839984894 0.588429987430573 0.596042215824127 0.599751830101013 0.599123954772949 0.592107176780701 0.583217799663544 0.577115714550018 0.574933588504791 0.586625993251801 0.605226397514343 0.613167107105255 0.613551139831543 0.615845024585724 0.614464819431305 0.608889579772949 0.596005976200104 0.581964612007141 0.562677919864655 0.548047244548798 0.54925674200058 0.549629271030426 0.568579018115997 0.586572825908661 0.599440038204193 0.597309112548828 0.598107159137726 0.605351030826569 0.597635388374329 0.573575854301453 0.563560962677002
0.589723646640778 0.575797200202942 0.580657184123993 0.587234973907471 0.586846947669983 0.576404273509979 0.583030104637146 0.57710725069046 0.570472598075867 0.587529242038727 0.581703901290894 0.569648504257202 0.566195726394653 0.562034726142883 0.562740862369537 0.555418312549591 0.543776631355286 0.556924045085907 0.560211777687073 0.564980149269104 0.570295989513397 0.56978702545166 0.562601029872894 0.561460793018341 0.56658262014389 0.575756430625916 0.599930882453918 0.608606457710266 0.596584677696228 0.588380098342896 0.578741729259491 0.565659582614899 0.554145932197571 0.557347118854523 0.552493870258331 0.543083548545837 0.537614107131958 0.525305092334747 0.550842344760895 0.585953772068024 0.602178573608398 0.591422855854034 0.594690561294556 0.59800261259079 0.585389196872711 0.561134815216064 0.5577033162117
0.569408237934113 0.553995430469513 0.560781240463257 0.570752680301666 0.570591390132904 0.563109219074249 0.571848630905151 0.567003965377808 0.570755362510681 0.5841224193573 0.574678480625153 0.549348413944244 0.534471869468689 0.533332407474518 0.519876062870026 0.518389701843262 0.520278573036194 0.529234290122986 0.53043007850647 0.538014233112335 0.545224606990814 0.548653125762939 0.545519351959229 0.550294637680054 0.561479032039642 0.573245048522949 0.585326790809631 0.564527630805969 0.541383147239685 0.536498725414276 0.543033599853516 0.527921736240387 0.510569989681244 0.510871112346649 0.512365818023682 0.518972098827362 0.525641918182373 0.524529814720154 0.550348281860352 0.579616069793701 0.591734051704407 0.581181287765503 0.592521846294403 0.600093483924866 0.590902149677277 0.571212887763977 0.564320385456085
0.588591873645782 0.587881565093994 0.591511607170105 0.590511679649353 0.58551299571991 0.580987513065338 0.586420238018036 0.590174913406372 0.599673926830292 0.602428436279297 0.585831761360168 0.553155243396759 0.541959583759308 0.538453161716461 0.527086973190308 0.531885385513306 0.529825270175934 0.528426766395569 0.533944427967072 0.555396139621735 0.573152482509613 0.579024016857147 0.571469366550446 0.564754903316498 0.566087067127228 0.575387835502625 0.585474133491516 0.566627740859985 0.538218319416046 0.524725496768951 0.542859673500061 0.541394710540771 0.533430814743042 0.526351511478424 0.520756304264069 0.52759838104248 0.54142290353775 0.559708893299103 0.565728306770325 0.583295941352844 0.599051177501678 0.603028655052185 0.6114821434021 0.626381158828735 0.634766221046448 0.62756073474884 0.614344596862793
