data/1_raw/trimmed_ndre/Od_ndre.625.2012_no_clouds.asc
NCOLS 144 
NROWS 65 
XLLCORNER 512965 
YLLCORNER 5150865 
CELLSIZE 5 
NODATA_value -3.4e+38 
[rows 21 to 41 of 65, columns 94 to 140 of 144]
0.573110282421112 0.571054100990295 0.576857626438141 0.588038742542267 0.591394126415253 0.588142275810242 0.590341866016388 0.595248699188232 0.592024087905884 0.576393485069275 0.562058746814728 0.544962167739868 0.541019558906555 0.553466320037842 0.578694999217987 0.610618531703949 0.628477275371552 0.631701648235321 0.622629463672638 0.616442382335663 0.618787467479706 0.62275642156601 0.618845701217651 0.604038894176483 0.588750541210175 0.560256123542786 0.544906973838806 0.560539782047272 0.582977056503296 0.601165294647217 0.614584386348724 0.624142587184906 0.638032376766205 0.645137429237366 0.645567715167999 -3.4e+38 -3.4e+38 -3.4e+38 -3.4e+38 -3.4e+38 -3.4e+38 -3.4e+38 -3.4e+38 -3.4e+38 -3.4e+38 -3.4e+38 -3.4e+38
0.584901332855225 0.587688803672791 0.596797525882721 0.601292788982391 0.600788354873657 0.601903259754181 0.603546261787415 0.602197289466858 0.594719111919403 0.572555899620056 0.550391256809235 0.53431636095047 0.534243822097778 0.550256609916687 0.567256450653076 0.60092157125473 0.631881833076477 0.640797734260559 0.636613547801971 0.630796074867249 0.638742566108704 0.651013612747192 0.649379193782806 0.634185791015625 0.612929284572601 0.587487399578094 0.557565808296204 0.560317516326904 0.583992958068848 0.601015865802765 0.616827249526978 0.631735324859619 0.642733871936798 0.63820481300354 0.633237361907959 0.641639351844788 0.655419647693634 -3.4e+38 -3.4e+38 -3.4e+38 -3.4e+38 -3.4e+38 -3.4e+38 -3.4e+38 -3.4e+38 -3.4e+38 -3.4e+38
0.602354168891907 0.611977756023407 0.619626045227051 0.616853713989258 0.611142098903656 0.605433225631714 0.603944778442383 0.599767625331879 0.585734903812408 0.55877959728241 0.531052589416504 0.518397092819214 0.510855138301849 0.521922051906586 0.545593976974487 0.577591717243195 0.614427149295807 0.63285106420517 0.633797407150269 0.631548821926117 0.639750421047211 0.649308681488037 0.644080281257629 0.631276965141296 0.624592125415802 0.618704080581665 0.595877349376678 0.580585539340973 0.586587131023407 0.596177697181702 0.611466228961945 0.631647825241089 0.639589071273804 0.632584691047668 0.629367709159851 0.635255753993988 0.646064639091492 0.648452639579773 -3.4e+38 -3.4e+38 -3.4e+38 -3.4e+38 -3.4e+38 -3.4e+38 -3.4e+38 -3.4e+38 -3.4e+38
0.608454465866089 0.622180044651031 0.617283165454865 0.613921642303467 0.616261541843414 0.613547384738922 0.607447564601898 0.590985476970673 0.567068934440613 0.542620182037354 0.512345314025879 0.496833592653275 0.494796842336655 0.50794380903244 0.546514272689819 0.579590260982513 0.609570145606995 0.633583605289459 0.63891613483429 0.635602414608002 0.643812000751495 0.646140575408936 0.636602461338043 0.625375330448151 0.626287817955017 0.633623421192169 0.625988602638245 0.624059021472931 0.615193367004395 0.608411848545074 0.609532117843628 0.629096388816833 0.638857841491699 0.631650626659393 0.632421731948853 0.634743809700012 0.639212965965271 0.640867114067078 0.636580944061279 -3.4e+38 -3.4e+38 -3.4e+38 -3.4e+38 -3.4e+38 -3.4e+38 -3.4e+38 -3.4e+38
0.612408041954041 0.622430324554443 0.608856678009033 0.609095573425293 0.623057007789612 0.62554532289505 0.616850793361664 0.5856072306633 0.546274185180664 0.520564317703247 0.495590955018997 0.497983604669571 0.518384397029877 0.528972923755646 0.556946814060211 0.588722050189972 0.605543971061707 0.631547689437866 0.644337892532349 0.645475924015045 0.656318724155426 0.657401025295258 0.647961854934692 0.640933334827423 0.625470042228699 0.625975847244263 0.636685132980347 0.648952722549438 0.64662492275238 0.631503760814667 0.624180793762207 0.635796904563904 0.639160394668579 0.633940577507019 0.6353759765625 0.633829057216644 0.637025833129883 0.643828809261322 0.644406318664551 -3.4e+38 -3.4e+38 -3.4e+38 -3.4e+38 -3.4e+38 -3.4e+38 -3.4e+38 -3.4e+38
0.620387673377991 0.626911461353302 0.626444578170776 0.6265829205513 0.634236931800842 0.633873224258423 0.62382972240448 0.602297902107239 0.56716114282608 0.537505269050598 0.515783846378326 0.519511222839355 0.545530557632446 0.564650058746338 0.581898391246796 0.59951114654541 0.612693428993225 0.630444407463074 0.643400132656097 0.647940218448639 0.656295239925385 0.660504996776581 0.661633372306824 0.655489802360535 0.629055261611938 0.618435978889465 0.633737981319427 0.650688707828522 0.651019275188446 0.639227151870728 0.638820707798004 0.650101125240326 0.643119513988495 0.628025949001312 0.626189589500427 0.629661381244659 0.635528445243835 0.642783582210541 0.647807240486145 0.654767334461212 -3.4e+38 -3.4e+38 -3.4e+38 -3.4e+38 -3.4e+38 -3.4e+38 -3.4e+38
0.645888984203339 0.648858487606049 0.652697622776031 0.642345905303955 0.641108334064484 0.636963069438934 0.622564315795898 0.605462253093719 0.581836342811584 0.564660787582397 0.55335545539856 0.553911447525024 0.561190128326416 0.571592032909393 0.586602866649628 0.601426839828491 0.619934439659119 0.633999466896057 0.640368103981018 0.649051606655121 0.654708087444305 0.654402375221252 0.657226204872131 0.650762557983398 0.634888768196106 0.627867460250854 0.636527299880981 0.640237390995026 0.628625750541687 0.61210697889328 0.616395950317383 0.631408214569092 0.628882765769958 0.619540691375732 0.619374454021454 0.630882680416107 0.636443376541138 0.639289915561676 0.642295837402344 0.646915137767792 0.644948244094849 -3.4e+38 -3.4e+38 -3.4e+38 -3.4e+38 -3.4e+38 -3.4e+38
0.679457247257233 0.674311697483063 0.66144847869873 0.647501111030579 0.652221858501434 0.650237500667572 0.628702461719513 0.603497922420502 0.579279184341431 0.572608172893524 0.577374935150146 0.582374930381775 0.58768230676651 0.594345271587372 0.606723189353943 0.600414037704468 0.617792904376984 0.642126441001892 0.647347807884216 0.653278827667236 0.654139518737793 0.648523569107056 0.651222348213196 0.649560689926147 0.646862387657166 0.649285078048706 0.660649836063385 0.649396538734436 0.615189135074615 0.585952401161194 0.590454876422882 0.611419379711151 0.61916196346283 0.625111281871796 0.630279242992401 0.636575222015381 0.639952540397644 0.634818613529205 0.634299218654633 0.63851135969162 0.636333882808685 0.641640782356262 -3.4e+38 -3.4e+38 -3.4e+38 -3.4e+38 -3.4e+38
0.692133128643036 0.685942649841309 0.665584921836853 0.656976938247681 0.668248116970062 0.670191049575806 0.639684736728668 0.602612793445587 0.589434504508972 0.590284526348114 0.59985363483429 0.604919910430908 0.618777096271515 0.636548817157745 0.639842092990875 0.623975872993469 0.64137727022171 0.665026724338531 0.665823578834534 0.660684287548065 0.664347350597382 0.669207096099854 0.669458210468292 0.663264751434326 0.657234609127045 0.660344660282135 0.672616839408875 0.670585036277771 0.632608354091644 0.599364161491394 0.60391366481781 0.619319260120392 0.629691779613495 0.634404540061951 0.637737452983856 0.641543507575989 0.641242504119873 0.633407711982727 0.633451759815216 0.6358363032341 0.633485794067383 0.634834825992584 0.635922014713287 -3.4e+38 -3.4e+38 -3.4e+38 -3.4e+38
0.685813903808594 0.690819680690765 0.672045588493347 0.665762901306152 0.676023304462433 0.675785481929779 0.640040934085846 0.600415945053101 0.594625473022461 0.603566288948059 0.610236346721649 0.614330232143402 0.626988530158997 0.64570164680481 0.651930868625641 0.646497547626495 0.662316739559174 0.676364481449127 0.672981739044189 0.664515435695648 0.668304800987244 0.675413131713867 0.673906564712524 0.667258083820343 0.658050179481506 0.650907099246979 0.651854872703552 0.657342791557312 0.645124435424805 0.626268208026886 0.628019571304321 0.628855228424072 0.628437519073486 0.633528828620911 0.640583634376526 0.638464629650116 0.636984348297119 0.638380289077759 0.641808688640594 0.639247536659241 0.63556319475174 0.634412050247192 0.633716404438019 0.632803440093994 -3.4e+38 -3.4e+38 -3.4e+38
0.684787511825562 0.69674015045166 0.677394390106201 0.669421374797821 0.668953895568848 0.656165778636932 0.61730295419693 0.57981264591217 0.584413528442383 0.603550314903259 0.609327912330627 0.608762383460999 0.619149565696716 0.637701809406281 0.647863805294037 0.652507424354553 0.663979709148407 0.667552292346954 0.66313248872757 0.657814383506775 0.661548674106598 0.664626181125641 0.662344753742218 0.658811271190643 0.655937373638153 0.647665143013 0.640026211738586 0.64175146818161 0.6391361951828 0.626986265182495 0.622906863689423 0.628926515579224 0.627085328102112 0.628636002540588 0.634495437145233 0.625849962234497 0.616675555706024 0.623055219650269 0.635102868080139 0.636713087558746 0.636412024497986 0.640187442302704 0.641585826873779 0.638251185417175 0.632303535938263 -3.4e+38 -3.4e+38
0.688457429409027 0.69559383392334 0.676081717014313 0.667968451976776 0.656368792057037 0.628107190132141 0.586515069007874 0.562583148479462 0.573892176151276 0.597582459449768 0.603627502918243 0.606673240661621 0.620119512081146 0.640487670898438 0.645979523658752 0.655936121940613 0.66633677482605 0.661673843860626 0.657195448875427 0.654547393321991 0.654477298259735 0.65792989730835 0.658977746963501 0.655942022800446 0.654522895812988 0.650774657726288 0.64152330160141 0.635452330112457 0.631603360176086 0.619840025901794 0.614806652069092 0.621504545211792 0.619749307632446 0.622195422649384 0.624201416969299 0.619015336036682 0.611662566661835 0.618364155292511 0.630697846412659 0.631161689758301 0.632274746894836 0.636535584926605 0.644923508167267 0.653640508651733 0.63969361782074 0.631760835647583 -3.4e+38
0.689110159873962 0.686762869358063 0.67136162519455 0.663163125514984 0.644245088100433 0.608760714530945 0.577906370162964 0.569341540336609 0.582581996917725 0.607426702976227 0.615476012229919 0.622922599315643 0.643635749816895 0.662950277328491 0.660544276237488 0.675621926784515 0.68487012386322 0.673843920230865 0.664128541946411 0.663828253746033 0.665999710559845 0.663674771785736 0.663251161575317 0.663374543190002 0.662162244319916 0.659527659416199 0.648741364479065 0.638719201087952 0.63447517156601 0.626004278659821 0.623505830764771 0.622554779052734 0.617833971977234 0.63029545545578 0.637191414833069 0.632436394691467 0.628073394298553 0.632200002670288 0.635548293590546 0.634432673454285 0.638253927230835 0.641460478305817 0.648114562034607 0.656942069530487 0.645574450492859 0.638976275920868 0.655559539794922
0.680225968360901 0.681783676147461 0.671922624111176 0.654884517192841 0.636290788650513 0.611152946949005 0.587476968765259 0.581997394561768 0.595737278461456 0.623366355895996 0.641557455062866 0.650042057037354 0.664128005504608 0.678664982318878 0.682850539684296 0.695523142814636 0.696253061294556 0.680525958538055 0.669200778007507 0.674927473068237 0.676570653915405 0.668062388896942 0.669557929039001 0.669922411441803 0.666738748550415 0.660296082496643 0.650683760643005 0.643157780170441 0.640222430229187 0.637449145317078 0.639368951320648 0.633557558059692 0.632516384124756 0.64746481180191 0.649694800376892 0.641442120075226 0.634479224681854 0.634073674678802 0.632287323474884 0.633943021297455 0.640242397785187 0.642551124095917 0.636157691478729 0.638648808002472 0.647729396820068 0.641051054000854 0.654380917549133
0.659019649028778 0.666795670986176 0.66465699672699 0.645166337490082 0.627445578575134 0.614455819129944 0.601233720779419 0.60018914937973 0.611149489879608 0.633829593658447 0.658939301967621 0.668778538703918 0.673446476459503 0.674937129020691 0.679142892360687 0.689351677894592 0.685000956058502 0.670933961868286 0.662802696228027 0.667540729045868 0.665257513523102 0.65463662147522 0.654792726039886 0.656521618366241 0.64969003200531 0.641485333442688 0.63735955953598 0.632970094680786 0.632091343402863 0.634226143360138 0.640019536018372 0.634003758430481 0.638634979724884 0.648531436920166 0.641895711421967 0.632970452308655 0.631696820259094 0.636599779129028 0.636544466018677 0.637471139431 0.637480854988098 0.634791374206543 0.622882544994354 0.630435645580292 0.642096698284149 0.63012021780014 0.648755788803101
0.633651912212372 0.637502610683441 0.641363561153412 0.629196763038635 0.610572814941406 0.6061891913414 0.609621226787567 0.62579208612442 0.640944361686707 0.652546644210815 0.672195494174957 0.68007481098175 0.673003852367401 0.653083860874176 0.646850347518921 0.661762058734894 0.660174012184143 0.650514960289001 0.643238961696625 0.642764925956726 0.640795707702637 0.632112264633179 0.616349279880524 0.608923614025116 0.601163029670715 0.604469776153564 0.61105340719223 0.612665295600891 0.616276264190674 0.624324202537537 0.628089725971222 0.621258497238159 0.631767690181732 0.638707637786865 0.627730429172516 0.620482921600342 0.626432538032532 0.640210568904877 0.646388113498688 0.647340357303619 0.639210522174835 0.625439286231995 0.610390245914459 0.622912466526031 0.63334047794342 0.627694487571716 0.649551272392273
0.649763524532318 0.63188225030899 0.628911554813385 0.626647293567657 0.62803316116333 0.634612083435059 0.64009952545166 0.65566223859787 0.673661351203918 0.683357119560242 0.685497581958771 0.6821608543396 0.67079097032547 0.651009917259216 0.638320744037628 0.637054800987244 0.635270535945892 0.637132346630096 0.638160526752472 0.632169961929321 0.625283241271973 0.625725269317627 0.60444563627243 0.574781239032745 0.560495853424072 0.578305065631866 0.599796295166016 0.603777229785919 0.608173847198486 0.617833256721497 0.62129807472229 0.61847972869873 0.632969081401825 0.640849173069 0.635095059871674 0.632212162017822 0.637261927127838 0.646693110466003 0.650676548480988 0.649982452392578 0.642452716827393 0.625622093677521 0.613804280757904 0.622320830821991 0.621738195419312 0.625252366065979 0.64618843793869
0.679081857204437 0.660185217857361 0.658734977245331 0.659593522548676 0.666240394115448 0.673349738121033 0.67695289850235 0.6838538646698 0.692046821117401 0.694098770618439 0.687279105186462 0.681386470794678 0.677761018276215 0.670240223407745 0.659795939922333 0.643209755420685 0.630031108856201 0.628659725189209 0.634121954441071 0.633177518844604 0.632016241550446 0.648705780506134 0.622651994228363 0.576753079891205 0.556272625923157 0.572052240371704 0.595800042152405 0.609090209007263 0.612679898738861 0.621317327022552 0.627371907234192 0.63544887304306 0.65075945854187 0.652936041355133 0.649194121360779 0.650249898433685 0.656398117542267 0.659420549869537 0.660324394702911 0.65749579668045 0.649257898330688 0.635363698005676 0.627128303050995 0.630244076251984 0.621898114681244 0.624234616756439 -3.4e+38
0.667605042457581 0.660358250141144 0.666625499725342 0.674306452274323 0.674972057342529 0.680454313755035 0.688883721828461 0.69354635477066 0.687283992767334 0.683107256889343 0.683427214622498 0.681147754192352 0.672519326210022 0.659047842025757 0.64981085062027 0.628654778003693 0.593794584274292 0.577648758888245 0.583793461322784 0.598412334918976 0.609058320522308 0.618718147277832 0.610414326190948 0.583473861217499 0.578955709934235 0.598511040210724 0.611747205257416 0.614105641841888 0.615216612815857 0.625400006771088 0.634153604507446 0.640686631202698 0.648621380329132 0.650365173816681 0.648360371589661 0.64934253692627 0.654502093791962 0.653983533382416 0.653517544269562 0.651301145553589 0.645983219146729 0.637101709842682 0.627873122692108 0.626273036003113 -3.4e+38 -3.4e+38 -3.4e+38
0.617112278938293 0.620428383350372 0.635394394397736 0.64510053396225 0.643955290317535 0.646550714969635 0.660246849060059 0.671163380146027 0.669210493564606 0.669308125972748 0.674772143363953 0.670948147773743 0.665871679782867 0.647871732711792 0.619146347045898 0.590003728866577 0.532482206821442 0.487453937530518 0.488789767026901 0.512247383594513 0.535424768924713 0.562681138515472 0.585650384426117 0.575774729251862 0.582283139228821 0.600941479206085 0.604175627231598 0.611972510814667 0.61725926399231 0.622022211551666 0.622004091739655 0.622629523277283 0.628012418746948 0.637050747871399 0.639878749847412 0.63949853181839 0.639707326889038 0.638261079788208 0.635481357574463 0.634825110435486 0.63323575258255 0.627224147319794 -3.4e+38 -3.4e+38 -3.4e+38 -3.4e+38 -3.4e+38
0.480899125337601 0.531838178634644 0.587297856807709 0.619644641876221 0.612816691398621 0.600739657878876 0.61253434419632 0.641649305820465 0.656919717788696 0.650326490402222 0.648331701755524 0.652697443962097 0.652445018291473 0.643047392368317 0.612675786018372 0.569914937019348 0.512487292289734 0.449987322092056 0.443505942821503 0.473686009645462 0.511107325553894 0.559191942214966 0.58754163980484 0.587015390396118 0.59615170955658 0.596518754959106 0.60029661655426 0.624262571334839 0.63677179813385 0.632167816162109 0.624253273010254 0.627991914749146 0.627853155136108 0.633229196071625 0.635772049427032 0.637184739112854 0.63468736410141 0.631368160247803 0.629515111446381 0.629308462142944 -3.4e+38 -3.4e+38 -3.4e+38 -3.4e+38 -3.4e+38 -3.4e+38 -3.4e+38
