data/1_raw/trimmed_ndre/Od_ndre.715.2012_no_clouds.asc
NCOLS 144 
NROWS 65 
XLLCORNER 512965 
YLLCORNER 5150865 
CELLSIZE 5 
NODATA_value -3.4e+38 
[rows 21 to 41 of 65, columns 94 to 140 of 144]
0.377645075321198 0.387035518884659 0.385754078626633 0.382717400789261 0.392529487609863 0.402136236429214 0.407026946544647 0.400260657072067 0.34913232922554 0.293686360120773 0.283441513776779 0.298550128936768 0.328017860651016 0.34464156627655 0.382892340421677 0.412410855293274 0.41047665476799 0.432019263505936 0.453500926494598 0.463448077440262 0.440172284841537 0.419709295034409 0.398398190736771 0.38159567117691 0.376964122056961 0.354601204395294 0.356057643890381 0.375824093818665 0.405108362436295 0.446236580610275 0.466056793928146 0.478668332099915 0.495709419250488 0.535016536712646 0.54601514339447 -3.4e+38 -3.4e+38 -3.4e+38 -3.4e+38 -3.4e+38 -3.4e+38 -3.4e+38 -3.4e+38 -3.4e+38 -3.4e+38 -3.4e+38 -3.4e+38
0.401442229747772 0.406099379062653 0.392050683498383 0.376913279294968 0.385857552289963 0.393367171287537 0.394181609153748 0.367985308170319 0.327166646718979 0.285859048366547 0.272865146398544 0.286822885274887 0.31598624587059 0.344092696905136 0.401282966136932 0.43016728758812 0.435311317443848 0.484852910041809 0.518313348293304 0.515395104885101 0.490322381258011 0.471704035997391 0.45243701338768 0.431543201208115 0.408663004636765 0.375870674848557 0.360136926174164 0.371001392602921 0.410299837589264 0.45123565196991 0.465695112943649 0.459441751241684 0.471287608146667 0.51048481464386 0.53006249666214 0.529386401176453 0.530663728713989 -3.4e+38 -3.4e+38 -3.4e+38 -3.4e+38 -3.4e+38 -3.4e+38 -3.4e+38 -3.4e+38 -3.4e+38 -3.4e+38
0.414870202541351 0.408668786287308 0.409573644399643 0.408921509981155 0.403152406215668 0.392691671848297 0.389354884624481 0.367901772260666 0.32623952627182 0.299269080162048 0.298170506954193 0.30478972196579 0.313907384872437 0.344643920660019 0.406329661607742 0.450238019227982 0.489133685827255 0.533457159996033 0.54908162355423 0.537652134895325 0.519890964031219 0.520732462406158 0.513942718505859 0.482493877410889 0.441123098134995 0.411073237657547 0.379028767347336 0.369486510753632 0.406066566705704 0.446234464645386 0.46088120341301 0.458607852458954 0.473519444465637 0.503711342811584 0.50494509935379 0.519261062145233 0.530045568943024 0.526458024978638 -3.4e+38 -3.4e+38 -3.4e+38 -3.4e+38 -3.4e+38 -3.4e+38 -3.4e+38 -3.4e+38 -3.4e+38
0.426512151956558 0.425106883049011 0.438982039690018 0.448578476905823 0.437657654285431 0.413673937320709 0.397357881069183 0.363315969705582 0.322268337011337 0.302605360746384 0.315726935863495 0.334571272134781 0.341658085584641 0.36679682135582 0.424110263586044 0.485201328992844 0.536187648773193 0.561246335506439 0.563494265079498 0.567348897457123 0.566056072711945 0.561159193515778 0.546035408973694 0.505833029747009 0.475579857826233 0.453750520944595 0.428072303533554 0.405000776052475 0.411966443061829 0.433415204286575 0.441803365945816 0.43962088227272 0.457620412111282 0.475456327199936 0.471042901277542 0.494532942771912 0.516474068164825 0.517651557922363 0.515651762485504 -3.4e+38 -3.4e+38 -3.4e+38 -3.4e+38 -3.4e+38 -3.4e+38 -3.4e+38 -3.4e+38
0.466748237609863 0.471904724836349 0.46649181842804 0.459118217229843 0.454325050115585 0.426863461732864 0.393300592899323 0.353798091411591 0.311144530773163 0.288392156362534 0.308278918266296 0.335053443908691 0.363452672958374 0.398785084486008 0.457429081201553 0.510378181934357 0.55996572971344 0.592135429382324 0.599067509174347 0.603702783584595 0.599054217338562 0.57991760969162 0.553280353546143 0.523765861988068 0.520972907543182 0.497467488050461 0.456190645694733 0.43694794178009 0.423797845840454 0.438222765922546 0.435935705900192 0.429234743118286 0.446198701858521 0.455792933702469 0.458985507488251 0.480246186256409 0.497450262308121 0.504406034946442 0.509200990200043 -3.4e+38 -3.4e+38 -3.4e+38 -3.4e+38 -3.4e+38 -3.4e+38 -3.4e+38 -3.4e+38
0.508315622806549 0.513393938541412 0.489554852247238 0.476692825555801 0.466051399707794 0.429757118225098 0.378957897424698 0.34982842206955 0.323687016963959 0.308403819799423 0.331623822450638 0.359928280115128 0.396890938282013 0.430252224206924 0.476113349199295 0.52509593963623 0.568575143814087 0.602046847343445 0.615879654884338 0.614597499370575 0.606182456016541 0.590590357780457 0.567961513996124 0.553874492645264 0.555725157260895 0.513475239276886 0.457184374332428 0.425063997507095 0.387481123209 0.411989629268646 0.422763139009476 0.415097624063492 0.432153463363647 0.457548797130585 0.471997171640396 0.476500689983368 0.473094284534454 0.48200735449791 0.500540733337402 0.521578431129456 -3.4e+38 -3.4e+38 -3.4e+38 -3.4e+38 -3.4e+38 -3.4e+38 -3.4e+38
0.53744775056839 0.543661594390869 0.527930498123169 0.49386265873909 0.458815336227417 0.413997411727905 0.372646540403366 0.353881150484085 0.345856487751007 0.347858488559723 0.379253387451172 0.405382007360458 0.420331627130508 0.437524199485779 0.475025594234467 0.526303350925446 0.57128918170929 0.60055410861969 0.611345529556274 0.606103479862213 0.599023103713989 0.593843936920166 0.594735026359558 0.592774569988251 0.569803893566132 0.529161095619202 0.470156788825989 0.393954575061798 0.34130784869194 0.381618410348892 0.398808598518372 0.396034717559814 0.415475428104401 0.433534979820251 0.455909669399261 0.474275469779968 0.47734659910202 0.4819355905056 0.490236163139343 0.510265469551086 0.53359580039978 -3.4e+38 -3.4e+38 -3.4e+38 -3.4e+38 -3.4e+38 -3.4e+38
0.596884071826935 0.571182429790497 0.536921620368958 0.489447444677353 0.43906643986702 0.399453938007355 0.371981024742126 0.367220103740692 0.371013939380646 0.384465336799622 0.41772124171257 0.437468558549881 0.434825778007507 0.441777259111404 0.471266359090805 0.526058316230774 0.584847450256348 0.606164455413818 0.606597721576691 0.597186923027039 0.592640995979309 0.595251381397247 0.615660130977631 0.614108562469482 0.585279047489166 0.552704930305481 0.489694058895111 0.386563718318939 0.336736232042313 0.379017353057861 0.375793218612671 0.40191462635994 0.434508174657822 0.438651204109192 0.449392050504684 0.476360857486725 0.501010358333588 0.505527257919312 0.495572149753571 0.490717977285385 0.509148180484772 0.528664946556091 -3.4e+38 -3.4e+38 -3.4e+38 -3.4e+38 -3.4e+38
0.590018570423126 0.569643557071686 0.534934222698212 0.487773239612579 0.430417031049728 0.395329177379608 0.375644028186798 0.377470433712006 0.390531927347183 0.410424679517746 0.427911460399628 0.463200747966766 0.475284814834595 0.471998304128647 0.485567271709442 0.531464517116547 0.592938661575317 0.615133106708527 0.612730741500854 0.599847972393036 0.592010259628296 0.598731160163879 0.613714635372162 0.608504891395569 0.591690361499786 0.567075550556183 0.51167106628418 0.415442138910294 0.383288472890854 0.391390681266785 0.35955223441124 0.41438615322113 0.459784179925919 0.455362617969513 0.453855991363525 0.459881007671356 0.480467945337296 0.493979156017303 0.486461520195007 0.479221105575562 0.491755127906799 0.530310034751892 0.561160445213318 -3.4e+38 -3.4e+38 -3.4e+38 -3.4e+38
0.589741408824921 0.57600200176239 0.547836899757385 0.509420275688171 0.452178210020065 0.400342494249344 0.367727041244507 0.367349982261658 0.400512099266052 0.436049044132233 0.461414068937302 0.518934786319733 0.535847306251526 0.516339838504791 0.510629594326019 0.53289920091629 0.576357245445251 0.601859450340271 0.606708467006683 0.603222191333771 0.600005745887756 0.594299733638763 0.594333708286285 0.597810328006744 0.583533406257629 0.568677365779877 0.533984780311584 0.457195222377777 0.427700400352478 0.405625492334366 0.378078937530518 0.43460014462471 0.46369656920433 0.458486646413803 0.452045351266861 0.45491236448288 0.469177335500717 0.48195469379425 0.482834190130234 0.485253632068634 0.496667504310608 0.517054736614227 0.540355563163757 0.537506401538849 -3.4e+38 -3.4e+38 -3.4e+38
0.607672333717346 0.574633657932281 0.544414460659027 0.504584670066833 0.433234393596649 0.372335314750671 0.340733349323273 0.346574187278748 0.389629364013672 0.432245939970016 0.485617339611053 0.549976408481598 0.56852775812149 0.553194403648376 0.539093375205994 0.548739910125732 0.563767194747925 0.579430758953094 0.595672428607941 0.603101134300232 0.610217273235321 0.59720116853714 0.593494474887848 0.609798967838287 0.575370490550995 0.568287134170532 0.544833898544312 0.474170923233032 0.437237232923508 0.411260277032852 0.409935534000397 0.449076563119888 0.457120388746262 0.454627484083176 0.459937870502472 0.468165099620819 0.477519661188126 0.48178306221962 0.485338091850281 0.48883381485939 0.498091787099838 0.502434015274048 0.521963179111481 0.539566278457642 0.532054781913757 -3.4e+38 -3.4e+38
0.606349289417267 0.57920891046524 0.527261734008789 0.459594637155533 0.377175033092499 0.332819491624832 0.328254252672195 0.350765705108643 0.38583105802536 0.440457224845886 0.504584431648254 0.553429484367371 0.569580078125 0.581929504871368 0.581611454486847 0.579257488250732 0.574796378612518 0.578266322612762 0.593466222286224 0.60771769285202 0.615801990032196 0.607592761516571 0.618111431598663 0.621348679065704 0.577340722084045 0.566083312034607 0.526087820529938 0.441967576742172 0.388728380203247 0.397025883197784 0.426647841930389 0.454974502325058 0.457604318857193 0.459750115871429 0.477624863386154 0.483836084604263 0.483118832111359 0.475633472204208 0.473156422376633 0.480900645256042 0.497602611780167 0.509031891822815 0.528637230396271 0.544690072536469 0.539308547973633 0.533202648162842 -3.4e+38
0.601513683795929 0.564283490180969 0.499854236841202 0.421135306358337 0.356903702020645 0.328932255506516 0.336623191833496 0.364592283964157 0.402263402938843 0.478893220424652 0.547982156276703 0.582949340343475 0.593616008758545 0.592080235481262 0.60214900970459 0.607190907001495 0.595144510269165 0.58854353427887 0.594246864318848 0.605767488479614 0.610385239124298 0.607171833515167 0.618883073329926 0.614283561706543 0.578290283679962 0.556103348731995 0.487809717655182 0.389856934547424 0.349653124809265 0.392361968755722 0.431779682636261 0.462418675422668 0.470728307962418 0.475129276514053 0.483234763145447 0.482797682285309 0.475125133991241 0.462349593639374 0.458823204040527 0.471091359853745 0.502478122711182 0.525599360466003 0.532760739326477 0.540842235088348 0.543126165866852 0.53718513250351 0.525156021118164
0.563414037227631 0.523544609546661 0.471078008413315 0.405877262353897 0.362905204296112 0.358472585678101 0.36923936009407 0.394629508256912 0.437401086091995 0.502781927585602 0.55803769826889 0.594927132129669 0.601187527179718 0.583814740180969 0.597349524497986 0.619697153568268 0.607968628406525 0.592717707157135 0.592167615890503 0.597855508327484 0.586423397064209 0.576347768306732 0.578738808631897 0.583193302154541 0.574483513832092 0.537930965423584 0.468181967735291 0.38651305437088 0.360146373510361 0.404209017753601 0.439130961894989 0.475542783737183 0.48251348733902 0.485329806804657 0.489036053419113 0.488364219665527 0.477957218885422 0.460566282272339 0.460611164569855 0.473691135644913 0.506785154342651 0.525112152099609 0.52056896686554 0.528118968009949 0.534921884536743 0.539082527160645 0.531737804412842
0.525751113891602 0.492219895124435 0.452754825353622 0.415070533752441 0.406772553920746 0.415119111537933 0.42383274435997 0.444476455450058 0.492153972387314 0.549477458000183 0.575262904167175 0.603103160858154 0.599341213703156 0.580964148044586 0.594049334526062 0.612850904464722 0.606156826019287 0.590725958347321 0.589766919612885 0.587804138660431 0.550333738327026 0.521268725395203 0.526393890380859 0.521957516670227 0.521305680274963 0.505206406116486 0.467554658651352 0.422967374324799 0.40103605389595 0.425269097089767 0.461290180683136 0.480141639709473 0.484968036413193 0.495344370603561 0.501180052757263 0.499534577131271 0.489073663949966 0.471360206604004 0.467563420534134 0.480096220970154 0.501715540885925 0.509894788265228 0.510029733181 0.520612955093384 0.526038110256195 0.537400841712952 0.537726044654846
0.516031205654144 0.486862480640411 0.46437481045723 0.4595085978508 0.469385057687759 0.481893748044968 0.498113214969635 0.520292818546295 0.561579287052155 0.589883983135223 0.590876877307892 0.609006524085999 0.592054486274719 0.564900517463684 0.570008218288422 0.58549040555954 0.583721280097961 0.582041084766388 0.582366764545441 0.564927339553833 0.516774713993073 0.470596224069595 0.436346411705017 0.415767580270767 0.432133942842484 0.440944761037827 0.435515135526657 0.434634536504745 0.436840206384659 0.452302783727646 0.478792786598206 0.478610634803772 0.48253932595253 0.501555621623993 0.508134186267853 0.504178464412689 0.494318723678589 0.481639295816422 0.475351959466934 0.480551451444626 0.489541441202164 0.505455672740936 0.521559178829193 0.531060934066772 0.534223675727844 0.544121623039246 0.54625141620636
0.560311913490295 0.532617509365082 0.521693050861359 0.525691151618958 0.526018440723419 0.53974586725235 0.568126499652863 0.589387595653534 0.611198127269745 0.60515284538269 0.595874428749084 0.598667025566101 0.56215113401413 0.536302208900452 0.529056310653687 0.533770442008972 0.539999842643738 0.556346714496613 0.551738739013672 0.518817842006683 0.499608099460602 0.441356748342514 0.354015797376633 0.330120772123337 0.361368596553802 0.386234283447266 0.398965567350388 0.425083220005035 0.455835312604904 0.467531204223633 0.492975056171417 0.502453684806824 0.498044967651367 0.506323933601379 0.507110118865967 0.498223811388016 0.483743637800217 0.475435614585876 0.473786562681198 0.48161655664444 0.493374407291412 0.519262075424194 0.536634206771851 0.541886806488037 0.544400572776794 0.549142479896545 0.541969895362854
0.605315446853638 0.58689022064209 0.585432767868042 0.590326011180878 0.586840867996216 0.590935289859772 0.608627438545227 0.620572984218597 0.616015672683716 0.607334852218628 0.603250503540039 0.577787220478058 0.525064766407013 0.508554518222809 0.487202644348145 0.465659230947495 0.461203396320343 0.472086876630783 0.47265237569809 0.452850550413132 0.45254048705101 0.423283845186234 0.338257908821106 0.319883555173874 0.367013096809387 0.395069241523743 0.40174725651741 0.427668988704681 0.469788789749146 0.496149092912674 0.507582187652588 0.506304919719696 0.505511283874512 0.506551265716553 0.505737721920013 0.49415647983551 0.476062923669815 0.4725381731987 0.477883100509644 0.489082306623459 0.507070481777191 0.532432496547699 0.5456263422966 0.549889087677002 0.546466946601868 0.541824996471405 -3.4e+38
0.594768762588501 0.600927233695984 0.624983370304108 0.62980055809021 0.613711655139923 0.602846741676331 0.617524147033691 0.618764579296112 0.610641419887543 0.613931119441986 0.610664784908295 0.569125771522522 0.505890965461731 0.477697044610977 0.432767629623413 0.370731770992279 0.337593972682953 0.353372901678085 0.386224329471588 0.371092915534973 0.365516304969788 0.383092105388641 0.364151686429977 0.373967617750168 0.412930727005005 0.434179306030273 0.428807646036148 0.436834841966629 0.467100322246552 0.499574303627014 0.493528455495834 0.486736506223679 0.496244221925735 0.497671246528625 0.494682252407074 0.48645880818367 0.476947993040085 0.482203900814056 0.489766031503677 0.489263027906418 0.507679224014282 0.5342156291008 0.536037027835846 0.538435161113739 -3.4e+38 -3.4e+38 -3.4e+38
0.54779589176178 0.574844121932983 0.618695020675659 0.613982498645782 0.586280226707458 0.581928312778473 0.607943892478943 0.596564888954163 0.591955900192261 0.614074945449829 0.610316097736359 0.564464867115021 0.514191031455994 0.461990386247635 0.387048214673996 0.300096124410629 0.265525192022324 0.297550350427628 0.335536152124405 0.315431833267212 0.33833310008049 0.403298646211624 0.420063555240631 0.423701703548431 0.435647010803223 0.452277302742004 0.453464061021805 0.455373585224152 0.464797019958496 0.484474331140518 0.4835245013237 0.481932252645493 0.491051495075226 0.491830229759216 0.492177307605743 0.486401915550232 0.484901398420334 0.498771131038666 0.516694784164429 0.526068985462189 0.523182213306427 0.524487614631653 -3.4e+38 -3.4e+38 -3.4e+38 -3.4e+38 -3.4e+38
0.466702193021774 0.530291020870209 0.576826214790344 0.570699393749237 0.543869495391846 0.546759068965912 0.571287393569946 0.544958889484406 0.55490642786026 0.59617680311203 0.597933828830719 0.560827076435089 0.526836097240448 0.470597147941589 0.378658920526505 0.30096423625946 0.272226631641388 0.28052744269371 0.32064500451088 0.346736937761307 0.398881793022156 0.451679944992065 0.454907536506653 0.449355393648148 0.461278647184372 0.475658684968948 0.485999137163162 0.487121522426605 0.477604359388351 0.480636209249496 0.479217410087585 0.480404883623123 0.489304840564728 0.492317765951157 0.498566806316376 0.49797534942627 0.498057276010513 0.50651341676712 0.527593314647675 0.540236532688141 -3.4e+38 -3.4e+38 -3.4e+38 -3.4e+38 -3.4e+38 -3.4e+38 -3.4e+38
