data/1_raw/trimmed_ndre/Od_ndre.619.2014_no_clouds.asc
NCOLS 144 
NROWS 65 
XLLCORNER 512965 
YLLCORNER 5150865 
CELLSIZE 5 
NODATA_value -3.4e+38 
[rows 21 to 41 of 65, columns 47 to 93 of 144]
0.441713929176331 0.44620680809021 0.465889930725098 0.463066697120667 0.452675580978394 0.451704800128937 0.458389222621918 0.463763236999512 0.460069745779037 0.453030407428741 0.448818564414978 0.442891359329224 0.441618502140045 0.447059154510498 0.442771017551422 0.448592245578766 0.453071147203445 0.449199140071869 0.452160477638245 0.45836141705513 0.463299959897995 0.459491759538651 0.458000928163528 0.44612643122673 0.445066690444946 0.45098215341568 0.442864030599594 0.433986842632294 0.439964354038239 0.444236695766449 0.443095415830612 0.441727787256241 0.437510907649994 0.441167801618576 0.451300799846649 0.441831201314926 0.434404522180557 0.42976576089859 0.424967020750046 0.423264712095261 0.420282632112503 0.423860400915146 0.420844733715057 0.421797335147858 0.421991258859634 0.414871394634247 0.412964731454849
0.44826740026474 0.458148896694183 0.468957513570786 0.459182620048523 0.455714970827103 0.455500364303589 0.449220091104507 0.447611689567566 0.457805544137955 0.462122917175293 0.454194247722626 0.44682177901268 0.447842657566071 0.446402132511139 0.443634122610092 0.451553463935852 0.45320799946785 0.453938871622086 0.456783890724182 0.460859417915344 0.459451884031296 0.446303278207779 0.44198927283287 0.431477278470993 0.425218909978867 0.425188958644867 0.41079580783844 0.398645013570786 0.401130050420761 0.407339811325073 0.415437787771225 0.420701563358307 0.420359700918198 0.422405540943146 0.43350887298584 0.428094059228897 0.419388294219971 0.417660742998123 0.41749519109726 0.414491802453995 0.410318374633789 0.416280478239059 0.413345158100128 0.41469132900238 0.428528398275375 0.430519461631775 0.420523315668106
0.452872276306152 0.461143285036087 0.462880343198776 0.457894414663315 0.461132407188416 0.459105610847473 0.450519740581512 0.448011547327042 0.46385058760643 0.472611844539642 0.462916195392609 0.45616814494133 0.454514801502228 0.456887543201447 0.464886367321014 0.464609652757645 0.453823953866959 0.453503847122192 0.448930859565735 0.443386912345886 0.443625956773758 0.438764810562134 0.426060944795609 0.422493994235992 0.412321895360947 0.399207979440689 0.385381817817688 0.375674098730087 0.374951720237732 0.379709422588348 0.391613125801086 0.399143218994141 0.401031136512756 0.404919475317001 0.410833418369293 0.410115480422974 0.412403583526611 0.419772773981094 0.418224513530731 0.413390785455704 0.408157885074615 0.40986642241478 0.405036211013794 0.403771787881851 0.418226391077042 0.428133070468903 0.418133765459061
0.449298501014709 0.462979108095169 0.464034140110016 0.452065646648407 0.452647298574448 0.456964254379272 0.457601219415665 0.45687460899353 0.463195830583572 0.463112562894821 0.456515669822693 0.457792818546295 0.459003627300262 0.456760138273239 0.457481682300568 0.45724555850029 0.44405010342598 0.445940673351288 0.450750946998596 0.445688277482986 0.445900827646255 0.4435655772686 0.426455348730087 0.434771120548248 0.437520712614059 0.420957714319229 0.408784180879593 0.400042980909348 0.396786779165268 0.398840844631195 0.406419962644577 0.408138960599899 0.410693287849426 0.417472183704376 0.414569407701492 0.411714196205139 0.420500159263611 0.425977945327759 0.419762402772903 0.412767380475998 0.406392991542816 0.401429802179337 0.405455678701401 0.412141263484955 0.412714064121246 0.415728598833084 0.412423849105835
0.432796984910965 0.446784913539886 0.448392450809479 0.438476324081421 0.435237169265747 0.431358993053436 0.433450907468796 0.439673751592636 0.444794416427612 0.441304117441177 0.443798124790192 0.449099868535995 0.447075128555298 0.439141094684601 0.437334686517715 0.44293224811554 0.441740125417709 0.445878326892853 0.455475747585297 0.455118179321289 0.444513857364655 0.437885701656342 0.43380331993103 0.434077173471451 0.432217329740524 0.420224636793137 0.41561022400856 0.423069447278976 0.424123197793961 0.419933319091797 0.418844789266586 0.416122317314148 0.424520879983902 0.428568243980408 0.422871708869934 0.414709568023682 0.413165748119354 0.413285344839096 0.413429200649261 0.414286285638809 0.409939974546432 0.397961407899857 0.402771800756454 0.416180938482285 0.408418416976929 0.406278073787689 0.411719590425491
0.405628502368927 0.409631162881851 0.407919883728027 0.414183527231216 0.414469122886658 0.406620919704437 0.404705613851547 0.41336914896965 0.424508810043335 0.42226767539978 0.425630390644073 0.42912945151329 0.426491767168045 0.425807893276215 0.430039674043655 0.428618520498276 0.421655833721161 0.422453016042709 0.429936230182648 0.434220492839813 0.422831892967224 0.41162633895874 0.404296934604645 0.406087070703506 0.407839626073837 0.394777089357376 0.391554832458496 0.405307859182358 0.410136520862579 0.411160200834274 0.416648179292679 0.421789824962616 0.421326637268066 0.404976516962051 0.403480857610703 0.410865783691406 0.420252025127411 0.41974350810051 0.415535867214203 0.414960920810699 0.411760866641998 0.403936564922333 0.406132787466049 0.413339197635651 0.413201510906219 0.415064245462418 0.414729207754135
0.396860003471375 0.401467740535736 0.40144082903862 0.407225400209427 0.406814128160477 0.398944526910782 0.396764069795609 0.404780924320221 0.413863867521286 0.412873089313507 0.420007705688477 0.416611641645432 0.409930735826492 0.41240867972374 0.413294047117233 0.410908490419388 0.414543330669403 0.415817409753799 0.413358092308044 0.408115804195404 0.406667530536652 0.412736177444458 0.410574048757553 0.409175306558609 0.405227422714233 0.394063770771027 0.397822052240372 0.411306619644165 0.409581005573273 0.401929378509521 0.408675581216812 0.419313490390778 0.41670623421669 0.401483476161957 0.408049196004868 0.423653692007065 0.434251040220261 0.435125440359116 0.430695563554764 0.424483060836792 0.420576691627502 0.415025651454926 0.414264887571335 0.419027090072632 0.425255596637726 0.438138514757156 0.449992835521698
0.402273207902908 0.39366802573204 0.397224366664886 0.406113535165787 0.407665073871613 0.402196019887924 0.400409519672394 0.409639358520508 0.413486391305923 0.414024919271469 0.425424098968506 0.422017425298691 0.408338576555252 0.407520264387131 0.409924983978271 0.412563443183899 0.427074074745178 0.429379552602768 0.423007249832153 0.41913828253746 0.419569134712219 0.425312370061874 0.428693264722824 0.428387820720673 0.421186417341232 0.411627799272537 0.413840144872665 0.418452501296997 0.416958332061768 0.411303281784058 0.409414321184158 0.409058004617691 0.417444586753845 0.418528407812119 0.420092582702637 0.429925888776779 0.432252049446106 0.424678921699524 0.4224573969841 0.418136030435562 0.413507431745529 0.415270060300827 0.423908948898315 0.434856772422791 0.446275740861893 0.455187767744064 0.460293054580688
0.424668371677399 0.414722234010696 0.409154891967773 0.408392876386642 0.40840220451355 0.413125932216644 0.418269753456116 0.424305409193039 0.418009996414185 0.41273495554924 0.414558917284012 0.410792917013168 0.407005250453949 0.411272913217545 0.415214538574219 0.416067242622375 0.422933369874954 0.420594155788422 0.410628646612167 0.417256295681 0.427121818065643 0.429472088813782 0.429363250732422 0.422106772661209 0.417546659708023 0.417739182710648 0.419403314590454 0.417671084403992 0.416864991188049 0.421178132295609 0.423353910446167 0.419863492250443 0.420491874217987 0.423994302749634 0.420934230089188 0.422549188137054 0.422737300395966 0.422489821910858 0.428286552429199 0.425481647253036 0.409731030464172 0.41094121336937 0.428841799497604 0.435821682214737 0.448945134878159 0.455119490623474 0.441919654607773
0.443956583738327 0.445289850234985 0.437614798545837 0.43057581782341 0.423028290271759 0.422702968120575 0.42729464173317 0.428959488868713 0.420497268438339 0.416427075862885 0.417336940765381 0.416430532932281 0.41069307923317 0.4110267162323 0.409218490123749 0.418247312307358 0.423553079366684 0.416670054197311 0.407895654439926 0.410765260457993 0.419733166694641 0.432044327259064 0.43552953004837 0.42833998799324 0.422184109687805 0.422133892774582 0.423142462968826 0.421446532011032 0.426953613758087 0.429314762353897 0.42499914765358 0.423308730125427 0.421982854604721 0.428477555513382 0.433912098407745 0.440526336431503 0.442767649888992 0.436047792434692 0.433889329433441 0.433779090642929 0.424747496843338 0.420160353183746 0.431949585676193 0.438417613506317 0.455401450395584 0.456938654184341 0.45170396566391
0.433115661144257 0.43942528963089 0.445732623338699 0.440435469150543 0.427900820970535 0.421365171670914 0.423100411891937 0.424103111028671 0.41983225941658 0.421215623617172 0.426116973161697 0.424740076065063 0.411718338727951 0.41160973906517 0.407947391271591 0.41087794303894 0.410886496305466 0.416315019130707 0.418423354625702 0.418796092271805 0.423516780138016 0.430080384016037 0.432441055774689 0.430616557598114 0.42884773015976 0.430068612098694 0.426704674959183 0.419097065925598 0.422730326652527 0.425371646881104 0.423075556755066 0.423198640346527 0.420445322990417 0.425511837005615 0.436797946691513 0.452910453081131 0.460052162408829 0.446270555257797 0.425406277179718 0.421162009239197 0.42473691701889 0.422638088464737 0.433846861124039 0.452371835708618 0.465928852558136 0.467802971601486 0.473265737295151
0.423473805189133 0.426732629537582 0.431321114301682 0.426728546619415 0.418691635131836 0.419629275798798 0.422936111688614 0.424456834793091 0.425053209066391 0.425287127494812 0.427466958761215 0.41976734995842 0.412116557359695 0.413205295801163 0.407482743263245 0.407706558704376 0.407440602779388 0.415287017822266 0.415949702262878 0.417261719703674 0.430659472942352 0.425675302743912 0.420807600021362 0.422899186611176 0.425954759120941 0.43059229850769 0.424185216426849 0.412532567977905 0.411623626947403 0.417865216732025 0.421958535909653 0.421774357557297 0.420249104499817 0.435180008411407 0.445322811603546 0.453239530324936 0.454784244298935 0.446389079093933 0.43088287115097 0.42618602514267 0.432047545909882 0.434801250696182 0.448865354061127 0.469245284795761 0.471410542726517 0.47917377948761 0.491439908742905
0.426163852214813 0.420850604772568 0.421176582574844 0.419975519180298 0.419915854930878 0.424185335636139 0.422961503267288 0.422502458095551 0.425929367542267 0.425310432910919 0.425240039825439 0.408352643251419 0.404495716094971 0.418060064315796 0.413520961999893 0.418601393699646 0.416201710700989 0.407410681247711 0.408989638090134 0.418542712926865 0.428344160318375 0.41961070895195 0.415210098028183 0.414214670658112 0.417035043239594 0.421772837638855 0.412884682416916 0.400138676166534 0.406148612499237 0.420051246881485 0.430870920419693 0.443407714366913 0.449311226606369 0.458234637975693 0.462382435798645 0.462362289428711 0.45697894692421 0.44741827249527 0.429294258356094 0.424020498991013 0.434981435537338 0.447754412889481 0.4607814848423 0.472507029771805 0.477746784687042 0.480665773153305 0.488778442144394
0.451998740434647 0.439115136861801 0.431892365217209 0.42464080452919 0.427800714969635 0.429568827152252 0.419874668121338 0.419124275445938 0.426947087049484 0.423505634069443 0.420126110315323 0.4132379591465 0.415783554315567 0.425048291683197 0.418200880289078 0.419041246175766 0.419319748878479 0.412220776081085 0.411769717931747 0.422650665044785 0.423282206058502 0.41624590754509 0.41322648525238 0.408337026834488 0.408657938241959 0.409756302833557 0.398849248886108 0.382458597421646 0.385801494121552 0.406680375337601 0.43307688832283 0.461823701858521 0.473629921674728 0.470547020435333 0.472508490085602 0.466573238372803 0.455186307430267 0.447672635316849 0.431119918823242 0.427800923585892 0.431810408830643 0.435014724731445 0.451308071613312 0.46382349729538 0.477077186107635 0.482089877128601 0.487965285778046
0.480589807033539 0.473526030778885 0.466879457235336 0.458910018205643 0.45831772685051 0.449789792299271 0.429718285799026 0.427472591400146 0.4400594830513 0.435965180397034 0.425105422735214 0.428543120622635 0.429676026105881 0.427661567926407 0.430739015340805 0.428810864686966 0.430851012468338 0.431214183568954 0.428818315267563 0.438231617212296 0.428735643625259 0.423507153987885 0.431442886590958 0.429396569728851 0.422787070274353 0.412983000278473 0.397077232599258 0.384870886802673 0.391231328248978 0.413937747478485 0.442232251167297 0.463890343904495 0.477368950843811 0.478024363517761 0.473821580410004 0.47399178147316 0.46880567073822 0.456881582736969 0.441899538040161 0.437198460102081 0.436521887779236 0.441013783216476 0.452466905117035 0.460441261529922 0.473560750484467 0.489349365234375 0.498153030872345
0.494872063398361 0.488571107387543 0.485982030630112 0.483105689287186 0.482616066932678 0.477122843265533 0.460538804531097 0.457339107990265 0.458485662937164 0.4497130215168 0.439997762441635 0.438037008047104 0.442667692899704 0.449737519025803 0.456705331802368 0.451845079660416 0.453804224729538 0.456776231527328 0.458774387836456 0.462812572717667 0.460206836462021 0.459980696439743 0.461860805749893 0.457392036914825 0.452769011259079 0.447191804647446 0.439534455537796 0.437610059976578 0.440481007099152 0.447482019662857 0.463136494159698 0.475627422332764 0.488742291927338 0.488501161336899 0.48115000128746 0.485879868268967 0.48794224858284 0.477486699819565 0.460038274526596 0.458229601383209 0.449997395277023 0.452550053596497 0.466273844242096 0.485445648431778 0.500903725624084 0.50956130027771 0.510824620723724
0.478619337081909 0.472809433937073 0.472553819417953 0.478239387273788 0.476756513118744 0.46698009967804 0.455310553312302 0.455978482961655 0.460625231266022 0.460042715072632 0.450909942388535 0.44761797785759 0.449510276317596 0.454780280590057 0.461846530437469 0.459263473749161 0.467393964529037 0.474437057971954 0.469531863927841 0.473715335130692 0.482582271099091 0.48316901922226 0.475406259298325 0.464718490839005 0.458566039800644 0.456733196973801 0.463341742753983 0.474370241165161 0.476307928562164 0.473138600587845 0.475307762622833 0.484618335962296 0.492705315351486 0.490157753229141 0.483968377113342 0.478726714849472 0.474703013896942 0.461624890565872 0.451095193624496 0.452978432178497 0.44361799955368 0.447476983070374 0.462000399827957 0.476379990577698 0.483348995447159 0.483392745256424 0.479848474264145
0.461274951696396 0.461287587881088 0.461979478597641 0.470878183841705 0.470986247062683 0.465505957603455 0.449648857116699 0.445091515779495 0.456230342388153 0.461827278137207 0.4507215321064 0.441414475440979 0.441274136304855 0.446283042430878 0.45269387960434 0.446456402540207 0.44751638174057 0.462413430213928 0.461896300315857 0.469710677862167 0.475274413824081 0.474083304405212 0.470252335071564 0.465747684240341 0.45982351899147 0.451195895671844 0.451506525278091 0.46467649936676 0.470192551612854 0.467681437730789 0.460899353027344 0.473045110702515 0.48176708817482 0.469674199819565 0.457911819219589 0.448590070009232 0.44848769903183 0.4425890147686 0.436086088418961 0.433508396148682 0.432410389184952 0.438774734735489 0.43901526927948 0.438370585441589 0.436258107423782 0.432997643947601 0.41483548283577
0.47626519203186 0.479894757270813 0.48389208316803 0.483773469924927 0.482611507177353 0.480706483125687 0.46755975484848 0.463660597801208 0.466446161270142 0.464198678731918 0.450355291366577 0.440497428178787 0.441770970821381 0.45306271314621 0.452672392129898 0.44497075676918 0.445729225873947 0.451774120330811 0.448511481285095 0.461823463439941 0.470313459634781 0.469382047653198 0.469867050647736 0.468665271997452 0.462263077497482 0.452108353376389 0.453349530696869 0.466293573379517 0.476951777935028 0.473140835762024 0.464138269424438 0.467312395572662 0.472669064998627 0.458552032709122 0.447897702455521 0.437973350286484 0.438326716423035 0.448245853185654 0.449182957410812 0.443923503160477 0.436903148889542 0.434464663267136 0.437263995409012 0.436811923980713 0.437396913766861 0.438822269439697 0.421647369861603
0.494173139333725 0.495261073112488 0.499056339263916 0.494600266218185 0.490498960018158 0.483976602554321 0.472666561603546 0.475202471017838 0.471429139375687 0.46481066942215 0.460685431957245 0.456837773323059 0.450835734605789 0.453423321247101 0.45307782292366 0.453178256750107 0.457005530595779 0.45140129327774 0.452640801668167 0.469450324773788 0.472062259912491 0.468294739723206 0.467921525239944 0.467965394258499 0.462531358003616 0.458291172981262 0.467110097408295 0.478483617305756 0.484819412231445 0.484054028987885 0.481668323278427 0.46767920255661 0.455780267715454 0.444815784692764 0.438002377748489 0.446210443973541 0.45358270406723 0.466714888811111 0.474425941705704 0.464681416749954 0.461869239807129 0.461726188659668 0.467918336391449 0.474473804235458 0.472377389669418 0.470417529344559 0.46805876493454
0.500378012657166 0.497113943099976 0.494950234889984 0.492176175117493 0.491068542003632 0.483633428812027 0.478248834609985 0.484968215227127 0.477794051170349 0.469457417726517 0.471903443336487 0.473908364772797 0.461832225322723 0.447861820459366 0.442876756191254 0.446396917104721 0.456666499376297 0.453415185213089 0.449776649475098 0.460645943880081 0.463836520910263 0.457165271043777 0.454050153493881 0.458458095788956 0.456654220819473 0.454102128744125 0.465818226337433 0.477669209241867 0.479079604148865 0.47120326757431 0.463429689407349 0.457040518522263 0.449748963117599 0.436318695545197 0.430754452943802 0.447738587856293 0.45664581656456 0.46418496966362 0.462262362241745 0.459806710481644 0.47453647851944 0.487607300281525 0.487617671489716 0.489919275045395 0.487946778535843 0.491530895233154 0.499213546514511
