data/1_raw/trimmed_ndre/Od_ndre.715.2012_no_clouds.asc
NCOLS 144 
NROWS 65 
XLLCORNER 512965 
YLLCORNER 5150865 
CELLSIZE 5 
NODATA_value -3.4e+38 
[rows 21 to 41 of 65, columns 47 to 93 of 144]
0.521001935005188 0.531582772731781 0.544904291629791 0.545262515544891 0.538349092006683 0.532467007637024 0.515275239944458 0.525412619113922 0.550583124160767 0.531228721141815 0.530913293361664 0.540814757347107 0.532975494861603 0.519329369068146 0.525005161762238 0.527976989746094 0.516448020935059 0.508977472782135 0.517018258571625 0.528934001922607 0.528809666633606 0.524656474590302 0.523668110370636 0.524842202663422 0.513601422309875 0.507002890110016 0.513883233070374 0.507440567016602 0.505482494831085 0.498929768800735 0.487983226776123 0.475833564996719 0.466992318630219 0.470368206501007 0.458941280841827 0.448452264070511 0.435315668582916 0.422146141529083 0.417288482189178 0.404659807682037 0.393691778182983 0.381117463111877 0.365048825740814 0.360029876232147 0.355568826198578 0.355410009622574 0.366355180740356
0.513676285743713 0.515680134296417 0.518359124660492 0.521792650222778 0.524934887886047 0.5179722905159 0.518174588680267 0.519474029541016 0.53483521938324 0.52924120426178 0.530812680721283 0.541982114315033 0.542458593845367 0.526265382766724 0.512303590774536 0.497935891151428 0.50784820318222 0.522184908390045 0.521654605865479 0.529487609863281 0.524928450584412 0.51886111497879 0.513938128948212 0.507337629795074 0.496120572090149 0.492305517196655 0.492811113595963 0.487147212028503 0.48631888628006 0.478756695985794 0.46890252828598 0.457181602716446 0.441595435142517 0.433466613292694 0.419383466243744 0.416781961917877 0.408291339874268 0.396579772233963 0.382413029670715 0.357469260692596 0.357924550771713 0.36307430267334 0.364038228988647 0.36955925822258 0.369494199752808 0.377265483140945 0.3924840092659
0.496144741773605 0.495110899209976 0.484630018472672 0.479377299547195 0.48758065700531 0.491836667060852 0.503222703933716 0.499210834503174 0.508479952812195 0.522515058517456 0.527209043502808 0.533708274364471 0.524296164512634 0.502916991710663 0.494858831167221 0.488901048898697 0.502239644527435 0.517392754554749 0.514393866062164 0.522411286830902 0.51384699344635 0.506417095661163 0.497188121080399 0.485765367746353 0.471252977848053 0.466563552618027 0.466003358364105 0.464835047721863 0.454673558473587 0.448579251766205 0.443386912345886 0.425752937793732 0.410851776599884 0.402629047632217 0.392937958240509 0.395715624094009 0.385824888944626 0.372808992862701 0.356056243181229 0.330678045749664 0.333812147378922 0.346798866987228 0.359442859888077 0.377499163150787 0.386890143156052 0.399624526500702 0.415178835391998
0.472319632768631 0.474844396114349 0.471889525651932 0.465673357248306 0.458332479000092 0.466180145740509 0.476043790578842 0.477654665708542 0.492691576480865 0.501671969890594 0.508564054965973 0.509920001029968 0.492108553647995 0.475524306297302 0.492130249738693 0.506909191608429 0.506174921989441 0.504779994487762 0.499139666557312 0.497322171926498 0.490199148654938 0.487609356641769 0.475527316331863 0.458410710096359 0.440185725688934 0.431065887212753 0.432499349117279 0.434034556150436 0.416325509548187 0.406904995441437 0.408245176076889 0.395711898803711 0.388690143823624 0.384962767362595 0.37937992811203 0.385146856307983 0.378542214632034 0.365244120359421 0.354328602552414 0.348672240972519 0.356443971395493 0.36530414223671 0.381003826856613 0.402162820100784 0.405592858791351 0.408163905143738 0.424603641033173
0.448561698198318 0.444697827100754 0.441158086061478 0.434405416250229 0.427083283662796 0.443457007408142 0.454619646072388 0.454905301332474 0.462876826524734 0.463991791009903 0.467373579740524 0.468840926885605 0.465510427951813 0.46888267993927 0.484041005373001 0.490468084812164 0.478320181369781 0.469833761453629 0.465786129236221 0.461879312992096 0.455075234174728 0.452129751443863 0.449121415615082 0.441779434680939 0.418872088193893 0.403811126947403 0.400126248598099 0.39311558008194 0.376759588718414 0.375086694955826 0.385736972093582 0.384679168462753 0.385250926017761 0.382630378007889 0.38532167673111 0.400658011436462 0.391217738389969 0.374377489089966 0.361500531435013 0.359481185674667 0.373157173395157 0.380479902029037 0.397490859031677 0.422179222106934 0.436183720827103 0.44335725903511 0.459565609693527
0.414626806974411 0.401598006486893 0.39590921998024 0.388987123966217 0.395676374435425 0.418328791856766 0.429185450077057 0.425697684288025 0.423620015382767 0.420088052749634 0.420526415109634 0.423339426517487 0.429387807846069 0.442682236433029 0.444883346557617 0.436180353164673 0.42663300037384 0.424221962690353 0.428390055894852 0.432017832994461 0.421765744686127 0.417474001646042 0.420071095228195 0.424060195684433 0.415713369846344 0.404835343360901 0.394535064697266 0.368760883808136 0.356761902570724 0.37435257434845 0.383697599172592 0.385831028223038 0.393243074417114 0.393180221319199 0.405337691307068 0.418470978736877 0.404294312000275 0.385263085365295 0.373072326183319 0.373847752809525 0.385694772005081 0.392984867095947 0.409269243478775 0.427241951227188 0.444886952638626 0.466567724943161 0.48705592751503
0.385712236166 0.377136051654816 0.371979504823685 0.365390002727509 0.381091415882111 0.403226584196091 0.405610769987106 0.401134371757507 0.396200656890869 0.39369535446167 0.396975696086884 0.402403563261032 0.39953476190567 0.40105214715004 0.402153521776199 0.390316903591156 0.389031678438187 0.394307672977448 0.39696854352951 0.408856749534607 0.404070675373077 0.400058329105377 0.397112995386124 0.387577950954437 0.386447012424469 0.390646189451218 0.389910459518433 0.360423773527145 0.359473168849945 0.392184525728226 0.391852647066116 0.385151535272598 0.396421670913696 0.413670927286148 0.425172597169876 0.417993277311325 0.408244967460632 0.39973059296608 0.387787669897079 0.390626966953278 0.398590683937073 0.418386280536652 0.451518803834915 0.479671388864517 0.502448260784149 0.523878693580627 0.533341825008392
0.3896364569664 0.381884336471558 0.375776290893555 0.364543110132217 0.374917894601822 0.391412407159805 0.394241690635681 0.392874598503113 0.388008087873459 0.383611589670181 0.387840867042542 0.387500017881393 0.375960260629654 0.377492129802704 0.391599237918854 0.385648787021637 0.377084374427795 0.371384352445602 0.373924523591995 0.387442857027054 0.393995374441147 0.404284447431564 0.400784075260162 0.385495513677597 0.384354829788208 0.394721001386642 0.389179110527039 0.362373411655426 0.377046644687653 0.418450117111206 0.414590328931808 0.400369375944138 0.406429618597031 0.436702281236649 0.448651939630508 0.426134765148163 0.403704673051834 0.39884427189827 0.391442000865936 0.39322903752327 0.409244567155838 0.441418707370758 0.499767750501633 0.540470778942108 0.564474105834961 0.580154120922089 0.593695640563965
0.410390883684158 0.407432913780212 0.396755695343018 0.379981607198715 0.378870040178299 0.388278812170029 0.393550097942352 0.390706449747086 0.387773007154465 0.381519973278046 0.381432712078094 0.372957676649094 0.364308744668961 0.372212558984756 0.38306075334549 0.384909152984619 0.387057363986969 0.375258982181549 0.367494523525238 0.376314491033554 0.394241243600845 0.414290398359299 0.41469806432724 0.403985261917114 0.401995718479156 0.411472976207733 0.401147395372391 0.372873991727829 0.394391983747482 0.427285522222519 0.428092390298843 0.422789961099625 0.424001306295395 0.443346738815308 0.457418233156204 0.439997255802155 0.416068106889725 0.402686387300491 0.372673958539963 0.366728842258453 0.418821662664413 0.472225576639175 0.529095649719238 0.569437861442566 0.581185460090637 0.576810002326965 0.579175174236298
0.414852142333984 0.423279374837875 0.41814336180687 0.400451749563217 0.39389568567276 0.393127083778381 0.393929868936539 0.391421020030975 0.389810293912888 0.384557694196701 0.379292488098145 0.367364853620529 0.359283268451691 0.368393212556839 0.374632596969604 0.38607519865036 0.40366917848587 0.394049078226089 0.377497613430023 0.377809435129166 0.39278718829155 0.413321375846863 0.419817537069321 0.412666231393814 0.402613341808319 0.40045228600502 0.404013246297836 0.393659651279449 0.405547916889191 0.419122844934464 0.418484508991241 0.426673620939255 0.446757405996323 0.471582740545273 0.477955341339111 0.467485696077347 0.444866150617599 0.40805983543396 0.358114898204803 0.361114591360092 0.43384650349617 0.485330671072006 0.536866009235382 0.579785525798798 0.604872584342957 0.613079011440277 0.601430416107178
0.408860713243484 0.425998508930206 0.429854452610016 0.416773319244385 0.410679161548615 0.402284145355225 0.395061761140823 0.395538926124573 0.393102198839188 0.389893114566803 0.378040701150894 0.358269512653351 0.357796490192413 0.370657920837402 0.376976430416107 0.389393866062164 0.407558470964432 0.403884083032608 0.384600043296814 0.382770419120789 0.400136202573776 0.412538945674896 0.41157278418541 0.415314674377441 0.405434817075729 0.39506471157074 0.411712050437927 0.419527113437653 0.419514238834381 0.421727955341339 0.433773964643478 0.452015995979309 0.484893590211868 0.507305681705475 0.500764131546021 0.482141405344009 0.446112364530563 0.394329905509949 0.345198601484299 0.364911943674088 0.437299251556396 0.498813688755035 0.54979681968689 0.585402488708496 0.620419442653656 0.63756936788559 0.628440022468567
0.433681219816208 0.437492370605469 0.437785089015961 0.424938470125198 0.423762708902359 0.427598625421524 0.414075255393982 0.407383143901825 0.403221070766449 0.400590300559998 0.385598659515381 0.363709628582001 0.369380205869675 0.388316988945007 0.395282089710236 0.392765700817108 0.397284716367722 0.404353380203247 0.398252546787262 0.402324050664902 0.420053571462631 0.424265116453171 0.418562442064285 0.436805725097656 0.434266358613968 0.423830807209015 0.432309806346893 0.446002125740051 0.454380661249161 0.465336441993713 0.484069913625717 0.49512705206871 0.519011437892914 0.525322794914246 0.504792392253876 0.49316531419754 0.453971683979034 0.390239924192429 0.35124334692955 0.374858468770981 0.442119002342224 0.517358958721161 0.572590112686157 0.601247429847717 0.619315505027771 0.621164083480835 0.608506321907043
0.481468617916107 0.464839816093445 0.456887185573578 0.445947796106339 0.444385915994644 0.447008609771729 0.432910978794098 0.422161161899567 0.409506142139435 0.405702263116837 0.404121160507202 0.39903324842453 0.398174822330475 0.409733355045319 0.41535285115242 0.403495997190475 0.405249536037445 0.424622267484665 0.425660103559494 0.427215814590454 0.437550395727158 0.446224510669708 0.447397321462631 0.462766528129578 0.470944941043854 0.468103229999542 0.470864742994308 0.48356705904007 0.494761496782303 0.508298814296722 0.526359915733337 0.533588647842407 0.540682077407837 0.543811798095703 0.530325353145599 0.524243533611298 0.471505969762802 0.40386825799942 0.381570488214493 0.408103257417679 0.459816008806229 0.542529463768005 0.602154314517975 0.615157246589661 0.617549896240234 0.619012534618378 0.611706137657166
0.506295800209045 0.491720080375671 0.491401374340057 0.481865882873535 0.472157090902328 0.451292008161545 0.432471334934235 0.429790288209915 0.421247631311417 0.419164031744003 0.431654304265976 0.441634386777878 0.429299145936966 0.428091287612915 0.434436112642288 0.425572603940964 0.434520393610001 0.454500317573547 0.455874383449554 0.456972062587738 0.471175521612167 0.485773116350174 0.485910564661026 0.480835437774658 0.482177555561066 0.495773553848267 0.513172328472137 0.519975244998932 0.515297770500183 0.522456884384155 0.543997406959534 0.5539510846138 0.557414829730988 0.559004664421082 0.547957599163055 0.525826930999756 0.463875144720078 0.407888650894165 0.404227912425995 0.440751224756241 0.483864456415176 0.567001044750214 0.609693765640259 0.616197407245636 0.619627773761749 0.619896233081818 0.603123366832733
0.52937924861908 0.531971991062164 0.5281782746315 0.519940853118896 0.515363931655884 0.499290406703949 0.483778446912766 0.476364374160767 0.457939982414246 0.442981034517288 0.448225110769272 0.466867238283157 0.474980443716049 0.476843178272247 0.472620248794556 0.457999706268311 0.46303054690361 0.477342277765274 0.485034376382828 0.492115318775177 0.506726145744324 0.518363356590271 0.512206256389618 0.493309795856476 0.483132392168045 0.504534602165222 0.529301047325134 0.534160852432251 0.526746988296509 0.534028649330139 0.558888494968414 0.572736084461212 0.567949116230011 0.542753040790558 0.511233687400818 0.481182515621185 0.436151772737503 0.414339154958725 0.435412138700485 0.472381055355072 0.515856146812439 0.582661092281342 0.608729660511017 0.609521269798279 0.606131017208099 0.608257293701172 0.57805347442627
0.568165123462677 0.566269874572754 0.551742196083069 0.548940181732178 0.544979333877563 0.538124859333038 0.536946058273315 0.52618408203125 0.495585501194 0.468809843063354 0.469276815652847 0.487901568412781 0.495629787445068 0.507145166397095 0.503187417984009 0.487593859434128 0.498840570449829 0.516452550888062 0.521285653114319 0.518841564655304 0.52337646484375 0.52574348449707 0.520127058029175 0.486543267965317 0.470595985651016 0.498141258955002 0.517796516418457 0.538159608840942 0.54946631193161 0.560869753360748 0.567648768424988 0.571253776550293 0.544183909893036 0.496728301048279 0.453410387039185 0.423308789730072 0.411130487918854 0.428227484226227 0.474582195281982 0.503534317016602 0.547353684902191 0.60052615404129 0.610646069049835 0.601043283939362 0.593584597110748 0.593038439750671 0.559163272380829
0.606417715549469 0.581010639667511 0.582519710063934 0.585870325565338 0.565880179405212 0.555325448513031 0.555337846279144 0.545089781284332 0.51605236530304 0.492425948381424 0.484702706336975 0.483935296535492 0.478963941335678 0.49251389503479 0.497222602367401 0.498181045055389 0.509708344936371 0.519188284873962 0.529157161712646 0.526505172252655 0.517780900001526 0.501151978969574 0.480837017297745 0.450720757246017 0.449963629245758 0.486189693212509 0.501496613025665 0.525274574756622 0.553628742694855 0.55446058511734 0.539835453033447 0.53114914894104 0.494406580924988 0.443639516830444 0.403826504945755 0.389217346906662 0.408814072608948 0.449387460947037 0.504584431648254 0.530177652835846 0.573768198490143 0.612062513828278 0.606493830680847 0.59468412399292 0.59324711561203 0.597032725811005 0.5836341381073
0.623001933097839 0.593760967254639 0.608432769775391 0.607697308063507 0.58001846075058 0.56533271074295 0.562034666538239 0.551064252853394 0.523158311843872 0.491286814212799 0.475692987442017 0.472164362668991 0.473511964082718 0.481658697128296 0.468990504741669 0.459188103675842 0.460845619440079 0.477038890123367 0.503113090991974 0.508794128894806 0.489052414894104 0.457749366760254 0.437244087457657 0.426117062568665 0.437723606824875 0.47261768579483 0.511832475662231 0.555135309696198 0.563744366168976 0.521933913230896 0.483345985412598 0.47000977396965 0.433926373720169 0.3978650867939 0.390342861413956 0.396080106496811 0.427027821540833 0.482440978288651 0.544313430786133 0.561601161956787 0.589794635772705 0.60546749830246 0.59210342168808 0.585461735725403 0.593723773956299 0.606317043304443 0.612676739692688
0.616701245307922 0.599458515644073 0.611172318458557 0.60553115606308 0.588516235351562 0.578386008739471 0.569776713848114 0.549197375774384 0.51949268579483 0.47813481092453 0.451929867267609 0.432226598262787 0.424613028764725 0.427538841962814 0.411545127630234 0.398975908756256 0.407942801713943 0.446822136640549 0.491488456726074 0.50370728969574 0.481287688016891 0.454414427280426 0.437699884176254 0.430597931146622 0.472290545701981 0.518499195575714 0.551602363586426 0.574963688850403 0.558865070343018 0.494599550962448 0.423827528953552 0.393554925918579 0.371937662363052 0.376259922981262 0.398095995187759 0.411879807710648 0.452530652284622 0.500965535640717 0.540929317474365 0.55289214849472 0.569584965705872 0.573309242725372 0.560289084911346 0.556534588336945 0.567128777503967 0.567818701267242 0.580626428127289
0.610155701637268 0.600419640541077 0.5958651304245 0.58380264043808 0.569329857826233 0.571795105934143 0.571367740631104 0.554778158664703 0.526899099349976 0.480252772569656 0.437517702579498 0.400453120470047 0.37207567691803 0.373061746358871 0.372902721166611 0.371688663959503 0.387597262859344 0.437403649091721 0.500637829303741 0.523444712162018 0.507205069065094 0.479260116815567 0.447109043598175 0.454110234975815 0.511005401611328 0.546595752239227 0.549998223781586 0.536047756671906 0.50200879573822 0.445707023143768 0.388300597667694 0.357448905706406 0.344928860664368 0.366651326417923 0.390281289815903 0.400860518217087 0.440546929836273 0.465902477502823 0.488254338502884 0.508832573890686 0.521281242370605 0.494641572237015 0.444822192192078 0.437828660011292 0.463011056184769 0.472659319639206 0.507234573364258
0.617936372756958 0.603035628795624 0.591337740421295 0.591571271419525 0.576740324497223 0.579272627830505 0.579818069934845 0.563576340675354 0.54559987783432 0.519334614276886 0.48105251789093 0.431146264076233 0.394004911184311 0.375500380992889 0.362657189369202 0.356781423091888 0.376928299665451 0.428721129894257 0.493820905685425 0.523983359336853 0.512848973274231 0.490844398736954 0.454064577817917 0.473779559135437 0.518307447433472 0.521156072616577 0.531791865825653 0.511110842227936 0.45317268371582 0.404684752225876 0.377426445484161 0.357194840908051 0.338035464286804 0.342689841985703 0.387482672929764 0.427471905946732 0.437551617622375 0.44151496887207 0.449514508247375 0.459750175476074 0.469379544258118 0.43548259139061 0.377142041921616 0.377225399017334 0.394976675510406 0.401985764503479 0.426236420869827
