data/1_raw/trimmed_ndre/Od_ndre.715.2013_no_clouds.asc
NCOLS 144 
NROWS 65 
XLLCORNER 512965 
YLLCORNER 5150865 
CELLSIZE 5 
NODATA_value -3.4e+38 
[rows 42 to 62 of 65, columns 0 to 46 of 144]
-3.4e+38 -3.4e+38 -3.4e+38 -3.4e+38 -3.4e+38 -3.4e+38 -3.4e+38 -3.4e+38 -3.4e+38 -3.4e+38 -3.4e+38 -3.4e+38 -3.4e+38 -3.4e+38 -3.4e+38 -3.4e+38 -3.4e+38 -3.4e+38 -3.4e+38 -3.4e+38 -3.4e+38 0.418219715356827 0.410605669021606 0.407326012849808 0.40267813205719 0.387290209531784 0.385480880737305 0.384848028421402 0.38024827837944 0.369931906461716 0.351245522499084 0.332174152135849 0.333535611629486 0.371786534786224 0.432351887226105 0.482955098152161 0.504105865955353 0.526419997215271 0.547167122364044 0.553103268146515 0.553355276584625 0.5379319190979 0.524487018585205 0.52286571264267 0.515141665935516 0.50508713722229 0.511222720146179
-3.4e+38 -3.4e+38 -3.4e+38 -3.4e+38 -3.4e+38 -3.4e+38 -3.4e+38 -3.4e+38 -3.4e+38 -3.4e+38 -3.4e+38 -3.4e+38 -3.4e+38 -3.4e+38 -3.4e+38 -3.4e+38 -3.4e+38 -3.4e+38 -3.4e+38 0.442629814147949 0.431038051843643 0.419751524925232 0.420616894960403 0.434010207653046 0.421242564916611 0.393228977918625 0.382846504449844 0.378394812345505 0.384418815374374 0.37730148434639 0.360713720321655 0.350711226463318 0.36264306306839 0.403357028961182 0.450859665870667 0.492970913648605 0.506181478500366 0.515947282314301 0.525126039981842 0.526832342147827 0.522030472755432 0.514230251312256 0.505627691745758 0.510779559612274 0.517722010612488 0.494187563657761 0.48818451166153
-3.4e+38 -3.4e+38 -3.4e+38 -3.4e+38 -3.4e+38 -3.4e+38 -3.4e+38 -3.4e+38 -3.4e+38 -3.4e+38 -3.4e+38 -3.4e+38 -3.4e+38 -3.4e+38 -3.4e+38 -3.4e+38 -3.4e+38 -3.4e+38 0.426872938871384 0.427612245082855 0.408792018890381 0.399721294641495 0.413537323474884 0.428110241889954 0.419061779975891 0.400650978088379 0.388315498828888 0.381158739328384 0.386484801769257 0.380400359630585 0.366733461618423 0.367846310138702 0.403331130743027 0.448806196451187 0.463914334774017 0.489967465400696 0.499128341674805 0.490594834089279 0.473962754011154 0.467960894107819 0.474627554416656 0.48000779747963 0.469484359025955 0.467778563499451 0.483570516109467 0.473270922899246 0.476101249456406
-3.4e+38 -3.4e+38 -3.4e+38 -3.4e+38 -3.4e+38 -3.4e+38 -3.4e+38 -3.4e+38 -3.4e+38 -3.4e+38 -3.4e+38 -3.4e+38 -3.4e+38 -3.4e+38 -3.4e+38 -3.4e+38 -3.4e+38 0.384802788496017 0.376562833786011 0.363403350114822 0.360805124044418 0.37995433807373 0.398493111133575 0.403075158596039 0.407465040683746 0.414214283227921 0.399973094463348 0.385408490896225 0.388315111398697 0.38660341501236 0.373239636421204 0.381460130214691 0.431244611740112 0.466629922389984 0.46661639213562 0.477837443351746 0.470445036888123 0.447011590003967 0.431517630815506 0.430941998958588 0.440158814191818 0.444879472255707 0.441989421844482 0.439585328102112 0.452959090471268 0.470290154218674 0.476332873106003
-3.4e+38 -3.4e+38 -3.4e+38 -3.4e+38 -3.4e+38 -3.4e+38 -3.4e+38 -3.4e+38 -3.4e+38 -3.4e+38 -3.4e+38 -3.4e+38 -3.4e+38 -3.4e+38 -3.4e+38 -3.4e+38 0.365612119436264 0.362457275390625 0.34782612323761 0.330924391746521 0.337133198976517 0.372916609048843 0.396346628665924 0.401185065507889 0.417852222919464 0.4361951649189 0.417283236980438 0.38980370759964 0.388516366481781 0.394643843173981 0.391484081745148 0.395536839962006 0.438755512237549 0.459639072418213 0.446883708238602 0.443463891744614 0.429207175970078 0.419405609369278 0.420466840267181 0.424276322126389 0.434270620346069 0.451576322317123 0.464887142181396 0.465882539749146 0.472011178731918 0.483742117881775 0.490489780902863
-3.4e+38 -3.4e+38 -3.4e+38 -3.4e+38 -3.4e+38 -3.4e+38 -3.4e+38 -3.4e+38 -3.4e+38 -3.4e+38 -3.4e+38 -3.4e+38 -3.4e+38 -3.4e+38 -3.4e+38 0.346806854009628 0.350372910499573 0.366343945264816 0.370988786220551 0.353357374668121 0.345895677804947 0.370031028985977 0.406071215867996 0.422867923974991 0.442503660917282 0.461627036333084 0.445169180631638 0.419083267450333 0.412249356508255 0.417441964149475 0.418927729129791 0.410159677267075 0.430869668722153 0.433288872241974 0.419148415327072 0.419955164194107 0.415761649608612 0.42255038022995 0.445580393075943 0.464088678359985 0.481515437364578 0.495112657546997 0.50091814994812 0.506174564361572 0.525850117206573 0.53552919626236 0.529669761657715
-3.4e+38 -3.4e+38 -3.4e+38 -3.4e+38 -3.4e+38 -3.4e+38 -3.4e+38 -3.4e+38 -3.4e+38 -3.4e+38 -3.4e+38 -3.4e+38 -3.4e+38 -3.4e+38 0.32372659444809 0.337744683027267 0.362610399723053 0.379552483558655 0.376121819019318 0.384104251861572 0.387901037931442 0.398241251707077 0.422861397266388 0.43452051281929 0.453156411647797 0.484233170747757 0.478045046329498 0.462452411651611 0.460710018873215 0.446296989917755 0.437502205371857 0.428371071815491 0.424506843090057 0.431064039468765 0.427885979413986 0.436866074800491 0.467067331075668 0.485615819692612 0.511633098125458 0.523238301277161 0.527149736881256 0.520983517169952 0.517984867095947 0.539383232593536 0.565679907798767 0.565071225166321 0.552760362625122
-3.4e+38 -3.4e+38 -3.4e+38 -3.4e+38 -3.4e+38 -3.4e+38 -3.4e+38 -3.4e+38 -3.4e+38 -3.4e+38 -3.4e+38 -3.4e+38 -3.4e+38 0.300198614597321 0.326395958662033 0.368186742067337 0.386585831642151 0.392898857593536 0.405122697353363 0.429416716098785 0.443084001541138 0.440376430749893 0.441601246595383 0.465726375579834 0.493553638458252 0.509881198406219 0.504058063030243 0.498607873916626 0.499976396560669 0.491118431091309 0.478199005126953 0.463652670383453 0.452774316072464 0.467802733182907 0.46921718120575 0.490055173635483 0.520946681499481 0.537313520908356 0.547492623329163 0.547555983066559 0.533659994602203 0.531750380992889 0.533443450927734 0.541463553905487 0.550831317901611 0.550473392009735 0.542717635631561
-3.4e+38 -3.4e+38 -3.4e+38 -3.4e+38 -3.4e+38 -3.4e+38 -3.4e+38 -3.4e+38 -3.4e+38 -3.4e+38 -3.4e+38 -3.4e+38 0.329026341438293 0.322964578866959 0.360531836748123 0.410835415124893 0.41935533285141 0.441345810890198 0.463349640369415 0.470444530248642 0.466445237398148 0.468409985303879 0.477599501609802 0.496573954820633 0.5097616314888 0.511456608772278 0.510236918926239 0.515867650508881 0.513908088207245 0.503801345825195 0.501329481601715 0.499790191650391 0.493412554264069 0.505246579647064 0.522684633731842 0.534467399120331 0.53519594669342 0.534445762634277 0.539324522018433 0.537289321422577 0.524767279624939 0.524715721607208 0.525740683078766 0.514389753341675 0.516019403934479 0.527236580848694 0.525519847869873
-3.4e+38 -3.4e+38 -3.4e+38 -3.4e+38 -3.4e+38 -3.4e+38 -3.4e+38 -3.4e+38 -3.4e+38 -3.4e+38 -3.4e+38 0.360834091901779 0.366014510393143 0.36361700296402 0.404614150524139 0.451691031455994 0.451223164796829 0.484137892723083 0.509121358394623 0.510961353778839 0.502703368663788 0.503877818584442 0.507962346076965 0.501450657844543 0.487926512956619 0.485684335231781 0.498491525650024 0.515238463878632 0.512433111667633 0.499348729848862 0.504409670829773 0.515193045139313 0.526581466197968 0.53777951002121 0.536470711231232 0.535746693611145 0.527468502521515 0.513371407985687 0.51953512430191 0.51790988445282 0.505505800247192 0.499067097902298 0.499708861112595 0.501824796199799 0.499090194702148 0.503083109855652 0.504349172115326
-3.4e+38 -3.4e+38 -3.4e+38 -3.4e+38 -3.4e+38 -3.4e+38 -3.4e+38 -3.4e+38 -3.4e+38 -3.4e+38 0.369029492139816 0.383318036794662 0.388382643461227 0.401701897382736 0.424790173768997 0.455203324556351 0.463061481714249 0.487078577280045 0.519310116767883 0.524514734745026 0.521578013896942 0.524542629718781 0.524075627326965 0.518547058105469 0.503860652446747 0.503014981746674 0.516347467899323 0.522040963172913 0.527632713317871 0.518578171730042 0.516974449157715 0.538699626922607 0.536417543888092 0.521836936473846 0.508818745613098 0.511765420436859 0.518121540546417 0.511277198791504 0.503827333450317 0.495937079191208 0.486283868551254 0.478109270334244 0.472826212644577 0.467407375574112 0.461272686719894 0.459563463926315 0.472628980875015
-3.4e+38 -3.4e+38 -3.4e+38 -3.4e+38 -3.4e+38 -3.4e+38 -3.4e+38 -3.4e+38 -3.4e+38 0.364105463027954 0.38445645570755 0.404250383377075 0.407972872257233 0.422796607017517 0.42587748169899 0.445293933153152 0.465355038642883 0.482650429010391 0.509300887584686 0.519265115261078 0.528443157672882 0.536043167114258 0.533324837684631 0.54005241394043 0.543022155761719 0.547048091888428 0.546376645565033 0.538512527942657 0.53210312128067 0.524169027805328 0.519676387310028 0.522929012775421 0.506340026855469 0.486072838306427 0.474567234516144 0.486829310655594 0.498156905174255 0.49754598736763 0.48192885518074 0.471984177827835 0.466185867786407 0.452291548252106 0.450180202722549 0.442824840545654 0.422886371612549 0.415289223194122 0.430878877639771
-3.4e+38 -3.4e+38 -3.4e+38 -3.4e+38 -3.4e+38 -3.4e+38 -3.4e+38 -3.4e+38 0.375202000141144 0.385921865701675 0.41189306974411 0.425685077905655 0.427509963512421 0.434096038341522 0.442320257425308 0.454829275608063 0.467875778675079 0.49227249622345 0.516597986221313 0.529727578163147 0.543126344680786 0.549473583698273 0.541878938674927 0.547108829021454 0.551730871200562 0.556336462497711 0.545792758464813 0.532726407051086 0.523403167724609 0.510783553123474 0.48877364397049 0.481055587530136 0.47484079003334 0.470961928367615 0.456136763095856 0.454648822546005 0.473196089267731 0.474508106708527 0.463680505752563 0.455943435430527 0.448328912258148 0.439902871847153 0.445486038923264 0.438915461301804 0.414102882146835 0.400144457817078 0.400102496147156
-3.4e+38 -3.4e+38 -3.4e+38 -3.4e+38 -3.4e+38 -3.4e+38 -3.4e+38 0.404008448123932 0.398487359285355 0.410788625478745 0.441651254892349 0.449357241392136 0.442972093820572 0.444114983081818 0.46376046538353 0.47985053062439 0.482489317655563 0.513057768344879 0.543922960758209 0.548288762569427 0.545412659645081 0.543618083000183 0.530004262924194 0.521794378757477 0.518248677253723 0.527238011360168 0.524271011352539 0.510589957237244 0.499583423137665 0.477836906909943 0.456927359104156 0.460630655288696 0.45626562833786 0.458875954151154 0.444173842668533 0.439911037683487 0.469204425811768 0.473268449306488 0.464105606079102 0.458673119544983 0.451425135135651 0.441480189561844 0.438478469848633 0.438813537359238 0.435862302780151 0.430798083543777 0.423547834157944
-3.4e+38 -3.4e+38 -3.4e+38 -3.4e+38 -3.4e+38 -3.4e+38 0.363680720329285 0.381623119115829 0.413937628269196 0.436119556427002 0.456233859062195 0.459629595279694 0.448755264282227 0.458313345909119 0.46373039484024 0.47267684340477 0.487393528223038 0.508865773677826 0.534329056739807 0.525673508644104 0.51117479801178 0.511786580085754 0.499905824661255 0.495299011468887 0.482557982206345 0.476248383522034 0.481029689311981 0.475338518619537 0.47057256102562 0.461576551198959 0.45165091753006 0.451926618814468 0.44421848654747 0.443854093551636 0.442406356334686 0.447968453168869 0.463415920734406 0.464413464069366 0.461668193340302 0.461479157209396 0.456279277801514 0.442787438631058 0.43916854262352 0.445109009742737 0.455880582332611 0.45746037364006 0.448062241077423
-3.4e+38 -3.4e+38 -3.4e+38 -3.4e+38 -3.4e+38 0.383698254823685 0.372324973344803 0.383866280317307 0.433878570795059 0.448102951049805 0.45041897892952 0.459033668041229 0.470066875219345 0.470108330249786 0.449852854013443 0.448142677545547 0.476003646850586 0.48644694685936 0.488061010837555 0.475836843252182 0.470980435609818 0.478640466928482 0.470005601644516 0.465171813964844 0.450192958116531 0.443132132291794 0.44771420955658 0.444472134113312 0.443444818258286 0.445504695177078 0.444775313138962 0.440482974052429 0.433573663234711 0.435598015785217 0.442001581192017 0.445932805538177 0.449466824531555 0.448642015457153 0.447914898395538 0.449500352144241 0.448884040117264 0.442524939775467 0.442046344280243 0.445162832736969 0.446547091007233 0.441124230623245 0.436117678880692
-3.4e+38 -3.4e+38 -3.4e+38 -3.4e+38 0.379898399114609 0.38491889834404 0.388489902019501 0.403736680746078 0.438217997550964 0.458840221166611 0.46551376581192 0.484711021184921 0.496847361326218 0.470226287841797 0.466139793395996 0.449508547782898 0.447129189968109 0.44657090306282 0.435199439525604 0.442155569791794 0.465399146080017 0.465653300285339 0.441954016685486 0.429281502962112 0.436494439840317 0.447707444429398 0.438063442707062 0.421579629182816 0.409416317939758 0.423411667346954 0.436236023902893 0.432272702455521 0.429269045591354 0.432402580976486 0.442658424377441 0.444810211658478 0.441043555736542 0.439556151628494 0.442045122385025 0.443322151899338 0.440368205308914 0.434536904096603 0.437885284423828 0.440177947282791 0.436731487512589 0.429514050483704 0.428375214338303
-3.4e+38 -3.4e+38 -3.4e+38 0.390484154224396 0.395251899957657 0.385953605175018 0.384193509817123 0.401174366474152 0.436103403568268 0.461445301771164 0.474939942359924 0.497365027666092 0.489129662513733 0.456130146980286 0.448378026485443 0.430337488651276 0.412661880254745 0.414735466241837 0.412936598062515 0.412489652633667 0.426264017820358 0.430450618267059 0.414725750684738 0.408749222755432 0.425441056489944 0.448898613452911 0.436999708414078 0.41066312789917 0.393774449825287 0.412827163934708 0.435485422611237 0.439864337444305 0.437230378389359 0.437010645866394 0.445268541574478 0.451426953077316 0.446966230869293 0.439892619848251 0.44473996758461 0.452186971902847 0.443494647741318 0.430701553821564 0.433890819549561 0.443423360586166 0.440012514591217 0.433752357959747 0.431607604026794
-3.4e+38 -3.4e+38 0.411674022674561 0.409734308719635 0.422079294919968 0.413616418838501 0.407084167003632 0.412967473268509 0.432439863681793 0.451261609792709 0.462732642889023 0.462072342634201 0.446105360984802 0.426785618066788 0.41525787115097 0.405732989311218 0.398730784654617 0.405035495758057 0.40892568230629 0.405302792787552 0.418484658002853 0.420779436826706 0.408613353967667 0.411017090082169 0.414707660675049 0.43075492978096 0.433306396007538 0.414135426282883 0.410178422927856 0.423979431390762 0.436712771654129 0.444926470518112 0.44613054394722 0.442532181739807 0.445909857749939 0.454790621995926 0.455964714288712 0.4496690928936 0.463046759366989 0.471438258886337 0.456892371177673 0.438007682561874 0.436954855918884 0.44194421172142 0.439289331436157 0.43528801202774 0.433561146259308
-3.4e+38 0.421162813901901 0.420716345310211 0.429633527994156 0.438747644424438 0.42313539981842 0.411750227212906 0.416968584060669 0.419259637594223 0.441780507564545 0.46430829167366 0.445173025131226 0.413503080606461 0.412007182836533 0.400526255369186 0.393670648336411 0.395343959331512 0.398431986570358 0.419304221868515 0.435063630342484 0.44841530919075 0.440855860710144 0.424427032470703 0.431180864572525 0.424732565879822 0.428936570882797 0.433637976646423 0.422100007534027 0.433825254440308 0.44189178943634 0.436605632305145 0.442599058151245 0.447661519050598 0.44480687379837 0.44549486041069 0.458266258239746 0.465431720018387 0.462199866771698 0.469735980033875 0.472331911325455 0.465639591217041 0.449413239955902 0.433831572532654 0.431106835603714 0.430743396282196 0.431120365858078 0.433061629533768
0.377960354089737 0.414609134197235 0.4267598092556 0.429062962532043 0.432576179504395 0.399353921413422 0.395429909229279 0.406799137592316 0.404604852199554 0.424931764602661 0.444048196077347 0.42367023229599 0.396111816167831 0.412736266851425 0.417416602373123 0.410147130489349 0.417084366083145 0.420655488967896 0.437050879001617 0.456602841615677 0.462656855583191 0.449470996856689 0.436799228191376 0.439149409532547 0.43432492017746 0.438279092311859 0.436439424753189 0.427449703216553 0.443087846040726 0.447162926197052 0.43941143155098 0.441585332155228 0.446402579545975 0.451002955436707 0.45686674118042 0.464752107858658 0.469063967466354 0.462858378887177 0.455840826034546 0.458227872848511 0.470460474491119 0.460058182477951 0.440591663122177 0.433729112148285 0.433983832597733 0.443675458431244 0.455656737089157
