data/1_raw/trimmed_ndre/Od_ndre.615.2013_no_clouds.asc
NCOLS 144 
NROWS 65 
XLLCORNER 512965 
YLLCORNER 5150865 
CELLSIZE 5 
NODATA_value -3.4e+38 
[rows 42 to 62 of 65, columns 0 to 46 of 144]
-3.4e+38 -3.4e+38 -3.4e+38 -3.4e+38 -3.4e+38 -3.4e+38 -3.4e+38 -3.4e+38 -3.4e+38 -3.4e+38 -3.4e+38 -3.4e+38 -3.4e+38 -3.4e+38 -3.4e+38 -3.4e+38 -3.4e+38 -3.4e+38 -3.4e+38 -3.4e+38 -3.4e+38 0.455964684486389 0.451824337244034 0.450609564781189 0.452451050281525 0.450017094612122 0.438720494508743 0.423618763685226 0.408099889755249 0.395699143409729 0.397092193365097 0.405463308095932 0.418466359376907 0.44010466337204 0.462280511856079 0.462042331695557 0.471208721399307 0.486387431621552 0.497007876634598 0.519944250583649 0.530219912528992 0.522532165050507 0.519513487815857 0.528671383857727 0.535256743431091 0.530502200126648 0.524405300617218
-3.4e+38 -3.4e+38 -3.4e+38 -3.4e+38 -3.4e+38 -3.4e+38 -3.4e+38 -3.4e+38 -3.4e+38 -3.4e+38 -3.4e+38 -3.4e+38 -3.4e+38 -3.4e+38 -3.4e+38 -3.4e+38 -3.4e+38 -3.4e+38 -3.4e+38 0.431162685155869 0.44652858376503 0.442716479301453 0.437512278556824 0.432058990001678 0.432447493076324 0.427945703268051 0.416976898908615 0.40304160118103 0.396687626838684 0.383151650428772 0.386604487895966 0.407198339700699 0.428254693746567 0.448034465312958 0.472343444824219 0.486332088708878 0.498969793319702 0.502909660339355 0.501928508281708 0.518929898738861 0.533297955989838 0.52783864736557 0.520564079284668 0.523078739643097 0.527248024940491 0.522930145263672 0.51606160402298
-3.4e+38 -3.4e+38 -3.4e+38 -3.4e+38 -3.4e+38 -3.4e+38 -3.4e+38 -3.4e+38 -3.4e+38 -3.4e+38 -3.4e+38 -3.4e+38 -3.4e+38 -3.4e+38 -3.4e+38 -3.4e+38 -3.4e+38 -3.4e+38 0.426031142473221 0.440145224332809 0.455810308456421 0.451178938150406 0.447070986032486 0.427195519208908 0.404885798692703 0.393794506788254 0.376702547073364 0.380048304796219 0.387131184339523 0.378335654735565 0.386127442121506 0.417424321174622 0.447198420763016 0.450667411088943 0.481773912906647 0.513019323348999 0.516340553760529 0.520763278007507 0.517401397228241 0.518336415290833 0.530349731445312 0.523268759250641 0.50799685716629 0.5085529088974 0.514215171337128 0.510821640491486 0.504130661487579
-3.4e+38 -3.4e+38 -3.4e+38 -3.4e+38 -3.4e+38 -3.4e+38 -3.4e+38 -3.4e+38 -3.4e+38 -3.4e+38 -3.4e+38 -3.4e+38 -3.4e+38 -3.4e+38 -3.4e+38 -3.4e+38 -3.4e+38 0.486150443553925 0.47135129570961 0.464482069015503 0.467883825302124 0.468830734491348 0.46268031001091 0.444466650485992 0.416907668113708 0.395668864250183 0.372162640094757 0.379243433475494 0.404676079750061 0.41911318898201 0.433828055858612 0.456831425428391 0.477757811546326 0.479105800390244 0.500405967235565 0.534530341625214 0.536427021026611 0.540313482284546 0.526699066162109 0.511965155601501 0.519096910953522 0.51220029592514 0.494779646396637 0.490407526493073 0.49889287352562 0.501367449760437 0.49800905585289
-3.4e+38 -3.4e+38 -3.4e+38 -3.4e+38 -3.4e+38 -3.4e+38 -3.4e+38 -3.4e+38 -3.4e+38 -3.4e+38 -3.4e+38 -3.4e+38 -3.4e+38 -3.4e+38 -3.4e+38 -3.4e+38 0.504730522632599 0.512609899044037 0.509966254234314 0.498835146427155 0.494227021932602 0.485772222280502 0.477506011724472 0.471770077943802 0.459647476673126 0.443060785531998 0.425971180200577 0.434437900781631 0.464230090379715 0.488283187150955 0.492572486400604 0.496439456939697 0.518066585063934 0.533079206943512 0.533190786838531 0.544309139251709 0.544819116592407 0.536413431167603 0.52279144525528 0.510480284690857 0.513448715209961 0.508443713188171 0.498136639595032 0.502644717693329 0.516014516353607 0.515564858913422 0.511745870113373
-3.4e+38 -3.4e+38 -3.4e+38 -3.4e+38 -3.4e+38 -3.4e+38 -3.4e+38 -3.4e+38 -3.4e+38 -3.4e+38 -3.4e+38 -3.4e+38 -3.4e+38 -3.4e+38 -3.4e+38 0.504439234733582 0.502331078052521 0.502370595932007 0.492184847593307 0.484345853328705 0.491003900766373 0.488557666540146 0.486134618520737 0.490983843803406 0.499893724918365 0.50837230682373 0.509839355945587 0.50839239358902 0.516735732555389 0.524132966995239 0.522962093353271 0.524303019046783 0.551965653896332 0.566427767276764 0.545447170734406 0.547132253646851 0.538291871547699 0.524941921234131 0.526016175746918 0.518765389919281 0.522702157497406 0.528729438781738 0.521760880947113 0.530011713504791 0.544773161411285 0.544100999832153 0.537227928638458
-3.4e+38 -3.4e+38 -3.4e+38 -3.4e+38 -3.4e+38 -3.4e+38 -3.4e+38 -3.4e+38 -3.4e+38 -3.4e+38 -3.4e+38 -3.4e+38 -3.4e+38 -3.4e+38 0.516891598701477 0.488557457923889 0.475162535905838 0.466839730739594 0.457849949598312 0.460107803344727 0.478467911481857 0.490445554256439 0.495996356010437 0.503352582454681 0.515966594219208 0.533084690570831 0.543216943740845 0.538357615470886 0.530686378479004 0.532405257225037 0.541261732578278 0.548233389854431 0.556401908397675 0.556011080741882 0.539447844028473 0.538934826850891 0.526604175567627 0.519245862960815 0.532784104347229 0.525206685066223 0.521994054317474 0.528382956981659 0.525575697422028 0.532235860824585 0.545543909072876 0.546158909797668 0.537347733974457
-3.4e+38 -3.4e+38 -3.4e+38 -3.4e+38 -3.4e+38 -3.4e+38 -3.4e+38 -3.4e+38 -3.4e+38 -3.4e+38 -3.4e+38 -3.4e+38 -3.4e+38 0.534816324710846 0.505069017410278 0.484696567058563 0.464224070310593 0.455452501773834 0.460213422775269 0.465521961450577 0.481829583644867 0.499311774969101 0.508394122123718 0.519958436489105 0.525002300739288 0.522619366645813 0.532211780548096 0.540693402290344 0.539958417415619 0.538642525672913 0.537427127361298 0.533981204032898 0.523695707321167 0.528548896312714 0.523062586784363 0.507735729217529 0.509880363941193 0.512061595916748 0.508854985237122 0.495900958776474 0.490487456321716 0.495612978935242 0.501776099205017 0.507972776889801 0.51176130771637 0.503959059715271 0.493807852268219
-3.4e+38 -3.4e+38 -3.4e+38 -3.4e+38 -3.4e+38 -3.4e+38 -3.4e+38 -3.4e+38 -3.4e+38 -3.4e+38 -3.4e+38 -3.4e+38 0.556531488895416 0.54121595621109 0.513674437999725 0.503250122070312 0.481376528739929 0.471451133489609 0.478666931390762 0.476081758737564 0.487432897090912 0.503328919410706 0.509239137172699 0.532094061374664 0.541244506835938 0.534984946250916 0.54081118106842 0.545367181301117 0.53547340631485 0.520011901855469 0.5069580078125 0.497945010662079 0.494090229272842 0.492931008338928 0.491455167531967 0.484605669975281 0.491773784160614 0.488772004842758 0.465586632490158 0.446057170629501 0.460598945617676 0.472564905881882 0.467442244291306 0.456439822912216 0.449492752552032 0.439372837543488 0.437468618154526
-3.4e+38 -3.4e+38 -3.4e+38 -3.4e+38 -3.4e+38 -3.4e+38 -3.4e+38 -3.4e+38 -3.4e+38 -3.4e+38 -3.4e+38 0.559406042098999 0.572430312633514 0.56660270690918 0.543915927410126 0.526803910732269 0.496618062257767 0.489611148834229 0.503845036029816 0.50354015827179 0.510250151157379 0.510025978088379 0.506580710411072 0.523920059204102 0.532426297664642 0.530320048332214 0.534363210201263 0.523038983345032 0.504551768302917 0.485151290893555 0.476132303476334 0.470424264669418 0.46834522485733 0.464177638292313 0.466745048761368 0.468884289264679 0.467579036951065 0.465879082679749 0.45626825094223 0.443116396665573 0.436527460813522 0.441594451665878 0.430370628833771 0.409463733434677 0.397788912057877 0.395146310329437 0.395391047000885
-3.4e+38 -3.4e+38 -3.4e+38 -3.4e+38 -3.4e+38 -3.4e+38 -3.4e+38 -3.4e+38 -3.4e+38 -3.4e+38 0.554987847805023 0.575243830680847 0.590951263904572 0.586142659187317 0.566700458526611 0.535248458385468 0.502560913562775 0.493343830108643 0.50600129365921 0.516521155834198 0.525595188140869 0.516308784484863 0.509956359863281 0.520114302635193 0.520855605602264 0.520237982273102 0.51397579908371 0.493300229310989 0.480011850595474 0.475460201501846 0.465918570756912 0.465956211090088 0.46211901307106 0.453978836536407 0.448145031929016 0.44778910279274 0.451718598604202 0.450714886188507 0.444001019001007 0.430329233407974 0.413897514343262 0.417068034410477 0.408568859100342 0.395101577043533 0.389306247234344 0.376703351736069 0.375988334417343
-3.4e+38 -3.4e+38 -3.4e+38 -3.4e+38 -3.4e+38 -3.4e+38 -3.4e+38 -3.4e+38 -3.4e+38 0.549334704875946 0.554205596446991 0.579203069210052 0.595540642738342 0.587495505809784 0.573003351688385 0.539420962333679 0.504774868488312 0.483556240797043 0.485734134912491 0.504265904426575 0.511406064033508 0.505659699440002 0.500769913196564 0.505967020988464 0.50527822971344 0.50631183385849 0.496285706758499 0.480148583650589 0.464271813631058 0.448893785476685 0.444882899522781 0.453523963689804 0.452180296182632 0.440773874521255 0.43511301279068 0.438371449708939 0.440960764884949 0.431861400604248 0.419316679239273 0.410626232624054 0.405345767736435 0.404694378376007 0.397521078586578 0.387948483228683 0.378971129655838 0.36519992351532 0.373283237218857
-3.4e+38 -3.4e+38 -3.4e+38 -3.4e+38 -3.4e+38 -3.4e+38 -3.4e+38 -3.4e+38 0.538596153259277 0.546692907810211 0.549389362335205 0.572369694709778 0.593675494194031 0.589651048183441 0.579751551151276 0.546788454055786 0.508984744548798 0.485440701246262 0.480054080486298 0.49103707075119 0.495749890804291 0.489608943462372 0.488644033670425 0.491223692893982 0.490550458431244 0.487945109605789 0.470285475254059 0.448641121387482 0.443094998598099 0.428391218185425 0.421970009803772 0.424879521131516 0.42247861623764 0.418767273426056 0.418892502784729 0.4215067923069 0.421342223882675 0.414794385433197 0.407915055751801 0.403854638338089 0.399215400218964 0.395181149244308 0.384019434452057 0.376149743795395 0.363751083612442 0.354944586753845 0.361485987901688
-3.4e+38 -3.4e+38 -3.4e+38 -3.4e+38 -3.4e+38 -3.4e+38 -3.4e+38 0.519021153450012 0.528205037117004 0.539763927459717 0.548551857471466 0.563354551792145 0.58012980222702 0.583564639091492 0.576739847660065 0.558509945869446 0.526018619537354 0.509760916233063 0.507855236530304 0.503655314445496 0.494225919246674 0.483337670564651 0.481513351202011 0.481666266918182 0.479511678218842 0.47432467341423 0.455969989299774 0.440104216337204 0.436901301145554 0.421941965818405 0.411690443754196 0.405859589576721 0.397260576486588 0.402359485626221 0.408868789672852 0.409262120723724 0.406234472990036 0.407646000385284 0.406719535589218 0.4044329226017 0.40308752655983 0.394256770610809 0.38232883810997 0.376708745956421 0.363418370485306 0.354089498519897 0.358364254236221
-3.4e+38 -3.4e+38 -3.4e+38 -3.4e+38 -3.4e+38 -3.4e+38 0.505876302719116 0.495693892240524 0.50718492269516 0.528934001922607 0.545878827571869 0.553803980350494 0.560635507106781 0.570305228233337 0.573419213294983 0.571383476257324 0.533512234687805 0.499305903911591 0.497000068426132 0.499811679124832 0.488797843456268 0.476904928684235 0.474760562181473 0.469691425561905 0.466787189245224 0.465167850255966 0.453962832689285 0.43914932012558 0.432730883359909 0.423499315977097 0.418914377689362 0.410729646682739 0.401427090167999 0.404636859893799 0.416494756937027 0.420006513595581 0.411621898412704 0.417979687452316 0.415236353874207 0.410251796245575 0.414412707090378 0.410247057676315 0.40080052614212 0.393886804580688 0.376160323619843 0.364638239145279 0.370364308357239
-3.4e+38 -3.4e+38 -3.4e+38 -3.4e+38 -3.4e+38 0.507363498210907 0.503968238830566 0.49767929315567 0.508765459060669 0.52289205789566 0.538746476173401 0.545991122722626 0.549305260181427 0.565501630306244 0.576105892658234 0.567476272583008 0.538084328174591 0.495409250259399 0.467794448137283 0.461165606975555 0.462892025709152 0.458110928535461 0.458574652671814 0.452709466218948 0.443575799465179 0.438791185617447 0.436038643121719 0.419256716966629 0.415801346302032 0.423644453287125 0.428941309452057 0.424984723329544 0.419318616390228 0.42181271314621 0.436908185482025 0.442024737596512 0.434668242931366 0.439739674329758 0.440809369087219 0.436442524194717 0.438764423131943 0.43277969956398 0.42376297712326 0.412203133106232 0.396046608686447 0.382208943367004 0.389126688241959
-3.4e+38 -3.4e+38 -3.4e+38 -3.4e+38 0.489728331565857 0.502047538757324 0.497372269630432 0.498332917690277 0.508538782596588 0.51424241065979 0.523951292037964 0.534272253513336 0.545808970928192 0.563467562198639 0.568992912769318 0.553925275802612 0.538268744945526 0.501143217086792 0.44354847073555 0.410509049892426 0.420560151338577 0.424913018941879 0.421023041009903 0.421150773763657 0.413498044013977 0.402012169361115 0.39751073718071 0.388055503368378 0.386890172958374 0.408830195665359 0.427032649517059 0.433461576700211 0.432912230491638 0.438113898038864 0.454355627298355 0.458332359790802 0.457161635160446 0.46546271443367 0.472962319850922 0.469446361064911 0.462889522314072 0.454276084899902 0.448283970355988 0.437526613473892 0.425491273403168 0.419181227684021 0.414581775665283
-3.4e+38 -3.4e+38 -3.4e+38 0.502054929733276 0.492820352315903 0.499221980571747 0.498329728841782 0.502880990505219 0.508666455745697 0.509568572044373 0.512367606163025 0.514071702957153 0.525651931762695 0.544069290161133 0.549521625041962 0.539541661739349 0.513783514499664 0.47211217880249 0.420727401971817 0.389643549919128 0.393570214509964 0.389654815196991 0.395474553108215 0.406210899353027 0.407158881425858 0.391936928033829 0.373783111572266 0.365065187215805 0.363793790340424 0.394941687583923 0.432584464550018 0.44690790772438 0.450565904378891 0.457748532295227 0.47177392244339 0.472370505332947 0.47869074344635 0.492723107337952 0.499474316835403 0.496681779623032 0.490618467330933 0.488490343093872 0.486512780189514 0.474887698888779 0.46387854218483 0.463401526212692 0.447649955749512
-3.4e+38 -3.4e+38 0.530704319477081 0.51842474937439 0.502280652523041 0.501710832118988 0.508017957210541 0.508210480213165 0.512453973293304 0.508395612239838 0.500788688659668 0.490721106529236 0.502156734466553 0.527771294116974 0.537075042724609 0.535717666149139 0.507909893989563 0.467210382223129 0.421178728342056 0.400759607553482 0.405742108821869 0.399691998958588 0.405439049005508 0.41077733039856 0.400807827711105 0.403344869613647 0.391676247119904 0.381606668233871 0.379794925451279 0.405331075191498 0.442864418029785 0.463728964328766 0.479353934526443 0.484116703271866 0.488927751779556 0.49604919552803 0.508057951927185 0.522439897060394 0.528945028781891 0.5291668176651 0.526208937168121 0.521469593048096 0.519698858261108 0.504759430885315 0.494023323059082 0.492166668176651 0.481434732675552
-3.4e+38 0.537360429763794 0.546520233154297 0.526215374469757 0.504911422729492 0.503912508487701 0.509775459766388 0.505271852016449 0.501889646053314 0.487957864999771 0.478933840990067 0.479078948497772 0.493536770343781 0.524372100830078 0.538249611854553 0.541679620742798 0.517461657524109 0.482390075922012 0.456693172454834 0.442861348390579 0.44348132610321 0.43093341588974 0.421824932098389 0.423438936471939 0.426167190074921 0.429573625326157 0.426022708415985 0.420450955629349 0.423139959573746 0.435627520084381 0.456484079360962 0.472830325365067 0.491530507802963 0.491389006376266 0.499369114637375 0.52034729719162 0.525929272174835 0.53453928232193 0.540895164012909 0.543340027332306 0.538296163082123 0.535015285015106 0.531967461109161 0.516371369361877 0.510059177875519 0.509281814098358 0.500732243061066
0.497636198997498 0.54086309671402 0.547744572162628 0.520837247371674 0.497208058834076 0.498268127441406 0.500319719314575 0.493073254823685 0.483892560005188 0.470510900020599 0.464705973863602 0.474190920591354 0.492235600948334 0.519257247447968 0.537497639656067 0.54155158996582 0.529374957084656 0.510498225688934 0.497140496969223 0.480415999889374 0.46782860159874 0.458268612623215 0.451628446578979 0.446004897356033 0.445422291755676 0.445648372173309 0.446035325527191 0.448526203632355 0.456076711416245 0.466730892658234 0.470532834529877 0.472888439893723 0.481301605701447 0.481545090675354 0.497794479131699 0.518368244171143 0.51475590467453 0.523022770881653 0.53314197063446 0.532826960086823 0.52447909116745 0.528280913829803 0.529730677604675 0.518460929393768 0.518602073192596 0.51572984457016 0.504088222980499
