data/1_raw/trimmed_ndre/Od_ndre.724.2013_no_clouds.asc
NCOLS 144 
NROWS 65 
XLLCORNER 512965 
YLLCORNER 5150865 
CELLSIZE 5 
NODATA_value -3.4e+38 
[rows 42 to 62 of 65, columns 0 to 46 of 144]
-3.4e+38 -3.4e+38 -3.4e+38 -3.4e+38 -3.4e+38 -3.4e+38 -3.4e+38 -3.4e+38 -3.4e+38 -3.4e+38 -3.4e+38 -3.4e+38 -3.4e+38 -3.4e+38 -3.4e+38 -3.4e+38 -3.4e+38 -3.4e+38 -3.4e+38 -3.4e+38 -3.4e+38 0.199748411774635 0.184141933917999 0.187346294522285 0.187341585755348 0.202904254198074 0.178412199020386 0.175338894128799 0.175338894128799 0.181285545229912 0.151316940784454 0.151312977075577 0.150721564888954 0.173515856266022 0.203268572688103 0.226986452937126 0.312731713056564 0.347762703895569 0.356908589601517 0.356908589601517 0.347954928874969 0.330174177885056 0.310875177383423 0.310875177383423 0.297337919473648 0.305698275566101 0.311812430620193
-3.4e+38 -3.4e+38 -3.4e+38 -3.4e+38 -3.4e+38 -3.4e+38 -3.4e+38 -3.4e+38 -3.4e+38 -3.4e+38 -3.4e+38 -3.4e+38 -3.4e+38 -3.4e+38 -3.4e+38 -3.4e+38 -3.4e+38 -3.4e+38 -3.4e+38 0.18921023607254 0.207740068435669 0.207740068435669 0.19958807528019 0.202430263161659 0.212131962180138 0.206676796078682 0.178419589996338 0.180907607078552 0.180907607078552 0.187261059880257 0.175643652677536 0.165714576840401 0.156215995550156 0.173522785305977 0.227375224232674 0.299129694700241 0.299129694700241 0.353194236755371 0.335956573486328 0.344211280345917 0.34795731306076 0.3260238468647 0.304526895284653 0.283308655023575 0.283308655023575 0.293000340461731 0.328404694795609
-3.4e+38 -3.4e+38 -3.4e+38 -3.4e+38 -3.4e+38 -3.4e+38 -3.4e+38 -3.4e+38 -3.4e+38 -3.4e+38 -3.4e+38 -3.4e+38 -3.4e+38 -3.4e+38 -3.4e+38 -3.4e+38 -3.4e+38 -3.4e+38 0.221930056810379 0.205888867378235 0.192583158612251 0.192583158612251 0.190697774291039 0.207815825939178 0.212131962180138 0.212131962180138 0.198852956295013 0.197068601846695 0.207323268055916 0.207323268055916 0.181155994534492 0.165714576840401 0.201728448271751 0.201728448271751 0.250083774328232 0.285021781921387 0.270113438367844 0.30844721198082 0.335956573486328 0.299673944711685 0.25485759973526 0.25485759973526 0.258700281381607 0.251315385103226 0.298491656780243 0.293000340461731 0.296104460954666
-3.4e+38 -3.4e+38 -3.4e+38 -3.4e+38 -3.4e+38 -3.4e+38 -3.4e+38 -3.4e+38 -3.4e+38 -3.4e+38 -3.4e+38 -3.4e+38 -3.4e+38 -3.4e+38 -3.4e+38 -3.4e+38 -3.4e+38 0.195901736617088 0.195901736617088 0.181823313236237 0.175566703081131 0.155511245131493 0.190705299377441 0.202410072088242 0.210750073194504 0.217435136437416 0.217435136437416 0.200516045093536 0.194359183311462 0.197993397712708 0.197993397712708 0.196994960308075 0.207029074430466 0.240396156907082 0.240396156907082 0.257453233003616 0.270116716623306 0.270113438367844 0.237879484891891 0.236845016479492 0.239109024405479 0.239105552434921 0.242111101746559 0.251317769289017 0.246501103043556 0.246501103043556 0.245964169502258
-3.4e+38 -3.4e+38 -3.4e+38 -3.4e+38 -3.4e+38 -3.4e+38 -3.4e+38 -3.4e+38 -3.4e+38 -3.4e+38 -3.4e+38 -3.4e+38 -3.4e+38 -3.4e+38 -3.4e+38 -3.4e+38 0.162853121757507 0.164978072047234 0.162180602550507 0.162180602550507 0.153705462813377 0.170045882463455 0.192698404192924 0.192698404192924 0.20211735367775 0.226656571030617 0.20281358063221 0.161996677517891 0.204326540231705 0.184977173805237 0.184977173805237 0.186058267951012 0.21029531955719 0.219440177083015 0.212425068020821 0.257453233003616 0.226630315184593 0.215988993644714 0.215984717011452 0.229703798890114 0.244051784276962 0.226114705204964 0.242111101746559 0.245569661259651 0.265232235193253 0.27678918838501 0.27678918838501
-3.4e+38 -3.4e+38 -3.4e+38 -3.4e+38 -3.4e+38 -3.4e+38 -3.4e+38 -3.4e+38 -3.4e+38 -3.4e+38 -3.4e+38 -3.4e+38 -3.4e+38 -3.4e+38 -3.4e+38 0.150077253580093 0.150077253580093 0.171019986271858 0.197120130062103 0.156983852386475 0.15698167681694 0.16036719083786 0.186408847570419 0.186408847570419 0.208822995424271 0.208733603358269 0.202818095684052 0.20281358063221 0.200032323598862 0.183939203619957 0.201870664954185 0.201870664954185 0.228098005056381 0.219442874193192 0.214584484696388 0.214581727981567 0.218804955482483 0.24462117254734 0.26133731007576 0.225854307413101 0.244051784276962 0.27200984954834 0.270325750112534 0.270325750112534 0.311564862728119 0.331956833600998 0.280674606561661
-3.4e+38 -3.4e+38 -3.4e+38 -3.4e+38 -3.4e+38 -3.4e+38 -3.4e+38 -3.4e+38 -3.4e+38 -3.4e+38 -3.4e+38 -3.4e+38 -3.4e+38 -3.4e+38 0.155412539839745 0.161620482802391 0.191819295287132 0.171019986271858 0.187718033790588 0.199974194169044 0.199971795082092 0.182230904698372 0.214137926697731 0.238856792449951 0.208822995424271 0.239716023206711 0.238559275865555 0.235358104109764 0.235358104109764 0.232259079813957 0.243768826127052 0.222007945179939 0.222004994750023 0.226472407579422 0.221165806055069 0.248413801193237 0.248413801193237 0.266372591257095 0.26133731007576 0.261332869529724 0.280526846647263 0.317997515201569 0.321613550186157 0.321613550186157 0.340546786785126 0.331956833600998 0.356395453214645
-3.4e+38 -3.4e+38 -3.4e+38 -3.4e+38 -3.4e+38 -3.4e+38 -3.4e+38 -3.4e+38 -3.4e+38 -3.4e+38 -3.4e+38 -3.4e+38 -3.4e+38 0.131876423954964 0.153817638754845 0.184082269668579 0.185368418693542 0.185363098978996 0.205504074692726 0.237236887216568 0.228853076696396 0.228850826621056 0.257447957992554 0.246776729822159 0.281059741973877 0.281056851148605 0.303381741046906 0.305796653032303 0.319584906101227 0.291375249624252 0.254866987466812 0.227801024913788 0.227801024913788 0.259624421596527 0.300137102603912 0.337961584329605 0.295434385538101 0.28870615363121 0.323725491762161 0.34243643283844 0.34243643283844 0.365771621465683 0.373453825712204 0.387030184268951 0.340544402599335 0.349390000104904 0.362088620662689
-3.4e+38 -3.4e+38 -3.4e+38 -3.4e+38 -3.4e+38 -3.4e+38 -3.4e+38 -3.4e+38 -3.4e+38 -3.4e+38 -3.4e+38 -3.4e+38 0.155584737658501 0.140777632594109 0.153817638754845 0.18628753721714 0.225512713193893 0.260878294706345 0.260878294706345 0.286858886480331 0.267724454402924 0.261446237564087 0.261443465948105 0.282983511686325 0.316205471754074 0.316202402114868 0.318722307682037 0.315268725156784 0.319584906101227 0.319584906101227 0.289519786834717 0.297650843858719 0.324405193328857 0.324405193328857 0.346415579319 0.337961584329605 0.357259392738342 0.357250809669495 0.378631621599197 0.369667440652847 0.357525706291199 0.392261385917664 0.373453825712204 0.353809535503387 0.353809535503387 0.355255484580994 0.364072531461716
-3.4e+38 -3.4e+38 -3.4e+38 -3.4e+38 -3.4e+38 -3.4e+38 -3.4e+38 -3.4e+38 -3.4e+38 -3.4e+38 -3.4e+38 0.182490095496178 0.15559034049511 0.186611294746399 0.221897646784782 0.221894681453705 0.26008340716362 0.311838954687119 0.300359636545181 0.286864638328552 0.285301744937897 0.301800012588501 0.30179762840271 0.310354381799698 0.315089225769043 0.353186309337616 0.318722307682037 0.306200057268143 0.316080689430237 0.328329384326935 0.328329384326935 0.340049147605896 0.336725383996964 0.368363499641418 0.36836040019989 0.37995383143425 0.356127947568893 0.337066352367401 0.337062567472458 0.342258840799332 0.357523113489151 0.357523113489151 0.33811342716217 0.310045927762985 0.317931652069092 0.317926496267319 0.372750103473663
-3.4e+38 -3.4e+38 -3.4e+38 -3.4e+38 -3.4e+38 -3.4e+38 -3.4e+38 -3.4e+38 -3.4e+38 -3.4e+38 0.1841109842062 0.179831385612488 0.179828345775604 0.206066817045212 0.217433214187622 0.264800906181335 0.264800906181335 0.311838954687119 0.318478971719742 0.318478971719742 0.351316183805466 0.35479947924614 0.356924116611481 0.356924116611481 0.325933516025543 0.32807782292366 0.336716502904892 0.336716502904892 0.336903631687164 0.33521032333374 0.341502100229263 0.344127178192139 0.342263281345367 0.331271559000015 0.331268548965454 0.331187844276428 0.321418464183807 0.323467016220093 0.345509439706802 0.314079821109772 0.297870635986328 0.279516071081161 0.279513090848923 0.25726181268692 0.260411441326141 0.302229464054108 0.329034090042114
-3.4e+38 -3.4e+38 -3.4e+38 -3.4e+38 -3.4e+38 -3.4e+38 -3.4e+38 -3.4e+38 -3.4e+38 0.17741547524929 0.172407656908035 0.181371599435806 0.181367456912994 0.206250086426735 0.20784555375576 0.245924457907677 0.264804005622864 0.303809434175491 0.327612012624741 0.348087668418884 0.348083764314651 0.358382821083069 0.371753036975861 0.363442629575729 0.363439351320267 0.372901082038879 0.38306075334549 0.381506264209747 0.381506264209747 0.364851504564285 0.341498583555222 0.341498583555222 0.328421503305435 0.323871314525604 0.276282727718353 0.276279211044312 0.313046246767044 0.323463171720505 0.287612646818161 0.287609547376633 0.259950160980225 0.24594321846962 0.233615174889565 0.259387582540512 0.260406315326691 0.261792838573456 0.238730013370514
-3.4e+38 -3.4e+38 -3.4e+38 -3.4e+38 -3.4e+38 -3.4e+38 -3.4e+38 -3.4e+38 0.187618166208267 0.187618166208267 0.207580074667931 0.199638053774834 0.213613957166672 0.231133967638016 0.20784555375576 0.252848088741302 0.28711786866188 0.28711786866188 0.353656500577927 0.370570182800293 0.370798975229263 0.358382821083069 0.373501926660538 0.383650869131088 0.383647471666336 0.37966114282608 0.377404391765594 0.381506264209747 0.381506264209747 0.353934168815613 0.331535696983337 0.287549436092377 0.287546366453171 0.25555220246315 0.259455502033234 0.260629713535309 0.260629713535309 0.248060315847397 0.241110488772392 0.246529906988144 0.246529906988144 0.259105801582336 0.233615174889565 0.233615174889565 0.223335698246956 0.230714425444603 0.21334208548069
-3.4e+38 -3.4e+38 -3.4e+38 -3.4e+38 -3.4e+38 -3.4e+38 -3.4e+38 0.208491787314415 0.206109061837196 0.217811644077301 0.217810064554214 0.214681670069695 0.213613957166672 0.201140493154526 0.201137766242027 0.24185673892498 0.312106966972351 0.351240128278732 0.349475920200348 0.370566189289093 0.37933823466301 0.379329442977905 0.38036584854126 0.369839608669281 0.348634481430054 0.364797681570053 0.377398699522018 0.356459468603134 0.310180604457855 0.310180604457855 0.271521478891373 0.262232571840286 0.242034375667572 0.255546808242798 0.227461978793144 0.248231872916222 0.248231872916222 0.247603625059128 0.259274780750275 0.260085165500641 0.246529906988144 0.263742864131927 0.233059942722321 0.222371846437454 0.222371846437454 0.229810073971748 0.225316762924194
-3.4e+38 -3.4e+38 -3.4e+38 -3.4e+38 -3.4e+38 -3.4e+38 0.182687282562256 0.182684049010277 0.23099248111248 0.23825466632843 0.240339502692223 0.210765019059181 0.232297047972679 0.219925686717033 0.219922810792923 0.212080731987953 0.259952247142792 0.320659577846527 0.351236075162888 0.378387182950974 0.375426292419434 0.343013823032379 0.343010634183884 0.303414613008499 0.323649883270264 0.339596182107925 0.339596182107925 0.322752684354782 0.280705779790878 0.272236049175262 0.247836470603943 0.236928835511208 0.242034375667572 0.242034375667572 0.254869312047958 0.248346358537674 0.227718666195869 0.227716267108917 0.217766612768173 0.260085165500641 0.248387053608894 0.248382106423378 0.244537696242332 0.234664976596832 0.237851053476334 0.223484054207802 0.225316762924194
-3.4e+38 -3.4e+38 -3.4e+38 -3.4e+38 -3.4e+38 0.185099646449089 0.196050062775612 0.212659776210785 0.220078885555267 0.238258585333824 0.241319298744202 0.241315633058548 0.23916420340538 0.237047910690308 0.203387305140495 0.222378954291344 0.259952247142792 0.277177184820175 0.294389873743057 0.294389873743057 0.301920473575592 0.281929820775986 0.301315635442734 0.303414613008499 0.272070944309235 0.266539424657822 0.266539424657822 0.267881453037262 0.255922228097916 0.260556578636169 0.247831121087074 0.236970409750938 0.213622182607651 0.229939296841621 0.229935735464096 0.232859298586845 0.201645523309708 0.224600926041603 0.224598318338394 0.247405499219894 0.225087314844131 0.225087314844131 0.232852146029472 0.218520626425743 0.23784764111042 0.237845122814178 0.240467429161072
-3.4e+38 -3.4e+38 -3.4e+38 -3.4e+38 0.186716467142105 0.186713472008705 0.206838190555573 0.212659776210785 0.212656468153 0.242216572165489 0.237631171941757 0.255702972412109 0.255698561668396 0.240673199295998 0.203387305140495 0.211791902780533 0.211791902780533 0.230286031961441 0.252645343542099 0.259459763765335 0.295574903488159 0.281929820775986 0.259338557720184 0.259338557720184 0.252187937498093 0.258096307516098 0.252000838518143 0.259003698825836 0.255922228097916 0.252610623836517 0.226486504077911 0.226483196020126 0.212023988366127 0.206576034426689 0.230825707316399 0.232859298586845 0.214348301291466 0.214111641049385 0.214109092950821 0.22852735221386 0.221655920147896 0.211401358246803 0.232852146029472 0.232272729277611 0.240515500307083 0.23814782500267 0.23814782500267
-3.4e+38 -3.4e+38 -3.4e+38 0.192629456520081 0.207223743200302 0.190472796559334 0.189128294587135 0.190265789628029 0.246411994099617 0.246411994099617 0.284713417291641 0.271603524684906 0.257200479507446 0.240670174360275 0.205461487174034 0.189220726490021 0.189220726490021 0.208547547459602 0.244860932230949 0.295037120580673 0.259450852870941 0.240765988826752 0.222721293568611 0.238082975149155 0.238077566027641 0.258092820644379 0.251997381448746 0.237535014748573 0.237529546022415 0.236735463142395 0.231397986412048 0.231394603848457 0.235933765769005 0.220289528369904 0.235258251428604 0.235255867242813 0.216137796640396 0.212074533104897 0.224581494927406 0.224581494927406 0.191979303956032 0.222397968173027 0.218193277716637 0.218193277716637 0.221701920032501 0.224288836121559 0.223500594496727
-3.4e+38 -3.4e+38 0.197352483868599 0.181635469198227 0.207223743200302 0.209362283349037 0.209362283349037 0.199747964739799 0.211366936564445 0.260244905948639 0.286612689495087 0.271603524684906 0.253185451030731 0.253185451030731 0.187729582190514 0.160489454865456 0.205718010663986 0.18515719473362 0.244860932230949 0.285858511924744 0.25054544210434 0.250542461872101 0.240904852747917 0.217169418931007 0.212997779250145 0.258092820644379 0.254382282495499 0.251023501157761 0.251017928123474 0.239430636167526 0.231346026062965 0.184147149324417 0.235933765769005 0.223687157034874 0.237210929393768 0.220065072178841 0.220065072178841 0.215704724192619 0.199651092290878 0.22144615650177 0.22144615650177 0.219241634011269 0.218415528535843 0.218415528535843 0.205324172973633 0.195103242993355 0.223500594496727
-3.4e+38 0.200800433754921 0.202356964349747 0.202352836728096 0.196881264448166 0.215965211391449 0.194241404533386 0.19423434138298 0.20593236386776 0.260244905948639 0.260239154100418 0.233659952878952 0.201012685894966 0.185410335659981 0.185404375195503 0.171818628907204 0.205714330077171 0.226254224777222 0.226251900196075 0.259176135063171 0.238636717200279 0.238633751869202 0.205226376652718 0.217164352536201 0.243207558989525 0.243204608559608 0.246100902557373 0.244449138641357 0.211064279079437 0.195269986987114 0.231342762708664 0.208567067980766 0.213796645402908 0.213796645402908 0.219119787216187 0.234816074371338 0.21926711499691 0.215704724192619 0.2284976541996 0.230861037969589 0.230861037969589 0.213779509067535 0.224139928817749 0.210710987448692 0.205324172973633 0.20044618844986 0.238221690058708
0.280081480741501 0.187347576022148 0.2093635648489 0.199444487690926 0.199441492557526 0.195988565683365 0.181889623403549 0.19423434138298 0.189660593867302 0.227703586220741 0.215868189930916 0.215863704681396 0.17248946428299 0.190748125314713 0.197134763002396 0.184009894728661 0.21431727707386 0.225485622882843 0.225483372807503 0.24702200293541 0.24600000679493 0.2183728069067 0.239948332309723 0.222899183630943 0.226008877158165 0.233207434415817 0.233207434415817 0.220387667417526 0.207263588905334 0.210874810814857 0.210871651768684 0.228328138589859 0.216888144612312 0.216888144612312 0.22662977874279 0.24748595058918 0.225291416049004 0.225288912653923 0.243383437395096 0.249085411429405 0.214384377002716 0.214380592107773 0.220648005604744 0.214951053261757 0.194753661751747 0.194753661751747 0.233436435461044
