data/1_raw/trimmed_ndre/Od_ndre.615.2012_no_clouds.asc
NCOLS 144 
NROWS 65 
XLLCORNER 512965 
YLLCORNER 5150865 
CELLSIZE 5 
NODATA_value -3.4e+38 
[rows 42 to 62 of 65, columns 0 to 46 of 144]
-3.4e+38 -3.4e+38 -3.4e+38 -3.4e+38 -3.4e+38 -3.4e+38 -3.4e+38 -3.4e+38 -3.4e+38 -3.4e+38 -3.4e+38 -3.4e+38 -3.4e+38 -3.4e+38 -3.4e+38 -3.4e+38 -3.4e+38 -3.4e+38 -3.4e+38 -3.4e+38 -3.4e+38 0.55974930524826 0.56257438659668 0.553825736045837 0.548427402973175 0.54311066865921 0.530286312103271 0.515952169895172 0.509353458881378 0.5032639503479 0.506162345409393 0.534117043018341 0.56028163433075 0.576522648334503 0.603602528572083 0.63285505771637 0.648685097694397 0.653970181941986 0.650392353534698 0.645322680473328 0.65069043636322 0.653090059757233 0.64884477853775 0.645651578903198 0.645323514938354 0.63744181394577 0.634218990802765
-3.4e+38 -3.4e+38 -3.4e+38 -3.4e+38 -3.4e+38 -3.4e+38 -3.4e+38 -3.4e+38 -3.4e+38 -3.4e+38 -3.4e+38 -3.4e+38 -3.4e+38 -3.4e+38 -3.4e+38 -3.4e+38 -3.4e+38 -3.4e+38 -3.4e+38 0.508443117141724 0.523329615592957 0.529997944831848 0.54205060005188 0.548273980617523 0.55420982837677 0.560610830783844 0.553862929344177 0.544656932353973 0.54244589805603 0.533312559127808 0.532246887683868 0.552650511264801 0.576721847057343 0.59541791677475 0.620306670665741 0.636855244636536 0.632079362869263 0.617516934871674 0.600469827651978 0.591959655284882 0.586923241615295 0.584392726421356 0.57939475774765 0.584088921546936 0.585886180400848 0.592917382717133 0.60452538728714
-3.4e+38 -3.4e+38 -3.4e+38 -3.4e+38 -3.4e+38 -3.4e+38 -3.4e+38 -3.4e+38 -3.4e+38 -3.4e+38 -3.4e+38 -3.4e+38 -3.4e+38 -3.4e+38 -3.4e+38 -3.4e+38 -3.4e+38 -3.4e+38 0.532444715499878 0.52895325422287 0.540582537651062 0.527703821659088 0.530826568603516 0.532138586044312 0.539128661155701 0.547425389289856 0.548816084861755 0.555571436882019 0.562846601009369 0.563369810581207 0.563646078109741 0.569102764129639 0.583039700984955 0.596552312374115 0.586226761341095 0.557180821895599 0.533328831195831 0.499787658452988 0.446109652519226 0.41767817735672 0.421709954738617 0.405726224184036 0.414785861968994 0.442683935165405 0.467118084430695 0.492589950561523 0.530035078525543
-3.4e+38 -3.4e+38 -3.4e+38 -3.4e+38 -3.4e+38 -3.4e+38 -3.4e+38 -3.4e+38 -3.4e+38 -3.4e+38 -3.4e+38 -3.4e+38 -3.4e+38 -3.4e+38 -3.4e+38 -3.4e+38 -3.4e+38 0.586065351963043 0.584213316440582 0.563637733459473 0.570185780525208 0.577435433864594 0.571962654590607 0.559687197208405 0.554506897926331 0.556045830249786 0.554375410079956 0.563640236854553 0.570126235485077 0.574149012565613 0.579280912876129 0.575081706047058 0.562681376934052 0.543646037578583 0.49824070930481 0.444459408521652 0.402240127325058 0.358252972364426 0.298685759305954 0.286671459674835 0.325454205274582 0.332751035690308 0.376298159360886 0.434382826089859 0.459793746471405 0.49946117401123 0.543797850608826
-3.4e+38 -3.4e+38 -3.4e+38 -3.4e+38 -3.4e+38 -3.4e+38 -3.4e+38 -3.4e+38 -3.4e+38 -3.4e+38 -3.4e+38 -3.4e+38 -3.4e+38 -3.4e+38 -3.4e+38 -3.4e+38 0.591548323631287 0.594961583614349 0.604117870330811 0.581028521060944 0.578473329544067 0.597842812538147 0.600901901721954 0.596947371959686 0.585345208644867 0.576467216014862 0.573724865913391 0.581297338008881 0.587997853755951 0.585921585559845 0.585661232471466 0.569136619567871 0.511585116386414 0.455866307020187 0.387041658163071 0.35582822561264 0.34377509355545 0.340878188610077 0.354058802127838 0.390213191509247 0.443976759910583 0.485234826803207 0.534884333610535 0.566567242145538 0.580197095870972 0.598651707172394 0.622178673744202
-3.4e+38 -3.4e+38 -3.4e+38 -3.4e+38 -3.4e+38 -3.4e+38 -3.4e+38 -3.4e+38 -3.4e+38 -3.4e+38 -3.4e+38 -3.4e+38 -3.4e+38 -3.4e+38 -3.4e+38 0.603443503379822 0.579286277294159 0.572096467018127 0.584782600402832 0.598203837871552 0.596721351146698 0.595468938350677 0.599077582359314 0.60069078207016 0.593164622783661 0.584331095218658 0.586535930633545 0.593679070472717 0.606217861175537 0.581776142120361 0.532903492450714 0.509858548641205 0.430280536413193 0.357318758964539 0.349023550748825 0.363767296075821 0.41159263253212 0.464280068874359 0.491617679595947 0.518910229206085 0.556789219379425 0.593340933322906 0.624012053012848 0.639382302761078 0.638437747955322 0.638779163360596 0.642894625663757
-3.4e+38 -3.4e+38 -3.4e+38 -3.4e+38 -3.4e+38 -3.4e+38 -3.4e+38 -3.4e+38 -3.4e+38 -3.4e+38 -3.4e+38 -3.4e+38 -3.4e+38 -3.4e+38 0.638249039649963 0.606310129165649 0.577686727046967 0.572812497615814 0.575076818466187 0.584633350372314 0.592217743396759 0.597397685050964 0.605001330375671 0.611292660236359 0.608969867229462 0.612667977809906 0.606281757354736 0.590461730957031 0.58351594209671 0.528063178062439 0.448363155126572 0.396982908248901 0.362914234399796 0.373743742704391 0.433330118656158 0.468451976776123 0.514518737792969 0.564161717891693 0.586721479892731 0.602053999900818 0.61012876033783 0.611194252967834 0.623885810375214 0.620001792907715 0.611187219619751 0.614144623279572 0.618551015853882
-3.4e+38 -3.4e+38 -3.4e+38 -3.4e+38 -3.4e+38 -3.4e+38 -3.4e+38 -3.4e+38 -3.4e+38 -3.4e+38 -3.4e+38 -3.4e+38 -3.4e+38 0.6124587059021 0.632803678512573 0.618213355541229 0.596631944179535 0.595670461654663 0.587093412876129 0.588367402553558 0.60011500120163 0.612590372562408 0.624198853969574 0.630501449108124 0.630397140979767 0.63088059425354 0.609966397285461 0.56482070684433 0.520047545433044 0.453015953302383 0.406995117664337 0.429789006710052 0.476144939661026 0.511782646179199 0.550354540348053 0.569238364696503 0.591052651405334 0.603900969028473 0.598503708839417 0.587657988071442 0.583452701568604 0.572684705257416 0.578320920467377 0.584997117519379 0.57710599899292 0.56452476978302 0.556960642337799
-3.4e+38 -3.4e+38 -3.4e+38 -3.4e+38 -3.4e+38 -3.4e+38 -3.4e+38 -3.4e+38 -3.4e+38 -3.4e+38 -3.4e+38 -3.4e+38 0.568895220756531 0.604024529457092 0.627262353897095 0.627931535243988 0.614737749099731 0.606743276119232 0.605712115764618 0.601397216320038 0.597327828407288 0.600672543048859 0.603614985942841 0.599180817604065 0.5968878865242 0.603678226470947 0.597629487514496 0.558082222938538 0.518907010555267 0.510590016841888 0.509880304336548 0.540253460407257 0.57324492931366 0.593822598457336 0.598198235034943 0.583832442760468 0.576921880245209 0.567179262638092 0.548743486404419 0.526550352573395 0.520639359951019 0.506875514984131 0.506652355194092 0.520222246646881 0.512846827507019 0.500480115413666 0.487585842609406
-3.4e+38 -3.4e+38 -3.4e+38 -3.4e+38 -3.4e+38 -3.4e+38 -3.4e+38 -3.4e+38 -3.4e+38 -3.4e+38 -3.4e+38 0.571379482746124 0.586247622966766 0.610679805278778 0.627938389778137 0.627906322479248 0.614751636981964 0.601648449897766 0.599863529205322 0.589155316352844 0.562331140041351 0.549089431762695 0.558108985424042 0.557987987995148 0.567159652709961 0.583900630474091 0.594707787036896 0.583953380584717 0.578295826911926 0.597107887268066 0.584411859512329 0.569107174873352 0.567473828792572 0.570798218250275 0.570474684238434 0.556498885154724 0.535787999629974 0.519856631755829 0.523616075515747 0.512784421443939 0.491908967494965 0.478696942329407 0.471192926168442 0.469950526952744 0.467143446207047 0.474836081266403 0.473524004220963
-3.4e+38 -3.4e+38 -3.4e+38 -3.4e+38 -3.4e+38 -3.4e+38 -3.4e+38 -3.4e+38 -3.4e+38 -3.4e+38 0.594652712345123 0.607380270957947 0.620527565479279 0.629813730716705 0.629369020462036 0.625227987766266 0.622997403144836 0.617972195148468 0.600260436534882 0.573716998100281 0.539595425128937 0.532655954360962 0.5520378947258 0.564443707466125 0.580899894237518 0.597533881664276 0.601722180843353 0.596464037895203 0.60760372877121 0.608915507793427 0.580362677574158 0.561613738536835 0.554057836532593 0.556808769702911 0.559627890586853 0.55985814332962 0.542659103870392 0.525414288043976 0.528871357440948 0.506105065345764 0.469146281480789 0.466913133859634 0.462152361869812 0.464362561702728 0.470277458429337 0.4749715924263 0.477655470371246
-3.4e+38 -3.4e+38 -3.4e+38 -3.4e+38 -3.4e+38 -3.4e+38 -3.4e+38 -3.4e+38 -3.4e+38 0.597771883010864 0.600152671337128 0.621838986873627 0.636692106723785 0.636988878250122 0.635199368000031 0.634183943271637 0.63480669260025 0.6367427110672 0.624726831912994 0.592736005783081 0.570795595645905 0.570264875888824 0.585760414600372 0.595036149024963 0.605653703212738 0.611004829406738 0.603374123573303 0.589116752147675 0.591976344585419 0.587610721588135 0.555779337882996 0.537250995635986 0.522217750549316 0.522389709949493 0.527627885341644 0.545021951198578 0.544379889965057 0.525160670280457 0.501351773738861 0.490744113922119 0.482371896505356 0.472627341747284 0.465832978487015 0.471344947814941 0.471464484930038 0.46617403626442 0.473299384117126
-3.4e+38 -3.4e+38 -3.4e+38 -3.4e+38 -3.4e+38 -3.4e+38 -3.4e+38 -3.4e+38 0.58717805147171 0.600389242172241 0.606613159179688 0.615548312664032 0.618001520633698 0.616415619850159 0.626114070415497 0.631001174449921 0.633574843406677 0.635475695133209 0.636220216751099 0.620064318180084 0.605783879756927 0.603217542171478 0.594257056713104 0.591075778007507 0.595321595668793 0.601895809173584 0.59688264131546 0.578070223331451 0.558019399642944 0.543308019638062 0.521927237510681 0.508252441883087 0.505243301391602 0.497220873832703 0.491778135299683 0.49769452214241 0.523718118667603 0.533499360084534 0.520784258842468 0.497693806886673 0.486000329256058 0.475542485713959 0.468520909547806 0.477791756391525 0.488695234060287 0.485280215740204 0.479349225759506
-3.4e+38 -3.4e+38 -3.4e+38 -3.4e+38 -3.4e+38 -3.4e+38 -3.4e+38 0.571790099143982 0.576204895973206 0.59446257352829 0.604949176311493 0.597126245498657 0.590745866298676 0.587052047252655 0.595880925655365 0.610516667366028 0.622894287109375 0.629280388355255 0.631251394748688 0.624415040016174 0.61921900510788 0.615823984146118 0.596864342689514 0.574942708015442 0.567064762115479 0.573814570903778 0.58281683921814 0.574942946434021 0.555481314659119 0.526717185974121 0.492785662412643 0.478888005018234 0.491036087274551 0.493281304836273 0.478994309902191 0.472011119127274 0.490543127059937 0.509580850601196 0.506956100463867 0.475263804197311 0.453585088253021 0.465912848711014 0.474972158670425 0.478396117687225 0.487237185239792 0.49218738079071 0.489261269569397
-3.4e+38 -3.4e+38 -3.4e+38 -3.4e+38 -3.4e+38 -3.4e+38 0.535384833812714 0.546570599079132 0.56128990650177 0.58044695854187 0.580478131771088 0.563939034938812 0.553169012069702 0.54686313867569 0.556229174137115 0.584220230579376 0.607880353927612 0.614942133426666 0.601462483406067 0.588131308555603 0.578443467617035 0.571516633033752 0.555264115333557 0.542548596858978 0.531146943569183 0.525708913803101 0.515553295612335 0.511133849620819 0.504439473152161 0.487294763326645 0.457419991493225 0.44038662314415 0.446444392204285 0.452263444662094 0.458523750305176 0.466408967971802 0.48215714097023 0.488814562559128 0.480998814105988 0.46731436252594 0.466255128383636 0.475916028022766 0.477457851171494 0.467076510190964 0.461335957050323 0.466720551252365 0.473567217588425
-3.4e+38 -3.4e+38 -3.4e+38 -3.4e+38 -3.4e+38 0.50329452753067 0.483939498662949 0.510384142398834 0.537077665328979 0.562696278095245 0.564469933509827 0.546681463718414 0.532256722450256 0.527781128883362 0.536166489124298 0.554540395736694 0.570962369441986 0.57746547460556 0.563568711280823 0.544616758823395 0.532728731632233 0.519305109977722 0.502333998680115 0.501295208930969 0.508171439170837 0.505369961261749 0.483622759580612 0.470914095640182 0.48286172747612 0.48638653755188 0.474564671516418 0.473865240812302 0.485557079315186 0.485636174678802 0.492042720317841 0.500942230224609 0.516493916511536 0.526890158653259 0.520894110202789 0.514739274978638 0.516169846057892 0.511478066444397 0.492153584957123 0.475342482328415 0.470333814620972 0.474781185388565 0.478558748960495
-3.4e+38 -3.4e+38 -3.4e+38 -3.4e+38 0.479534864425659 0.480668425559998 0.456214010715485 0.479470700025558 0.524258553981781 0.553253412246704 0.566758155822754 0.557131111621857 0.544532477855682 0.533525347709656 0.531806588172913 0.53783243894577 0.550276935100555 0.563998579978943 0.55661553144455 0.537303328514099 0.530188739299774 0.522856473922729 0.507250010967255 0.498509526252747 0.505184531211853 0.504493951797485 0.490605920553207 0.495639383792877 0.510994732379913 0.517953217029572 0.515302777290344 0.52369749546051 0.533787429332733 0.537532985210419 0.539446890354156 0.53600001335144 0.547158300876617 0.564131736755371 0.554120421409607 0.548423647880554 0.552163302898407 0.550786077976227 0.53489077091217 0.520873963832855 0.516549110412598 0.511258363723755 0.508564412593842
-3.4e+38 -3.4e+38 -3.4e+38 0.483608156442642 0.4901282787323 0.531863987445831 0.51709121465683 0.517841994762421 0.537973165512085 0.553460896015167 0.561179578304291 0.562818706035614 0.548546135425568 0.532088160514832 0.518575429916382 0.525311172008514 0.545666098594666 0.567725002765656 0.566432893276215 0.539895415306091 0.520710229873657 0.508920073509216 0.509093105792999 0.508536219596863 0.510750114917755 0.503976702690125 0.48866131901741 0.488425701856613 0.500339508056641 0.510567367076874 0.522532522678375 0.533793687820435 0.536359667778015 0.539516091346741 0.547008633613586 0.547017276287079 0.554154872894287 0.563790559768677 0.563440382480621 0.55986350774765 0.56126070022583 0.558673799037933 0.542722523212433 0.533756136894226 0.538811683654785 0.538854897022247 0.527716219425201
-3.4e+38 -3.4e+38 0.5348140001297 0.508194386959076 0.512198209762573 0.54604434967041 0.55343759059906 0.55087822675705 0.544637382030487 0.536960422992706 0.535797595977783 0.545930862426758 0.5397589802742 0.519401550292969 0.507605135440826 0.512087523937225 0.535492658615112 0.5660001039505 0.572969079017639 0.548226416110992 0.523953318595886 0.509687602519989 0.515005946159363 0.520221292972565 0.517427444458008 0.527757287025452 0.519747197628021 0.505815029144287 0.505729198455811 0.50761491060257 0.521000802516937 0.536572456359863 0.54003769159317 0.538300335407257 0.546028554439545 0.554214477539062 0.556260466575623 0.562238454818726 0.573880910873413 0.577248215675354 0.571984589099884 0.564548373222351 0.552276372909546 0.538452088832855 0.542190372943878 0.552819430828094 0.54364550113678
-3.4e+38 0.523174345493317 0.541459143161774 0.524761736392975 0.504503846168518 0.518401682376862 0.536201357841492 0.538938164710999 0.538282811641693 0.530494928359985 0.524960696697235 0.530186176300049 0.522795796394348 0.506267368793488 0.505384266376495 0.500236451625824 0.518076121807098 0.558411657810211 0.57805997133255 0.567057013511658 0.550362646579742 0.545719265937805 0.538474917411804 0.535035967826843 0.534569144248962 0.554967105388641 0.554616272449493 0.533598601818085 0.528110325336456 0.527496755123138 0.538212716579437 0.551687121391296 0.555698394775391 0.55377471446991 0.556511700153351 0.567146420478821 0.570016205310822 0.578709244728088 0.584074258804321 0.583771824836731 0.580582082271576 0.580800771713257 0.57940000295639 0.567093729972839 0.557659327983856 0.562286198139191 0.566721200942993
0.439766258001328 0.515888392925262 0.550980567932129 0.527641773223877 0.484283894300461 0.499071359634399 0.529283583164215 0.529637515544891 0.526573061943054 0.52016693353653 0.514510273933411 0.514711737632751 0.505486488342285 0.486778080463409 0.484403818845749 0.482406049966812 0.506578505039215 0.557424962520599 0.580718696117401 0.580196619033813 0.57153993844986 0.567371428012848 0.553830027580261 0.540235936641693 0.537661075592041 0.548573195934296 0.551168620586395 0.542051672935486 0.54187947511673 0.542297542095184 0.550541579723358 0.562767207622528 0.567812561988831 0.565432250499725 0.560785710811615 0.563768625259399 0.571367084980011 0.581738412380219 0.58147668838501 0.579428493976593 0.583753883838654 0.584506928920746 0.580619394779205 0.574571073055267 0.573707580566406 0.575187921524048 0.574971139431
