data/1_raw/trimmed_ndre/Od_ndre.625.2012_no_clouds.asc
NCOLS 144 
NROWS 65 
XLLCORNER 512965 
YLLCORNER 5150865 
CELLSIZE 5 
NODATA_value -3.4e+38 
[rows 42 to 62 of 65, columns 47 to 93 of 144]
0.686235666275024 0.687015950679779 0.681734561920166 0.683797538280487 0.684022903442383 0.673929512500763 0.675933718681335 0.680353343486786 0.681639075279236 0.684538543224335 0.67756325006485 0.660996377468109 0.646705269813538 0.636411726474762 0.629651367664337 0.61798083782196 0.595507800579071 0.591457962989807 0.602731883525848 0.609690606594086 0.596767663955688 0.591724097728729 0.593963921070099 0.593766391277313 0.59795880317688 0.579005122184753 0.562699913978577 0.56629604101181 0.564261019229889 0.527363836765289 0.48781418800354 0.467709958553314 0.448873370885849 0.446085721254349 0.441174656152725 0.432547062635422 0.459529638290405 0.484978199005127 0.478685110807419 0.469663590192795 0.465631812810898 0.453380018472672 0.437344551086426 0.393701583147049 0.355889230966568 0.355578929185867 0.369678437709808
0.694417715072632 0.708261728286743 0.695932507514954 0.690775334835052 0.688438951969147 0.680591702461243 0.683138608932495 0.684099972248077 0.680198490619659 0.68213552236557 0.685835957527161 0.688862025737762 0.684410214424133 0.670416951179504 0.651024281978607 0.609382390975952 0.563006997108459 0.539664804935455 0.540000975131989 0.53858345746994 0.521691918373108 0.520187497138977 0.523755669593811 0.520730793476105 0.532476603984833 0.528726160526276 0.503355979919434 0.488013684749603 0.48560231924057 0.476062178611755 0.472016185522079 0.489497244358063 0.491422981023788 0.511023819446564 0.534672677516937 0.529607832431793 0.539323210716248 0.558675229549408 0.562132954597473 0.545624613761902 0.538069725036621 0.532287001609802 0.525946259498596 0.504267275333405 0.49628809094429 0.509247243404388 0.509813845157623
0.675312995910645 0.697131454944611 0.687671899795532 0.683690249919891 0.683218240737915 0.683867514133453 0.684496343135834 0.688507616519928 0.687253057956696 0.683592617511749 0.684768855571747 0.683491587638855 0.671233594417572 0.64752072095871 0.623659670352936 0.56899881362915 0.518673717975616 0.50521856546402 0.512726068496704 0.534150421619415 0.539192736148834 0.547092795372009 0.570375263690948 0.583871781826019 0.587789833545685 0.596883714199066 0.591219246387482 0.575268745422363 0.567477524280548 0.566617786884308 0.58843994140625 0.607716739177704 0.602909743785858 0.602776825428009 0.618423759937286 0.629879355430603 0.623712182044983 0.615980803966522 0.598658800125122 0.572051465511322 0.575741827487946 0.584336578845978 0.586890816688538 0.578988313674927 0.547987520694733 0.543854176998138 0.565762102603912
0.645206928253174 0.673921346664429 0.681751012802124 0.687215924263 0.687479019165039 0.686768889427185 0.687263131141663 0.688261151313782 0.686147451400757 0.676609337329865 0.666655600070953 0.653086721897125 0.634757876396179 0.62113344669342 0.611618876457214 0.582913100719452 0.56601756811142 0.575710892677307 0.598557412624359 0.613470733165741 0.61306494474411 0.617420375347137 0.642393350601196 0.663944721221924 0.660410940647125 0.651005268096924 0.640337586402893 0.635153591632843 0.640847027301788 0.643146395683289 0.648753464221954 0.641221225261688 0.628187000751495 0.648887395858765 0.661849498748779 0.650088429450989 0.628333568572998 0.613346457481384 0.581802606582642 0.56418240070343 0.578027069568634 0.567139744758606 0.562043309211731 0.563511490821838 0.546962916851044 0.531184911727905 0.538627624511719
0.67156195640564 0.675012946128845 0.684746861457825 0.695531368255615 0.691225945949554 0.684353649616241 0.674798846244812 0.673304080963135 0.674558997154236 0.669187784194946 0.660690069198608 0.656612694263458 0.643422722816467 0.634765803813934 0.635643661022186 0.631961286067963 0.631603121757507 0.639257252216339 0.651218175888062 0.650876641273499 0.635631263256073 0.624353349208832 0.628484308719635 0.627145707607269 0.626144349575043 0.633053481578827 0.642750263214111 0.642974734306335 0.632503151893616 0.630348801612854 0.650057852268219 0.663828194141388 0.656175196170807 0.659039378166199 0.661510467529297 0.647845447063446 0.631648898124695 0.622937679290771 0.583225011825562 0.56880247592926 0.579935014247894 0.569506108760834 0.56732451915741 0.55662077665329 0.529816627502441 0.506286263465881 0.505810797214508
0.690599501132965 0.683054685592651 0.680118083953857 0.678401350975037 0.66846776008606 0.682519733905792 0.672457456588745 0.661171138286591 0.668113470077515 0.670744180679321 0.670390605926514 0.661756455898285 0.644534111022949 0.642882287502289 0.644819378852844 0.637837648391724 0.62852144241333 0.628856897354126 0.63058739900589 0.621851801872253 0.608728349208832 0.598131597042084 0.597906649112701 0.589796364307404 0.57187020778656 0.583233296871185 0.615523934364319 0.638776838779449 0.637406706809998 0.626607596874237 0.634403944015503 0.639612793922424 0.647776007652283 0.649816513061523 0.654946506023407 0.642568528652191 0.635285019874573 0.631668269634247 0.605982542037964 0.599104344844818 0.596716344356537 0.580563426017761 0.571533441543579 0.549939572811127 0.528357684612274 0.52367377281189 0.527866303920746
0.690076947212219 0.686680257320404 0.675914227962494 0.666834115982056 0.660188436508179 0.670306205749512 0.660496294498444 0.651435136795044 0.658557891845703 0.653297305107117 0.656212747097015 0.649797797203064 0.629965960979462 0.631208062171936 0.634314298629761 0.628878891468048 0.621030688285828 0.619325995445251 0.600498497486115 0.586528718471527 0.596402049064636 0.575864851474762 0.56201434135437 0.569211483001709 0.563545703887939 0.570971667766571 0.593570411205292 0.604434907436371 0.604447185993195 0.60399317741394 0.607211649417877 0.604520261287689 0.624791502952576 0.642737090587616 0.640213966369629 0.630861639976501 0.633267462253571 0.629196166992188 0.611049354076385 0.606168627738953 0.591964781284332 0.580587863922119 0.576835155487061 0.561147272586823 0.548838496208191 0.551724672317505 0.559898972511292
0.687589466571808 0.677207410335541 0.655653476715088 0.650353610515594 0.643298983573914 0.638501107692719 0.644905388355255 0.634484529495239 0.631315648555756 0.628529071807861 0.622323930263519 0.625399172306061 0.621940612792969 0.615917384624481 0.614489734172821 0.61027193069458 0.606899976730347 0.612696468830109 0.581996440887451 0.55009138584137 0.551151096820831 0.542514204978943 0.546777486801147 0.567954182624817 0.575935304164886 0.582026779651642 0.589153707027435 0.581539869308472 0.567664325237274 0.574410676956177 0.591757476329803 0.60120290517807 0.609165072441101 0.616325259208679 0.612603843212128 0.613454401493073 0.629134178161621 0.628857254981995 0.617412149906158 0.608210742473602 0.587334990501404 0.585355818271637 0.594450950622559 0.585874915122986 0.577175855636597 0.571685671806335 0.576328575611115
0.649875640869141 0.634967505931854 0.616098463535309 0.629127860069275 0.622255086898804 0.618104755878448 0.624388456344604 0.607211589813232 0.602359473705292 0.601800143718719 0.586930692195892 0.596301078796387 0.590882360935211 0.576211094856262 0.579307198524475 0.57925146818161 0.576029181480408 0.569835543632507 0.554736196994781 0.54741895198822 0.553150534629822 0.55294144153595 0.556797385215759 0.559360146522522 0.555549740791321 0.557581424713135 0.570509612560272 0.565867185592651 0.550963401794434 0.558248043060303 0.566280484199524 0.564159214496613 0.564679384231567 0.585489809513092 0.591886520385742 0.590785503387451 0.597566425800323 0.596951723098755 0.597586750984192 0.599470317363739 0.594404637813568 0.590759038925171 0.595549941062927 0.595488846302032 0.591808617115021 0.581147730350494 0.578245639801025
0.592736005783081 0.590089201927185 0.593126654624939 0.605715990066528 0.602191150188446 0.601548254489899 0.603782832622528 0.589814960956573 0.598296701908112 0.590973496437073 0.578067362308502 0.591592669487 0.591440379619598 0.575267612934113 0.566319346427917 0.562702298164368 0.557057797908783 0.552128434181213 0.552048861980438 0.555047154426575 0.568945407867432 0.576689898967743 0.577206015586853 0.584541738033295 0.574604749679565 0.561084866523743 0.564376831054688 0.566203117370605 0.557470977306366 0.545965790748596 0.523230373859406 0.516998112201691 0.539811611175537 0.571577429771423 0.574560880661011 0.574744462966919 0.573135435581207 0.571074545383453 0.58007800579071 0.58942323923111 0.591846823692322 0.595831036567688 0.608146607875824 0.614247798919678 0.609281480312347 0.60411274433136 0.600813210010529
0.577432811260223 0.592532634735107 0.592141032218933 0.600038349628448 0.609517812728882 0.603917956352234 0.597296476364136 0.595443546772003 0.603315651416779 0.592129170894623 0.587666511535645 0.605766236782074 0.613711655139923 0.600301265716553 0.584144532680511 0.583238303661346 0.587416887283325 0.582906901836395 0.575898706912994 0.569376766681671 0.572805225849152 0.581372320652008 0.589353263378143 0.603784322738647 0.598409473896027 0.584947764873505 0.579006731510162 0.571671485900879 0.572185695171356 0.564679265022278 0.547145485877991 0.548710227012634 0.570035755634308 0.592447698116302 0.590434491634369 0.597136557102203 0.592433452606201 0.591971874237061 0.603982985019684 0.610300302505493 0.611428678035736 0.617971777915955 0.63392049074173 0.638615429401398 0.637817561626434 0.638938009738922 0.634373724460602
0.590741336345673 0.604843974113464 0.59534364938736 0.611958742141724 0.630139648914337 0.613323330879211 0.611724376678467 0.606512367725372 0.604916989803314 0.603240191936493 0.606650948524475 0.611595988273621 0.610950231552124 0.603688597679138 0.594785213470459 0.600236594676971 0.610665798187256 0.598953306674957 0.591097056865692 0.584391832351685 0.570716321468353 0.57309901714325 0.591739118099213 0.605485737323761 0.598791241645813 0.597560524940491 0.599031865596771 0.599190175533295 0.602499425411224 0.60672253370285 0.60523247718811 0.600342333316803 0.600110769271851 0.616401791572571 0.624546408653259 0.622575879096985 0.615790665149689 0.617671430110931 0.635148942470551 0.644410073757172 0.644354224205017 0.643686592578888 0.65143483877182 0.649765491485596 0.651461899280548 0.655838310718536 0.653338968753815
0.592658638954163 0.598597705364227 0.596630930900574 0.620603919029236 0.622194647789001 0.604203164577484 0.614148259162903 0.609076261520386 0.608294606208801 0.616848051548004 0.611568868160248 0.600071310997009 0.597232103347778 0.600872576236725 0.597889006137848 0.595210373401642 0.59182596206665 0.580755710601807 0.580904066562653 0.589518010616302 0.587681889533997 0.583191812038422 0.592275023460388 0.59997147321701 0.601988136768341 0.614633977413177 0.622799396514893 0.624556243419647 0.622329890727997 0.616212606430054 0.619545042514801 0.625647187232971 0.626672446727753 0.638937652111053 0.636865556240082 0.628010213375092 0.641930997371674 0.654724836349487 0.657066404819489 0.652380883693695 0.652031779289246 0.651372015476227 0.652542114257812 0.655369877815247 0.661619007587433 0.659242331981659 0.650526583194733
0.586948812007904 0.583069682121277 0.594852924346924 0.611346662044525 0.613574385643005 0.604577958583832 0.611316919326782 0.611660778522491 0.61448734998703 0.616464674472809 0.60497260093689 0.595652520656586 0.594887614250183 0.601842105388641 0.59956681728363 0.589009523391724 0.585952460765839 0.587579786777496 0.587946355342865 0.615579664707184 0.623976528644562 0.606451392173767 0.607541739940643 0.607806146144867 0.614669024944305 0.629168331623077 0.6314417719841 0.632445633411407 0.632181465625763 0.629333436489105 0.63716197013855 0.64316987991333 0.644766330718994 0.652698457241058 0.639540433883667 0.635345220565796 0.652640759944916 0.661860942840576 0.652548849582672 0.637220442295074 0.638131082057953 0.652744054794312 0.657529473304749 0.6551833152771 0.659943163394928 0.656063914299011 0.646825969219208
0.574386239051819 0.584812223911285 0.594026446342468 0.591993093490601 0.600707471370697 0.596285402774811 0.601249754428864 0.614441752433777 0.602688252925873 0.588930547237396 0.584672570228577 0.589693307876587 0.593827664852142 0.602833569049835 0.608049094676971 0.606930315494537 0.604968905448914 0.615656554698944 0.625524818897247 0.632603347301483 0.628556191921234 0.615958034992218 0.61894303560257 0.616233646869659 0.622154891490936 0.629223704338074 0.627447724342346 0.629926562309265 0.627183496952057 0.628798246383667 0.641728281974792 0.644255459308624 0.647573828697205 0.653015553951263 0.637226343154907 0.63395494222641 0.643842041492462 0.645745813846588 0.639237463474274 0.632776141166687 0.634501039981842 0.644366979598999 0.648630738258362 0.647198736667633 0.649005591869354 0.649516820907593 -3.4e+38
0.573312282562256 0.584398865699768 0.599337637424469 0.600720465183258 0.601359665393829 0.591183423995972 0.585938632488251 0.596711575984955 0.595866918563843 0.599509716033936 0.601609885692596 0.596813976764679 0.588194787502289 0.599460661411285 0.616563379764557 0.625243067741394 0.62487268447876 0.642174780368805 0.646746397018433 0.63130110502243 0.62068372964859 0.622192740440369 0.626718163490295 0.62363189458847 0.626851856708527 0.630994975566864 0.63082230091095 0.631257474422455 0.627876698970795 0.632401585578918 0.642867922782898 0.638096392154694 0.646943926811218 0.649739325046539 0.634895324707031 0.636553227901459 0.643665790557861 0.642879128456116 0.635681211948395 0.635231494903564 0.6364506483078 0.638330698013306 -3.4e+38 -3.4e+38 -3.4e+38 -3.4e+38 -3.4e+38
0.598401248455048 0.603186726570129 0.615156829357147 0.614809811115265 0.615063428878784 0.624021649360657 0.627041161060333 0.621127009391785 0.616773962974548 0.623771488666534 0.630724728107452 0.628974199295044 0.622759521007538 0.627551317214966 0.637856483459473 0.643494784832001 0.642340898513794 0.652487397193909 0.651082813739777 0.632751524448395 0.630068600177765 0.634728789329529 0.640090703964233 0.638978898525238 0.641673922538757 0.63641744852066 0.634399116039276 0.640382528305054 0.645468056201935 0.649612188339233 0.65038001537323 0.646558821201324 0.656239092350006 0.653741776943207 0.643012523651123 -3.4e+38 -3.4e+38 -3.4e+38 -3.4e+38 -3.4e+38 -3.4e+38 -3.4e+38 -3.4e+38 -3.4e+38 -3.4e+38 -3.4e+38 -3.4e+38
0.619944930076599 0.625939309597015 0.629293322563171 0.618056416511536 0.619120061397552 0.633977115154266 0.641724705696106 0.636799156665802 0.627860724925995 0.626132786273956 0.626951634883881 0.636750757694244 0.643819868564606 0.647892236709595 0.655955791473389 0.655976712703705 0.648101031780243 0.644651532173157 0.65483021736145 0.654903769493103 0.650959849357605 0.650337994098663 0.64715588092804 0.645140886306763 0.647520959377289 0.640955626964569 0.636968612670898 0.643064856529236 -3.4e+38 -3.4e+38 -3.4e+38 -3.4e+38 -3.4e+38 -3.4e+38 -3.4e+38 -3.4e+38 -3.4e+38 -3.4e+38 -3.4e+38 -3.4e+38 -3.4e+38 -3.4e+38 -3.4e+38 -3.4e+38 -3.4e+38 -3.4e+38 -3.4e+38
0.627962291240692 0.631725311279297 0.633975625038147 0.626082479953766 0.626737833023071 0.633636057376862 0.635765612125397 0.633352398872375 0.636413156986237 0.640446424484253 0.63921457529068 0.649642884731293 0.656211376190186 0.658190250396729 0.666099071502686 0.671040415763855 0.664811491966248 -3.4e+38 -3.4e+38 -3.4e+38 -3.4e+38 -3.4e+38 -3.4e+38 -3.4e+38 -3.4e+38 -3.4e+38 -3.4e+38 -3.4e+38 -3.4e+38 -3.4e+38 -3.4e+38 -3.4e+38 -3.4e+38 -3.4e+38 -3.4e+38 -3.4e+38 -3.4e+38 -3.4e+38 -3.4e+38 -3.4e+38 -3.4e+38 -3.4e+38 -3.4e+38 -3.4e+38 -3.4e+38 -3.4e+38 -3.4e+38
0.634165108203888 0.64108544588089 0.643721282482147 0.638212561607361 0.638777673244476 0.643233716487885 -3.4e+38 -3.4e+38 -3.4e+38 -3.4e+38 -3.4e+38 -3.4e+38 -3.4e+38 -3.4e+38 -3.4e+38 -3.4e+38 -3.4e+38 -3.4e+38 -3.4e+38 -3.4e+38 -3.4e+38 -3.4e+38 -3.4e+38 -3.4e+38 -3.4e+38 -3.4e+38 -3.4e+38 -3.4e+38 -3.4e+38 -3.4e+38 -3.4e+38 -3.4e+38 -3.4e+38 -3.4e+38 -3.4e+38 -3.4e+38 -3.4e+38 -3.4e+38 -3.4e+38 -3.4e+38 -3.4e+38 -3.4e+38 -3.4e+38 -3.4e+38 -3.4e+38 -3.4e+38 -3.4e+38
0.640675485134125 0.64275050163269 -3.4e+38 -3.4e+38 -3.4e+38 -3.4e+38 -3.4e+38 -3.4e+38 -3.4e+38 -3.4e+38 -3.4e+38 -3.4e+38 -3.4e+38 -3.4e+38 -3.4e+38 -3.4e+38 -3.4e+38 -3.4e+38 -3.4e+38 -3.4e+38 -3.4e+38 -3.4e+38 -3.4e+38 -3.4e+38 -3.4e+38 -3.4e+38 -3.4e+38 -3.4e+38 -3.4e+38 -3.4e+38 -3.4e+38 -3.4e+38 -3.4e+38 -3.4e+38 -3.4e+38 -3.4e+38 -3.4e+38 -3.4e+38 -3.4e+38 -3.4e+38 -3.4e+38 -3.4e+38 -3.4e+38 -3.4e+38 -3.4e+38 -3.4e+38 -3.4e+38
