data/1_raw/trimmed_ndre/Od_ndre.77.2014_no_clouds.asc
NCOLS 144 
NROWS 65 
XLLCORNER 512965 
YLLCORNER 5150865 
CELLSIZE 5 
NODATA_value -3.4e+38 
[rows 42 to 62 of 65, columns 47 to 93 of 144]
0.504638969898224 0.498426645994186 0.498113244771957 0.499141544103622 0.494684904813766 0.497143805027008 0.501188635826111 0.50280898809433 0.501581430435181 0.492908954620361 0.484708517789841 0.466421842575073 0.440476715564728 0.431412577629089 0.420769423246384 0.40421000123024 0.403797417879105 0.420705854892731 0.443973064422607 0.478748887777328 0.493158012628555 0.484152287244797 0.46828019618988 0.456881314516068 0.459590345621109 0.477430582046509 0.489783823490143 0.495097577571869 0.479454815387726 0.451162129640579 0.428978383541107 0.416023135185242 0.400893449783325 0.397395759820938 0.397403836250305 0.404707878828049 0.429366916418076 0.443754941225052 0.45954242348671 0.474494457244873 0.487250506877899 0.499977111816406 0.504266381263733 0.498913317918777 0.499034255743027 0.500381827354431 0.49738073348999
0.503851294517517 0.493193089962006 0.489518284797668 0.491787552833557 0.491899013519287 0.488320499658585 0.489966452121735 0.50260853767395 0.501189947128296 0.499791353940964 0.490974217653275 0.484460771083832 0.465910285711288 0.433789044618607 0.419846475124359 0.407398253679276 0.407447308301926 0.434246003627777 0.452637881040573 0.475214660167694 0.490548133850098 0.481472045183182 0.466660499572754 0.463690608739853 0.467990398406982 0.478596031665802 0.483798235654831 0.495927929878235 0.491658389568329 0.450425297021866 0.415634393692017 0.404815554618835 0.406653702259064 0.40955576300621 0.404099106788635 0.408923000097275 0.421400547027588 0.415488809347153 0.431983798742294 0.455820471048355 0.467423737049103 0.484618842601776 0.489284813404083 0.486396729946136 0.491063743829727 0.496074736118317 0.489023655653
0.497387886047363 0.488083839416504 0.484320074319839 0.488576978445053 0.488009631633759 0.490710705518723 0.492769241333008 0.493250340223312 0.503262221813202 0.509268701076508 0.49437952041626 0.494455844163895 0.479611903429031 0.450884789228439 0.449110746383667 0.437228292226791 0.441021770238876 0.460510581731796 0.463055282831192 0.47643655538559 0.48266875743866 0.480850249528885 0.474247813224792 0.474360793828964 0.473150223493576 0.478213340044022 0.484817683696747 0.485004454851151 0.488995999097824 0.472699165344238 0.441583007574081 0.416480273008347 0.419865161180496 0.432046681642532 0.433050841093063 0.437553644180298 0.439169943332672 0.441075682640076 0.462822526693344 0.468407183885574 0.466944307088852 0.465604454278946 0.471930176019669 0.480770438909531 0.487609893083572 0.493031203746796 0.482255429029465
0.492900311946869 0.488362014293671 0.483394593000412 0.489958614110947 0.490567028522491 0.490598350763321 0.491883784532547 0.494751900434494 0.50631308555603 0.509153783321381 0.497630089521408 0.494145035743713 0.489181667566299 0.481589376926422 0.4795942902565 0.460246533155441 0.457837104797363 0.462480068206787 0.461154460906982 0.474199533462524 0.479545265436172 0.484783738851547 0.48704320192337 0.485892653465271 0.479515105485916 0.477284967899323 0.481690794229507 0.484362125396729 0.484232991933823 0.474843531847 0.463482618331909 0.454715460538864 0.460449188947678 0.47047358751297 0.472956478595734 0.472676217556 0.466080188751221 0.472870439291 0.485865980386734 0.478053838014603 0.464887380599976 0.455218404531479 0.466333240270615 0.475985765457153 0.481074213981628 0.484505325555801 0.475261002779007
0.495027333498001 0.495686858892441 0.492379546165466 0.498028606176376 0.496878176927567 0.492148041725159 0.496212303638458 0.50248920917511 0.497533410787582 0.500343024730682 0.499663442373276 0.49221283197403 0.494950324296951 0.497024685144424 0.49154606461525 0.478709876537323 0.473721832036972 0.469734013080597 0.471857905387878 0.482721656560898 0.485759168863297 0.490344166755676 0.495053768157959 0.492925643920898 0.485384941101074 0.47910013794899 0.487505286931992 0.511061012744904 0.512089908123016 0.504402875900269 0.494849860668182 0.493409752845764 0.497219145298004 0.494710713624954 0.496836960315704 0.502652227878571 0.488521099090576 0.480817466974258 0.47327196598053 0.458514600992203 0.450331896543503 0.445257365703583 0.455295234918594 0.461193650960922 0.467370331287384 0.470773905515671 0.465987622737885
0.489751428365707 0.488752245903015 0.495576739311218 0.507907330989838 0.509091973304749 0.502777516841888 0.498198628425598 0.488570958375931 0.477500379085541 0.492125630378723 0.493471682071686 0.486258089542389 0.492092579603195 0.490231364965439 0.490958988666534 0.485840380191803 0.479144513607025 0.478889673948288 0.48714879155159 0.490573823451996 0.484667062759399 0.479598432779312 0.480262964963913 0.47705751657486 0.471704661846161 0.475173324346542 0.484622150659561 0.499718546867371 0.500828087329865 0.498737096786499 0.491768836975098 0.494243383407593 0.506941676139832 0.500168561935425 0.489246189594269 0.487559229135513 0.461349815130234 0.440395325422287 0.423364251852036 0.411979854106903 0.405950993299484 0.405787736177444 0.419572472572327 0.4347864985466 0.440589845180511 0.434697031974792 0.414874583482742
0.500404477119446 0.486428409814835 0.490394353866577 0.503385484218597 0.504240334033966 0.502703726291656 0.492053866386414 0.480015873908997 0.476826548576355 0.4910868704319 0.484273374080658 0.48833754658699 0.493862956762314 0.485230207443237 0.490478932857513 0.490170896053314 0.480175107717514 0.476042926311493 0.479825228452682 0.480719774961472 0.463753253221512 0.450535774230957 0.445060044527054 0.441439270973206 0.447434574365616 0.449757933616638 0.439011067152023 0.444433152675629 0.449505358934402 0.458545684814453 0.463330149650574 0.467211067676544 0.471246778964996 0.464298605918884 0.454462200403214 0.439716219902039 0.416542828083038 0.392607569694519 0.369211554527283 0.353107124567032 0.353906273841858 0.349973112344742 0.375725477933884 0.410878777503967 0.421499401330948 0.409805417060852 0.379830569028854
0.510197520256042 0.498515456914902 0.494845330715179 0.497066080570221 0.496117919683456 0.503859043121338 0.496012270450592 0.496178716421127 0.495302766561508 0.495593369007111 0.498897790908813 0.500369191169739 0.501201987266541 0.496579259634018 0.49809655547142 0.497419744729996 0.484190225601196 0.471235066652298 0.466703206300735 0.457238256931305 0.437719017267227 0.426425933837891 0.425516128540039 0.417850583791733 0.422149837017059 0.425721138715744 0.409534096717834 0.409001708030701 0.415985077619553 0.431369930505753 0.44007009267807 0.440096497535706 0.434398800134659 0.427840381860733 0.435620427131653 0.436388164758682 0.415911883115768 0.390029937028885 0.365659385919571 0.353560626506805 0.34787380695343 0.333283185958862 0.351273089647293 0.387121081352234 0.405353516340256 0.40350478887558 0.403185814619064
0.507736623287201 0.507498145103455 0.499349176883698 0.503568708896637 0.500204205513 0.495947778224945 0.497613877058029 0.511142551898956 0.508892834186554 0.505413770675659 0.506817162036896 0.490273714065552 0.493552088737488 0.500458657741547 0.496287852525711 0.48171278834343 0.459175735712051 0.441323518753052 0.436097681522369 0.427750796079636 0.422015815973282 0.423755139112473 0.416618794202805 0.40109458565712 0.405342519283295 0.417364895343781 0.421430468559265 0.423847883939743 0.422842860221863 0.42608368396759 0.427477866411209 0.430305242538452 0.426090359687805 0.427642196416855 0.438616245985031 0.432187467813492 0.4071324467659 0.388855129480362 0.383689433336258 0.377635300159454 0.365799963474274 0.348937302827835 0.355299055576324 0.38289937376976 0.410186141729355 0.421749144792557 0.42769455909729
0.485698997974396 0.480439990758896 0.4746273458004 0.48107373714447 0.46754863858223 0.463257312774658 0.46789738535881 0.472248494625092 0.476282000541687 0.469546407461166 0.462625086307526 0.445897221565247 0.4517782330513 0.458739459514618 0.448668360710144 0.427739083766937 0.40863835811615 0.40764844417572 0.407730251550674 0.400596141815186 0.395167291164398 0.399755209684372 0.401259124279022 0.393732398748398 0.39405769109726 0.390294462442398 0.4030681848526 0.414409339427948 0.417384713888168 0.418119609355927 0.415901362895966 0.411215782165527 0.410339295864105 0.41786602139473 0.413661271333694 0.406552851200104 0.389356225728989 0.375714421272278 0.370761454105377 0.358962178230286 0.363601952791214 0.377597004175186 0.383424311876297 0.400290459394455 0.424325823783875 0.43226632475853 0.430176615715027
0.456093460321426 0.450149267911911 0.44998225569725 0.447839170694351 0.42418584227562 0.423049837350845 0.427165001630783 0.428660303354263 0.426515311002731 0.412796944379807 0.411960780620575 0.412701994180679 0.400402456521988 0.392483800649643 0.401201665401459 0.396758913993835 0.399230748414993 0.412468671798706 0.415338218212128 0.409788757562637 0.400812685489655 0.399296522140503 0.399280518293381 0.390152901411057 0.393040865659714 0.388430595397949 0.39129975438118 0.406722962856293 0.403584152460098 0.398727893829346 0.402800112962723 0.396008551120758 0.392925053834915 0.399393945932388 0.389515370130539 0.385634779930115 0.389018833637238 0.38871094584465 0.389868289232254 0.389433860778809 0.393077999353409 0.40832194685936 0.418024718761444 0.421459376811981 0.430162906646729 0.441107392311096 0.448103487491608
0.46008312702179 0.451131105422974 0.452840507030487 0.460172116756439 0.440329939126968 0.426800489425659 0.427016854286194 0.42143639922142 0.41665905714035 0.400889903306961 0.390327602624893 0.391969412565231 0.389218330383301 0.394358336925507 0.414780914783478 0.415898084640503 0.424935966730118 0.435110181570053 0.440382838249207 0.439782798290253 0.424686580896378 0.416830241680145 0.411827921867371 0.402260899543762 0.4003866314888 0.400588870048523 0.400828957557678 0.410363733768463 0.402211606502533 0.387782871723175 0.393814086914062 0.39351087808609 0.384876400232315 0.397404968738556 0.399641156196594 0.390670865774155 0.395919740200043 0.408915370702744 0.42635777592659 0.43500679731369 0.429343283176422 0.431873768568039 0.447281897068024 0.454439282417297 0.44608062505722 0.454410046339035 0.472034215927124
0.46717581152916 0.452639311552048 0.446527749300003 0.450245261192322 0.454771816730499 0.453252106904984 0.443714827299118 0.428162634372711 0.430781245231628 0.415040016174316 0.394487917423248 0.402236789464951 0.406280696392059 0.418965935707092 0.429522395133972 0.42821678519249 0.434191673994064 0.439170867204666 0.442242592573166 0.439926296472549 0.424747139215469 0.418318152427673 0.419709235429764 0.418126702308655 0.407119989395142 0.40272730588913 0.408971518278122 0.407794058322906 0.414638221263885 0.408506780862808 0.411176592111588 0.416411995887756 0.41897714138031 0.418452739715576 0.426153808832169 0.432416379451752 0.436243176460266 0.439404964447021 0.44846299290657 0.454883873462677 0.453039050102234 0.45621246099472 0.473364770412445 0.479896485805511 0.466035068035126 0.468901067972183 0.476741999387741
0.442102432250977 0.444086641073227 0.449802041053772 0.447734028100967 0.454076379537582 0.460160672664642 0.450270116329193 0.437934279441833 0.436072260141373 0.42574942111969 0.415046572685242 0.413778483867645 0.403096079826355 0.405311346054077 0.41679659485817 0.42119026184082 0.419884741306305 0.417646169662476 0.415745735168457 0.412774801254272 0.41196271777153 0.421601295471191 0.433308660984039 0.438129186630249 0.424245476722717 0.410015195608139 0.418933570384979 0.425567120313644 0.442280322313309 0.438303351402283 0.436499446630478 0.456803441047668 0.468708425760269 0.452154159545898 0.457582205533981 0.469980508089066 0.471179306507111 0.465268909931183 0.458705961704254 0.463276624679565 0.473254978656769 0.48041558265686 0.488180100917816 0.486825793981552 0.480259239673615 0.483118265867233 0.482594311237335
0.434113293886185 0.44055837392807 0.458658576011658 0.452347725629807 0.445441484451294 0.455045729875565 0.450449377298355 0.44402202963829 0.442240357398987 0.434819012880325 0.425474941730499 0.412947326898575 0.400369703769684 0.402227461338043 0.415086805820465 0.419178247451782 0.417206615209579 0.415785610675812 0.414682656526566 0.420453876256943 0.433164983987808 0.446447223424911 0.454597383737564 0.454519629478455 0.455275565385818 0.451708316802979 0.444615066051483 0.446868568658829 0.460106253623962 0.45673793554306 0.459683477878571 0.479402393102646 0.484686195850372 0.473235845565796 0.471759766340256 0.477908909320831 0.484315127134323 0.482296019792557 0.476092487573624 0.47306689620018 0.479083567857742 0.483754575252533 0.487399756908417 0.481384217739105 0.479323357343674 0.484881490468979 -3.4e+38
0.442745357751846 0.440844595432281 0.453267276287079 0.451507687568665 0.451285481452942 0.45783856511116 0.451852858066559 0.453800201416016 0.452676832675934 0.439140439033508 0.437283039093018 0.433976411819458 0.428421020507812 0.428145498037338 0.437193036079407 0.439839661121368 0.436873346567154 0.440936118364334 0.44158947467804 0.447021752595901 0.458950966596603 0.46985787153244 0.471087723970413 0.46716383099556 0.474132061004639 0.471511840820312 0.464157372713089 0.459530174732208 0.465995132923126 0.464760780334473 0.460108548402786 0.470695078372955 0.475002318620682 0.478377670049667 0.476421117782593 0.474831789731979 0.48397696018219 0.489910393953323 0.495246469974518 0.479205459356308 0.467879593372345 0.475138783454895 -3.4e+38 -3.4e+38 -3.4e+38 -3.4e+38 -3.4e+38
0.453318864107132 0.443274617195129 0.450531423091888 0.455440104007721 0.461236923933029 0.462605893611908 0.45643824338913 0.458170562982559 0.456136375665665 0.451423555612564 0.454904854297638 0.453264147043228 0.455669939517975 0.456689387559891 0.459362953901291 0.46032652258873 0.464344024658203 0.470053136348724 0.469386160373688 0.467906802892685 0.465863108634949 0.468695849180222 0.47194430232048 0.473397135734558 0.481655955314636 0.475352644920349 0.477639824151993 0.466608285903931 0.469521343708038 0.470486998558044 0.44889959692955 0.445601105690002 0.461956560611725 0.477137923240662 0.480259776115417 -3.4e+38 -3.4e+38 -3.4e+38 -3.4e+38 -3.4e+38 -3.4e+38 -3.4e+38 -3.4e+38 -3.4e+38 -3.4e+38 -3.4e+38 -3.4e+38
0.464882284402847 0.460943222045898 0.459312409162521 0.462695777416229 0.464522421360016 0.462084293365479 0.458844721317291 0.461261779069901 0.462994009256363 0.463235974311829 0.462876290082932 0.459671467542648 0.464969784021378 0.4709432721138 0.477262675762177 0.478758960962296 0.481234282255173 0.482578754425049 0.481544256210327 0.480659246444702 0.475634217262268 0.476135492324829 0.477379769086838 0.479529023170471 0.484083652496338 0.481946051120758 0.489143520593643 0.483698189258575 -3.4e+38 -3.4e+38 -3.4e+38 -3.4e+38 -3.4e+38 -3.4e+38 -3.4e+38 -3.4e+38 -3.4e+38 -3.4e+38 -3.4e+38 -3.4e+38 -3.4e+38 -3.4e+38 -3.4e+38 -3.4e+38 -3.4e+38 -3.4e+38 -3.4e+38
0.467829704284668 0.473458409309387 0.465741336345673 0.464743107557297 0.462621986865997 0.463276982307434 0.469626635313034 0.472483992576599 0.472265094518661 0.470493197441101 0.471532344818115 0.472788691520691 0.475155115127563 0.480862021446228 0.481097012758255 0.476370871067047 0.479439318180084 -3.4e+38 -3.4e+38 -3.4e+38 -3.4e+38 -3.4e+38 -3.4e+38 -3.4e+38 -3.4e+38 -3.4e+38 -3.4e+38 -3.4e+38 -3.4e+38 -3.4e+38 -3.4e+38 -3.4e+38 -3.4e+38 -3.4e+38 -3.4e+38 -3.4e+38 -3.4e+38 -3.4e+38 -3.4e+38 -3.4e+38 -3.4e+38 -3.4e+38 -3.4e+38 -3.4e+38 -3.4e+38 -3.4e+38 -3.4e+38
0.457645028829575 0.469150453805923 0.46899351477623 0.463173806667328 0.459927439689636 0.467238545417786 -3.4e+38 -3.4e+38 -3.4e+38 -3.4e+38 -3.4e+38 -3.4e+38 -3.4e+38 -3.4e+38 -3.4e+38 -3.4e+38 -3.4e+38 -3.4e+38 -3.4e+38 -3.4e+38 -3.4e+38 -3.4e+38 -3.4e+38 -3.4e+38 -3.4e+38 -3.4e+38 -3.4e+38 -3.4e+38 -3.4e+38 -3.4e+38 -3.4e+38 -3.4e+38 -3.4e+38 -3.4e+38 -3.4e+38 -3.4e+38 -3.4e+38 -3.4e+38 -3.4e+38 -3.4e+38 -3.4e+38 -3.4e+38 -3.4e+38 -3.4e+38 -3.4e+38 -3.4e+38 -3.4e+38
0.470614075660706 0.467432945966721 -3.4e+38 -3.4e+38 -3.4e+38 -3.4e+38 -3.4e+38 -3.4e+38 -3.4e+38 -3.4e+38 -3.4e+38 -3.4e+38 -3.4e+38 -3.4e+38 -3.4e+38 -3.4e+38 -3.4e+38 -3.4e+38 -3.4e+38 -3.4e+38 -3.4e+38 -3.4e+38 -3.4e+38 -3.4e+38 -3.4e+38 -3.4e+38 -3.4e+38 -3.4e+38 -3.4e+38 -3.4e+38 -3.4e+38 -3.4e+38 -3.4e+38 -3.4e+38 -3.4e+38 -3.4e+38 -3.4e+38 -3.4e+38 -3.4e+38 -3.4e+38 -3.4e+38 -3.4e+38 -3.4e+38 -3.4e+38 -3.4e+38 -3.4e+38 -3.4e+38
