data/1_raw/trimmed_ndre/Od_ndre.77.2014_no_clouds.asc
NCOLS 144 
NROWS 65 
XLLCORNER 512965 
YLLCORNER 5150865 
CELLSIZE 5 
NODATA_value -3.4e+38 
[rows 21 to 41 of 65, columns 47 to 93 of 144]
0.497946739196777 0.495896339416504 0.492201149463654 0.490350991487503 0.488179981708527 0.481743007898331 0.485163927078247 0.482271552085876 0.481730431318283 0.484509348869324 0.48207700252533 0.484286814928055 0.482211232185364 0.473411649465561 0.47382327914238 0.476164996623993 0.47693943977356 0.479843258857727 0.481844753026962 0.478236436843872 0.479737102985382 0.478342950344086 0.488043695688248 0.496994912624359 0.496361523866653 0.492666065692902 0.489377647638321 0.483947426080704 0.479645401239395 0.480313092470169 0.484075605869293 0.477983623743057 0.475273072719574 0.478731513023376 0.473236531019211 0.473275810480118 0.469209104776382 0.470308214426041 0.463826507329941 0.459140121936798 0.455896586179733 0.448705196380615 0.449897974729538 0.442684799432755 0.439329922199249 0.439361602067947 0.426658242940903
0.492568135261536 0.497127711772919 0.493904739618301 0.489490568637848 0.4859938621521 0.48460727930069 0.489517480134964 0.487372547388077 0.483883738517761 0.479578942060471 0.475131869316101 0.478019565343857 0.479615598917007 0.482781976461411 0.490431666374207 0.486898422241211 0.47902637720108 0.474584579467773 0.480429887771606 0.480070799589157 0.474965929985046 0.469636470079422 0.480927079916 0.488998711109161 0.482584416866302 0.47221776843071 0.460589170455933 0.455647766590118 0.465369641780853 0.466608971357346 0.466655075550079 0.458349764347076 0.463058680295944 0.464649587869644 0.456643670797348 0.463141947984695 0.44866731762886 0.441505968570709 0.449101835489273 0.44641125202179 0.437886774539948 0.441630274057388 0.441510260105133 0.426533579826355 0.419551193714142 0.420297592878342 0.422095447778702
0.493462830781937 0.496642976999283 0.489950716495514 0.484425187110901 0.484851509332657 0.48477503657341 0.488690286874771 0.489065796136856 0.486032783985138 0.483843415975571 0.481786400079727 0.487761974334717 0.486421018838882 0.489117860794067 0.497270822525024 0.489767670631409 0.478524804115295 0.471968173980713 0.471740335226059 0.467920869588852 0.465252012014389 0.453979969024658 0.446039706468582 0.444655269384384 0.429377973079681 0.415289580821991 0.397054612636566 0.38611102104187 0.400126993656158 0.416260927915573 0.432882189750671 0.435961127281189 0.438998132944107 0.447538763284683 0.443486154079437 0.45331996679306 0.436006247997284 0.432770192623138 0.440169483423233 0.432168871164322 0.423874974250793 0.430288553237915 0.431717932224274 0.419319659471512 0.411507725715637 0.415187269449234 0.416957318782806
0.496581494808197 0.490848064422607 0.481935650110245 0.481180250644684 0.487013459205627 0.492249131202698 0.491324812173843 0.487807929515839 0.488483488559723 0.48732390999794 0.487883239984512 0.492519915103912 0.487498551607132 0.491529285907745 0.493523716926575 0.480362236499786 0.469208598136902 0.468200832605362 0.470698356628418 0.467494159936905 0.463550806045532 0.449358493089676 0.42735755443573 0.419605910778046 0.407533228397369 0.391272574663162 0.373413801193237 0.362780004739761 0.371843189001083 0.397355765104294 0.42062121629715 0.427281826734543 0.426301181316376 0.435356289148331 0.432333171367645 0.434402287006378 0.433283627033234 0.445846199989319 0.44335526227951 0.421018064022064 0.413233757019043 0.407406836748123 0.420926332473755 0.422715336084366 0.412068486213684 0.40664130449295 0.397278040647507
0.489846438169479 0.482453972101212 0.476876735687256 0.479480177164078 0.484438627958298 0.491298973560333 0.487123489379883 0.482817828655243 0.483428001403809 0.474697768688202 0.479633271694183 0.488898187875748 0.485579013824463 0.488551765680313 0.484721213579178 0.472219735383987 0.468120217323303 0.473139941692352 0.477310985326767 0.475254267454147 0.473515778779984 0.465316653251648 0.459340214729309 0.447021692991257 0.429405808448792 0.415682166814804 0.411396712064743 0.418087393045425 0.421323955059052 0.428037732839584 0.443366855382919 0.433609545230865 0.416005790233612 0.420515388250351 0.419670581817627 0.422071605920792 0.42682933807373 0.416136592626572 0.407941937446594 0.402288347482681 0.399192869663239 0.392416536808014 0.398967415094376 0.405391186475754 0.395258456468582 0.389329999685287 0.384312927722931
0.480525255203247 0.472804188728333 0.466468960046768 0.466144353151321 0.465651392936707 0.471205741167068 0.471170455217361 0.473672956228256 0.473823487758636 0.46611025929451 0.472390472888947 0.475884735584259 0.475118309259415 0.481160402297974 0.478920459747314 0.469070792198181 0.464384883642197 0.47019374370575 0.472113311290741 0.472074896097183 0.472243636846542 0.465273767709732 0.462646454572678 0.461837947368622 0.449615031480789 0.442280501127243 0.440503537654877 0.438288807868958 0.437153428792953 0.43264177441597 0.430105090141296 0.422626674175262 0.414325833320618 0.418821543455124 0.414768576622009 0.41490364074707 0.416801124811172 0.397530972957611 0.390190541744232 0.39213553071022 0.38502761721611 0.384948253631592 0.384742140769958 0.396171599626541 0.397243320941925 0.391453981399536 0.395255655050278
0.469781368970871 0.459308654069901 0.453509777784348 0.44493967294693 0.440765470266342 0.448983430862427 0.452828735113144 0.459134757518768 0.458893209695816 0.454507887363434 0.45990464091301 0.45767080783844 0.4604512155056 0.463932454586029 0.458827406167984 0.459580034017563 0.456242799758911 0.45569121837616 0.453577131032944 0.456598162651062 0.452540278434753 0.439220696687698 0.439928978681564 0.445051968097687 0.439181715250015 0.432034134864807 0.428040742874146 0.424822986125946 0.426543682813644 0.41794353723526 0.405435264110565 0.414920300245285 0.416380673646927 0.421284705400467 0.421860337257385 0.419986188411713 0.421482861042023 0.413936704397202 0.39832592010498 0.385242611169815 0.384896516799927 0.39155849814415 0.400256127119064 0.421380400657654 0.424483746290207 0.415316700935364 0.420562356710434
0.439015239477158 0.439208716154099 0.42891588807106 0.42580258846283 0.427795976400375 0.435637503862381 0.439095169305801 0.44468492269516 0.445664197206497 0.441801726818085 0.446616917848587 0.445400923490524 0.454372435808182 0.451544672250748 0.445975124835968 0.450832515954971 0.44728422164917 0.447980046272278 0.443547159433365 0.43360760807991 0.425383388996124 0.423774749040604 0.422313690185547 0.419370532035828 0.420091152191162 0.420633852481842 0.412344843149185 0.404085576534271 0.406714469194412 0.413243681192398 0.408738285303116 0.411345630884171 0.415937334299088 0.417326629161835 0.420968890190125 0.424399375915527 0.424765646457672 0.426144123077393 0.417254775762558 0.407299786806107 0.41271299123764 0.407251536846161 0.412152051925659 0.436646938323975 0.443491101264954 0.448256403207779 0.461964875459671
0.426411837339401 0.427257269620895 0.417042523622513 0.423496216535568 0.414667069911957 0.413872122764587 0.431998580694199 0.430251270532608 0.434154540300369 0.435204863548279 0.437014788389206 0.43472820520401 0.443272799253464 0.443331152200699 0.440490633249283 0.441833943128586 0.440699934959412 0.440062075853348 0.42644989490509 0.415214359760284 0.417887061834335 0.429536610841751 0.433210402727127 0.429582744836807 0.4229856133461 0.414835423231125 0.406540036201477 0.40397521853447 0.407198518514633 0.408261746168137 0.408258765935898 0.418910920619965 0.422938674688339 0.414577156305313 0.414929360151291 0.420429944992065 0.422927618026733 0.42045259475708 0.425681889057159 0.429591178894043 0.43111053109169 0.416026741266251 0.416196495294571 0.445522755384445 0.462976217269897 0.479829519987106 0.489732563495636
0.437295228242874 0.432178556919098 0.433302849531174 0.436570644378662 0.428676426410675 0.423149883747101 0.428197115659714 0.41463440656662 0.423372238874435 0.43031045794487 0.426920682191849 0.423815995454788 0.425100862979889 0.42712327837944 0.423070579767227 0.42622509598732 0.433143556118011 0.431961923837662 0.420795768499374 0.419880330562592 0.424558103084564 0.425611644983292 0.427252054214478 0.427938431501389 0.425561130046844 0.416183650493622 0.405406564474106 0.405559122562408 0.413892209529877 0.41459733247757 0.421272933483124 0.435680568218231 0.43194791674614 0.427362501621246 0.427320301532745 0.427718847990036 0.436107844114304 0.433247178792953 0.433302223682404 0.430336743593216 0.428234100341797 0.426104962825775 0.442040979862213 0.469889730215073 0.487021327018738 0.50020444393158 0.501060128211975
0.44627857208252 0.440707176923752 0.43860986828804 0.436139225959778 0.439903438091278 0.429772853851318 0.423996269702911 0.4150710105896 0.41766282916069 0.429455250501633 0.428645402193069 0.421255797147751 0.412922114133835 0.416491866111755 0.415985912084579 0.421834141016006 0.424705773591995 0.423419266939163 0.425844222307205 0.428709000349045 0.433599054813385 0.433839201927185 0.427992433309555 0.428536206483841 0.431476831436157 0.43064358830452 0.429281026124954 0.433294028043747 0.442260146141052 0.441840440034866 0.437087029218674 0.440016210079193 0.440770238637924 0.449027448892593 0.451341271400452 0.45537057518959 0.468625456094742 0.458982676267624 0.443279027938843 0.423835545778275 0.420132845640182 0.435565859079361 0.465798228979111 0.491745948791504 0.503142297267914 0.505657196044922 0.50220263004303
0.44189390540123 0.44487127661705 0.441591024398804 0.437243819236755 0.438306391239166 0.428374350070953 0.434625387191772 0.440750598907471 0.438214480876923 0.431821376085281 0.429051131010056 0.425584316253662 0.416420757770538 0.415956437587738 0.419684559106827 0.422220021486282 0.420071452856064 0.421155899763107 0.42357474565506 0.425888776779175 0.43400377035141 0.441766917705536 0.442929238080978 0.443782985210419 0.442478537559509 0.439807653427124 0.437415361404419 0.43962886929512 0.445427417755127 0.446025431156158 0.435283988714218 0.43177193403244 0.441691130399704 0.461571455001831 0.469059437513351 0.48270121216774 0.479007571935654 0.452903687953949 0.427925705909729 0.398381739854813 0.404905289411545 0.434474796056747 0.471497267484665 0.501551568508148 0.511311054229736 0.513791739940643 0.508494913578033
0.441049575805664 0.443738639354706 0.44478976726532 0.446616441011429 0.443408519029617 0.43719145655632 0.444941252470016 0.449932038784027 0.446033954620361 0.426966160535812 0.42318132519722 0.422442436218262 0.415114134550095 0.416966795921326 0.421631276607513 0.4206662774086 0.42120698094368 0.422170042991638 0.423417121171951 0.425652056932449 0.432216078042984 0.43775600194931 0.441369980573654 0.442909717559814 0.439584314823151 0.439249724149704 0.436981737613678 0.4346022605896 0.4298976957798 0.432437598705292 0.436563819646835 0.438451826572418 0.458731979131699 0.476684749126434 0.479720830917358 0.491735100746155 0.471392601728439 0.441770792007446 0.410285949707031 0.374703913927078 0.402668386697769 0.44095778465271 0.477013856172562 0.50644725561142 0.512695729732513 0.517277300357819 0.511155009269714
0.453840762376785 0.441186308860779 0.438904464244843 0.438932687044144 0.438740134239197 0.442689269781113 0.441411226987839 0.432470619678497 0.438528895378113 0.432015210390091 0.42096933722496 0.415802806615829 0.41583451628685 0.41600775718689 0.416112750768661 0.415835618972778 0.421149253845215 0.424114733934402 0.426486641168594 0.430674910545349 0.43462336063385 0.433085650205612 0.435867547988892 0.436806976795197 0.427479654550552 0.424553364515305 0.428286403417587 0.440301418304443 0.445638597011566 0.446822464466095 0.456320643424988 0.466094225645065 0.484097063541412 0.4919293820858 0.495993703603745 0.503060638904572 0.470930010080338 0.448860198259354 0.423705220222473 0.390620738267899 0.415132910013199 0.451022624969482 0.483761042356491 0.508183360099792 0.506516933441162 0.506336331367493 0.506913125514984
0.474248439073563 0.45339822769165 0.443196803331375 0.439773470163345 0.448859423398972 0.45353090763092 0.442139685153961 0.43066680431366 0.435451477766037 0.43830007314682 0.432731509208679 0.427458554506302 0.431680232286453 0.42798900604248 0.430456459522247 0.430096864700317 0.434888899326324 0.441243380308151 0.43830206990242 0.44017419219017 0.446287721395493 0.445662021636963 0.448686957359314 0.44246968626976 0.427121996879578 0.414270579814911 0.406453996896744 0.410974055528641 0.418967485427856 0.434108644723892 0.462122410535812 0.480341374874115 0.491424232721329 0.496147334575653 0.497415781021118 0.497166395187378 0.473379403352737 0.454921305179596 0.436801493167877 0.425276398658752 0.436666339635849 0.452525645494461 0.478860557079315 0.496388822793961 0.495279163122177 0.492869734764099 0.495194673538208
0.504474759101868 0.497108280658722 0.484583526849747 0.47843012213707 0.477642804384232 0.480429798364639 0.47454959154129 0.462144076824188 0.454244345426559 0.45432037115097 0.458940237760544 0.447159051895142 0.442957282066345 0.45316755771637 0.460015535354614 0.459856331348419 0.460537701845169 0.464145213365555 0.45849397778511 0.464791864156723 0.474882274866104 0.473927855491638 0.471680730581284 0.45410230755806 0.436045676469803 0.425083428621292 0.414691567420959 0.407653361558914 0.413623303174973 0.437821179628372 0.461314499378204 0.480452835559845 0.498546153306961 0.503695845603943 0.502416968345642 0.500129759311676 0.48203057050705 0.462568134069443 0.447501122951508 0.44812935590744 0.458662062883377 0.466609507799149 0.483903795480728 0.492248475551605 0.494243949651718 0.496462553739548 0.502910017967224
0.52952778339386 0.518598675727844 0.518879055976868 0.512431204319 0.49963715672493 0.502950966358185 0.50030779838562 0.486995011568069 0.477023363113403 0.472861260175705 0.465934634208679 0.45819428563118 0.4662806391716 0.477696418762207 0.476153075695038 0.480362504720688 0.480696380138397 0.485790103673935 0.490448743104935 0.492369741201401 0.495998948812485 0.493405163288116 0.487373739480972 0.470573037862778 0.460541665554047 0.456577479839325 0.456802666187286 0.455441325902939 0.464727789163589 0.485811501741409 0.493978917598724 0.503768086433411 0.513524293899536 0.509351551532745 0.502937018871307 0.498337000608444 0.47998583316803 0.465961426496506 0.459661424160004 0.460602551698685 0.466559231281281 0.476861298084259 0.493557572364807 0.5020392537117 0.502541482448578 0.496945023536682 0.495247393846512
0.511315882205963 0.499328017234802 0.512234389781952 0.499184370040894 0.477878987789154 0.497981548309326 0.503296971321106 0.488022953271866 0.483261436223984 0.483562529087067 0.472597748041153 0.473181813955307 0.482289463281631 0.481043219566345 0.475872039794922 0.486760944128036 0.495179057121277 0.498711824417114 0.502152562141418 0.499336063861847 0.497834086418152 0.492053210735321 0.48324117064476 0.475040912628174 0.47459802031517 0.478778064250946 0.488285958766937 0.491781175136566 0.487676978111267 0.4922876060009 0.497818917036057 0.506705641746521 0.50635552406311 0.494741022586823 0.480434328317642 0.461612015962601 0.442318201065063 0.433268070220947 0.439532339572906 0.454018235206604 0.457683831453323 0.465210914611816 0.475722402334213 0.480753511190414 0.476100564002991 0.464867472648621 0.458984464406967
0.483836621046066 0.484575271606445 0.496245622634888 0.491198897361755 0.480731129646301 0.492565453052521 0.5007044672966 0.492888957262039 0.488812893629074 0.493228644132614 0.48604616522789 0.48052641749382 0.48092719912529 0.477477192878723 0.477926731109619 0.488447457551956 0.492008775472641 0.487131267786026 0.484826803207397 0.493510723114014 0.495508402585983 0.489731162786484 0.479878753423691 0.470360487699509 0.468657553195953 0.475372493267059 0.486096173524857 0.489205300807953 0.486158967018127 0.486230313777924 0.485860288143158 0.484268635511398 0.476130843162537 0.467259764671326 0.447130113840103 0.419284790754318 0.412742674350739 0.420459926128387 0.43754506111145 0.455960631370544 0.45187571644783 0.449525147676468 0.45091301202774 0.449771910905838 0.442825585603714 0.434328347444534 0.426831305027008
0.487610518932343 0.494432002305984 0.503794550895691 0.513951897621155 0.508673131465912 0.505337119102478 0.508239328861237 0.498195171356201 0.498381704092026 0.501551985740662 0.490568786859512 0.477211326360703 0.471018254756927 0.475726813077927 0.47743809223175 0.475261062383652 0.472958236932755 0.471316069364548 0.474728047847748 0.488570958375931 0.492896050214767 0.489514619112015 0.480375528335571 0.467166751623154 0.464288622140884 0.471590161323547 0.479600310325623 0.483154594898224 0.489651620388031 0.490296363830566 0.481361150741577 0.467972546815872 0.448640733957291 0.434690624475479 0.417005062103271 0.403300285339355 0.420773386955261 0.445385694503784 0.460505902767181 0.473624646663666 0.46999579668045 0.46538507938385 0.460375100374222 0.454720020294189 0.449620991945267 0.44630566239357 0.448548763990402
0.502042412757874 0.503498494625092 0.509148895740509 0.512407183647156 0.506609499454498 0.511370360851288 0.514301598072052 0.500709712505341 0.500819325447083 0.49524462223053 0.482464820146561 0.465613752603531 0.443761557340622 0.45329824090004 0.453610181808472 0.444819331169128 0.447065860033035 0.447722166776657 0.457768648862839 0.485995888710022 0.492154270410538 0.484679192304611 0.473341345787048 0.460234642028809 0.459597676992416 0.473295480012894 0.485303461551666 0.49020528793335 0.492711514234543 0.485739797353745 0.471714287996292 0.448819667100906 0.419987976551056 0.406694978475571 0.405792832374573 0.413401216268539 0.44066134095192 0.466937899589539 0.478130608797073 0.483205825090408 0.488950997591019 0.493550598621368 0.491363495588303 0.485245287418365 0.48325702548027 0.487053871154785 0.493895560503006
