data/1_raw/trimmed_ndre/Od_ndre.710.2012.asc
NCOLS 144 
NROWS 65 
XLLCORNER 512965 
YLLCORNER 5150865 
CELLSIZE 5 
NODATA_value -3.4e+38 
[rows 42 to 62 of 65, columns 0 to 46 of 144]
-3.4e+38 -3.4e+38 -3.4e+38 -3.4e+38 -3.4e+38 -3.4e+38 -3.4e+38 -3.4e+38 -3.4e+38 -3.4e+38 -3.4e+38 -3.4e+38 -3.4e+38 -3.4e+38 -3.4e+38 -3.4e+38 -3.4e+38 -3.4e+38 -3.4e+38 -3.4e+38 -3.4e+38 0.491094470024109 0.50682008266449 0.51795220375061 0.516527652740479 0.499710202217102 0.485057890415192 0.472637444734573 0.458385825157166 0.444173723459244 0.430278480052948 0.411611258983612 0.428264737129211 0.469500809907913 0.518121063709259 0.590754389762878 0.637189149856567 0.657644808292389 0.658413171768188 0.653889060020447 0.659431159496307 0.658506333827972 0.654303014278412 0.641051352024078 0.633372247219086 0.628041982650757 0.63144326210022
-3.4e+38 -3.4e+38 -3.4e+38 -3.4e+38 -3.4e+38 -3.4e+38 -3.4e+38 -3.4e+38 -3.4e+38 -3.4e+38 -3.4e+38 -3.4e+38 -3.4e+38 -3.4e+38 -3.4e+38 -3.4e+38 -3.4e+38 -3.4e+38 -3.4e+38 0.517172813415527 0.500254213809967 0.496961057186127 0.516776323318481 0.520709574222565 0.516826868057251 0.494697511196136 0.478994220495224 0.48187267780304 0.478057265281677 0.457566767930984 0.43170502781868 0.421382814645767 0.455225080251694 0.499410808086395 0.560911059379578 0.615018606185913 0.62110310792923 0.629172921180725 0.627100050449371 0.629423379898071 0.642259418964386 0.620631456375122 0.599078118801117 0.596897304058075 0.601718306541443 0.609983325004578 0.62298458814621
-3.4e+38 -3.4e+38 -3.4e+38 -3.4e+38 -3.4e+38 -3.4e+38 -3.4e+38 -3.4e+38 -3.4e+38 -3.4e+38 -3.4e+38 -3.4e+38 -3.4e+38 -3.4e+38 -3.4e+38 -3.4e+38 -3.4e+38 -3.4e+38 0.506477177143097 0.509775876998901 0.502439260482788 0.506085097789764 0.521481156349182 0.530093669891357 0.529985249042511 0.510036885738373 0.495822101831436 0.501024901866913 0.499681711196899 0.483009606599808 0.466873615980148 0.471748113632202 0.498689085245132 0.536917686462402 0.568689107894897 0.581462442874908 0.573787331581116 0.575823068618774 0.555753111839294 0.535439610481262 0.533251583576202 0.524895846843719 0.519313156604767 0.533023238182068 0.55767834186554 0.578262031078339 0.599716067314148
-3.4e+38 -3.4e+38 -3.4e+38 -3.4e+38 -3.4e+38 -3.4e+38 -3.4e+38 -3.4e+38 -3.4e+38 -3.4e+38 -3.4e+38 -3.4e+38 -3.4e+38 -3.4e+38 -3.4e+38 -3.4e+38 -3.4e+38 0.493432074785233 0.497451692819595 0.498541742563248 0.496130853891373 0.490535199642181 0.499571144580841 0.519386947154999 0.529337167739868 0.522934913635254 0.518439471721649 0.5186408162117 0.511860728263855 0.493190050125122 0.481230616569519 0.502498507499695 0.530069410800934 0.545970737934113 0.51924079656601 0.501201570034027 0.487737447023392 0.458306789398193 0.420536279678345 0.426771819591522 0.456613004207611 0.478186130523682 0.481883108615875 0.494576305150986 0.524561047554016 0.558786392211914 0.590542852878571
-3.4e+38 -3.4e+38 -3.4e+38 -3.4e+38 -3.4e+38 -3.4e+38 -3.4e+38 -3.4e+38 -3.4e+38 -3.4e+38 -3.4e+38 -3.4e+38 -3.4e+38 -3.4e+38 -3.4e+38 -3.4e+38 0.487380504608154 0.487688481807709 0.491369366645813 0.493588119745255 0.490832269191742 0.478942543268204 0.483820796012878 0.508283793926239 0.528030157089233 0.532473802566528 0.533711075782776 0.536848485469818 0.540064096450806 0.530854284763336 0.511175096035004 0.516952812671661 0.523601889610291 0.49775242805481 0.458821028470993 0.439094722270966 0.428499728441238 0.411830633878708 0.397627681493759 0.446167588233948 0.500119864940643 0.511931180953979 0.522003710269928 0.546053230762482 0.5693199634552 0.594548165798187 0.616996765136719
-3.4e+38 -3.4e+38 -3.4e+38 -3.4e+38 -3.4e+38 -3.4e+38 -3.4e+38 -3.4e+38 -3.4e+38 -3.4e+38 -3.4e+38 -3.4e+38 -3.4e+38 -3.4e+38 -3.4e+38 0.485673576593399 0.483948171138763 0.491524070501328 0.495269924402237 0.490527600049973 0.49108162522316 0.49502295255661 0.50024825334549 0.519176304340363 0.543248176574707 0.557135343551636 0.565912902355194 0.572370886802673 0.578033268451691 0.55847841501236 0.519995748996735 0.499814867973328 0.481716156005859 0.439238965511322 0.404877007007599 0.431662529706955 0.470270872116089 0.495564937591553 0.500395715236664 0.515631914138794 0.563096702098846 0.593994915485382 0.611139833927155 0.626250624656677 0.631458342075348 0.635672032833099 0.641043663024902
-3.4e+38 -3.4e+38 -3.4e+38 -3.4e+38 -3.4e+38 -3.4e+38 -3.4e+38 -3.4e+38 -3.4e+38 -3.4e+38 -3.4e+38 -3.4e+38 -3.4e+38 -3.4e+38 0.490790516138077 0.484145283699036 0.48800328373909 0.501150846481323 0.508061766624451 0.513401746749878 0.527234017848969 0.536490201950073 0.537997722625732 0.544692933559418 0.570332586765289 0.600296676158905 0.612359046936035 0.601241648197174 0.583341956138611 0.53884756565094 0.493252575397491 0.465583056211472 0.441516548395157 0.428555846214294 0.453891605138779 0.516506314277649 0.549103677272797 0.572900116443634 0.585698902606964 0.595087289810181 0.629523515701294 0.649445533752441 0.651527166366577 0.645377337932587 0.642201840877533 0.644469738006592 0.643397212028503
-3.4e+38 -3.4e+38 -3.4e+38 -3.4e+38 -3.4e+38 -3.4e+38 -3.4e+38 -3.4e+38 -3.4e+38 -3.4e+38 -3.4e+38 -3.4e+38 -3.4e+38 0.514100968837738 0.507103204727173 0.496513932943344 0.501115322113037 0.521212697029114 0.543854653835297 0.561210155487061 0.567532598972321 0.564756214618683 0.561053454875946 0.566004753112793 0.588710486888885 0.626991212368011 0.633405566215515 0.597849667072296 0.55585902929306 0.500520586967468 0.475583851337433 0.481009393930435 0.489884823560715 0.51112699508667 0.566272675991058 0.614362299442291 0.618422389030457 0.627902805805206 0.635544419288635 0.631933331489563 0.638564944267273 0.63820344209671 0.639938056468964 0.634714245796204 0.62995707988739 0.629678785800934 0.626359462738037
-3.4e+38 -3.4e+38 -3.4e+38 -3.4e+38 -3.4e+38 -3.4e+38 -3.4e+38 -3.4e+38 -3.4e+38 -3.4e+38 -3.4e+38 -3.4e+38 0.529861986637115 0.54495233297348 0.543923437595367 0.537887513637543 0.544658064842224 0.560361325740814 0.579172313213348 0.590298175811768 0.586988508701324 0.581286907196045 0.572155594825745 0.573410987854004 0.590390563011169 0.620398283004761 0.62682569026947 0.58836042881012 0.542687952518463 0.51535952091217 0.531258344650269 0.569741547107697 0.589877068996429 0.597671747207642 0.625351130962372 0.641057550907135 0.632897198200226 0.634442985057831 0.639540195465088 0.621735990047455 0.606647431850433 0.605345249176025 0.608751773834229 0.605092346668243 0.598289549350739 0.599769592285156 0.598934650421143
-3.4e+38 -3.4e+38 -3.4e+38 -3.4e+38 -3.4e+38 -3.4e+38 -3.4e+38 -3.4e+38 -3.4e+38 -3.4e+38 -3.4e+38 0.520765423774719 0.539354026317596 0.559756219387054 0.576383650302887 0.584594190120697 0.59179276227951 0.59621399641037 0.592086553573608 0.586266338825226 0.582581996917725 0.576794922351837 0.575080275535583 0.577169179916382 0.588721871376038 0.608461141586304 0.616270840167999 0.596495032310486 0.581352293491364 0.590006530284882 0.613315463066101 0.62917149066925 0.630232334136963 0.628062427043915 0.63554048538208 0.629420876502991 0.615730166435242 0.615345001220703 0.62143886089325 0.608490109443665 0.590944766998291 0.586035847663879 0.58443683385849 0.580426216125488 0.576432585716248 0.575126647949219 0.574589729309082
-3.4e+38 -3.4e+38 -3.4e+38 -3.4e+38 -3.4e+38 -3.4e+38 -3.4e+38 -3.4e+38 -3.4e+38 -3.4e+38 0.504764199256897 0.536910355091095 0.557655036449432 0.572552740573883 0.582804799079895 0.595994591712952 0.608398497104645 0.610573589801788 0.604674220085144 0.591476380825043 0.577272057533264 0.570626199245453 0.574463605880737 0.581030130386353 0.592437207698822 0.607768893241882 0.617462694644928 0.621351540088654 0.626546382904053 0.63683420419693 0.64027863740921 0.622112452983856 0.613492906093597 0.612167000770569 0.613850235939026 0.611946821212769 0.610575795173645 0.600752174854279 0.595192611217499 0.585161030292511 0.574930369853973 0.569298684597015 0.565743923187256 0.568006873130798 0.568282902240753 0.560482203960419 0.553786396980286
-3.4e+38 -3.4e+38 -3.4e+38 -3.4e+38 -3.4e+38 -3.4e+38 -3.4e+38 -3.4e+38 -3.4e+38 0.495214939117432 0.513725519180298 0.526951968669891 0.539197325706482 0.557687222957611 0.568498134613037 0.582295477390289 0.59472793340683 0.600286483764648 0.601826190948486 0.594953954219818 0.589150428771973 0.581311166286469 0.578640997409821 0.58473128080368 0.601968884468079 0.613748967647552 0.621008574962616 0.631829857826233 0.626738846302032 0.623547971248627 0.61646980047226 0.589560091495514 0.585185587406158 0.590513944625854 0.592155754566193 0.597832798957825 0.59973019361496 0.577406764030457 0.558744370937347 0.552547216415405 0.551863610744476 0.545145988464355 0.536139607429504 0.540766954421997 0.546213805675507 0.54426372051239 0.541293203830719
-3.4e+38 -3.4e+38 -3.4e+38 -3.4e+38 -3.4e+38 -3.4e+38 -3.4e+38 -3.4e+38 0.494489252567291 0.51439368724823 0.531943678855896 0.529488742351532 0.526400029659271 0.538542449474335 0.559646964073181 0.581299602985382 0.605794429779053 0.614192366600037 0.609362661838531 0.603033900260925 0.606991529464722 0.611019730567932 0.616413056850433 0.623037993907928 0.632326781749725 0.621701896190643 0.617823541164398 0.627085745334625 0.617721855640411 0.601190805435181 0.580500841140747 0.56707763671875 0.572831451892853 0.575100362300873 0.555720508098602 0.552758574485779 0.572115838527679 0.573626756668091 0.548630058765411 0.531856536865234 0.536427557468414 0.52628481388092 0.511903643608093 0.513693153858185 0.520540595054626 0.524921834468842 0.531115233898163
-3.4e+38 -3.4e+38 -3.4e+38 -3.4e+38 -3.4e+38 -3.4e+38 -3.4e+38 0.514669239521027 0.521139919757843 0.533983886241913 0.546943664550781 0.552881062030792 0.556635499000549 0.556083679199219 0.562775611877441 0.57960170507431 0.602019846439362 0.629052937030792 0.624543607234955 0.614486038684845 0.619318664073944 0.622850060462952 0.630455017089844 0.636389791965485 0.639710247516632 0.620032966136932 0.609216928482056 0.606592357158661 0.595028102397919 0.572872757911682 0.552775979042053 0.549437642097473 0.550184667110443 0.548883378505707 0.530244290828705 0.52299427986145 0.547546923160553 0.56897097826004 0.556361615657806 0.53637957572937 0.538837909698486 0.532547533512115 0.524539947509766 0.518459439277649 0.512905478477478 0.513729691505432 0.524284482002258
-3.4e+38 -3.4e+38 -3.4e+38 -3.4e+38 -3.4e+38 -3.4e+38 0.502237141132355 0.513966619968414 0.535912573337555 0.539519608020782 0.531044840812683 0.530349731445312 0.540381848812103 0.553645372390747 0.561038672924042 0.566597759723663 0.582710862159729 0.623524904251099 0.626607239246368 0.608244717121124 0.603515863418579 0.598075330257416 0.599724352359772 0.609868586063385 0.609930694103241 0.586635053157806 0.570094585418701 0.56723427772522 0.56294047832489 0.547641634941101 0.530057549476624 0.520872294902802 0.524408102035522 0.528172135353088 0.521908164024353 0.522594034671783 0.533971667289734 0.545164704322815 0.548850536346436 0.539507985115051 0.539869725704193 0.54635101556778 0.548209667205811 0.540156602859497 0.524146735668182 0.516588151454926 0.523372709751129
-3.4e+38 -3.4e+38 -3.4e+38 -3.4e+38 -3.4e+38 0.486432492733002 0.486094951629639 0.496635109186172 0.53341543674469 0.548051655292511 0.553245842456818 0.55196875333786 0.547210454940796 0.551105380058289 0.550266265869141 0.5652214884758 0.582032024860382 0.586554706096649 0.587353944778442 0.583372414112091 0.572447419166565 0.562700390815735 0.559657156467438 0.574798285961151 0.567007899284363 0.534957528114319 0.529196977615356 0.533613443374634 0.53642463684082 0.528780043125153 0.524292945861816 0.524682819843292 0.529109120368958 0.532737970352173 0.531788766384125 0.538982033729553 0.55160254240036 0.559659957885742 0.560534417629242 0.553243577480316 0.548911154270172 0.552035868167877 0.551515340805054 0.544133245944977 0.531852304935455 0.528627634048462 0.536429286003113
-3.4e+38 -3.4e+38 -3.4e+38 -3.4e+38 0.480020076036453 0.4844810962677 0.488559067249298 0.50482165813446 0.531783819198608 0.548832178115845 0.559069633483887 0.559062719345093 0.552896559238434 0.542687237262726 0.52495539188385 0.51520311832428 0.525251448154449 0.530993282794952 0.538264334201813 0.559272646903992 0.562314510345459 0.550520956516266 0.545447111129761 0.555730819702148 0.540401220321655 0.518830001354218 0.525973498821259 0.522009074687958 0.524564146995544 0.533499181270599 0.544721603393555 0.551862180233002 0.55362457036972 0.553756594657898 0.55723237991333 0.565047562122345 0.571857571601868 0.577589929103851 0.578869700431824 0.57412189245224 0.565995216369629 0.563268303871155 0.565740168094635 0.55824488401413 0.548977375030518 0.548154652118683 0.556368708610535
-3.4e+38 -3.4e+38 -3.4e+38 0.493456184864044 0.484788328409195 0.48192834854126 0.471551179885864 0.49995693564415 0.530331790447235 0.544335186481476 0.546969830989838 0.537231981754303 0.532877087593079 0.526167154312134 0.506171405315399 0.494104772806168 0.498238503932953 0.510816276073456 0.520787358283997 0.541920363903046 0.546560883522034 0.540772616863251 0.542956352233887 0.55245840549469 0.540081799030304 0.538076043128967 0.540185749530792 0.524573683738708 0.525229156017303 0.547272384166718 0.567031979560852 0.570835769176483 0.571171045303345 0.57171905040741 0.57667601108551 0.580483675003052 0.58018946647644 0.587284564971924 0.591801881790161 0.588810563087463 0.586386859416962 0.579668343067169 0.578100681304932 0.575076699256897 0.568594396114349 0.565421462059021 0.572684168815613
-3.4e+38 -3.4e+38 0.493351519107819 0.482193022966385 0.482294291257858 0.481145828962326 0.488515108823776 0.520349442958832 0.535474419593811 0.545969188213348 0.551107466220856 0.536058068275452 0.524561524391174 0.506690263748169 0.487758159637451 0.492251664400101 0.507472634315491 0.516939043998718 0.523252904415131 0.524823427200317 0.526661455631256 0.536579191684723 0.549420952796936 0.554046154022217 0.542400479316711 0.553861916065216 0.556819558143616 0.542291581630707 0.540861666202545 0.557214856147766 0.572704911231995 0.57404750585556 0.572752833366394 0.576030015945435 0.581466794013977 0.581292390823364 0.580063343048096 0.593162536621094 0.599230110645294 0.599153459072113 0.60079038143158 0.588216006755829 0.581647872924805 0.585041046142578 0.585468590259552 0.581605851650238 0.583520531654358
-3.4e+38 0.490565776824951 0.50115954875946 0.493096560239792 0.503881633281708 0.493979573249817 0.501761555671692 0.524304389953613 0.534265458583832 0.544172704219818 0.542864084243774 0.516840040683746 0.492835313081741 0.47607085108757 0.470408499240875 0.484156757593155 0.507063388824463 0.517086088657379 0.530715882778168 0.532990276813507 0.533991813659668 0.549543142318726 0.561502814292908 0.556119740009308 0.549038827419281 0.566673040390015 0.570332229137421 0.563334882259369 0.56181925535202 0.570362448692322 0.575704991817474 0.574483275413513 0.574021339416504 0.579285979270935 0.586995780467987 0.583938896656036 0.580876231193542 0.595615386962891 0.600445151329041 0.604336142539978 0.60205602645874 0.58805388212204 0.58514666557312 0.596101939678192 0.602426886558533 0.593644738197327 0.586359679698944
0.38209742307663 0.474357903003693 0.511524856090546 0.505829036235809 0.506896376609802 0.491912245750427 0.489710241556168 0.502660095691681 0.508546054363251 0.509967565536499 0.500243544578552 0.471172302961349 0.453934907913208 0.460394084453583 0.492826133966446 0.507898271083832 0.513302624225616 0.530152678489685 0.550228416919708 0.560438990592957 0.566018462181091 0.583948075771332 0.593702912330627 0.576212823390961 0.566370010375977 0.57642263174057 0.571672141551971 0.574484944343567 0.581142663955688 0.583616137504578 0.57975971698761 0.579493224620819 0.58442896604538 0.592670977115631 0.599406898021698 0.597983002662659 0.591353118419647 0.595672607421875 0.600093960762024 0.602842152118683 0.595713555812836 0.587075471878052 0.592029988765717 0.601343929767609 0.604357719421387 0.593791604042053 0.586857378482819
