data/1_raw/trimmed_ndre/Od_ndre.615.2013_no_clouds.asc
NCOLS 144 
NROWS 65 
XLLCORNER 512965 
YLLCORNER 5150865 
CELLSIZE 5 
NODATA_value -3.4e+38 
[rows 42 to 62 of 65, columns 47 to 93 of 144]
0.524032652378082 0.520919144153595 0.505311191082001 0.497282177209854 0.495429247617722 0.491452723741531 0.486932873725891 0.48792839050293 0.484249264001846 0.468291252851486 0.448929756879807 0.435559213161469 0.43927127122879 0.447042167186737 0.447084218263626 0.443696200847626 0.446794033050537 0.451943337917328 0.456326872110367 0.457680433988571 0.458621680736542 0.452895283699036 0.445491909980774 0.448282390832901 0.455533176660538 0.463311344385147 0.46491152048111 0.464946627616882 0.475693255662918 0.483720242977142 0.483198940753937 0.471213221549988 0.47775337100029 0.484273552894592 0.47029322385788 0.470636039972305 0.480129063129425 0.489288181066513 0.494196146726608 0.504806458950043 0.508446514606476 0.501788556575775 0.500880837440491 0.506059050559998 0.507478177547455 0.504217982292175 0.506985008716583
0.51833301782608 0.5153688788414 0.500475883483887 0.486171782016754 0.480192691087723 0.489565908908844 0.49576011300087 0.491629987955093 0.48796021938324 0.481419861316681 0.474000692367554 0.458629935979843 0.450280785560608 0.451785445213318 0.452029049396515 0.462895601987839 0.4683478474617 0.464657604694366 0.461187452077866 0.463011652231216 0.469613134860992 0.469573169946671 0.465800791978836 0.460448116064072 0.458742588758469 0.458224982023239 0.455804437398911 0.459865510463715 0.472228109836578 0.474623769521713 0.469057708978653 0.4655881524086 0.483860284090042 0.487251222133636 0.473368793725967 0.476656794548035 0.474735468626022 0.464642882347107 0.455868124961853 0.457912892103195 0.461795032024384 0.465682148933411 0.465376526117325 0.465849667787552 0.461772292852402 0.462945997714996 0.473421394824982
0.504697620868683 0.50147271156311 0.492585808038712 0.484895557165146 0.480978608131409 0.49082013964653 0.498154640197754 0.485430300235748 0.477714478969574 0.474726021289825 0.472387254238129 0.465121954679489 0.460544615983963 0.458132892847061 0.455689072608948 0.464854538440704 0.463306546211243 0.45334181189537 0.456592798233032 0.467130810022354 0.47572734951973 0.473865538835526 0.471476525068283 0.464274257421494 0.455779224634171 0.454297423362732 0.454333007335663 0.46344667673111 0.474606335163116 0.472544401884079 0.461150377988815 0.458422780036926 0.477091372013092 0.478064090013504 0.470088064670563 0.465296238660812 0.450163930654526 0.433112144470215 0.41559624671936 0.407471418380737 0.413281977176666 0.417924493551254 0.414982974529266 0.410688370466232 0.413969963788986 0.420236766338348 0.433824479579926
0.497091561555862 0.493194162845612 0.490844070911407 0.489395052194595 0.486891597509384 0.485134184360504 0.480294436216354 0.472979307174683 0.473014295101166 0.47562363743782 0.4733806848526 0.46426996588707 0.458417236804962 0.454105257987976 0.452654719352722 0.458136528730392 0.456317216157913 0.450798571109772 0.453580290079117 0.456718862056732 0.4544637799263 0.450567126274109 0.452714264392853 0.456475675106049 0.452233493328094 0.447416394948959 0.447727203369141 0.451923668384552 0.458288431167603 0.460065394639969 0.457231670618057 0.459341317415237 0.468341737985611 0.464687675237656 0.45883372426033 0.444058507680893 0.423551231622696 0.406887650489807 0.388362973928452 0.371085643768311 0.372504472732544 0.37623143196106 0.377232879400253 0.376136928796768 0.388519018888474 0.396960437297821 0.400806099176407
0.508648633956909 0.507429778575897 0.509624600410461 0.501221299171448 0.487053483724594 0.47897732257843 0.465084373950958 0.4600790143013 0.462934225797653 0.466091245412827 0.458843857049942 0.445502012968063 0.442165821790695 0.44133785367012 0.449639618396759 0.458304047584534 0.449158847332001 0.444692969322205 0.443875640630722 0.43618044257164 0.419308722019196 0.415972143411636 0.431128531694412 0.442161738872528 0.440282732248306 0.429417431354523 0.425437688827515 0.421195268630981 0.425726026296616 0.434527367353439 0.440081685781479 0.443924874067307 0.449072808027267 0.450447291135788 0.441736578941345 0.431585341691971 0.416041731834412 0.395644396543503 0.38826984167099 0.381579160690308 0.369701772928238 0.363711267709732 0.367884874343872 0.37953844666481 0.389674723148346 0.397919952869415 0.40273442864418
0.527105391025543 0.522100627422333 0.522689819335938 0.50320953130722 0.486666738986969 0.491612464189529 0.483267456293106 0.471082597970963 0.463265627622604 0.45581316947937 0.436453014612198 0.42089781165123 0.421552568674088 0.42609053850174 0.438248068094254 0.446853816509247 0.436675995588303 0.432865619659424 0.43541145324707 0.428899168968201 0.416068822145462 0.404092371463776 0.405557185411453 0.4099360704422 0.411469221115112 0.408599764108658 0.407794684171677 0.415396600961685 0.422522485256195 0.423352211713791 0.422042429447174 0.422303110361099 0.43057107925415 0.440077126026154 0.430279672145844 0.434775412082672 0.430132538080215 0.406547963619232 0.413345903158188 0.406140714883804 0.381521821022034 0.369958281517029 0.369745045900345 0.386629909276962 0.403906553983688 0.415274977684021 0.425448447465897
0.524775862693787 0.51205587387085 0.50583690404892 0.490896642208099 0.477917343378067 0.477575868368149 0.471687287092209 0.463101208209991 0.452317506074905 0.445600420236588 0.430944353342056 0.423719644546509 0.427380561828613 0.430224746465683 0.440098971128464 0.434659838676453 0.42373913526535 0.426612973213196 0.427990078926086 0.420748740434647 0.407691597938538 0.397891461849213 0.38696825504303 0.38122484087944 0.382560849189758 0.397195041179657 0.406738370656967 0.409772664308548 0.414403170347214 0.410491317510605 0.407876342535019 0.41441023349762 0.419251561164856 0.421893090009689 0.420679181814194 0.432674676179886 0.434933632612228 0.419011145830154 0.418281733989716 0.407905846834183 0.387533396482468 0.377800017595291 0.379654198884964 0.39212554693222 0.406596601009369 0.416239231824875 0.429688900709152
0.490511417388916 0.481098920106888 0.467896550893784 0.450841963291168 0.438258677721024 0.428569376468658 0.419321596622467 0.416612803936005 0.408892601728439 0.403879940509796 0.401080310344696 0.411070734262466 0.42490753531456 0.43038073182106 0.443643808364868 0.425460129976273 0.401861786842346 0.408508121967316 0.406200766563416 0.392558157444 0.383078187704086 0.387713074684143 0.390980988740921 0.387722253799438 0.385905832052231 0.397504866123199 0.396789580583572 0.386246532201767 0.387408167123795 0.382031798362732 0.385051101446152 0.398053288459778 0.405821233987808 0.408147841691971 0.410260140895844 0.412386059761047 0.414569318294525 0.408104449510574 0.40044179558754 0.395063012838364 0.38215234875679 0.375662744045258 0.381685227155685 0.3910051882267 0.397871643304825 0.396662771701813 0.396886140108109
0.439797043800354 0.43558344244957 0.417387217283249 0.400310218334198 0.398399442434311 0.39415967464447 0.387765318155289 0.388467282056808 0.393135637044907 0.389303416013718 0.385694533586502 0.389268934726715 0.399539649486542 0.402409493923187 0.408067524433136 0.404185026884079 0.389751613140106 0.386005073785782 0.380757808685303 0.36660960316658 0.362027496099472 0.373490363359451 0.386464387178421 0.383447706699371 0.373339176177979 0.376333594322205 0.369168370962143 0.363642305135727 0.367471098899841 0.364412426948547 0.361756175756454 0.372448295354843 0.38391375541687 0.390865415334702 0.39337620139122 0.393435716629028 0.38720515370369 0.380812793970108 0.372907042503357 0.372645527124405 0.372488468885422 0.377497673034668 0.385408610105515 0.391112416982651 0.398263543844223 0.406189501285553 0.40493181347847
0.390278249979019 0.386030167341232 0.382427155971527 0.379478275775909 0.382843494415283 0.387252897024155 0.38257509469986 0.380945950746536 0.392736852169037 0.384693741798401 0.3793123960495 0.384418100118637 0.389457136392593 0.391400098800659 0.382456839084625 0.374462366104126 0.370943605899811 0.370517134666443 0.369153022766113 0.363848298788071 0.358317375183105 0.35739278793335 0.354950517416 0.344057589769363 0.336137354373932 0.340596109628677 0.342324405908585 0.350608944892883 0.357236504554749 0.356494516134262 0.345385611057281 0.347297132015228 0.36150050163269 0.368990063667297 0.376264303922653 0.370379686355591 0.359243452548981 0.362072467803955 0.364396989345551 0.367971241474152 0.377347737550735 0.394205451011658 0.410067588090897 0.420864850282669 0.426773548126221 0.440597742795944 0.448383063077927
0.376529186964035 0.374392718076706 0.378327280282974 0.382485687732697 0.379874646663666 0.382110595703125 0.37975549697876 0.378470152616501 0.382659375667572 0.365736484527588 0.36787411570549 0.383129239082336 0.378619521856308 0.37442621588707 0.360954612493515 0.347495496273041 0.351314842700958 0.354128390550613 0.353005617856979 0.351648479700089 0.348576277494431 0.340241283178329 0.329440027475357 0.320152312517166 0.322860091924667 0.329035490751266 0.321431845426559 0.328385710716248 0.347177118062973 0.352344691753387 0.339962005615234 0.340246140956879 0.352273285388947 0.35749626159668 0.362902015447617 0.36964163184166 0.369921833276749 0.370012104511261 0.374076694250107 0.379647791385651 0.387720972299576 0.399867326021194 0.426774740219116 0.445417940616608 0.451572954654694 0.457243323326111 0.454383075237274
0.38440665602684 0.380075871944427 0.375115633010864 0.3803770840168 0.379585951566696 0.373474180698395 0.371913462877274 0.367413640022278 0.363999485969543 0.356376498937607 0.357371360063553 0.363685607910156 0.356121122837067 0.350137948989868 0.341994255781174 0.333576291799545 0.334290236234665 0.329118639230728 0.32476270198822 0.329708069562912 0.341963469982147 0.349391877651215 0.350071847438812 0.34572446346283 0.341553658246994 0.347282975912094 0.347851097583771 0.341525465250015 0.357512831687927 0.36340057849884 0.35101655125618 0.347914099693298 0.35689052939415 0.371264278888702 0.384341657161713 0.408089727163315 0.417176157236099 0.403131693601608 0.397092998027802 0.406994551420212 0.425210803747177 0.436808913946152 0.45354488492012 0.465652257204056 0.470070779323578 0.472200244665146 0.467630296945572
0.367262035608292 0.363077938556671 0.358782529830933 0.375986605882645 0.383021742105484 0.368510186672211 0.360121548175812 0.353201746940613 0.354237228631973 0.355717748403549 0.350120306015015 0.351551443338394 0.346643447875977 0.334036558866501 0.335920602083206 0.344893544912338 0.352313876152039 0.355111509561539 0.354653477668762 0.354639381170273 0.364826947450638 0.372041970491409 0.376459687948227 0.376121550798416 0.375871598720551 0.399070799350739 0.409452378749847 0.391875118017197 0.392650187015533 0.38737815618515 0.376839756965637 0.380769550800323 0.394672602415085 0.414336770772934 0.426072061061859 0.444896847009659 0.462597101926804 0.464763611555099 0.461603254079819 0.470503985881805 0.481868743896484 0.485357582569122 0.487583935260773 0.493952125310898 0.498570799827576 0.50025749206543 0.496718943119049
0.359713971614838 0.360854774713516 0.365780115127563 0.379778534173965 0.390091121196747 0.384325832128525 0.377445101737976 0.379855066537857 0.37496417760849 0.371163785457611 0.366411656141281 0.365248143672943 0.364922076463699 0.360980302095413 0.358590394258499 0.370191723108292 0.388303130865097 0.403987228870392 0.410238921642303 0.409022271633148 0.404388815164566 0.39589524269104 0.396241992712021 0.406682878732681 0.416022062301636 0.438133716583252 0.447683840990067 0.436491906642914 0.430205583572388 0.423111230134964 0.42060175538063 0.425712466239929 0.432079970836639 0.441404730081558 0.447906255722046 0.457518309354782 0.485805660486221 0.50300407409668 0.502114951610565 0.509110331535339 0.509663105010986 0.508316874504089 0.509458124637604 0.515094757080078 0.517729640007019 0.514721870422363 0.509295344352722
0.376567929983139 0.390128523111343 0.39592981338501 0.392103672027588 0.393657863140106 0.398555278778076 0.402929991483688 0.41075524687767 0.403344392776489 0.395611703395844 0.395288050174713 0.389971047639847 0.397157788276672 0.40849357843399 0.406843215227127 0.410325348377228 0.41770213842392 0.420368164777756 0.413815855979919 0.412495464086533 0.416235983371735 0.417933404445648 0.42217430472374 0.435343205928802 0.447250485420227 0.444718688726425 0.447794646024704 0.448035925626755 0.446873039007187 0.442570239305496 0.440784186124802 0.440845727920532 0.439686506986618 0.445017516613007 0.450161874294281 0.45744925737381 0.477190762758255 0.49613344669342 0.500479698181152 0.506434082984924 0.506301999092102 0.505441248416901 0.508161425590515 0.512450158596039 0.512205183506012 0.504927277565002 -3.4e+38
0.401605874300003 0.417365491390228 0.423350691795349 0.412371933460236 0.409031957387924 0.41872975230217 0.424048393964767 0.426308244466782 0.428435057401657 0.414154291152954 0.411841809749603 0.420060098171234 0.44302499294281 0.455722332000732 0.452982187271118 0.453877955675125 0.456716537475586 0.448386788368225 0.437804251909256 0.429732114076614 0.433249771595001 0.440395444631577 0.443515241146088 0.448149919509888 0.446262419223785 0.439187943935394 0.438739210367203 0.440592020750046 0.441487193107605 0.441509336233139 0.437542170286179 0.430970042943954 0.430679649114609 0.442765414714813 0.451724618673325 0.460784167051315 0.472519248723984 0.484730660915375 0.496710330247879 0.500900566577911 0.503799438476562 0.494958460330963 -3.4e+38 -3.4e+38 -3.4e+38 -3.4e+38 -3.4e+38
0.418852359056473 0.425303608179092 0.449931561946869 0.460631787776947 0.453661054372787 0.451223522424698 0.446087837219238 0.447799056768417 0.453447133302689 0.437953144311905 0.439439326524734 0.457689225673676 0.472805887460709 0.482434213161469 0.481175631284714 0.482624113559723 0.485465168952942 0.486327707767487 0.478050649166107 0.470816940069199 0.461228311061859 0.450450360774994 0.440478473901749 0.43761333823204 0.414814531803131 0.401724815368652 0.41717541217804 0.432426065206528 0.444208443164825 0.450123727321625 0.453657448291779 0.4588443338871 0.462038218975067 0.466214507818222 0.467428922653198 -3.4e+38 -3.4e+38 -3.4e+38 -3.4e+38 -3.4e+38 -3.4e+38 -3.4e+38 -3.4e+38 -3.4e+38 -3.4e+38 -3.4e+38 -3.4e+38
0.451085895299911 0.46397790312767 0.473773837089539 0.492839962244034 0.492337197065353 0.480541497468948 0.474340945482254 0.477422565221786 0.482311397790909 0.477514773607254 0.475640386343002 0.480280190706253 0.485345155000687 0.494962364435196 0.498133718967438 0.498740434646606 0.503792762756348 0.506795227527618 0.506377816200256 0.500379025936127 0.487896680831909 0.462639957666397 0.436293452978134 0.422829985618591 0.385275483131409 0.380163162946701 0.417881160974503 0.446182519197464 -3.4e+38 -3.4e+38 -3.4e+38 -3.4e+38 -3.4e+38 -3.4e+38 -3.4e+38 -3.4e+38 -3.4e+38 -3.4e+38 -3.4e+38 -3.4e+38 -3.4e+38 -3.4e+38 -3.4e+38 -3.4e+38 -3.4e+38 -3.4e+38 -3.4e+38
0.488603472709656 0.492820203304291 0.481304228305817 0.495169103145599 0.502305686473846 0.498001933097839 0.498400658369064 0.499435216188431 0.50521057844162 0.508509755134583 0.502464532852173 0.497740626335144 0.503623008728027 0.51742285490036 0.517760753631592 0.513239741325378 0.51452362537384 -3.4e+38 -3.4e+38 -3.4e+38 -3.4e+38 -3.4e+38 -3.4e+38 -3.4e+38 -3.4e+38 -3.4e+38 -3.4e+38 -3.4e+38 -3.4e+38 -3.4e+38 -3.4e+38 -3.4e+38 -3.4e+38 -3.4e+38 -3.4e+38 -3.4e+38 -3.4e+38 -3.4e+38 -3.4e+38 -3.4e+38 -3.4e+38 -3.4e+38 -3.4e+38 -3.4e+38 -3.4e+38 -3.4e+38 -3.4e+38
0.503877282142639 0.501228928565979 0.490665286779404 0.501892983913422 0.510676205158234 0.511921405792236 -3.4e+38 -3.4e+38 -3.4e+38 -3.4e+38 -3.4e+38 -3.4e+38 -3.4e+38 -3.4e+38 -3.4e+38 -3.4e+38 -3.4e+38 -3.4e+38 -3.4e+38 -3.4e+38 -3.4e+38 -3.4e+38 -3.4e+38 -3.4e+38 -3.4e+38 -3.4e+38 -3.4e+38 -3.4e+38 -3.4e+38 -3.4e+38 -3.4e+38 -3.4e+38 -3.4e+38 -3.4e+38 -3.4e+38 -3.4e+38 -3.4e+38 -3.4e+38 -3.4e+38 -3.4e+38 -3.4e+38 -3.4e+38 -3.4e+38 -3.4e+38 -3.4e+38 -3.4e+38 -3.4e+38
0.497230052947998 0.506145358085632 -3.4e+38 -3.4e+38 -3.4e+38 -3.4e+38 -3.4e+38 -3.4e+38 -3.4e+38 -3.4e+38 -3.4e+38 -3.4e+38 -3.4e+38 -3.4e+38 -3.4e+38 -3.4e+38 -3.4e+38 -3.4e+38 -3.4e+38 -3.4e+38 -3.4e+38 -3.4e+38 -3.4e+38 -3.4e+38 -3.4e+38 -3.4e+38 -3.4e+38 -3.4e+38 -3.4e+38 -3.4e+38 -3.4e+38 -3.4e+38 -3.4e+38 -3.4e+38 -3.4e+38 -3.4e+38 -3.4e+38 -3.4e+38 -3.4e+38 -3.4e+38 -3.4e+38 -3.4e+38 -3.4e+38 -3.4e+38 -3.4e+38 -3.4e+38 -3.4e+38
