data/1_raw/trimmed_ndre/Od_ndre.68.2015.asc
NCOLS 144 
NROWS 65 
XLLCORNER 512965 
YLLCORNER 5150865 
CELLSIZE 5 
NODATA_value -3.4e+38 
[rows 42 to 62 of 65, columns 47 to 93 of 144]
0.625290095806122 0.629964351654053 0.63286018371582 0.629814863204956 0.635523438453674 0.633264124393463 0.62921816110611 0.6294065117836 0.636834442615509 0.631125569343567 0.614916682243347 0.59027624130249 0.580259442329407 0.568952977657318 0.560790657997131 0.568806409835815 0.565551400184631 0.564972221851349 0.572761416435242 0.595869660377502 0.61690890789032 0.626755952835083 0.624788403511047 0.61749529838562 0.61286073923111 0.609268844127655 0.607572853565216 0.601021289825439 0.586340963840485 0.577028453350067 0.580324530601501 0.580831468105316 0.584496736526489 0.576398849487305 0.566494464874268 0.580305993556976 0.582565903663635 0.582719445228577 0.586169421672821 0.603145718574524 0.629501938819885 0.648083686828613 0.656712234020233 0.663180589675903 0.669436573982239 0.669089674949646 0.661499977111816
0.642847657203674 0.65156489610672 0.651584684848785 0.646401345729828 0.648423373699188 0.643785357475281 0.643164098262787 0.648296117782593 0.65748918056488 0.643769919872284 0.62522566318512 0.612005233764648 0.611806452274323 0.599045872688293 0.592427730560303 0.593556582927704 0.58693265914917 0.591867566108704 0.602969586849213 0.622391581535339 0.64435338973999 0.656822204589844 0.652817904949188 0.637729585170746 0.628229260444641 0.62692528963089 0.628301084041595 0.632085502147675 0.632063984870911 0.62684029340744 0.618177533149719 0.612263858318329 0.624956965446472 0.6219682097435 0.606570959091187 0.594568729400635 0.584304809570312 0.597046077251434 0.61061829328537 0.625379681587219 0.656601309776306 0.668425559997559 0.667336463928223 0.665852189064026 0.676982045173645 0.683319509029388 0.682617008686066
0.636501967906952 0.639510869979858 0.633522152900696 0.636061072349548 0.642494142055511 0.632975816726685 0.631593763828278 0.63536012172699 0.642597556114197 0.640969276428223 0.634237349033356 0.630860507488251 0.632957100868225 0.617485880851746 0.608700454235077 0.602278113365173 0.595603048801422 0.605292737483978 0.615986168384552 0.627074539661407 0.640483915805817 0.656171560287476 0.653349697589874 0.640803396701813 0.631001949310303 0.632829308509827 0.631224811077118 0.630771458148956 0.634586811065674 0.638305306434631 0.636152744293213 0.631646394729614 0.633555471897125 0.623375475406647 0.616188406944275 0.610415935516357 0.602922141551971 0.615540325641632 0.622864544391632 0.622847318649292 0.632118761539459 0.629968523979187 0.637508392333984 0.649880051612854 0.667407035827637 0.66646808385849 0.666358292102814
0.627379596233368 0.627624094486237 0.619838774204254 0.632227420806885 0.634963750839233 0.620190918445587 0.622563481330872 0.627670347690582 0.635870814323425 0.643351793289185 0.647332489490509 0.646757662296295 0.645027220249176 0.637452363967896 0.63413268327713 0.621615827083588 0.610623836517334 0.613640427589417 0.619366347789764 0.625024139881134 0.632813453674316 0.645074307918549 0.643628895282745 0.635962307453156 0.634453237056732 0.643580973148346 0.64043527841568 0.637416958808899 0.636754035949707 0.637575089931488 0.640453219413757 0.651743113994598 0.660626411437988 0.649768531322479 0.637300789356232 0.632927775382996 0.62955778837204 0.617423474788666 0.607276499271393 0.609651625156403 0.617432594299316 0.61091423034668 0.613439083099365 0.639460861682892 0.664800822734833 0.645700454711914 0.656262278556824
0.632545590400696 0.628579020500183 0.617294251918793 0.636656165122986 0.634061276912689 0.623704373836517 0.632836818695068 0.633345127105713 0.636285662651062 0.647051274776459 0.661134481430054 0.655381858348846 0.647566974163055 0.647660493850708 0.658827066421509 0.643916010856628 0.633248090744019 0.631413042545319 0.630475044250488 0.627626478672028 0.625731408596039 0.628493070602417 0.630880117416382 0.624593496322632 0.628494381904602 0.642440497875214 0.645355939865112 0.644759774208069 0.641825973987579 0.639106035232544 0.638789713382721 0.655395328998566 0.666844546794891 0.663361012935638 0.652151167392731 0.64765602350235 0.633779883384705 0.612850606441498 0.607446253299713 0.613730669021606 0.624274730682373 0.630338788032532 0.624482393264771 0.641025483608246 0.655599296092987 0.646636724472046 0.649588823318481
0.648099482059479 0.638638138771057 0.624478578567505 0.628119885921478 0.62223619222641 0.633833885192871 0.650713384151459 0.644102990627289 0.63826596736908 0.645328879356384 0.658343493938446 0.654583215713501 0.644649565219879 0.654907464981079 0.674115896224976 0.655808746814728 0.644389152526855 0.63747364282608 0.631697952747345 0.62339323759079 0.615596115589142 0.611671209335327 0.614258110523224 0.617097675800323 0.628417730331421 0.637529075145721 0.640763401985168 0.644058227539062 0.641101837158203 0.631806254386902 0.625601649284363 0.642491519451141 0.65565299987793 0.660129964351654 0.65507709980011 0.646485149860382 0.628937423229218 0.614956676959991 0.616063714027405 0.624130845069885 0.632608115673065 0.633485019207001 0.627740561962128 0.639254093170166 0.649116814136505 0.648661911487579 0.633943438529968
0.659523725509644 0.653708755970001 0.645351767539978 0.638145744800568 0.638194739818573 0.654620110988617 0.664183139801025 0.65354996919632 0.647990584373474 0.657149076461792 0.662915110588074 0.657985329627991 0.651591539382935 0.658924400806427 0.668429493904114 0.654459297657013 0.644971609115601 0.636207520961761 0.626229703426361 0.613718152046204 0.605816125869751 0.603228747844696 0.604005873203278 0.608301341533661 0.623374819755554 0.625626683235168 0.622279584407806 0.624050438404083 0.633532404899597 0.63490879535675 0.631142437458038 0.634430050849915 0.637839376926422 0.648515999317169 0.649453461170197 0.634821772575378 0.625684976577759 0.62155944108963 0.622121453285217 0.624242544174194 0.629427313804626 0.626396059989929 0.623120188713074 0.630480229854584 0.635918378829956 0.64122349023819 0.642052531242371
0.658687591552734 0.647965312004089 0.648237824440002 0.647832632064819 0.652620553970337 0.663312137126923 0.667353570461273 0.667274951934814 0.666075110435486 0.663759768009186 0.658404886722565 0.661422610282898 0.674679040908813 0.645821630954742 0.634594440460205 0.633514940738678 0.633971154689789 0.630358517169952 0.622359573841095 0.612165510654449 0.602579772472382 0.597513735294342 0.59726095199585 0.601868569850922 0.613968849182129 0.615663111209869 0.612448394298553 0.615781188011169 0.632557392120361 0.64433890581131 0.651525914669037 0.649680018424988 0.637750506401062 0.633352398872375 0.633937120437622 0.629526674747467 0.628282487392426 0.62724381685257 0.624281585216522 0.623429477214813 0.627639770507812 0.624226748943329 0.619306802749634 0.618348836898804 0.620183348655701 0.629703164100647 0.632380425930023
0.6387739777565 0.624599516391754 0.645338833332062 0.646830141544342 0.641715049743652 0.644870936870575 0.648596346378326 0.654955625534058 0.659681975841522 0.653352022171021 0.638250410556793 0.633227288722992 0.64315938949585 0.641292452812195 0.62314373254776 0.615152060985565 0.619215905666351 0.626091301441193 0.625097572803497 0.617868781089783 0.607986807823181 0.598965585231781 0.595801651477814 0.603538811206818 0.615076124668121 0.623646378517151 0.62220960855484 0.623950719833374 0.633427202701569 0.640773296356201 0.650161743164062 0.64298290014267 0.625884413719177 0.616722226142883 0.62618750333786 0.632051825523376 0.632873237133026 0.630900621414185 0.624151349067688 0.622649967670441 0.626274883747101 0.628277063369751 0.624398112297058 0.619720578193665 0.617769420146942 0.622618436813354 0.615185439586639
0.621631026268005 0.611323297023773 0.642904996871948 0.641295075416565 0.635911047458649 0.631791472434998 0.6281858086586 0.634461581707001 0.638471841812134 0.638054668903351 0.631826519966125 0.622069597244263 0.629080057144165 0.641261219978333 0.625648200511932 0.608114778995514 0.608280658721924 0.621930062770844 0.631615161895752 0.621874630451202 0.611063897609711 0.602422475814819 0.592533469200134 0.606632769107819 0.618370532989502 0.625145733356476 0.631174564361572 0.633640825748444 0.62771064043045 0.619268834590912 0.619938850402832 0.618243455886841 0.613695800304413 0.611448168754578 0.622286438941956 0.624043822288513 0.62320214509964 0.621135473251343 0.615596234798431 0.616045832633972 0.62112557888031 0.624360263347626 0.618067026138306 0.610869526863098 0.611200213432312 0.614367544651031 0.600767552852631
0.622463226318359 0.626800894737244 0.647006392478943 0.639316737651825 0.63198322057724 0.623932838439941 0.619224846363068 0.631733953952789 0.640384614467621 0.638024032115936 0.628165900707245 0.618334531784058 0.623745739459991 0.632239401340485 0.629440546035767 0.612168192863464 0.602715134620667 0.612420618534088 0.627680063247681 0.617873311042786 0.600366234779358 0.595211267471313 0.598570466041565 0.600423097610474 0.608062028884888 0.614463150501251 0.622321426868439 0.628104507923126 0.618500530719757 0.609124481678009 0.605003774166107 0.603980362415314 0.614624321460724 0.616213917732239 0.60974383354187 0.605029404163361 0.606771349906921 0.606992959976196 0.603261470794678 0.601379156112671 0.607884168624878 0.61431872844696 0.613290846347809 0.607123136520386 0.606132805347443 0.607844769954681 0.604300975799561
0.636500000953674 0.63926237821579 0.643368482589722 0.637806236743927 0.629601836204529 0.625637531280518 0.627558350563049 0.635476291179657 0.638594448566437 0.635396361351013 0.627273619174957 0.621352970600128 0.624060809612274 0.629759728908539 0.632446229457855 0.622289478778839 0.603935182094574 0.604912221431732 0.615600049495697 0.617824137210846 0.601232409477234 0.595230042934418 0.601399540901184 0.60135406255722 0.601796865463257 0.599279463291168 0.607670783996582 0.623493850231171 0.616956114768982 0.61185622215271 0.610397815704346 0.607776045799255 0.618019938468933 0.60632312297821 0.592235624790192 0.588889122009277 0.596631824970245 0.601415693759918 0.600716292858124 0.598016023635864 0.604239225387573 0.610825955867767 0.615186452865601 0.615373015403748 0.607872307300568 0.603977024555206 0.607243120670319
0.654906392097473 0.645840108394623 0.642846822738647 0.637573540210724 0.630061030387878 0.634077072143555 0.640254855155945 0.645202457904816 0.644776463508606 0.64057582616806 0.631705582141876 0.632251143455505 0.642466068267822 0.631993651390076 0.639064848423004 0.6392582654953 0.62253326177597 0.611107349395752 0.6178098320961 0.623644828796387 0.61394852399826 0.602239608764648 0.616074621677399 0.631400048732758 0.627503156661987 0.613103985786438 0.617681920528412 0.626402020454407 0.62065589427948 0.615406930446625 0.621151268482208 0.627953410148621 0.629484534263611 0.610405445098877 0.597730994224548 0.593378186225891 0.600981473922729 0.610748052597046 0.605469644069672 0.596879959106445 0.600577592849731 0.612897455692291 0.622075080871582 0.626639783382416 0.625805258750916 0.622860848903656 0.622086226940155
0.649349451065063 0.640505433082581 0.642394959926605 0.639820277690887 0.635383903980255 0.637185037136078 0.641447901725769 0.64669144153595 0.650407433509827 0.650644302368164 0.642916977405548 0.643860816955566 0.641889214515686 0.622591435909271 0.64331042766571 0.659622728824615 0.65564352273941 0.633086562156677 0.629262566566467 0.630892217159271 0.627068996429443 0.617226243019104 0.631979882717133 0.636972546577454 0.627329528331757 0.613707959651947 0.626922905445099 0.628157496452332 0.620159804821014 0.61711049079895 0.628468096256256 0.633656561374664 0.632537543773651 0.626044988632202 0.630484342575073 0.624276161193848 0.612238228321075 0.609794080257416 0.61042994260788 0.601157128810883 0.598609566688538 0.618331134319305 0.637920439243317 0.633276522159576 0.625540673732758 0.638349115848541 0.637451648712158
0.622714996337891 0.620157539844513 0.625804603099823 0.627539336681366 0.626063883304596 0.62538880109787 0.626782596111298 0.62929356098175 0.629067122936249 0.625961244106293 0.621333837509155 0.626792430877686 0.620209097862244 0.60932320356369 0.632363557815552 0.650590837001801 0.645262718200684 0.626709342002869 0.623420596122742 0.629472255706787 0.6312295794487 0.625612914562225 0.621183574199677 0.620861053466797 0.61328113079071 0.607914745807648 0.627226591110229 0.624063372612 0.615081906318665 0.612714767456055 0.625585615634918 0.626169085502625 0.627306818962097 0.629333436489105 0.629359841346741 0.622212886810303 0.610523581504822 0.604747533798218 0.618520557880402 0.616542875766754 0.609349846839905 0.61421012878418 0.636781573295593 0.625848054885864 0.617528021335602 0.633704543113708 -3.4e+38
0.586800575256348 0.589799404144287 0.603212833404541 0.607167422771454 0.607936322689056 0.604703307151794 0.600836575031281 0.595207214355469 0.594014763832092 0.593849062919617 0.59380316734314 0.598540306091309 0.599094867706299 0.602703094482422 0.616086483001709 0.625623226165771 0.617311656475067 0.607811391353607 0.60626745223999 0.61400032043457 0.618273258209229 0.618308067321777 0.612824022769928 0.610568463802338 0.602242946624756 0.606867492198944 0.62378454208374 0.620981216430664 0.614207327365875 0.613318026065826 0.620259284973145 0.616713583469391 0.620471656322479 0.621897637844086 0.618460416793823 0.620119214057922 0.610261023044586 0.602378964424133 0.607502698898315 0.61392068862915 0.611221075057983 0.611343085765839 -3.4e+38 -3.4e+38 -3.4e+38 -3.4e+38 -3.4e+38
0.579603493213654 0.5854452252388 0.593316435813904 0.592822194099426 0.59268856048584 0.590560078620911 0.588575303554535 0.588847815990448 0.587293863296509 0.585144400596619 0.583870351314545 0.588530600070953 0.6011763215065 0.607135713100433 0.607003331184387 0.603057980537415 0.597037613391876 0.60268634557724 0.609985291957855 0.612878084182739 0.610962271690369 0.615713775157928 0.617054760456085 0.614157319068909 0.604514598846436 0.61648690700531 0.629326641559601 0.626898229122162 0.621369063854218 0.622454166412354 0.625969052314758 0.623468160629272 0.62041175365448 0.613826274871826 0.613816738128662 -3.4e+38 -3.4e+38 -3.4e+38 -3.4e+38 -3.4e+38 -3.4e+38 -3.4e+38 -3.4e+38 -3.4e+38 -3.4e+38 -3.4e+38 -3.4e+38
0.579573392868042 0.589528262615204 0.597038388252258 0.592360556125641 0.57956999540329 0.592455983161926 0.593121230602264 0.595681846141815 0.602750658988953 0.607803046703339 0.6060830950737 0.603641748428345 0.608475208282471 0.605299830436707 0.602020859718323 0.598103523254395 0.601336121559143 0.613370001316071 0.61739456653595 0.614223003387451 0.609108626842499 0.618621945381165 0.62222546339035 0.615747511386871 0.606891572475433 0.622523784637451 0.632372677326202 0.633258759975433 -3.4e+38 -3.4e+38 -3.4e+38 -3.4e+38 -3.4e+38 -3.4e+38 -3.4e+38 -3.4e+38 -3.4e+38 -3.4e+38 -3.4e+38 -3.4e+38 -3.4e+38 -3.4e+38 -3.4e+38 -3.4e+38 -3.4e+38 -3.4e+38 -3.4e+38
0.584176301956177 0.593176305294037 0.599835336208344 0.590983033180237 0.58545595407486 0.607039153575897 0.600283205509186 0.601284980773926 0.605579018592834 0.601071774959564 0.599466741085052 0.603384852409363 0.607360541820526 0.600897431373596 0.603011786937714 0.609960615634918 0.614469468593597 -3.4e+38 -3.4e+38 -3.4e+38 -3.4e+38 -3.4e+38 -3.4e+38 -3.4e+38 -3.4e+38 -3.4e+38 -3.4e+38 -3.4e+38 -3.4e+38 -3.4e+38 -3.4e+38 -3.4e+38 -3.4e+38 -3.4e+38 -3.4e+38 -3.4e+38 -3.4e+38 -3.4e+38 -3.4e+38 -3.4e+38 -3.4e+38 -3.4e+38 -3.4e+38 -3.4e+38 -3.4e+38 -3.4e+38 -3.4e+38
0.596254050731659 0.606265783309937 0.607772171497345 0.592697501182556 0.599331259727478 0.617934465408325 -3.4e+38 -3.4e+38 -3.4e+38 -3.4e+38 -3.4e+38 -3.4e+38 -3.4e+38 -3.4e+38 -3.4e+38 -3.4e+38 -3.4e+38 -3.4e+38 -3.4e+38 -3.4e+38 -3.4e+38 -3.4e+38 -3.4e+38 -3.4e+38 -3.4e+38 -3.4e+38 -3.4e+38 -3.4e+38 -3.4e+38 -3.4e+38 -3.4e+38 -3.4e+38 -3.4e+38 -3.4e+38 -3.4e+38 -3.4e+38 -3.4e+38 -3.4e+38 -3.4e+38 -3.4e+38 -3.4e+38 -3.4e+38 -3.4e+38 -3.4e+38 -3.4e+38 -3.4e+38 -3.4e+38
0.605684161186218 0.610872745513916 -3.4e+38 -3.4e+38 -3.4e+38 -3.4e+38 -3.4e+38 -3.4e+38 -3.4e+38 -3.4e+38 -3.4e+38 -3.4e+38 -3.4e+38 -3.4e+38 -3.4e+38 -3.4e+38 -3.4e+38 -3.4e+38 -3.4e+38 -3.4e+38 -3.4e+38 -3.4e+38 -3.4e+38 -3.4e+38 -3.4e+38 -3.4e+38 -3.4e+38 -3.4e+38 -3.4e+38 -3.4e+38 -3.4e+38 -3.4e+38 -3.4e+38 -3.4e+38 -3.4e+38 -3.4e+38 -3.4e+38 -3.4e+38 -3.4e+38 -3.4e+38 -3.4e+38 -3.4e+38 -3.4e+38 -3.4e+38 -3.4e+38 -3.4e+38 -3.4e+38
