data/1_raw/trimmed_ndre/Od_ndre.724.2013_no_clouds.asc
NCOLS 144 
NROWS 65 
XLLCORNER 512965 
YLLCORNER 5150865 
CELLSIZE 5 
NODATA_value -3.4e+38 
[rows 42 to 62 of 65, columns 47 to 93 of 144]
0.311809509992599 0.315630674362183 0.30832514166832 0.318695366382599 0.318690329790115 0.323700428009033 0.307574838399887 0.307574838399887 0.298010677099228 0.288921564817429 0.275777816772461 0.275777816772461 0.252029240131378 0.217410117387772 0.200974017381668 0.179729163646698 0.155104860663414 0.161303788423538 0.200712755322456 0.200711354613304 0.247006252408028 0.277163296937943 0.29425585269928 0.253878086805344 0.256823271512985 0.275346159934998 0.275346159934998 0.283017635345459 0.287561386823654 0.263073712587357 0.207600802183151 0.173633858561516 0.173926889896393 0.214693889021873 0.214693889021873 0.246816605329514 0.250739991664886 0.248255416750908 0.248252093791962 0.282360255718231 0.307667195796967 0.340061783790588 0.340061783790588 0.374834537506104 0.371840506792068 0.368110597133636 0.384285569190979
0.311816573143005 0.316501945257187 0.324439913034439 0.333194613456726 0.333194613456726 0.34143528342247 0.329960823059082 0.315674513578415 0.315669536590576 0.307627886533737 0.311730116605759 0.300798922777176 0.300798922777176 0.252646625041962 0.200980499386787 0.184440642595291 0.184440642595291 0.189382165670395 0.209832936525345 0.23262982070446 0.258649498224258 0.27716913819313 0.289153128862381 0.289153128862381 0.296179413795471 0.310876309871674 0.301405727863312 0.306577831506729 0.287568688392639 0.248809233307838 0.219370037317276 0.219370037317276 0.242296576499939 0.285824716091156 0.269940495491028 0.246816605329514 0.278260320425034 0.309596508741379 0.309592962265015 0.328950881958008 0.314265102148056 0.340129673480988 0.340061783790588 0.379107445478439 0.395933657884598 0.402094423770905 0.402094423770905
0.297935575246811 0.297931313514709 0.29838690161705 0.301346182823181 0.308393150568008 0.34143528342247 0.318693518638611 0.318808376789093 0.305506259202957 0.305506259202957 0.324678391218185 0.334268450737 0.273721128702164 0.273721128702164 0.252529978752136 0.231298685073853 0.231298685073853 0.225987285375595 0.24316494166851 0.250395059585571 0.250395059585571 0.302507370710373 0.327360481023788 0.334353625774384 0.334351480007172 0.317413061857224 0.301405727863312 0.287579119205475 0.287579119205475 0.297041803598404 0.286629647016525 0.286629647016525 0.310591399669647 0.285824716091156 0.302412927150726 0.302409023046494 0.313268691301346 0.311318278312683 0.277051687240601 0.277047723531723 0.314265102148056 0.311787039041519 0.338177025318146 0.338177025318146 0.368305116891861 0.387777239084244 0.368041336536407
0.256111532449722 0.286054402589798 0.286045610904694 0.313310176134109 0.292948096990585 0.300517678260803 0.300517678260803 0.305897176265717 0.298945188522339 0.298945188522339 0.342775404453278 0.330609798431396 0.318641752004623 0.318641752004623 0.307544440031052 0.290926516056061 0.303203344345093 0.268289744853973 0.248668253421783 0.271426618099213 0.312503725290298 0.312500387430191 0.311037510633469 0.297951579093933 0.313831627368927 0.339189231395721 0.31932669878006 0.299060314893723 0.299060314893723 0.331663221120834 0.322426438331604 0.316954642534256 0.310591399669647 0.33024924993515 0.321488231420517 0.309514790773392 0.309511244297028 0.271566480398178 0.272788792848587 0.281156718730927 0.281156718730927 0.268292367458344 0.28279435634613 0.298605471849442 0.298605471849442 0.367823123931885 0.368041336536407
0.299817144870758 0.295693904161453 0.309434562921524 0.314241796731949 0.323989480733871 0.338720977306366 0.338720977306366 0.339792132377625 0.329494833946228 0.331944078207016 0.331944078207016 0.336637318134308 0.337593674659729 0.345931708812714 0.345931708812714 0.321995586156845 0.303203344345093 0.300117254257202 0.300117254257202 0.293799936771393 0.292772352695465 0.292768925428391 0.308984696865082 0.297951579093933 0.287478804588318 0.287478804588318 0.266006410121918 0.263036102056503 0.279781401157379 0.314570814371109 0.322426438331604 0.334042310714722 0.332843154668808 0.332843154668808 0.308155626058578 0.291943490505219 0.260907560586929 0.271566480398178 0.233674213290215 0.227994501590729 0.227994501590729 0.227198287844658 0.236954137682915 0.269912481307983 0.298605471849442 0.308516293764114 0.287494987249374
0.299817144870758 0.321976453065872 0.342689543962479 0.342689543962479 0.339650601148605 0.346406161785126 0.356600731611252 0.339794784784317 0.332225024700165 0.337324321269989 0.342519909143448 0.342519909143448 0.348453402519226 0.358966290950775 0.345931708812714 0.325846284627914 0.3208047747612 0.289089262485504 0.289089262485504 0.258511185646057 0.271839022636414 0.258039891719818 0.258035749197006 0.232319831848145 0.218663424253464 0.199646413326263 0.199646413326263 0.248537600040436 0.279781401157379 0.261981457471848 0.261981457471848 0.27755206823349 0.268921107053757 0.268921107053757 0.289600491523743 0.291933625936508 0.240392372012138 0.240392372012138 0.222531974315643 0.198480501770973 0.198389813303947 0.198389813303947 0.236949115991592 0.227839425206184 0.214803576469421 0.214803576469421 0.203982725739479
0.356395453214645 0.355951517820358 0.366088807582855 0.355908989906311 0.355904459953308 0.346406161785126 0.352980762720108 0.373088210821152 0.373085469007492 0.368227571249008 0.355709195137024 0.355709195137024 0.348453402519226 0.365338653326035 0.333404064178467 0.333404064178467 0.302850395441055 0.247169584035873 0.220784217119217 0.258511185646057 0.228350311517715 0.211905300617218 0.191018223762512 0.191018223762512 0.188920423388481 0.181122854351997 0.20558662712574 0.208758622407913 0.21017749607563 0.19622391462326 0.19622391462326 0.217257127165794 0.220664575695992 0.249851435422897 0.249844208359718 0.241961896419525 0.204496249556541 0.198577433824539 0.198572844266891 0.197525501251221 0.18555012345314 0.200872302055359 0.200872302055359 0.200213462114334 0.194398477673531 0.194398477673531 0.19191013276577
0.34821692109108 0.348212152719498 0.345569640398026 0.372505396604538 0.355901211500168 0.351997494697571 0.326768189668655 0.349726468324661 0.349726468324661 0.331906467676163 0.351415902376175 0.328457832336426 0.328457832336426 0.313122987747192 0.296903282403946 0.25064492225647 0.25064492225647 0.247162267565727 0.220772817730904 0.209263727068901 0.209263727068901 0.200397357344627 0.201694145798683 0.201694145798683 0.210252329707146 0.181117743253708 0.205179527401924 0.205176204442978 0.191756352782249 0.178170517086983 0.200506493449211 0.228024542331696 0.220657363533974 0.217450737953186 0.224399954080582 0.224399954080582 0.207857385277748 0.211862534284592 0.198903694748878 0.197517454624176 0.197188004851341 0.193625241518021 0.193625241518021 0.200012758374214 0.205653190612793 0.197812438011169 0.191902592778206
0.35367739200592 0.379559367895126 0.345569640398026 0.327887982130051 0.309656709432602 0.309656709432602 0.294139176607132 0.297991037368774 0.31219357252121 0.331906467676163 0.314665615558624 0.272722333669662 0.239153072237968 0.239153072237968 0.251615285873413 0.261327683925629 0.249095618724823 0.216361403465271 0.211573973298073 0.225527033209801 0.225527033209801 0.206123217940331 0.201694145798683 0.206390365958214 0.206385105848312 0.198789596557617 0.194644257426262 0.202933251857758 0.202929154038429 0.213513255119324 0.200506493449211 0.206199154257774 0.206195205450058 0.212703764438629 0.203777194023132 0.203777194023132 0.220703721046448 0.211862534284592 0.202880576252937 0.202876552939415 0.211211562156677 0.209318906068802 0.210155487060547 0.182206645607948 0.205653190612793 0.208335474133492 0.202917516231537
0.353667497634888 0.338866949081421 0.338863372802734 0.308174788951874 0.282480746507645 0.28737086057663 0.28737086057663 0.297985136508942 0.267055362462997 0.265633553266525 0.265633553266525 0.244571790099144 0.230196297168732 0.230196297168732 0.251606851816177 0.214499861001968 0.205253794789314 0.205248564481735 0.202567666769028 0.213046103715897 0.21604186296463 0.206114530563354 0.200334265828133 0.198681697249413 0.213310375809669 0.213310375809669 0.207445442676544 0.193148106336594 0.202921256422997 0.20950548350811 0.204194456338882 0.191385224461555 0.191385224461555 0.229904800653458 0.207126647233963 0.213198333978653 0.213198333978653 0.202271223068237 0.213838294148445 0.22183795273304 0.22183795273304 0.223589166998863 0.210148856043816 0.206720396876335 0.206720396876335 0.211207985877991 0.216166794300079
0.321548074483871 0.313729673624039 0.300824761390686 0.300824761390686 0.269003003835678 0.254608780145645 0.28737086057663 0.274476826190948 0.250951081514359 0.245428293943405 0.245428293943405 0.218503043055534 0.232382565736771 0.25028732419014 0.250283002853394 0.218944445252419 0.225446432828903 0.212585583329201 0.212585583329201 0.202275916934013 0.21604186296463 0.21604186296463 0.214325785636902 0.220553413033485 0.2314313352108 0.2314313352108 0.207445442676544 0.193148106336594 0.217443898320198 0.217437595129013 0.216346070170403 0.21271812915802 0.239467561244965 0.218956425786018 0.207126647233963 0.207259714603424 0.242318421602249 0.242318421602249 0.24043171107769 0.232137233018875 0.203696236014366 0.223589166998863 0.225763887166977 0.216867730021477 0.216867730021477 0.226364359259605 0.204844385385513
0.235947221517563 0.24293777346611 0.26047682762146 0.278467088937759 0.268997371196747 0.251240104436874 0.24360953271389 0.24360953271389 0.24151024222374 0.229264184832573 0.205223724246025 0.218494474887848 0.214770317077637 0.227661281824112 0.235571593046188 0.235568091273308 0.241810202598572 0.230355322360992 0.212578192353249 0.198452681303024 0.224624767899513 0.21255661547184 0.21255661547184 0.233117789030075 0.200172990560532 0.230447232723236 0.230447232723236 0.230951145291328 0.228285059332848 0.237541019916534 0.237541019916534 0.223578244447708 0.239459440112114 0.197916403412819 0.202723145484924 0.19611094892025 0.221479043364525 0.221479043364525 0.208326652646065 0.232134222984314 0.239466056227684 0.239462241530418 0.239290326833725 0.222266465425491 0.215419337153435 0.198442384600639 0.204838007688522
0.213338568806648 0.245127171278 0.26047682762146 0.256449639797211 0.256449639797211 0.267013728618622 0.256304919719696 0.247948721051216 0.250382602214813 0.229264184832573 0.202595889568329 0.218204632401466 0.218203157186508 0.219228073954582 0.228541970252991 0.240112483501434 0.241810202598572 0.22398741543293 0.196250140666962 0.196250140666962 0.229070097208023 0.201569095253944 0.177171945571899 0.233117789030075 0.237468346953392 0.225186452269554 0.23811362683773 0.238111317157745 0.238734513521194 0.249101206660271 0.237541019916534 0.246324673295021 0.246818274259567 0.227345764636993 0.227345764636993 0.230053752660751 0.234607458114624 0.236753404140472 0.236750423908234 0.222462669014931 0.221773356199265 0.220810532569885 0.220810532569885 0.216080605983734 0.215419337153435 0.215419337153435 0.194304123520851
0.227818071842194 0.227812543511391 0.23022036254406 0.240554109215736 0.229949325323105 0.229949325323105 0.22142980992794 0.200247064232826 0.247944518923759 0.228277862071991 0.216905146837234 0.230288445949554 0.230283096432686 0.208517715334892 0.164996758103371 0.217242136597633 0.217242136597633 0.213929861783981 0.191433936357498 0.216268822550774 0.216268822550774 0.17987148463726 0.214267805218697 0.214267805218697 0.224181279540062 0.22736331820488 0.223237290978432 0.223232954740524 0.209240406751633 0.249097347259521 0.260560989379883 0.260560989379883 0.256124168634415 0.248825386166573 0.241208449006081 0.230112224817276 0.234607458114624 0.229489684104919 0.205269068479538 0.210683658719063 0.208968922495842 0.20807783305645 0.197480961680412 0.21607817709446 0.217887192964554 0.202420935034752 0.202420935034752
0.246672555804253 0.246666997671127 0.21814489364624 0.183678045868874 0.201356261968613 0.176336601376534 0.22142980992794 0.214897960424423 0.220498904585838 0.220498904585838 0.212436407804489 0.203695014119148 0.154376223683357 0.208517715334892 0.204538136720657 0.187031626701355 0.221389278769493 0.221389278769493 0.224700480699539 0.204715043306351 0.216268822550774 0.214941456913948 0.22385348379612 0.236177399754524 0.236175253987312 0.218665406107903 0.226935818791389 0.240596026182175 0.24059234559536 0.233537882566452 0.237806349992752 0.25300794839859 0.25300794839859 0.243169739842415 0.241208449006081 0.241208449006081 0.229052260518074 0.205589056015015 0.202488958835602 0.202485486865044 0.222260713577271 0.20807783305645 0.215547323226929 0.215547323226929 0.225097194314003 0.206100046634674 -3.4e+38
0.246001973748207 0.224592655897141 0.224589541554451 0.174124404788017 0.201356261968613 0.19589014351368 0.19589014351368 0.209641143679619 0.223350062966347 0.209685012698174 0.202812656760216 0.203690230846405 0.194857254624367 0.194857254624367 0.19865109026432 0.199366495013237 0.208225026726723 0.180084407329559 0.224700480699539 0.228735268115997 0.232036963105202 0.232033371925354 0.225924000144005 0.254566133022308 0.216808497905731 0.21866112947464 0.238311424851418 0.255806118249893 0.252735644578934 0.25273197889328 0.248968422412872 0.236527904868126 0.25300794839859 0.252356857061386 0.233600303530693 0.236736983060837 0.236736983060837 0.217147424817085 0.200795456767082 0.214612632989883 0.214612632989883 0.211723506450653 -3.4e+38 -3.4e+38 -3.4e+38 -3.4e+38 -3.4e+38
0.220459192991257 0.208749011158943 0.203110411763191 0.203110411763191 0.213662341237068 0.21125054359436 0.213237702846527 0.211560934782028 0.220562875270844 0.209685012698174 0.209683522582054 0.219690173864365 0.203645125031471 0.209578976035118 0.209576100111008 0.221754685044289 0.208225026726723 0.226205393671989 0.226201370358467 0.24104405939579 0.245378389954567 0.224924191832542 0.224922135472298 0.254566133022308 0.232206895947456 0.232202604413033 0.233270779252052 0.218698635697365 0.229745134711266 0.229741632938385 0.248968422412872 0.235524371266365 0.229336574673653 0.229336574673653 0.211539104580879 -3.4e+38 -3.4e+38 -3.4e+38 -3.4e+38 -3.4e+38 -3.4e+38 -3.4e+38 -3.4e+38 -3.4e+38 -3.4e+38 -3.4e+38 -3.4e+38
0.199093878269196 0.20874597132206 0.226056128740311 0.226056128740311 0.210268706083298 0.215076103806496 0.211544618010521 0.198484987020493 0.220562875270844 0.216017305850983 0.227423787117004 0.227419182658195 0.221391901373863 0.218244045972824 0.199056595563889 0.221754685044289 0.221321865916252 0.232081294059753 0.232077330350876 0.226994723081589 0.241947963833809 0.232054963707924 0.224922135472298 0.255015671253204 0.285460352897644 0.273728519678116 0.273728519678116 0.239312052726746 -3.4e+38 -3.4e+38 -3.4e+38 -3.4e+38 -3.4e+38 -3.4e+38 -3.4e+38 -3.4e+38 -3.4e+38 -3.4e+38 -3.4e+38 -3.4e+38 -3.4e+38 -3.4e+38 -3.4e+38 -3.4e+38 -3.4e+38 -3.4e+38 -3.4e+38
0.223495796322823 0.204061836004257 0.20441946387291 0.196259245276451 0.196255832910538 0.195258215069771 0.211544618010521 0.215024277567863 0.215024277567863 0.213679984211922 0.22094264626503 0.227585822343826 0.203683510422707 0.218244045972824 0.210210159420967 0.210206866264343 0.213739931583405 -3.4e+38 -3.4e+38 -3.4e+38 -3.4e+38 -3.4e+38 -3.4e+38 -3.4e+38 -3.4e+38 -3.4e+38 -3.4e+38 -3.4e+38 -3.4e+38 -3.4e+38 -3.4e+38 -3.4e+38 -3.4e+38 -3.4e+38 -3.4e+38 -3.4e+38 -3.4e+38 -3.4e+38 -3.4e+38 -3.4e+38 -3.4e+38 -3.4e+38 -3.4e+38 -3.4e+38 -3.4e+38 -3.4e+38 -3.4e+38
0.225314721465111 0.225311696529388 0.208456486463547 0.205121204257011 0.208739846944809 0.208736374974251 -3.4e+38 -3.4e+38 -3.4e+38 -3.4e+38 -3.4e+38 -3.4e+38 -3.4e+38 -3.4e+38 -3.4e+38 -3.4e+38 -3.4e+38 -3.4e+38 -3.4e+38 -3.4e+38 -3.4e+38 -3.4e+38 -3.4e+38 -3.4e+38 -3.4e+38 -3.4e+38 -3.4e+38 -3.4e+38 -3.4e+38 -3.4e+38 -3.4e+38 -3.4e+38 -3.4e+38 -3.4e+38 -3.4e+38 -3.4e+38 -3.4e+38 -3.4e+38 -3.4e+38 -3.4e+38 -3.4e+38 -3.4e+38 -3.4e+38 -3.4e+38 -3.4e+38 -3.4e+38 -3.4e+38
0.230322793126106 0.230319738388062 -3.4e+38 -3.4e+38 -3.4e+38 -3.4e+38 -3.4e+38 -3.4e+38 -3.4e+38 -3.4e+38 -3.4e+38 -3.4e+38 -3.4e+38 -3.4e+38 -3.4e+38 -3.4e+38 -3.4e+38 -3.4e+38 -3.4e+38 -3.4e+38 -3.4e+38 -3.4e+38 -3.4e+38 -3.4e+38 -3.4e+38 -3.4e+38 -3.4e+38 -3.4e+38 -3.4e+38 -3.4e+38 -3.4e+38 -3.4e+38 -3.4e+38 -3.4e+38 -3.4e+38 -3.4e+38 -3.4e+38 -3.4e+38 -3.4e+38 -3.4e+38 -3.4e+38 -3.4e+38 -3.4e+38 -3.4e+38 -3.4e+38 -3.4e+38 -3.4e+38
