data/1_raw/trimmed_ndre/Od_ndre.715.2013_no_clouds.asc
NCOLS 144 
NROWS 65 
XLLCORNER 512965 
YLLCORNER 5150865 
CELLSIZE 5 
NODATA_value -3.4e+38 
[rows 21 to 41 of 65, columns 94 to 140 of 144]
0.289660096168518 0.285479187965393 0.2640780210495 0.265524834394455 0.276665657758713 0.289197683334351 0.297022342681885 0.299220383167267 0.290510535240173 0.267182648181915 0.243234023451805 0.241729125380516 0.249258264899254 0.253479927778244 0.269699543714523 0.27457183599472 0.290066629648209 0.314013004302979 0.333330571651459 0.341354161500931 0.341167449951172 0.348831206560135 0.352734684944153 0.319198191165924 0.279383301734924 0.257272720336914 0.264165639877319 0.284130215644836 0.314089953899384 0.351870238780975 0.379630118608475 0.413888961076736 0.446087568998337 0.453029543161392 0.439074993133545 -3.4e+38 -3.4e+38 -3.4e+38 -3.4e+38 -3.4e+38 -3.4e+38 -3.4e+38 -3.4e+38 -3.4e+38 -3.4e+38 -3.4e+38 -3.4e+38
0.270807772874832 0.279888331890106 0.262167423963547 0.260388106107712 0.264158964157104 0.275897890329361 0.290836364030838 0.290676862001419 0.274845242500305 0.247185379266739 0.230645462870598 0.223917305469513 0.222349107265472 0.241798788309097 0.266912490129471 0.281376749277115 0.305961698293686 0.340688318014145 0.389871686697006 0.404430210590363 0.398377150297165 0.397862702608109 0.386836320161819 0.355974286794662 0.329341888427734 0.303978860378265 0.274964183568954 0.247107222676277 0.268811583518982 0.305609107017517 0.33104932308197 0.360624521970749 0.399845331907272 0.421872556209564 0.420291125774384 0.430477291345596 0.445543974637985 -3.4e+38 -3.4e+38 -3.4e+38 -3.4e+38 -3.4e+38 -3.4e+38 -3.4e+38 -3.4e+38 -3.4e+38 -3.4e+38
0.273592323064804 0.286474138498306 0.278059601783752 0.273694723844528 0.271059811115265 0.276216477155685 0.287654787302017 0.287937313318253 0.271002024412155 0.236487954854965 0.227841660380363 0.223528832197189 0.224215641617775 0.25054469704628 0.267023473978043 0.285531222820282 0.323937803506851 0.383143782615662 0.431946396827698 0.446712970733643 0.449930936098099 0.440457671880722 0.434303432703018 0.409345597028732 0.394878268241882 0.376995116472244 0.329795211553574 0.261246740818024 0.245991095900536 0.27798318862915 0.304680347442627 0.334939420223236 0.373440682888031 0.40006211400032 0.408169806003571 0.432418018579483 0.449150949716568 0.455283850431442 -3.4e+38 -3.4e+38 -3.4e+38 -3.4e+38 -3.4e+38 -3.4e+38 -3.4e+38 -3.4e+38 -3.4e+38
0.292878985404968 0.292089432477951 0.291692852973938 0.301416367292404 0.296368360519409 0.291081696748734 0.285243690013885 0.279853373765945 0.272198081016541 0.248562946915627 0.228317305445671 0.22613587975502 0.240985199809074 0.257617086172104 0.268189489841461 0.29785168170929 0.349035263061523 0.408322513103485 0.446639776229858 0.4687619805336 0.493083238601685 0.486498206853867 0.47283461689949 0.445596992969513 0.430343806743622 0.409465372562408 0.356846481561661 0.295201420783997 0.274388492107391 0.290919452905655 0.311911761760712 0.343778371810913 0.35688841342926 0.372204393148422 0.398214310407639 0.42480406165123 0.438687443733215 0.439878970384598 0.447270542383194 -3.4e+38 -3.4e+38 -3.4e+38 -3.4e+38 -3.4e+38 -3.4e+38 -3.4e+38 -3.4e+38
0.315898001194 0.336396336555481 0.338036984205246 0.342476844787598 0.330021172761917 0.307086825370789 0.289529383182526 0.285717099905014 0.279546678066254 0.247170150279999 0.232251986861229 0.231735527515411 0.253883421421051 0.262892425060272 0.283120304346085 0.325438946485519 0.370623648166656 0.426652759313583 0.464071035385132 0.48241713643074 0.501130938529968 0.49211111664772 0.479779750108719 0.464781552553177 0.448504447937012 0.426385164260864 0.378462344408035 0.346816956996918 0.330644339323044 0.305434376001358 0.318309545516968 0.339656889438629 0.330267995595932 0.351060062646866 0.384660333395004 0.401802241802216 0.415419816970825 0.417646884918213 0.423309653997421 -3.4e+38 -3.4e+38 -3.4e+38 -3.4e+38 -3.4e+38 -3.4e+38 -3.4e+38 -3.4e+38
0.351847171783447 0.368056207895279 0.380053162574768 0.379834532737732 0.372853189706802 0.356081247329712 0.319993764162064 0.303323417901993 0.285348922014236 0.254416286945343 0.266858994960785 0.264192223548889 0.277556627988815 0.289206624031067 0.304326832294464 0.335650414228439 0.387065321207047 0.437867522239685 0.466634333133698 0.487982749938965 0.495212584733963 0.486961543560028 0.483137845993042 0.485448688268661 0.47945299744606 0.456922322511673 0.41262474656105 0.386729419231415 0.356269747018814 0.307236552238464 0.307307362556458 0.320966899394989 0.320109635591507 0.349238574504852 0.380895256996155 0.394295573234558 0.398927301168442 0.396361529827118 0.398668438196182 0.409280002117157 -3.4e+38 -3.4e+38 -3.4e+38 -3.4e+38 -3.4e+38 -3.4e+38 -3.4e+38
0.406112343072891 0.401245206594467 0.404867857694626 0.404841154813766 0.381109923124313 0.350314825773239 0.320132553577423 0.310033470392227 0.307772666215897 0.291964948177338 0.293130189180374 0.277602463960648 0.293933182954788 0.310876727104187 0.315190553665161 0.33358234167099 0.39704754948616 0.452921569347382 0.46246200799942 0.495651453733444 0.513226926326752 0.503660023212433 0.494373917579651 0.494192779064178 0.495716571807861 0.483006626367569 0.445505440235138 0.396859049797058 0.353838533163071 0.2913758456707 0.291930854320526 0.310265421867371 0.330780982971191 0.355393320322037 0.371126562356949 0.384182900190353 0.390989422798157 0.382954388856888 0.392626225948334 0.40829211473465 0.413270562887192 -3.4e+38 -3.4e+38 -3.4e+38 -3.4e+38 -3.4e+38 -3.4e+38
0.460023880004883 0.451502114534378 0.428658246994019 0.419563770294189 0.393222749233246 0.33891224861145 0.306032508611679 0.30363392829895 0.289195477962494 0.283574998378754 0.289967924356461 0.283322542905807 0.295474320650101 0.310856074094772 0.31476229429245 0.342990070581436 0.412598937749863 0.45522204041481 0.463362157344818 0.50549191236496 0.515123128890991 0.50649893283844 0.491951406002045 0.48093581199646 0.483286052942276 0.471658378839493 0.441720366477966 0.399267584085464 0.343121498823166 0.290503799915314 0.293955147266388 0.307458162307739 0.322255223989487 0.34946596622467 0.357644945383072 0.379109084606171 0.390347123146057 0.382273286581039 0.395229756832123 0.403380900621414 0.394946098327637 0.395219802856445 -3.4e+38 -3.4e+38 -3.4e+38 -3.4e+38 -3.4e+38
0.442853718996048 0.448474645614624 0.443936169147491 0.426193922758102 0.406866103410721 0.360745400190353 0.304774343967438 0.290857076644897 0.285337150096893 0.274033725261688 0.290355145931244 0.297722280025482 0.298664599657059 0.320634871721268 0.34173709154129 0.37615379691124 0.417755573987961 0.4355528652668 0.456677198410034 0.504467129707336 0.509626686573029 0.501552700996399 0.485186249017715 0.463538229465485 0.461981624364853 0.46328666806221 0.44650936126709 0.413332134485245 0.362312108278275 0.309631526470184 0.29472079873085 0.309829413890839 0.332825392484665 0.360692828893661 0.368948519229889 0.386591017246246 0.392392337322235 0.382013767957687 0.397334009408951 0.393574446439743 0.38611826300621 0.392149418592453 0.400798261165619 -3.4e+38 -3.4e+38 -3.4e+38 -3.4e+38
0.470734834671021 0.458166688680649 0.448638737201691 0.418933480978012 0.383905410766602 0.364219039678574 0.336144715547562 0.293370366096497 0.280831754207611 0.281310260295868 0.305316418409348 0.327757060527802 0.344959378242493 0.368346869945526 0.390657782554626 0.399946272373199 0.412431627511978 0.439483642578125 0.468010932207108 0.492706924676895 0.498433083295822 0.50103235244751 0.496502161026001 0.485602617263794 0.471478432416916 0.471737772226334 0.465866297483444 0.435126006603241 0.383688509464264 0.324259042739868 0.318216145038605 0.341809779405594 0.360631763935089 0.388910204172134 0.385830819606781 0.383891731500626 0.383819043636322 0.378809988498688 0.390852898359299 0.390713661909103 0.392576217651367 0.401548445224762 0.410802811384201 0.416164487600327 -3.4e+38 -3.4e+38 -3.4e+38
0.479063868522644 0.459440410137177 0.444329619407654 0.428680092096329 0.40061417222023 0.376379400491714 0.338538825511932 0.274232655763626 0.265807181596756 0.288144409656525 0.310092121362686 0.357915610074997 0.389502912759781 0.40996515750885 0.429575026035309 0.431913316249847 0.429215461015701 0.465651869773865 0.489149957895279 0.48901093006134 0.495104074478149 0.501993834972382 0.503534197807312 0.503125429153442 0.489843875169754 0.478705137968063 0.47181510925293 0.440126866102219 0.395349204540253 0.349359780550003 0.341605514287949 0.359292775392532 0.37608590722084 0.398925244808197 0.392505347728729 0.382685512304306 0.380325168371201 0.378156095743179 0.383950293064117 0.392165809869766 0.406098961830139 0.405329883098602 0.406640738248825 0.418266981840134 0.407574623823166 -3.4e+38 -3.4e+38
0.468331903219223 0.452570199966431 0.450947016477585 0.434172481298447 0.395967543125153 0.35270357131958 0.296713709831238 0.259726315736771 0.268116891384125 0.289407730102539 0.313850104808807 0.373223692178726 0.405548006296158 0.427143722772598 0.458596646785736 0.471490859985352 0.467883437871933 0.48987290263176 0.503207385540009 0.500577628612518 0.502133786678314 0.506211042404175 0.510567545890808 0.512251734733582 0.498551040887833 0.478057950735092 0.454876363277435 0.422762453556061 0.382579892873764 0.352048575878143 0.334822148084641 0.345881849527359 0.375151813030243 0.395124942064285 0.398490518331528 0.396444082260132 0.389562845230103 0.387938886880875 0.38335582613945 0.380815505981445 0.391869336366653 0.396614462137222 0.397679388523102 0.413153886795044 0.414147347211838 0.418493658304214 -3.4e+38
0.48724564909935 0.465507566928864 0.462581396102905 0.430714964866638 0.372768700122833 0.324730902910233 0.302144408226013 0.281438559293747 0.284609317779541 0.309355705976486 0.347108572721481 0.391849637031555 0.416682749986649 0.440674871206284 0.483081787824631 0.504917979240417 0.497305691242218 0.498857587575912 0.505166709423065 0.503274261951447 0.505804657936096 0.50171959400177 0.506582081317902 0.512957870960236 0.504613220691681 0.482243925333023 0.449051290750504 0.403849631547928 0.359611093997955 0.330080986022949 0.321215957403183 0.34135901927948 0.376863718032837 0.39394474029541 0.405110061168671 0.408580243587494 0.401455134153366 0.399949252605438 0.392564207315445 0.382635861635208 0.388096421957016 0.404159605503082 0.409251064062119 0.405380487442017 0.404686599969864 0.419377118349075 0.421433329582214
0.4969482421875 0.480314463376999 0.463293820619583 0.426564812660217 0.375662446022034 0.3316610455513 0.305961906909943 0.298985153436661 0.304855853319168 0.347297847270966 0.390253126621246 0.412991523742676 0.446547746658325 0.487002074718475 0.505164384841919 0.512283265590668 0.512142896652222 0.507940948009491 0.510644376277924 0.499959021806717 0.491974800825119 0.478622198104858 0.48150372505188 0.486722350120544 0.489287137985229 0.485078305006027 0.449601024389267 0.400436282157898 0.348674178123474 0.316808760166168 0.3213791847229 0.352890968322754 0.388944357633591 0.399998843669891 0.40297132730484 0.396410226821899 0.385791897773743 0.389498233795166 0.391123592853546 0.397435307502747 0.403437912464142 0.411731004714966 0.413709133863449 0.401187658309937 0.393846899271011 0.406451880931854 0.408918231725693
0.469597786664963 0.457159340381622 0.442589581012726 0.417312890291214 0.363877385854721 0.329714000225067 0.31072798371315 0.30893737077713 0.330911457538605 0.364644259214401 0.405159920454025 0.436699986457825 0.463931173086166 0.501514613628387 0.50647908449173 0.510069072246552 0.524819314479828 0.494966357946396 0.492329299449921 0.490155071020126 0.469338446855545 0.445938497781754 0.434387028217316 0.429399907588959 0.436839133501053 0.449715703725815 0.42910572886467 0.395933091640472 0.346879869699478 0.318351149559021 0.340563774108887 0.370641857385635 0.400940179824829 0.406879842281342 0.396147698163986 0.379270404577255 0.367249697446823 0.371641725301743 0.376468300819397 0.391467154026031 0.388066411018372 0.382718712091446 0.393318086862564 0.390837252140045 0.39573723077774 0.400071442127228 0.385381430387497
0.44073560833931 0.422293901443481 0.390642315149307 0.364096134901047 0.353776007890701 0.362337380647659 0.352920204401016 0.337293535470963 0.362524121999741 0.404738873243332 0.437673479318619 0.453110724687576 0.44581550359726 0.458702951669693 0.467698931694031 0.464247405529022 0.471693485975266 0.462547093629837 0.473919898271561 0.481805592775345 0.458439648151398 0.421719819307327 0.388387620449066 0.369565188884735 0.361864179372787 0.376571983098984 0.379990726709366 0.365465313196182 0.343485146760941 0.3471559882164 0.367670565843582 0.371342658996582 0.394207775592804 0.407949388027191 0.396041750907898 0.381827145814896 0.379757046699524 0.37856513261795 0.374340683221817 0.379556983709335 0.392995685338974 0.391923427581787 0.388138443231583 0.381303012371063 0.396067947149277 0.405619651079178 0.391070187091827
0.46174168586731 0.449892818927765 0.420838385820389 0.391948789358139 0.405568033456802 0.427581369876862 0.426046699285507 0.415228664875031 0.429492741823196 0.461874842643738 0.477187216281891 0.46534463763237 0.453141659498215 0.462848633527756 0.453776836395264 0.426687926054001 0.435091525316238 0.458058297634125 0.47455906867981 0.471138417720795 0.445551216602325 0.419989794492722 0.379289120435715 0.3323595225811 0.30205887556076 0.308015078306198 0.329426229000092 0.33545395731926 0.353738516569138 0.379150003194809 0.392058879137039 0.393231719732285 0.404645413160324 0.411881059408188 0.406966537237167 0.403163492679596 0.404906630516052 0.401505082845688 0.391229689121246 0.387176185846329 0.406387060880661 0.428017973899841 0.419564723968506 0.404683351516724 0.407968610525131 0.412182629108429 0.418803662061691
0.499050110578537 0.500597715377808 0.495023280382156 0.470660358667374 0.460691392421722 0.466549009084702 0.474607020616531 0.488009810447693 0.495566010475159 0.500137627124786 0.50712388753891 0.491974204778671 0.467060953378677 0.465172946453094 0.453121811151505 0.442417055368423 0.452714800834656 0.446707546710968 0.434530049562454 0.423821598291397 0.411001861095428 0.412858694791794 0.387732237577438 0.332204699516296 0.286437749862671 0.287212282419205 0.311896413564682 0.338526338338852 0.364911943674088 0.385920286178589 0.405374228954315 0.426123738288879 0.423520117998123 0.418658316135406 0.416717261075974 0.420678734779358 0.426470458507538 0.417447119951248 0.405326515436172 0.400133430957794 0.395225346088409 0.413492977619171 0.430405795574188 0.437993437051773 0.431658715009689 0.413095712661743 -3.4e+38
0.533469080924988 0.531956374645233 0.521269023418427 0.510731816291809 0.511951625347137 0.515281319618225 0.515542149543762 0.524347364902496 0.525849580764771 0.522576987743378 0.514965116977692 0.4996577501297 0.468785256147385 0.44630041718483 0.436708718538284 0.425351142883301 0.411329209804535 0.378814786672592 0.348716169595718 0.347364753484726 0.355952769517899 0.363312005996704 0.349855154752731 0.333443462848663 0.32280832529068 0.325847625732422 0.333755195140839 0.353531181812286 0.381564050912857 0.399814665317535 0.417521297931671 0.430598020553589 0.427473068237305 0.424216598272324 0.421230316162109 0.425306588411331 0.431531310081482 0.421258360147476 0.413806647062302 0.433623820543289 0.434969961643219 0.428320050239563 0.432504594326019 0.448805749416351 -3.4e+38 -3.4e+38 -3.4e+38
0.546300709247589 0.547539472579956 0.536692142486572 0.527006089687347 0.528448045253754 0.524905562400818 0.521242022514343 0.519899487495422 0.524482250213623 0.520222723484039 0.510900020599365 0.495806962251663 0.466151475906372 0.442764431238174 0.42195001244545 0.386133521795273 0.330193758010864 0.286473780870438 0.271985828876495 0.294810146093369 0.319256752729416 0.323237985372543 0.330026119947433 0.344068199396133 0.364333689212799 0.370854735374451 0.374677270650864 0.388443827629089 0.407143771648407 0.421617090702057 0.417288571596146 0.412545442581177 0.409283965826035 0.415345728397369 0.422997146844864 0.425157994031906 0.427063673734665 0.430615603923798 0.434093475341797 0.440477281808853 0.448644667863846 0.445210784673691 -3.4e+38 -3.4e+38 -3.4e+38 -3.4e+38 -3.4e+38
0.549193859100342 0.555858373641968 0.542980253696442 0.525905847549438 0.511249423027039 0.494315475225449 0.488956242799759 0.48315218091011 0.480340242385864 0.484995633363724 0.502893924713135 0.498308271169662 0.470381200313568 0.448407977819443 0.423003673553467 0.362912058830261 0.27924832701683 0.242883965373039 0.238176643848419 0.263835847377777 0.289815962314606 0.315049439668655 0.345553904771805 0.363603115081787 0.383947134017944 0.396960467100143 0.405691206455231 0.415065914392471 0.422218143939972 0.429194450378418 0.42382550239563 0.416602969169617 0.415489822626114 0.420967519283295 0.431161254644394 0.433360189199448 0.430067867040634 0.440976530313492 0.434852242469788 0.425566673278809 -3.4e+38 -3.4e+38 -3.4e+38 -3.4e+38 -3.4e+38 -3.4e+38 -3.4e+38
