data/1_raw/trimmed_ndre/Od_ndre.715.2012_no_clouds.asc
NCOLS 144 
NROWS 65 
XLLCORNER 512965 
YLLCORNER 5150865 
CELLSIZE 5 
NODATA_value -3.4e+38 
[rows 42 to 62 of 65, columns 0 to 46 of 144]
-3.4e+38 -3.4e+38 -3.4e+38 -3.4e+38 -3.4e+38 -3.4e+38 -3.4e+38 -3.4e+38 -3.4e+38 -3.4e+38 -3.4e+38 -3.4e+38 -3.4e+38 -3.4e+38 -3.4e+38 -3.4e+38 -3.4e+38 -3.4e+38 -3.4e+38 -3.4e+38 -3.4e+38 0.444480746984482 0.438687205314636 0.432109415531158 0.43123671412468 0.421631395816803 0.39782127737999 0.382180899381638 0.372182160615921 0.360877186059952 0.36731293797493 0.397314429283142 0.444480955600739 0.520738661289215 0.59865802526474 0.627098321914673 0.636862456798553 0.632454395294189 0.617141425609589 0.617258906364441 0.620112538337708 0.611540853977203 0.602158010005951 0.618207991123199 0.596710979938507 0.595666706562042 0.612746834754944
-3.4e+38 -3.4e+38 -3.4e+38 -3.4e+38 -3.4e+38 -3.4e+38 -3.4e+38 -3.4e+38 -3.4e+38 -3.4e+38 -3.4e+38 -3.4e+38 -3.4e+38 -3.4e+38 -3.4e+38 -3.4e+38 -3.4e+38 -3.4e+38 -3.4e+38 0.446325689554214 0.442929893732071 0.440532296895981 0.439183831214905 0.442780464887619 0.445255130529404 0.425916135311127 0.396538227796555 0.38562735915184 0.380248516798019 0.366768151521683 0.385127544403076 0.428434640169144 0.473604112863541 0.544102489948273 0.592462301254272 0.596137344837189 0.592877626419067 0.583496809005737 0.572217643260956 0.573197364807129 0.575169086456299 0.558170557022095 0.556726813316345 0.571728825569153 0.567438244819641 0.586064636707306 0.599184513092041
-3.4e+38 -3.4e+38 -3.4e+38 -3.4e+38 -3.4e+38 -3.4e+38 -3.4e+38 -3.4e+38 -3.4e+38 -3.4e+38 -3.4e+38 -3.4e+38 -3.4e+38 -3.4e+38 -3.4e+38 -3.4e+38 -3.4e+38 -3.4e+38 0.453972846269608 0.435377210378647 0.430411696434021 0.430341571569443 0.432567149400711 0.445445120334625 0.461618661880493 0.446247547864914 0.416035175323486 0.408014625310898 0.414535284042358 0.408968389034271 0.433451414108276 0.470294028520584 0.501426100730896 0.534099578857422 0.520434319972992 0.498111248016357 0.500128328800201 0.50702303647995 0.497635245323181 0.489670753479004 0.497012853622437 0.498677730560303 0.513489842414856 0.53180330991745 0.539505183696747 0.566159725189209 0.580282509326935
-3.4e+38 -3.4e+38 -3.4e+38 -3.4e+38 -3.4e+38 -3.4e+38 -3.4e+38 -3.4e+38 -3.4e+38 -3.4e+38 -3.4e+38 -3.4e+38 -3.4e+38 -3.4e+38 -3.4e+38 -3.4e+38 -3.4e+38 0.454933524131775 0.42402121424675 0.405884921550751 0.422179937362671 0.441317021846771 0.436038881540298 0.431879609823227 0.454355806112289 0.462845802307129 0.44437775015831 0.444567859172821 0.457254230976105 0.458338975906372 0.48274838924408 0.496106922626495 0.480963557958603 0.474346101284027 0.438199162483215 0.420061558485031 0.426728785037994 0.43682387471199 0.443968802690506 0.452870339155197 0.478910714387894 0.497198462486267 0.511666178703308 0.528327941894531 0.544641137123108 0.567127346992493 0.578529953956604
-3.4e+38 -3.4e+38 -3.4e+38 -3.4e+38 -3.4e+38 -3.4e+38 -3.4e+38 -3.4e+38 -3.4e+38 -3.4e+38 -3.4e+38 -3.4e+38 -3.4e+38 -3.4e+38 -3.4e+38 -3.4e+38 0.45581191778183 0.429065465927124 0.390278995037079 0.394944965839386 0.426901668310165 0.461372047662735 0.464266955852509 0.466978877782822 0.487879157066345 0.499053090810776 0.480336755514145 0.470050662755966 0.472506254911423 0.477377474308014 0.489883810281754 0.470392942428589 0.427585273981094 0.431194275617599 0.42204338312149 0.405275583267212 0.42861345410347 0.461713343858719 0.484669089317322 0.505748629570007 0.537626028060913 0.559318959712982 0.569641172885895 0.58310467004776 0.587568581104279 0.592943429946899 0.596101582050323
-3.4e+38 -3.4e+38 -3.4e+38 -3.4e+38 -3.4e+38 -3.4e+38 -3.4e+38 -3.4e+38 -3.4e+38 -3.4e+38 -3.4e+38 -3.4e+38 -3.4e+38 -3.4e+38 -3.4e+38 0.412879168987274 0.43417900800705 0.418700039386749 0.406460553407669 0.427888840436935 0.432417809963226 0.453305572271347 0.492969363927841 0.530160367488861 0.546162605285645 0.54132467508316 0.516814589500427 0.48512065410614 0.470861852169037 0.46455854177475 0.457859545946121 0.431391149759293 0.404918938875198 0.435470968484879 0.452240258455276 0.46338763833046 0.513028562068939 0.555399894714355 0.566056787967682 0.567645907402039 0.601427495479584 0.626957476139069 0.631733536720276 0.633048474788666 0.622236728668213 0.614703834056854 0.607581615447998
-3.4e+38 -3.4e+38 -3.4e+38 -3.4e+38 -3.4e+38 -3.4e+38 -3.4e+38 -3.4e+38 -3.4e+38 -3.4e+38 -3.4e+38 -3.4e+38 -3.4e+38 -3.4e+38 0.415533423423767 0.428773373365402 0.442750692367554 0.435630679130554 0.442842990159988 0.466476917266846 0.455427885055542 0.475170820951462 0.526841580867767 0.567625999450684 0.575957715511322 0.565438091754913 0.539621651172638 0.495246827602386 0.450101017951965 0.448199212551117 0.456323087215424 0.433800637722015 0.431487113237381 0.487547069787979 0.539377331733704 0.568764805793762 0.586750984191895 0.608508467674255 0.613965809345245 0.615727722644806 0.635540783405304 0.631519019603729 0.626529037952423 0.630356311798096 0.621387839317322 0.619159281253815 0.615221261978149
-3.4e+38 -3.4e+38 -3.4e+38 -3.4e+38 -3.4e+38 -3.4e+38 -3.4e+38 -3.4e+38 -3.4e+38 -3.4e+38 -3.4e+38 -3.4e+38 -3.4e+38 0.45163306593895 0.463252604007721 0.489105224609375 0.487310111522675 0.480457365512848 0.504059851169586 0.524467885494232 0.501911520957947 0.520548641681671 0.549897432327271 0.573167562484741 0.578871071338654 0.577410221099854 0.550378322601318 0.497889846563339 0.452465265989304 0.476470053195953 0.504403293132782 0.503208577632904 0.525532007217407 0.574541509151459 0.61944305896759 0.633211135864258 0.61777526140213 0.616935312747955 0.613493323326111 0.616233587265015 0.619428694248199 0.597420692443848 0.597760438919067 0.59697949886322 0.590239226818085 0.599138557910919 0.612645030021667
-3.4e+38 -3.4e+38 -3.4e+38 -3.4e+38 -3.4e+38 -3.4e+38 -3.4e+38 -3.4e+38 -3.4e+38 -3.4e+38 -3.4e+38 -3.4e+38 0.50896543264389 0.496701121330261 0.511195242404938 0.527928948402405 0.522506594657898 0.538601219654083 0.565713107585907 0.560811936855316 0.532708942890167 0.55047196149826 0.561990320682526 0.578360140323639 0.580778539180756 0.585922360420227 0.566539287567139 0.522620797157288 0.514008283615112 0.551143288612366 0.563865840435028 0.571240603923798 0.598450243473053 0.624033212661743 0.624349236488342 0.636123776435852 0.632338166236877 0.600898027420044 0.581893026828766 0.593131959438324 0.603493452072144 0.584846794605255 0.591688513755798 0.574027895927429 0.560818016529083 0.575579643249512 0.590025961399078
-3.4e+38 -3.4e+38 -3.4e+38 -3.4e+38 -3.4e+38 -3.4e+38 -3.4e+38 -3.4e+38 -3.4e+38 -3.4e+38 -3.4e+38 0.512441456317902 0.537271320819855 0.530555307865143 0.536858975887299 0.541354537010193 0.54817521572113 0.573764264583588 0.584560096263885 0.562754333019257 0.55334347486496 0.57172429561615 0.563235104084015 0.570507884025574 0.584498822689056 0.60108608007431 0.603252708911896 0.572526276111603 0.583586037158966 0.620220065116882 0.597240626811981 0.585707187652588 0.596030592918396 0.607663333415985 0.599526047706604 0.610229194164276 0.615692555904388 0.581619381904602 0.566617906093597 0.565860450267792 0.56668758392334 0.562841653823853 0.569027185440063 0.560792565345764 0.554983258247375 0.555286228656769 0.551842212677002
-3.4e+38 -3.4e+38 -3.4e+38 -3.4e+38 -3.4e+38 -3.4e+38 -3.4e+38 -3.4e+38 -3.4e+38 -3.4e+38 0.474056005477905 0.509059250354767 0.534780323505402 0.537760496139526 0.548708438873291 0.544882118701935 0.557910084724426 0.581710398197174 0.576188325881958 0.549979567527771 0.559607326984406 0.577454388141632 0.560410261154175 0.564939558506012 0.582924485206604 0.605702638626099 0.611535429954529 0.588160634040833 0.599939346313477 0.615112245082855 0.595988929271698 0.603049457073212 0.61710512638092 0.611361622810364 0.583973228931427 0.572324097156525 0.586146533489227 0.573471367359161 0.552006721496582 0.540074110031128 0.530238449573517 0.525399923324585 0.527329385280609 0.540608167648315 0.540615081787109 0.532617449760437 0.530191123485565
-3.4e+38 -3.4e+38 -3.4e+38 -3.4e+38 -3.4e+38 -3.4e+38 -3.4e+38 -3.4e+38 -3.4e+38 0.466816067695618 0.487738519906998 0.511890470981598 0.528145611286163 0.535383522510529 0.551809132099152 0.550820171833038 0.571239531040192 0.591205894947052 0.575373768806458 0.551715672016144 0.574165165424347 0.583669543266296 0.568558871746063 0.574550807476044 0.584517598152161 0.611006319522858 0.616951048374176 0.579558849334717 0.575477719306946 0.567363560199738 0.55029034614563 0.562075316905975 0.579514563083649 0.579819858074188 0.556723892688751 0.548256039619446 0.562868416309357 0.548974931240082 0.527227401733398 0.517892003059387 0.503783643245697 0.492020785808563 0.488778918981552 0.497654289007187 0.499750584363937 0.500196158885956 0.511416614055634
-3.4e+38 -3.4e+38 -3.4e+38 -3.4e+38 -3.4e+38 -3.4e+38 -3.4e+38 -3.4e+38 0.477559804916382 0.490031838417053 0.503839254379272 0.511956393718719 0.508672058582306 0.518260300159454 0.547709703445435 0.558307588100433 0.576413869857788 0.591190159320831 0.583521664142609 0.576601684093475 0.600031137466431 0.592466115951538 0.586544275283813 0.599071443080902 0.601205229759216 0.606409668922424 0.596711277961731 0.568376839160919 0.572637438774109 0.548232555389404 0.516234934329987 0.507835209369659 0.506892561912537 0.513507962226868 0.501785635948181 0.493402153253555 0.518016517162323 0.509846150875092 0.501862347126007 0.502656817436218 0.49411603808403 0.475762337446213 0.461145162582397 0.465259879827499 0.465853720903397 0.46644189953804 0.482178539037704
-3.4e+38 -3.4e+38 -3.4e+38 -3.4e+38 -3.4e+38 -3.4e+38 -3.4e+38 0.483931452035904 0.491663843393326 0.48701885342598 0.490388572216034 0.50649493932724 0.503114759922028 0.501426637172699 0.5369833111763 0.576875686645508 0.588269293308258 0.596512258052826 0.594114363193512 0.594543635845184 0.606356263160706 0.592564523220062 0.597168982028961 0.604238212108612 0.587542712688446 0.5760458111763 0.553563237190247 0.532021343708038 0.526816606521606 0.506400167942047 0.491115719079971 0.478559464216232 0.480908066034317 0.498473882675171 0.513250052928925 0.48978579044342 0.484743237495422 0.489852011203766 0.493083328008652 0.502839922904968 0.491938769817352 0.474802643060684 0.470986902713776 0.472592890262604 0.460211306810379 0.454893201589584 0.454015851020813
-3.4e+38 -3.4e+38 -3.4e+38 -3.4e+38 -3.4e+38 -3.4e+38 0.489639312028885 0.520983457565308 0.522878885269165 0.503016769886017 0.498070776462555 0.517033457756042 0.519742608070374 0.519893288612366 0.536832928657532 0.561381280422211 0.574750423431396 0.58552747964859 0.590099513530731 0.593806385993958 0.587341487407684 0.55898916721344 0.570727407932281 0.561008870601654 0.539967596530914 0.549630343914032 0.530438244342804 0.506807029247284 0.494966447353363 0.48569118976593 0.48222216963768 0.459124982357025 0.460209935903549 0.493486702442169 0.520116865634918 0.508069753646851 0.484140336513519 0.489382714033127 0.49760827422142 0.513822078704834 0.503074645996094 0.491140127182007 0.496815353631973 0.48948535323143 0.464078277349472 0.462978154420853 0.471019119024277
-3.4e+38 -3.4e+38 -3.4e+38 -3.4e+38 -3.4e+38 0.442415595054626 0.48297107219696 0.524844229221344 0.53580367565155 0.52602881193161 0.526805400848389 0.530859172344208 0.52058732509613 0.510465502738953 0.507684648036957 0.511506140232086 0.530631303787231 0.545049428939819 0.550196766853333 0.548394858837128 0.535557687282562 0.51939582824707 0.531516313552856 0.510684013366699 0.489182204008102 0.506796777248383 0.509452283382416 0.509389758110046 0.500268876552582 0.501572906970978 0.50686240196228 0.490855693817139 0.496541023254395 0.506874263286591 0.502909123897552 0.518382370471954 0.513763010501862 0.507723450660706 0.521467089653015 0.533050000667572 0.521435856819153 0.514542281627655 0.513930559158325 0.500559031963348 0.480236142873764 0.50644439458847 0.530893385410309
-3.4e+38 -3.4e+38 -3.4e+38 -3.4e+38 0.445008456707001 0.447675049304962 0.478379666805267 0.506216943264008 0.515943646430969 0.510882914066315 0.515441656112671 0.507049024105072 0.485124051570892 0.473991960287094 0.471609443426132 0.474571824073792 0.485624969005585 0.491199284791946 0.495535463094711 0.493409067392349 0.504493176937103 0.514520704746246 0.511629581451416 0.500713050365448 0.480106770992279 0.485258221626282 0.502540647983551 0.515994548797607 0.511038661003113 0.510560989379883 0.526862800121307 0.52789032459259 0.547651648521423 0.524108529090881 0.510086953639984 0.541052997112274 0.538571655750275 0.536441802978516 0.545444011688232 0.542962670326233 0.528910100460052 0.527070701122284 0.525444447994232 0.519299924373627 0.516827523708344 0.549083113670349 0.562167406082153
-3.4e+38 -3.4e+38 -3.4e+38 0.460614711046219 0.478514552116394 0.474062412977219 0.492191553115845 0.504076421260834 0.508928775787354 0.499237358570099 0.494260489940643 0.474307149648666 0.45314747095108 0.45342555642128 0.458165615797043 0.458275020122528 0.460374772548676 0.462659597396851 0.471318453550339 0.481324553489685 0.498148232698441 0.509276628494263 0.50858998298645 0.509769380092621 0.49877056479454 0.49167189002037 0.494743168354034 0.505478084087372 0.521435260772705 0.530119180679321 0.533030867576599 0.540212273597717 0.560453951358795 0.534401118755341 0.519055724143982 0.544837474822998 0.543917119503021 0.552027881145477 0.558306336402893 0.548113107681274 0.537648499011993 0.536532700061798 0.537055134773254 0.541044056415558 0.542837142944336 0.549021303653717 0.540303409099579
-3.4e+38 -3.4e+38 0.457433491945267 0.472523480653763 0.478832453489304 0.481456398963928 0.490906327962875 0.499130308628082 0.497662961483002 0.484187215566635 0.472881495952606 0.457465022802353 0.455022275447845 0.445652335882187 0.4488205909729 0.463604986667633 0.471212327480316 0.479874402284622 0.483580112457275 0.495539277791977 0.511284232139587 0.514084815979004 0.51785534620285 0.518504858016968 0.517053723335266 0.51031357049942 0.505366742610931 0.51754504442215 0.538457751274109 0.541344344615936 0.539196968078613 0.547477960586548 0.55586564540863 0.549844324588776 0.540560960769653 0.539740145206451 0.543987333774567 0.552055537700653 0.556994676589966 0.544803202152252 0.536022484302521 0.539307057857513 0.53863650560379 0.548640370368958 0.546638607978821 0.526340842247009 0.513542592525482
-3.4e+38 0.489652931690216 0.467589318752289 0.441572636365891 0.448035836219788 0.462783098220825 0.470762014389038 0.473114997148514 0.47106072306633 0.457499742507935 0.43393936753273 0.424412846565247 0.439914226531982 0.425588488578796 0.43665611743927 0.467033863067627 0.482694715261459 0.500185251235962 0.511651515960693 0.522671103477478 0.531689643859863 0.527017652988434 0.530654788017273 0.534180343151093 0.534495949745178 0.522266983985901 0.512790739536285 0.524502635002136 0.541659474372864 0.538041234016418 0.535906612873077 0.540089130401611 0.542543292045593 0.55174320936203 0.548579692840576 0.544987678527832 0.551604390144348 0.55715537071228 0.56281977891922 0.546085000038147 0.532288312911987 0.533131778240204 0.529284834861755 0.538020193576813 0.547245264053345 0.53426855802536 0.534471035003662
0.452305495738983 0.476616561412811 0.455950289964676 0.433781832456589 0.439145594835281 0.444373726844788 0.446036994457245 0.447443306446075 0.435389071702957 0.413983285427094 0.392672389745712 0.392372399568558 0.412184149026871 0.412602871656418 0.435239136219025 0.46905505657196 0.495000660419464 0.515799999237061 0.529513478279114 0.533560037612915 0.538602590560913 0.53540974855423 0.536249160766602 0.538901388645172 0.534920632839203 0.521365821361542 0.51252144575119 0.525014162063599 0.539484858512878 0.53868168592453 0.534868121147156 0.530568659305573 0.527543246746063 0.534873008728027 0.539668619632721 0.541322290897369 0.545281827449799 0.550547480583191 0.559620320796967 0.54747486114502 0.533376157283783 0.536993980407715 0.538680851459503 0.529730618000031 0.554402232170105 0.566575646400452 0.563884079456329
