data/1_raw/trimmed_ndre/Od_ndre.715.2013_no_clouds.asc
NCOLS 144 
NROWS 65 
XLLCORNER 512965 
YLLCORNER 5150865 
CELLSIZE 5 
NODATA_value -3.4e+38 
[rows 42 to 62 of 65, columns 47 to 93 of 144]
0.525969564914703 0.526025235652924 0.526787519454956 0.523728787899017 0.504763007164001 0.514204561710358 0.522409081459045 0.513826012611389 0.511259794235229 0.511596143245697 0.50338339805603 0.47444099187851 0.431773781776428 0.396267652511597 0.374719738960266 0.365513324737549 0.354948788881302 0.353635758161545 0.376842767000198 0.41803902387619 0.452496200799942 0.451570779085159 0.4427310526371 0.453552931547165 0.460532993078232 0.462703973054886 0.46616792678833 0.46900200843811 0.445923268795013 0.412169247865677 0.388798952102661 0.367779076099396 0.353876382112503 0.36321946978569 0.384493142366409 0.386362671852112 0.413052171468735 0.436061352491379 0.434306770563126 0.465007275342941 0.488614648580551 0.49218162894249 0.50278627872467 0.534570693969727 0.54891973733902 0.546678245067596 0.539960980415344
0.510105729103088 0.515018939971924 0.520482838153839 0.518290758132935 0.516921997070312 0.532130181789398 0.523167490959167 0.526274621486664 0.539058327674866 0.539587438106537 0.529878318309784 0.506135582923889 0.472241461277008 0.44291689991951 0.414433628320694 0.394388020038605 0.384035915136337 0.383906811475754 0.400744587182999 0.440356463193893 0.473842054605484 0.471655249595642 0.472313702106476 0.482620686292648 0.471773773431778 0.462039440870285 0.459245353937149 0.458746075630188 0.444382935762405 0.442544788122177 0.440177440643311 0.408405184745789 0.393854409456253 0.419440776109695 0.442157953977585 0.440192103385925 0.457984745502472 0.465972423553467 0.457750648260117 0.475015640258789 0.489958912134171 0.490264534950256 0.497615247964859 0.523347496986389 0.536522030830383 0.531957745552063 0.521956980228424
0.489944010972977 0.501063644886017 0.504598021507263 0.501297295093536 0.517089545726776 0.529471814632416 0.507302522659302 0.507546305656433 0.525688171386719 0.525243163108826 0.519461631774902 0.511360108852386 0.496727347373962 0.481775760650635 0.460648357868195 0.438330173492432 0.426895081996918 0.41955229640007 0.423104137182236 0.453980833292007 0.480762869119644 0.482932209968567 0.494096040725708 0.492118090391159 0.475379824638367 0.465771496295929 0.472685039043427 0.480849802494049 0.465310245752335 0.460617154836655 0.465346783399582 0.452500373125076 0.459450930356979 0.479933559894562 0.485050767660141 0.476155191659927 0.476808190345764 0.466109365224838 0.452730536460876 0.457157492637634 0.459008872509003 0.458654671907425 0.471553891897202 0.49675178527832 0.511240243911743 0.515439450740814 0.516365110874176
0.489421844482422 0.505983293056488 0.503670275211334 0.494311392307281 0.498389720916748 0.514830231666565 0.513625383377075 0.515213370323181 0.510540246963501 0.501104891300201 0.500961124897003 0.501147568225861 0.504483103752136 0.504936814308167 0.490306288003922 0.476344555616379 0.46683344244957 0.457501202821732 0.455791503190994 0.474228143692017 0.486040115356445 0.486874997615814 0.499135822057724 0.491098403930664 0.472220182418823 0.470189869403839 0.488463312387466 0.500781416893005 0.481295675039291 0.470536828041077 0.496137768030167 0.510036170482635 0.50214022397995 0.501103818416595 0.49427342414856 0.485526442527771 0.466640144586563 0.434514760971069 0.415986508131027 0.414343297481537 0.414146453142166 0.427635669708252 0.442714393138885 0.457456916570663 0.473731368780136 0.491742849349976 0.51107382774353
0.503562867641449 0.520384073257446 0.518530309200287 0.513608276844025 0.510037839412689 0.515995681285858 0.520195424556732 0.522033989429474 0.512561678886414 0.507377922534943 0.512990057468414 0.508352935314178 0.507643759250641 0.508205592632294 0.497252255678177 0.485633760690689 0.480389893054962 0.479919344186783 0.478923261165619 0.486713945865631 0.480384171009064 0.484264612197876 0.490561902523041 0.468139827251434 0.440741360187531 0.443337947130203 0.463275939226151 0.476649940013885 0.476804286241531 0.473060846328735 0.492552548646927 0.504463076591492 0.49241229891777 0.489921391010284 0.489347398281097 0.475440502166748 0.441100358963013 0.403113037347794 0.3920578956604 0.395130932331085 0.399181187152863 0.407909750938416 0.413401901721954 0.414905816316605 0.430114030838013 0.446090787649155 0.466590642929077
0.522906184196472 0.528744161128998 0.53326290845871 0.536121368408203 0.53690379858017 0.534579694271088 0.524140775203705 0.516058743000031 0.510840535163879 0.510893940925598 0.517539501190186 0.515384614467621 0.512543559074402 0.512001633644104 0.50829017162323 0.502416789531708 0.488309115171432 0.475889265537262 0.473056852817535 0.464354932308197 0.440152496099472 0.42747551202774 0.422985672950745 0.404350757598877 0.389873772859573 0.392507970333099 0.408710449934006 0.42190220952034 0.436164647340775 0.438375204801559 0.438300400972366 0.455999821424484 0.462318748235703 0.461865872144699 0.463326096534729 0.447471708059311 0.420580446720123 0.394536525011063 0.378527849912643 0.371562927961349 0.373327195644379 0.380921125411987 0.382137268781662 0.391809940338135 0.405698269605637 0.415561497211456 0.416378676891327
0.54138320684433 0.542978465557098 0.54437243938446 0.543440520763397 0.546094655990601 0.542759120464325 0.539842426776886 0.533221483230591 0.522819936275482 0.518166542053223 0.514521300792694 0.512846291065216 0.525376498699188 0.521263301372528 0.50654935836792 0.500752747058868 0.478300452232361 0.459889620542526 0.45083612203598 0.427692532539368 0.400070309638977 0.382340222597122 0.380636781454086 0.369137674570084 0.369555920362473 0.374391287565231 0.370175361633301 0.368664264678955 0.386762738227844 0.394707471132278 0.406826317310333 0.427494913339615 0.428475737571716 0.426438122987747 0.427483767271042 0.417800039052963 0.405004292726517 0.387077689170837 0.374487459659576 0.369306176900864 0.362199306488037 0.361478716135025 0.364412099123001 0.377093493938446 0.389910519123077 0.39175084233284 0.389043033123016
0.540622889995575 0.5411536693573 0.533977627754211 0.522845387458801 0.522207379341125 0.516460299491882 0.515610814094543 0.51824152469635 0.518471658229828 0.517757594585419 0.503723621368408 0.495741128921509 0.504446506500244 0.501862406730652 0.487168967723846 0.476408869028091 0.457486182451248 0.439505070447922 0.421363413333893 0.401483058929443 0.387712717056274 0.388916879892349 0.399258077144623 0.386791944503784 0.378477185964584 0.375329047441483 0.368472069501877 0.364513605833054 0.372438311576843 0.369406819343567 0.383635252714157 0.406112998723984 0.406665921211243 0.411802381277084 0.406874746084213 0.400356739759445 0.398409098386765 0.385080993175507 0.382120490074158 0.387472212314606 0.380551218986511 0.372203856706619 0.381365895271301 0.396362870931625 0.401694625616074 0.396719068288803 0.40077343583107
0.526401042938232 0.523006916046143 0.512937545776367 0.502311229705811 0.490580320358276 0.485510557889938 0.486544191837311 0.482484251260757 0.489535719156265 0.498233944177628 0.484994649887085 0.468747824430466 0.467019736766815 0.474080264568329 0.466392576694489 0.450727730989456 0.435163468122482 0.408146977424622 0.394446104764938 0.394544512033463 0.395696520805359 0.396149337291718 0.401644676923752 0.395565122365952 0.386850774288177 0.383699327707291 0.38774499297142 0.387706130743027 0.383050799369812 0.371518641710281 0.37556067109108 0.393464744091034 0.404882282018661 0.413603574037552 0.398314327001572 0.392517685890198 0.402386546134949 0.391354382038116 0.393452167510986 0.399028092622757 0.398856490850449 0.404045194387436 0.424368053674698 0.434477657079697 0.431659728288651 0.422395914793015 0.421908885240555
0.507849633693695 0.510500431060791 0.505649030208588 0.497137010097504 0.482932716608047 0.475278407335281 0.473652213811874 0.455251485109329 0.457185447216034 0.460170537233353 0.445125967264175 0.436090260744095 0.440350741147995 0.452721506357193 0.447539478540421 0.434833139181137 0.418063908815384 0.389607429504395 0.386494219303131 0.39908641576767 0.407584309577942 0.398271799087524 0.407329887151718 0.405002325773239 0.386719644069672 0.384248077869415 0.388444870710373 0.389970362186432 0.39358851313591 0.386994481086731 0.376232087612152 0.389832109212875 0.407117158174515 0.417745232582092 0.415611922740936 0.41292405128479 0.417111217975616 0.404206365346909 0.407424449920654 0.41622793674469 0.410347878932953 0.421455353498459 0.444699257612228 0.453684777021408 0.437911540269852 0.430384933948517 0.434597492218018
0.49062192440033 0.491355925798416 0.480800956487656 0.479823619127274 0.473462015390396 0.466917395591736 0.464688926935196 0.441449761390686 0.443604409694672 0.43575331568718 0.41608253121376 0.414267301559448 0.421810984611511 0.429651141166687 0.434858977794647 0.420136064291 0.406284391880035 0.396215319633484 0.38965380191803 0.395435959100723 0.399471640586853 0.388799160718918 0.41095182299614 0.409149348735809 0.388973385095596 0.391587764024734 0.397282034158707 0.401303350925446 0.404886484146118 0.394837528467178 0.376243323087692 0.380956470966339 0.394813776016235 0.4091876745224 0.420518159866333 0.425429344177246 0.43033829331398 0.413087338209152 0.412421196699142 0.438760280609131 0.435511142015457 0.426558613777161 0.446507185697556 0.464606821537018 0.451751500368118 0.43934291601181 0.441452533006668
0.453275799751282 0.460085511207581 0.45890736579895 0.45892333984375 0.448745608329773 0.442006349563599 0.446278125047684 0.440451562404633 0.441561311483383 0.431867659091949 0.411687821149826 0.405052125453949 0.406502187252045 0.414342135190964 0.423764556646347 0.410968452692032 0.408118188381195 0.417911678552628 0.410132616758347 0.39223238825798 0.388932168483734 0.394191384315491 0.411970555782318 0.410362988710403 0.401618987321854 0.411349594593048 0.41672745347023 0.420262038707733 0.415856301784515 0.397584021091461 0.38781350851059 0.394835501909256 0.405090630054474 0.412298440933228 0.415480077266693 0.426935225725174 0.435427755117416 0.424636632204056 0.42567178606987 0.451819121837616 0.458530128002167 0.447707206010818 0.455107629299164 0.45841720700264 0.454178005456924 0.451373517513275 0.4534732401371
0.420642793178558 0.44035604596138 0.451693475246429 0.454864054918289 0.448640763759613 0.447552174329758 0.437393665313721 0.430688798427582 0.431085556745529 0.424462467432022 0.42159703373909 0.422965824604034 0.417362213134766 0.413552224636078 0.417453527450562 0.420050710439682 0.415180742740631 0.422220319509506 0.415412753820419 0.396410644054413 0.404532670974731 0.417458862066269 0.431472361087799 0.431934088468552 0.426980525255203 0.436207890510559 0.442680567502975 0.436154365539551 0.430368334054947 0.423547327518463 0.428957879543304 0.441077291965485 0.446034044027328 0.445876032114029 0.444193959236145 0.451447874307632 0.453811764717102 0.449042409658432 0.444241464138031 0.443992108106613 0.453421890735626 0.45683690905571 0.456276655197144 0.449333667755127 0.456890046596527 0.466822177171707 0.46478083729744
0.424554705619812 0.435002744197845 0.444100767374039 0.43729767203331 0.433250784873962 0.444779127836227 0.437527447938919 0.428417921066284 0.425450831651688 0.417847335338593 0.427060723304749 0.43482032418251 0.425901830196381 0.41824272274971 0.420534282922745 0.4321548640728 0.424369364976883 0.41540315747261 0.415565103292465 0.41510221362114 0.424024611711502 0.435783714056015 0.44955375790596 0.452091008424759 0.443684905767441 0.451807737350464 0.458161413669586 0.462358921766281 0.460134834051132 0.455195337533951 0.462262541055679 0.475569903850555 0.483108043670654 0.480374485254288 0.47450914978981 0.473278313875198 0.471385478973389 0.464943826198578 0.465397238731384 0.464891493320465 0.46575790643692 0.468731939792633 0.4638412296772 0.45704984664917 0.46698921918869 0.477364212274551 0.471318066120148
0.436655879020691 0.428448349237442 0.42613086104393 0.416979670524597 0.424533575773239 0.440942764282227 0.449741631746292 0.4523965716362 0.438643664121628 0.4232577085495 0.424546808004379 0.428917348384857 0.421955704689026 0.416617453098297 0.414605110883713 0.421244561672211 0.428191989660263 0.424432456493378 0.423350512981415 0.43104749917984 0.443369030952454 0.448747307062149 0.457780987024307 0.455918729305267 0.448137551546097 0.456971228122711 0.463418453931808 0.471513450145721 0.470848113298416 0.46485236287117 0.465812206268311 0.471948832273483 0.478961259126663 0.479267358779907 0.473958909511566 0.476959854364395 0.476976603269577 0.473494946956635 0.466443479061127 0.463015407323837 0.464480817317963 0.46984800696373 0.464155286550522 0.457204014062881 0.454624384641647 0.458552777767181 -3.4e+38
0.435016274452209 0.433462083339691 0.422908127307892 0.415757268667221 0.431710779666901 0.426289856433868 0.425659030675888 0.440403789281845 0.435206323862076 0.425769865512848 0.425941944122314 0.428677320480347 0.422268837690353 0.414111614227295 0.416219651699066 0.422733902931213 0.436645686626434 0.441109836101532 0.439109146595001 0.447772204875946 0.457202881574631 0.460213452577591 0.46293905377388 0.458059459924698 0.458129316568375 0.466758042573929 0.466905444860458 0.462802559137344 0.460376918315887 0.463248044252396 0.465620279312134 0.465511471033096 0.464709609746933 0.460978299379349 0.460077971220016 0.466593265533447 0.474115878343582 0.469600528478622 0.453218042850494 0.444066792726517 0.447663724422455 0.451071351766586 -3.4e+38 -3.4e+38 -3.4e+38 -3.4e+38 -3.4e+38
0.435878694057465 0.444929391145706 0.43368273973465 0.420687675476074 0.426456987857819 0.417222380638123 0.420772105455399 0.430700659751892 0.426490306854248 0.423139035701752 0.430218636989594 0.43213364481926 0.429231911897659 0.425922214984894 0.434866070747375 0.448464393615723 0.447115927934647 0.444318532943726 0.450017809867859 0.460104614496231 0.463027834892273 0.467372179031372 0.466623276472092 0.454295665025711 0.451865792274475 0.461790263652802 0.463640630245209 0.461459040641785 0.461253494024277 0.465777188539505 0.467017948627472 0.463424444198608 0.459565013647079 0.451859563589096 0.458426654338837 -3.4e+38 -3.4e+38 -3.4e+38 -3.4e+38 -3.4e+38 -3.4e+38 -3.4e+38 -3.4e+38 -3.4e+38 -3.4e+38 -3.4e+38 -3.4e+38
0.438350200653076 0.446675211191177 0.439389765262604 0.433883249759674 0.426764369010925 0.423242926597595 0.436256587505341 0.440308600664139 0.431599944829941 0.430759429931641 0.435318470001221 0.442261070013046 0.445525288581848 0.443493247032166 0.440177351236343 0.460805147886276 0.469524294137955 0.454151630401611 0.45791757106781 0.460663825273514 0.462589263916016 0.478421717882156 0.474044442176819 0.458969980478287 0.452848225831985 0.44779446721077 0.449413359165192 0.461503028869629 -3.4e+38 -3.4e+38 -3.4e+38 -3.4e+38 -3.4e+38 -3.4e+38 -3.4e+38 -3.4e+38 -3.4e+38 -3.4e+38 -3.4e+38 -3.4e+38 -3.4e+38 -3.4e+38 -3.4e+38 -3.4e+38 -3.4e+38 -3.4e+38 -3.4e+38
0.435650795698166 0.442606061697006 0.441953361034393 0.448337346315384 0.436583071947098 0.431587159633636 0.444148600101471 0.448596358299255 0.440458327531815 0.434184938669205 0.438093155622482 0.451003074645996 0.459227919578552 0.454563021659851 0.454199820756912 0.470820724964142 0.475844144821167 -3.4e+38 -3.4e+38 -3.4e+38 -3.4e+38 -3.4e+38 -3.4e+38 -3.4e+38 -3.4e+38 -3.4e+38 -3.4e+38 -3.4e+38 -3.4e+38 -3.4e+38 -3.4e+38 -3.4e+38 -3.4e+38 -3.4e+38 -3.4e+38 -3.4e+38 -3.4e+38 -3.4e+38 -3.4e+38 -3.4e+38 -3.4e+38 -3.4e+38 -3.4e+38 -3.4e+38 -3.4e+38 -3.4e+38 -3.4e+38
0.441080451011658 0.442558437585831 0.442903846502304 0.455080538988113 0.443210154771805 0.432192593812943 -3.4e+38 -3.4e+38 -3.4e+38 -3.4e+38 -3.4e+38 -3.4e+38 -3.4e+38 -3.4e+38 -3.4e+38 -3.4e+38 -3.4e+38 -3.4e+38 -3.4e+38 -3.4e+38 -3.4e+38 -3.4e+38 -3.4e+38 -3.4e+38 -3.4e+38 -3.4e+38 -3.4e+38 -3.4e+38 -3.4e+38 -3.4e+38 -3.4e+38 -3.4e+38 -3.4e+38 -3.4e+38 -3.4e+38 -3.4e+38 -3.4e+38 -3.4e+38 -3.4e+38 -3.4e+38 -3.4e+38 -3.4e+38 -3.4e+38 -3.4e+38 -3.4e+38 -3.4e+38 -3.4e+38
0.458336979150772 0.447514832019806 -3.4e+38 -3.4e+38 -3.4e+38 -3.4e+38 -3.4e+38 -3.4e+38 -3.4e+38 -3.4e+38 -3.4e+38 -3.4e+38 -3.4e+38 -3.4e+38 -3.4e+38 -3.4e+38 -3.4e+38 -3.4e+38 -3.4e+38 -3.4e+38 -3.4e+38 -3.4e+38 -3.4e+38 -3.4e+38 -3.4e+38 -3.4e+38 -3.4e+38 -3.4e+38 -3.4e+38 -3.4e+38 -3.4e+38 -3.4e+38 -3.4e+38 -3.4e+38 -3.4e+38 -3.4e+38 -3.4e+38 -3.4e+38 -3.4e+38 -3.4e+38 -3.4e+38 -3.4e+38 -3.4e+38 -3.4e+38 -3.4e+38 -3.4e+38 -3.4e+38
