data/1_raw/trimmed_ndre/Od_ndre.710.2012.asc
NCOLS 144 
NROWS 65 
XLLCORNER 512965 
YLLCORNER 5150865 
CELLSIZE 5 
NODATA_value -3.4e+38 
[rows 42 to 62 of 65, columns 47 to 93 of 144]
0.63995373249054 0.637573003768921 0.633066773414612 0.63025575876236 0.629799604415894 0.635492861270905 0.639565885066986 0.628909826278687 0.620934665203094 0.625942766666412 0.614850640296936 0.607565879821777 0.584502398967743 0.542033910751343 0.508030235767365 0.465141922235489 0.443744122982025 0.447366833686829 0.460011392831802 0.495766550302505 0.526354193687439 0.531232118606567 0.532844185829163 0.526772618293762 0.52033531665802 0.528367221355438 0.538622260093689 0.534709393978119 0.512272596359253 0.481731474399567 0.45629695057869 0.419815421104431 0.410462915897369 0.424185752868652 0.42043599486351 0.446372926235199 0.472170025110245 0.472177594900131 0.468790143728256 0.490490704774857 0.501770734786987 0.489895671606064 0.472754389047623 0.456067234277725 0.423876613378525 0.404197961091995 0.42301619052887
0.632667243480682 0.634056329727173 0.637500941753387 0.64190810918808 0.642966508865356 0.643318891525269 0.647431313991547 0.636192381381989 0.634622633457184 0.642178773880005 0.632202982902527 0.633934557437897 0.610175609588623 0.572533667087555 0.546209931373596 0.501639425754547 0.479362070560455 0.477138102054596 0.476089030504227 0.496359199285507 0.518660247325897 0.528338015079498 0.530330657958984 0.526135802268982 0.516124308109283 0.520200312137604 0.531324446201324 0.526260137557983 0.508965075016022 0.490594506263733 0.487191289663315 0.482776015996933 0.481276303529739 0.497780710458755 0.520115971565247 0.535958111286163 0.534824669361115 0.538730144500732 0.541186690330505 0.540431380271912 0.532563865184784 0.513909041881561 0.511156141757965 0.52839869260788 0.518658518791199 0.487325668334961 0.481982201337814
0.615387618541718 0.622606158256531 0.631219863891602 0.638214230537415 0.639001071453094 0.639595150947571 0.639076173305511 0.626331269741058 0.631330788135529 0.634230375289917 0.626682281494141 0.632841885089874 0.611457765102386 0.583855152130127 0.560850262641907 0.528116703033447 0.510124742984772 0.501735925674438 0.502734124660492 0.516150832176208 0.532269895076752 0.550143778324127 0.564705967903137 0.569984555244446 0.563683748245239 0.558098077774048 0.556012213230133 0.557625889778137 0.560557961463928 0.562577605247498 0.562644124031067 0.558400690555573 0.558473467826843 0.577200055122375 0.604016959667206 0.607041716575623 0.590578377246857 0.584179997444153 0.587248682975769 0.577875316143036 0.555469691753387 0.536149382591248 0.546568870544434 0.574405133724213 0.573073506355286 0.550406277179718 0.529685437679291
0.610015511512756 0.618294477462769 0.626466989517212 0.631998360157013 0.630417585372925 0.62831449508667 0.621785402297974 0.61103618144989 0.620129346847534 0.617339551448822 0.613300859928131 0.618447303771973 0.598730623722076 0.578682422637939 0.566513657569885 0.553925454616547 0.544255137443542 0.543779194355011 0.552232027053833 0.558582663536072 0.565520286560059 0.572037041187286 0.582018077373505 0.59359484910965 0.597640633583069 0.589774191379547 0.583262026309967 0.584744870662689 0.586507678031921 0.584895133972168 0.588180303573608 0.59630161523819 0.605686664581299 0.617097675800323 0.626502811908722 0.622548937797546 0.603577315807343 0.58168238401413 0.573138773441315 0.561835587024689 0.541743874549866 0.537594139575958 0.53738796710968 0.536023199558258 0.533577561378479 0.533641040325165 0.516692161560059
0.625195145606995 0.627498865127563 0.631427645683289 0.633341312408447 0.625065743923187 0.624186038970947 0.616482615470886 0.612246453762054 0.621075749397278 0.608909964561462 0.609297811985016 0.611402094364166 0.592642724514008 0.580163538455963 0.582036435604095 0.587604403495789 0.584564030170441 0.588191509246826 0.588015556335449 0.58171147108078 0.575735867023468 0.567939639091492 0.562838315963745 0.56448620557785 0.565666317939758 0.562481164932251 0.569544613361359 0.574399948120117 0.5690056681633 0.573512554168701 0.581348240375519 0.590933263301849 0.603813052177429 0.6166752576828 0.625455617904663 0.620018661022186 0.597825467586517 0.570633828639984 0.551095128059387 0.532572627067566 0.525484681129456 0.532751858234406 0.535596787929535 0.518208920955658 0.489953875541687 0.483423113822937 0.481839746236801
0.638672053813934 0.637047290802002 0.639379262924194 0.633596837520599 0.622755646705627 0.626571297645569 0.614566087722778 0.612844347953796 0.62285578250885 0.602670967578888 0.612251758575439 0.613432288169861 0.599004209041595 0.597997605800629 0.596732139587402 0.599373936653137 0.592614471912384 0.585163533687592 0.578317582607269 0.571175754070282 0.56083220243454 0.544942378997803 0.531573176383972 0.514644920825958 0.506106793880463 0.510543406009674 0.527167320251465 0.545948445796967 0.553382992744446 0.557154834270477 0.562227606773376 0.570959866046906 0.590094268321991 0.608527481555939 0.615743160247803 0.606925368309021 0.58195686340332 0.557714581489563 0.540772974491119 0.52491283416748 0.517405331134796 0.517708539962769 0.514115273952484 0.497313618659973 0.471723198890686 0.474620431661606 0.492496609687805
0.639383733272552 0.639013111591339 0.63954746723175 0.630546748638153 0.611621260643005 0.599733769893646 0.590598702430725 0.596747577190399 0.601975977420807 0.58834707736969 0.600986242294312 0.598360002040863 0.589473843574524 0.590606689453125 0.584087669849396 0.582114398479462 0.570486903190613 0.545986115932465 0.533704161643982 0.523887157440186 0.518161356449127 0.514415442943573 0.510907053947449 0.499966472387314 0.500742852687836 0.504942655563354 0.511191785335541 0.521361529827118 0.532949149608612 0.541328847408295 0.548390865325928 0.558003783226013 0.573955357074738 0.584950745105743 0.590460300445557 0.591556429862976 0.564475953578949 0.54240483045578 0.535383105278015 0.524925470352173 0.515091001987457 0.503528952598572 0.495034515857697 0.489338368177414 0.483792424201965 0.485511362552643 0.492878288030624
0.62552136182785 0.630071461200714 0.632178544998169 0.625665903091431 0.606158494949341 0.584612786769867 0.580237925052643 0.577486872673035 0.580880701541901 0.57628345489502 0.571733176708221 0.565430045127869 0.560303628444672 0.564194858074188 0.564223945140839 0.559376060962677 0.55875563621521 0.541889727115631 0.515890777111053 0.499247968196869 0.497975796461105 0.503531336784363 0.502876162528992 0.495226800441742 0.512499511241913 0.51723724603653 0.507587909698486 0.504108846187592 0.50907689332962 0.517642974853516 0.526510059833527 0.53507274389267 0.544547200202942 0.547913908958435 0.560932397842407 0.574108242988586 0.554805219173431 0.536400139331818 0.529780089855194 0.525881886482239 0.522927582263947 0.514304220676422 0.503178060054779 0.501876294612885 0.50581681728363 0.503462791442871 0.501426696777344
0.60440456867218 0.610377430915833 0.612889587879181 0.612739026546478 0.606352865695953 0.592923820018768 0.583349943161011 0.577678382396698 0.570711016654968 0.55981433391571 0.54927659034729 0.544509947299957 0.54534512758255 0.554790198802948 0.564329624176025 0.55865216255188 0.55027836561203 0.532344877719879 0.511967837810516 0.508854508399963 0.510215044021606 0.513047575950623 0.504201948642731 0.495014846324921 0.515878915786743 0.515383541584015 0.501463055610657 0.49967959523201 0.500028192996979 0.495669305324554 0.494111835956573 0.501617074012756 0.513449311256409 0.522061228752136 0.532500147819519 0.540259182453156 0.531852841377258 0.534902572631836 0.536145746707916 0.539211869239807 0.543893456459045 0.540154218673706 0.5307457447052 0.52003002166748 0.526989102363586 0.536752343177795 0.531269669532776
0.5752854347229 0.579228818416595 0.588988423347473 0.598339319229126 0.596500396728516 0.589998960494995 0.580919563770294 0.573087155818939 0.561421573162079 0.549922168254852 0.544646620750427 0.544244408607483 0.550364017486572 0.541370153427124 0.541679322719574 0.544712781906128 0.535495936870575 0.52238392829895 0.513528764247894 0.514128029346466 0.512803256511688 0.517798364162445 0.520962655544281 0.517898201942444 0.520912051200867 0.509000182151794 0.495832771062851 0.494343101978302 0.499824106693268 0.496931463479996 0.490868657827377 0.490293979644775 0.497895777225494 0.506293058395386 0.510275423526764 0.520867705345154 0.535748302936554 0.54919445514679 0.552352964878082 0.555052399635315 0.560496628284454 0.563529014587402 0.564516007900238 0.558904707431793 0.561376988887787 0.570860326290131 0.560727536678314
0.553341269493103 0.555233240127563 0.572360932826996 0.585444271564484 0.579058229923248 0.578878402709961 0.576299250125885 0.56902277469635 0.558598399162292 0.550226509571075 0.545295774936676 0.54480391740799 0.545823931694031 0.534495294094086 0.535624802112579 0.535317480564117 0.530271530151367 0.535078763961792 0.533633828163147 0.524422824382782 0.515318870544434 0.521278917789459 0.533629894256592 0.537237942218781 0.529203653335571 0.505255222320557 0.503427565097809 0.502687692642212 0.508975148200989 0.517067313194275 0.517686367034912 0.514409065246582 0.510022521018982 0.512908518314362 0.525970339775085 0.537489831447601 0.554868042469025 0.565367162227631 0.564986169338226 0.56782603263855 0.575593233108521 0.588425755500793 0.598668873310089 0.603019714355469 0.588707864284515 0.578658163547516 0.578299462795258
0.5435990691185 0.545361936092377 0.558660387992859 0.567100465297699 0.561362624168396 0.564032018184662 0.564143180847168 0.565710484981537 0.560847103595734 0.552099406719208 0.546583890914917 0.542575180530548 0.54017037153244 0.536887347698212 0.540268898010254 0.534016788005829 0.526560485363007 0.534108579158783 0.539228737354279 0.530114233493805 0.517922461032867 0.520502924919128 0.523895561695099 0.522476732730865 0.523927330970764 0.526981711387634 0.537769436836243 0.537340998649597 0.533266127109528 0.536997675895691 0.533769845962524 0.542210400104523 0.550607800483704 0.554909944534302 0.561661720275879 0.555411040782928 0.559878408908844 0.569775938987732 0.575899720191956 0.587276101112366 0.60002613067627 0.607173264026642 0.611964285373688 0.615558326244354 0.597743690013885 0.584574580192566 0.59081506729126
0.535542845726013 0.534153878688812 0.535781681537628 0.539176225662231 0.540894210338593 0.546211540699005 0.551397025585175 0.561381638050079 0.560204327106476 0.549879729747772 0.544284760951996 0.534139931201935 0.527628421783447 0.527258276939392 0.527027189731598 0.521335899829865 0.514982044696808 0.522090911865234 0.534213185310364 0.534428954124451 0.524894773960114 0.520004093647003 0.524857521057129 0.540740609169006 0.550095021724701 0.562309145927429 0.572331309318542 0.576848268508911 0.574588358402252 0.572055757045746 0.573281109333038 0.579882621765137 0.582615315914154 0.584610462188721 0.573815405368805 0.566143810749054 0.571409463882446 0.582467377185822 0.593365550041199 0.603970766067505 0.61312335729599 0.611036062240601 0.595165550708771 0.594672739505768 0.605446457862854 0.601765215396881 0.601161003112793
0.529614150524139 0.521538972854614 0.515778124332428 0.525295317173004 0.532283663749695 0.535727441310883 0.542307913303375 0.551405370235443 0.55028361082077 0.54104882478714 0.533780932426453 0.523018658161163 0.513217985630035 0.509178102016449 0.506563663482666 0.50532591342926 0.511631548404694 0.525905430316925 0.540486931800842 0.542936861515045 0.535627543926239 0.531965672969818 0.555479228496552 0.583525776863098 0.576221823692322 0.577192723751068 0.584797084331512 0.590789437294006 0.590578138828278 0.595241844654083 0.600311160087585 0.59633731842041 0.585144937038422 0.594991147518158 0.595536112785339 0.585709393024445 0.587615430355072 0.595602571964264 0.602210760116577 0.600242555141449 0.59661078453064 0.598284244537354 0.59614759683609 0.600513398647308 0.615503787994385 0.608257412910461 0.609256446361542
0.529590129852295 0.526101768016815 0.525505304336548 0.5356724858284 0.538957953453064 0.537331700325012 0.541544675827026 0.54687774181366 0.542035400867462 0.537418723106384 0.530611038208008 0.521508395671844 0.52571028470993 0.528938591480255 0.526875019073486 0.527829349040985 0.539502620697021 0.549636542797089 0.557516157627106 0.561310470104218 0.562793016433716 0.567421317100525 0.585578441619873 0.600686609745026 0.58585512638092 0.585509300231934 0.588384449481964 0.588845491409302 0.590577304363251 0.593126237392426 0.599588096141815 0.59992653131485 0.595853328704834 0.603407859802246 0.599725842475891 0.591576218605042 0.594237565994263 0.598819315433502 0.601227343082428 0.595340192317963 0.588439345359802 0.59368097782135 0.601486921310425 0.609811961650848 0.607169449329376 0.594878017902374 -3.4e+38
0.544904112815857 0.544358789920807 0.545399248600006 0.550772249698639 0.561369001865387 0.563499331474304 0.561473548412323 0.559040307998657 0.548489332199097 0.548458814620972 0.546018183231354 0.549563229084015 0.566744983196259 0.573449850082397 0.572897374629974 0.571629285812378 0.574647188186646 0.579757273197174 0.587118089199066 0.590689659118652 0.592720031738281 0.597209513187408 0.592271149158478 0.594622611999512 0.596644639968872 0.596545934677124 0.59119439125061 0.59004020690918 0.589844524860382 0.583345532417297 0.590646862983704 0.595533609390259 0.59660279750824 0.596558928489685 0.591934084892273 0.588832676410675 0.590295851230621 0.593844890594482 0.594702303409576 0.588879406452179 0.585840165615082 0.59176778793335 -3.4e+38 -3.4e+38 -3.4e+38 -3.4e+38 -3.4e+38
0.560430943965912 0.548573970794678 0.55848228931427 0.575255215167999 0.586613774299622 0.590902626514435 0.586554348468781 0.576933145523071 0.571710228919983 0.579901814460754 0.586498379707336 0.585792720317841 0.59369832277298 0.599161207675934 0.598941266536713 0.595156192779541 0.596069097518921 0.602797091007233 0.610220432281494 0.605979859828949 0.603889346122742 0.607440054416656 0.598985910415649 0.595237553119659 0.596271634101868 0.594439327716827 0.594144999980927 0.597186088562012 0.59448653459549 0.58262687921524 0.584008514881134 0.584785223007202 0.592480063438416 0.59412670135498 0.5920290350914 -3.4e+38 -3.4e+38 -3.4e+38 -3.4e+38 -3.4e+38 -3.4e+38 -3.4e+38 -3.4e+38 -3.4e+38 -3.4e+38 -3.4e+38 -3.4e+38
0.576361536979675 0.565992653369904 0.581549406051636 0.589634418487549 0.593765616416931 0.602940440177917 0.598830819129944 0.581132233142853 0.579708337783813 0.597488105297089 0.602302134037018 0.59808760881424 0.595516085624695 0.600325047969818 0.600377142429352 0.603067934513092 0.604454874992371 0.606628358364105 0.60961377620697 0.603360712528229 0.605801641941071 0.61140239238739 0.603021502494812 0.589404225349426 0.580911636352539 0.58416336774826 0.590576350688934 0.587903141975403 -3.4e+38 -3.4e+38 -3.4e+38 -3.4e+38 -3.4e+38 -3.4e+38 -3.4e+38 -3.4e+38 -3.4e+38 -3.4e+38 -3.4e+38 -3.4e+38 -3.4e+38 -3.4e+38 -3.4e+38 -3.4e+38 -3.4e+38 -3.4e+38 -3.4e+38
0.584217250347137 0.583219110965729 0.593566000461578 0.586583852767944 0.590865612030029 0.601479470729828 0.595600426197052 0.575219094753265 0.579653084278107 0.592661619186401 0.5900958776474 0.603614211082458 0.603643119335175 0.60118579864502 0.605863332748413 0.610121071338654 0.607084333896637 -3.4e+38 -3.4e+38 -3.4e+38 -3.4e+38 -3.4e+38 -3.4e+38 -3.4e+38 -3.4e+38 -3.4e+38 -3.4e+38 -3.4e+38 -3.4e+38 -3.4e+38 -3.4e+38 -3.4e+38 -3.4e+38 -3.4e+38 -3.4e+38 -3.4e+38 -3.4e+38 -3.4e+38 -3.4e+38 -3.4e+38 -3.4e+38 -3.4e+38 -3.4e+38 -3.4e+38 -3.4e+38 -3.4e+38 -3.4e+38
0.581769049167633 0.585846424102783 0.590873420238495 0.582764327526093 0.593470096588135 0.602882623672485 -3.4e+38 -3.4e+38 -3.4e+38 -3.4e+38 -3.4e+38 -3.4e+38 -3.4e+38 -3.4e+38 -3.4e+38 -3.4e+38 -3.4e+38 -3.4e+38 -3.4e+38 -3.4e+38 -3.4e+38 -3.4e+38 -3.4e+38 -3.4e+38 -3.4e+38 -3.4e+38 -3.4e+38 -3.4e+38 -3.4e+38 -3.4e+38 -3.4e+38 -3.4e+38 -3.4e+38 -3.4e+38 -3.4e+38 -3.4e+38 -3.4e+38 -3.4e+38 -3.4e+38 -3.4e+38 -3.4e+38 -3.4e+38 -3.4e+38 -3.4e+38 -3.4e+38 -3.4e+38 -3.4e+38
0.582887470722198 0.589004039764404 -3.4e+38 -3.4e+38 -3.4e+38 -3.4e+38 -3.4e+38 -3.4e+38 -3.4e+38 -3.4e+38 -3.4e+38 -3.4e+38 -3.4e+38 -3.4e+38 -3.4e+38 -3.4e+38 -3.4e+38 -3.4e+38 -3.4e+38 -3.4e+38 -3.4e+38 -3.4e+38 -3.4e+38 -3.4e+38 -3.4e+38 -3.4e+38 -3.4e+38 -3.4e+38 -3.4e+38 -3.4e+38 -3.4e+38 -3.4e+38 -3.4e+38 -3.4e+38 -3.4e+38 -3.4e+38 -3.4e+38 -3.4e+38 -3.4e+38 -3.4e+38 -3.4e+38 -3.4e+38 -3.4e+38 -3.4e+38 -3.4e+38 -3.4e+38 -3.4e+38
