data/1_raw/trimmed_ndre/Od_ndre.625.2012_no_clouds.asc
NCOLS 144 
NROWS 65 
XLLCORNER 512965 
YLLCORNER 5150865 
CELLSIZE 5 
NODATA_value -3.4e+38 
[rows 21 to 41 of 65, columns 47 to 93 of 144]
0.618929266929626 0.627745270729065 0.634262084960938 0.62846851348877 0.618093430995941 0.612441718578339 0.613660991191864 0.620082318782806 0.621153235435486 0.614226818084717 0.608495891094208 0.611809968948364 0.620852708816528 0.620900332927704 0.611152708530426 0.605147182941437 0.610121369361877 0.611915767192841 0.609872758388519 0.607200443744659 0.602069318294525 0.599329173564911 0.601147711277008 0.613188445568085 0.62481814622879 0.62350982427597 0.621806502342224 0.625170886516571 0.62005889415741 0.609212219715118 0.605298757553101 0.606332540512085 0.609202980995178 0.610344469547272 0.604970097541809 0.609780967235565 0.598343908786774 0.593228459358215 0.601666331291199 0.59524267911911 0.587532758712769 0.587243676185608 0.589223980903625 0.591896831989288 0.580556750297546 0.569068968296051 0.576056241989136
0.631733536720276 0.634005308151245 0.637699604034424 0.630142331123352 0.629530727863312 0.626713514328003 0.624140381813049 0.629618108272552 0.638614535331726 0.637251913547516 0.629233360290527 0.619637906551361 0.620649397373199 0.628300309181213 0.629055738449097 0.628766596317291 0.627249777317047 0.624252915382385 0.616039156913757 0.618659853935242 0.624348104000092 0.622819423675537 0.6132493019104 0.617013156414032 0.627690672874451 0.628761410713196 0.633947432041168 0.635805487632751 0.632305920124054 0.622462749481201 0.612781167030334 0.609744787216187 0.605132758617401 0.609978973865509 0.610094845294952 0.602759778499603 0.594964563846588 0.590513527393341 0.588783264160156 0.584643363952637 0.584360361099243 0.579087257385254 0.578708589076996 0.586423575878143 0.586211919784546 0.590070128440857 0.595079898834229
0.634096443653107 0.625760972499847 0.622326374053955 0.623591125011444 0.627562999725342 0.63120698928833 0.624028921127319 0.619597256183624 0.624816358089447 0.631055772304535 0.629480123519897 0.623637437820435 0.618887484073639 0.621765911579132 0.62859982252121 0.635249853134155 0.641977310180664 0.635195016860962 0.62147843837738 0.627186298370361 0.634864509105682 0.629215836524963 0.616181433200836 0.611514806747437 0.614098072052002 0.615188539028168 0.621665298938751 0.622766196727753 0.619732439517975 0.618987679481506 0.614098250865936 0.606882750988007 0.604166686534882 0.60770171880722 0.607385993003845 0.600246489048004 0.596301376819611 0.595120489597321 0.580882430076599 0.569379210472107 0.574092149734497 0.569802045822144 0.570785820484161 0.581443428993225 0.584390223026276 0.602346301078796 0.611330389976501
0.628500401973724 0.630750775337219 0.612997651100159 0.607500731945038 0.62067973613739 0.620478332042694 0.611220955848694 0.601923704147339 0.603330731391907 0.614080131053925 0.624656796455383 0.627061724662781 0.625856757164001 0.624342918395996 0.628160178661346 0.6336590051651 0.640154600143433 0.631048142910004 0.619987189769745 0.625778138637543 0.63240647315979 0.624475181102753 0.607827305793762 0.602437973022461 0.603499948978424 0.605156481266022 0.606147468090057 0.604680418968201 0.60233598947525 0.602373480796814 0.600301742553711 0.594328284263611 0.590610146522522 0.593302190303802 0.595912516117096 0.593174576759338 0.589363038539886 0.588877558708191 0.578737854957581 0.567853391170502 0.566992878913879 0.557322204113007 0.565687477588654 0.57702898979187 0.577401638031006 0.591974854469299 0.604619860649109
0.625913441181183 0.609433829784393 0.590872466564178 0.587534070014954 0.606857776641846 0.603257536888123 0.595617592334747 0.592576324939728 0.595817387104034 0.605370759963989 0.619860649108887 0.624624371528625 0.622016787528992 0.619702517986298 0.61444479227066 0.614511251449585 0.615944087505341 0.615298628807068 0.612597763538361 0.615038812160492 0.613855719566345 0.605606555938721 0.595499932765961 0.596631646156311 0.598962783813477 0.596097767353058 0.588828563690186 0.588346838951111 0.590712249279022 0.593131840229034 0.590976238250732 0.583627581596375 0.578211486339569 0.580578088760376 0.584994852542877 0.58605968952179 0.584843218326569 0.584319114685059 0.583297967910767 0.578806400299072 0.568043231964111 0.554986715316772 0.566256582736969 0.578535258769989 0.582312822341919 0.595021426677704 0.603246212005615
0.588093459606171 0.565331220626831 0.574885785579681 0.565861463546753 0.564984858036041 0.56915807723999 0.571046113967896 0.57493644952774 0.584237694740295 0.593819737434387 0.603052079677582 0.606627702713013 0.601574718952179 0.597865521907806 0.593176901340485 0.588058829307556 0.591627478599548 0.601744294166565 0.599825859069824 0.593783915042877 0.590336740016937 0.590087413787842 0.59036386013031 0.587406158447266 0.585794806480408 0.577670991420746 0.569399833679199 0.570343971252441 0.576237380504608 0.585384130477905 0.588247776031494 0.581298887729645 0.578496158123016 0.580836355686188 0.583430111408234 0.583587527275085 0.585944890975952 0.590597867965698 0.594240188598633 0.595248103141785 0.582935094833374 0.575080156326294 0.586766839027405 0.600857675075531 0.614683032035828 0.625041365623474 0.621850848197937
0.551131546497345 0.544637739658356 0.560163021087646 0.546431124210358 0.546296298503876 0.556099712848663 0.558458089828491 0.561776876449585 0.569081664085388 0.577497124671936 0.578077495098114 0.578035175800323 0.584563255310059 0.588414788246155 0.595439255237579 0.577847123146057 0.574597299098969 0.59803169965744 0.592804908752441 0.58180558681488 0.580455362796783 0.580794394016266 0.587735116481781 0.583009839057922 0.569253027439117 0.560598492622375 0.556646049022675 0.559513211250305 0.566872715950012 0.575238943099976 0.584479928016663 0.587806463241577 0.590441644191742 0.593482136726379 0.59922456741333 0.603862226009369 0.610653400421143 0.608437538146973 0.608979165554047 0.614886522293091 0.616383612155914 0.618271350860596 0.629621148109436 0.638427734375 0.650372743606567 0.656359970569611 0.65148937702179
0.555090069770813 0.545420587062836 0.554485499858856 0.551280319690704 0.55738776922226 0.5646151304245 0.565236151218414 0.576271057128906 0.574635207653046 0.570828914642334 0.5690558552742 0.56600683927536 0.585094392299652 0.607407510280609 0.609352052211761 0.579641461372375 0.571096658706665 0.59441864490509 0.591927528381348 0.577687323093414 0.57625013589859 0.583237528800964 0.593290627002716 0.583440661430359 0.563724160194397 0.559816241264343 0.559257805347443 0.552141427993774 0.553384900093079 0.565470457077026 0.579495847225189 0.594411969184875 0.602472722530365 0.60437947511673 0.611192166805267 0.622982144355774 0.63054895401001 0.629632174968719 0.62550288438797 0.633670628070831 0.644710898399353 0.648016035556793 0.650684118270874 0.658810377120972 0.664169788360596 0.67559140920639 0.680793225765228
0.57836389541626 0.57376503944397 0.585722923278809 0.58838427066803 0.573705494403839 0.572136402130127 0.573364198207855 0.57647293806076 0.578154325485229 0.575956046581268 0.574709117412567 0.575176477432251 0.578801512718201 0.595045745372772 0.60150820016861 0.586625397205353 0.581307768821716 0.590795695781708 0.591207981109619 0.576409876346588 0.581352591514587 0.596726357936859 0.598766803741455 0.581989049911499 0.565891623497009 0.562718272209167 0.56685596704483 0.55480545759201 0.548178255558014 0.563952207565308 0.575369238853455 0.595634877681732 0.610496163368225 0.612483739852905 0.615195870399475 0.617464780807495 0.626347482204437 0.647551655769348 0.64303857088089 0.634583175182343 0.64119154214859 0.63761168718338 0.645994603633881 0.660843670368195 0.66460108757019 0.679615914821625 0.692435264587402
0.606773972511292 0.611365437507629 0.617415308952332 0.612468540668488 0.597792387008667 0.590084075927734 0.587779879570007 0.583853125572205 0.58604508638382 0.58978533744812 0.585436940193176 0.581837177276611 0.583142518997192 0.582846164703369 0.585051774978638 0.587306559085846 0.591850340366364 0.596739888191223 0.590018332004547 0.574514448642731 0.58411967754364 0.600661158561707 0.599660634994507 0.582326173782349 0.58849686384201 0.590784788131714 0.578682541847229 0.571055233478546 0.563659191131592 0.569369256496429 0.580956935882568 0.605911433696747 0.623597860336304 0.625191032886505 0.625831484794617 0.621247112751007 0.629775404930115 0.654706478118896 0.638975024223328 0.615872502326965 0.616532027721405 0.615089356899261 0.641767382621765 0.664436757564545 0.666379451751709 0.678278207778931 0.683121263980865
0.610353767871857 0.616128325462341 0.613778173923492 0.611556529998779 0.607378959655762 0.603324115276337 0.600366532802582 0.593933045864105 0.586630165576935 0.589824318885803 0.588345229625702 0.581049621105194 0.580242872238159 0.573934316635132 0.568386852741241 0.57376766204834 0.582656383514404 0.586044788360596 0.575677335262299 0.56871485710144 0.582234263420105 0.594934284687042 0.5854611992836 0.571689069271088 0.595923125743866 0.595566034317017 0.576276302337646 0.576202034950256 0.576759338378906 0.571905076503754 0.579014837741852 0.604136765003204 0.626642525196075 0.635298371315002 0.637458384037018 0.627712488174438 0.631039261817932 0.636000156402588 0.61694872379303 0.605521559715271 0.601114094257355 0.607803523540497 0.64398205280304 0.671635806560516 0.677109241485596 0.684261977672577 0.676089406013489
0.597034215927124 0.600350081920624 0.589136600494385 0.594664692878723 0.602595031261444 0.600521981716156 0.592397212982178 0.582714140415192 0.578363716602325 0.580249488353729 0.582360208034515 0.57469779253006 0.560993671417236 0.556997358798981 0.55719530582428 0.56343150138855 0.571412861347198 0.575128316879272 0.571025729179382 0.570124506950378 0.583728551864624 0.593315184116364 0.579872250556946 0.572755396366119 0.591824889183044 0.58313775062561 0.571807980537415 0.582909345626831 0.591777086257935 0.589321315288544 0.587643086910248 0.601525783538818 0.61961704492569 0.635509371757507 0.637846648693085 0.632485449314117 0.636506080627441 0.625064253807068 0.599438548088074 0.597676992416382 0.589636921882629 0.601884722709656 0.642321050167084 0.662904322147369 0.680221259593964 0.690502166748047 0.678204536437988
0.60380220413208 0.600246071815491 0.586885571479797 0.595872640609741 0.599293649196625 0.592019617557526 0.586584866046906 0.579074382781982 0.579985380172729 0.585354149341583 0.585774540901184 0.587118566036224 0.57361501455307 0.560679316520691 0.564974248409271 0.570983409881592 0.580584406852722 0.58881026506424 0.586642980575562 0.584301948547363 0.596137762069702 0.608419895172119 0.595109224319458 0.592530965805054 0.61164265871048 0.616526126861572 0.607494950294495 0.60832017660141 0.61454564332962 0.616165161132812 0.619625806808472 0.623138725757599 0.626124918460846 0.642475783824921 0.655928552150726 0.657725989818573 0.660238802433014 0.645703434944153 0.622614324092865 0.621259748935699 0.6108518242836 0.617445111274719 0.643913865089417 0.64796781539917 0.67133367061615 0.691498279571533 0.685409963130951
0.635441362857819 0.627688884735107 0.618051707744598 0.621280670166016 0.621331691741943 0.617207586765289 0.608571708202362 0.601028561592102 0.604085564613342 0.611539423465729 0.613602042198181 0.612984001636505 0.601945281028748 0.589454293251038 0.589644193649292 0.587768256664276 0.603749632835388 0.61555552482605 0.61244660615921 0.610240995883942 0.621295869350433 0.631270110607147 0.614677488803864 0.61906760931015 0.640018701553345 0.646400272846222 0.629218637943268 0.624725937843323 0.632813930511475 0.631731986999512 0.639604032039642 0.643861889839172 0.643117070198059 0.655919194221497 0.671272397041321 0.680359482765198 0.680859982967377 0.669852674007416 0.652053952217102 0.645533621311188 0.64412122964859 0.650599598884583 0.666905999183655 0.670494616031647 0.672296941280365 0.682412326335907 0.6830894947052
0.664026856422424 0.6641965508461 0.648374617099762 0.647183835506439 0.651045203208923 0.656599223613739 0.649448812007904 0.635821223258972 0.63059800863266 0.630457282066345 0.63425749540329 0.637854278087616 0.632141649723053 0.618338406085968 0.607312738895416 0.599102258682251 0.619946300983429 0.640154302120209 0.639658987522125 0.635091006755829 0.641292989253998 0.644131124019623 0.634160757064819 0.641233205795288 0.655955374240875 0.653896033763885 0.635099291801453 0.626543939113617 0.635632932186127 0.646417438983917 0.655728876590729 0.662287473678589 0.657873868942261 0.653584241867065 0.656223773956299 0.661582708358765 0.665524959564209 0.664910316467285 0.656057834625244 0.644237220287323 0.640906453132629 0.648746967315674 0.662120342254639 0.669859826564789 0.66802841424942 0.672187328338623 0.666451156139374
0.678686201572418 0.690796971321106 0.675819993019104 0.657453954219818 0.659667372703552 0.66575562953949 0.668697357177734 0.654380559921265 0.638423144817352 0.636662244796753 0.642098069190979 0.643968105316162 0.637319147586823 0.635351300239563 0.62427282333374 0.621958434581757 0.641670942306519 0.655211746692657 0.652102768421173 0.64872145652771 0.656132996082306 0.655348479747772 0.649357616901398 0.653121292591095 0.664713561534882 0.657916367053986 0.643293559551239 0.646623373031616 0.653392195701599 0.660225689411163 0.660517156124115 0.658322811126709 0.659582018852234 0.65412700176239 0.643612682819366 0.639495730400085 0.638496100902557 0.641608417034149 0.647054135799408 0.650209546089172 0.654410898685455 0.658797323703766 0.656151831150055 0.656437277793884 0.659599304199219 0.6639124751091 0.650593221187592
0.693688929080963 0.699645698070526 0.681892931461334 0.666483104228973 0.665770530700684 0.664057850837708 0.665715456008911 0.667847514152527 0.663125455379486 0.661454498767853 0.654720425605774 0.638988375663757 0.63173508644104 0.657075107097626 0.655167102813721 0.646687984466553 0.659807324409485 0.66032487154007 0.652540564537048 0.651896476745605 0.663623452186584 0.665542721748352 0.659040331840515 0.660530388355255 0.669980943202972 0.666972577571869 0.657471418380737 0.663715422153473 0.664620816707611 0.663129508495331 0.654096305370331 0.642952919006348 0.640056371688843 0.6400146484375 0.630069196224213 0.622746229171753 0.619968354701996 0.624552190303802 0.635532259941101 0.643052041530609 0.658034026622772 0.67110276222229 0.669760823249817 0.666118264198303 0.660366833209991 0.655083298683167 0.665389955043793
0.700643658638 0.697357773780823 0.685067713260651 0.681758642196655 0.687691152095795 0.686866044998169 0.678657531738281 0.680076479911804 0.678188443183899 0.67093414068222 0.666867554187775 0.651739895343781 0.644908487796783 0.664329588413239 0.653931498527527 0.644960820674896 0.654322922229767 0.652530789375305 0.644338488578796 0.646348893642426 0.660107910633087 0.663029611110687 0.659130036830902 0.65076208114624 0.646575570106506 0.643577098846436 0.647115647792816 0.656315505504608 0.659757137298584 0.665020823478699 0.65584659576416 0.636781275272369 0.624636471271515 0.619536340236664 0.611239433288574 0.591025829315186 0.589994668960571 0.61306494474411 0.636183321475983 0.64048832654953 0.653720676898956 0.672774136066437 0.68502277135849 0.691281855106354 0.691632986068726 0.685240626335144 0.693385362625122
0.69664740562439 0.694504857063293 0.68944901227951 0.686655044555664 0.692546486854553 0.696260035037994 0.68895149230957 0.683392465114594 0.670767605304718 0.658180117607117 0.656842768192291 0.653172612190247 0.653604686260223 0.64947247505188 0.627903282642365 0.624893605709076 0.630357205867767 0.626727342605591 0.627177953720093 0.63971221446991 0.649433493614197 0.644890904426575 0.643190085887909 0.634608447551727 0.630349457263947 0.632637143135071 0.643795609474182 0.651277184486389 0.656781733036041 0.672601819038391 0.675380527973175 0.649458050727844 0.623400866985321 0.59666895866394 0.580087304115295 0.574297547340393 0.583833992481232 0.609922230243683 0.633075833320618 0.642009258270264 0.656556963920593 0.668973445892334 0.670291483402252 0.670307576656342 0.67483651638031 0.679550528526306 0.675605177879333
0.693498075008392 0.694665789604187 0.686443984508514 0.677880883216858 0.679623186588287 0.68758636713028 0.689351201057434 0.683224141597748 0.678354561328888 0.664249300956726 0.652643740177155 0.650705993175507 0.645842552185059 0.628261685371399 0.598650515079498 0.591985523700714 0.586757481098175 0.592593252658844 0.609233140945435 0.636020064353943 0.648911654949188 0.647011995315552 0.650073349475861 0.645642340183258 0.643680036067963 0.65371698141098 0.672806739807129 0.68377286195755 0.681377649307251 0.683293879032135 0.673621773719788 0.6409912109375 0.602939665317535 0.576605916023254 0.565116822719574 0.572131752967834 0.57501631975174 0.586384057998657 0.594713151454926 0.592427730560303 0.590241014957428 0.586717784404755 0.566803753376007 0.55547022819519 0.567304670810699 0.601011276245117 0.621203362941742
0.682765543460846 0.678707003593445 0.674077033996582 0.672658681869507 0.672683358192444 0.670944452285767 0.67583167552948 0.67919784784317 0.683471262454987 0.678040266036987 0.660872757434845 0.64501416683197 0.623114287853241 0.600663483142853 0.589387059211731 0.59166419506073 0.579044699668884 0.579587340354919 0.604949831962585 0.639006972312927 0.65092796087265 0.643942654132843 0.643082976341248 0.645320475101471 0.647542715072632 0.653520703315735 0.663547515869141 0.669727981090546 0.656247138977051 0.630641758441925 0.610536456108093 0.576550126075745 0.528490841388702 0.505974173545837 0.493916541337967 0.509413480758667 0.521097242832184 0.520353615283966 0.50059175491333 0.47875639796257 0.467292904853821 0.464709788560867 0.45486968755722 0.420563489198685 0.398866564035416 0.39896547794342 0.433111160993576
