data/1_raw/trimmed_ndre/Od_ndre.617.2015_no_clouds.asc
NCOLS 144 
NROWS 65 
XLLCORNER 512965 
YLLCORNER 5150865 
CELLSIZE 5 
NODATA_value -3.4e+38 
[rows 42 to 62 of 65, columns 47 to 93 of 144]
0.554296970367432 0.553235054016113 0.560598373413086 0.567844688892365 0.551443219184875 0.537834107875824 0.53592175245285 0.546920716762543 0.546608328819275 0.543375372886658 0.545428216457367 0.533424496650696 0.499924033880234 0.458413571119308 0.446588128805161 0.44796347618103 0.449125677347183 0.444087654352188 0.469120502471924 0.510753929615021 0.551435232162476 0.555618524551392 0.545416474342346 0.535736382007599 0.54106879234314 0.550047338008881 0.551264405250549 0.53062379360199 0.510154545307159 0.501727879047394 0.507674515247345 0.517421245574951 0.519808053970337 0.513120949268341 0.500336945056915 0.496502786874771 0.49987518787384 0.509584248065948 0.529313743114471 0.556731045246124 0.583145797252655 0.59067839384079 0.592160701751709 0.594222187995911 0.605657637119293 0.613904118537903 0.612531185150146
0.555728733539581 0.562021732330322 0.572922766208649 0.583155870437622 0.578747034072876 0.575320839881897 0.571971237659454 0.57049685716629 0.566859722137451 0.570770859718323 0.575581669807434 0.568481504917145 0.547186076641083 0.515761971473694 0.491047531366348 0.486216425895691 0.487963616847992 0.491724163293839 0.510177493095398 0.537558078765869 0.568557918071747 0.588937282562256 0.591342687606812 0.580658912658691 0.570639073848724 0.578203558921814 0.57858818769455 0.56650847196579 0.554574191570282 0.552332520484924 0.555491805076599 0.558729708194733 0.560253024101257 0.551160454750061 0.534370064735413 0.52806282043457 0.529634058475494 0.538776874542236 0.555100739002228 0.578958690166473 0.598332822322845 0.603924632072449 0.608117163181305 0.613550543785095 0.621814370155334 0.630202353000641 0.628419518470764
0.557913541793823 0.564166367053986 0.568739295005798 0.568910360336304 0.563903510570526 0.561464011669159 0.562455654144287 0.565011024475098 0.567172586917877 0.580466687679291 0.583120346069336 0.565962553024292 0.558686792850494 0.549866318702698 0.53667277097702 0.523404240608215 0.525812804698944 0.533923804759979 0.545096635818481 0.553735673427582 0.562756478786469 0.573734104633331 0.587928652763367 0.586604118347168 0.575572609901428 0.575217366218567 0.576199173927307 0.577457547187805 0.580289542675018 0.578665733337402 0.571995556354523 0.566824793815613 0.570334494113922 0.562818050384521 0.553583562374115 0.554584205150604 0.557106494903564 0.562228679656982 0.571587562561035 0.58781886100769 0.596765339374542 0.596728920936584 0.596571922302246 0.598107814788818 0.605572700500488 0.619129478931427 0.623390793800354
0.564276933670044 0.566445529460907 0.567259609699249 0.56552529335022 0.563524842262268 0.562856376171112 0.559148490428925 0.557175278663635 0.559191107749939 0.574830174446106 0.577632904052734 0.573411047458649 0.578399002552032 0.579058945178986 0.572295546531677 0.559033453464508 0.564473807811737 0.567649781703949 0.568650245666504 0.568462193012238 0.57378077507019 0.576742768287659 0.580271661281586 0.579710602760315 0.575459957122803 0.571187674999237 0.580254018306732 0.592113494873047 0.598890542984009 0.591441929340363 0.572693407535553 0.562828660011292 0.570720493793488 0.572809875011444 0.577973067760468 0.58558988571167 0.583073735237122 0.580737113952637 0.581402063369751 0.588216841220856 0.589714229106903 0.590450644493103 0.59415191411972 0.595980107784271 0.598690271377563 0.604532837867737 0.606856882572174
0.575755536556244 0.574682652950287 0.572546422481537 0.5692098736763 0.571286499500275 0.574190855026245 0.566955327987671 0.560544550418854 0.563449263572693 0.582714378833771 0.581803143024445 0.579483568668365 0.585645437240601 0.596169888973236 0.596072673797607 0.592862069606781 0.596331477165222 0.586773276329041 0.575980424880981 0.56920975446701 0.574787974357605 0.579995334148407 0.579943060874939 0.577536940574646 0.576100766658783 0.575528502464294 0.5795658826828 0.589262664318085 0.600750148296356 0.600727140903473 0.584173798561096 0.583607971668243 0.5953688621521 0.598005175590515 0.601018190383911 0.604339718818665 0.598820626735687 0.592375934123993 0.588674426078796 0.590221285820007 0.59007602930069 0.591567635536194 0.596333384513855 0.603385150432587 0.605825483798981 0.603757858276367 0.598139762878418
0.591466963291168 0.586195051670074 0.578333675861359 0.574321269989014 0.581516623497009 0.587198138237 0.581966161727905 0.575602054595947 0.578481137752533 0.588979005813599 0.582813680171967 0.58179497718811 0.58692991733551 0.60379946231842 0.6050164103508 0.603086948394775 0.600743651390076 0.586676001548767 0.574170291423798 0.562523305416107 0.555027425289154 0.55620402097702 0.564536154270172 0.574593365192413 0.574322760105133 0.575005054473877 0.576421916484833 0.576390087604523 0.593766093254089 0.611260712146759 0.603995323181152 0.590185821056366 0.591991782188416 0.606112718582153 0.609005808830261 0.606156706809998 0.599454343318939 0.590965747833252 0.585594296455383 0.584573268890381 0.584355711936951 0.586283087730408 0.593225061893463 0.605469465255737 0.609758734703064 0.601641714572906 0.588345587253571
0.611534237861633 0.60031920671463 0.586827158927917 0.579865872859955 0.587190449237823 0.595119476318359 0.597037851810455 0.592685461044312 0.597276628017426 0.598650336265564 0.587248682975769 0.58938729763031 0.595870435237885 0.602353274822235 0.597322523593903 0.598665416240692 0.595801413059235 0.580366015434265 0.570833504199982 0.562899827957153 0.554047763347626 0.546051800251007 0.55370157957077 0.570380568504333 0.5774085521698 0.578022658824921 0.579739570617676 0.581665873527527 0.594890117645264 0.601429224014282 0.593971729278564 0.579251766204834 0.580737829208374 0.599385678768158 0.602083623409271 0.599250495433807 0.592830240726471 0.584002673625946 0.575506925582886 0.572869837284088 0.574672639369965 0.571821570396423 0.575165629386902 0.58473789691925 0.590662956237793 0.585247457027435 0.57733815908432
0.618971288204193 0.610831499099731 0.59767210483551 0.588050544261932 0.589533507823944 0.596471309661865 0.60149210691452 0.60137414932251 0.610123217105865 0.610407054424286 0.601827442646027 0.600457191467285 0.600562214851379 0.599719703197479 0.593097150325775 0.594352781772614 0.590559661388397 0.576062917709351 0.566175222396851 0.564246594905853 0.564033210277557 0.555886328220367 0.558859288692474 0.571629285812378 0.58757483959198 0.58706521987915 0.577385127544403 0.570127189159393 0.586570918560028 0.593880116939545 0.586101770401001 0.572483956813812 0.581019759178162 0.598652541637421 0.601291716098785 0.595673263072968 0.586990714073181 0.57775354385376 0.566476821899414 0.56375253200531 0.570024371147156 0.564964950084686 0.57537180185318 0.585080504417419 0.578714549541473 0.57265830039978 0.569172739982605
0.607130467891693 0.606600999832153 0.597109138965607 0.587457716464996 0.583591222763062 0.586990892887115 0.593040704727173 0.597870051860809 0.606268346309662 0.600986123085022 0.592090725898743 0.589239597320557 0.588629603385925 0.590091586112976 0.591450393199921 0.593800067901611 0.587470829486847 0.57726925611496 0.572670340538025 0.569750785827637 0.571039438247681 0.571273803710938 0.574999809265137 0.575683951377869 0.577859044075012 0.585192203521729 0.582183599472046 0.574607849121094 0.58105742931366 0.59185117483139 0.592840850353241 0.575246810913086 0.574727296829224 0.585471034049988 0.594741821289062 0.586137533187866 0.578502416610718 0.573266804218292 0.567121505737305 0.568178534507751 0.569736480712891 0.561971127986908 0.575515747070312 0.582582592964172 0.571676969528198 0.568864345550537 0.565532565116882
0.58965140581131 0.594375908374786 0.589631855487823 0.583770036697388 0.57807719707489 0.574251770973206 0.577762544155121 0.586583971977234 0.596570730209351 0.587620198726654 0.580927729606628 0.578343331813812 0.573578596115112 0.575190544128418 0.582347929477692 0.594064116477966 0.588995337486267 0.579337775707245 0.57492333650589 0.570489704608917 0.56939685344696 0.574519336223602 0.585582613945007 0.572506248950958 0.561226785182953 0.579272329807281 0.591048657894135 0.587416589260101 0.575484573841095 0.57409930229187 0.574914574623108 0.569954395294189 0.565548121929169 0.566823601722717 0.573226690292358 0.566363334655762 0.564905405044556 0.565348982810974 0.56303483247757 0.56515896320343 0.561348736286163 0.552978873252869 0.566141426563263 0.569444537162781 0.561629891395569 0.556436717510223 0.555869400501251
0.596690237522125 0.590011537075043 0.582299590110779 0.581566214561462 0.582493901252747 0.583220958709717 0.584732472896576 0.588055849075317 0.591107428073883 0.581353187561035 0.579580068588257 0.579870104789734 0.574267446994781 0.575988531112671 0.583584249019623 0.594995439052582 0.586560666561127 0.575201630592346 0.568252384662628 0.566409885883331 0.559877038002014 0.558048367500305 0.570927023887634 0.565546810626984 0.557814419269562 0.571415364742279 0.591793656349182 0.590291142463684 0.567042112350464 0.550521433353424 0.554777860641479 0.563259363174438 0.558550775051117 0.545349895954132 0.539437174797058 0.542602062225342 0.550135552883148 0.556409657001495 0.558549582958221 0.558379828929901 0.54969334602356 0.541661858558655 0.552103161811829 0.559615314006805 0.560852289199829 0.556680619716644 0.552486777305603
0.607116281986237 0.595506310462952 0.581471085548401 0.581426978111267 0.589300036430359 0.598995506763458 0.604345142841339 0.603116452693939 0.59626305103302 0.585269391536713 0.587328433990479 0.589322865009308 0.586590886116028 0.589946210384369 0.59242570400238 0.593036353588104 0.579197704792023 0.564720094203949 0.557258725166321 0.56278532743454 0.563509404659271 0.561469674110413 0.563996076583862 0.566835165023804 0.563819348812103 0.559326767921448 0.560231685638428 0.560025632381439 0.55638974905014 0.553247153759003 0.554329633712769 0.558801591396332 0.554878413677216 0.533628284931183 0.525553941726685 0.536075115203857 0.546707570552826 0.554978549480438 0.557916283607483 0.553557097911835 0.545190989971161 0.546711266040802 0.561334311962128 0.567603290081024 0.565963089466095 0.559310853481293 0.551177024841309
0.614776909351349 0.611359417438507 0.599592924118042 0.59222424030304 0.596032857894897 0.60440331697464 0.611814260482788 0.617794156074524 0.60734361410141 0.588943183422089 0.587712228298187 0.5943843126297 0.59937572479248 0.600372791290283 0.595908880233765 0.587000608444214 0.57196456193924 0.558327317237854 0.557290256023407 0.570208847522736 0.584087550640106 0.581789374351501 0.571973621845245 0.567431688308716 0.563706159591675 0.558002531528473 0.553621232509613 0.550603687763214 0.558037877082825 0.571884751319885 0.565663278102875 0.553751051425934 0.545056164264679 0.548571228981018 0.544772148132324 0.546596467494965 0.553786814212799 0.560819804668427 0.562289834022522 0.557239949703217 0.547741949558258 0.552008211612701 0.565762877464294 0.573639512062073 0.567305207252502 0.557630479335785 0.549892842769623
0.611173808574677 0.607859909534454 0.599286496639252 0.592300713062286 0.592846870422363 0.592233121395111 0.593505859375 0.609329998493195 0.602793097496033 0.588763296604156 0.584651172161102 0.590543866157532 0.595671415328979 0.592064380645752 0.585592746734619 0.583801090717316 0.582825005054474 0.567154884338379 0.568063020706177 0.579200327396393 0.593475580215454 0.599385738372803 0.582340776920319 0.552261233329773 0.554746448993683 0.566980063915253 0.572918832302094 0.559430241584778 0.564529001712799 0.578580439090729 0.571306526660919 0.55255913734436 0.546854138374329 0.567292928695679 0.562146067619324 0.558748006820679 0.562636971473694 0.568073570728302 0.564985334873199 0.557957947254181 0.552720129489899 0.556621134281158 0.565205454826355 0.571592390537262 0.559958279132843 0.551485359668732 0.548792123794556
0.58426833152771 0.582077205181122 0.580187737941742 0.578845858573914 0.577953636646271 0.572265684604645 0.574476420879364 0.591575562953949 0.585365951061249 0.575304388999939 0.570017755031586 0.572322905063629 0.566682994365692 0.557658195495605 0.556527554988861 0.561411738395691 0.568240702152252 0.565744698047638 0.575465500354767 0.572073101997375 0.556191563606262 0.569791316986084 0.572872936725616 0.55661141872406 0.544096887111664 0.56488972902298 0.586572885513306 0.570293843746185 0.561288058757782 0.565862238407135 0.575216591358185 0.559555530548096 0.554614543914795 0.568190395832062 0.562388181686401 0.55573832988739 0.554126024246216 0.558657228946686 0.557641983032227 0.55537611246109 0.554873406887054 0.555814445018768 0.559974014759064 0.561580717563629 0.551711142063141 0.548288583755493 -3.4e+38
0.558011472225189 0.551310658454895 0.552694320678711 0.555227041244507 0.556372046470642 0.55262279510498 0.558693051338196 0.570072114467621 0.56221878528595 0.552066445350647 0.545477271080017 0.549162149429321 0.540984869003296 0.535915315151215 0.540621042251587 0.541735947132111 0.545402944087982 0.552745223045349 0.56921112537384 0.563671767711639 0.549814641475677 0.556941866874695 0.565037727355957 0.560106515884399 0.534588277339935 0.539098680019379 0.550104796886444 0.55393123626709 0.55678915977478 0.559213101863861 0.566148281097412 0.562343120574951 0.55371618270874 0.548386514186859 0.547696650028229 0.539847671985626 0.537834048271179 0.543171048164368 0.548493206501007 0.552002608776093 0.550938487052917 0.543040215969086 -3.4e+38 -3.4e+38 -3.4e+38 -3.4e+38 -3.4e+38
0.542338609695435 0.536136150360107 0.54184365272522 0.54384171962738 0.542721390724182 0.54012256860733 0.547871232032776 0.551779925823212 0.542548000812531 0.536832392215729 0.533138692378998 0.533307433128357 0.528855621814728 0.53131628036499 0.537851572036743 0.535301566123962 0.533392429351807 0.53681468963623 0.549925088882446 0.547305226325989 0.544467270374298 0.549987614154816 0.555991470813751 0.559962570667267 0.558121204376221 0.561696529388428 0.552104830741882 0.545774102210999 0.553336918354034 0.553753256797791 0.551392197608948 0.552578330039978 0.55363142490387 0.55587100982666 0.555239975452423 -3.4e+38 -3.4e+38 -3.4e+38 -3.4e+38 -3.4e+38 -3.4e+38 -3.4e+38 -3.4e+38 -3.4e+38 -3.4e+38 -3.4e+38 -3.4e+38
0.528308928012848 0.523836672306061 0.532280921936035 0.535035133361816 0.533563435077667 0.532060921192169 0.541679561138153 0.542194247245789 0.535068154335022 0.53675502538681 0.533615112304688 0.529865205287933 0.528505504131317 0.536692261695862 0.542989194393158 0.541585624217987 0.541746735572815 0.538193643093109 0.537331759929657 0.539811134338379 0.543876111507416 0.547953128814697 0.547674894332886 0.55730277299881 0.566620886325836 0.571113348007202 0.552307784557343 0.543553650379181 -3.4e+38 -3.4e+38 -3.4e+38 -3.4e+38 -3.4e+38 -3.4e+38 -3.4e+38 -3.4e+38 -3.4e+38 -3.4e+38 -3.4e+38 -3.4e+38 -3.4e+38 -3.4e+38 -3.4e+38 -3.4e+38 -3.4e+38 -3.4e+38 -3.4e+38
0.524984896183014 0.522045791149139 0.528074622154236 0.529719531536102 0.526575803756714 0.524010479450226 0.531291007995605 0.533310532569885 0.536123812198639 0.544758319854736 0.539129376411438 0.532471239566803 0.530796229839325 0.541819453239441 0.550524175167084 0.553676307201385 0.554660737514496 -3.4e+38 -3.4e+38 -3.4e+38 -3.4e+38 -3.4e+38 -3.4e+38 -3.4e+38 -3.4e+38 -3.4e+38 -3.4e+38 -3.4e+38 -3.4e+38 -3.4e+38 -3.4e+38 -3.4e+38 -3.4e+38 -3.4e+38 -3.4e+38 -3.4e+38 -3.4e+38 -3.4e+38 -3.4e+38 -3.4e+38 -3.4e+38 -3.4e+38 -3.4e+38 -3.4e+38 -3.4e+38 -3.4e+38 -3.4e+38
0.535705029964447 0.53196382522583 0.53166264295578 0.528598725795746 0.522875308990479 0.523115515708923 -3.4e+38 -3.4e+38 -3.4e+38 -3.4e+38 -3.4e+38 -3.4e+38 -3.4e+38 -3.4e+38 -3.4e+38 -3.4e+38 -3.4e+38 -3.4e+38 -3.4e+38 -3.4e+38 -3.4e+38 -3.4e+38 -3.4e+38 -3.4e+38 -3.4e+38 -3.4e+38 -3.4e+38 -3.4e+38 -3.4e+38 -3.4e+38 -3.4e+38 -3.4e+38 -3.4e+38 -3.4e+38 -3.4e+38 -3.4e+38 -3.4e+38 -3.4e+38 -3.4e+38 -3.4e+38 -3.4e+38 -3.4e+38 -3.4e+38 -3.4e+38 -3.4e+38 -3.4e+38 -3.4e+38
0.545736789703369 0.546970546245575 -3.4e+38 -3.4e+38 -3.4e+38 -3.4e+38 -3.4e+38 -3.4e+38 -3.4e+38 -3.4e+38 -3.4e+38 -3.4e+38 -3.4e+38 -3.4e+38 -3.4e+38 -3.4e+38 -3.4e+38 -3.4e+38 -3.4e+38 -3.4e+38 -3.4e+38 -3.4e+38 -3.4e+38 -3.4e+38 -3.4e+38 -3.4e+38 -3.4e+38 -3.4e+38 -3.4e+38 -3.4e+38 -3.4e+38 -3.4e+38 -3.4e+38 -3.4e+38 -3.4e+38 -3.4e+38 -3.4e+38 -3.4e+38 -3.4e+38 -3.4e+38 -3.4e+38 -3.4e+38 -3.4e+38 -3.4e+38 -3.4e+38 -3.4e+38 -3.4e+38
