data/1_raw/trimmed_ndre/Od_ndre.77.2014_no_clouds.asc
NCOLS 144 
NROWS 65 
XLLCORNER 512965 
YLLCORNER 5150865 
CELLSIZE 5 
NODATA_value -3.4e+38 
[rows 42 to 62 of 65, columns 0 to 46 of 144]
-3.4e+38 -3.4e+38 -3.4e+38 -3.4e+38 -3.4e+38 -3.4e+38 -3.4e+38 -3.4e+38 -3.4e+38 -3.4e+38 -3.4e+38 -3.4e+38 -3.4e+38 -3.4e+38 -3.4e+38 -3.4e+38 -3.4e+38 -3.4e+38 -3.4e+38 -3.4e+38 -3.4e+38 0.456977665424347 0.442433267831802 0.439281404018402 0.43509429693222 0.421569854021072 0.403753072023392 0.393081188201904 0.384054899215698 0.375347197055817 0.367165565490723 0.370234310626984 0.371555477380753 0.394952327013016 0.443574219942093 0.480787068605423 0.498019397258759 0.501150369644165 0.497573614120483 0.4974285364151 0.506209015846252 0.505782127380371 0.501010656356812 0.500664353370667 0.503294348716736 0.505037248134613 0.514182090759277
-3.4e+38 -3.4e+38 -3.4e+38 -3.4e+38 -3.4e+38 -3.4e+38 -3.4e+38 -3.4e+38 -3.4e+38 -3.4e+38 -3.4e+38 -3.4e+38 -3.4e+38 -3.4e+38 -3.4e+38 -3.4e+38 -3.4e+38 -3.4e+38 -3.4e+38 0.465190589427948 0.459602504968643 0.462675034999847 0.46469658613205 0.452560037374496 0.44008481502533 0.438490658998489 0.443273156881332 0.440637797117233 0.420120388269424 0.402034848928452 0.383899599313736 0.384720832109451 0.408300250768661 0.430267333984375 0.462484121322632 0.492731899023056 0.50686126947403 0.50507640838623 0.501577913761139 0.50374311208725 0.507270216941833 0.497688144445419 0.493578106164932 0.496832430362701 0.495423048734665 0.49398609995842 0.508210480213165
-3.4e+38 -3.4e+38 -3.4e+38 -3.4e+38 -3.4e+38 -3.4e+38 -3.4e+38 -3.4e+38 -3.4e+38 -3.4e+38 -3.4e+38 -3.4e+38 -3.4e+38 -3.4e+38 -3.4e+38 -3.4e+38 -3.4e+38 -3.4e+38 0.473411858081818 0.47724974155426 0.463003158569336 0.468975305557251 0.481539696455002 0.463768690824509 0.449418097734451 0.452878326177597 0.464469969272614 0.460909634828568 0.439717620611191 0.420671254396439 0.399253606796265 0.406192690134048 0.437425494194031 0.459153205156326 0.48292949795723 0.505686521530151 0.510988533496857 0.505967199802399 0.505892634391785 0.512358605861664 0.508282482624054 0.490114867687225 0.487040221691132 0.491917580366135 0.484536528587341 0.484776675701141 0.499275863170624
-3.4e+38 -3.4e+38 -3.4e+38 -3.4e+38 -3.4e+38 -3.4e+38 -3.4e+38 -3.4e+38 -3.4e+38 -3.4e+38 -3.4e+38 -3.4e+38 -3.4e+38 -3.4e+38 -3.4e+38 -3.4e+38 -3.4e+38 0.457251757383347 0.46512907743454 0.470096945762634 0.459713846445084 0.466107696294785 0.481852471828461 0.469162493944168 0.46040952205658 0.460733652114868 0.462202608585358 0.456785082817078 0.444735020399094 0.425554215908051 0.409324437379837 0.411672651767731 0.431339293718338 0.451352953910828 0.467920869588852 0.487124264240265 0.494844138622284 0.484670430421829 0.478624999523163 0.489998698234558 0.499295622110367 0.489579170942307 0.479984939098358 0.486480385065079 0.478861480951309 0.478395253419876 0.491785317659378
-3.4e+38 -3.4e+38 -3.4e+38 -3.4e+38 -3.4e+38 -3.4e+38 -3.4e+38 -3.4e+38 -3.4e+38 -3.4e+38 -3.4e+38 -3.4e+38 -3.4e+38 -3.4e+38 -3.4e+38 -3.4e+38 0.448266953229904 0.45138218998909 0.457115322351456 0.457617580890656 0.449995189905167 0.456389904022217 0.472054690122604 0.471493184566498 0.472029536962509 0.471351772546768 0.464423567056656 0.456360429525375 0.443022638559341 0.4268659055233 0.403150349855423 0.390968978404999 0.402724057435989 0.416150212287903 0.428063184022903 0.444917947053909 0.464832007884979 0.464255213737488 0.455451339483261 0.457491815090179 0.471107184886932 0.48084819316864 0.475389063358307 0.477679580450058 0.467095106840134 0.467892557382584 0.485469341278076
-3.4e+38 -3.4e+38 -3.4e+38 -3.4e+38 -3.4e+38 -3.4e+38 -3.4e+38 -3.4e+38 -3.4e+38 -3.4e+38 -3.4e+38 -3.4e+38 -3.4e+38 -3.4e+38 -3.4e+38 0.449292719364166 0.443248718976974 0.446081727743149 0.450548321008682 0.446339398622513 0.442313373088837 0.45350307226181 0.464371562004089 0.469885528087616 0.475886166095734 0.476439446210861 0.473743855953217 0.465034604072571 0.45086133480072 0.434841185808182 0.422128587961197 0.412585914134979 0.412129074335098 0.416562736034393 0.426646202802658 0.441334068775177 0.45590952038765 0.460747480392456 0.459503889083862 0.453386574983597 0.447263032197952 0.455302715301514 0.469271183013916 0.483257830142975 0.478092908859253 0.475127577781677 0.483521521091461
-3.4e+38 -3.4e+38 -3.4e+38 -3.4e+38 -3.4e+38 -3.4e+38 -3.4e+38 -3.4e+38 -3.4e+38 -3.4e+38 -3.4e+38 -3.4e+38 -3.4e+38 -3.4e+38 0.442390918731689 0.439318031072617 0.437835991382599 0.444210559129715 0.449914485216141 0.446851789951324 0.439314156770706 0.447250097990036 0.461290568113327 0.471691191196442 0.475062668323517 0.477715730667114 0.477685898542404 0.470657557249069 0.45811340212822 0.449840694665909 0.449992507696152 0.451544463634491 0.455704063177109 0.460013747215271 0.458246171474457 0.464894562959671 0.474897623062134 0.476206570863724 0.472880393266678 0.47576117515564 0.478874772787094 0.480304688215256 0.493634223937988 0.499043852090836 0.494858145713806 0.49713408946991 0.502257466316223
-3.4e+38 -3.4e+38 -3.4e+38 -3.4e+38 -3.4e+38 -3.4e+38 -3.4e+38 -3.4e+38 -3.4e+38 -3.4e+38 -3.4e+38 -3.4e+38 -3.4e+38 0.450210362672806 0.440274804830551 0.435126781463623 0.438125282526016 0.442773908376694 0.445045948028564 0.443080633878708 0.445870906114578 0.45444643497467 0.468372285366058 0.482261002063751 0.483081728219986 0.48817640542984 0.483718782663345 0.472633868455887 0.464825689792633 0.468015402555466 0.467304170131683 0.463002413511276 0.474552363157272 0.483716607093811 0.480427175760269 0.478778094053268 0.487402498722076 0.499147087335587 0.501928448677063 0.505085051059723 0.512486815452576 0.504516661167145 0.504208862781525 0.503777146339417 0.502274394035339 0.512661874294281 0.516704797744751
-3.4e+38 -3.4e+38 -3.4e+38 -3.4e+38 -3.4e+38 -3.4e+38 -3.4e+38 -3.4e+38 -3.4e+38 -3.4e+38 -3.4e+38 -3.4e+38 0.46165943145752 0.449916332960129 0.444896847009659 0.441765338182449 0.442198723554611 0.44684237241745 0.451821178197861 0.453947156667709 0.459289908409119 0.46919921040535 0.47819596529007 0.493658095598221 0.499884158372879 0.496199399232864 0.489203006029129 0.476880252361298 0.473212659358978 0.477679580450058 0.476959198713303 0.476213008165359 0.488602936267853 0.495888561010361 0.488576591014862 0.485958129167557 0.492368966341019 0.503394365310669 0.506753504276276 0.505891740322113 0.504855990409851 0.498581945896149 0.498712211847305 0.503665447235107 0.50466114282608 0.510542750358582 0.508911192417145
-3.4e+38 -3.4e+38 -3.4e+38 -3.4e+38 -3.4e+38 -3.4e+38 -3.4e+38 -3.4e+38 -3.4e+38 -3.4e+38 -3.4e+38 0.471251457929611 0.457714378833771 0.449482172727585 0.449560642242432 0.450462579727173 0.452126771211624 0.457365274429321 0.467020452022552 0.466914564371109 0.466920763254166 0.480817705392838 0.496722042560577 0.498895138502121 0.499471962451935 0.496957778930664 0.490668684244156 0.482165694236755 0.482838958501816 0.487291783094406 0.479586392641068 0.480651795864105 0.493426918983459 0.49981415271759 0.496527522802353 0.497817188501358 0.506742477416992 0.507061064243317 0.498012751340866 0.489468365907669 0.485485255718231 0.488266974687576 0.485837548971176 0.481903791427612 0.482113718986511 0.487343907356262 0.48279219865799
-3.4e+38 -3.4e+38 -3.4e+38 -3.4e+38 -3.4e+38 -3.4e+38 -3.4e+38 -3.4e+38 -3.4e+38 -3.4e+38 0.473475009202957 0.477030605077744 0.466049790382385 0.456302732229233 0.453233659267426 0.455792903900146 0.457793414592743 0.461234271526337 0.476969122886658 0.474761575460434 0.467451483011246 0.479617804288864 0.495359778404236 0.494479954242706 0.490911036729813 0.489228099584579 0.484244048595428 0.483754009008408 0.486724734306335 0.489127963781357 0.476821839809418 0.480068296194077 0.492229342460632 0.496526449918747 0.498379021883011 0.502429962158203 0.507998168468475 0.502780854701996 0.486903637647629 0.470646470785141 0.461159229278564 0.45667976140976 0.45269963145256 0.450577408075333 0.453624844551086 0.459286689758301 0.45420777797699
-3.4e+38 -3.4e+38 -3.4e+38 -3.4e+38 -3.4e+38 -3.4e+38 -3.4e+38 -3.4e+38 -3.4e+38 0.440402179956436 0.459809124469757 0.471780329942703 0.472807228565216 0.468947440385818 0.462883472442627 0.468302696943283 0.471536844968796 0.467836201190948 0.476652294397354 0.483191043138504 0.479798376560211 0.47979399561882 0.488172978162766 0.492310911417007 0.489607572555542 0.488474935293198 0.487957388162613 0.48695495724678 0.487356215715408 0.490351557731628 0.484301775693893 0.49169996380806 0.498817920684814 0.495708227157593 0.488007694482803 0.484999865293503 0.486199021339417 0.48710310459137 0.478677093982697 0.457102537155151 0.427443355321884 0.425593018531799 0.433929681777954 0.445515900850296 0.461294502019882 0.464060753583908 0.459837943315506
-3.4e+38 -3.4e+38 -3.4e+38 -3.4e+38 -3.4e+38 -3.4e+38 -3.4e+38 -3.4e+38 0.445192217826843 0.432685047388077 0.447403520345688 0.458955675363541 0.465323895215988 0.465452492237091 0.45982825756073 0.468402534723282 0.482103317975998 0.482477307319641 0.474323570728302 0.475431978702545 0.484951198101044 0.487628579139709 0.488734662532806 0.489889889955521 0.491172134876251 0.505222678184509 0.504182636737823 0.491639673709869 0.488231927156448 0.495272189378738 0.492901355028152 0.484088450670242 0.47753718495369 0.479493498802185 0.468184471130371 0.464655727148056 0.464630216360092 0.460841208696365 0.457398653030396 0.439907282590866 0.419789701700211 0.430637985467911 0.430933356285095 0.427812844514847 0.447626620531082 0.4588423371315 0.464324921369553
-3.4e+38 -3.4e+38 -3.4e+38 -3.4e+38 -3.4e+38 -3.4e+38 -3.4e+38 0.421609312295914 0.447750777006149 0.450480371713638 0.452575951814651 0.459634006023407 0.47080472111702 0.465841442346573 0.455380350351334 0.457415133714676 0.467714130878448 0.479161769151688 0.476245641708374 0.467815190553665 0.483200669288635 0.494996309280396 0.496773421764374 0.503337740898132 0.503172814846039 0.506657719612122 0.505271255970001 0.49139329791069 0.482039391994476 0.481857597827911 0.468624740839005 0.440291941165924 0.430566430091858 0.447242021560669 0.447822481393814 0.444805681705475 0.44283738732338 0.438287615776062 0.440133929252625 0.441029608249664 0.432537317276001 0.439380705356598 0.436271190643311 0.432085961103439 0.438478767871857 0.434759646654129 0.438088446855545
-3.4e+38 -3.4e+38 -3.4e+38 -3.4e+38 -3.4e+38 -3.4e+38 0.412648290395737 0.432914584875107 0.462104976177216 0.466466873884201 0.462558418512344 0.462019354104996 0.473528623580933 0.476242005825043 0.472160905599594 0.473182737827301 0.474009394645691 0.480154782533646 0.481209397315979 0.477104693651199 0.485675305128098 0.495634973049164 0.502260744571686 0.507303714752197 0.491048693656921 0.473867207765579 0.48377400636673 0.469714194536209 0.453441202640533 0.459911197423935 0.441962420940399 0.415386825799942 0.419079124927521 0.43703904747963 0.439970821142197 0.439821004867554 0.438915073871613 0.438338458538055 0.443915903568268 0.449338883161545 0.441199451684952 0.443112909793854 0.444640308618546 0.445772767066956 0.442257434129715 0.431534558534622 0.434772044420242
-3.4e+38 -3.4e+38 -3.4e+38 -3.4e+38 -3.4e+38 0.429539322853088 0.433420121669769 0.448103398084641 0.468047380447388 0.471805781126022 0.462780117988586 0.458162784576416 0.468197554349899 0.48150897026062 0.488933175802231 0.48715814948082 0.479790240526199 0.473819404840469 0.482636749744415 0.487109988927841 0.474298298358917 0.46415051817894 0.472994089126587 0.479888528585434 0.46736615896225 0.445211589336395 0.441828161478043 0.433987468481064 0.420794099569321 0.435228377580643 0.429557174444199 0.413965582847595 0.416584700345993 0.423409163951874 0.430489182472229 0.440952122211456 0.451261192560196 0.452946782112122 0.454364359378815 0.450094908475876 0.447471678256989 0.453457593917847 0.450486540794373 0.448893487453461 0.439439803361893 0.436542123556137 0.447522670030594
-3.4e+38 -3.4e+38 -3.4e+38 -3.4e+38 0.447567611932755 0.446607440710068 0.446247220039368 0.45098876953125 0.465442508459091 0.467107594013214 0.453344255685806 0.451148301362991 0.455299764871597 0.465633809566498 0.485951751470566 0.487436413764954 0.470425009727478 0.460503429174423 0.477999567985535 0.476462453603745 0.444901287555695 0.41994634270668 0.42130708694458 0.431954205036163 0.439038753509521 0.418271064758301 0.412623703479767 0.411247104406357 0.403221905231476 0.410257935523987 0.412378817796707 0.409051030874252 0.411080241203308 0.413818269968033 0.416844367980957 0.439160704612732 0.462380439043045 0.469022870063782 0.466827571392059 0.455126821994781 0.451972007751465 0.45766270160675 0.459228813648224 0.459012627601624 0.445927858352661 0.44897672533989 0.463778227567673
-3.4e+38 -3.4e+38 -3.4e+38 0.444193184375763 0.449744701385498 0.444916903972626 0.442184329032898 0.451545029878616 0.468041867017746 0.474372863769531 0.463922172784805 0.45435693860054 0.442529708147049 0.442183971405029 0.469108611345291 0.480329513549805 0.460959404706955 0.443549454212189 0.446231603622437 0.438723832368851 0.421300709247589 0.409247040748596 0.414059996604919 0.415298730134964 0.410872489213943 0.403123795986176 0.403448134660721 0.410963237285614 0.423812210559845 0.421733528375626 0.418312579393387 0.424630790948868 0.432760745286942 0.432882577180862 0.428192228078842 0.445743501186371 0.470286279916763 0.480446249246597 0.484614640474319 0.473424524068832 0.458060264587402 0.45377317070961 0.461865037679672 0.471472322940826 0.469333589076996 0.464569091796875 0.467661201953888
-3.4e+38 -3.4e+38 0.434291779994965 0.418642580509186 0.418836861848831 0.428595155477524 0.440350472927094 0.451237201690674 0.463586121797562 0.475829094648361 0.479785114526749 0.464777857065201 0.439102530479431 0.432134658098221 0.455787777900696 0.466958820819855 0.447995245456696 0.419497907161713 0.408223420381546 0.406503915786743 0.403666406869888 0.39853373169899 0.392875492572784 0.395739555358887 0.396748691797256 0.40343976020813 0.411615788936615 0.416845232248306 0.438758671283722 0.446400761604309 0.442194283008575 0.446226388216019 0.456254214048386 0.457958281040192 0.453556954860687 0.460082530975342 0.469038844108582 0.47854420542717 0.483941942453384 0.483386367559433 0.480608940124512 0.47200670838356 0.46410870552063 0.469417750835419 0.473025381565094 0.464474678039551 0.463435888290405
-3.4e+38 0.453078001737595 0.435940802097321 0.427312225103378 0.415855973958969 0.428781479597092 0.447420835494995 0.445603787899017 0.450891584157944 0.466637343168259 0.486557453870773 0.479690790176392 0.45045605301857 0.442035436630249 0.454811185598373 0.454270720481873 0.429243475198746 0.405435115098953 0.396504163742065 0.390237629413605 0.39638340473175 0.394629925489426 0.378230035305023 0.38888218998909 0.409123718738556 0.416019678115845 0.429914832115173 0.438222914934158 0.453401267528534 0.46001410484314 0.453696995973587 0.452783286571503 0.456240117549896 0.46359857916832 0.468714982271194 0.463356554508209 0.466254204511642 0.473580211400986 0.47458678483963 0.473616629838943 0.474992334842682 0.469960749149323 0.458002269268036 0.454208612442017 0.450146466493607 0.44896936416626 0.452019512653351
0.438481092453003 0.454432994127274 0.439410954713821 0.443649679422379 0.447042882442474 0.436219304800034 0.455477714538574 0.459200948476791 0.444835335016251 0.450813204050064 0.474686563014984 0.479409217834473 0.461100727319717 0.46525102853775 0.47513547539711 0.45854926109314 0.431947380304337 0.426275938749313 0.420846521854401 0.419300049543381 0.424036860466003 0.413953542709351 0.406655162572861 0.411911696195602 0.428784400224686 0.438551604747772 0.447240054607391 0.45462840795517 0.455594301223755 0.453237116336823 0.44824206829071 0.444575279951096 0.447725057601929 0.456960827112198 0.464533567428589 0.458513736724854 0.457027107477188 0.46403107047081 0.474738776683807 0.475599437952042 0.476905941963196 0.470568865537643 0.460484176874161 0.460220515727997 0.457551419734955 0.459409773349762 0.468125849962234
