data/1_raw/trimmed_ndre/Od_ndre.615.2012_no_clouds.asc
NCOLS 144 
NROWS 65 
XLLCORNER 512965 
YLLCORNER 5150865 
CELLSIZE 5 
NODATA_value -3.4e+38 
[rows 42 to 62 of 65, columns 47 to 93 of 144]
0.632364869117737 0.626422166824341 0.616609930992126 0.619333505630493 0.629987955093384 0.627699851989746 0.623268008232117 0.624245762825012 0.622089862823486 0.621671557426453 0.617578566074371 0.604619681835175 0.595468461513519 0.596989750862122 0.594726502895355 0.572006106376648 0.550464510917664 0.549969673156738 0.545507609844208 0.525587737560272 0.504096746444702 0.501866102218628 0.500073730945587 0.496457636356354 0.491414368152618 0.485389918088913 0.476431369781494 0.467828005552292 0.452029019594193 0.434295862913132 0.420675307512283 0.416135400533676 0.4155493080616 0.419637829065323 0.435791730880737 0.441748052835464 0.442340940237045 0.462566703557968 0.473165184259415 0.468938261270523 0.452485352754593 0.431605637073517 0.420728474855423 0.419269382953644 0.419757783412933 0.40849307179451 0.393802911043167
0.616028070449829 0.61016321182251 0.603025436401367 0.610690653324127 0.625923454761505 0.636140644550323 0.631891012191772 0.626382291316986 0.627291858196259 0.628078401088715 0.628239929676056 0.626552224159241 0.616355061531067 0.605426013469696 0.590306341648102 0.558822810649872 0.5095294713974 0.474718689918518 0.472990572452545 0.462284326553345 0.447212934494019 0.447313845157623 0.464372187852859 0.493664532899857 0.499722272157669 0.491825610399246 0.479774326086044 0.475891143083572 0.474850445985794 0.468464285135269 0.4648517370224 0.482317090034485 0.500898003578186 0.521660566329956 0.537109613418579 0.530925095081329 0.514172077178955 0.519707560539246 0.509289383888245 0.49192476272583 0.481437802314758 0.47887060046196 0.487194031476974 0.490433543920517 0.483299762010574 0.468957930803299 0.448496043682098
0.565017461776733 0.59179025888443 0.59974068403244 0.604556918144226 0.598934590816498 0.611366510391235 0.625776767730713 0.620439291000366 0.619356036186218 0.624382793903351 0.623900413513184 0.615841925144196 0.596162438392639 0.581450462341309 0.56648588180542 0.537472307682037 0.493105411529541 0.462177217006683 0.480701327323914 0.503823041915894 0.526877522468567 0.529071629047394 0.531157195568085 0.551654279232025 0.565140902996063 0.563684463500977 0.556260228157043 0.550333440303802 0.556091785430908 0.552204489707947 0.556837141513824 0.568034052848816 0.578474104404449 0.583932518959045 0.57519519329071 0.555814683437347 0.537391841411591 0.525449872016907 0.488112807273865 0.452648162841797 0.450639575719833 0.445610702037811 0.461383581161499 0.478820979595184 0.483613550662994 0.458253622055054 0.440460562705994
0.573343634605408 0.60123884677887 0.614915788173676 0.616505086421967 0.606505334377289 0.616103649139404 0.621858954429626 0.609808266162872 0.610534846782684 0.621047496795654 0.623162984848022 0.608227252960205 0.582807540893555 0.564785540103912 0.558143973350525 0.549838364124298 0.555924952030182 0.557788729667664 0.561057031154633 0.56278270483017 0.570813000202179 0.571069478988647 0.561260044574738 0.562351167201996 0.563567996025085 0.571067273616791 0.578425347805023 0.582458674907684 0.589544951915741 0.591613829135895 0.589087724685669 0.587761044502258 0.590337872505188 0.587001025676727 0.569880664348602 0.552801609039307 0.534132122993469 0.507685601711273 0.485685974359512 0.470446228981018 0.462977439165115 0.450728952884674 0.453941285610199 0.459852904081345 0.459934443235397 0.442832142114639 0.436923712491989
0.62702614068985 0.621885061264038 0.624515354633331 0.620519995689392 0.610292315483093 0.615305006504059 0.612859070301056 0.607407927513123 0.615218997001648 0.620181918144226 0.615733921527863 0.595817387104034 0.577042818069458 0.571984589099884 0.570971310138702 0.570163607597351 0.576856553554535 0.579416632652283 0.574044466018677 0.564377427101135 0.554788410663605 0.530577182769775 0.514022350311279 0.511459708213806 0.51213526725769 0.521789848804474 0.539191007614136 0.546396970748901 0.555634558200836 0.559939205646515 0.559796452522278 0.565154492855072 0.573720872402191 0.57663631439209 0.570286929607391 0.561997771263123 0.551763653755188 0.538685858249664 0.528176844120026 0.513420522212982 0.51025778055191 0.507304489612579 0.486515730619431 0.466896742582321 0.465073853731155 0.464488923549652 0.470885336399078
0.633200109004974 0.620912551879883 0.62175852060318 0.610639631748199 0.59988534450531 0.605308592319489 0.608636736869812 0.610340297222137 0.611714124679565 0.606529533863068 0.599694430828094 0.58136260509491 0.57565176486969 0.5873202085495 0.587444067001343 0.574752032756805 0.560873746871948 0.558701395988464 0.538694560527802 0.520089268684387 0.518899321556091 0.506103932857513 0.487406700849533 0.478218495845795 0.477430939674377 0.483745008707047 0.491082727909088 0.498845368623734 0.514982342720032 0.527670383453369 0.5326127409935 0.539177894592285 0.553692519664764 0.565106093883514 0.565658926963806 0.563682317733765 0.557154715061188 0.552248179912567 0.551558911800385 0.532976567745209 0.519676208496094 0.518674433231354 0.502252101898193 0.476472139358521 0.481455624103546 0.506890058517456 0.525738954544067
0.622946441173553 0.616822838783264 0.612099289894104 0.598661303520203 0.593695938587189 0.598684310913086 0.599229574203491 0.596361339092255 0.586243271827698 0.575724005699158 0.572494924068451 0.565455079078674 0.570512235164642 0.578132748603821 0.570706963539124 0.55391925573349 0.533171236515045 0.531657516956329 0.511611640453339 0.491033643484116 0.484728366136551 0.481931239366531 0.473205178976059 0.47147336602211 0.480222523212433 0.490066170692444 0.488859742879868 0.481169641017914 0.486561149358749 0.494088113307953 0.50247460603714 0.512527644634247 0.537543118000031 0.544420123100281 0.540748119354248 0.548585653305054 0.544915199279785 0.539879143238068 0.536116778850555 0.518552124500275 0.493384301662445 0.487399488687515 0.493887573480606 0.499915719032288 0.512986302375793 0.53434807062149 0.548324286937714
0.567601025104523 0.573981404304504 0.571848332881927 0.568203449249268 0.560450613498688 0.554850101470947 0.55019474029541 0.551158487796783 0.541915893554688 0.539297640323639 0.537667393684387 0.53535920381546 0.536313533782959 0.532003343105316 0.516750812530518 0.511482119560242 0.505584001541138 0.505306661128998 0.489966958761215 0.47111564874649 0.467909753322601 0.472905784845352 0.474538177251816 0.482303977012634 0.489692002534866 0.495774745941162 0.492243349552155 0.477261453866959 0.469559371471405 0.458383232355118 0.464443892240524 0.482424229383469 0.500329434871674 0.505640625953674 0.506182014942169 0.513524770736694 0.505485057830811 0.508032917976379 0.508376181125641 0.497211515903473 0.490781128406525 0.488660156726837 0.498026758432388 0.512289226055145 0.516072928905487 0.517163455486298 0.520968079566956
0.485733389854431 0.49675452709198 0.500672698020935 0.493368059396744 0.497849106788635 0.493234395980835 0.486940890550613 0.496790707111359 0.510285139083862 0.508683443069458 0.499627768993378 0.49494868516922 0.496463447809219 0.484422862529755 0.47161853313446 0.475985616445541 0.478586256504059 0.476376473903656 0.469350397586823 0.460799753665924 0.468691200017929 0.4813072681427 0.485800117254257 0.495990097522736 0.493655264377594 0.488743931055069 0.491580188274384 0.483362853527069 0.466677308082581 0.449242174625397 0.448648273944855 0.461140215396881 0.473158717155457 0.478699713945389 0.484753549098969 0.478969097137451 0.464620977640152 0.467035859823227 0.472012162208557 0.476779669523239 0.487797170877457 0.499271243810654 0.510390639305115 0.511661767959595 0.498349279165268 0.491766005754471 0.495167642831802
0.463251769542694 0.470195949077606 0.482892602682114 0.488843351602554 0.486647307872772 0.479325175285339 0.474592328071594 0.482956916093826 0.497813552618027 0.494410306215286 0.48387137055397 0.485842406749725 0.488790273666382 0.487599045038223 0.473922580480576 0.465242594480515 0.467292666435242 0.471682012081146 0.468432873487473 0.463401526212692 0.4751196205616 0.486796617507935 0.490359902381897 0.504519283771515 0.497677713632584 0.486448973417282 0.492199540138245 0.489575505256653 0.47196438908577 0.456360876560211 0.456927925348282 0.466304659843445 0.482183009386063 0.490070104598999 0.496727615594864 0.492976993322372 0.48000368475914 0.483284801244736 0.480824500322342 0.495653033256531 0.517767786979675 0.526103258132935 0.534868657588959 0.534207284450531 0.518546760082245 0.51417338848114 0.517402946949005
0.476087659597397 0.478000432252884 0.500804245471954 0.516745209693909 0.505882799625397 0.500453531742096 0.502374053001404 0.502876877784729 0.501818835735321 0.491444051265717 0.490748465061188 0.497978955507278 0.500533223152161 0.502201437950134 0.492381364107132 0.48094654083252 0.496907532215118 0.500575542449951 0.484968781471252 0.470387905836105 0.471404880285263 0.473847895860672 0.483113348484039 0.50225418806076 0.496947944164276 0.491266220808029 0.49606665968895 0.491682976484299 0.484722077846527 0.484772980213165 0.49286812543869 0.501702129840851 0.513114809989929 0.515253603458405 0.518137872219086 0.523675680160522 0.519643127918243 0.516856372356415 0.512633681297302 0.527553558349609 0.552307665348053 0.561444818973541 0.566457152366638 0.55889481306076 0.547424495220184 0.547800302505493 0.547444820404053
0.477148205041885 0.480348378419876 0.499350816011429 0.518237829208374 0.514266014099121 0.507313191890717 0.516156911849976 0.520475149154663 0.513643860816956 0.500087022781372 0.499376654624939 0.504050433635712 0.504688501358032 0.505975484848022 0.505422830581665 0.50851833820343 0.519861459732056 0.517433345317841 0.499743849039078 0.483341366052628 0.476405382156372 0.46972981095314 0.477170526981354 0.49247419834137 0.48797681927681 0.496558219194412 0.507752239704132 0.509149253368378 0.511353611946106 0.520420908927917 0.529227733612061 0.533868372440338 0.530749559402466 0.527700662612915 0.531485199928284 0.546088874340057 0.543629050254822 0.535065174102783 0.537206411361694 0.545375645160675 0.557515382766724 0.566053807735443 0.572401344776154 0.567547380924225 0.560849368572235 0.559798419475555 0.557094514369965
0.477778315544128 0.473201930522919 0.47508704662323 0.504402160644531 0.518073856830597 0.511838793754578 0.516756892204285 0.522817075252533 0.517490148544312 0.507771611213684 0.504129767417908 0.505267322063446 0.50328254699707 0.500701785087585 0.507434368133545 0.512961804866791 0.513158023357391 0.513315856456757 0.518896579742432 0.520425021648407 0.514917612075806 0.501486480236053 0.494101196527481 0.493381798267365 0.488437324762344 0.503239989280701 0.522380232810974 0.529023408889771 0.532775819301605 0.537650585174561 0.540826499462128 0.543747544288635 0.530994176864624 0.519961476325989 0.527199149131775 0.540466845035553 0.54827892780304 0.544224858283997 0.543882846832275 0.547844648361206 0.553007423877716 0.554186999797821 0.557909905910492 0.559105455875397 0.562779903411865 0.565012991428375 0.561948955059052
0.486420214176178 0.483772605657578 0.481050729751587 0.497732996940613 0.50800484418869 0.500414371490479 0.506939768791199 0.523638129234314 0.518311262130737 0.500746071338654 0.499098420143127 0.499012500047684 0.496172547340393 0.49560609459877 0.509028673171997 0.509414792060852 0.511732876300812 0.523547470569611 0.534309506416321 0.534733235836029 0.529295206069946 0.524419128894806 0.522728145122528 0.519038558006287 0.51678854227066 0.520828485488892 0.529460608959198 0.536473631858826 0.539492011070251 0.53978818655014 0.546938955783844 0.543484270572662 0.519565999507904 0.506299257278442 0.515730023384094 0.527917146682739 0.548824727535248 0.562101542949677 0.557838499546051 0.556581795215607 0.552395820617676 0.548393666744232 0.550015389919281 0.553663790225983 0.564404726028442 0.56812858581543 0.561576008796692
0.472078651189804 0.471359342336655 0.483168214559555 0.49969545006752 0.493385195732117 0.481175571680069 0.487776607275009 0.503892421722412 0.500586628913879 0.494090378284454 0.495366245508194 0.49279573559761 0.48460865020752 0.489636272192001 0.511481404304504 0.515472412109375 0.519913077354431 0.533310770988464 0.538029372692108 0.521953642368317 0.508288979530334 0.514669716358185 0.521115839481354 0.523318707942963 0.523782312870026 0.526074349880219 0.527978658676147 0.536825060844421 0.5398930311203 0.52110755443573 0.523246943950653 0.533886253833771 0.5207839012146 0.522887825965881 0.526971280574799 0.534950077533722 0.543415546417236 0.553652405738831 0.55506557226181 0.555566966533661 0.549793779850006 0.537897944450378 0.533071279525757 0.535614430904388 0.544736981391907 0.550561249256134 -3.4e+38
0.471965044736862 0.467882245779037 0.495035111904144 0.51996260881424 0.510461926460266 0.503050684928894 0.506195843219757 0.512178182601929 0.509009957313538 0.504782438278198 0.511446416378021 0.516967594623566 0.514285981655121 0.519531786441803 0.534522533416748 0.534494936466217 0.535177171230316 0.541346788406372 0.544660925865173 0.53951758146286 0.526973783969879 0.52411013841629 0.531100690364838 0.530419528484344 0.525019466876984 0.527095794677734 0.533830344676971 0.544337511062622 0.549070298671722 0.532084345817566 0.531721889972687 0.547551035881042 0.547706305980682 0.561720550060272 0.554867684841156 0.549984693527222 0.556354701519012 0.559802949428558 0.560131192207336 0.556832432746887 0.552651941776276 0.542298495769501 -3.4e+38 -3.4e+38 -3.4e+38 -3.4e+38 -3.4e+38
0.507554888725281 0.509565353393555 0.517454624176025 0.535795748233795 0.537421822547913 0.543639957904816 0.549446880817413 0.550331711769104 0.54180645942688 0.532683551311493 0.537003934383392 0.545455396175385 0.546859502792358 0.553686380386353 0.558049559593201 0.556100368499756 0.554624915122986 0.562466621398926 0.568203926086426 0.565662205219269 0.560938358306885 0.557817995548248 0.558239042758942 0.554908633232117 0.538005352020264 0.530002176761627 0.540879428386688 0.551155149936676 0.565432369709015 0.567683279514313 0.562950849533081 0.568813741207123 0.569046974182129 0.571806728839874 0.559065997600555 -3.4e+38 -3.4e+38 -3.4e+38 -3.4e+38 -3.4e+38 -3.4e+38 -3.4e+38 -3.4e+38 -3.4e+38 -3.4e+38 -3.4e+38 -3.4e+38
0.524013698101044 0.532424867153168 0.534324169158936 0.541548013687134 0.553857445716858 0.565301835536957 0.569702327251434 0.561179518699646 0.551032900810242 0.547819077968597 0.556071102619171 0.563200771808624 0.564681351184845 0.56810063123703 0.570154130458832 0.570675671100616 0.570579409599304 0.565883576869965 0.57014387845993 0.572953701019287 0.576050162315369 0.57601535320282 0.570816278457642 0.565391004085541 0.549496829509735 0.546517133712769 0.557074248790741 0.554578423500061 -3.4e+38 -3.4e+38 -3.4e+38 -3.4e+38 -3.4e+38 -3.4e+38 -3.4e+38 -3.4e+38 -3.4e+38 -3.4e+38 -3.4e+38 -3.4e+38 -3.4e+38 -3.4e+38 -3.4e+38 -3.4e+38 -3.4e+38 -3.4e+38 -3.4e+38
0.534464776515961 0.539856851100922 0.544905960559845 0.546386778354645 0.555887222290039 0.564662754535675 0.568058431148529 0.56306254863739 0.561336994171143 0.570124745368958 0.576747059822083 0.57331782579422 0.574856579303741 0.592490673065186 0.601988136768341 0.595244526863098 0.579994082450867 -3.4e+38 -3.4e+38 -3.4e+38 -3.4e+38 -3.4e+38 -3.4e+38 -3.4e+38 -3.4e+38 -3.4e+38 -3.4e+38 -3.4e+38 -3.4e+38 -3.4e+38 -3.4e+38 -3.4e+38 -3.4e+38 -3.4e+38 -3.4e+38 -3.4e+38 -3.4e+38 -3.4e+38 -3.4e+38 -3.4e+38 -3.4e+38 -3.4e+38 -3.4e+38 -3.4e+38 -3.4e+38 -3.4e+38 -3.4e+38
0.562098860740662 0.560954511165619 0.564630448818207 0.563481509685516 0.568080246448517 0.570444285869598 -3.4e+38 -3.4e+38 -3.4e+38 -3.4e+38 -3.4e+38 -3.4e+38 -3.4e+38 -3.4e+38 -3.4e+38 -3.4e+38 -3.4e+38 -3.4e+38 -3.4e+38 -3.4e+38 -3.4e+38 -3.4e+38 -3.4e+38 -3.4e+38 -3.4e+38 -3.4e+38 -3.4e+38 -3.4e+38 -3.4e+38 -3.4e+38 -3.4e+38 -3.4e+38 -3.4e+38 -3.4e+38 -3.4e+38 -3.4e+38 -3.4e+38 -3.4e+38 -3.4e+38 -3.4e+38 -3.4e+38 -3.4e+38 -3.4e+38 -3.4e+38 -3.4e+38 -3.4e+38 -3.4e+38
0.569780886173248 0.567271530628204 -3.4e+38 -3.4e+38 -3.4e+38 -3.4e+38 -3.4e+38 -3.4e+38 -3.4e+38 -3.4e+38 -3.4e+38 -3.4e+38 -3.4e+38 -3.4e+38 -3.4e+38 -3.4e+38 -3.4e+38 -3.4e+38 -3.4e+38 -3.4e+38 -3.4e+38 -3.4e+38 -3.4e+38 -3.4e+38 -3.4e+38 -3.4e+38 -3.4e+38 -3.4e+38 -3.4e+38 -3.4e+38 -3.4e+38 -3.4e+38 -3.4e+38 -3.4e+38 -3.4e+38 -3.4e+38 -3.4e+38 -3.4e+38 -3.4e+38 -3.4e+38 -3.4e+38 -3.4e+38 -3.4e+38 -3.4e+38 -3.4e+38 -3.4e+38 -3.4e+38
