data/1_raw/trimmed_ndre/Od_ndre.710.2012.asc
NCOLS 144 
NROWS 65 
XLLCORNER 512965 
YLLCORNER 5150865 
CELLSIZE 5 
NODATA_value -3.4e+38 
[rows 21 to 41 of 65, columns 94 to 140 of 144]
0.428297072649002 0.435600697994232 0.441179484128952 0.431064605712891 0.423604398965836 0.439294755458832 0.45489963889122 0.465608537197113 0.466194689273834 0.449630886316299 0.415936172008514 0.380603820085526 0.367784827947617 0.378974437713623 0.389706462621689 0.428681790828705 0.472563236951828 0.480857700109482 0.488617211580276 0.493462920188904 0.500836789608002 0.507697880268097 0.498888492584229 0.483192831277847 0.465912967920303 0.447782665491104 0.443383574485779 0.41072291135788 0.419448673725128 0.478125602006912 0.504799425601959 0.520216166973114 0.540496528148651 0.560703456401825 0.567506432533264 -3.4e+38 -3.4e+38 -3.4e+38 -3.4e+38 -3.4e+38 -3.4e+38 -3.4e+38 -3.4e+38 -3.4e+38 -3.4e+38 -3.4e+38 -3.4e+38
0.433763533830643 0.440897941589355 0.450650185346603 0.451869189739227 0.456839740276337 0.472849488258362 0.474165618419647 0.473223298788071 0.45980367064476 0.434803932905197 0.400024473667145 0.361296564340591 0.354238420724869 0.375649303197861 0.387419611215591 0.434382736682892 0.480766236782074 0.500716149806976 0.516876041889191 0.528883814811707 0.539362251758575 0.543622672557831 0.534645318984985 0.523884475231171 0.507531940937042 0.491894215345383 0.470137983560562 0.421043753623962 0.413943022489548 0.454360008239746 0.490313619375229 0.512171745300293 0.531388640403748 0.541876316070557 0.552453994750977 0.572114288806915 0.587111532688141 -3.4e+38 -3.4e+38 -3.4e+38 -3.4e+38 -3.4e+38 -3.4e+38 -3.4e+38 -3.4e+38 -3.4e+38 -3.4e+38
0.448750495910645 0.463504135608673 0.479439526796341 0.493895769119263 0.498436242341995 0.497227191925049 0.484670847654343 0.480309098958969 0.460086941719055 0.423202723264694 0.387051373720169 0.358578860759735 0.36060443520546 0.377122491598129 0.388957798480988 0.430700808763504 0.473693817853928 0.514678180217743 0.54388016462326 0.555001616477966 0.567633330821991 0.575111448764801 0.571774244308472 0.563007116317749 0.547865808010101 0.539340496063232 0.50404554605484 0.454309493303299 0.436857551336288 0.456311941146851 0.497191697359085 0.517717897891998 0.527331590652466 0.529111266136169 0.539768517017365 0.558843791484833 0.565552055835724 0.571887910366058 -3.4e+38 -3.4e+38 -3.4e+38 -3.4e+38 -3.4e+38 -3.4e+38 -3.4e+38 -3.4e+38 -3.4e+38
0.466769278049469 0.483246922492981 0.505868077278137 0.521315574645996 0.512892663478851 0.499761402606964 0.495648056268692 0.488083213567734 0.463836491107941 0.418467730283737 0.379914045333862 0.36407208442688 0.374854803085327 0.390702754259109 0.411360561847687 0.447911113500595 0.481861770153046 0.535000324249268 0.576807796955109 0.589187026023865 0.600461304187775 0.605541586875916 0.598523914813995 0.581364333629608 0.566590368747711 0.56377649307251 0.536332249641418 0.504042088985443 0.494813740253448 0.487838327884674 0.501802980899811 0.518793821334839 0.527281582355499 0.518292367458344 0.527599811553955 0.546753525733948 0.552403628826141 0.558377623558044 0.569491147994995 -3.4e+38 -3.4e+38 -3.4e+38 -3.4e+38 -3.4e+38 -3.4e+38 -3.4e+38 -3.4e+38
0.490207314491272 0.501069068908691 0.518044531345367 0.526488959789276 0.530177235603333 0.51552802324295 0.497993946075439 0.47812095284462 0.460806459188461 0.415625065565109 0.36471489071846 0.355833530426025 0.388646125793457 0.419776976108551 0.450564324855804 0.483693838119507 0.512784600257874 0.560344874858856 0.5993891954422 0.616209268569946 0.62508237361908 0.624998331069946 0.612931847572327 0.591937124729156 0.581476986408234 0.576923966407776 0.560791552066803 0.551412284374237 0.534977078437805 0.499089568853378 0.489067316055298 0.506102204322815 0.519072294235229 0.510862529277802 0.520125985145569 0.538164138793945 0.547704994678497 0.553245484828949 0.560516953468323 -3.4e+38 -3.4e+38 -3.4e+38 -3.4e+38 -3.4e+38 -3.4e+38 -3.4e+38 -3.4e+38
0.529050886631012 0.539330661296844 0.547107994556427 0.554197490215302 0.56327885389328 0.540658712387085 0.497528314590454 0.470392346382141 0.459630399942398 0.4279964864254 0.397381991147995 0.393352717161179 0.425279855728149 0.451248377561569 0.475518822669983 0.506577849388123 0.540051817893982 0.575966954231262 0.598735570907593 0.615517258644104 0.629254341125488 0.63233608007431 0.62466686964035 0.611921548843384 0.596467614173889 0.582260489463806 0.575688004493713 0.575580596923828 0.536652147769928 0.476114422082901 0.455030471086502 0.477782279253006 0.505797564983368 0.509616911411285 0.515986561775208 0.530707061290741 0.542905867099762 0.550695657730103 0.556799650192261 0.560929000377655 -3.4e+38 -3.4e+38 -3.4e+38 -3.4e+38 -3.4e+38 -3.4e+38 -3.4e+38
0.567777395248413 0.580691874027252 0.577636957168579 0.588111221790314 0.590102136135101 0.558251082897186 0.50928920507431 0.476433247327805 0.459336936473846 0.433491349220276 0.43627455830574 0.447870135307312 0.462684571743011 0.471837222576141 0.491086304187775 0.512740075588226 0.541159451007843 0.574202179908752 0.59234493970871 0.605051815509796 0.618458390235901 0.63059014081955 0.629282116889954 0.630746424198151 0.611863434314728 0.592659771442413 0.591966271400452 0.588821351528168 0.528309047222137 0.44420400261879 0.422984004020691 0.460147529840469 0.497566074132919 0.513472259044647 0.519817113876343 0.528200030326843 0.537233650684357 0.545871078968048 0.552992880344391 0.56076967716217 0.573678553104401 -3.4e+38 -3.4e+38 -3.4e+38 -3.4e+38 -3.4e+38 -3.4e+38
0.606383979320526 0.612190783023834 0.601240634918213 0.60405296087265 0.595096051692963 0.556568920612335 0.514600992202759 0.484788477420807 0.452436238527298 0.429589182138443 0.438125938177109 0.459573984146118 0.486614793539047 0.504233360290527 0.522222697734833 0.523247718811035 0.540408492088318 0.578927934169769 0.608948588371277 0.625528156757355 0.628212213516235 0.62987208366394 0.632989108562469 0.635727345943451 0.625752031803131 0.611970543861389 0.613228440284729 0.596816122531891 0.522327601909637 0.436954230070114 0.419974118471146 0.464409470558167 0.491912990808487 0.511296093463898 0.520419836044312 0.526633620262146 0.533603370189667 0.536315262317657 0.54129558801651 0.554589331150055 0.564871847629547 0.570501923561096 -3.4e+38 -3.4e+38 -3.4e+38 -3.4e+38 -3.4e+38
0.631893992424011 0.630864381790161 0.614834785461426 0.609185397624969 0.595734477043152 0.556776165962219 0.513507604598999 0.486142784357071 0.44594207406044 0.434829145669937 0.455615639686584 0.482012450695038 0.515436708927155 0.5446617603302 0.556211888790131 0.546501874923706 0.557035624980927 0.588310062885284 0.620270609855652 0.6374591588974 0.629521906375885 0.629421949386597 0.632692039012909 0.633042395114899 0.645286321640015 0.635472297668457 0.621271193027496 0.589677095413208 0.531247735023499 0.460358828306198 0.431982457637787 0.462141573429108 0.480934321880341 0.505661129951477 0.521912932395935 0.528054654598236 0.533688187599182 0.53416633605957 0.539327204227448 0.553883492946625 0.560537397861481 0.564095437526703 0.573104381561279 -3.4e+38 -3.4e+38 -3.4e+38 -3.4e+38
0.644126296043396 0.63606721162796 0.619618773460388 0.613218486309052 0.599978923797607 0.557862520217896 0.503985404968262 0.472377181053162 0.435536026954651 0.433765053749084 0.468534797430038 0.509441137313843 0.538044393062592 0.570795059204102 0.579009115695953 0.568224787712097 0.572066605091095 0.592692077159882 0.618752956390381 0.630653560161591 0.623685121536255 0.627735316753387 0.631797015666962 0.631441533565521 0.638069748878479 0.628925085067749 0.618564665317535 0.596674621105194 0.553246796131134 0.508311331272125 0.477187067270279 0.473277568817139 0.486094623804092 0.50602775812149 0.526644647121429 0.529651343822479 0.531446218490601 0.537856698036194 0.546148180961609 0.559068143367767 0.564319670200348 0.568064153194427 0.57366144657135 0.58381462097168 -3.4e+38 -3.4e+38 -3.4e+38
0.652420282363892 0.638397932052612 0.627210199832916 0.619394838809967 0.598666727542877 0.551403820514679 0.494351029396057 0.449798166751862 0.422226577997208 0.434092044830322 0.477013528347015 0.526070177555084 0.552275538444519 0.577493607997894 0.587858498096466 0.585799694061279 0.589961349964142 0.60140997171402 0.617245554924011 0.627279937267303 0.626963496208191 0.632850646972656 0.631325244903564 0.630545139312744 0.62805837392807 0.623690903186798 0.624359011650085 0.602585136890411 0.558365345001221 0.522432684898376 0.495496064424515 0.48781955242157 0.495199531316757 0.511764109134674 0.533468186855316 0.532106816768646 0.5335613489151 0.544219613075256 0.549447238445282 0.556389808654785 0.559550642967224 0.564387679100037 0.567836046218872 0.573380827903748 0.576622307300568 -3.4e+38 -3.4e+38
0.647476673126221 0.636320292949677 0.633804440498352 0.621293723583221 0.584785163402557 0.529226779937744 0.46702179312706 0.413261413574219 0.410532861948013 0.445941954851151 0.487387150526047 0.536080539226532 0.567319929599762 0.586464285850525 0.598770439624786 0.607563316822052 0.612877011299133 0.615896165370941 0.622582495212555 0.629315614700317 0.634809613227844 0.638472616672516 0.633763313293457 0.641680896282196 0.639421284198761 0.62923389673233 0.621104121208191 0.595913708209991 0.540775954723358 0.486825048923492 0.472333401441574 0.48775652050972 0.497857868671417 0.517167389392853 0.537135779857635 0.530981242656708 0.533680498600006 0.53967273235321 0.542409539222717 0.543876528739929 0.546214818954468 0.558883190155029 0.570441603660583 0.574429452419281 0.588592231273651 0.594718277454376 -3.4e+38
0.643538951873779 0.635832250118256 0.627463519573212 0.607187807559967 0.552487015724182 0.484585255384445 0.435680747032166 0.397973716259003 0.419490039348602 0.466604799032211 0.50481790304184 0.548194944858551 0.583810031414032 0.606528580188751 0.621300101280212 0.630085229873657 0.629348576068878 0.625231266021729 0.62910258769989 0.633917987346649 0.638212203979492 0.637299060821533 0.636521756649017 0.648088455200195 0.641635358333588 0.629408538341522 0.611276566982269 0.581993937492371 0.516532361507416 0.454794496297836 0.453520625829697 0.486964672803879 0.504779994487762 0.537455558776855 0.551232814788818 0.536328196525574 0.533945262432098 0.533818542957306 0.537943303585052 0.539749324321747 0.54169899225235 0.561795771121979 0.583795607089996 0.589988172054291 0.590251863002777 0.595428228378296 0.597100675106049
0.647876083850861 0.637332022190094 0.614856898784637 0.581512749195099 0.519755184650421 0.463495403528214 0.431807190179825 0.416021466255188 0.449758440256119 0.50064605474472 0.540995478630066 0.569928109645844 0.603746116161346 0.629204750061035 0.640074789524078 0.642890393733978 0.636214196681976 0.628974139690399 0.630990386009216 0.633711993694305 0.631796479225159 0.627233028411865 0.62136435508728 0.621241092681885 0.609854757785797 0.607639849185944 0.599329710006714 0.567671597003937 0.511299908161163 0.457691878080368 0.466223746538162 0.507177710533142 0.52924644947052 0.564970910549164 0.570197224617004 0.552478432655334 0.549638152122498 0.546065628528595 0.544619560241699 0.545022308826447 0.548584818840027 0.564239144325256 0.580909907817841 0.587436497211456 0.587203145027161 0.591965734958649 0.595778703689575
0.637424945831299 0.619652152061462 0.593349575996399 0.557886779308319 0.512829780578613 0.479295670986176 0.450486898422241 0.461072534322739 0.506798267364502 0.553030550479889 0.580977559089661 0.598103404045105 0.619709134101868 0.632604658603668 0.635888814926147 0.632363200187683 0.624244093894958 0.622862994670868 0.626401960849762 0.626702427864075 0.618276596069336 0.605678379535675 0.596545279026031 0.577239274978638 0.553634405136108 0.563265144824982 0.576887607574463 0.555521488189697 0.51445335149765 0.486584633588791 0.501322031021118 0.536966264247894 0.554689526557922 0.574892818927765 0.579423546791077 0.56966233253479 0.565085470676422 0.561787962913513 0.556965112686157 0.553502261638641 0.55866003036499 0.568034470081329 0.577219903469086 0.576116502285004 0.576477229595184 0.585045218467712 0.594435393810272
0.622873306274414 0.598777174949646 0.577401518821716 0.553522825241089 0.518148124217987 0.501845180988312 0.4999960064888 0.528283476829529 0.568095743656158 0.593887507915497 0.612487733364105 0.619936287403107 0.627473413944244 0.625160932540894 0.61447662115097 0.601033687591553 0.60144966840744 0.609371662139893 0.616517663002014 0.615629732608795 0.599311530590057 0.580654144287109 0.572515726089478 0.533035099506378 0.494785964488983 0.509516537189484 0.524506151676178 0.515819072723389 0.500391006469727 0.502209067344666 0.525236427783966 0.549526870250702 0.558489799499512 0.564698457717896 0.568245768547058 0.570230603218079 0.568999111652374 0.565412700176239 0.561115920543671 0.556959390640259 0.562320828437805 0.567301213741302 0.567107141017914 0.565385699272156 0.56942230463028 0.581778228282928 0.590834617614746
0.625697612762451 0.596105575561523 0.581467807292938 0.566515505313873 0.55075341463089 0.560733139514923 0.571625292301178 0.591330766677856 0.607800304889679 0.61800491809845 0.644905865192413 0.654111564159393 0.636877715587616 0.612146317958832 0.586762845516205 0.578823566436768 0.581616938114166 0.590608298778534 0.603835165500641 0.607362687587738 0.584354996681213 0.557130336761475 0.543217599391937 0.49344128370285 0.445150673389435 0.447020381689072 0.457041591405869 0.464550971984863 0.478921979665756 0.504107534885406 0.531044960021973 0.550257444381714 0.559308052062988 0.559044182300568 0.557599306106567 0.566411197185516 0.567473173141479 0.562353610992432 0.559564888477325 0.558171391487122 0.561480402946472 0.56262469291687 0.562836289405823 0.567892849445343 0.569262623786926 0.579159498214722 0.591410338878632
0.636323511600494 0.620481193065643 0.622177839279175 0.609259843826294 0.602761447429657 0.614863693714142 0.616954684257507 0.632507026195526 0.638146221637726 0.639721214771271 0.654760837554932 0.661401808261871 0.638426184654236 0.597814917564392 0.574059009552002 0.579977452754974 0.552032053470612 0.524467647075653 0.536635756492615 0.549923419952393 0.554592490196228 0.530118644237518 0.496396869421005 0.442838281393051 0.400619626045227 0.411354750394821 0.441178739070892 0.458988964557648 0.479245811700821 0.51522171497345 0.544168174266815 0.554926633834839 0.566398143768311 0.565049767494202 0.562866628170013 0.573208093643188 0.57305634021759 0.567746520042419 0.559991717338562 0.555869698524475 0.559144556522369 0.561995446681976 0.572316288948059 0.580754458904266 0.575949132442474 0.579062104225159 -3.4e+38
0.621436417102814 0.624118745326996 0.63684093952179 0.628267168998718 0.623072445392609 0.625286757946014 0.628198981285095 0.645971536636353 0.646720945835114 0.644593775272369 0.646927118301392 0.644022107124329 0.634097278118134 0.59488582611084 0.564436793327332 0.557859301567078 0.493070185184479 0.435668557882309 0.436906516551971 0.463057160377502 0.499900192022324 0.472112059593201 0.437948942184448 0.440581530332565 0.427436321973801 0.44219109416008 0.475440740585327 0.492250323295593 0.498571395874023 0.534226953983307 0.56073385477066 0.562556445598602 0.568310618400574 0.567744493484497 0.570574283599854 0.578510999679565 0.57649165391922 0.572664976119995 0.562596559524536 0.556837856769562 0.559651970863342 0.561092734336853 0.574581503868103 0.583777844905853 -3.4e+38 -3.4e+38 -3.4e+38
0.529539823532104 0.55329430103302 0.59091317653656 0.600741982460022 0.612011253833771 0.607584834098816 0.612445116043091 0.629473626613617 0.62535697221756 0.628614723682404 0.627698540687561 0.627002060413361 0.629484415054321 0.590888261795044 0.549411654472351 0.51363468170166 0.441609054803848 0.37982177734375 0.366497129201889 0.390197038650513 0.419391542673111 0.41430988907814 0.439138650894165 0.485513806343079 0.488038510084152 0.495550870895386 0.50627875328064 0.526765406131744 0.539994418621063 0.553072214126587 0.563907325267792 0.55867725610733 0.550300776958466 0.551919341087341 0.563461303710938 0.570738315582275 0.571634888648987 0.572877824306488 0.566498160362244 0.561215579509735 0.559791564941406 0.561989545822144 -3.4e+38 -3.4e+38 -3.4e+38 -3.4e+38 -3.4e+38
0.433378487825394 0.479759335517883 0.5381680727005 0.565139353275299 0.590840220451355 0.591001987457275 0.591239035129547 0.594488143920898 0.583756327629089 0.594300866127014 0.603127062320709 0.617057502269745 0.628479301929474 0.586505234241486 0.543925702571869 0.488008558750153 0.413007110357285 0.351415932178497 0.314279019832611 0.342645853757858 0.393258720636368 0.431982636451721 0.475645899772644 0.500882148742676 0.5101438164711 0.527600169181824 0.536673843860626 0.560881912708282 0.572529137134552 0.556510269641876 0.555037021636963 0.555266201496124 0.549809992313385 0.548840403556824 0.555263161659241 0.559398889541626 0.566546976566315 0.573513686656952 0.570312321186066 0.568648934364319 -3.4e+38 -3.4e+38 -3.4e+38 -3.4e+38 -3.4e+38 -3.4e+38 -3.4e+38
