data/1_raw/trimmed_ndre/Od_ndre.83.2011_no_clouds.asc
NCOLS 144 
NROWS 65 
XLLCORNER 512965 
YLLCORNER 5150865 
CELLSIZE 5 
NODATA_value -3.4e+38 
[rows 21 to 41 of 65, columns 94 to 140 of 144]
0.18145751953125 0.171214446425438 0.174432083964348 0.171578273177147 0.179842427372932 0.180660456418991 0.187968418002129 0.175121158361435 0.15898509323597 0.182772800326347 0.193719089031219 0.179278880357742 0.15828800201416 0.147344961762428 0.159507915377617 0.181020423769951 0.18516618013382 0.173357710242271 0.177471056580544 0.194002941250801 0.192795380949974 0.175747066736221 0.178083673119545 0.191137239336967 0.194749936461449 0.192435309290886 0.20381985604763 0.193362653255463 0.178447335958481 0.188835456967354 0.200285241007805 0.201863810420036 0.20657342672348 0.201790556311607 0.221552595496178 -3.4e+38 -3.4e+38 -3.4e+38 -3.4e+38 -3.4e+38 -3.4e+38 -3.4e+38 -3.4e+38 -3.4e+38 -3.4e+38 -3.4e+38 -3.4e+38
0.182822823524475 0.171061962842941 0.187001243233681 0.180057406425476 0.178287833929062 0.187350243330002 0.191036805510521 0.183350086212158 0.17170225083828 0.185775220394135 0.182536065578461 0.165498316287994 0.165287286043167 0.171535506844521 0.1673554033041 0.174296677112579 0.181145668029785 0.173337459564209 0.172132700681686 0.187834843993187 0.195322707295418 0.184138923883438 0.192974239587784 0.193768903613091 0.19552755355835 0.203052118420601 0.210380554199219 0.198063269257545 0.182457908987999 0.185511216521263 0.194636076688766 0.181500777602196 0.18715038895607 0.198406115174294 0.202242136001587 0.215616121888161 0.222834050655365 -3.4e+38 -3.4e+38 -3.4e+38 -3.4e+38 -3.4e+38 -3.4e+38 -3.4e+38 -3.4e+38 -3.4e+38 -3.4e+38
0.176841497421265 0.181233122944832 0.195037752389908 0.182460352778435 0.183339193463326 0.189212009310722 0.180082947015762 0.184361845254898 0.174789726734161 0.169363275170326 0.166636824607849 0.15436002612114 0.167198076844215 0.185837879776955 0.181950643658638 0.17752979695797 0.178668826818466 0.186672940850258 0.193355247378349 0.207727923989296 0.21389727294445 0.213275924324989 0.218268573284149 0.201618120074272 0.209069535136223 0.209832474589348 0.195754438638687 0.195047736167908 0.186382532119751 0.178889229893684 0.190365150570869 0.177146211266518 0.183928743004799 0.188841223716736 0.18942679464817 0.214257195591927 0.224682509899139 0.217087045311928 -3.4e+38 -3.4e+38 -3.4e+38 -3.4e+38 -3.4e+38 -3.4e+38 -3.4e+38 -3.4e+38 -3.4e+38
0.188591793179512 0.186695516109467 0.184009432792664 0.180273666977882 0.190358012914658 0.189669281244278 0.175779923796654 0.185219570994377 0.172030434012413 0.167397230863571 0.172868221998215 0.165573716163635 0.16513991355896 0.177634537220001 0.187332063913345 0.188504830002785 0.175977155566216 0.17088058590889 0.18636928498745 0.211449459195137 0.230202347040176 0.231478571891785 0.215367168188095 0.188985645771027 0.204835027456284 0.20394678413868 0.183427393436432 0.193867072463036 0.188069149851799 0.178957507014275 0.198500350117683 0.212400317192078 0.19959619641304 0.187530636787415 0.196847155690193 0.218760013580322 0.227986484766006 0.212694242596626 0.208819955587387 -3.4e+38 -3.4e+38 -3.4e+38 -3.4e+38 -3.4e+38 -3.4e+38 -3.4e+38 -3.4e+38
0.188417837023735 0.187156707048416 0.185409396886826 0.182837873697281 0.187753245234489 0.1891900151968 0.184052735567093 0.189417824149132 0.178249672055244 0.176533579826355 0.180025994777679 0.172040402889252 0.176183179020882 0.176928266882896 0.182432442903519 0.190218403935432 0.185455486178398 0.178702682256699 0.196118846535683 0.223152667284012 0.238672658801079 0.242415606975555 0.243066802620888 0.2326939702034 0.220746845006943 0.208597794175148 0.196044087409973 0.193330615758896 0.188119485974312 0.183367073535919 0.191463023424149 0.206213623285294 0.191728830337524 0.183353826403618 0.189681559801102 0.195601806044579 0.196328908205032 0.194976925849915 0.201313868165016 -3.4e+38 -3.4e+38 -3.4e+38 -3.4e+38 -3.4e+38 -3.4e+38 -3.4e+38 -3.4e+38
0.181132286787033 0.190642908215523 0.195510417222977 0.184812501072884 0.173834472894669 0.183824017643929 0.18237729370594 0.186526015400887 0.186872497200966 0.181067958474159 0.175038143992424 0.174843475222588 0.19024695456028 0.186699986457825 0.175271734595299 0.180324614048004 0.18800687789917 0.196963772177696 0.214767649769783 0.236996650695801 0.248433873057365 0.252871125936508 0.265049904584885 0.266932457685471 0.243457913398743 0.219595044851303 0.208055838942528 0.197970137000084 0.185589596629143 0.18185219168663 0.164346426725388 0.171286463737488 0.183555513620377 0.179553836584091 0.186829775571823 0.183167695999146 0.172675177454948 0.182789295911789 0.195415884256363 0.204578205943108 -3.4e+38 -3.4e+38 -3.4e+38 -3.4e+38 -3.4e+38 -3.4e+38 -3.4e+38
0.182638719677925 0.184954673051834 0.197782829403877 0.187429562211037 0.171154215931892 0.17799237370491 0.168099373579025 0.176279336214066 0.189007192850113 0.176138550043106 0.176395207643509 0.174214437603951 0.173581838607788 0.171893268823624 0.170807883143425 0.178482621908188 0.191742122173309 0.202855512499809 0.220425456762314 0.240709200501442 0.254396289587021 0.264477491378784 0.269445478916168 0.273651599884033 0.260621637105942 0.232659727334976 0.214366793632507 0.204488903284073 0.192490354180336 0.181100577116013 0.172335103154182 0.183782175183296 0.195979684591293 0.190646857023239 0.18608732521534 0.191719874739647 0.186707407236099 0.18699087202549 0.185331404209137 0.196771964430809 0.197462782263756 -3.4e+38 -3.4e+38 -3.4e+38 -3.4e+38 -3.4e+38 -3.4e+38
0.188021332025528 0.192694962024689 0.198034390807152 0.194511041045189 0.188715294003487 0.190814524888992 0.182990536093712 0.188537105917931 0.188365325331688 0.175250053405762 0.186612263321877 0.172289490699768 0.156241655349731 0.171594366431236 0.183484524488449 0.186163336038589 0.189564913511276 0.199679613113403 0.212619185447693 0.226796105504036 0.241722226142883 0.260723501443863 0.273585349321365 0.271055310964584 0.259683847427368 0.239786386489868 0.215189084410667 0.196816295385361 0.202477440237999 0.189499333500862 0.171479493379593 0.184081614017487 0.180304601788521 0.176760226488113 0.185644865036011 0.201334416866302 0.193606868386269 0.193818956613541 0.190026715397835 0.197721913456917 0.202126130461693 0.204457953572273 -3.4e+38 -3.4e+38 -3.4e+38 -3.4e+38 -3.4e+38
0.203541815280914 0.211789757013321 0.202585205435753 0.19905386865139 0.179688572883606 0.180148914456367 0.194687575101852 0.196698024868965 0.189412996172905 0.173734277486801 0.173351362347603 0.175539001822472 0.17204113304615 0.184448421001434 0.194008886814117 0.184805929660797 0.177965432405472 0.191466256976128 0.208570465445518 0.21642230451107 0.228301033377647 0.240398764610291 0.256935864686966 0.27209484577179 0.268826246261597 0.253219902515411 0.224914476275444 0.186736255884171 0.189776256680489 0.19939823448658 0.187728434801102 0.180849626660347 0.163168206810951 0.166455030441284 0.195890322327614 0.207822278141975 0.179150655865669 0.196469739079475 0.21049439907074 0.19315579533577 0.199312508106232 0.200394570827484 0.205807641148567 -3.4e+38 -3.4e+38 -3.4e+38 -3.4e+38
0.213000580668449 0.212007224559784 0.19692374765873 0.195835575461388 0.175431206822395 0.168619483709335 0.180028289556503 0.180830419063568 0.187691301107407 0.183086484670639 0.179557323455811 0.189254313707352 0.190768405795097 0.189601331949234 0.19516396522522 0.190343454480171 0.17825311422348 0.189445048570633 0.216810777783394 0.228246346116066 0.231257319450378 0.243205219507217 0.252719730138779 0.269279420375824 0.278622269630432 0.265846788883209 0.238744184374809 0.221656277775764 0.207642257213593 0.196930885314941 0.190688565373421 0.177214935421944 0.191704303026199 0.192614331841469 0.196298897266388 0.196681290864944 0.177952498197556 0.20285402238369 0.215388745069504 0.190801575779915 0.191962942481041 0.20516349375248 0.203148782253265 0.201589643955231 -3.4e+38 -3.4e+38 -3.4e+38
0.210632964968681 0.203218460083008 0.202519223093987 0.204458132386208 0.199322447180748 0.187009453773499 0.196330547332764 0.196652293205261 0.180461242794991 0.184034749865532 0.188868775963783 0.18172000348568 0.190800458192825 0.189447402954102 0.187507569789886 0.192832589149475 0.197939172387123 0.198747679591179 0.22791588306427 0.256127566099167 0.246643885970116 0.257779806852341 0.258582323789597 0.259478092193604 0.290523141622543 0.297039955854416 0.254664897918701 0.222014293074608 0.201699107885361 0.177825823426247 0.180057033896446 0.187692433595657 0.195867314934731 0.191489204764366 0.178657218813896 0.184716299176216 0.188236340880394 0.196768715977669 0.198720932006836 0.186838880181313 0.197691380977631 0.221718922257423 0.218898773193359 0.21101088821888 0.210548967123032 -3.4e+38 -3.4e+38
0.20952470600605 0.211164355278015 0.212760627269745 0.199641704559326 0.191487535834312 0.187411218881607 0.186892360448837 0.182811096310616 0.167618125677109 0.178285345435143 0.188112929463387 0.186385989189148 0.188127994537354 0.195072874426842 0.19001193344593 0.20660725235939 0.222599044442177 0.208642870187759 0.214567393064499 0.253229975700378 0.266251474618912 0.263745576143265 0.265833705663681 0.273783951997757 0.302298992872238 0.319125145673752 0.277091324329376 0.220988020300865 0.194338575005531 0.188844054937363 0.180706441402435 0.197229906916618 0.198290377855301 0.181761175394058 0.180338740348816 0.17663511633873 0.184917256236076 0.199437201023102 0.213855072855949 0.202080026268959 0.204337805509567 0.215745836496353 0.221297428011894 0.224515244364738 0.216148003935814 0.213744983077049 -3.4e+38
0.219673722982407 0.222139567136765 0.200290754437447 0.174418091773987 0.178327798843384 0.193224564194679 0.172549113631248 0.171337962150574 0.17590443789959 0.18565958738327 0.188395097851753 0.184596717357635 0.201322644948959 0.219590321183205 0.209925010800362 0.223249986767769 0.232159301638603 0.220742657780647 0.231283575296402 0.255666196346283 0.272373765707016 0.249620690941811 0.246502190828323 0.265256553888321 0.298343688249588 0.310012102127075 0.280012547969818 0.239379033446312 0.192803502082825 0.175382673740387 0.167608559131622 0.184281095862389 0.195075005292892 0.196550905704498 0.213107913732529 0.19953952729702 0.190804377198219 0.194509521126747 0.210730284452438 0.211307063698769 0.208821162581444 0.217629849910736 0.225760817527771 0.229957804083824 0.218880504369736 0.216783180832863 0.226375386118889
0.227750793099403 0.226581901311874 0.197553753852844 0.184981763362885 0.185973197221756 0.189652323722839 0.178386524319649 0.187441855669022 0.174520626664162 0.168690294027328 0.188405856490135 0.189791083335876 0.213328570127487 0.234482571482658 0.23725089430809 0.250038474798203 0.254324227571487 0.257340133190155 0.275596708059311 0.263287484645844 0.25189208984375 0.225664630532265 0.212046638131142 0.235690996050835 0.268640607595444 0.273075819015503 0.247088864445686 0.229521632194519 0.195260584354401 0.183055892586708 0.178384035825729 0.174624338746071 0.181313022971153 0.196371287107468 0.212083607912064 0.198476105928421 0.192349523305893 0.172927930951118 0.183314964175224 0.19708913564682 0.185186684131622 0.199482277035713 0.223780438303947 0.22577965259552 0.216781362891197 0.217961966991425 0.226557984948158
0.238162040710449 0.21198807656765 0.184796303510666 0.194231078028679 0.177793860435486 0.168914988636971 0.169857636094093 0.18376436829567 0.172753304243088 0.168453752994537 0.199572905898094 0.204137295484543 0.218432784080505 0.258798092603683 0.27327099442482 0.252418994903564 0.256008714437485 0.273303478956223 0.287215054035187 0.28138542175293 0.262801885604858 0.21712201833725 0.19783778488636 0.211580976843834 0.221921116113663 0.242505684494972 0.233223542571068 0.216471463441849 0.199105009436607 0.194830656051636 0.191523626446724 0.188657984137535 0.201228126883507 0.203880921006203 0.196493119001389 0.190429225564003 0.192898213863373 0.178929105401039 0.187377527356148 0.202113285660744 0.1958037763834 0.204307645559311 0.219951167702675 0.218668237328529 0.215165346860886 0.220953434705734 0.224262237548828
0.198240146040916 0.187532916665077 0.178721442818642 0.177564427256584 0.160280302166939 0.162395596504211 0.176390334963799 0.192547753453255 0.196907088160515 0.190650165081024 0.208179652690887 0.230044856667519 0.226170375943184 0.25212824344635 0.252967566251755 0.224192455410957 0.237768203020096 0.271237045526505 0.302094697952271 0.289564877748489 0.258473217487335 0.224279314279556 0.205261528491974 0.206670179963112 0.20494045317173 0.219466328620911 0.21244540810585 0.193763449788094 0.18797641992569 0.187130317091942 0.189237996935844 0.196416065096855 0.210046470165253 0.199099525809288 0.190032318234444 0.19011190533638 0.192818656563759 0.198721304535866 0.194396689534187 0.207523673772812 0.219118416309357 0.208642676472664 0.211606219410896 0.211024165153503 0.213153526186943 0.229763716459274 0.230441614985466
0.182188406586647 0.196728274226189 0.190615832805634 0.185323223471642 0.18483592569828 0.184877127408981 0.197783023118973 0.214106142520905 0.22375151515007 0.216504514217377 0.228358909487724 0.235707506537437 0.218933433294296 0.221679970622063 0.214847654104233 0.214804783463478 0.232149943709373 0.234760865569115 0.265378892421722 0.253861904144287 0.221443444490433 0.21422666311264 0.197985038161278 0.184497132897377 0.180365368723869 0.187231376767159 0.192184790968895 0.186185732483864 0.185361593961716 0.192309230566025 0.197640404105186 0.210571944713593 0.209419205784798 0.19439010322094 0.19830334186554 0.199371725320816 0.195769026875496 0.200667545199394 0.194919422268867 0.203131049871445 0.209409832954407 0.196874156594276 0.207801923155785 0.212771698832512 0.222835376858711 0.240252777934074 0.23801289498806
0.211474865674973 0.228305354714394 0.209436044096947 0.20737886428833 0.216595605015755 0.220950320363045 0.223819866776466 0.225825488567352 0.235684603452682 0.234128937125206 0.244857832789421 0.237423911690712 0.214626014232635 0.212552770972252 0.205846816301346 0.205944135785103 0.206904500722885 0.193774312734604 0.210430324077606 0.208459183573723 0.195632576942444 0.200058236718178 0.18663401901722 0.174511164426804 0.16763074696064 0.171334713697433 0.183115154504776 0.183957278728485 0.189092099666595 0.199836015701294 0.195955395698547 0.211133420467377 0.215443953871727 0.202829256653786 0.205144926905632 0.204474523663521 0.198398232460022 0.199956253170967 0.205916464328766 0.211361274123192 0.209119468927383 0.203313738107681 0.207959830760956 0.212908610701561 0.229006513953209 0.241025686264038 -3.4e+38
0.249399244785309 0.243580341339111 0.224552139639854 0.217599034309387 0.234188362956047 0.248137280344963 0.244275778532028 0.248380750417709 0.260148406028748 0.253359079360962 0.254010587930679 0.252195775508881 0.220941677689552 0.206100776791573 0.2015690356493 0.189491599798203 0.184713453054428 0.184699803590775 0.190520092844963 0.180604323744774 0.190718173980713 0.200153261423111 0.1932363063097 0.193824499845505 0.182254865765572 0.186958253383636 0.196082085371017 0.192332193255424 0.195221707224846 0.203520104289055 0.193786516785622 0.200234204530716 0.21105869114399 0.208292707800865 0.203632295131683 0.20231057703495 0.20102271437645 0.202165082097054 0.210390344262123 0.213220730423927 0.2024866938591 0.203691557049751 0.208829820156097 0.21072493493557 -3.4e+38 -3.4e+38 -3.4e+38
0.26933154463768 0.248272344470024 0.227277189493179 0.215410515666008 0.240131705999374 0.256291657686234 0.251980483531952 0.262369394302368 0.261236071586609 0.255685240030289 0.261609673500061 0.277468293905258 0.255329579114914 0.217575594782829 0.194825664162636 0.183433413505554 0.182222068309784 0.192997217178345 0.192972734570503 0.177433043718338 0.193325638771057 0.202160030603409 0.204653352499008 0.205484434962273 0.182956233620644 0.184621229767799 0.197908297181129 0.199648901820183 0.203651040792465 0.212718114256859 0.206943422555923 0.193186849355698 0.196166053414345 0.194886922836304 0.194828867912292 0.200639456510544 0.199790522456169 0.192952513694763 0.202254563570023 0.20949399471283 0.19637955725193 0.207345500588417 -3.4e+38 -3.4e+38 -3.4e+38 -3.4e+38 -3.4e+38
0.276251584291458 0.25693416595459 0.237318381667137 0.246144935488701 0.273645728826523 0.264486998319626 0.237729534506798 0.238358825445175 0.236539646983147 0.252514064311981 0.289160758256912 0.317362457513809 0.306418269872665 0.248292982578278 0.197000414133072 0.196294054389 0.192481353878975 0.195667967200279 0.187068030238152 0.168866246938705 0.189555913209915 0.190886601805687 0.198491245508194 0.200238764286041 0.187575533986092 0.192002311348915 0.202234834432602 0.207334324717522 0.213636949658394 0.216948166489601 0.206926971673965 0.201175972819328 0.202783465385437 0.191274777054787 0.191318988800049 0.206293508410454 0.211275950074196 0.196785226464272 0.197882860898972 0.203838542103767 -3.4e+38 -3.4e+38 -3.4e+38 -3.4e+38 -3.4e+38 -3.4e+38 -3.4e+38
