data/1_raw/trimmed_ndre/Od_ndre.625.2012_no_clouds.asc
NCOLS 144 
NROWS 65 
XLLCORNER 512965 
YLLCORNER 5150865 
CELLSIZE 5 
NODATA_value -3.4e+38 
[rows 42 to 62 of 65, columns 0 to 46 of 144]
-3.4e+38 -3.4e+38 -3.4e+38 -3.4e+38 -3.4e+38 -3.4e+38 -3.4e+38 -3.4e+38 -3.4e+38 -3.4e+38 -3.4e+38 -3.4e+38 -3.4e+38 -3.4e+38 -3.4e+38 -3.4e+38 -3.4e+38 -3.4e+38 -3.4e+38 -3.4e+38 -3.4e+38 0.636458814144135 0.632402718067169 0.622741878032684 0.613836526870728 0.606566548347473 0.587445676326752 0.579942286014557 0.569151282310486 0.567244112491608 0.563648343086243 0.569207072257996 0.598035097122192 0.631093382835388 0.673448383808136 0.704605400562286 0.699596345424652 0.694423258304596 0.7015420794487 0.705681622028351 0.704400539398193 0.705958724021912 0.701271831989288 0.694416403770447 0.693536639213562 0.685169577598572 0.681349635124207
-3.4e+38 -3.4e+38 -3.4e+38 -3.4e+38 -3.4e+38 -3.4e+38 -3.4e+38 -3.4e+38 -3.4e+38 -3.4e+38 -3.4e+38 -3.4e+38 -3.4e+38 -3.4e+38 -3.4e+38 -3.4e+38 -3.4e+38 -3.4e+38 -3.4e+38 0.583942592144012 0.599568903446198 0.620817244052887 0.626560926437378 0.630118668079376 0.633814096450806 0.617313385009766 0.586444795131683 0.586210668087006 0.588036417961121 0.589399039745331 0.596987128257751 0.600223243236542 0.625960290431976 0.66216903924942 0.683036208152771 0.714638411998749 0.705433428287506 0.686516225337982 0.702591001987457 0.706676602363586 0.690387189388275 0.679862916469574 0.671805083751678 0.669371664524078 0.676290392875671 0.681606113910675 0.679765939712524
-3.4e+38 -3.4e+38 -3.4e+38 -3.4e+38 -3.4e+38 -3.4e+38 -3.4e+38 -3.4e+38 -3.4e+38 -3.4e+38 -3.4e+38 -3.4e+38 -3.4e+38 -3.4e+38 -3.4e+38 -3.4e+38 -3.4e+38 -3.4e+38 0.590288400650024 0.597074508666992 0.602518260478973 0.61571478843689 0.619084000587463 0.613342046737671 0.620410740375519 0.62889951467514 0.622879505157471 0.618390381336212 0.614853262901306 0.623145878314972 0.636034965515137 0.638628423213959 0.662419855594635 0.671608746051788 0.659068703651428 0.674816131591797 0.657178580760956 0.612070381641388 0.604563117027283 0.589561402797699 0.57171618938446 0.572491407394409 0.587631344795227 0.593451976776123 0.606432795524597 0.625622928142548 0.640163898468018
-3.4e+38 -3.4e+38 -3.4e+38 -3.4e+38 -3.4e+38 -3.4e+38 -3.4e+38 -3.4e+38 -3.4e+38 -3.4e+38 -3.4e+38 -3.4e+38 -3.4e+38 -3.4e+38 -3.4e+38 -3.4e+38 -3.4e+38 0.630452811717987 0.619959115982056 0.621466517448425 0.623346388339996 0.622472286224365 0.620803415775299 0.621084451675415 0.627491354942322 0.64441329240799 0.64664101600647 0.632533967494965 0.629980564117432 0.633088529109955 0.641661643981934 0.646957993507385 0.667199492454529 0.647562682628632 0.600585460662842 0.57717090845108 0.510420858860016 0.429300487041473 0.395752757787704 0.391640454530716 0.406553000211716 0.424053817987442 0.44023185968399 0.456196963787079 0.505493521690369 0.567103385925293 0.605278193950653
-3.4e+38 -3.4e+38 -3.4e+38 -3.4e+38 -3.4e+38 -3.4e+38 -3.4e+38 -3.4e+38 -3.4e+38 -3.4e+38 -3.4e+38 -3.4e+38 -3.4e+38 -3.4e+38 -3.4e+38 -3.4e+38 0.658117175102234 0.653786957263947 0.641648530960083 0.636813580989838 0.639493763446808 0.637817740440369 0.633171796798706 0.640046000480652 0.647019267082214 0.64480197429657 0.638296067714691 0.63165408372879 0.63993239402771 0.659655153751373 0.656787574291229 0.626253962516785 0.616249144077301 0.57329523563385 0.493440210819244 0.41979569196701 0.368847817182541 0.329254299402237 0.367383867502213 0.403529554605484 0.41932687163353 0.463613659143448 0.505966663360596 0.521287679672241 0.550115406513214 0.616640508174896 0.662664175033569
-3.4e+38 -3.4e+38 -3.4e+38 -3.4e+38 -3.4e+38 -3.4e+38 -3.4e+38 -3.4e+38 -3.4e+38 -3.4e+38 -3.4e+38 -3.4e+38 -3.4e+38 -3.4e+38 -3.4e+38 0.661504149436951 0.661668956279755 0.653158843517303 0.644705832004547 0.646637856960297 0.647574007511139 0.64623349905014 0.646563649177551 0.657165586948395 0.659463107585907 0.644955217838287 0.649925947189331 0.658413946628571 0.665459454059601 0.67274135351181 0.64467066526413 0.58315098285675 0.528580248355865 0.466589391231537 0.395561128854752 0.393446654081345 0.434385389089584 0.425906121730804 0.458132833242416 0.528965175151825 0.572600185871124 0.622485399246216 0.667458295822144 0.678384959697723 0.668198525905609 0.673642933368683 0.690060198307037
-3.4e+38 -3.4e+38 -3.4e+38 -3.4e+38 -3.4e+38 -3.4e+38 -3.4e+38 -3.4e+38 -3.4e+38 -3.4e+38 -3.4e+38 -3.4e+38 -3.4e+38 -3.4e+38 0.656200170516968 0.653295636177063 0.645322620868683 0.639290630817413 0.643194913864136 0.651529610157013 0.658121943473816 0.660345613956451 0.663178026676178 0.667150855064392 0.671527922153473 0.672849416732788 0.677383899688721 0.674685716629028 0.652800440788269 0.615928590297699 0.565426409244537 0.474550008773804 0.408408135175705 0.416429728269577 0.443724483251572 0.491545289754868 0.543233036994934 0.567554891109467 0.614588618278503 0.663414061069489 0.681691944599152 0.681970119476318 0.68869549036026 0.698762655258179 0.697753489017487 0.68372118473053 0.683484613895416
-3.4e+38 -3.4e+38 -3.4e+38 -3.4e+38 -3.4e+38 -3.4e+38 -3.4e+38 -3.4e+38 -3.4e+38 -3.4e+38 -3.4e+38 -3.4e+38 -3.4e+38 0.651466429233551 0.653687417507172 0.645870506763458 0.635063827037811 0.626353323459625 0.634172677993774 0.649660229682922 0.664476990699768 0.671426594257355 0.676167130470276 0.68238353729248 0.675486922264099 0.6757493019104 0.67181783914566 0.653325140476227 0.598281383514404 0.519739627838135 0.458028733730316 0.427291989326477 0.447806894779205 0.512852370738983 0.555891871452332 0.596052467823029 0.641459345817566 0.670642495155334 0.683835923671722 0.691531956195831 0.683467030525208 0.672910988330841 0.669300556182861 0.675621151924133 0.680874884128571 0.674455761909485 0.678976237773895
-3.4e+38 -3.4e+38 -3.4e+38 -3.4e+38 -3.4e+38 -3.4e+38 -3.4e+38 -3.4e+38 -3.4e+38 -3.4e+38 -3.4e+38 -3.4e+38 0.636369526386261 0.661065578460693 0.666245341300964 0.654174208641052 0.644584536552429 0.64508455991745 0.652745366096497 0.660300970077515 0.665083229541779 0.667797923088074 0.67745053768158 0.682839632034302 0.662316143512726 0.662367641925812 0.658871352672577 0.629199922084808 0.581437945365906 0.524407982826233 0.520178973674774 0.562271595001221 0.597727000713348 0.633222997188568 0.658176064491272 0.672687828540802 0.683541178703308 0.676256835460663 0.659947276115417 0.653139173984528 0.64340204000473 0.632363736629486 0.62832111120224 0.637972235679626 0.650594413280487 0.654825389385223 0.650854885578156
-3.4e+38 -3.4e+38 -3.4e+38 -3.4e+38 -3.4e+38 -3.4e+38 -3.4e+38 -3.4e+38 -3.4e+38 -3.4e+38 -3.4e+38 0.616964161396027 0.643126487731934 0.66785329580307 0.678109407424927 0.67402970790863 0.668032467365265 0.670588791370392 0.67382150888443 0.668866634368896 0.657966315746307 0.644739985466003 0.643576264381409 0.651383459568024 0.647477984428406 0.652470052242279 0.651003420352936 0.63245701789856 0.619169175624847 0.617730498313904 0.645057141780853 0.670887172222137 0.664634346961975 0.650593817234039 0.651198923587799 0.661434888839722 0.661343574523926 0.648819983005524 0.632758140563965 0.618941485881805 0.605545341968536 0.595219731330872 0.596876859664917 0.606143772602081 0.602727770805359 0.596128582954407 0.591093957424164
-3.4e+38 -3.4e+38 -3.4e+38 -3.4e+38 -3.4e+38 -3.4e+38 -3.4e+38 -3.4e+38 -3.4e+38 -3.4e+38 0.618057012557983 0.629966795444489 0.650211691856384 0.672380924224854 0.68118017911911 0.686035633087158 0.685005724430084 0.674887776374817 0.661474227905273 0.639401435852051 0.616661489009857 0.607175946235657 0.604728162288666 0.624914586544037 0.642794907093048 0.642425298690796 0.652630507946014 0.662416696548462 0.666671752929688 0.665449738502502 0.671057820320129 0.682134449481964 0.670319557189941 0.643757879734039 0.627040565013885 0.636095464229584 0.641488611698151 0.631351470947266 0.618058264255524 0.606888055801392 0.597239017486572 0.590696573257446 0.590837597846985 0.584924757480621 0.56436675786972 0.564839720726013 0.571605324745178
-3.4e+38 -3.4e+38 -3.4e+38 -3.4e+38 -3.4e+38 -3.4e+38 -3.4e+38 -3.4e+38 -3.4e+38 0.616464972496033 0.637373030185699 0.641083538532257 0.652887105941772 0.666234314441681 0.676082968711853 0.686046719551086 0.69570404291153 0.686994612216949 0.660553336143494 0.629848182201385 0.607497751712799 0.612977147102356 0.623187065124512 0.64098048210144 0.656218349933624 0.659599900245667 0.672301411628723 0.677606880664825 0.681652903556824 0.680414855480194 0.662412106990814 0.646742939949036 0.645277440547943 0.650724053382874 0.651952981948853 0.645159065723419 0.630459606647491 0.618969619274139 0.615734338760376 0.608932197093964 0.597554922103882 0.588471531867981 0.590053021907806 0.590278148651123 0.580542206764221 0.585839092731476 0.588865280151367
-3.4e+38 -3.4e+38 -3.4e+38 -3.4e+38 -3.4e+38 -3.4e+38 -3.4e+38 -3.4e+38 0.612494945526123 0.630938351154327 0.64451664686203 0.644145786762238 0.649893999099731 0.657587051391602 0.673222899436951 0.688468098640442 0.698451519012451 0.690729141235352 0.669168651103973 0.654203474521637 0.642158091068268 0.643804490566254 0.655820906162262 0.669161021709442 0.677438318729401 0.679537713527679 0.678866326808929 0.667244017124176 0.666002988815308 0.656120479106903 0.628234505653381 0.608078300952911 0.619358777999878 0.636972308158875 0.630564391613007 0.631764888763428 0.62984311580658 0.622464716434479 0.614972293376923 0.594577312469482 0.574656903743744 0.570123910903931 0.57793915271759 0.587957501411438 0.592843115329742 0.586843550205231 0.590332984924316
-3.4e+38 -3.4e+38 -3.4e+38 -3.4e+38 -3.4e+38 -3.4e+38 -3.4e+38 0.615161657333374 0.62754899263382 0.648005664348602 0.647574961185455 0.636273562908173 0.641774475574493 0.643829464912415 0.659428238868713 0.680437505245209 0.689168155193329 0.688882827758789 0.67473828792572 0.663778960704803 0.664707183837891 0.670940935611725 0.67437607049942 0.67306262254715 0.671295881271362 0.67693418264389 0.670926213264465 0.649874866008759 0.643880426883698 0.620811939239502 0.593149185180664 0.587952196598053 0.599706947803497 0.59747987985611 0.585055768489838 0.603720307350159 0.621605277061462 0.622056543827057 0.609034359455109 0.594836950302124 0.579501032829285 0.573727607727051 0.574994266033173 0.571625828742981 0.581364929676056 0.594789922237396 0.601012229919434
-3.4e+38 -3.4e+38 -3.4e+38 -3.4e+38 -3.4e+38 -3.4e+38 0.600521564483643 0.604702234268188 0.630810797214508 0.654312133789062 0.645477592945099 0.62757682800293 0.623938143253326 0.614542007446289 0.628880620002747 0.655678391456604 0.674745321273804 0.687387824058533 0.682036638259888 0.668401181697845 0.66448587179184 0.665912747383118 0.655495524406433 0.642906963825226 0.64099657535553 0.646439671516418 0.63248997926712 0.614210188388824 0.615597724914551 0.593860626220703 0.563452184200287 0.551794171333313 0.561204075813293 0.548210322856903 0.551462292671204 0.583962798118591 0.600173592567444 0.598705947399139 0.588121592998505 0.584569692611694 0.58100438117981 0.576564311981201 0.574833571910858 0.575634658336639 0.583404123783112 0.584007441997528 0.579719007015228
-3.4e+38 -3.4e+38 -3.4e+38 -3.4e+38 -3.4e+38 0.589599013328552 0.574562847614288 0.580966711044312 0.622547209262848 0.649006724357605 0.633550763130188 0.616421282291412 0.601844370365143 0.592826545238495 0.604198157787323 0.62874174118042 0.657562851905823 0.673090875148773 0.667595028877258 0.648274719715118 0.63183981180191 0.627448856830597 0.618336498737335 0.605887889862061 0.596127688884735 0.591161608695984 0.576406300067902 0.57374906539917 0.579915165901184 0.565276503562927 0.547790825366974 0.548410594463348 0.559128284454346 0.547960937023163 0.552705824375153 0.577957093715668 0.593815982341766 0.595234394073486 0.5889573097229 0.583807408809662 0.576191782951355 0.569301128387451 0.573569357395172 0.580498516559601 0.584140658378601 0.573200166225433 0.564642488956451
-3.4e+38 -3.4e+38 -3.4e+38 -3.4e+38 0.550033569335938 0.541028439998627 0.539478302001953 0.560658156871796 0.612350881099701 0.641713798046112 0.622899532318115 0.615323543548584 0.601019740104675 0.589395642280579 0.591941714286804 0.607576668262482 0.629124462604523 0.641021311283112 0.635378956794739 0.617291688919067 0.59928035736084 0.595202445983887 0.595691204071045 0.591220796108246 0.577572047710419 0.560659825801849 0.549172878265381 0.562617421150208 0.576892733573914 0.574273765087128 0.578907370567322 0.597891986370087 0.602522373199463 0.590956747531891 0.599548637866974 0.612829446792603 0.621357917785645 0.621961236000061 0.611621081829071 0.606162846088409 0.613636553287506 0.621413290500641 0.622264862060547 0.609261572360992 0.59290337562561 0.584352731704712 0.58853679895401
-3.4e+38 -3.4e+38 -3.4e+38 0.553270578384399 0.533016085624695 0.524034440517426 0.534974753856659 0.553639471530914 0.589147806167603 0.626433074474335 0.6252281665802 0.612016975879669 0.602729678153992 0.590345084667206 0.590165257453918 0.600771069526672 0.608294010162354 0.616646647453308 0.618349611759186 0.607941687107086 0.597607493400574 0.591935575008392 0.595618426799774 0.6002596616745 0.594890177249908 0.575491547584534 0.558709025382996 0.569339156150818 0.576892137527466 0.589097559452057 0.607394993305206 0.627151727676392 0.617514371871948 0.606053054332733 0.623839735984802 0.631333231925964 0.637010037899017 0.638904809951782 0.633063614368439 0.632592976093292 0.643143057823181 0.649888634681702 0.644513964653015 0.628893077373505 0.610835373401642 0.608862936496735 0.612425327301025
-3.4e+38 -3.4e+38 0.575244009494781 0.556412994861603 0.549425542354584 0.560573756694794 0.579753875732422 0.593046963214874 0.602698385715485 0.615628778934479 0.617172181606293 0.600000858306885 0.596614897251129 0.586527943611145 0.580154180526733 0.588009417057037 0.59975802898407 0.614919066429138 0.611299812793732 0.593881785869598 0.587296426296234 0.583498895168304 0.592816531658173 0.602323830127716 0.597088634967804 0.585240423679352 0.576294720172882 0.579638063907623 0.576521456241608 0.582745134830475 0.603114128112793 0.621860384941101 0.616927742958069 0.611830592155457 0.627257883548737 0.629224717617035 0.627653300762177 0.636221528053284 0.645056843757629 0.647560298442841 0.649393200874329 0.638756155967712 0.622223615646362 0.62470155954361 0.628140270709991 0.630660653114319 0.630321800708771
-3.4e+38 0.574331402778625 0.587057411670685 0.570419609546661 0.564674198627472 0.582399427890778 0.604325115680695 0.616250216960907 0.60971599817276 0.594415009021759 0.605980813503265 0.609334886074066 0.595485210418701 0.576791524887085 0.563996970653534 0.568554878234863 0.58974814414978 0.613248348236084 0.631196916103363 0.624504506587982 0.610649108886719 0.597692549228668 0.599811136722565 0.616187453269958 0.619987487792969 0.614326953887939 0.604829013347626 0.60076242685318 0.599619507789612 0.601241290569305 0.613171398639679 0.62613707780838 0.6354860663414 0.636155664920807 0.639954268932343 0.644733965396881 0.641882002353668 0.645664095878601 0.655869483947754 0.657540321350098 0.654137253761292 0.641571223735809 0.630842328071594 0.635794520378113 0.637264251708984 0.637777328491211 0.637487709522247
0.492674648761749 0.5780308842659 0.598619997501373 0.576693117618561 0.562295138835907 0.582041203975677 0.597015261650085 0.608487606048584 0.596468210220337 0.579208374023438 0.593554496765137 0.603391945362091 0.585467457771301 0.564158737659454 0.561445116996765 0.575391411781311 0.604000568389893 0.628348171710968 0.651018798351288 0.656880676746368 0.645815372467041 0.637830376625061 0.629776477813721 0.628739297389984 0.630731523036957 0.629186868667603 0.624082744121552 0.617312729358673 0.617347657680511 0.624779224395752 0.641536235809326 0.644099533557892 0.645856499671936 0.656634449958801 0.661741375923157 0.662612438201904 0.658688724040985 0.654491424560547 0.658618330955505 0.665335178375244 0.665510654449463 0.656267821788788 0.652129292488098 0.649916350841522 0.640495479106903 0.636281669139862 0.639021813869476
