data/1_raw/trimmed_ndre/Od_ndre.615.2013_no_clouds.asc
NCOLS 144 
NROWS 65 
XLLCORNER 512965 
YLLCORNER 5150865 
CELLSIZE 5 
NODATA_value -3.4e+38 
[rows 21 to 41 of 65, columns 94 to 140 of 144]
0.463441282510757 0.467942535877228 0.470494002103806 0.46626490354538 0.461694478988647 0.457146048545837 0.457230597734451 0.459255188703537 0.456444948911667 0.440406620502472 0.425207048654556 0.414303064346313 0.419093996286392 0.427293866872787 0.435336947441101 0.449105590581894 0.459343940019608 0.45559161901474 0.461953610181808 0.471480876207352 0.471130758523941 0.474615871906281 0.477778136730194 0.490011483430862 0.505114316940308 0.513170599937439 0.50861269235611 0.499825000762939 0.500121057033539 0.510849118232727 0.514254033565521 0.510026693344116 0.513716220855713 0.512338638305664 0.514290571212769 -3.4e+38 -3.4e+38 -3.4e+38 -3.4e+38 -3.4e+38 -3.4e+38 -3.4e+38 -3.4e+38 -3.4e+38 -3.4e+38 -3.4e+38 -3.4e+38
0.466947317123413 0.470563501119614 0.47582334280014 0.474686712026596 0.475603312253952 0.466464400291443 0.452916830778122 0.445718944072723 0.441676944494247 0.42766261100769 0.406023651361465 0.387839525938034 0.389741837978363 0.413269221782684 0.430227011442184 0.436880767345428 0.449229687452316 0.459709346294403 0.468495339155197 0.481245428323746 0.489072859287262 0.483089178800583 0.474531918764114 0.471423208713531 0.481362789869308 0.492524474859238 0.501183271408081 0.507438004016876 0.516361892223358 0.527539730072021 0.522893965244293 0.519151985645294 0.523523807525635 0.523544073104858 0.531110644340515 0.531731605529785 0.522255897521973 -3.4e+38 -3.4e+38 -3.4e+38 -3.4e+38 -3.4e+38 -3.4e+38 -3.4e+38 -3.4e+38 -3.4e+38 -3.4e+38
0.466727048158646 0.465038269758224 0.472162991762161 0.481134593486786 0.486418038606644 0.479280471801758 0.463553339242935 0.443859100341797 0.425160437822342 0.411795645952225 0.393539220094681 0.37895929813385 0.382642567157745 0.399692118167877 0.414864659309387 0.420929789543152 0.439924508333206 0.472514450550079 0.495612174272537 0.499001175165176 0.503959715366364 0.502688586711884 0.489669144153595 0.477120906114578 0.474355667829514 0.484740078449249 0.494959831237793 0.502177000045776 0.507871925830841 0.517989754676819 0.527080297470093 0.527884304523468 0.525638043880463 0.524913430213928 0.535460233688354 0.541151344776154 0.538766145706177 0.536577522754669 -3.4e+38 -3.4e+38 -3.4e+38 -3.4e+38 -3.4e+38 -3.4e+38 -3.4e+38 -3.4e+38 -3.4e+38
0.471678972244263 0.464117348194122 0.469339936971664 0.481092125177383 0.48745658993721 0.486661493778229 0.478439152240753 0.447691112756729 0.413573682308197 0.410567432641983 0.396908700466156 0.381158709526062 0.379384547472 0.387856841087341 0.405641883611679 0.424942165613174 0.445909678936005 0.473146438598633 0.496999561786652 0.504364311695099 0.514555990695953 0.522846758365631 0.517019271850586 0.504244804382324 0.49652487039566 0.497429728507996 0.504079937934875 0.506996929645538 0.511208295822144 0.511586248874664 0.516629040241241 0.522580862045288 0.516788065433502 0.512790977954865 0.518525898456573 0.521596252918243 0.526746809482574 0.528853416442871 0.525113940238953 -3.4e+38 -3.4e+38 -3.4e+38 -3.4e+38 -3.4e+38 -3.4e+38 -3.4e+38 -3.4e+38
0.484257876873016 0.476201325654984 0.479448348283768 0.482668876647949 0.487279653549194 0.487330287694931 0.475727260112762 0.451221257448196 0.424024343490601 0.421148002147675 0.406674325466156 0.39042940735817 0.390034168958664 0.400709986686707 0.420354574918747 0.441960841417313 0.458294272422791 0.467612683773041 0.49317729473114 0.516879379749298 0.526671767234802 0.536632657051086 0.533794224262238 0.518655896186829 0.506328165531158 0.500579535961151 0.502637088298798 0.504315316677094 0.509701073169708 0.497777104377747 0.488612622022629 0.507041811943054 0.516261279582977 0.509394764900208 0.500451803207397 0.494823068380356 0.500179886817932 0.510292291641235 0.514540612697601 -3.4e+38 -3.4e+38 -3.4e+38 -3.4e+38 -3.4e+38 -3.4e+38 -3.4e+38 -3.4e+38
0.49438613653183 0.496736079454422 0.506259858608246 0.511196970939636 0.502944111824036 0.485221654176712 0.470912367105484 0.459558963775635 0.43904721736908 0.422120153903961 0.411533892154694 0.410942047834396 0.421373277902603 0.433405369520187 0.44182500243187 0.459933489561081 0.471155226230621 0.471503078937531 0.490389317274094 0.514893710613251 0.526477932929993 0.536161422729492 0.538242518901825 0.527504980564117 0.515257000923157 0.509994447231293 0.504244863986969 0.497082710266113 0.491989344358444 0.490879446268082 0.488780319690704 0.494135767221451 0.497145920991898 0.492349356412888 0.481839299201965 0.480143159627914 0.492755144834518 0.511446595191956 0.519955992698669 0.519518971443176 -3.4e+38 -3.4e+38 -3.4e+38 -3.4e+38 -3.4e+38 -3.4e+38 -3.4e+38
0.501302063465118 0.511359572410583 0.525013267993927 0.530049800872803 0.518336594104767 0.498213768005371 0.48124697804451 0.464551985263824 0.447325259447098 0.429211318492889 0.421365767717361 0.42831164598465 0.444097965955734 0.45100674033165 0.451484858989716 0.465001434087753 0.479643940925598 0.48875504732132 0.498515754938126 0.510599136352539 0.520994126796722 0.526449620723724 0.528493463993073 0.523813009262085 0.516068398952484 0.51476639509201 0.507815897464752 0.494015276432037 0.483666718006134 0.485492825508118 0.480730801820755 0.472695112228394 0.469691962003708 0.464844584465027 0.460115641355515 0.462582737207413 0.47728905081749 0.493745148181915 0.504526436328888 0.506670951843262 0.509734988212585 -3.4e+38 -3.4e+38 -3.4e+38 -3.4e+38 -3.4e+38 -3.4e+38
0.487105756998062 0.500145137310028 0.519196391105652 0.530389606952667 0.529237985610962 0.513438045978546 0.489652544260025 0.468984425067902 0.457465916872025 0.437615722417831 0.427830219268799 0.432724118232727 0.445687651634216 0.451140850782394 0.450138807296753 0.459480732679367 0.480221003293991 0.500864624977112 0.510309100151062 0.518378138542175 0.525900304317474 0.52404248714447 0.518050670623779 0.510824143886566 0.508126199245453 0.510614335536957 0.507279574871063 0.495867908000946 0.477680116891861 0.4661645591259 0.459031283855438 0.456872761249542 0.459157466888428 0.45814910531044 0.45913764834404 0.460193037986755 0.4639892578125 0.470205456018448 0.478009760379791 0.488721668720245 0.497268438339233 0.499057322740555 -3.4e+38 -3.4e+38 -3.4e+38 -3.4e+38 -3.4e+38
0.473646879196167 0.490792036056519 0.512579202651978 0.526462197303772 0.52316552400589 0.50687700510025 0.487756043672562 0.471679776906967 0.461346536874771 0.440904647111893 0.430354118347168 0.435729712247849 0.440745383501053 0.434353858232498 0.433685421943665 0.448653310537338 0.472011178731918 0.499232858419418 0.516314148902893 0.525687456130981 0.530919969081879 0.525231063365936 0.512234032154083 0.502757370471954 0.498873680830002 0.500755250453949 0.498895406723022 0.494480073451996 0.471098512411118 0.447702646255493 0.442390620708466 0.4439477622509 0.444383025169373 0.445799857378006 0.451300233602524 0.45655083656311 0.461060225963593 0.467280358076096 0.471678078174591 0.485371142625809 0.50020045042038 0.500610888004303 0.491727441549301 -3.4e+38 -3.4e+38 -3.4e+38 -3.4e+38
0.488288760185242 0.507803857326508 0.523248136043549 0.532176971435547 0.517215728759766 0.494164288043976 0.478310108184814 0.46525114774704 0.456906706094742 0.44459068775177 0.429934024810791 0.429654687643051 0.433351814746857 0.427723497152328 0.431372493505478 0.450920164585114 0.472153097391129 0.501091659069061 0.522169470787048 0.525840222835541 0.525638937950134 0.522224962711334 0.512923121452332 0.503290295600891 0.501237690448761 0.496769607067108 0.490437686443329 0.486036032438278 0.470112532377243 0.450974524021149 0.444178879261017 0.442868500947952 0.428324431180954 0.422034710645676 0.432792603969574 0.447432309389114 0.462374597787857 0.471675723791122 0.475327998399734 0.48575347661972 0.50254100561142 0.508688449859619 0.509650051593781 0.501823544502258 -3.4e+38 -3.4e+38 -3.4e+38
0.516105532646179 0.535347104072571 0.542893528938293 0.536796867847443 0.516005277633667 0.485954523086548 0.46692168712616 0.444021642208099 0.43183970451355 0.431818962097168 0.425463527441025 0.42093089222908 0.432087868452072 0.438671678304672 0.444325000047684 0.464294075965881 0.492648482322693 0.517496824264526 0.531903922557831 0.52784788608551 0.5211181640625 0.51806366443634 0.515100419521332 0.513258635997772 0.514025032520294 0.505835294723511 0.4898461997509 0.47936424612999 0.46859073638916 0.462254285812378 0.458208650350571 0.453413158655167 0.436434298753738 0.418873220682144 0.426042228937149 0.445561438798904 0.47154912352562 0.486309856176376 0.4881232380867 0.482099652290344 0.490930110216141 0.505208671092987 0.510000288486481 0.506239473819733 0.499957412481308 -3.4e+38 -3.4e+38
0.533748507499695 0.54957240819931 0.546102821826935 0.52892017364502 0.51056182384491 0.47487485408783 0.441240847110748 0.420936644077301 0.416435599327087 0.425821274518967 0.4275082051754 0.413898110389709 0.426086664199829 0.460502415895462 0.491433620452881 0.510973393917084 0.522083699703217 0.533316433429718 0.539208173751831 0.537937879562378 0.535640239715576 0.535380005836487 0.533109128475189 0.532267332077026 0.528438210487366 0.515847444534302 0.49704971909523 0.477865785360336 0.465410530567169 0.472023874521255 0.474236816167831 0.463972359895706 0.456740736961365 0.437487155199051 0.438449710607529 0.460309743881226 0.482778459787369 0.497327238321304 0.494806438684464 0.4837846159935 0.484131455421448 0.499088317155838 0.506510674953461 0.505115509033203 0.509194433689117 0.508775651454926 -3.4e+38
0.541253447532654 0.54354864358902 0.530454456806183 0.503434717655182 0.477888137102127 0.449366062879562 0.422065258026123 0.415429443120956 0.41853928565979 0.432089924812317 0.439960122108459 0.434495538473129 0.450014024972916 0.494594812393188 0.529717087745667 0.535488128662109 0.533216118812561 0.534557998180389 0.535111784934998 0.529535949230194 0.52695369720459 0.531138777732849 0.534431636333466 0.535114526748657 0.530664920806885 0.52197676897049 0.511106789112091 0.492878437042236 0.476710975170135 0.47397318482399 0.463868230581284 0.453645378351212 0.452260494232178 0.451607495546341 0.462849229574203 0.475526183843613 0.478992342948914 0.482740014791489 0.487583577632904 0.491346836090088 0.492668151855469 0.503752887248993 0.507089614868164 0.500401377677917 0.50947767496109 0.51481294631958 0.512542963027954
0.536055624485016 0.534013748168945 0.519463777542114 0.486164301633835 0.455453813076019 0.425288140773773 0.414147824048996 0.416384696960449 0.419412791728973 0.423456221818924 0.434168845415115 0.448223203420639 0.471082895994186 0.50545459985733 0.520980834960938 0.512905061244965 0.520625948905945 0.5285325050354 0.521530628204346 0.508333265781403 0.501291036605835 0.504762768745422 0.5126011967659 0.517457485198975 0.511617541313171 0.501802861690521 0.500333189964294 0.500443756580353 0.485952973365784 0.465480595827103 0.447060525417328 0.435937583446503 0.44009405374527 0.446117281913757 0.462096691131592 0.468599259853363 0.462947160005569 0.460960417985916 0.466580182313919 0.479855716228485 0.48471936583519 0.491272479295731 0.491766154766083 0.489547103643417 0.496096611022949 0.503541052341461 0.506381452083588
0.505064070224762 0.491771042346954 0.480339705944061 0.459348380565643 0.432820677757263 0.407238900661469 0.406806260347366 0.422704041004181 0.425186365842819 0.427442938089371 0.44116023182869 0.461746960878372 0.4803826212883 0.505600452423096 0.51910001039505 0.51338267326355 0.513802051544189 0.513226389884949 0.502267062664032 0.489637196063995 0.487144231796265 0.486178517341614 0.48791915178299 0.486940056085587 0.472714483737946 0.462792724370956 0.46613609790802 0.474474757909775 0.460103660821915 0.44425705075264 0.450753629207611 0.45006063580513 0.440860241651535 0.438298761844635 0.453682839870453 0.465582132339478 0.46491277217865 0.46187037229538 0.458157896995544 0.461380481719971 0.467061549425125 0.473753333091736 0.473763912916183 0.468653529882431 0.469175338745117 0.478764414787292 0.484249442815781
0.505517601966858 0.489347130060196 0.470161348581314 0.449426889419556 0.431170612573624 0.420511096715927 0.429844290018082 0.447391033172607 0.457949340343475 0.462094366550446 0.47623673081398 0.488515198230743 0.49106764793396 0.494579911231995 0.499000638723373 0.495510429143906 0.48716327548027 0.4832923412323 0.475400418043137 0.46750146150589 0.466851323843002 0.459629476070404 0.445751190185547 0.437542110681534 0.429436683654785 0.431180775165558 0.441226154565811 0.448285490274429 0.438708037137985 0.4322869181633 0.450379967689514 0.457322090864182 0.443416476249695 0.441981881856918 0.464959025382996 0.477333694696426 0.483555614948273 0.482047408819199 0.467988163232803 0.458935797214508 0.468829751014709 0.478465616703033 0.471930503845215 0.463429778814316 0.461185991764069 0.466415554285049 0.467749267816544
0.523359596729279 0.514111280441284 0.49359142780304 0.47724723815918 0.464464604854584 0.467494159936905 0.478415668010712 0.484807163476944 0.488136738538742 0.491513311862946 0.499811172485352 0.506740748882294 0.499714463949203 0.488288938999176 0.480246663093567 0.468874305486679 0.455881029367447 0.450895756483078 0.445037871599197 0.440679103136063 0.437845587730408 0.423683941364288 0.405609905719757 0.398153394460678 0.40127882361412 0.410086929798126 0.428765058517456 0.437421888113022 0.42908900976181 0.429954439401627 0.441455036401749 0.445581346750259 0.442804485559464 0.456446439027786 0.48039698600769 0.484451413154602 0.495025604963303 0.496568620204926 0.489488065242767 0.485235840082169 0.490598618984222 0.491427063941956 0.480457663536072 0.481370091438293 0.48097813129425 0.478923887014389 0.480233550071716
0.526626288890839 0.515955984592438 0.496632307767868 0.486141681671143 0.475200355052948 0.484754115343094 0.499830514192581 0.500556528568268 0.493305832147598 0.49262946844101 0.503262937068939 0.50834846496582 0.498508512973785 0.480092197656631 0.471640110015869 0.454449743032455 0.436927944421768 0.427299529314041 0.42169451713562 0.42166405916214 0.418256223201752 0.403862923383713 0.392406076192856 0.39070326089859 0.402462154626846 0.41586697101593 0.431235730648041 0.434520483016968 0.42964494228363 0.438139200210571 0.45145782828331 0.453105896711349 0.44926854968071 0.472119957208633 0.490736186504364 0.487980604171753 0.497322708368301 0.500129342079163 0.495319783687592 0.496445327997208 0.493949085474014 0.493139445781708 0.493106573820114 0.499060451984406 0.500609934329987 0.495246380567551 -3.4e+38
0.525788247585297 0.520068526268005 0.50615268945694 0.494437545537949 0.481990069150925 0.479505181312561 0.490506261587143 0.495842099189758 0.501355648040771 0.507105469703674 0.510617733001709 0.507519841194153 0.492263376712799 0.473712593317032 0.463328063488007 0.44370573759079 0.410249710083008 0.387142509222031 0.384496331214905 0.404180616140366 0.413144022226334 0.404727965593338 0.40110844373703 0.400004744529724 0.408846497535706 0.421779692173004 0.428452521562576 0.433514624834061 0.438114911317825 0.4488365650177 0.462277799844742 0.462738424539566 0.45873761177063 0.478593647480011 0.491030305624008 0.483413487672806 0.481307953596115 0.47984191775322 0.483533173799515 0.488148987293243 0.485260844230652 0.489934295415878 0.49607652425766 0.499873608350754 -3.4e+38 -3.4e+38 -3.4e+38
0.517987489700317 0.509842693805695 0.500106751918793 0.494082719087601 0.492047518491745 0.485024511814117 0.472215533256531 0.467614829540253 0.471735656261444 0.482484340667725 0.492937296628952 0.49311637878418 0.482712596654892 0.460827678442001 0.439055323600769 0.416023969650269 0.376982182264328 0.34803095459938 0.355936497449875 0.390289068222046 0.407397359609604 0.404159426689148 0.40588304400444 0.414469093084335 0.416934728622437 0.420849472284317 0.4246606528759 0.438454389572144 0.451655507087708 0.459446758031845 0.472961813211441 0.47638675570488 0.47219118475914 0.480294287204742 0.484065860509872 0.47230327129364 0.461231172084808 0.466748684644699 0.476261287927628 0.487644493579865 0.490071624517441 0.489198744297028 -3.4e+38 -3.4e+38 -3.4e+38 -3.4e+38 -3.4e+38
0.508818387985229 0.495435804128647 0.480998635292053 0.47490593791008 0.47392874956131 0.471304923295975 0.452474772930145 0.429219454526901 0.423003882169724 0.426971465349197 0.448441624641418 0.467799603939056 0.471926212310791 0.452647626399994 0.43391141295433 0.414701968431473 0.374875247478485 0.346266001462936 0.358669281005859 0.389040023088455 0.396657884120941 0.401436477899551 0.412534564733505 0.427468806505203 0.421976566314697 0.42219266295433 0.436362206935883 0.452729731798172 0.471780359745026 0.47892901301384 0.485021352767944 0.484495878219604 0.482369303703308 0.481940656900406 0.477257519960403 0.474695146083832 0.47209757566452 0.477958977222443 0.488802403211594 0.503847360610962 -3.4e+38 -3.4e+38 -3.4e+38 -3.4e+38 -3.4e+38 -3.4e+38 -3.4e+38
