data/1_raw/trimmed_ndre/Od_ndre.68.2015.asc
NCOLS 144 
NROWS 65 
XLLCORNER 512965 
YLLCORNER 5150865 
CELLSIZE 5 
NODATA_value -3.4e+38 
[rows 21 to 41 of 65, columns 94 to 140 of 144]
0.577891409397125 0.572110116481781 0.572064757347107 0.575545608997345 0.575219929218292 0.588095009326935 0.588002264499664 0.58117800951004 0.589301526546478 0.57620495557785 0.560736477375031 0.556275248527527 0.56224399805069 0.580146491527557 0.590246140956879 0.588572204113007 0.584121823310852 0.583837985992432 0.577306032180786 0.562872171401978 0.563368201255798 0.577204525470734 0.594542324542999 0.604218244552612 0.601518154144287 0.600150167942047 0.600726246833801 0.598860144615173 0.588142812252045 0.598347365856171 0.615244448184967 0.609112322330475 0.605223476886749 0.614152073860168 0.635841131210327 -3.4e+38 -3.4e+38 -3.4e+38 -3.4e+38 -3.4e+38 -3.4e+38 -3.4e+38 -3.4e+38 -3.4e+38 -3.4e+38 -3.4e+38 -3.4e+38
0.565672755241394 0.565411865711212 0.572074174880981 0.57416158914566 0.572520077228546 0.583952605724335 0.578272640705109 0.568759381771088 0.567033648490906 0.557686269283295 0.546889901161194 0.534437119960785 0.531876623630524 0.557736277580261 0.579365849494934 0.588593184947968 0.587492823600769 0.595475971698761 0.593427240848541 0.58426558971405 0.577341258525848 0.580106914043427 0.593660235404968 0.606018722057343 0.605012774467468 0.600377380847931 0.597111999988556 0.597036957740784 0.596267879009247 0.602379083633423 0.615203738212585 0.614036083221436 0.615909397602081 0.6141077876091 0.632642865180969 0.658242523670197 0.661754786968231 -3.4e+38 -3.4e+38 -3.4e+38 -3.4e+38 -3.4e+38 -3.4e+38 -3.4e+38 -3.4e+38 -3.4e+38 -3.4e+38
0.554970264434814 0.562047958374023 0.571672379970551 0.569500982761383 0.566421747207642 0.566631138324738 0.559273838996887 0.553781390190125 0.547397077083588 0.538975477218628 0.539093673229218 0.532444000244141 0.5311279296875 0.55294930934906 0.568356335163116 0.583140313625336 0.59234881401062 0.603594660758972 0.603526294231415 0.598619759082794 0.593084216117859 0.593216121196747 0.595142543315887 0.599670052528381 0.601509571075439 0.597996652126312 0.590170800685883 0.593326270580292 0.603529274463654 0.602448642253876 0.627008497714996 0.633934199810028 0.612841904163361 0.617992460727692 0.629593908786774 0.654796004295349 0.668135285377502 0.655766129493713 -3.4e+38 -3.4e+38 -3.4e+38 -3.4e+38 -3.4e+38 -3.4e+38 -3.4e+38 -3.4e+38 -3.4e+38
0.556989133358002 0.550047039985657 0.55910861492157 0.553157567977905 0.545316636562347 0.544061720371246 0.544754981994629 0.551920294761658 0.538859605789185 0.522261500358582 0.521656155586243 0.522253215312958 0.535061120986938 0.556929409503937 0.567343294620514 0.583390295505524 0.597551167011261 0.60573011636734 0.604146897792816 0.608120024204254 0.610345125198364 0.610867321491241 0.603077173233032 0.592471778392792 0.586275041103363 0.584466874599457 0.577996015548706 0.588700592517853 0.605863153934479 0.612762033939362 0.623603224754333 0.617678463459015 0.60656613111496 0.618938326835632 0.61493331193924 0.624159157276154 0.636833906173706 0.631958425045013 0.649436056613922 -3.4e+38 -3.4e+38 -3.4e+38 -3.4e+38 -3.4e+38 -3.4e+38 -3.4e+38 -3.4e+38
0.553332090377808 0.542381346225739 0.546781420707703 0.557260692119598 0.556921303272247 0.553110241889954 0.551962792873383 0.561906814575195 0.539820432662964 0.512893736362457 0.504721760749817 0.519468784332275 0.546796500682831 0.570908963680267 0.582062602043152 0.590607464313507 0.599506676197052 0.605861365795135 0.608960330486298 0.620084345340729 0.625618159770966 0.626049995422363 0.622091770172119 0.608283817768097 0.597118437290192 0.589106321334839 0.580108523368835 0.582484185695648 0.603658854961395 0.619875490665436 0.61045229434967 0.608274936676025 0.60076916217804 0.607208549976349 0.617904543876648 0.617782890796661 0.611494362354279 0.605003178119659 0.617715775966644 -3.4e+38 -3.4e+38 -3.4e+38 -3.4e+38 -3.4e+38 -3.4e+38 -3.4e+38 -3.4e+38
0.560264885425568 0.571926236152649 0.579820573329926 0.577414751052856 0.56611156463623 0.564746856689453 0.566563248634338 0.567238926887512 0.550505220890045 0.534786820411682 0.525175213813782 0.533092200756073 0.562643826007843 0.588684976100922 0.597210586071014 0.585993528366089 0.59845757484436 0.607524037361145 0.616581439971924 0.631101131439209 0.638251602649689 0.637100040912628 0.631395101547241 0.623174726963043 0.617060780525208 0.613885045051575 0.605731189250946 0.580811262130737 0.579381883144379 0.598368346691132 0.605391442775726 0.607356548309326 0.585998058319092 0.588238656520844 0.616080462932587 0.60927414894104 0.593202173709869 0.58292144536972 0.585494339466095 0.591127336025238 -3.4e+38 -3.4e+38 -3.4e+38 -3.4e+38 -3.4e+38 -3.4e+38 -3.4e+38
0.573722183704376 0.589763879776001 0.595110833644867 0.586191594600677 0.566819727420807 0.564697265625 0.57004725933075 0.573733031749725 0.56834077835083 0.563584506511688 0.554673492908478 0.553866922855377 0.571836888790131 0.578781604766846 0.58432275056839 0.58721798658371 0.60609644651413 0.611543536186218 0.621261060237885 0.636102259159088 0.646173596382141 0.645919382572174 0.638989567756653 0.632787942886353 0.63113009929657 0.633085966110229 0.613980710506439 0.569600045681 0.549491107463837 0.579147040843964 0.603429317474365 0.590277791023254 0.584902346134186 0.580004096031189 0.589827537536621 0.59203976392746 0.582129776477814 0.576114237308502 0.574432790279388 0.577020287513733 0.60142308473587 -3.4e+38 -3.4e+38 -3.4e+38 -3.4e+38 -3.4e+38 -3.4e+38
0.588156223297119 0.601748108863831 0.599827110767365 0.587618350982666 0.573175072669983 0.574023127555847 0.591826379299164 0.596213459968567 0.59015166759491 0.586161613464355 0.572333633899689 0.572763383388519 0.58794641494751 0.591456711292267 0.589154005050659 0.596067368984222 0.614641726016998 0.618266642093658 0.625029802322388 0.639035642147064 0.653953194618225 0.656404972076416 0.645874559879303 0.635594964027405 0.634021699428558 0.631887853145599 0.602182447910309 0.561180531978607 0.540960311889648 0.562034904956818 0.57482123374939 0.571707189083099 0.576598167419434 0.566332876682281 0.566799163818359 0.573652625083923 0.576529383659363 0.582364678382874 0.57956874370575 0.582845032215118 0.608046472072601 0.613567471504211 -3.4e+38 -3.4e+38 -3.4e+38 -3.4e+38 -3.4e+38
0.603887259960175 0.612386584281921 0.605317533016205 0.594021797180176 0.58789849281311 0.590690314769745 0.606290102005005 0.607932209968567 0.603927552700043 0.600480854511261 0.591616809368134 0.59571647644043 0.606442034244537 0.612193703651428 0.602826535701752 0.590133845806122 0.594585120677948 0.616622745990753 0.631335556507111 0.643997192382812 0.658094346523285 0.665439188480377 0.656854867935181 0.646534204483032 0.637777864933014 0.625039339065552 0.59764838218689 0.574939012527466 0.562852025032043 0.541458070278168 0.556596040725708 0.557939529418945 0.561764121055603 0.573294103145599 0.582630038261414 0.581081449985504 0.57786625623703 0.592556536197662 0.589173555374146 0.594260036945343 0.608817160129547 0.610335290431976 0.610210359096527 -3.4e+38 -3.4e+38 -3.4e+38 -3.4e+38
0.618869245052338 0.627787172794342 0.623622417449951 0.60166871547699 0.592699766159058 0.594092071056366 0.598912417888641 0.595099687576294 0.59850949048996 0.601499140262604 0.59894198179245 0.607311546802521 0.616715252399445 0.620966136455536 0.612058460712433 0.589821457862854 0.591246783733368 0.61561793088913 0.637162327766418 0.643074929714203 0.646870613098145 0.650508046150208 0.650134384632111 0.650187790393829 0.641918778419495 0.628369510173798 0.622038424015045 0.599819958209991 0.582106590270996 0.565061986446381 0.566387295722961 0.555188298225403 0.564645171165466 0.606036722660065 0.609533786773682 0.587329626083374 0.582113265991211 0.598271787166595 0.592799723148346 0.595580637454987 0.599987030029297 0.602376282215118 0.611228108406067 0.618978559970856 -3.4e+38 -3.4e+38 -3.4e+38
0.626268088817596 0.630558848381042 0.62385082244873 0.60426938533783 0.587274074554443 0.58070170879364 0.577643036842346 0.57103168964386 0.580018877983093 0.588072597980499 0.593974232673645 0.606127858161926 0.611406266689301 0.61139303445816 0.606030881404877 0.595742404460907 0.596803188323975 0.614607095718384 0.634569644927979 0.632156431674957 0.635027348995209 0.638456583023071 0.640935599803925 0.645998120307922 0.64873218536377 0.646872937679291 0.644067764282227 0.619919419288635 0.602125465869904 0.589941263198853 0.578386664390564 0.592614531517029 0.59249484539032 0.596725642681122 0.598398923873901 0.588008344173431 0.588373899459839 0.594625890254974 0.587811768054962 0.591269075870514 0.591472625732422 0.595423102378845 0.60852587223053 0.616599678993225 0.608041346073151 -3.4e+38 -3.4e+38
0.62991589307785 0.626370310783386 0.619582712650299 0.605653285980225 0.579716205596924 0.568766951560974 0.558821737766266 0.551081418991089 0.560523867607117 0.569840550422668 0.583123803138733 0.597365081310272 0.596178352832794 0.596275866031647 0.600380480289459 0.606789708137512 0.602474212646484 0.614550173282623 0.62931889295578 0.632960557937622 0.637171566486359 0.639275550842285 0.634718418121338 0.629704296588898 0.646594882011414 0.646264553070068 0.63506031036377 0.614518821239471 0.59650194644928 0.575456380844116 0.56524384021759 0.582533299922943 0.585745990276337 0.583408236503601 0.584663808345795 0.595616579055786 0.593673408031464 0.588081300258636 0.586726367473602 0.596631646156311 0.590579390525818 0.590142428874969 0.599109947681427 0.61014199256897 0.600892245769501 0.606746256351471 -3.4e+38
0.639797925949097 0.627835035324097 0.617989957332611 0.602656424045563 0.576744675636292 0.561499893665314 0.546422183513641 0.541799485683441 0.551230132579803 0.562505722045898 0.58072704076767 0.593997538089752 0.594073593616486 0.59908002614975 0.608704924583435 0.613617062568665 0.603654623031616 0.62498527765274 0.637800216674805 0.643169343471527 0.648969531059265 0.654996573925018 0.636648118495941 0.622747123241425 0.64674323797226 0.635801076889038 0.613184034824371 0.587372958660126 0.56894189119339 0.55663138628006 0.562010169029236 0.579693913459778 0.588259279727936 0.59084016084671 0.591578304767609 0.593432426452637 0.590195953845978 0.592883110046387 0.597190916538239 0.604419708251953 0.595348596572876 0.589090824127197 0.595401644706726 0.607984364032745 0.605593144893646 0.612638175487518 0.620311379432678
0.652863204479218 0.6409632563591 0.614397823810577 0.590962886810303 0.570383012294769 0.55607932806015 0.543862998485565 0.548327684402466 0.560633361339569 0.570620179176331 0.591078400611877 0.604043126106262 0.611912429332733 0.626899600028992 0.637789487838745 0.632771968841553 0.624827861785889 0.651078402996063 0.65486478805542 0.654988408088684 0.660736501216888 0.669483006000519 0.631572127342224 0.619125366210938 0.638789594173431 0.628853857517242 0.607455670833588 0.582701683044434 0.562878608703613 0.553868591785431 0.56934517621994 0.591158211231232 0.606823146343231 0.609700858592987 0.596546351909637 0.589383542537689 0.591525077819824 0.604822337627411 0.605174958705902 0.597249150276184 0.589178264141083 0.597449541091919 0.607484936714172 0.613979458808899 0.615047812461853 0.61470490694046 0.622685015201569
0.645370602607727 0.630819439888 0.612858176231384 0.581616461277008 0.562154173851013 0.553322553634644 0.550746202468872 0.561933279037476 0.571789622306824 0.582877993583679 0.607048630714417 0.622832238674164 0.636228144168854 0.649701237678528 0.654688954353333 0.647001028060913 0.653310060501099 0.679081857204437 0.671739816665649 0.65538489818573 0.651023805141449 0.655314147472382 0.61050009727478 0.611142516136169 0.62860506772995 0.637088358402252 0.627786219120026 0.604089736938477 0.580753326416016 0.569874584674835 0.583742499351501 0.602255344390869 0.613304316997528 0.61259263753891 0.602387845516205 0.596520960330963 0.598844766616821 0.607475280761719 0.605793416500092 0.598120152950287 0.596988141536713 0.611596465110779 0.621231377124786 0.618302404880524 0.616481781005859 0.623782634735107 0.618480622768402
0.615278661251068 0.600089848041534 0.585607588291168 0.562452375888824 0.553757965564728 0.552875936031342 0.559579908847809 0.575083315372467 0.584477007389069 0.598559141159058 0.620994389057159 0.633561015129089 0.634702026844025 0.639003276824951 0.646740257740021 0.649266839027405 0.673012614250183 0.69505101442337 0.684865057468414 0.661266207695007 0.654853522777557 0.640697002410889 0.595332562923431 0.606342673301697 0.627614438533783 0.641267001628876 0.639657020568848 0.622301578521729 0.604481935501099 0.594725131988525 0.598892390727997 0.607772886753082 0.61477255821228 0.613052189350128 0.607332050800323 0.607333540916443 0.60575795173645 0.602681577205658 0.597213923931122 0.595395505428314 0.601511776447296 0.613396942615509 0.61927318572998 0.615321815013885 0.613447189331055 0.615691006183624 0.607678055763245
0.593189060688019 0.56195080280304 0.534212708473206 0.528118073940277 0.546025633811951 0.560191094875336 0.573946297168732 0.589537858963013 0.599198520183563 0.616593778133392 0.632727086544037 0.63717246055603 0.619438707828522 0.620493113994598 0.628805696964264 0.63523006439209 0.654880940914154 0.666889548301697 0.664632797241211 0.6566202044487 0.659137964248657 0.642586767673492 0.612562954425812 0.605826675891876 0.606672883033752 0.612562537193298 0.618558466434479 0.61817741394043 0.614659428596497 0.609721481800079 0.607827961444855 0.610198736190796 0.613527595996857 0.607297897338867 0.596446692943573 0.593113362789154 0.58614844083786 0.581068396568298 0.580928146839142 0.588731050491333 0.590284883975983 0.587449431419373 0.58598929643631 0.590579867362976 0.603945195674896 0.608925461769104 0.607794344425201
0.584246575832367 0.556288123130798 0.540583312511444 0.546674728393555 0.56971150636673 0.583721578121185 0.595747649669647 0.605273962020874 0.610026359558105 0.630882143974304 0.643867790699005 0.638685047626495 0.608882784843445 0.608362674713135 0.625838458538055 0.629687309265137 0.609427690505981 0.608834743499756 0.620846629142761 0.633975744247437 0.637941360473633 0.628787219524384 0.60734885931015 0.58606630563736 0.570644438266754 0.557217478752136 0.560850918292999 0.576555073261261 0.592882752418518 0.603374838829041 0.603790521621704 0.601786255836487 0.601080358028412 0.59415066242218 0.588699162006378 0.586687386035919 0.575502038002014 0.563847839832306 0.567082107067108 0.581020653247833 0.582105457782745 0.574238419532776 0.573304295539856 0.581735730171204 0.600198447704315 0.612168073654175 -3.4e+38
0.571512639522552 0.571931540966034 0.567186117172241 0.578988909721375 0.600107312202454 0.61262035369873 0.620537340641022 0.621412396430969 0.620895564556122 0.633535861968994 0.639756321907043 0.635125994682312 0.607711613178253 0.560939729213715 0.567778170108795 0.574234545230865 0.549185037612915 0.533115923404694 0.560388624668121 0.57875782251358 0.574932277202606 0.563629746437073 0.552575945854187 0.544673562049866 0.535032570362091 0.514340162277222 0.514298796653748 0.530429303646088 0.554548621177673 0.578396797180176 0.5804682970047 0.57310163974762 0.571807563304901 0.592862963676453 0.591295003890991 0.581551074981689 0.569728493690491 0.557222962379456 0.558478176593781 0.56500631570816 0.566706895828247 0.561610460281372 0.573948442935944 0.585718810558319 -3.4e+38 -3.4e+38 -3.4e+38
0.575942575931549 0.590471923351288 0.58935421705246 0.605117321014404 0.61866694688797 0.624526500701904 0.626774311065674 0.618166983127594 0.615923166275024 0.621167421340942 0.6173255443573 0.61062878370285 0.576918184757233 0.518010377883911 0.525035440921783 0.525913596153259 0.496679157018661 0.454267531633377 0.493521839380264 0.511544764041901 0.509220719337463 0.496267080307007 0.489567905664444 0.496315896511078 0.504591524600983 0.500987112522125 0.500439703464508 0.504870176315308 0.519829213619232 0.539679646492004 0.540695011615753 0.53281569480896 0.538760006427765 0.570060074329376 0.574733316898346 0.565958321094513 0.549623370170593 0.53640478849411 0.537609696388245 0.540293753147125 0.543609857559204 0.546251714229584 -3.4e+38 -3.4e+38 -3.4e+38 -3.4e+38 -3.4e+38
0.617457270622253 0.617751121520996 0.609057664871216 0.621803283691406 0.628736555576324 0.632209658622742 0.630799114704132 0.611773192882538 0.605826914310455 0.609851896762848 0.615069925785065 0.61385440826416 0.581344962120056 0.53747946023941 0.533023536205292 0.519797623157501 0.468363225460052 0.437049895524979 0.484681963920593 0.49253436923027 0.492569804191589 0.491118669509888 0.496957272291183 0.505921542644501 0.519434452056885 0.527698397636414 0.526934266090393 0.517285346984863 0.517272353172302 0.528729856014252 0.540670275688171 0.538585543632507 0.539957463741302 0.545690476894379 0.54355776309967 0.549294590950012 0.554783523082733 0.553318977355957 0.545967757701874 0.534009158611298 -3.4e+38 -3.4e+38 -3.4e+38 -3.4e+38 -3.4e+38 -3.4e+38 -3.4e+38
