data/1_raw/trimmed_ndre/Od_ndre.83.2011_no_clouds.asc
NCOLS 144 
NROWS 65 
XLLCORNER 512965 
YLLCORNER 5150865 
CELLSIZE 5 
NODATA_value -3.4e+38 
[rows 21 to 41 of 65, columns 47 to 93 of 144]
0.245604574680328 0.248915106058121 0.235051363706589 0.233774468302727 0.236538022756577 0.230696365237236 0.222265273332596 0.222677022218704 0.23075045645237 0.224376305937767 0.213746726512909 0.225897163152695 0.222452595829964 0.219996526837349 0.214944884181023 0.21468985080719 0.209093764424324 0.219010531902313 0.225874274969101 0.209368973970413 0.218519613146782 0.228883862495422 0.221501380205154 0.218715026974678 0.225639998912811 0.228299200534821 0.224234864115715 0.208731606602669 0.20495343208313 0.208273813128471 0.217492505908012 0.225655823945999 0.221974074840546 0.213438525795937 0.204103246331215 0.215475231409073 0.212094038724899 0.20403690636158 0.201203003525734 0.190547212958336 0.19969254732132 0.189023703336716 0.165157064795494 0.179100006818771 0.178581297397614 0.179308921098709 0.18674348294735
0.232971221208572 0.233523413538933 0.223003834486008 0.22218045592308 0.22505559027195 0.226456955075264 0.21216781437397 0.204906582832336 0.216972038149834 0.222173526883125 0.221431002020836 0.227380514144897 0.213291347026825 0.21464778482914 0.214573875069618 0.199965596199036 0.209295853972435 0.220297694206238 0.212556168437004 0.20162770152092 0.209143742918968 0.217622920870781 0.21452884376049 0.20257705450058 0.212921813130379 0.223056465387344 0.206787183880806 0.194814532995224 0.205981343984604 0.212334722280502 0.214141175150871 0.214290127158165 0.20466735959053 0.197724714875221 0.193944752216339 0.189267069101334 0.191198110580444 0.187330096960068 0.193203583359718 0.186525717377663 0.180838748812675 0.185426577925682 0.172517210245132 0.170427203178406 0.169326156377792 0.173860862851143 0.185021683573723
0.219823896884918 0.222923174500465 0.215051874518394 0.21026885509491 0.208135694265366 0.21326819062233 0.211175456643105 0.206696823239326 0.212152525782585 0.214195251464844 0.213342979550362 0.2127945125103 0.218745335936546 0.222419336438179 0.224377974867821 0.214982494711876 0.211342975497246 0.204545542597771 0.196726977825165 0.197586134076118 0.206513702869415 0.213219955563545 0.211825102567673 0.19447360932827 0.20086881518364 0.21595311164856 0.210953563451767 0.198551699519157 0.199099570512772 0.208977848291397 0.200856178998947 0.185293719172478 0.188648387789726 0.181645169854164 0.177781850099564 0.181734770536423 0.179349556565285 0.1786198168993 0.186462104320526 0.180923387408257 0.182382822036743 0.196490913629532 0.171102851629257 0.158999890089035 0.17073492705822 0.178214654326439 0.182223692536354
0.207814395427704 0.212160632014275 0.211184307932854 0.199676543474197 0.190594077110291 0.195101007819176 0.203228533267975 0.208185017108917 0.205330863595009 0.194481924176216 0.194839283823967 0.198118045926094 0.206461787223816 0.213452979922295 0.223815351724625 0.219416230916977 0.205608293414116 0.201190784573555 0.209083795547485 0.214109033346176 0.206714451313019 0.203500971198082 0.207396000623703 0.199951395392418 0.194525867700577 0.199515625834465 0.195806995034218 0.192002043128014 0.188282355666161 0.195008471608162 0.187553822994232 0.170416414737701 0.177010461688042 0.183953642845154 0.179867506027222 0.182321310043335 0.178326413035393 0.178270146250725 0.182293087244034 0.175154164433479 0.192580446600914 0.202579572796822 0.168383792042732 0.165999814867973 0.178907781839371 0.174279436469078 0.180438250303268
0.199726074934006 0.197255626320839 0.199801668524742 0.194645121693611 0.187655687332153 0.19276961684227 0.198851302266121 0.202678963541985 0.19401253759861 0.182795137166977 0.194851323962212 0.193183898925781 0.193241313099861 0.206155061721802 0.207663223147392 0.203099220991135 0.207704156637192 0.198499128222466 0.184197381138802 0.188778519630432 0.190448328852654 0.188298985362053 0.192211419343948 0.203491806983948 0.197500765323639 0.18535889685154 0.184219837188721 0.185568153858185 0.182719692587852 0.18569815158844 0.191989168524742 0.185322016477585 0.18751023709774 0.188691914081573 0.185406535863876 0.188031867146492 0.179319992661476 0.174188032746315 0.179290935397148 0.182340443134308 0.197270885109901 0.190041065216064 0.170130699872971 0.169632107019424 0.179171502590179 0.179170221090317 0.175807759165764
0.188955008983612 0.181720316410065 0.188194915652275 0.193546876311302 0.201026618480682 0.204213231801987 0.192874118685722 0.187827363610268 0.188345447182655 0.188873991370201 0.194154739379883 0.190960019826889 0.190524771809578 0.198627173900604 0.191343396902084 0.191160351037979 0.209511369466782 0.204117476940155 0.178816333413124 0.179966047406197 0.188922762870789 0.190647602081299 0.184423238039017 0.191479742527008 0.190358802676201 0.189743399620056 0.187778919935226 0.188282489776611 0.190605834126472 0.192393749952316 0.19367516040802 0.189345017075539 0.184081196784973 0.18146063387394 0.191446930170059 0.198466151952744 0.179663509130478 0.172266975045204 0.181602910161018 0.186842605471611 0.186859980225563 0.171035945415497 0.165289625525475 0.177508637309074 0.182196393609047 0.183775007724762 0.172621622681618
0.183538466691971 0.181083306670189 0.1913041472435 0.196312382817268 0.203312784433365 0.19671419262886 0.182227894663811 0.179321587085724 0.189171925187111 0.192034929990768 0.187491670250893 0.19724777340889 0.188053786754608 0.188804626464844 0.185837492346764 0.182302013039589 0.195097491145134 0.19874681532383 0.194542482495308 0.198987737298012 0.199382275342941 0.198200985789299 0.193530797958374 0.194425612688065 0.1971425563097 0.203226953744888 0.192485153675079 0.187402680516243 0.195592060685158 0.193385630846024 0.189730793237686 0.18096461892128 0.168941780924797 0.168577179312706 0.17819008231163 0.182706281542778 0.17716121673584 0.182473972439766 0.184886947274208 0.17728653550148 0.163228049874306 0.160175204277039 0.178163304924965 0.185040324926376 0.178804144263268 0.191772952675819 0.188868656754494
0.187261521816254 0.187765806913376 0.192711144685745 0.192495882511139 0.187203511595726 0.180655837059021 0.178641155362129 0.179828137159348 0.18623560667038 0.187071725726128 0.186444714665413 0.197008594870567 0.181496664881706 0.184405386447906 0.180900096893311 0.179081365466118 0.188950777053833 0.187519624829292 0.191688224673271 0.189297258853912 0.181530520319939 0.187577098608017 0.199619755148888 0.200835347175598 0.196725696325302 0.195341229438782 0.18050916492939 0.17549267411232 0.180798307061195 0.17851185798645 0.185367733240128 0.187761217355728 0.179434254765511 0.176039844751358 0.164418190717697 0.165256008505821 0.185301095247269 0.19330270588398 0.182276517152786 0.171271666884422 0.165418714284897 0.16961932182312 0.19381882250309 0.186006054282188 0.176763907074928 0.199409440159798 0.191665694117546
0.192911878228188 0.190932005643845 0.188699334859848 0.186961844563484 0.181266516447067 0.17931766808033 0.180749103426933 0.186863094568253 0.194676622748375 0.186448469758034 0.186764016747475 0.185132414102554 0.179491296410561 0.184665828943253 0.181926995515823 0.194766506552696 0.199728682637215 0.179305225610733 0.183395996689796 0.184115916490555 0.178051054477692 0.185511723160744 0.194674983620644 0.184539586305618 0.165919855237007 0.159148827195168 0.171347737312317 0.17293593287468 0.170958027243614 0.169048815965652 0.184848725795746 0.192765295505524 0.185101017355919 0.18356192111969 0.179293572902679 0.174248427152634 0.18054561316967 0.179360210895538 0.166402295231819 0.168746292591095 0.176293089985847 0.17819282412529 0.196741744875908 0.188997715711594 0.183752030134201 0.198798924684525 0.189877673983574
0.187974095344543 0.184174939990044 0.187240466475487 0.185430720448494 0.178975775837898 0.178239613771439 0.184575572609901 0.192793503403664 0.197898507118225 0.182940691709518 0.192691534757614 0.190405964851379 0.183576375246048 0.191195085644722 0.184984296560287 0.196580365300179 0.184947326779366 0.163821786642075 0.176709815859795 0.186009854078293 0.186281248927116 0.190300419926643 0.19427415728569 0.189303264021873 0.179078802466393 0.177684023976326 0.186622828245163 0.19211158156395 0.187992706894875 0.177079185843468 0.186626404523849 0.183273985981941 0.179811492562294 0.192379653453827 0.209041193127632 0.202007383108139 0.18480621278286 0.184166952967644 0.184046059846878 0.181525141000748 0.175220623612404 0.179181233048439 0.195260062813759 0.193668410181999 0.199940577149391 0.206468775868416 0.204900413751602
0.178511723875999 0.17629212141037 0.198436662554741 0.199988141655922 0.180919885635376 0.176076158881187 0.189112976193428 0.185625940561295 0.183023035526276 0.17808923125267 0.179329976439476 0.184755206108093 0.188274592161179 0.188154235482216 0.174566477537155 0.187409162521362 0.174745082855225 0.163020342588425 0.184085473418236 0.183979094028473 0.17283621430397 0.17073056101799 0.176382556557655 0.188312187790871 0.198980063199997 0.2000922113657 0.196371868252754 0.200272217392921 0.197394073009491 0.185989990830421 0.187133014202118 0.178353667259216 0.179762437939644 0.195453494787216 0.207659885287285 0.201675206422806 0.187756553292274 0.191297367215157 0.203970655798912 0.200459524989128 0.179534673690796 0.16990053653717 0.179093703627586 0.192654550075531 0.212753966450691 0.218513622879982 0.216029822826385
0.193097993731499 0.181262984871864 0.193637892603874 0.187029510736465 0.17201454937458 0.177174165844917 0.190684914588928 0.187639892101288 0.192900002002716 0.188288122415543 0.17226542532444 0.178880706429482 0.182707563042641 0.169688984751701 0.17371754348278 0.189245462417603 0.166140556335449 0.17271763086319 0.194942072033882 0.184904083609581 0.173320457339287 0.176534622907639 0.181762382388115 0.186261177062988 0.180256545543671 0.188118264079094 0.198098391294479 0.180577322840691 0.175841867923737 0.183752849698067 0.190375685691833 0.187449127435684 0.189585670828819 0.193083539605141 0.191999733448029 0.190264761447906 0.189903110265732 0.18463870882988 0.193719014525414 0.197663247585297 0.182458326220512 0.168449953198433 0.178586483001709 0.20056040585041 0.218678995966911 0.216469645500183 0.208057746291161
0.178716272115707 0.177210554480553 0.180244415998459 0.176294952630997 0.170839563012123 0.179307132959366 0.184300363063812 0.187530696392059 0.195521101355553 0.196794494986534 0.183028295636177 0.180525779724121 0.188985466957092 0.179121926426888 0.187644377350807 0.192106485366821 0.164105802774429 0.164165154099464 0.184511974453926 0.180257588624954 0.160867661237717 0.182834595441818 0.199945375323296 0.191389083862305 0.183723971247673 0.188777387142181 0.184151902794838 0.165525019168854 0.16870342195034 0.18270280957222 0.187706112861633 0.185002684593201 0.197359800338745 0.196758478879929 0.186955660581589 0.185646593570709 0.190491676330566 0.176269188523293 0.174764603376389 0.188264518976212 0.189480572938919 0.185788571834564 0.198646113276482 0.223090812563896 0.240860253572464 0.238332122564316 0.217965513467789
0.186775758862495 0.183655738830566 0.198281422257423 0.206608936190605 0.19570292532444 0.198911532759666 0.189507231116295 0.183661863207817 0.18547922372818 0.185101166367531 0.17231385409832 0.171690911054611 0.189820617437363 0.192743644118309 0.191538482904434 0.200033113360405 0.201012253761292 0.177533403038979 0.173607781529427 0.172752559185028 0.157808259129524 0.179009914398193 0.193444535136223 0.190798208117485 0.194783464074135 0.193673923611641 0.182422012090683 0.18088099360466 0.185032665729523 0.186710581183434 0.183558642864227 0.182516247034073 0.196205273270607 0.206117793917656 0.200586587190628 0.196642205119133 0.201515465974808 0.186410576105118 0.179495006799698 0.191045299172401 0.193271517753601 0.189588293433189 0.197118148207664 0.213591560721397 0.233656346797943 0.241408303380013 0.227103143930435
0.212322577834129 0.200192645192146 0.2019974142313 0.19966347515583 0.194149360060692 0.204558372497559 0.191798239946365 0.186684623360634 0.195637166500092 0.191330894827843 0.182983055710793 0.187610849738121 0.195439204573631 0.194435402750969 0.19368888437748 0.198330983519554 0.207241877913475 0.203145921230316 0.190544202923775 0.179953545331955 0.18257163465023 0.186638787388802 0.193136870861053 0.189241707324982 0.186983242630959 0.189780712127686 0.183776155114174 0.180276662111282 0.186103656888008 0.187207251787186 0.189268633723259 0.188877657055855 0.194672957062721 0.210730463266373 0.212160274386406 0.204515993595123 0.195530444383621 0.193237364292145 0.194312006235123 0.19696319103241 0.199339047074318 0.194062471389771 0.192267253994942 0.199748605489731 0.212262377142906 0.219413951039314 0.227208644151688
0.218636378645897 0.208374559879303 0.201436176896095 0.180985227227211 0.184106513857841 0.193706452846527 0.189317017793655 0.186089664697647 0.188230007886887 0.189252391457558 0.193822458386421 0.203736126422882 0.206456407904625 0.204624533653259 0.192417472600937 0.205223903059959 0.20491686463356 0.205609574913979 0.212026029825211 0.193420559167862 0.182900533080101 0.174044251441956 0.180165335536003 0.180326595902443 0.172885656356812 0.192568853497505 0.193797707557678 0.179435953497887 0.18587763607502 0.194231688976288 0.200148433446884 0.204737097024918 0.216031759977341 0.220534563064575 0.214069962501526 0.193782150745392 0.177964523434639 0.18151330947876 0.176006451249123 0.170208528637886 0.190280914306641 0.195565953850746 0.189921766519547 0.207131400704384 0.213414892554283 0.204794943332672 0.197315573692322
0.222702533006668 0.21983414888382 0.212704926729202 0.185857534408569 0.188155651092529 0.20107464492321 0.203714475035667 0.19423620402813 0.188254997134209 0.18731327354908 0.185022681951523 0.194028213620186 0.199215546250343 0.188167870044708 0.178739100694656 0.206702068448067 0.193951025605202 0.1751579195261 0.199108824133873 0.188594967126846 0.17637525498867 0.168602496385574 0.178806766867638 0.188277438282967 0.17765299975872 0.194921314716339 0.199617192149162 0.181605979800224 0.191373646259308 0.198450118303299 0.189519643783569 0.18342886865139 0.203375473618507 0.201806783676147 0.188890293240547 0.18679878115654 0.183517694473267 0.201314270496368 0.189482465386391 0.16915574669838 0.192874997854233 0.196576088666916 0.191568911075592 0.209245473146439 0.200652003288269 0.191867768764496 0.187063455581665
0.234271079301834 0.238316580653191 0.228858783841133 0.196578234434128 0.204549923539162 0.215243145823479 0.214531600475311 0.212396696209908 0.202743366360664 0.1905807107687 0.180100485682487 0.18485015630722 0.184219211339951 0.179185435175896 0.17531131207943 0.186787635087967 0.184985801577568 0.180044695734978 0.183314293622971 0.176535859704018 0.180317804217339 0.17967514693737 0.178734183311462 0.174094170331955 0.174989357590675 0.188707068562508 0.193597182631493 0.185353294014931 0.192523300647736 0.198538109660149 0.180515125393867 0.168906569480896 0.189499601721764 0.181498363614082 0.173352673649788 0.182473734021187 0.175693899393082 0.185494109988213 0.186517521739006 0.18883116543293 0.213632941246033 0.204241618514061 0.213761985301971 0.233189404010773 0.21682146191597 0.207770571112633 0.209003195166588
0.240532279014587 0.237185627222061 0.216183498501778 0.189351260662079 0.208160683512688 0.218018159270287 0.217523813247681 0.223372936248779 0.205986455082893 0.20104056596756 0.19203744828701 0.17178563773632 0.178501680493355 0.193438455462456 0.188801005482674 0.182377651333809 0.175627663731575 0.174510344862938 0.184602499008179 0.192037671804428 0.198036149144173 0.197346016764641 0.192812070250511 0.188183754682541 0.182557865977287 0.18394809961319 0.19256204366684 0.180796086788177 0.181745395064354 0.190051928162575 0.173935115337372 0.170343607664108 0.187292918562889 0.188581004738808 0.190544933080673 0.18366901576519 0.177477434277534 0.174973174929619 0.183295354247093 0.211164459586143 0.240220904350281 0.234075635671616 0.239528343081474 0.254945784807205 0.243968233466148 0.228347957134247 0.233072221279144
0.230611562728882 0.221865981817245 0.209785163402557 0.197616010904312 0.205586865544319 0.213170319795609 0.208201736211777 0.206196621060371 0.203968957066536 0.202680766582489 0.195135176181793 0.171761393547058 0.17755164206028 0.191857844591141 0.191717520356178 0.184695988893509 0.177151635289192 0.182751432061195 0.203862607479095 0.203053325414658 0.18640710413456 0.202250316739082 0.199381411075592 0.193155884742737 0.181058183312416 0.185220286250114 0.199974283576012 0.183502405881882 0.179429456591606 0.190766572952271 0.178445234894753 0.173331916332245 0.177552595734596 0.182200863957405 0.193185523152351 0.188587486743927 0.195214778184891 0.207050368189812 0.216639086604118 0.214597955346107 0.251737028360367 0.273840636014938 0.247945934534073 0.256811946630478 0.26230925321579 0.260335862636566 0.260562181472778
0.212695986032486 0.205030664801598 0.21333983540535 0.210988521575928 0.205009326338768 0.206513568758965 0.204437956213951 0.211649999022484 0.217384323477745 0.203058943152428 0.199513271450996 0.184686943888664 0.164880707859993 0.169276669621468 0.176773101091385 0.186185255646706 0.18298701941967 0.187968418002129 0.193044379353523 0.195412769913673 0.190235406160355 0.19767789542675 0.193290963768959 0.187980517745018 0.185654520988464 0.188430905342102 0.19880037009716 0.177503168582916 0.178632482886314 0.195429146289825 0.191589966416359 0.186612203717232 0.17827382683754 0.184120014309883 0.197507485747337 0.19939312338829 0.215852573513985 0.253116220235825 0.285937517881393 0.264490783214569 0.275873094797134 0.282977759838104 0.249950796365738 0.249644860625267 0.272867411375046 0.272923439741135 0.253933131694794
