data/1_raw/trimmed_ndre/Od_ndre.615.2012_no_clouds.asc
NCOLS 144 
NROWS 65 
XLLCORNER 512965 
YLLCORNER 5150865 
CELLSIZE 5 
NODATA_value -3.4e+38 
[rows 21 to 41 of 65, columns 47 to 93 of 144]
0.546710252761841 0.551073968410492 0.54194587469101 0.536004900932312 0.533847689628601 0.538929760456085 0.534269630908966 0.532541871070862 0.535327851772308 0.526803374290466 0.529045462608337 0.5248202085495 0.515470683574677 0.510601341724396 0.513732075691223 0.521259486675262 0.523529708385468 0.521698355674744 0.513288617134094 0.501281023025513 0.499838948249817 0.511549770832062 0.509444296360016 0.505197644233704 0.519359290599823 0.529324948787689 0.535324811935425 0.531941115856171 0.52270919084549 0.514293849468231 0.51436972618103 0.516654670238495 0.515830218791962 0.519924223423004 0.516899526119232 0.505508482456207 0.510797560214996 0.514187574386597 0.508255839347839 0.492264837026596 0.485667586326599 0.490722954273224 0.494467943906784 0.484445631504059 0.485061675310135 0.492468863725662 0.50019645690918
0.545748353004456 0.532839357852936 0.52908992767334 0.538968801498413 0.533931374549866 0.540080428123474 0.547456681728363 0.533359706401825 0.52750438451767 0.524749517440796 0.533690392971039 0.546089112758636 0.528721332550049 0.514043509960175 0.523693919181824 0.537424504756927 0.53218412399292 0.520883858203888 0.523365139961243 0.527438998222351 0.5185866355896 0.508923053741455 0.505791366100311 0.508906900882721 0.523608028888702 0.53248143196106 0.538499414920807 0.534898519515991 0.51964259147644 0.507073402404785 0.505619168281555 0.510173797607422 0.512767195701599 0.515927612781525 0.517643213272095 0.516982734203339 0.517044126987457 0.509698569774628 0.494387447834015 0.485637098550797 0.490593105554581 0.506416976451874 0.506121218204498 0.495814800262451 0.506113648414612 0.516210496425629 0.529904067516327
0.550724446773529 0.531227886676788 0.522085964679718 0.526515603065491 0.511953771114349 0.530421316623688 0.545521438121796 0.526918649673462 0.523893594741821 0.520008981227875 0.523042142391205 0.539136230945587 0.530670285224915 0.523478090763092 0.536629199981689 0.54644364118576 0.53528106212616 0.51884388923645 0.522560119628906 0.536396026611328 0.53646993637085 0.52417004108429 0.524535894393921 0.518647253513336 0.51400899887085 0.516601979732513 0.522475779056549 0.523806214332581 0.511633813381195 0.500304400920868 0.498434960842133 0.496508568525314 0.499411761760712 0.508274495601654 0.515237867832184 0.512147188186646 0.503356456756592 0.49330461025238 0.482791274785995 0.481570363044739 0.487758129835129 0.499220907688141 0.494152218103409 0.48387598991394 0.49880239367485 0.516293585300446 0.53506201505661
0.532532215118408 0.526292979717255 0.523124039173126 0.520038783550262 0.511882841587067 0.527641773223877 0.527399301528931 0.509567320346832 0.514221251010895 0.516826629638672 0.518507778644562 0.525173544883728 0.522581815719604 0.522071182727814 0.530230402946472 0.537141501903534 0.533129036426544 0.524133563041687 0.522217273712158 0.526323556900024 0.522110879421234 0.51098620891571 0.513219773769379 0.511584103107452 0.505801558494568 0.506597399711609 0.511603713035583 0.510283768177032 0.496432542800903 0.486306875944138 0.487879931926727 0.487488806247711 0.495167672634125 0.498444497585297 0.49319526553154 0.486155480146408 0.483125269412994 0.486066073179245 0.488378077745438 0.481501340866089 0.477330148220062 0.479923725128174 0.471983939409256 0.479178786277771 0.501225352287292 0.512988030910492 0.523006200790405
0.487048089504242 0.493956923484802 0.492475211620331 0.492364376783371 0.496039003133774 0.496798396110535 0.496914893388748 0.492621779441833 0.492089301347733 0.493638664484024 0.499653875827789 0.50753116607666 0.511954545974731 0.508998274803162 0.506047248840332 0.51203191280365 0.519954264163971 0.520746886730194 0.51407265663147 0.506396591663361 0.502585709095001 0.497366309165955 0.489643752574921 0.487415254116058 0.48727822303772 0.492734372615814 0.49583637714386 0.489971220493317 0.479236572980881 0.475462794303894 0.477406352758408 0.473956048488617 0.477146565914154 0.48422583937645 0.48749965429306 0.488428115844727 0.491501092910767 0.501888990402222 0.509011685848236 0.498384386301041 0.484213203191757 0.485054850578308 0.491316497325897 0.517288148403168 0.532842397689819 0.532695949077606 0.538935124874115
0.463811814785004 0.466618955135345 0.454530775547028 0.4597088098526 0.464425474405289 0.461170583963394 0.482965290546417 0.490862816572189 0.483271867036819 0.485035568475723 0.490788996219635 0.501681566238403 0.504319250583649 0.495965421199799 0.488289326429367 0.49306908249855 0.504812598228455 0.50923228263855 0.498811036348343 0.491485774517059 0.496625006198883 0.497761189937592 0.496549606323242 0.487700015306473 0.480808556079865 0.482355087995529 0.480604112148285 0.47367662191391 0.470571219921112 0.47950467467308 0.484293013811111 0.479316413402557 0.474675923585892 0.492152214050293 0.513305068016052 0.52101993560791 0.521495699882507 0.523716568946838 0.530279874801636 0.525446712970734 0.522434949874878 0.530582010746002 0.546307742595673 0.565779507160187 0.570021152496338 0.569218993186951 0.572019159793854
0.488853693008423 0.482760161161423 0.47055184841156 0.468685567378998 0.458637654781342 0.4571393430233 0.484461486339569 0.493590831756592 0.48936265707016 0.492807477712631 0.49559497833252 0.502425253391266 0.506107211112976 0.499846547842026 0.494674205780029 0.49791806936264 0.503429770469666 0.50067549943924 0.492737978696823 0.496012508869171 0.504848480224609 0.504159390926361 0.504173457622528 0.504192352294922 0.492629051208496 0.484222948551178 0.473928719758987 0.469880223274231 0.474604040384293 0.484446227550507 0.49174952507019 0.497302144765854 0.504209518432617 0.51715761423111 0.528584659099579 0.536241888999939 0.543446719646454 0.552327573299408 0.560800015926361 0.562535464763641 0.565877914428711 0.572437703609467 0.579601287841797 0.59374612569809 0.600065588951111 0.60669618844986 0.601872324943542
0.503187775611877 0.511764228343964 0.508897483348846 0.496785342693329 0.485873341560364 0.483132541179657 0.496566921472549 0.495585978031158 0.492874771356583 0.500576615333557 0.49886628985405 0.495005637407303 0.500238418579102 0.506169140338898 0.510992646217346 0.516718626022339 0.515518367290497 0.507163405418396 0.500019907951355 0.505666732788086 0.507342219352722 0.501124441623688 0.506488680839539 0.515121459960938 0.504102230072021 0.482871741056442 0.473737716674805 0.472857058048248 0.476120591163635 0.481743574142456 0.487714231014252 0.50977623462677 0.532253921031952 0.535853743553162 0.535435855388641 0.543864846229553 0.554481685161591 0.564976811408997 0.575041830539703 0.578509211540222 0.581247329711914 0.590965509414673 0.589263141155243 0.592572033405304 0.606184005737305 0.617974400520325 0.618859648704529
0.522254705429077 0.527963399887085 0.517414748668671 0.503367483615875 0.51034951210022 0.503901839256287 0.505484580993652 0.507295668125153 0.500164270401001 0.513595163822174 0.513827621936798 0.498510926961899 0.497576743364334 0.507960438728333 0.518301844596863 0.521962881088257 0.522120416164398 0.51943039894104 0.514968633651733 0.516457140445709 0.504021346569061 0.496516704559326 0.506916642189026 0.502800583839417 0.502783715724945 0.493165254592896 0.4808629155159 0.478950023651123 0.479919105768204 0.485098272562027 0.491747736930847 0.516883492469788 0.542181134223938 0.539593994617462 0.535457015037537 0.541378974914551 0.552994191646576 0.560366749763489 0.564659535884857 0.56573212146759 0.566733002662659 0.573134660720825 0.571557700634003 0.57286936044693 0.591177046298981 0.606139600276947 0.612773954868317
0.542200803756714 0.537878096103668 0.525290310382843 0.516752898693085 0.521884143352509 0.517766237258911 0.519239008426666 0.517484545707703 0.512446403503418 0.540015518665314 0.528754413127899 0.498890846967697 0.499384611845016 0.505294859409332 0.507513761520386 0.504878997802734 0.50817459821701 0.51193505525589 0.514320492744446 0.511658012866974 0.504784941673279 0.491622626781464 0.499772161245346 0.511122226715088 0.51373165845871 0.50424998998642 0.491025000810623 0.491336941719055 0.503090381622314 0.505296170711517 0.49848672747612 0.507720828056335 0.526698529720306 0.534100711345673 0.538182437419891 0.543649256229401 0.551432967185974 0.55429744720459 0.546210467815399 0.539674639701843 0.528946757316589 0.536471247673035 0.560657739639282 0.570674002170563 0.583853900432587 0.598331391811371 0.60422545671463
0.531053423881531 0.518119752407074 0.503008306026459 0.500088751316071 0.508006811141968 0.518317222595215 0.516473293304443 0.498193591833115 0.49017721414566 0.500665605068207 0.496340304613113 0.484042674303055 0.486407160758972 0.488049328327179 0.482494980096817 0.473031640052795 0.477162539958954 0.489052921533585 0.494349598884583 0.491931319236755 0.499326676130295 0.499409526586533 0.504311263561249 0.51526141166687 0.515946924686432 0.510230481624603 0.502098679542542 0.502298831939697 0.505282998085022 0.506666898727417 0.502015709877014 0.503156721591949 0.518695414066315 0.537977755069733 0.547963201999664 0.55361932516098 0.558861076831818 0.556949853897095 0.542292952537537 0.530029356479645 0.513954222202301 0.520692467689514 0.554052472114563 0.569005846977234 0.580377399921417 0.59430342912674 0.601871073246002
0.516397058963776 0.509043574333191 0.494932800531387 0.491709619760513 0.491169601678848 0.499287545681 0.504099130630493 0.494457751512527 0.484298169612885 0.483575463294983 0.488201111555099 0.48724827170372 0.47891628742218 0.472211003303528 0.475054144859314 0.487353444099426 0.498861491680145 0.50051486492157 0.492106586694717 0.494968563318253 0.507931053638458 0.501193284988403 0.501343727111816 0.513737618923187 0.52386611700058 0.525354146957397 0.517375230789185 0.51110428571701 0.512926399707794 0.519463837146759 0.52284699678421 0.526528179645538 0.534359812736511 0.553662419319153 0.571301698684692 0.58108115196228 0.586400628089905 0.580140888690948 0.559074103832245 0.541991293430328 0.531646490097046 0.541763186454773 0.565925657749176 0.573308408260345 0.57938426733017 0.592745244503021 0.603873908519745
0.53307056427002 0.534400284290314 0.532610177993774 0.530969858169556 0.525849461555481 0.522153079509735 0.520862758159637 0.51889431476593 0.523718416690826 0.526520729064941 0.51605612039566 0.509158372879028 0.504163086414337 0.502784192562103 0.507800340652466 0.525515258312225 0.534158706665039 0.528729438781738 0.515937507152557 0.51763778924942 0.524886310100555 0.516560435295105 0.520535409450531 0.538554728031158 0.547604918479919 0.540740728378296 0.534678041934967 0.530756235122681 0.53670859336853 0.54093873500824 0.543263733386993 0.55065256357193 0.563746869564056 0.575526416301727 0.593574404716492 0.608362138271332 0.614318609237671 0.60564249753952 0.583492457866669 0.565925180912018 0.560611486434937 0.571656405925751 0.579558908939362 0.576445639133453 0.58146071434021 0.593926012516022 0.610108137130737
0.567457795143127 0.564104914665222 0.565654814243317 0.569194972515106 0.567941188812256 0.557451725006104 0.551775574684143 0.550979733467102 0.552431225776672 0.551036179065704 0.544244885444641 0.541869461536407 0.542966187000275 0.540571391582489 0.532328069210052 0.528901815414429 0.528242409229279 0.534971594810486 0.542191743850708 0.554608404636383 0.561304271221161 0.555857956409454 0.552949011325836 0.551968336105347 0.55771392583847 0.556046009063721 0.551599383354187 0.549180567264557 0.548860549926758 0.549514651298523 0.567605197429657 0.579197347164154 0.582490205764771 0.587910830974579 0.59636914730072 0.609680414199829 0.61556214094162 0.605778932571411 0.59157806634903 0.579925358295441 0.579537332057953 0.588428437709808 0.584109783172607 0.574182689189911 0.577752351760864 0.589264512062073 0.601871728897095
0.591321289539337 0.588608860969543 0.590457081794739 0.589264988899231 0.584604561328888 0.576098561286926 0.579800844192505 0.577861905097961 0.566442489624023 0.571206510066986 0.573171734809875 0.566744983196259 0.559221863746643 0.55458003282547 0.544642984867096 0.540836572647095 0.544347286224365 0.555309534072876 0.573232889175415 0.588264167308807 0.583527982234955 0.572569787502289 0.571075081825256 0.571180760860443 0.576627314090729 0.575793921947479 0.564112186431885 0.554736137390137 0.571800649166107 0.580402493476868 0.568222641944885 0.572591125965118 0.583857953548431 0.587447762489319 0.586162507534027 0.592397749423981 0.59735769033432 0.590091526508331 0.585140228271484 0.584865152835846 0.586674094200134 0.587787568569183 0.578977525234222 0.56971949338913 0.572740972042084 0.57906049489975 0.578784584999084
0.623928189277649 0.621403396129608 0.616434395313263 0.607563078403473 0.597985327243805 0.59089869260788 0.597105741500854 0.592640280723572 0.577809810638428 0.586243510246277 0.586937010288239 0.567877769470215 0.55420845746994 0.555814445018768 0.559302806854248 0.567831814289093 0.574402332305908 0.573825061321259 0.583009123802185 0.589181780815125 0.58862179517746 0.588433861732483 0.589823603630066 0.592403471469879 0.593586325645447 0.59142130613327 0.578929424285889 0.566197633743286 0.563462674617767 0.573098480701447 0.568953216075897 0.572485387325287 0.583880364894867 0.583543360233307 0.570858836174011 0.559461891651154 0.557210505008698 0.56140547990799 0.569063186645508 0.576509952545166 0.586856126785278 0.586221933364868 0.578951060771942 0.5748131275177 0.577639281749725 0.576354801654816 0.567867398262024
0.646141648292542 0.643537878990173 0.637576401233673 0.628137409687042 0.612630307674408 0.599856734275818 0.600206613540649 0.600871682167053 0.591751635074615 0.588480770587921 0.586875736713409 0.570518851280212 0.555330395698547 0.55743545293808 0.571842968463898 0.587153434753418 0.583060324192047 0.571721851825714 0.574995040893555 0.578326225280762 0.58297336101532 0.591567397117615 0.588335514068604 0.582111001014709 0.582573533058167 0.584240436553955 0.579841196537018 0.573928713798523 0.567187368869781 0.575964152812958 0.590054392814636 0.58203387260437 0.576684951782227 0.562422931194305 0.534660458564758 0.519017457962036 0.523749351501465 0.543560564517975 0.556104302406311 0.556364595890045 0.58169960975647 0.601706266403198 0.602488279342651 0.603828251361847 0.603097438812256 0.593427062034607 0.579621851444244
0.637201130390167 0.640507280826569 0.643717586994171 0.639439165592194 0.626653969287872 0.608189225196838 0.601371645927429 0.609156548976898 0.602816820144653 0.58848249912262 0.583878219127655 0.580158591270447 0.571038126945496 0.564774036407471 0.570112943649292 0.578901469707489 0.571962296962738 0.556387484073639 0.562677681446075 0.567968547344208 0.571818888187408 0.577316999435425 0.576420068740845 0.567491352558136 0.560352087020874 0.558381736278534 0.564105570316315 0.579663693904877 0.591302216053009 0.588881552219391 0.581311583518982 0.579738557338715 0.573520183563232 0.561648547649384 0.527013838291168 0.505158841609955 0.511198401451111 0.537890911102295 0.557965219020844 0.567625403404236 0.59646087884903 0.611880123615265 0.610830783843994 0.616722524166107 0.62482100725174 0.62874037027359 0.61678022146225
0.618965804576874 0.617893755435944 0.626424551010132 0.634118139743805 0.631917953491211 0.622216045856476 0.61409717798233 0.616606950759888 0.609567165374756 0.592380702495575 0.586198568344116 0.59027761220932 0.589512407779694 0.573950231075287 0.553473174571991 0.543638944625854 0.536921322345734 0.535979092121124 0.549805223941803 0.567859709262848 0.569648146629333 0.565848648548126 0.569354057312012 0.575778663158417 0.57956337928772 0.575359284877777 0.575609922409058 0.585377395153046 0.606812119483948 0.622032284736633 0.614683389663696 0.599337100982666 0.579033076763153 0.561011672019958 0.536905944347382 0.515161037445068 0.517933368682861 0.531164348125458 0.548462569713593 0.557746529579163 0.573185563087463 0.576975107192993 0.572429001331329 0.571905016899109 0.574462413787842 0.580888211727142 0.585057199001312
0.610647320747375 0.614627063274384 0.620191335678101 0.625283718109131 0.625372171401978 0.622782468795776 0.609628975391388 0.599176466464996 0.605216085910797 0.60392814874649 0.595405042171478 0.589561998844147 0.581795334815979 0.566113829612732 0.5341637134552 0.512729942798615 0.516547918319702 0.525326192378998 0.539932429790497 0.560612261295319 0.57507985830307 0.58669376373291 0.589646756649017 0.594619631767273 0.601709485054016 0.602385878562927 0.600814700126648 0.601387023925781 0.62504506111145 0.63490092754364 0.603483498096466 0.570000827312469 0.534125685691833 0.507044315338135 0.49990776181221 0.476916909217834 0.465922176837921 0.47657984495163 0.49967560172081 0.484874159097672 0.468459576368332 0.481310039758682 0.480846911668777 0.455549716949463 0.435148864984512 0.440064340829849 0.465151458978653
0.628185570240021 0.626614272594452 0.620804071426392 0.619805574417114 0.61858332157135 0.607396185398102 0.602264940738678 0.601605176925659 0.60767650604248 0.611105620861053 0.598904252052307 0.579289555549622 0.569344341754913 0.568765997886658 0.555749893188477 0.537193596363068 0.531621932983398 0.532358527183533 0.551315665245056 0.571568131446838 0.574373781681061 0.577915489673615 0.573710381984711 0.566653788089752 0.567271769046783 0.563528120517731 0.562215745449066 0.560969650745392 0.560462832450867 0.540571749210358 0.50182968378067 0.479440242052078 0.441731512546539 0.417550414800644 0.419213622808456 0.414084702730179 0.414672791957855 0.432702153921127 0.445885062217712 0.420294672250748 0.395477801561356 0.396582275629044 0.389798223972321 0.367039501667023 0.346701264381409 0.344690829515457 0.356852412223816
