data/1_raw/trimmed_ndre/Od_ndre.724.2013_no_clouds.asc
NCOLS 144 
NROWS 65 
XLLCORNER 512965 
YLLCORNER 5150865 
CELLSIZE 5 
NODATA_value -3.4e+38 
[rows 21 to 41 of 65, columns 47 to 93 of 144]
0.209979951381683 0.210929855704308 0.231872245669365 0.224041536450386 0.224041536450386 0.208388343453407 0.213836565613747 0.20122666656971 0.206116035580635 0.2335015386343 0.215395048260689 0.205973654985428 0.205973654985428 0.235273495316505 0.204299300909042 0.200257778167725 0.211965426802635 0.214036628603935 0.215187296271324 0.210795015096664 0.205795079469681 0.203592568635941 0.201789617538452 0.185636222362518 0.201544165611267 0.206456556916237 0.197352603077888 0.197352603077888 0.187280401587486 0.176216751337051 0.202051192522049 0.202051192522049 0.18526928126812 0.180604070425034 0.161301895976067 0.161298155784607 0.168776422739029 0.17887319624424 0.176758378744125 0.164548605680466 0.157424762845039 0.15135982632637 0.15135982632637 0.131797403097153 0.144986107945442 0.135161384940147 0.135161384940147
0.209983855485916 0.209979951381683 0.226457953453064 0.220457196235657 0.211302548646927 0.211302548646927 0.227123513817787 0.201230004429817 0.225950658321381 0.225950658321381 0.231261670589447 0.242829993367195 0.204166203737259 0.204166203737259 0.211007535457611 0.196317315101624 0.196317315101624 0.214162915945053 0.192813664674759 0.187340632081032 0.187340632081032 0.188740670681 0.195880815386772 0.195688039064407 0.195688039064407 0.192188635468483 0.186017751693726 0.186979949474335 0.188979715108871 0.176220491528511 0.175716936588287 0.165919005870819 0.165919005870819 0.164697453379631 0.160050615668297 0.17280325293541 0.168782979249954 0.157530292868614 0.153788983821869 0.153788983821869 0.13710068166256 0.151856511831284 0.141660198569298 0.131803765892982 0.136833876371384 0.128255367279053 0.126889571547508
0.202470898628235 0.212106943130493 0.212106943130493 0.215109795331955 0.20605431497097 0.221996501088142 0.227123513817787 0.220125585794449 0.221985831856728 0.221985831856728 0.214033424854279 0.206781536340714 0.200649261474609 0.204166203737259 0.21005354821682 0.197317719459534 0.203108787536621 0.203108787536621 0.200790122151375 0.19219383597374 0.191714823246002 0.191714823246002 0.186319708824158 0.181336745619774 0.177043274044991 0.177043274044991 0.184372365474701 0.186979949474335 0.184804916381836 0.171242162585258 0.162687852978706 0.162864327430725 0.162864327430725 0.166359096765518 0.160050615668297 0.152584597468376 0.152580782771111 0.146049097180367 0.134849354624748 0.127786979079247 0.140410125255585 0.151856511831284 0.131424710154533 0.127747967839241 0.127747967839241 0.145731776952744 0.147133216261864
0.198254466056824 0.203809142112732 0.191830202937126 0.215059638023376 0.206057772040367 0.206944495439529 0.206944495439529 0.211762174963951 0.19083771109581 0.201411351561546 0.200355589389801 0.206785023212433 0.211813285946846 0.203162863850594 0.203162863850594 0.188566297292709 0.198111444711685 0.195908963680267 0.200792714953423 0.187158435583115 0.183371916413307 0.183085605502129 0.183085605502129 0.187937259674072 0.180281355977058 0.177046656608582 0.182360380887985 0.167554631829262 0.167559564113617 0.167559564113617 0.166027516126633 0.164540991187096 0.152053967118263 0.152053967118263 0.159254774451256 0.140724912285805 0.145474016666412 0.145474016666412 0.141583025455475 0.127793073654175 0.13520011305809 0.135197788476944 0.137053206562996 0.138899594545364 0.145708411931992 0.145708411931992 0.147139772772789
0.174849092960358 0.171907335519791 0.191830202937126 0.191830202937126 0.185105204582214 0.177700743079185 0.188701972365379 0.188698574900627 0.171067133545876 0.201411351561546 0.200959891080856 0.200959891080856 0.195761114358902 0.195601463317871 0.194861546158791 0.194861546158791 0.198111444711685 0.183858796954155 0.185521945357323 0.185521945357323 0.182290434837341 0.174524039030075 0.174524039030075 0.187937259674072 0.168860554695129 0.1645417958498 0.1645417958498 0.151862859725952 0.156701609492302 0.14821957051754 0.166027516126633 0.154623344540596 0.146907225251198 0.146836563944817 0.146836563944817 0.144307374954224 0.137763381004333 0.153430745005608 0.141583025455475 0.137409180402756 0.132179826498032 0.132177516818047 0.146640673279762 0.149926066398621 0.147377341985703 0.145708411931992 0.155120715498924
0.178218826651573 0.17191256582737 0.175738453865051 0.163315519690514 0.163313552737236 0.157409638166428 0.161966174840927 0.174455553293228 0.171070516109467 0.17738102376461 0.182485237717628 0.18413719534874 0.18413719534874 0.184128522872925 0.208723083138466 0.194861546158791 0.168957784771919 0.177320078015327 0.171480417251587 0.171480417251587 0.163136422634125 0.174526557326317 0.185451164841652 0.185451164841652 0.162919983267784 0.152200862765312 0.155635133385658 0.1556326597929 0.15505550801754 0.148222923278809 0.142193406820297 0.142193406820297 0.148091867566109 0.142420664429665 0.142420664429665 0.131245374679565 0.137766763567924 0.159963324666023 0.159963324666023 0.148900762200356 0.142212897539139 0.145009279251099 0.141656160354614 0.149928361177444 0.154061049222946 0.165716156363487 0.165716156363487
0.167409047484398 0.167406186461449 0.171009659767151 0.153780594468117 0.156880557537079 0.162465035915375 0.161966174840927 0.158073171973228 0.168506324291229 0.168506324291229 0.162672743201256 0.156366899609566 0.18413719534874 0.184128522872925 0.186467155814171 0.174162894487381 0.174162894487381 0.157716646790504 0.171527817845345 0.156374424695969 0.163136422634125 0.163564652204514 0.156436115503311 0.147717952728271 0.147717952728271 0.148813754320145 0.144083961844444 0.1556326597929 0.149536803364754 0.137952625751495 0.145099937915802 0.145099937915802 0.150882214307785 0.14737157523632 0.143346294760704 0.143346294760704 0.137813165783882 0.153203874826431 0.154281333088875 0.154281333088875 0.132266342639923 0.145009279251099 0.150468930602074 0.150468930602074 0.173661261796951 0.194539397954941 0.216247528791428
0.168506875634193 0.159775361418724 0.15977169573307 0.138748183846474 0.156885802745819 0.156885802745819 0.159359306097031 0.160925075411797 0.167266830801964 0.167266830801964 0.161085918545723 0.156370386481285 0.178567335009575 0.178567335009575 0.169081404805183 0.150229349732399 0.150801807641983 0.150801807641983 0.171531230211258 0.136228561401367 0.150598734617233 0.150598734617233 0.146682381629944 0.152200877666473 0.152200877666473 0.148817181587219 0.144087255001068 0.148833438754082 0.148833438754082 0.149796009063721 0.154629275202751 0.162434905767441 0.150884672999382 0.150641694664955 0.148671597242355 0.153992086648941 0.153992086648941 0.149915590882301 0.15969118475914 0.141348794102669 0.141348794102669 0.136195942759514 0.159306824207306 0.180852130055428 0.180849596858025 0.213191837072372 0.238644078373909
0.161193504929543 0.149695783853531 0.146428525447845 0.144428804516792 0.150357112288475 0.154677972197533 0.154677972197533 0.142644137144089 0.146644726395607 0.141100287437439 0.161085918545723 0.134991109371185 0.147618442773819 0.140570506453514 0.140567108988762 0.135934993624687 0.137232169508934 0.149284839630127 0.149284839630127 0.142488300800323 0.145530119538307 0.145530119538307 0.142182722687721 0.150521203875542 0.156655743718147 0.156655743718147 0.134004563093185 0.140974685549736 0.149298593401909 0.149298593401909 0.154575005173683 0.162434905767441 0.137247249484062 0.137247249484062 0.146952956914902 0.151456326246262 0.156518146395683 0.153238788247108 0.15969118475914 0.139451414346695 0.139451414346695 0.142021685838699 0.17085437476635 0.191805809736252 0.195921942591667 0.213191837072372 0.239611953496933
0.162857189774513 0.149701744318008 0.145391583442688 0.145391583442688 0.148884862661362 0.158887788653374 0.14104862511158 0.141045153141022 0.146649897098541 0.129816308617592 0.150410905480385 0.150410905480385 0.151059255003929 0.146414518356323 0.137157887220383 0.135938331484795 0.155459523200989 0.138130009174347 0.138130009174347 0.12375096231699 0.150629773736 0.150570511817932 0.14218607544899 0.152724042534828 0.161593064665794 0.148479297757149 0.148479297757149 0.15548549592495 0.162829160690308 0.156814023852348 0.156814023852348 0.154741823673248 0.169256716966629 0.169256716966629 0.169054314494133 0.171821534633636 0.156521484255791 0.156521484255791 0.162438243627548 0.148204177618027 0.152833551168442 0.152833551168442 0.186677426099777 0.19180916249752 0.236261978745461 0.236261978745461 0.261869490146637
0.163944825530052 0.160216853022575 0.159906551241875 0.156978696584702 0.156978696584702 0.175329983234406 0.14104862511158 0.146599277853966 0.146596565842628 0.146596193313599 0.146506205201149 0.146506205201149 0.142445221543312 0.146414518356323 0.13305039703846 0.13305039703846 0.14983469247818 0.147754266858101 0.137901425361633 0.13789801299572 0.150629773736 0.143795296549797 0.146637618541718 0.146637618541718 0.15554578602314 0.170895904302597 0.177139922976494 0.15548549592495 0.157186686992645 0.167948365211487 0.167948365211487 0.17544661462307 0.163896635174751 0.169541135430336 0.169054314494133 0.182526811957359 0.178071230649948 0.15996378660202 0.15996378660202 0.138619884848595 0.150516122579575 0.170992836356163 0.170992836356163 0.237367510795593 0.255896955728531 0.273207694292068 0.273207694292068
0.169494107365608 0.169494107365608 0.162060245871544 0.158064633607864 0.156925529241562 0.173196613788605 0.159212246537209 0.170064255595207 0.170061469078064 0.176211699843407 0.144801899790764 0.127714663743973 0.13787679374218 0.136661186814308 0.136831045150757 0.152614012360573 0.152614012360573 0.149433806538582 0.136235252022743 0.165377005934715 0.165380403399467 0.160357430577278 0.162869274616241 0.162869274616241 0.160535350441933 0.16221672296524 0.183542430400848 0.183542430400848 0.162355840206146 0.164747506380081 0.180211424827576 0.180211424827576 0.168975546956062 0.169544473290443 0.178391456604004 0.178391456604004 0.176557794213295 0.17170450091362 0.153938993811607 0.14211793243885 0.1505196839571 0.175304412841797 0.23211345076561 0.23211345076561 0.264542907476425 0.27072748541832 0.257183879613876
0.177599906921387 0.177598565816879 0.150620147585869 0.158071607351303 0.166594237089157 0.166594237089157 0.158598974347115 0.158779352903366 0.163374036550522 0.152574002742767 0.144811496138573 0.153428256511688 0.148094937205315 0.148094937205315 0.146464005112648 0.153739273548126 0.147803530097008 0.149437591433525 0.154183626174927 0.152911201119423 0.152911201119423 0.155062094330788 0.183061614632607 0.169122114777565 0.160535350441933 0.172212019562721 0.176425635814667 0.15439261496067 0.15439261496067 0.164637446403503 0.171630725264549 0.17432613670826 0.17432613670826 0.192364066839218 0.194651633501053 0.185669183731079 0.185669183731079 0.170016005635262 0.153938993811607 0.153938993811607 0.164115145802498 0.19856670498848 0.230524063110352 0.230524063110352 0.253692120313644 0.27072748541832 0.251515209674835
0.204691112041473 0.162466555833817 0.162466555833817 0.17609129846096 0.18631848692894 0.191647678613663 0.191647678613663 0.189825281500816 0.163374036550522 0.170821711421013 0.170821711421013 0.167688116431236 0.159624323248863 0.159624323248863 0.173910796642303 0.153739273548126 0.138923794031143 0.138921916484833 0.179544612765312 0.170060709118843 0.170927748084068 0.145040154457092 0.183061614632607 0.190509885549545 0.193873375654221 0.193873375654221 0.191029220819473 0.185528352856636 0.20498862862587 0.164637446403503 0.191949933767319 0.186000734567642 0.186000734567642 0.217490315437317 0.223583891987801 0.205384030938148 0.185669183731079 0.183182790875435 0.162607043981552 0.168510392308235 0.168510392308235 0.195376843214035 0.245102554559708 0.263150125741959 0.263150125741959 0.27424743771553 0.257573753595352
0.223691701889038 0.218329027295113 0.214454352855682 0.214454352855682 0.219419032335281 0.21745753288269 0.23318350315094 0.190872192382812 0.154424220323563 0.176291644573212 0.176291644573212 0.194935381412506 0.184712097048759 0.21766197681427 0.179586306214333 0.186907589435577 0.162458389997482 0.194404721260071 0.194404721260071 0.183042824268341 0.218868419528008 0.20124688744545 0.20124688744545 0.213548257946968 0.218694224953651 0.203928530216217 0.203928530216217 0.214392825961113 0.204992100596428 0.204992100596428 0.221067026257515 0.230147704482079 0.244247525930405 0.244247525930405 0.214591309428215 0.205387577414513 0.198040515184402 0.198040515184402 0.174546629190445 0.183534845709801 0.195692703127861 0.204460397362709 0.245106220245361 0.274830639362335 0.290201604366302 0.290198028087616 0.271688908338547
0.25887393951416 0.238472014665604 0.223870322108269 0.211598128080368 0.22122710943222 0.21745753288269 0.21588921546936 0.21588921546936 0.193625509738922 0.175567463040352 0.185439005494118 0.182094365358353 0.184712097048759 0.19031548500061 0.204571738839149 0.20456762611866 0.199404984712601 0.16867370903492 0.198966532945633 0.183042824268341 0.204254522919655 0.20289446413517 0.191397204995155 0.19213792681694 0.197891905903816 0.196911618113518 0.203928530216217 0.19346684217453 0.190504595637321 0.210989832878113 0.210989832878113 0.207713484764099 0.209970086812973 0.224629953503609 0.224629953503609 0.188154369592667 0.176609054207802 0.156361177563667 0.156361177563667 0.167371302843094 0.195692703127861 0.219283640384674 0.219283640384674 0.241681486368179 0.247297570109367 0.229988396167755 0.242472141981125
0.244747713208199 0.237474024295807 0.193238034844398 0.221230894327164 0.221230894327164 0.218714103102684 0.220779344439507 0.195540964603424 0.195540964603424 0.168351784348488 0.185443475842476 0.176013737916946 0.176009312272072 0.179487153887749 0.18534979224205 0.191252648830414 0.170231327414513 0.168683797121048 0.185750663280487 0.185746774077415 0.173694655299187 0.180310964584351 0.171339839696884 0.176679044961929 0.197898089885712 0.185205951333046 0.182137563824654 0.182135596871376 0.176718324422836 0.198032185435295 0.212856635451317 0.207717552781105 0.200073584914207 0.175141632556915 0.151176199316978 0.151176199316978 0.158333614468575 0.167082563042641 0.156365185976028 0.166229441761971 0.179951995611191 0.206902474164963 0.206902474164963 0.247115880250931 0.277686983346939 0.228624612092972 0.228624612092972
0.281745731830597 0.237474024295807 0.240144833922386 0.246638223528862 0.251214683055878 0.251211106777191 0.265219330787659 0.249797761440277 0.204563274979591 0.204561769962311 0.197564244270325 0.180360555648804 0.180356249213219 0.182077959179878 0.182913675904274 0.191252648830414 0.191252648830414 0.157067775726318 0.186263546347618 0.182562187314034 0.182562187314034 0.209068104624748 0.171339839696884 0.169189006090164 0.169185727834702 0.168296054005623 0.181316077709198 0.208585277199745 0.208585277199745 0.20840610563755 0.20980803668499 0.20980803668499 0.19162717461586 0.178035885095596 0.166430279612541 0.166430279612541 0.172834858298302 0.167082563042641 0.201582431793213 0.201582431793213 0.25152325630188 0.294407486915588 0.31310185790062 0.292519271373749 0.277686983346939 0.293862372636795 0.315825432538986
0.281753331422806 0.283190220594406 0.283190220594406 0.276000916957855 0.263204336166382 0.263204336166382 0.268808424472809 0.249801352620125 0.232699602842331 0.232699602842331 0.213456407189369 0.190356135368347 0.186233386397362 0.20509934425354 0.182919502258301 0.18753756582737 0.164007276296616 0.164007276296616 0.175028383731842 0.187624245882034 0.230759173631668 0.20907536149025 0.188802301883698 0.181768089532852 0.181764185428619 0.171851292252541 0.203347444534302 0.228113412857056 0.208590731024742 0.223567083477974 0.21760730445385 0.190643936395645 0.190646827220917 0.161710828542709 0.173766389489174 0.165793567895889 0.165793567895889 0.159821346402168 0.197486311197281 0.272923231124878 0.272923231124878 0.323231935501099 0.31310185790062 0.319785326719284 0.319785326719284 0.323542833328247 0.344996482133865
0.307542115449905 0.311334609985352 0.311334609985352 0.306345999240875 0.29019832611084 0.277042716741562 0.277042716741562 0.280676901340485 0.261192798614502 0.236973166465759 0.236973166465759 0.210237145423889 0.186233386397362 0.172722578048706 0.172722578048706 0.174458876252174 0.159563317894936 0.159563317894936 0.18762418627739 0.187624245882034 0.222491353750229 0.222491353750229 0.213678747415543 0.214212134480476 0.214089974761009 0.197396785020828 0.203347444534302 0.24303711950779 0.23538875579834 0.23538875579834 0.195007994771004 0.176852956414223 0.161710828542709 0.161710828542709 0.166727289557457 0.163904309272766 0.167807921767235 0.180763840675354 0.220750212669373 0.297901749610901 0.272923231124878 0.317855536937714 0.3305284678936 0.337621927261353 0.337621927261353 0.344755113124847 0.376924842596054
0.286024808883667 0.292057454586029 0.311769217252731 0.306350886821747 0.291142076253891 0.292648196220398 0.293387919664383 0.293387919664383 0.301894426345825 0.276532799005508 0.213476091623306 0.213476091623306 0.194311246275902 0.16883496940136 0.16883160173893 0.16526934504509 0.155104860663414 0.170471057295799 0.17046707868576 0.199264168739319 0.24755197763443 0.254274964332581 0.254270106554031 0.253878086805344 0.214097559452057 0.241002917289734 0.241002917289734 0.265425801277161 0.265063434839249 0.243179485201836 0.207600802183151 0.176859647035599 0.152291864156723 0.152291864156723 0.166690185666084 0.185566261410713 0.206104069948196 0.206104069948196 0.220750212669373 0.276441246271133 0.313089042901993 0.313085108995438 0.327232182025909 0.347316145896912 0.371840506792068 0.344755113124847 0.364461094141006
