data/1_raw/trimmed_ndre/Od_ndre.83.2011_no_clouds.asc
NCOLS 144 
NROWS 65 
XLLCORNER 512965 
YLLCORNER 5150865 
CELLSIZE 5 
NODATA_value -3.4e+38 
[rows 42 to 62 of 65, columns 47 to 93 of 144]
0.207773506641388 0.198205053806305 0.21317432820797 0.20846201479435 0.201907053589821 0.209446042776108 0.215670391917229 0.224145665764809 0.223610132932663 0.211862057447433 0.204522743821144 0.189741343259811 0.168356567621231 0.163562387228012 0.168805181980133 0.179522454738617 0.178045257925987 0.17963582277298 0.185466542840004 0.19292901456356 0.203961119055748 0.196979567408562 0.203656420111656 0.211721614003181 0.201682314276695 0.20046566426754 0.196921616792679 0.179158747196198 0.181174144148827 0.197034865617752 0.203795164823532 0.203358337283134 0.209634929895401 0.210272073745728 0.209087908267975 0.222148865461349 0.242891743779182 0.264065563678741 0.291225105524063 0.296768546104431 0.294707417488098 0.265497148036957 0.247568264603615 0.252257645130157 0.270813822746277 0.284846663475037 0.278635650873184
0.196287855505943 0.192806795239449 0.217329472303391 0.209562733769417 0.198679193854332 0.208109885454178 0.215958371758461 0.216164126992226 0.201448246836662 0.1986163854599 0.204068943858147 0.196008682250977 0.185653403401375 0.178562417626381 0.177575513720512 0.184807732701302 0.181575447320938 0.191288724541664 0.198454886674881 0.20384980738163 0.222381725907326 0.22689762711525 0.214123591780663 0.207068055868149 0.21194326877594 0.213927760720253 0.209607511758804 0.210835844278336 0.212559089064598 0.222583785653114 0.226490944623947 0.226962208747864 0.252585142850876 0.240624517202377 0.210682258009911 0.218009024858475 0.24719874560833 0.242285847663879 0.247559666633606 0.274817585945129 0.266632169485092 0.231832683086395 0.242545321583748 0.271769970655441 0.276152908802032 0.312076479196548 0.328903615474701
0.192702755331993 0.200107485055923 0.204725682735443 0.199270844459534 0.198427617549896 0.199109390377998 0.196650817990303 0.194397002458572 0.181652784347534 0.191192924976349 0.208086177706718 0.209293588995934 0.188031315803528 0.183005884289742 0.189215704798698 0.189751863479614 0.184840828180313 0.213934153318405 0.217358976602554 0.202818691730499 0.21607606112957 0.238993257284164 0.220745027065277 0.203018873929977 0.2236068546772 0.219886660575867 0.234128966927528 0.248565629124641 0.2395378947258 0.245826661586761 0.238730013370514 0.243687629699707 0.269970268011093 0.263423204421997 0.246677652001381 0.246090829372406 0.252127587795258 0.237218856811523 0.216497078537941 0.230208575725555 0.239273622632027 0.235877454280853 0.24195995926857 0.263835668563843 0.277210146188736 0.31613427400589 0.341454178094864
0.210774898529053 0.203042611479759 0.197596967220306 0.202103316783905 0.205272242426872 0.202591121196747 0.204265251755714 0.205250665545464 0.197866156697273 0.201846107840538 0.211303114891052 0.22084741294384 0.214643329381943 0.216444760560989 0.219359934329987 0.201404497027397 0.189109653234482 0.215679556131363 0.226983308792114 0.221725165843964 0.222492232918739 0.23659360408783 0.220819041132927 0.21872341632843 0.228295296430588 0.205910935997963 0.227759763598442 0.238426342606544 0.236437693238258 0.248089924454689 0.23690140247345 0.248549297451973 0.276339113712311 0.293225407600403 0.301951467990875 0.273378372192383 0.257234185934067 0.240803048014641 0.203687593340874 0.21038444340229 0.233837634325027 0.238984256982803 0.220185324549675 0.23382493853569 0.258012145757675 0.263201892375946 0.276155203580856
0.204631298780441 0.205089002847672 0.21264323592186 0.218737527728081 0.212249383330345 0.200432077050209 0.20568060874939 0.221686586737633 0.227367386221886 0.225250616669655 0.218884065747261 0.221779763698578 0.232197195291519 0.241819709539413 0.242897689342499 0.228056490421295 0.211997255682945 0.216479554772377 0.215047463774681 0.213229298591614 0.215089127421379 0.227680325508118 0.222885504364967 0.222814172506332 0.224732026457787 0.209047242999077 0.211889326572418 0.208581194281578 0.22523657977581 0.247639611363411 0.24325430393219 0.262438774108887 0.286907166242599 0.305773079395294 0.308522254228592 0.265630066394806 0.246872514486313 0.231584206223488 0.206576973199844 0.214087560772896 0.20804625749588 0.213733345270157 0.224223300814629 0.228422552347183 0.220453858375549 0.197754412889481 0.198572054505348
0.22535352408886 0.230853721499443 0.238950446248055 0.250949442386627 0.245167285203934 0.228746265172958 0.227571070194244 0.230860203504562 0.236498638987541 0.242818504571915 0.241632834076881 0.237724453210831 0.247401282191277 0.251929104328156 0.252967149019241 0.248259663581848 0.232916876673698 0.220985725522041 0.212434366345406 0.199399545788765 0.189703539013863 0.210767209529877 0.230949446558952 0.213457748293877 0.207065805792809 0.210073381662369 0.206058263778687 0.206459313631058 0.212612882256508 0.22294607758522 0.229358926415443 0.25035434961319 0.271031856536865 0.280096620321274 0.282161384820938 0.253118544816971 0.232325226068497 0.212925732135773 0.202951595187187 0.20403565466404 0.180592864751816 0.20544821023941 0.230362355709076 0.206322550773621 0.206098005175591 0.194572687149048 0.182478472590446
0.268048852682114 0.276591509580612 0.282893896102905 0.286726742982864 0.274642646312714 0.261822670698166 0.257575511932373 0.249409556388855 0.248581305146217 0.25177589058876 0.255472511053085 0.248861655592918 0.248560190200806 0.250422596931458 0.255617260932922 0.257862091064453 0.232324093580246 0.220212146639824 0.224949955940247 0.21762028336525 0.212012022733688 0.212695851922035 0.219449311494827 0.20015324652195 0.190769165754318 0.196435481309891 0.203786596655846 0.204744875431061 0.191364616155624 0.190287843346596 0.202304974198341 0.211932986974716 0.232705220580101 0.242649480700493 0.241311803460121 0.222482457756996 0.203096196055412 0.186983048915863 0.185599029064178 0.201822817325592 0.181824043393135 0.196088925004005 0.210007503628731 0.191468596458435 0.212763339281082 0.218852713704109 0.196623295545578
0.285762786865234 0.284347951412201 0.280583918094635 0.273882359266281 0.262058168649673 0.26078137755394 0.262259095907211 0.249192386865616 0.241373121738434 0.236390635371208 0.23886039853096 0.245222538709641 0.244322881102562 0.236714422702789 0.238272458314896 0.230553805828094 0.202870696783066 0.204797297716141 0.207385644316673 0.199735924601555 0.194948926568031 0.195148110389709 0.203307330608368 0.207282036542892 0.205426618456841 0.190616056323051 0.188258558511734 0.198299020528793 0.189969807863235 0.186746969819069 0.19906148314476 0.209269851446152 0.214192852377892 0.217868834733963 0.210025057196617 0.19928389787674 0.187087148427963 0.19980862736702 0.193498849868774 0.203220695257187 0.201880916953087 0.193030551075935 0.203774973750114 0.189604341983795 0.193185299634933 0.216185063123703 0.213141605257988
0.272131025791168 0.250083088874817 0.240224123001099 0.231493026018143 0.230603143572807 0.237826183438301 0.236515313386917 0.22164061665535 0.218570485711098 0.215495035052299 0.205391958355904 0.206107169389725 0.213537946343422 0.209029167890549 0.215235903859138 0.206347420811653 0.189629256725311 0.203642085194588 0.203481182456017 0.196307167410851 0.190306797623634 0.193814814090729 0.197178080677986 0.200993493199348 0.208323046565056 0.194989129900932 0.187562465667725 0.199221014976501 0.207128971815109 0.205193653702736 0.198367476463318 0.201413482427597 0.20619510114193 0.203836247324944 0.200054302811623 0.202389881014824 0.187395244836807 0.198036894202232 0.193928807973862 0.202761381864548 0.220687001943588 0.220779746770859 0.223379403352737 0.217349782586098 0.215857267379761 0.228896945714951 0.234114184975624
0.247949689626694 0.227361544966698 0.235646829009056 0.236124321818352 0.221093684434891 0.215770795941353 0.214164063334465 0.203012734651566 0.203927263617516 0.20157054066658 0.189824998378754 0.181072816252708 0.186042547225952 0.193166479468346 0.201105415821075 0.199151203036308 0.198069512844086 0.207326397299767 0.203393295407295 0.211398139595985 0.210290104150772 0.190880164504051 0.185746252536774 0.193886160850525 0.20974825322628 0.210851103067398 0.200432926416397 0.19469091296196 0.194912269711494 0.20006151497364 0.19714942574501 0.200883388519287 0.199093416333199 0.194098904728889 0.195411786437035 0.209590122103691 0.187642857432365 0.180957347154617 0.194874554872513 0.202053979039192 0.2205930352211 0.223726093769073 0.220344886183739 0.233175799250603 0.238412514328957 0.235439136624336 0.228462144732475
0.235402777791023 0.230435952544212 0.219325676560402 0.219866424798965 0.220893934369087 0.219331488013268 0.223250612616539 0.20471166074276 0.19737808406353 0.210609450936317 0.220513090491295 0.199062079191208 0.195688426494598 0.205125749111176 0.199551731348038 0.201315313577652 0.209307238459587 0.209193706512451 0.198830112814903 0.205331146717072 0.206630885601044 0.195419803261757 0.201052501797676 0.202288776636124 0.208250448107719 0.209535479545593 0.201813012361526 0.198098286986351 0.193790823221207 0.203650295734406 0.212078809738159 0.205963790416718 0.186408624053001 0.191046386957169 0.208793371915817 0.212024927139282 0.195210754871368 0.189445316791534 0.205040156841278 0.200677901506424 0.213520213961601 0.219577774405479 0.221083953976631 0.231315463781357 0.234988123178482 0.234493210911751 0.231139481067657
0.210725963115692 0.210125222802162 0.21036159992218 0.208772748708725 0.210323587059975 0.216593042016029 0.221731260418892 0.219394475221634 0.212112635374069 0.21684105694294 0.22632260620594 0.201926603913307 0.194348827004433 0.201639145612717 0.200544878840446 0.19110332429409 0.205575481057167 0.215066254138947 0.200984060764313 0.196013852953911 0.211648091673851 0.21233643591404 0.213195905089378 0.209915161132812 0.204183623194695 0.195560529828072 0.205035239458084 0.222703605890274 0.216357231140137 0.217904716730118 0.230921477079391 0.218073278665543 0.186958074569702 0.20916074514389 0.221694990992546 0.205065071582794 0.21503934264183 0.211387544870377 0.215917825698853 0.220498383045197 0.228183656930923 0.229981318116188 0.230863243341446 0.237655743956566 0.241164773702621 0.237425565719604 0.244025841355324
0.20456063747406 0.201662197709084 0.216250509023666 0.217823699116707 0.203387007117271 0.203894823789597 0.217509940266609 0.220303773880005 0.218706756830215 0.193636268377304 0.205865785479546 0.223423883318901 0.201788827776909 0.195430994033813 0.19578517973423 0.179550603032112 0.20247446000576 0.228308141231537 0.208853304386139 0.197102934122086 0.220779299736023 0.21618427336216 0.204688429832458 0.209614545106888 0.220175474882126 0.219329461455345 0.227405980229378 0.242832660675049 0.233234032988548 0.225929826498032 0.234624698758125 0.228010907769203 0.20813924074173 0.222985953092575 0.219448134303093 0.214684098958969 0.241069987416267 0.228618413209915 0.231676951050758 0.244768664240837 0.244361832737923 0.239206984639168 0.224928885698318 0.240073844790459 0.251861065626144 0.241740763187408 0.243634924292564
0.217378824949265 0.195954337716103 0.192029431462288 0.212543696165085 0.207673534750938 0.197824075818062 0.209714293479919 0.215082705020905 0.220301792025566 0.207158550620079 0.21213036775589 0.224652633070946 0.198729872703552 0.191619008779526 0.201608568429947 0.199524343013763 0.208094105124474 0.212069258093834 0.217658057808876 0.212116405367851 0.220287442207336 0.227808564901352 0.219744250178337 0.21706448495388 0.230969294905663 0.238986313343048 0.235655695199966 0.229676395654678 0.231975346803665 0.235903933644295 0.232408657670021 0.229899004101753 0.220903366804123 0.213856905698776 0.215809091925621 0.222650870680809 0.247455671429634 0.243911266326904 0.24134649336338 0.25716757774353 0.251411736011505 0.240294262766838 0.228450775146484 0.253772586584091 0.262573391199112 0.240354314446449 0.234759092330933
0.223074719309807 0.21434460580349 0.213262975215912 0.215899795293808 0.208443254232407 0.196704417467117 0.218406766653061 0.230641916394234 0.208197087049484 0.199087738990784 0.194155961275101 0.198034361004829 0.198022052645683 0.190563976764679 0.206806346774101 0.214175283908844 0.199762135744095 0.19520865380764 0.23185470700264 0.223212748765945 0.214711651206017 0.237124338746071 0.24513852596283 0.233899384737015 0.22895273566246 0.23728683590889 0.24857185781002 0.247720256447792 0.23706741631031 0.234473556280136 0.231300190091133 0.236830934882164 0.231858372688293 0.230623558163643 0.235981568694115 0.219852238893509 0.231945767998695 0.237613588571548 0.227902784943581 0.251248121261597 0.258264422416687 0.240531757473946 0.234124377369881 0.260974526405334 0.256185740232468 0.231476753950119 -3.4e+38
0.226284623146057 0.212500646710396 0.217541053891182 0.218645811080933 0.210885882377625 0.207705214619637 0.217956066131592 0.229740291833878 0.221358805894852 0.207146316766739 0.195422410964966 0.207684025168419 0.220365762710571 0.209748446941376 0.206192821264267 0.208213686943054 0.20757919549942 0.206154376268387 0.217804223299026 0.220749348402023 0.223007619380951 0.243096277117729 0.253663569688797 0.250404387712479 0.254690229892731 0.254560053348541 0.256865084171295 0.260198920965195 0.235806092619896 0.222961440682411 0.235838279128075 0.240907624363899 0.230394423007965 0.232280626893044 0.24312062561512 0.219136774539948 0.220339477062225 0.224815338850021 0.224248602986336 0.242312088608742 0.250034660100937 0.234287559986115 -3.4e+38 -3.4e+38 -3.4e+38 -3.4e+38 -3.4e+38
0.23649874329567 0.220348492264748 0.217474699020386 0.226370096206665 0.221199497580528 0.216247126460075 0.223433896899223 0.229212686419487 0.240431725978851 0.234085977077484 0.2211012840271 0.223275229334831 0.239943563938141 0.229797378182411 0.207022324204445 0.205044835805893 0.224572464823723 0.233993232250214 0.234201446175575 0.240726798772812 0.238181591033936 0.236826866865158 0.239909544587135 0.246425107121468 0.257247924804688 0.251079618930817 0.246295005083084 0.252569645643234 0.242820531129837 0.235831364989281 0.246529772877693 0.244153723120689 0.225219920277596 0.220865994691849 0.236161977052689 -3.4e+38 -3.4e+38 -3.4e+38 -3.4e+38 -3.4e+38 -3.4e+38 -3.4e+38 -3.4e+38 -3.4e+38 -3.4e+38 -3.4e+38 -3.4e+38
0.232791751623154 0.227958187460899 0.218641847372055 0.220072716474533 0.218056499958038 0.216783076524734 0.222713872790337 0.228349447250366 0.230900153517723 0.242317497730255 0.241022318601608 0.224889397621155 0.232101634144783 0.23484568297863 0.229939445853233 0.229665234684944 0.234067976474762 0.230756789445877 0.236287355422974 0.247028931975365 0.243006393313408 0.230541974306107 0.230309128761292 0.238416746258736 0.24131652712822 0.234765216708183 0.22766837477684 0.229319095611572 -3.4e+38 -3.4e+38 -3.4e+38 -3.4e+38 -3.4e+38 -3.4e+38 -3.4e+38 -3.4e+38 -3.4e+38 -3.4e+38 -3.4e+38 -3.4e+38 -3.4e+38 -3.4e+38 -3.4e+38 -3.4e+38 -3.4e+38 -3.4e+38 -3.4e+38
0.213053539395332 0.215193122625351 0.220620036125183 0.22335396707058 0.229264512658119 0.219215095043182 0.225135996937752 0.233353510499001 0.222698137164116 0.248013719916344 0.252930372953415 0.224838674068451 0.217868864536285 0.233371034264565 0.24461704492569 0.242528304457664 0.228916898369789 -3.4e+38 -3.4e+38 -3.4e+38 -3.4e+38 -3.4e+38 -3.4e+38 -3.4e+38 -3.4e+38 -3.4e+38 -3.4e+38 -3.4e+38 -3.4e+38 -3.4e+38 -3.4e+38 -3.4e+38 -3.4e+38 -3.4e+38 -3.4e+38 -3.4e+38 -3.4e+38 -3.4e+38 -3.4e+38 -3.4e+38 -3.4e+38 -3.4e+38 -3.4e+38 -3.4e+38 -3.4e+38 -3.4e+38 -3.4e+38
0.224097490310669 0.234805747866631 0.239319682121277 0.229398474097252 0.231022372841835 0.230229571461678 -3.4e+38 -3.4e+38 -3.4e+38 -3.4e+38 -3.4e+38 -3.4e+38 -3.4e+38 -3.4e+38 -3.4e+38 -3.4e+38 -3.4e+38 -3.4e+38 -3.4e+38 -3.4e+38 -3.4e+38 -3.4e+38 -3.4e+38 -3.4e+38 -3.4e+38 -3.4e+38 -3.4e+38 -3.4e+38 -3.4e+38 -3.4e+38 -3.4e+38 -3.4e+38 -3.4e+38 -3.4e+38 -3.4e+38 -3.4e+38 -3.4e+38 -3.4e+38 -3.4e+38 -3.4e+38 -3.4e+38 -3.4e+38 -3.4e+38 -3.4e+38 -3.4e+38 -3.4e+38 -3.4e+38
0.239923000335693 0.243248030543327 -3.4e+38 -3.4e+38 -3.4e+38 -3.4e+38 -3.4e+38 -3.4e+38 -3.4e+38 -3.4e+38 -3.4e+38 -3.4e+38 -3.4e+38 -3.4e+38 -3.4e+38 -3.4e+38 -3.4e+38 -3.4e+38 -3.4e+38 -3.4e+38 -3.4e+38 -3.4e+38 -3.4e+38 -3.4e+38 -3.4e+38 -3.4e+38 -3.4e+38 -3.4e+38 -3.4e+38 -3.4e+38 -3.4e+38 -3.4e+38 -3.4e+38 -3.4e+38 -3.4e+38 -3.4e+38 -3.4e+38 -3.4e+38 -3.4e+38 -3.4e+38 -3.4e+38 -3.4e+38 -3.4e+38 -3.4e+38 -3.4e+38 -3.4e+38 -3.4e+38
