data/1_raw/trimmed_ndre/Od_ndre.615.2012_no_clouds.asc
NCOLS 144 
NROWS 65 
XLLCORNER 512965 
YLLCORNER 5150865 
CELLSIZE 5 
NODATA_value -3.4e+38 
[rows 21 to 41 of 65, columns 94 to 140 of 144]
0.51074606180191 0.520254671573639 0.53239244222641 0.542359709739685 0.540973424911499 0.527428984642029 0.524783134460449 0.533264577388763 0.531456530094147 0.513461410999298 0.488352358341217 0.480811893939972 0.468543499708176 0.473334819078445 0.505475699901581 0.517504334449768 0.539921760559082 0.561056733131409 0.558480739593506 0.539678275585175 0.536723494529724 0.560033977031708 0.576950430870056 0.56301885843277 0.533245146274567 0.510522603988647 0.486986994743347 0.470395535230637 0.490501135587692 0.525327622890472 0.535603582859039 0.53808057308197 0.539536476135254 0.544758439064026 0.550399303436279 -3.4e+38 -3.4e+38 -3.4e+38 -3.4e+38 -3.4e+38 -3.4e+38 -3.4e+38 -3.4e+38 -3.4e+38 -3.4e+38 -3.4e+38 -3.4e+38
0.541092753410339 0.546591818332672 0.551988959312439 0.556812942028046 0.552602410316467 0.537795603275299 0.525090396404266 0.517537176609039 0.512824773788452 0.496878564357758 0.472522795200348 0.461290419101715 0.446474075317383 0.454714685678482 0.48361748456955 0.502556502819061 0.524606466293335 0.553278684616089 0.559822797775269 0.549196541309357 0.545907318592072 0.563201367855072 0.580348312854767 0.56902951002121 0.544828951358795 0.519973874092102 0.502888977527618 0.487802892923355 0.509171605110168 0.538628399372101 0.545548737049103 0.561273872852325 0.571086585521698 0.569157004356384 0.565915524959564 0.569506585597992 0.571853697299957 -3.4e+38 -3.4e+38 -3.4e+38 -3.4e+38 -3.4e+38 -3.4e+38 -3.4e+38 -3.4e+38 -3.4e+38 -3.4e+38
0.543562352657318 0.544478297233582 0.546227514743805 0.553860306739807 0.55572897195816 0.549525499343872 0.542828500270844 0.520055294036865 0.496277898550034 0.477923601865768 0.449160605669022 0.432466983795166 0.428844839334488 0.442746579647064 0.466973662376404 0.490365833044052 0.517653465270996 0.542042791843414 0.551623463630676 0.548463642597198 0.546716928482056 0.555133521556854 0.562246441841125 0.556796908378601 0.554460942745209 0.550245583057404 0.541414618492126 0.524119257926941 0.542363584041595 0.558875918388367 0.546329915523529 0.545156240463257 0.553393840789795 0.554149806499481 0.54716432094574 0.544961452484131 0.541998028755188 0.544567048549652 -3.4e+38 -3.4e+38 -3.4e+38 -3.4e+38 -3.4e+38 -3.4e+38 -3.4e+38 -3.4e+38 -3.4e+38
0.521149575710297 0.516371607780457 0.519671678543091 0.528801321983337 0.54388839006424 0.553913414478302 0.565208375453949 0.527673602104187 0.478920847177505 0.461757063865662 0.430580765008926 0.421331316232681 0.43595939874649 0.448708564043045 0.462473481893539 0.489398151636124 0.516153275966644 0.525462806224823 0.540847837924957 0.546649932861328 0.537706553936005 0.537411868572235 0.540555417537689 0.543906986713409 0.549067318439484 0.557322263717651 0.551085829734802 0.540592014789581 0.553858697414398 0.561689019203186 0.552958726882935 0.544940412044525 0.546863615512848 0.540766298770905 0.526981055736542 0.519956469535828 0.524120211601257 0.541780292987823 0.558502852916718 -3.4e+38 -3.4e+38 -3.4e+38 -3.4e+38 -3.4e+38 -3.4e+38 -3.4e+38 -3.4e+38
0.534633696079254 0.53227287530899 0.536453187465668 0.536223232746124 0.541522562503815 0.549417972564697 0.55164909362793 0.521002769470215 0.487638145685196 0.468514174222946 0.435212999582291 0.438291698694229 0.454940438270569 0.463951021432877 0.474453687667847 0.501042246818542 0.515939593315125 0.515917837619781 0.531529486179352 0.550749480724335 0.553228139877319 0.552636384963989 0.55102264881134 0.547923922538757 0.539831340312958 0.533423662185669 0.52709174156189 0.531224370002747 0.549782872200012 0.557514369487762 0.559264898300171 0.560173690319061 0.559229612350464 0.549617230892181 0.534815788269043 0.524593830108643 0.52571040391922 0.544003009796143 0.563147842884064 -3.4e+38 -3.4e+38 -3.4e+38 -3.4e+38 -3.4e+38 -3.4e+38 -3.4e+38 -3.4e+38
0.563846468925476 0.566148579120636 0.573833405971527 0.571596205234528 0.568699598312378 0.566763043403625 0.552431344985962 0.52503114938736 0.516014277935028 0.488088607788086 0.454153299331665 0.469863831996918 0.477611094713211 0.481724113225937 0.491606473922729 0.513333261013031 0.512468338012695 0.514017939567566 0.533386170864105 0.547904372215271 0.563310146331787 0.572156727313995 0.573168337345123 0.562697112560272 0.542151987552643 0.526061534881592 0.522101819515228 0.537255465984344 0.557590305805206 0.559529185295105 0.555118680000305 0.566317975521088 0.570475101470947 0.556465804576874 0.544186651706696 0.539815902709961 0.542755961418152 0.549544632434845 0.551918983459473 0.557656466960907 -3.4e+38 -3.4e+38 -3.4e+38 -3.4e+38 -3.4e+38 -3.4e+38 -3.4e+38
0.586982011795044 0.579094171524048 0.580763638019562 0.584486722946167 0.583186984062195 0.575490117073059 0.550461113452911 0.528941094875336 0.535764634609222 0.500417053699493 0.477270513772964 0.501503348350525 0.503710627555847 0.500472009181976 0.507031261920929 0.520473837852478 0.505237638950348 0.513262271881104 0.544841408729553 0.555035769939423 0.563606858253479 0.573879420757294 0.576028943061829 0.568468451499939 0.55318409204483 0.545283198356628 0.548343777656555 0.565651595592499 0.573830187320709 0.561746954917908 0.548254489898682 0.559893190860748 0.571303188800812 0.565766870975494 0.559575378894806 0.560989141464233 0.561878979206085 0.560683965682983 0.550010204315186 0.556928098201752 0.568823099136353 -3.4e+38 -3.4e+38 -3.4e+38 -3.4e+38 -3.4e+38 -3.4e+38
0.606295704841614 0.596211493015289 0.58974951505661 0.593652665615082 0.594501495361328 0.581755936145782 0.560073375701904 0.541595280170441 0.54900336265564 0.514678359031677 0.504204034805298 0.530577301979065 0.525454163551331 0.520248353481293 0.530145227909088 0.539802074432373 0.524494588375092 0.543148815631866 0.575594544410706 0.58233904838562 0.576748251914978 0.584711968898773 0.588980972766876 0.577166736125946 0.564059019088745 0.561337053775787 0.573106169700623 0.582517743110657 0.586038768291473 0.575178802013397 0.565569937229156 0.570270717144012 0.573909044265747 0.57200676202774 0.56819087266922 0.572802364826202 0.576941907405853 0.571266293525696 0.557953834533691 0.567082285881042 0.572693169116974 0.560489237308502 -3.4e+38 -3.4e+38 -3.4e+38 -3.4e+38 -3.4e+38
0.613692045211792 0.611031711101532 0.604710698127747 0.607933104038239 0.609258353710175 0.598081409931183 0.590530037879944 0.570290148258209 0.547268807888031 0.527241766452789 0.524651527404785 0.537029087543488 0.537573039531708 0.53999787569046 0.5604248046875 0.576277196407318 0.569723784923553 0.577453017234802 0.600491464138031 0.602671563625336 0.590286433696747 0.592581808567047 0.604980766773224 0.593605816364288 0.567525029182434 0.562309563159943 0.566304564476013 0.571880578994751 0.58312726020813 0.581212937831879 0.57339996099472 0.575333833694458 0.573532521724701 0.567795991897583 0.564260125160217 0.56781017780304 0.572802603244781 0.568398416042328 0.558611810207367 0.559578895568848 0.563470125198364 0.561057984828949 0.556446552276611 -3.4e+38 -3.4e+38 -3.4e+38 -3.4e+38
0.612782597541809 0.616358876228333 0.613725483417511 0.61577981710434 0.611009955406189 0.595050692558289 0.577725470066071 0.549100637435913 0.52219420671463 0.522203326225281 0.52363795042038 0.528969287872314 0.540722012519836 0.55431067943573 0.570566236972809 0.586718201637268 0.587298333644867 0.586824893951416 0.603167235851288 0.608699083328247 0.594094276428223 0.593352794647217 0.606520771980286 0.592819690704346 0.568648755550385 0.570609450340271 0.564078867435455 0.558286726474762 0.563060283660889 0.558275640010834 0.555735409259796 0.556025624275208 0.55218917131424 0.545455157756805 0.540195465087891 0.542438089847565 0.552204370498657 0.550094544887543 0.538550734519958 0.531709134578705 0.538040697574615 0.551371514797211 0.553894817829132 0.547904372215271 -3.4e+38 -3.4e+38 -3.4e+38
0.606899380683899 0.606105387210846 0.60804295539856 0.612836837768555 0.606095671653748 0.576697826385498 0.53806459903717 0.516084551811218 0.496791690587997 0.500923037528992 0.516636312007904 0.523102104663849 0.53853040933609 0.559559285640717 0.569208979606628 0.57622766494751 0.581310391426086 0.58171010017395 0.584424197673798 0.58502459526062 0.579470276832581 0.579954504966736 0.58899462223053 0.570594549179077 0.549585342407227 0.555688381195068 0.553738415241241 0.547873914241791 0.543027937412262 0.540697515010834 0.5438192486763 0.539988696575165 0.532147407531738 0.52832293510437 0.527751922607422 0.532131016254425 0.540035128593445 0.535602033138275 0.519791781902313 0.514137268066406 0.524734914302826 0.544890165328979 0.553622484207153 0.545970320701599 0.539271354675293 -3.4e+38 -3.4e+38
0.609344959259033 0.608588039875031 0.613911390304565 0.615016043186188 0.599989712238312 0.566336274147034 0.52848356962204 0.512643039226532 0.507565915584564 0.511594772338867 0.525139808654785 0.537834107875824 0.55124044418335 0.575059473514557 0.588828504085541 0.589540481567383 0.58866673707962 0.58311128616333 0.58011382818222 0.580769717693329 0.570924401283264 0.569632053375244 0.579342126846313 0.583673417568207 0.576580286026001 0.568175852298737 0.565073490142822 0.561090111732483 0.556819498538971 0.552933752536774 0.555176019668579 0.548745155334473 0.541773617267609 0.54353278875351 0.547575175762177 0.552411317825317 0.550946176052094 0.539857566356659 0.53352826833725 0.535794913768768 0.543774425983429 0.554103374481201 0.558732211589813 0.549267709255219 0.538190066814423 0.525442004203796 -3.4e+38
0.618646681308746 0.619426608085632 0.621629059314728 0.611045598983765 0.587826251983643 0.565557777881622 0.534047365188599 0.521324336528778 0.529874801635742 0.534250259399414 0.547914385795593 0.564047992229462 0.576736092567444 0.588885724544525 0.608392715454102 0.614820897579193 0.603427708148956 0.59852534532547 0.605130553245544 0.608283698558807 0.593636751174927 0.573220133781433 0.568449318408966 0.57704484462738 0.579228401184082 0.578104317188263 0.576736509799957 0.565648257732391 0.564105451107025 0.568372488021851 0.569293141365051 0.566963076591492 0.565289855003357 0.568008661270142 0.569535195827484 0.572659492492676 0.567717015743256 0.557585179805756 0.553764522075653 0.553481578826904 0.560145974159241 0.566311001777649 0.566245853900909 0.557848572731018 0.549720346927643 0.544670224189758 0.550098061561584
0.608034133911133 0.605959951877594 0.606845796108246 0.592116296291351 0.564909279346466 0.546584248542786 0.535189986228943 0.531456649303436 0.540183365345001 0.550351202487946 0.567114949226379 0.582683682441711 0.592118680477142 0.599625289440155 0.617888987064362 0.619052946567535 0.599222779273987 0.598446846008301 0.603404104709625 0.599713265895844 0.584859728813171 0.561248123645782 0.544528603553772 0.544466316699982 0.542441010475159 0.555417895317078 0.56226521730423 0.554797947406769 0.559807777404785 0.557445347309113 0.554237127304077 0.556478679180145 0.565494000911713 0.571824252605438 0.570600926876068 0.564709067344666 0.557388961315155 0.552954971790314 0.551715195178986 0.546076059341431 0.551333904266357 0.556438803672791 0.5556640625 0.55300372838974 0.550368070602417 0.552828788757324 0.559061169624329
0.577728807926178 0.576483607292175 0.578273296356201 0.562481999397278 0.545376062393188 0.537825286388397 0.535286903381348 0.536937117576599 0.549855291843414 0.567221105098724 0.584925711154938 0.594296276569366 0.597572088241577 0.598351955413818 0.59651905298233 0.594653367996216 0.579578518867493 0.569831907749176 0.560535967350006 0.547974407672882 0.53627473115921 0.533559381961823 0.5293328166008 0.531646847724915 0.533602476119995 0.538820505142212 0.541709661483765 0.542931973934174 0.551116645336151 0.544173359870911 0.532158315181732 0.534153461456299 0.543690741062164 0.551341533660889 0.551213145256042 0.550597012042999 0.545660734176636 0.543762683868408 0.54984587430954 0.558457732200623 0.56085604429245 0.548483908176422 0.538286745548248 0.540597915649414 0.536341845989227 0.540594875812531 0.556071996688843
0.561382293701172 0.559449851512909 0.557281911373138 0.542301714420319 0.550118267536163 0.557275831699371 0.541828751564026 0.544076859951019 0.565212726593018 0.590462207794189 0.604081153869629 0.606053113937378 0.601069986820221 0.586169958114624 0.568530440330505 0.566934645175934 0.557873845100403 0.538171470165253 0.527440309524536 0.515671193599701 0.515998065471649 0.523322880268097 0.532970309257507 0.530847191810608 0.521185278892517 0.513173639774323 0.521643102169037 0.537866652011871 0.5508673787117 0.550355911254883 0.540959537029266 0.536766767501831 0.541105091571808 0.548405408859253 0.555468559265137 0.558584213256836 0.558933198451996 0.547479212284088 0.553219318389893 0.573538064956665 0.563666105270386 0.540070176124573 0.528025448322296 0.53303599357605 0.523091971874237 0.524229288101196 0.543061494827271
0.574409663677216 0.576518177986145 0.577772855758667 0.568897128105164 0.576390981674194 0.583049535751343 0.579844236373901 0.583378732204437 0.603038012981415 0.619158744812012 0.619802713394165 0.613565444946289 0.60519540309906 0.583928525447845 0.55648672580719 0.551294147968292 0.547912001609802 0.539727985858917 0.53900420665741 0.5380619764328 0.540130734443665 0.546594142913818 0.555167198181152 0.552582979202271 0.527930676937103 0.512906134128571 0.520544946193695 0.538060307502747 0.556321382522583 0.568364679813385 0.557762801647186 0.551676988601685 0.558609306812286 0.572355806827545 0.580244660377502 0.574429512023926 0.565001010894775 0.561107218265533 0.575363636016846 0.58322936296463 0.558511137962341 0.537144005298615 0.522857785224915 0.522517502307892 0.516958117485046 0.515366494655609 0.53214293718338
0.601681232452393 0.593308508396149 0.598080456256866 0.604683101177216 0.605688512325287 0.606319308280945 0.609450876712799 0.616817772388458 0.628235578536987 0.627322137355804 0.620239853858948 0.610964715480804 0.602303326129913 0.58518522977829 0.563742518424988 0.54368644952774 0.534700751304626 0.536328196525574 0.544194996356964 0.550098776817322 0.5496985912323 0.552968502044678 0.558533310890198 0.557287752628326 0.542316615581512 0.531121671199799 0.53664094209671 0.546761751174927 0.556675434112549 0.563891112804413 0.555090725421906 0.558835029602051 0.574630379676819 0.583124697208405 0.580456495285034 0.57187432050705 0.563698947429657 0.567143380641937 0.576737284660339 0.574673652648926 0.555740594863892 0.539431214332581 0.529193818569183 0.529613196849823 0.526140511035919 0.521345436573029 -3.4e+38
0.575198292732239 0.568473160266876 0.576940715312958 0.582896649837494 0.583331525325775 0.582935929298401 0.592813611030579 0.602854907512665 0.60409289598465 0.610237598419189 0.603812396526337 0.593420445919037 0.583027541637421 0.581092298030853 0.572667419910431 0.538581609725952 0.496092617511749 0.474041044712067 0.476150453090668 0.494118928909302 0.505425095558167 0.514895439147949 0.519927144050598 0.523197650909424 0.524455070495605 0.522676885128021 0.52436101436615 0.535202205181122 0.538613379001617 0.539472639560699 0.543736398220062 0.543524384498596 0.55504584312439 0.567212402820587 0.567770719528198 0.560159265995026 0.553647935390472 0.550894200801849 0.555031001567841 0.554039299488068 0.53968209028244 0.530553698539734 0.532748162746429 0.536321401596069 -3.4e+38 -3.4e+38 -3.4e+38
0.484821736812592 0.508084058761597 0.538961410522461 0.542580485343933 0.527149140834808 0.53103119134903 0.548984169960022 0.554375052452087 0.554579377174377 0.577217280864716 0.579314291477203 0.568613052368164 0.565231204032898 0.562792062759399 0.564749240875244 0.534995138645172 0.478415012359619 0.431732088327408 0.413011759519577 0.436099588871002 0.463950008153915 0.485383868217468 0.493627160787582 0.498875558376312 0.506387591362 0.514427661895752 0.517793118953705 0.522834956645966 0.526797890663147 0.531724870204926 0.540238738059998 0.549337983131409 0.55671489238739 0.565447092056274 0.566545188426971 0.552966058254242 0.545692026615143 0.547125935554504 0.548343539237976 0.548867642879486 0.541333556175232 0.533475339412689 -3.4e+38 -3.4e+38 -3.4e+38 -3.4e+38 -3.4e+38
0.372680455446243 0.390996962785721 0.413782060146332 0.447744756937027 0.479092627763748 0.50314199924469 0.522954285144806 0.517178356647491 0.517126619815826 0.538065552711487 0.537139117717743 0.542218029499054 0.552351355552673 0.5483558177948 0.53838175535202 0.518109679222107 0.485779583454132 0.464056521654129 0.454009801149368 0.464527398347855 0.488523572683334 0.510565340518951 0.517797946929932 0.520150482654572 0.528156638145447 0.547699332237244 0.554270207881927 0.547714948654175 0.548028707504272 0.552246630191803 0.565335988998413 0.576873242855072 0.57679682970047 0.573737919330597 0.570037066936493 0.558914184570312 0.547058761119843 0.547076642513275 0.552993595600128 0.558940827846527 -3.4e+38 -3.4e+38 -3.4e+38 -3.4e+38 -3.4e+38 -3.4e+38 -3.4e+38
