data/1_raw/trimmed_ndre/Od_ndre.617.2015_no_clouds.asc
NCOLS 144 
NROWS 65 
XLLCORNER 512965 
YLLCORNER 5150865 
CELLSIZE 5 
NODATA_value -3.4e+38 
[rows 21 to 41 of 65, columns 47 to 93 of 144]
0.549118995666504 0.549124240875244 0.550721645355225 0.54934298992157 0.546709418296814 0.543654382228851 0.538870930671692 0.531567811965942 0.537753641605377 0.54312139749527 0.543206334114075 0.546591639518738 0.534196615219116 0.522752344608307 0.526517450809479 0.538701057434082 0.548922479152679 0.553012728691101 0.553666889667511 0.550947308540344 0.545624077320099 0.540326714515686 0.540414214134216 0.5425825715065 0.544215142726898 0.543181300163269 0.544472336769104 0.543285191059113 0.532276511192322 0.536704957485199 0.542484998703003 0.5384681224823 0.518811404705048 0.503370761871338 0.496821999549866 0.495968103408813 0.50787752866745 0.514851629734039 0.502037286758423 0.493210673332214 0.485255122184753 0.478797078132629 0.473104864358902 0.465297520160675 0.453712522983551 0.433068573474884 0.430684834718704
0.54653388261795 0.544521570205688 0.54604309797287 0.547899186611176 0.549092233181 0.545891046524048 0.532080888748169 0.516775608062744 0.519701838493347 0.533864617347717 0.542075157165527 0.542736828327179 0.532149791717529 0.529255330562592 0.533548593521118 0.535814583301544 0.535435974597931 0.53961443901062 0.547083258628845 0.543789505958557 0.540466785430908 0.535598814487457 0.528965473175049 0.523306012153625 0.521453380584717 0.523909032344818 0.527614057064056 0.520989835262299 0.502163708209991 0.498224645853043 0.500071883201599 0.500049650669098 0.487385481595993 0.477466106414795 0.468932926654816 0.463207185268402 0.468217551708221 0.464722245931625 0.455340951681137 0.454167813062668 0.446768432855606 0.439840257167816 0.439898610115051 0.435826450586319 0.42140319943428 0.403865069150925 0.404931843280792
0.547489404678345 0.545072495937347 0.542884409427643 0.535029411315918 0.528982579708099 0.531017303466797 0.534540414810181 0.532049894332886 0.529703915119171 0.538261473178864 0.539932250976562 0.534508466720581 0.529763042926788 0.543128728866577 0.554299890995026 0.551313877105713 0.529877841472626 0.52716451883316 0.537119507789612 0.531299948692322 0.53409731388092 0.533750474452972 0.523076176643372 0.508484184741974 0.506605565547943 0.513210713863373 0.51588237285614 0.505303919315338 0.494918316602707 0.497066706418991 0.487739771604538 0.478642374277115 0.469259738922119 0.463954836130142 0.459645301103592 0.457030177116394 0.458129316568375 0.454006671905518 0.444010019302368 0.433982908725739 0.418824315071106 0.414053082466125 0.415355831384659 0.417619198560715 0.408188432455063 0.401173114776611 0.404860526323318
0.534113585948944 0.537426769733429 0.536987721920013 0.524610280990601 0.514089584350586 0.513173639774323 0.525213837623596 0.536048233509064 0.539705216884613 0.537294924259186 0.533934831619263 0.529764473438263 0.527811288833618 0.538472890853882 0.54954731464386 0.548546314239502 0.520496785640717 0.514190375804901 0.514055609703064 0.512166738510132 0.530722677707672 0.537592709064484 0.526291131973267 0.501505494117737 0.499382972717285 0.506194055080414 0.507944405078888 0.487934798002243 0.479957580566406 0.484018176794052 0.474040657281876 0.468022584915161 0.465021580457687 0.461751282215118 0.455428689718246 0.446284383535385 0.439625889062881 0.440868735313416 0.438320517539978 0.423793464899063 0.392397403717041 0.380168497562408 0.388123393058777 0.406291782855988 0.417296558618546 0.42393371462822 0.428164511919022
0.500747799873352 0.505118250846863 0.508452892303467 0.502780377864838 0.495947599411011 0.495706737041473 0.505685269832611 0.51827734708786 0.519902110099792 0.515242755413055 0.517540633678436 0.520577251911163 0.521593332290649 0.521290242671967 0.523561239242554 0.515478193759918 0.49885106086731 0.506621241569519 0.51294732093811 0.516509592533112 0.529622137546539 0.534909248352051 0.526800572872162 0.504381418228149 0.501355648040771 0.501255750656128 0.497565180063248 0.478360384702682 0.467448145151138 0.460521042346954 0.448859125375748 0.44077929854393 0.439368933439255 0.441547602415085 0.441794276237488 0.433143764734268 0.423460870981216 0.418448597192764 0.412003606557846 0.40678545832634 0.397505164146423 0.387939423322678 0.398476868867874 0.419352352619171 0.441663980484009 0.458101600408554 0.459076464176178
0.482019543647766 0.489730149507523 0.495944321155548 0.495060682296753 0.487762302160263 0.48760724067688 0.495423197746277 0.507810115814209 0.501693725585938 0.497288942337036 0.505475759506226 0.51446396112442 0.513010621070862 0.507444441318512 0.512562036514282 0.507330238819122 0.499059855937958 0.503971695899963 0.512838959693909 0.517959475517273 0.51668518781662 0.509196639060974 0.501326501369476 0.494231998920441 0.494495004415512 0.487656474113464 0.479577600955963 0.469424843788147 0.459451198577881 0.450996309518814 0.442912757396698 0.435908436775208 0.437400639057159 0.440268725156784 0.440708756446838 0.433820217847824 0.431144595146179 0.431483387947083 0.424689441919327 0.428064942359924 0.429512292146683 0.425349086523056 0.433524131774902 0.445531249046326 0.458873748779297 0.470740973949432 0.469224870204926
0.491303026676178 0.496254861354828 0.499903202056885 0.499754041433334 0.494090527296066 0.496254533529282 0.504284918308258 0.513677775859833 0.499170869588852 0.496432900428772 0.504979729652405 0.513866543769836 0.502852976322174 0.492530018091202 0.496463567018509 0.502362668514252 0.505217611789703 0.505978882312775 0.505894601345062 0.501997232437134 0.49661910533905 0.492295354604721 0.490568310022354 0.487743318080902 0.48337921500206 0.469013720750809 0.456258833408356 0.444830566644669 0.434408783912659 0.433695614337921 0.436918795108795 0.441480457782745 0.450179934501648 0.457033395767212 0.45973202586174 0.456148743629456 0.449058502912521 0.44810163974762 0.451378226280212 0.457809209823608 0.461229503154755 0.463224411010742 0.466069906949997 0.463930517435074 0.465553909540176 0.471641033887863 0.472038954496384
0.501382172107697 0.5048868060112 0.503546595573425 0.498240411281586 0.493830054998398 0.500678241252899 0.510928988456726 0.515185177326202 0.500897347927094 0.506304681301117 0.514942586421967 0.517420709133148 0.498718559741974 0.489985585212708 0.493245750665665 0.503905713558197 0.512344717979431 0.511324286460876 0.499940782785416 0.491469740867615 0.49061107635498 0.492325186729431 0.490328848361969 0.481070280075073 0.470375955104828 0.457244247198105 0.448142051696777 0.439832925796509 0.436012029647827 0.445945888757706 0.455118179321289 0.462283402681351 0.46815699338913 0.472568273544312 0.47510814666748 0.475189834833145 0.472916275262833 0.474676787853241 0.477059662342072 0.473706245422363 0.467509210109711 0.461677670478821 0.459161162376404 0.458496004343033 0.467595815658569 0.478321313858032 0.484596133232117
0.495298117399216 0.493216574192047 0.486163467168808 0.478506237268448 0.479614317417145 0.491362154483795 0.502605557441711 0.502164542675018 0.493285059928894 0.502167284488678 0.506893515586853 0.50228750705719 0.483756303787231 0.483664602041245 0.490608245134354 0.500556170940399 0.509006440639496 0.504193603992462 0.48948460817337 0.478711158037186 0.482755988836288 0.489062130451202 0.487539082765579 0.470494329929352 0.457912236452103 0.454210430383682 0.459283620119095 0.457259178161621 0.460559129714966 0.476707637310028 0.489271283149719 0.497496455907822 0.500765562057495 0.499957680702209 0.494141906499863 0.490683108568192 0.492391854524612 0.493382304906845 0.483994036912918 0.469755619764328 0.466740518808365 0.467193692922592 0.466021150350571 0.465037286281586 0.479353994131088 0.49807745218277 0.515373468399048
0.479795038700104 0.479388922452927 0.475574940443039 0.466765582561493 0.465704709291458 0.472304791212082 0.478936403989792 0.472569406032562 0.469742059707642 0.477523922920227 0.476190030574799 0.468349725008011 0.45845690369606 0.467854112386703 0.471794664859772 0.472703218460083 0.47378733754158 0.475218296051025 0.470034688711166 0.462853223085403 0.466106772422791 0.472270637750626 0.472733855247498 0.461211055517197 0.457064628601074 0.462041795253754 0.474922865629196 0.477443367242813 0.485267162322998 0.495879381895065 0.497820615768433 0.494819074869156 0.494346439838409 0.497526288032532 0.493395000696182 0.491476684808731 0.491692811250687 0.485786437988281 0.457280576229095 0.434111297130585 0.434706568717957 0.451832711696625 0.468253672122955 0.480831384658813 0.497474759817123 0.507658421993256 0.516184687614441
0.469717681407928 0.470898985862732 0.472396612167358 0.468038141727448 0.458003014326096 0.459825187921524 0.46552911400795 0.453284978866577 0.452681094408035 0.453667223453522 0.443292617797852 0.432644963264465 0.433965921401978 0.454439848661423 0.460983484983444 0.458319842815399 0.453118890523911 0.456323385238647 0.456247210502625 0.451675057411194 0.448651373386383 0.458991438150406 0.466570317745209 0.463015168905258 0.45765483379364 0.466221660375595 0.478667289018631 0.480038046836853 0.477941989898682 0.475487232208252 0.471525490283966 0.468073606491089 0.469773173332214 0.474676519632339 0.474329143762589 0.470491647720337 0.466918498277664 0.46151727437973 0.434940785169601 0.411794900894165 0.407422691583633 0.428552389144897 0.456336081027985 0.485915809869766 0.513125538825989 0.527202546596527 0.532046496868134
0.469603508710861 0.47297078371048 0.478697538375854 0.477806955575943 0.459469139575958 0.464165478944778 0.466082483530045 0.452933877706528 0.452794283628464 0.447899371385574 0.434803813695908 0.422246754169464 0.433385342359543 0.456298291683197 0.466564983129501 0.463456660509109 0.456364125013351 0.456353813409805 0.464877486228943 0.46656596660614 0.462103277444839 0.461711972951889 0.469631135463715 0.470978409051895 0.458771556615829 0.460459023714066 0.468666195869446 0.473490834236145 0.466257065534592 0.460023403167725 0.454811364412308 0.452775537967682 0.452334702014923 0.457880198955536 0.465263903141022 0.467260420322418 0.461784571409225 0.45004066824913 0.429546296596527 0.41350993514061 0.415686190128326 0.439143270254135 0.466106772422791 0.493610262870789 0.5205357670784 0.541781783103943 0.551568388938904
0.482426077127457 0.488202303647995 0.489082038402557 0.482926577329636 0.471480309963226 0.479681849479675 0.481322765350342 0.475195646286011 0.473882377147675 0.472733408212662 0.463268309831619 0.445484936237335 0.452233850955963 0.468781411647797 0.481977462768555 0.481792569160461 0.470843255519867 0.463388353586197 0.478009730577469 0.483639717102051 0.477439552545547 0.465777546167374 0.475449025630951 0.480396896600723 0.474536687135696 0.467151373624802 0.471209496259689 0.474054843187332 0.465331792831421 0.461986839771271 0.465013653039932 0.470310568809509 0.467478454113007 0.473359495401382 0.484833300113678 0.493858128786087 0.483799517154694 0.462234079837799 0.440766245126724 0.43241685628891 0.440116077661514 0.457994550466537 0.478570938110352 0.502747654914856 0.527235329151154 0.548049569129944 0.556147873401642
0.504812836647034 0.513107001781464 0.508751511573792 0.502503454685211 0.497456759214401 0.501860558986664 0.509315609931946 0.511634111404419 0.508043467998505 0.501860916614532 0.492033660411835 0.481178164482117 0.482359647750854 0.490459948778152 0.497284263372421 0.495040833950043 0.487541615962982 0.483094215393066 0.487849205732346 0.488175511360168 0.483325242996216 0.472840517759323 0.475939780473709 0.475408315658569 0.473964661359787 0.472287058830261 0.481761485338211 0.482962995767593 0.477466940879822 0.477151870727539 0.48581862449646 0.495185077190399 0.498506456613541 0.506027042865753 0.519822061061859 0.531367838382721 0.521200478076935 0.493358314037323 0.473987281322479 0.473020285367966 0.481429725885391 0.490100055932999 0.500656366348267 0.519202709197998 0.539640188217163 0.557362854480743 0.566789984703064
0.522940278053284 0.524366617202759 0.520740926265717 0.524906814098358 0.523823022842407 0.524595022201538 0.532183170318604 0.532636642456055 0.527149319648743 0.517850339412689 0.511099398136139 0.511602818965912 0.517594516277313 0.521132588386536 0.515706539154053 0.505625665187836 0.498656153678894 0.498262971639633 0.494948863983154 0.485240608453751 0.490729063749313 0.500672519207001 0.506766557693481 0.493949472904205 0.486589550971985 0.4868203997612 0.496956676244736 0.497149705886841 0.497143626213074 0.503503322601318 0.516609370708466 0.525051474571228 0.528948843479156 0.533419072628021 0.545613288879395 0.551463305950165 0.540460646152496 0.508399486541748 0.497569531202316 0.503431558609009 0.51486474275589 0.520626962184906 0.528627812862396 0.541482627391815 0.553263545036316 0.564266800880432 0.569558084011078
0.530483245849609 0.52379322052002 0.52187591791153 0.534222781658173 0.527091324329376 0.522854864597321 0.527420341968536 0.52563863992691 0.519732594490051 0.512801110744476 0.509799599647522 0.515079975128174 0.518798768520355 0.514557719230652 0.505971789360046 0.500828206539154 0.501031994819641 0.509893119335175 0.511443316936493 0.509136319160461 0.512546300888062 0.5140540599823 0.51043963432312 0.495351433753967 0.492882907390594 0.498639702796936 0.50859808921814 0.511322379112244 0.515013098716736 0.523451745510101 0.537567317485809 0.541930198669434 0.541186511516571 0.537456691265106 0.539049923419952 0.529417395591736 0.506763696670532 0.475212574005127 0.485825717449188 0.505800426006317 0.523732006549835 0.531166732311249 0.537670731544495 0.545034110546112 0.551929235458374 0.556405127048492 0.556294441223145
0.530129492282867 0.516749441623688 0.513595938682556 0.519569218158722 0.510184824466705 0.508039236068726 0.508284747600555 0.502224266529083 0.492860615253448 0.485476970672607 0.484970957040787 0.495392203330994 0.503716170787811 0.503638565540314 0.495920270681381 0.489443957805634 0.49650114774704 0.512934625148773 0.510067522525787 0.503446102142334 0.500880062580109 0.499697864055634 0.489865720272064 0.474709719419479 0.469237208366394 0.471886217594147 0.48521900177002 0.504671990871429 0.518397212028503 0.530159056186676 0.539028525352478 0.534566819667816 0.528010189533234 0.514726638793945 0.495487064123154 0.48058670759201 0.459203362464905 0.438235968351364 0.457071602344513 0.47833988070488 0.498920530080795 0.51540070772171 0.532722115516663 0.544623136520386 0.548621416091919 0.542795717716217 0.530926585197449
0.524990379810333 0.510946989059448 0.508912622928619 0.508995592594147 0.501752912998199 0.49830573797226 0.492160320281982 0.483867287635803 0.477925151586533 0.476128190755844 0.477435499429703 0.482890516519547 0.485469102859497 0.489773035049438 0.490246325731277 0.468488276004791 0.465024262666702 0.477076083421707 0.481923460960388 0.483470350503922 0.481056898832321 0.479188531637192 0.469226956367493 0.46381613612175 0.464297473430634 0.463329911231995 0.476154804229736 0.498461335897446 0.515967488288879 0.523331165313721 0.520557820796967 0.50785768032074 0.49407547712326 0.473143368959427 0.451518982648849 0.443173974752426 0.440388411283493 0.448484599590302 0.470812201499939 0.491541296243668 0.509690225124359 0.52279531955719 0.532581746578217 0.542094826698303 0.548840641975403 0.545307576656342 0.524788677692413
0.513720095157623 0.506570398807526 0.509110569953918 0.509384214878082 0.507325351238251 0.504558205604553 0.49850457906723 0.491019278764725 0.484737038612366 0.482602119445801 0.479961395263672 0.474536269903183 0.459333270788193 0.449719130992889 0.446304500102997 0.442707449197769 0.444201916456223 0.443633228540421 0.444995582103729 0.461439192295074 0.476339846849442 0.474559754133224 0.444268018007278 0.432775318622589 0.44096565246582 0.458137989044189 0.477119773626328 0.498693257570267 0.516684353351593 0.516761064529419 0.500139236450195 0.47705090045929 0.456557393074036 0.438112378120422 0.432434141635895 0.441305369138718 0.452170640230179 0.464025974273682 0.480948477983475 0.503664076328278 0.524909853935242 0.535548150539398 0.53289395570755 0.527978003025055 0.534530639648438 0.542843759059906 0.535882711410522
0.507512390613556 0.509461641311646 0.517218172550201 0.517235159873962 0.509455442428589 0.499252766370773 0.494658261537552 0.494589447975159 0.495064854621887 0.493640273809433 0.485918253660202 0.466579556465149 0.43745756149292 0.418620705604553 0.410425394773483 0.411359846591949 0.417090147733688 0.411525934934616 0.407674789428711 0.422068148851395 0.451444536447525 0.464374750852585 0.449077278375626 0.433007508516312 0.439142614603043 0.462812334299088 0.481307566165924 0.491054236888885 0.491794794797897 0.48024708032608 0.462054580450058 0.446550875902176 0.434275537729263 0.426624059677124 0.432897925376892 0.444711029529572 0.454736888408661 0.465459704399109 0.48501780629158 0.511013507843018 0.534293651580811 0.538664400577545 0.531591773033142 0.5253786444664 0.533937096595764 0.546353697776794 0.553296446800232
0.521370887756348 0.523809254169464 0.532166838645935 0.533243954181671 0.519498467445374 0.506836116313934 0.505278587341309 0.511227071285248 0.511621654033661 0.507097542285919 0.506223022937775 0.487668395042419 0.45414674282074 0.42015728354454 0.406794995069504 0.400432050228119 0.397618412971497 0.397850096225739 0.42475688457489 0.463963180780411 0.499101758003235 0.502709925174713 0.492015510797501 0.476884096860886 0.477723836898804 0.490492939949036 0.506741642951965 0.50020158290863 0.485344022512436 0.467058777809143 0.45200651884079 0.448361575603485 0.450371384620667 0.453798949718475 0.459624975919724 0.46553561091423 0.470699071884155 0.476916581392288 0.495727390050888 0.523624122142792 0.553670227527618 0.562879383563995 0.560580909252167 0.555460691452026 0.562384307384491 0.569242894649506 0.573027729988098
