data/1_raw/trimmed_ndre/Od_ndre.710.2012.asc
NCOLS 144 
NROWS 65 
XLLCORNER 512965 
YLLCORNER 5150865 
CELLSIZE 5 
NODATA_value -3.4e+38 
[rows 21 to 41 of 65, columns 47 to 93 of 144]
0.595169126987457 0.591243207454681 0.585044920444489 0.582160234451294 0.575447261333466 0.57431948184967 0.577539801597595 0.580777406692505 0.577262103557587 0.568606436252594 0.580837666988373 0.591246783733368 0.584057867527008 0.576390027999878 0.572671234607697 0.570157587528229 0.569373428821564 0.570335566997528 0.568143129348755 0.563224613666534 0.564991891384125 0.572396397590637 0.575362324714661 0.572251558303833 0.566738843917847 0.566995859146118 0.5689697265625 0.566778302192688 0.559675395488739 0.557268142700195 0.552152395248413 0.554368793964386 0.550884902477264 0.546427845954895 0.534904658794403 0.532210528850555 0.528930306434631 0.520524442195892 0.51067852973938 0.504566252231598 0.479969650506973 0.468800246715546 0.475331753492355 0.458768635988235 0.443331092596054 0.436922401189804 0.430820226669312
0.577871978282928 0.577568292617798 0.580368518829346 0.578756868839264 0.570910155773163 0.570500433444977 0.569873809814453 0.567863404750824 0.564562737941742 0.56836074590683 0.578456938266754 0.59213775396347 0.592490792274475 0.581772029399872 0.57364147901535 0.564734756946564 0.564738810062408 0.571857810020447 0.567709147930145 0.565622448921204 0.565495669841766 0.566230773925781 0.56897497177124 0.567138314247131 0.561188459396362 0.557855188846588 0.560256898403168 0.559891581535339 0.554285645484924 0.54573667049408 0.536509454250336 0.54088020324707 0.528843283653259 0.511761903762817 0.505754411220551 0.500255346298218 0.499784886837006 0.486170321702957 0.470144808292389 0.472119480371475 0.451719880104065 0.442303419113159 0.446407377719879 0.434657096862793 0.428112596273422 0.428135842084885 0.430795401334763
0.565155446529388 0.562593758106232 0.56385612487793 0.56079763174057 0.559792518615723 0.560736179351807 0.557665288448334 0.550280511379242 0.549044072628021 0.553840100765228 0.551292657852173 0.56380969285965 0.578687906265259 0.578175723552704 0.572277784347534 0.564377963542938 0.566069006919861 0.569036245346069 0.560533165931702 0.563016891479492 0.562316656112671 0.557934165000916 0.556954741477966 0.554136276245117 0.547106802463531 0.544116020202637 0.544101893901825 0.540353834629059 0.535199880599976 0.522274971008301 0.510760724544525 0.50737053155899 0.497327595949173 0.484299004077911 0.47524356842041 0.468999415636063 0.473377734422684 0.460054576396942 0.446194380521774 0.446961343288422 0.427638351917267 0.415401220321655 0.423801451921463 0.433625876903534 0.434363692998886 0.435898721218109 0.438772469758987
0.555160343647003 0.539522886276245 0.537490248680115 0.533534526824951 0.53734940290451 0.538817048072815 0.530316174030304 0.527831435203552 0.530687749385834 0.542128503322601 0.54794055223465 0.556223452091217 0.562532842159271 0.561115741729736 0.558410108089447 0.555883705615997 0.56156051158905 0.557210326194763 0.542101740837097 0.543909430503845 0.553883969783783 0.548336029052734 0.541512131690979 0.536711752414703 0.528029680252075 0.52097362279892 0.518084049224854 0.510069012641907 0.50180721282959 0.489206105470657 0.486930012702942 0.482764571905136 0.471300363540649 0.459199666976929 0.453051865100861 0.460298538208008 0.467550128698349 0.456721901893616 0.44877415895462 0.438860654830933 0.418018221855164 0.414271146059036 0.426615118980408 0.442709773778915 0.457179874181747 0.463719427585602 0.466407924890518
0.524786949157715 0.514405429363251 0.50646048784256 0.489677101373672 0.497444152832031 0.500084161758423 0.496435225009918 0.506292164325714 0.518393576145172 0.53815883398056 0.545000791549683 0.539038300514221 0.534539818763733 0.530831098556519 0.532609045505524 0.536887347698212 0.542935252189636 0.535701334476471 0.518217384815216 0.521929740905762 0.536286413669586 0.532365441322327 0.525990903377533 0.516138195991516 0.501769363880157 0.492938905954361 0.49176299571991 0.485362082719803 0.472655564546585 0.463155120611191 0.463437139987946 0.461879462003708 0.456070810556412 0.451546102762222 0.452424675226212 0.462528139352798 0.466747313737869 0.455490052700043 0.450503051280975 0.436102390289307 0.426081150770187 0.435877561569214 0.45054903626442 0.45626038312912 0.477147549390793 0.497482866048813 0.499331623315811
0.481399565935135 0.483064234256744 0.474633902311325 0.460969030857086 0.468890279531479 0.4654840528965 0.467802286148071 0.485632836818695 0.496332049369812 0.504204869270325 0.504327118396759 0.500369429588318 0.500937700271606 0.504055917263031 0.506298005580902 0.507271826267242 0.509411156177521 0.50510561466217 0.501010179519653 0.5008425116539 0.507676303386688 0.506946921348572 0.5011927485466 0.488522887229919 0.474751979112625 0.470403701066971 0.475190371274948 0.47089546918869 0.452537447214127 0.439578115940094 0.440698146820068 0.447893738746643 0.456367343664169 0.460268527269363 0.464623004198074 0.471043825149536 0.474448472261429 0.468375414609909 0.459044903516769 0.443869650363922 0.438113838434219 0.454577922821045 0.474963217973709 0.475070685148239 0.495412766933441 0.526224911212921 0.533820927143097
0.46219539642334 0.463225275278091 0.461336463689804 0.46163073182106 0.459365665912628 0.447481751441956 0.443621873855591 0.463239401578903 0.471380114555359 0.461256563663483 0.458079189062119 0.465189546346664 0.47969388961792 0.484510987997055 0.485498279333115 0.479215741157532 0.475247025489807 0.47928661108017 0.485473811626434 0.478890419006348 0.474773317575455 0.477437674999237 0.476136445999146 0.469269633293152 0.45982751250267 0.458721786737442 0.461735457181931 0.454672962427139 0.438290417194366 0.431909590959549 0.437318652868271 0.44799017906189 0.460143983364105 0.469473093748093 0.477830857038498 0.481997519731522 0.488438636064529 0.489610016345978 0.477197468280792 0.461385935544968 0.45668813586235 0.474564880132675 0.492825031280518 0.49512791633606 0.517627418041229 0.546519041061401 0.561924874782562
0.467832326889038 0.466368943452835 0.461739182472229 0.462158739566803 0.453070402145386 0.440352380275726 0.44143670797348 0.456983417272568 0.466295957565308 0.460346162319183 0.461528211832047 0.460656464099884 0.459947288036346 0.457803219556808 0.462215036153793 0.460011690855026 0.458255022764206 0.457324922084808 0.457470297813416 0.45610648393631 0.462523132562637 0.472188413143158 0.473893851041794 0.466656178236008 0.455273330211639 0.454013854265213 0.456359535455704 0.448211282491684 0.438009589910507 0.4444420337677 0.454365700483322 0.463581115007401 0.471092849969864 0.478844612836838 0.48775252699852 0.493740320205688 0.502160966396332 0.503396451473236 0.495001912117004 0.480525404214859 0.465084135532379 0.477342456579208 0.494892328977585 0.515243351459503 0.547135233879089 0.568944692611694 0.589744925498962
0.482232272624969 0.472794711589813 0.464564830064774 0.465111315250397 0.457408875226974 0.452671676874161 0.459919899702072 0.461119830608368 0.468359500169754 0.471595227718353 0.467968732118607 0.461210548877716 0.443544864654541 0.435064524412155 0.446605503559113 0.455739885568619 0.462255120277405 0.459360122680664 0.458241432905197 0.467606127262115 0.470533400774002 0.481122970581055 0.486692607402802 0.478632897138596 0.466360211372375 0.464251011610031 0.463211983442307 0.453013479709625 0.448612600564957 0.463912487030029 0.476486384868622 0.48529252409935 0.490157783031464 0.492353290319443 0.499855518341064 0.507393896579742 0.512114584445953 0.508131325244904 0.505134344100952 0.476351976394653 0.447711825370789 0.468270599842072 0.489031881093979 0.529391467571259 0.573849737644196 0.595800399780273 0.614610612392426
0.494287341833115 0.482297658920288 0.472752124071121 0.475358873605728 0.473440140485764 0.47182559967041 0.472299993038177 0.468002766370773 0.463234424591064 0.470495343208313 0.470695972442627 0.456368237733841 0.439248442649841 0.431903392076492 0.43772229552269 0.445343524217606 0.458290576934814 0.458912640810013 0.471921503543854 0.482127547264099 0.469788104295731 0.476784437894821 0.486419379711151 0.482320040464401 0.472571343183517 0.470611274242401 0.466407686471939 0.458884209394455 0.465093702077866 0.479745268821716 0.48445326089859 0.493058770895004 0.504137277603149 0.508406341075897 0.519555449485779 0.529417216777802 0.529527902603149 0.517778694629669 0.502894461154938 0.455172479152679 0.430375277996063 0.460969477891922 0.489826381206512 0.550538897514343 0.606369912624359 0.629084050655365 0.634282469749451
0.508265316486359 0.495485782623291 0.485277086496353 0.490857422351837 0.490798264741898 0.48872783780098 0.485566288232803 0.475154042243958 0.465969413518906 0.473819524049759 0.474103301763535 0.457656621932983 0.444880247116089 0.441891402006149 0.444895923137665 0.457192033529282 0.470855802297592 0.463704973459244 0.468679130077362 0.470820009708405 0.46017262339592 0.470030546188354 0.480984568595886 0.483287572860718 0.474897235631943 0.466984421014786 0.463550448417664 0.469593971967697 0.47983130812645 0.487601548433304 0.496305495500565 0.497950524091721 0.508027970790863 0.522276341915131 0.543688952922821 0.56406307220459 0.559854209423065 0.530670583248138 0.49585896730423 0.447004854679108 0.428337454795837 0.461804091930389 0.50860732793808 0.574760437011719 0.630292534828186 0.648935377597809 0.647848427295685
0.524933576583862 0.507083892822266 0.500785052776337 0.502426564693451 0.499728918075562 0.496412932872772 0.492948204278946 0.485665321350098 0.481092840433121 0.48337310552597 0.479822427034378 0.465698629617691 0.453554511070251 0.45069283246994 0.453654497861862 0.473673939704895 0.492553472518921 0.486170530319214 0.475425839424133 0.466862350702286 0.465259313583374 0.477709352970123 0.489777117967606 0.495693981647491 0.490643739700317 0.483780950307846 0.487085908651352 0.498735636472702 0.498675942420959 0.508439421653748 0.52648663520813 0.517455518245697 0.538448512554169 0.557795405387878 0.569535493850708 0.586007058620453 0.580985009670258 0.540462017059326 0.49237659573555 0.457360655069351 0.447192698717117 0.471446305513382 0.532268643379211 0.593214690685272 0.633845746517181 0.646077513694763 0.646460592746735
0.543016374111176 0.520551025867462 0.517009377479553 0.51631087064743 0.509708404541016 0.503224790096283 0.504673004150391 0.502820372581482 0.494203329086304 0.487404823303223 0.490775376558304 0.483122855424881 0.470362573862076 0.461556434631348 0.457564055919647 0.46728727221489 0.473516315221786 0.477838218212128 0.48471799492836 0.486274808645248 0.489997267723083 0.501390218734741 0.512018442153931 0.515662014484406 0.519274771213531 0.521696150302887 0.52542644739151 0.528158009052277 0.52621978521347 0.53642600774765 0.54315847158432 0.53503429889679 0.566478610038757 0.580168426036835 0.580761313438416 0.588245272636414 0.586839139461517 0.559591889381409 0.509617447853088 0.474854379892349 0.465404987335205 0.487324118614197 0.550278544425964 0.612432718276978 0.635764837265015 0.636530101299286 0.639593064785004
0.565657615661621 0.551118016242981 0.546598970890045 0.540432751178741 0.531688690185547 0.528664112091064 0.527458310127258 0.522878706455231 0.509844243526459 0.501210570335388 0.508644044399261 0.501566112041473 0.49306645989418 0.48604342341423 0.482811510562897 0.488384306430817 0.483547776937485 0.491143077611923 0.508651375770569 0.51293957233429 0.514342367649078 0.521569967269897 0.53571617603302 0.542390406131744 0.551024496555328 0.553484857082367 0.547352612018585 0.546201527118683 0.557384967803955 0.574687898159027 0.569889962673187 0.564754903316498 0.586101531982422 0.58679586648941 0.59159904718399 0.595561265945435 0.589019358158112 0.564639806747437 0.521624684333801 0.483545303344727 0.481502175331116 0.515979945659637 0.57137930393219 0.610939860343933 0.623236358165741 0.63222336769104 0.64230740070343
0.595815122127533 0.590902388095856 0.579919278621674 0.569973349571228 0.564647138118744 0.563948094844818 0.562111258506775 0.556685447692871 0.546711981296539 0.537087440490723 0.529175639152527 0.518190920352936 0.513879477977753 0.521608054637909 0.536558270454407 0.54297262430191 0.535852134227753 0.525556266307831 0.528076469898224 0.538116931915283 0.544209837913513 0.554989159107208 0.559694409370422 0.560915052890778 0.565535664558411 0.563329637050629 0.553671419620514 0.560889065265656 0.584661364555359 0.594324886798859 0.589520275592804 0.596454977989197 0.606619417667389 0.597062706947327 0.598504960536957 0.588872194290161 0.563400447368622 0.534358263015747 0.508674263954163 0.497040659189224 0.513710558414459 0.550065219402313 0.592281460762024 0.614467740058899 0.623683989048004 0.639967322349548 0.646290421485901
0.625244379043579 0.622276067733765 0.606133222579956 0.592910766601562 0.596120059490204 0.604333758354187 0.591327130794525 0.581089794635773 0.584966659545898 0.573927164077759 0.549039781093597 0.529287993907928 0.528112947940826 0.539239227771759 0.556396782398224 0.566203892230988 0.567249596118927 0.556251764297485 0.557521224021912 0.571941673755646 0.582186996936798 0.584513485431671 0.573942422866821 0.564258456230164 0.566143870353699 0.564216613769531 0.557630956172943 0.563333690166473 0.583636999130249 0.591124594211578 0.590625047683716 0.604496419429779 0.607501864433289 0.592201113700867 0.583418071269989 0.555178225040436 0.514526188373566 0.489606559276581 0.484484553337097 0.496827661991119 0.534236371517181 0.577190101146698 0.612900793552399 0.632314920425415 0.634977459907532 0.635275721549988 0.633095622062683
0.64301985502243 0.641851007938385 0.636181235313416 0.63088983297348 0.634065330028534 0.631455957889557 0.609157800674438 0.599420607089996 0.60724538564682 0.598660111427307 0.580745995044708 0.561359763145447 0.550101459026337 0.546760678291321 0.544154345989227 0.537477135658264 0.549077272415161 0.566890716552734 0.566420078277588 0.57660961151123 0.58999502658844 0.590950191020966 0.574654757976532 0.55815726518631 0.550073146820068 0.546378970146179 0.544824242591858 0.559005975723267 0.579123497009277 0.591218948364258 0.598769247531891 0.612817347049713 0.596908271312714 0.56698215007782 0.544482350349426 0.511717736721039 0.477619618177414 0.467975795269012 0.488556325435638 0.521958470344543 0.559551894664764 0.595076858997345 0.624585211277008 0.640713155269623 0.644873976707458 0.637926578521729 0.631486654281616
0.650458812713623 0.64984393119812 0.64704692363739 0.64363169670105 0.638604462146759 0.632457554340363 0.629018723964691 0.624534845352173 0.616022765636444 0.604507982730865 0.590715706348419 0.565389156341553 0.55524605512619 0.556835412979126 0.549911797046661 0.54036408662796 0.535338938236237 0.535175502300262 0.531989216804504 0.544138371944427 0.571792662143707 0.581342577934265 0.561670422554016 0.53887540102005 0.521080136299133 0.516742706298828 0.531544268131256 0.566787719726562 0.586024165153503 0.59738701581955 0.60254168510437 0.597793459892273 0.564399540424347 0.533311426639557 0.505731403827667 0.47517728805542 0.454657584428787 0.473362922668457 0.522497653961182 0.557583630084991 0.58141016960144 0.602864623069763 0.630162835121155 0.646059572696686 0.641608059406281 0.630202651023865 0.632217228412628
0.651333212852478 0.644495368003845 0.635135769844055 0.62876969575882 0.622536540031433 0.622427105903625 0.626133024692535 0.625729501247406 0.608860492706299 0.592110991477966 0.568008542060852 0.534357249736786 0.519141256809235 0.50814551115036 0.499814450740814 0.499452888965607 0.486261934041977 0.478358626365662 0.491820245981216 0.514442086219788 0.554582118988037 0.569432318210602 0.546275496482849 0.522142708301544 0.507211625576019 0.503121256828308 0.536050081253052 0.580110371112823 0.587894439697266 0.598713338375092 0.587185144424438 0.548937261104584 0.509422838687897 0.490409195423126 0.457354009151459 0.439836323261261 0.450462490320206 0.481099873781204 0.527286052703857 0.561167359352112 0.575746178627014 0.587396562099457 0.602353096008301 0.602445960044861 0.588440716266632 0.586345314979553 0.605506896972656
0.643348395824432 0.636257350444794 0.624196410179138 0.61980938911438 0.613180816173553 0.615448534488678 0.620824813842773 0.617241621017456 0.600344121456146 0.58774608373642 0.559490442276001 0.525882542133331 0.503401875495911 0.473380088806152 0.457932323217392 0.446603566408157 0.439004153013229 0.44284725189209 0.471798568964005 0.515525639057159 0.551750063896179 0.5624840259552 0.546638190746307 0.525700569152832 0.514322400093079 0.51765900850296 0.55527937412262 0.586543798446655 0.581744194030762 0.587763130664825 0.563552856445312 0.499751061201096 0.453302979469299 0.440026491880417 0.413746535778046 0.424184918403625 0.454743653535843 0.473299741744995 0.50345379114151 0.523409247398376 0.521097719669342 0.528347611427307 0.536824405193329 0.520637094974518 0.501629114151001 0.503477931022644 0.525565326213837
0.637091338634491 0.633161664009094 0.62369841337204 0.617952466011047 0.612438976764679 0.619945764541626 0.626597940921783 0.618750274181366 0.605316817760468 0.600654006004333 0.578644692897797 0.554880023002625 0.53463739156723 0.499507546424866 0.469493478536606 0.440395265817642 0.424316167831421 0.4258151948452 0.45795613527298 0.511828064918518 0.544872343540192 0.552480220794678 0.553978145122528 0.545256495475769 0.537241220474243 0.541413128376007 0.560160219669342 0.569451451301575 0.56269896030426 0.559222280979156 0.522962629795074 0.439290225505829 0.397970765829086 0.405468046665192 0.396500676870346 0.431313991546631 0.455173760652542 0.453428357839584 0.45995044708252 0.474190056324005 0.480354517698288 0.483459979295731 0.481726050376892 0.461930602788925 0.419381678104401 0.401082366704941 0.424012720584869
