data/1_raw/trimmed_ndre/Od_ndre.619.2014_no_clouds.asc
NCOLS 144 
NROWS 65 
XLLCORNER 512965 
YLLCORNER 5150865 
CELLSIZE 5 
NODATA_value -3.4e+38 
[rows 42 to 62 of 65, columns 47 to 93 of 144]
0.497687995433807 0.489480078220367 0.489116966724396 0.495165824890137 0.491564035415649 0.476140588521957 0.47576379776001 0.485662996768951 0.484993785619736 0.476431995630264 0.469157308340073 0.46725058555603 0.458945274353027 0.448841720819473 0.43077352643013 0.426208108663559 0.442112416028976 0.450239479541779 0.44938650727272 0.450896382331848 0.45414873957634 0.45070406794548 0.444331794977188 0.447807163000107 0.453591197729111 0.449631333351135 0.453401207923889 0.463943034410477 0.465409338474274 0.455026000738144 0.441217720508575 0.444725751876831 0.446215212345123 0.43294820189476 0.429449528455734 0.431592792272568 0.432746410369873 0.429952770471573 0.417572200298309 0.428594172000885 0.456375658512115 0.478586345911026 0.474616140127182 0.477394670248032 0.483179330825806 0.486374229192734 0.496551930904388
0.493671387434006 0.48266613483429 0.479638546705246 0.485590994358063 0.479634553194046 0.470941305160522 0.472069263458252 0.476197272539139 0.475770622491837 0.471948683261871 0.465818166732788 0.459260493516922 0.46016126871109 0.464794188737869 0.455865144729614 0.445606082677841 0.449130356311798 0.453581899404526 0.456236302852631 0.459122568368912 0.461750566959381 0.458268970251083 0.456229358911514 0.456012636423111 0.459437400102615 0.459617882966995 0.459311008453369 0.455700725317001 0.450062721967697 0.44700300693512 0.442449659109116 0.445224404335022 0.444471657276154 0.427520006895065 0.427506685256958 0.427545040845871 0.423522144556046 0.420299202203751 0.411323368549347 0.425530314445496 0.437104851007462 0.450524061918259 0.442647486925125 0.445196688175201 0.458290129899979 0.451920360326767 0.435893088579178
0.484339892864227 0.475789070129395 0.476813435554504 0.486234545707703 0.488390356302261 0.485311388969421 0.483019888401031 0.481481969356537 0.48185333609581 0.480350494384766 0.476049542427063 0.4669209420681 0.464604586362839 0.466893941164017 0.468059659004211 0.46864315867424 0.460786879062653 0.46111923456192 0.459043681621552 0.4597227871418 0.468598783016205 0.472371250391006 0.475866317749023 0.47161665558815 0.461204588413239 0.45860955119133 0.465043127536774 0.465040564537048 0.461260616779327 0.464885771274567 0.460999578237534 0.457737356424332 0.450596183538437 0.442078441381454 0.455197364091873 0.453445553779602 0.44846698641777 0.448852717876434 0.435383141040802 0.434342324733734 0.432033717632294 0.433545410633087 0.420922428369522 0.420995950698853 0.427865773439407 0.417375326156616 0.401560127735138
0.470026522874832 0.47036337852478 0.476970493793488 0.492585420608521 0.506924450397491 0.500740826129913 0.489085614681244 0.493565648794174 0.495991855859756 0.495472431182861 0.491877198219299 0.486538290977478 0.47647899389267 0.467317968606949 0.472832024097443 0.475812762975693 0.466863065958023 0.466966062784195 0.46987321972847 0.46375760436058 0.469245076179504 0.474298477172852 0.476192861795425 0.482037991285324 0.477638900279999 0.470661640167236 0.473453521728516 0.478298872709274 0.478100568056107 0.484338790178299 0.486855775117874 0.487003862857819 0.477869659662247 0.471116662025452 0.473050743341446 0.461479127407074 0.457820177078247 0.450727939605713 0.436844885349274 0.433024913072586 0.422881811857224 0.414072573184967 0.412268340587616 0.409398138523102 0.405568420886993 0.400100558996201 0.407967090606689
0.479049950838089 0.481912940740585 0.480269730091095 0.488681435585022 0.495059341192245 0.495211392641068 0.4907286465168 0.491190910339355 0.491824060678482 0.491516917943954 0.486659497022629 0.485813200473785 0.482523262500763 0.476404130458832 0.482577681541443 0.480660796165466 0.469580501317978 0.464079558849335 0.462360888719559 0.45776703953743 0.457135587930679 0.464583575725555 0.468548536300659 0.463297814130783 0.455943554639816 0.451554715633392 0.452304363250732 0.465370327234268 0.467595100402832 0.463617503643036 0.472323000431061 0.47539871931076 0.468503475189209 0.471133977174759 0.467835992574692 0.452052235603333 0.433812081813812 0.402315467596054 0.390606671571732 0.397560834884644 0.38668504357338 0.374077618122101 0.375686198472977 0.385056287050247 0.386883646249771 0.381679564714432 0.382095038890839
0.497829020023346 0.493242084980011 0.486652493476868 0.493620753288269 0.496674656867981 0.495236098766327 0.490459710359573 0.479152619838715 0.475521415472031 0.474294155836105 0.471166223287582 0.471273958683014 0.472139567136765 0.468053221702576 0.469178527593613 0.465990215539932 0.462371587753296 0.454459875822067 0.44304358959198 0.443046510219574 0.439036190509796 0.429889857769012 0.423414051532745 0.418935805559158 0.407007098197937 0.403087884187698 0.39932456612587 0.395724773406982 0.403553307056427 0.403935521841049 0.407225519418716 0.408080697059631 0.407278656959534 0.412014454603195 0.400394290685654 0.396751135587692 0.389896005392075 0.356980830430984 0.333165317773819 0.335302382707596 0.336487621068954 0.336643755435944 0.347746819257736 0.363620519638062 0.375006377696991 0.38217493891716 0.375796943902969
0.519344747066498 0.512169420719147 0.506777942180634 0.506084084510803 0.502104341983795 0.501292169094086 0.506050825119019 0.499001860618591 0.48729482293129 0.485858172178268 0.477573484182358 0.473072528839111 0.478177785873413 0.47863894701004 0.479484438896179 0.470192492008209 0.457039892673492 0.450277358293533 0.446470409631729 0.434873640537262 0.421493887901306 0.399048805236816 0.378862768411636 0.379693776369095 0.386109858751297 0.381529539823532 0.36996728181839 0.362824022769928 0.367826610803604 0.364027619361877 0.367901057004929 0.373711407184601 0.379039913415909 0.375404357910156 0.356827467679977 0.369048565626144 0.384100079536438 0.386121839284897 0.364051520824432 0.338749080896378 0.34210729598999 0.346093356609344 0.354160487651825 0.368886083364487 0.375603497028351 0.388047218322754 0.38695964217186
0.50989443063736 0.503322303295135 0.499367475509644 0.498377799987793 0.496769994497299 0.497566699981689 0.498706310987473 0.493744641542435 0.48386225104332 0.488111197948456 0.48622927069664 0.483530968427658 0.481371581554413 0.476258099079132 0.468788087368011 0.453455150127411 0.436863124370575 0.427271485328674 0.421050816774368 0.410119086503983 0.403983980417252 0.39390242099762 0.375516831874847 0.365506500005722 0.371312946081161 0.378483682870865 0.382586598396301 0.379573106765747 0.375348418951035 0.375713557004929 0.368066996335983 0.360744178295135 0.374780237674713 0.382157623767853 0.372539460659027 0.376313269138336 0.37439551949501 0.379826635122299 0.375592768192291 0.357519805431366 0.362430036067963 0.359329015016556 0.34828582406044 0.364176720380783 0.382199853658676 0.387173026800156 0.386043727397919
0.457027643918991 0.451876282691956 0.452799528837204 0.454569101333618 0.448727637529373 0.438793987035751 0.429395526647568 0.434231966733932 0.434813678264618 0.438182145357132 0.440208524465561 0.429352700710297 0.417881816625595 0.414563715457916 0.405315190553665 0.393968254327774 0.387722104787827 0.384935587644577 0.384989589452744 0.388911604881287 0.387996405363083 0.381732523441315 0.369489848613739 0.358214348554611 0.359721273183823 0.370678216218948 0.376417815685272 0.361878842115402 0.356409400701523 0.371532171964645 0.382504433393478 0.371539711952209 0.378824323415756 0.372725546360016 0.363829016685486 0.367913126945496 0.355204701423645 0.360883057117462 0.364444881677628 0.347077816724777 0.340617924928665 0.333475589752197 0.331621289253235 0.355968952178955 0.380643039941788 0.380083918571472 0.374761521816254
0.403277814388275 0.400770962238312 0.396763682365417 0.398960471153259 0.39220666885376 0.370061814785004 0.35613739490509 0.367368549108505 0.375832617282867 0.374489277601242 0.367561548948288 0.351595848798752 0.344819366931915 0.358736038208008 0.354977786540985 0.351818084716797 0.360641896724701 0.374164253473282 0.378062307834625 0.383518040180206 0.376190423965454 0.373941391706467 0.37993723154068 0.366270333528519 0.361651867628098 0.367086172103882 0.380115270614624 0.377997100353241 0.369577795267105 0.368021935224533 0.375038772821426 0.371330738067627 0.372952252626419 0.352180510759354 0.346973299980164 0.365449994802475 0.361749768257141 0.361495226621628 0.368461310863495 0.369645982980728 0.383954018354416 0.370803117752075 0.358119338750839 0.368789464235306 0.384186565876007 0.381764888763428 0.396905273199081
0.407773315906525 0.398633480072021 0.383412182331085 0.381267249584198 0.382973521947861 0.384744167327881 0.378380209207535 0.369578897953033 0.357834905385971 0.356598049402237 0.35479000210762 0.351610004901886 0.346846580505371 0.345044612884521 0.34628701210022 0.357119679450989 0.375083416700363 0.402157008647919 0.419067174196243 0.420739412307739 0.412181854248047 0.399418860673904 0.392230987548828 0.383400410413742 0.386212229728699 0.394128441810608 0.390000760555267 0.382372885942459 0.384769976139069 0.370402097702026 0.367207556962967 0.35762631893158 0.354714214801788 0.353845566511154 0.367353558540344 0.385201007127762 0.377305805683136 0.358911871910095 0.370167911052704 0.384824007749557 0.397683709859848 0.406379491090775 0.407025575637817 0.405757427215576 0.404043138027191 0.406804502010345 0.431367456912994
0.40379199385643 0.409062534570694 0.4070865213871 0.397017180919647 0.391518980264664 0.395728379487991 0.391410529613495 0.389422446489334 0.382397711277008 0.378744602203369 0.367171138525009 0.350899577140808 0.359876364469528 0.354098320007324 0.362088352441788 0.376861184835434 0.3874451816082 0.399587422609329 0.403391897678375 0.408556193113327 0.41413688659668 0.402116626501083 0.393368631601334 0.381392329931259 0.376175910234451 0.382036477327347 0.376044154167175 0.384231090545654 0.393562734127045 0.372161537408829 0.371887445449829 0.369264662265778 0.382888048887253 0.389711081981659 0.398250967264175 0.401461005210876 0.396163940429688 0.398343861103058 0.406646370887756 0.405265867710114 0.407082587480545 0.418259680271149 0.436600536108017 0.447326332330704 0.445856153964996 0.447933226823807 0.450508773326874
0.393500119447708 0.404083371162415 0.412580072879791 0.40458670258522 0.396369487047195 0.400983959436417 0.401753157377243 0.404349714517593 0.396670997142792 0.37350994348526 0.373404026031494 0.368265509605408 0.369782000780106 0.363589614629745 0.370658248662949 0.383180677890778 0.387304931879044 0.387152642011642 0.377428442239761 0.375862300395966 0.386648207902908 0.387961208820343 0.404341340065002 0.40986368060112 0.394327610731125 0.39128053188324 0.387395650148392 0.39444226026535 0.401696741580963 0.400428026914597 0.404134094715118 0.4046511054039 0.419468730688095 0.414811015129089 0.414700627326965 0.42980968952179 0.433484345674515 0.441593080759048 0.443996548652649 0.438260227441788 0.441150784492493 0.449490576982498 0.46257346868515 0.459301710128784 0.463548958301544 0.470542162656784 0.459343433380127
0.388938575983047 0.403713315725327 0.412737667560577 0.405630201101303 0.400681793689728 0.413350641727448 0.419466316699982 0.406116724014282 0.394353449344635 0.380818665027618 0.382080286741257 0.379305928945541 0.376372992992401 0.377319663763046 0.365403294563293 0.37035745382309 0.376092255115509 0.380278944969177 0.387038320302963 0.389645934104919 0.402194887399673 0.417730420827866 0.428725063800812 0.435227900743484 0.428953170776367 0.425570279359818 0.416860342025757 0.407546609640121 0.409722626209259 0.417407184839249 0.423563897609711 0.427240341901779 0.423315286636353 0.418990612030029 0.427452474832535 0.442288339138031 0.445856750011444 0.459171831607819 0.468280375003815 0.466333359479904 0.471343398094177 0.473349571228027 0.470088511705399 0.459609299898148 0.460744917392731 0.471115052700043 0.473616629838943
0.400033295154572 0.415577530860901 0.421280384063721 0.410646706819534 0.396948009729385 0.412703812122345 0.414806604385376 0.397413462400436 0.398617416620255 0.409451454877853 0.405983090400696 0.400438994169235 0.401543140411377 0.403929859399796 0.398244440555573 0.395839959383011 0.3995141685009 0.40544781088829 0.407381922006607 0.398657113313675 0.417172491550446 0.431821972131729 0.435098767280579 0.43534591794014 0.431068390607834 0.432147920131683 0.43477201461792 0.429306119680405 0.430754601955414 0.419531315565109 0.427985012531281 0.445292472839355 0.443722873926163 0.441153764724731 0.437516510486603 0.437769711017609 0.444551795721054 0.461574614048004 0.470598071813583 0.472843885421753 0.476212292909622 0.471514254808426 0.469179481267929 0.476330995559692 0.480750292539597 0.477700889110565 -3.4e+38
0.417997568845749 0.426368921995163 0.421223610639572 0.406705290079117 0.398733049631119 0.416836112737656 0.424070090055466 0.416172564029694 0.420357882976532 0.434834271669388 0.42572546005249 0.417123228311539 0.431823074817657 0.438295036554337 0.433199346065521 0.429762899875641 0.431733429431915 0.436761438846588 0.444967240095139 0.445276439189911 0.450897842645645 0.446294128894806 0.439567267894745 0.439511239528656 0.441549926996231 0.449401348829269 0.452585071325302 0.454484581947327 0.454907536506653 0.433045774698257 0.429309517145157 0.431076318025589 0.430487751960754 0.446963459253311 0.447543442249298 0.443129062652588 0.448330879211426 0.463066339492798 0.462479740381241 0.459218859672546 0.463121116161346 0.466286659240723 -3.4e+38 -3.4e+38 -3.4e+38 -3.4e+38 -3.4e+38
0.430072098970413 0.430478364229202 0.417919456958771 0.426941066980362 0.428106665611267 0.433684229850769 0.436249643564224 0.43550232052803 0.441292285919189 0.43687841296196 0.430000007152557 0.433547466993332 0.44573837518692 0.451375961303711 0.44165563583374 0.435797780752182 0.447762757539749 0.459336310625076 0.463298380374908 0.46368607878685 0.465812593698502 0.465696543455124 0.460845142602921 0.457787185907364 0.460076183080673 0.466933399438858 0.468099117279053 0.458069831132889 0.455704808235168 0.444804012775421 0.434134423732758 0.421859443187714 0.426180511713028 0.443583071231842 0.452861249446869 -3.4e+38 -3.4e+38 -3.4e+38 -3.4e+38 -3.4e+38 -3.4e+38 -3.4e+38 -3.4e+38 -3.4e+38 -3.4e+38 -3.4e+38 -3.4e+38
0.438023626804352 0.439600050449371 0.428744077682495 0.454203963279724 0.451229095458984 0.436557680368423 0.439482808113098 0.438072025775909 0.446775764226913 0.44868466258049 0.446260362863541 0.446712076663971 0.446140170097351 0.45329424738884 0.451711267232895 0.451752543449402 0.462486535310745 0.466711908578873 0.461240857839584 0.456547260284424 0.461438000202179 0.467478901147842 0.461795121431351 0.461373031139374 0.464392691850662 0.468925327062607 0.471560776233673 0.458535373210907 -3.4e+38 -3.4e+38 -3.4e+38 -3.4e+38 -3.4e+38 -3.4e+38 -3.4e+38 -3.4e+38 -3.4e+38 -3.4e+38 -3.4e+38 -3.4e+38 -3.4e+38 -3.4e+38 -3.4e+38 -3.4e+38 -3.4e+38 -3.4e+38 -3.4e+38
0.436439275741577 0.447674065828323 0.442329883575439 0.451620519161224 0.440415471792221 0.433098018169403 0.433669120073318 0.428386062383652 0.435714781284332 0.449365079402924 0.454982876777649 0.454711109399796 0.442180454730988 0.441973149776459 0.451646000146866 0.455860823392868 0.465598881244659 -3.4e+38 -3.4e+38 -3.4e+38 -3.4e+38 -3.4e+38 -3.4e+38 -3.4e+38 -3.4e+38 -3.4e+38 -3.4e+38 -3.4e+38 -3.4e+38 -3.4e+38 -3.4e+38 -3.4e+38 -3.4e+38 -3.4e+38 -3.4e+38 -3.4e+38 -3.4e+38 -3.4e+38 -3.4e+38 -3.4e+38 -3.4e+38 -3.4e+38 -3.4e+38 -3.4e+38 -3.4e+38 -3.4e+38 -3.4e+38
0.44470351934433 0.448575586080551 0.441023528575897 0.433626651763916 0.425375461578369 0.436922401189804 -3.4e+38 -3.4e+38 -3.4e+38 -3.4e+38 -3.4e+38 -3.4e+38 -3.4e+38 -3.4e+38 -3.4e+38 -3.4e+38 -3.4e+38 -3.4e+38 -3.4e+38 -3.4e+38 -3.4e+38 -3.4e+38 -3.4e+38 -3.4e+38 -3.4e+38 -3.4e+38 -3.4e+38 -3.4e+38 -3.4e+38 -3.4e+38 -3.4e+38 -3.4e+38 -3.4e+38 -3.4e+38 -3.4e+38 -3.4e+38 -3.4e+38 -3.4e+38 -3.4e+38 -3.4e+38 -3.4e+38 -3.4e+38 -3.4e+38 -3.4e+38 -3.4e+38 -3.4e+38 -3.4e+38
0.449453294277191 0.436679691076279 -3.4e+38 -3.4e+38 -3.4e+38 -3.4e+38 -3.4e+38 -3.4e+38 -3.4e+38 -3.4e+38 -3.4e+38 -3.4e+38 -3.4e+38 -3.4e+38 -3.4e+38 -3.4e+38 -3.4e+38 -3.4e+38 -3.4e+38 -3.4e+38 -3.4e+38 -3.4e+38 -3.4e+38 -3.4e+38 -3.4e+38 -3.4e+38 -3.4e+38 -3.4e+38 -3.4e+38 -3.4e+38 -3.4e+38 -3.4e+38 -3.4e+38 -3.4e+38 -3.4e+38 -3.4e+38 -3.4e+38 -3.4e+38 -3.4e+38 -3.4e+38 -3.4e+38 -3.4e+38 -3.4e+38 -3.4e+38 -3.4e+38 -3.4e+38 -3.4e+38
