data/1_raw/trimmed_ndre/Od_ndre.617.2015_no_clouds.asc
NCOLS 144 
NROWS 65 
XLLCORNER 512965 
YLLCORNER 5150865 
CELLSIZE 5 
NODATA_value -3.4e+38 
[rows 42 to 62 of 65, columns 0 to 46 of 144]
-3.4e+38 -3.4e+38 -3.4e+38 -3.4e+38 -3.4e+38 -3.4e+38 -3.4e+38 -3.4e+38 -3.4e+38 -3.4e+38 -3.4e+38 -3.4e+38 -3.4e+38 -3.4e+38 -3.4e+38 -3.4e+38 -3.4e+38 -3.4e+38 -3.4e+38 -3.4e+38 -3.4e+38 0.475101262331009 0.479799658060074 0.491869419813156 0.48882731795311 0.482933133840561 0.477555602788925 0.466553419828415 0.460406273603439 0.44663006067276 0.416346192359924 0.411645889282227 0.435233920812607 0.473174750804901 0.495924413204193 0.516140580177307 0.531914174556732 0.543106257915497 0.564888417720795 0.582076728343964 0.586118876934052 0.587474763393402 0.57936030626297 0.568262457847595 0.563387870788574 0.568924129009247 0.56976705789566
-3.4e+38 -3.4e+38 -3.4e+38 -3.4e+38 -3.4e+38 -3.4e+38 -3.4e+38 -3.4e+38 -3.4e+38 -3.4e+38 -3.4e+38 -3.4e+38 -3.4e+38 -3.4e+38 -3.4e+38 -3.4e+38 -3.4e+38 -3.4e+38 -3.4e+38 0.508412539958954 0.49811065196991 0.492540150880814 0.49795338511467 0.505132555961609 0.500624120235443 0.490227550268173 0.482588976621628 0.47788792848587 0.472345501184464 0.451054871082306 0.424991101026535 0.42060923576355 0.450999647378922 0.489457339048386 0.515917837619781 0.540188789367676 0.562631547451019 0.580001831054688 0.594341158866882 0.599341213703156 0.598744451999664 0.596406102180481 0.584980010986328 0.575868785381317 0.572952449321747 0.573759496212006 0.565540254116058
-3.4e+38 -3.4e+38 -3.4e+38 -3.4e+38 -3.4e+38 -3.4e+38 -3.4e+38 -3.4e+38 -3.4e+38 -3.4e+38 -3.4e+38 -3.4e+38 -3.4e+38 -3.4e+38 -3.4e+38 -3.4e+38 -3.4e+38 -3.4e+38 0.501950681209564 0.496821790933609 0.491427928209305 0.491195648908615 0.491383820772171 0.491501927375793 0.489526659250259 0.483463019132614 0.476751416921616 0.472233831882477 0.46571409702301 0.443634986877441 0.431714773178101 0.43883216381073 0.466427028179169 0.496497571468353 0.521481394767761 0.541821479797363 0.56676709651947 0.585320234298706 0.590106248855591 0.584980309009552 0.580184757709503 0.575861573219299 0.567058324813843 0.566368460655212 0.572128713130951 0.579350233078003 0.565955221652985
-3.4e+38 -3.4e+38 -3.4e+38 -3.4e+38 -3.4e+38 -3.4e+38 -3.4e+38 -3.4e+38 -3.4e+38 -3.4e+38 -3.4e+38 -3.4e+38 -3.4e+38 -3.4e+38 -3.4e+38 -3.4e+38 -3.4e+38 0.490556716918945 0.487684160470963 0.472175449132919 0.462866097688675 0.463861614465714 0.473935753107071 0.479948401451111 0.481485456228256 0.480818271636963 0.471424371004105 0.469176769256592 0.468434870243073 0.453407227993011 0.454643875360489 0.469394594430923 0.491449624300003 0.511946737766266 0.530458033084869 0.54534524679184 0.556922852993011 0.572376608848572 0.57993620634079 0.572910368442535 0.565198242664337 0.560626804828644 0.562769174575806 0.57394951581955 0.585487902164459 0.58999639749527 0.570653259754181
-3.4e+38 -3.4e+38 -3.4e+38 -3.4e+38 -3.4e+38 -3.4e+38 -3.4e+38 -3.4e+38 -3.4e+38 -3.4e+38 -3.4e+38 -3.4e+38 -3.4e+38 -3.4e+38 -3.4e+38 -3.4e+38 0.500486731529236 0.490923851728439 0.471783697605133 0.444491118192673 0.43735471367836 0.447010904550552 0.467486888170242 0.480668783187866 0.487390786409378 0.484402865171432 0.470497906208038 0.477967441082001 0.483198940753937 0.477041572332382 0.484342724084854 0.506331741809845 0.532721340656281 0.549268364906311 0.553764581680298 0.551316916942596 0.546275317668915 0.564935266971588 0.580082178115845 0.584940135478973 0.587764382362366 0.582411468029022 0.57696121931076 0.584665834903717 0.59418922662735 0.594778954982758 0.578254818916321
-3.4e+38 -3.4e+38 -3.4e+38 -3.4e+38 -3.4e+38 -3.4e+38 -3.4e+38 -3.4e+38 -3.4e+38 -3.4e+38 -3.4e+38 -3.4e+38 -3.4e+38 -3.4e+38 -3.4e+38 0.478812724351883 0.496742129325867 0.48831382393837 0.462164252996445 0.434991121292114 0.437909513711929 0.454603999853134 0.476419031620026 0.48839083313942 0.503365814685822 0.505699038505554 0.498212695121765 0.504486322402954 0.508278071880341 0.507871568202972 0.510716259479523 0.529601216316223 0.550681173801422 0.564413368701935 0.565844357013702 0.55858963727951 0.55106508731842 0.571964502334595 0.587423026561737 0.59456729888916 0.596380174160004 0.587853968143463 0.582201421260834 0.586823463439941 0.593161880970001 0.591959416866302 0.585782945156097
-3.4e+38 -3.4e+38 -3.4e+38 -3.4e+38 -3.4e+38 -3.4e+38 -3.4e+38 -3.4e+38 -3.4e+38 -3.4e+38 -3.4e+38 -3.4e+38 -3.4e+38 -3.4e+38 0.469804644584656 0.470622688531876 0.48574486374855 0.49210599064827 0.472069382667542 0.45649465918541 0.46701967716217 0.479987382888794 0.490029841661453 0.503415822982788 0.538573980331421 0.545705735683441 0.540301918983459 0.536671817302704 0.539909064769745 0.541862308979034 0.544599533081055 0.557489395141602 0.564771234989166 0.570933222770691 0.576271593570709 0.576549887657166 0.576425135135651 0.583860337734222 0.588975250720978 0.597224950790405 0.603352606296539 0.590879023075104 0.584058821201324 0.585106313228607 0.592784821987152 0.597613036632538 0.602811753749847
-3.4e+38 -3.4e+38 -3.4e+38 -3.4e+38 -3.4e+38 -3.4e+38 -3.4e+38 -3.4e+38 -3.4e+38 -3.4e+38 -3.4e+38 -3.4e+38 -3.4e+38 0.484039723873138 0.478904366493225 0.483593881130219 0.49700665473938 0.511388659477234 0.50491338968277 0.500140905380249 0.504953384399414 0.516155779361725 0.523527324199677 0.537225246429443 0.567535221576691 0.577713012695312 0.575191736221313 0.56938898563385 0.579549431800842 0.576400637626648 0.573027074337006 0.579140841960907 0.575168490409851 0.577536880970001 0.589685499668121 0.599712729454041 0.599193871021271 0.594458281993866 0.593580901622772 0.603536069393158 0.611994981765747 0.600972831249237 0.597691535949707 0.601380705833435 0.608018457889557 0.604643285274506 0.609921097755432
-3.4e+38 -3.4e+38 -3.4e+38 -3.4e+38 -3.4e+38 -3.4e+38 -3.4e+38 -3.4e+38 -3.4e+38 -3.4e+38 -3.4e+38 -3.4e+38 0.47258186340332 0.485251992940903 0.494491636753082 0.504028797149658 0.520768761634827 0.537688374519348 0.545219123363495 0.543067693710327 0.54315447807312 0.548111736774445 0.552318215370178 0.55845057964325 0.569049537181854 0.579585492610931 0.58610463142395 0.589568257331848 0.595152139663696 0.583490669727325 0.58059698343277 0.586577594280243 0.584422528743744 0.585424423217773 0.590202510356903 0.597411096096039 0.603741645812988 0.602145791053772 0.598630785942078 0.609334170818329 0.618753433227539 0.614681124687195 0.605328500270844 0.606410205364227 0.611018717288971 0.601837933063507 0.602323651313782
-3.4e+38 -3.4e+38 -3.4e+38 -3.4e+38 -3.4e+38 -3.4e+38 -3.4e+38 -3.4e+38 -3.4e+38 -3.4e+38 -3.4e+38 0.464621126651764 0.469235926866531 0.489402502775192 0.505296409130096 0.515769720077515 0.531848609447479 0.549647629261017 0.561134517192841 0.55617880821228 0.557647883892059 0.560586869716644 0.560224652290344 0.552631556987762 0.553078889846802 0.563406944274902 0.573473155498505 0.586652815341949 0.593740284442902 0.579302847385406 0.572232484817505 0.575092196464539 0.583829164505005 0.597215294837952 0.601000785827637 0.598514258861542 0.60345858335495 0.604124903678894 0.59720504283905 0.594442069530487 0.603347480297089 0.609199047088623 0.597171306610107 0.598110496997833 0.60258960723877 0.596783459186554 0.58906364440918
-3.4e+38 -3.4e+38 -3.4e+38 -3.4e+38 -3.4e+38 -3.4e+38 -3.4e+38 -3.4e+38 -3.4e+38 -3.4e+38 0.482535719871521 0.473135620355606 0.472351580858231 0.494830846786499 0.504341125488281 0.507244288921356 0.513462126255035 0.530770123004913 0.541959762573242 0.540342807769775 0.547584533691406 0.552325904369354 0.550096869468689 0.53393018245697 0.540420293807983 0.557715535163879 0.568986117839813 0.584095358848572 0.594955921173096 0.593683362007141 0.589921534061432 0.583480596542358 0.582610845565796 0.598586916923523 0.60607248544693 0.602948844432831 0.596671402454376 0.598239839076996 0.597094416618347 0.590052664279938 0.59369170665741 0.595792531967163 0.585733771324158 0.585057616233826 0.600661039352417 0.618827700614929 0.607150375843048
-3.4e+38 -3.4e+38 -3.4e+38 -3.4e+38 -3.4e+38 -3.4e+38 -3.4e+38 -3.4e+38 -3.4e+38 0.48877689242363 0.492562979459763 0.486258447170258 0.486751586198807 0.499539643526077 0.495727479457855 0.490085363388062 0.489332526922226 0.503660261631012 0.509404540061951 0.512157797813416 0.526402413845062 0.542305052280426 0.54580944776535 0.532623708248138 0.550328314304352 0.571337938308716 0.585676848888397 0.598684966564178 0.602671921253204 0.598056793212891 0.590734660625458 0.581885397434235 0.578127801418304 0.588205873966217 0.596614420413971 0.595467805862427 0.585237205028534 0.595372915267944 0.599870562553406 0.59531432390213 0.591738224029541 0.588216960430145 0.584775507450104 0.586067736148834 0.596172273159027 0.609750866889954 0.609971284866333
-3.4e+38 -3.4e+38 -3.4e+38 -3.4e+38 -3.4e+38 -3.4e+38 -3.4e+38 -3.4e+38 0.470630139112473 0.481227517127991 0.499416351318359 0.502405345439911 0.502604007720947 0.501760303974152 0.492438852787018 0.483225345611572 0.482720106840134 0.496328294277191 0.504567265510559 0.51892364025116 0.54117339849472 0.562801361083984 0.563152194023132 0.554217576980591 0.574591934680939 0.594304740428925 0.605890214443207 0.608390212059021 0.602164924144745 0.591905355453491 0.581610918045044 0.576971173286438 0.575039982795715 0.577876925468445 0.577538430690765 0.572564840316772 0.570062339305878 0.591754853725433 0.602178990840912 0.602991163730621 0.599086284637451 0.595979630947113 0.592164278030396 0.589708745479584 0.593176662921906 0.598451614379883 0.60447770357132
-3.4e+38 -3.4e+38 -3.4e+38 -3.4e+38 -3.4e+38 -3.4e+38 -3.4e+38 0.456668943166733 0.458730250597 0.481192380189896 0.502434492111206 0.510608553886414 0.509614527225494 0.505786895751953 0.5010866522789 0.499591827392578 0.510255694389343 0.529612064361572 0.542722582817078 0.555785477161407 0.571552097797394 0.589196264743805 0.587027788162231 0.579975605010986 0.581111371517181 0.586162090301514 0.592849135398865 0.596571981906891 0.593476295471191 0.583123922348022 0.573702752590179 0.578221440315247 0.58061683177948 0.577350080013275 0.565935254096985 0.558574914932251 0.56316876411438 0.587453901767731 0.598664879798889 0.600812315940857 0.597040832042694 0.59774774312973 0.594555139541626 0.589839041233063 0.589628458023071 0.592152416706085 0.59886223077774
-3.4e+38 -3.4e+38 -3.4e+38 -3.4e+38 -3.4e+38 -3.4e+38 0.454638808965683 0.448405295610428 0.463985294103622 0.495863556861877 0.506870806217194 0.509863436222076 0.514979302883148 0.515339255332947 0.518606424331665 0.529384255409241 0.541864156723022 0.556503713130951 0.570819556713104 0.585002422332764 0.594451546669006 0.598829627037048 0.586830139160156 0.578594863414764 0.576087117195129 0.57573014497757 0.577702045440674 0.581477582454681 0.58631306886673 0.5804243683815 0.572272837162018 0.568782567977905 0.568145930767059 0.568184912204742 0.563113987445831 0.5580934882164 0.565496206283569 0.581943809986115 0.586735486984253 0.585426688194275 0.58213084936142 0.584492206573486 0.583182692527771 0.580427765846252 0.577586650848389 0.573757708072662 0.57587069272995
-3.4e+38 -3.4e+38 -3.4e+38 -3.4e+38 -3.4e+38 0.481670081615448 0.45765420794487 0.464976012706757 0.48777562379837 0.516566157341003 0.510416150093079 0.510469794273376 0.525734126567841 0.529706060886383 0.534658551216125 0.54380851984024 0.550231516361237 0.561392545700073 0.57576060295105 0.592640340328217 0.596050679683685 0.5895174741745 0.574065506458282 0.576649904251099 0.581097662448883 0.579643428325653 0.574474930763245 0.576162993907928 0.583611667156219 0.576640903949738 0.568026185035706 0.559676885604858 0.551550209522247 0.557472348213196 0.565466105937958 0.563649117946625 0.5683314204216 0.574207961559296 0.572685956954956 0.56931734085083 0.563840746879578 0.560116112232208 0.556974828243256 0.559328377246857 0.564102530479431 0.566402494907379 0.562588810920715
-3.4e+38 -3.4e+38 -3.4e+38 -3.4e+38 0.499855399131775 0.496619373559952 0.486195921897888 0.49246022105217 0.509158313274384 0.527422606945038 0.519439935684204 0.525446832180023 0.541187882423401 0.548595011234283 0.551730275154114 0.552442252635956 0.548588335514069 0.551814436912537 0.563609540462494 0.582748055458069 0.585583090782166 0.5801682472229 0.570587277412415 0.578089416027069 0.590586304664612 0.59626841545105 0.583800137042999 0.577366471290588 0.5765101313591 0.569633901119232 0.565230906009674 0.556325912475586 0.542083382606506 0.546765267848969 0.555253386497498 0.557444393634796 0.558480739593506 0.559868693351746 0.559502899646759 0.560011386871338 0.550891816616058 0.54157954454422 0.538785815238953 0.548345029354095 0.558344960212708 0.56231701374054 0.55253279209137
-3.4e+38 -3.4e+38 -3.4e+38 0.483293443918228 0.499923944473267 0.508346796035767 0.511181235313416 0.512489676475525 0.511587858200073 0.519612908363342 0.533538997173309 0.539060235023499 0.547309041023254 0.55733597278595 0.563275039196014 0.561229705810547 0.554836452007294 0.552826464176178 0.560314536094666 0.573602676391602 0.575009644031525 0.57155179977417 0.567787349224091 0.569203794002533 0.580786287784576 0.58803915977478 0.575543701648712 0.56881183385849 0.564137041568756 0.559093654155731 0.559937179088593 0.559826791286469 0.552035093307495 0.543656945228577 0.542851150035858 0.544538259506226 0.542260408401489 0.545160353183746 0.55080908536911 0.55766487121582 0.543444633483887 0.533465802669525 0.535849153995514 0.55051177740097 0.556602239608765 0.553831040859222 0.540346622467041
-3.4e+38 -3.4e+38 0.5078244805336 0.504983842372894 0.510425269603729 0.513021945953369 0.518169403076172 0.520770490169525 0.506191492080688 0.505039274692535 0.517958343029022 0.529845058917999 0.540090382099152 0.552325308322906 0.567410230636597 0.568527817726135 0.561246931552887 0.555110931396484 0.562623202800751 0.569863557815552 0.565485596656799 0.557063400745392 0.548298299312592 0.542361855506897 0.550787329673767 0.559617698192596 0.557853877544403 0.551326990127563 0.5462606549263 0.541896820068359 0.535879373550415 0.546234428882599 0.554342091083527 0.545479893684387 0.537074089050293 0.532916069030762 0.530258536338806 0.535216689109802 0.544531166553497 0.551746428012848 0.53838837146759 0.533831357955933 0.540690541267395 0.556660056114197 0.552247703075409 0.54262387752533 0.535413801670074
-3.4e+38 0.514710187911987 0.52337521314621 0.524872422218323 0.520659506320953 0.513531506061554 0.508818387985229 0.50458174943924 0.491526573896408 0.492202907800674 0.501060605049133 0.51515918970108 0.524930119514465 0.53752875328064 0.555938601493835 0.56304943561554 0.561176002025604 0.555199801921844 0.564061045646667 0.565150856971741 0.552678048610687 0.53522926568985 0.524375081062317 0.518704295158386 0.518681108951569 0.529818773269653 0.536459624767303 0.527680814266205 0.520828902721405 0.520735323429108 0.525970458984375 0.534352898597717 0.540547013282776 0.539985060691833 0.538191318511963 0.533165216445923 0.531365036964417 0.530567109584808 0.540447354316711 0.549590229988098 0.545618653297424 0.542965054512024 0.547078609466553 0.557129442691803 0.549962520599365 0.546793222427368 0.545790374279022
0.504445135593414 0.523717045783997 0.523318707942963 0.51766836643219 0.518067836761475 0.521475374698639 0.507793664932251 0.494114488363266 0.485180616378784 0.493961334228516 0.501461744308472 0.509891629219055 0.517681062221527 0.534119963645935 0.554764568805695 0.563443064689636 0.561358153820038 0.554230749607086 0.556287229061127 0.547084927558899 0.530766427516937 0.512379765510559 0.504017114639282 0.497867703437805 0.491444766521454 0.508155524730682 0.51535302400589 0.507388472557068 0.502959966659546 0.511210978031158 0.524418532848358 0.525546610355377 0.522427320480347 0.527098417282104 0.551909565925598 0.550615131855011 0.543027460575104 0.536859810352325 0.538759648799896 0.548328816890717 0.55823278427124 0.560302019119263 0.555083096027374 0.550900638103485 0.546619832515717 0.549050569534302 0.550741136074066
