data/1_raw/trimmed_ndre/Od_ndre.83.2011_no_clouds.asc
NCOLS 144 
NROWS 65 
XLLCORNER 512965 
YLLCORNER 5150865 
CELLSIZE 5 
NODATA_value -3.4e+38 
[rows 42 to 62 of 65, columns 0 to 46 of 144]
-3.4e+38 -3.4e+38 -3.4e+38 -3.4e+38 -3.4e+38 -3.4e+38 -3.4e+38 -3.4e+38 -3.4e+38 -3.4e+38 -3.4e+38 -3.4e+38 -3.4e+38 -3.4e+38 -3.4e+38 -3.4e+38 -3.4e+38 -3.4e+38 -3.4e+38 -3.4e+38 -3.4e+38 0.196087896823883 0.197436988353729 0.203616410493851 0.190892085433006 0.17596048116684 0.166480481624603 0.179727539420128 0.189304366707802 0.191837534308434 0.182166367769241 0.167330414056778 0.174598604440689 0.167379453778267 0.185610607266426 0.202310740947723 0.200757041573524 0.222773566842079 0.234753578901291 0.218346193432808 0.20945331454277 0.215544074773788 0.209137797355652 0.201702892780304 0.195213854312897 0.200032606720924 0.215928584337234
-3.4e+38 -3.4e+38 -3.4e+38 -3.4e+38 -3.4e+38 -3.4e+38 -3.4e+38 -3.4e+38 -3.4e+38 -3.4e+38 -3.4e+38 -3.4e+38 -3.4e+38 -3.4e+38 -3.4e+38 -3.4e+38 -3.4e+38 -3.4e+38 -3.4e+38 0.175545588135719 0.186934173107147 0.181379392743111 0.173735052347183 0.173595726490021 0.16841384768486 0.174141556024551 0.177907913923264 0.187677174806595 0.195555046200752 0.18884015083313 0.186583280563354 0.1773771494627 0.174137100577354 0.176598697900772 0.195102646946907 0.210739523172379 0.207687303423882 0.22264963388443 0.233917683362961 0.211100146174431 0.209232673048973 0.217821836471558 0.201483905315399 0.20267441868782 0.205057442188263 0.199260756373405 0.20486868917942
-3.4e+38 -3.4e+38 -3.4e+38 -3.4e+38 -3.4e+38 -3.4e+38 -3.4e+38 -3.4e+38 -3.4e+38 -3.4e+38 -3.4e+38 -3.4e+38 -3.4e+38 -3.4e+38 -3.4e+38 -3.4e+38 -3.4e+38 -3.4e+38 0.173586577177048 0.172086879611015 0.188034325838089 0.191561684012413 0.183608710765839 0.180419206619263 0.174951583147049 0.17064556479454 0.179627552628517 0.18284772336483 0.183803215622902 0.182249486446381 0.196006387472153 0.178113266825676 0.178019791841507 0.19562466442585 0.199050635099411 0.207956954836845 0.20909957587719 0.220631390810013 0.228956967592239 0.198458179831505 0.197224274277687 0.212904676795006 0.211589142680168 0.211183339357376 0.206469416618347 0.195612594485283 0.18509703874588
-3.4e+38 -3.4e+38 -3.4e+38 -3.4e+38 -3.4e+38 -3.4e+38 -3.4e+38 -3.4e+38 -3.4e+38 -3.4e+38 -3.4e+38 -3.4e+38 -3.4e+38 -3.4e+38 -3.4e+38 -3.4e+38 -3.4e+38 0.193276181817055 0.174755915999413 0.173687890172005 0.176961869001389 0.180332541465759 0.183062240481377 0.189747050404549 0.179575353860855 0.166637405753136 0.18046997487545 0.177363842725754 0.18233135342598 0.187524065375328 0.185432225465775 0.165103271603584 0.17138035595417 0.18930572271347 0.193239867687225 0.212047204375267 0.20636448264122 0.206445947289467 0.216974467039108 0.212552800774574 0.229184582829475 0.223546102643013 0.210032522678375 0.20870541036129 0.206384062767029 0.208319395780563 0.210805296897888
-3.4e+38 -3.4e+38 -3.4e+38 -3.4e+38 -3.4e+38 -3.4e+38 -3.4e+38 -3.4e+38 -3.4e+38 -3.4e+38 -3.4e+38 -3.4e+38 -3.4e+38 -3.4e+38 -3.4e+38 -3.4e+38 0.187384516000748 0.182269245386124 0.178196862339973 0.184053838253021 0.175326481461525 0.178897991776466 0.185199037194252 0.179087802767754 0.172646164894104 0.163220152258873 0.169518992304802 0.182843953371048 0.192004024982452 0.187438488006592 0.175567865371704 0.172349616885185 0.179960027337074 0.191873043775558 0.207589343190193 0.227940648794174 0.207165315747261 0.205473273992538 0.211583107709885 0.216609939932823 0.233010038733482 0.21366548538208 0.203442186117172 0.211528554558754 0.213897511363029 0.20235088467598 0.195946455001831
-3.4e+38 -3.4e+38 -3.4e+38 -3.4e+38 -3.4e+38 -3.4e+38 -3.4e+38 -3.4e+38 -3.4e+38 -3.4e+38 -3.4e+38 -3.4e+38 -3.4e+38 -3.4e+38 -3.4e+38 0.179040923714638 0.182945623993874 0.188625037670135 0.187536522746086 0.186874642968178 0.177082613110542 0.182654663920403 0.17778591811657 0.166057765483856 0.17963145673275 0.187748298048973 0.196073085069656 0.199614286422729 0.189754009246826 0.184517219662666 0.194974020123482 0.201052814722061 0.204352349042892 0.227633938193321 0.239571869373322 0.235934525728226 0.215589120984077 0.237343370914459 0.229874566197395 0.212890714406967 0.223826959729195 0.208404734730721 0.208670198917389 0.214660465717316 0.217746943235397 0.215636283159256 0.210445180535316
-3.4e+38 -3.4e+38 -3.4e+38 -3.4e+38 -3.4e+38 -3.4e+38 -3.4e+38 -3.4e+38 -3.4e+38 -3.4e+38 -3.4e+38 -3.4e+38 -3.4e+38 -3.4e+38 0.176959872245789 0.175041183829308 0.179009005427361 0.186748132109642 0.176020696759224 0.171737805008888 0.178371474146843 0.175218045711517 0.163497284054756 0.157427459955215 0.182377517223358 0.205752268433571 0.211670994758606 0.195492893457413 0.177741155028343 0.183728978037834 0.198299452662468 0.21392647922039 0.226505815982819 0.257971256971359 0.249447658658028 0.231886371970177 0.224729284644127 0.235853314399719 0.219460114836693 0.217959582805634 0.233165845274925 0.212504580616951 0.2179294526577 0.223812133073807 0.232265800237656 0.242040753364563 0.251473814249039
-3.4e+38 -3.4e+38 -3.4e+38 -3.4e+38 -3.4e+38 -3.4e+38 -3.4e+38 -3.4e+38 -3.4e+38 -3.4e+38 -3.4e+38 -3.4e+38 -3.4e+38 0.186240494251251 0.174569889903069 0.175971135497093 0.178544357419014 0.180736362934113 0.163329482078552 0.168135836720467 0.18529400229454 0.179710060358047 0.181250616908073 0.177824631333351 0.189614355564117 0.198596656322479 0.189167574048042 0.193289116024971 0.186443388462067 0.178582563996315 0.185235098004341 0.212853834033012 0.232598632574081 0.257444143295288 0.253013163805008 0.229967474937439 0.227641075849533 0.231772437691689 0.217421025037766 0.228192135691643 0.24133688211441 0.243649214506149 0.260466754436493 0.257176339626312 0.24931763112545 0.255936354398727 0.27368900179863
-3.4e+38 -3.4e+38 -3.4e+38 -3.4e+38 -3.4e+38 -3.4e+38 -3.4e+38 -3.4e+38 -3.4e+38 -3.4e+38 -3.4e+38 -3.4e+38 0.188828229904175 0.184161648154259 0.174574613571167 0.183719247579575 0.189161226153374 0.187728732824326 0.173449605703354 0.178599372506142 0.199388295412064 0.208752125501633 0.220096737146378 0.21078023314476 0.202518433332443 0.198558643460274 0.189692333340645 0.197647467255592 0.196592062711716 0.180049374699593 0.20126910507679 0.229331493377686 0.230232670903206 0.231890127062798 0.239089295268059 0.243425577878952 0.24939101934433 0.256334453821182 0.244922816753387 0.247609749436378 0.258878618478775 0.279413133859634 0.288985997438431 0.277617037296295 0.264844238758087 0.27312770485878 0.289233714342117
-3.4e+38 -3.4e+38 -3.4e+38 -3.4e+38 -3.4e+38 -3.4e+38 -3.4e+38 -3.4e+38 -3.4e+38 -3.4e+38 -3.4e+38 0.18654465675354 0.191654935479164 0.196352437138557 0.184262752532959 0.182061985135078 0.191965207457542 0.200707420706749 0.197634816169739 0.192355543375015 0.210695251822472 0.228060871362686 0.237863570451736 0.22929972410202 0.217668861150742 0.221916496753693 0.214998453855515 0.203255251049995 0.212677732110023 0.218706041574478 0.232204034924507 0.236918017268181 0.222402766346931 0.221783757209778 0.247544154524803 0.273454934358597 0.284426361322403 0.279360502958298 0.257475674152374 0.242784827947617 0.255016684532166 0.272152096033096 0.262570112943649 0.251310884952545 0.25256758928299 0.253670930862427 0.258188277482986
-3.4e+38 -3.4e+38 -3.4e+38 -3.4e+38 -3.4e+38 -3.4e+38 -3.4e+38 -3.4e+38 -3.4e+38 -3.4e+38 0.182637453079224 0.183861345052719 0.185185804963112 0.191789343953133 0.184380427002907 0.169625118374825 0.178992703557014 0.215332716703415 0.210430279374123 0.188094913959503 0.211072698235512 0.218515247106552 0.234068512916565 0.241015166044235 0.227800756692886 0.245397746562958 0.244101226329803 0.221424788236618 0.240225583314896 0.244738668203354 0.243777438998222 0.238425001502037 0.237034916877747 0.241706296801567 0.251464813947678 0.275307565927505 0.28987517952919 0.287808060646057 0.251837551593781 0.218623623251915 0.234332606196404 0.251883804798126 0.233374625444412 0.219286978244781 0.222071185708046 0.21412867307663 0.222232803702354
-3.4e+38 -3.4e+38 -3.4e+38 -3.4e+38 -3.4e+38 -3.4e+38 -3.4e+38 -3.4e+38 -3.4e+38 0.192933633923531 0.190558210015297 0.193539142608643 0.179440587759018 0.176962405443192 0.182516723871231 0.179974734783173 0.179337397217751 0.206582129001617 0.195708230137825 0.187762275338173 0.220757707953453 0.214794740080833 0.251361578702927 0.275110095739365 0.256098300218582 0.258660137653351 0.270630717277527 0.25958040356636 0.261353850364685 0.247053384780884 0.246789872646332 0.245643123984337 0.245674446225166 0.241968169808388 0.225668713450432 0.23621441423893 0.255004912614822 0.262492388486862 0.238317027688026 0.215365648269653 0.226147711277008 0.22760146856308 0.21293218433857 0.207843124866486 0.203826352953911 0.202704548835754 0.21154697239399
-3.4e+38 -3.4e+38 -3.4e+38 -3.4e+38 -3.4e+38 -3.4e+38 -3.4e+38 -3.4e+38 0.200490325689316 0.193409368395805 0.192375779151917 0.196440324187279 0.194110870361328 0.200768902897835 0.199693292379379 0.185997903347015 0.17527112364769 0.185707986354828 0.189570888876915 0.233954086899757 0.266680628061295 0.251007884740829 0.277032911777496 0.296087890863419 0.283488273620605 0.276500433683395 0.289484232664108 0.292828857898712 0.271945029497147 0.241658613085747 0.254066199064255 0.241354614496231 0.219021394848824 0.204049751162529 0.189996346831322 0.200190305709839 0.222684293985367 0.227310076355934 0.208996817469597 0.202324748039246 0.207971960306168 0.204058915376663 0.200820744037628 0.211716145277023 0.207121267914772 0.19950744509697 0.205542117357254
-3.4e+38 -3.4e+38 -3.4e+38 -3.4e+38 -3.4e+38 -3.4e+38 -3.4e+38 0.193259313702583 0.185589298605919 0.173953324556351 0.172526493668556 0.181560233235359 0.189870715141296 0.195435419678688 0.186309427022934 0.18654565513134 0.184738114476204 0.196578308939934 0.209506213665009 0.268133699893951 0.29341733455658 0.274378329515457 0.277191966772079 0.28206542134285 0.285086423158646 0.280867487192154 0.281257092952728 0.283227741718292 0.263825625181198 0.238642275333405 0.236957624554634 0.201537296175957 0.182571426033974 0.191577643156052 0.194694086909294 0.205055624246597 0.224287867546082 0.21919846534729 0.205188915133476 0.210082516074181 0.213048189878464 0.200806796550751 0.190095856785774 0.19806931912899 0.197856172919273 0.196955651044846 0.207105413079262
-3.4e+38 -3.4e+38 -3.4e+38 -3.4e+38 -3.4e+38 -3.4e+38 0.180322021245956 0.180537164211273 0.174146369099617 0.170145958662033 0.176456645131111 0.182075470685959 0.181180864572525 0.177589878439903 0.175248816609383 0.197265982627869 0.199535682797432 0.205523297190666 0.227077677845955 0.264502584934235 0.27929961681366 0.266190946102142 0.260514467954636 0.264680653810501 0.264371335506439 0.251595348119736 0.241161212325096 0.244531899690628 0.241633743047714 0.219354882836342 0.190566137433052 0.180712953209877 0.193356975913048 0.213854372501373 0.211817637085915 0.20784755051136 0.225412845611572 0.227902799844742 0.229091793298721 0.234394952654839 0.240420624613762 0.227144256234169 0.208646446466446 0.209994226694107 0.214510515332222 0.200397744774818 0.211451262235641
-3.4e+38 -3.4e+38 -3.4e+38 -3.4e+38 -3.4e+38 0.186179950833321 0.179642096161842 0.187172263860703 0.181485757231712 0.183486297726631 0.194149047136307 0.192335307598114 0.180808246135712 0.188998907804489 0.191289991140366 0.183452978730202 0.202197253704071 0.209189236164093 0.220913022756577 0.241230696439743 0.250820100307465 0.261931091547012 0.256165057420731 0.242647916078568 0.234058484435081 0.228532716631889 0.221355408430099 0.21274608373642 0.204384997487068 0.218128591775894 0.211597293615341 0.212284862995148 0.215853825211525 0.214595511555672 0.212940067052841 0.21306486427784 0.230725601315498 0.230271458625793 0.238656714558601 0.240942135453224 0.243194475769997 0.240986734628677 0.226533100008965 0.221702888607979 0.220640435814857 0.201436802744865 0.215116634964943
-3.4e+38 -3.4e+38 -3.4e+38 -3.4e+38 0.19807456433773 0.174392744898796 0.17596447467804 0.186728104948997 0.179308474063873 0.18392014503479 0.192339792847633 0.196528598666191 0.19168221950531 0.193591549992561 0.191753938794136 0.187318086624146 0.212135642766953 0.205357566475868 0.214840367436409 0.236298426985741 0.236226484179497 0.230835676193237 0.238245263695717 0.238804310560226 0.235653296113014 0.233117312192917 0.230521112680435 0.217812895774841 0.204883798956871 0.234028145670891 0.244064927101135 0.226731806993484 0.211952552199364 0.198464974761009 0.205683842301369 0.226319804787636 0.233251735568047 0.229407161474228 0.24775342643261 0.251701772212982 0.248239025473595 0.240722477436066 0.233981132507324 0.214885383844376 0.204369112849236 0.21682146191597 0.236366704106331
-3.4e+38 -3.4e+38 -3.4e+38 0.203281328082085 0.187564983963966 0.167662501335144 0.171457946300507 0.178257212042809 0.169484421610832 0.171131417155266 0.174832254648209 0.186639174818993 0.193704649806023 0.18625482916832 0.19275838136673 0.196161687374115 0.204728201031685 0.20935645699501 0.229989007115364 0.235856026411057 0.220964908599854 0.210495665669441 0.234581410884857 0.253706187009811 0.24569733440876 0.23634572327137 0.23115585744381 0.230167344212532 0.218286886811256 0.212968423962593 0.216544315218925 0.221268281340599 0.223226755857468 0.212856322526932 0.217629045248032 0.234146282076836 0.228652462363243 0.225275665521622 0.24742579460144 0.24737374484539 0.243997663259506 0.236766055226326 0.242642447352409 0.233493581414223 0.219856202602386 0.231048375368118 0.236270174384117
-3.4e+38 -3.4e+38 0.202776744961739 0.191105142235756 0.179436042904854 0.170009106397629 0.170453086495399 0.17396804690361 0.174115896224976 0.17225544154644 0.176182717084885 0.189499154686928 0.204868122935295 0.202315643429756 0.19576795399189 0.194357246160507 0.191262736916542 0.200548425316811 0.22611266374588 0.215055614709854 0.216086447238922 0.226938530802727 0.238454937934875 0.244369119405746 0.235591009259224 0.22979873418808 0.218202233314514 0.224044233560562 0.223268076777458 0.218809112906456 0.224936664104462 0.225886613130569 0.232448071241379 0.23384128510952 0.231362536549568 0.239870816469193 0.241238310933113 0.238591894507408 0.246633216738701 0.246963128447533 0.237456858158112 0.230240106582642 0.23380996286869 0.229678347706795 0.224908426403999 0.230048298835754 0.229529082775116
-3.4e+38 0.198318094015121 0.185073390603065 0.182726383209229 0.17683644592762 0.17183418571949 0.171286970376968 0.179223015904427 0.188097596168518 0.188150614500046 0.194864466786385 0.19640739262104 0.216863915324211 0.217407256364822 0.192768454551697 0.202715292572975 0.194318935275078 0.203114867210388 0.221264868974686 0.20437029004097 0.222926408052444 0.230747058987617 0.218925535678864 0.223664179444313 0.223959356546402 0.227050393819809 0.223226353526115 0.225521981716156 0.216961875557899 0.216179504990578 0.228925794363022 0.222226977348328 0.218823283910751 0.223917245864868 0.229510843753815 0.236610725522041 0.245069161057472 0.240945667028427 0.252197235822678 0.261420547962189 0.236693516373634 0.226316869258881 0.229925751686096 0.228683263063431 0.222335383296013 0.231043726205826 0.233806326985359
0.226653814315796 0.206899166107178 0.197588995099068 0.184578940272331 0.181867629289627 0.173875987529755 0.170538768172264 0.172231286764145 0.177372604608536 0.196496054530144 0.199467152357101 0.190932884812355 0.205889910459518 0.20612607896328 0.201307505369186 0.214341342449188 0.19382618367672 0.203851357102394 0.227038681507111 0.217921003699303 0.213879361748695 0.230907991528511 0.228827640414238 0.221491023898125 0.220731660723686 0.230650633573532 0.234062895178795 0.222032502293587 0.20720836520195 0.201991990208626 0.214067876338959 0.224461391568184 0.230314314365387 0.232736527919769 0.237167373299599 0.239988833665848 0.23796620965004 0.235866352915764 0.255480766296387 0.262508690357208 0.240013018250465 0.233229026198387 0.233108028769493 0.233376577496529 0.228940695524216 0.228376433253288 0.239050894975662
