data/1_raw/trimmed_ndre/Od_ndre.715.2012_no_clouds.asc
NCOLS 144 
NROWS 65 
XLLCORNER 512965 
YLLCORNER 5150865 
CELLSIZE 5 
NODATA_value -3.4e+38 
[rows 42 to 62 of 65, columns 47 to 93 of 144]
0.604307293891907 0.608612895011902 0.604168474674225 0.605492532253265 0.607144057750702 0.610211610794067 0.601597189903259 0.587437093257904 0.579070806503296 0.569728195667267 0.537963390350342 0.496144860982895 0.456359446048737 0.415620684623718 0.391503810882568 0.377394139766693 0.386498481035233 0.422406852245331 0.470553666353226 0.496767222881317 0.501898169517517 0.49614229798317 0.479036062955856 0.491254895925522 0.510961055755615 0.483801007270813 0.459019929170609 0.446914553642273 0.436645984649658 0.41402667760849 0.392136663198471 0.370224207639694 0.379809767007828 0.415630489587784 0.457506477832794 0.491074353456497 0.485717833042145 0.472363889217377 0.463981002569199 0.460157155990601 0.472721606492996 0.467102140188217 0.438988536596298 0.445024937391281 0.442099899053574 0.428537458181381 0.430809170007706
0.59058666229248 0.607736706733704 0.602906942367554 0.603541493415833 0.619818866252899 0.621935486793518 0.617768287658691 0.606232583522797 0.598085582256317 0.591253161430359 0.56581324338913 0.541701138019562 0.513025641441345 0.472432613372803 0.450775176286697 0.423342734575272 0.421029418706894 0.449216604232788 0.4767846763134 0.49309104681015 0.514862656593323 0.521596670150757 0.516392767429352 0.498583257198334 0.491123110055923 0.480275213718414 0.465189546346664 0.462951213121414 0.476142317056656 0.48898059129715 0.497548580169678 0.479301005601883 0.485373944044113 0.524010539054871 0.530147731304169 0.534696102142334 0.530733168125153 0.522916495800018 0.511905312538147 0.506487786769867 0.518173336982727 0.52329295873642 0.505441009998322 0.507404506206512 0.516383647918701 0.505931317806244 0.499938398599625
0.586480855941772 0.603666543960571 0.607376039028168 0.612034022808075 0.62145984172821 0.620289862155914 0.615801751613617 0.602762639522552 0.593503355979919 0.586919605731964 0.577657699584961 0.572172462940216 0.553624212741852 0.518380045890808 0.493457853794098 0.464478075504303 0.458783954381943 0.492431581020355 0.522142171859741 0.533372521400452 0.550747394561768 0.552967846393585 0.549561560153961 0.539640486240387 0.522132158279419 0.524410426616669 0.546952307224274 0.549422800540924 0.533250987529755 0.542966425418854 0.567779839038849 0.563683390617371 0.566896975040436 0.572672605514526 0.571158349514008 0.559971690177917 0.548455834388733 0.54206258058548 0.531728804111481 0.529196321964264 0.542616963386536 0.548251092433929 0.541957259178162 0.538100302219391 0.542583703994751 0.53699779510498 0.525125205516815
0.595925331115723 0.610924422740936 0.608555197715759 0.61023873090744 0.610983073711395 0.607070505619049 0.601590394973755 0.593085408210754 0.587478458881378 0.585410177707672 0.581488728523254 0.574678540229797 0.556958794593811 0.531778931617737 0.516202449798584 0.518286764621735 0.531370341777802 0.55029296875 0.558963656425476 0.56022036075592 0.557995557785034 0.539838492870331 0.550610780715942 0.563617289066315 0.544636785984039 0.535244882106781 0.557651519775391 0.574644088745117 0.579466581344604 0.588502287864685 0.577467799186707 0.578460872173309 0.612811028957367 0.606030225753784 0.583488285541534 0.555799424648285 0.526653289794922 0.510982871055603 0.496284782886505 0.505121886730194 0.522561252117157 0.528261184692383 0.518945455551147 0.503724277019501 0.506775915622711 0.506746768951416 0.50325608253479
0.608511209487915 0.617587506771088 0.611963272094727 0.604413449764252 0.598462045192719 0.593200743198395 0.587236881256104 0.579373240470886 0.579233705997467 0.5849928855896 0.579678416252136 0.569144248962402 0.551180005073547 0.548389911651611 0.559945702552795 0.570036709308624 0.574272453784943 0.560862302780151 0.537524700164795 0.529027104377747 0.530346274375916 0.510963618755341 0.524972677230835 0.529823362827301 0.509391248226166 0.512288630008698 0.53216552734375 0.550935626029968 0.569388747215271 0.593003034591675 0.582813680171967 0.576878666877747 0.59972220659256 0.588797867298126 0.560373961925507 0.527418196201324 0.50162810087204 0.488034069538116 0.469220399856567 0.478206515312195 0.483555734157562 0.479860991239548 0.465068489313126 0.460663706064224 0.473920702934265 0.468237698078156 0.461890608072281
0.611652731895447 0.615389108657837 0.610290288925171 0.602051436901093 0.593985676765442 0.584888219833374 0.576713621616364 0.570486724376678 0.572568595409393 0.578976392745972 0.569797873497009 0.569447100162506 0.574617862701416 0.5829216837883 0.577557384967804 0.55335259437561 0.529773116111755 0.512906849384308 0.495878994464874 0.494591683149338 0.494595855474472 0.484970808029175 0.503062903881073 0.498622894287109 0.482829570770264 0.484009712934494 0.49258741736412 0.505059659481049 0.520285189151764 0.548930883407593 0.551952481269836 0.566810190677643 0.582966506481171 0.564059197902679 0.531857669353485 0.502406716346741 0.482954531908035 0.462957620620728 0.442893654108047 0.449177861213684 0.458096832036972 0.451713860034943 0.432740420103073 0.42577275633812 0.441684305667877 0.436430960893631 0.432729989290237
0.610058069229126 0.596971273422241 0.591531455516815 0.58502984046936 0.573437929153442 0.567041158676147 0.563378155231476 0.565075159072876 0.565436601638794 0.566548466682434 0.554741024971008 0.567583799362183 0.580839097499847 0.573303878307343 0.544317960739136 0.511562168598175 0.490670055150986 0.480526447296143 0.474131256341934 0.471769392490387 0.4645976126194 0.452299416065216 0.465965360403061 0.462936341762543 0.461671888828278 0.464912742376328 0.47792261838913 0.492959707975388 0.503343641757965 0.516947031021118 0.522060334682465 0.541655004024506 0.552766859531403 0.539327144622803 0.518167853355408 0.497260928153992 0.488058030605316 0.463930279016495 0.431420594453812 0.434055984020233 0.45130380988121 0.440299987792969 0.414549797773361 0.412254482507706 0.427133768796921 0.427229583263397 0.430336624383926
0.602524995803833 0.577857136726379 0.574296832084656 0.565489232540131 0.554265916347504 0.550775349140167 0.551356077194214 0.555716574192047 0.550010621547699 0.542657256126404 0.537945330142975 0.545534789562225 0.545668184757233 0.529556274414062 0.498915284872055 0.47623610496521 0.482128739356995 0.486630916595459 0.471717476844788 0.462779641151428 0.454702407121658 0.431366980075836 0.439821422100067 0.447025418281555 0.449028313159943 0.452777951955795 0.46470245718956 0.46844694018364 0.470871448516846 0.481506854295731 0.492534935474396 0.502532064914703 0.506261706352234 0.496218740940094 0.488676816225052 0.493119239807129 0.490392565727234 0.47262367606163 0.452646940946579 0.454966962337494 0.467088937759399 0.455459713935852 0.439948379993439 0.437612563371658 0.441330045461655 0.439054071903229 0.447903424501419
0.584759473800659 0.563476204872131 0.568139851093292 0.559159398078918 0.550771415233612 0.547524988651276 0.546099364757538 0.546299815177917 0.537269949913025 0.526983618736267 0.519382774829865 0.516539812088013 0.529714405536652 0.52569842338562 0.498172283172607 0.489624589681625 0.500626623630524 0.490238457918167 0.465203702449799 0.459068238735199 0.465350657701492 0.44711846113205 0.447847008705139 0.45297709107399 0.446292668581009 0.445648163557053 0.446905016899109 0.437549710273743 0.438003182411194 0.448355376720428 0.458134144544601 0.475371092557907 0.501000583171844 0.495423704385757 0.488477379083633 0.490235805511475 0.473324149847031 0.453662574291229 0.453299909830093 0.472670823335648 0.482512801885605 0.487941414117813 0.486168593168259 0.480584919452667 0.479794502258301 0.482643991708755 0.490814507007599
0.562620878219604 0.568225920200348 0.569678664207458 0.561048567295074 0.554696083068848 0.549514055252075 0.543623745441437 0.536257207393646 0.5314621925354 0.519760847091675 0.507103383541107 0.511569023132324 0.534249901771545 0.53702187538147 0.519726157188416 0.503934562206268 0.5013228058815 0.476300030946732 0.45114466547966 0.459103852510452 0.487800747156143 0.469129949808121 0.458279669284821 0.459887802600861 0.447798907756805 0.444395244121552 0.439742773771286 0.434416085481644 0.437232702970505 0.438917934894562 0.436239331960678 0.449211448431015 0.487054973840714 0.487253993749619 0.490377962589264 0.491312712430954 0.475047528743744 0.456646084785461 0.466660857200623 0.493827849626541 0.503099024295807 0.518172085285187 0.51516056060791 0.512840151786804 0.525622308254242 0.530138909816742 0.529101967811584
0.54776668548584 0.552156507968903 0.559562265872955 0.559453725814819 0.560458123683929 0.55363655090332 0.543505370616913 0.526532113552094 0.518894374370575 0.508511960506439 0.50678151845932 0.51948344707489 0.526540994644165 0.518049359321594 0.504208266735077 0.488120943307877 0.486458778381348 0.472929269075394 0.453736871480942 0.46011871099472 0.477816700935364 0.460046738386154 0.457781970500946 0.463541209697723 0.45954105257988 0.459084004163742 0.456697881221771 0.459621429443359 0.456746071577072 0.451444149017334 0.446591854095459 0.452919960021973 0.472186595201492 0.465162575244904 0.468977600336075 0.468922078609467 0.470963597297668 0.47840428352356 0.497489184141159 0.518146455287933 0.531808316707611 0.543258368968964 0.532343983650208 0.537590682506561 0.550527632236481 0.544970989227295 0.53979355096817
0.517184734344482 0.503260731697083 0.532974600791931 0.555481016635895 0.548580348491669 0.539529621601105 0.535746395587921 0.515350043773651 0.499988853931427 0.491017043590546 0.504479050636292 0.499937772750854 0.482388377189636 0.477165162563324 0.473067432641983 0.464998781681061 0.474040865898132 0.478066086769104 0.469031542539597 0.443830013275146 0.446921467781067 0.460319697856903 0.469455689191818 0.47495573759079 0.480254203081131 0.488269984722137 0.492439955472946 0.504203379154205 0.503777325153351 0.495156198740005 0.486698716878891 0.494266003370285 0.490612298250198 0.480047106742859 0.486593037843704 0.494260936975479 0.499536633491516 0.513550043106079 0.524211168289185 0.530048668384552 0.551631689071655 0.548797965049744 0.536992371082306 0.546130239963531 0.549626529216766 0.545514523983002 0.544758379459381
0.486984610557556 0.475929468870163 0.490970134735107 0.510404348373413 0.511787354946136 0.508892595767975 0.517509758472443 0.489532500505447 0.46119213104248 0.466515719890594 0.482485353946686 0.459654599428177 0.443810909986496 0.444869816303253 0.446532219648361 0.438121765851974 0.451176673173904 0.470803529024124 0.465334534645081 0.430751234292984 0.452070385217667 0.496588438749313 0.498821049928665 0.497352242469788 0.49848261475563 0.507611095905304 0.521537363529205 0.540709257125854 0.541333377361298 0.526860415935516 0.521832287311554 0.542928993701935 0.533805251121521 0.52470189332962 0.534171760082245 0.543199181556702 0.534925222396851 0.539991617202759 0.547130346298218 0.544899880886078 0.551892817020416 0.539143621921539 0.538149297237396 0.546447694301605 0.545128583908081 0.546720802783966 0.550431549549103
0.461096674203873 0.459408074617386 0.448987126350403 0.47100841999054 0.482301622629166 0.481568366289139 0.493489980697632 0.490826487541199 0.467980831861496 0.466025143861771 0.462426602840424 0.444786995649338 0.432546764612198 0.429190069437027 0.445919424295425 0.442681103944778 0.43413707613945 0.460563004016876 0.484616845846176 0.477949798107147 0.513962924480438 0.536873638629913 0.527229785919189 0.523058176040649 0.52627831697464 0.531884431838989 0.539044260978699 0.549125611782074 0.540316700935364 0.529269993305206 0.538220524787903 0.555851101875305 0.548552691936493 0.545170366764069 0.547331631183624 0.55436784029007 0.543172478675842 0.544699609279633 0.548627495765686 0.538272678852081 0.531830191612244 0.53682005405426 0.541669845581055 0.54529881477356 0.541787028312683 0.545839309692383 0.547960340976715
0.479082316160202 0.465482711791992 0.453399926424026 0.480940192937851 0.487917125225067 0.482171177864075 0.500673890113831 0.525703430175781 0.504662811756134 0.490711271762848 0.478549987077713 0.473416596651077 0.470871686935425 0.466360986232758 0.488323599100113 0.494319140911102 0.490707635879517 0.510655522346497 0.532240450382233 0.542692899703979 0.550982058048248 0.550783574581146 0.544671893119812 0.547351181507111 0.555176556110382 0.552245438098907 0.546990215778351 0.552646040916443 0.549626648426056 0.542690098285675 0.54791921377182 0.540999293327332 0.535536766052246 0.533125996589661 0.539478600025177 0.552083611488342 0.541783094406128 0.532753705978394 0.537136852741241 0.526155471801758 0.519447863101959 0.537287831306458 0.541621327400208 0.538283884525299 0.536350667476654 0.538273513317108 -3.4e+38
0.512876808643341 0.494917035102844 0.486052304506302 0.51297914981842 0.519308030605316 0.509760320186615 0.525692284107208 0.540747165679932 0.512168943881989 0.51278018951416 0.520646989345551 0.524346172809601 0.524571061134338 0.522917449474335 0.532805144786835 0.539075493812561 0.539918184280396 0.550710737705231 0.560034155845642 0.554081201553345 0.544143795967102 0.546811640262604 0.547840714454651 0.554164350032806 0.561197102069855 0.558082044124603 0.549226224422455 0.54091203212738 0.542875409126282 0.547176659107208 0.548638343811035 0.539034903049469 0.53046590089798 0.520792305469513 0.531308531761169 0.545808017253876 0.5376837849617 0.523157894611359 0.529176354408264 0.520950734615326 0.519469678401947 0.538242161273956 -3.4e+38 -3.4e+38 -3.4e+38 -3.4e+38 -3.4e+38
0.53753274679184 0.534464418888092 0.526085019111633 0.532265901565552 0.537316024303436 0.531043291091919 0.54097318649292 0.539378464221954 0.520676076412201 0.53710675239563 0.551409661769867 0.551292538642883 0.547766327857971 0.549842238426208 0.557515323162079 0.561760008335114 0.557439506053925 0.557054102420807 0.562847554683685 0.553645312786102 0.542358040809631 0.547458469867706 0.545507550239563 0.546581983566284 0.549253940582275 0.549598813056946 0.547413885593414 0.532315015792847 0.524644315242767 0.531021893024445 0.542948007583618 0.545657515525818 0.526540815830231 0.514198899269104 0.53438925743103 -3.4e+38 -3.4e+38 -3.4e+38 -3.4e+38 -3.4e+38 -3.4e+38 -3.4e+38 -3.4e+38 -3.4e+38 -3.4e+38 -3.4e+38 -3.4e+38
0.532071053981781 0.55345606803894 0.5420281291008 0.531553328037262 0.543553352355957 0.546575963497162 0.54050201177597 0.540599465370178 0.541646659374237 0.54986983537674 0.557254552841187 0.564239501953125 0.56196004152298 0.558456420898438 0.556031346321106 0.559836804866791 0.568461656570435 0.566929817199707 0.558309197425842 0.555108249187469 0.549176216125488 0.545730113983154 0.540401756763458 0.540445446968079 0.536911308765411 0.534573972225189 0.53882759809494 0.531161546707153 -3.4e+38 -3.4e+38 -3.4e+38 -3.4e+38 -3.4e+38 -3.4e+38 -3.4e+38 -3.4e+38 -3.4e+38 -3.4e+38 -3.4e+38 -3.4e+38 -3.4e+38 -3.4e+38 -3.4e+38 -3.4e+38 -3.4e+38 -3.4e+38 -3.4e+38
0.521649718284607 0.550921082496643 0.544882476329803 0.536359965801239 0.556285440921783 0.561030924320221 0.539609551429749 0.552346110343933 0.555766403675079 0.552819430828094 0.560312211513519 0.563547134399414 0.555273592472076 0.554275691509247 0.550000429153442 0.550136625766754 0.558478951454163 -3.4e+38 -3.4e+38 -3.4e+38 -3.4e+38 -3.4e+38 -3.4e+38 -3.4e+38 -3.4e+38 -3.4e+38 -3.4e+38 -3.4e+38 -3.4e+38 -3.4e+38 -3.4e+38 -3.4e+38 -3.4e+38 -3.4e+38 -3.4e+38 -3.4e+38 -3.4e+38 -3.4e+38 -3.4e+38 -3.4e+38 -3.4e+38 -3.4e+38 -3.4e+38 -3.4e+38 -3.4e+38 -3.4e+38 -3.4e+38
0.531427681446075 0.553103268146515 0.559436321258545 0.553533494472504 0.5654576420784 0.562474191188812 -3.4e+38 -3.4e+38 -3.4e+38 -3.4e+38 -3.4e+38 -3.4e+38 -3.4e+38 -3.4e+38 -3.4e+38 -3.4e+38 -3.4e+38 -3.4e+38 -3.4e+38 -3.4e+38 -3.4e+38 -3.4e+38 -3.4e+38 -3.4e+38 -3.4e+38 -3.4e+38 -3.4e+38 -3.4e+38 -3.4e+38 -3.4e+38 -3.4e+38 -3.4e+38 -3.4e+38 -3.4e+38 -3.4e+38 -3.4e+38 -3.4e+38 -3.4e+38 -3.4e+38 -3.4e+38 -3.4e+38 -3.4e+38 -3.4e+38 -3.4e+38 -3.4e+38 -3.4e+38 -3.4e+38
0.547243297100067 0.559832394123077 -3.4e+38 -3.4e+38 -3.4e+38 -3.4e+38 -3.4e+38 -3.4e+38 -3.4e+38 -3.4e+38 -3.4e+38 -3.4e+38 -3.4e+38 -3.4e+38 -3.4e+38 -3.4e+38 -3.4e+38 -3.4e+38 -3.4e+38 -3.4e+38 -3.4e+38 -3.4e+38 -3.4e+38 -3.4e+38 -3.4e+38 -3.4e+38 -3.4e+38 -3.4e+38 -3.4e+38 -3.4e+38 -3.4e+38 -3.4e+38 -3.4e+38 -3.4e+38 -3.4e+38 -3.4e+38 -3.4e+38 -3.4e+38 -3.4e+38 -3.4e+38 -3.4e+38 -3.4e+38 -3.4e+38 -3.4e+38 -3.4e+38 -3.4e+38 -3.4e+38
