data/1_raw/trimmed_ndre/Od_ndre.615.2013_no_clouds.asc
NCOLS 144 
NROWS 65 
XLLCORNER 512965 
YLLCORNER 5150865 
CELLSIZE 5 
NODATA_value -3.4e+38 
[rows 21 to 41 of 65, columns 47 to 93 of 144]
0.516289532184601 0.523976683616638 0.519464552402496 0.513987004756927 0.513670682907104 0.510686874389648 0.502296626567841 0.498525619506836 0.495715916156769 0.498780071735382 0.504712402820587 0.492980390787125 0.485192626714706 0.489437460899353 0.485820829868317 0.498769074678421 0.50488018989563 0.491921484470367 0.506243824958801 0.510738849639893 0.506937563419342 0.516665935516357 0.510936141014099 0.510410189628601 0.51244843006134 0.504336535930634 0.495000660419464 0.494813024997711 0.498407959938049 0.491961807012558 0.490321338176727 0.490646034479141 0.47885400056839 0.474504888057709 0.473847389221191 0.467703998088837 0.458056002855301 0.456915557384491 0.462590128183365 0.462833166122437 0.461003720760345 0.458335846662521 0.457931041717529 0.461448073387146 0.461337596178055 0.458515703678131 0.463915467262268
0.512485444545746 0.524181067943573 0.522337257862091 0.507649660110474 0.505251169204712 0.505653619766235 0.503408074378967 0.497136652469635 0.496021717786789 0.493053317070007 0.490135282278061 0.480746567249298 0.472351223230362 0.479007810354233 0.491289019584656 0.500310897827148 0.504900217056274 0.502225339412689 0.506147682666779 0.502839386463165 0.504691123962402 0.513671517372131 0.506144464015961 0.504755735397339 0.506064295768738 0.498328596353531 0.49298420548439 0.491713285446167 0.491721898317337 0.486841857433319 0.484046459197998 0.475569128990173 0.463978141546249 0.469470232725143 0.459942132234573 0.443331599235535 0.435836344957352 0.441957205533981 0.454098731279373 0.459035038948059 0.461059659719467 0.45579993724823 0.450519293546677 0.453569889068604 0.464010775089264 0.473142802715302 0.472810864448547
0.505257785320282 0.503308355808258 0.494413286447525 0.487564116716385 0.489788204431534 0.495300889015198 0.490920186042786 0.48891693353653 0.496665209531784 0.484865188598633 0.479944288730621 0.485503673553467 0.481765478849411 0.484769701957703 0.492444753646851 0.490359485149384 0.501383781433105 0.505453407764435 0.501561343669891 0.501778483390808 0.50832986831665 0.509605586528778 0.504861116409302 0.508645176887512 0.506791293621063 0.495575845241547 0.489587485790253 0.482297509908676 0.474577009677887 0.468703389167786 0.468640327453613 0.461234092712402 0.451952964067459 0.456282526254654 0.449898809194565 0.44104328751564 0.441293567419052 0.449641972780228 0.456532329320908 0.450749665498734 0.442386239767075 0.441031396389008 0.44108772277832 0.45261549949646 0.470196425914764 0.481242954730988 0.476607263088226
0.49137806892395 0.477408111095428 0.480906426906586 0.478224694728851 0.475637048482895 0.476790100336075 0.470622926950455 0.473619043827057 0.485356956720352 0.481093436479568 0.476930916309357 0.481489986181259 0.483883082866669 0.486387401819229 0.484262704849243 0.484266132116318 0.498359173536301 0.500777661800385 0.498363643884659 0.504756093025208 0.510212063789368 0.499718487262726 0.488606959581375 0.497977674007416 0.49915686249733 0.485583275556564 0.473291248083115 0.463447958230972 0.4511559009552 0.443838953971863 0.446622580289841 0.435769706964493 0.425440788269043 0.430154353380203 0.438789665699005 0.450727164745331 0.459321022033691 0.459961533546448 0.453856557607651 0.439624607563019 0.430067598819733 0.434321999549866 0.443883419036865 0.458892822265625 0.476598352193832 0.484366565942764 0.483063846826553
0.47043576836586 0.449325948953629 0.459091514348984 0.459854662418365 0.454588741064072 0.452775120735168 0.455229252576828 0.458362251520157 0.470752477645874 0.477947384119034 0.474041879177094 0.470000714063644 0.468401283025742 0.472077816724777 0.474676698446274 0.481695145368576 0.493831425905228 0.489751905202866 0.487493067979813 0.49395215511322 0.498346239328384 0.493286281824112 0.475228250026703 0.469565242528915 0.468558102846146 0.465188175439835 0.457008987665176 0.451204031705856 0.440816521644592 0.43750736117363 0.438535571098328 0.426630437374115 0.424338459968567 0.427779495716095 0.433837920427322 0.445160984992981 0.455808520317078 0.455806463956833 0.447875559329987 0.43808650970459 0.438650697469711 0.448777884244919 0.462437003850937 0.465269863605499 0.472474545240402 0.486945122480392 0.493404120206833
0.434360355138779 0.428616255521774 0.44269672036171 0.446355611085892 0.437071412801743 0.436291098594666 0.442348003387451 0.443223506212234 0.445123910903931 0.451805382966995 0.457028597593307 0.457142412662506 0.451823323965073 0.450110018253326 0.453914016485214 0.463215112686157 0.468976259231567 0.461558192968369 0.4586441218853 0.45981827378273 0.463865131139755 0.464944392442703 0.448801606893539 0.435652673244476 0.442332297563553 0.450295001268387 0.453790664672852 0.44814071059227 0.44091871380806 0.440404236316681 0.446580171585083 0.448014616966248 0.456449240446091 0.461324840784073 0.455677390098572 0.455146938562393 0.457677155733109 0.459515273571014 0.457925856113434 0.45546168088913 0.459292769432068 0.474535226821899 0.488644421100616 0.475836753845215 0.471479654312134 0.489089906215668 0.497954279184341
0.424874097108841 0.431642204523087 0.444994658231735 0.444092571735382 0.428467869758606 0.426577627658844 0.44339194893837 0.451774150133133 0.435752332210541 0.429336428642273 0.438902407884598 0.434756934642792 0.419676214456558 0.41607677936554 0.426099479198456 0.43764066696167 0.441650301218033 0.433375239372253 0.430540353059769 0.422710865736008 0.42948654294014 0.442049771547318 0.433323472738266 0.430153280496597 0.439121574163437 0.445514291524887 0.448170244693756 0.446196436882019 0.444095939397812 0.44363197684288 0.452122807502747 0.456872522830963 0.455707758665085 0.462197870016098 0.466739386320114 0.46641606092453 0.465127527713776 0.466897964477539 0.471530854701996 0.472672283649445 0.471446812152863 0.476571440696716 0.483230978250504 0.475066751241684 0.474545150995255 0.486073762178421 0.49709415435791
0.441217720508575 0.449846476316452 0.450136244297028 0.441890299320221 0.435930818319321 0.440859764814377 0.462281346321106 0.469147145748138 0.446023970842361 0.433788061141968 0.434019982814789 0.425759434700012 0.405974537134171 0.404968321323395 0.419479131698608 0.428175449371338 0.43257012963295 0.429346024990082 0.426800429821014 0.42213174700737 0.431144177913666 0.44177657365799 0.436380863189697 0.440691888332367 0.447170525789261 0.447786152362823 0.445653676986694 0.444987207651138 0.447962880134583 0.451836675405502 0.459096103906631 0.458442002534866 0.452983438968658 0.460523456335068 0.4715875685215 0.475636810064316 0.470586955547333 0.465836435556412 0.46687838435173 0.471114069223404 0.469830960035324 0.46506941318512 0.470720052719116 0.477376073598862 0.482181280851364 0.482688039541245 0.482643157243729
0.455177545547485 0.460775107145309 0.459008872509003 0.457041591405869 0.460545867681503 0.46266096830368 0.474989682435989 0.468834966421127 0.44313246011734 0.441241353750229 0.440381944179535 0.428437352180481 0.411455899477005 0.417479872703552 0.429658710956573 0.430744558572769 0.429526120424271 0.426063120365143 0.426148533821106 0.431488275527954 0.437796086072922 0.440399438142776 0.442299515008926 0.451434850692749 0.45128545165062 0.445243537425995 0.443843156099319 0.445914775133133 0.449607521295547 0.452162176370621 0.454106599092484 0.460089772939682 0.462650060653687 0.465734541416168 0.469529360532761 0.472635358572006 0.470262050628662 0.462777704000473 0.459637761116028 0.459353893995285 0.458377122879028 0.456082731485367 0.473824739456177 0.496605962514877 0.496388584375381 0.485101819038391 0.470597803592682
0.454827785491943 0.458826243877411 0.459521055221558 0.467346847057343 0.468329846858978 0.466543197631836 0.473657667636871 0.47065332531929 0.452933579683304 0.447753101587296 0.446899026632309 0.432284832000732 0.41752102971077 0.423049032688141 0.431132107973099 0.434628963470459 0.437089830636978 0.429042518138885 0.423367768526077 0.425176084041595 0.430857717990875 0.435988157987595 0.441919893026352 0.448597371578217 0.439788162708282 0.431286424398422 0.435964941978455 0.444348901510239 0.45117923617363 0.45060983300209 0.447789549827576 0.456875294446945 0.461754500865936 0.460184127092361 0.457908302545547 0.452871590852737 0.447516769170761 0.445078670978546 0.446858793497086 0.446259617805481 0.445367395877838 0.449104309082031 0.451628625392914 0.465631455183029 0.479316085577011 0.482415616512299 0.477845817804337
0.461363404989243 0.460197448730469 0.459348082542419 0.467787355184555 0.458821386098862 0.446818292140961 0.452312171459198 0.460173934698105 0.454699575901031 0.445411711931229 0.451512902975082 0.43776723742485 0.422291189432144 0.427437543869019 0.427464812994003 0.436151921749115 0.446324020624161 0.438748568296432 0.439291536808014 0.43853572010994 0.435069769620895 0.437819331884384 0.44364258646965 0.441187679767609 0.428343713283539 0.4170922935009 0.422265589237213 0.436757475137711 0.445704013109207 0.442125529050827 0.442315131425858 0.455408334732056 0.460667639970779 0.46281686425209 0.462327629327774 0.459278613328934 0.454976916313171 0.449692249298096 0.442252963781357 0.432086735963821 0.423413157463074 0.417875826358795 0.408365726470947 0.417865693569183 0.45767867565155 0.487578064203262 0.495998561382294
0.485100895166397 0.475909352302551 0.476134210824966 0.478703826665878 0.477419286966324 0.460881918668747 0.451977729797363 0.461866140365601 0.453841239213943 0.449039697647095 0.461216032505035 0.453603506088257 0.441815584897995 0.440773755311966 0.433921545743942 0.442199856042862 0.451958537101746 0.450854122638702 0.460476934909821 0.453245639801025 0.442171424627304 0.447387009859085 0.451388508081436 0.451134413480759 0.440703213214874 0.433735996484756 0.437782466411591 0.453903466463089 0.460897415876389 0.447948038578033 0.44966658949852 0.468943029642105 0.475108623504639 0.48754346370697 0.495736092329025 0.492376416921616 0.486779093742371 0.475058138370514 0.456106513738632 0.433546930551529 0.407495081424713 0.401419132947922 0.411663144826889 0.423562437295914 0.466272085905075 0.504834771156311 0.5185267329216
0.513819575309753 0.495400369167328 0.492104589939117 0.498197108507156 0.499411284923553 0.482074677944183 0.471713483333588 0.487392693758011 0.474940717220306 0.461228638887405 0.460560739040375 0.454396903514862 0.454767227172852 0.45284828543663 0.447304010391235 0.460070073604584 0.46790811419487 0.466723293066025 0.472720682621002 0.465577393770218 0.454154372215271 0.455946654081345 0.458620220422745 0.469555109739304 0.46900275349617 0.460857421159744 0.466153174638748 0.47961837053299 0.481815040111542 0.463710695505142 0.466604590415955 0.487676411867142 0.501264274120331 0.512563347816467 0.516763865947723 0.507266283035278 0.49749568104744 0.487578868865967 0.470040947198868 0.449500650167465 0.427942872047424 0.426019310951233 0.453184127807617 0.477744400501251 0.50844818353653 0.537244617938995 0.543724119663239
0.520328342914581 0.493827760219574 0.497300326824188 0.499268621206284 0.484452784061432 0.473996698856354 0.476141840219498 0.486084967851639 0.482827723026276 0.464901238679886 0.439427256584167 0.430388242006302 0.442943274974823 0.447130858898163 0.445222586393356 0.450591385364532 0.453564167022705 0.45819365978241 0.464062333106995 0.468102633953094 0.46485847234726 0.460459500551224 0.464149713516235 0.462926864624023 0.4649538397789 0.465767115354538 0.474405705928802 0.483288198709488 0.47753781080246 0.466077238321304 0.473753541707993 0.494583278894424 0.507548034191132 0.508974075317383 0.508105874061584 0.493232071399689 0.478368729352951 0.476001679897308 0.462584972381592 0.450327932834625 0.446299463510513 0.434649497270584 0.44994729757309 0.484061151742935 0.506790041923523 0.528633713722229 0.537694215774536
0.488845318555832 0.467219710350037 0.48374280333519 0.481485366821289 0.463146865367889 0.46185502409935 0.467622011899948 0.465002715587616 0.455394983291626 0.452254414558411 0.424086898565292 0.408918023109436 0.41631755232811 0.41686487197876 0.420563340187073 0.424741268157959 0.427479267120361 0.445423811674118 0.449434012174606 0.437329471111298 0.440614640712738 0.44825142621994 0.450900197029114 0.442905306816101 0.441733717918396 0.448250234127045 0.459067970514297 0.475418746471405 0.47066468000412 0.460735261440277 0.467991560697556 0.488362103700638 0.50025475025177 0.498415261507034 0.491833180189133 0.472934037446976 0.456130236387253 0.453458428382874 0.442698925733566 0.430771499872208 0.434948712587357 0.441335767507553 0.452407956123352 0.471184641122818 0.488025426864624 0.503006339073181 0.512003839015961
0.468897759914398 0.456474483013153 0.468528181314468 0.464131087064743 0.454993396997452 0.457902073860168 0.460574686527252 0.448088020086288 0.433661013841629 0.434717237949371 0.423020452260971 0.42089170217514 0.427967399358749 0.42198771238327 0.429103523492813 0.429553240537643 0.423684179782867 0.427060723304749 0.439025282859802 0.440701454877853 0.443229615688324 0.449297845363617 0.456805825233459 0.45397812128067 0.44501993060112 0.446379780769348 0.458969384431839 0.470699787139893 0.470993608236313 0.463674396276474 0.462987214326859 0.476409137248993 0.488485604524612 0.485111773014069 0.473366290330887 0.455958634614944 0.44773930311203 0.447525471448898 0.443579852581024 0.433756858110428 0.443964719772339 0.466977685689926 0.472763299942017 0.482947885990143 0.503932893276215 0.517128169536591 0.512283146381378
0.487431794404984 0.474571615457535 0.477106958627701 0.483878165483475 0.486509174108505 0.479634821414948 0.470364153385162 0.463470220565796 0.456933557987213 0.455945193767548 0.452411532402039 0.455834358930588 0.45791956782341 0.456942945718765 0.465154886245728 0.462471663951874 0.450719058513641 0.447573244571686 0.459193676710129 0.465274542570114 0.460135281085968 0.464685022830963 0.46757835149765 0.464738398790359 0.457623779773712 0.461377680301666 0.469790935516357 0.478570252656937 0.483374655246735 0.487153619527817 0.484722077846527 0.483574479818344 0.481994599103928 0.467888116836548 0.450574338436127 0.440388977527618 0.441727727651596 0.449546039104462 0.451151818037033 0.450922906398773 0.468467444181442 0.486996114253998 0.489850401878357 0.497947722673416 0.513536691665649 0.523601591587067 0.520072996616364
0.522527873516083 0.499004125595093 0.492892116308212 0.514898777008057 0.511886775493622 0.504009068012238 0.4916932284832 0.477796614170074 0.476775288581848 0.481975942850113 0.479059100151062 0.466505318880081 0.453382849693298 0.447801470756531 0.455676078796387 0.464293926954269 0.468695908784866 0.469523251056671 0.470505237579346 0.461571961641312 0.457080811262131 0.465234488248825 0.461263626813889 0.4618139564991 0.462369352579117 0.462450474500656 0.472183138132095 0.485364407300949 0.494147926568985 0.490607291460037 0.488252758979797 0.483434706926346 0.473805487155914 0.447143733501434 0.430477499961853 0.436683773994446 0.437935322523117 0.451603800058365 0.459392577409744 0.462054997682571 0.48449969291687 0.501077055931091 0.505914807319641 0.513681888580322 0.522703111171722 0.527701854705811 0.525254905223846
0.544167876243591 0.520161628723145 0.513223469257355 0.522910892963409 0.509397804737091 0.515477538108826 0.502691090106964 0.477490782737732 0.483982652425766 0.488886475563049 0.477532476186752 0.459882318973541 0.445969074964523 0.431411534547806 0.430738866329193 0.443407982587814 0.450856178998947 0.455173909664154 0.452524751424789 0.450051367282867 0.447756141424179 0.450842559337616 0.452421903610229 0.451728373765945 0.454892337322235 0.456964373588562 0.470041364431381 0.488512128591537 0.495857059955597 0.48694834113121 0.485487580299377 0.476834654808044 0.455268442630768 0.433114856481552 0.417536348104477 0.421630173921585 0.427716612815857 0.458103984594345 0.470961511135101 0.470174610614777 0.489910453557968 0.503661870956421 0.517942488193512 0.531216144561768 0.534781873226166 0.534266650676727 0.528311669826508
0.541352033615112 0.527660131454468 0.523205399513245 0.521274507045746 0.508284091949463 0.50951361656189 0.495806276798248 0.474348992109299 0.47796818614006 0.475798904895782 0.470768690109253 0.462414145469666 0.45282119512558 0.437463909387589 0.423044383525848 0.422062993049622 0.420696288347244 0.428147286176682 0.435197651386261 0.434657037258148 0.44022136926651 0.443197667598724 0.443919658660889 0.439003705978394 0.450941324234009 0.466472864151001 0.474361419677734 0.49034509062767 0.501893639564514 0.497764110565186 0.494987845420837 0.480473101139069 0.455812722444534 0.438768684864044 0.419248223304749 0.41856774687767 0.443543046712875 0.476839870214462 0.490370512008667 0.495627462863922 0.512718200683594 0.51609206199646 0.527988314628601 0.539513170719147 0.542113602161407 0.539106905460358 0.528609275817871
0.530392587184906 0.522169709205627 0.511586487293243 0.507504224777222 0.50309020280838 0.495599538087845 0.495031863451004 0.491025328636169 0.477711856365204 0.463042616844177 0.446765214204788 0.444755971431732 0.448774844408035 0.453416585922241 0.43961289525032 0.424760282039642 0.421683460474014 0.428222626447678 0.438974976539612 0.440784215927124 0.448375046253204 0.443400293588638 0.436843663454056 0.441915512084961 0.452695965766907 0.466576367616653 0.473473817110062 0.482262521982193 0.497538626194 0.503469169139862 0.498188823461533 0.477660953998566 0.462374329566956 0.460044831037521 0.446208745241165 0.445159435272217 0.469619810581207 0.494445949792862 0.504552483558655 0.518576323986053 0.526866853237152 0.522922575473785 0.521387338638306 0.527538537979126 0.533057391643524 0.53130441904068 0.523982346057892
