data/1_raw/trimmed_ndre/Od_ndre.724.2013_no_clouds.asc
NCOLS 144 
NROWS 65 
XLLCORNER 512965 
YLLCORNER 5150865 
CELLSIZE 5 
NODATA_value -3.4e+38 
[rows 21 to 41 of 65, columns 94 to 140 of 144]
0.148374378681183 0.157854065299034 0.130913034081459 0.130913034081459 0.133910477161407 0.143962576985359 0.142545193433762 0.142545193433762 0.14362595975399 0.129717662930489 0.120258271694183 0.127847045660019 0.124007999897003 0.131916776299477 0.13868622481823 0.13868622481823 0.138494044542313 0.152581140398979 0.146474063396454 0.159072399139404 0.154280632734299 0.174559354782104 0.174559354782104 0.15853089094162 0.145900323987007 0.154980599880219 0.146770194172859 0.150884702801704 0.177277684211731 0.173618212342262 0.173618212342262 0.185420796275139 0.203603744506836 0.240120247006416 0.240120247006416 -3.4e+38 -3.4e+38 -3.4e+38 -3.4e+38 -3.4e+38 -3.4e+38 -3.4e+38 -3.4e+38 -3.4e+38 -3.4e+38 -3.4e+38 -3.4e+38
0.126889571547508 0.138941287994385 0.140756949782372 0.132922157645226 0.132922157645226 0.146708831191063 0.140852317214012 0.136726781725883 0.136724159121513 0.143372029066086 0.120261669158936 0.120261669158936 0.108612686395645 0.117384873330593 0.135750934481621 0.135750934481621 0.153594076633453 0.152586787939072 0.177711024880409 0.177711024880409 0.198959544301033 0.218452125787735 0.209024384617805 0.187444597482681 0.145902514457703 0.148412585258484 0.159009054303169 0.159009054303169 0.158427253365517 0.138521328568459 0.165457189083099 0.185420796275139 0.194289609789848 0.211475163698196 0.218957081437111 0.218953475356102 0.213932141661644 -3.4e+38 -3.4e+38 -3.4e+38 -3.4e+38 -3.4e+38 -3.4e+38 -3.4e+38 -3.4e+38 -3.4e+38 -3.4e+38
0.152486309409142 0.138941287994385 0.130568146705627 0.140062645077705 0.140062645077705 0.145572125911713 0.141808554530144 0.157022669911385 0.136724159121513 0.136348009109497 0.127792328596115 0.126108601689339 0.126108601689339 0.12644237279892 0.149558871984482 0.150222614407539 0.150222614407539 0.177706003189087 0.233908489346504 0.24453629553318 0.24453629553318 0.23827438056469 0.209024384617805 0.194444164633751 0.194440618157387 0.163482278585434 0.153568923473358 0.153845712542534 0.153845712542534 0.138521328568459 0.171872705221176 0.173355683684349 0.169492870569229 0.192275062203407 0.204310163855553 0.204306572675705 0.213932141661644 0.240571290254593 -3.4e+38 -3.4e+38 -3.4e+38 -3.4e+38 -3.4e+38 -3.4e+38 -3.4e+38 -3.4e+38 -3.4e+38
0.147965788841248 0.147961914539337 0.142238885164261 0.151378154754639 0.148392572999001 0.148392572999001 0.141812428832054 0.152458757162094 0.130366608500481 0.130366608500481 0.129551038146019 0.129115805029869 0.129509195685387 0.126449093222618 0.135523453354836 0.154471933841705 0.185325309634209 0.185325309634209 0.226398378610611 0.280427753925323 0.238280773162842 0.238280773162842 0.235673919320107 0.251191586256027 0.227034538984299 0.215009674429893 0.182188481092453 0.153851896524429 0.153849214315414 0.147220805287361 0.157453417778015 0.145722642540932 0.145722642540932 0.171926647424698 0.192433461546898 0.208522960543633 0.208522960543633 0.200876802206039 0.196709349751472 -3.4e+38 -3.4e+38 -3.4e+38 -3.4e+38 -3.4e+38 -3.4e+38 -3.4e+38 -3.4e+38
0.15921625494957 0.159690991044044 0.159690991044044 0.176840573549271 0.155263692140579 0.135082617402077 0.135079890489578 0.149087756872177 0.130419060587883 0.128120541572571 0.128120541572571 0.134485483169556 0.129509195685387 0.135027468204498 0.135027468204498 0.148706704378128 0.180106744170189 0.180106744170189 0.234991982579231 0.280427753925323 0.298681020736694 0.298681020736694 0.29856738448143 0.295796930789948 0.262765347957611 0.2579046189785 0.182188481092453 0.167677566409111 0.166104793548584 0.166104793548584 0.154145956039429 0.144416853785515 0.184033155441284 0.171926647424698 0.174698799848557 0.190768107771873 0.177101463079453 0.177101463079453 0.188750520348549 -3.4e+38 -3.4e+38 -3.4e+38 -3.4e+38 -3.4e+38 -3.4e+38 -3.4e+38 -3.4e+38
0.179316475987434 0.188410326838493 0.171776667237282 0.176846846938133 0.179342165589333 0.162616327404976 0.15524585545063 0.15524585545063 0.130404114723206 0.114043399691582 0.128123268485069 0.133249446749687 0.13725520670414 0.150705099105835 0.150705099105835 0.169842600822449 0.187207132577896 0.241690918803215 0.241690918803215 0.281329780817032 0.295302093029022 0.317686080932617 0.317690253257751 0.306878417730331 0.262776702642441 0.223010748624802 0.223010748624802 0.179644495248795 0.178499013185501 0.149040505290031 0.149040505290031 0.144420355558395 0.175317972898483 0.162349179387093 0.162349179387093 0.184377416968346 0.174381509423256 0.181333497166634 0.188750520348549 0.201230779290199 -3.4e+38 -3.4e+38 -3.4e+38 -3.4e+38 -3.4e+38 -3.4e+38 -3.4e+38
0.216247528791428 0.188410326838493 0.195293113589287 0.192744344472885 0.186908900737762 0.177091300487518 0.154633149504662 0.154633149504662 0.130404114723206 0.139474183320999 0.141948908567429 0.141948908567429 0.137472525238991 0.141488283872604 0.155577063560486 0.169842600822449 0.200101956725121 0.237315014004707 0.299164444208145 0.299164444208145 0.325419634580612 0.353113800287247 0.319067537784576 0.319067537784576 0.286100775003433 0.250426441431046 0.208313211798668 0.208313211798668 0.183525606989861 0.149040505290031 0.149040505290031 0.151165351271629 0.164584115147591 0.161492198705673 0.161492198705673 0.17191556096077 0.174381509423256 0.194067373871803 0.194067373871803 0.170756384730339 0.183205187320709 -3.4e+38 -3.4e+38 -3.4e+38 -3.4e+38 -3.4e+38 -3.4e+38
0.216251045465469 0.236581116914749 0.224156484007835 0.18399104475975 0.183987647294998 0.166593223810196 0.149659126996994 0.139435023069382 0.139435023069382 0.142337962985039 0.139587253332138 0.133792325854301 0.133792325854301 0.158933475613594 0.155583366751671 0.179122924804688 0.179122924804688 0.222259968519211 0.281250089406967 0.312503546476364 0.331095606088638 0.353121072053909 0.352487653493881 0.352487653493881 0.318986684083939 0.273655235767365 0.215066462755203 0.228938654065132 0.183528512716293 0.152328625321388 0.141805410385132 0.141801387071609 0.15150648355484 0.163441181182861 0.186730816960335 0.17191556096077 0.174448817968369 0.18389305472374 0.176684454083443 0.176684454083443 0.183517664670944 0.180142655968666 -3.4e+38 -3.4e+38 -3.4e+38 -3.4e+38 -3.4e+38
0.269503444433212 0.269503444433212 0.254477590322495 0.201972976326942 0.174814030528069 0.166593223810196 0.141815513372421 0.130549192428589 0.129496023058891 0.129496023058891 0.136282742023468 0.132065981626511 0.152025908231735 0.152025908231735 0.175450384616852 0.200213015079498 0.200213015079498 0.218837395310402 0.299501210451126 0.309917688369751 0.309917688369751 0.343704581260681 0.332405120134354 0.310251802206039 0.310251802206039 0.309727251529694 0.215066462755203 0.184241369366646 0.184237390756607 0.174211546778679 0.146476402878761 0.16518722474575 0.164016455411911 0.163441181182861 0.180999845266342 0.18657723069191 0.18657723069191 0.177517130970955 0.175352185964584 0.172633275389671 0.183517664670944 0.168271154165268 0.17054058611393 -3.4e+38 -3.4e+38 -3.4e+38 -3.4e+38
0.276817321777344 0.249287024140358 0.245557621121407 0.201975584030151 0.175882622599602 0.167837098240852 0.167837098240852 0.155042663216591 0.142252117395401 0.142252117395401 0.136286199092865 0.149554908275604 0.176652774214745 0.176652774214745 0.195793956518173 0.211070224642754 0.222952663898468 0.218841060996056 0.272403031587601 0.29979532957077 0.337598741054535 0.337598741054535 0.327110528945923 0.316811084747314 0.293828129768372 0.293828129768372 0.263960808515549 0.213166669011116 0.187169164419174 0.187165126204491 0.16180220246315 0.165191262960434 0.16518722474575 0.174735084176064 0.206915855407715 0.185504943132401 0.185502514243126 0.177077412605286 0.175352185964584 0.182809263467789 0.182809263467789 0.169023245573044 0.192416861653328 0.191950559616089 -3.4e+38 -3.4e+38 -3.4e+38
0.259262382984161 0.249287024140358 0.210862353444099 0.205490410327911 0.18585641682148 0.145609885454178 0.145609885454178 0.144447863101959 0.143940806388855 0.141275182366371 0.141275182366371 0.160848274827003 0.205649197101593 0.238656148314476 0.238656148314476 0.228229984641075 0.222952663898468 0.281805455684662 0.281805455684662 0.298755645751953 0.337626606225967 0.334253340959549 0.327110528945923 0.316811084747314 0.311065226793289 0.286708623170853 0.290474027395248 0.230251997709274 0.190340593457222 0.192566573619843 0.16180220246315 0.161439806222916 0.186972334980965 0.186972334980965 0.20193512737751 0.183080106973648 0.175272583961487 0.177077412605286 0.168140381574631 0.172982767224312 0.171133905649185 0.171130374073982 0.187756896018982 0.17291371524334 0.19758503139019 -3.4e+38 -3.4e+38
0.259265750646591 0.231363669037819 0.215072914958 0.215072914958 0.204658716917038 0.175262376666069 0.146264895796776 0.14445386826992 0.142754048109055 0.150681436061859 0.176450029015541 0.176450029015541 0.225139796733856 0.244309842586517 0.259411156177521 0.259411156177521 0.281810790300369 0.284830957651138 0.280777275562286 0.295614063739777 0.323751777410507 0.334256678819656 0.334253340959549 0.335293292999268 0.309607177972794 0.26700097322464 0.266998320817947 0.217496573925018 0.190340593457222 0.167675331234932 0.167675331234932 0.155937984585762 0.179970934987068 0.189752891659737 0.188594505190849 0.183080106973648 0.180879414081573 0.175930336117744 0.175930336117744 0.192453935742378 0.173800647258759 0.170028910040855 0.187756896018982 0.177178576588631 0.183623999357224 0.183623999357224 -3.4e+38
0.251515209674835 0.239412814378738 0.21751594543457 0.192893505096436 0.202984049916267 0.175262376666069 0.145071431994438 0.152846768498421 0.152846768498421 0.154330134391785 0.195544749498367 0.198972553014755 0.225139796733856 0.261348634958267 0.279714673757553 0.279714673757553 0.307955771684647 0.324123054742813 0.334972590208054 0.295614063739777 0.326371371746063 0.298036247491837 0.2983378469944 0.2983378469944 0.291847050189972 0.274488747119904 0.212328657507896 0.212328657507896 0.175216048955917 0.150621518492699 0.166558340191841 0.166555374860764 0.170582175254822 0.189752891659737 0.189750045537949 0.181252837181091 0.182364866137505 0.193300366401672 0.193300366401672 0.174940526485443 0.173800647258759 0.180740147829056 0.180740147829056 0.193841814994812 0.194204166531563 0.172660827636719 0.172660827636719
0.24505515396595 0.24505515396595 0.225540220737457 0.192896917462349 0.176491215825081 0.176491215825081 0.156312227249146 0.15696194767952 0.15696194767952 0.173282220959663 0.195548474788666 0.238515675067902 0.238515675067902 0.29573580622673 0.334439665079117 0.338120698928833 0.338120698928833 0.32413050532341 0.334980070590973 0.343386918306351 0.343386918306351 0.265175759792328 0.239977613091469 0.253588229417801 0.286288529634476 0.274486184120178 0.216205567121506 0.203328564763069 0.164629533886909 0.154692977666855 0.17336069047451 0.175698697566986 0.170579344034195 0.202233925461769 0.18811297416687 0.18811297416687 0.178655996918678 0.168405205011368 0.166044250130653 0.174940526485443 0.173939257860184 0.18749612569809 0.19056299328804 0.19056299328804 0.201113536953926 0.179413542151451 0.187256410717964
0.253198146820068 0.24593049287796 0.225540220737457 0.201952502131462 0.172693222761154 0.172693222761154 0.162747398018837 0.164525076746941 0.18400901556015 0.173282220959663 0.193015724420547 0.236419603228569 0.291012436151505 0.291012436151505 0.299421668052673 0.338120698928833 0.353102624416351 0.353102624416351 0.32756695151329 0.302572458982468 0.259738802909851 0.259735107421875 0.267984956502914 0.253588229417801 0.253584504127502 0.272436559200287 0.211049169301987 0.169511616230011 0.169507533311844 0.169153407216072 0.17336069047451 0.174952372908592 0.174949526786804 0.197670936584473 0.187803164124489 0.170245677232742 0.171387553215027 0.168405205011368 0.166044250130653 0.16857136785984 0.16857136785984 0.171802327036858 0.175695434212685 0.185263067483902 0.201113536953926 0.182595267891884 0.173147901892662
0.253198146820068 0.224889352917671 0.224889352917671 0.194022074341774 0.191882163286209 0.203968808054924 0.171806797385216 0.164525076746941 0.196150079369545 0.216433197259903 0.216433197259903 0.265607476234436 0.284514278173447 0.287456095218658 0.299421668052673 0.304663568735123 0.29245126247406 0.29245126247406 0.297861009836197 0.294528305530548 0.263668090105057 0.259735107421875 0.223093003034592 0.183799922466278 0.174604833126068 0.174598053097725 0.167049825191498 0.1723722666502 0.174998477101326 0.174998477101326 0.175064533948898 0.180960446596146 0.178688287734985 0.178688287734985 0.174569204449654 0.170243352651596 0.170243352651596 0.161098957061768 0.164558246731758 0.183317095041275 0.183317095041275 0.18621426820755 0.175695434212685 0.184233814477921 0.184233814477921 0.172116130590439 0.180978268384933
0.224364146590233 0.224158957600594 0.222255930304527 0.222255930304527 0.247626096010208 0.203972354531288 0.214187785983086 0.214187785983086 0.253838628530502 0.277094691991806 0.308848768472672 0.308296680450439 0.284518092870712 0.262364387512207 0.262369066476822 0.241738796234131 0.224598333239555 0.23442280292511 0.234418958425522 0.294528305530548 0.247797325253487 0.200552478432655 0.200548574328423 0.164519190788269 0.158995881676674 0.148654595017433 0.167049825191498 0.1723722666502 0.159550458192825 0.160909965634346 0.170293614268303 0.204369008541107 0.200386255979538 0.178688287734985 0.174569204449654 0.169583320617676 0.176796451210976 0.176796451210976 0.18013271689415 0.179223760962486 0.18621426820755 0.18621426820755 0.161136224865913 0.181142181158066 0.189320266246796 0.189320266246796 0.196236506104469
0.315825432538986 0.325567990541458 0.321718126535416 0.291929751634598 0.247626096010208 0.27599224448204 0.30438894033432 0.30438894033432 0.324620693922043 0.327701240777969 0.312120229005814 0.308296680450439 0.297183036804199 0.237018227577209 0.235881268978119 0.235881268978119 0.218284174799919 0.226500302553177 0.247137129306793 0.247133195400238 0.226594045758247 0.193759545683861 0.190013557672501 0.171469077467918 0.152956992387772 0.148654595017433 0.148654595017433 0.154625028371811 0.179047226905823 0.177921876311302 0.177921876311302 0.176412165164948 0.200386255979538 0.190889999270439 0.190886259078979 0.175582230091095 0.183435022830963 0.183075800538063 0.176645696163177 0.179223760962486 0.183981746435165 0.178168937563896 0.178166151046753 0.202091544866562 0.187335073947906 0.192780733108521 -3.4e+38
0.344996482133865 0.350342273712158 0.321718126535416 0.330593973398209 0.330593973398209 0.334370195865631 0.351025015115738 0.359161108732224 0.362622767686844 0.327706038951874 0.318325877189636 0.307573944330215 0.307573944330215 0.239897385239601 0.220095127820969 0.222233355045319 0.21828031539917 0.185662433505058 0.184613734483719 0.184609889984131 0.184069186449051 0.159642085433006 0.151946574449539 0.171466469764709 0.16324645280838 0.152409613132477 0.172727406024933 0.172727406024933 0.203794404864311 0.183436796069145 0.194312393665314 0.19430960714817 0.174876570701599 0.193139299750328 0.196783989667892 0.196781560778618 0.202469438314438 0.183072298765182 0.191892772912979 0.187837481498718 0.189299300312996 0.206837430596352 0.206834524869919 0.208801805973053 -3.4e+38 -3.4e+38 -3.4e+38
0.362500339746475 0.362500339746475 0.366639941930771 0.377708703279495 0.35512700676918 0.355132132768631 0.352269560098648 0.359161108732224 0.364129066467285 0.364129066467285 0.342447847127914 0.323157578706741 0.323157578706741 0.242175683379173 0.220095127820969 0.196004554629326 0.196000680327415 0.142038449645042 0.131261095404625 0.147735610604286 0.147735610604286 0.159642085433006 0.15200212597847 0.161801755428314 0.16179758310318 0.174462363123894 0.184116214513779 0.198225200176239 0.203794404864311 0.194808527827263 0.196137607097626 0.181764513254166 0.18218694627285 0.200264319777489 0.202123194932938 0.196781560778618 0.198270469903946 0.19061067700386 0.193804025650024 0.193804025650024 0.195270091295242 0.2094816416502 -3.4e+38 -3.4e+38 -3.4e+38 -3.4e+38 -3.4e+38
0.373520851135254 0.36416295170784 0.36416295170784 0.37141889333725 0.345993101596832 0.359205424785614 0.352269560098648 0.332392960786819 0.322659641504288 0.322659641504288 0.315207064151764 0.318692028522491 0.266235768795013 0.242175683379173 0.218106344342232 0.180205956101418 0.137753143906593 0.137753143906593 0.128663316369057 0.129860073328018 0.144677937030792 0.144674196839333 0.166736304759979 0.185612484812737 0.197227165102959 0.197224095463753 0.180413126945496 0.198225200176239 0.198221161961555 0.183404922485352 0.186606466770172 0.187143936753273 0.187140300869942 0.193195924162865 0.202120766043663 0.194021388888359 0.194017767906189 0.192366406321526 0.190245777368546 0.190256789326668 -3.4e+38 -3.4e+38 -3.4e+38 -3.4e+38 -3.4e+38 -3.4e+38 -3.4e+38
