data/1_raw/trimmed_ndre/Od_ndre.715.2013_no_clouds.asc
NCOLS 144 
NROWS 65 
XLLCORNER 512965 
YLLCORNER 5150865 
CELLSIZE 5 
NODATA_value -3.4e+38 
[rows 21 to 41 of 65, columns 47 to 93 of 144]
0.449410885572433 0.456236481666565 0.459994673728943 0.454658925533295 0.453970462083817 0.463165640830994 0.454639583826065 0.448099821805954 0.44659698009491 0.450257986783981 0.454301834106445 0.456971496343613 0.44843864440918 0.450547337532043 0.444496363401413 0.440334528684616 0.448941379785538 0.447754889726639 0.440509468317032 0.43972709774971 0.443821281194687 0.447623759508133 0.444201618432999 0.437613546848297 0.431634426116943 0.442533999681473 0.443570405244827 0.428938180208206 0.437709122896194 0.437965333461761 0.423017978668213 0.405205756425858 0.402402490377426 0.387665361166 0.383270174264908 0.38494998216629 0.382450997829437 0.373046368360519 0.372611314058304 0.358227342367172 0.356297105550766 0.356813251972198 0.333743929862976 0.31709548830986 0.291254878044128 0.274472266435623 0.274569660425186
0.44612330198288 0.443317323923111 0.442670315504074 0.44883593916893 0.462163388729095 0.464094072580338 0.44697293639183 0.4395851790905 0.448643982410431 0.457265883684158 0.454937160015106 0.444366604089737 0.438594847917557 0.447866648435593 0.437580943107605 0.430393069982529 0.443370997905731 0.441368877887726 0.427738159894943 0.424955189228058 0.429118871688843 0.432190120220184 0.428018271923065 0.41924375295639 0.419084906578064 0.423945933580399 0.414341270923615 0.408931195735931 0.417172640562057 0.413222461938858 0.39443051815033 0.386523097753525 0.396866232156754 0.376005232334137 0.360325366258621 0.366944015026093 0.363924115896225 0.35379746556282 0.345340311527252 0.325437605381012 0.317268490791321 0.315391063690186 0.301742047071457 0.290224373340607 0.274972528219223 0.262468278408051 0.256731688976288
0.44407394528389 0.441143810749054 0.446612358093262 0.436868131160736 0.439690291881561 0.442710340023041 0.433029323816299 0.431102842092514 0.439394742250443 0.442835330963135 0.434448271989822 0.423003673553467 0.427361398935318 0.432529777288437 0.422225803136826 0.419616609811783 0.428317099809647 0.431540131568909 0.420612633228302 0.422431081533432 0.425335675477982 0.423083692789078 0.421063363552094 0.405844509601593 0.406378746032715 0.407987862825394 0.400218367576599 0.394996374845505 0.390367895364761 0.382845818996429 0.368840843439102 0.37119472026825 0.37358757853508 0.345186114311218 0.332121342420578 0.345409452915192 0.344405561685562 0.337822914123535 0.321370542049408 0.301674962043762 0.287688702344894 0.280900895595551 0.289527088403702 0.292896717786789 0.28443455696106 0.272005498409271 0.2613864839077
0.438800007104874 0.425493746995926 0.419274836778641 0.415202111005783 0.405007481575012 0.412326872348785 0.43131810426712 0.440195381641388 0.436778724193573 0.421514987945557 0.414892047643661 0.413887292146683 0.430431038141251 0.44211208820343 0.43561851978302 0.424595296382904 0.417843371629715 0.420447558164597 0.419134467840195 0.424362540245056 0.421790838241577 0.419374018907547 0.421128958463669 0.405567735433578 0.400578439235687 0.401802778244019 0.391898572444916 0.37407198548317 0.365089029073715 0.366410166025162 0.361334681510925 0.358905225992203 0.340742528438568 0.316398829221725 0.315585881471634 0.320538759231567 0.322265684604645 0.312866806983948 0.29849761724472 0.294051021337509 0.281077444553375 0.274141132831573 0.281083703041077 0.286697506904602 0.291416525840759 0.292616099119186 0.281754583120346
0.415600419044495 0.383792042732239 0.379236102104187 0.395857274532318 0.389612019062042 0.387134373188019 0.399309933185577 0.40827739238739 0.406147599220276 0.402549833059311 0.410462558269501 0.41623991727829 0.429457485675812 0.433407068252563 0.42442324757576 0.416802138090134 0.412129700183868 0.402359664440155 0.391642034053802 0.407094717025757 0.400187224149704 0.399106681346893 0.408026337623596 0.405253738164902 0.390789687633514 0.377092957496643 0.361533522605896 0.342330724000931 0.337693154811859 0.341606467962265 0.348296016454697 0.3479083776474 0.32474559545517 0.315473765134811 0.310688376426697 0.306410908699036 0.307260066270828 0.303644001483917 0.293210446834564 0.292566657066345 0.28094208240509 0.287113904953003 0.299767285585403 0.300800681114197 0.306625872850418 0.312495827674866 0.299246937036514
0.379311919212341 0.360004127025604 0.359707713127136 0.373476445674896 0.370377600193024 0.367562651634216 0.368132799863815 0.366511583328247 0.365545600652695 0.375277936458588 0.385121762752533 0.386254251003265 0.39639613032341 0.398440361022949 0.380203187465668 0.382586449384689 0.385019600391388 0.381271719932556 0.374432027339935 0.380422621965408 0.372092097997665 0.3660888671875 0.373624205589294 0.374888986349106 0.374501436948776 0.345949053764343 0.326655894517899 0.321209371089935 0.317953258752823 0.318612307310104 0.323358714580536 0.335789650678635 0.329005420207977 0.32302913069725 0.314357757568359 0.313036531209946 0.315401464700699 0.310906440019608 0.301283597946167 0.296902686357498 0.295521885156631 0.309339463710785 0.324662983417511 0.323989897966385 0.328435152769089 0.336506903171539 0.342506587505341
0.361943900585175 0.368174761533737 0.360068202018738 0.35993555188179 0.360126346349716 0.35914820432663 0.357149809598923 0.35529750585556 0.362504661083221 0.368471056222916 0.364471644163132 0.355016857385635 0.365536063909531 0.385964095592499 0.376723110675812 0.36555290222168 0.356175005435944 0.363177686929703 0.365871787071228 0.355630248785019 0.35257026553154 0.345215231180191 0.338245540857315 0.344779700040817 0.36063015460968 0.337362915277481 0.321626245975494 0.317511558532715 0.303634285926819 0.2957743704319 0.306131303310394 0.32474946975708 0.317977786064148 0.315638452768326 0.317605793476105 0.327917844057083 0.324311852455139 0.311804711818695 0.315221846103668 0.317310154438019 0.313551247119904 0.319509506225586 0.330053240060806 0.335073411464691 0.343851953744888 0.369400948286057 0.395655363798141
0.358321309089661 0.364817172288895 0.346114009618759 0.340200543403625 0.342272281646729 0.342711985111237 0.337961673736572 0.326609432697296 0.330907940864563 0.33988544344902 0.34336131811142 0.340896308422089 0.343092083930969 0.345146000385284 0.340105414390564 0.329629004001617 0.326637923717499 0.336052775382996 0.338848948478699 0.329881012439728 0.327457129955292 0.331276118755341 0.329448521137238 0.335705578327179 0.343567430973053 0.324047058820724 0.313973397016525 0.308118432760239 0.290444165468216 0.28812900185585 0.317699551582336 0.332333207130432 0.310101717710495 0.315955013036728 0.32356983423233 0.329670399427414 0.328624874353409 0.325396925210953 0.33296737074852 0.328491359949112 0.31601870059967 0.315913796424866 0.323801696300507 0.350627243518829 0.379769861698151 0.404094308614731 0.435061603784561
0.349789708852768 0.346579372882843 0.33448800444603 0.322641104459763 0.317342072725296 0.320367693901062 0.315156430006027 0.299690783023834 0.29674506187439 0.309179246425629 0.316884368658066 0.316980332136154 0.321701139211655 0.323128789663315 0.309137910604477 0.30295392870903 0.312082916498184 0.318748742341995 0.318417251110077 0.310886442661285 0.30924665927887 0.321900635957718 0.331459373235703 0.328692704439163 0.323124885559082 0.308500528335571 0.309775084257126 0.30534827709198 0.29981404542923 0.31338956952095 0.342991501092911 0.345178693532944 0.321871250867844 0.331558495759964 0.329654961824417 0.321123272180557 0.324991315603256 0.33149266242981 0.334009230136871 0.321237176656723 0.309816598892212 0.318934261798859 0.339006274938583 0.379709810018539 0.412308782339096 0.428900122642517 0.442792922258377
0.3419528901577 0.345113307237625 0.343232750892639 0.329412877559662 0.316646635532379 0.312715202569962 0.315579861402512 0.306939512491226 0.302410811185837 0.310668766498566 0.301319807767868 0.296188592910767 0.310915380716324 0.317088276147842 0.309656769037247 0.307683020830154 0.311972260475159 0.309907376766205 0.311070621013641 0.305137455463409 0.302660763263702 0.314256966114044 0.321926265954971 0.327470868825912 0.327116549015045 0.322693079710007 0.33016836643219 0.324828714132309 0.318862617015839 0.330526739358902 0.344065129756927 0.346916645765305 0.336909562349319 0.340921849012375 0.350630164146423 0.358467608690262 0.353774011135101 0.335880607366562 0.327364921569824 0.309910118579865 0.294777363538742 0.307807862758636 0.344113409519196 0.395051836967468 0.433120906352997 0.440346598625183 0.465168029069901
0.348902523517609 0.360839754343033 0.356226474046707 0.341064751148224 0.331363201141357 0.330982357263565 0.337917596101761 0.336352676153183 0.325177282094955 0.321931213140488 0.316446453332901 0.307433754205704 0.302148759365082 0.300928950309753 0.309171169996262 0.313524633646011 0.31706503033638 0.314351588487625 0.313969850540161 0.309393554925919 0.31189176440239 0.328081697225571 0.334214001893997 0.341691911220551 0.34617280960083 0.347745060920715 0.357839822769165 0.355397760868073 0.348260283470154 0.340042918920517 0.337829560041428 0.337503224611282 0.346386045217514 0.361105740070343 0.377032816410065 0.391970247030258 0.369237422943115 0.336430281400681 0.326928943395615 0.30386221408844 0.292262136936188 0.309565514326096 0.349622070789337 0.412087202072144 0.462892591953278 0.470884531736374 0.480424404144287
0.35883417725563 0.363656163215637 0.358219355344772 0.345983386039734 0.349329113960266 0.354134142398834 0.352885484695435 0.349600851535797 0.334324777126312 0.32870876789093 0.333315908908844 0.321572780609131 0.308288127183914 0.301033288240433 0.303597658872604 0.311687529087067 0.320116341114044 0.324313521385193 0.323987275362015 0.317050397396088 0.322208404541016 0.341490745544434 0.349793583154678 0.35188552737236 0.340901792049408 0.33202537894249 0.340068459510803 0.343551218509674 0.351721078157425 0.350607514381409 0.347700297832489 0.35215100646019 0.368655234575272 0.381153881549835 0.387809097766876 0.384743332862854 0.355241119861603 0.325144231319427 0.311887294054031 0.288480043411255 0.291796326637268 0.332685172557831 0.377442240715027 0.422019690275192 0.465959757566452 0.478578060865402 0.483603984117508
0.384727537631989 0.372054129838943 0.362132966518402 0.35717836022377 0.357552498579025 0.346435397863388 0.336013525724411 0.335566818714142 0.332058072090149 0.32593297958374 0.319527417421341 0.320085734128952 0.316853374242783 0.312583595514297 0.312921434640884 0.319601863622665 0.318399757146835 0.317427128553391 0.324322134256363 0.332702428102493 0.343372583389282 0.35280242562294 0.35721418261528 0.368597894906998 0.369257658720016 0.362614154815674 0.355391263961792 0.345684260129929 0.344412267208099 0.351168572902679 0.362360507249832 0.376138389110565 0.387930989265442 0.402172297239304 0.400956749916077 0.388096660375595 0.369498461484909 0.3402459025383 0.312621742486954 0.288682967424393 0.286723613739014 0.344695180654526 0.403680711984634 0.444024682044983 0.469551980495453 0.483457088470459 0.501104950904846
0.412079572677612 0.395187109708786 0.381997287273407 0.387853682041168 0.383182913064957 0.370536386966705 0.354691207408905 0.339764952659607 0.340924859046936 0.347969144582748 0.346447795629501 0.346312582492828 0.339886754751205 0.338086992502213 0.339380532503128 0.345271557569504 0.350393921136856 0.349451154470444 0.351138263940811 0.362033128738403 0.371548861265182 0.383982300758362 0.388762146234512 0.400691598653793 0.408909320831299 0.408016294240952 0.402866721153259 0.39534655213356 0.389724671840668 0.391810864210129 0.405236542224884 0.40603107213974 0.413058936595917 0.431598365306854 0.425855666399002 0.414728730916977 0.405468672513962 0.365846991539001 0.335661977529526 0.32695659995079 0.326731234788895 0.374047577381134 0.430896520614624 0.464259892702103 0.480124175548553 0.494045555591583 0.507769465446472
0.433292329311371 0.415598303079605 0.40114438533783 0.406821697950363 0.396912425756454 0.396981924772263 0.392036527395248 0.366086214780807 0.359830439090729 0.36631116271019 0.36531189084053 0.358321517705917 0.35291850566864 0.351675271987915 0.344247668981552 0.350278079509735 0.365007609128952 0.366394519805908 0.372093290090561 0.377582460641861 0.382198333740234 0.399116367101669 0.414500266313553 0.418648213148117 0.413072437047958 0.40271258354187 0.400192767381668 0.401678413152695 0.408168762922287 0.417301893234253 0.427537590265274 0.425759077072144 0.43464869260788 0.437659949064255 0.416595727205276 0.411825925111771 0.400796115398407 0.363130450248718 0.346298843622208 0.336339354515076 0.333521872758865 0.373966038227081 0.428925901651382 0.459202408790588 0.477981090545654 0.492598831653595 0.485452622175217
0.429952561855316 0.406302720308304 0.408277988433838 0.415894091129303 0.407647967338562 0.401453614234924 0.387960702180862 0.369040101766586 0.366641938686371 0.369313985109329 0.356797188520432 0.34789627790451 0.339770913124084 0.337369740009308 0.344836413860321 0.353152275085449 0.351972430944443 0.3439000248909 0.354934513568878 0.366392582654953 0.373912185430527 0.388254225254059 0.3978491127491 0.396486014127731 0.384643703699112 0.374767541885376 0.374142825603485 0.379101812839508 0.387388676404953 0.396826773881912 0.411867916584015 0.41180032491684 0.415579050779343 0.403560608625412 0.377551794052124 0.368323743343353 0.346873372793198 0.315931051969528 0.323099195957184 0.328077703714371 0.336328476667404 0.372024834156036 0.414405673742294 0.431276589632034 0.442804276943207 0.463532894849777 0.457429170608521
0.464578449726105 0.439799219369888 0.437520861625671 0.441503643989563 0.440326780080795 0.425909578800201 0.403628945350647 0.391675651073456 0.388085514307022 0.38512772321701 0.365516602993011 0.355201900005341 0.348822295665741 0.346016675233841 0.359045058488846 0.363476246595383 0.352789402008057 0.342678427696228 0.352678686380386 0.368579298257828 0.380688488483429 0.377328753471375 0.364325046539307 0.350174129009247 0.332383304834366 0.341637432575226 0.366105228662491 0.375281870365143 0.375442981719971 0.392024606466293 0.411922097206116 0.40566024184227 0.39619705080986 0.376860976219177 0.348743557929993 0.326533168554306 0.301015049219131 0.290886044502258 0.324249416589737 0.356762796640396 0.386892467737198 0.417356789112091 0.436089545488358 0.453061610460281 0.457158535718918 0.470294535160065 0.467056602239609
0.500107765197754 0.478095322847366 0.474954843521118 0.472251713275909 0.463129431009293 0.451838403940201 0.441811293363571 0.440080255270004 0.430806010961533 0.421105355024338 0.39740851521492 0.381410121917725 0.370620876550674 0.357167214155197 0.367738395929337 0.377206712961197 0.364352464675903 0.356820404529572 0.366251319646835 0.38645875453949 0.400574177503586 0.385738283395767 0.360145628452301 0.344608545303345 0.335705429315567 0.353595077991486 0.390365689992905 0.411996155977249 0.408242106437683 0.422697007656097 0.432464897632599 0.410326719284058 0.389562129974365 0.376525521278381 0.347505539655685 0.318232715129852 0.312617391347885 0.333585202693939 0.368593484163284 0.404099225997925 0.44956973195076 0.481399565935135 0.492780208587646 0.501576781272888 0.509566366672516 0.507270574569702 0.500701606273651
0.509542107582092 0.496752738952637 0.503932535648346 0.508024275302887 0.491784989833832 0.482009947299957 0.483038395643234 0.476718157529831 0.468710452318192 0.455043405294418 0.422650396823883 0.398190349340439 0.381315231323242 0.347046285867691 0.346259027719498 0.361775696277618 0.350353479385376 0.350926369428635 0.36784890294075 0.393448233604431 0.412839204072952 0.401565164327621 0.372509479522705 0.364032477140427 0.377637296915054 0.38373526930809 0.408042192459106 0.439456850290298 0.450744956731796 0.446677714586258 0.426816642284393 0.395667552947998 0.374096274375916 0.368347555398941 0.329918533563614 0.316687732934952 0.355794161558151 0.383941441774368 0.402555257081985 0.441983044147491 0.48633000254631 0.511547327041626 0.516663491725922 0.517977833747864 0.526449084281921 0.524831533432007 0.526964068412781
0.518455684185028 0.505954682826996 0.52300614118576 0.52485203742981 0.504688858985901 0.500066041946411 0.501372814178467 0.494847923517227 0.489307850599289 0.468579471111298 0.437944680452347 0.415566653013229 0.375994294881821 0.333034932613373 0.325574725866318 0.33456689119339 0.326540559530258 0.334887087345123 0.363157689571381 0.405238419771194 0.432287007570267 0.422039985656738 0.396090507507324 0.382510364055634 0.387089759111404 0.393527626991272 0.427486687898636 0.464853703975677 0.462638169527054 0.43100044131279 0.389729052782059 0.353749781847 0.340844511985779 0.331479281187057 0.311723291873932 0.32230070233345 0.36383730173111 0.381654530763626 0.405266106128693 0.45005276799202 0.486722081899643 0.494214624166489 0.505645275115967 0.523546636104584 0.535540223121643 0.534503221511841 0.540172874927521
0.52669882774353 0.520707786083221 0.528731167316437 0.5217165350914 0.500210404396057 0.503350257873535 0.510667741298676 0.505037188529968 0.494573593139648 0.481189012527466 0.466962665319443 0.438335418701172 0.388376891613007 0.348204404115677 0.334080308675766 0.338307410478592 0.334132611751556 0.336266338825226 0.362902462482452 0.411299675703049 0.444626688957214 0.440111488103867 0.423307478427887 0.418183475732803 0.423889398574829 0.43316450715065 0.452845871448517 0.47051790356636 0.45172381401062 0.409089356660843 0.362293362617493 0.336594581604004 0.325244277715683 0.323723286390305 0.344326108694077 0.348696887493134 0.376191675662994 0.396962553262711 0.410441219806671 0.453314810991287 0.481578975915909 0.482675343751907 0.495669603347778 0.526466369628906 0.54408210515976 0.543751895427704 0.544553637504578
