data/1_raw/trimmed_ndre/Od_ndre.617.2015_no_clouds.asc
NCOLS 144 
NROWS 65 
XLLCORNER 512965 
YLLCORNER 5150865 
CELLSIZE 5 
NODATA_value -3.4e+38 
[rows 21 to 41 of 65, columns 94 to 140 of 144]
0.429419666528702 0.420941233634949 0.40538677573204 0.407278478145599 0.420474350452423 0.432811915874481 0.431931138038635 0.431228458881378 0.434451520442963 0.437247306108475 0.429327666759491 0.416390597820282 0.407824903726578 0.442016541957855 0.469077467918396 0.467449456453323 0.460118532180786 0.45976722240448 0.462648272514343 0.455755323171616 0.446850299835205 0.443383723497391 0.444700568914413 0.432156145572662 0.421002477407455 0.419549345970154 0.436641007661819 0.453113168478012 0.466346442699432 0.474764943122864 0.493305444717407 0.512749493122101 0.530599474906921 0.549523711204529 0.559947431087494 -3.4e+38 -3.4e+38 -3.4e+38 -3.4e+38 -3.4e+38 -3.4e+38 -3.4e+38 -3.4e+38 -3.4e+38 -3.4e+38 -3.4e+38 -3.4e+38
0.403984636068344 0.397706687450409 0.388945817947388 0.400336593389511 0.417899012565613 0.432167917490005 0.430826276540756 0.429074555635452 0.429031729698181 0.431376546621323 0.422971844673157 0.404243230819702 0.386240452528 0.406679898500443 0.433087050914764 0.455558896064758 0.471982389688492 0.475602895021439 0.476864278316498 0.475600898265839 0.471454560756683 0.470119833946228 0.468879759311676 0.459972649812698 0.447945982217789 0.436022728681564 0.429311186075211 0.424555867910385 0.447651267051697 0.476817667484283 0.495245337486267 0.502219438552856 0.523549258708954 0.559315800666809 0.582492828369141 0.591870605945587 0.592219650745392 -3.4e+38 -3.4e+38 -3.4e+38 -3.4e+38 -3.4e+38 -3.4e+38 -3.4e+38 -3.4e+38 -3.4e+38 -3.4e+38
0.407842695713043 0.40861314535141 0.411261707544327 0.424137383699417 0.435929328203201 0.440803110599518 0.435444623231888 0.431749254465103 0.428238689899445 0.423529982566833 0.41097965836525 0.396484285593033 0.39475017786026 0.416227847337723 0.430067420005798 0.455726861953735 0.488400936126709 0.498428761959076 0.506221652030945 0.508977055549622 0.505049228668213 0.5002161860466 0.492511034011841 0.485405266284943 0.48111954331398 0.477453887462616 0.458144247531891 0.423448920249939 0.439265877008438 0.474129229784012 0.501319169998169 0.499949634075165 0.509514451026917 0.533860266208649 0.559619784355164 0.578937828540802 0.588588297367096 0.590728998184204 -3.4e+38 -3.4e+38 -3.4e+38 -3.4e+38 -3.4e+38 -3.4e+38 -3.4e+38 -3.4e+38 -3.4e+38
0.428205639123917 0.425413995981216 0.42328879237175 0.426114231348038 0.436110466718674 0.441952258348465 0.440363109111786 0.434572070837021 0.422256857156754 0.403232574462891 0.382617205381393 0.377726078033447 0.399994403123856 0.433366507291794 0.444879025220871 0.460679233074188 0.476646214723587 0.490118682384491 0.506991326808929 0.521057546138763 0.527285873889923 0.524060249328613 0.508432745933533 0.485915273427963 0.466787308454514 0.470204800367355 0.463942229747772 0.446827828884125 0.451072186231613 0.474736571311951 0.50125926733017 0.510747909545898 0.506800949573517 0.513078391551971 0.532904922962189 0.559350371360779 0.572150588035583 0.576949536800385 0.581478595733643 -3.4e+38 -3.4e+38 -3.4e+38 -3.4e+38 -3.4e+38 -3.4e+38 -3.4e+38 -3.4e+38
0.446232825517654 0.432726830244064 0.431099206209183 0.436684042215347 0.446149855852127 0.444830566644669 0.448197513818741 0.450578153133392 0.441048324108124 0.408313930034637 0.37776917219162 0.376422226428986 0.407494843006134 0.44077941775322 0.463784158229828 0.489698231220245 0.49825718998909 0.5031778216362 0.515883982181549 0.530698418617249 0.539876401424408 0.541495263576508 0.537843286991119 0.52656614780426 0.511234164237976 0.503195464611053 0.489110201597214 0.4803366959095 0.478873282670975 0.487532615661621 0.505152940750122 0.517923951148987 0.51179575920105 0.508347988128662 0.519494473934174 0.544904112815857 0.551676034927368 0.544517636299133 0.537832915782928 -3.4e+38 -3.4e+38 -3.4e+38 -3.4e+38 -3.4e+38 -3.4e+38 -3.4e+38 -3.4e+38
0.458331435918808 0.445868790149689 0.448737472295761 0.465489715337753 0.478557795286179 0.45499774813652 0.448828786611557 0.454290211200714 0.45916086435318 0.431762367486954 0.407530069351196 0.406440615653992 0.434165239334106 0.456488698720932 0.47921222448349 0.505589485168457 0.51206111907959 0.520132184028625 0.533048689365387 0.544889986515045 0.550133228302002 0.552298665046692 0.554702401161194 0.558114886283875 0.556277573108673 0.544477522373199 0.513986706733704 0.492731690406799 0.480364054441452 0.476819932460785 0.489067316055298 0.500191330909729 0.503411769866943 0.506467878818512 0.520089983940125 0.535781860351562 0.529081881046295 0.516091346740723 0.512645483016968 0.534326195716858 -3.4e+38 -3.4e+38 -3.4e+38 -3.4e+38 -3.4e+38 -3.4e+38 -3.4e+38
0.471667796373367 0.469996273517609 0.474193155765533 0.490046381950378 0.486256539821625 0.454078078269958 0.447676122188568 0.458301991224289 0.472609430551529 0.466156601905823 0.464467018842697 0.469150871038437 0.482566088438034 0.486126780509949 0.489809304475784 0.500920832157135 0.511713564395905 0.530401647090912 0.546134114265442 0.555143535137177 0.559324026107788 0.562278151512146 0.566034436225891 0.573200047016144 0.57731819152832 0.562848806381226 0.527715742588043 0.497015714645386 0.468778312206268 0.451342552900314 0.458386540412903 0.465487480163574 0.473968982696533 0.490856945514679 0.510922133922577 0.520059645175934 0.511867880821228 0.503332793712616 0.505825638771057 0.519389748573303 0.526261448860168 -3.4e+38 -3.4e+38 -3.4e+38 -3.4e+38 -3.4e+38 -3.4e+38
0.494246542453766 0.499706327915192 0.497477442026138 0.491428822278976 0.479019314050674 0.461129695177078 0.456965774297714 0.468199521303177 0.473502039909363 0.467535972595215 0.47657585144043 0.488966524600983 0.501846253871918 0.506557703018188 0.49337375164032 0.487445592880249 0.500448524951935 0.526767909526825 0.542246997356415 0.55214911699295 0.562299847602844 0.571743190288544 0.575127303600311 0.573770463466644 0.5725919008255 0.558942556381226 0.532245397567749 0.498266488313675 0.458810210227966 0.432552963495255 0.432321399450302 0.443126529455185 0.461772948503494 0.484873563051224 0.505189836025238 0.509589374065399 0.50580358505249 0.506381750106812 0.509639382362366 0.512648403644562 0.512805938720703 0.520170211791992 -3.4e+38 -3.4e+38 -3.4e+38 -3.4e+38 -3.4e+38
0.525412380695343 0.52471512556076 0.5177401304245 0.505567491054535 0.489507079124451 0.478880375623703 0.478029251098633 0.490615129470825 0.490084290504456 0.485823899507523 0.492679625749588 0.501865327358246 0.511212289333344 0.517867982387543 0.507724702358246 0.50116753578186 0.507892906665802 0.531796813011169 0.537162005901337 0.546726882457733 0.562690854072571 0.581391870975494 0.592089116573334 0.590750753879547 0.577929139137268 0.560507416725159 0.53884744644165 0.508562684059143 0.467722594738007 0.440562844276428 0.434025943279266 0.446500599384308 0.467258155345917 0.490008115768433 0.507776856422424 0.508418262004852 0.510056614875793 0.516469538211823 0.518619656562805 0.515833377838135 0.512608468532562 0.517455756664276 0.535961389541626 -3.4e+38 -3.4e+38 -3.4e+38 -3.4e+38
0.523364126682281 0.524854838848114 0.528452694416046 0.527471423149109 0.509695053100586 0.492593437433243 0.480288088321686 0.476140826940536 0.472019463777542 0.481519877910614 0.498695433139801 0.513626575469971 0.522327542304993 0.515959084033966 0.49592599272728 0.495704799890518 0.515816271305084 0.5408975481987 0.540440618991852 0.549642384052277 0.563203811645508 0.576008796691895 0.58124041557312 0.582151889801025 0.57705944776535 0.569302797317505 0.554167628288269 0.530760169029236 0.495317280292511 0.464172214269638 0.448093712329865 0.452623218297958 0.474990725517273 0.498452186584473 0.515348792076111 0.515217185020447 0.521067023277283 0.528507471084595 0.531007587909698 0.526447534561157 0.52193820476532 0.523317217826843 0.534970164299011 0.544685661792755 -3.4e+38 -3.4e+38 -3.4e+38
0.530534684658051 0.525585889816284 0.530503809452057 0.525145292282104 0.499841958284378 0.470941156148911 0.451787501573563 0.441885501146317 0.437754184007645 0.459325551986694 0.486717283725739 0.507984936237335 0.529011487960815 0.528166353702545 0.512622714042664 0.506619930267334 0.527618229389191 0.551406979560852 0.561252772808075 0.574222028255463 0.584859549999237 0.587919294834137 0.577845990657806 0.57439649105072 0.579917669296265 0.58763200044632 0.572949230670929 0.546925246715546 0.513442993164062 0.478858709335327 0.460716605186462 0.461092680692673 0.482705414295197 0.502176761627197 0.512875854969025 0.510074555873871 0.518093526363373 0.527309477329254 0.533692479133606 0.534160375595093 0.532500922679901 0.530793011188507 0.530780851840973 0.533575594425201 0.536377131938934 -3.4e+38 -3.4e+38
0.551601648330688 0.544545292854309 0.540262520313263 0.52000105381012 0.488590836524963 0.455195516347885 0.429657638072968 0.412308901548386 0.408935725688934 0.433450222015381 0.464499622583389 0.495234459638596 0.524385571479797 0.535956084728241 0.535337209701538 0.529382586479187 0.534443378448486 0.544117212295532 0.557549178600311 0.574897348880768 0.589829385280609 0.5950967669487 0.586409151554108 0.579646825790405 0.592298626899719 0.602978408336639 0.575239598751068 0.539441227912903 0.503417491912842 0.471816211938858 0.464693933725357 0.475687086582184 0.497962534427643 0.506331264972687 0.507457911968231 0.504545986652374 0.511354446411133 0.518012762069702 0.523310244083405 0.526120722293854 0.526255905628204 0.525249481201172 0.524072647094727 0.527778625488281 0.532950580120087 0.538141846656799 -3.4e+38
0.554880440235138 0.549216151237488 0.54166454076767 0.514731109142303 0.481529831886292 0.451092600822449 0.427687853574753 0.406894981861115 0.404051184654236 0.433513551950455 0.465830415487289 0.49855500459671 0.526039898395538 0.538617610931396 0.546398878097534 0.550716996192932 0.554357767105103 0.560521721839905 0.573004126548767 0.58599990606308 0.593427658081055 0.598413050174713 0.60113537311554 0.596954643726349 0.594736337661743 0.588368356227875 0.561235368251801 0.513527631759644 0.473691076040268 0.446939319372177 0.450118094682693 0.477306127548218 0.507077991962433 0.51233583688736 0.50969260931015 0.507624089717865 0.51141893863678 0.512429296970367 0.513911724090576 0.514983892440796 0.515370845794678 0.519225597381592 0.523992836475372 0.531131148338318 0.537489652633667 0.543276786804199 0.547502160072327
0.563488781452179 0.554979145526886 0.539846479892731 0.507984459400177 0.473390966653824 0.443205207586288 0.422940820455551 0.416882038116455 0.425460457801819 0.451240420341492 0.483634531497955 0.519879996776581 0.544829428195953 0.555131494998932 0.565885484218597 0.579308748245239 0.588977515697479 0.591776072978973 0.598587572574615 0.606393098831177 0.608369827270508 0.595555424690247 0.585055589675903 0.583313584327698 0.593738257884979 0.589259743690491 0.55941778421402 0.49451020359993 0.459231793880463 0.453397572040558 0.471742033958435 0.490947067737579 0.512793719768524 0.52306592464447 0.522202968597412 0.523993611335754 0.529213428497314 0.519890666007996 0.514977157115936 0.513210713863373 0.513638615608215 0.523413419723511 0.533551454544067 0.540916621685028 0.540120720863342 0.545181810855865 0.55145925283432
0.563362538814545 0.552090585231781 0.528466165065765 0.492001444101334 0.45507737994194 0.43384262919426 0.429249674081802 0.43922883272171 0.455566346645355 0.47907617688179 0.509274244308472 0.544672906398773 0.565344214439392 0.578052937984467 0.592797100543976 0.606086015701294 0.61408257484436 0.614492416381836 0.60869836807251 0.597138583660126 0.58637547492981 0.578973352909088 0.566849112510681 0.565035104751587 0.588697254657745 0.611083984375 0.593356728553772 0.529802560806274 0.481959968805313 0.473226249217987 0.49245673418045 0.506721556186676 0.522497832775116 0.535914421081543 0.535667896270752 0.51595538854599 0.505819261074066 0.510049164295197 0.518801152706146 0.520703196525574 0.523080468177795 0.537475943565369 0.547165632247925 0.54744428396225 0.539092361927032 0.542196691036224 0.549979746341705
0.54809159040451 0.533180117607117 0.496594667434692 0.457104057073593 0.435458660125732 0.440386056900024 0.453240513801575 0.469636678695679 0.48771795630455 0.511955499649048 0.534907519817352 0.552248537540436 0.567623555660248 0.586407840251923 0.604035496711731 0.607343137264252 0.604674518108368 0.604048132896423 0.608547806739807 0.604226291179657 0.5938600897789 0.581584513187408 0.559164464473724 0.542848467826843 0.544504106044769 0.573471546173096 0.566500544548035 0.529991626739502 0.497373878955841 0.494674414396286 0.509443938732147 0.528699219226837 0.538396179676056 0.541981816291809 0.538875877857208 0.522521615028381 0.506155133247375 0.505191922187805 0.521650195121765 0.526740908622742 0.525462090969086 0.529848039150238 0.544741630554199 0.546804070472717 0.536322236061096 0.531789898872375 0.540509521961212
0.519064664840698 0.507750034332275 0.469301223754883 0.443498522043228 0.443647623062134 0.468660235404968 0.490641206502914 0.507719218730927 0.521522581577301 0.544858574867249 0.561883747577667 0.567758023738861 0.56810051202774 0.579159736633301 0.585319757461548 0.572384655475616 0.5611452460289 0.578245401382446 0.606750965118408 0.617364943027496 0.605342864990234 0.584118962287903 0.554087519645691 0.516481935977936 0.489801079034805 0.497329592704773 0.498643547296524 0.497649490833282 0.499591946601868 0.512714982032776 0.527661800384521 0.541031420230865 0.545564532279968 0.541205883026123 0.534057259559631 0.530404329299927 0.521075427532196 0.508085131645203 0.501154899597168 0.503010511398315 0.510957002639771 0.522238552570343 0.540590524673462 0.54180121421814 0.530868113040924 0.515529572963715 0.519980192184448
0.505803883075714 0.492109298706055 0.468012124300003 0.466243207454681 0.482570737600327 0.510846376419067 0.532881796360016 0.545904338359833 0.554534018039703 0.571281433105469 0.583049118518829 0.581117212772369 0.565918803215027 0.555370807647705 0.549867689609528 0.542868137359619 0.533542633056641 0.548891127109528 0.578608512878418 0.600600242614746 0.579902708530426 0.542025327682495 0.507475972175598 0.47770956158638 0.44845899939537 0.433645874261856 0.436437666416168 0.457644820213318 0.486373215913773 0.508272647857666 0.516779541969299 0.524818539619446 0.534236788749695 0.530260622501373 0.519999206066132 0.511492133140564 0.513317584991455 0.508009374141693 0.49805223941803 0.493677318096161 0.50091427564621 0.515082955360413 0.530779182910919 0.530217826366425 0.525779128074646 0.522411227226257 -3.4e+38
0.517120242118835 0.50267481803894 0.498672336339951 0.513546228408813 0.537181377410889 0.561903715133667 0.57923698425293 0.576871752738953 0.573597431182861 0.578939855098724 0.585119366645813 0.57468593120575 0.548782885074615 0.521995365619659 0.516569852828979 0.512805044651031 0.502502143383026 0.49522790312767 0.49861615896225 0.504961788654327 0.50221186876297 0.482215791940689 0.456283897161484 0.437124162912369 0.424798190593719 0.416805535554886 0.42634317278862 0.453936189413071 0.480437189340591 0.495040208101273 0.492236226797104 0.495950818061829 0.508106291294098 0.512885451316833 0.505176365375519 0.496177077293396 0.501580476760864 0.494608670473099 0.486986368894577 0.484510183334351 0.490755200386047 0.496981233358383 0.502211630344391 0.506574392318726 -3.4e+38 -3.4e+38 -3.4e+38
0.543462634086609 0.538449108600616 0.539185643196106 0.542391121387482 0.556955575942993 0.570997655391693 0.580122232437134 0.579997539520264 0.574710786342621 0.565336108207703 0.553674697875977 0.540381491184235 0.524745225906372 0.50548243522644 0.489456236362457 0.472538590431213 0.450967103242874 0.420274138450623 0.403964281082153 0.408254474401474 0.43303570151329 0.433631271123886 0.420781254768372 0.408406764268875 0.427038550376892 0.44232639670372 0.448595315217972 0.459694921970367 0.471054524183273 0.47800400853157 0.473367899656296 0.470780313014984 0.477268218994141 0.493087738752365 0.498232275247574 0.491770297288895 0.483814686536789 0.471002399921417 0.466815829277039 0.468135118484497 0.473424583673477 0.476665586233139 -3.4e+38 -3.4e+38 -3.4e+38 -3.4e+38 -3.4e+38
0.570177793502808 0.574134409427643 0.572719812393188 0.564676702022552 0.565850734710693 0.564063251018524 0.560407936573029 0.567772805690765 0.580016195774078 0.58016699552536 0.565859615802765 0.556093454360962 0.544151723384857 0.523011565208435 0.479612499475479 0.425231575965881 0.387998819351196 0.378444969654083 0.38071882724762 0.385412573814392 0.40351614356041 0.419961243867874 0.422227948904037 0.420600324869156 0.45419704914093 0.474886834621429 0.480126559734344 0.477719008922577 0.475753992795944 0.476943016052246 0.482264280319214 0.480942398309708 0.479975551366806 0.485142290592194 0.495283573865891 0.492378562688828 0.476452082395554 0.458037316799164 0.45858508348465 0.473501294851303 -3.4e+38 -3.4e+38 -3.4e+38 -3.4e+38 -3.4e+38 -3.4e+38 -3.4e+38
