data/1_raw/trimmed_ndre/Od_ndre.619.2014_no_clouds.asc
NCOLS 144 
NROWS 65 
XLLCORNER 512965 
YLLCORNER 5150865 
CELLSIZE 5 
NODATA_value -3.4e+38 
[rows 42 to 62 of 65, columns 0 to 46 of 144]
-3.4e+38 -3.4e+38 -3.4e+38 -3.4e+38 -3.4e+38 -3.4e+38 -3.4e+38 -3.4e+38 -3.4e+38 -3.4e+38 -3.4e+38 -3.4e+38 -3.4e+38 -3.4e+38 -3.4e+38 -3.4e+38 -3.4e+38 -3.4e+38 -3.4e+38 -3.4e+38 -3.4e+38 0.439889222383499 0.430615454912186 0.421399563550949 0.418525189161301 0.425813972949982 0.425206214189529 0.411934316158295 0.40746483206749 0.400320917367935 0.391840189695358 0.395013928413391 0.41240382194519 0.422087073326111 0.433352679014206 0.452470481395721 0.477187007665634 0.501959323883057 0.512839674949646 0.51176929473877 0.500395476818085 0.494772702455521 0.491315215826035 0.486215054988861 0.491287767887115 0.495867043733597 0.496378630399704
-3.4e+38 -3.4e+38 -3.4e+38 -3.4e+38 -3.4e+38 -3.4e+38 -3.4e+38 -3.4e+38 -3.4e+38 -3.4e+38 -3.4e+38 -3.4e+38 -3.4e+38 -3.4e+38 -3.4e+38 -3.4e+38 -3.4e+38 -3.4e+38 -3.4e+38 0.447505503892899 0.443246096372604 0.438021689653397 0.435149967670441 0.427859097719193 0.423512309789658 0.435193836688995 0.444192916154861 0.439309120178223 0.433229684829712 0.423241198062897 0.416148662567139 0.414464980363846 0.429324775934219 0.444324433803558 0.454786360263824 0.471478879451752 0.489860683679581 0.501195251941681 0.505497395992279 0.504438161849976 0.495660841464996 0.48696169257164 0.481966406106949 0.481313049793243 0.48147389292717 0.489564150571823 0.493892639875412
-3.4e+38 -3.4e+38 -3.4e+38 -3.4e+38 -3.4e+38 -3.4e+38 -3.4e+38 -3.4e+38 -3.4e+38 -3.4e+38 -3.4e+38 -3.4e+38 -3.4e+38 -3.4e+38 -3.4e+38 -3.4e+38 -3.4e+38 -3.4e+38 0.451821863651276 0.450125455856323 0.443696975708008 0.444149911403656 0.452396988868713 0.450952053070068 0.446557760238647 0.451653450727463 0.450745463371277 0.443154573440552 0.434174627065659 0.432992666959763 0.430437386035919 0.420440107584 0.425201684236526 0.435901671648026 0.44797271490097 0.458187282085419 0.470174521207809 0.474722445011139 0.476138025522232 0.475691258907318 0.476267099380493 0.472702950239182 0.464833498001099 0.464525640010834 0.466084539890289 0.475083380937576 0.484925597906113
-3.4e+38 -3.4e+38 -3.4e+38 -3.4e+38 -3.4e+38 -3.4e+38 -3.4e+38 -3.4e+38 -3.4e+38 -3.4e+38 -3.4e+38 -3.4e+38 -3.4e+38 -3.4e+38 -3.4e+38 -3.4e+38 -3.4e+38 0.441282510757446 0.44391280412674 0.443679511547089 0.441328763961792 0.446459800004959 0.454854637384415 0.460550129413605 0.46538719534874 0.461370140314102 0.451405048370361 0.444703996181488 0.439076751470566 0.435147404670715 0.426760792732239 0.405275672674179 0.395372122526169 0.389705955982208 0.399900704622269 0.423654854297638 0.439584493637085 0.445285797119141 0.451236307621002 0.455234557390213 0.455718874931335 0.452107518911362 0.44679844379425 0.45246148109436 0.45938104391098 0.461483806371689 0.465362250804901
-3.4e+38 -3.4e+38 -3.4e+38 -3.4e+38 -3.4e+38 -3.4e+38 -3.4e+38 -3.4e+38 -3.4e+38 -3.4e+38 -3.4e+38 -3.4e+38 -3.4e+38 -3.4e+38 -3.4e+38 -3.4e+38 0.432150274515152 0.432263284921646 0.437766790390015 0.440739214420319 0.443868398666382 0.442870318889618 0.439268201589584 0.452792823314667 0.467777937650681 0.465174973011017 0.457998037338257 0.457077533006668 0.448111444711685 0.435131281614304 0.423117071390152 0.404484808444977 0.39948496222496 0.400748074054718 0.409761488437653 0.43416091799736 0.451391905546188 0.453195631504059 0.446516871452332 0.430505990982056 0.432561695575714 0.446962684392929 0.453590005636215 0.456160575151443 0.463784694671631 0.466881155967712 0.468773543834686
-3.4e+38 -3.4e+38 -3.4e+38 -3.4e+38 -3.4e+38 -3.4e+38 -3.4e+38 -3.4e+38 -3.4e+38 -3.4e+38 -3.4e+38 -3.4e+38 -3.4e+38 -3.4e+38 -3.4e+38 0.448811054229736 0.443937540054321 0.441506773233414 0.44345435500145 0.443497091531754 0.443934082984924 0.447967618703842 0.447429269552231 0.458265781402588 0.470924824476242 0.472498446702957 0.466748744249344 0.461250007152557 0.451046735048294 0.440855979919434 0.435080081224442 0.427439391613007 0.437404602766037 0.45454341173172 0.464359045028687 0.470778703689575 0.466082960367203 0.459521144628525 0.460247725248337 0.446984708309174 0.452959388494492 0.472910583019257 0.478103905916214 0.478002548217773 0.486515134572983 0.493676573038101 0.492375046014786
-3.4e+38 -3.4e+38 -3.4e+38 -3.4e+38 -3.4e+38 -3.4e+38 -3.4e+38 -3.4e+38 -3.4e+38 -3.4e+38 -3.4e+38 -3.4e+38 -3.4e+38 -3.4e+38 0.446228563785553 0.447778284549713 0.451125413179398 0.447306632995605 0.445596933364868 0.446674287319183 0.449418753385544 0.455540597438812 0.458436399698257 0.465297043323517 0.476216316223145 0.473705112934113 0.462021917104721 0.452355176210403 0.446682661771774 0.450251877307892 0.458997786045074 0.46053621172905 0.458024114370346 0.471794724464417 0.480570882558823 0.481487452983856 0.481251955032349 0.488888472318649 0.496524274349213 0.491200655698776 0.500048995018005 0.507057368755341 0.513481318950653 0.514391303062439 0.515370666980743 0.512004435062408 0.513985991477966
-3.4e+38 -3.4e+38 -3.4e+38 -3.4e+38 -3.4e+38 -3.4e+38 -3.4e+38 -3.4e+38 -3.4e+38 -3.4e+38 -3.4e+38 -3.4e+38 -3.4e+38 0.456029713153839 0.439899533987045 0.439597845077515 0.442884773015976 0.438235849142075 0.439250856637955 0.447927385568619 0.452287524938583 0.450588136911392 0.452307462692261 0.465694457292557 0.4777492582798 0.470923542976379 0.464115530252457 0.450595200061798 0.442851960659027 0.442401349544525 0.448442608118057 0.448666006326675 0.447013437747955 0.474356234073639 0.492024093866348 0.491072326898575 0.496055275201797 0.50579845905304 0.507979691028595 0.504144430160522 0.51238477230072 0.515919208526611 0.518850684165955 0.516846179962158 0.512578010559082 0.508242011070251 0.509601771831512
-3.4e+38 -3.4e+38 -3.4e+38 -3.4e+38 -3.4e+38 -3.4e+38 -3.4e+38 -3.4e+38 -3.4e+38 -3.4e+38 -3.4e+38 -3.4e+38 0.472667902708054 0.454474985599518 0.444437146186829 0.447179913520813 0.44387224316597 0.43776473402977 0.442523986101151 0.457035064697266 0.46476274728775 0.45555105805397 0.449724197387695 0.461795389652252 0.475235968828201 0.472607761621475 0.480660140514374 0.467970877885818 0.456493109464645 0.450798124074936 0.43252620100975 0.427903860807419 0.444776087999344 0.472618490457535 0.490695357322693 0.491704523563385 0.49054428935051 0.486967861652374 0.484681367874146 0.484905332326889 0.48062589764595 0.475102871656418 0.475836992263794 0.478019535541534 0.478069096803665 0.472576528787613 0.463721215724945
-3.4e+38 -3.4e+38 -3.4e+38 -3.4e+38 -3.4e+38 -3.4e+38 -3.4e+38 -3.4e+38 -3.4e+38 -3.4e+38 -3.4e+38 0.46052560210228 0.47146138548851 0.462688714265823 0.461410105228424 0.459237426519394 0.452423423528671 0.451605319976807 0.453020036220551 0.452088475227356 0.452717036008835 0.449349045753479 0.444701701402664 0.450433224439621 0.466677606105804 0.469955027103424 0.474320501089096 0.475501328706741 0.478282779455185 0.479180812835693 0.472385615110397 0.463730216026306 0.471867591142654 0.483461111783981 0.486244082450867 0.492022216320038 0.489712446928024 0.474597305059433 0.455166965723038 0.435553193092346 0.413616806268692 0.407828211784363 0.413589209318161 0.414024710655212 0.408311396837234 0.406301826238632 0.405523777008057
-3.4e+38 -3.4e+38 -3.4e+38 -3.4e+38 -3.4e+38 -3.4e+38 -3.4e+38 -3.4e+38 -3.4e+38 -3.4e+38 0.445561826229095 0.451809763908386 0.460381120443344 0.461080193519592 0.462765514850616 0.447937846183777 0.428922981023788 0.431868940591812 0.445648789405823 0.441574543714523 0.438205659389496 0.450210958719254 0.452959924936295 0.454053640365601 0.469970285892487 0.469102650880814 0.460184186697006 0.469984978437424 0.479467839002609 0.489545941352844 0.493701249361038 0.483141005039215 0.477170050144196 0.481753706932068 0.487731784582138 0.487218230962753 0.462297886610031 0.440998077392578 0.430270433425903 0.40226686000824 0.383444130420685 0.381877601146698 0.387958884239197 0.381318360567093 0.374297827482224 0.384109318256378 0.40085232257843
-3.4e+38 -3.4e+38 -3.4e+38 -3.4e+38 -3.4e+38 -3.4e+38 -3.4e+38 -3.4e+38 -3.4e+38 0.451520949602127 0.454896658658981 0.447441637516022 0.444064378738403 0.450858145952225 0.459779262542725 0.456555157899857 0.442493408918381 0.436165153980255 0.445788532495499 0.453478336334229 0.465804934501648 0.473472148180008 0.464452534914017 0.459803938865662 0.476536691188812 0.476113259792328 0.472760766744614 0.475595861673355 0.472292721271515 0.481805711984634 0.477340698242188 0.460234671831131 0.445858806371689 0.435706406831741 0.435252159833908 0.430265963077545 0.408623427152634 0.413727462291718 0.414745420217514 0.400151252746582 0.391349196434021 0.378251284360886 0.383836984634399 0.392386794090271 0.38901025056839 0.386488348245621 0.393341511487961
-3.4e+38 -3.4e+38 -3.4e+38 -3.4e+38 -3.4e+38 -3.4e+38 -3.4e+38 -3.4e+38 0.428851157426834 0.454161137342453 0.457846850156784 0.447789669036865 0.447932690382004 0.457619547843933 0.463082939386368 0.458883702754974 0.456533759832382 0.452177733182907 0.453745067119598 0.46294441819191 0.468552500009537 0.469180166721344 0.470375835895538 0.472320020198822 0.482297718524933 0.481900364160538 0.473574608564377 0.463705331087112 0.449365884065628 0.451882362365723 0.443358272314072 0.426794141530991 0.406936526298523 0.385649770498276 0.385243773460388 0.387058019638062 0.395266354084015 0.410799622535706 0.39700722694397 0.384107261896133 0.38950988650322 0.386697292327881 0.391191780567169 0.400171190500259 0.393135815858841 0.379541903734207 0.384667664766312
-3.4e+38 -3.4e+38 -3.4e+38 -3.4e+38 -3.4e+38 -3.4e+38 -3.4e+38 0.412082850933075 0.433091580867767 0.451485365629196 0.453657001256943 0.446426033973694 0.456217706203461 0.472962081432343 0.470937341451645 0.450830608606339 0.443845123052597 0.437108188867569 0.444934040307999 0.462821394205093 0.460024178028107 0.452932745218277 0.476093024015427 0.48421385884285 0.487977176904678 0.479241967201233 0.451103389263153 0.430342048406601 0.415351092815399 0.421891868114471 0.417154401540756 0.393854439258575 0.377663522958755 0.376252561807632 0.386269688606262 0.398262441158295 0.414671003818512 0.412642180919647 0.391533017158508 0.388394057750702 0.39343398809433 0.400070071220398 0.40453764796257 0.402017176151276 0.38847604393959 0.383803814649582 0.388928711414337
-3.4e+38 -3.4e+38 -3.4e+38 -3.4e+38 -3.4e+38 -3.4e+38 0.409102350473404 0.414469718933105 0.43570214509964 0.461009055376053 0.468247354030609 0.454259067773819 0.460036069154739 0.471978008747101 0.471947997808456 0.461964100599289 0.453377604484558 0.441270083189011 0.441168040037155 0.454937607049942 0.448051929473877 0.440555274486542 0.458641082048416 0.454366773366928 0.447970658540726 0.434242010116577 0.402147859334946 0.39087650179863 0.378906071186066 0.379173189401627 0.37661674618721 0.365839928388596 0.373078763484955 0.392122775316238 0.3917276263237 0.389439940452576 0.408154666423798 0.407432019710541 0.406930774450302 0.414523631334305 0.403496444225311 0.402271449565887 0.410639494657516 0.409019261598587 0.404518127441406 0.411930590867996 0.408104509115219
-3.4e+38 -3.4e+38 -3.4e+38 -3.4e+38 -3.4e+38 0.423982441425323 0.415001899003983 0.416277289390564 0.436491966247559 0.457313805818558 0.464469522237778 0.452379167079926 0.442999929189682 0.445052593946457 0.450095623731613 0.462060391902924 0.46452933549881 0.452580392360687 0.43876713514328 0.435552567243576 0.42489418387413 0.401912063360214 0.398307204246521 0.394379705190659 0.387898772954941 0.366558432579041 0.362776696681976 0.362399250268936 0.351589530706406 0.36172354221344 0.368176013231277 0.360071748495102 0.367978721857071 0.387310683727264 0.388279229402542 0.384011745452881 0.405869960784912 0.412332117557526 0.422192126512527 0.435537695884705 0.419007033109665 0.416134536266327 0.428673416376114 0.422562479972839 0.417179644107819 0.427049696445465 0.423685789108276
-3.4e+38 -3.4e+38 -3.4e+38 -3.4e+38 0.41286113858223 0.427619099617004 0.429391592741013 0.428658723831177 0.421488761901855 0.429499268531799 0.448745489120483 0.436066508293152 0.412552744150162 0.403004050254822 0.410334587097168 0.438870966434479 0.449306130409241 0.440536677837372 0.422179937362671 0.412645697593689 0.39708411693573 0.359665989875793 0.35293060541153 0.362879574298859 0.353022336959839 0.335656613111496 0.335658550262451 0.33656844496727 0.354795306921005 0.389073252677917 0.39698189496994 0.383548706769943 0.391834765672684 0.413295477628708 0.414208769798279 0.405411839485168 0.419076859951019 0.418565601110458 0.424362927675247 0.440953820943832 0.440554469823837 0.437503516674042 0.439643085002899 0.426013886928558 0.41692379117012 0.429119437932968 0.431087285280228
-3.4e+38 -3.4e+38 -3.4e+38 0.418364942073822 0.42481741309166 0.419933795928955 0.419885188341141 0.432230979204178 0.419482350349426 0.42964294552803 0.452790051698685 0.437557369470596 0.407222777605057 0.391303032636642 0.402176201343536 0.422989070415497 0.423740386962891 0.398126006126404 0.375382900238037 0.367190182209015 0.35701909661293 0.350090801715851 0.354359596967697 0.354397833347321 0.349404603242874 0.336924970149994 0.330008983612061 0.351488381624222 0.385025084018707 0.403304606676102 0.406212478876114 0.398113340139389 0.406683534383774 0.429351478815079 0.426955044269562 0.423299849033356 0.424694895744324 0.418306976556778 0.426409333944321 0.439754664897919 0.447885155677795 0.436215102672577 0.429815739393234 0.421240895986557 0.418406635522842 0.423847943544388 0.423888117074966
-3.4e+38 -3.4e+38 0.432597249746323 0.416268944740295 0.401499629020691 0.390839397907257 0.407343447208405 0.4277563393116 0.416241943836212 0.421837329864502 0.447901904582977 0.450258314609528 0.426773607730865 0.41687348484993 0.426750391721725 0.428271532058716 0.407320559024811 0.375406056642532 0.354755789041519 0.355889022350311 0.355183333158493 0.349732786417007 0.323169320821762 0.327596127986908 0.366022855043411 0.359445571899414 0.363327264785767 0.385945707559586 0.3949353992939 0.397341072559357 0.409491091966629 0.407764673233032 0.409967571496964 0.416778653860092 0.412243068218231 0.430619895458221 0.440399289131165 0.427801728248596 0.438239276409149 0.439972162246704 0.436899721622467 0.430582940578461 0.42883375287056 0.419853240251541 0.420109540224075 0.423407763242722 0.418901354074478
-3.4e+38 0.444791674613953 0.431712239980698 0.404495656490326 0.396527320146561 0.385817378759384 0.398847281932831 0.40010192990303 0.384964615106583 0.394529968500137 0.431725382804871 0.450774133205414 0.435667037963867 0.434624671936035 0.447109401226044 0.446770936250687 0.420905917882919 0.402448564767838 0.392115414142609 0.399237751960754 0.400828331708908 0.382047712802887 0.377005219459534 0.386511147022247 0.400216966867447 0.389564365148544 0.40269410610199 0.414301812648773 0.417309433221817 0.413730412721634 0.418213099241257 0.420830607414246 0.417918384075165 0.415186196565628 0.412568837404251 0.438500016927719 0.447448581457138 0.442152559757233 0.453613102436066 0.448577553033829 0.433492571115494 0.433848798274994 0.44107773900032 0.432880908250809 0.429771989583969 0.426211386919022 0.424478441476822
0.4593126475811 0.418258488178253 0.408016264438629 0.41010707616806 0.414840072393417 0.396931320428848 0.388476729393005 0.396021068096161 0.390103578567505 0.383631408214569 0.40769624710083 0.433929890394211 0.438922256231308 0.443648487329483 0.460237443447113 0.459706455469131 0.442600399255753 0.432182431221008 0.430610865354538 0.438271105289459 0.441971004009247 0.429543286561966 0.433678656816483 0.430534154176712 0.42304527759552 0.418075740337372 0.419160783290863 0.432172983884811 0.447911322116852 0.443090856075287 0.439651995897293 0.444064319133759 0.441991031169891 0.44456884264946 0.446850001811981 0.455036103725433 0.452523946762085 0.451128929853439 0.463185608386993 0.465339154005051 0.441966831684113 0.437555849552155 0.449948698282242 0.452649414539337 0.456303030252457 0.446771591901779 0.440967500209808
