data/1_raw/trimmed_ndre/Od_ndre.68.2015.asc
NCOLS 144 
NROWS 65 
XLLCORNER 512965 
YLLCORNER 5150865 
CELLSIZE 5 
NODATA_value -3.4e+38 
[rows 42 to 62 of 65, columns 0 to 46 of 144]
-3.4e+38 -3.4e+38 -3.4e+38 -3.4e+38 -3.4e+38 -3.4e+38 -3.4e+38 -3.4e+38 -3.4e+38 -3.4e+38 -3.4e+38 -3.4e+38 -3.4e+38 -3.4e+38 -3.4e+38 -3.4e+38 -3.4e+38 -3.4e+38 -3.4e+38 -3.4e+38 -3.4e+38 0.599393546581268 0.595437526702881 0.580705523490906 0.570431649684906 0.57206130027771 0.581216812133789 0.586603999137878 0.580200374126434 0.562677383422852 0.543628931045532 0.549701392650604 0.559210360050201 0.575938284397125 0.597712159156799 0.615451574325562 0.623475551605225 0.62761002779007 0.631934344768524 0.649297118186951 0.647112548351288 0.643768548965454 0.64671403169632 0.639014363288879 0.632826566696167 0.628543019294739 0.625004827976227
-3.4e+38 -3.4e+38 -3.4e+38 -3.4e+38 -3.4e+38 -3.4e+38 -3.4e+38 -3.4e+38 -3.4e+38 -3.4e+38 -3.4e+38 -3.4e+38 -3.4e+38 -3.4e+38 -3.4e+38 -3.4e+38 -3.4e+38 -3.4e+38 -3.4e+38 0.634027302265167 0.618758261203766 0.616190433502197 0.615499258041382 0.605141282081604 0.590006113052368 0.593630135059357 0.604984700679779 0.609395921230316 0.599999368190765 0.581521451473236 0.569521069526672 0.580355107784271 0.582109987735748 0.590188443660736 0.611970186233521 0.639894247055054 0.654626548290253 0.653392851352692 0.653719007968903 0.669512510299683 0.659665167331696 0.657317638397217 0.65891832113266 0.651371896266937 0.644996643066406 0.640348553657532 0.63862282037735
-3.4e+38 -3.4e+38 -3.4e+38 -3.4e+38 -3.4e+38 -3.4e+38 -3.4e+38 -3.4e+38 -3.4e+38 -3.4e+38 -3.4e+38 -3.4e+38 -3.4e+38 -3.4e+38 -3.4e+38 -3.4e+38 -3.4e+38 -3.4e+38 0.607568323612213 0.619238317012787 0.611068606376648 0.613654136657715 0.619408786296844 0.616455674171448 0.598294973373413 0.587129831314087 0.594419777393341 0.604004561901093 0.595838844776154 0.56949520111084 0.552439332008362 0.554559409618378 0.568777978420258 0.585120141506195 0.597906351089478 0.617647051811218 0.64452064037323 0.649660348892212 0.645033121109009 0.6480313539505 0.645043551921844 0.640622973442078 0.634827256202698 0.629256844520569 0.632576167583466 0.635052263736725 0.635769248008728
-3.4e+38 -3.4e+38 -3.4e+38 -3.4e+38 -3.4e+38 -3.4e+38 -3.4e+38 -3.4e+38 -3.4e+38 -3.4e+38 -3.4e+38 -3.4e+38 -3.4e+38 -3.4e+38 -3.4e+38 -3.4e+38 -3.4e+38 0.598339378833771 0.587379217147827 0.586325824260712 0.58938729763031 0.599232971668243 0.614786744117737 0.618131756782532 0.604583144187927 0.583282828330994 0.580474436283112 0.595316469669342 0.604176044464111 0.564367234706879 0.547826588153839 0.549945950508118 0.568580210208893 0.599840462207794 0.616162002086639 0.629667222499847 0.644384264945984 0.647216022014618 0.63416463136673 0.62592613697052 0.636393249034882 0.632911860942841 0.627379238605499 0.624647974967957 0.62770801782608 0.630933284759521 0.628685832023621
-3.4e+38 -3.4e+38 -3.4e+38 -3.4e+38 -3.4e+38 -3.4e+38 -3.4e+38 -3.4e+38 -3.4e+38 -3.4e+38 -3.4e+38 -3.4e+38 -3.4e+38 -3.4e+38 -3.4e+38 -3.4e+38 0.601273417472839 0.592515766620636 0.570751905441284 0.564495027065277 0.574988901615143 0.590433120727539 0.599739015102386 0.608409285545349 0.608018577098846 0.597958147525787 0.591789841651917 0.591048300266266 0.596334993839264 0.583000242710114 0.566338241100311 0.574084222316742 0.600066900253296 0.625973582267761 0.624679446220398 0.624322474002838 0.632378935813904 0.644089221954346 0.652960598468781 0.645940363407135 0.643007814884186 0.643744587898254 0.628587901592255 0.631503820419312 0.638308942317963 0.64234185218811 0.63440066576004
-3.4e+38 -3.4e+38 -3.4e+38 -3.4e+38 -3.4e+38 -3.4e+38 -3.4e+38 -3.4e+38 -3.4e+38 -3.4e+38 -3.4e+38 -3.4e+38 -3.4e+38 -3.4e+38 -3.4e+38 0.601994276046753 0.595969617366791 0.588788270950317 0.578642427921295 0.557085931301117 0.559870064258575 0.579591631889343 0.596204578876495 0.605630397796631 0.611990094184875 0.614201784133911 0.608662247657776 0.587090969085693 0.596135497093201 0.607371509075165 0.592040061950684 0.588713884353638 0.605339586734772 0.628189921379089 0.630573153495789 0.622944056987762 0.621240735054016 0.633641302585602 0.654351770877838 0.641613006591797 0.642826557159424 0.648102700710297 0.630922138690948 0.642379462718964 0.644880712032318 0.643445611000061 0.650773942470551
-3.4e+38 -3.4e+38 -3.4e+38 -3.4e+38 -3.4e+38 -3.4e+38 -3.4e+38 -3.4e+38 -3.4e+38 -3.4e+38 -3.4e+38 -3.4e+38 -3.4e+38 -3.4e+38 0.60127317905426 0.592443823814392 0.58973902463913 0.588739991188049 0.581078231334686 0.564970731735229 0.570527732372284 0.594312429428101 0.618722319602966 0.62781822681427 0.630524635314941 0.634397506713867 0.631545841693878 0.607892274856567 0.612218618392944 0.617449104785919 0.621188521385193 0.634446322917938 0.641566455364227 0.643764734268188 0.64374440908432 0.644051671028137 0.640758454799652 0.640644907951355 0.646423697471619 0.639810919761658 0.643993496894836 0.646821141242981 0.643852770328522 0.652260303497314 0.654041707515717 0.656637251377106 0.665790796279907
-3.4e+38 -3.4e+38 -3.4e+38 -3.4e+38 -3.4e+38 -3.4e+38 -3.4e+38 -3.4e+38 -3.4e+38 -3.4e+38 -3.4e+38 -3.4e+38 -3.4e+38 0.591347336769104 0.597702920436859 0.59537661075592 0.590507686138153 0.612152099609375 0.616611003875732 0.606219291687012 0.610333979129791 0.630004644393921 0.645199000835419 0.647418200969696 0.649820685386658 0.651746153831482 0.655599892139435 0.655928909778595 0.660276591777802 0.645787179470062 0.639430403709412 0.65209549665451 0.663825869560242 0.66057825088501 0.651049137115479 0.646375834941864 0.64811372756958 0.653381049633026 0.650856912136078 0.64842814207077 0.653457581996918 0.661988139152527 0.659563779830933 0.654792129993439 0.664230048656464 0.662271440029144 0.662366688251495
-3.4e+38 -3.4e+38 -3.4e+38 -3.4e+38 -3.4e+38 -3.4e+38 -3.4e+38 -3.4e+38 -3.4e+38 -3.4e+38 -3.4e+38 -3.4e+38 0.568764269351959 0.589549362659454 0.610493123531342 0.61720073223114 0.612421572208405 0.628071665763855 0.645520687103271 0.655660629272461 0.653852045536041 0.628266632556915 0.623422503471375 0.636039137840271 0.654592335224152 0.659059405326843 0.664493978023529 0.663153231143951 0.653310835361481 0.646768152713776 0.644043445587158 0.645467400550842 0.651408970355988 0.655606627464294 0.656941294670105 0.650322794914246 0.644340038299561 0.656584501266479 0.65767765045166 0.649535953998566 0.650408208370209 0.66517835855484 0.657675325870514 0.652806758880615 0.665272235870361 0.64529275894165 0.642786264419556
-3.4e+38 -3.4e+38 -3.4e+38 -3.4e+38 -3.4e+38 -3.4e+38 -3.4e+38 -3.4e+38 -3.4e+38 -3.4e+38 -3.4e+38 0.558637619018555 0.569456040859222 0.586205422878265 0.609369814395905 0.633566200733185 0.631945490837097 0.617832064628601 0.629621684551239 0.65086418390274 0.65552806854248 0.625508725643158 0.610192954540253 0.619397044181824 0.643256962299347 0.656737267971039 0.647110044956207 0.648418188095093 0.645122408866882 0.641494750976562 0.647148072719574 0.650435090065002 0.646538913249969 0.63849675655365 0.643334627151489 0.641966998577118 0.631553113460541 0.627264976501465 0.639748513698578 0.644100546836853 0.645209193229675 0.654668390750885 0.646755635738373 0.646440923213959 0.648810088634491 0.629963934421539 0.634967982769012
-3.4e+38 -3.4e+38 -3.4e+38 -3.4e+38 -3.4e+38 -3.4e+38 -3.4e+38 -3.4e+38 -3.4e+38 -3.4e+38 0.572172105312347 0.583455324172974 0.586947321891785 0.586154222488403 0.593312501907349 0.628000855445862 0.628415465354919 0.60484379529953 0.606263816356659 0.615439176559448 0.619202494621277 0.612358868122101 0.611499190330505 0.611559510231018 0.625087022781372 0.637872993946075 0.62928968667984 0.637690186500549 0.63969874382019 0.63384622335434 0.635921895503998 0.641629874706268 0.640797555446625 0.633203268051147 0.632367551326752 0.636628031730652 0.644484460353851 0.646146714687347 0.641433298587799 0.645436584949493 0.640328347682953 0.638456523418427 0.643089771270752 0.638020157814026 0.635286808013916 0.630070745944977 0.635201454162598
-3.4e+38 -3.4e+38 -3.4e+38 -3.4e+38 -3.4e+38 -3.4e+38 -3.4e+38 -3.4e+38 -3.4e+38 0.583278298377991 0.578426659107208 0.597551286220551 0.599422812461853 0.582642376422882 0.56538712978363 0.57402640581131 0.57783979177475 0.576891839504242 0.578919589519501 0.578151822090149 0.577318251132965 0.585106611251831 0.60084468126297 0.608269393444061 0.625544786453247 0.635925352573395 0.631683230400085 0.627467930316925 0.628316223621368 0.632617890834808 0.640122056007385 0.642553746700287 0.637447893619537 0.640183448791504 0.646986901760101 0.651463806629181 0.659444153308868 0.654878854751587 0.643896579742432 0.654986560344696 0.638685405254364 0.637655377388 0.647233843803406 0.627968192100525 0.635024189949036 0.638931393623352 0.638614475727081
-3.4e+38 -3.4e+38 -3.4e+38 -3.4e+38 -3.4e+38 -3.4e+38 -3.4e+38 -3.4e+38 0.572414457798004 0.566788673400879 0.577928066253662 0.602917492389679 0.60806280374527 0.580060362815857 0.550532519817352 0.546345114707947 0.56506073474884 0.573672533035278 0.577670335769653 0.578799545764923 0.584191918373108 0.600209951400757 0.617252826690674 0.628240644931793 0.642491638660431 0.655105650424957 0.646910548210144 0.626408934593201 0.640781044960022 0.639592289924622 0.638423800468445 0.638465702533722 0.626883685588837 0.625626683235168 0.632686614990234 0.639960706233978 0.654529929161072 0.648155272006989 0.647585988044739 0.662934243679047 0.645541846752167 0.647753119468689 0.646228969097137 0.627439200878143 0.643767714500427 0.645740926265717 0.648199677467346
-3.4e+38 -3.4e+38 -3.4e+38 -3.4e+38 -3.4e+38 -3.4e+38 -3.4e+38 0.564603984355927 0.562848508358002 0.563047170639038 0.579036176204681 0.60253119468689 0.61279559135437 0.588492035865784 0.564429223537445 0.56097823381424 0.584547638893127 0.599759161472321 0.618619561195374 0.627976417541504 0.622644066810608 0.625878989696503 0.634726703166962 0.645373821258545 0.65660685300827 0.669390261173248 0.654701113700867 0.636927425861359 0.644576251506805 0.632875978946686 0.621125638484955 0.625795423984528 0.646486580371857 0.63269978761673 0.629315912723541 0.633041739463806 0.641472518444061 0.634816884994507 0.640877664089203 0.649412095546722 0.643749713897705 0.642026901245117 0.640936315059662 0.635803759098053 0.642971456050873 0.642343282699585 0.645940780639648
-3.4e+38 -3.4e+38 -3.4e+38 -3.4e+38 -3.4e+38 -3.4e+38 0.555437684059143 0.558727324008942 0.561428725719452 0.56477165222168 0.576430678367615 0.5920649766922 0.599261343479156 0.58417797088623 0.571532249450684 0.5838303565979 0.608858823776245 0.628164291381836 0.647689819335938 0.653404295444489 0.646639287471771 0.638935208320618 0.635417819023132 0.63372540473938 0.639733672142029 0.658781230449677 0.655620217323303 0.641166865825653 0.631472706794739 0.619243919849396 0.609811961650848 0.622626483440399 0.641173005104065 0.627857983112335 0.633593201637268 0.637557566165924 0.634789168834686 0.61818528175354 0.628503680229187 0.635248303413391 0.631361901760101 0.619632065296173 0.632988452911377 0.627514183521271 0.620880722999573 0.630655348300934 0.627886176109314
-3.4e+38 -3.4e+38 -3.4e+38 -3.4e+38 -3.4e+38 0.55269581079483 0.549156367778778 0.554420232772827 0.557985603809357 0.557456076145172 0.558911502361298 0.578754246234894 0.591162204742432 0.586042642593384 0.574113547801971 0.589339554309845 0.609144687652588 0.624319732189178 0.640901744365692 0.648777663707733 0.645877301692963 0.634197354316711 0.618793725967407 0.612904071807861 0.620311677455902 0.638542532920837 0.649459958076477 0.631594598293304 0.620241522789001 0.616778612136841 0.610759675502777 0.612893164157867 0.616672217845917 0.61675614118576 0.633321940898895 0.625477313995361 0.61895740032196 0.613268077373505 0.620842754840851 0.625134825706482 0.61342865228653 0.59837144613266 0.607367753982544 0.612845063209534 0.613002002239227 0.615815281867981 0.601601183414459
-3.4e+38 -3.4e+38 -3.4e+38 -3.4e+38 0.548436522483826 0.537025451660156 0.533317863941193 0.546586632728577 0.554464101791382 0.553644776344299 0.55182021856308 0.574226140975952 0.595085382461548 0.601929306983948 0.596932709217072 0.597464263439178 0.60178816318512 0.610960781574249 0.621345162391663 0.626298725605011 0.626008450984955 0.621740400791168 0.61555552482605 0.61411851644516 0.615795910358429 0.622285902500153 0.63045597076416 0.618512392044067 0.619104146957397 0.618028044700623 0.610048651695251 0.597662329673767 0.593219101428986 0.608358025550842 0.627718687057495 0.600928544998169 0.607408165931702 0.612228155136108 0.615841865539551 0.627001345157623 0.618389248847961 0.604826748371124 0.60145366191864 0.610533237457275 0.609357833862305 0.601919412612915 0.589429259300232
-3.4e+38 -3.4e+38 -3.4e+38 0.562827289104462 0.542070627212524 0.516170501708984 0.517506241798401 0.548155426979065 0.576009571552277 0.57028990983963 0.560086190700531 0.57453054189682 0.604429662227631 0.623542368412018 0.62253737449646 0.608470916748047 0.604913532733917 0.606891214847565 0.61241203546524 0.617147386074066 0.623106777667999 0.624301850795746 0.623777449131012 0.624898672103882 0.623823523521423 0.611158072948456 0.606892585754395 0.610628664493561 0.612433016300201 0.609351634979248 0.604025483131409 0.597087979316711 0.592408120632172 0.614859402179718 0.616753756999969 0.584131240844727 0.605259001255035 0.60480535030365 0.606689393520355 0.621468007564545 0.620134353637695 0.612424433231354 0.605797827243805 0.604151785373688 0.592089176177979 0.581280052661896 0.576325297355652
-3.4e+38 -3.4e+38 0.537953555583954 0.535570800304413 0.550909101963043 0.529414772987366 0.531654238700867 0.557629823684692 0.581016659736633 0.57686573266983 0.568044781684875 0.571501970291138 0.599960029125214 0.619526445865631 0.624089539051056 0.619011223316193 0.621410191059113 0.620429515838623 0.618418037891388 0.618583083152771 0.623402297496796 0.625182807445526 0.625577986240387 0.623372495174408 0.616494834423065 0.595172882080078 0.59998631477356 0.606906533241272 0.596936881542206 0.588756084442139 0.598969280719757 0.602067410945892 0.590026378631592 0.611176908016205 0.599837720394135 0.584684491157532 0.60807067155838 0.598984897136688 0.601798057556152 0.612549602985382 0.615821242332458 0.613906681537628 0.605143904685974 0.59496682882309 0.585324287414551 0.582939743995667 0.579876184463501
-3.4e+38 0.559984385967255 0.536743581295013 0.530973434448242 0.557240545749664 0.543603718280792 0.54890376329422 0.558967769145966 0.560458362102509 0.555700957775116 0.567926347255707 0.578239500522614 0.595807909965515 0.619635105133057 0.620835900306702 0.625236809253693 0.631581902503967 0.633533477783203 0.634370148181915 0.629993736743927 0.623094797134399 0.613578319549561 0.605106174945831 0.59544426202774 0.588382720947266 0.584038555622101 0.599002480506897 0.59824800491333 0.580239832401276 0.568684637546539 0.594201147556305 0.592628955841064 0.579601466655731 0.593877017498016 0.587192356586456 0.590236067771912 0.605646133422852 0.601518154144287 0.606926083564758 0.608113765716553 0.608098268508911 0.612426400184631 0.609876751899719 0.601225674152374 0.595195174217224 0.600752174854279 0.592272281646729
0.521567463874817 0.572665512561798 0.58500462770462 0.563782155513763 0.557848453521729 0.558540940284729 0.552934527397156 0.557205438613892 0.56087201833725 0.562411487102509 0.573478579521179 0.576969027519226 0.596786618232727 0.630091190338135 0.626333832740784 0.632232785224915 0.642899096012115 0.647738218307495 0.64365953207016 0.637884080410004 0.621416747570038 0.597794890403748 0.574652373790741 0.562391996383667 0.570573151111603 0.583702087402344 0.586630344390869 0.579240918159485 0.564779579639435 0.560023427009583 0.589522480964661 0.577747285366058 0.567718863487244 0.578097283840179 0.593854427337646 0.594598948955536 0.602119982242584 0.61060231924057 0.620097398757935 0.61369925737381 0.609190285205841 0.611566126346588 0.615580677986145 0.607208669185638 0.60713118314743 0.613582789897919 0.599403023719788
