data/1_raw/trimmed_ndre/Od_ndre.77.2014_no_clouds.asc
NCOLS 144 
NROWS 65 
XLLCORNER 512965 
YLLCORNER 5150865 
CELLSIZE 5 
NODATA_value -3.4e+38 
[rows 21 to 41 of 65, columns 94 to 140 of 144]
0.411072582006454 0.414962917566299 0.416916728019714 0.421847224235535 0.416669607162476 0.423812001943588 0.435706436634064 0.41808158159256 0.409895390272141 0.412623852491379 0.409316807985306 0.402657330036163 0.400044113397598 0.406362116336823 0.406666785478592 0.389065682888031 0.396892488002777 0.395473629236221 0.369794547557831 0.355235755443573 0.355857253074646 0.363916248083115 0.376090109348297 0.397975981235504 0.408638805150986 0.41167688369751 0.421791225671768 0.441797256469727 0.457218438386917 0.465642392635345 0.478997617959976 0.493496805429459 0.493989527225494 0.489646017551422 0.489041656255722 -3.4e+38 -3.4e+38 -3.4e+38 -3.4e+38 -3.4e+38 -3.4e+38 -3.4e+38 -3.4e+38 -3.4e+38 -3.4e+38 -3.4e+38 -3.4e+38
0.411505550146103 0.415374666452408 0.413810312747955 0.409814745187759 0.41136845946312 0.422636568546295 0.428193390369415 0.412419557571411 0.402468472719193 0.402548521757126 0.386254400014877 0.37517249584198 0.391547411680222 0.404446244239807 0.405984610319138 0.408883988857269 0.43021285533905 0.424600750207901 0.406649172306061 0.406091183423996 0.405508995056152 0.398065507411957 0.404314368963242 0.409602463245392 0.403424233198166 0.398971915245056 0.404495090246201 0.427021026611328 0.449225902557373 0.455048114061356 0.470038205385208 0.487888485193253 0.495273739099503 0.490846395492554 0.484613686800003 0.482512593269348 0.481813967227936 -3.4e+38 -3.4e+38 -3.4e+38 -3.4e+38 -3.4e+38 -3.4e+38 -3.4e+38 -3.4e+38 -3.4e+38 -3.4e+38
0.407397210597992 0.41768491268158 0.409871757030487 0.404883533716202 0.422844469547272 0.436075955629349 0.430851221084595 0.419633954763412 0.406669974327087 0.393157094717026 0.36668786406517 0.362365156412125 0.386822164058685 0.402387738227844 0.410529106855392 0.420829772949219 0.43970462679863 0.444024533033371 0.434586375951767 0.44488713145256 0.453140139579773 0.449284762144089 0.447841107845306 0.436465471982956 0.423779726028442 0.403412163257599 0.397018522024155 0.415605425834656 0.436979979276657 0.455373615026474 0.476787686347961 0.490422695875168 0.498892217874527 0.500842869281769 0.500528037548065 0.499426752328873 0.502731561660767 0.499624490737915 -3.4e+38 -3.4e+38 -3.4e+38 -3.4e+38 -3.4e+38 -3.4e+38 -3.4e+38 -3.4e+38 -3.4e+38
0.383902877569199 0.393751740455627 0.391693741083145 0.396115809679031 0.406521588563919 0.411316722631454 0.402138024568558 0.403359204530716 0.398000448942184 0.373693257570267 0.343630790710449 0.348107039928436 0.373933136463165 0.390188336372375 0.41423711180687 0.427160292863846 0.438290923833847 0.466518044471741 0.473189234733582 0.476697772741318 0.480567663908005 0.474532157182693 0.468108922243118 0.454137414693832 0.446091055870056 0.433192849159241 0.420136451721191 0.417745441198349 0.426258057355881 0.446350157260895 0.466029077768326 0.476890236139297 0.483697980642319 0.496889442205429 0.508370578289032 0.510172069072723 0.512374520301819 0.514996767044067 0.508825838565826 -3.4e+38 -3.4e+38 -3.4e+38 -3.4e+38 -3.4e+38 -3.4e+38 -3.4e+38 -3.4e+38
0.361582398414612 0.343723922967911 0.341426283121109 0.341452389955521 0.337816566228867 0.347760826349258 0.357107937335968 0.361609190702438 0.359551757574081 0.34097096323967 0.329570204019547 0.344994574785233 0.363230675458908 0.381522625684738 0.412955313920975 0.433606803417206 0.45092561841011 0.493257522583008 0.505949854850769 0.503441274166107 0.497607171535492 0.489207684993744 0.488627076148987 0.481003791093826 0.470109641551971 0.460711568593979 0.445504486560822 0.432483315467834 0.437598049640656 0.44908595085144 0.461811065673828 0.462384343147278 0.461697787046432 0.472140997648239 0.48310974240303 0.486807644367218 0.490538030862808 0.503106415271759 0.496782094240189 -3.4e+38 -3.4e+38 -3.4e+38 -3.4e+38 -3.4e+38 -3.4e+38 -3.4e+38 -3.4e+38
0.37067511677742 0.351533651351929 0.364476710557938 0.361000090837479 0.344574213027954 0.341242879629135 0.358260691165924 0.360970497131348 0.340444773435593 0.323539942502975 0.337272942066193 0.357427060604095 0.371193468570709 0.390598684549332 0.419497162103653 0.442712426185608 0.47257661819458 0.505228698253632 0.518480896949768 0.515307486057281 0.502091586589813 0.498535126447678 0.50603049993515 0.500926375389099 0.481991708278656 0.462856709957123 0.456354349851608 0.452083915472031 0.445748209953308 0.44630378484726 0.451458126306534 0.449809789657593 0.450520724058151 0.459526091814041 0.46320053935051 0.463884562253952 0.466783761978149 0.475344359874725 0.48089873790741 0.479448884725571 -3.4e+38 -3.4e+38 -3.4e+38 -3.4e+38 -3.4e+38 -3.4e+38 -3.4e+38
0.419404119253159 0.422695338726044 0.44802325963974 0.458709895610809 0.441063791513443 0.421284645795822 0.41297236084938 0.416207790374756 0.378425002098083 0.353947043418884 0.359507501125336 0.370984762907028 0.388606131076813 0.409149765968323 0.430272400379181 0.456156313419342 0.481804937124252 0.501606166362762 0.51869410276413 0.523436486721039 0.509198486804962 0.505800068378448 0.507846891880035 0.499385178089142 0.483947932720184 0.469521403312683 0.472623020410538 0.475950807332993 0.448954254388809 0.43378096818924 0.432553887367249 0.427998334169388 0.432061910629272 0.442791849374771 0.44745010137558 0.455941915512085 0.461724162101746 0.462035298347473 0.471983999013901 0.474870890378952 0.481588304042816 -3.4e+38 -3.4e+38 -3.4e+38 -3.4e+38 -3.4e+38 -3.4e+38
0.473235249519348 0.476762145757675 0.494381844997406 0.504150450229645 0.4792859852314 0.470702707767487 0.454239100217819 0.436317503452301 0.413826286792755 0.41291755437851 0.401671022176743 0.388640463352203 0.404481291770935 0.424474745988846 0.442117184400558 0.465849906206131 0.493319571018219 0.510679483413696 0.522843778133392 0.527702271938324 0.516440570354462 0.511303126811981 0.510697245597839 0.505332708358765 0.489958882331848 0.480677902698517 0.489809542894363 0.48589214682579 0.444393515586853 0.420787751674652 0.417732268571854 0.421770244836807 0.430776327848434 0.439888805150986 0.443475097417831 0.448548197746277 0.451376706361771 0.451720714569092 0.461688369512558 0.467233926057816 0.475011646747589 0.483572095632553 -3.4e+38 -3.4e+38 -3.4e+38 -3.4e+38 -3.4e+38
0.492251217365265 0.490657031536102 0.504391252994537 0.502702951431274 0.481059819459915 0.4743592441082 0.447387099266052 0.411282420158386 0.388384878635406 0.408249258995056 0.409557640552521 0.40109047293663 0.419012576341629 0.433018267154694 0.44967046380043 0.476047188043594 0.502911388874054 0.513251006603241 0.519413411617279 0.520532131195068 0.519190967082977 0.520415127277374 0.519415974617004 0.515553116798401 0.50851982831955 0.500812709331512 0.490544140338898 0.466807901859283 0.421169966459274 0.392135471105576 0.400859475135803 0.421917736530304 0.434437572956085 0.444420784711838 0.442474335432053 0.441482841968536 0.444119840860367 0.447840750217438 0.459289103746414 0.466577559709549 0.466283857822418 0.465628802776337 0.470433980226517 -3.4e+38 -3.4e+38 -3.4e+38 -3.4e+38
0.499390423297882 0.500104010105133 0.51180237531662 0.498247295618057 0.473651766777039 0.4515420794487 0.429667800664902 0.41503244638443 0.394798755645752 0.399954408407211 0.408949047327042 0.415490388870239 0.426158130168915 0.441044837236404 0.461188524961472 0.471827685832977 0.485686987638474 0.492679446935654 0.499815583229065 0.505719900131226 0.520071923732758 0.53293514251709 0.528158366680145 0.517089664936066 0.519705235958099 0.505142688751221 0.469355911016464 0.432544678449631 0.392897367477417 0.374629288911819 0.387121140956879 0.410322487354279 0.424959778785706 0.438408881425858 0.436746537685394 0.4365014731884 0.441395342350006 0.453123062849045 0.464847892522812 0.460995227098465 0.45546492934227 0.451438963413239 0.457465350627899 0.4675532579422 -3.4e+38 -3.4e+38 -3.4e+38
0.500972211360931 0.504419147968292 0.506280303001404 0.489887773990631 0.474934160709381 0.449932157993317 0.42392760515213 0.418135076761246 0.405969560146332 0.401774346828461 0.422397434711456 0.441443234682083 0.455730378627777 0.461810827255249 0.46626678109169 0.454862654209137 0.458732008934021 0.472547471523285 0.483508825302124 0.483968615531921 0.491141974925995 0.506845891475677 0.51103150844574 0.507683634757996 0.504289150238037 0.493054896593094 0.469234496355057 0.434077680110931 0.408356219530106 0.398796051740646 0.397961169481277 0.408497214317322 0.417093485593796 0.426728397607803 0.428677886724472 0.433995246887207 0.443733036518097 0.454608231782913 0.462603718042374 0.455932915210724 0.453384250402451 0.456273525953293 0.455407321453094 0.462154805660248 0.469611257314682 -3.4e+38 -3.4e+38
0.505711734294891 0.508662462234497 0.496845364570618 0.472148180007935 0.463983207941055 0.446247160434723 0.417990326881409 0.409011781215668 0.404062390327454 0.414682745933533 0.435122132301331 0.456234842538834 0.482316672801971 0.480972081422806 0.466412037611008 0.45094957947731 0.441211938858032 0.443110167980194 0.452822655439377 0.45487517118454 0.459508031606674 0.472461193799973 0.493730217218399 0.512260854244232 0.506440222263336 0.487074702978134 0.476466953754425 0.462947309017181 0.446676284074783 0.433147370815277 0.422878503799438 0.415656745433807 0.419652819633484 0.428434461355209 0.429617315530777 0.435876846313477 0.446785867214203 0.459055840969086 0.463104248046875 0.458224922418594 0.464321613311768 0.471590340137482 0.467172026634216 0.464372962713242 0.466686576604843 0.476851373910904 -3.4e+38
0.507031202316284 0.510816872119904 0.496656477451324 0.470986068248749 0.455597162246704 0.431622892618179 0.402519464492798 0.389632731676102 0.3946633040905 0.417551577091217 0.445317178964615 0.473163783550262 0.497228115797043 0.49162021279335 0.470308095216751 0.461276859045029 0.452961027622223 0.448237180709839 0.454882204532623 0.45996081829071 0.46865576505661 0.476880818605423 0.490715473890305 0.502840101718903 0.496742635965347 0.483121186494827 0.478948026895523 0.471383363008499 0.45181205868721 0.430441558361053 0.420934855937958 0.422996431589127 0.431378751993179 0.433124125003815 0.432406604290009 0.447901338338852 0.464762210845947 0.472349256277084 0.465001136064529 0.461746424436569 0.475681215524673 0.480423003435135 0.472596675157547 0.466963022947311 0.467095762491226 0.476815789937973 0.47232922911644
0.512472450733185 0.516272008419037 0.503540337085724 0.476897478103638 0.445125758647919 0.417667269706726 0.390064924955368 0.388431370258331 0.402517378330231 0.421747773885727 0.45587357878685 0.48345884680748 0.494667887687683 0.490302324295044 0.486329883337021 0.480875909328461 0.479115396738052 0.486421674489975 0.491932332515717 0.492170393466949 0.490435928106308 0.483821094036102 0.488701403141022 0.492405414581299 0.491184681653976 0.486040830612183 0.473186522722244 0.458194077014923 0.433280497789383 0.411554783582687 0.413539588451385 0.432005673646927 0.442871630191803 0.435268849134445 0.437246292829514 0.455612540245056 0.466904103755951 0.470537841320038 0.467919051647186 0.463793337345123 0.477145314216614 0.479869306087494 0.473961442708969 0.466170012950897 0.475121110677719 0.477508932352066 0.460900872945786
0.503925204277039 0.502127528190613 0.487368017435074 0.465448439121246 0.43330705165863 0.400462180376053 0.37888103723526 0.398678481578827 0.420735985040665 0.427156090736389 0.45428803563118 0.46812829375267 0.480109095573425 0.491526454687119 0.496146708726883 0.488792419433594 0.488834828138351 0.501471757888794 0.506655812263489 0.500992298126221 0.496899306774139 0.486613571643829 0.489592969417572 0.493023902177811 0.496388375759125 0.487009882926941 0.463122189044952 0.436348378658295 0.413958728313446 0.405539363622665 0.420433074235916 0.443570405244827 0.452013611793518 0.44354909658432 0.452012211084366 0.46740135550499 0.461819708347321 0.465967327356339 0.474342852830887 0.462928473949432 0.478372722864151 0.485334306955338 0.474635362625122 0.472455888986588 0.478152602910995 0.487333536148071 0.484926819801331
0.50501948595047 0.487942278385162 0.465003490447998 0.449993938207626 0.427206367254257 0.393655061721802 0.384360492229462 0.412549674510956 0.426650315523148 0.436502993106842 0.459201633930206 0.458401948213577 0.473458349704742 0.490364462137222 0.49112069606781 0.489748001098633 0.488924413919449 0.495893687009811 0.497266501188278 0.489145994186401 0.482587069272995 0.481108099222183 0.484162420034409 0.484904050827026 0.490484744310379 0.483994781970978 0.45861691236496 0.433143377304077 0.415432214736938 0.416200518608093 0.435092628002167 0.453274041414261 0.456699937582016 0.455451607704163 0.469148606061935 0.481415003538132 0.474684774875641 0.478714048862457 0.483950585126877 0.472673714160919 0.489162534475327 0.485110431909561 0.481718242168427 0.495967894792557 0.4909508228302 0.494687050580978 0.50407075881958
0.494556456804276 0.488013595342636 0.462540090084076 0.44340381026268 0.426160454750061 0.409362941980362 0.407541900873184 0.417060285806656 0.433920949697495 0.448569446802139 0.46441912651062 0.467026710510254 0.479074776172638 0.486109912395477 0.480598658323288 0.479124546051025 0.480157166719437 0.48194345831871 0.481057494878769 0.472810357809067 0.462862998247147 0.468037515878677 0.45800307393074 0.445467472076416 0.447929054498672 0.454596400260925 0.450884610414505 0.435758411884308 0.422667056322098 0.429357707500458 0.443249464035034 0.450058490037918 0.447967857122421 0.452908605337143 0.460820943117142 0.460731208324432 0.459511458873749 0.470422089099884 0.471750020980835 0.468729883432388 0.479804992675781 0.467519581317902 0.470284581184387 0.485562056303024 0.481870144605637 0.484415352344513 0.493621379137039
0.457140505313873 0.459771513938904 0.419864416122437 0.395982265472412 0.420724481344223 0.429947465658188 0.423869967460632 0.420579791069031 0.441012620925903 0.45890736579895 0.472264021635056 0.482782542705536 0.480825930833817 0.479554623365402 0.46692231297493 0.457097589969635 0.460885882377625 0.465279400348663 0.471066802740097 0.462421745061874 0.44734400510788 0.444348573684692 0.427649646997452 0.391135305166245 0.384791702032089 0.421466797590256 0.438796043395996 0.430799156427383 0.418959647417068 0.429596096277237 0.450228661298752 0.452846527099609 0.445750176906586 0.445031553506851 0.431609034538269 0.418815523386002 0.418140023946762 0.425204455852509 0.421963036060333 0.426981538534164 0.422147840261459 0.402932286262512 0.416020452976227 0.439286559820175 0.460111171007156 0.470052421092987 -3.4e+38
0.417346566915512 0.411504834890366 0.389770120382309 0.389201015233994 0.428108483552933 0.43811422586441 0.439440041780472 0.442207366228104 0.458919078111649 0.471152484416962 0.479418337345123 0.481219381093979 0.466395556926727 0.46296563744545 0.45095419883728 0.442297577857971 0.441471368074417 0.449563264846802 0.45927956700325 0.449760496616364 0.433533400297165 0.423139005899429 0.401205092668533 0.364589899778366 0.346642255783081 0.380454331636429 0.410578638315201 0.415219634771347 0.411046653985977 0.430268377065659 0.461323142051697 0.466709226369858 0.444396257400513 0.434342682361603 0.416241616010666 0.401479244232178 0.398361712694168 0.382373839616776 0.370149165391922 0.379581987857819 0.359201788902283 0.35187816619873 0.377468317747116 0.404762238264084 -3.4e+38 -3.4e+38 -3.4e+38
0.446005165576935 0.439557701349258 0.437332510948181 0.444561421871185 0.459775924682617 0.462812960147858 0.467521995306015 0.471130669116974 0.482676118612289 0.490354388952255 0.488611966371536 0.478429943323135 0.459212005138397 0.452116519212723 0.444313436746597 0.443908959627151 0.438813209533691 0.437229156494141 0.437093019485474 0.424538433551788 0.413905382156372 0.406838625669479 0.388267904520035 0.37724706530571 0.369585335254669 0.387446969747543 0.415138721466064 0.424837529659271 0.428245604038239 0.448831826448441 0.473998248577118 0.475850254297256 0.449724316596985 0.442490488290787 0.436735033988953 0.430521488189697 0.428205102682114 0.410456299781799 0.39285734295845 0.392677813768387 0.380015999078751 0.389496684074402 -3.4e+38 -3.4e+38 -3.4e+38 -3.4e+38 -3.4e+38
0.498987346887589 0.490334302186966 0.475979626178741 0.480636775493622 0.486916661262512 0.484333753585815 0.484859853982925 0.487387627363205 0.495176732540131 0.497975647449493 0.491282403469086 0.473233014345169 0.458603501319885 0.45082613825798 0.437773704528809 0.418206989765167 0.388799697160721 0.364292919635773 0.365160048007965 0.385683804750443 0.394727945327759 0.394492328166962 0.389108926057816 0.397012561559677 0.402123332023621 0.416336983442307 0.437201589345932 0.449308305978775 0.456797868013382 0.465666949748993 0.469830542802811 0.465270608663559 0.458531558513641 0.464357048273087 0.469021409749985 0.472278863191605 0.475191652774811 0.466723203659058 0.450621992349625 0.447222113609314 -3.4e+38 -3.4e+38 -3.4e+38 -3.4e+38 -3.4e+38 -3.4e+38 -3.4e+38
