data/1_raw/trimmed_ndre/Od_ndre.619.2014_no_clouds.asc
NCOLS 144 
NROWS 65 
XLLCORNER 512965 
YLLCORNER 5150865 
CELLSIZE 5 
NODATA_value -3.4e+38 
[rows 21 to 41 of 65, columns 94 to 140 of 144]
0.414931774139404 0.413140714168549 0.414971798658371 0.416033297777176 0.417963117361069 0.423432558774948 0.426631391048431 0.417017370462418 0.402833133935928 0.393127888441086 0.392170429229736 0.394565105438232 0.389365077018738 0.389009892940521 0.385157287120819 0.39694157242775 0.408327400684357 0.413226068019867 0.427388727664948 0.442557662725449 0.436722666025162 0.411040633916855 0.426604986190796 0.444293171167374 0.449345737695694 0.455889195203781 0.42631059885025 0.413359373807907 0.4289331138134 0.438564211130142 0.44752249121666 0.452518880367279 0.456301033496857 0.464581370353699 0.467474639415741 -3.4e+38 -3.4e+38 -3.4e+38 -3.4e+38 -3.4e+38 -3.4e+38 -3.4e+38 -3.4e+38 -3.4e+38 -3.4e+38 -3.4e+38 -3.4e+38
0.416727662086487 0.413704454898834 0.419010132551193 0.429304420948029 0.422706574201584 0.420887798070908 0.429958343505859 0.422693580389023 0.40724515914917 0.397318065166473 0.384514093399048 0.369480937719345 0.370950669050217 0.37832647562027 0.384190559387207 0.411904454231262 0.435858756303787 0.434205800294876 0.427886307239532 0.435244828462601 0.440978437662125 0.428927659988403 0.440616577863693 0.442571312189102 0.44624987244606 0.453913390636444 0.432801097631454 0.424494296312332 0.429533749818802 0.428731858730316 0.437010169029236 0.448580503463745 0.460631877183914 0.472005873918533 0.475287944078445 0.471162647008896 0.467264413833618 -3.4e+38 -3.4e+38 -3.4e+38 -3.4e+38 -3.4e+38 -3.4e+38 -3.4e+38 -3.4e+38 -3.4e+38 -3.4e+38
0.414486765861511 0.40370300412178 0.404962807893753 0.422765672206879 0.414025872945786 0.409997761249542 0.423286586999893 0.420341193675995 0.399934560060501 0.386963278055191 0.386553913354874 0.379151374101639 0.387586265802383 0.392149657011032 0.38460299372673 0.404143571853638 0.426428824663162 0.442808747291565 0.451335579156876 0.455715537071228 0.457133948802948 0.459538251161575 0.465102046728134 0.452772974967957 0.443821758031845 0.448727577924728 0.447064012289047 0.451730370521545 0.444616675376892 0.428820878267288 0.430630385875702 0.441493541002274 0.452068209648132 0.465236902236938 0.478958964347839 0.477391541004181 0.473674595355988 0.477854043245316 -3.4e+38 -3.4e+38 -3.4e+38 -3.4e+38 -3.4e+38 -3.4e+38 -3.4e+38 -3.4e+38 -3.4e+38
0.399123340845108 0.381066560745239 0.380470246076584 0.383986979722977 0.365940600633621 0.363391816616058 0.375690221786499 0.38678514957428 0.373246997594833 0.357194364070892 0.358851253986359 0.36335501074791 0.381085962057114 0.394787847995758 0.393368452787399 0.405901879072189 0.422054588794708 0.442846447229385 0.466278940439224 0.480653285980225 0.481936395168304 0.478461444377899 0.482062935829163 0.468987315893173 0.444723397493362 0.439315348863602 0.446346968412399 0.452356725931168 0.459332764148712 0.458714038133621 0.452481597661972 0.449652165174484 0.439970016479492 0.44134584069252 0.454769968986511 0.456878989934921 0.457080483436584 0.460745275020599 0.461005866527557 -3.4e+38 -3.4e+38 -3.4e+38 -3.4e+38 -3.4e+38 -3.4e+38 -3.4e+38 -3.4e+38
0.384332478046417 0.353974461555481 0.35658010840416 0.364313006401062 0.365015149116516 0.364776521921158 0.358663380146027 0.353105515241623 0.341242969036102 0.331682413816452 0.346279412508011 0.359200060367584 0.377248764038086 0.394929885864258 0.399232983589172 0.412393122911453 0.433445006608963 0.457725316286087 0.470312893390656 0.472248136997223 0.476857006549835 0.466769158840179 0.461694538593292 0.463990122079849 0.441176891326904 0.434527903795242 0.44111230969429 0.449689298868179 0.461690366268158 0.462084829807281 0.455150306224823 0.452921241521835 0.437929272651672 0.43377959728241 0.433506429195404 0.428113907575607 0.433736085891724 0.445636123418808 0.449906408786774 -3.4e+38 -3.4e+38 -3.4e+38 -3.4e+38 -3.4e+38 -3.4e+38 -3.4e+38 -3.4e+38
0.409073412418365 0.40880012512207 0.424882829189301 0.428638249635696 0.427141666412354 0.424617409706116 0.410889446735382 0.386286109685898 0.362402588129044 0.360817760229111 0.371687084436417 0.382561177015305 0.393225342035294 0.401725202798843 0.402613788843155 0.41772124171257 0.440103650093079 0.464950978755951 0.471554785966873 0.46956667304039 0.473922789096832 0.469183176755905 0.467797160148621 0.463726043701172 0.445534199476242 0.441856503486633 0.433243781328201 0.432393610477448 0.44643422961235 0.452154576778412 0.444183170795441 0.426175028085709 0.408689826726913 0.412839233875275 0.421032279729843 0.420236557722092 0.424882471561432 0.43464395403862 0.433182328939438 0.441322386264801 -3.4e+38 -3.4e+38 -3.4e+38 -3.4e+38 -3.4e+38 -3.4e+38 -3.4e+38
0.462669998407364 0.469537317752838 0.486510008573532 0.485488951206207 0.464301884174347 0.454018294811249 0.437257677316666 0.423887342214584 0.41445603966713 0.40710175037384 0.402094215154648 0.399220496416092 0.405764132738113 0.405616074800491 0.412025690078735 0.434101998806 0.456515222787857 0.477405160665512 0.493554472923279 0.491239786148071 0.48617947101593 0.492608457803726 0.49870690703392 0.487184643745422 0.465191006660461 0.457383453845978 0.455695241689682 0.442764759063721 0.449158370494843 0.464821130037308 0.454984575510025 0.418327122926712 0.396432429552078 0.408286154270172 0.423323541879654 0.428580641746521 0.436278194189072 0.441910803318024 0.437519937753677 0.442815661430359 0.447504878044128 -3.4e+38 -3.4e+38 -3.4e+38 -3.4e+38 -3.4e+38 -3.4e+38
0.465166330337524 0.468279361724854 0.47889518737793 0.48050445318222 0.468711972236633 0.460749804973602 0.443171113729477 0.435167044401169 0.418957769870758 0.4100421667099 0.407346099615097 0.401553213596344 0.403923541307449 0.409884184598923 0.423834323883057 0.444359809160233 0.465229570865631 0.487858951091766 0.506728529930115 0.50853031873703 0.505092799663544 0.509646117687225 0.513330698013306 0.504278421401978 0.486669450998306 0.483563542366028 0.487927168607712 0.459200203418732 0.434723883867264 0.431054830551147 0.435784190893173 0.427736073732376 0.413795560598373 0.41962718963623 0.426811993122101 0.430428743362427 0.440861225128174 0.443136632442474 0.439090698957443 0.440168350934982 0.43398705124855 0.442198991775513 -3.4e+38 -3.4e+38 -3.4e+38 -3.4e+38 -3.4e+38
0.446005076169968 0.45491698384285 0.470756202936172 0.480942785739899 0.474472671747208 0.466154605150223 0.440892040729523 0.429752439260483 0.415636867284775 0.405736297369003 0.40879625082016 0.409601241350174 0.408573031425476 0.408246427774429 0.421728998422623 0.435945183038712 0.451672434806824 0.470126509666443 0.489597171545029 0.502734422683716 0.510121583938599 0.519379079341888 0.520057797431946 0.510298490524292 0.497405350208282 0.493368119001389 0.490858793258667 0.45185324549675 0.404483497142792 0.396498501300812 0.416214853525162 0.426884770393372 0.425351202487946 0.421397894620895 0.418681085109711 0.420229285955429 0.42779940366745 0.429212242364883 0.433463484048843 0.430806934833527 0.416457802057266 0.426009237766266 0.432636171579361 -3.4e+38 -3.4e+38 -3.4e+38 -3.4e+38
0.471350193023682 0.4793601334095 0.482416301965714 0.48242124915123 0.468391299247742 0.47408989071846 0.456530183553696 0.422957628965378 0.408140778541565 0.409097164869308 0.420673310756683 0.427762389183044 0.43220266699791 0.433106780052185 0.437245607376099 0.437063604593277 0.437769949436188 0.444742619991302 0.469470262527466 0.483380556106567 0.480953872203827 0.490631341934204 0.502626597881317 0.504021942615509 0.501728892326355 0.500494658946991 0.479825139045715 0.447167009115219 0.423002243041992 0.419124126434326 0.420775651931763 0.412438482046127 0.410849779844284 0.41277614235878 0.412299245595932 0.41579657793045 0.415577530860901 0.424197047948837 0.433482795953751 0.438346832990646 0.443610399961472 0.442983090877533 0.433927178382874 0.435447156429291 -3.4e+38 -3.4e+38 -3.4e+38
0.488794654607773 0.485612988471985 0.488172382116318 0.471779942512512 0.441961735486984 0.438184201717377 0.439457893371582 0.418801426887512 0.409167945384979 0.418431639671326 0.426760494709015 0.432406961917877 0.439922392368317 0.44995704293251 0.458091497421265 0.452378898859024 0.442115187644958 0.421246409416199 0.427924752235413 0.439786523580551 0.431514531373978 0.449814528226852 0.486746370792389 0.499720633029938 0.495624154806137 0.478262543678284 0.45614355802536 0.459838718175888 0.463316291570663 0.461824595928192 0.45340570807457 0.438032358884811 0.419179409742355 0.415103733539581 0.422838926315308 0.433703988790512 0.435007005929947 0.43976241350174 0.450378388166428 0.458490699529648 0.467579185962677 0.463152647018433 0.453782260417938 0.445804208517075 0.450866729021072 -3.4e+38 -3.4e+38
0.49657616019249 0.486676603555679 0.483661592006683 0.470134228467941 0.457396626472473 0.456559598445892 0.432981371879578 0.420119345188141 0.412429749965668 0.41327315568924 0.421197891235352 0.435252398252487 0.45034384727478 0.46317446231842 0.468854874372482 0.464012920856476 0.451797723770142 0.439840167760849 0.447355002164841 0.445804357528687 0.432309806346893 0.451563894748688 0.484437078237534 0.489059567451477 0.475488811731339 0.456158131361008 0.450408190488815 0.45470130443573 0.446426212787628 0.44837874174118 0.452239483594894 0.439925253391266 0.418361514806747 0.413483411073685 0.410025000572205 0.418102473020554 0.435742616653442 0.447126418352127 0.45633989572525 0.459852576255798 0.45230758190155 0.44690603017807 0.458683699369431 0.467726945877075 0.458445101976395 0.4519944190979 -3.4e+38
0.50593900680542 0.511675477027893 0.504606902599335 0.482774525880814 0.461189538240433 0.449841767549515 0.425284832715988 0.416900306940079 0.426546424627304 0.431587517261505 0.434678614139557 0.450594991445541 0.468281537294388 0.482730031013489 0.486864119768143 0.482051283121109 0.482290625572205 0.488599926233292 0.499813228845596 0.489937096834183 0.47608146071434 0.481070935726166 0.486594527959824 0.483065366744995 0.473100244998932 0.463586241006851 0.458362072706223 0.453659057617188 0.437210410833359 0.432193130254745 0.429643601179123 0.417980819940567 0.401645511388779 0.401384919881821 0.398716360330582 0.41080641746521 0.430631667375565 0.439286589622498 0.453560560941696 0.475044935941696 0.476692467927933 0.457388013601303 0.45655882358551 0.464842021465302 0.459122002124786 0.450501829385757 0.439839988946915
0.498763829469681 0.508534133434296 0.50607967376709 0.482714146375656 0.449871242046356 0.432043731212616 0.418462604284286 0.40470215678215 0.416181296110153 0.431121677160263 0.441492915153503 0.456246018409729 0.468479961156845 0.476988017559052 0.487966150045395 0.494455993175507 0.505975186824799 0.506695568561554 0.506234228610992 0.501809895038605 0.494714796543121 0.489865303039551 0.478703290224075 0.475704103708267 0.484375566244125 0.477916955947876 0.464652419090271 0.453995138406754 0.44144144654274 0.435562998056412 0.432706147432327 0.430633157491684 0.428091287612915 0.426162570714951 0.419322162866592 0.431822955608368 0.444424480199814 0.454086393117905 0.468853563070297 0.469678044319153 0.471130847930908 0.465706616640091 0.457544386386871 0.458386361598969 0.467863202095032 0.474096149206161 0.457197964191437
0.504962265491486 0.503557741641998 0.488445669412613 0.459409445524216 0.440645903348923 0.433596253395081 0.417521476745605 0.409104704856873 0.414434790611267 0.422737896442413 0.433234751224518 0.449166417121887 0.465609014034271 0.465405166149139 0.47508829832077 0.498784393072128 0.513140797615051 0.511573493480682 0.504133462905884 0.493625372648239 0.483718156814575 0.466264754533768 0.455267131328583 0.465673208236694 0.480683982372284 0.463065445423126 0.443195819854736 0.44018629193306 0.431159287691116 0.432670056819916 0.433527410030365 0.43716749548912 0.446642249822617 0.447194188833237 0.43940281867981 0.446335226297379 0.45789510011673 0.465806484222412 0.4708052277565 0.461806356906891 0.461462885141373 0.473824709653854 0.479214787483215 0.467739105224609 0.46483963727951 0.480543047189713 0.481134116649628
0.506356239318848 0.493674486875534 0.474140197038651 0.454393595457077 0.442521154880524 0.438615649938583 0.427732110023499 0.424603879451752 0.432015806436539 0.446076482534409 0.453772217035294 0.466009140014648 0.476973950862885 0.468073755502701 0.474962145090103 0.494926124811172 0.492705345153809 0.486889809370041 0.480801582336426 0.466104328632355 0.452992767095566 0.43796044588089 0.428159028291702 0.437173038721085 0.445590019226074 0.422119975090027 0.413258075714111 0.424466073513031 0.418697327375412 0.417019844055176 0.419895648956299 0.426564574241638 0.433022886514664 0.438364028930664 0.440453380346298 0.447498291730881 0.446206599473953 0.440502792596817 0.453398078680038 0.463315188884735 0.468333661556244 0.478622883558273 0.479757398366928 0.457735121250153 0.447493493556976 0.465769797563553 0.481436997652054
0.479094326496124 0.476778209209442 0.454408079385757 0.428862571716309 0.424551486968994 0.435152649879456 0.435494929552078 0.42390301823616 0.428952038288116 0.453869879245758 0.468170404434204 0.476980060338974 0.480224639177322 0.477147847414017 0.470623403787613 0.460452169179916 0.451125293970108 0.450259804725647 0.449665665626526 0.437211632728577 0.430675327777863 0.429458916187286 0.417146891355515 0.404456913471222 0.39892515540123 0.399672120809555 0.409972995519638 0.405615389347076 0.39205676317215 0.390894830226898 0.410709530115128 0.429172903299332 0.429637491703033 0.42989856004715 0.428973227739334 0.423514753580093 0.412032008171082 0.404970914125443 0.426730155944824 0.439965754747391 0.43339341878891 0.416893661022186 0.417774319648743 0.427350759506226 0.439018785953522 0.455832213163376 0.463638573884964
0.402701854705811 0.410834461450577 0.407811641693115 0.405101716518402 0.413379907608032 0.426559448242188 0.428926467895508 0.425595730543137 0.443532377481461 0.460851162672043 0.466850578784943 0.462922066450119 0.459910690784454 0.458794951438904 0.436783969402313 0.419923573732376 0.425318896770477 0.428698360919952 0.42852383852005 0.41742542386055 0.411305069923401 0.415507853031158 0.409566044807434 0.395606338977814 0.385414481163025 0.391448497772217 0.405223727226257 0.40277099609375 0.393077820539474 0.38893324136734 0.414802968502045 0.435966610908508 0.434245526790619 0.426451057195663 0.420233458280563 0.414488971233368 0.403145670890808 0.379314303398132 0.364796608686447 0.363536238670349 0.366840153932571 0.360056668519974 0.365149140357971 0.39338031411171 0.424512952566147 0.431994199752808 -3.4e+38
0.401202857494354 0.404715031385422 0.414587497711182 0.430057138204575 0.445456296205521 0.455942422151566 0.453861176967621 0.449534207582474 0.466978639364243 0.471056908369064 0.468005418777466 0.449602007865906 0.436013877391815 0.435764491558075 0.418735086917877 0.412517666816711 0.419257789850235 0.422154545783997 0.409285038709641 0.395185440778732 0.39359638094902 0.398586511611938 0.401216894388199 0.400732338428497 0.383344888687134 0.368283540010452 0.379724949598312 0.40467381477356 0.416466742753983 0.416154146194458 0.429865330457687 0.439141988754272 0.44060543179512 0.437097162008286 0.430306643247604 0.425904780626297 0.418622672557831 0.406338393688202 0.385944008827209 0.370742440223694 0.373235106468201 0.386445134878159 0.390309065580368 0.403183817863464 -3.4e+38 -3.4e+38 -3.4e+38
0.465980410575867 0.465008050203323 0.465654373168945 0.471187949180603 0.476067274808884 0.479273855686188 0.472578018903732 0.464834719896317 0.47926652431488 0.477520227432251 0.462534189224243 0.44573101401329 0.441056549549103 0.439261555671692 0.424351930618286 0.403532773256302 0.386288046836853 0.383482843637466 0.373955905437469 0.378419190645218 0.391652226448059 0.395991504192352 0.394854038953781 0.395343363285065 0.379421949386597 0.374149858951569 0.393704354763031 0.408890664577484 0.426466256380081 0.445443838834763 0.461250394582748 0.4552341401577 0.45945879817009 0.464827388525009 0.46385845541954 0.460547864437103 0.454355269670486 0.462963938713074 0.453470587730408 0.424448728561401 0.406813055276871 0.410718262195587 -3.4e+38 -3.4e+38 -3.4e+38 -3.4e+38 -3.4e+38
0.494313478469849 0.484472125768661 0.47971573472023 0.488754779100418 0.487414002418518 0.472895979881287 0.460642129182816 0.456419587135315 0.462766349315643 0.446728467941284 0.430464863777161 0.442433446645737 0.449309140443802 0.442228525876999 0.422337859869003 0.398013979196548 0.371810376644135 0.351637154817581 0.354662358760834 0.373476415872574 0.393067717552185 0.403947860002518 0.40156027674675 0.394498348236084 0.399147987365723 0.428473383188248 0.444874554872513 0.440207749605179 0.444457650184631 0.460806965827942 0.469812870025635 0.46316522359848 0.466791957616806 0.470561116933823 0.473130434751511 0.465041041374207 0.462569296360016 0.478410750627518 0.470549732446671 0.447928875684738 -3.4e+38 -3.4e+38 -3.4e+38 -3.4e+38 -3.4e+38 -3.4e+38 -3.4e+38
