data/1_raw/trimmed_ndre/W_ndre.715.2011_no_clouds.asc
NCOLS 130 
NROWS 71 
XLLCORNER 530645 
YLLCORNER 5158205 
CELLSIZE 5 
NODATA_value -3.4e+38 
[rows 0 to 20 of 71, columns 0 to 48 of 130]
-339999999999999996123846586046231871488.000000000000000 -3.4e+38 -3.4e+38 -3.4e+38 -3.4e+38 -3.4e+38 -3.4e+38 -3.4e+38 -3.4e+38 -3.4e+38 -3.4e+38 0.517132043838501 0.512572884559631 0.508748710155487 0.504265308380127 0.486917197704315 0.486178696155548 -3.4e+38 -3.4e+38 -3.4e+38 -3.4e+38 -3.4e+38 -3.4e+38 -3.4e+38 -3.4e+38 -3.4e+38 -3.4e+38 -3.4e+38 -3.4e+38 -3.4e+38 -3.4e+38 -3.4e+38 -3.4e+38 -3.4e+38 -3.4e+38 -3.4e+38 -3.4e+38 -3.4e+38 -3.4e+38 -3.4e+38 -3.4e+38 -3.4e+38 -3.4e+38 -3.4e+38 -3.4e+38 -3.4e+38 -3.4e+38 -3.4e+38 -3.4e+38
-3.4e+38 -3.4e+38 -3.4e+38 -3.4e+38 -3.4e+38 -3.4e+38 -3.4e+38 -3.4e+38 -3.4e+38 -3.4e+38 0.528673589229584 0.53335964679718 0.547750949859619 0.547122836112976 0.51126629114151 0.474465727806091 0.476358026266098 0.49306458234787 -3.4e+38 -3.4e+38 -3.4e+38 -3.4e+38 -3.4e+38 -3.4e+38 -3.4e+38 -3.4e+38 -3.4e+38 -3.4e+38 -3.4e+38 -3.4e+38 -3.4e+38 -3.4e+38 -3.4e+38 -3.4e+38 -3.4e+38 -3.4e+38 -3.4e+38 -3.4e+38 -3.4e+38 -3.4e+38 -3.4e+38 -3.4e+38 -3.4e+38 -3.4e+38 -3.4e+38 -3.4e+38 -3.4e+38 -3.4e+38 -3.4e+38
-3.4e+38 -3.4e+38 -3.4e+38 -3.4e+38 -3.4e+38 -3.4e+38 -3.4e+38 -3.4e+38 0.505801141262054 0.543624818325043 0.539384484291077 0.549363851547241 0.553567826747894 0.545277953147888 0.514170825481415 0.492286413908005 0.503023564815521 0.510343432426453 0.508854448795319 -3.4e+38 -3.4e+38 -3.4e+38 -3.4e+38 -3.4e+38 -3.4e+38 -3.4e+38 -3.4e+38 -3.4e+38 -3.4e+38 -3.4e+38 -3.4e+38 -3.4e+38 -3.4e+38 -3.4e+38 -3.4e+38 -3.4e+38 -3.4e+38 -3.4e+38 -3.4e+38 -3.4e+38 -3.4e+38 -3.4e+38 -3.4e+38 -3.4e+38 -3.4e+38 -3.4e+38 -3.4e+38 -3.4e+38 -3.4e+38
-3.4e+38 -3.4e+38 -3.4e+38 -3.4e+38 -3.4e+38 -3.4e+38 -3.4e+38 -3.4e+38 -3.4e+38 0.543757498264313 0.51266223192215 0.543248474597931 0.546964943408966 0.526462614536285 0.51527065038681 0.496724873781204 0.490481674671173 0.48437026143074 0.476859211921692 0.491838186979294 0.520031750202179 -3.4e+38 -3.4e+38 -3.4e+38 -3.4e+38 -3.4e+38 -3.4e+38 -3.4e+38 -3.4e+38 -3.4e+38 -3.4e+38 -3.4e+38 0.568198442459106 0.564863562583923 -3.4e+38 -3.4e+38 -3.4e+38 -3.4e+38 -3.4e+38 -3.4e+38 -3.4e+38 -3.4e+38 -3.4e+38 -3.4e+38 -3.4e+38 -3.4e+38 -3.4e+38 -3.4e+38 -3.4e+38
-3.4e+38 -3.4e+38 -3.4e+38 -3.4e+38 -3.4e+38 -3.4e+38 -3.4e+38 -3.4e+38 -3.4e+38 0.531653046607971 0.517888188362122 0.543561279773712 0.544715344905853 0.532146453857422 0.51930820941925 0.495648056268692 0.482113629579544 0.484134882688522 0.498772084712982 0.517026484012604 0.528686761856079 0.541775166988373 0.537082433700562 0.522128880023956 0.517221868038177 0.501288950443268 0.505858182907104 0.52091771364212 -3.4e+38 -3.4e+38 -3.4e+38 0.560225784778595 0.559197664260864 0.565830767154694 0.54999178647995 0.513200342655182 0.492551058530807 -3.4e+38 -3.4e+38 -3.4e+38 -3.4e+38 -3.4e+38 -3.4e+38 -3.4e+38 -3.4e+38 -3.4e+38 -3.4e+38 -3.4e+38 -3.4e+38
-3.4e+38 -3.4e+38 -3.4e+38 -3.4e+38 -3.4e+38 -3.4e+38 -3.4e+38 -3.4e+38 -3.4e+38 0.522412657737732 0.537728190422058 0.53585022687912 0.518682837486267 0.519353210926056 0.525652229785919 0.514049708843231 0.511883914470673 0.531785428524017 0.545709073543549 0.540583610534668 0.528676927089691 0.544552743434906 0.54146283864975 0.509390711784363 0.510019481182098 0.493514716625214 0.481635868549347 0.489242553710938 0.510197579860687 0.550280153751373 0.563088953495026 0.552561044692993 0.554267168045044 0.568911790847778 0.56296581029892 0.531407415866852 0.523243606090546 0.507686793804169 0.500336647033691 0.516873717308044 -3.4e+38 -3.4e+38 -3.4e+38 -3.4e+38 -3.4e+38 -3.4e+38 -3.4e+38 -3.4e+38 -3.4e+38
-3.4e+38 -3.4e+38 -3.4e+38 -3.4e+38 -3.4e+38 -3.4e+38 -3.4e+38 -3.4e+38 -3.4e+38 0.51491641998291 0.516468107700348 0.513861417770386 0.521871268749237 0.533514440059662 0.53223067522049 0.517373919487 0.527388155460358 0.550270318984985 0.552737712860107 0.540820300579071 0.53752064704895 0.554052948951721 0.546969294548035 0.530931949615479 0.537433683872223 0.535257697105408 0.537709474563599 0.524638175964355 0.523955285549164 0.550032258033752 0.551572740077972 0.554439723491669 0.572070002555847 0.571136593818665 0.563141942024231 0.556869804859161 0.575349986553192 0.558618128299713 0.546775221824646 0.551716387271881 0.550502419471741 0.545372366905212 -3.4e+38 -3.4e+38 -3.4e+38 -3.4e+38 -3.4e+38 -3.4e+38 -3.4e+38
-3.4e+38 -3.4e+38 -3.4e+38 -3.4e+38 -3.4e+38 -3.4e+38 -3.4e+38 -3.4e+38 -3.4e+38 0.518716156482697 0.518473327159882 0.498400002717972 0.516095280647278 0.537789225578308 0.518142879009247 0.502017557621002 0.525877773761749 0.548894822597504 0.542502820491791 0.540550470352173 0.550506949424744 0.570873618125916 0.560281932353973 0.543959140777588 0.540524303913116 0.552505970001221 0.574198782444 0.553368449211121 0.53837376832962 0.559534311294556 0.556174874305725 0.557179033756256 0.573052048683167 0.549700915813446 0.550431907176971 0.574147403240204 0.59056168794632 0.581547379493713 0.581056833267212 0.576960861682892 0.568282246589661 0.555976629257202 0.547770440578461 -3.4e+38 -3.4e+38 -3.4e+38 -3.4e+38 -3.4e+38 -3.4e+38
-3.4e+38 -3.4e+38 -3.4e+38 -3.4e+38 -3.4e+38 -3.4e+38 -3.4e+38 -3.4e+38 0.429173111915588 0.509876132011414 0.524421989917755 0.488900750875473 0.481515437364578 0.490047693252563 0.476933032274246 0.488801896572113 0.520298659801483 0.54259866476059 0.533287644386292 0.525956690311432 0.524644196033478 0.537746846675873 0.548149108886719 0.546644151210785 0.533390641212463 0.53656941652298 0.551734626293182 0.548969566822052 0.541567146778107 0.556197464466095 0.560801088809967 0.541632890701294 0.549351990222931 0.560538351535797 0.56225711107254 0.571925163269043 0.571167528629303 0.576144814491272 0.588253021240234 0.586415827274323 0.581093966960907 0.567944288253784 0.558737218379974 0.540883719921112 0.50980669260025 0.501622974872589 0.509633541107178 -3.4e+38 -3.4e+38
-3.4e+38 -3.4e+38 -3.4e+38 -3.4e+38 -3.4e+38 -3.4e+38 -3.4e+38 0.41977846622467 0.433534950017929 0.484516948461533 0.528716683387756 0.511848866939545 0.488258391618729 0.475946128368378 0.477344483137131 0.506488800048828 0.532627165317535 0.547902643680573 0.542304694652557 0.535087287425995 0.520504474639893 0.521933674812317 0.545612692832947 0.558030903339386 0.558823645114899 0.546708703041077 0.539185106754303 0.554023027420044 0.543952167034149 0.538972914218903 0.547065317630768 0.5516237616539 0.561102449893951 0.570749163627625 0.561580240726471 0.553521752357483 0.548849105834961 0.562473177909851 0.578681707382202 0.57919716835022 0.573845982551575 0.568181991577148 0.571945130825043 0.555183529853821 0.519296169281006 0.505873918533325 0.521171092987061 0.519688308238983 -3.4e+38
-3.4e+38 -3.4e+38 -3.4e+38 -3.4e+38 -3.4e+38 -3.4e+38 0.427755117416382 0.434707671403885 0.41245448589325 0.445876091718674 0.499653875827789 0.512082040309906 0.491651356220245 0.490555346012115 0.515280604362488 0.540607929229736 0.549790024757385 0.550967633724213 0.557772994041443 0.554730355739594 0.536564409732819 0.542750120162964 0.557372748851776 0.580142438411713 0.58835756778717 0.564195096492767 0.552532196044922 0.568742454051971 0.553819537162781 0.541163265705109 0.544879734516144 0.557230114936829 0.55452024936676 0.554397642612457 0.558248281478882 0.560726165771484 0.56530749797821 0.57259738445282 0.568942964076996 0.558314621448517 0.554290473461151 0.547602713108063 0.559216558933258 0.584976077079773 0.557512879371643 0.543872356414795 0.55810284614563 0.5441654920578 0.528968870639801
-3.4e+38 -3.4e+38 -3.4e+38 -3.4e+38 -3.4e+38 0.422542333602905 0.449996620416641 0.44405397772789 0.398069113492966 0.414187371730804 0.476891249418259 0.495667397975922 0.491253972053528 0.504436612129211 0.524998128414154 0.54128509759903 0.546278417110443 0.552399218082428 0.561671614646912 0.566886723041534 0.558079779148102 0.569176197052002 0.567813873291016 0.574031710624695 0.583341002464294 0.577021658420563 0.574257969856262 0.577512502670288 0.562600135803223 0.553519427776337 0.54825347661972 0.555560350418091 0.555730700492859 0.55796080827713 0.561951339244843 0.573786199092865 0.587049782276154 0.58671373128891 0.566020131111145 0.540704011917114 0.536298096179962 0.54800945520401 0.566761493682861 0.592796266078949 0.58047091960907 0.575346112251282 0.581592798233032 0.566948533058167 0.550153732299805
-3.4e+38 -3.4e+38 -3.4e+38 -3.4e+38 -3.4e+38 0.429332703351974 0.44017094373703 0.438577950000763 0.41630232334137 0.41303750872612 0.444797784090042 0.42415389418602 0.440969586372375 0.479740530252457 0.490421980619431 0.506275951862335 0.525505900382996 0.54000860452652 0.54429304599762 0.555497229099274 0.555986523628235 0.559948682785034 0.552477240562439 0.551268458366394 0.560735166072845 0.57367479801178 0.57045704126358 0.562945961952209 0.558251023292542 0.558534324169159 0.556041181087494 0.558841347694397 0.566635608673096 0.573102653026581 0.582722961902618 0.581336915493011 0.582696497440338 0.578924119472504 0.560173094272614 0.538447320461273 0.537076830863953 0.5640007853508 0.567618787288666 0.555111527442932 0.563424408435822 0.580396115779877 0.583430349826813 0.569871246814728 0.556236386299133
-3.4e+38 -3.4e+38 -3.4e+38 -3.4e+38 0.393783450126648 0.406409412622452 0.411331504583359 0.405372321605682 0.42184591293335 0.421281367540359 0.374035954475403 0.319459587335587 0.355377793312073 0.420420318841934 0.437015324831009 0.435666263103485 0.455764502286911 0.460969746112823 0.446531772613525 0.447895914316177 0.466528654098511 0.479696929454803 0.494897484779358 0.507763862609863 0.521001040935516 0.535282254219055 0.524044632911682 0.525668799877167 0.52800178527832 0.53713846206665 0.553301393985748 0.549263298511505 0.557273685932159 0.576081037521362 0.584983766078949 0.574648976325989 0.570820748806 0.56898695230484 0.55889892578125 0.553650259971619 0.554932057857513 0.565200924873352 0.573423862457275 0.55589747428894 0.548078775405884 0.561058878898621 0.569322168827057 0.568184375762939 0.56554114818573
-3.4e+38 -3.4e+38 -3.4e+38 -3.4e+38 0.355032354593277 0.356980413198471 0.3681261241436 0.381086558103561 0.416794985532761 0.407601863145828 0.345218062400818 0.302799910306931 0.321930140256882 0.346312552690506 0.34927025437355 0.348589807748795 0.368089437484741 0.381343066692352 0.368650764226913 0.374807506799698 0.363536864519119 0.377172917127609 0.413761287927628 0.44064536690712 0.449814766645432 0.459407687187195 0.459345608949661 0.48153817653656 0.48901954293251 0.49571818113327 0.511466026306152 0.510774850845337 0.515617668628693 0.53802490234375 0.55536812543869 0.563037216663361 0.573022782802582 0.583652436733246 0.575335383415222 0.561100900173187 0.550253450870514 0.551101326942444 0.551717638969421 0.552398800849915 0.544547736644745 0.544952273368835 0.56010901927948 0.572990119457245 0.568615853786469
-3.4e+38 -3.4e+38 -3.4e+38 -3.4e+38 0.387907356023788 0.362839460372925 0.348793625831604 0.364181280136108 0.378320813179016 0.357046872377396 0.336931139230728 0.313557416200638 0.277900665998459 0.291510283946991 0.31011426448822 0.321442514657974 0.33872002363205 0.361238867044449 0.358316659927368 0.353272795677185 0.330653965473175 0.329588413238525 0.359057426452637 0.36684450507164 0.350744903087616 0.36443030834198 0.392223715782166 0.424833655357361 0.44510805606842 0.446487039327621 0.452681064605713 0.456431955099106 0.450152844190598 0.476846694946289 0.513738095760345 0.550407111644745 0.580704212188721 0.590227782726288 0.574515342712402 0.554212749004364 0.537129282951355 0.52924108505249 0.538070440292358 0.556671261787415 0.565303087234497 0.561657249927521 0.564087927341461 0.572062253952026 0.572106897830963
-3.4e+38 -3.4e+38 -3.4e+38 0.445580422878265 0.42498767375946 0.382907658815384 0.345324963331223 0.345329433679581 0.347810208797455 0.320815205574036 0.297485828399658 0.282375752925873 0.270379930734634 0.317919313907623 0.348580211400986 0.352679044008255 0.338229417800903 0.338451951742172 0.334884583950043 0.345139384269714 0.358379632234573 0.34763640165329 0.350884765386581 0.329946607351303 0.308932989835739 0.341282278299332 0.358766138553619 0.359482914209366 0.376266002655029 0.377805650234222 0.38240310549736 0.387554079294205 0.393524885177612 0.425362288951874 0.466837733983994 0.524978399276733 0.561053335666656 0.562222421169281 0.557078003883362 0.552298367023468 0.543207466602325 0.55556458234787 0.563729166984558 0.56560868024826 0.571870565414429 0.568749248981476 0.564598500728607 0.566222071647644 0.571891486644745
-3.4e+38 -3.4e+38 0.437400251626968 0.434313058853149 0.421594530344009 0.413096815347672 0.401695966720581 0.364587485790253 0.325186997652054 0.298057079315186 0.272638022899628 0.278700470924377 0.291094690561295 0.290974915027618 0.329687863588333 0.353000044822693 0.336252689361572 0.324775576591492 0.321546822786331 0.335038542747498 0.359246879816055 0.350747168064117 0.360158264636993 0.339146763086319 0.324931710958481 0.349935710430145 0.348525613546371 0.343182653188705 0.356800436973572 0.358024746179581 0.3550925552845 0.3551025390625 0.377195507287979 0.405877470970154 0.422590523958206 0.484120041131973 0.523411393165588 0.527517020702362 0.533855974674225 0.552631795406342 0.5688596367836 0.598133862018585 0.594790995121002 0.572133481502533 0.568704664707184 0.563631892204285 0.562497138977051 0.561494946479797 0.566828906536102
-3.4e+38 0.453825861215591 0.418970018625259 0.424585103988647 0.434794008731842 0.438749253749847 0.435563951730728 0.382433205842972 0.324112862348557 0.302227675914764 0.296600133180618 0.255983740091324 0.279390692710876 0.294524282217026 0.305304408073425 0.310181468725204 0.298132568597794 0.300810545682907 0.310058921575546 0.325583070516586 0.336026877164841 0.338520884513855 0.350976318120956 0.337883114814758 0.334336578845978 0.346765756607056 0.346834927797318 0.352895259857178 0.374460846185684 0.374766260385513 0.367236137390137 0.359553933143616 0.349889427423477 0.355230420827866 0.371095508337021 0.425202667713165 0.478892505168915 0.50674444437027 0.52393114566803 0.546466648578644 0.567100167274475 0.57328337430954 0.577563166618347 0.582886278629303 0.579954206943512 0.566985666751862 0.565550327301025 0.559572279453278 0.557063281536102
-3.4e+38 0.467994838953018 0.446720331907272 0.430169761180878 0.437203884124756 0.446986645460129 0.449180871248245 0.411262691020966 0.355670005083084 0.301577895879745 0.272201895713806 0.266887724399567 0.284460484981537 0.299420416355133 0.279825240373611 0.278966873884201 0.292480558156967 0.316022515296936 0.327365428209305 0.33847650885582 0.329053163528442 0.315176248550415 0.321808516979218 0.338575512170792 0.345532298088074 0.34753680229187 0.367263585329056 0.371175736188889 0.370306879281998 0.377064645290375 0.385713517665863 0.366652220487595 0.348373204469681 0.346172779798508 0.346028447151184 0.371674358844757 0.411372005939484 0.44538801908493 0.476631820201874 0.509771764278412 0.527188777923584 0.523186028003693 0.524394929409027 0.549663126468658 0.561344027519226 0.552465796470642 0.555792331695557 0.561668694019318 0.560884296894073
0.439796805381775 0.456623136997223 0.476193457841873 0.476246416568756 0.462273150682449 0.461099922657013 0.449437916278839 0.397024542093277 0.350644528865814 0.328370362520218 0.300726443529129 0.304044276475906 0.286472350358963 0.312078773975372 0.328167885541916 0.325741797685623 0.329288691282272 0.332009166479111 0.338713973760605 0.347941249608994 0.340177565813065 0.329325556755066 0.354050815105438 0.373117923736572 0.34893786907196 0.333095520734787 0.342614322900772 0.345233172178268 0.356964826583862 0.361505627632141 0.373468160629272 0.374416053295135 0.375528931617737 0.382612526416779 0.361065566539764 0.337838113307953 0.337168425321579 0.348920881748199 0.386847376823425 0.432016789913177 0.461783349514008 0.455282390117645 0.453424096107483 0.480600088834763 0.496699303388596 0.519755005836487 0.546104252338409 0.571203649044037 0.576046347618103
