data/1_raw/trimmed_ndre/W_ndre.522.2009_no_clouds.asc
NCOLS 130 
NROWS 71 
XLLCORNER 530645 
YLLCORNER 5158205 
CELLSIZE 5 
NODATA_value -3.4e+38 
[rows 42 to 62 of 71, columns 49 to 97 of 130]
0.421625941991806 0.450864523649216 0.469641476869583 0.455566316843033 0.482778340578079 0.521760225296021 0.531738042831421 0.542625188827515 0.538774132728577 0.542124330997467 0.514031291007996 0.490027755498886 0.511261999607086 0.510672450065613 0.49868181347847 0.507142663002014 0.516532361507416 0.496970027685165 0.46814700961113 0.476824730634689 0.478295594453812 0.47194516658783 0.489595979452133 0.501642823219299 0.493677973747253 0.495827853679657 0.496514588594437 0.498985320329666 0.520084619522095 0.523393452167511 0.501412153244019 0.502442419528961 0.526588201522827 0.539142787456512 0.531329452991486 0.521550595760345 0.528783202171326 0.536781370639801 0.50263649225235 0.498273640871048 0.512362778186798 0.51837420463562 0.516805171966553 0.509490132331848 0.495664209127426 0.503588676452637 0.503204762935638 0.48974072933197 0.484576612710953
0.422715902328491 0.426936775445938 0.443860292434692 0.47062548995018 0.502414584159851 0.551231026649475 0.559411346912384 0.545202612876892 0.543505609035492 0.539871990680695 0.518105804920197 0.500898063182831 0.517370760440826 0.527127623558044 0.519091188907623 0.51795357465744 0.524747252464294 0.511692464351654 0.498463839292526 0.505991518497467 0.50416886806488 0.498182475566864 0.498040676116943 0.489905834197998 0.486100852489471 0.50982129573822 0.523359477519989 0.521869003772736 0.515350043773651 0.515489041805267 0.522690832614899 0.506989657878876 0.518837571144104 0.543936789035797 0.525755047798157 0.516082525253296 0.527099549770355 0.536417603492737 0.540784955024719 0.537076115608215 0.527457177639008 0.512581169605255 0.495511114597321 0.511546194553375 0.521393477916718 0.503536939620972 0.501154243946075 0.500374436378479 0.498522400856018
0.481086403131485 0.494711995124817 0.503411531448364 0.522160291671753 0.539537072181702 0.568257570266724 0.566584169864655 0.570647478103638 0.57482236623764 0.537983357906342 0.518184006214142 0.528390109539032 0.52384889125824 0.526653289794922 0.512987971305847 0.509602248668671 0.519513666629791 0.512198448181152 0.505510330200195 0.519005119800568 0.527067542076111 0.514709711074829 0.475822418928146 0.469262540340424 0.489789456129074 0.507468223571777 0.517631590366364 0.520818650722504 0.512354671955109 0.511647343635559 0.534629106521606 0.538184404373169 0.542950093746185 0.545660734176636 0.517585694789886 0.505379736423492 0.51692396402359 0.526195824146271 0.528403520584106 0.519359171390533 0.525935590267181 0.509921371936798 0.494225054979324 0.494220674037933 0.522535383701324 0.511360049247742 0.496444344520569 0.490448385477066 0.484497487545013
0.526252090930939 0.545427560806274 0.539524853229523 0.561297655105591 0.559485077857971 0.550427436828613 0.553262829780579 0.586102366447449 0.588495671749115 0.525158822536469 0.48167484998703 0.509151995182037 0.531597077846527 0.514961361885071 0.493554681539536 0.496197670698166 0.506343066692352 0.495120286941528 0.491061300039291 0.516745209693909 0.530367493629456 0.506707906723022 0.471838384866714 0.484455645084381 0.508271813392639 0.508828103542328 0.505640923976898 0.507094740867615 0.520382344722748 0.530147850513458 0.52676123380661 0.512990415096283 0.520422041416168 0.529557108879089 0.518896400928497 0.525357007980347 0.530766189098358 0.534137010574341 0.520120203495026 0.503493249416351 0.523839354515076 0.51640784740448 0.51914519071579 0.521877944469452 0.510517656803131 0.486917585134506 0.477125644683838 0.480351209640503 0.485394269227982
0.521858632564545 0.53515487909317 0.522315561771393 0.532253921031952 0.548932135105133 0.560657262802124 0.568755388259888 0.573457419872284 0.568246126174927 0.531812250614166 0.500903844833374 0.517955660820007 0.517135322093964 0.488804996013641 0.484590619802475 0.501535654067993 0.505270957946777 0.47634282708168 0.464310497045517 0.495759278535843 0.506271839141846 0.487508952617645 0.482022613286972 0.494232088327408 0.507657289505005 0.505451321601868 0.495441615581512 0.501022040843964 0.520266950130463 0.528075873851776 0.505565881729126 0.476937234401703 0.48819899559021 0.512458026409149 0.517854869365692 0.52132374048233 0.522441208362579 0.525135338306427 0.526300728321075 0.51429808139801 0.515759646892548 0.522161364555359 0.536725223064423 0.537714540958405 0.515648782253265 0.508912742137909 0.50818806886673 0.514086365699768 0.525639355182648
0.49229970574379 0.51753830909729 0.549969375133514 0.542576909065247 0.537155449390411 0.578204810619354 0.576215922832489 0.529041409492493 0.498950093984604 0.495392292737961 0.510012865066528 0.525438785552979 0.507300496101379 0.490085303783417 0.494852811098099 0.515196144580841 0.515191793441772 0.480825453996658 0.465436697006226 0.492890298366547 0.490424126386642 0.477845817804337 0.492491334676743 0.486099570989609 0.488077640533447 0.483873039484024 0.474058747291565 0.47935938835144 0.483525663614273 0.483032017946243 0.474097400903702 0.473683804273605 0.483310669660568 0.508785426616669 0.524073898792267 0.524486839771271 0.510758280754089 0.499590486288071 0.505605220794678 0.521565675735474 0.523424565792084 0.518809080123901 0.525307416915894 0.519879758358002 0.528357446193695 0.540589392185211 0.535037517547607 0.528891623020172 0.536490797996521
0.507437467575073 0.521690487861633 0.566102921962738 0.564346432685852 0.534242868423462 0.53398722410202 0.55910587310791 0.548455834388733 0.508224904537201 0.492953568696976 0.518244504928589 0.522988021373749 0.50078421831131 0.494062542915344 0.508167445659637 0.511859178543091 0.501886904239655 0.485538601875305 0.471935212612152 0.489200532436371 0.482967615127563 0.480588227510452 0.498120814561844 0.476040601730347 0.476826041936874 0.472021371126175 0.452056378126144 0.442266970872879 0.435216099023819 0.439062416553497 0.463547468185425 0.490439742803574 0.479823172092438 0.493067502975464 0.517504513263702 0.519724726676941 0.496132999658585 0.459815680980682 0.453438192605972 0.477573424577713 0.492504268884659 0.483194410800934 0.469760090112686 0.453017890453339 0.463269919157028 0.482002645730972 0.47363206744194 0.464559853076935 0.484412580728531
0.505857586860657 0.511403024196625 0.524476945400238 0.538877487182617 0.536978900432587 0.508191823959351 0.523970663547516 0.532583653926849 0.50685727596283 0.494848132133484 0.519139289855957 0.522023737430573 0.493043780326843 0.497455358505249 0.505949854850769 0.490672022104263 0.481159389019012 0.484051674604416 0.469399750232697 0.466587007045746 0.473441660404205 0.483888804912567 0.482356458902359 0.473278313875198 0.481357604265213 0.47234234213829 0.446248650550842 0.436295390129089 0.448432892560959 0.460527122020721 0.491209357976913 0.512391030788422 0.49200502038002 0.493166148662567 0.503194630146027 0.494953989982605 0.473152965307236 0.436610609292984 0.423098623752594 0.429826855659485 0.4379663169384 0.433403193950653 0.423732906579971 0.412184953689575 0.411241829395294 0.422972172498703 0.420527905225754 0.408726632595062 0.411259591579437
0.507301330566406 0.495942682027817 0.480645000934601 0.496060758829117 0.524825036525726 0.511110246181488 0.504916906356812 0.507329881191254 0.497054249048233 0.492499113082886 0.514317989349365 0.499627828598022 0.480367571115494 0.498831927776337 0.498883157968521 0.47613662481308 0.469653457403183 0.483884990215302 0.469555824995041 0.458418369293213 0.456854999065399 0.458472907543182 0.459057629108429 0.478193074464798 0.476325511932373 0.45472052693367 0.453592300415039 0.47150394320488 0.501868844032288 0.52126681804657 0.522518336772919 0.51737380027771 0.514008224010468 0.503624975681305 0.500742614269257 0.49108624458313 0.482837826013565 0.475313693284988 0.468495279550552 0.45325568318367 0.440069854259491 0.438926577568054 0.44717064499855 0.45278725028038 0.429594218730927 0.419283866882324 0.423263549804688 0.42196050286293 0.417172074317932
0.521403968334198 0.478003621101379 0.463300466537476 0.477616459131241 0.494665890932083 0.505777716636658 0.511707544326782 0.505272269248962 0.512100279331207 0.519237458705902 0.51948082447052 0.493152856826782 0.484223544597626 0.499532401561737 0.494933515787125 0.495342671871185 0.48106774687767 0.46643927693367 0.459318667650223 0.470236748456955 0.452174335718155 0.443013101816177 0.465923577547073 0.48098960518837 0.454126179218292 0.433884769678116 0.455848395824432 0.490356683731079 0.525909245014191 0.530801296234131 0.511117577552795 0.516594469547272 0.536134839057922 0.522082030773163 0.51956045627594 0.515890538692474 0.526985108852386 0.534190356731415 0.525404334068298 0.505473792552948 0.48952516913414 0.477538704872131 0.47931832075119 0.478964149951935 0.457233905792236 0.44354036450386 0.440470486879349 0.446791917085648 0.465092927217484
0.529287278652191 0.463666915893555 0.456900507211685 0.487131059169769 0.484700739383698 0.476416915655136 0.473752826452255 0.470529109239578 0.497077524662018 0.52036440372467 0.511750161647797 0.500566422939301 0.515635669231415 0.510483026504517 0.485354334115982 0.503945708274841 0.490182608366013 0.45566126704216 0.45889139175415 0.500217854976654 0.484451770782471 0.443759381771088 0.450767189264297 0.467756867408752 0.448866635560989 0.430460870265961 0.454526394605637 0.491040736436844 0.503649652004242 0.503085196018219 0.504747033119202 0.518567621707916 0.536299049854279 0.531878352165222 0.534199833869934 0.538874447345734 0.549648284912109 0.548201143741608 0.528645277023315 0.517847537994385 0.515918791294098 0.501048386096954 0.483602970838547 0.477066695690155 0.478414475917816 0.481027215719223 0.467979073524475 0.462088942527771 0.477575898170471
0.528436660766602 0.468143731355667 0.446406066417694 0.482483804225922 0.485678017139435 0.462787955999374 0.447463989257812 0.452897161245346 0.490564525127411 0.497101068496704 0.491119265556335 0.483918786048889 0.49548551440239 0.510328471660614 0.504847884178162 0.512025654315948 0.508202135562897 0.484957307577133 0.470116138458252 0.482317298650742 0.486055791378021 0.452929049730301 0.4481400847435 0.475009709596634 0.478007107973099 0.469886004924774 0.463910460472107 0.472853630781174 0.489608615636826 0.510024666786194 0.536073327064514 0.54426908493042 0.538997232913971 0.538225471973419 0.54630321264267 0.549042463302612 0.54581481218338 0.538793087005615 0.520455598831177 0.508307874202728 0.523351609706879 0.512109994888306 0.494618535041809 0.491790801286697 0.497630268335342 0.502117216587067 0.486088246107101 0.474735647439957 0.47369772195816
0.516310274600983 0.484607249498367 0.453532755374908 0.467594891786575 0.475806623697281 0.46048641204834 0.441628456115723 0.4552221596241 0.496334850788116 0.480042666196823 0.48785063624382 0.516106963157654 0.521831393241882 0.528096199035645 0.519829869270325 0.520682156085968 0.525143027305603 0.502936482429504 0.48713231086731 0.488563269376755 0.501921057701111 0.493629664182663 0.492385238409042 0.48296183347702 0.481696486473083 0.514570653438568 0.50927346944809 0.503245949745178 0.534478783607483 0.549429059028625 0.541763961315155 0.533740997314453 0.55804979801178 0.548338711261749 0.549303889274597 0.549580574035645 0.544887542724609 0.53556102514267 0.520010054111481 0.511035442352295 0.533375024795532 0.527829468250275 0.499767363071442 0.496974974870682 0.49830824136734 0.493345826864243 0.498639225959778 0.511640548706055 0.506258070468903
0.515005707740784 0.489881426095963 0.467211246490479 0.453224539756775 0.462573617696762 0.465174913406372 0.448745429515839 0.459604620933533 0.49401929974556 0.499640077352524 0.480132848024368 0.516124367713928 0.543296277523041 0.513665378093719 0.490723520517349 0.504851460456848 0.534329414367676 0.522309482097626 0.503072738647461 0.501376152038574 0.49698081612587 0.482935875654221 0.491836905479431 0.487073481082916 0.49170657992363 0.539552748203278 0.544252932071686 0.526066362857819 0.53935980796814 0.560025811195374 0.530185580253601 0.525774657726288 0.576624631881714 0.538044810295105 0.527279257774353 0.539509117603302 0.52784138917923 0.523386538028717 0.511701166629791 0.497292965650558 0.501143932342529 0.507058799266815 0.495507299900055 0.494010180234909 0.491180777549744 0.484761983156204 0.506440281867981 0.525841295719147 0.522991895675659
0.50482702255249 0.498341023921967 0.492010116577148 0.475130707025528 0.479707628488541 0.480919629335403 0.459920793771744 0.45844292640686 0.469720304012299 0.473377048969269 0.454001605510712 0.484499037265778 0.514187455177307 0.505078136920929 0.513419806957245 0.477834701538086 0.497245997190475 0.518456757068634 0.483049333095551 0.469795823097229 0.458823174238205 0.435007363557816 0.463661462068558 0.502706825733185 0.524067044258118 0.548368334770203 0.55129462480545 0.542174577713013 0.545515954494476 0.559047818183899 0.54095846414566 0.535422086715698 0.553521811962128 0.520972311496735 0.52029025554657 0.52793687582016 0.522319912910461 0.531708002090454 0.522890031337738 0.49654358625412 0.490968614816666 0.504593372344971 0.506941497325897 0.513993680477142 0.518603146076202 0.521133601665497 0.530128598213196 0.51659369468689 0.502398550510406
0.505321979522705 0.507990181446075 0.502492427825928 0.495194733142853 0.513523697853088 0.511699318885803 0.488448828458786 0.479324758052826 0.462236702442169 0.451054513454437 0.468226909637451 0.489463090896606 0.500308215618134 0.503717303276062 0.504668295383453 0.453935921192169 0.476240038871765 0.516485154628754 0.495208591222763 0.469810128211975 0.46296814084053 0.455873727798462 0.466031074523926 0.493093520402908 0.508191287517548 0.52487176656723 0.543334901332855 0.562875390052795 0.562369704246521 0.552429497241974 0.540569365024567 0.52686470746994 0.5281702876091 0.525467038154602 0.521909892559052 0.528796315193176 0.545500755310059 0.554998159408569 0.540329039096832 0.523250818252563 0.533579111099243 0.549122154712677 0.539877474308014 0.554458320140839 0.566049337387085 0.556945741176605 0.555769622325897 0.535349190235138 0.513528108596802
0.508776903152466 0.509638428688049 0.500171422958374 0.500443279743195 0.51958817243576 0.514112114906311 0.499401599168777 0.485270023345947 0.469413369894028 0.458620369434357 0.460564970970154 0.472996026277542 0.519965887069702 0.516604959964752 0.493028104305267 0.49074798822403 0.516899526119232 0.514527559280396 0.496138215065002 0.473584830760956 0.474412053823471 0.47632297873497 0.463011145591736 0.456732451915741 0.466493546962738 0.491856545209885 0.525458455085754 0.552685499191284 0.548875510692596 0.53497701883316 0.532844245433807 0.515885770320892 0.525359153747559 0.538524746894836 0.532291948795319 0.543793797492981 0.561400532722473 0.563301205635071 0.548106610774994 0.540775179862976 0.55608731508255 0.573165535926819 0.578778684139252 0.585114717483521 0.569662690162659 0.548238813877106 0.55553263425827 -3.4e+38 -3.4e+38
0.509016394615173 0.511283159255981 0.510205566883087 0.515390515327454 0.516392827033997 0.503476679325104 0.485931485891342 0.462929755449295 0.442258328199387 0.435059547424316 0.443198204040527 0.454899817705154 0.492249190807343 0.499216616153717 0.476534903049469 0.473252058029175 0.471216142177582 0.47162276506424 0.474658280611038 0.475522041320801 0.468549400568008 0.471044033765793 0.462013155221939 0.461473613977432 0.478860586881638 0.500921189785004 0.51452100276947 0.521718919277191 0.523342669010162 0.514061093330383 0.507048845291138 0.504052221775055 0.517951011657715 0.543689906597137 0.551449120044708 0.556355357170105 0.565281808376312 0.564354836940765 0.54828804731369 0.545726418495178 0.550568461418152 0.551746129989624 0.558413207530975 0.565161347389221 0.541139245033264 0.52368700504303 -3.4e+38 -3.4e+38 -3.4e+38
0.5108962059021 0.536738872528076 0.545286595821381 0.529117166996002 0.514248073101044 0.505927681922913 0.489043235778809 0.481609642505646 0.462672472000122 0.426800042390823 0.437839448451996 0.434400945901871 0.431615144014359 0.465722292661667 0.425300776958466 0.426193505525589 0.463158935308456 0.4713034927845 0.475641936063766 0.472942650318146 0.461691170930862 0.470573514699936 0.490267336368561 0.499567896127701 0.502747476100922 0.523116528987885 0.530801653862 0.514768719673157 0.508702397346497 0.504283666610718 0.508634746074677 0.503515720367432 0.50608092546463 0.549720168113708 0.567749977111816 0.56197988986969 0.561567664146423 0.554120063781738 0.540980994701385 0.532811284065247 0.528864681720734 0.507477402687073 0.518007278442383 0.553730845451355 0.548736810684204 -3.4e+38 -3.4e+38 -3.4e+38 -3.4e+38
0.506785929203033 0.520601212978363 0.538103222846985 0.531014204025269 0.517072856426239 0.509194910526276 0.504540860652924 0.507188320159912 0.485362082719803 0.445606678724289 0.439761787652969 0.448117673397064 0.455998450517654 0.465159296989441 0.431146264076233 0.457638710737228 0.503568530082703 0.497423142194748 0.5080206990242 0.515876054763794 0.495918869972229 0.504772424697876 0.534890413284302 0.524919867515564 0.512953877449036 0.541087687015533 0.558935701847076 0.51878696680069 0.498320162296295 0.521019816398621 0.543120980262756 0.521345376968384 0.510513126850128 0.567019104957581 0.571105182170868 0.558709859848022 0.555509865283966 0.547255218029022 0.535424768924713 0.518107652664185 0.510999321937561 -3.4e+38 -3.4e+38 -3.4e+38 -3.4e+38 -3.4e+38 -3.4e+38 -3.4e+38 -3.4e+38
0.511561572551727 0.500296175479889 0.523319065570831 0.528010845184326 0.519608497619629 0.524161696434021 0.526061773300171 0.512972116470337 0.503744125366211 0.500808358192444 0.494821399450302 0.496530801057816 0.493622481822968 0.484754502773285 0.488623827695847 0.499562561511993 0.524089515209198 0.538009762763977 0.536917388439178 0.537207245826721 0.536718964576721 0.536211907863617 0.548719644546509 0.542035937309265 0.539914965629578 0.547511458396912 0.552647113800049 0.527322351932526 0.51290500164032 0.547360956668854 0.566659450531006 0.545879304409027 0.545395076274872 0.585214674472809 0.565491378307343 -3.4e+38 -3.4e+38 -3.4e+38 -3.4e+38 -3.4e+38 -3.4e+38 -3.4e+38 -3.4e+38 -3.4e+38 -3.4e+38 -3.4e+38 -3.4e+38 -3.4e+38 -3.4e+38
