data/1_raw/trimmed_ndre/W_ndre.724.2013_no_clouds.asc
NCOLS 130 
NROWS 71 
XLLCORNER 530645 
YLLCORNER 5158205 
CELLSIZE 5 
NODATA_value -3.4e+38 
[rows 0 to 20 of 71, columns 0 to 48 of 130]
-339999999999999996123846586046231871488.000000000000000 -3.4e+38 -3.4e+38 -3.4e+38 -3.4e+38 -3.4e+38 -3.4e+38 -3.4e+38 -3.4e+38 -3.4e+38 -3.4e+38 0.150602340698242 0.141141071915627 0.129363387823105 0.132892146706581 0.13035349547863 0.120256669819355 -3.4e+38 -3.4e+38 -3.4e+38 -3.4e+38 -3.4e+38 -3.4e+38 -3.4e+38 -3.4e+38 -3.4e+38 -3.4e+38 -3.4e+38 -3.4e+38 -3.4e+38 -3.4e+38 -3.4e+38 -3.4e+38 -3.4e+38 -3.4e+38 -3.4e+38 -3.4e+38 -3.4e+38 -3.4e+38 -3.4e+38 -3.4e+38 -3.4e+38 -3.4e+38 -3.4e+38 -3.4e+38 -3.4e+38 -3.4e+38 -3.4e+38 -3.4e+38
-3.4e+38 -3.4e+38 -3.4e+38 -3.4e+38 -3.4e+38 -3.4e+38 -3.4e+38 -3.4e+38 -3.4e+38 -3.4e+38 0.142795786261559 0.136783689260483 0.14086452126503 0.133267685770988 0.145317181944847 0.150124803185463 0.129903227090836 0.142614245414734 -3.4e+38 -3.4e+38 -3.4e+38 -3.4e+38 -3.4e+38 -3.4e+38 -3.4e+38 -3.4e+38 -3.4e+38 -3.4e+38 -3.4e+38 -3.4e+38 -3.4e+38 -3.4e+38 -3.4e+38 -3.4e+38 -3.4e+38 -3.4e+38 -3.4e+38 -3.4e+38 -3.4e+38 -3.4e+38 -3.4e+38 -3.4e+38 -3.4e+38 -3.4e+38 -3.4e+38 -3.4e+38 -3.4e+38 -3.4e+38 -3.4e+38
-3.4e+38 -3.4e+38 -3.4e+38 -3.4e+38 -3.4e+38 -3.4e+38 -3.4e+38 -3.4e+38 0.297621607780457 0.255004644393921 0.167380601167679 0.131480574607849 0.135765090584755 0.129505798220634 0.13435024023056 0.136340975761414 0.128731474280357 0.148725911974907 0.147571459412575 -3.4e+38 -3.4e+38 -3.4e+38 -3.4e+38 -3.4e+38 -3.4e+38 -3.4e+38 -3.4e+38 -3.4e+38 -3.4e+38 -3.4e+38 -3.4e+38 -3.4e+38 -3.4e+38 -3.4e+38 -3.4e+38 -3.4e+38 -3.4e+38 -3.4e+38 -3.4e+38 -3.4e+38 -3.4e+38 -3.4e+38 -3.4e+38 -3.4e+38 -3.4e+38 -3.4e+38 -3.4e+38 -3.4e+38 -3.4e+38
-3.4e+38 -3.4e+38 -3.4e+38 -3.4e+38 -3.4e+38 -3.4e+38 -3.4e+38 -3.4e+38 -3.4e+38 0.293317198753357 0.184875130653381 0.159441068768501 0.151921033859253 0.131780028343201 0.120133347809315 0.119417890906334 0.127904966473579 0.141433104872704 0.135176733136177 0.132123976945877 0.13844096660614 -3.4e+38 -3.4e+38 -3.4e+38 -3.4e+38 -3.4e+38 -3.4e+38 -3.4e+38 -3.4e+38 -3.4e+38 -3.4e+38 -3.4e+38 0.13341760635376 0.13413542509079 -3.4e+38 -3.4e+38 -3.4e+38 -3.4e+38 -3.4e+38 -3.4e+38 -3.4e+38 -3.4e+38 -3.4e+38 -3.4e+38 -3.4e+38 -3.4e+38 -3.4e+38 -3.4e+38 -3.4e+38
-3.4e+38 -3.4e+38 -3.4e+38 -3.4e+38 -3.4e+38 -3.4e+38 -3.4e+38 -3.4e+38 -3.4e+38 0.296575456857681 0.175480604171753 0.15517395734787 0.152939319610596 0.134326741099358 0.122446648776531 0.134608164429665 0.139261215925217 0.140129745006561 0.126850306987762 0.124269917607307 0.128982558846474 0.144624918699265 0.155873537063599 0.143077433109283 0.125377640128136 0.123597502708435 0.135697349905968 0.144478619098663 -3.4e+38 -3.4e+38 -3.4e+38 0.128839462995529 0.11935718357563 0.122842118144035 0.138482436537743 0.144785225391388 0.139184668660164 -3.4e+38 -3.4e+38 -3.4e+38 -3.4e+38 -3.4e+38 -3.4e+38 -3.4e+38 -3.4e+38 -3.4e+38 -3.4e+38 -3.4e+38 -3.4e+38
-3.4e+38 -3.4e+38 -3.4e+38 -3.4e+38 -3.4e+38 -3.4e+38 -3.4e+38 -3.4e+38 -3.4e+38 0.272163242101669 0.170930981636047 0.139369904994965 0.141639798879623 0.135236755013466 0.13655586540699 0.154699966311455 0.147353738546371 0.13981968164444 0.132256045937538 0.129183694720268 0.122123822569847 0.130263984203339 0.142997726798058 0.142274215817451 0.133155182003975 0.13030432164669 0.13896980881691 0.141061276197433 0.140352815389633 0.143121644854546 0.143782049417496 0.139421433210373 0.126682192087173 0.125273391604424 0.135881513357162 0.143043369054794 0.137488961219788 0.131428793072701 0.134779393672943 0.137130737304688 -3.4e+38 -3.4e+38 -3.4e+38 -3.4e+38 -3.4e+38 -3.4e+38 -3.4e+38 -3.4e+38 -3.4e+38
-3.4e+38 -3.4e+38 -3.4e+38 -3.4e+38 -3.4e+38 -3.4e+38 -3.4e+38 -3.4e+38 -3.4e+38 0.278120756149292 0.209576234221458 0.14435763657093 0.13592304289341 0.135034635663033 0.135883376002312 0.14097797870636 0.132796168327332 0.133112505078316 0.134851291775703 0.133996486663818 0.123547159135342 0.126684099435806 0.137921169400215 0.144700616598129 0.144631907343864 0.142788752913475 0.15095366537571 0.160763457417488 0.152471944689751 0.143827334046364 0.144837066531181 0.14753283560276 0.139508485794067 0.13006591796875 0.128884434700012 0.134127885103226 0.137947455048561 0.141553774476051 0.145481824874878 0.137172013521194 0.13627316057682 0.12871378660202 -3.4e+38 -3.4e+38 -3.4e+38 -3.4e+38 -3.4e+38 -3.4e+38 -3.4e+38
-3.4e+38 -3.4e+38 -3.4e+38 -3.4e+38 -3.4e+38 -3.4e+38 -3.4e+38 -3.4e+38 -3.4e+38 0.30100616812706 0.263041019439697 0.162565678358078 0.115507282316685 0.121395006775856 0.127674072980881 0.129191860556602 0.126351520419121 0.126868292689323 0.131451949477196 0.131344631314278 0.124557226896286 0.125312879681587 0.132089793682098 0.137877896428108 0.135880023241043 0.131233930587769 0.137879729270935 0.149842619895935 0.141393825411797 0.130746185779572 0.134240105748177 0.142279297113419 0.138015612959862 0.123321279883385 0.113771133124828 0.124286822974682 0.136520728468895 0.13661515712738 0.136234968900681 0.129527345299721 0.133439004421234 0.140824809670448 0.128440245985985 -3.4e+38 -3.4e+38 -3.4e+38 -3.4e+38 -3.4e+38 -3.4e+38
-3.4e+38 -3.4e+38 -3.4e+38 -3.4e+38 -3.4e+38 -3.4e+38 -3.4e+38 -3.4e+38 0.234854564070702 0.302242904901505 0.294750928878784 0.204293712973595 0.131745055317879 0.128138229250908 0.123584717512131 0.131317034363747 0.135028183460236 0.130726099014282 0.131220281124115 0.128425866365433 0.125026017427444 0.126900732517242 0.130537420511246 0.133972406387329 0.130429685115814 0.123368859291077 0.123598620295525 0.134492293000221 0.130245372653008 0.122107036411762 0.125221952795982 0.13671113550663 0.141146495938301 0.133681043982506 0.122935868799686 0.127901375293732 0.134622231125832 0.121989786624908 0.124214522540569 0.134021267294884 0.139681503176689 0.142391353845596 0.125315323472023 0.119350306689739 0.144095629453659 0.144321322441101 0.128056675195694 -3.4e+38 -3.4e+38
-3.4e+38 -3.4e+38 -3.4e+38 -3.4e+38 -3.4e+38 -3.4e+38 -3.4e+38 0.164596647024155 0.21147246658802 0.287951111793518 0.31367239356041 0.266950011253357 0.200003415346146 0.153479635715485 0.118216261267662 0.129995986819267 0.137010484933853 0.129569485783577 0.132215321063995 0.127902075648308 0.124691359698772 0.125556424260139 0.128473684191704 0.133278712630272 0.134273186326027 0.132948204874992 0.129753321409225 0.133399903774261 0.133976235985756 0.129746317863464 0.127745494246483 0.132270887494087 0.142522722482681 0.145907282829285 0.138826608657837 0.134962752461433 0.131901547312737 0.116329051554203 0.117511138319969 0.133771702647209 0.136825725436211 0.1300338357687 0.125025033950806 0.120420962572098 0.131234407424927 0.130000546574593 0.132074177265167 0.13102750480175 -3.4e+38
-3.4e+38 -3.4e+38 -3.4e+38 -3.4e+38 -3.4e+38 -3.4e+38 0.158920302987099 0.163529112935066 0.184100896120071 0.257466971874237 0.320754110813141 0.307916849851608 0.257117450237274 0.17544013261795 0.110711127519608 0.124390751123428 0.125805258750916 0.122729159891605 0.133627936244011 0.130596533417702 0.124728873372078 0.123201929032803 0.128182247281075 0.13305501639843 0.142705976963043 0.148998737335205 0.139304310083389 0.133922502398491 0.136571764945984 0.137961894273758 0.139249831438065 0.13394683599472 0.131978318095207 0.133208438754082 0.133042186498642 0.129762277007103 0.134266421198845 0.13193117082119 0.127063944935799 0.133564755320549 0.131723836064339 0.129381075501442 0.133706375956535 0.124442480504513 0.117759726941586 0.116808608174324 0.137965634465218 0.132963284850121 0.128277808427811
-3.4e+38 -3.4e+38 -3.4e+38 -3.4e+38 -3.4e+38 0.133117005228996 0.158224999904633 0.161373466253281 0.168682962656021 0.203459158539772 0.260294646024704 0.287610501050949 0.280700623989105 0.235492378473282 0.174638986587524 0.14525893330574 0.13281774520874 0.132285445928574 0.140318915247917 0.137174516916275 0.129221603274345 0.129706546664238 0.138893336057663 0.141492694616318 0.147097572684288 0.14790703356266 0.136857137084007 0.131723880767822 0.12995882332325 0.136177226901054 0.142343416810036 0.137823566794395 0.122681632637978 0.117467299103737 0.127913698554039 0.139072254300117 0.159967884421349 0.15904526412487 0.138083472847939 0.13336169719696 0.13073156774044 0.134502172470093 0.137353584170341 0.129976242780685 0.119198203086853 0.117503352463245 0.137345746159554 0.12281384319067 0.120047077536583
-3.4e+38 -3.4e+38 -3.4e+38 -3.4e+38 -3.4e+38 0.135294511914253 0.14427587389946 0.148772403597832 0.153359696269035 0.158847704529762 0.18223762512207 0.221233859658241 0.253643572330475 0.260935962200165 0.224064365029335 0.176997244358063 0.162200719118118 0.161563247442245 0.154003366827965 0.144613087177277 0.136566370725632 0.142807558178902 0.15422947704792 0.154119715094566 0.150194555521011 0.145157158374786 0.142040014266968 0.139552026987076 0.132162809371948 0.132237583398819 0.138216659426689 0.142227545380592 0.138114631175995 0.130799874663353 0.14191035926342 0.152876704931259 0.169951379299164 0.163531467318535 0.135895863175392 0.131071478128433 0.132398292422295 0.130539700388908 0.131492912769318 0.138512372970581 0.132275879383087 0.129645720124245 0.136207699775696 0.123747363686562 0.128088280558586
-3.4e+38 -3.4e+38 -3.4e+38 -3.4e+38 0.12851694226265 0.131938725709915 0.12862440943718 0.136909425258636 0.149472281336784 0.150051489472389 0.150998532772064 0.154443174600601 0.176829352974892 0.191042974591255 0.196680292487144 0.181777387857437 0.165577292442322 0.166618973016739 0.169557675719261 0.161476314067841 0.150605335831642 0.15187132358551 0.162483066320419 0.154503002762794 0.140920147299767 0.14225697517395 0.149949833750725 0.155334383249283 0.149056166410446 0.140451997518539 0.138517558574677 0.148470014333725 0.1547671854496 0.148217424750328 0.140476137399673 0.140778094530106 0.151064455509186 0.145190373063087 0.128122076392174 0.131012782454491 0.135682716965675 0.116703942418098 0.121270149946213 0.143880695104599 0.142688199877739 0.141299605369568 0.138613820075989 0.134509533643723 0.137225314974785
-3.4e+38 -3.4e+38 -3.4e+38 -3.4e+38 0.135604113340378 0.135398611426353 0.13006292283535 0.140147566795349 0.155441984534264 0.156015560030937 0.148589372634888 0.140155836939812 0.138902336359024 0.13577039539814 0.147866010665894 0.151712283492088 0.146086275577545 0.153784319758415 0.168417394161224 0.165159612894058 0.152269959449768 0.146246939897537 0.147905215620995 0.158442839980125 0.158521845936775 0.154331713914871 0.156508237123489 0.168222948908806 0.168121963739395 0.15892131626606 0.146349623799324 0.142559558153152 0.14229616522789 0.13736155629158 0.121862597763538 0.122995138168335 0.136556804180145 0.129774644970894 0.127989858388901 0.137556493282318 0.136282205581665 0.112013280391693 0.120072871446609 0.140365123748779 0.139980509877205 0.139177098870277 0.136110976338387 0.136748224496841 0.13431316614151
-3.4e+38 -3.4e+38 -3.4e+38 -3.4e+38 0.134505853056908 0.135359242558479 0.128230676054955 0.138335466384888 0.151463821530342 0.152494534850121 0.147464573383331 0.147549316287041 0.150072917342186 0.14479286968708 0.135683313012123 0.130734205245972 0.135388135910034 0.14497022330761 0.153791576623917 0.146233901381493 0.137667194008827 0.134931772947311 0.133904054760933 0.156227350234985 0.166684880852699 0.153367593884468 0.150827497243881 0.164930254220963 0.188461035490036 0.191831663250923 0.16803289949894 0.141307234764099 0.126982286572456 0.129142895340919 0.127633020281792 0.135650172829628 0.136724591255188 0.130600914359093 0.135028183460236 0.13683907687664 0.134678035974503 0.123297542333603 0.131315723061562 0.135003983974457 0.126445129513741 0.126622051000595 0.129679709672928 0.133903428912163 0.132371813058853
-3.4e+38 -3.4e+38 -3.4e+38 0.130826950073242 0.130099326372147 0.130361005663872 0.119392462074757 0.129695415496826 0.136034935712814 0.137854605913162 0.136730343103409 0.141660794615746 0.142025843262672 0.139114305377007 0.13525427877903 0.132844641804695 0.13959912955761 0.143917590379715 0.141377463936806 0.131293103098869 0.132670357823372 0.135002076625824 0.130510836839676 0.132552370429039 0.150126770138741 0.151092723011971 0.136209234595299 0.14404721558094 0.174042001366615 0.18783737719059 0.171587541699409 0.15349081158638 0.138022765517235 0.139922827482224 0.146112874150276 0.154081404209137 0.147487610578537 0.137445226311684 0.135335579514503 0.125990509986877 0.135497614741325 0.1476159542799 0.148966535925865 0.13500289618969 0.11804410815239 0.122154548764229 0.134562060236931 0.142456769943237 0.143660172820091
-3.4e+38 -3.4e+38 0.139281466603279 0.131022542715073 0.136877089738846 0.134665161371231 0.123215518891811 0.125462964177132 0.128509819507599 0.137708738446236 0.136427313089371 0.137189641594887 0.124272771179676 0.128016144037247 0.138817936182022 0.136752918362617 0.137872293591499 0.135349586606026 0.126043602824211 0.1210618019104 0.132592663168907 0.135686755180359 0.125863507390022 0.124050356447697 0.145635768771172 0.145756900310516 0.126009076833725 0.129864037036896 0.144962444901466 0.159442022442818 0.159222200512886 0.155091479420662 0.150325164198875 0.148430556058884 0.150000393390656 0.154895260930061 0.148538962006569 0.140949696302414 0.139666691422462 0.130630075931549 0.129524365067482 0.137986302375793 0.149642944335938 0.136443257331848 0.12495718896389 0.132095113396645 0.144008204340935 0.145010143518448 0.140263095498085
-3.4e+38 0.12979157269001 0.128447636961937 0.137758851051331 0.149076193571091 0.145659223198891 0.13549493253231 0.133540973067284 0.13237164914608 0.147085577249527 0.156248226761818 0.147559091448784 0.125088721513748 0.131302312016487 0.13883900642395 0.131848856806755 0.133387610316277 0.13319593667984 0.125639885663986 0.126869946718216 0.139747947454453 0.142078563570976 0.135287806391716 0.13174332678318 0.139914900064468 0.134009256958961 0.126715287566185 0.132690742611885 0.142327219247818 0.145044803619385 0.144721701741219 0.145935073494911 0.150187164545059 0.144613847136497 0.146015897393227 0.152661815285683 0.145879223942757 0.141081213951111 0.138008683919907 0.14115834236145 0.126256704330444 0.120110496878624 0.135021984577179 0.126890286803246 0.134396642446518 0.134176924824715 0.132411777973175 0.137246146798134 0.12873400747776
-3.4e+38 0.130455657839775 0.124208606779575 0.136813953518867 0.148343846201897 0.148076459765434 0.144524857401848 0.134397611021996 0.127371728420258 0.135411098599434 0.155219614505768 0.158279165625572 0.144019722938538 0.148923620581627 0.139892965555191 0.1311886459589 0.134319350123405 0.139165341854095 0.13313190639019 0.13368022441864 0.142168059945107 0.137358620762825 0.135162383317947 0.13625094294548 0.139046341180801 0.132664695382118 0.135404616594315 0.141751632094383 0.141433283686638 0.133968129754066 0.127797067165375 0.132812336087227 0.143612965941429 0.143951892852783 0.145496889948845 0.154691815376282 0.156344845890999 0.140467345714569 0.132888481020927 0.153975412249565 0.148414775729179 0.139227837324142 0.140637874603271 0.131746262311935 0.137312918901443 0.132357805967331 0.127680540084839 0.141195803880692 0.138370677828789
0.144667133688927 0.137680724263191 0.129352897405624 0.130981743335724 0.14169092476368 0.144624248147011 0.153871640563011 0.140759065747261 0.123079627752304 0.117922499775887 0.133584827184677 0.150635212659836 0.146534129977226 0.15019828081131 0.139757320284843 0.131530344486237 0.13439966738224 0.139722138643265 0.133862555027008 0.133276969194412 0.132728606462479 0.123860821127892 0.123207323253155 0.13574680685997 0.143645793199539 0.13624469935894 0.136870160698891 0.138697475194931 0.13584004342556 0.134632676839828 0.127777695655823 0.132768794894218 0.146060094237328 0.146504983305931 0.131781816482544 0.139296293258667 0.153523832559586 0.135663419961929 0.133002936840057 0.143628835678101 0.135801896452904 0.130248799920082 0.135973393917084 0.134857162833214 0.133426502346992 0.145776242017746 0.141594052314758 0.131224438548088 0.12042573094368
