data/1_raw/trimmed_ndre/W_ndre.715.2011_no_clouds.asc
NCOLS 130 
NROWS 71 
XLLCORNER 530645 
YLLCORNER 5158205 
CELLSIZE 5 
NODATA_value -3.4e+38 
[rows 42 to 62 of 71, columns 49 to 97 of 130]
0.323589563369751 0.287619769573212 0.315369576215744 0.352095156908035 0.378427356481552 0.396423757076263 0.409654647111893 0.39400240778923 0.388205915689468 0.376109421253204 0.336989641189575 0.370909631252289 0.380747973918915 0.347616791725159 0.350321263074875 0.353822439908981 0.354898184537888 0.361152857542038 0.344280302524567 0.301658034324646 0.297791659832001 0.302844017744064 0.310349643230438 0.32114839553833 0.307030946016312 0.306690037250519 0.316339910030365 0.328007072210312 0.331065386533737 0.347640216350555 0.327006608247757 0.33453968167305 0.349865943193436 0.334907472133636 0.324192136526108 0.326839566230774 0.334905713796616 0.331629931926727 0.332341879606247 0.34739089012146 0.350142180919647 0.325760334730148 0.323346823453903 0.346514761447906 0.349975138902664 0.34933003783226 0.35517817735672 0.339714646339417 0.342282027006149
0.315451502799988 0.291824072599411 0.320456206798553 0.341563105583191 0.350651115179062 0.386895090341568 0.41729998588562 0.398664474487305 0.394101083278656 0.371330797672272 0.329565167427063 0.369342714548111 0.398259103298187 0.376413553953171 0.35648187994957 0.36002117395401 0.359061390161514 0.376907676458359 0.383910000324249 0.346335262060165 0.335067987442017 0.316417425870895 0.306701809167862 0.334423989057541 0.330195486545563 0.34087261557579 0.349622935056686 0.339435368776321 0.355687767267227 0.389715194702148 0.366669178009033 0.363449364900589 0.372556775808334 0.360274404287338 0.338840752840042 0.331235617399216 0.344469845294952 0.357990860939026 0.362535774707794 0.355776190757751 0.339570701122284 0.350720256567001 0.344934374094009 0.332358330488205 0.332956880331039 0.329175174236298 0.342021912336349 0.356969743967056 0.369948506355286
0.315388947725296 0.309887081384659 0.339941769838333 0.353842496871948 0.354694038629532 0.385922312736511 0.414831966161728 0.390016853809357 0.362039238214493 0.354642748832703 0.329932034015656 0.342543989419937 0.379862040281296 0.36019292473793 0.340087056159973 0.356257379055023 0.364609092473984 0.368499398231506 0.364739716053009 0.343654781579971 0.353383779525757 0.336929738521576 0.326836466789246 0.344941407442093 0.33670562505722 0.355047076940536 0.373995333909988 0.366871446371078 0.382867932319641 0.404643356800079 0.391707241535187 0.391413003206253 0.40062490105629 0.408703684806824 0.384571999311447 0.363502979278564 0.36721208691597 0.37502047419548 0.356321007013321 0.353869438171387 0.325281322002411 0.315711230039597 0.334299236536026 0.344406843185425 0.35133171081543 0.379168450832367 0.390220999717712 0.374377459287643 0.389784723520279
0.31946325302124 0.323238849639893 0.346982002258301 0.372950524091721 0.377846777439117 0.38571372628212 0.406027853488922 0.380619466304779 0.339123070240021 0.325710743665695 0.320924758911133 0.344955533742905 0.385633826255798 0.363714843988419 0.329553037881851 0.341476678848267 0.362398684024811 0.357805758714676 0.325746208429337 0.318053781986237 0.343970060348511 0.347889363765717 0.342880457639694 0.346386790275574 0.336655735969543 0.344691067934036 0.359339565038681 0.360625416040421 0.362572729587555 0.379515647888184 0.383644461631775 0.381261348724365 0.377031892538071 0.386829376220703 0.384345263242722 0.377645522356033 0.380401968955994 0.359576970338821 0.328551769256592 0.331592708826065 0.320566177368164 0.315315961837769 0.344811946153641 0.374568611383438 0.381613522768021 0.395113915205002 0.414186298847198 0.404597550630569 0.411582469940186
0.327084183692932 0.3426433801651 0.359663993120193 0.377699196338654 0.38143202662468 0.387054592370987 0.389041543006897 0.370530843734741 0.3404261469841 0.317858457565308 0.339538425207138 0.384084105491638 0.396123319864273 0.376240283250809 0.33194363117218 0.324461996555328 0.352743148803711 0.370129883289337 0.333196371793747 0.304593354463577 0.332044541835785 0.339649498462677 0.334708750247955 0.335286170244217 0.332153618335724 0.332672953605652 0.336945533752441 0.332567930221558 0.317868709564209 0.325614959001541 0.337794691324234 0.335790663957596 0.329101413488388 0.335735261440277 0.334040731191635 0.335819661617279 0.352059870958328 0.343029528856277 0.331624418497086 0.341273337602615 0.347013771533966 0.364048212766647 0.361421465873718 0.366594135761261 0.391366839408875 0.402151048183441 0.432828038930893 0.456156522035599 0.449233293533325
0.328861773014069 0.351091116666794 0.365842044353485 0.366852998733521 0.372064024209976 0.379225581884384 0.363649964332581 0.341803580522537 0.340781688690186 0.342613339424133 0.365478515625 0.377521306276321 0.37320464849472 0.357961267232895 0.332631528377533 0.337846666574478 0.3586405813694 0.365582585334778 0.341850489377975 0.334050744771957 0.346294343471527 0.334293246269226 0.327503710985184 0.329412072896957 0.334186911582947 0.329130262136459 0.313741981983185 0.321727633476257 0.312691658735275 0.299417704343796 0.29568549990654 0.287639141082764 0.28752064704895 0.299650013446808 0.295333802700043 0.303285926580429 0.322044223546982 0.337838172912598 0.341724514961243 0.342067658901215 0.359799593687057 0.387617468833923 0.383409142494202 0.378631174564362 0.399136364459991 0.402829885482788 0.420994848012924 0.443871349096298 0.455673307180405
0.345954418182373 0.362878024578094 0.366332352161407 0.356447815895081 0.353352576494217 0.368356347084045 0.360239505767822 0.32435742020607 0.306372553110123 0.321220695972443 0.344012141227722 0.341069102287292 0.344437748193741 0.329409033060074 0.322890639305115 0.365157932043076 0.362950146198273 0.327992588281631 0.319828391075134 0.34475964307785 0.347793996334076 0.335637003183365 0.342776358127594 0.32887664437294 0.311963528394699 0.300021797418594 0.283005744218826 0.30140084028244 0.30885249376297 0.286983817815781 0.276856273412704 0.270597070455551 0.279925942420959 0.290404736995697 0.292639195919037 0.314119040966034 0.320194482803345 0.324310183525085 0.337660372257233 0.344756156206131 0.352920144796371 0.391544580459595 0.389982432126999 0.38544499874115 0.395935595035553 0.404223471879959 0.404570400714874 0.411246240139008 0.439301729202271
0.358213990926743 0.365154147148132 0.366668611764908 0.374402582645416 0.363786250352859 0.361880332231522 0.365502953529358 0.35210782289505 0.338712751865387 0.339621067047119 0.345133721828461 0.346302419900894 0.363346010446548 0.349280834197998 0.326728165149689 0.337380915880203 0.327292054891586 0.304821193218231 0.312285184860229 0.331003040075302 0.324018657207489 0.332126498222351 0.355429142713547 0.33506965637207 0.299772143363953 0.299741268157959 0.313742756843567 0.297435373067856 0.284436970949173 0.273926287889481 0.280931115150452 0.301869004964828 0.319404989480972 0.317413538694382 0.315600663423538 0.337551534175873 0.34265261888504 0.357750684022903 0.351934403181076 0.357259184122086 0.379227936267853 0.407524675130844 0.405042082071304 0.390491932630539 0.391388297080994 0.416942477226257 0.417992770671844 0.413805305957794 0.423598021268845
0.352038323879242 0.346753597259521 0.353219091892242 0.379677921533585 0.373179793357849 0.329039692878723 0.306098371744156 0.335450440645218 0.366773068904877 0.380540400743484 0.369044572114944 0.361394047737122 0.371520161628723 0.368456989526749 0.33600777387619 0.314316064119339 0.323995649814606 0.326321452856064 0.334865808486938 0.341898173093796 0.335684210062027 0.343405365943909 0.358635723590851 0.34510350227356 0.311683714389801 0.306847333908081 0.320154935121536 0.302874773740768 0.300384283065796 0.304446220397949 0.303221434354782 0.313547998666763 0.324188619852066 0.316568434238434 0.322023153305054 0.337618857622147 0.332410484552383 0.354162156581879 0.368899971246719 0.378207325935364 0.399026274681091 0.401960104703903 0.388776898384094 0.395287662744522 0.401550948619843 0.404960989952087 0.397797733545303 0.398615121841431 0.40864509344101
0.335875958204269 0.32930988073349 0.330900758504868 0.346655905246735 0.366449445486069 0.355942159891129 0.322500914335251 0.333170682191849 0.359361171722412 0.362305074930191 0.345232307910919 0.344001919031143 0.355350136756897 0.36280021071434 0.341630190610886 0.329754233360291 0.342893093824387 0.341077476739883 0.341908574104309 0.329808235168457 0.324099808931351 0.335670918226242 0.366336107254028 0.347176432609558 0.309882462024689 0.300377398729324 0.307238936424255 0.323213338851929 0.335022479295731 0.336930155754089 0.337930083274841 0.349801748991013 0.355756282806396 0.345056414604187 0.353676944971085 0.372330993413925 0.37120246887207 0.373900592327118 0.393710196018219 0.392851531505585 0.408854573965073 0.413619250059128 0.392082452774048 0.398667097091675 0.415609985589981 0.397523581981659 0.355675935745239 0.378089338541031 0.39267435669899
0.320290923118591 0.314523547887802 0.303976714611053 0.311308056116104 0.341547966003418 0.360017120838165 0.349118411540985 0.354203313589096 0.35951492190361 0.35155913233757 0.337208658456802 0.335847645998001 0.34342098236084 0.358885824680328 0.363671451807022 0.344677567481995 0.32379823923111 0.315770506858826 0.311214864253998 0.309843152761459 0.311957657337189 0.328187465667725 0.362752705812454 0.333495229482651 0.303305476903915 0.317923337221146 0.314745783805847 0.321210592985153 0.340367048978806 0.344094514846802 0.349272578954697 0.377124398946762 0.392131328582764 0.390875250101089 0.399532228708267 0.398939728736877 0.401865929365158 0.417173504829407 0.41604208946228 0.4224733710289 0.430921077728271 0.419102966785431 0.399208098649979 0.396950751543045 0.409286826848984 0.392982602119446 0.346567243337631 0.349444806575775 0.343879193067551
0.327978134155273 0.314873814582825 0.285585820674896 0.296895444393158 0.307621717453003 0.315427720546722 0.331269592046738 0.347563862800598 0.351403266191483 0.355216264724731 0.367460638284683 0.366310358047485 0.35889196395874 0.363733738660812 0.355539232492447 0.330664724111557 0.305733472108841 0.303205043077469 0.305833905935287 0.325517803430557 0.326620221138 0.324115991592407 0.339928179979324 0.317503213882446 0.313537359237671 0.337122291326523 0.342488467693329 0.332980543375015 0.335765421390533 0.34194341301918 0.352903723716736 0.366315841674805 0.373452246189117 0.37212598323822 0.387517184019089 0.387331545352936 0.397087156772614 0.428353160619736 0.409947365522385 0.389077395200729 0.396792471408844 0.401583462953568 0.392738431692123 0.373478651046753 0.357737004756927 0.356684863567352 0.355653285980225 0.340876311063766 0.333182036876678
0.322401612997055 0.306420832872391 0.295184880495071 0.305888831615448 0.310610592365265 0.324845224618912 0.337969571352005 0.345439523458481 0.342906177043915 0.364283531904221 0.38259482383728 0.373599797487259 0.368928670883179 0.381973028182983 0.368637830018997 0.341474860906601 0.32746422290802 0.323844939470291 0.333630234003067 0.356859266757965 0.351872891187668 0.329021781682968 0.322558522224426 0.318980067968369 0.322313487529755 0.348668724298477 0.36579504609108 0.361273974180222 0.352835327386856 0.358615040779114 0.368855118751526 0.370309054851532 0.377472519874573 0.386981636285782 0.401767164468765 0.404632657766342 0.408522963523865 0.412516415119171 0.394628882408142 0.375380426645279 0.3629270195961 0.368211179971695 0.374332636594772 0.34228128194809 0.321391642093658 0.336189478635788 0.339067488908768 0.341928333044052 0.353235065937042
0.336672306060791 0.320195555686951 0.322046935558319 0.326659232378006 0.324638158082962 0.331608444452286 0.321190297603607 0.323930144309998 0.337156981229782 0.363739877939224 0.373465687036514 0.355256199836731 0.352274477481842 0.354910403490067 0.356219857931137 0.339961647987366 0.336756944656372 0.340854465961456 0.344009578227997 0.356792539358139 0.350983172655106 0.323668599128723 0.310813635587692 0.319988071918488 0.345168441534042 0.36573001742363 0.378065437078476 0.383728086948395 0.382722407579422 0.397609949111938 0.414994537830353 0.422999531030655 0.433244079351425 0.437304735183716 0.435483306646347 0.424523323774338 0.417057633399963 0.417452663183212 0.416018843650818 0.393063813447952 0.359880715608597 0.334048599004745 0.339853167533875 0.327182859182358 0.320933282375336 0.325736463069916 0.324485629796982 0.326054781675339 0.336057484149933
0.379317820072174 0.360686004161835 0.353304743766785 0.355709135532379 0.350951224565506 0.350163608789444 0.328427642583847 0.327270835638046 0.347406417131424 0.331436961889267 0.335099518299103 0.3274747133255 0.311518311500549 0.311354517936707 0.32769837975502 0.323052585124969 0.321325421333313 0.333500534296036 0.326962202787399 0.324909418821335 0.324539005756378 0.306119501590729 0.303441047668457 0.32876718044281 0.353263258934021 0.355585217475891 0.358821541070938 0.37856537103653 0.38701057434082 0.400849670171738 0.411453604698181 0.424463003873825 0.437487304210663 0.442559242248535 0.426833063364029 0.411906003952026 0.423656344413757 0.420694410800934 0.412023723125458 0.396888166666031 0.372289627790451 0.328828275203705 0.328968048095703 0.346761912107468 0.352037698030472 0.348845273256302 0.339060008525848 0.335405290126801 0.335467457771301
0.374946713447571 0.372126877307892 0.382431775331497 0.401847690343857 0.395814001560211 0.38830178976059 0.379776269197464 0.35239639878273 0.340423226356506 0.330109924077988 0.327723860740662 0.316032439470291 0.315378993749619 0.339218139648438 0.321571677923203 0.314431339502335 0.337140649557114 0.344949692487717 0.322637856006622 0.316684156656265 0.315719664096832 0.296099662780762 0.306145995855331 0.322651892900467 0.330878913402557 0.347460955381393 0.350351452827454 0.352842569351196 0.35521399974823 0.366130769252777 0.370377868413925 0.381346017122269 0.393985778093338 0.406162858009338 0.400526523590088 0.395643800497055 0.412052482366562 0.391063034534454 0.36249652504921 0.33277839422226 0.322896778583527 0.320885002613068 0.341141194105148 0.367118984460831 0.377998888492584 0.366272002458572 0.346482574939728 0.343605607748032 0.33430814743042
0.374819546937943 0.388195604085922 0.405345231294632 0.419896721839905 0.418508023023605 0.395233541727066 0.37321263551712 0.349897295236588 0.334639638662338 0.340817362070084 0.325341939926147 0.323007047176361 0.344847977161407 0.343908160924911 0.311960071325302 0.315502613782883 0.353414505720139 0.349714308977127 0.314776420593262 0.297276228666306 0.299868494272232 0.303081452846527 0.317327558994293 0.311064183712006 0.306727916002274 0.328710228204727 0.354748338460922 0.366176009178162 0.354551672935486 0.353474050760269 0.361837416887283 0.371024668216705 0.379868447780609 0.385926157236099 0.386559873819351 0.376584738492966 0.363009989261627 0.362174719572067 0.356553345918655 0.329017251729965 0.319986253976822 0.325265556573868 0.33384296298027 0.346696496009827 0.356420665979385 0.359243512153625 0.352172881364822 -3.4e+38 -3.4e+38
0.400426596403122 0.396908432245255 0.401117652654648 0.410863697528839 0.413428068161011 0.374106228351593 0.360573321580887 0.372054666280746 0.34513533115387 0.34107905626297 0.323777824640274 0.308630973100662 0.314547955989838 0.302452057600021 0.302890717983246 0.308899611234665 0.326065421104431 0.313836693763733 0.291923701763153 0.286665499210358 0.294739246368408 0.309459358453751 0.309306800365448 0.306510508060455 0.31753146648407 0.331949204206467 0.352417767047882 0.381270825862885 0.373669147491455 0.368664354085922 0.364905893802643 0.354612648487091 0.366930902004242 0.375268846750259 0.366165727376938 0.357438236474991 0.358585178852081 0.372862130403519 0.370616048574448 0.361064732074738 0.359362900257111 0.358212471008301 0.366154789924622 0.365805745124817 0.348116427659988 0.342536151409149 -3.4e+38 -3.4e+38 -3.4e+38
0.415755242109299 0.396739482879639 0.39810448884964 0.41069158911705 0.403941869735718 0.388780117034912 0.39557021856308 0.404507160186768 0.363003581762314 0.338032484054565 0.311200708150864 0.279860198497772 0.287951588630676 0.302507251501083 0.309580028057098 0.313585788011551 0.316539585590363 0.299195677042007 0.316522806882858 0.330603033304214 0.324127286672592 0.319230437278748 0.307167261838913 0.309154272079468 0.321098327636719 0.341132313013077 0.355020314455032 0.366863816976547 0.344630658626556 0.326308012008667 0.324581950902939 0.331908345222473 0.346942156553268 0.359085351228714 0.350451678037643 0.353344231843948 0.366504013538361 0.361949354410172 0.341901004314423 0.33065602183342 0.302274852991104 0.305813312530518 0.34396043419838 0.358590751886368 0.337037086486816 -3.4e+38 -3.4e+38 -3.4e+38 -3.4e+38
0.428052306175232 0.427559643983841 0.427775144577026 0.431844413280487 0.424506366252899 0.428626894950867 0.413566023111343 0.409154176712036 0.382079690694809 0.328488618135452 0.30323138833046 0.29258981347084 0.304511159658432 0.31074646115303 0.296829968690872 0.307177603244781 0.330299407243729 0.33514791727066 0.350996285676956 0.351635485887527 0.334160298109055 0.315937787294388 0.322799652814865 0.33428430557251 0.328226149082184 0.358388125896454 0.369693368673325 0.359237015247345 0.348233669996262 0.329797327518463 0.326474964618683 0.349877774715424 0.336603373289108 0.343485683202744 0.362134724855423 0.361018657684326 0.35960590839386 0.333813041448593 0.318154156208038 0.340727567672729 0.313205569982529 -3.4e+38 -3.4e+38 -3.4e+38 -3.4e+38 -3.4e+38 -3.4e+38 -3.4e+38 -3.4e+38
0.406567722558975 0.40449857711792 0.427062213420868 0.446489155292511 0.43798890709877 0.423159837722778 0.397102534770966 0.397556245326996 0.382583409547806 0.342916339635849 0.344754040241241 0.347143411636353 0.333738505840302 0.309274226427078 0.299663156270981 0.310434132814407 0.338496714830399 0.341897189617157 0.341580390930176 0.346657156944275 0.325687259435654 0.307228147983551 0.333371847867966 0.354367196559906 0.365721136331558 0.373346239328384 0.379890918731689 0.37180569767952 0.358551323413849 0.356121301651001 0.342669725418091 0.334314972162247 0.332456767559052 0.335393637418747 0.353953868150711 -3.4e+38 -3.4e+38 -3.4e+38 -3.4e+38 -3.4e+38 -3.4e+38 -3.4e+38 -3.4e+38 -3.4e+38 -3.4e+38 -3.4e+38 -3.4e+38 -3.4e+38 -3.4e+38
