data/1_raw/trimmed_ndre/W_ndre.725.2012_no_clouds.asc
NCOLS 130 
NROWS 71 
XLLCORNER 530645 
YLLCORNER 5158205 
CELLSIZE 5 
NODATA_value -3.4e+38 
[rows 42 to 62 of 71, columns 49 to 97 of 130]
0.410418152809143 0.386814683675766 0.371115684509277 0.385208636522293 0.422979980707169 0.44049808382988 0.452829301357269 0.463470280170441 0.459581613540649 0.450562924146652 0.438361555337906 0.427524209022522 0.426084876060486 0.432738244533539 0.448053747415543 0.455542534589767 0.449664711952209 0.456933170557022 0.456093966960907 0.462025493383408 0.458686977624893 0.444292008876801 0.451772153377533 0.459618359804153 0.436898678541183 0.43183371424675 0.451694339513779 0.454866617918015 0.450142711400986 0.467969089746475 0.468632966279984 0.442630857229233 0.442057341337204 0.456462055444717 0.462516874074936 0.459607601165771 0.45785117149353 0.4522465467453 0.455043464899063 0.459175169467926 0.445319145917892 0.452178567647934 0.471622496843338 0.47567743062973 0.463702112436295 0.46659180521965 0.488893628120422 0.502209782600403 0.479404658079147
0.396157026290894 0.371982008218765 0.367883384227753 0.384911060333252 0.426497280597687 0.447305470705032 0.438944399356842 0.450261682271957 0.453273057937622 0.44315305352211 0.436711460351944 0.431142807006836 0.432207256555557 0.437422782182693 0.444557368755341 0.4483762383461 0.448160886764526 0.464612245559692 0.463236093521118 0.463991910219193 0.472636342048645 0.465313494205475 0.450635105371475 0.435350149869919 0.421094417572021 0.427752315998077 0.443242430686951 0.452317595481873 0.432132422924042 0.452981889247894 0.461259961128235 0.442114502191544 0.446293711662292 0.460054337978363 0.467641800642014 0.461790859699249 0.460276424884796 0.454151332378387 0.457265824079514 0.477067410945892 0.456281691789627 0.426132202148438 0.436617136001587 0.461262732744217 0.471569716930389 0.465650677680969 0.467440873384476 0.477690190076828 0.470686227083206
0.397342205047607 0.378325670957565 0.390512526035309 0.417390257120132 0.452483505010605 0.473698765039444 0.470916122198105 0.474458873271942 0.450474292039871 0.430916458368301 0.437376588582993 0.442386209964752 0.444101274013519 0.447449386119843 0.450257927179337 0.442097455263138 0.441224098205566 0.453706502914429 0.46180847287178 0.47367736697197 0.473165273666382 0.467326283454895 0.463457196950912 0.438410729169846 0.42474690079689 0.440381109714508 0.438533872365952 0.428191334009171 0.423123568296432 0.445056974887848 0.45833221077919 0.455691337585449 0.460146576166153 0.467199712991714 0.471132695674896 0.470743447542191 0.472462207078934 0.471826016902924 0.457344204187393 0.453358054161072 0.450813621282578 0.425641387701035 0.414275348186493 0.432390064001083 0.449008852243423 0.451673924922943 0.441262453794479 0.442968279123306 0.453899681568146
0.391515642404556 0.398384749889374 0.414671063423157 0.434451788663864 0.456018090248108 0.46639496088028 0.468494355678558 0.467684477567673 0.439527690410614 0.413269728422165 0.420841336250305 0.435491412878036 0.435873597860336 0.443891614675522 0.455338209867477 0.441938579082489 0.440989702939987 0.445116311311722 0.43708923459053 0.449930250644684 0.463713526725769 0.463835328817368 0.46626552939415 0.448740899562836 0.429596781730652 0.427805066108704 0.429580748081207 0.434742629528046 0.439676821231842 0.443370819091797 0.455818921327591 0.461545944213867 0.464516133069992 0.466351687908173 0.460249692201614 0.464390188455582 0.474960446357727 0.481025636196136 0.445017397403717 0.425030648708344 0.444013059139252 0.438145041465759 0.420149594545364 0.41801705956459 0.430789649486542 0.44628182053566 0.4653500020504 0.465080112218857 0.449654191732407
0.389773696660995 0.417483568191528 0.436954647302628 0.444197744131088 0.450846374034882 0.452293962240219 0.463626950979233 0.466067939996719 0.447613537311554 0.418606519699097 0.401424050331116 0.403058230876923 0.405837833881378 0.435012370347977 0.46277180314064 0.453848600387573 0.449848920106888 0.458632230758667 0.453888773918152 0.45237010717392 0.458322554826736 0.459105968475342 0.449008584022522 0.433645248413086 0.441342413425446 0.444908499717712 0.428584307432175 0.440764427185059 0.439993917942047 0.435496538877487 0.447671800851822 0.455115139484406 0.461269676685333 0.461961776018143 0.461465030908585 0.457931369543076 0.46270027756691 0.468670070171356 0.452491134405136 0.443898528814316 0.452031761407852 0.442366003990173 0.439698904752731 0.43924406170845 0.447309732437134 0.455873847007751 0.486906349658966 0.494129568338394 0.471178263425827
0.403756260871887 0.431231737136841 0.451923727989197 0.451315462589264 0.449198722839355 0.460805773735046 0.470838904380798 0.471134871244431 0.455586433410645 0.43243533372879 0.398761689662933 0.387815445661545 0.396778017282486 0.425026655197144 0.463150054216385 0.470283448696136 0.458689838647842 0.468358308076859 0.467918485403061 0.45582714676857 0.460987716913223 0.464780002832413 0.46158030629158 0.452877342700958 0.45207092165947 0.440618455410004 0.420397371053696 0.427098512649536 0.427133202552795 0.436310350894928 0.451558798551559 0.453211575746536 0.452014952898026 0.452550262212753 0.456760823726654 0.450632125139236 0.452592074871063 0.461377799510956 0.46121084690094 0.478473126888275 0.474223017692566 0.454847604036331 0.462920784950256 0.473156988620758 0.46763026714325 0.45816308259964 0.469821631908417 0.483528822660446 0.480030715465546
0.438332915306091 0.45393231511116 0.459933698177338 0.450753629207611 0.451872825622559 0.472892045974731 0.469331562519073 0.467078626155853 0.460124880075455 0.438945025205612 0.421702355146408 0.424753189086914 0.431001633405685 0.428244382143021 0.442977607250214 0.455185145139694 0.454309910535812 0.46227365732193 0.458371132612228 0.457652151584625 0.470644056797028 0.469588369131088 0.466940253973007 0.458523213863373 0.438024520874023 0.4272580742836 0.441229969263077 0.460696190595627 0.449460536241531 0.440261095762253 0.443768888711929 0.451516032218933 0.458245784044266 0.459524780511856 0.465971410274506 0.456870496273041 0.460198402404785 0.463829815387726 0.464777618646622 0.494935780763626 0.496133774518967 0.473661750555038 0.469047427177429 0.473324805498123 0.474415838718414 0.467228502035141 0.473532766103745 0.480407655239105 0.486342906951904
0.467880636453629 0.472031891345978 0.471353352069855 0.462377399206161 0.462235480546951 0.469468086957932 0.455721855163574 0.459512859582901 0.457259774208069 0.441750675439835 0.4392469227314 0.458482205867767 0.467710137367249 0.44576758146286 0.424832940101624 0.438271671533585 0.45615890622139 0.451996326446533 0.448777973651886 0.458534777164459 0.47132882475853 0.463338881731033 0.458320647478104 0.450565218925476 0.436224937438965 0.428535163402557 0.454703092575073 0.474441766738892 0.461219698190689 0.448210597038269 0.452638030052185 0.473694264888763 0.490363150835037 0.472339063882828 0.462973654270172 0.466503381729126 0.465814769268036 0.468204110860825 0.473252058029175 0.49092572927475 0.483318775892258 0.483355700969696 0.492376327514648 0.494167059659958 0.487255692481995 0.485308110713959 0.48949921131134 0.476767480373383 0.474290281534195
0.475794464349747 0.476898401975632 0.480357348918915 0.487355470657349 0.481022298336029 0.464221835136414 0.455547779798508 0.468723893165588 0.469432651996613 0.448576778173447 0.439578831195831 0.457012385129929 0.466756641864777 0.446326553821564 0.425291121006012 0.44714081287384 0.461108386516571 0.443911224603653 0.444465816020966 0.455092161893845 0.463181048631668 0.455433547496796 0.457040041685104 0.459495633840561 0.445382505655289 0.430238157510757 0.455933183431625 0.467506438493729 0.464408367872238 0.47324612736702 0.478125691413879 0.481168508529663 0.480731397867203 0.45707368850708 0.450709789991379 0.470814645290375 0.468745589256287 0.476746052503586 0.487253725528717 0.488879650831223 0.476740717887878 0.487326443195343 0.508867740631104 0.510434448719025 0.486758708953857 0.47012984752655 0.482915371656418 0.491227030754089 0.48924931883812
0.468258589506149 0.465861111879349 0.477236598730087 0.493317306041718 0.482267171144485 0.45477482676506 0.451609224081039 0.470914632081985 0.477743119001389 0.455726444721222 0.437408715486526 0.443272918462753 0.442684233188629 0.444411277770996 0.447949886322021 0.462719172239304 0.461133122444153 0.44403800368309 0.446298807859421 0.455553740262985 0.458369582891464 0.453944474458694 0.460051596164703 0.467402875423431 0.452005654573441 0.436160445213318 0.467441469430923 0.470567047595978 0.465460479259491 0.480996519327164 0.484217762947083 0.480236798524857 0.479505687952042 0.477372050285339 0.477052390575409 0.487130016088486 0.48856908082962 0.486932754516602 0.491970181465149 0.482334315776825 0.470993906259537 0.475454330444336 0.483416974544525 0.488920331001282 0.485279500484467 0.483264744281769 0.490071207284927 0.499267399311066 0.499308407306671
0.476810246706009 0.460914343595505 0.467891871929169 0.484400659799576 0.477960795164108 0.452302724123001 0.443857580423355 0.460750728845596 0.471066743135452 0.457044571638107 0.439845889806747 0.442388623952866 0.441338241100311 0.45403641462326 0.464828848838806 0.460714548826218 0.452956736087799 0.445134788751602 0.452741146087646 0.468924403190613 0.464640706777573 0.45249930024147 0.458849936723709 0.465988308191299 0.458570182323456 0.459935665130615 0.485405027866364 0.476046979427338 0.466683745384216 0.479300379753113 0.478530526161194 0.479867547750473 0.506835877895355 0.520892560482025 0.507469296455383 0.499806106090546 0.492072582244873 0.490233689546585 0.505254209041595 0.502757668495178 0.484232842922211 0.478708326816559 0.47783026099205 0.479521691799164 0.482524782419205 0.488640934228897 0.486943453550339 0.481197834014893 0.485762655735016
0.481011927127838 0.464148938655853 0.46622359752655 0.467980951070786 0.458683848381042 0.452941685914993 0.449042469263077 0.460058152675629 0.473237723112106 0.459500163793564 0.45417520403862 0.458142518997192 0.460205256938934 0.466234505176544 0.469095557928085 0.457544326782227 0.450380563735962 0.445018947124481 0.461325913667679 0.480370849370956 0.468599230051041 0.454279214143753 0.459804385900497 0.472587555646896 0.475616067647934 0.477850675582886 0.484678268432617 0.470715165138245 0.470490634441376 0.481063961982727 0.480578511953354 0.483783632516861 0.519513785839081 0.528558194637299 0.501538574695587 0.496674716472626 0.479700803756714 0.477558642625809 0.499664902687073 0.50054395198822 0.488020569086075 0.478130847215652 0.474468648433685 0.474776834249496 0.476683527231216 0.481468707323074 0.481182515621185 0.478116899728775 0.478713929653168
0.478228598833084 0.474736928939819 0.478182852268219 0.460226505994797 0.438688516616821 0.444111287593842 0.453433930873871 0.464270204305649 0.476346045732498 0.471058636903763 0.460086941719055 0.464107990264893 0.471253305673599 0.462018251419067 0.470774978399277 0.471965283155441 0.458544105291367 0.453062653541565 0.462928891181946 0.475371301174164 0.468500018119812 0.462744325399399 0.470432966947556 0.482058614492416 0.480880856513977 0.478741943836212 0.476270318031311 0.470339596271515 0.480547666549683 0.495778769254684 0.490568161010742 0.484457939863205 0.50050687789917 0.496639668941498 0.478322893381119 0.495229512453079 0.479072690010071 0.475343227386475 0.490500956773758 0.485754251480103 0.47777795791626 0.471738964319229 0.46990641951561 0.471759051084518 0.481248885393143 0.484939008951187 0.479242861270905 0.47738379240036 0.475695490837097
0.476296067237854 0.486670523881912 0.476292699575424 0.477248698472977 0.463228195905685 0.460078805685043 0.47271716594696 0.472514241933823 0.474736988544464 0.473819822072983 0.457227468490601 0.465037435293198 0.476571172475815 0.465352714061737 0.47852149605751 0.482576608657837 0.471373796463013 0.465578556060791 0.464070588350296 0.469189167022705 0.468774765729904 0.469221621751785 0.475394070148468 0.480301737785339 0.477939993143082 0.48396909236908 0.479800403118134 0.477748662233353 0.487726390361786 0.501398921012878 0.499806046485901 0.493513226509094 0.494429379701614 0.49720823764801 0.510174453258514 0.5224888920784 0.497816801071167 0.487325519323349 0.491425931453705 0.482191681861877 0.480409145355225 0.482948124408722 0.485418856143951 0.485653936862946 0.495774954557419 0.491039276123047 0.476759135723114 0.477703034877777 0.481806248426437
0.487793028354645 0.492834717035294 0.479323476552963 0.497915059328079 0.492846339941025 0.489036828279495 0.493569880723953 0.48375540971756 0.471039682626724 0.464598149061203 0.460913360118866 0.460715293884277 0.467905193567276 0.475519865751266 0.489321112632751 0.494448482990265 0.487227559089661 0.478063017129898 0.469929218292236 0.474568545818329 0.477237015962601 0.475778430700302 0.468688040971756 0.467493057250977 0.48012375831604 0.493237912654877 0.482798278331757 0.47103551030159 0.480766922235489 0.490784764289856 0.50236850976944 0.511465013027191 0.510876178741455 0.510304033756256 0.518805384635925 0.523716509342194 0.508036375045776 0.500968635082245 0.492298990488052 0.479242146015167 0.479777753353119 0.489395141601562 0.500809550285339 0.502710342407227 0.504142165184021 0.487648367881775 0.470263332128525 0.476039737462997 0.480356454849243
0.486688882112503 0.477557301521301 0.47678154706955 0.492019325494766 0.480822622776031 0.480835944414139 0.487666100263596 0.479889452457428 0.470925956964493 0.466766357421875 0.466930508613586 0.464970678091049 0.462403148412704 0.472544312477112 0.490938931703568 0.497654944658279 0.500860631465912 0.492046326398849 0.473290055990219 0.474606335163116 0.471207827329636 0.468346059322357 0.474119007587433 0.469151467084885 0.469176828861237 0.474836438894272 0.475446224212646 0.471255660057068 0.46961984038353 0.474630028009415 0.489399194717407 0.506978213787079 0.51196163892746 0.50808197259903 0.497983872890472 0.501188039779663 0.50769317150116 0.5045365691185 0.495450139045715 0.481500774621964 0.477268487215042 0.48658698797226 0.499898970127106 0.501958131790161 0.497432500123978 0.482459723949432 0.466999799013138 0.466441690921783 0.46781000494957
0.475445777177811 0.469883948564529 0.480508118867874 0.488549292087555 0.471580386161804 0.463068157434464 0.470428496599197 0.473073333501816 0.468892991542816 0.475124269723892 0.480906456708908 0.480016618967056 0.47698712348938 0.473090261220932 0.476105839014053 0.477990597486496 0.48121851682663 0.473598510026932 0.46311616897583 0.470680683851242 0.464896619319916 0.46704974770546 0.482427626848221 0.476761907339096 0.462288707494736 0.462066203355789 0.478689610958099 0.482163906097412 0.482851922512054 0.480206280946732 0.476601094007492 0.482744574546814 0.494859993457794 0.509864866733551 0.492516785860062 0.505023896694183 0.517230629920959 0.500351786613464 0.493691325187683 0.482428431510925 0.475634127855301 0.481138795614243 0.48894664645195 0.489717245101929 0.486947357654572 0.481252729892731 0.469008803367615 -3.4e+38 -3.4e+38
0.479933798313141 0.474136203527451 0.486167192459106 0.492171734571457 0.471081584692001 0.454610109329224 0.460339069366455 0.469561129808426 0.466582506895065 0.47626405954361 0.475019067525864 0.465703427791595 0.463050842285156 0.46366074681282 0.462723046541214 0.462250351905823 0.461390614509583 0.450533300638199 0.448106735944748 0.461067169904709 0.461851090192795 0.476315319538116 0.48845186829567 0.481915861368179 0.480668574571609 0.479736179113388 0.483722150325775 0.479933261871338 0.493094772100449 0.489346504211426 0.473543256521225 0.498093575239182 0.510342597961426 0.508915305137634 0.497506558895111 0.506055295467377 0.509939253330231 0.488524198532104 0.481886833906174 0.475461393594742 0.475888907909393 0.478642076253891 0.480553299188614 0.476407706737518 0.479802250862122 0.484242349863052 -3.4e+38 -3.4e+38 -3.4e+38
0.504889011383057 0.502715826034546 0.495086282491684 0.491448044776917 0.475394427776337 0.461557418107986 0.465394228696823 0.470122873783112 0.469045370817184 0.471008360385895 0.468758255243301 0.457450777292252 0.450618892908096 0.459991335868835 0.465160250663757 0.462231367826462 0.461270362138748 0.448934733867645 0.451415002346039 0.466737627983093 0.470907688140869 0.483530908823013 0.487224549055099 0.480280518531799 0.492053031921387 0.485450327396393 0.473798751831055 0.471417874097824 0.486637651920319 0.481231689453125 0.470030069351196 0.497661858797073 0.503573656082153 0.496306926012039 0.494339376688004 0.48480361700058 0.487013250589371 0.488192617893219 0.480103641748428 0.46957266330719 0.47340339422226 0.47581759095192 0.467795968055725 0.467950105667114 0.480227768421173 -3.4e+38 -3.4e+38 -3.4e+38 -3.4e+38
0.477590590715408 0.491463363170624 0.491673111915588 0.486535936594009 0.478826850652695 0.474601328372955 0.481110483407974 0.480611473321915 0.47465443611145 0.470517575740814 0.471298336982727 0.467552065849304 0.463978379964828 0.470101058483124 0.471686869859695 0.467498272657394 0.46164733171463 0.452247530221939 0.457780122756958 0.472471743822098 0.476138263940811 0.476049900054932 0.472071975469589 0.474188238382339 0.491146475076675 0.484703898429871 0.479633152484894 0.483549982309341 0.489493846893311 0.485179662704468 0.476420223712921 0.483358889818192 0.489562392234802 0.493534684181213 0.501708328723907 0.500841200351715 0.495150595903397 0.49218413233757 0.479564607143402 0.465205878019333 0.461629271507263 -3.4e+38 -3.4e+38 -3.4e+38 -3.4e+38 -3.4e+38 -3.4e+38 -3.4e+38 -3.4e+38
0.444963663816452 0.472690343856812 0.497445732355118 0.48833167552948 0.484299898147583 0.489311993122101 0.494475483894348 0.493384391069412 0.48344349861145 0.476835608482361 0.48104602098465 0.482012152671814 0.475890129804611 0.472448170185089 0.472266852855682 0.471551030874252 0.466939181089401 0.458852022886276 0.46188485622406 0.466601192951202 0.46837118268013 0.472854286432266 0.472248882055283 0.473057508468628 0.481081008911133 0.482417076826096 0.493369609117508 0.495555728673935 0.48537665605545 0.490841180086136 0.48761659860611 0.48756343126297 0.494721353054047 0.500422477722168 0.510220050811768 -3.4e+38 -3.4e+38 -3.4e+38 -3.4e+38 -3.4e+38 -3.4e+38 -3.4e+38 -3.4e+38 -3.4e+38 -3.4e+38 -3.4e+38 -3.4e+38 -3.4e+38 -3.4e+38
