data/1_raw/trimmed_ndre/W_ndre.78.2012_no_clouds.asc
NCOLS 130 
NROWS 71 
XLLCORNER 530645 
YLLCORNER 5158205 
CELLSIZE 5 
NODATA_value -3.4e+38 
[rows 21 to 41 of 71, columns 0 to 48 of 130]
0.330811679363251 0.311222195625305 0.312517315149307 0.317418903112411 0.322717130184174 0.320739299058914 0.317568182945251 0.311420351266861 0.291183084249496 0.264020055532455 0.245393589138985 0.263604372739792 0.296242713928223 0.307472109794617 0.319641292095184 0.330990046262741 0.343212783336639 0.355312794446945 0.357224881649017 0.34492239356041 0.322498321533203 0.314272344112396 0.331173002719879 0.34001886844635 0.316181153059006 0.318262487649918 0.337657898664474 0.346743583679199 0.33655834197998 0.332937836647034 0.359476268291473 0.363132923841476 0.333981066942215 0.334297388792038 0.354033172130585 0.358532220125198 0.361935138702393 0.372512817382812 0.382816642522812 0.38409298658371 0.383332669734955 0.38751882314682 0.375799596309662 0.345837950706482 0.32636946439743 0.288203328847885 0.273865014314651 0.3012515604496 0.323330909013748
0.338722676038742 0.323590576648712 0.320843577384949 0.312062561511993 0.314076006412506 0.321990728378296 0.322701573371887 0.320087283849716 0.309705585241318 0.288032472133636 0.282258152961731 0.303143322467804 0.310782492160797 0.30981507897377 0.318997651338577 0.3053357899189 0.312548518180847 0.337934195995331 0.348718822002411 0.34343609213829 0.322471350431442 0.308853089809418 0.308117032051086 0.299296855926514 0.290965527296066 0.313470542430878 0.345910906791687 0.355412185192108 0.33187335729599 0.309565663337708 0.339994817972183 0.373479038476944 0.362237185239792 0.342382103204727 0.336144298315048 0.333500266075134 0.32924884557724 0.330457359552383 0.345684498548508 0.363126993179321 0.368470549583435 0.37069109082222 0.368957757949829 0.369786500930786 0.367961764335632 0.327131152153015 0.289418578147888 0.289542138576508 0.305748224258423
-3.4e+38 0.340019762516022 0.333440244197845 0.324739634990692 0.325043827295303 0.327327817678452 0.32238307595253 0.319998413324356 0.334874004125595 0.331698924303055 0.317654609680176 0.322618663311005 0.306724280118942 0.300543993711472 0.308610528707504 0.292106002569199 0.290256470441818 0.313804030418396 0.327003568410873 0.32211771607399 0.308694213628769 0.300138562917709 0.298398226499557 0.296341627836227 0.292710453271866 0.319711923599243 0.352579563856125 0.374221950769424 0.349063187837601 0.310557693243027 0.326492100954056 0.348300218582153 0.348060220479965 0.329637199640274 0.324706494808197 0.329183340072632 0.316933840513229 0.303672224283218 0.313875675201416 0.345485210418701 0.364071071147919 0.36338609457016 0.360256671905518 0.373466283082962 0.381619244813919 0.347154289484024 0.32099449634552 0.313508033752441 0.316763460636139
-3.4e+38 -3.4e+38 0.336762428283691 0.33235177397728 0.335180699825287 0.33518460392952 0.324998468160629 0.317461043596268 0.332296967506409 0.334167033433914 0.325927585363388 0.326499342918396 0.30991467833519 0.305745512247086 0.316426992416382 0.330308586359024 0.324595808982849 0.3232102394104 0.321639686822891 0.306048601865768 0.297815442085266 0.299148857593536 0.304142683744431 0.309861719608307 0.305349349975586 0.303992748260498 0.320773839950562 0.358441978693008 0.362945348024368 0.334815412759781 0.329133778810501 0.323823094367981 0.324262768030167 0.324194103479385 0.323492288589478 0.329988360404968 0.313821852207184 0.289824783802032 0.296987533569336 0.329090684652328 0.344600170850754 0.342659592628479 0.339505702257156 0.349121153354645 0.347989648580551 0.332007139921188 0.335982024669647 0.353272050619125 0.359361112117767
-3.4e+38 -3.4e+38 -3.4e+38 0.327936410903931 0.338598877191544 0.341258227825165 0.332458049058914 0.321573913097382 0.322456926107407 0.318191438913345 0.316932022571564 0.318188309669495 0.313658803701401 0.31745857000351 0.318760335445404 0.325531095266342 0.315047800540924 0.326147794723511 0.330550760030746 0.311040639877319 0.307137250900269 0.298077911138535 0.290337532758713 0.290745049715042 0.289257884025574 0.274325430393219 0.271852105855942 0.309327155351639 0.331494510173798 0.326396316289902 0.315996646881104 0.308180451393127 0.297971695661545 0.301762878894806 0.307003766298294 0.313044279813766 0.303847849369049 0.285312592983246 0.279204666614532 0.28976508975029 0.311408936977386 0.320434361696243 0.322865307331085 0.326750338077545 0.325130969285965 0.325287908315659 0.346861362457275 0.375926524400711 0.391560971736908
-3.4e+38 -3.4e+38 -3.4e+38 0.323400795459747 0.338143438100815 0.344483017921448 0.343132734298706 0.331058949232101 0.319231539964676 0.308648020029068 0.307568728923798 0.309707015752792 0.314922302961349 0.323185861110687 0.314745843410492 0.2957883477211 0.283858567476273 0.305307328701019 0.320222198963165 0.308655053377151 0.297070801258087 0.30132383108139 0.295648634433746 0.282449632883072 0.284876674413681 0.293044626712799 0.290645271539688 0.298171073198318 0.305526793003082 0.310453921556473 0.307177722454071 0.299377590417862 0.280507922172546 0.277261137962341 0.28786689043045 0.287505239248276 0.277478337287903 0.259346038103104 0.247223526239395 0.253743380308151 0.286693423986435 0.309742748737335 0.313583582639694 0.312414765357971 0.310877293348312 0.315165400505066 0.337838619947433 0.363622725009918 0.375449985265732
-3.4e+38 -3.4e+38 -3.4e+38 0.32722669839859 0.340470641851425 0.348938077688217 0.350033134222031 0.341375082731247 0.326059013605118 0.312162280082703 0.312476307153702 0.308477729558945 0.313317179679871 0.321758657693863 0.320260494947433 0.297777384519577 0.280388742685318 0.301964819431305 0.325491517782211 0.318924307823181 0.300645619630814 0.311607271432877 0.310186624526978 0.295202970504761 0.295149356126785 0.300919264554977 0.292690813541412 0.285902827978134 0.299055457115173 0.318698942661285 0.315753012895584 0.306436896324158 0.292293399572372 0.283171325922012 0.293291717767715 0.293279767036438 0.278264582157135 0.260556936264038 0.250487238168716 0.25798699259758 0.273002296686172 0.286562711000443 0.301758170127869 0.302710682153702 0.296102583408356 0.301862180233002 0.324272692203522 0.349954277276993 0.358799427747726
-3.4e+38 -3.4e+38 -3.4e+38 -3.4e+38 0.342242836952209 0.349152475595474 0.352202564477921 0.3474440574646 0.330682635307312 0.321683406829834 0.335706561803818 0.325299352407455 0.31922373175621 0.325785875320435 0.327330976724625 0.308649837970734 0.284694701433182 0.290354698896408 0.309321343898773 0.318322062492371 0.310250520706177 0.302932977676392 0.301215916872025 0.305821359157562 0.313800245523453 0.31140547990799 0.295551121234894 0.290409743785858 0.306860357522964 0.329957604408264 0.328568190336227 0.329372972249985 0.319140315055847 0.300479173660278 0.312876582145691 0.315875619649887 0.309517830610275 0.301169216632843 0.276404976844788 0.276405662298203 0.282122433185577 0.27291551232338 0.287478387355804 0.29350870847702 0.28594771027565 0.297978013753891 0.315875828266144 0.339001923799515 0.352891594171524
-3.4e+38 -3.4e+38 -3.4e+38 -3.4e+38 -3.4e+38 0.329432010650635 0.337133944034576 0.342956513166428 0.329641729593277 0.323694080114365 0.332807570695877 0.325997471809387 0.321900635957718 0.327042043209076 0.333411127328873 0.328101366758347 0.308783113956451 0.29151639342308 0.290954113006592 0.297849595546722 0.297963321208954 0.29404291510582 0.294220507144928 0.30559891462326 0.320906728506088 0.321402072906494 0.313510149717331 0.318031311035156 0.321582227945328 0.32490062713623 0.323382943868637 0.34048318862915 0.331620365381241 0.31586542725563 0.345372140407562 0.345307469367981 0.329940110445023 0.316803485155106 0.299362123012543 0.303907781839371 0.317636579275131 0.306008249521255 0.302630931138992 0.30455020070076 0.302403777837753 0.313467592000961 0.326989620923996 0.347188681364059 0.354486733675003
-3.4e+38 -3.4e+38 -3.4e+38 -3.4e+38 -3.4e+38 -3.4e+38 -3.4e+38 -3.4e+38 0.316973745822906 0.315659403800964 0.316296011209488 0.310460686683655 0.30358675122261 0.29925149679184 0.299830704927444 0.309006065130234 0.307056665420532 0.297374784946442 0.296931624412537 0.305879980325699 0.310622543096542 0.304711043834686 0.297090023756027 0.301541209220886 0.314987689256668 0.31828561425209 0.320727348327637 0.328665614128113 0.320574998855591 0.314498454332352 0.316299438476562 0.32977819442749 0.323787480592728 0.321500480175018 0.353914648294449 0.353572279214859 0.336090892553329 0.328486949205399 0.339187115430832 0.326585590839386 0.327948451042175 0.336596697568893 0.329026401042938 0.328984528779984 0.325854033231735 0.323990553617477 0.330119967460632 0.343666017055511 0.350934058427811
-3.4e+38 -3.4e+38 -3.4e+38 -3.4e+38 -3.4e+38 -3.4e+38 -3.4e+38 -3.4e+38 -3.4e+38 -3.4e+38 0.335652589797974 0.326325684785843 0.314952284097672 0.295776009559631 0.289454013109207 0.292413890361786 0.283522486686707 0.288298636674881 0.296297788619995 0.30651843547821 0.320752620697021 0.316157788038254 0.302745848894119 0.303765118122101 0.310132294893265 0.309432774782181 0.313690543174744 0.322635740041733 0.323908030986786 0.327230095863342 0.323469370603561 0.318526685237885 0.32874122262001 0.328844130039215 0.348547011613846 0.366724491119385 0.352120578289032 0.351707279682159 0.361999660730362 0.325856775045395 0.331400841474533 0.35400715470314 0.354755163192749 0.354054570198059 0.341370165348053 0.330977082252502 0.328623622655869 0.332685708999634 0.342610269784927
-3.4e+38 -3.4e+38 -3.4e+38 -3.4e+38 -3.4e+38 -3.4e+38 -3.4e+38 -3.4e+38 -3.4e+38 -3.4e+38 -3.4e+38 0.316757023334503 0.315990954637527 0.294240295886993 0.297915905714035 0.292143195867538 0.276273727416992 0.28851842880249 0.292324930429459 0.29969322681427 0.316983848810196 0.313604116439819 0.301590263843536 0.306484758853912 0.315394550561905 0.311979413032532 0.314849734306335 0.32501432299614 0.336050897836685 0.347618252038956 0.337186962366104 0.32735151052475 0.351996958255768 0.329451769590378 0.342585384845734 0.380601018667221 0.356944590806961 0.350604146718979 0.347301453351974 0.32828277349472 0.340551346540451 0.352286964654922 0.35724538564682 0.354419380426407 0.338474720716476 0.33275830745697 0.331833034753799 0.333855330944061 0.343254387378693
-3.4e+38 -3.4e+38 -3.4e+38 -3.4e+38 -3.4e+38 -3.4e+38 -3.4e+38 -3.4e+38 -3.4e+38 -3.4e+38 -3.4e+38 -3.4e+38 -3.4e+38 -3.4e+38 -3.4e+38 -3.4e+38 -3.4e+38 -3.4e+38 -3.4e+38 -3.4e+38 -3.4e+38 -3.4e+38 -3.4e+38 -3.4e+38 -3.4e+38 -3.4e+38 -3.4e+38 -3.4e+38 -3.4e+38 -3.4e+38 -3.4e+38 0.343635976314545 0.347716689109802 0.321155250072479 0.343891620635986 0.372376829385757 0.344279676675797 0.328552156686783 0.33733057975769 0.34411609172821 0.336724460124969 0.336480528116226 0.34112423658371 0.334361404180527 0.322432696819305 0.323126316070557 0.321343302726746 0.321757167577744 0.32795661687851
-3.4e+38 -3.4e+38 -3.4e+38 -3.4e+38 -3.4e+38 -3.4e+38 -3.4e+38 -3.4e+38 -3.4e+38 -3.4e+38 -3.4e+38 -3.4e+38 -3.4e+38 -3.4e+38 -3.4e+38 -3.4e+38 -3.4e+38 -3.4e+38 -3.4e+38 -3.4e+38 -3.4e+38 -3.4e+38 -3.4e+38 -3.4e+38 -3.4e+38 -3.4e+38 -3.4e+38 -3.4e+38 -3.4e+38 -3.4e+38 -3.4e+38 -3.4e+38 -3.4e+38 0.330148279666901 0.345189303159714 0.348048597574234 0.329165577888489 0.323015183210373 0.335677117109299 0.338878154754639 0.321625024080276 0.323335766792297 0.328612923622131 0.318276107311249 0.304587543010712 0.303943157196045 0.301858425140381 0.301344722509384 0.307493805885315
-3.4e+38 -3.4e+38 -3.4e+38 -3.4e+38 -3.4e+38 -3.4e+38 -3.4e+38 -3.4e+38 -3.4e+38 -3.4e+38 -3.4e+38 -3.4e+38 -3.4e+38 -3.4e+38 -3.4e+38 -3.4e+38 -3.4e+38 -3.4e+38 -3.4e+38 -3.4e+38 -3.4e+38 -3.4e+38 -3.4e+38 -3.4e+38 -3.4e+38 -3.4e+38 -3.4e+38 -3.4e+38 -3.4e+38 -3.4e+38 -3.4e+38 -3.4e+38 -3.4e+38 -3.4e+38 0.340480148792267 0.340240210294724 0.337780356407166 0.330190539360046 0.324948698282242 0.321471810340881 0.316764295101166 0.317427486181259 0.318300843238831 0.312204271554947 0.30193567276001 0.298678278923035 0.301131427288055 0.306991964578629 0.309012979269028
-3.4e+38 -3.4e+38 -3.4e+38 -3.4e+38 -3.4e+38 -3.4e+38 -3.4e+38 -3.4e+38 -3.4e+38 -3.4e+38 -3.4e+38 -3.4e+38 -3.4e+38 -3.4e+38 -3.4e+38 -3.4e+38 -3.4e+38 -3.4e+38 -3.4e+38 -3.4e+38 -3.4e+38 -3.4e+38 -3.4e+38 -3.4e+38 -3.4e+38 -3.4e+38 -3.4e+38 -3.4e+38 -3.4e+38 -3.4e+38 -3.4e+38 -3.4e+38 -3.4e+38 -3.4e+38 0.337972909212112 0.35344997048378 0.348697483539581 0.327842831611633 0.311204105615616 0.314065247774124 0.30940368771553 0.302475124597549 0.304289072751999 0.313964396715164 0.315350353717804 0.316335529088974 0.324758619070053 0.334902316331863 0.332625359296799
-3.4e+38 -3.4e+38 -3.4e+38 -3.4e+38 -3.4e+38 -3.4e+38 -3.4e+38 -3.4e+38 -3.4e+38 -3.4e+38 -3.4e+38 -3.4e+38 -3.4e+38 -3.4e+38 -3.4e+38 -3.4e+38 -3.4e+38 -3.4e+38 -3.4e+38 -3.4e+38 -3.4e+38 -3.4e+38 -3.4e+38 -3.4e+38 -3.4e+38 -3.4e+38 -3.4e+38 -3.4e+38 -3.4e+38 -3.4e+38 -3.4e+38 -3.4e+38 -3.4e+38 -3.4e+38 0.35529625415802 0.371253818273544 0.325349181890488 0.314335852861404 0.320589035749435 0.302284628152847 0.292583078145981 0.289705723524094 0.298709809780121 0.311463415622711 0.317853718996048 0.326052308082581 0.332940220832825 0.335827857255936 0.339606583118439
-3.4e+38 -3.4e+38 -3.4e+38 -3.4e+38 -3.4e+38 -3.4e+38 -3.4e+38 -3.4e+38 -3.4e+38 -3.4e+38 -3.4e+38 -3.4e+38 -3.4e+38 -3.4e+38 -3.4e+38 -3.4e+38 -3.4e+38 -3.4e+38 -3.4e+38 -3.4e+38 -3.4e+38 -3.4e+38 -3.4e+38 -3.4e+38 -3.4e+38 -3.4e+38 -3.4e+38 -3.4e+38 -3.4e+38 -3.4e+38 -3.4e+38 -3.4e+38 -3.4e+38 -3.4e+38 -3.4e+38 0.352177143096924 0.315281242132187 0.331068754196167 0.337938785552979 0.290875494480133 0.289403825998306 0.299052149057388 0.305893152952194 0.30820968747139 0.30896258354187 0.315190196037292 0.31537726521492 0.311383217573166 0.321027159690857
-3.4e+38 -3.4e+38 -3.4e+38 -3.4e+38 -3.4e+38 -3.4e+38 -3.4e+38 -3.4e+38 -3.4e+38 -3.4e+38 -3.4e+38 -3.4e+38 -3.4e+38 -3.4e+38 -3.4e+38 -3.4e+38 -3.4e+38 -3.4e+38 -3.4e+38 -3.4e+38 -3.4e+38 -3.4e+38 -3.4e+38 -3.4e+38 -3.4e+38 -3.4e+38 -3.4e+38 -3.4e+38 -3.4e+38 -3.4e+38 -3.4e+38 -3.4e+38 -3.4e+38 -3.4e+38 -3.4e+38 -3.4e+38 0.341570615768433 0.335412055253983 0.327801167964935 0.301698386669159 0.291970819234848 0.293435394763947 0.294794499874115 0.295697808265686 0.296410232782364 0.299409121274948 0.304223030805588 0.305290043354034 0.309019297361374
-3.4e+38 -3.4e+38 -3.4e+38 -3.4e+38 -3.4e+38 -3.4e+38 -3.4e+38 -3.4e+38 -3.4e+38 -3.4e+38 -3.4e+38 -3.4e+38 -3.4e+38 -3.4e+38 -3.4e+38 -3.4e+38 -3.4e+38 -3.4e+38 -3.4e+38 -3.4e+38 -3.4e+38 -3.4e+38 -3.4e+38 -3.4e+38 -3.4e+38 -3.4e+38 -3.4e+38 -3.4e+38 -3.4e+38 -3.4e+38 -3.4e+38 -3.4e+38 -3.4e+38 -3.4e+38 -3.4e+38 -3.4e+38 -3.4e+38 0.315734386444092 0.315292596817017 0.311279326677322 0.299844563007355 0.294232368469238 0.288096994161606 0.289398908615112 0.297678738832474 0.308665752410889 0.3171366751194 0.317833065986633 0.313768595457077
-3.4e+38 -3.4e+38 -3.4e+38 -3.4e+38 -3.4e+38 -3.4e+38 -3.4e+38 -3.4e+38 -3.4e+38 -3.4e+38 -3.4e+38 -3.4e+38 -3.4e+38 -3.4e+38 -3.4e+38 -3.4e+38 -3.4e+38 -3.4e+38 -3.4e+38 -3.4e+38 -3.4e+38 -3.4e+38 -3.4e+38 -3.4e+38 -3.4e+38 -3.4e+38 -3.4e+38 -3.4e+38 -3.4e+38 -3.4e+38 -3.4e+38 -3.4e+38 -3.4e+38 -3.4e+38 -3.4e+38 -3.4e+38 -3.4e+38 -3.4e+38 0.314277470111847 0.316965579986572 0.316597998142242 0.306791096925735 0.294716358184814 0.28621432185173 0.289864778518677 0.299464792013168 0.304323822259903 0.305436819791794 0.306159824132919
