data/1_raw/trimmed_ndre/W_ndre.515.2010_no_clouds.asc
NCOLS 130 
NROWS 71 
XLLCORNER 530645 
YLLCORNER 5158205 
CELLSIZE 5 
NODATA_value -3.4e+38 
[rows 0 to 20 of 71, columns 0 to 48 of 130]
-339999999999999996123846586046231871488.000000000000000 -3.4e+38 -3.4e+38 -3.4e+38 -3.4e+38 -3.4e+38 -3.4e+38 -3.4e+38 -3.4e+38 -3.4e+38 -3.4e+38 0.509967029094696 0.49492272734642 0.447816461324692 0.418510556221008 0.428081274032593 0.476868152618408 -3.4e+38 -3.4e+38 -3.4e+38 -3.4e+38 -3.4e+38 -3.4e+38 -3.4e+38 -3.4e+38 -3.4e+38 -3.4e+38 -3.4e+38 -3.4e+38 -3.4e+38 -3.4e+38 -3.4e+38 -3.4e+38 -3.4e+38 -3.4e+38 -3.4e+38 -3.4e+38 -3.4e+38 -3.4e+38 -3.4e+38 -3.4e+38 -3.4e+38 -3.4e+38 -3.4e+38 -3.4e+38 -3.4e+38 -3.4e+38 -3.4e+38 -3.4e+38
-3.4e+38 -3.4e+38 -3.4e+38 -3.4e+38 -3.4e+38 -3.4e+38 -3.4e+38 -3.4e+38 -3.4e+38 -3.4e+38 0.493475347757339 0.50854879617691 0.525496006011963 0.490630328655243 0.445747345685959 0.436682432889938 0.457646608352661 0.489929795265198 -3.4e+38 -3.4e+38 -3.4e+38 -3.4e+38 -3.4e+38 -3.4e+38 -3.4e+38 -3.4e+38 -3.4e+38 -3.4e+38 -3.4e+38 -3.4e+38 -3.4e+38 -3.4e+38 -3.4e+38 -3.4e+38 -3.4e+38 -3.4e+38 -3.4e+38 -3.4e+38 -3.4e+38 -3.4e+38 -3.4e+38 -3.4e+38 -3.4e+38 -3.4e+38 -3.4e+38 -3.4e+38 -3.4e+38 -3.4e+38 -3.4e+38
-3.4e+38 -3.4e+38 -3.4e+38 -3.4e+38 -3.4e+38 -3.4e+38 -3.4e+38 -3.4e+38 0.383766740560532 0.472065448760986 0.491501271724701 0.515490770339966 0.550845980644226 0.538225054740906 0.484328657388687 0.453703433275223 0.437968701124191 0.454120934009552 0.473290652036667 -3.4e+38 -3.4e+38 -3.4e+38 -3.4e+38 -3.4e+38 -3.4e+38 -3.4e+38 -3.4e+38 -3.4e+38 -3.4e+38 -3.4e+38 -3.4e+38 -3.4e+38 -3.4e+38 -3.4e+38 -3.4e+38 -3.4e+38 -3.4e+38 -3.4e+38 -3.4e+38 -3.4e+38 -3.4e+38 -3.4e+38 -3.4e+38 -3.4e+38 -3.4e+38 -3.4e+38 -3.4e+38 -3.4e+38 -3.4e+38
-3.4e+38 -3.4e+38 -3.4e+38 -3.4e+38 -3.4e+38 -3.4e+38 -3.4e+38 -3.4e+38 -3.4e+38 0.446881115436554 0.491595059633255 0.52111941576004 0.531598508358002 0.52692699432373 0.486446738243103 0.457070827484131 0.454172641038895 0.447785884141922 0.459234535694122 0.499384820461273 0.504497706890106 -3.4e+38 -3.4e+38 -3.4e+38 -3.4e+38 -3.4e+38 -3.4e+38 -3.4e+38 -3.4e+38 -3.4e+38 -3.4e+38 -3.4e+38 0.605694174766541 0.584823966026306 -3.4e+38 -3.4e+38 -3.4e+38 -3.4e+38 -3.4e+38 -3.4e+38 -3.4e+38 -3.4e+38 -3.4e+38 -3.4e+38 -3.4e+38 -3.4e+38 -3.4e+38 -3.4e+38 -3.4e+38
-3.4e+38 -3.4e+38 -3.4e+38 -3.4e+38 -3.4e+38 -3.4e+38 -3.4e+38 -3.4e+38 -3.4e+38 0.422200202941895 0.495857954025269 0.517626702785492 0.509751915931702 0.522756576538086 0.498976916074753 0.452672809362411 0.441186755895615 0.440971314907074 0.466459810733795 0.511407256126404 0.523571193218231 0.516288936138153 0.552542448043823 0.589934706687927 0.588535964488983 0.581028044223785 0.604231059551239 0.614032506942749 -3.4e+38 -3.4e+38 -3.4e+38 0.620484411716461 0.619154036045074 0.61407470703125 0.610629558563232 0.604050934314728 0.600730955600739 -3.4e+38 -3.4e+38 -3.4e+38 -3.4e+38 -3.4e+38 -3.4e+38 -3.4e+38 -3.4e+38 -3.4e+38 -3.4e+38 -3.4e+38 -3.4e+38
-3.4e+38 -3.4e+38 -3.4e+38 -3.4e+38 -3.4e+38 -3.4e+38 -3.4e+38 -3.4e+38 -3.4e+38 0.402170985937119 0.481283962726593 0.493715137243271 0.498232960700989 0.526742041110992 0.515297591686249 0.482070952653885 0.459785014390945 0.463749498128891 0.466311722993851 0.496282875537872 0.551500797271729 0.562042832374573 0.565779387950897 0.592570602893829 0.60046923160553 0.608936369419098 0.638677299022675 0.636111855506897 0.624143242835999 0.634685099124908 0.633653581142426 0.618311882019043 0.615438997745514 0.619345843791962 0.627420008182526 0.637929975986481 0.642044842243195 0.627408564090729 0.611821234226227 0.608007490634918 -3.4e+38 -3.4e+38 -3.4e+38 -3.4e+38 -3.4e+38 -3.4e+38 -3.4e+38 -3.4e+38 -3.4e+38
-3.4e+38 -3.4e+38 -3.4e+38 -3.4e+38 -3.4e+38 -3.4e+38 -3.4e+38 -3.4e+38 -3.4e+38 0.374723315238953 0.437962085008621 0.476012349128723 0.509379982948303 0.529132783412933 0.515802264213562 0.497612208127975 0.494034379720688 0.508430898189545 0.490977227687836 0.501559793949127 0.548007011413574 0.566168606281281 0.570950925350189 0.589559435844421 0.608319580554962 0.625924825668335 0.637301921844482 0.634047269821167 0.623757123947144 0.624075412750244 0.634145319461823 0.64448356628418 0.632362604141235 0.619324028491974 0.637902557849884 0.651350259780884 0.6587775349617 0.65394139289856 0.636230528354645 0.628918528556824 0.598991334438324 0.567867815494537 -3.4e+38 -3.4e+38 -3.4e+38 -3.4e+38 -3.4e+38 -3.4e+38 -3.4e+38
-3.4e+38 -3.4e+38 -3.4e+38 -3.4e+38 -3.4e+38 -3.4e+38 -3.4e+38 -3.4e+38 -3.4e+38 0.333588987588882 0.397266089916229 0.478919595479965 0.526024878025055 0.533558189868927 0.516711592674255 0.520943880081177 0.540515601634979 0.557356834411621 0.54782897233963 0.549943089485168 0.567661046981812 0.573380887508392 0.590224325656891 0.608523607254028 0.61565887928009 0.620305180549622 0.613353371620178 0.610030591487885 0.611280739307404 0.617079854011536 0.627780437469482 0.647821247577667 0.639229595661163 0.616208374500275 0.628753423690796 0.625840902328491 0.625114023685455 0.64527839422226 0.642253696918488 0.623920977115631 0.605524778366089 0.598019003868103 0.584880292415619 -3.4e+38 -3.4e+38 -3.4e+38 -3.4e+38 -3.4e+38 -3.4e+38
-3.4e+38 -3.4e+38 -3.4e+38 -3.4e+38 -3.4e+38 -3.4e+38 -3.4e+38 -3.4e+38 0.251005053520203 0.320692479610443 0.388156116008759 0.472021043300629 0.521048188209534 0.531856656074524 0.541592001914978 0.56807416677475 0.578168570995331 0.595072090625763 0.61051481962204 0.602334678173065 0.595507860183716 0.604555010795593 0.622720658779144 0.634211957454681 0.628732323646545 0.60992568731308 0.583917379379272 0.570159554481506 0.585247576236725 0.618737637996674 0.632821381092072 0.639868557453156 0.649846851825714 0.63824462890625 0.631013512611389 0.633007168769836 0.637271702289581 0.654844284057617 0.652647793292999 0.636377573013306 0.625107526779175 0.625010013580322 0.614826917648315 0.589455246925354 0.572971761226654 0.574556052684784 0.571608483791351 -3.4e+38 -3.4e+38
-3.4e+38 -3.4e+38 -3.4e+38 -3.4e+38 -3.4e+38 -3.4e+38 -3.4e+38 0.203713804483414 0.238060042262077 0.29406276345253 0.347782790660858 0.41688084602356 0.491868495941162 0.520690202713013 0.550657212734222 0.588714241981506 0.599806427955627 0.615390658378601 0.634772181510925 0.628273844718933 0.624208033084869 0.631037056446075 0.647891938686371 0.650578558444977 0.639173984527588 0.620584666728973 0.592200517654419 0.573677241802216 0.584541082382202 0.63498455286026 0.649269700050354 0.645912885665894 0.662115693092346 0.662467479705811 0.647634983062744 0.636605441570282 0.649537622928619 0.674616694450378 0.673980534076691 0.649926066398621 0.633614242076874 0.625668585300446 0.633207023143768 0.624477505683899 0.592443108558655 0.590838372707367 0.59931492805481 0.57476943731308 -3.4e+38
-3.4e+38 -3.4e+38 -3.4e+38 -3.4e+38 -3.4e+38 -3.4e+38 0.222401812672615 0.211060479283333 0.231510415673256 0.242947742342949 0.27869901061058 0.368587046861649 0.436705201864243 0.470617771148682 0.515308618545532 0.56207537651062 0.592835307121277 0.606889009475708 0.618915438652039 0.626387298107147 0.632939457893372 0.644620358943939 0.661564469337463 0.664033234119415 0.659978806972504 0.646144688129425 0.62481302022934 0.610097348690033 0.615088820457458 0.6511350274086 0.647187054157257 0.634570598602295 0.640773713588715 0.645518481731415 0.645651161670685 0.627334475517273 0.616213202476501 0.644917368888855 0.663696229457855 0.657000720500946 0.635543823242188 0.624671161174774 0.628598928451538 0.630687475204468 0.614125311374664 0.615193903446198 0.613691091537476 0.59344869852066 0.594459474086761
-3.4e+38 -3.4e+38 -3.4e+38 -3.4e+38 -3.4e+38 0.189975053071976 0.221961557865143 0.228969976305962 0.204934239387512 0.211907938122749 0.257191210985184 0.319256752729416 0.33824348449707 0.366274446249008 0.425257354974747 0.49190965294838 0.54400897026062 0.5648233294487 0.579573154449463 0.598533749580383 0.610047459602356 0.634430408477783 0.656553387641907 0.657269775867462 0.659168422222137 0.658945202827454 0.650075495243073 0.639440834522247 0.638238728046417 0.640861570835114 0.621368408203125 0.624053657054901 0.638843238353729 0.639825999736786 0.645189881324768 0.636967897415161 0.624758422374725 0.626538693904877 0.643942952156067 0.647581875324249 0.634244322776794 0.618651330471039 0.616745412349701 0.613031268119812 0.615520834922791 0.623111307621002 0.613252758979797 0.602879822254181 0.615372061729431
-3.4e+38 -3.4e+38 -3.4e+38 -3.4e+38 -3.4e+38 0.183589443564415 0.211347460746765 0.215755611658096 0.20477882027626 0.220961645245552 0.242317005991936 0.249180346727371 0.253783196210861 0.274256706237793 0.33960235118866 0.392881363630295 0.426935225725174 0.456189632415771 0.469448536634445 0.505328059196472 0.552273452281952 0.587328970432281 0.611880779266357 0.609248459339142 0.611596643924713 0.627268075942993 0.639644145965576 0.64124858379364 0.643558859825134 0.638636410236359 0.62341445684433 0.637335538864136 0.651291489601135 0.651051461696625 0.645056128501892 0.636132061481476 0.632434725761414 0.624394953250885 0.629774808883667 0.62980043888092 0.627724051475525 0.64084666967392 0.635542154312134 0.608882129192352 0.593614101409912 0.599387645721436 0.599041223526001 0.610026478767395 0.627412617206573
-3.4e+38 -3.4e+38 -3.4e+38 -3.4e+38 0.180730983614922 0.193269014358521 0.21208618581295 0.216912358999252 0.213385596871376 0.205093935132027 0.206045612692833 0.201731130480766 0.208172455430031 0.249850407242775 0.277161359786987 0.25204536318779 0.24125961959362 0.270207524299622 0.30362394452095 0.352071911096573 0.391084432601929 0.424496561288834 0.457655251026154 0.476911067962646 0.491961479187012 0.530698001384735 0.568833410739899 0.597314655780792 0.62053644657135 0.641595005989075 0.645259618759155 0.646344661712646 0.649407804012299 0.643022656440735 0.63575804233551 0.631111145019531 0.639080047607422 0.64396595954895 0.647146880626678 0.641709208488464 0.632910370826721 0.652963519096375 0.651758134365082 0.623649895191193 0.610415637493134 0.61460280418396 0.619906067848206 0.625710666179657 0.628072619438171
-3.4e+38 -3.4e+38 -3.4e+38 -3.4e+38 0.192129030823708 0.196735024452209 0.209302946925163 0.207016110420227 0.199128046631813 0.204861506819725 0.206765726208687 0.191681802272797 0.187638685107231 0.201176136732101 0.210541039705276 0.198367774486542 0.201567530632019 0.222151175141335 0.242322251200676 0.242872506380081 0.230611383914948 0.22858701646328 0.25570946931839 0.300995439291 0.319487541913986 0.356478989124298 0.414501160383224 0.459523260593414 0.536298990249634 0.601187467575073 0.624287247657776 0.628215074539185 0.630941569805145 0.633347928524017 0.640771210193634 0.644847452640533 0.64249861240387 0.641713380813599 0.63834273815155 0.640961825847626 0.63275021314621 0.638495147228241 0.635847747325897 0.617871522903442 0.615480065345764 0.625010550022125 0.630499064922333 0.628513813018799 0.635551750659943
-3.4e+38 -3.4e+38 -3.4e+38 -3.4e+38 0.194348067045212 0.188109531998634 0.180971816182137 0.190363273024559 0.191337645053864 0.214100927114487 0.21552537381649 0.195083826780319 0.198384702205658 0.192576184868813 0.190906286239624 0.21806800365448 0.246288359165192 0.239566490054131 0.213733494281769 0.200474038720131 0.190219864249229 0.185418784618378 0.189726054668427 0.20445154607296 0.202511668205261 0.213002413511276 0.230548456311226 0.270299792289734 0.363399147987366 0.445278704166412 0.511299312114716 0.567218899726868 0.596814095973969 0.621710598468781 0.649658977985382 0.661241829395294 0.64525705575943 0.627775549888611 0.625693321228027 0.63753080368042 0.6433424949646 0.637314736843109 0.627860307693481 0.609919190406799 0.607658684253693 0.62204784154892 0.628529071807861 0.624799847602844 0.646570801734924
-3.4e+38 -3.4e+38 -3.4e+38 0.179820969700813 0.174282506108284 0.169282674789429 0.170358583331108 0.188525795936584 0.18995563685894 0.211248382925987 0.220643296837807 0.205420613288879 0.217181578278542 0.20816545188427 0.189472302794456 0.190514996647835 0.209483847022057 0.214578494429588 0.198310703039169 0.188039749860764 0.189360275864601 0.178977578878403 0.174581274390221 0.200277805328369 0.196980118751526 0.191004693508148 0.19178831577301 0.191314846277237 0.233387246727943 0.273528307676315 0.313879609107971 0.401936143636703 0.486218184232712 0.547176122665405 0.599566876888275 0.634556412696838 0.645828723907471 0.641953229904175 0.642887055873871 0.649952173233032 0.662611663341522 0.656884670257568 0.641490757465363 0.625140905380249 0.621393620967865 0.629334807395935 0.631520092487335 0.630734622478485 0.65674364566803
-3.4e+38 -3.4e+38 0.196107253432274 0.183108404278755 0.177496373653412 0.198301210999489 0.205046072602272 0.19355882704258 0.176798701286316 0.184486836194992 0.203962743282318 0.194827899336815 0.214176833629608 0.227002888917923 0.208636254072189 0.19901941716671 0.200837403535843 0.198082983493805 0.183682844042778 0.18409064412117 0.217900708317757 0.23007045686245 0.197730705142021 0.191772162914276 0.18531246483326 0.180469051003456 0.178284987807274 0.17734831571579 0.199885413050652 0.226908534765244 0.232086554169655 0.248565137386322 0.296528518199921 0.395191937685013 0.490974009037018 0.561396420001984 0.618608951568604 0.64663290977478 0.653528034687042 0.650071561336517 0.6488196849823 0.65330696105957 0.655455827713013 0.657745182514191 0.657800257205963 0.652941644191742 0.644088268280029 0.646103382110596 0.66691654920578
-3.4e+38 0.180869877338409 0.188404485583305 0.19020864367485 0.211600482463837 0.231253430247307 0.216297879815102 0.189656913280487 0.187479421496391 0.183274075388908 0.181083217263222 0.181410908699036 0.203831687569618 0.222781538963318 0.213956996798515 0.200050517916679 0.205168664455414 0.209531903266907 0.185235634446144 0.168635234236717 0.185181647539139 0.211564064025879 0.18343086540699 0.160707637667656 0.179565146565437 0.200581595301628 0.21096083521843 0.199315473437309 0.183198258280754 0.200176879763603 0.203109383583069 0.182691752910614 0.189086377620697 0.23343425989151 0.332472503185272 0.407778263092041 0.481649518013 0.545939743518829 0.591227173805237 0.618509411811829 0.630234956741333 0.630069077014923 0.631508767604828 0.647566378116608 0.655808091163635 0.65192723274231 0.647993683815002 0.650159597396851 0.65700364112854
-3.4e+38 0.17974491417408 0.192633450031281 0.20096592605114 0.212347060441971 0.195821836590767 0.197896242141724 0.195835843682289 0.211078286170959 0.20053206384182 0.177233055233955 0.175695151090622 0.194859355688095 0.211463138461113 0.207610264420509 0.185647860169411 0.190717235207558 0.206942975521088 0.190849393606186 0.179869294166565 0.18833364546299 0.198525905609131 0.174962520599365 0.17381939291954 0.192433193325996 0.200793012976646 0.205178409814835 0.202274635434151 0.186144545674324 0.190729796886444 0.178602904081345 0.168506786227226 0.176645174622536 0.202083766460419 0.22436535358429 0.253038972616196 0.307575047016144 0.387660712003708 0.477854639291763 0.547598123550415 0.587542831897736 0.596826791763306 0.5965735912323 0.616873264312744 0.624699354171753 0.639172852039337 0.644962430000305 0.640389859676361 0.638158619403839
0.186765372753143 0.195701763033867 0.205177709460258 0.191483587026596 0.1789530813694 0.166753247380257 0.170873746275902 0.186787694692612 0.209311589598656 0.214605703949928 0.188064903020859 0.189632907509804 0.190886288881302 0.195489287376404 0.205684840679169 0.182599812746048 0.181398034095764 0.194121181964874 0.168975383043289 0.15945690870285 0.17174519598484 0.186624214053154 0.17785656452179 0.176581993699074 0.194548800587654 0.186931684613228 0.170884937047958 0.170947968959808 0.18434351682663 0.193157166242599 0.195694804191589 0.197557106614113 0.193911865353584 0.190794393420219 0.209550961852074 0.216792315244675 0.246085837483406 0.280523896217346 0.322376638650894 0.378947049379349 0.454041630029678 0.517633318901062 0.545870363712311 0.585663020610809 0.606377899646759 0.632133781909943 0.643721520900726 0.626229763031006 0.619203865528107
