data/1_raw/trimmed_ndre/W_ndre.66.2013.asc
NCOLS 130 
NROWS 71 
XLLCORNER 530645 
YLLCORNER 5158205 
CELLSIZE 5 
NODATA_value -3.4e+38 
[rows 21 to 41 of 71, columns 0 to 48 of 130]
0.675434708595276 0.67055356502533 0.660014390945435 0.66566401720047 0.671196401119232 0.671836495399475 0.676297605037689 0.67157107591629 0.661323547363281 0.653955221176147 0.640836894512177 0.622245132923126 0.61975485086441 0.630264043807983 0.627430856227875 0.614462792873383 0.600911796092987 0.58803653717041 0.611240923404694 0.635224759578705 0.614059925079346 0.604797184467316 0.602962970733643 0.592582941055298 0.591751754283905 0.598723948001862 0.594287037849426 0.574613869190216 0.56281965970993 0.573524832725525 0.588212728500366 0.617953658103943 0.618147075176239 0.63519686460495 0.655696988105774 0.643546104431152 0.62542200088501 0.61085718870163 0.592874467372894 0.602372527122498 0.628943622112274 0.641111791133881 0.650652825832367 0.657787501811981 0.656045436859131 0.654135882854462 0.660033643245697 0.67597097158432 0.671801269054413
0.66895854473114 0.668842196464539 0.671614646911621 0.677186906337738 0.676038920879364 0.677335858345032 0.682373106479645 0.681236028671265 0.681305348873138 0.67500901222229 0.658505260944366 0.638370871543884 0.633744537830353 0.632737457752228 0.620187103748322 0.604662239551544 0.588265657424927 0.580131411552429 0.612109422683716 0.627962231636047 0.609838843345642 0.60433042049408 0.608289241790771 0.604504585266113 0.599128544330597 0.582370638847351 0.579406380653381 0.576241075992584 0.547906816005707 0.566301703453064 0.587557971477509 0.606926023960114 0.618681728839874 0.619868397712708 0.634221374988556 0.631464123725891 0.623407185077667 0.613950848579407 0.604273021221161 0.606306254863739 0.612092733383179 0.619110941886902 0.632648766040802 0.640781402587891 0.641418814659119 0.651097178459167 0.662925720214844 0.668504476547241 0.668590486049652
-3.4e+38 0.676787734031677 0.684384107589722 0.68610805273056 0.681815087795258 0.679449617862701 0.677587151527405 0.67279052734375 0.675727307796478 0.676148951053619 0.666842520236969 0.656854033470154 0.647447466850281 0.632873356342316 0.616192579269409 0.605385482311249 0.594725906848907 0.594265520572662 0.614797711372375 0.618460059165955 0.611755430698395 0.603884696960449 0.603343963623047 0.603676557540894 0.594346523284912 0.577552855014801 0.572313129901886 0.567963480949402 0.544548630714417 0.588790535926819 0.606838405132294 0.599541068077087 0.628120958805084 0.626848816871643 0.626672863960266 0.633068740367889 0.626447796821594 0.614762961864471 0.60525244474411 0.606745004653931 0.609217643737793 0.615359008312225 0.625741362571716 0.628896653652191 0.632395684719086 0.63831615447998 0.647293567657471 0.668418049812317 0.677200734615326
-3.4e+38 -3.4e+38 0.685702860355377 0.6848424077034 0.68307626247406 0.674924552440643 0.669019162654877 0.663004636764526 0.660946071147919 0.659136593341827 0.65805995464325 0.655361115932465 0.652321755886078 0.640037894248962 0.628775179386139 0.621482789516449 0.617094993591309 0.614027321338654 0.617200791835785 0.615361571311951 0.608494281768799 0.599809527397156 0.591665089130402 0.589815974235535 0.586738884449005 0.577391147613525 0.555655777454376 0.560597240924835 0.574085354804993 0.600861668586731 0.602782368659973 0.597900390625 0.636945307254791 0.643663048744202 0.635087728500366 0.638593971729279 0.63061249256134 0.611289143562317 0.603568255901337 0.609275162220001 0.611701726913452 0.61647492647171 0.624698519706726 0.628047704696655 0.634265244007111 0.635405540466309 0.642293930053711 0.664474964141846 0.66912442445755
-3.4e+38 -3.4e+38 -3.4e+38 0.670604705810547 0.673871636390686 0.667077839374542 0.673265278339386 0.673574328422546 0.667821288108826 0.665062785148621 0.656761765480042 0.651566863059998 0.656606435775757 0.649742662906647 0.641995847225189 0.63819694519043 0.633967638015747 0.619257271289825 0.609122514724731 0.603445649147034 0.596630036830902 0.586130380630493 0.575073301792145 0.576515555381775 0.567776441574097 0.555867075920105 0.549050271511078 0.567995429039001 0.588320791721344 0.584226906299591 0.595894396305084 0.599497556686401 0.619047343730927 0.645754873752594 0.64468389749527 0.637637317180634 0.634269058704376 0.618247926235199 0.608491718769073 0.609741628170013 0.608017146587372 0.611845374107361 0.620872616767883 0.622112572193146 0.632465183734894 0.641551375389099 0.639249563217163 0.643341839313507 0.65478527545929
-3.4e+38 -3.4e+38 -3.4e+38 0.661036610603333 0.665916562080383 0.666279077529907 0.674603283405304 0.675675868988037 0.676678061485291 0.677837431430817 0.664071798324585 0.653544723987579 0.652399957180023 0.647014737129211 0.643213987350464 0.639440655708313 0.633501052856445 0.616758465766907 0.601876795291901 0.595677018165588 0.588702321052551 0.563531219959259 0.554136276245117 0.560021698474884 0.535112380981445 0.536382734775543 0.553603649139404 0.551499307155609 0.583897888660431 0.586594462394714 0.583956003189087 0.590545773506165 0.608460307121277 0.640568852424622 0.646604478359222 0.645027458667755 0.640974104404449 0.628729045391083 0.616868436336517 0.609684765338898 0.607762932777405 0.613778352737427 0.616046249866486 0.61687433719635 0.627429366111755 0.640163898468018 0.628831028938293 0.632593750953674 0.653107166290283
-3.4e+38 -3.4e+38 -3.4e+38 0.666431546211243 0.660797595977783 0.664898693561554 0.674807131290436 0.673752546310425 0.676048755645752 0.66813600063324 0.647262513637543 0.639270842075348 0.640810132026672 0.637393891811371 0.637462317943573 0.62273383140564 0.608057022094727 0.598393023014069 0.597337603569031 0.597072601318359 0.577586472034454 0.545848190784454 0.526124119758606 0.529906570911407 0.522862553596497 0.530778706073761 0.537300288677216 0.531275510787964 0.594616532325745 0.596464097499847 0.573528289794922 0.607195317745209 0.62930703163147 0.641552865505219 0.653341114521027 0.658771157264709 0.647250711917877 0.63824200630188 0.632674396038055 0.624511241912842 0.616039097309113 0.611735761165619 0.612383961677551 0.613260865211487 0.615647256374359 0.628226459026337 0.626713871955872 0.629146695137024 0.650790333747864
-3.4e+38 -3.4e+38 -3.4e+38 -3.4e+38 0.662359118461609 0.66410505771637 0.672450065612793 0.669289171695709 0.671491384506226 0.663273453712463 0.645573496818542 0.633105754852295 0.631026446819305 0.634474813938141 0.635131478309631 0.615512311458588 0.591271221637726 0.589054942131042 0.595236837863922 0.584959030151367 0.563526570796967 0.543123602867126 0.526957452297211 0.532963156700134 0.545322895050049 0.542055010795593 0.548034429550171 0.562147378921509 0.598638713359833 0.606602966785431 0.604575991630554 0.634744107723236 0.645971596240997 0.655859768390656 0.668220818042755 0.671274125576019 0.658982157707214 0.653144598007202 0.646303594112396 0.637926995754242 0.635590791702271 0.626015186309814 0.612600982189178 0.606109738349915 0.607086956501007 0.620001792907715 0.631330966949463 0.635942101478577 0.648364126682281
-3.4e+38 -3.4e+38 -3.4e+38 -3.4e+38 -3.4e+38 0.663911700248718 0.659665942192078 0.659930050373077 0.666482627391815 0.663666903972626 0.646301984786987 0.626459538936615 0.618584036827087 0.626221656799316 0.628643214702606 0.605726838111877 0.583171248435974 0.589552164077759 0.590524077415466 0.576389908790588 0.565533697605133 0.560686647891998 0.556682407855988 0.558151125907898 0.565639674663544 0.571289300918579 0.572604238986969 0.573696494102478 0.588909208774567 0.61811351776123 0.628447651863098 0.633753478527069 0.649698317050934 0.664572298526764 0.678756654262543 0.685902297496796 0.674749255180359 0.664607524871826 0.65882670879364 0.655954360961914 0.661192953586578 0.651561439037323 0.62634003162384 0.613132894039154 0.613162517547607 0.628697276115417 0.652219176292419 0.652934432029724 0.647056341171265
-3.4e+38 -3.4e+38 -3.4e+38 -3.4e+38 -3.4e+38 -3.4e+38 -3.4e+38 -3.4e+38 0.654954254627228 0.652642011642456 0.638902068138123 0.624119281768799 0.617128670215607 0.619690418243408 0.616865634918213 0.587977886199951 0.572343230247498 0.582834362983704 0.586603701114655 0.576521694660187 0.575892090797424 0.573421478271484 0.569690763950348 0.565889596939087 0.566726207733154 0.576841294765472 0.584218621253967 0.58541202545166 0.594176888465881 0.616853058338165 0.637184023857117 0.649077713489532 0.662243843078613 0.68215674161911 0.696668982505798 0.701192378997803 0.695175528526306 0.683560252189636 0.672870278358459 0.667393445968628 0.666442394256592 0.661779701709747 0.651678383350372 0.644108057022095 0.63923567533493 0.653766930103302 0.669313967227936 0.659832894802094 0.652656137943268
-3.4e+38 -3.4e+38 -3.4e+38 -3.4e+38 -3.4e+38 -3.4e+38 -3.4e+38 -3.4e+38 -3.4e+38 -3.4e+38 0.624269843101501 0.622614979743958 0.61274790763855 0.61479377746582 0.608309805393219 0.584927797317505 0.576238453388214 0.584689497947693 0.585540413856506 0.579392910003662 0.580723762512207 0.576069474220276 0.570754408836365 0.5742546916008 0.577172756195068 0.590658009052277 0.606678128242493 0.617085456848145 0.630132079124451 0.636737048625946 0.642499029636383 0.649673521518707 0.677567422389984 0.703693389892578 0.707621037960052 0.707987129688263 0.709003746509552 0.702048242092133 0.682814955711365 0.677162110805511 0.683199524879456 0.684029757976532 0.684631288051605 0.677184581756592 0.664700865745544 0.667708933353424 0.681202292442322 0.671385228633881 0.664034783840179
-3.4e+38 -3.4e+38 -3.4e+38 -3.4e+38 -3.4e+38 -3.4e+38 -3.4e+38 -3.4e+38 -3.4e+38 -3.4e+38 -3.4e+38 0.611576318740845 0.603576421737671 0.605319917201996 0.597255885601044 0.584295511245728 0.583120465278625 0.592048943042755 0.587020814418793 0.582019686698914 0.587116837501526 0.581797897815704 0.579190254211426 0.58861231803894 0.601588189601898 0.615787088871002 0.623442888259888 0.626487135887146 0.634243309497833 0.638593554496765 0.640771210193634 0.649823904037476 0.66895455121994 0.681220650672913 0.685538232326508 0.693166971206665 0.700436532497406 0.706555664539337 0.69224601984024 0.684154987335205 0.684459269046783 0.678357124328613 0.676759958267212 0.683275282382965 0.677875161170959 0.673930525779724 0.678611814975739 0.678613781929016 0.674191057682037
-3.4e+38 -3.4e+38 -3.4e+38 -3.4e+38 -3.4e+38 -3.4e+38 -3.4e+38 -3.4e+38 -3.4e+38 -3.4e+38 -3.4e+38 -3.4e+38 -3.4e+38 -3.4e+38 -3.4e+38 -3.4e+38 -3.4e+38 -3.4e+38 -3.4e+38 -3.4e+38 -3.4e+38 -3.4e+38 -3.4e+38 -3.4e+38 -3.4e+38 -3.4e+38 -3.4e+38 -3.4e+38 -3.4e+38 -3.4e+38 -3.4e+38 0.677665770053864 0.684576749801636 0.677640795707703 0.675387859344482 0.677906692028046 0.683174669742584 0.692867815494537 0.685897052288055 0.681584775447845 0.676660120487213 0.665342271327972 0.654755234718323 0.66414612531662 0.667458772659302 0.655803799629211 0.658434689044952 0.674871742725372 0.67848014831543
-3.4e+38 -3.4e+38 -3.4e+38 -3.4e+38 -3.4e+38 -3.4e+38 -3.4e+38 -3.4e+38 -3.4e+38 -3.4e+38 -3.4e+38 -3.4e+38 -3.4e+38 -3.4e+38 -3.4e+38 -3.4e+38 -3.4e+38 -3.4e+38 -3.4e+38 -3.4e+38 -3.4e+38 -3.4e+38 -3.4e+38 -3.4e+38 -3.4e+38 -3.4e+38 -3.4e+38 -3.4e+38 -3.4e+38 -3.4e+38 -3.4e+38 -3.4e+38 -3.4e+38 0.686440706253052 0.680856764316559 0.682476162910461 0.68407154083252 0.677549302577972 0.671312570571899 0.673492014408112 0.676760494709015 0.677862942218781 0.666525661945343 0.655793905258179 0.649119675159454 0.639877080917358 0.647223830223083 0.663106739521027 0.674814105033875
-3.4e+38 -3.4e+38 -3.4e+38 -3.4e+38 -3.4e+38 -3.4e+38 -3.4e+38 -3.4e+38 -3.4e+38 -3.4e+38 -3.4e+38 -3.4e+38 -3.4e+38 -3.4e+38 -3.4e+38 -3.4e+38 -3.4e+38 -3.4e+38 -3.4e+38 -3.4e+38 -3.4e+38 -3.4e+38 -3.4e+38 -3.4e+38 -3.4e+38 -3.4e+38 -3.4e+38 -3.4e+38 -3.4e+38 -3.4e+38 -3.4e+38 -3.4e+38 -3.4e+38 -3.4e+38 0.683143973350525 0.684797704219818 0.683125734329224 0.667607188224792 0.659702003002167 0.662432312965393 0.660407185554504 0.657933712005615 0.654987156391144 0.648147165775299 0.643636107444763 0.636878132820129 0.641165971755981 0.651905477046967 0.661282122135162
-3.4e+38 -3.4e+38 -3.4e+38 -3.4e+38 -3.4e+38 -3.4e+38 -3.4e+38 -3.4e+38 -3.4e+38 -3.4e+38 -3.4e+38 -3.4e+38 -3.4e+38 -3.4e+38 -3.4e+38 -3.4e+38 -3.4e+38 -3.4e+38 -3.4e+38 -3.4e+38 -3.4e+38 -3.4e+38 -3.4e+38 -3.4e+38 -3.4e+38 -3.4e+38 -3.4e+38 -3.4e+38 -3.4e+38 -3.4e+38 -3.4e+38 -3.4e+38 -3.4e+38 -3.4e+38 0.679336249828339 0.679814875125885 0.681962847709656 0.666527569293976 0.653950035572052 0.65282279253006 0.648520231246948 0.641645967960358 0.633306384086609 0.639092743396759 0.637564182281494 0.627521932125092 0.631227374076843 0.635935366153717 0.642779231071472
-3.4e+38 -3.4e+38 -3.4e+38 -3.4e+38 -3.4e+38 -3.4e+38 -3.4e+38 -3.4e+38 -3.4e+38 -3.4e+38 -3.4e+38 -3.4e+38 -3.4e+38 -3.4e+38 -3.4e+38 -3.4e+38 -3.4e+38 -3.4e+38 -3.4e+38 -3.4e+38 -3.4e+38 -3.4e+38 -3.4e+38 -3.4e+38 -3.4e+38 -3.4e+38 -3.4e+38 -3.4e+38 -3.4e+38 -3.4e+38 -3.4e+38 -3.4e+38 -3.4e+38 -3.4e+38 0.678429007530212 0.680452704429626 0.675430297851562 0.661777973175049 0.650012850761414 0.640239655971527 0.636240243911743 0.628037452697754 0.609854102134705 0.613848686218262 0.62641704082489 0.623157024383545 0.623340368270874 0.619487822055817 0.624869704246521
-3.4e+38 -3.4e+38 -3.4e+38 -3.4e+38 -3.4e+38 -3.4e+38 -3.4e+38 -3.4e+38 -3.4e+38 -3.4e+38 -3.4e+38 -3.4e+38 -3.4e+38 -3.4e+38 -3.4e+38 -3.4e+38 -3.4e+38 -3.4e+38 -3.4e+38 -3.4e+38 -3.4e+38 -3.4e+38 -3.4e+38 -3.4e+38 -3.4e+38 -3.4e+38 -3.4e+38 -3.4e+38 -3.4e+38 -3.4e+38 -3.4e+38 -3.4e+38 -3.4e+38 -3.4e+38 -3.4e+38 0.688023447990417 0.673592448234558 0.662265777587891 0.651186287403107 0.629806578159332 0.610621392726898 0.599022805690765 0.589206695556641 0.597319483757019 0.615020513534546 0.616369068622589 0.604870855808258 0.593931078910828 0.597932398319244
-3.4e+38 -3.4e+38 -3.4e+38 -3.4e+38 -3.4e+38 -3.4e+38 -3.4e+38 -3.4e+38 -3.4e+38 -3.4e+38 -3.4e+38 -3.4e+38 -3.4e+38 -3.4e+38 -3.4e+38 -3.4e+38 -3.4e+38 -3.4e+38 -3.4e+38 -3.4e+38 -3.4e+38 -3.4e+38 -3.4e+38 -3.4e+38 -3.4e+38 -3.4e+38 -3.4e+38 -3.4e+38 -3.4e+38 -3.4e+38 -3.4e+38 -3.4e+38 -3.4e+38 -3.4e+38 -3.4e+38 -3.4e+38 0.677912950515747 0.665651261806488 0.653787672519684 0.624162256717682 0.590757429599762 0.59153139591217 0.597143769264221 0.596976637840271 0.596611857414246 0.591770827770233 0.577955186367035 0.568413197994232 0.57753986120224
-3.4e+38 -3.4e+38 -3.4e+38 -3.4e+38 -3.4e+38 -3.4e+38 -3.4e+38 -3.4e+38 -3.4e+38 -3.4e+38 -3.4e+38 -3.4e+38 -3.4e+38 -3.4e+38 -3.4e+38 -3.4e+38 -3.4e+38 -3.4e+38 -3.4e+38 -3.4e+38 -3.4e+38 -3.4e+38 -3.4e+38 -3.4e+38 -3.4e+38 -3.4e+38 -3.4e+38 -3.4e+38 -3.4e+38 -3.4e+38 -3.4e+38 -3.4e+38 -3.4e+38 -3.4e+38 -3.4e+38 -3.4e+38 -3.4e+38 0.665577232837677 0.657695114612579 0.638241708278656 0.615853786468506 0.61495703458786 0.608776986598969 0.596680223941803 0.58951598405838 0.575185060501099 0.56541895866394 0.564636945724487 0.570356130599976
-3.4e+38 -3.4e+38 -3.4e+38 -3.4e+38 -3.4e+38 -3.4e+38 -3.4e+38 -3.4e+38 -3.4e+38 -3.4e+38 -3.4e+38 -3.4e+38 -3.4e+38 -3.4e+38 -3.4e+38 -3.4e+38 -3.4e+38 -3.4e+38 -3.4e+38 -3.4e+38 -3.4e+38 -3.4e+38 -3.4e+38 -3.4e+38 -3.4e+38 -3.4e+38 -3.4e+38 -3.4e+38 -3.4e+38 -3.4e+38 -3.4e+38 -3.4e+38 -3.4e+38 -3.4e+38 -3.4e+38 -3.4e+38 -3.4e+38 -3.4e+38 0.638342797756195 0.636484742164612 0.623674750328064 0.613523781299591 0.604473352432251 0.594684362411499 0.585779368877411 0.576552212238312 0.57524561882019 0.57280695438385 0.565865874290466
