data/1_raw/trimmed_ndre/W_ndre.66.2013.asc
NCOLS 130 
NROWS 71 
XLLCORNER 530645 
YLLCORNER 5158205 
CELLSIZE 5 
NODATA_value -3.4e+38 
[rows 21 to 41 of 71, columns 49 to 97 of 130]
0.671370565891266 0.686958730220795 0.688790678977966 0.675934195518494 0.663372576236725 0.661029994487762 0.6631098985672 0.656039893627167 0.64694619178772 0.635801315307617 0.633395910263062 0.627183496952057 0.618833959102631 0.613236606121063 0.614373385906219 0.619252622127533 0.624086201190948 0.622590720653534 -3.4e+38 -3.4e+38 -3.4e+38 -3.4e+38 -3.4e+38 -3.4e+38 -3.4e+38 -3.4e+38 -3.4e+38 -3.4e+38 -3.4e+38 -3.4e+38 -3.4e+38 -3.4e+38 -3.4e+38 -3.4e+38 -3.4e+38 -3.4e+38 -3.4e+38 -3.4e+38 -3.4e+38 -3.4e+38 -3.4e+38 -3.4e+38 -3.4e+38 -3.4e+38 -3.4e+38 -3.4e+38 -3.4e+38 -3.4e+38 -3.4e+38
0.676335513591766 0.688069462776184 0.680076718330383 0.66474449634552 0.657715916633606 0.657492756843567 0.656441748142242 0.648674130439758 0.654802799224854 0.657730162143707 0.644895672798157 0.627681493759155 0.621518731117249 0.618278741836548 0.609577000141144 0.606467127799988 0.61066061258316 0.6170574426651 0.623782753944397 0.609014511108398 0.598628163337708 0.602249503135681 0.605039954185486 0.610653340816498 0.616232216358185 0.611005425453186 0.605004012584686 0.599698960781097 -3.4e+38 -3.4e+38 -3.4e+38 -3.4e+38 -3.4e+38 -3.4e+38 -3.4e+38 -3.4e+38 -3.4e+38 -3.4e+38 -3.4e+38 -3.4e+38 -3.4e+38 -3.4e+38 -3.4e+38 -3.4e+38 -3.4e+38 -3.4e+38 -3.4e+38 -3.4e+38 -3.4e+38
0.677002787590027 0.680477499961853 0.67925626039505 0.664118766784668 0.655736148357391 0.657311499118805 0.652777850627899 0.644412279129028 0.652817368507385 0.659801602363586 0.637304186820984 0.612974047660828 0.610418558120728 0.611661076545715 0.608659029006958 0.615529954433441 0.611409902572632 0.618877708911896 0.633604645729065 0.606667518615723 0.585891723632812 0.591897130012512 0.595615804195404 0.604879260063171 0.615529179573059 0.613140165805817 0.607602775096893 0.601336061954498 0.591788470745087 -3.4e+38 -3.4e+38 -3.4e+38 -3.4e+38 -3.4e+38 -3.4e+38 -3.4e+38 -3.4e+38 -3.4e+38 -3.4e+38 -3.4e+38 -3.4e+38 -3.4e+38 -3.4e+38 -3.4e+38 -3.4e+38 -3.4e+38 -3.4e+38 -3.4e+38 -3.4e+38
0.669327139854431 0.675631403923035 0.689225554466248 0.683118283748627 0.662338197231293 0.651525497436523 0.655711650848389 0.643794238567352 0.63208144903183 0.642911970615387 0.634132504463196 0.612379252910614 0.617651998996735 0.61824506521225 0.623531818389893 0.634842157363892 0.623055815696716 0.623022377490997 0.627924144268036 0.603467285633087 0.592770457267761 0.598839104175568 0.604538083076477 0.618805229663849 0.628364682197571 0.624599456787109 0.621063113212585 0.61543595790863 0.605128169059753 0.60139936208725 -3.4e+38 -3.4e+38 -3.4e+38 -3.4e+38 -3.4e+38 -3.4e+38 -3.4e+38 -3.4e+38 -3.4e+38 -3.4e+38 -3.4e+38 -3.4e+38 -3.4e+38 -3.4e+38 -3.4e+38 -3.4e+38 -3.4e+38 -3.4e+38 -3.4e+38
0.669041991233826 0.678708255290985 0.689572513103485 0.685029923915863 0.658767223358154 0.640875995159149 0.655829012393951 0.659629940986633 0.640090584754944 0.637531220912933 0.635593295097351 0.635151982307434 0.646053731441498 0.636125862598419 0.636707186698914 0.642405927181244 0.630131959915161 0.628149330615997 0.629796743392944 0.623792350292206 0.617711246013641 0.615696847438812 0.622642815113068 0.636424720287323 0.643738150596619 0.64536315202713 0.643186748027802 0.635037481784821 0.627024173736572 0.619648993015289 0.601378262042999 -3.4e+38 -3.4e+38 -3.4e+38 -3.4e+38 -3.4e+38 -3.4e+38 -3.4e+38 -3.4e+38 -3.4e+38 -3.4e+38 -3.4e+38 -3.4e+38 -3.4e+38 -3.4e+38 -3.4e+38 -3.4e+38 -3.4e+38 -3.4e+38
0.673651099205017 0.681205570697784 0.675576150417328 0.669996976852417 0.661431431770325 0.655117869377136 0.661661982536316 0.67168664932251 0.65803462266922 0.635239839553833 0.629965782165527 0.627175807952881 0.63264137506485 0.634492874145508 0.643701374530792 0.641661107540131 0.633088052272797 0.646401643753052 0.650178015232086 0.645049035549164 0.635873198509216 0.62644898891449 0.635298550128937 0.649475693702698 0.65634024143219 0.662573099136353 0.655279397964478 0.641567051410675 0.635816514492035 0.628336846828461 0.616443753242493 0.618261933326721 0.618383944034576 0.614587724208832 -3.4e+38 -3.4e+38 -3.4e+38 -3.4e+38 -3.4e+38 -3.4e+38 -3.4e+38 -3.4e+38 -3.4e+38 -3.4e+38 -3.4e+38 -3.4e+38 -3.4e+38 -3.4e+38 -3.4e+38
0.671363413333893 0.675552487373352 0.664819717407227 0.661933839321136 0.666182160377502 0.666580677032471 0.658700525760651 0.66039252281189 0.656518459320068 0.648416638374329 0.648514211177826 0.639297008514404 0.632342398166656 0.636523485183716 0.649985909461975 0.654171049594879 0.65441882610321 0.666936099529266 0.674498736858368 0.659957706928253 0.639401793479919 0.628584861755371 0.63865077495575 0.655967056751251 0.662224233150482 0.668817818164825 0.664404511451721 0.652786314487457 0.643283247947693 0.63385683298111 0.632097065448761 0.629639506340027 0.621005356311798 0.6143439412117 0.619870066642761 0.630090773105621 0.634256541728973 0.63402384519577 0.640035390853882 0.653701543807983 0.654855787754059 0.647827625274658 0.648836195468903 0.659713387489319 0.663949251174927 0.657073259353638 0.654732584953308 0.640032351016998 0.625660836696625
0.661254346370697 0.661838948726654 0.655170977115631 0.655641138553619 0.661566376686096 0.661130547523499 0.647331357002258 0.635684132575989 0.63082891702652 0.642454028129578 0.658913135528564 0.659507572650909 0.655456304550171 0.650849223136902 0.655771255493164 0.651513814926147 0.64834201335907 0.664231717586517 0.69041645526886 0.680155515670776 0.653317749500275 0.647293090820312 0.652326285839081 0.658067107200623 0.66391259431839 0.673649430274963 0.672943651676178 0.666040301322937 0.658311426639557 0.645918607711792 0.646323978900909 0.644906938076019 0.637400090694427 0.631537139415741 0.633369147777557 0.640357553958893 0.639574587345123 0.638938724994659 0.642731547355652 0.650805652141571 0.655777871608734 0.647574663162231 0.644695401191711 0.655885875225067 0.657711565494537 0.655554354190826 0.656033158302307 0.63819408416748 0.628780841827393
0.659774243831635 0.669072389602661 0.661649942398071 0.649517297744751 0.644314408302307 0.644421458244324 0.642037868499756 0.632611274719238 0.629513740539551 0.644614279270172 0.661160051822662 0.663317739963531 0.66691118478775 0.672165155410767 0.670537114143372 0.653424799442291 0.642716825008392 0.660142600536346 0.69342029094696 0.68513411283493 0.663459360599518 0.662067532539368 0.665170669555664 0.658184587955475 0.657435059547424 0.670519232749939 0.675288558006287 0.676999032497406 0.670869171619415 0.661324918270111 0.665457367897034 0.664561450481415 0.65562105178833 0.651948928833008 0.652077078819275 0.651546955108643 0.650119125843048 0.648493587970734 0.645999312400818 0.654190480709076 0.668966591358185 0.665995180606842 0.661003708839417 0.668051183223724 0.664201080799103 0.666479408740997 0.666447162628174 0.648328959941864 0.642410695552826
0.670819997787476 0.690055370330811 0.67451000213623 0.643792331218719 0.635492503643036 0.642818510532379 0.655910432338715 0.65572714805603 0.648113191127777 0.658781051635742 0.662320137023926 0.660900473594666 0.663438558578491 0.673758566379547 0.673292577266693 0.664038240909576 0.668970465660095 0.678248107433319 0.689358294010162 0.678389132022858 0.664912045001984 0.66585636138916 0.670908153057098 0.665332794189453 0.661828577518463 0.669070899486542 0.673632323741913 0.672783136367798 0.667008876800537 0.661222815513611 0.66624128818512 0.671992540359497 0.668227076530457 0.663783729076385 0.668063580989838 0.66984885931015 0.66707980632782 0.663245320320129 0.659312665462494 0.664011299610138 0.671582221984863 0.668719828128815 0.670275330543518 0.675102353096008 0.670534372329712 0.677055239677429 0.678104996681213 0.665047883987427 0.663884878158569
0.681045651435852 0.696554780006409 0.682315289974213 0.653227090835571 0.647789657115936 0.661988139152527 0.667518973350525 0.664133727550507 0.659316122531891 0.667558789253235 0.662923038005829 0.653709709644318 0.650382280349731 0.658770680427551 0.661843657493591 0.66256707906723 0.671148121356964 0.66700279712677 0.665274620056152 0.664435923099518 0.662042796611786 0.666214227676392 0.669090330600739 0.664441108703613 0.660655200481415 0.658295691013336 0.660486280918121 0.660344421863556 0.6695796251297 0.669771373271942 0.663217484951019 0.671713650226593 0.673803508281708 0.666601538658142 0.668258726596832 0.669576168060303 0.666359663009644 0.665594518184662 0.670212030410767 0.676717340946198 0.67527437210083 0.670602023601532 0.676373839378357 0.678203821182251 0.676025450229645 0.681779682636261 0.674879670143127 0.668631732463837 0.671132743358612
0.681257843971252 0.697996497154236 0.693951487541199 0.673203825950623 0.670006573200226 0.675348222255707 0.66383570432663 0.654917120933533 0.661225855350494 0.669882595539093 0.663090586662292 0.654412150382996 0.65189254283905 0.649058938026428 0.641460418701172 0.646292984485626 0.649416863918304 0.638794839382172 0.645235896110535 0.648387849330902 0.646900773048401 0.648833692073822 0.650425553321838 0.651108264923096 0.652090728282928 0.64559930562973 0.641740739345551 0.639065265655518 0.650387167930603 0.655253350734711 0.647748112678528 0.649800360202789 0.647234320640564 0.643045485019684 0.645100057125092 0.649774134159088 0.648902297019958 0.649819791316986 0.658771216869354 0.66738748550415 0.660209953784943 0.65549898147583 0.668712019920349 0.676549732685089 0.67946058511734 0.685534238815308 0.672292351722717 0.672087609767914 0.675454080104828
0.673269748687744 0.681004285812378 0.692163407802582 0.68975555896759 0.68281877040863 0.680356442928314 0.670526146888733 0.660534620285034 0.667275369167328 0.67365962266922 0.664604067802429 0.655823707580566 0.65521115064621 0.646907150745392 0.631076216697693 0.634261906147003 0.627203404903412 0.618739545345306 0.62882924079895 0.626217782497406 0.623121201992035 0.625211477279663 0.628591775894165 0.636104106903076 0.637178480625153 0.628950655460358 0.625306487083435 0.61751663684845 0.612391769886017 0.614005565643311 0.619142174720764 0.621412634849548 0.61786413192749 0.620768964290619 0.63353031873703 0.638625025749207 0.629441440105438 0.632375419139862 0.641784727573395 0.648341000080109 0.634674370288849 0.63070809841156 0.645160257816315 0.655872404575348 0.662197470664978 0.668512463569641 0.666956067085266 0.671998739242554 0.680605411529541
0.675626218318939 0.670500159263611 0.675401270389557 0.681204557418823 0.674401760101318 0.66990327835083 0.660327315330505 0.655699789524078 0.665503859519958 0.671594083309174 0.667426764965057 0.661577463150024 0.660947680473328 0.64919650554657 0.633542358875275 0.634377062320709 0.621338665485382 0.612883329391479 0.623963534832001 0.618221998214722 0.610902070999146 0.612123668193817 0.61780172586441 0.623795509338379 0.620738208293915 0.616874635219574 0.6239293217659 0.621375203132629 0.606722474098206 0.597892701625824 0.6056107878685 0.61577033996582 0.616290092468262 0.622094571590424 0.630932569503784 0.626674115657806 0.613009333610535 0.611681580543518 0.624323546886444 0.631162405014038 0.617011189460754 0.613936066627502 0.622118890285492 0.627391040325165 0.635708689689636 0.649191379547119 0.657107591629028 0.654595196247101 0.672034204006195
0.670005738735199 0.666694402694702 0.66128396987915 0.661836981773376 0.660908997058868 0.665346264839172 0.65684974193573 0.652569472789764 0.661994636058807 0.665153801441193 0.66570383310318 0.666968822479248 0.667356908321381 0.648366868495941 0.630482494831085 0.625245034694672 0.619040071964264 0.630358994007111 0.637449324131012 0.623232841491699 0.611461877822876 0.611633479595184 0.6195387840271 0.620046377182007 0.61394065618515 0.616697311401367 0.624304234981537 0.634930849075317 0.632241666316986 0.621761918067932 0.623581409454346 0.62471616268158 0.623931884765625 0.629204392433167 0.634465754032135 0.626002192497253 0.613730311393738 0.610768556594849 0.619916558265686 0.617408990859985 0.599023878574371 0.600044786930084 0.607949256896973 0.614855289459229 0.62445855140686 0.639746606349945 0.639720141887665 0.636743128299713 0.660325467586517
0.653000712394714 0.658424258232117 0.65704619884491 0.651887238025665 0.648132979869843 0.652251422405243 0.65186733007431 0.64871221780777 0.655858993530273 0.662965059280396 0.664534628391266 0.664823114871979 0.662267029285431 0.646170973777771 0.634145677089691 0.631801068782806 0.628276526927948 0.644285559654236 0.640084743499756 0.617648303508759 0.609515249729156 0.615558683872223 0.624139487743378 0.617231428623199 0.605956196784973 0.614789426326752 0.629960775375366 0.643463730812073 0.647380530834198 0.642858684062958 0.645135283470154 0.635783791542053 0.626621425151825 0.625753164291382 0.632250666618347 0.627116799354553 0.622501373291016 0.624042689800262 0.623891294002533 0.610791146755219 0.597770988941193 0.603648602962494 0.609164357185364 0.611552774906158 0.618109583854675 0.630487382411957 0.622957706451416 0.626004815101624 0.644261002540588
0.631347239017487 0.63527774810791 0.635963499546051 0.631767213344574 0.626468420028687 0.626289844512939 0.6294224858284 0.632859528064728 0.642952084541321 0.659151256084442 0.662523090839386 0.658634781837463 0.650173246860504 0.634451746940613 0.627236008644104 0.631135046482086 0.631316602230072 0.640576004981995 0.632296562194824 0.609720647335052 0.601549208164215 0.612280309200287 0.625628888607025 0.615316689014435 0.601119816303253 0.61332780122757 0.626620411872864 0.632195234298706 0.631576538085938 0.634780824184418 0.644630968570709 0.63813179731369 0.626202821731567 0.621789216995239 0.622992873191833 0.620067298412323 0.624226152896881 0.628743529319763 0.6236971616745 0.613873958587646 0.613743901252747 0.615953505039215 0.611490905284882 0.60977828502655 0.616626441478729 0.626136958599091 0.616969168186188 0.623302936553955 0.635955989360809
0.603449642658234 0.601621031761169 0.600721716880798 0.60068154335022 0.603852510452271 0.607995867729187 0.613005936145782 0.622830629348755 0.637342154979706 0.653029203414917 0.656713724136353 0.653077065944672 0.643505811691284 0.630516469478607 0.626192927360535 0.625907063484192 0.622585654258728 0.618453741073608 0.609092593193054 0.603829264640808 0.606334269046783 0.6155024766922 0.624366343021393 0.608512818813324 0.592033207416534 0.599449038505554 0.615999400615692 0.621189296245575 0.613757371902466 0.619492053985596 0.632906019687653 0.629558742046356 0.627925455570221 0.630469858646393 0.620858728885651 0.612297058105469 0.617925345897675 0.622830510139465 0.620880305767059 0.624206781387329 0.630409598350525 0.625709116458893 0.609828472137451 0.605810105800629 0.616582274436951 0.621643126010895 0.611412227153778 0.614831864833832 0.624051094055176
0.58561384677887 0.585179805755615 0.575109958648682 0.576517760753632 0.587816894054413 0.596692204475403 0.607899487018585 0.625023782253265 0.63884711265564 0.646709203720093 0.645520448684692 0.643332242965698 0.637751340866089 0.633363008499146 0.631428360939026 0.617569327354431 0.616718769073486 0.61546665430069 0.608179271221161 0.606643378734589 0.61331969499588 0.622903048992157 0.625711798667908 0.611821234226227 0.598965227603912 0.60224449634552 0.624445259571075 0.629235565662384 0.611473441123962 0.612566947937012 0.61795437335968 0.618184685707092 0.62143886089325 0.630548655986786 0.621023833751678 0.607357144355774 0.607166945934296 0.617358028888702 0.624411761760712 0.623745977878571 0.627380073070526 0.619948327541351 0.602303206920624 0.598715007305145 0.615490674972534 0.620697498321533 0.608079731464386 0.610093653202057 0.621608734130859
0.575079381465912 0.568924307823181 0.557925283908844 0.562175869941711 0.576432883739471 0.588479042053223 0.607954740524292 0.626974821090698 0.640338361263275 0.642793238162994 0.638092994689941 0.634445428848267 0.630433976650238 0.629684031009674 0.625527739524841 0.609234750270844 0.620278060436249 0.630054831504822 0.619150698184967 0.603809833526611 0.599117994308472 0.612021505832672 0.619074583053589 0.615441620349884 0.617125332355499 0.625003218650818 0.639295935630798 0.632920622825623 0.622119665145874 0.625787377357483 0.611914098262787 0.606740653514862 0.615002512931824 0.627710342407227 0.621916174888611 0.608126878738403 0.604536235332489 0.610365152359009 0.61747133731842 0.617120623588562 0.622542262077332 0.614413797855377 0.597061216831207 0.596869945526123 0.613719642162323 0.620893776416779 0.617749571800232 0.626595735549927 0.634168684482574
0.563883423805237 0.554208874702454 0.550075888633728 0.560826897621155 0.571852684020996 0.587859749794006 0.610948324203491 0.632591843605042 0.644041836261749 0.647769510746002 0.642592012882233 0.632594406604767 0.625627458095551 0.625482141971588 0.624750435352325 0.622055053710938 0.630755245685577 0.632246851921082 0.625012338161469 0.612073421478271 0.60820472240448 0.616466343402863 0.621305465698242 0.615141749382019 0.616883218288422 0.628966212272644 0.635362386703491 0.628703594207764 0.638645827770233 0.641766607761383 0.613915145397186 0.611087560653687 0.617703676223755 0.617772459983826 0.617717444896698 0.61665290594101 0.614459156990051 0.610694885253906 0.613075792789459 0.623808741569519 0.632899761199951 0.623625636100769 0.607418179512024 0.612961828708649 0.62767630815506 0.626123309135437 0.631968855857849 0.63904070854187 0.634044945240021
