data/1_raw/trimmed_ndre/W_ndre.522.2009_no_clouds.asc
NCOLS 130 
NROWS 71 
XLLCORNER 530645 
YLLCORNER 5158205 
CELLSIZE 5 
NODATA_value -3.4e+38 
[rows 21 to 41 of 71, columns 0 to 48 of 130]
0.547749817371368 0.547109961509705 0.575843632221222 0.578198790550232 0.575528264045715 0.568652331829071 0.548049807548523 0.521597862243652 0.497019171714783 0.466957569122314 0.440828889608383 0.453478008508682 0.488400191068649 0.512725234031677 0.515987932682037 0.508363902568817 0.478665679693222 0.464600533246994 0.449275344610214 0.454538106918335 0.445504695177078 0.422999680042267 0.419112771749496 0.413830190896988 0.415165066719055 0.420841097831726 0.419766455888748 0.42189022898674 0.427027881145477 0.455714225769043 0.493610173463821 0.522990107536316 0.548251330852509 0.56382805109024 0.576361417770386 0.575534820556641 0.558240652084351 0.533167541027069 0.474745780229568 0.427201598882675 0.36576709151268 0.304080218076706 0.248633176088333 0.207251146435738 0.163168415427208 0.178787782788277 0.187931060791016 0.187524795532227 0.192087456583977
0.556626677513123 0.555186212062836 0.570865452289581 0.564586222171783 0.558107316493988 0.558457970619202 0.541649699211121 0.510254561901093 0.49065563082695 0.483035415410995 0.482655316591263 0.484314680099487 0.486792653799057 0.491533041000366 0.494911253452301 0.48699077963829 0.473972082138062 0.461038261651993 0.437001615762711 0.424224823713303 0.41749981045723 0.398552238941193 0.396705746650696 0.406172752380371 0.403689622879028 0.396398544311523 0.399207413196564 0.443408042192459 0.446207284927368 0.426365435123444 0.457627981901169 0.472089618444443 0.503961861133575 0.54335480928421 0.569497644901276 0.582521736621857 0.570536911487579 0.569492518901825 0.552373588085175 0.529790699481964 0.500250220298767 0.446696221828461 0.326644062995911 0.239718958735466 0.195754587650299 0.205246359109879 0.191312864422798 0.183773666620255 0.192956060171127
-3.4e+38 0.539519548416138 0.551703274250031 0.571125030517578 0.568147718906403 0.560305655002594 0.533805251121521 0.51150768995285 0.51370096206665 0.523134291172028 0.521691381931305 0.500723302364349 0.499139428138733 0.500477492809296 0.487537264823914 0.479442119598389 0.473122000694275 0.457908421754837 0.451130777597427 0.441476851701736 0.41556653380394 0.371725976467133 0.354868561029434 0.384357184171677 0.38781663775444 0.367823153734207 0.369508504867554 0.414313673973083 0.431097686290741 0.426991641521454 0.467394113540649 0.468250602483749 0.509032309055328 0.555327534675598 0.56016618013382 0.568656265735626 0.546251833438873 0.525053143501282 0.536741077899933 0.558734714984894 0.559327185153961 0.53804749250412 0.479112952947617 0.422810584306717 0.365971058607101 0.290275096893311 0.211546659469604 0.190655380487442 0.176328480243683
-3.4e+38 -3.4e+38 0.543739795684814 0.570209324359894 0.546504020690918 0.522164463996887 0.511230289936066 0.509855926036835 0.518355965614319 0.529472589492798 0.524666845798492 0.510734915733337 0.518848836421967 0.51507967710495 0.491355627775192 0.471280544996262 0.458782345056534 0.446781516075134 0.461544394493103 0.460240393877029 0.422059744596481 0.376978427171707 0.353455066680908 0.372916609048843 0.372077375650406 0.371496558189392 0.366521447896957 0.37247958779335 0.405149906873703 0.448494344949722 0.485489368438721 0.487730622291565 0.50074291229248 0.534058630466461 0.548053622245789 0.544276773929596 0.533359229564667 0.501903831958771 0.489888489246368 0.537699401378632 0.56352835893631 0.584979176521301 0.590734243392944 0.531922578811646 0.47586977481842 0.395646870136261 0.266567468643188 0.18901115655899 0.186098545789719
-3.4e+38 -3.4e+38 -3.4e+38 0.515394270420074 0.501417517662048 0.479197412729263 0.491179972887039 0.517712235450745 0.520494759082794 0.512455821037292 0.511440217494965 0.512823343276978 0.506625652313232 0.493376433849335 0.495072811841965 0.490119785070419 0.473185330629349 0.463613986968994 0.45928081870079 0.445246964693069 0.429038017988205 0.409441530704498 0.392386227846146 0.381859093904495 0.360302269458771 0.372855186462402 0.370089501142502 0.356142848730087 0.373445987701416 0.402192980051041 0.441445410251617 0.46509250998497 0.480823785066605 0.521724343299866 0.553298532962799 0.543670535087585 0.524070084095001 0.48782804608345 0.477722972631454 0.5070521235466 0.533709108829498 0.557206034660339 0.582944631576538 0.576405763626099 0.553816497325897 0.521013140678406 0.441083699464798 0.329097926616669 0.257234245538712
-3.4e+38 -3.4e+38 -3.4e+38 0.475349634885788 0.500227332115173 0.4989954829216 0.482134521007538 0.493090063333511 0.509433329105377 0.503734946250916 0.508508026599884 0.511378586292267 0.496519863605499 0.492191761732101 0.505799829959869 0.503433763980865 0.494427680969238 0.482098817825317 0.451036751270294 0.42118239402771 0.412868738174438 0.411054402589798 0.399607479572296 0.371332854032516 0.343601375818253 0.358836770057678 0.371714264154434 0.363005995750427 0.36188417673111 0.379369407892227 0.430708229541779 0.492353886365891 0.524329543113708 0.527460157871246 0.540073871612549 0.551097095012665 0.53052681684494 0.505361258983612 0.475368171930313 0.487135261297226 0.503009021282196 0.51198536157608 0.52967756986618 0.568387985229492 0.587178468704224 0.584409952163696 0.550139248371124 0.474453687667847 0.363766580820084
-3.4e+38 -3.4e+38 -3.4e+38 0.533267319202423 0.536574065685272 0.535360932350159 0.505810916423798 0.50105345249176 0.522196769714355 0.521762013435364 0.509677469730377 0.516661822795868 0.511088728904724 0.512179791927338 0.506753623485565 0.478654623031616 0.465555280447006 0.456604063510895 0.430187344551086 0.404033899307251 0.390326201915741 0.383757323026657 0.375729948282242 0.368298321962357 0.357408374547958 0.374783277511597 0.395132690668106 0.396331131458282 0.397603183984756 0.421029150485992 0.466842532157898 0.517832279205322 0.542646825313568 0.5314000248909 0.546133100986481 0.565339863300323 0.552350342273712 0.528572857379913 0.488012075424194 0.485070914030075 0.493411928415298 0.495719075202942 0.509948074817657 0.527556419372559 0.547322571277618 0.566258370876312 0.565012156963348 0.539797008037567 0.496681660413742
-3.4e+38 -3.4e+38 -3.4e+38 -3.4e+38 0.548311412334442 0.54780238866806 0.549215257167816 0.552347004413605 0.55145674943924 0.536681950092316 0.509538650512695 0.516033828258514 0.529140830039978 0.54166179895401 0.517267405986786 0.467045307159424 0.437383204698563 0.422000795602798 0.405106574296951 0.398535341024399 0.398366183042526 0.389561921358109 0.382243603467941 0.397112190723419 0.404917806386948 0.422167152166367 0.438568115234375 0.431280761957169 0.467384427785873 0.501145601272583 0.507227957248688 0.522971391677856 0.54504919052124 0.553629815578461 0.56648862361908 0.574263632297516 0.560487926006317 0.540834009647369 0.518708348274231 0.512962102890015 0.497907519340515 0.492792963981628 0.512025058269501 0.507671415805817 0.508048057556152 0.534691870212555 0.565467298030853 0.572450160980225 0.561744570732117
-3.4e+38 -3.4e+38 -3.4e+38 -3.4e+38 -3.4e+38 0.576062738895416 0.563152968883514 0.552865087985992 0.543760478496552 0.533431172370911 0.523454606533051 0.523068189620972 0.51340240240097 0.522379398345947 0.505192577838898 0.474125564098358 0.455854743719101 0.415066510438919 0.389667689800262 0.394828468561172 0.404619514942169 0.401862502098083 0.40889310836792 0.429290503263474 0.432536870241165 0.447495400905609 0.455957800149918 0.458237797021866 0.522910356521606 0.550237655639648 0.537964344024658 0.540135622024536 0.56563663482666 0.586975336074829 0.588195979595184 0.590355396270752 0.573508441448212 0.557081341743469 0.560061633586884 0.565700531005859 0.542523980140686 0.504676043987274 0.503008484840393 0.515183091163635 0.524642705917358 0.541560351848602 0.572987079620361 0.583982646465302 0.583910644054413
-3.4e+38 -3.4e+38 -3.4e+38 -3.4e+38 -3.4e+38 -3.4e+38 -3.4e+38 -3.4e+38 0.510941863059998 0.530320107936859 0.531895399093628 0.494373798370361 0.473103821277618 0.479125469923019 0.480458319187164 0.469648867845535 0.44818052649498 0.421104460954666 0.404528945684433 0.399624824523926 0.405261397361755 0.398427307605743 0.409294903278351 0.44331619143486 0.460251092910767 0.473788976669312 0.467107981443405 0.49109160900116 0.565792202949524 0.578828930854797 0.553791344165802 0.565910577774048 0.590961635112762 0.595945298671722 0.601692080497742 0.601686477661133 0.579061090946198 0.577625393867493 0.589689671993256 0.580812036991119 0.563429057598114 0.525794208049774 0.519159615039825 0.54833984375 0.545698940753937 0.540729999542236 0.54770290851593 0.548421621322632 0.570122241973877
-3.4e+38 -3.4e+38 -3.4e+38 -3.4e+38 -3.4e+38 -3.4e+38 -3.4e+38 -3.4e+38 -3.4e+38 -3.4e+38 0.495091766119003 0.474035769701004 0.465991079807281 0.467711687088013 0.459037035703659 0.435310006141663 0.4326491355896 0.43636029958725 0.415443301200867 0.410991281270981 0.416329056024551 0.41422638297081 0.427061796188354 0.439572632312775 0.4679074883461 0.49594447016716 0.486010104417801 0.504215896129608 0.565712809562683 0.573403179645538 0.567134022712708 0.576408982276917 0.596997678279877 0.59451699256897 0.595603048801422 0.589380145072937 0.576922297477722 0.584818363189697 0.586394548416138 0.573483467102051 0.578601479530334 0.573464393615723 0.555777370929718 0.565314292907715 0.555435359477997 0.562424302101135 0.558793127536774 0.557227790355682 0.575292468070984
-3.4e+38 -3.4e+38 -3.4e+38 -3.4e+38 -3.4e+38 -3.4e+38 -3.4e+38 -3.4e+38 -3.4e+38 -3.4e+38 -3.4e+38 0.479153841733932 0.473809152841568 0.461977452039719 0.441953837871552 0.426247030496597 0.440688610076904 0.438653379678726 0.415989190340042 0.424522131681442 0.43081721663475 0.421059489250183 0.433166444301605 0.401255041360855 0.426178246736526 0.493169903755188 0.499144852161407 0.517507195472717 0.560628592967987 0.580509841442108 0.602533280849457 0.580573320388794 0.563524544239044 0.589442253112793 0.582512080669403 0.573877334594727 0.580979287624359 0.595163285732269 0.60031521320343 0.596164524555206 0.599957346916199 0.604277610778809 0.57934832572937 0.551054775714874 0.548492789268494 0.574259161949158 0.578533291816711 0.572190165519714 0.583813190460205
-3.4e+38 -3.4e+38 -3.4e+38 -3.4e+38 -3.4e+38 -3.4e+38 -3.4e+38 -3.4e+38 -3.4e+38 -3.4e+38 -3.4e+38 -3.4e+38 -3.4e+38 -3.4e+38 -3.4e+38 -3.4e+38 -3.4e+38 -3.4e+38 -3.4e+38 -3.4e+38 -3.4e+38 -3.4e+38 -3.4e+38 -3.4e+38 -3.4e+38 -3.4e+38 -3.4e+38 -3.4e+38 -3.4e+38 -3.4e+38 -3.4e+38 0.58194899559021 0.530544519424438 0.565885007381439 0.595530986785889 0.606138348579407 0.604458510875702 0.60004061460495 0.605471849441528 0.593891143798828 0.593823313713074 0.604769110679626 0.608456313610077 0.57580977678299 0.559088945388794 0.562405467033386 0.558729529380798 0.564711272716522 0.58292692899704
-3.4e+38 -3.4e+38 -3.4e+38 -3.4e+38 -3.4e+38 -3.4e+38 -3.4e+38 -3.4e+38 -3.4e+38 -3.4e+38 -3.4e+38 -3.4e+38 -3.4e+38 -3.4e+38 -3.4e+38 -3.4e+38 -3.4e+38 -3.4e+38 -3.4e+38 -3.4e+38 -3.4e+38 -3.4e+38 -3.4e+38 -3.4e+38 -3.4e+38 -3.4e+38 -3.4e+38 -3.4e+38 -3.4e+38 -3.4e+38 -3.4e+38 -3.4e+38 -3.4e+38 0.556766211986542 0.619815766811371 0.601735532283783 0.590166628360748 0.59281712770462 0.590183615684509 0.573505342006683 0.592504024505615 0.600967228412628 0.584715008735657 0.572841346263885 0.566125631332397 0.545068025588989 0.533428430557251 0.540608882904053 0.561960875988007
-3.4e+38 -3.4e+38 -3.4e+38 -3.4e+38 -3.4e+38 -3.4e+38 -3.4e+38 -3.4e+38 -3.4e+38 -3.4e+38 -3.4e+38 -3.4e+38 -3.4e+38 -3.4e+38 -3.4e+38 -3.4e+38 -3.4e+38 -3.4e+38 -3.4e+38 -3.4e+38 -3.4e+38 -3.4e+38 -3.4e+38 -3.4e+38 -3.4e+38 -3.4e+38 -3.4e+38 -3.4e+38 -3.4e+38 -3.4e+38 -3.4e+38 -3.4e+38 -3.4e+38 -3.4e+38 0.60139125585556 0.575382471084595 0.581200122833252 0.572811365127563 0.568725943565369 0.579399168491364 0.594036340713501 0.588518440723419 0.555152297019958 0.547448515892029 0.553228557109833 0.545879244804382 0.5186807513237 0.508168339729309 0.53617137670517
-3.4e+38 -3.4e+38 -3.4e+38 -3.4e+38 -3.4e+38 -3.4e+38 -3.4e+38 -3.4e+38 -3.4e+38 -3.4e+38 -3.4e+38 -3.4e+38 -3.4e+38 -3.4e+38 -3.4e+38 -3.4e+38 -3.4e+38 -3.4e+38 -3.4e+38 -3.4e+38 -3.4e+38 -3.4e+38 -3.4e+38 -3.4e+38 -3.4e+38 -3.4e+38 -3.4e+38 -3.4e+38 -3.4e+38 -3.4e+38 -3.4e+38 -3.4e+38 -3.4e+38 -3.4e+38 0.593944072723389 0.585330903530121 0.568276166915894 0.538155078887939 0.518292903900146 0.521002948284149 0.539215981960297 0.559999704360962 0.546163380146027 0.517763495445251 0.492938488721848 0.478591740131378 0.464291214942932 0.471136808395386 0.513181388378143
-3.4e+38 -3.4e+38 -3.4e+38 -3.4e+38 -3.4e+38 -3.4e+38 -3.4e+38 -3.4e+38 -3.4e+38 -3.4e+38 -3.4e+38 -3.4e+38 -3.4e+38 -3.4e+38 -3.4e+38 -3.4e+38 -3.4e+38 -3.4e+38 -3.4e+38 -3.4e+38 -3.4e+38 -3.4e+38 -3.4e+38 -3.4e+38 -3.4e+38 -3.4e+38 -3.4e+38 -3.4e+38 -3.4e+38 -3.4e+38 -3.4e+38 -3.4e+38 -3.4e+38 -3.4e+38 0.596733450889587 0.581413567066193 0.552710652351379 0.524176776409149 0.471048176288605 0.448469132184982 0.474390953779221 0.501761317253113 0.494559019804001 0.48233437538147 0.462723731994629 0.43494063615799 0.42103585600853 0.44884267449379 0.495171666145325
-3.4e+38 -3.4e+38 -3.4e+38 -3.4e+38 -3.4e+38 -3.4e+38 -3.4e+38 -3.4e+38 -3.4e+38 -3.4e+38 -3.4e+38 -3.4e+38 -3.4e+38 -3.4e+38 -3.4e+38 -3.4e+38 -3.4e+38 -3.4e+38 -3.4e+38 -3.4e+38 -3.4e+38 -3.4e+38 -3.4e+38 -3.4e+38 -3.4e+38 -3.4e+38 -3.4e+38 -3.4e+38 -3.4e+38 -3.4e+38 -3.4e+38 -3.4e+38 -3.4e+38 -3.4e+38 -3.4e+38 0.565842807292938 0.544053375720978 0.517061591148376 0.460395365953445 0.443347275257111 0.457015961408615 0.464583069086075 0.469043642282486 0.459760695695877 0.467491745948792 0.451373159885406 0.424066245555878 0.449038237333298 0.476634919643402
-3.4e+38 -3.4e+38 -3.4e+38 -3.4e+38 -3.4e+38 -3.4e+38 -3.4e+38 -3.4e+38 -3.4e+38 -3.4e+38 -3.4e+38 -3.4e+38 -3.4e+38 -3.4e+38 -3.4e+38 -3.4e+38 -3.4e+38 -3.4e+38 -3.4e+38 -3.4e+38 -3.4e+38 -3.4e+38 -3.4e+38 -3.4e+38 -3.4e+38 -3.4e+38 -3.4e+38 -3.4e+38 -3.4e+38 -3.4e+38 -3.4e+38 -3.4e+38 -3.4e+38 -3.4e+38 -3.4e+38 -3.4e+38 0.533779680728912 0.509698748588562 0.464793622493744 0.454076170921326 0.452488958835602 0.443352818489075 0.443569898605347 0.434406191110611 0.460661977529526 0.46937558054924 0.438677906990051 0.444954186677933 0.453826636075974
-3.4e+38 -3.4e+38 -3.4e+38 -3.4e+38 -3.4e+38 -3.4e+38 -3.4e+38 -3.4e+38 -3.4e+38 -3.4e+38 -3.4e+38 -3.4e+38 -3.4e+38 -3.4e+38 -3.4e+38 -3.4e+38 -3.4e+38 -3.4e+38 -3.4e+38 -3.4e+38 -3.4e+38 -3.4e+38 -3.4e+38 -3.4e+38 -3.4e+38 -3.4e+38 -3.4e+38 -3.4e+38 -3.4e+38 -3.4e+38 -3.4e+38 -3.4e+38 -3.4e+38 -3.4e+38 -3.4e+38 -3.4e+38 -3.4e+38 0.51763778924942 0.483804166316986 0.456789284944534 0.439360111951828 0.432911366224289 0.427457928657532 0.44096839427948 0.451489001512527 0.444220572710037 0.435231745243073 0.447173804044724 0.457278877496719
-3.4e+38 -3.4e+38 -3.4e+38 -3.4e+38 -3.4e+38 -3.4e+38 -3.4e+38 -3.4e+38 -3.4e+38 -3.4e+38 -3.4e+38 -3.4e+38 -3.4e+38 -3.4e+38 -3.4e+38 -3.4e+38 -3.4e+38 -3.4e+38 -3.4e+38 -3.4e+38 -3.4e+38 -3.4e+38 -3.4e+38 -3.4e+38 -3.4e+38 -3.4e+38 -3.4e+38 -3.4e+38 -3.4e+38 -3.4e+38 -3.4e+38 -3.4e+38 -3.4e+38 -3.4e+38 -3.4e+38 -3.4e+38 -3.4e+38 -3.4e+38 0.499928027391434 0.452430129051208 0.429710954427719 0.447903007268906 0.435362726449966 0.424005568027496 0.438151717185974 0.427372336387634 0.442585170269012 0.461276471614838 0.434410899877548
