data/1_raw/trimmed_ndre/W_ndre.78.2012_no_clouds.asc
NCOLS 130 
NROWS 71 
XLLCORNER 530645 
YLLCORNER 5158205 
CELLSIZE 5 
NODATA_value -3.4e+38 
[rows 42 to 62 of 71, columns 49 to 97 of 130]
0.27110767364502 0.258470118045807 0.256042063236237 0.248709321022034 0.260544121265411 0.281415939331055 0.281179994344711 0.276610612869263 0.268462032079697 0.274677902460098 0.285054624080658 0.27960729598999 0.279210984706879 0.275321960449219 0.28242301940918 0.294908821582794 0.290897697210312 0.291441738605499 0.293227583169937 0.29175215959549 0.289457559585571 0.274125099182129 0.264991521835327 0.272227197885513 0.277873605489731 0.279596537351608 0.288503259420395 0.289382785558701 0.27970352768898 0.284810662269592 0.294943571090698 0.29297149181366 0.278283387422562 0.291455119848251 0.298381149768829 0.290278494358063 0.298734545707703 0.288326978683472 0.27963387966156 0.285260915756226 0.289255082607269 0.296699345111847 0.300414741039276 0.296218514442444 0.300416648387909 0.302930176258087 0.303824752569199 0.306409388780594 0.311543613672256
0.263335525989532 0.257308840751648 0.255120396614075 0.244551062583923 0.25809708237648 0.280908405780792 0.277480721473694 0.283156931400299 0.283991128206253 0.279080778360367 0.280214428901672 0.283438146114349 0.28836265206337 0.278361588716507 0.27753159403801 0.270826697349548 0.262967526912689 0.26632559299469 0.2689109146595 0.287320643663406 0.300054907798767 0.283137291669846 0.262111663818359 0.257419973611832 0.25956067442894 0.25539693236351 0.267516672611237 0.270223736763 0.269041121006012 0.283692359924316 0.286937117576599 0.282558441162109 0.273794233798981 0.283891677856445 0.284624874591827 0.293780505657196 0.309264838695526 0.295123994350433 0.278414040803909 0.272491663694382 0.273472875356674 0.274164736270905 0.281350195407867 0.290428131818771 0.296119421720505 0.295579344034195 0.294796168804169 0.30053249001503 0.308438390493393
0.26325461268425 0.258898675441742 0.260756373405457 0.263092577457428 0.281303733587265 0.295912772417068 0.292470663785934 0.301793098449707 0.306467592716217 0.298052906990051 0.285185396671295 0.278348296880722 0.280157685279846 0.283686548471451 0.2889623939991 0.269641220569611 0.257631897926331 0.267136245965958 0.269411832094193 0.278645128011703 0.299924999475479 0.29186537861824 0.277557402849197 0.276434630155563 0.265251457691193 0.250242441892624 0.258233487606049 0.263203293085098 0.272804945707321 0.28891122341156 0.281856209039688 0.27986478805542 0.28188368678093 0.283076286315918 0.274549931287766 0.290855348110199 0.305937469005585 0.292655527591705 0.280577898025513 0.269884288311005 0.258716344833374 0.248991161584854 0.259169936180115 0.27368551492691 0.280399292707443 0.281735330820084 0.284242987632751 0.288217842578888 0.293984413146973
0.253897547721863 0.258366703987122 0.26916092634201 0.286401867866516 0.303917318582535 0.311504513025284 0.3101926445961 0.31123760342598 0.310092449188232 0.294550687074661 0.279315739870071 0.275507599115372 0.276616185903549 0.277587920427322 0.281442910432816 0.266323059797287 0.273015230894089 0.279521375894547 0.270698428153992 0.264241486787796 0.286819368600845 0.295218944549561 0.281524360179901 0.287443548440933 0.273604363203049 0.255250662565231 0.258451640605927 0.259933620691299 0.266780316829681 0.281978636980057 0.281863510608673 0.278551250696182 0.292069613933563 0.292022317647934 0.275022685527802 0.283168017864227 0.29240870475769 0.288090467453003 0.287450850009918 0.281147241592407 0.268262952566147 0.255611777305603 0.25954607129097 0.264586120843887 0.271174311637878 0.27715140581131 0.28307843208313 0.281890541315079 0.280421733856201
0.254170298576355 0.255893766880035 0.268750250339508 0.290150135755539 0.302044004201889 0.310370475053787 0.307911217212677 0.303906440734863 0.30730876326561 0.281005650758743 0.248960584402084 0.255059689283371 0.271553635597229 0.276042014360428 0.271076709032059 0.260748147964478 0.280193358659744 0.2886643409729 0.276757508516312 0.27029475569725 0.278671562671661 0.285157680511475 0.27813857793808 0.286566257476807 0.277590423822403 0.267936021089554 0.26492178440094 0.256296575069427 0.263509154319763 0.278331398963928 0.282005459070206 0.277306020259857 0.304295867681503 0.310203492641449 0.281583607196808 0.276994824409485 0.27935391664505 0.284397602081299 0.292907893657684 0.296863853931427 0.293856978416443 0.279551595449448 0.268805533647537 0.266738891601562 0.270915955305099 0.282890349626541 0.293992787599564 0.28866109251976 0.283303499221802
0.262877076864243 0.258510649204254 0.265893042087555 0.279197722673416 0.287696480751038 0.29602837562561 0.299273282289505 0.295569568872452 0.2903111577034 0.266753673553467 0.238142162561417 0.241365104913712 0.264157146215439 0.28102046251297 0.282453000545502 0.274174481630325 0.285753309726715 0.28377839922905 0.27886363863945 0.275177597999573 0.275969713926315 0.275832235813141 0.276554137468338 0.280789464712143 0.277410954236984 0.278315842151642 0.275692671537399 0.26086688041687 0.261937737464905 0.274980425834656 0.286203652620316 0.293692260980606 0.311321318149567 0.309695154428482 0.282555550336838 0.28008359670639 0.288399070501328 0.288751870393753 0.29554957151413 0.306705206632614 0.304173946380615 0.290212541818619 0.28277912735939 0.281311213970184 0.270882815122604 0.286770790815353 0.305271744728088 0.298727720975876 0.295548290014267
0.275334805250168 0.278533309698105 0.275734722614288 0.281374305486679 0.28529155254364 0.28885543346405 0.297963112592697 0.296725332736969 0.287706643342972 0.276761412620544 0.26962599158287 0.272001475095749 0.271163612604141 0.267915368080139 0.263082563877106 0.268540263175964 0.280680298805237 0.268463581800461 0.269140213727951 0.278639376163483 0.285758316516876 0.285075634717941 0.276792883872986 0.27424082159996 0.27704730629921 0.27528104186058 0.276791989803314 0.274573981761932 0.278314560651779 0.28877192735672 0.298683106899261 0.298324704170227 0.291273206472397 0.285394489765167 0.274951994419098 0.284616082906723 0.300431936979294 0.295457601547241 0.287943661212921 0.292425841093063 0.299776345491409 0.290717959403992 0.290316164493561 0.291909635066986 0.268021732568741 0.286728084087372 0.298757493495941 0.294568687677383 0.309342861175537
0.283782422542572 0.293447345495224 0.289726704359055 0.300761073827744 0.293141752481461 0.285078823566437 0.295312404632568 0.294493198394775 0.295888781547546 0.290974318981171 0.28835591673851 0.28807607293129 0.267875820398331 0.247925624251366 0.23763832449913 0.25925600528717 0.284855216741562 0.276959389448166 0.270885199308395 0.274613291025162 0.28689044713974 0.285246133804321 0.26982182264328 0.269755512475967 0.266762435436249 0.255066722631454 0.271460145711899 0.288207232952118 0.294432461261749 0.300958901643753 0.306815803050995 0.2919080555439 0.275297731161118 0.277910530567169 0.275119513273239 0.288190573453903 0.297458499670029 0.290349453687668 0.290935188531876 0.285645693540573 0.287480354309082 0.290147960186005 0.294725567102432 0.297609210014343 0.28790956735611 0.304582506418228 0.299465984106064 0.300507575273514 0.326349914073944
0.280243128538132 0.290165662765503 0.298242092132568 0.309022039175034 0.302823454141617 0.295993059873581 0.293748944997787 0.282944321632385 0.285638421773911 0.288196742534637 0.288866639137268 0.293278247117996 0.276923537254333 0.261136651039124 0.257868885993958 0.275664567947388 0.284267216920853 0.279512196779251 0.278533399105072 0.265478134155273 0.270568639039993 0.270122617483139 0.256621092557907 0.266469329595566 0.25561061501503 0.245620176196098 0.276734948158264 0.290363103151321 0.285355508327484 0.286074101924896 0.291948616504669 0.288030028343201 0.276678442955017 0.278714597225189 0.28647518157959 0.288058489561081 0.285811573266983 0.286378085613251 0.297303140163422 0.293782263994217 0.285546123981476 0.291578084230423 0.299632847309113 0.305962175130844 0.30726420879364 0.313080728054047 0.301941812038422 0.305919617414474 0.326922088861465
0.287190079689026 0.290657073259354 0.292486637830734 0.296837896108627 0.301856905221939 0.308651238679886 0.306276619434357 0.292895287275314 0.279519885778427 0.276987254619598 0.286141812801361 0.293092757463455 0.286604166030884 0.281416118144989 0.283822059631348 0.294197708368301 0.277725398540497 0.275234878063202 0.281121760606766 0.260647058486938 0.265468031167984 0.261626958847046 0.252960026264191 0.274240642786026 0.263921678066254 0.259874403476715 0.285571545362473 0.2805355489254 0.282342165708542 0.282219588756561 0.281749486923218 0.293362736701965 0.290487676858902 0.299386709928513 0.315827757120132 0.303377956151962 0.293665915727615 0.292127132415771 0.29777267575264 0.306968808174133 0.304428070783615 0.302501887083054 0.31163164973259 0.315373361110687 0.315997570753098 0.316005796194077 0.301733821630478 0.29852682352066 0.302298039197922
0.30769282579422 0.30494812130928 0.300978183746338 0.293272465467453 0.285293519496918 0.290127247571945 0.296476036310196 0.291539043188095 0.277730405330658 0.26857128739357 0.273128032684326 0.276076674461365 0.274571269750595 0.290347576141357 0.295228987932205 0.291508108377457 0.267296254634857 0.267622381448746 0.279465824365616 0.275040537118912 0.286621749401093 0.26915767788887 0.265027612447739 0.285700500011444 0.275342613458633 0.280002355575562 0.292982667684555 0.282363027334213 0.296387016773224 0.289505958557129 0.282902508974075 0.307827353477478 0.315875500440598 0.354090243577957 0.369117736816406 0.336677998304367 0.321664214134216 0.301774561405182 0.297993332147598 0.314239293336868 0.313422113656998 0.310530692338943 0.313047289848328 0.308929115533829 0.317297607660294 0.322165787220001 0.307530969381332 0.301141917705536 0.29346838593483
0.307282894849777 0.297004044055939 0.29828542470932 0.290921151638031 0.277508109807968 0.272258400917053 0.274750858545303 0.288255542516708 0.293366551399231 0.285224258899689 0.281818002462387 0.274338215589523 0.26906406879425 0.290344446897507 0.300514131784439 0.283331423997879 0.255330264568329 0.258011847734451 0.281336486339569 0.292893648147583 0.295355975627899 0.279181391000748 0.275438755750656 0.283165156841278 0.279922485351562 0.291592121124268 0.3038070499897 0.299887210130692 0.307847857475281 0.294934421777725 0.28459158539772 0.306672602891922 0.32340395450592 0.37653186917305 0.384167969226837 0.344912022352219 0.337561637163162 0.3201584815979 0.30827334523201 0.311181724071503 0.306825220584869 0.311914563179016 0.305420994758606 0.292392611503601 0.308766037225723 0.312758356332779 0.304369747638702 0.306900352239609 0.303058564662933
0.297822147607803 0.278255641460419 0.281327843666077 0.286084622144699 0.287109315395355 0.283178716897964 0.275230407714844 0.282592684030533 0.295098721981049 0.304212301969528 0.303746730089188 0.299968808889389 0.299300193786621 0.288641273975372 0.281629741191864 0.277948647737503 0.264946341514587 0.269528031349182 0.286864042282104 0.289888292551041 0.278258591890335 0.279272764921188 0.276766330003738 0.283151149749756 0.2931889295578 0.300008922815323 0.308014929294586 0.308492660522461 0.308129012584686 0.30735045671463 0.30804854631424 0.304553657770157 0.313546121120453 0.353350251913071 0.350301325321198 0.320644021034241 0.316813886165619 0.313468337059021 0.303421139717102 0.298594832420349 0.303056836128235 0.319226115942001 0.311763852834702 0.297195076942444 0.312847375869751 0.309608310461044 0.310165643692017 0.317784339189529 0.310758739709854
0.296547651290894 0.280663907527924 0.285090982913971 0.294309496879578 0.306754648685455 0.29963481426239 0.282603800296783 0.268162488937378 0.275329619646072 0.294869124889374 0.29504731297493 0.292931377887726 0.294089198112488 0.272548407316208 0.261236578226089 0.281052976846695 0.289939522743225 0.284530371427536 0.286720097064972 0.281185805797577 0.273171842098236 0.281941562891006 0.282366454601288 0.293052315711975 0.30598583817482 0.300105690956116 0.300167739391327 0.297295659780502 0.298420071601868 0.309745699167252 0.323089927434921 0.310892224311829 0.303498476743698 0.334714889526367 0.336379498243332 0.333916068077087 0.32724267244339 0.316865414381027 0.314030259847641 0.308340638875961 0.312490344047546 0.330596506595612 0.322041749954224 0.314402639865875 0.323611974716187 0.316247135400772 0.316607058048248 0.321249842643738 0.312322467565536
0.308142572641373 0.298598438501358 0.300661444664001 0.302273809909821 0.310807228088379 0.301393896341324 0.282902896404266 0.26970386505127 0.284153670072556 0.298762887716293 0.283009231090546 0.277100712060928 0.28241690993309 0.277121007442474 0.275045067071915 0.29373487830162 0.300613343715668 0.289461314678192 0.283454746007919 0.284223616123199 0.2774817943573 0.283736854791641 0.297683268785477 0.30144339799881 0.299773126840591 0.292977064847946 0.299494594335556 0.300556123256683 0.297835260629654 0.307386249303818 0.331331849098206 0.327490448951721 0.320278286933899 0.338977336883545 0.346868395805359 0.349010705947876 0.340857595205307 0.331985473632812 0.336023092269897 0.33486869931221 0.334754884243011 0.341261625289917 0.338168531656265 0.333122670650482 0.331633180379868 0.313529461622238 0.305730551481247 0.303629398345947 0.310903996229172
0.314349502325058 0.311086237430573 0.306268066167831 0.303731471300125 0.305851668119431 0.297915369272232 0.288680762052536 0.283995658159256 0.302846640348434 0.301571160554886 0.278869986534119 0.272355109453201 0.2802914083004 0.280840635299683 0.288011491298676 0.306250959634781 0.303137391805649 0.294362097978592 0.294686317443848 0.299854278564453 0.287705510854721 0.289652645587921 0.301811546087265 0.298397779464722 0.290032833814621 0.28416308760643 0.292724549770355 0.310115158557892 0.314900308847427 0.308920621871948 0.311942458152771 0.309439897537231 0.310778319835663 0.331067055463791 0.344220042228699 0.337928086519241 0.325199484825134 0.322781413793564 0.327655911445618 0.329550713300705 0.330014914274216 0.332515269517899 0.335901021957397 0.338501423597336 0.338694751262665 0.320428043603897 0.30602553486824 0.306442260742188 0.318658292293549
0.303673923015594 0.307092547416687 0.304412811994553 0.303156614303589 0.304245263338089 0.297873437404633 0.295371741056442 0.294725567102432 0.296325296163559 0.28861340880394 0.274794906377792 0.2718465924263 0.28258553147316 0.284748613834381 0.293901413679123 0.308110892772675 0.294449001550674 0.292806088924408 0.302060574293137 0.304771184921265 0.288842231035233 0.288298815488815 0.297628462314606 0.298464506864548 0.291488140821457 0.279535174369812 0.284957349300385 0.29901123046875 0.298531204462051 0.293571799993515 0.290665954351425 0.299381762742996 0.301999598741531 0.313929677009583 0.320367932319641 0.314585953950882 0.312329024076462 0.312247276306152 0.314632266759872 0.317183375358582 0.315808534622192 0.303003340959549 0.310324013233185 0.330557227134705 0.326303035020828 0.316288977861404 0.314961791038513 -3.4e+38 -3.4e+38
0.295442402362823 0.30339127779007 0.305142998695374 0.30882528424263 0.306540817022324 0.297131150960922 0.295746684074402 0.288369178771973 0.279909312725067 0.278020650148392 0.272094190120697 0.274120420217514 0.289610981941223 0.284933596849442 0.290690362453461 0.291362464427948 0.276233196258545 0.285879462957382 0.298998177051544 0.293958753347397 0.279721081256866 0.28175687789917 0.28985121846199 0.297767817974091 0.296482384204865 0.284075081348419 0.294015049934387 0.298701077699661 0.28426930308342 0.296003699302673 0.304794460535049 0.311294734477997 0.32025021314621 0.324736058712006 0.317174464464188 0.304025053977966 0.316861242055893 0.320438712835312 0.31916606426239 0.322675138711929 0.317795127630234 0.300911635160446 0.304532438516617 0.324116885662079 0.312432080507278 0.316659390926361 -3.4e+38 -3.4e+38 -3.4e+38
0.310577571392059 0.309569478034973 0.308898657560349 0.308425575494766 0.301308244466782 0.289966493844986 0.286876291036606 0.276114761829376 0.27691525220871 0.2851402759552 0.278770685195923 0.286396473646164 0.294669717550278 0.282770216464996 0.282577186822891 0.281076818704605 0.27454885840416 0.288539528846741 0.289015412330627 0.27833354473114 0.272042512893677 0.27892142534256 0.287675440311432 0.3011814057827 0.30069887638092 0.288928002119064 0.301471889019012 0.303993910551071 0.29204723238945 0.298588156700134 0.297804147005081 0.308537393808365 0.325564861297607 0.32762485742569 0.322606652975082 0.314646422863007 0.318250060081482 0.315169841051102 0.31492868065834 0.320068299770355 0.319837063550949 0.310246825218201 0.306631863117218 0.311869859695435 0.314411193132401 -3.4e+38 -3.4e+38 -3.4e+38 -3.4e+38
0.316498935222626 0.308199852705002 0.295277178287506 0.277610450983047 0.282269388437271 0.290356040000916 0.290735691785812 0.292099088430405 0.299037367105484 0.298040628433228 0.288844376802444 0.296157598495483 0.301856726408005 0.290384322404861 0.286210954189301 0.291936695575714 0.291603356599808 0.292376309633255 0.281050384044647 0.276713490486145 0.282395094633102 0.289085954427719 0.293108254671097 0.303252071142197 0.296114146709442 0.285680204629898 0.30122098326683 0.306438654661179 0.301609426736832 0.297820001840591 0.289305537939072 0.298850297927856 0.311646908521652 0.315490663051605 0.320762932300568 0.329501867294312 0.325854688882828 0.306362569332123 0.301722973585129 0.299570649862289 0.293517023324966 -3.4e+38 -3.4e+38 -3.4e+38 -3.4e+38 -3.4e+38 -3.4e+38 -3.4e+38 -3.4e+38
0.296558320522308 0.296608805656433 0.292377948760986 0.28425794839859 0.282191634178162 0.300155252218246 0.310440063476562 0.314378052949905 0.315422594547272 0.305247813463211 0.29243016242981 0.295612186193466 0.30335521697998 0.299007028341293 0.296116322278976 0.310037642717361 0.303238779306412 0.282608479261398 0.268505185842514 0.278364509344101 0.291925221681595 0.294878035783768 0.29621621966362 0.305188089609146 0.296827882528305 0.294563144445419 0.306707561016083 0.308450281620026 0.310179352760315 0.30685031414032 0.301201164722443 0.309713631868362 0.31162303686142 0.312605768442154 0.320764809846878 -3.4e+38 -3.4e+38 -3.4e+38 -3.4e+38 -3.4e+38 -3.4e+38 -3.4e+38 -3.4e+38 -3.4e+38 -3.4e+38 -3.4e+38 -3.4e+38 -3.4e+38 -3.4e+38
