data/1_raw/trimmed_ndre/W_ndre.430.2015_no_clouds.asc
NCOLS 130 
NROWS 71 
XLLCORNER 530645 
YLLCORNER 5158205 
CELLSIZE 5 
NODATA_value -3.4e+38 
[rows 21 to 41 of 71, columns 49 to 97 of 130]
0.176990866661072 0.186683058738708 0.187841832637787 0.181477904319763 0.189237967133522 0.184148967266083 0.168060556054115 0.17116716504097 0.175569176673889 0.177046984434128 0.174133732914925 0.169854983687401 0.169843941926956 0.166954010725021 0.156846165657043 0.160252124071121 0.164306879043579 0.164681404829025 -3.4e+38 -3.4e+38 -3.4e+38 -3.4e+38 -3.4e+38 -3.4e+38 -3.4e+38 -3.4e+38 -3.4e+38 -3.4e+38 -3.4e+38 -3.4e+38 -3.4e+38 -3.4e+38 -3.4e+38 -3.4e+38 -3.4e+38 -3.4e+38 -3.4e+38 -3.4e+38 -3.4e+38 -3.4e+38 -3.4e+38 -3.4e+38 -3.4e+38 -3.4e+38 -3.4e+38 -3.4e+38 -3.4e+38 -3.4e+38 -3.4e+38
0.194800943136215 0.19868303835392 0.196160033345222 0.185445606708527 0.184238106012344 0.173132702708244 0.166579753160477 0.175905555486679 0.191103577613831 0.190532803535461 0.184606611728668 0.174285024404526 0.170588999986649 0.16392919421196 0.157231852412224 0.163038402795792 0.166580513119698 0.164679303765297 0.160228684544563 0.170502796769142 0.172213494777679 0.168956398963928 0.166946768760681 0.171534940600395 0.170065701007843 0.164010003209114 0.15664353966713 0.156792968511581 -3.4e+38 -3.4e+38 -3.4e+38 -3.4e+38 -3.4e+38 -3.4e+38 -3.4e+38 -3.4e+38 -3.4e+38 -3.4e+38 -3.4e+38 -3.4e+38 -3.4e+38 -3.4e+38 -3.4e+38 -3.4e+38 -3.4e+38 -3.4e+38 -3.4e+38 -3.4e+38 -3.4e+38
0.199071273207664 0.200747713446617 0.199033811688423 0.19199250638485 0.180741563439369 0.17069448530674 0.168964639306068 0.180536344647408 0.203371703624725 0.201999202370644 0.193446412682533 0.184800684452057 0.177216380834579 0.165942668914795 0.163297235965729 0.169223338365555 0.170009195804596 0.165394514799118 0.165040865540504 0.17551177740097 0.176177710294724 0.172848626971245 0.171755835413933 0.176566958427429 0.172868937253952 0.166411995887756 0.161209926009178 0.163310080766678 0.162638396024704 -3.4e+38 -3.4e+38 -3.4e+38 -3.4e+38 -3.4e+38 -3.4e+38 -3.4e+38 -3.4e+38 -3.4e+38 -3.4e+38 -3.4e+38 -3.4e+38 -3.4e+38 -3.4e+38 -3.4e+38 -3.4e+38 -3.4e+38 -3.4e+38 -3.4e+38 -3.4e+38
0.18986913561821 0.19238643348217 0.18935538828373 0.186656385660172 0.181660041213036 0.175631806254387 0.174359515309334 0.180268228054047 0.191542953252792 0.194962158799171 0.188075214624405 0.187097191810608 0.187827706336975 0.173875987529755 0.174361884593964 0.180258244276047 0.175597086548805 0.166714116930962 0.172427445650101 0.183534324169159 0.185902073979378 0.181480154395103 0.180473402142525 0.183646515011787 0.17829954624176 0.172298073768616 0.170610532164574 0.174951314926147 0.174884617328644 0.173245921730995 -3.4e+38 -3.4e+38 -3.4e+38 -3.4e+38 -3.4e+38 -3.4e+38 -3.4e+38 -3.4e+38 -3.4e+38 -3.4e+38 -3.4e+38 -3.4e+38 -3.4e+38 -3.4e+38 -3.4e+38 -3.4e+38 -3.4e+38 -3.4e+38 -3.4e+38
0.178414344787598 0.176773369312286 0.165943786501884 0.169879883527756 0.173330083489418 0.175720453262329 0.180325701832771 0.181055992841721 0.186604514718056 0.193127200007439 0.186724618077278 0.191400140523911 0.196380943059921 0.184701964259148 0.175095051527023 0.182076945900917 0.186622872948647 0.174727320671082 0.181080669164658 0.191222861409187 0.191884577274323 0.188824772834778 0.188171297311783 0.187908604741096 0.183118358254433 0.177396073937416 0.177167013287544 0.180682346224785 0.181779652833939 0.181124612689018 0.177033677697182 -3.4e+38 -3.4e+38 -3.4e+38 -3.4e+38 -3.4e+38 -3.4e+38 -3.4e+38 -3.4e+38 -3.4e+38 -3.4e+38 -3.4e+38 -3.4e+38 -3.4e+38 -3.4e+38 -3.4e+38 -3.4e+38 -3.4e+38 -3.4e+38
0.188433557748795 0.182334452867508 0.166652962565422 0.169820725917816 0.167332664132118 0.171044006943703 0.179538026452065 0.176089853048325 0.176525771617889 0.18209433555603 0.185081347823143 0.19108809530735 0.191335797309875 0.184280633926392 0.172158226370811 0.187058314681053 0.195526763796806 0.187017679214478 0.182938814163208 0.199057966470718 0.205241411924362 0.193844720721245 0.192791640758514 0.189723834395409 0.18511900305748 0.179828926920891 0.178621247410774 0.179680600762367 0.180763438344002 0.179525479674339 0.16987481713295 0.165836274623871 0.171171367168427 0.158757492899895 -3.4e+38 -3.4e+38 -3.4e+38 -3.4e+38 -3.4e+38 -3.4e+38 -3.4e+38 -3.4e+38 -3.4e+38 -3.4e+38 -3.4e+38 -3.4e+38 -3.4e+38 -3.4e+38 -3.4e+38
0.204536154866219 0.191755682229996 0.18319034576416 0.18829619884491 0.18061837553978 0.185198873281479 0.186231017112732 0.173313722014427 0.16670760512352 0.16782109439373 0.176738157868385 0.190903037786484 0.191507816314697 0.185927391052246 0.178843319416046 0.191645503044128 0.196932196617126 0.193026825785637 0.189077168703079 0.209648311138153 0.209493473172188 0.1966512799263 0.19767914712429 0.191136926412582 0.184830740094185 0.181230664253235 0.182197883725166 0.178118631243706 0.175288006663322 0.173287659883499 0.165734156966209 0.17166243493557 0.176924586296082 0.165854707360268 0.172285825014114 0.174189805984497 0.170429721474648 0.168880060315132 0.173801839351654 0.178448095917702 0.179073691368103 0.177637726068497 0.179040044546127 0.183776691555977 0.188197150826454 0.182467415928841 0.184736236929893 0.193548440933228 0.197185009717941
0.203872174024582 0.192211166024208 0.198607221245766 0.201639533042908 0.187347054481506 0.194736495614052 0.188278183341026 0.173166081309319 0.166792064905167 0.165441662073135 0.175233691930771 0.190590351819992 0.191331267356873 0.193063572049141 0.192721873521805 0.195204585790634 0.202695712447166 0.202815547585487 0.198606699705124 0.205486714839935 0.203865796327591 0.202275186777115 0.20455040037632 0.191552713513374 0.184428706765175 0.184892162680626 0.189553275704384 0.18022109568119 0.175177112221718 0.17336231470108 0.169950604438782 0.174302339553833 0.176467522978783 0.170388072729111 0.179525196552277 0.173620477318764 0.166020646691322 0.164628252387047 0.173326522111893 0.181706935167313 0.188038423657417 0.190412133932114 0.188397586345673 0.188085302710533 0.190742045640945 0.18759374320507 0.191834956407547 0.200626388192177 0.207912087440491
0.186025038361549 0.177383810281754 0.192072808742523 0.192903116345406 0.186624065041542 0.197246477007866 0.186281427741051 0.177495390176773 0.175347819924355 0.16898575425148 0.173891514539719 0.184265896677971 0.189896896481514 0.20147593319416 0.198070377111435 0.195673868060112 0.20844954252243 0.213247120380402 0.201176643371582 0.186597153544426 0.194064274430275 0.199796080589294 0.19919465482235 0.18762344121933 0.184110626578331 0.189537703990936 0.194644883275032 0.185703694820404 0.180348634719849 0.177777141332626 0.174655318260193 0.165465041995049 0.164526179432869 0.174874976277351 0.189258053898811 0.176104158163071 0.166186958551407 0.160473451018333 0.163387969136238 0.166741639375687 0.173233821988106 0.181459248065948 0.186062887310982 0.186907634139061 0.187442690134048 0.189737379550934 0.193628996610641 0.201147705316544 0.209375590085983
0.184375062584877 0.182802990078926 0.194203123450279 0.188491523265839 0.188538014888763 0.195939436554909 0.184468924999237 0.18221127986908 0.179204717278481 0.170722424983978 0.172338396310806 0.176929786801338 0.186232194304466 0.201304346323013 0.192625984549522 0.197078377008438 0.214460641145706 0.222329586744308 0.199298173189163 0.186086639761925 0.20062130689621 0.202689975500107 0.195903584361076 0.186083793640137 0.183900937438011 0.186375483870506 0.188055381178856 0.185212656855583 0.183625608682632 0.180441990494728 0.175316378474236 0.163842305541039 0.154651924967766 0.171336457133293 0.186637297272682 0.174413442611694 0.174495846033096 0.17119936645031 0.167009010910988 0.171162396669388 0.170610085129738 0.174488261342049 0.180422767996788 0.184810683131218 0.194090396165848 0.197141215205193 0.193736746907234 0.200394749641418 0.208530142903328
0.178028613328934 0.184156447649002 0.190379023551941 0.188811644911766 0.196933522820473 0.203387141227722 0.196781247854233 0.192121803760529 0.181688323616982 0.173723816871643 0.179349005222321 0.183031186461449 0.191220790147781 0.200431272387505 0.190738663077354 0.202633783221245 0.221160277724266 0.229733288288116 0.208040714263916 0.208396181464195 0.218094274401665 0.21129709482193 0.201822623610497 0.193919375538826 0.189315542578697 0.184625193476677 0.182397201657295 0.183391273021698 0.185091435909271 0.175486475229263 0.175670504570007 0.173085257411003 0.161240339279175 0.175732403993607 0.176842927932739 0.163003414869308 0.164451345801353 0.166062265634537 0.172153905034065 0.182302907109261 0.178494602441788 0.184550315141678 0.187346637248993 0.179156795144081 0.194131299853325 0.202599614858627 0.200555339455605 0.205269977450371 0.216980323195457
0.176263049244881 0.177884936332703 0.175124183297157 0.172214165329933 0.174556016921997 0.18160380423069 0.188353806734085 0.191246181726456 0.17998380959034 0.180479899048805 0.189774632453918 0.193370908498764 0.195149719715118 0.197356417775154 0.195379182696342 0.207105964422226 0.217901542782784 0.218942627310753 0.202742725610733 0.219637513160706 0.226848438382149 0.219193175435066 0.215304523706436 0.209545955061913 0.199298694729805 0.186460465192795 0.180169463157654 0.184143766760826 0.185273319482803 0.171131402254105 0.175079807639122 0.173843055963516 0.170431703329086 0.186291933059692 0.174249902367592 0.160566255450249 0.161962568759918 0.169727608561516 0.182547464966774 0.192187443375587 0.189287856221199 0.193370208144188 0.185710594058037 0.177784234285355 0.196208447217941 0.214166224002838 0.215524345636368 0.207382246851921 0.212726622819901
0.172817334532738 0.176292926073074 0.171683013439178 0.164352625608444 0.160785883665085 0.163001194596291 0.172324299812317 0.176030993461609 0.155345067381859 0.168825969099998 0.1868766695261 0.192606985569 0.188086926937103 0.191967353224754 0.195063665509224 0.196812093257904 0.199496552348137 0.194802418351173 0.187166824936867 0.205451935529709 0.205605089664459 0.203300267457962 0.206779539585114 0.206866785883904 0.198631286621094 0.186900198459625 0.180703565478325 0.185331642627716 0.185308784246445 0.17671711742878 0.176127687096596 0.167052760720253 0.169211775064468 0.186017662286758 0.170480310916901 0.162609785795212 0.166485503315926 0.179359570145607 0.191961541771889 0.195834651589394 0.193205043673515 0.196300446987152 0.181954920291901 0.181648343801498 0.202494263648987 0.226234033703804 0.221191257238388 0.210866838693619 0.212383806705475
0.164688944816589 0.16752453148365 0.164934292435646 0.165469691157341 0.165800824761391 0.165036216378212 0.1810342669487 0.18761882185936 0.172131523489952 0.170712620019913 0.179297417402267 0.180278733372688 0.170201331377029 0.183298110961914 0.183463796973228 0.174367755651474 0.171567276120186 0.175191476941109 0.175007209181786 0.183121889829636 0.177641540765762 0.182565703988075 0.190015286207199 0.190883621573448 0.184414178133011 0.175694942474365 0.170840322971344 0.175407245755196 0.181210085749626 0.181616559624672 0.178878217935562 0.172450795769691 0.180926904082298 0.190031856298447 0.177176877856255 0.171726748347282 0.174925088882446 0.181800007820129 0.182904258370399 0.177716761827469 0.179445996880531 0.186903536319733 0.176433756947517 0.185797646641731 0.207583233714104 0.227772936224937 0.218392327427864 0.215133965015411 0.217142596840858
0.163239315152168 0.161307886242867 0.166763499379158 0.175930365920067 0.182370990514755 0.178807094693184 0.183557435870171 0.185378283262253 0.181647568941116 0.172927990555763 0.177471771836281 0.176725193858147 0.170238971710205 0.176128253340721 0.174478635191917 0.16356660425663 0.157577514648438 0.188052818179131 0.191118732094765 0.178967133164406 0.166088476777077 0.172147586941719 0.176904857158661 0.178162574768066 0.177436396479607 0.174774304032326 0.168677136301994 0.165388658642769 0.172853067517281 0.174860224127769 0.176712885499001 0.184645444154739 0.193443089723587 0.19450643658638 0.187765568494797 0.183273211121559 0.184620201587677 0.182469338178635 0.175495535135269 0.168083906173706 0.167383283376694 0.170513674616814 0.168639093637466 0.18016155064106 0.202602192759514 0.219569534063339 0.212308406829834 0.218353733420372 0.220484122633934
0.166359484195709 0.164653494954109 0.175803706049919 0.174194306135178 0.174900576472282 0.175331637263298 0.175889149308205 0.172987654805183 0.176157489418983 0.180156871676445 0.182014957070351 0.179086804389954 0.175411507487297 0.175997629761696 0.184894368052483 0.190914273262024 0.190369427204132 0.192808136343956 0.182982847094536 0.175082758069038 0.170648455619812 0.176603570580482 0.175128072500229 0.177040815353394 0.182721555233002 0.183370023965836 0.170398280024529 0.161249667406082 0.163423657417297 0.164383724331856 0.169133812189102 0.180070593953133 0.190999373793602 0.189956426620483 0.186393335461617 0.186432763934135 0.193826913833618 0.186551168560982 0.179115206003189 0.179178446531296 0.174342140555382 0.17071233689785 0.16961507499218 0.176843166351318 0.197864070534706 0.207405656576157 0.205037578940392 0.215875267982483 0.217519506812096
0.172060444951057 0.171967640519142 0.170571729540825 0.157845020294189 0.159261867403984 0.165294647216797 0.168553173542023 0.164937764406204 0.175637036561966 0.184470266103745 0.185580253601074 0.187234044075012 0.185702666640282 0.188335061073303 0.198984146118164 0.206965655088425 0.201749831438065 0.188476264476776 0.174645557999611 0.17713837325573 0.180399492383003 0.180487364530563 0.173872038722038 0.172955736517906 0.18034827709198 0.187058568000793 0.170151248574257 0.168774619698524 0.178009256720543 0.169888854026794 0.164793342351913 0.168409004807472 0.17453844845295 0.167232424020767 0.164183169603348 0.172924548387527 0.191470459103584 0.185408875346184 0.189592808485031 0.197814986109734 0.188990995287895 0.179168179631233 0.175741225481033 0.180445656180382 0.19652895629406 0.19452753663063 0.194173529744148 0.206811100244522 0.209183543920517
0.172654062509537 0.169933706521988 0.162194356322289 0.150902703404427 0.151276513934135 0.163008108735085 0.17079684138298 0.172500103712082 0.177865594625473 0.186509653925896 0.193326696753502 0.199799329042435 0.199032455682755 0.198826342821121 0.203232318162918 0.210254579782486 0.208124905824661 0.195260882377625 0.186208784580231 0.198796465992928 0.200391337275505 0.194018572568893 0.183797150850296 0.172065317630768 0.166125997900963 0.171703353524208 0.182691603899002 0.189637407660484 0.190344542264938 0.178929686546326 0.171174466609955 0.177881434559822 0.182754933834076 0.171028405427933 0.159048154950142 0.168349325656891 0.181461453437805 0.16944408416748 0.174367010593414 0.183796584606171 0.187514781951904 0.1856629550457 0.184258610010147 0.190058097243309 0.199022382497787 0.188590034842491 0.191418766975403 0.20038740336895 0.200630813837051
0.172180756926537 0.166588366031647 0.164559707045555 0.15981462597847 0.161675676703453 0.183285564184189 0.187493070960045 0.18173323571682 0.177134394645691 0.191184923052788 0.204058840870857 0.211015179753304 0.209695756435394 0.20573578774929 0.205208837985992 0.210605174303055 0.22299288213253 0.216559797525406 0.203343063592911 0.201535612344742 0.208011358976364 0.208000347018242 0.202147737145424 0.19336225092411 0.180736795067787 0.185662657022476 0.204281136393547 0.199635416269302 0.193373396992683 0.185962125658989 0.182761251926422 0.18432904779911 0.18816739320755 0.182712465524673 0.169176384806633 0.179943665862083 0.180829957127571 0.163139060139656 0.169573396444321 0.175840631127357 0.183354392647743 0.190314143896103 0.187869787216187 0.196243703365326 0.201983362436295 0.188820645213127 0.195195898413658 0.198300912976265 0.194414079189301
0.172800794243813 0.169401407241821 0.1797886043787 0.179078757762909 0.179996192455292 0.192382499575615 0.186643972992897 0.183602288365364 0.18268233537674 0.198731079697609 0.210069313645363 0.215268492698669 0.215091347694397 0.212222263216972 0.210528358817101 0.21441824734211 0.225606754422188 0.219304382801056 0.206293106079102 0.199606776237488 0.211443275213242 0.214889585971832 0.21126152575016 0.202612742781639 0.19236122071743 0.203576609492302 0.2147586196661 0.200024142861366 0.195718184113503 0.206315159797668 0.211280405521393 0.196356609463692 0.193985119462013 0.191824704408646 0.181615114212036 0.174741074442863 0.168637722730637 0.168049037456512 0.182381436228752 0.183567404747009 0.185440093278885 0.189877316355705 0.189020901918411 0.202338382601738 0.202589318156242 0.192143633961678 0.200243785977364 0.195900350809097 0.185584887862206
0.177399426698685 0.178048357367516 0.186043918132782 0.181830376386642 0.179953932762146 0.181379944086075 0.174505606293678 0.192132323980331 0.208702147006989 0.22032105922699 0.223837047815323 0.220483794808388 0.218767866492271 0.220771744847298 0.22260993719101 0.215637534856796 0.212495863437653 0.214346528053284 0.20805898308754 0.206672832369804 0.214393079280853 0.210619270801544 0.20422537624836 0.198974996805191 0.197521656751633 0.211371243000031 0.219908237457275 0.214946031570435 0.203587472438812 0.216858118772507 0.222593367099762 0.206082403659821 0.193175509572029 0.195936262607574 0.195193856954575 0.184414952993393 0.178522706031799 0.184314787387848 0.201891645789146 0.208676561713219 0.1993557959795 0.198088422417641 0.201420903205872 0.206401035189629 0.198367953300476 0.193184345960617 0.199663147330284 0.190525323152542 0.175880804657936
