data/1_raw/trimmed_ndre/W_ndre.727.2011_no_clouds.asc
NCOLS 130 
NROWS 71 
XLLCORNER 530645 
YLLCORNER 5158205 
CELLSIZE 5 
NODATA_value -3.4e+38 
[rows 21 to 41 of 71, columns 0 to 48 of 130]
0.259868323802948 0.255565255880356 0.257021576166153 0.277000546455383 0.257050931453705 0.254102677106857 0.261638313531876 0.25770577788353 0.268898874521255 0.263629943132401 0.260341644287109 0.236172884702682 0.238961607217789 0.257656246423721 0.264315068721771 0.259518682956696 0.266200035810471 0.261148929595947 0.239923477172852 0.253492027521133 0.262960016727448 0.265801906585693 0.255403637886047 0.246491923928261 0.235685259103775 0.247448220849037 0.278785049915314 0.273398041725159 0.243997246026993 0.239762037992477 0.256064146757126 0.277544558048248 0.281302124261856 0.300035953521729 0.336849868297577 0.364794015884399 0.431486397981644 0.493758499622345 0.495463848114014 0.496115654706955 0.519387125968933 0.551089644432068 0.570520222187042 0.589499056339264 0.591690480709076 0.58574378490448 0.592840492725372 0.594145536422729 0.58414089679718
0.253074109554291 0.257986158132553 0.266696184873581 0.268066495656967 0.250515818595886 0.261048525571823 0.268454074859619 0.275469660758972 0.296003252267838 0.290231078863144 0.265171349048615 0.246711373329163 0.261099725961685 0.281402707099915 0.274812608957291 0.265750139951706 0.286441504955292 0.287598520517349 0.261217951774597 0.260484635829926 0.254513084888458 0.262360453605652 0.275087267160416 0.269794195890427 0.25342983007431 0.255561977624893 0.262618005275726 0.245729997754097 0.244133204221725 0.268798172473907 0.282178103923798 0.272707164287567 0.263415515422821 0.244540736079216 0.26510688662529 0.287727802991867 0.311171472072601 0.365457028150558 0.417343109846115 0.454091817140579 0.49174776673317 0.499067634344101 0.483611822128296 0.511058986186981 0.529807925224304 0.550358176231384 0.575241148471832 0.58402943611145 0.584103763103485
-3.4e+38 0.260899364948273 0.274026721715927 0.292574614286423 0.297268569469452 0.290609866380692 0.283334970474243 0.284483432769775 0.291885554790497 0.288501411676407 0.26980048418045 0.268261551856995 0.288192182779312 0.297669529914856 0.274549186229706 0.247136473655701 0.248080804944038 0.268915593624115 0.267685502767563 0.253208100795746 0.246704742312431 0.267506152391434 0.271481603384018 0.2578284740448 0.24061231315136 0.246367603540421 0.255318313837051 0.252933591604233 0.255427330732346 0.258577734231949 0.260481774806976 0.254207164049149 0.260087996721268 0.233664751052856 0.243047922849655 0.282432198524475 0.264208644628525 0.255568891763687 0.312267869710922 0.369251132011414 0.39386910200119 0.409972071647644 0.434444159269333 0.480473458766937 0.491105169057846 0.501590371131897 0.523896813392639 0.557245075702667 0.589171707630157
-3.4e+38 -3.4e+38 0.28178283572197 0.31848606467247 0.330304622650146 0.308004796504974 0.302010476589203 0.287233799695969 0.280923664569855 0.289862960577011 0.261432021856308 0.251262813806534 0.270576655864716 0.281177997589111 0.273691087961197 0.251525104045868 0.232565566897392 0.242554485797882 0.245752096176147 0.233463317155838 0.230717435479164 0.239781379699707 0.250358134508133 0.259104043245316 0.255076795816422 0.245054304599762 0.258434623479843 0.262527108192444 0.259931951761246 0.256034523248672 0.253721237182617 0.255360811948776 0.259565383195877 0.254393756389618 0.265904366970062 0.298411071300507 0.277311354875565 0.249371245503426 0.261680036783218 0.29202276468277 0.301382809877396 0.341937214136124 0.388401687145233 0.432853937149048 0.455186516046524 0.467501372098923 0.463264554738998 0.482944816350937 0.510308563709259
-3.4e+38 -3.4e+38 -3.4e+38 0.314909934997559 0.321461230516434 0.310635328292847 0.327456772327423 0.30929908156395 0.293316811323166 0.292147070169449 0.269788801670074 0.247357204556465 0.257499426603317 0.273096203804016 0.272336006164551 0.259169518947601 0.241335079073906 0.247004315257072 0.251898795366287 0.257799476385117 0.252630710601807 0.228006824851036 0.223973944783211 0.25191667675972 0.265473246574402 0.250269204378128 0.248050883412361 0.242026135325432 0.244397059082985 0.250811278820038 0.238545030355453 0.253180801868439 0.272135138511658 0.256116777658463 0.264441430568695 0.288845479488373 0.293320327997208 0.301468729972839 0.282402843236923 0.269579291343689 0.272861242294312 0.293717056512833 0.308592081069946 0.338069319725037 0.388653844594955 0.447258114814758 0.468363910913467 0.46276131272316 0.462118089199066
-3.4e+38 -3.4e+38 -3.4e+38 0.3006911277771 0.302633613348007 0.30774250626564 0.326966166496277 0.309906214475632 0.297040402889252 0.29596021771431 0.299637466669083 0.278930336236954 0.279983907938004 0.280271619558334 0.257714539766312 0.250644534826279 0.256935834884644 0.272125601768494 0.267197728157043 0.250718504190445 0.245430037379265 0.228747993707657 0.213344186544418 0.230591535568237 0.252039015293121 0.249777182936668 0.244018971920013 0.228120729327202 0.24029503762722 0.244761854410172 0.234697178006172 0.242329314351082 0.2653469145298 0.264594674110413 0.275747120380402 0.280626654624939 0.275309354066849 0.281190812587738 0.268978744745255 0.255638957023621 0.252180337905884 0.26571136713028 0.270619243383408 0.270193785429001 0.308105140924454 0.392799407243729 0.447265028953552 0.475412964820862 0.478117138147354
-3.4e+38 -3.4e+38 -3.4e+38 0.293281316757202 0.295138359069824 0.296757787466049 0.302747309207916 0.29598081111908 0.296925097703934 0.292650282382965 0.279183357954025 0.259045720100403 0.274406880140305 0.270381242036819 0.234615191817284 0.233831524848938 0.243128642439842 0.261087864637375 0.256969124078751 0.234536245465279 0.245201751589775 0.244735285639763 0.223666906356812 0.229225262999535 0.245886564254761 0.248219758272171 0.238531142473221 0.228922158479691 0.243171885609627 0.247866034507751 0.247498422861099 0.261045545339584 0.27302223443985 0.276028692722321 0.279881328344345 0.285054594278336 0.284022927284241 0.280041754245758 0.271164059638977 0.275471806526184 0.269119024276733 0.264779776334763 0.268512457609177 0.263460993766785 0.278038710355759 0.324499070644379 0.356957316398621 0.427487313747406 0.483636617660522
-3.4e+38 -3.4e+38 -3.4e+38 -3.4e+38 0.286536335945129 0.280757457017899 0.282121002674103 0.285495966672897 0.2835932970047 0.279101252555847 0.250616014003754 0.230290114879608 0.235044434666634 0.245076894760132 0.237432420253754 0.229399979114532 0.227811798453331 0.242291942238808 0.243186548352242 0.231546252965927 0.246554553508759 0.245095267891884 0.222530916333199 0.220915883779526 0.242878153920174 0.2405945956707 0.236666709184647 0.234358623623848 0.257317632436752 0.257189810276031 0.236599028110504 0.266882985830307 0.279299914836884 0.26654464006424 0.264457017183304 0.286668986082077 0.303668588399887 0.295965045690536 0.278981119394302 0.290086567401886 0.279364913702011 0.268128961324692 0.275656253099442 0.285470366477966 0.282282263040543 0.281462997198105 0.285662323236465 0.341812491416931 0.423400729894638
-3.4e+38 -3.4e+38 -3.4e+38 -3.4e+38 -3.4e+38 0.277368128299713 0.275724977254868 0.285795986652374 0.286189824342728 0.273290067911148 0.246796801686287 0.221276566386223 0.211255177855492 0.239048480987549 0.25514417886734 0.234650373458862 0.222234904766083 0.232067406177521 0.246133640408516 0.238381013274193 0.226566895842552 0.220468953251839 0.206770002841949 0.206439435482025 0.229878887534142 0.223344370722771 0.231491163372993 0.248447626829147 0.244890987873077 0.248881176114082 0.241760492324829 0.262731403112411 0.283908665180206 0.286012798547745 0.284684419631958 0.307154655456543 0.294389218091965 0.297164857387543 0.305058389902115 0.289201676845551 0.255514442920685 0.259289860725403 0.28730309009552 0.298520237207413 0.281183302402496 0.272317349910736 0.283258110284805 0.306110054254532 0.345466941595078
-3.4e+38 -3.4e+38 -3.4e+38 -3.4e+38 -3.4e+38 -3.4e+38 -3.4e+38 -3.4e+38 0.268660664558411 0.270945370197296 0.266521781682968 0.253001630306244 0.223926410079002 0.233063817024231 0.24578557908535 0.238642543554306 0.228383123874664 0.226434156298637 0.243806883692741 0.239505037665367 0.211328104138374 0.212835416197777 0.208032667636871 0.201694130897522 0.214634716510773 0.204439148306847 0.218767747282982 0.237188026309013 0.225628048181534 0.247006312012672 0.255651623010635 0.258603036403656 0.288349270820618 0.304680109024048 0.323892027139664 0.326945096254349 0.292537450790405 0.28437751531601 0.315661132335663 0.305278837680817 0.275572568178177 0.269232660531998 0.292263984680176 0.289471030235291 0.251257091760635 0.263952404260635 0.296800374984741 0.300129413604736 0.291714131832123
-3.4e+38 -3.4e+38 -3.4e+38 -3.4e+38 -3.4e+38 -3.4e+38 -3.4e+38 -3.4e+38 -3.4e+38 -3.4e+38 0.248457461595535 0.251468986272812 0.237888813018799 0.228243410587311 0.229173913598061 0.242296487092972 0.250085860490799 0.231229156255722 0.232103005051613 0.236093699932098 0.216549724340439 0.216406479477882 0.217270523309708 0.208733662962914 0.217074945569038 0.21783110499382 0.215761423110962 0.241681456565857 0.244710236787796 0.242165118455887 0.26246103644371 0.267277002334595 0.28326541185379 0.313269108533859 0.353538602590561 0.367842465639114 0.329851269721985 0.272727161645889 0.278592199087143 0.31978115439415 0.322344273328781 0.287227630615234 0.306621849536896 0.313833564519882 0.275826901197433 0.2647924721241 0.287923783063889 0.298822075128555 0.284584224224091
-3.4e+38 -3.4e+38 -3.4e+38 -3.4e+38 -3.4e+38 -3.4e+38 -3.4e+38 -3.4e+38 -3.4e+38 -3.4e+38 -3.4e+38 0.242134302854538 0.25243067741394 0.245239406824112 0.234935969114304 0.235418796539307 0.237187340855598 0.228401556611061 0.233976632356644 0.239605233073235 0.223824962973595 0.212315261363983 0.209840834140778 0.214095667004585 0.230868875980377 0.232488140463829 0.228761598467827 0.261366695165634 0.269596725702286 0.239568501710892 0.255506247282028 0.260900139808655 0.265346020460129 0.302056223154068 0.352939963340759 0.394266724586487 0.370786875486374 0.317155867815018 0.295271694660187 0.322483777999878 0.332594245672226 0.302629053592682 0.314803302288055 0.331841707229614 0.319714725017548 0.291930377483368 0.285428702831268 0.294782251119614 0.309857934713364
-3.4e+38 -3.4e+38 -3.4e+38 -3.4e+38 -3.4e+38 -3.4e+38 -3.4e+38 -3.4e+38 -3.4e+38 -3.4e+38 -3.4e+38 -3.4e+38 -3.4e+38 -3.4e+38 -3.4e+38 -3.4e+38 -3.4e+38 -3.4e+38 -3.4e+38 -3.4e+38 -3.4e+38 -3.4e+38 -3.4e+38 -3.4e+38 -3.4e+38 -3.4e+38 -3.4e+38 -3.4e+38 -3.4e+38 -3.4e+38 -3.4e+38 0.258534878492355 0.269483953714371 0.300019443035126 0.338261127471924 0.373536586761475 0.378487765789032 0.362319231033325 0.339504659175873 0.306923598051071 0.304522216320038 0.318356662988663 0.344148367643356 0.368888199329376 0.366291403770447 0.333447456359863 0.309596389532089 0.310432881116867 0.331510633230209
-3.4e+38 -3.4e+38 -3.4e+38 -3.4e+38 -3.4e+38 -3.4e+38 -3.4e+38 -3.4e+38 -3.4e+38 -3.4e+38 -3.4e+38 -3.4e+38 -3.4e+38 -3.4e+38 -3.4e+38 -3.4e+38 -3.4e+38 -3.4e+38 -3.4e+38 -3.4e+38 -3.4e+38 -3.4e+38 -3.4e+38 -3.4e+38 -3.4e+38 -3.4e+38 -3.4e+38 -3.4e+38 -3.4e+38 -3.4e+38 -3.4e+38 -3.4e+38 -3.4e+38 0.31606137752533 0.350500822067261 0.367189109325409 0.356187701225281 0.364533007144928 0.37210351228714 0.342851310968399 0.340186655521393 0.350330322980881 0.370078325271606 0.38962310552597 0.375471740961075 0.346713870763779 0.32483771443367 0.340081095695496 0.348271459341049
-3.4e+38 -3.4e+38 -3.4e+38 -3.4e+38 -3.4e+38 -3.4e+38 -3.4e+38 -3.4e+38 -3.4e+38 -3.4e+38 -3.4e+38 -3.4e+38 -3.4e+38 -3.4e+38 -3.4e+38 -3.4e+38 -3.4e+38 -3.4e+38 -3.4e+38 -3.4e+38 -3.4e+38 -3.4e+38 -3.4e+38 -3.4e+38 -3.4e+38 -3.4e+38 -3.4e+38 -3.4e+38 -3.4e+38 -3.4e+38 -3.4e+38 -3.4e+38 -3.4e+38 -3.4e+38 0.385177105665207 0.385469228029251 0.350704401731491 0.352987974882126 0.36020290851593 0.355223387479782 0.354449301958084 0.346945106983185 0.365991353988647 0.383527427911758 0.362091600894928 0.328670829534531 0.311546355485916 0.327395349740982 0.331352919340134
-3.4e+38 -3.4e+38 -3.4e+38 -3.4e+38 -3.4e+38 -3.4e+38 -3.4e+38 -3.4e+38 -3.4e+38 -3.4e+38 -3.4e+38 -3.4e+38 -3.4e+38 -3.4e+38 -3.4e+38 -3.4e+38 -3.4e+38 -3.4e+38 -3.4e+38 -3.4e+38 -3.4e+38 -3.4e+38 -3.4e+38 -3.4e+38 -3.4e+38 -3.4e+38 -3.4e+38 -3.4e+38 -3.4e+38 -3.4e+38 -3.4e+38 -3.4e+38 -3.4e+38 -3.4e+38 0.399227172136307 0.387383729219437 0.350219935178757 0.342979162931442 0.325496464967728 0.317566066980362 0.305601239204407 0.307673245668411 0.325270116329193 0.337255120277405 0.321067184209824 0.292214930057526 0.264654129743576 0.264402896165848 0.267354726791382
-3.4e+38 -3.4e+38 -3.4e+38 -3.4e+38 -3.4e+38 -3.4e+38 -3.4e+38 -3.4e+38 -3.4e+38 -3.4e+38 -3.4e+38 -3.4e+38 -3.4e+38 -3.4e+38 -3.4e+38 -3.4e+38 -3.4e+38 -3.4e+38 -3.4e+38 -3.4e+38 -3.4e+38 -3.4e+38 -3.4e+38 -3.4e+38 -3.4e+38 -3.4e+38 -3.4e+38 -3.4e+38 -3.4e+38 -3.4e+38 -3.4e+38 -3.4e+38 -3.4e+38 -3.4e+38 0.365569919347763 0.368534505367279 0.360247045755386 0.347897261381149 0.307370364665985 0.290365695953369 0.29314786195755 0.30008453130722 0.286908268928528 0.272448748350143 0.268503099679947 0.266335338354111 0.235601082444191 0.236331164836884 0.26983967423439
-3.4e+38 -3.4e+38 -3.4e+38 -3.4e+38 -3.4e+38 -3.4e+38 -3.4e+38 -3.4e+38 -3.4e+38 -3.4e+38 -3.4e+38 -3.4e+38 -3.4e+38 -3.4e+38 -3.4e+38 -3.4e+38 -3.4e+38 -3.4e+38 -3.4e+38 -3.4e+38 -3.4e+38 -3.4e+38 -3.4e+38 -3.4e+38 -3.4e+38 -3.4e+38 -3.4e+38 -3.4e+38 -3.4e+38 -3.4e+38 -3.4e+38 -3.4e+38 -3.4e+38 -3.4e+38 -3.4e+38 0.350085824728012 0.335379242897034 0.335607290267944 0.307839840650558 0.26651519536972 0.276372194290161 0.292596101760864 0.266059964895248 0.231655597686768 0.231058403849602 0.25089830160141 0.240895554423332 0.238202929496765 0.261461168527603
-3.4e+38 -3.4e+38 -3.4e+38 -3.4e+38 -3.4e+38 -3.4e+38 -3.4e+38 -3.4e+38 -3.4e+38 -3.4e+38 -3.4e+38 -3.4e+38 -3.4e+38 -3.4e+38 -3.4e+38 -3.4e+38 -3.4e+38 -3.4e+38 -3.4e+38 -3.4e+38 -3.4e+38 -3.4e+38 -3.4e+38 -3.4e+38 -3.4e+38 -3.4e+38 -3.4e+38 -3.4e+38 -3.4e+38 -3.4e+38 -3.4e+38 -3.4e+38 -3.4e+38 -3.4e+38 -3.4e+38 -3.4e+38 0.293630242347717 0.281269669532776 0.286741733551025 0.27467155456543 0.27434566617012 0.274117708206177 0.251622527837753 0.241655275225639 0.243797585368156 0.253553032875061 0.242374926805496 0.235319584608078 0.229392379522324
-3.4e+38 -3.4e+38 -3.4e+38 -3.4e+38 -3.4e+38 -3.4e+38 -3.4e+38 -3.4e+38 -3.4e+38 -3.4e+38 -3.4e+38 -3.4e+38 -3.4e+38 -3.4e+38 -3.4e+38 -3.4e+38 -3.4e+38 -3.4e+38 -3.4e+38 -3.4e+38 -3.4e+38 -3.4e+38 -3.4e+38 -3.4e+38 -3.4e+38 -3.4e+38 -3.4e+38 -3.4e+38 -3.4e+38 -3.4e+38 -3.4e+38 -3.4e+38 -3.4e+38 -3.4e+38 -3.4e+38 -3.4e+38 -3.4e+38 0.263081818819046 0.287895113229752 0.294037669897079 0.26586502790451 0.246448844671249 0.240362375974655 0.246901378035545 0.24401094019413 0.23096926510334 0.229701012372971 0.235117495059967 0.214969426393509
-3.4e+38 -3.4e+38 -3.4e+38 -3.4e+38 -3.4e+38 -3.4e+38 -3.4e+38 -3.4e+38 -3.4e+38 -3.4e+38 -3.4e+38 -3.4e+38 -3.4e+38 -3.4e+38 -3.4e+38 -3.4e+38 -3.4e+38 -3.4e+38 -3.4e+38 -3.4e+38 -3.4e+38 -3.4e+38 -3.4e+38 -3.4e+38 -3.4e+38 -3.4e+38 -3.4e+38 -3.4e+38 -3.4e+38 -3.4e+38 -3.4e+38 -3.4e+38 -3.4e+38 -3.4e+38 -3.4e+38 -3.4e+38 -3.4e+38 -3.4e+38 0.290829181671143 0.277839422225952 0.241059467196465 0.231540635228157 0.227251514792442 0.219440177083015 0.221634402871132 0.213211312890053 0.218357726931572 0.218814209103584 0.203163176774979
