data/1_raw/trimmed_ndre/W_ndre.66.2013.asc
NCOLS 130 
NROWS 71 
XLLCORNER 530645 
YLLCORNER 5158205 
CELLSIZE 5 
NODATA_value -3.4e+38 
[rows 0 to 20 of 71, columns 0 to 48 of 130]
-339999999999999996123846586046231871488.000000000000000 -3.4e+38 -3.4e+38 -3.4e+38 -3.4e+38 -3.4e+38 -3.4e+38 -3.4e+38 -3.4e+38 -3.4e+38 -3.4e+38 0.604246497154236 0.576410830020905 0.572295665740967 0.566211223602295 0.576597929000854 0.587124526500702 -3.4e+38 -3.4e+38 -3.4e+38 -3.4e+38 -3.4e+38 -3.4e+38 -3.4e+38 -3.4e+38 -3.4e+38 -3.4e+38 -3.4e+38 -3.4e+38 -3.4e+38 -3.4e+38 -3.4e+38 -3.4e+38 -3.4e+38 -3.4e+38 -3.4e+38 -3.4e+38 -3.4e+38 -3.4e+38 -3.4e+38 -3.4e+38 -3.4e+38 -3.4e+38 -3.4e+38 -3.4e+38 -3.4e+38 -3.4e+38 -3.4e+38 -3.4e+38
-3.4e+38 -3.4e+38 -3.4e+38 -3.4e+38 -3.4e+38 -3.4e+38 -3.4e+38 -3.4e+38 -3.4e+38 -3.4e+38 0.614825129508972 0.603163421154022 0.593058228492737 0.595171272754669 0.572664499282837 0.569290459156036 0.576500236988068 0.582755625247955 -3.4e+38 -3.4e+38 -3.4e+38 -3.4e+38 -3.4e+38 -3.4e+38 -3.4e+38 -3.4e+38 -3.4e+38 -3.4e+38 -3.4e+38 -3.4e+38 -3.4e+38 -3.4e+38 -3.4e+38 -3.4e+38 -3.4e+38 -3.4e+38 -3.4e+38 -3.4e+38 -3.4e+38 -3.4e+38 -3.4e+38 -3.4e+38 -3.4e+38 -3.4e+38 -3.4e+38 -3.4e+38 -3.4e+38 -3.4e+38 -3.4e+38
-3.4e+38 -3.4e+38 -3.4e+38 -3.4e+38 -3.4e+38 -3.4e+38 -3.4e+38 -3.4e+38 0.576438963413239 0.611922204494476 0.612557709217072 0.604991137981415 0.6099893450737 0.6082803606987 0.580605089664459 0.571899354457855 0.572711646556854 0.576697051525116 0.603849172592163 -3.4e+38 -3.4e+38 -3.4e+38 -3.4e+38 -3.4e+38 -3.4e+38 -3.4e+38 -3.4e+38 -3.4e+38 -3.4e+38 -3.4e+38 -3.4e+38 -3.4e+38 -3.4e+38 -3.4e+38 -3.4e+38 -3.4e+38 -3.4e+38 -3.4e+38 -3.4e+38 -3.4e+38 -3.4e+38 -3.4e+38 -3.4e+38 -3.4e+38 -3.4e+38 -3.4e+38 -3.4e+38 -3.4e+38 -3.4e+38
-3.4e+38 -3.4e+38 -3.4e+38 -3.4e+38 -3.4e+38 -3.4e+38 -3.4e+38 -3.4e+38 -3.4e+38 0.610007345676422 0.615997076034546 0.62489926815033 0.623554408550262 0.615637123584747 0.599601149559021 0.579547822475433 0.570746719837189 0.580627679824829 0.609959483146667 0.622203886508942 0.626729547977448 -3.4e+38 -3.4e+38 -3.4e+38 -3.4e+38 -3.4e+38 -3.4e+38 -3.4e+38 -3.4e+38 -3.4e+38 -3.4e+38 -3.4e+38 0.602375149726868 0.596925914287567 -3.4e+38 -3.4e+38 -3.4e+38 -3.4e+38 -3.4e+38 -3.4e+38 -3.4e+38 -3.4e+38 -3.4e+38 -3.4e+38 -3.4e+38 -3.4e+38 -3.4e+38 -3.4e+38 -3.4e+38
-3.4e+38 -3.4e+38 -3.4e+38 -3.4e+38 -3.4e+38 -3.4e+38 -3.4e+38 -3.4e+38 -3.4e+38 0.586734652519226 0.625764429569244 0.644897937774658 0.626519918441772 0.624799728393555 0.612138330936432 0.574103593826294 0.563271105289459 0.57800418138504 0.601970851421356 0.613798320293427 0.622251510620117 0.62764436006546 0.639951050281525 0.645240902900696 0.650447726249695 0.662929892539978 0.678081274032593 0.668042659759521 -3.4e+38 -3.4e+38 -3.4e+38 0.631745219230652 0.620934069156647 0.619331181049347 0.619564116001129 0.621487855911255 0.620109140872955 -3.4e+38 -3.4e+38 -3.4e+38 -3.4e+38 -3.4e+38 -3.4e+38 -3.4e+38 -3.4e+38 -3.4e+38 -3.4e+38 -3.4e+38 -3.4e+38
-3.4e+38 -3.4e+38 -3.4e+38 -3.4e+38 -3.4e+38 -3.4e+38 -3.4e+38 -3.4e+38 -3.4e+38 0.584288537502289 0.627661824226379 0.629233360290527 0.607590019702911 0.609218239784241 0.608155071735382 0.58140230178833 0.570057690143585 0.564066767692566 0.568619668483734 0.58513480424881 0.600196003913879 0.613196611404419 0.630791485309601 0.64308500289917 0.654532670974731 0.665230870246887 0.674909889698029 0.666619002819061 0.670896232128143 0.679634392261505 0.657299935817719 0.634741306304932 0.629507482051849 0.636683583259583 0.638006925582886 0.6320920586586 0.626039981842041 0.625341832637787 0.623667120933533 0.609703242778778 -3.4e+38 -3.4e+38 -3.4e+38 -3.4e+38 -3.4e+38 -3.4e+38 -3.4e+38 -3.4e+38 -3.4e+38
-3.4e+38 -3.4e+38 -3.4e+38 -3.4e+38 -3.4e+38 -3.4e+38 -3.4e+38 -3.4e+38 -3.4e+38 0.582715094089508 0.608074426651001 0.598971545696259 0.576617538928986 0.583229601383209 0.600965023040771 0.604031801223755 0.593449413776398 0.580611824989319 0.576201200485229 0.585604190826416 0.601373374462128 0.618975937366486 0.636871159076691 0.652511835098267 0.66360467672348 0.667107939720154 0.661906003952026 0.651013791561127 0.656183898448944 0.660865426063538 0.648678600788116 0.634115517139435 0.631447494029999 0.641025364398956 0.645474255084991 0.640374541282654 0.632117748260498 0.637765765190125 0.648124694824219 0.636680066585541 0.614296138286591 0.588939249515533 -3.4e+38 -3.4e+38 -3.4e+38 -3.4e+38 -3.4e+38 -3.4e+38 -3.4e+38
-3.4e+38 -3.4e+38 -3.4e+38 -3.4e+38 -3.4e+38 -3.4e+38 -3.4e+38 -3.4e+38 -3.4e+38 0.557834982872009 0.570756614208221 0.564185202121735 0.563229620456696 0.576424956321716 0.592057526111603 0.616695404052734 0.624845445156097 0.607947826385498 0.597612380981445 0.603994965553284 0.617327392101288 0.632827579975128 0.639414608478546 0.643740773200989 0.652662873268127 0.656372547149658 0.638224482536316 0.623961865901947 0.641464173793793 0.652297854423523 0.647924184799194 0.639602243900299 0.63898378610611 0.644870221614838 0.647861123085022 0.642337262630463 0.637393295764923 0.648886144161224 0.658886611461639 0.650010466575623 0.637662351131439 0.621355295181274 0.597980558872223 -3.4e+38 -3.4e+38 -3.4e+38 -3.4e+38 -3.4e+38 -3.4e+38
-3.4e+38 -3.4e+38 -3.4e+38 -3.4e+38 -3.4e+38 -3.4e+38 -3.4e+38 -3.4e+38 0.555750906467438 0.535523355007172 0.550064504146576 0.561973452568054 0.576652646064758 0.581674575805664 0.582574129104614 0.603996276855469 0.617865681648254 0.613767385482788 0.610187709331512 0.605235993862152 0.608979463577271 0.620498776435852 0.626083433628082 0.631722927093506 0.646358132362366 0.655609846115112 0.640883684158325 0.633320748806 0.648877918720245 0.643919348716736 0.649294853210449 0.650769472122192 0.650525033473969 0.652917265892029 0.651395261287689 0.644038736820221 0.641582131385803 0.648015558719635 0.656374514102936 0.653509557247162 0.651326179504395 0.641419351100922 0.621052742004395 0.602729797363281 0.588870882987976 0.581494569778442 0.584782660007477 -3.4e+38 -3.4e+38
-3.4e+38 -3.4e+38 -3.4e+38 -3.4e+38 -3.4e+38 -3.4e+38 -3.4e+38 0.623523533344269 0.586803019046783 0.553672075271606 0.560607671737671 0.575272619724274 0.587743163108826 0.583836674690247 0.567380666732788 0.575475931167603 0.591357588768005 0.607956945896149 0.618276834487915 0.613631963729858 0.613983035087585 0.62138956785202 0.629669070243835 0.639828085899353 0.655827164649963 0.666331887245178 0.661588609218597 0.6583251953125 0.650078237056732 0.631935894489288 0.651874244213104 0.663472652435303 0.652207493782043 0.642387270927429 0.645905196666718 0.646395087242126 0.639772236347198 0.635781407356262 0.646425306797028 0.655714452266693 0.65224015712738 0.642002940177917 0.629324913024902 0.623799085617065 0.612689018249512 0.604897260665894 0.611170053482056 0.60651421546936 -3.4e+38
-3.4e+38 -3.4e+38 -3.4e+38 -3.4e+38 -3.4e+38 -3.4e+38 0.640371024608612 0.649697363376617 0.623436748981476 0.581819295883179 0.565727710723877 0.573577404022217 0.585606634616852 0.575346171855927 0.56905597448349 0.574887096881866 0.582469582557678 0.608198642730713 0.627912521362305 0.628335654735565 0.632985413074493 0.644511640071869 0.652966439723969 0.654941618442535 0.660287857055664 0.667158722877502 0.668363094329834 0.663190126419067 0.642225444316864 0.632421135902405 0.65244734287262 0.66288435459137 0.643301367759705 0.626135885715485 0.636305689811707 0.645023226737976 0.6388179063797 0.634899377822876 0.645045578479767 0.654710233211517 0.651542067527771 0.646896302700043 0.642141699790955 0.638898313045502 0.627419650554657 0.621210813522339 0.624655187129974 0.618527591228485 0.611321032047272
-3.4e+38 -3.4e+38 -3.4e+38 -3.4e+38 -3.4e+38 0.654232144355774 0.649191617965698 0.651786506175995 0.635458171367645 0.59776759147644 0.56498509645462 0.561598300933838 0.574317038059235 0.569745540618896 0.58598405122757 0.594172835350037 0.587138772010803 0.609691560268402 0.625674486160278 0.63126277923584 0.644422829151154 0.665253520011902 0.670724809169769 0.665193557739258 0.659190535545349 0.65606415271759 0.661671578884125 0.661364257335663 0.637315452098846 0.632729172706604 0.651606857776642 0.657743752002716 0.643422365188599 0.629935026168823 0.634220838546753 0.628448247909546 0.620787024497986 0.628815591335297 0.643816113471985 0.643098413944244 0.641560018062592 0.645697891712189 0.652961850166321 0.648684501647949 0.634919941425323 0.631591618061066 0.630059778690338 0.618875682353973 0.612370729446411
-3.4e+38 -3.4e+38 -3.4e+38 -3.4e+38 -3.4e+38 0.65288519859314 0.646252036094666 0.651150226593018 0.638650298118591 0.612503468990326 0.574721574783325 0.568574249744415 0.579989969730377 0.564915657043457 0.569822013378143 0.579211950302124 0.581404626369476 0.601518273353577 0.613405764102936 0.624286472797394 0.643585562705994 0.663544356822968 0.669839978218079 0.662393033504486 0.658162772655487 0.655957818031311 0.667134344577789 0.668040573596954 0.642263770103455 0.639871418476105 0.656554579734802 0.658154904842377 0.645672976970673 0.637388467788696 0.636960446834564 0.621765792369843 0.61048412322998 0.622557461261749 0.64843761920929 0.652925372123718 0.649581551551819 0.65213280916214 0.657754302024841 0.651260673999786 0.637993216514587 0.63043200969696 0.627696394920349 0.628912746906281 0.627707719802856
-3.4e+38 -3.4e+38 -3.4e+38 -3.4e+38 0.630374670028687 0.627407491207123 0.63753479719162 0.66069620847702 0.654248952865601 0.621841549873352 0.596851348876953 0.601568281650543 0.595986008644104 0.56444251537323 0.553061962127686 0.568310678005219 0.579374074935913 0.590498447418213 0.598568975925446 0.614617049694061 0.636102259159088 0.649863958358765 0.652635216712952 0.650316059589386 0.654621303081512 0.665264964103699 0.673296630382538 0.666976153850555 0.647593677043915 0.647158324718475 0.660193502902985 0.658760249614716 0.645862400531769 0.642485380172729 0.644652783870697 0.637836217880249 0.634358465671539 0.630571782588959 0.637413620948792 0.648939788341522 0.653377115726471 0.654634952545166 0.652855515480042 0.643392562866211 0.632933855056763 0.623885273933411 0.624238193035126 0.638534903526306 0.641453683376312
-3.4e+38 -3.4e+38 -3.4e+38 -3.4e+38 0.612845480442047 0.611673831939697 0.612892806529999 0.629871666431427 0.640872299671173 0.622222602367401 0.60830956697464 0.626312971115112 0.628388524055481 0.605737268924713 0.586600720882416 0.598361313343048 0.592143774032593 0.590729475021362 0.599744975566864 0.61713433265686 0.634169280529022 0.636100113391876 0.639063715934753 0.640761852264404 0.646412134170532 0.656414210796356 0.651833176612854 0.647609531879425 0.644329309463501 0.647621214389801 0.65596330165863 0.652295470237732 0.641195178031921 0.638648688793182 0.646471738815308 0.658618688583374 0.664726257324219 0.649209499359131 0.637794435024261 0.645769417285919 0.645535290241241 0.646385669708252 0.646684050559998 0.644288301467896 0.644337058067322 0.633699595928192 0.624440610408783 0.625874817371368 0.640898048877716
-3.4e+38 -3.4e+38 -3.4e+38 -3.4e+38 0.597311854362488 0.595181167125702 0.588255643844604 0.595105528831482 0.61657178401947 0.613234221935272 0.607189118862152 0.62617039680481 0.640096068382263 0.641883909702301 0.631686866283417 0.624900877475739 0.606808960437775 0.597391128540039 0.610889852046967 0.631887972354889 0.634964823722839 0.627614557743073 0.626722633838654 0.630079925060272 0.626776933670044 0.624907851219177 0.620823502540588 0.62850558757782 0.630043983459473 0.634336054325104 0.646209955215454 0.646677255630493 0.637162089347839 0.628863930702209 0.640259802341461 0.66583776473999 0.675538063049316 0.660900592803955 0.652625322341919 0.652604699134827 0.64700186252594 0.644711315631866 0.647982656955719 0.655139625072479 0.661021173000336 0.656089961528778 0.647975504398346 0.64435225725174 0.652935922145844
-3.4e+38 -3.4e+38 -3.4e+38 0.617370247840881 0.602712094783783 0.59716010093689 0.58744204044342 0.595634400844574 0.609131336212158 0.601962864398956 0.594035863876343 0.602246701717377 0.616351425647736 0.633912742137909 0.62902045249939 0.615688621997833 0.610331416130066 0.614534735679626 0.614286720752716 0.621280312538147 0.614475190639496 0.608585596084595 0.606208562850952 0.613862872123718 0.613356411457062 0.606042444705963 0.608392000198364 0.619543850421906 0.616542100906372 0.621904671192169 0.640049040317535 0.64418637752533 0.632296621799469 0.624212920665741 0.637985527515411 0.65638142824173 0.666789412498474 0.660527169704437 0.652584433555603 0.651084780693054 0.643413364887238 0.643283486366272 0.649283170700073 0.660000562667847 0.663369238376617 0.659516930580139 0.653917729854584 0.649823546409607 0.652134716510773
-3.4e+38 -3.4e+38 0.652433276176453 0.642927467823029 0.631290972232819 0.618564903736115 0.604896247386932 0.609151661396027 0.61401242017746 0.609352111816406 0.59569901227951 0.590557456016541 0.601059794425964 0.617939174175262 0.619148135185242 0.606703639030457 0.613619029521942 0.628806352615356 0.594804406166077 0.582796216011047 0.592370450496674 0.583968758583069 0.599435687065125 0.616787135601044 0.614853084087372 0.604429185390472 0.610556185245514 0.624591469764709 0.610566735267639 0.620558023452759 0.640165507793427 0.642399549484253 0.632268309593201 0.631220161914825 0.640740036964417 0.645475804805756 0.660461604595184 0.666281461715698 0.65291827917099 0.640883147716522 0.63770204782486 0.64346969127655 0.650172352790833 0.664039075374603 0.668537318706512 0.658544421195984 0.648575067520142 0.64267772436142 0.643561720848083
-3.4e+38 0.670095682144165 0.667127132415771 0.657122254371643 0.649075388908386 0.636408567428589 0.628381729125977 0.63053959608078 0.62394255399704 0.617787837982178 0.59921783208847 0.588174819946289 0.600549817085266 0.613797783851624 0.621522545814514 0.61399906873703 0.624203145503998 0.628051698207855 0.591974675655365 0.58734530210495 0.592873811721802 0.580697774887085 0.618238031864166 0.626662254333496 0.607761561870575 0.619985938072205 0.618506848812103 0.616619169712067 0.602694511413574 0.610353410243988 0.627373099327087 0.631275177001953 0.63054484128952 0.642359435558319 0.652291417121887 0.6464524269104 0.662687242031097 0.67372065782547 0.653024017810822 0.637406170368195 0.643288373947144 0.654087543487549 0.659765720367432 0.670563817024231 0.676486253738403 0.664404213428497 0.650491535663605 0.644808053970337 0.645780444145203
-3.4e+38 0.67729651927948 0.668432652950287 0.660383284091949 0.660667479038239 0.654443740844727 0.648366272449493 0.646537125110626 0.635826945304871 0.626872062683105 0.6106818318367 0.603009819984436 0.611783146858215 0.619602859020233 0.625133693218231 0.621306777000427 0.630838990211487 0.625515818595886 0.605282425880432 0.622348725795746 0.611704051494598 0.595444798469543 0.619093656539917 0.603512227535248 0.594366848468781 0.625066518783569 0.609698057174683 0.604359686374664 0.605668067932129 0.594962179660797 0.628380000591278 0.63590270280838 0.630949199199677 0.648265421390533 0.651266157627106 0.640126526355743 0.642662048339844 0.644077360630035 0.63664048910141 0.641157329082489 0.652500748634338 0.657075941562653 0.662039220333099 0.667140603065491 0.67063981294632 0.667743504047394 0.661802291870117 0.658934593200684 0.657525599002838
0.679058194160461 0.674656987190247 0.66155332326889 0.661139011383057 0.668046057224274 0.666250288486481 0.666084289550781 0.658783733844757 0.641868114471436 0.633480966091156 0.625017821788788 0.618045270442963 0.61906486749649 0.626835286617279 0.627927482128143 0.624140977859497 0.620868444442749 0.606485188007355 0.610655665397644 0.634828746318817 0.617470324039459 0.604574739933014 0.607541501522064 0.583441853523254 0.585622012615204 0.611153841018677 0.609382271766663 0.587298095226288 0.580434560775757 0.586173832416534 0.630951941013336 0.637621939182281 0.621362090110779 0.649969756603241 0.660302758216858 0.643761157989502 0.62428206205368 0.611224055290222 0.597269177436829 0.613223016262054 0.640660464763641 0.651672124862671 0.658559501171112 0.659937620162964 0.658175885677338 0.656078398227692 0.658906280994415 0.670076072216034 0.667357325553894
