data/1_raw/trimmed_ndre/W_ndre.66.2016.asc
NCOLS 130 
NROWS 71 
XLLCORNER 530645 
YLLCORNER 5158205 
CELLSIZE 5 
NODATA_value -3.4e+38 
[rows 0 to 20 of 71, columns 0 to 48 of 130]
-339999999999999996123846586046231871488.000000000000000 -3.4e+38 -3.4e+38 -3.4e+38 -3.4e+38 -3.4e+38 -3.4e+38 -3.4e+38 -3.4e+38 -3.4e+38 -3.4e+38 0.459913432598114 0.450287580490112 0.438219040632248 0.425183266401291 0.418855339288712 0.435495644807816 -3.4e+38 -3.4e+38 -3.4e+38 -3.4e+38 -3.4e+38 -3.4e+38 -3.4e+38 -3.4e+38 -3.4e+38 -3.4e+38 -3.4e+38 -3.4e+38 -3.4e+38 -3.4e+38 -3.4e+38 -3.4e+38 -3.4e+38 -3.4e+38 -3.4e+38 -3.4e+38 -3.4e+38 -3.4e+38 -3.4e+38 -3.4e+38 -3.4e+38 -3.4e+38 -3.4e+38 -3.4e+38 -3.4e+38 -3.4e+38 -3.4e+38 -3.4e+38
-3.4e+38 -3.4e+38 -3.4e+38 -3.4e+38 -3.4e+38 -3.4e+38 -3.4e+38 -3.4e+38 -3.4e+38 -3.4e+38 0.503763437271118 0.456899493932724 0.431699246168137 0.41452419757843 0.410279840230942 0.410568088293076 0.416862428188324 0.439676493406296 -3.4e+38 -3.4e+38 -3.4e+38 -3.4e+38 -3.4e+38 -3.4e+38 -3.4e+38 -3.4e+38 -3.4e+38 -3.4e+38 -3.4e+38 -3.4e+38 -3.4e+38 -3.4e+38 -3.4e+38 -3.4e+38 -3.4e+38 -3.4e+38 -3.4e+38 -3.4e+38 -3.4e+38 -3.4e+38 -3.4e+38 -3.4e+38 -3.4e+38 -3.4e+38 -3.4e+38 -3.4e+38 -3.4e+38 -3.4e+38 -3.4e+38
-3.4e+38 -3.4e+38 -3.4e+38 -3.4e+38 -3.4e+38 -3.4e+38 -3.4e+38 -3.4e+38 0.556421637535095 0.544707119464874 0.515892505645752 0.468425452709198 0.429527133703232 0.420941293239594 0.421632528305054 0.423036873340607 0.427357822656631 0.447486132383347 0.486160695552826 -3.4e+38 -3.4e+38 -3.4e+38 -3.4e+38 -3.4e+38 -3.4e+38 -3.4e+38 -3.4e+38 -3.4e+38 -3.4e+38 -3.4e+38 -3.4e+38 -3.4e+38 -3.4e+38 -3.4e+38 -3.4e+38 -3.4e+38 -3.4e+38 -3.4e+38 -3.4e+38 -3.4e+38 -3.4e+38 -3.4e+38 -3.4e+38 -3.4e+38 -3.4e+38 -3.4e+38 -3.4e+38 -3.4e+38 -3.4e+38
-3.4e+38 -3.4e+38 -3.4e+38 -3.4e+38 -3.4e+38 -3.4e+38 -3.4e+38 -3.4e+38 -3.4e+38 0.578643560409546 0.544736683368683 0.492389559745789 0.450356811285019 0.438394367694855 0.439958155155182 0.450258731842041 0.456377416849136 0.465092927217484 0.502834320068359 0.537968933582306 0.565570592880249 -3.4e+38 -3.4e+38 -3.4e+38 -3.4e+38 -3.4e+38 -3.4e+38 -3.4e+38 -3.4e+38 -3.4e+38 -3.4e+38 -3.4e+38 0.53125262260437 0.523400008678436 -3.4e+38 -3.4e+38 -3.4e+38 -3.4e+38 -3.4e+38 -3.4e+38 -3.4e+38 -3.4e+38 -3.4e+38 -3.4e+38 -3.4e+38 -3.4e+38 -3.4e+38 -3.4e+38 -3.4e+38
-3.4e+38 -3.4e+38 -3.4e+38 -3.4e+38 -3.4e+38 -3.4e+38 -3.4e+38 -3.4e+38 -3.4e+38 0.575263619422913 0.546470165252686 0.513505041599274 0.469009250402451 0.439525753259659 0.427337765693665 0.440594494342804 0.454671412706375 0.475427508354187 0.515189230442047 0.549431979656219 0.573651671409607 0.585954964160919 0.581493616104126 0.574429094791412 0.570342838764191 0.568370282649994 0.582012832164764 0.571330606937408 -3.4e+38 -3.4e+38 -3.4e+38 0.550696134567261 0.540568351745605 0.536605060100555 0.538441896438599 0.533086538314819 0.518092572689056 -3.4e+38 -3.4e+38 -3.4e+38 -3.4e+38 -3.4e+38 -3.4e+38 -3.4e+38 -3.4e+38 -3.4e+38 -3.4e+38 -3.4e+38 -3.4e+38
-3.4e+38 -3.4e+38 -3.4e+38 -3.4e+38 -3.4e+38 -3.4e+38 -3.4e+38 -3.4e+38 -3.4e+38 0.563715636730194 0.547977030277252 0.524718225002289 0.463715642690659 0.418477952480316 0.409031599760056 0.431990563869476 0.442857682704926 0.475821405649185 0.515937328338623 0.547066450119019 0.560405671596527 0.570449590682983 0.57561981678009 0.568185091018677 0.565415024757385 0.568074822425842 0.579490005970001 0.580868005752563 0.570004403591156 0.557842254638672 0.549158811569214 0.553188920021057 0.551587998867035 0.547096014022827 0.539361894130707 0.524580121040344 0.522421717643738 0.512565910816193 0.489115476608276 0.472327053546906 -3.4e+38 -3.4e+38 -3.4e+38 -3.4e+38 -3.4e+38 -3.4e+38 -3.4e+38 -3.4e+38 -3.4e+38
-3.4e+38 -3.4e+38 -3.4e+38 -3.4e+38 -3.4e+38 -3.4e+38 -3.4e+38 -3.4e+38 -3.4e+38 0.557777941226959 0.551359534263611 0.516197264194489 0.457321792840958 0.412605255842209 0.41325917840004 0.441773116588593 0.446491837501526 0.480949103832245 0.519287109375 0.539514899253845 0.547568082809448 0.558877766132355 0.568079113960266 0.57136207818985 0.583965539932251 0.579107582569122 0.572481513023376 0.572510898113251 0.563825666904449 0.552794635295868 0.545854449272156 0.55483466386795 0.548169851303101 0.54440039396286 0.54003494977951 0.52634060382843 0.539139747619629 0.542062878608704 0.525072038173676 0.50999915599823 0.505294561386108 0.494328916072845 -3.4e+38 -3.4e+38 -3.4e+38 -3.4e+38 -3.4e+38 -3.4e+38 -3.4e+38
-3.4e+38 -3.4e+38 -3.4e+38 -3.4e+38 -3.4e+38 -3.4e+38 -3.4e+38 -3.4e+38 -3.4e+38 0.548060834407806 0.534384727478027 0.499295681715012 0.45743265748024 0.424609035253525 0.439107358455658 0.478244245052338 0.507353484630585 0.509911239147186 0.51782500743866 0.529623329639435 0.54127299785614 0.55396693944931 0.563147485256195 0.57349044084549 0.590724945068359 0.574472367763519 0.561261236667633 0.557632803916931 0.55522346496582 0.559002161026001 0.555046916007996 0.54847663640976 0.542759120464325 0.541170239448547 0.538009941577911 0.535433709621429 0.552376270294189 0.567091882228851 0.570878684520721 0.563771963119507 0.551307439804077 0.527044892311096 0.498641937971115 -3.4e+38 -3.4e+38 -3.4e+38 -3.4e+38 -3.4e+38 -3.4e+38
-3.4e+38 -3.4e+38 -3.4e+38 -3.4e+38 -3.4e+38 -3.4e+38 -3.4e+38 -3.4e+38 0.55291622877121 0.554565906524658 0.54531341791153 0.502876162528992 0.463276207447052 0.450033634901047 0.466611683368683 0.49739733338356 0.520628154277802 0.514434337615967 0.514061093330383 0.525597870349884 0.541129887104034 0.549408137798309 0.551047325134277 0.560595154762268 0.575632989406586 0.567506492137909 0.558413803577423 0.551990747451782 0.553023397922516 0.56510466337204 0.554165899753571 0.542392432689667 0.539745688438416 0.534819602966309 0.526167213916779 0.528773009777069 0.553707420825958 0.582626163959503 0.59780216217041 0.596532702445984 0.579061210155487 0.550952911376953 0.519621968269348 0.491288810968399 0.470564603805542 0.469427525997162 0.475261330604553 -3.4e+38 -3.4e+38
-3.4e+38 -3.4e+38 -3.4e+38 -3.4e+38 -3.4e+38 -3.4e+38 -3.4e+38 0.561157524585724 0.569307267665863 0.56514185667038 0.55951726436615 0.5154629945755 0.47686979174614 0.473186790943146 0.495443642139435 0.508771300315857 0.514434337615967 0.511333823204041 0.515191912651062 0.530674159526825 0.544494271278381 0.546107232570648 0.543207108974457 0.550165712833405 0.563355445861816 0.57213681936264 0.573701679706573 0.563990473747253 0.555778086185455 0.559569895267487 0.549464166164398 0.542094886302948 0.537316501140594 0.525469839572906 0.511571824550629 0.521615505218506 0.550776600837708 0.582890808582306 0.594205141067505 0.592947065830231 0.57980740070343 0.568449258804321 0.545855641365051 0.519655466079712 0.499487996101379 0.498014181852341 0.494084179401398 0.49244636297226 -3.4e+38
-3.4e+38 -3.4e+38 -3.4e+38 -3.4e+38 -3.4e+38 -3.4e+38 0.555708467960358 0.570247411727905 0.586359202861786 0.577695846557617 0.560479283332825 0.542203664779663 0.515554189682007 0.498251080513 0.500917077064514 0.50141042470932 0.500026226043701 0.507678747177124 0.524635195732117 0.527520418167114 0.534195005893707 0.541796445846558 0.547463595867157 0.55479222536087 0.56960266828537 0.58301967382431 0.581535339355469 0.572089731693268 0.558536112308502 0.551642179489136 0.550059854984283 0.545002400875092 0.538497090339661 0.528793275356293 0.515070140361786 0.524773478507996 0.548042595386505 0.568276584148407 0.55878621339798 0.559539198875427 0.566203057765961 0.571426033973694 0.558034121990204 0.543220937252045 0.529130101203918 0.51950991153717 0.505222320556641 0.502181828022003 0.497452408075333
-3.4e+38 -3.4e+38 -3.4e+38 -3.4e+38 -3.4e+38 0.552886843681335 0.566767513751984 0.577058374881744 0.60567444562912 0.588392853736877 0.568346381187439 0.570119261741638 0.552872240543365 0.531401753425598 0.510498762130737 0.494886338710785 0.486120522022247 0.501240134239197 0.52477353811264 0.531010150909424 0.536178529262543 0.551447868347168 0.568294763565063 0.580239474773407 0.591955542564392 0.584496259689331 0.570386946201324 0.574456751346588 0.560185253620148 0.550687372684479 0.55178040266037 0.545846700668335 0.540500640869141 0.534063577651978 0.526675879955292 0.531910479068756 0.545608103275299 0.554576694965363 0.546092927455902 0.540807545185089 0.548875570297241 0.560173809528351 0.558042347431183 0.55530321598053 0.551343262195587 0.541079699993134 0.520034968852997 0.514501929283142 0.507024168968201
-3.4e+38 -3.4e+38 -3.4e+38 -3.4e+38 -3.4e+38 0.551908671855927 0.569709479808807 0.584868848323822 0.60031932592392 0.585188746452332 0.573925793170929 0.574110090732574 0.566371023654938 0.559757947921753 0.540606796741486 0.518568456172943 0.513741135597229 0.529484510421753 0.542823493480682 0.548166632652283 0.553659081459045 0.579467594623566 0.594991385936737 0.594520390033722 0.602593302726746 0.578449487686157 0.562411367893219 0.574187397956848 0.564459264278412 0.557265996932983 0.55543977022171 0.55287891626358 0.546450197696686 0.539353966712952 0.534757316112518 0.535076975822449 0.539444744586945 0.545920789241791 0.545825362205505 0.538024544715881 0.535357713699341 0.545872449874878 0.560237526893616 0.566475510597229 0.561192810535431 0.54608029127121 0.528996229171753 0.525969564914703 0.521797835826874
-3.4e+38 -3.4e+38 -3.4e+38 -3.4e+38 0.538633227348328 0.544475495815277 0.560245871543884 0.578245520591736 0.592881500720978 0.594355046749115 0.584919095039368 0.567196130752563 0.55680775642395 0.570938050746918 0.573157668113708 0.560270845890045 0.546059370040894 0.554349362850189 0.560557126998901 0.564996480941772 0.575658857822418 0.600179553031921 0.602761030197144 0.596728980541229 0.597825407981873 0.572850227355957 0.566827416419983 0.57224178314209 0.563083708286285 0.551577568054199 0.552237987518311 0.554838418960571 0.54760605096817 0.537231862545013 0.525601446628571 0.518152236938477 0.52077329158783 0.535676240921021 0.54661101102829 0.546586573123932 0.536234080791473 0.53728061914444 0.54806661605835 0.560230195522308 0.563036441802979 0.547291040420532 0.536673724651337 0.541706740856171 0.540882110595703
-3.4e+38 -3.4e+38 -3.4e+38 -3.4e+38 0.543174505233765 0.549787998199463 0.560082972049713 0.572421610355377 0.586088538169861 0.599150776863098 0.600614964962006 0.572193920612335 0.549708306789398 0.557167172431946 0.565540730953217 0.566646575927734 0.56022322177887 0.559164464473724 0.558579802513123 0.544578731060028 0.540807068347931 0.565244138240814 0.581029117107391 0.583810269832611 0.57924473285675 0.563155055046082 0.557767331600189 0.558330357074738 0.554505705833435 0.543705224990845 0.546948313713074 0.54450935125351 0.531882226467133 0.523513197898865 0.522673428058624 0.520413458347321 0.518824756145477 0.527233779430389 0.538576781749725 0.54392796754837 0.540252923965454 0.536772668361664 0.539356708526611 0.550690591335297 0.564097106456757 0.556531488895416 0.551538169384003 0.550731480121613 0.549192249774933
-3.4e+38 -3.4e+38 -3.4e+38 -3.4e+38 0.560895204544067 0.567414343357086 0.569800794124603 0.566136419773102 0.570986688137054 0.579702079296112 0.584855198860168 0.559872329235077 0.540189683437347 0.537975251674652 0.543936014175415 0.554567098617554 0.560174524784088 0.564156591892242 0.573643445968628 0.552193880081177 0.538122117519379 0.544388890266418 0.562510073184967 0.565979361534119 0.565652906894684 0.559392869472504 0.544176816940308 0.547914505004883 0.551595509052277 0.546983599662781 0.545396983623505 0.530439913272858 0.51734185218811 0.519445776939392 0.53512179851532 0.5423384308815 0.539098560810089 0.52681690454483 0.523762762546539 0.528339505195618 0.533501803874969 0.53529816865921 0.537954092025757 0.546004354953766 0.557685196399689 0.559917747974396 0.566820561885834 0.555554509162903 0.543926477432251
-3.4e+38 -3.4e+38 -3.4e+38 0.591270685195923 0.588869035243988 0.58836305141449 0.58029168844223 0.556910395622253 0.551466405391693 0.55762106180191 0.5644171833992 0.550216376781464 0.532437384128571 0.529127061367035 0.540976881980896 0.557815432548523 0.576113045215607 0.583723783493042 0.58547967672348 0.575409412384033 0.579373419284821 0.590607285499573 0.601663410663605 0.590665459632874 0.589198291301727 0.577702641487122 0.54961097240448 0.555765151977539 0.566476285457611 0.56873893737793 0.555689632892609 0.53678822517395 0.524362206459045 0.528619706630707 0.550918757915497 0.564478933811188 0.568821787834167 0.560004949569702 0.540686964988708 0.534868359565735 0.534931659698486 0.538561880588531 0.548995971679688 0.558158099651337 0.566584408283234 0.572122693061829 0.578257083892822 0.555735528469086 0.53875058889389
-3.4e+38 -3.4e+38 0.624809265136719 0.616718709468842 0.609755158424377 0.601486027240753 0.585297346115112 0.562722980976105 0.561039686203003 0.566090404987335 0.565059840679169 0.550736308097839 0.528919816017151 0.529975295066833 0.540812730789185 0.554369688034058 0.579703748226166 0.578795611858368 0.577546000480652 0.589775860309601 0.612319529056549 0.617062747478485 0.611581861972809 0.598730564117432 0.60335636138916 0.596931278705597 0.579773485660553 0.583458721637726 0.580162525177002 0.573409795761108 0.560468077659607 0.546791136264801 0.537055253982544 0.535597264766693 0.544972479343414 0.565603315830231 0.581596255302429 0.579788506031036 0.561911702156067 0.553826689720154 0.553208649158478 0.554874777793884 0.558215081691742 0.560294151306152 0.566016256809235 0.573369681835175 0.577848732471466 0.571161091327667 0.561872661113739
-3.4e+38 0.625419616699219 0.632885038852692 0.630210220813751 0.617520689964294 0.59912234544754 0.584427177906036 0.578911542892456 0.586418271064758 0.587250292301178 0.574011981487274 0.552323281764984 0.525798916816711 0.533401489257812 0.546462893486023 0.559152245521545 0.574029207229614 0.554170548915863 0.549300909042358 0.569148063659668 0.601010024547577 0.597611844539642 0.59030157327652 0.584282279014587 0.586534142494202 0.594955503940582 0.594624221324921 0.588731408119202 0.578760743141174 0.56805282831192 0.556881964206696 0.544694781303406 0.530971109867096 0.524512052536011 0.530804991722107 0.551543653011322 0.575010597705841 0.580222487449646 0.568997502326965 0.554012477397919 0.553435146808624 0.5563103556633 0.557750463485718 0.556022584438324 0.558121800422668 0.559608161449432 0.565493583679199 0.577313601970673 0.5677330493927
-3.4e+38 0.622317969799042 0.635109007358551 0.638640701770782 0.633583545684814 0.621171593666077 0.600577175617218 0.602456867694855 0.612900733947754 0.602364897727966 0.561073243618011 0.527814149856567 0.519134342670441 0.54817396402359 0.561215579509735 0.569822311401367 0.572888970375061 0.559927225112915 0.555258274078369 0.568694412708282 0.588375389575958 0.573129713535309 0.565523684024811 0.557803630828857 0.554385483264923 0.575185179710388 0.580631077289581 0.576045095920563 0.567445814609528 0.555201172828674 0.547505378723145 0.542273998260498 0.536799788475037 0.53349244594574 0.53545355796814 0.545379042625427 0.561336815357208 0.569781363010406 0.57374632358551 0.571389853954315 0.564653992652893 0.562355399131775 0.557002067565918 0.553053498268127 0.561510503292084 0.569776177406311 0.575932085514069 0.580586969852448 0.569365262985229
0.63181608915329 0.629945576190948 0.641569554805756 0.635007739067078 0.635495841503143 0.638088762760162 0.623171091079712 0.626000821590424 0.630457520484924 0.619055509567261 0.579545497894287 0.542800307273865 0.538356065750122 0.568379104137421 0.575417637825012 0.579520642757416 0.586147725582123 0.587227165699005 0.569870352745056 0.572722494602203 0.580621838569641 0.57233864068985 0.573696851730347 0.563776671886444 0.555688560009003 0.568732142448425 0.569657802581787 0.561554670333862 0.550575733184814 0.536083281040192 0.535231471061707 0.540647983551025 0.54837304353714 0.557002544403076 0.559446334838867 0.562844753265381 0.568085551261902 0.568630516529083 0.556351363658905 0.553953230381012 0.557969570159912 0.563222587108612 0.558139622211456 0.547890484333038 0.543515980243683 0.549922466278076 0.560955584049225 0.569696307182312 0.571044862270355
