data/1_raw/trimmed_ndre/W_ndre.66.2016.asc
NCOLS 130 
NROWS 71 
XLLCORNER 530645 
YLLCORNER 5158205 
CELLSIZE 5 
NODATA_value -3.4e+38 
[rows 21 to 41 of 71, columns 49 to 97 of 130]
0.585259854793549 0.584670841693878 0.580610334873199 0.572996556758881 0.563325881958008 0.554461598396301 0.556404590606689 0.556360006332397 0.531630337238312 0.512648820877075 0.502375602722168 0.495985627174377 0.480010181665421 0.480214506387711 0.479346990585327 0.475170493125916 0.482256501913071 0.49046990275383 -3.4e+38 -3.4e+38 -3.4e+38 -3.4e+38 -3.4e+38 -3.4e+38 -3.4e+38 -3.4e+38 -3.4e+38 -3.4e+38 -3.4e+38 -3.4e+38 -3.4e+38 -3.4e+38 -3.4e+38 -3.4e+38 -3.4e+38 -3.4e+38 -3.4e+38 -3.4e+38 -3.4e+38 -3.4e+38 -3.4e+38 -3.4e+38 -3.4e+38 -3.4e+38 -3.4e+38 -3.4e+38 -3.4e+38 -3.4e+38 -3.4e+38
0.603140711784363 0.602311313152313 0.599104225635529 0.589324295520782 0.572525203227997 0.555852293968201 0.558720529079437 0.557879090309143 0.537810325622559 0.523974895477295 0.525829911231995 0.522012233734131 0.500275075435638 0.495839506387711 0.484662503004074 0.473348796367645 0.479544222354889 0.487965762615204 0.490950435400009 0.491295725107193 0.499616920948029 0.529540061950684 0.541033506393433 0.530831515789032 0.516792118549347 0.505520939826965 0.489752918481827 0.474605858325958 -3.4e+38 -3.4e+38 -3.4e+38 -3.4e+38 -3.4e+38 -3.4e+38 -3.4e+38 -3.4e+38 -3.4e+38 -3.4e+38 -3.4e+38 -3.4e+38 -3.4e+38 -3.4e+38 -3.4e+38 -3.4e+38 -3.4e+38 -3.4e+38 -3.4e+38 -3.4e+38 -3.4e+38
0.604858934879303 0.608594655990601 0.607504189014435 0.595504283905029 0.576845288276672 0.557675838470459 0.554072141647339 0.548633098602295 0.538295090198517 0.53098076581955 0.538045704364777 0.530082643032074 0.513361573219299 0.510624587535858 0.500415802001953 0.486846148967743 0.480304270982742 0.489664137363434 0.4901402592659 0.481825083494186 0.473416328430176 0.488203585147858 0.494235694408417 0.498174399137497 0.505177974700928 0.5196253657341 0.519121110439301 0.509573757648468 0.495708376169205 -3.4e+38 -3.4e+38 -3.4e+38 -3.4e+38 -3.4e+38 -3.4e+38 -3.4e+38 -3.4e+38 -3.4e+38 -3.4e+38 -3.4e+38 -3.4e+38 -3.4e+38 -3.4e+38 -3.4e+38 -3.4e+38 -3.4e+38 -3.4e+38 -3.4e+38 -3.4e+38
0.594998240470886 0.603453993797302 0.617379784584045 0.61058634519577 0.587534964084625 0.561159431934357 0.545872449874878 0.541404247283936 0.539026260375977 0.535467863082886 0.531406342983246 0.521637439727783 0.516530275344849 0.517613232135773 0.508154392242432 0.491826355457306 0.486826419830322 0.494188219308853 0.488634020090103 0.481019854545593 0.474289894104004 0.471717894077301 0.463360399007797 0.472091645002365 0.492274552583694 0.518278956413269 0.529809594154358 0.52827250957489 0.516477346420288 0.499905347824097 -3.4e+38 -3.4e+38 -3.4e+38 -3.4e+38 -3.4e+38 -3.4e+38 -3.4e+38 -3.4e+38 -3.4e+38 -3.4e+38 -3.4e+38 -3.4e+38 -3.4e+38 -3.4e+38 -3.4e+38 -3.4e+38 -3.4e+38 -3.4e+38 -3.4e+38
0.592407643795013 0.600452244281769 0.613883316516876 0.613335192203522 0.59598833322525 0.563737034797668 0.534981369972229 0.532099783420563 0.533583879470825 0.530640304088593 0.520123898983002 0.510609090328217 0.515604853630066 0.520519137382507 0.513914287090302 0.495604634284973 0.493721812963486 0.496080905199051 0.48603418469429 0.480879366397858 0.484601020812988 0.483866423368454 0.467124164104462 0.473493635654449 0.490974009037018 0.512733936309814 0.529048800468445 0.534835815429688 0.525801718235016 0.513815343379974 0.517106294631958 -3.4e+38 -3.4e+38 -3.4e+38 -3.4e+38 -3.4e+38 -3.4e+38 -3.4e+38 -3.4e+38 -3.4e+38 -3.4e+38 -3.4e+38 -3.4e+38 -3.4e+38 -3.4e+38 -3.4e+38 -3.4e+38 -3.4e+38 -3.4e+38
0.596671462059021 0.59897792339325 0.600112497806549 0.597287952899933 0.599703788757324 0.576275408267975 0.548853874206543 0.537888944149017 0.532857358455658 0.526253581047058 0.517582774162292 0.511737823486328 0.529809296131134 0.538441479206085 0.530352413654327 0.507855772972107 0.502560973167419 0.499790072441101 0.493076950311661 0.487758755683899 0.490798532962799 0.491296678781509 0.485479831695557 0.49338099360466 0.509082973003387 0.527182281017303 0.541037619113922 0.544460117816925 0.531703889369965 0.521774649620056 0.526858150959015 0.534969747066498 0.532222270965576 0.532450318336487 -3.4e+38 -3.4e+38 -3.4e+38 -3.4e+38 -3.4e+38 -3.4e+38 -3.4e+38 -3.4e+38 -3.4e+38 -3.4e+38 -3.4e+38 -3.4e+38 -3.4e+38 -3.4e+38 -3.4e+38
0.609192669391632 0.599492132663727 0.585905015468597 0.580353260040283 0.599197208881378 0.585699498653412 0.570423364639282 0.555869817733765 0.540023565292358 0.528952598571777 0.517234683036804 0.515156984329224 0.539587080478668 0.550965547561646 0.543195605278015 0.5245041847229 0.51834374666214 0.51970773935318 0.514020562171936 0.502067685127258 0.496931940317154 0.499878019094467 0.503630638122559 0.510682940483093 0.525296866893768 0.540764212608337 0.550974309444427 0.551364064216614 0.539115309715271 0.527888059616089 0.52571165561676 0.5329749584198 0.531391322612762 0.529504895210266 0.533285439014435 0.546240448951721 0.554143071174622 0.560478150844574 0.569908618927002 0.583903610706329 0.592122554779053 0.579370379447937 0.557564556598663 0.559721529483795 0.554777204990387 0.552208423614502 0.550889909267426 0.543346643447876 0.532104015350342
0.623324573040009 0.595271944999695 0.579050660133362 0.578920662403107 0.591913998126984 0.583326160907745 0.586622953414917 0.57683914899826 0.554183065891266 0.545472204685211 0.528407514095306 0.527351140975952 0.547392725944519 0.555655300617218 0.542663991451263 0.526671886444092 0.522974908351898 0.530646502971649 0.527945756912231 0.518733263015747 0.511697471141815 0.518598437309265 0.520905792713165 0.525196135044098 0.53825581073761 0.550683617591858 0.55733197927475 0.557242453098297 0.552413761615753 0.544247567653656 0.542414903640747 0.545207738876343 0.542633473873138 0.539720475673676 0.543643593788147 0.553185284137726 0.559012591838837 0.560711681842804 0.566077530384064 0.578996777534485 0.591606914997101 0.581998229026794 0.570282399654388 0.572115659713745 0.565136730670929 0.562581956386566 0.563182353973389 0.558071494102478 0.543440878391266
0.619793236255646 0.598115563392639 0.589869797229767 0.588611364364624 0.582999408245087 0.567325174808502 0.576618611812592 0.578561127185822 0.568937838077545 0.558577179908752 0.546902239322662 0.549493670463562 0.560696005821228 0.564078032970428 0.550114393234253 0.540077030658722 0.539253115653992 0.546697616577148 0.542977094650269 0.542056858539581 0.54517525434494 0.550541520118713 0.544338166713715 0.544709861278534 0.552837371826172 0.560613691806793 0.564233958721161 0.566279470920563 0.566191852092743 0.565189599990845 0.56716251373291 0.567090213298798 0.562475025653839 0.552883625030518 0.547790348529816 0.551587879657745 0.560688555240631 0.564542651176453 0.562808394432068 0.565208792686462 0.575861394405365 0.585644364356995 0.586636602878571 0.584349751472473 0.578010976314545 0.573163688182831 0.578125178813934 0.580320000648499 0.565704643726349
0.605958044528961 0.59905606508255 0.603920042514801 0.601278722286224 0.58385819196701 0.562625229358673 0.559812366962433 0.568711638450623 0.568139374256134 0.563639104366302 0.568557679653168 0.58049464225769 0.587832570075989 0.586729347705841 0.575426936149597 0.568918704986572 0.570903241634369 0.576030135154724 0.570306301116943 0.570354819297791 0.578743040561676 0.585814595222473 0.574154376983643 0.5704265832901 0.572525322437286 0.5769082903862 0.578461587429047 0.590067327022552 0.593385398387909 0.587837100028992 0.589913785457611 0.589357972145081 0.583160936832428 0.572821080684662 0.566563963890076 0.567674398422241 0.574166417121887 0.580086171627045 0.577879846096039 0.577606558799744 0.583238005638123 0.594773590564728 0.600141406059265 0.599003076553345 0.59488844871521 0.590695798397064 0.599212527275085 0.599752128124237 0.585843801498413
0.602501094341278 0.605728566646576 0.61274516582489 0.604612350463867 0.582544565200806 0.566740751266479 0.560316860675812 0.556947290897369 0.554020404815674 0.558134913444519 0.571223795413971 0.592025816440582 0.601256668567657 0.603241443634033 0.601178765296936 0.601441919803619 0.61097127199173 0.617796719074249 0.611887335777283 0.598965227603912 0.603668928146362 0.610042452812195 0.602392137050629 0.597875952720642 0.596125185489655 0.593990564346313 0.591695249080658 0.611141562461853 0.611309289932251 0.601576566696167 0.600255191326141 0.602441251277924 0.601888716220856 0.597156822681427 0.592081189155579 0.592025399208069 0.59738677740097 0.605274140834808 0.609691977500916 0.606599986553192 0.604119837284088 0.607725858688354 0.61552757024765 0.615878641605377 0.612411856651306 0.609098017215729 0.615375578403473 0.613171279430389 0.600029587745667
0.619868993759155 0.624793946743011 0.622429132461548 0.609760761260986 0.591589510440826 0.581737458705902 0.569470405578613 0.547730326652527 0.536100447177887 0.538316071033478 0.554776668548584 0.581110715866089 0.601432800292969 0.609474837779999 0.612800359725952 0.617213547229767 0.627849280834198 0.631546795368195 0.62625378370285 0.612309753894806 0.613314807415009 0.616004168987274 0.615574479103088 0.612268269062042 0.61391019821167 0.60964161157608 0.605445444583893 0.619154810905457 0.610184848308563 0.604986727237701 0.610671520233154 0.614391922950745 0.613262891769409 0.610689759254456 0.608295559883118 0.607669711112976 0.608497977256775 0.612330377101898 0.618293821811676 0.617438793182373 0.617637097835541 0.621140360832214 0.631180644035339 0.632550239562988 0.628217697143555 0.623892843723297 0.624846816062927 0.621119558811188 0.611608862876892
0.645219326019287 0.640024721622467 0.625828087329865 0.611912667751312 0.602647542953491 0.593757629394531 0.57471364736557 0.559651613235474 0.559845805168152 0.554817378520966 0.557210981845856 0.572276175022125 0.596821367740631 0.604014992713928 0.604124188423157 0.604466080665588 0.611150741577148 0.612011611461639 0.609244763851166 0.606427252292633 0.610951483249664 0.611398220062256 0.605152368545532 0.598458468914032 0.602219462394714 0.604072153568268 0.6091268658638 0.616646468639374 0.612406015396118 0.603273153305054 0.605709910392761 0.613609671592712 0.607736170291901 0.601226627826691 0.599551320075989 0.605705320835114 0.610759496688843 0.604481101036072 0.602577745914459 0.606747329235077 0.616131544113159 0.621019124984741 0.625222444534302 0.627956569194794 0.62813264131546 0.626071035861969 0.625040829181671 0.624167442321777 0.624616920948029
0.64251047372818 0.6341632604599 0.617505788803101 0.608241856098175 0.605216503143311 0.600112974643707 0.580122768878937 0.580764591693878 0.594654738903046 0.590125441551208 0.584605515003204 0.585700213909149 0.593011140823364 0.588746786117554 0.582988917827606 0.575862884521484 0.571170151233673 0.566582322120667 0.560251533985138 0.556550085544586 0.560740530490875 0.570468962192535 0.563279092311859 0.555154204368591 0.553162276744843 0.54879754781723 0.560523808002472 0.580322265625 0.592341601848602 0.582470595836639 0.586846768856049 0.594396829605103 0.583274126052856 0.577764093875885 0.577250123023987 0.585131943225861 0.596762835979462 0.585016548633575 0.577476322650909 0.585392355918884 0.598330795764923 0.591610789299011 0.591493844985962 0.600416362285614 0.609537422657013 0.611600339412689 0.611087322235107 0.612406134605408 0.617471694946289
0.618223607540131 0.614533245563507 0.602013647556305 0.597206890583038 0.594989120960236 0.588693559169769 0.569751620292664 0.583529233932495 0.608978152275085 0.620086967945099 0.623805820941925 0.61888575553894 0.606146275997162 0.585821866989136 0.569930016994476 0.550401091575623 0.532874047756195 0.523312211036682 0.516143321990967 0.510072886943817 0.51083517074585 0.521391272544861 0.511303961277008 0.50107616186142 0.500388622283936 0.505479216575623 0.514513373374939 0.534221589565277 0.550811946392059 0.545698642730713 0.551873505115509 0.551671087741852 0.546421587467194 0.552144229412079 0.553881585597992 0.561044812202454 0.573824524879456 0.579858481884003 0.574741721153259 0.573734521865845 0.578818738460541 0.570140659809113 0.563456475734711 0.564341366291046 0.571719944477081 0.578792333602905 0.582625985145569 0.589343428611755 0.600656628608704
0.590489566326141 0.596340417861938 0.59571897983551 0.591836750507355 0.586868703365326 0.576421439647675 0.558778643608093 0.562907636165619 0.584260165691376 0.608688056468964 0.624481022357941 0.622250735759735 0.605815649032593 0.585066735744476 0.570392489433289 0.55264687538147 0.534514784812927 0.518743574619293 0.504460692405701 0.499327480792999 0.495115220546722 0.498277932405472 0.506985247135162 0.510390877723694 0.512164771556854 0.509318232536316 0.493105620145798 0.4988774061203 0.504754066467285 0.502316415309906 0.513354182243347 0.516297698020935 0.523004293441772 0.537868618965149 0.540546476840973 0.549348831176758 0.567053735256195 0.584748148918152 0.572338342666626 0.561889350414276 0.565223574638367 0.5770543217659 0.573839008808136 0.562759816646576 0.556298017501831 0.561555981636047 0.563147127628326 0.569845676422119 0.583227336406708
0.582291007041931 0.598375380039215 0.601899087429047 0.587851285934448 0.57712459564209 0.567578434944153 0.562329411506653 0.5693519115448 0.58752167224884 0.603936851024628 0.612005114555359 0.604639649391174 0.585943400859833 0.572254657745361 0.566551268100739 0.560832381248474 0.54548168182373 0.530078887939453 0.519391179084778 0.524055123329163 0.519308090209961 0.518443644046783 0.525503754615784 0.526800692081451 0.533007919788361 0.52656090259552 0.501070320606232 0.499956667423248 0.508710741996765 0.514025151729584 0.515252828598022 0.515383124351501 0.529008567333221 0.541213095188141 0.535669505596161 0.535517871379852 0.553593516349792 0.572178840637207 0.56328809261322 0.551361620426178 0.562396168708801 0.584117889404297 0.579673886299133 0.559702455997467 0.551927924156189 0.557553768157959 0.558399558067322 0.561502158641815 0.562857747077942
0.570336103439331 0.585032343864441 0.586351931095123 0.571824073791504 0.558865129947662 0.548062026500702 0.549413979053497 0.565731763839722 0.590910077095032 0.599924087524414 0.594147026538849 0.575463950634003 0.54913455247879 0.539363324642181 0.538847506046295 0.542444586753845 0.542461633682251 0.545284986495972 0.543830871582031 0.5418860912323 0.528907775878906 0.524255514144897 0.528305351734161 0.531868994235992 0.537367463111877 0.530320644378662 0.517206072807312 0.517856657505035 0.52649199962616 0.529024243354797 0.528493523597717 0.53546941280365 0.561997354030609 0.572777211666107 0.563205718994141 0.551028549671173 0.555100798606873 0.559081375598907 0.55533891916275 0.55273574590683 0.562476396560669 0.570755958557129 0.566842079162598 0.55460524559021 0.555373668670654 0.560236930847168 0.559450745582581 0.561274707317352 0.555236756801605
0.552147328853607 0.56204742193222 0.551932752132416 0.537565350532532 0.529900074005127 0.531163275241852 0.535719454288483 0.552686810493469 0.580575346946716 0.592633783817291 0.581827998161316 0.557080626487732 0.530250430107117 0.527301013469696 0.52697366476059 0.524729907512665 0.528818011283875 0.555531561374664 0.5545534491539 0.533488631248474 0.515507757663727 0.51350337266922 0.521912634372711 0.530793368816376 0.535011768341064 0.539422690868378 0.537808299064636 0.537958085536957 0.545543313026428 0.536903262138367 0.526469945907593 0.526039481163025 0.549457967281342 0.558150947093964 0.558763086795807 0.557051718235016 0.56012088060379 0.558678269386292 0.561441957950592 0.571209132671356 0.571973979473114 0.562900185585022 0.554679572582245 0.554392993450165 0.559840083122253 0.560595512390137 0.558080315589905 0.555905222892761 0.546770930290222
0.537784457206726 0.549752473831177 0.532566487789154 0.51089745759964 0.500755310058594 0.508628904819489 0.515937268733978 0.531334757804871 0.551911354064941 0.572955071926117 0.567858636379242 0.54897266626358 0.529855370521545 0.531547248363495 0.539137244224548 0.538922846317291 0.530091404914856 0.538408517837524 0.549577951431274 0.531371355056763 0.504327833652496 0.505430459976196 0.528611719608307 0.546450436115265 0.549269139766693 0.551829695701599 0.54474264383316 0.547037243843079 0.559891700744629 0.552506685256958 0.542613208293915 0.53972190618515 0.547993957996368 0.537401616573334 0.534855306148529 0.538816392421722 0.546732366085052 0.552483737468719 0.558124661445618 0.567777335643768 0.572410643100739 0.562718093395233 0.554977118968964 0.55759596824646 0.566569566726685 0.560099124908447 0.551931917667389 0.543754875659943 0.530434429645538
0.529644370079041 0.534475207328796 0.512560606002808 0.482814162969589 0.473266810178757 0.485533684492111 0.501967072486877 0.528726518154144 0.553610265254974 0.571243822574615 0.574842572212219 0.550209164619446 0.533305466175079 0.529800653457642 0.521087110042572 0.526316046714783 0.529457747936249 0.530465841293335 0.549638330936432 0.5370152592659 0.516484439373016 0.518641471862793 0.531269133090973 0.543875157833099 0.552801847457886 0.555753171443939 0.537045478820801 0.536979675292969 0.546275436878204 0.545258045196533 0.54753565788269 0.552888631820679 0.551445543766022 0.52679032087326 0.520999372005463 0.532379031181335 0.545413672924042 0.542691946029663 0.541337728500366 0.551485955715179 0.565111517906189 0.567965388298035 0.556411683559418 0.551152348518372 0.555455327033997 0.548662126064301 0.542503714561462 0.527405083179474 0.50482177734375
