data/1_raw/trimmed_ndre/W_ndre.724.2013_no_clouds.asc
NCOLS 130 
NROWS 71 
XLLCORNER 530645 
YLLCORNER 5158205 
CELLSIZE 5 
NODATA_value -3.4e+38 
[rows 21 to 41 of 71, columns 49 to 97 of 130]
0.128045946359634 0.122473537921906 0.129808962345123 0.143875628709793 0.139058694243431 0.129028826951981 0.133171066641808 0.13964968919754 0.129525169730186 0.133986875414848 0.126711010932922 0.118014119565487 0.121512942016125 0.121904112398624 0.122641399502754 0.125348448753357 0.132131054997444 0.124540939927101 -3.4e+38 -3.4e+38 -3.4e+38 -3.4e+38 -3.4e+38 -3.4e+38 -3.4e+38 -3.4e+38 -3.4e+38 -3.4e+38 -3.4e+38 -3.4e+38 -3.4e+38 -3.4e+38 -3.4e+38 -3.4e+38 -3.4e+38 -3.4e+38 -3.4e+38 -3.4e+38 -3.4e+38 -3.4e+38 -3.4e+38 -3.4e+38 -3.4e+38 -3.4e+38 -3.4e+38 -3.4e+38 -3.4e+38 -3.4e+38 -3.4e+38
0.149765461683273 0.138842016458511 0.142283082008362 0.145350694656372 0.139462172985077 0.131673946976662 0.131095215678215 0.143596798181534 0.146688282489777 0.147621855139732 0.133587807416916 0.12615767121315 0.134214743971825 0.140392005443573 0.131282046437263 0.133120372891426 0.140358805656433 0.13087660074234 0.130409717559814 0.133400440216064 0.126141846179962 0.111272737383842 0.116018533706665 0.133063018321991 0.141191110014915 0.141336843371391 0.142936810851097 0.136950507760048 -3.4e+38 -3.4e+38 -3.4e+38 -3.4e+38 -3.4e+38 -3.4e+38 -3.4e+38 -3.4e+38 -3.4e+38 -3.4e+38 -3.4e+38 -3.4e+38 -3.4e+38 -3.4e+38 -3.4e+38 -3.4e+38 -3.4e+38 -3.4e+38 -3.4e+38 -3.4e+38 -3.4e+38
0.156748354434967 0.146129161119461 0.145789116621017 0.138662353157997 0.134388893842697 0.128898128867149 0.122415840625763 0.127954974770546 0.135762900114059 0.132732942700386 0.127520278096199 0.132961258292198 0.137958705425262 0.134594067931175 0.125093773007393 0.127309143543243 0.135457068681717 0.125769466161728 0.121386468410492 0.122453570365906 0.129162788391113 0.12347050011158 0.128703474998474 0.135778114199638 0.133982464671135 0.135702416300774 0.130805224180222 0.126528456807137 0.13016277551651 -3.4e+38 -3.4e+38 -3.4e+38 -3.4e+38 -3.4e+38 -3.4e+38 -3.4e+38 -3.4e+38 -3.4e+38 -3.4e+38 -3.4e+38 -3.4e+38 -3.4e+38 -3.4e+38 -3.4e+38 -3.4e+38 -3.4e+38 -3.4e+38 -3.4e+38 -3.4e+38
0.143651679158211 0.144592359662056 0.143099144101143 0.133432015776634 0.127465307712555 0.119693428277969 0.118142411112785 0.129928529262543 0.129066616296768 0.113347947597504 0.109463080763817 0.11758816242218 0.123171672224998 0.122830301523209 0.121863313019276 0.117253459990025 0.125602915883064 0.120774477720261 0.113392420113087 0.105290628969669 0.118823237717152 0.131969958543777 0.131576687097549 0.134797155857086 0.13131807744503 0.137900665402412 0.138909623026848 0.127521574497223 0.129711776971817 0.137121051549911 -3.4e+38 -3.4e+38 -3.4e+38 -3.4e+38 -3.4e+38 -3.4e+38 -3.4e+38 -3.4e+38 -3.4e+38 -3.4e+38 -3.4e+38 -3.4e+38 -3.4e+38 -3.4e+38 -3.4e+38 -3.4e+38 -3.4e+38 -3.4e+38 -3.4e+38
0.134636044502258 0.143401727080345 0.145096093416214 0.139289751648903 0.132285356521606 0.117328621447086 0.11637669056654 0.135072380304337 0.134329095482826 0.124282009899616 0.12921205163002 0.134907335042953 0.131277814507484 0.131259754300117 0.137735962867737 0.132124975323677 0.136087626218796 0.135191574692726 0.125287905335426 0.112864688038826 0.13045109808445 0.139658465981483 0.125353544950485 0.137660920619965 0.13031268119812 0.120926111936569 0.122498713433743 0.124748297035694 0.134926497936249 0.139247104525566 0.124762281775475 -3.4e+38 -3.4e+38 -3.4e+38 -3.4e+38 -3.4e+38 -3.4e+38 -3.4e+38 -3.4e+38 -3.4e+38 -3.4e+38 -3.4e+38 -3.4e+38 -3.4e+38 -3.4e+38 -3.4e+38 -3.4e+38 -3.4e+38 -3.4e+38
0.139949172735214 0.145072877407074 0.148440152406693 0.144104361534119 0.137330412864685 0.13007290661335 0.128084480762482 0.134159684181213 0.130240395665169 0.12447115033865 0.132788196206093 0.138454973697662 0.131726548075676 0.133129224181175 0.139504179358482 0.137180402874947 0.13578462600708 0.12810817360878 0.123157553374767 0.126952424645424 0.140482693910599 0.138701573014259 0.124328881502151 0.130221381783485 0.124564722180367 0.126258194446564 0.126006096601486 0.123808316886425 0.128635913133621 0.12918509542942 0.119809232652187 0.109453849494457 0.122498266398907 0.141390711069107 -3.4e+38 -3.4e+38 -3.4e+38 -3.4e+38 -3.4e+38 -3.4e+38 -3.4e+38 -3.4e+38 -3.4e+38 -3.4e+38 -3.4e+38 -3.4e+38 -3.4e+38 -3.4e+38 -3.4e+38
0.138761609792709 0.141477972269058 0.14178529381752 0.137876749038696 0.136968284845352 0.149064153432846 0.146869495511055 0.138841882348061 0.132690846920013 0.12809956073761 0.131194353103638 0.130683243274689 0.124835997819901 0.125697091221809 0.117593981325626 0.11992771923542 0.141341418027878 0.128889441490173 0.121366493403912 0.13105733692646 0.128516674041748 0.130729675292969 0.124269470572472 0.118280991911888 0.128987327218056 0.145485326647758 0.13703116774559 0.125921368598938 0.133567973971367 0.127648815512657 0.114206656813622 0.115687392652035 0.131273955106735 0.136772632598877 0.141396805644035 0.141657456755638 0.140640452504158 0.136811822652817 0.122266590595245 0.118589229881763 0.13494336605072 0.147233530879021 0.144959166646004 0.135047882795334 0.139741137623787 0.133493512868881 0.134278491139412 0.142883136868477 0.128713473677635
0.137169063091278 0.152218133211136 0.153499349951744 0.14140123128891 0.140839099884033 0.155834063887596 0.147796615958214 0.137700229883194 0.13538646697998 0.134634301066399 0.130132541060448 0.130070358514786 0.135771319270134 0.140241786837578 0.129025831818581 0.135173127055168 0.157363295555115 0.14361484348774 0.133718356490135 0.136345356702805 0.132829129695892 0.145210444927216 0.142496183514595 0.129497841000557 0.143714845180511 0.147072896361351 0.145466923713684 0.134122580289841 0.13073006272316 0.129529535770416 0.120951376855373 0.126475721597672 0.141508683562279 0.13178725540638 0.12293616682291 0.128914132714272 0.13821068406105 0.127076387405396 0.130922615528107 0.145858615636826 0.144618555903435 0.13543176651001 0.12662361562252 0.129678443074226 0.145488485693932 0.136284023523331 0.124179549515247 0.127760022878647 0.1298808157444
0.135601282119751 0.162203058600426 0.156787008047104 0.156925603747368 0.151722609996796 0.156660035252571 0.138067379593849 0.143093273043633 0.153255462646484 0.146708562970161 0.133881464600563 0.131050124764442 0.140637546777725 0.149191185832024 0.148941874504089 0.146953344345093 0.153002977371216 0.15301887691021 0.13817286491394 0.13891576230526 0.141380667686462 0.146428182721138 0.15465821325779 0.147970348596573 0.143075823783875 0.134018883109093 0.139272689819336 0.141715362668037 0.133083924651146 0.135439738631248 0.134080424904823 0.130296543240547 0.128868013620377 0.123318582773209 0.116977863013744 0.121239960193634 0.126601874828339 0.113507241010666 0.123406909406185 0.145420178771019 0.145867332816124 0.131665736436844 0.122123710811138 0.130126506090164 0.144778713583946 0.140119403600693 0.13604973256588 0.141388803720474 0.144065096974373
0.111376486718655 0.125813469290733 0.125442832708359 0.146031305193901 0.158609911799431 0.149486929178238 0.136538907885551 0.1470737606287 0.156805157661438 0.148046478629112 0.135429263114929 0.140097826719284 0.149847626686096 0.150653332471848 0.147564604878426 0.141648724675179 0.148417830467224 0.152891173958778 0.138473138213158 0.14546774327755 0.135215744376183 0.127399995923042 0.145443737506866 0.140341982245445 0.124377109110355 0.122734658420086 0.137242421507835 0.14093978703022 0.137154012918472 0.127624571323395 0.124697707593441 0.136734142899513 0.129397809505463 0.120087571442127 0.123806998133659 0.120362810790539 0.134644031524658 0.143687784671783 0.137026891112328 0.141742557287216 0.141877293586731 0.141481056809425 0.142182379961014 0.146947145462036 0.146379128098488 0.138981536030769 0.143817692995071 0.145827904343605 0.139251351356506
0.114630043506622 0.117489352822304 0.128075584769249 0.123615518212318 0.14645853638649 0.148678854107857 0.143950328230858 0.144443854689598 0.144515186548233 0.146893709897995 0.143759742379189 0.146650522947311 0.148400619626045 0.155287891626358 0.154470041394234 0.144941851496696 0.141019925475121 0.143345549702644 0.145030245184898 0.148343846201897 0.138773560523987 0.135597378015518 0.148276016116142 0.137687653303146 0.130772233009338 0.130183219909668 0.134031876921654 0.126816496253014 0.134871736168861 0.137052029371262 0.130650714039803 0.134071096777916 0.129478096961975 0.120390422642231 0.128001123666763 0.143387377262115 0.161081030964851 0.154030784964561 0.131417512893677 0.133476614952087 0.139920502901077 0.147302076220512 0.150267273187637 0.152375072240829 0.141360551118851 0.138778641819954 0.145559653639793 0.130133777856827 0.128547146916389
0.121198989450932 0.123724088072777 0.14595328271389 0.136093497276306 0.147998154163361 0.155703172087669 0.143297284841537 0.145641550421715 0.146654963493347 0.154294550418854 0.150753185153008 0.137762904167175 0.12684428691864 0.138852804899216 0.144235119223595 0.141282320022583 0.141662582755089 0.139621794223785 0.146136462688446 0.143588006496429 0.148157104849815 0.151891738176346 0.147836968302727 0.144742965698242 0.144474744796753 0.130989253520966 0.124670498073101 0.132561802864075 0.137804999947548 0.139321222901344 0.132421404123306 0.12506428360939 0.127446383237839 0.135731756687164 0.138383135199547 0.143677324056625 0.141421049833298 0.126180544495583 0.119517847895622 0.134604662656784 0.144750103354454 0.144170597195625 0.137877985835075 0.141067996621132 0.130132302641869 0.140635654330254 0.142514616250992 0.1212537586689 0.131311506032944
0.123989589512348 0.128805756568909 0.141687095165253 0.14637953042984 0.152849435806274 0.14904049038887 0.145152345299721 0.145644158124924 0.149232193827629 0.153213933110237 0.141228094696999 0.135617405176163 0.132885873317719 0.134746924042702 0.137069582939148 0.141579136252403 0.148395523428917 0.138232693076134 0.128552943468094 0.131893813610077 0.136892333626747 0.143928080797195 0.140150085091591 0.135714963078499 0.120950192213058 0.122968897223473 0.125261574983597 0.133580356836319 0.135794743895531 0.130845382809639 0.133193776011467 0.137686803936958 0.12962281703949 0.128428712487221 0.128000050783157 0.123368419706821 0.112210169434547 0.105754628777504 0.125579595565796 0.145348757505417 0.145270600914955 0.129658773541451 0.122874148190022 0.130156889557838 0.127017453312874 0.135651677846909 0.142862781882286 0.13278517127037 0.136217594146729
0.148238494992256 0.146128118038177 0.145853653550148 0.149894967675209 0.137815237045288 0.132358714938164 0.143396243453026 0.147543162107468 0.149368643760681 0.147900387644768 0.126932814717293 0.141976296901703 0.149694442749023 0.135771915316582 0.142929524183273 0.141982093453407 0.137941360473633 0.124972432851791 0.12150751054287 0.12497241795063 0.124164238572121 0.132373809814453 0.136369183659554 0.144262447953224 0.143962115049362 0.132421612739563 0.129937812685966 0.136130571365356 0.136092633008957 0.126256719231606 0.123971618711948 0.12788462638855 0.129234656691551 0.129112154245377 0.121396891772747 0.126893028616905 0.133089616894722 0.123616561293602 0.139962404966354 0.152126774191856 0.142855018377304 0.12346562743187 0.128552570939064 0.135842829942703 0.12659652531147 0.116435371339321 0.13359597325325 0.142958343029022 0.136707499623299
0.143166080117226 0.13160939514637 0.137270092964172 0.135943427681923 0.125554487109184 0.130495324730873 0.142006367444992 0.147556185722351 0.146700575947762 0.138503834605217 0.125026047229767 0.152571052312851 0.154868513345718 0.136679485440254 0.143411889672279 0.138220280408859 0.130695194005966 0.123947203159332 0.133145123720169 0.13313926756382 0.125925481319427 0.123922608792782 0.117672882974148 0.125078722834587 0.138176903128624 0.13343308866024 0.137598246335983 0.147112414240837 0.140795275568962 0.125394284725189 0.122387960553169 0.127417415380478 0.135200574994087 0.137853667140007 0.128479555249214 0.131520569324493 0.138578817248344 0.132852718234062 0.140348464250565 0.145789995789528 0.141799241304398 0.130137503147125 0.137972503900528 0.13450576364994 0.11831396818161 0.110212177038193 0.12669962644577 0.140749141573906 0.136431336402893
0.141297996044159 0.138150453567505 0.134445622563362 0.137036606669426 0.13939443230629 0.135030478239059 0.134658813476562 0.139036595821381 0.141216397285461 0.139133542776108 0.140250757336617 0.155378967523575 0.148933708667755 0.132123127579689 0.129447966814041 0.126234769821167 0.125728026032448 0.127728074789047 0.139099299907684 0.13528348505497 0.127034053206444 0.119078308343887 0.110062450170517 0.109084188938141 0.125184461474419 0.134245783090591 0.13152939081192 0.137124374508858 0.132400155067444 0.126982882618904 0.132678166031837 0.135025963187218 0.13607183098793 0.131842985749245 0.128218203783035 0.12368331104517 0.130461826920509 0.134616136550903 0.133924946188927 0.134530335664749 0.143541678786278 0.146656811237335 0.153453484177589 0.133744984865189 0.122706666588783 0.12819567322731 0.124087661504745 0.131084084510803 0.131220638751984
0.133667424321175 0.147113382816315 0.144808858633041 0.142439499497414 0.146496653556824 0.13741834461689 0.131104677915573 0.135358721017838 0.135312706232071 0.145939648151398 0.145832076668739 0.140831843018532 0.135029688477516 0.124995112419128 0.121722221374512 0.123765289783478 0.124607138335705 0.128899097442627 0.131121456623077 0.116537921130657 0.115837648510933 0.121431738138199 0.123246997594833 0.127724513411522 0.133889764547348 0.129943877458572 0.122309811413288 0.125119745731354 0.125022202730179 0.131114915013313 0.134618833661079 0.13111287355423 0.13122196495533 0.128979802131653 0.125344157218933 0.124663040041924 0.131634443998337 0.138287633657455 0.135796964168549 0.12773035466671 0.138792410492897 0.140172466635704 0.130279809236526 0.12835904955864 0.130936414003372 0.139887765049934 0.125433966517448 0.114804729819298 0.126384168863297
0.127977505326271 0.141207873821259 0.140427604317665 0.134621545672417 0.139425352215767 0.133478254079819 0.130829617381096 0.13317534327507 0.129065632820129 0.142465308308601 0.135967910289764 0.120244428515434 0.129292204976082 0.128018990159035 0.129944294691086 0.133859425783157 0.128760024905205 0.129518926143646 0.121230080723763 0.102378323674202 0.111617550253868 0.127675011754036 0.135905101895332 0.1393071860075 0.135770946741104 0.123242519795895 0.116353809833527 0.123204216361046 0.129058629274368 0.138524621725082 0.136821135878563 0.126320824027061 0.127777293324471 0.130461439490318 0.13264636695385 0.134875282645226 0.135903418064117 0.139262825250626 0.13195638358593 0.123136967420578 0.132238835096359 0.125645577907562 0.11752936989069 0.135240957140923 0.127969846129417 0.126120865345001 0.124813869595528 0.124158762395382 0.135122328996658
0.136466532945633 0.1451296210289 0.142858773469925 0.123538248240948 0.120079278945923 0.119946531951427 0.129515945911407 0.128673121333122 0.124047607183456 0.130899295210838 0.123625978827477 0.123921900987625 0.137805640697479 0.13290624320507 0.136710539460182 0.142828643321991 0.136653110384941 0.138860195875168 0.12843245267868 0.115305550396442 0.122966349124908 0.128928437829018 0.130726531147957 0.136334463953972 0.137021973729134 0.126809775829315 0.121180787682533 0.126384764909744 0.13393497467041 0.141560733318329 0.135875880718231 0.125014662742615 0.125703409314156 0.130626514554024 0.135784775018692 0.136253446340561 0.136716544628143 0.13643416762352 0.123289108276367 0.118783451616764 0.124493397772312 0.140850037336349 0.137458398938179 0.136970803141594 0.140457183122635 0.130715578794479 0.132511675357819 0.140585139393806 0.133830964565277
0.128139033913612 0.138061106204987 0.142102047801018 0.121823810040951 0.10751698166132 0.111083157360554 0.12929892539978 0.131121695041656 0.124835573136806 0.126562684774399 0.132704183459282 0.138409942388535 0.140506207942963 0.126023292541504 0.13149718940258 0.139147266745567 0.138562634587288 0.144118562340736 0.138996779918671 0.134575337171555 0.139099821448326 0.132674276828766 0.119946360588074 0.128067672252655 0.135062962770462 0.129637643694878 0.128065004944801 0.125089377164841 0.129563689231873 0.139615043997765 0.131455838680267 0.121628671884537 0.121208593249321 0.126658290624619 0.128560036420822 0.138283878564835 0.143089100718498 0.128479942679405 0.122057758271694 0.122738391160965 0.126347273588181 0.14433217048645 0.135676890611649 0.137449532747269 0.149360924959183 0.139282450079918 0.137752756476402 0.137313082814217 0.129283085465431
0.128866985440254 0.127041146159172 0.129449710249901 0.118621796369553 0.103228732943535 0.111296407878399 0.131048783659935 0.138339936733246 0.132715687155724 0.135825887322426 0.14597924053669 0.13414378464222 0.127582207322121 0.120637938380241 0.127685964107513 0.127397686243057 0.128778517246246 0.137909770011902 0.137959435582161 0.143417447805405 0.141971275210381 0.127314060926437 0.117724873125553 0.123980849981308 0.129835143685341 0.128067225217819 0.128152683377266 0.119574397802353 0.121205903589725 0.133662968873978 0.128584921360016 0.12446303665638 0.123626597225666 0.120900116860867 0.12329276651144 0.141998693346977 0.141461983323097 0.1275954246521 0.130036264657974 0.133913263678551 0.130644902586937 0.137288615107536 0.133469879627228 0.13078661262989 0.137383475899696 0.137978494167328 0.138187646865845 0.132692337036133 0.123719051480293
