data/1_raw/trimmed_ndre/W_ndre.430.2015_no_clouds.asc
NCOLS 130 
NROWS 71 
XLLCORNER 530645 
YLLCORNER 5158205 
CELLSIZE 5 
NODATA_value -3.4e+38 
[rows 0 to 20 of 71, columns 0 to 48 of 130]
-339999999999999996123846586046231871488.000000000000000 -3.4e+38 -3.4e+38 -3.4e+38 -3.4e+38 -3.4e+38 -3.4e+38 -3.4e+38 -3.4e+38 -3.4e+38 -3.4e+38 0.15521565079689 0.171696037054062 0.17681223154068 0.170576229691505 0.171904444694519 0.17780177295208 -3.4e+38 -3.4e+38 -3.4e+38 -3.4e+38 -3.4e+38 -3.4e+38 -3.4e+38 -3.4e+38 -3.4e+38 -3.4e+38 -3.4e+38 -3.4e+38 -3.4e+38 -3.4e+38 -3.4e+38 -3.4e+38 -3.4e+38 -3.4e+38 -3.4e+38 -3.4e+38 -3.4e+38 -3.4e+38 -3.4e+38 -3.4e+38 -3.4e+38 -3.4e+38 -3.4e+38 -3.4e+38 -3.4e+38 -3.4e+38 -3.4e+38 -3.4e+38
-3.4e+38 -3.4e+38 -3.4e+38 -3.4e+38 -3.4e+38 -3.4e+38 -3.4e+38 -3.4e+38 -3.4e+38 -3.4e+38 0.168890044093132 0.152438744902611 0.158831298351288 0.162646993994713 0.166693270206451 0.172775447368622 0.17661127448082 0.169057726860046 -3.4e+38 -3.4e+38 -3.4e+38 -3.4e+38 -3.4e+38 -3.4e+38 -3.4e+38 -3.4e+38 -3.4e+38 -3.4e+38 -3.4e+38 -3.4e+38 -3.4e+38 -3.4e+38 -3.4e+38 -3.4e+38 -3.4e+38 -3.4e+38 -3.4e+38 -3.4e+38 -3.4e+38 -3.4e+38 -3.4e+38 -3.4e+38 -3.4e+38 -3.4e+38 -3.4e+38 -3.4e+38 -3.4e+38 -3.4e+38 -3.4e+38
-3.4e+38 -3.4e+38 -3.4e+38 -3.4e+38 -3.4e+38 -3.4e+38 -3.4e+38 -3.4e+38 0.276987195014954 0.228457033634186 0.183718353509903 0.161822512745857 0.15859642624855 0.160632655024529 0.164125218987465 0.167151182889938 0.166721001267433 0.161195993423462 0.15633088350296 -3.4e+38 -3.4e+38 -3.4e+38 -3.4e+38 -3.4e+38 -3.4e+38 -3.4e+38 -3.4e+38 -3.4e+38 -3.4e+38 -3.4e+38 -3.4e+38 -3.4e+38 -3.4e+38 -3.4e+38 -3.4e+38 -3.4e+38 -3.4e+38 -3.4e+38 -3.4e+38 -3.4e+38 -3.4e+38 -3.4e+38 -3.4e+38 -3.4e+38 -3.4e+38 -3.4e+38 -3.4e+38 -3.4e+38 -3.4e+38
-3.4e+38 -3.4e+38 -3.4e+38 -3.4e+38 -3.4e+38 -3.4e+38 -3.4e+38 -3.4e+38 -3.4e+38 0.258857727050781 0.194755539298058 0.181025505065918 0.17522332072258 0.163909986615181 0.16826157271862 0.167004227638245 0.166216775774956 0.165164336562157 0.158466041088104 0.15550009906292 0.154482766985893 -3.4e+38 -3.4e+38 -3.4e+38 -3.4e+38 -3.4e+38 -3.4e+38 -3.4e+38 -3.4e+38 -3.4e+38 -3.4e+38 -3.4e+38 0.15577358007431 0.161289036273956 -3.4e+38 -3.4e+38 -3.4e+38 -3.4e+38 -3.4e+38 -3.4e+38 -3.4e+38 -3.4e+38 -3.4e+38 -3.4e+38 -3.4e+38 -3.4e+38 -3.4e+38 -3.4e+38 -3.4e+38
-3.4e+38 -3.4e+38 -3.4e+38 -3.4e+38 -3.4e+38 -3.4e+38 -3.4e+38 -3.4e+38 -3.4e+38 0.274476855993271 0.201229602098465 0.197969302535057 0.183391377329826 0.161881774663925 0.179129645228386 0.165861785411835 0.158308193087578 0.158995971083641 0.156834319233894 0.154447093605995 0.150515720248222 0.145843595266342 0.146879926323891 0.153555870056152 0.15654519200325 0.154767259955406 0.155500084161758 0.152345880866051 -3.4e+38 -3.4e+38 -3.4e+38 0.168873742222786 0.167053252458572 0.175803005695343 0.171585217118263 0.166243404150009 0.162265509366989 -3.4e+38 -3.4e+38 -3.4e+38 -3.4e+38 -3.4e+38 -3.4e+38 -3.4e+38 -3.4e+38 -3.4e+38 -3.4e+38 -3.4e+38 -3.4e+38
-3.4e+38 -3.4e+38 -3.4e+38 -3.4e+38 -3.4e+38 -3.4e+38 -3.4e+38 -3.4e+38 -3.4e+38 0.26288890838623 0.206289365887642 0.182421177625656 0.171607494354248 0.170809343457222 0.179832637310028 0.161169946193695 0.150083884596825 0.143815442919731 0.143526375293732 0.145633906126022 0.157987356185913 0.158713847398758 0.154284119606018 0.165681108832359 0.16814549267292 0.164979293942451 0.161857455968857 0.148711487650871 0.147674068808556 0.156899884343147 0.169530972838402 0.169017881155014 0.17130509018898 0.177920386195183 0.172862395644188 0.164276897907257 0.157116055488586 0.154481455683708 0.162099942564964 0.166650831699371 -3.4e+38 -3.4e+38 -3.4e+38 -3.4e+38 -3.4e+38 -3.4e+38 -3.4e+38 -3.4e+38 -3.4e+38
-3.4e+38 -3.4e+38 -3.4e+38 -3.4e+38 -3.4e+38 -3.4e+38 -3.4e+38 -3.4e+38 -3.4e+38 0.243819713592529 0.200648218393326 0.158526405692101 0.170291751623154 0.170522555708885 0.16971917450428 0.161522880196571 0.159217536449432 0.152327686548233 0.143662169575691 0.140641584992409 0.162377685308456 0.167062595486641 0.158917486667633 0.163064673542976 0.162998348474503 0.167743265628815 0.169456943869591 0.157008573412895 0.159052431583405 0.162786424160004 0.167461529374123 0.170917704701424 0.175092503428459 0.17855167388916 0.176377892494202 0.16784143447876 0.162939295172691 0.163047075271606 0.168593153357506 0.166946083307266 0.166438654065132 0.162296533584595 -3.4e+38 -3.4e+38 -3.4e+38 -3.4e+38 -3.4e+38 -3.4e+38 -3.4e+38
-3.4e+38 -3.4e+38 -3.4e+38 -3.4e+38 -3.4e+38 -3.4e+38 -3.4e+38 -3.4e+38 -3.4e+38 0.239419221878052 0.20345938205719 0.170093834400177 0.179308086633682 0.164027869701385 0.1620162576437 0.164352506399155 0.163972556591034 0.161662176251411 0.151805207133293 0.142764329910278 0.150633662939072 0.162372797727585 0.162519544363022 0.158501073718071 0.157445803284645 0.168103143572807 0.17455105483532 0.172386303544044 0.180714830756187 0.174484610557556 0.170210629701614 0.174833476543427 0.183304682374001 0.186948761343956 0.187529444694519 0.17995673418045 0.17112623155117 0.172676593065262 0.178025722503662 0.174954578280449 0.178588002920151 0.170976623892784 0.150904953479767 -3.4e+38 -3.4e+38 -3.4e+38 -3.4e+38 -3.4e+38 -3.4e+38
-3.4e+38 -3.4e+38 -3.4e+38 -3.4e+38 -3.4e+38 -3.4e+38 -3.4e+38 -3.4e+38 0.2032480686903 0.239315345883369 0.214560061693192 0.192988604307175 0.18459789454937 0.167642787098885 0.166397303342819 0.161339402198792 0.156137734651566 0.159756243228912 0.166396170854568 0.152251586318016 0.144006237387657 0.167953684926033 0.171397805213928 0.162590995430946 0.156728744506836 0.166762605309486 0.173245072364807 0.18163837492466 0.194439306855202 0.182563155889511 0.175288751721382 0.180335640907288 0.199822351336479 0.198774307966232 0.191467225551605 0.184692904353142 0.181246757507324 0.180736303329468 0.181458324193954 0.175990372896194 0.173935264348984 0.163866594433784 0.155313894152641 0.158525615930557 0.161481663584709 0.161619752645493 0.157672226428986 -3.4e+38 -3.4e+38
-3.4e+38 -3.4e+38 -3.4e+38 -3.4e+38 -3.4e+38 -3.4e+38 -3.4e+38 0.164081543684006 0.191454499959946 0.226445347070694 0.226026520133018 0.201181173324585 0.187271043658257 0.178697809576988 0.169936165213585 0.159653544425964 0.150133565068245 0.152884662151337 0.184496775269508 0.169371753931046 0.154397144913673 0.169336438179016 0.18142195045948 0.171991094946861 0.16368106007576 0.172333240509033 0.179623663425446 0.191711708903313 0.200211629271507 0.187728732824326 0.181399390101433 0.181311845779419 0.188671141862869 0.189459413290024 0.184309154748917 0.187814995646477 0.197618886828423 0.185691520571709 0.175905883312225 0.172445952892303 0.173686295747757 0.165242955088615 0.167074516415596 0.179085925221443 0.175582364201546 0.16357509791851 0.155360519886017 0.153990596532822 -3.4e+38
-3.4e+38 -3.4e+38 -3.4e+38 -3.4e+38 -3.4e+38 -3.4e+38 0.177240625023842 0.183654516935349 0.183028921484947 0.209439918398857 0.223013505339622 0.192260205745697 0.192220166325569 0.186529636383057 0.172644048929214 0.169640839099884 0.16247470676899 0.158421188592911 0.167991235852242 0.166998684406281 0.162262171506882 0.171312317252159 0.191662937402725 0.180709183216095 0.178195282816887 0.18425877392292 0.188343703746796 0.197583541274071 0.198778033256531 0.189681366086006 0.184709742665291 0.176559433341026 0.174885764718056 0.178342282772064 0.177338287234306 0.197129741311073 0.213116973638535 0.200056955218315 0.180416285991669 0.174471825361252 0.181193485856056 0.188001483678818 0.189405545592308 0.188455834984779 0.181690707802773 0.164561957120895 0.154891267418861 0.15514999628067 0.164368033409119
-3.4e+38 -3.4e+38 -3.4e+38 -3.4e+38 -3.4e+38 0.172070726752281 0.185697004199028 0.199084594845772 0.179808855056763 0.196009173989296 0.20650689303875 0.196597456932068 0.206921696662903 0.195113733410835 0.184580057859421 0.191367298364639 0.18895260989666 0.164748087525368 0.153516232967377 0.16933262348175 0.16917759180069 0.185681864619255 0.204172924160957 0.188593104481697 0.190063744783401 0.19285885989666 0.193321406841278 0.197171404957771 0.190979287028313 0.183909922838211 0.180558919906616 0.169303491711617 0.167647197842598 0.174570307135582 0.183314993977547 0.213338077068329 0.227965354919434 0.218078106641769 0.193456143140793 0.178667113184929 0.178455546498299 0.185017541050911 0.190062269568443 0.190654546022415 0.18340140581131 0.167798206210136 0.16056801378727 0.164024144411087 0.16979543864727
-3.4e+38 -3.4e+38 -3.4e+38 -3.4e+38 -3.4e+38 0.170333430171013 0.178665325045586 0.186213299632072 0.18188039958477 0.176242053508759 0.198121055960655 0.209161892533302 0.215890154242516 0.210580930113792 0.208641707897186 0.210571199655533 0.204779073596001 0.175382718443871 0.163465559482574 0.177394539117813 0.176175147294998 0.195329234004021 0.20211224257946 0.188095897436142 0.192763164639473 0.193226426839828 0.192561224102974 0.193236246705055 0.183077529072762 0.178586274385452 0.176008194684982 0.167924284934998 0.166962817311287 0.176201388239861 0.194805324077606 0.227899417281151 0.240379720926285 0.234382838010788 0.211735382676125 0.179341822862625 0.170540496706963 0.175657764077187 0.183100566267967 0.188506007194519 0.184038326144218 0.173555910587311 0.168769106268883 0.176689893007278 0.174192503094673
-3.4e+38 -3.4e+38 -3.4e+38 -3.4e+38 0.176782116293907 0.176061660051346 0.180238291621208 0.189937517046928 0.182684496045113 0.161603048443794 0.193864226341248 0.202989459037781 0.20171320438385 0.215110719203949 0.215881988406181 0.206155270338058 0.197683289647102 0.197346046566963 0.191647693514824 0.184234201908112 0.173557206988335 0.186437472701073 0.186320945620537 0.181054502725601 0.186441123485565 0.186506479978561 0.187732607126236 0.186053276062012 0.175480395555496 0.175456404685974 0.176986455917358 0.175242051482201 0.171712264418602 0.180128917098045 0.200626775622368 0.229364827275276 0.241290360689163 0.240837424993515 0.221191316843033 0.184615388512611 0.174281820654869 0.173235714435577 0.177039369940758 0.182482376694679 0.180096983909607 0.175892636179924 0.176019564270973 0.188433662056923 0.177811503410339
-3.4e+38 -3.4e+38 -3.4e+38 -3.4e+38 0.17320242524147 0.182861372828484 0.194629490375519 0.199929341673851 0.188927918672562 0.167308539152145 0.169717654585838 0.164338424801826 0.173758506774902 0.195037975907326 0.201249793171883 0.181013584136963 0.176588326692581 0.200235575437546 0.184904918074608 0.182895109057426 0.177837193012238 0.172682523727417 0.169591426849365 0.176768645644188 0.186005339026451 0.183804914355278 0.182915210723877 0.177763611078262 0.169982492923737 0.173239067196846 0.181308254599571 0.183354392647743 0.179124101996422 0.183598041534424 0.196689829230309 0.21059262752533 0.214871183037758 0.221500769257545 0.210201635956764 0.188543051481247 0.18401038646698 0.181493565440178 0.18114173412323 0.181782767176628 0.177837789058685 0.175670772790909 0.180668354034424 0.194431871175766 0.183501064777374
-3.4e+38 -3.4e+38 -3.4e+38 -3.4e+38 0.191022977232933 0.192808106541634 0.19890521466732 0.202716082334518 0.207426488399506 0.202947124838829 0.189819976687431 0.175918608903885 0.167655512690544 0.169956207275391 0.175063982605934 0.166794717311859 0.171079963445663 0.185183063149452 0.181227639317513 0.185969054698944 0.183361455798149 0.171256527304649 0.169576823711395 0.180625915527344 0.184931889176369 0.181173846125603 0.181633293628693 0.172704949975014 0.166982248425484 0.171063870191574 0.184992626309395 0.189254507422447 0.186328947544098 0.185680046677589 0.191475555300713 0.192364558577538 0.191802427172661 0.200031146407127 0.195557713508606 0.189356297254562 0.18998809158802 0.193902596831322 0.193853825330734 0.188908070325851 0.180252775549889 0.175278142094612 0.181009754538536 0.188611254096031 0.177049219608307
-3.4e+38 -3.4e+38 -3.4e+38 0.201085641980171 0.203429192304611 0.196098983287811 0.19200724363327 0.19189453125 0.186438605189323 0.192464113235474 0.195638492703438 0.192001894116402 0.174789384007454 0.155372157692909 0.145886734127998 0.148152157664299 0.158282712101936 0.172993540763855 0.18250073492527 0.177998870611191 0.174733385443687 0.168263956904411 0.165356636047363 0.1763746291399 0.178860351443291 0.181236118078232 0.189768552780151 0.180080160498619 0.17126452922821 0.17117315530777 0.182935059070587 0.190548256039619 0.189135268330574 0.186298206448555 0.189914181828499 0.18364255130291 0.18042953312397 0.185320898890495 0.18751072883606 0.191356316208839 0.192859023809433 0.191757276654243 0.196135297417641 0.192483767867088 0.18445859849453 0.178685024380684 0.185426905751228 0.18350787460804 0.1699578166008
-3.4e+38 -3.4e+38 0.186725005507469 0.202288463711739 0.204446494579315 0.196457907557487 0.182482317090034 0.171357795596123 0.169282868504524 0.187123626470566 0.199509724974632 0.200959026813507 0.189504534006119 0.165487661957741 0.150001898407936 0.149243891239166 0.159402847290039 0.171304404735565 0.174042597413063 0.166340574622154 0.169044330716133 0.159214735031128 0.15642823278904 0.167443454265594 0.173434019088745 0.179118081927299 0.184089586138725 0.180960699915886 0.174845486879349 0.174300283193588 0.17803780734539 0.183789893984795 0.176939100027084 0.180838868021965 0.190961956977844 0.18132221698761 0.176367059350014 0.180117756128311 0.18931083381176 0.195294693112373 0.186304777860641 0.177999824285507 0.187246441841125 0.18354044854641 0.17888917028904 0.179463982582092 0.189199924468994 0.180456966161728 0.165499374270439
-3.4e+38 0.181674614548683 0.191586852073669 0.197415560483932 0.195285573601723 0.190811544656754 0.189236134290695 0.186409443616867 0.186043709516525 0.19862699508667 0.210689857602119 0.214284047484398 0.20564441382885 0.184358403086662 0.168704956769943 0.162926644086838 0.171339869499207 0.180492997169495 0.176056250929832 0.169894352555275 0.171707451343536 0.152744844555855 0.152265265583992 0.165487930178642 0.172296568751335 0.171643704175949 0.173889666795731 0.177327826619148 0.178557127714157 0.188798889517784 0.195533066987991 0.192467644810677 0.176024556159973 0.175857931375504 0.184954971075058 0.17758671939373 0.165042266249657 0.165632754564285 0.176060914993286 0.185733959078789 0.17388841509819 0.166954919695854 0.175903633236885 0.173281416296959 0.172148525714874 0.178253397345543 0.191003546118736 0.180649504065514 0.174424514174461
-3.4e+38 0.193277716636658 0.198469415307045 0.208409354090691 0.199888110160828 0.195903822779655 0.203956454992294 0.211282774806023 0.217779994010925 0.220266178250313 0.21864815056324 0.208120495080948 0.196687534451485 0.186283424496651 0.181291744112968 0.166478335857391 0.157445684075356 0.163380146026611 0.166496083140373 0.173206150531769 0.17622298002243 0.159535706043243 0.156462281942368 0.163945481181145 0.172009006142616 0.170176953077316 0.169328212738037 0.17307086288929 0.180390894412994 0.189709424972534 0.194776013493538 0.19126869738102 0.176428407430649 0.158096596598625 0.167287275195122 0.176740884780884 0.164175510406494 0.165838196873665 0.169784799218178 0.174015507102013 0.174522206187248 0.182407706975937 0.187267750501633 0.179531127214432 0.175565645098686 0.18189649283886 0.1905697286129 0.182736083865166 0.189324796199799
0.191262140870094 0.197206512093544 0.21092663705349 0.224751085042953 0.205996513366699 0.200909495353699 0.206176981329918 0.20568260550499 0.209786921739578 0.208543837070465 0.20057088136673 0.186431035399437 0.173440724611282 0.16768105328083 0.170420721173286 0.167805790901184 0.162361055612564 0.158042758703232 0.156391814351082 0.17185965180397 0.178796127438545 0.173588752746582 0.170215055346489 0.173323303461075 0.178217902779579 0.179358825087547 0.176039546728134 0.174011439085007 0.176135465502739 0.181586116552353 0.186603501439095 0.184050515294075 0.168785393238068 0.139583736658096 0.161084443330765 0.173816382884979 0.168512910604477 0.176375597715378 0.178990796208382 0.179267093539238 0.178207561373711 0.177125707268715 0.18296292424202 0.185069352388382 0.185303226113319 0.195010215044022 0.189918130636215 0.174002841114998 0.182774886488914
