data/1_raw/trimmed_ndre/W_ndre.522.2009_no_clouds.asc
NCOLS 130 
NROWS 71 
XLLCORNER 530645 
YLLCORNER 5158205 
CELLSIZE 5 
NODATA_value -3.4e+38 
[rows 21 to 41 of 71, columns 49 to 97 of 130]
0.189939692616463 0.178267866373062 0.168618068099022 0.179008170962334 0.181939512491226 0.163457974791527 0.161815732717514 0.155566066503525 0.166882291436195 0.17427471280098 0.163837969303131 0.15412674844265 0.147448465228081 0.163333535194397 0.160765767097473 0.153164654970169 0.175564840435982 0.189849063754082 -3.4e+38 -3.4e+38 -3.4e+38 -3.4e+38 -3.4e+38 -3.4e+38 -3.4e+38 -3.4e+38 -3.4e+38 -3.4e+38 -3.4e+38 -3.4e+38 -3.4e+38 -3.4e+38 -3.4e+38 -3.4e+38 -3.4e+38 -3.4e+38 -3.4e+38 -3.4e+38 -3.4e+38 -3.4e+38 -3.4e+38 -3.4e+38 -3.4e+38 -3.4e+38 -3.4e+38 -3.4e+38 -3.4e+38 -3.4e+38 -3.4e+38
0.209937766194344 0.195466980338097 0.154719218611717 0.162738382816315 0.180070087313652 0.176043003797531 0.161400645971298 0.169869795441628 0.184724390506744 0.176934629678726 0.156207635998726 0.158779725432396 0.158149018883705 0.149092823266983 0.157643809914589 0.152510806918144 0.147170126438141 0.152586042881012 0.158898636698723 0.168143436312675 0.18372118473053 0.192062333226204 0.176717206835747 0.153318077325821 0.157083824276924 0.176558390259743 0.16439825296402 0.140966296195984 -3.4e+38 -3.4e+38 -3.4e+38 -3.4e+38 -3.4e+38 -3.4e+38 -3.4e+38 -3.4e+38 -3.4e+38 -3.4e+38 -3.4e+38 -3.4e+38 -3.4e+38 -3.4e+38 -3.4e+38 -3.4e+38 -3.4e+38 -3.4e+38 -3.4e+38 -3.4e+38 -3.4e+38
0.183007687330246 0.184568524360657 0.163870051503181 0.180062144994736 0.183683305978775 0.172268986701965 0.177023693919182 0.188832148909569 0.195034891366959 0.196337834000587 0.186931863427162 0.17787292599678 0.174931332468987 0.158973723649979 0.159631282091141 0.159865602850914 0.144677355885506 0.156866505742073 0.179536059498787 0.17095859348774 0.175342202186584 0.184992864727974 0.172690883278847 0.169939503073692 0.170803606510162 0.175076514482498 0.17812542617321 0.170505315065384 0.180623054504395 -3.4e+38 -3.4e+38 -3.4e+38 -3.4e+38 -3.4e+38 -3.4e+38 -3.4e+38 -3.4e+38 -3.4e+38 -3.4e+38 -3.4e+38 -3.4e+38 -3.4e+38 -3.4e+38 -3.4e+38 -3.4e+38 -3.4e+38 -3.4e+38 -3.4e+38 -3.4e+38
0.177024394273758 0.163218274712563 0.165804445743561 0.18824614584446 0.190902560949326 0.165906473994255 0.166122853755951 0.182066902518272 0.173738703131676 0.170652985572815 0.189220264554024 0.188540562987328 0.190878003835678 0.174443766474724 0.14590784907341 0.143214493989944 0.162403523921967 0.176878988742828 0.172307744622231 0.152984797954559 0.153774604201317 0.165606185793877 0.155198186635971 0.171894058585167 0.176253691315651 0.170488223433495 0.170987516641617 0.16510796546936 0.184377685189247 0.191800937056541 -3.4e+38 -3.4e+38 -3.4e+38 -3.4e+38 -3.4e+38 -3.4e+38 -3.4e+38 -3.4e+38 -3.4e+38 -3.4e+38 -3.4e+38 -3.4e+38 -3.4e+38 -3.4e+38 -3.4e+38 -3.4e+38 -3.4e+38 -3.4e+38 -3.4e+38
0.218036636710167 0.178105086088181 0.18088510632515 0.194044455885887 0.193691834807396 0.174243420362473 0.150616064667702 0.143519803881645 0.149855017662048 0.1541977673769 0.170500576496124 0.187731310725212 0.189356550574303 0.167043671011925 0.139641419053078 0.159985452890396 0.174782693386078 0.167108431458473 0.150506973266602 0.151006177067757 0.152806043624878 0.164795070886612 0.166842505335808 0.172770947217941 0.185262143611908 0.179665252566338 0.159533724188805 0.142903134226799 0.173003673553467 0.196567058563232 0.178010180592537 -3.4e+38 -3.4e+38 -3.4e+38 -3.4e+38 -3.4e+38 -3.4e+38 -3.4e+38 -3.4e+38 -3.4e+38 -3.4e+38 -3.4e+38 -3.4e+38 -3.4e+38 -3.4e+38 -3.4e+38 -3.4e+38 -3.4e+38 -3.4e+38
0.261229902505875 0.195192962884903 0.196869194507599 0.199392482638359 0.180202305316925 0.181610494852066 0.167292267084122 0.152386620640755 0.165546387434006 0.160792857408524 0.164299353957176 0.178748726844788 0.169236734509468 0.152346611022949 0.145625814795494 0.170916229486465 0.160711616277695 0.156468465924263 0.155125454068184 0.154316946864128 0.174077048897743 0.175174042582512 0.174763426184654 0.18254716694355 0.204987764358521 0.199220031499863 0.169498488306999 0.1451236307621 0.172006726264954 0.193992763757706 0.170728966593742 0.149322018027306 0.169592410326004 0.172475323081017 -3.4e+38 -3.4e+38 -3.4e+38 -3.4e+38 -3.4e+38 -3.4e+38 -3.4e+38 -3.4e+38 -3.4e+38 -3.4e+38 -3.4e+38 -3.4e+38 -3.4e+38 -3.4e+38 -3.4e+38
0.401488125324249 0.29518073797226 0.234169706702232 0.198133036494255 0.180580735206604 0.206023141741753 0.190943047404289 0.161246865987778 0.17929969727993 0.181371673941612 0.173327475786209 0.167019188404083 0.168785974383354 0.166215881705284 0.160692900419235 0.172257170081139 0.154928043484688 0.151596710085869 0.162965446710587 0.17100502550602 0.186553254723549 0.167844876646996 0.164139926433563 0.18000727891922 0.190464049577713 0.1861332654953 0.171701192855835 0.1617491543293 0.17425200343132 0.185408890247345 0.17128574848175 0.157578155398369 0.173725560307503 0.18249699473381 0.180370807647705 0.175881505012512 0.188307300209999 0.199808821082115 0.19764968752861 0.1959488093853 0.169933453202248 0.154898524284363 0.155712842941284 0.175399705767632 0.19904799759388 0.173535495996475 0.150878936052322 0.157983645796776 0.155023172497749
0.502706706523895 0.399443209171295 0.290655553340912 0.206803202629089 0.1899344176054 0.207689464092255 0.186492815613747 0.158098578453064 0.177501440048218 0.18182073533535 0.168766751885414 0.1644506752491 0.181149885058403 0.187408536672592 0.182816848158836 0.169404774904251 0.152116745710373 0.156060487031937 0.1676304936409 0.171882256865501 0.178526222705841 0.173063308000565 0.161826774477959 0.163920536637306 0.164713233709335 0.166760697960854 0.171473607420921 0.168086886405945 0.160535097122192 0.171690985560417 0.178641736507416 0.169319987297058 0.171232342720032 0.176092550158501 0.175425335764885 0.179894387722015 0.193021595478058 0.19201385974884 0.175493821501732 0.169132798910141 0.178059652447701 0.186341553926468 0.171160846948624 0.161410972476006 0.182723566889763 0.192682564258575 0.171608358621597 0.17886683344841 0.18340590596199
0.572247862815857 0.504501521587372 0.396796613931656 0.301812201738358 0.228153914213181 0.192333474755287 0.170109376311302 0.170586213469505 0.191601023077965 0.187055289745331 0.161496862769127 0.15535669028759 0.169817134737968 0.178091406822205 0.184372633695602 0.173572584986687 0.17189559340477 0.172694742679596 0.173123434185982 0.168770134449005 0.168707251548767 0.168556302785873 0.166289612650871 0.173746988177299 0.176318749785423 0.172557562589645 0.175369575619698 0.177284881472588 0.164428919553757 0.17016513645649 0.179261013865471 0.170818701386452 0.165394082665443 0.165077611804008 0.17725658416748 0.181433245539665 0.180527165532112 0.190917268395424 0.187775105237961 0.175780594348907 0.182764038443565 0.199889212846756 0.186580583453178 0.164285719394684 0.176110491156578 0.207547843456268 0.20155268907547 0.199515044689178 0.19022199511528
0.600682497024536 0.586255729198456 0.508179903030396 0.3839972615242 0.295614331960678 0.223310425877571 0.177782773971558 0.182349264621735 0.207049876451492 0.199064552783966 0.177703723311424 0.168976187705994 0.172647505998611 0.173179358243942 0.176934659481049 0.173667728900909 0.176891997456551 0.185352146625519 0.191344484686852 0.179785683751106 0.171596601605415 0.169935077428818 0.183278903365135 0.211137339472771 0.207893490791321 0.179676443338394 0.170936778187752 0.181075304746628 0.178939506411552 0.181827664375305 0.181275144219398 0.172497421503067 0.181360155344009 0.17070472240448 0.169299155473709 0.176390260457993 0.16130156815052 0.168056324124336 0.18802210688591 0.19618846476078 0.171331718564034 0.157445594668388 0.169923394918442 0.183872297406197 0.186562404036522 0.190440803766251 0.179687231779099 0.183185383677483 0.198832213878632
0.5891153216362 0.603557527065277 0.568087816238403 0.473316192626953 0.393722593784332 0.312051445245743 0.228640794754028 0.209197744727135 0.221108257770538 0.212392047047615 0.202541634440422 0.198676615953445 0.187933593988419 0.188325896859169 0.187247335910797 0.196410238742828 0.195851907134056 0.193302422761917 0.208838865160942 0.198924273252487 0.200153917074203 0.199354276061058 0.186728075146675 0.191654771566391 0.200873553752899 0.186579167842865 0.179701402783394 0.190139055252075 0.196852594614029 0.205674916505814 0.197941914200783 0.205313354730606 0.20758792757988 0.183016493916512 0.16877569258213 0.185690268874168 0.179852336645126 0.164057597517967 0.168744057416916 0.204244062304497 0.203900203108788 0.179990276694298 0.180743172764778 0.192050069570541 0.183923333883286 0.186548188328743 0.207674667239189 0.198567986488342 0.203002005815506
0.587532103061676 0.606144368648529 0.616596639156342 0.58137458562851 0.514975905418396 0.443871289491653 0.353983223438263 0.302792817354202 0.285606175661087 0.25892162322998 0.256270080804825 0.265957891941071 0.259136199951172 0.256708055734634 0.256347477436066 0.256074279546738 0.247033968567848 0.246143355965614 0.260818958282471 0.253023773431778 0.253507196903229 0.231526598334312 0.224570825695992 0.243309482932091 0.258312433958054 0.256913661956787 0.260696113109589 0.247979342937469 0.238384276628494 0.261825919151306 0.273849278688431 0.302753865718842 0.278380483388901 0.229449391365051 0.212645053863525 0.234454452991486 0.25971856713295 0.253151386976242 0.230533942580223 0.242143422365189 0.268537551164627 0.275521606206894 0.265688300132751 0.26133531332016 0.256522983312607 0.254803150892258 0.263605624437332 0.241194486618042 0.238377258181572
0.583779096603394 0.58375072479248 0.617079079151154 0.615452945232391 0.563506364822388 0.526263415813446 0.472490310668945 0.427764654159546 0.410580545663834 0.402435600757599 0.393668174743652 0.392145156860352 0.384460061788559 0.376657575368881 0.369674026966095 0.36936616897583 0.356832236051559 0.346333980560303 0.347681254148483 0.342001616954803 0.335408985614777 0.320144206285477 0.313544124364853 0.3362937271595 0.360429883003235 0.350493550300598 0.339440584182739 0.32903054356575 0.331441819667816 0.355482965707779 0.365223437547684 0.378534376621246 0.3724524974823 0.353478968143463 0.332544982433319 0.340375334024429 0.368075281381607 0.374248534440994 0.36723455786705 0.365860611200333 0.372868359088898 0.362728357315063 0.338986337184906 0.350055634975433 0.38909912109375 0.389646351337433 0.373043835163116 0.358274042606354 0.343183010816574
0.559159159660339 0.528628885746002 0.535228669643402 0.551803231239319 0.557668566703796 0.560730218887329 0.535591125488281 0.522983968257904 0.527953386306763 0.523717820644379 0.519448935985565 0.517215490341187 0.50400185585022 0.490455716848373 0.485103696584702 0.473521649837494 0.452544003725052 0.432285219430923 0.434463441371918 0.446855694055557 0.441033631563187 0.429682493209839 0.399788439273834 0.411227256059647 0.443072021007538 0.435488343238831 0.419319987297058 0.405191719532013 0.415265440940857 0.420724332332611 0.407899618148804 0.410868883132935 0.431364685297012 0.451496720314026 0.429754555225372 0.415839016437531 0.438650667667389 0.444965332746506 0.451803267002106 0.441367655992508 0.434693098068237 0.447257310152054 0.436840265989304 0.436032801866531 0.471462935209274 0.495333969593048 0.484354823827744 0.481666445732117 0.45307719707489
0.534651339054108 0.496163606643677 0.497802644968033 0.508874177932739 0.53515100479126 0.56245094537735 0.560244262218475 0.563110172748566 0.567263960838318 0.57245922088623 0.572765290737152 0.569431841373444 0.559312760829926 0.541885673999786 0.53557276725769 0.533698558807373 0.50983852148056 0.485233545303345 0.489991575479507 0.500757396221161 0.50372052192688 0.502986967563629 0.469673067331314 0.461837202310562 0.484955459833145 0.494878143072128 0.476761430501938 0.450232893228531 0.449728399515152 0.458642542362213 0.444822639226913 0.452086567878723 0.452494084835052 0.442941933870316 0.45784005522728 0.460075795650482 0.457673400640488 0.440985858440399 0.451433569192886 0.444995582103729 0.430140912532806 0.447823703289032 0.465687572956085 0.468643695116043 0.481892019510269 0.513835430145264 0.513377666473389 0.506049752235413 0.498487174510956
0.507936000823975 0.497580081224442 0.513112008571625 0.49945455789566 0.51382178068161 0.529806435108185 0.536462724208832 0.555298924446106 0.56257027387619 0.558381080627441 0.559111893177032 0.554929256439209 0.542486667633057 0.524814426898956 0.514925420284271 0.532657444477081 0.528501510620117 0.503499925136566 0.494248628616333 0.493758141994476 0.516513824462891 0.519442498683929 0.483390033245087 0.470851093530655 0.488111019134521 0.501067340373993 0.48367914557457 0.475272297859192 0.471190989017487 0.473111152648926 0.45166477560997 0.432568252086639 0.439180552959442 0.466502219438553 0.477083146572113 0.466426938772202 0.447366178035736 0.439062774181366 0.468065321445465 0.470883071422577 0.446035355329514 0.441295266151428 0.437034577131271 0.456665128469467 0.483860224485397 0.492768496274948 0.492739051580429 0.471486270427704 0.470211237668991
0.507713615894318 0.503449082374573 0.498220354318619 0.485490530729294 0.505585491657257 0.507260620594025 0.519459962844849 0.549573838710785 0.562032997608185 0.537431716918945 0.518026888370514 0.507845938205719 0.500008940696716 0.484599441289902 0.456443667411804 0.473839908838272 0.493011057376862 0.491424918174744 0.479148894548416 0.47137576341629 0.493230730295181 0.492051512002945 0.464314490556717 0.465651780366898 0.476603657007217 0.480271428823471 0.465455681085587 0.467864900827408 0.453985661268234 0.441358745098114 0.456068187952042 0.453897535800934 0.441159069538116 0.467741429805756 0.46018660068512 0.434629827737808 0.441911071538925 0.453122675418854 0.462158411741257 0.488212585449219 0.488006591796875 0.486881613731384 0.495331943035126 0.478503048419952 0.470743000507355 0.474009603261948 0.483747899532318 0.463825017213821 0.44129803776741
0.473572432994843 0.458914667367935 0.466089755296707 0.496584087610245 0.524098992347717 0.518041670322418 0.536910355091095 0.553641557693481 0.547902882099152 0.523923873901367 0.485577553510666 0.473164647817612 0.474203377962112 0.459816038608551 0.422635585069656 0.429909527301788 0.462129712104797 0.47722339630127 0.466227054595947 0.453461885452271 0.461785644292831 0.463206470012665 0.455124884843826 0.466745406389236 0.455177426338196 0.450123906135559 0.452742755413055 0.441401809453964 0.458368003368378 0.468024224042892 0.472685933113098 0.47392663359642 0.448492556810379 0.451897889375687 0.471946746110916 0.449337989091873 0.441990941762924 0.441180199384689 0.440987378358841 0.464951783418655 0.474013596773148 0.493227928876877 0.509474515914917 0.491555541753769 0.473134458065033 0.47298589348793 0.473109275102615 0.470418989658356 0.473505049943924
0.440328508615494 0.43503075838089 0.449430406093597 0.478980213403702 0.497373223304749 0.510130047798157 0.541780710220337 0.541953861713409 0.528280198574066 0.545491337776184 0.507968068122864 0.486466526985168 0.48771807551384 0.471061199903488 0.436153888702393 0.430661082267761 0.450916588306427 0.456711441278458 0.462823092937469 0.460620999336243 0.457596182823181 0.454410701990128 0.459013402462006 0.476840198040009 0.453960955142975 0.447915941476822 0.477156311273575 0.473755985498428 0.465185791254044 0.474141150712967 0.465194851160049 0.471645176410675 0.507854402065277 0.499964028596878 0.480906903743744 0.474679231643677 0.464142680168152 0.464497447013855 0.477029025554657 0.4633809030056 0.464010834693909 0.505882859230042 0.510512709617615 0.490032702684402 0.487100809812546 0.492567658424377 0.492903918027878 0.495946735143661 0.510576248168945
0.46005117893219 0.429927885532379 0.401637583971024 0.41805973649025 0.475940763950348 0.523567795753479 0.526412308216095 0.540544748306274 0.546695709228516 0.551220893859863 0.515554487705231 0.513878226280212 0.514254748821259 0.468250066041946 0.435420870780945 0.442377656698227 0.459478825330734 0.454770267009735 0.466261774301529 0.468078702688217 0.444539070129395 0.441010534763336 0.459921658039093 0.484144866466522 0.480392575263977 0.481366902589798 0.491706192493439 0.492080360651016 0.488939315080643 0.497185379266739 0.496416449546814 0.488188803195953 0.496032178401947 0.532871842384338 0.518785059452057 0.500767886638641 0.50004518032074 0.48341691493988 0.480303198099136 0.490661174058914 0.507021605968475 0.532986044883728 0.501945376396179 0.449208617210388 0.474433749914169 0.513476431369781 0.515496730804443 0.49993622303009 0.500235497951508
0.43942791223526 0.448791265487671 0.433367311954498 0.42733696103096 0.489213466644287 0.534414291381836 0.514291286468506 0.539167821407318 0.542326748371124 0.529368221759796 0.51761269569397 0.517204225063324 0.518629372119904 0.479563295841217 0.458631008863449 0.480154186487198 0.493378102779388 0.468663036823273 0.448587894439697 0.451986253261566 0.443396270275116 0.442798852920532 0.465036481618881 0.485763728618622 0.497590184211731 0.498722761869431 0.486282557249069 0.504903435707092 0.526040196418762 0.50875061750412 0.486468344926834 0.494558364152908 0.51576840877533 0.559501051902771 0.547957360744476 0.504913628101349 0.494640529155731 0.508314788341522 0.485043108463287 0.501150131225586 0.518532931804657 0.50531405210495 0.507246971130371 0.473438411951065 0.478120744228363 0.521805465221405 0.517532229423523 0.484989315271378 0.475962311029434
