data/1_raw/trimmed_ndre/W_ndre.724.2013_no_clouds.asc
NCOLS 130 
NROWS 71 
XLLCORNER 530645 
YLLCORNER 5158205 
CELLSIZE 5 
NODATA_value -3.4e+38 
[rows 21 to 41 of 71, columns 0 to 48 of 130]
0.136227890849113 0.13373214006424 0.132631793618202 0.135845854878426 0.137120261788368 0.132883325219154 0.143870055675507 0.149870023131371 0.14079561829567 0.131610065698624 0.143726244568825 0.158370479941368 0.150334492325783 0.142690077424049 0.134423956274986 0.129567503929138 0.133428797125816 0.139143645763397 0.13361157476902 0.133295848965645 0.12957775592804 0.121628791093826 0.121757887303829 0.133206307888031 0.140294045209885 0.135718122124672 0.136425286531448 0.132962256669998 0.136849284172058 0.140491783618927 0.139494374394417 0.142129734158516 0.146159201860428 0.142109915614128 0.122493058443069 0.124989628791809 0.142011716961861 0.134760305285454 0.138729840517044 0.13787217438221 0.123097077012062 0.125956371426582 0.138295873999596 0.141261026263237 0.139342486858368 0.149358123540878 0.148705571889877 0.134951114654541 0.123955823481083
0.140714526176453 0.143605306744576 0.1492720246315 0.152053773403168 0.143346726894379 0.124861426651478 0.128695607185364 0.155128091573715 0.163157090544701 0.150659367442131 0.147671148180962 0.157054543495178 0.148365825414658 0.138103201985359 0.132983773946762 0.135491564869881 0.139657527208328 0.136934608221054 0.131474584341049 0.138533964753151 0.140135362744331 0.138991847634315 0.138671904802322 0.132875457406044 0.130734637379646 0.135787665843964 0.139503091573715 0.134189367294312 0.139204353094101 0.140153959393501 0.134526968002319 0.139296635985374 0.133808687329292 0.13648322224617 0.138901323080063 0.130940645933151 0.139847725629807 0.14328470826149 0.142962798476219 0.137115851044655 0.132543295621872 0.142654895782471 0.150198593735695 0.152721434831619 0.146305128931999 0.143381744623184 0.151317119598389 0.152208626270294 0.153773203492165
-3.4e+38 0.143309995532036 0.142253771424294 0.150549739599228 0.145994305610657 0.133038833737373 0.135485827922821 0.153713792562485 0.151641592383385 0.136927947402 0.133268415927887 0.145502343773842 0.137786537408829 0.12607729434967 0.126134186983109 0.132356986403465 0.14149209856987 0.139982834458351 0.137975871562958 0.144262596964836 0.140587896108627 0.139080956578255 0.14000791311264 0.133460655808449 0.127251774072647 0.135374650359154 0.139748737215996 0.136199906468391 0.141774892807007 0.132427304983139 0.122369356453419 0.128764003515244 0.129017263650894 0.141534894704819 0.151639491319656 0.135652914643288 0.145731672644615 0.149488270282745 0.132143452763557 0.125488236546516 0.141183823347092 0.150467604398727 0.143199309706688 0.143719062209129 0.145204782485962 0.144280195236206 0.14921398460865 0.155926689505577 0.164072498679161
-3.4e+38 -3.4e+38 0.125698894262314 0.139133885502815 0.137201264500618 0.132783338427544 0.140256583690643 0.146343275904655 0.133997946977615 0.121976561844349 0.129255563020706 0.138273447751999 0.135453686118126 0.136413484811783 0.13689897954464 0.139933750033379 0.142024904489517 0.1418696641922 0.153054624795914 0.160606354475021 0.15093968808651 0.144523292779922 0.142239153385162 0.140430003404617 0.134213536977768 0.136026486754417 0.129520133137703 0.13000862300396 0.144555002450943 0.127646237611771 0.119150459766388 0.126569002866745 0.132021948695183 0.130452558398247 0.129580706357956 0.12888440489769 0.144261494278908 0.144590854644775 0.120349131524563 0.116083279252052 0.135272532701492 0.138951197266579 0.127249553799629 0.12933737039566 0.140590324997902 0.148021474480629 0.140075042843819 0.140195086598396 0.146762564778328
-3.4e+38 -3.4e+38 -3.4e+38 0.141518533229828 0.137846380472183 0.135835126042366 0.14546637237072 0.147980764508247 0.136540055274963 0.132365226745605 0.147494658827782 0.150931045413017 0.137223482131958 0.142162814736366 0.146889820694923 0.149347186088562 0.145872980356216 0.140352815389633 0.151508212089539 0.159258872270584 0.150380253791809 0.145594716072083 0.138350859284401 0.135808512568474 0.140553057193756 0.145415037870407 0.135177820920944 0.131997764110565 0.141412377357483 0.127963647246361 0.124145291745663 0.131004184484482 0.131986007094383 0.129694685339928 0.131651267409325 0.136200085282326 0.139610171318054 0.147092804312706 0.136805236339569 0.126256510615349 0.134665012359619 0.133407726883888 0.133718341588974 0.1331457644701 0.127453461289406 0.13744543492794 0.135529160499573 0.136439517140388 0.141796424984932
-3.4e+38 -3.4e+38 -3.4e+38 0.144934743642807 0.138643488287926 0.136412963271141 0.143591955304146 0.148737221956253 0.143459036946297 0.140545010566711 0.148352295160294 0.145335644483566 0.132142186164856 0.136918410658836 0.143214106559753 0.146743386983871 0.140417844057083 0.132617965340614 0.141218841075897 0.14554788172245 0.140375405550003 0.133630827069283 0.129861995577812 0.131289467215538 0.137682527303696 0.141974672675133 0.1436637789011 0.131766349077225 0.129844546318054 0.125715672969818 0.123775236308575 0.128549292683601 0.134599477052689 0.147002637386322 0.145534813404083 0.134620055556297 0.126293018460274 0.134276643395424 0.138268783688545 0.132977083325386 0.127830132842064 0.139575943350792 0.150772899389267 0.135339856147766 0.110605448484421 0.121625147759914 0.133857116103172 0.143105432391167 0.152189776301384
-3.4e+38 -3.4e+38 -3.4e+38 0.142542153596878 0.133930593729019 0.129562392830849 0.136465549468994 0.145140290260315 0.149033322930336 0.143482327461243 0.134923323988914 0.137635424733162 0.134800538420677 0.133504435420036 0.136975511908531 0.139001622796059 0.132494881749153 0.127689361572266 0.139120802283287 0.140826210379601 0.134864702820778 0.127673000097275 0.131923690438271 0.138987526297569 0.138469815254211 0.136678144335747 0.136823177337646 0.131979882717133 0.130578592419624 0.133581474423409 0.130051583051682 0.129644721746445 0.132925674319267 0.136920243501663 0.114605948328972 0.120681561529636 0.134828105568886 0.133444935083389 0.129558324813843 0.124799773097038 0.118795208632946 0.133487939834595 0.13402584195137 0.131124973297119 0.123436979949474 0.129493325948715 0.12689583003521 0.140155673027039 0.152196884155273
-3.4e+38 -3.4e+38 -3.4e+38 -3.4e+38 0.133933275938034 0.127052649855614 0.130343943834305 0.141859024763107 0.153166845440865 0.145902425050735 0.133271768689156 0.143953964114189 0.145531013607979 0.138879165053368 0.138642206788063 0.138929069042206 0.132173806428909 0.133953183889389 0.14220218360424 0.140028178691864 0.12998378276825 0.122953407466412 0.136302694678307 0.144218146800995 0.136425465345383 0.133520916104317 0.134667187929153 0.132469564676285 0.13348488509655 0.133728548884392 0.134652584791183 0.134942635893822 0.130986779928207 0.129380702972412 0.128022536635399 0.145241424441338 0.146098285913467 0.132194831967354 0.124876141548157 0.12710103392601 0.132010444998741 0.12940089404583 0.124065808951855 0.134102717041969 0.133341774344444 0.129339933395386 0.116837501525879 0.121232353150845 0.13851110637188
-3.4e+38 -3.4e+38 -3.4e+38 -3.4e+38 -3.4e+38 0.13581095635891 0.130905255675316 0.137563198804855 0.151284590363503 0.146681889891624 0.136662319302559 0.142012745141983 0.144634485244751 0.144582614302635 0.144318640232086 0.142790779471397 0.134055942296982 0.139569744467735 0.145602986216545 0.135509997606277 0.124223411083221 0.123080693185329 0.134893819689751 0.13671749830246 0.13379180431366 0.133190467953682 0.133488684892654 0.131672292947769 0.132450565695763 0.129784405231476 0.130477622151375 0.135775581002235 0.136214897036552 0.134305402636528 0.149375319480896 0.160085916519165 0.130828857421875 0.113860540091991 0.121310919523239 0.121062889695168 0.135616183280945 0.137684866786003 0.131515651941299 0.132130265235901 0.116222627460957 0.122480466961861 0.136722296476364 0.131999313831329 0.12372487783432
-3.4e+38 -3.4e+38 -3.4e+38 -3.4e+38 -3.4e+38 -3.4e+38 -3.4e+38 -3.4e+38 0.138306304812431 0.131785944104195 0.127199068665504 0.134137138724327 0.137436255812645 0.141407191753387 0.142633035778999 0.137667044997215 0.12755024433136 0.135614693164825 0.139671340584755 0.128634855151176 0.120910413563251 0.123295940458775 0.127025455236435 0.126393929123878 0.128310933709145 0.133557513356209 0.134799048304558 0.134358271956444 0.134419173002243 0.1297557502985 0.127183616161346 0.135036647319794 0.143572479486465 0.13295291364193 0.136727571487427 0.139982298016548 0.125047117471695 0.133517876267433 0.136150494217873 0.127554699778557 0.137120813131332 0.147016331553459 0.141589879989624 0.135768562555313 0.126401737332344 0.123260222375393 0.127718105912209 0.132549732923508 0.115929327905178
-3.4e+38 -3.4e+38 -3.4e+38 -3.4e+38 -3.4e+38 -3.4e+38 -3.4e+38 -3.4e+38 -3.4e+38 -3.4e+38 0.132954522967339 0.137059167027473 0.134528860449791 0.136031419038773 0.139102444052696 0.131334021687508 0.121987462043762 0.131213143467903 0.131057813763618 0.12265919148922 0.118371270596981 0.123693078756332 0.124271273612976 0.121557377278805 0.12419281899929 0.132087245583534 0.136576563119888 0.139025136828423 0.138539493083954 0.130974173545837 0.125202029943466 0.13432851433754 0.149174004793167 0.13257397711277 0.116066448390484 0.133172497153282 0.145012259483337 0.145346269011497 0.146465718746185 0.137104943394661 0.13389877974987 0.144412383437157 0.147411853075027 0.144068449735641 0.138056129217148 0.129154309630394 0.11856134980917 0.129855006933212 0.137950271368027
-3.4e+38 -3.4e+38 -3.4e+38 -3.4e+38 -3.4e+38 -3.4e+38 -3.4e+38 -3.4e+38 -3.4e+38 -3.4e+38 -3.4e+38 0.145886614918709 0.1381995677948 0.137081146240234 0.141183286905289 0.133595779538155 0.128622204065323 0.133531376719475 0.127668708562851 0.122837826609612 0.12154857814312 0.127063408493996 0.125740379095078 0.120665401220322 0.122699253261089 0.129838675260544 0.134253233671188 0.137044474482536 0.134481564164162 0.13218255341053 0.129497051239014 0.133652240037918 0.147267088294029 0.150145798921585 0.127620726823807 0.140153855085373 0.151374474167824 0.131592616438866 0.149949595332146 0.141801133751869 0.130869805812836 0.134018093347549 0.144511476159096 0.147622644901276 0.138115420937538 0.148253351449966 0.142549693584442 0.142815038561821 0.152798667550087
-3.4e+38 -3.4e+38 -3.4e+38 -3.4e+38 -3.4e+38 -3.4e+38 -3.4e+38 -3.4e+38 -3.4e+38 -3.4e+38 -3.4e+38 -3.4e+38 -3.4e+38 -3.4e+38 -3.4e+38 -3.4e+38 -3.4e+38 -3.4e+38 -3.4e+38 -3.4e+38 -3.4e+38 -3.4e+38 -3.4e+38 -3.4e+38 -3.4e+38 -3.4e+38 -3.4e+38 -3.4e+38 -3.4e+38 -3.4e+38 -3.4e+38 0.135338187217712 0.149062409996986 0.16690482199192 0.146994352340698 0.147894024848938 0.146708413958549 0.125697731971741 0.151689633727074 0.148454904556274 0.129982843995094 0.129175692796707 0.147158145904541 0.142385736107826 0.135655254125595 0.158050253987312 0.143384829163551 0.134979665279388 0.136557802557945
-3.4e+38 -3.4e+38 -3.4e+38 -3.4e+38 -3.4e+38 -3.4e+38 -3.4e+38 -3.4e+38 -3.4e+38 -3.4e+38 -3.4e+38 -3.4e+38 -3.4e+38 -3.4e+38 -3.4e+38 -3.4e+38 -3.4e+38 -3.4e+38 -3.4e+38 -3.4e+38 -3.4e+38 -3.4e+38 -3.4e+38 -3.4e+38 -3.4e+38 -3.4e+38 -3.4e+38 -3.4e+38 -3.4e+38 -3.4e+38 -3.4e+38 -3.4e+38 -3.4e+38 0.161660149693489 0.146347552537918 0.146102875471115 0.154070436954498 0.144305542111397 0.146518006920815 0.144388645887375 0.140067845582962 0.144201755523682 0.150229260325432 0.147115334868431 0.142940625548363 0.151621595025063 0.131722897291183 0.118171267211437 0.127231284976006
-3.4e+38 -3.4e+38 -3.4e+38 -3.4e+38 -3.4e+38 -3.4e+38 -3.4e+38 -3.4e+38 -3.4e+38 -3.4e+38 -3.4e+38 -3.4e+38 -3.4e+38 -3.4e+38 -3.4e+38 -3.4e+38 -3.4e+38 -3.4e+38 -3.4e+38 -3.4e+38 -3.4e+38 -3.4e+38 -3.4e+38 -3.4e+38 -3.4e+38 -3.4e+38 -3.4e+38 -3.4e+38 -3.4e+38 -3.4e+38 -3.4e+38 -3.4e+38 -3.4e+38 -3.4e+38 0.133386328816414 0.139765858650208 0.160904988646507 0.151015862822533 0.134838253259659 0.137143909931183 0.153160616755486 0.138171553611755 0.114666931331158 0.133148238062859 0.134564056992531 0.134774133563042 0.137174561619759 0.126230552792549 0.135863691568375
-3.4e+38 -3.4e+38 -3.4e+38 -3.4e+38 -3.4e+38 -3.4e+38 -3.4e+38 -3.4e+38 -3.4e+38 -3.4e+38 -3.4e+38 -3.4e+38 -3.4e+38 -3.4e+38 -3.4e+38 -3.4e+38 -3.4e+38 -3.4e+38 -3.4e+38 -3.4e+38 -3.4e+38 -3.4e+38 -3.4e+38 -3.4e+38 -3.4e+38 -3.4e+38 -3.4e+38 -3.4e+38 -3.4e+38 -3.4e+38 -3.4e+38 -3.4e+38 -3.4e+38 -3.4e+38 0.12899723649025 0.135846123099327 0.138158291578293 0.14215275645256 0.138506904244423 0.136299297213554 0.142196580767632 0.127186954021454 0.116724379360676 0.139869600534439 0.123749971389771 0.126946702599525 0.147510766983032 0.136837735772133 0.134028673171997
-3.4e+38 -3.4e+38 -3.4e+38 -3.4e+38 -3.4e+38 -3.4e+38 -3.4e+38 -3.4e+38 -3.4e+38 -3.4e+38 -3.4e+38 -3.4e+38 -3.4e+38 -3.4e+38 -3.4e+38 -3.4e+38 -3.4e+38 -3.4e+38 -3.4e+38 -3.4e+38 -3.4e+38 -3.4e+38 -3.4e+38 -3.4e+38 -3.4e+38 -3.4e+38 -3.4e+38 -3.4e+38 -3.4e+38 -3.4e+38 -3.4e+38 -3.4e+38 -3.4e+38 -3.4e+38 0.136098831892014 0.141963109374046 0.115881212055683 0.135174751281738 0.152360737323761 0.140317723155022 0.121234811842442 0.130076944828033 0.136730000376701 0.141299024224281 0.129647597670555 0.121280290186405 0.129598572850227 0.123725511133671 0.116650089621544
-3.4e+38 -3.4e+38 -3.4e+38 -3.4e+38 -3.4e+38 -3.4e+38 -3.4e+38 -3.4e+38 -3.4e+38 -3.4e+38 -3.4e+38 -3.4e+38 -3.4e+38 -3.4e+38 -3.4e+38 -3.4e+38 -3.4e+38 -3.4e+38 -3.4e+38 -3.4e+38 -3.4e+38 -3.4e+38 -3.4e+38 -3.4e+38 -3.4e+38 -3.4e+38 -3.4e+38 -3.4e+38 -3.4e+38 -3.4e+38 -3.4e+38 -3.4e+38 -3.4e+38 -3.4e+38 -3.4e+38 0.147676065564156 0.131204336881638 0.129098773002625 0.131438985466957 0.122356601059437 0.114938199520111 0.131789445877075 0.126325339078903 0.13155759871006 0.142731368541718 0.114615269005299 0.123177751898766 0.132312402129173 0.12219175696373
-3.4e+38 -3.4e+38 -3.4e+38 -3.4e+38 -3.4e+38 -3.4e+38 -3.4e+38 -3.4e+38 -3.4e+38 -3.4e+38 -3.4e+38 -3.4e+38 -3.4e+38 -3.4e+38 -3.4e+38 -3.4e+38 -3.4e+38 -3.4e+38 -3.4e+38 -3.4e+38 -3.4e+38 -3.4e+38 -3.4e+38 -3.4e+38 -3.4e+38 -3.4e+38 -3.4e+38 -3.4e+38 -3.4e+38 -3.4e+38 -3.4e+38 -3.4e+38 -3.4e+38 -3.4e+38 -3.4e+38 -3.4e+38 0.141416355967522 0.135940372943878 0.111917547881603 0.124061666429043 0.13702255487442 0.126084253191948 0.131458625197411 0.136700987815857 0.140753924846649 0.132750377058983 0.135583147406578 0.146649867296219 0.146118998527527
-3.4e+38 -3.4e+38 -3.4e+38 -3.4e+38 -3.4e+38 -3.4e+38 -3.4e+38 -3.4e+38 -3.4e+38 -3.4e+38 -3.4e+38 -3.4e+38 -3.4e+38 -3.4e+38 -3.4e+38 -3.4e+38 -3.4e+38 -3.4e+38 -3.4e+38 -3.4e+38 -3.4e+38 -3.4e+38 -3.4e+38 -3.4e+38 -3.4e+38 -3.4e+38 -3.4e+38 -3.4e+38 -3.4e+38 -3.4e+38 -3.4e+38 -3.4e+38 -3.4e+38 -3.4e+38 -3.4e+38 -3.4e+38 -3.4e+38 0.144500732421875 0.113083891570568 0.139534741640091 0.151622384786606 0.126870095729828 0.126436576247215 0.128843396902084 0.134133264422417 0.140541225671768 0.124138809740543 0.121384866535664 0.126716271042824
-3.4e+38 -3.4e+38 -3.4e+38 -3.4e+38 -3.4e+38 -3.4e+38 -3.4e+38 -3.4e+38 -3.4e+38 -3.4e+38 -3.4e+38 -3.4e+38 -3.4e+38 -3.4e+38 -3.4e+38 -3.4e+38 -3.4e+38 -3.4e+38 -3.4e+38 -3.4e+38 -3.4e+38 -3.4e+38 -3.4e+38 -3.4e+38 -3.4e+38 -3.4e+38 -3.4e+38 -3.4e+38 -3.4e+38 -3.4e+38 -3.4e+38 -3.4e+38 -3.4e+38 -3.4e+38 -3.4e+38 -3.4e+38 -3.4e+38 -3.4e+38 0.122075028717518 0.136522904038429 0.148283064365387 0.137718632817268 0.129440367221832 0.124316528439522 0.127589002251625 0.125038549304008 0.111483588814735 0.117617048323154 0.125170156359673
