data/1_raw/trimmed_ndre/W_ndre.77.2010_no_clouds.asc
NCOLS 130 
NROWS 71 
XLLCORNER 530645 
YLLCORNER 5158205 
CELLSIZE 5 
NODATA_value -3.4e+38 
[rows 21 to 41 of 71, columns 49 to 97 of 130]
0.558650493621826 0.565058469772339 0.548877775669098 0.544489622116089 0.563535988330841 0.567377746105194 0.559482991695404 0.549748003482819 0.541265308856964 0.54602712392807 0.55219966173172 0.548539519309998 0.529709875583649 0.528416335582733 0.531399369239807 0.522255897521973 0.531635940074921 0.547596156597137 -3.4e+38 -3.4e+38 -3.4e+38 -3.4e+38 -3.4e+38 -3.4e+38 -3.4e+38 -3.4e+38 -3.4e+38 -3.4e+38 -3.4e+38 -3.4e+38 -3.4e+38 -3.4e+38 -3.4e+38 -3.4e+38 -3.4e+38 -3.4e+38 -3.4e+38 -3.4e+38 -3.4e+38 -3.4e+38 -3.4e+38 -3.4e+38 -3.4e+38 -3.4e+38 -3.4e+38 -3.4e+38 -3.4e+38 -3.4e+38 -3.4e+38
0.552650094032288 0.552364230155945 0.542436420917511 0.537892818450928 0.549587726593018 0.551010549068451 0.548902451992035 0.543363451957703 0.53601461648941 0.529163837432861 0.525373578071594 0.529954314231873 0.537475168704987 0.537450790405273 0.528311610221863 0.513649880886078 0.512953042984009 0.5382159948349 0.545052170753479 0.533964216709137 0.529822289943695 0.538566172122955 0.549243628978729 0.546147406101227 0.543297231197357 0.536550581455231 0.5350461602211 0.54025536775589 -3.4e+38 -3.4e+38 -3.4e+38 -3.4e+38 -3.4e+38 -3.4e+38 -3.4e+38 -3.4e+38 -3.4e+38 -3.4e+38 -3.4e+38 -3.4e+38 -3.4e+38 -3.4e+38 -3.4e+38 -3.4e+38 -3.4e+38 -3.4e+38 -3.4e+38 -3.4e+38 -3.4e+38
0.546928405761719 0.549549460411072 0.548775613307953 0.547075927257538 0.53912079334259 0.532598614692688 0.531370282173157 0.541217863559723 0.544693827629089 0.532634317874908 0.525483369827271 0.531503617763519 0.533947110176086 0.52315217256546 0.519599616527557 0.515052318572998 0.512185215950012 0.524478852748871 0.525749862194061 0.518306791782379 0.52070540189743 0.526281714439392 0.520152032375336 0.522643327713013 0.539369583129883 0.539712488651276 0.540168106555939 0.542920529842377 0.537966191768646 -3.4e+38 -3.4e+38 -3.4e+38 -3.4e+38 -3.4e+38 -3.4e+38 -3.4e+38 -3.4e+38 -3.4e+38 -3.4e+38 -3.4e+38 -3.4e+38 -3.4e+38 -3.4e+38 -3.4e+38 -3.4e+38 -3.4e+38 -3.4e+38 -3.4e+38 -3.4e+38
0.537505507469177 0.558165848255157 0.563851535320282 0.565631031990051 0.551770925521851 0.538455605506897 0.539589822292328 0.550094962120056 0.557406663894653 0.551017105579376 0.542107760906219 0.538958311080933 0.540099799633026 0.533823788166046 0.532609522342682 0.532279431819916 0.520186543464661 0.508999705314636 0.514021158218384 0.523236513137817 0.531617701053619 0.530851662158966 0.515673756599426 0.519189298152924 0.541327714920044 0.540848433971405 0.541360437870026 0.540924966335297 0.545186042785645 0.561608552932739 -3.4e+38 -3.4e+38 -3.4e+38 -3.4e+38 -3.4e+38 -3.4e+38 -3.4e+38 -3.4e+38 -3.4e+38 -3.4e+38 -3.4e+38 -3.4e+38 -3.4e+38 -3.4e+38 -3.4e+38 -3.4e+38 -3.4e+38 -3.4e+38 -3.4e+38
0.530952870845795 0.55233246088028 0.569110989570618 0.579771220684052 0.578074157238007 0.566276371479034 0.561890840530396 0.563174903392792 0.55327582359314 0.545118391513824 0.541851937770844 0.532936990261078 0.543341219425201 0.549444735050201 0.542277753353119 0.536996126174927 0.524835526943207 0.520150721073151 0.529830694198608 0.537855803966522 0.54576164484024 0.542571067810059 0.53238171339035 0.529818415641785 0.538790881633759 0.548129856586456 0.551920711994171 0.54742443561554 0.550847887992859 0.565493106842041 0.56172913312912 -3.4e+38 -3.4e+38 -3.4e+38 -3.4e+38 -3.4e+38 -3.4e+38 -3.4e+38 -3.4e+38 -3.4e+38 -3.4e+38 -3.4e+38 -3.4e+38 -3.4e+38 -3.4e+38 -3.4e+38 -3.4e+38 -3.4e+38 -3.4e+38
0.52282726764679 0.526085317134857 0.543106138706207 0.565945982933044 0.574417531490326 0.571051597595215 0.565501391887665 0.565147221088409 0.556659519672394 0.548610150814056 0.542857646942139 0.535951197147369 0.541884541511536 0.543626487255096 0.534866750240326 0.531105995178223 0.524011969566345 0.528292536735535 0.539296567440033 0.54118138551712 0.54668390750885 0.536696135997772 0.529073655605316 0.550685226917267 0.550663411617279 0.553439676761627 0.562900304794312 0.56397271156311 0.567192614078522 0.570123434066772 0.564181804656982 0.55935662984848 0.554119229316711 0.548927068710327 -3.4e+38 -3.4e+38 -3.4e+38 -3.4e+38 -3.4e+38 -3.4e+38 -3.4e+38 -3.4e+38 -3.4e+38 -3.4e+38 -3.4e+38 -3.4e+38 -3.4e+38 -3.4e+38 -3.4e+38
0.51873379945755 0.526369392871857 0.536846041679382 0.550455749034882 0.555252134799957 0.554789066314697 0.55761992931366 0.552948534488678 0.542782723903656 0.539180397987366 0.54286402463913 0.542304873466492 0.534476459026337 0.535770118236542 0.536343216896057 0.532799899578094 0.528825759887695 0.531883478164673 0.53433620929718 0.535219371318817 0.546017050743103 0.54445868730545 0.539986431598663 0.556256830692291 0.556724846363068 0.553922414779663 0.561859428882599 0.567165672779083 0.580686390399933 0.580601394176483 0.567500829696655 0.553248882293701 0.554577529430389 0.560502052307129 0.564769089221954 0.568166971206665 0.57116311788559 0.568315207958221 0.569050431251526 0.573779821395874 0.577590525150299 0.576649725437164 0.572985231876373 0.572251558303833 0.56843101978302 0.554402351379395 0.546586751937866 0.55302095413208 0.551573634147644
0.52864795923233 0.540196537971497 0.541428864002228 0.543197572231293 0.545625627040863 0.549031734466553 0.56108295917511 0.557437479496002 0.544257283210754 0.542913854122162 0.546850025653839 0.544775605201721 0.53710401058197 0.539216876029968 0.540494322776794 0.539797484874725 0.536760210990906 0.535613119602203 0.535954177379608 0.54118138551712 0.550025045871735 0.554667711257935 0.540787279605865 0.542137205600739 0.566027462482452 0.57351553440094 0.566704869270325 0.564525008201599 0.575904488563538 0.58005303144455 0.567529201507568 0.555407226085663 0.561742007732391 0.563692033290863 0.56034654378891 0.560044884681702 0.5688636302948 0.562966704368591 0.558297038078308 0.577768862247467 0.578620433807373 0.577780842781067 0.571564435958862 0.551683604717255 0.55931681394577 0.559849262237549 0.542800068855286 0.552131295204163 0.554946780204773
0.555802583694458 0.561007618904114 0.553005754947662 0.541512489318848 0.528015732765198 0.526491105556488 0.543043494224548 0.550667881965637 0.549350500106812 0.548533499240875 0.553043961524963 0.548302471637726 0.538226783275604 0.539082944393158 0.539952635765076 0.541145086288452 0.539350152015686 0.536510109901428 0.537475049495697 0.543443322181702 0.547294318675995 0.547374367713928 0.532072186470032 0.537711441516876 0.573380351066589 0.585082590579987 0.572510719299316 0.555859923362732 0.559822618961334 0.566079795360565 0.566537857055664 0.557024896144867 0.551413655281067 0.544617891311646 0.547390401363373 0.557239890098572 0.56476753950119 0.557531237602234 0.552426874637604 0.566001176834106 0.554740130901337 0.565453410148621 0.568375468254089 0.543980896472931 0.547691106796265 0.553442537784576 0.544124960899353 0.544001698493958 0.532701730728149
0.580874562263489 0.579947412014008 0.575628340244293 0.563584983348846 0.545353472232819 0.532821238040924 0.535908937454224 0.536822319030762 0.536650002002716 0.533274412155151 0.534590542316437 0.551330149173737 0.546617329120636 0.537567377090454 0.539575636386871 0.538998961448669 0.534700095653534 0.533505320549011 0.537697374820709 0.540189445018768 0.542395174503326 0.544078826904297 0.550170958042145 0.550466358661652 0.561340272426605 0.570183157920837 0.570541501045227 0.557403743267059 0.553054332733154 0.561552822589874 0.563205420970917 0.550302863121033 0.531986474990845 0.524570107460022 0.529467225074768 0.541363477706909 0.543029725551605 0.530764281749725 0.529321849346161 0.533033132553101 0.527887940406799 0.544115722179413 0.553115248680115 0.542759597301483 0.546700835227966 0.544185101985931 0.537482559680939 0.527444064617157 0.516935586929321
0.595965564250946 0.595576584339142 0.598661482334137 0.586647570133209 0.563484787940979 0.555806517601013 0.557122707366943 0.557652711868286 0.557553768157959 0.54980880022049 0.549385607242584 0.566978275775909 0.561375856399536 0.551725089550018 0.554991841316223 0.550730049610138 0.539667189121246 0.537093997001648 0.543212056159973 0.544810891151428 0.553891658782959 0.564646899700165 0.574203908443451 0.563526690006256 0.548291504383087 0.552197456359863 0.566218793392181 0.574840366840363 0.570172786712646 0.562683463096619 0.552193522453308 0.545599460601807 0.536997377872467 0.532087445259094 0.531637907028198 0.528642117977142 0.523873925209045 0.517280638217926 0.516654849052429 0.518799006938934 0.524069666862488 0.537335455417633 0.558850705623627 0.557471990585327 0.545551896095276 0.53301602602005 0.52781343460083 0.529173135757446 0.527894198894501
0.618690729141235 0.616104602813721 0.613006055355072 0.590149581432343 0.557546377182007 0.562847554683685 0.565590441226959 0.563979685306549 0.570087432861328 0.57174950838089 0.576487362384796 0.578583478927612 0.57570493221283 0.570981562137604 0.572478055953979 0.570600926876068 0.557725250720978 0.548325538635254 0.549815118312836 0.551275491714478 0.566374659538269 0.571955025196075 0.57083660364151 0.570889949798584 0.562804996967316 0.562890291213989 0.574456691741943 0.583520352840424 0.576024830341339 0.555982172489166 0.547135233879089 0.555207490921021 0.552053928375244 0.546362519264221 0.546393692493439 0.534663915634155 0.534758329391479 0.541704893112183 0.539090692996979 0.543835163116455 0.551665961742401 0.557565629482269 0.57112842798233 0.565743446350098 0.545583724975586 0.545527577400208 0.55739837884903 0.569557070732117 0.566603422164917
0.627756297588348 0.622029602527618 0.616113543510437 0.588396191596985 0.561587989330292 0.569868505001068 0.556321442127228 0.544296383857727 0.554632544517517 0.564124941825867 0.591295123100281 0.596135079860687 0.57722932100296 0.569827198982239 0.565709888935089 0.568359196186066 0.564736485481262 0.548753976821899 0.542168021202087 0.544316589832306 0.548757970333099 0.550231754779816 0.553428590297699 0.567459046840668 0.568531513214111 0.559844434261322 0.556082725524902 0.5600466132164 0.558755040168762 0.551055252552032 0.55413281917572 0.568940579891205 0.561406373977661 0.554333984851837 0.55704540014267 0.552456259727478 0.554169952869415 0.564079105854034 0.566457271575928 0.567377388477325 0.568855404853821 0.568687617778778 0.569814622402191 0.578258275985718 0.577342212200165 0.575839936733246 0.584961295127869 0.590563774108887 0.585553765296936
0.617256343364716 0.620844781398773 0.617857038974762 0.595066070556641 0.574950873851776 0.568627655506134 0.54242879152298 0.518598914146423 0.52538138628006 0.54472827911377 0.571407973766327 0.577785134315491 0.556323409080505 0.552202820777893 0.538905620574951 0.528373837471008 0.524833261966705 0.518515169620514 0.521177768707275 0.523716449737549 0.519169628620148 0.529986023902893 0.532601118087769 0.528420090675354 0.524835646152496 0.523736119270325 0.522310018539429 0.526315927505493 0.530078113079071 0.53176885843277 0.545906007289886 0.562368154525757 0.558309018611908 0.549782574176788 0.548428893089294 0.549363434314728 0.547518312931061 0.557001531124115 0.560159027576447 0.552956640720367 0.551990747451782 0.555433213710785 0.557424545288086 0.554844200611115 0.561366438865662 0.572923958301544 0.58009397983551 0.57585746049881 0.560867786407471
0.612045645713806 0.619842648506165 0.619513392448425 0.60353296995163 0.594042360782623 0.570540308952332 0.535122931003571 0.506146669387817 0.502522587776184 0.524495124816895 0.540605962276459 0.553975999355316 0.544031202793121 0.527772426605225 0.524082481861115 0.520365595817566 0.516499757766724 0.514396190643311 0.512698829174042 0.513482809066772 0.51130622625351 0.508096933364868 0.506729304790497 0.501702666282654 0.496780872344971 0.499210596084595 0.511053144931793 0.512255012989044 0.504672825336456 0.503588855266571 0.522533178329468 0.547100424766541 0.552774488925934 0.540727257728577 0.534810364246368 0.530860304832458 0.520752191543579 0.530627489089966 0.528412997722626 0.521375417709351 0.529453992843628 0.532362639904022 0.537363708019257 0.533176600933075 0.528201699256897 0.544192790985107 0.569181263446808 0.573847830295563 0.559127867221832
0.61223953962326 0.61620044708252 0.61237233877182 0.599729657173157 0.598125040531158 0.5690056681633 0.52566933631897 0.51018100976944 0.494910061359406 0.511371493339539 0.538735747337341 0.551548838615417 0.546523094177246 0.534150063991547 0.535115242004395 0.542234182357788 0.544321894645691 0.537926316261292 0.536045789718628 0.527821719646454 0.516567349433899 0.510217845439911 0.513357818126678 0.516252875328064 0.511498808860779 0.505390584468842 0.507966458797455 0.503405034542084 0.497259080410004 0.501219093799591 0.517478823661804 0.546672642230988 0.560730278491974 0.548400580883026 0.547009170055389 0.528584241867065 0.51168829202652 0.52569991350174 0.516639292240143 0.513858079910278 0.524209380149841 0.519778192043304 0.524953842163086 0.526456952095032 0.513590037822723 0.516910195350647 0.538227021694183 0.548739194869995 0.540949106216431
0.600534796714783 0.604774355888367 0.598485708236694 0.585593044757843 0.577724158763885 0.558925807476044 0.527794241905212 0.508278906345367 0.483895927667618 0.49909034371376 0.545605182647705 0.568681657314301 0.564699530601501 0.55128675699234 0.549792766571045 0.558067739009857 0.566858768463135 0.549177825450897 0.533244073390961 0.534618675708771 0.534042358398438 0.535742580890656 0.535212635993958 0.527305960655212 0.510364234447479 0.498572826385498 0.499540150165558 0.5004061460495 0.503146827220917 0.510921716690063 0.522662460803986 0.529120266437531 0.537675440311432 0.539680778980255 0.541421413421631 0.526299774646759 0.522806584835052 0.541094303131104 0.521460592746735 0.511636853218079 0.513798356056213 0.506269514560699 0.503764271736145 0.498973071575165 0.492717653512955 0.497539430856705 0.51737117767334 0.525863826274872 0.51364940404892
0.588847696781158 0.596117854118347 0.593128502368927 0.57526683807373 0.563382983207703 0.566827476024628 0.540643036365509 0.495914161205292 0.468176811933517 0.485463798046112 0.540490567684174 0.572332441806793 0.563991487026215 0.550664305686951 0.550254881381989 0.561256289482117 0.565387547016144 0.545146584510803 0.523855149745941 0.533961355686188 0.545717775821686 0.552889943122864 0.546387314796448 0.531439304351807 0.50058650970459 0.476586133241653 0.479886084794998 0.490682423114777 0.496485203504562 0.4980748295784 0.499708414077759 0.495297908782959 0.490702688694 0.495955139398575 0.500047087669373 0.500720679759979 0.500604569911957 0.512035191059113 0.509722173213959 0.494290590286255 0.473599761724472 0.469364941120148 0.477809518575668 0.479666292667389 0.479602098464966 0.484661042690277 0.496503263711929 0.511415481567383 0.502648174762726
0.592877626419067 0.592236936092377 0.595933794975281 0.580519139766693 0.573789596557617 0.583654999732971 0.560804665088654 0.517801582813263 0.490740209817886 0.497852861881256 0.538840770721436 0.559443712234497 0.54684191942215 0.544655501842499 0.547260761260986 0.560117602348328 0.560767233371735 0.541964948177338 0.528021335601807 0.53644210100174 0.552063941955566 0.564561128616333 0.558421730995178 0.525642871856689 0.485019981861115 0.458780586719513 0.467421680688858 0.487687319517136 0.495621144771576 0.494270116090775 0.486128360033035 0.479916870594025 0.466505020856857 0.470726817846298 0.482937842607498 0.485698461532593 0.478560984134674 0.483761608600616 0.490062683820724 0.47434213757515 0.44448122382164 0.437104880809784 0.451209336519241 0.455731898546219 0.461262136697769 0.468981444835663 0.475479364395142 0.485572546720505 0.491126149892807
0.597303092479706 0.601380467414856 0.608170211315155 0.593774378299713 0.583987057209015 0.587047219276428 0.577257037162781 0.548125207424164 0.520959556102753 0.523397564888 0.552416086196899 0.555388510227203 0.539350807666779 0.535707890987396 0.528762578964233 0.539766132831573 0.544927895069122 0.531175851821899 0.539005935192108 0.549526572227478 0.553916275501251 0.556324899196625 0.548351585865021 0.512516677379608 0.476289033889771 0.465152710676193 0.472228288650513 0.498347550630569 0.509644687175751 0.498555511236191 0.491692781448364 0.481754451990128 0.468097299337387 0.467942595481873 0.47324475646019 0.472204595804214 0.466917812824249 0.470564991235733 0.476166307926178 0.463254451751709 0.434076219797134 0.427020132541656 0.43973782658577 0.440348386764526 0.447701990604401 0.471183359622955 0.489412426948547 0.49520143866539 0.500218868255615
0.605265617370605 0.605180382728577 0.60182511806488 0.593080341815948 0.591534316539764 0.592829585075378 0.582893550395966 0.562111377716064 0.536191463470459 0.539094269275665 0.559563457965851 0.552502572536469 0.533784091472626 0.512888014316559 0.495667576789856 0.505081117153168 0.508634448051453 0.505937218666077 0.524809181690216 0.543698191642761 0.539165079593658 0.526337206363678 0.522760808467865 0.494592487812042 0.461765736341476 0.461056888103485 0.473542809486389 0.503283262252808 0.513471782207489 0.494093030691147 0.498468488454819 0.495026409626007 0.479661822319031 0.476842910051346 0.474459737539291 0.469153076410294 0.461485624313354 0.454705744981766 0.453672856092453 0.448066920042038 0.434757888317108 0.429035782814026 0.431360065937042 0.437685549259186 0.447370380163193 0.470010429620743 0.492962718009949 0.498771727085114 0.498269975185394
