data/1_raw/trimmed_ndre/W_ndre.725.2012_no_clouds.asc
NCOLS 130 
NROWS 71 
XLLCORNER 530645 
YLLCORNER 5158205 
CELLSIZE 5 
NODATA_value -3.4e+38 
[rows 21 to 41 of 71, columns 49 to 97 of 130]
0.496709614992142 0.495288014411926 0.482322782278061 0.470056444406509 0.46735867857933 0.476247578859329 0.48035529255867 0.471543610095978 0.461620211601257 0.459955215454102 0.457340359687805 0.444162040948868 0.4390027821064 0.440254330635071 0.454670429229736 0.477843910455704 0.481616646051407 0.487827390432358 -3.4e+38 -3.4e+38 -3.4e+38 -3.4e+38 -3.4e+38 -3.4e+38 -3.4e+38 -3.4e+38 -3.4e+38 -3.4e+38 -3.4e+38 -3.4e+38 -3.4e+38 -3.4e+38 -3.4e+38 -3.4e+38 -3.4e+38 -3.4e+38 -3.4e+38 -3.4e+38 -3.4e+38 -3.4e+38 -3.4e+38 -3.4e+38 -3.4e+38 -3.4e+38 -3.4e+38 -3.4e+38 -3.4e+38 -3.4e+38 -3.4e+38
0.485655248165131 0.487356126308441 0.482512325048447 0.474247008562088 0.471702188253403 0.477674603462219 0.475073575973511 0.469655215740204 0.462480962276459 0.465348809957504 0.46500101685524 0.451124668121338 0.434831768274307 0.426527708768845 0.439887553453445 0.46593776345253 0.473768621683121 0.482568472623825 0.4771968126297 0.459506750106812 0.469455629587173 0.456698715686798 0.441038280725479 0.45514103770256 0.458711832761765 0.459849238395691 0.462884873151779 0.464104115962982 -3.4e+38 -3.4e+38 -3.4e+38 -3.4e+38 -3.4e+38 -3.4e+38 -3.4e+38 -3.4e+38 -3.4e+38 -3.4e+38 -3.4e+38 -3.4e+38 -3.4e+38 -3.4e+38 -3.4e+38 -3.4e+38 -3.4e+38 -3.4e+38 -3.4e+38 -3.4e+38 -3.4e+38
0.487284868955612 0.478662222623825 0.472604066133499 0.47044774889946 0.477780997753143 0.482724964618683 0.464955598115921 0.466897428035736 0.476844608783722 0.475130379199982 0.472992092370987 0.45307731628418 0.430850505828857 0.427078753709793 0.426997750997543 0.452045828104019 0.477106362581253 0.48374605178833 0.473186999559402 0.455010920763016 0.459322363138199 0.438807457685471 0.430997163057327 0.456687837839127 0.46329328417778 0.468738615512848 0.47191122174263 0.472008615732193 0.455435693264008 -3.4e+38 -3.4e+38 -3.4e+38 -3.4e+38 -3.4e+38 -3.4e+38 -3.4e+38 -3.4e+38 -3.4e+38 -3.4e+38 -3.4e+38 -3.4e+38 -3.4e+38 -3.4e+38 -3.4e+38 -3.4e+38 -3.4e+38 -3.4e+38 -3.4e+38 -3.4e+38
0.487915992736816 0.480872541666031 0.477561742067337 0.473071813583374 0.480622440576553 0.480893909931183 0.45782271027565 0.460303127765656 0.471468836069107 0.465704590082169 0.470709264278412 0.458032697439194 0.446806371212006 0.456098109483719 0.436993330717087 0.456261545419693 0.479694098234177 0.464494287967682 0.466549009084702 0.470488369464874 0.464340448379517 0.442650616168976 0.45201963186264 0.47875589132309 0.481092363595963 0.482485383749008 0.487597197294235 0.481117904186249 0.458728075027466 0.461208999156952 -3.4e+38 -3.4e+38 -3.4e+38 -3.4e+38 -3.4e+38 -3.4e+38 -3.4e+38 -3.4e+38 -3.4e+38 -3.4e+38 -3.4e+38 -3.4e+38 -3.4e+38 -3.4e+38 -3.4e+38 -3.4e+38 -3.4e+38 -3.4e+38 -3.4e+38
0.496973305940628 0.492899507284164 0.490053236484528 0.48299303650856 0.488560795783997 0.484079837799072 0.463603258132935 0.456829607486725 0.453806608915329 0.447842240333557 0.453714787960052 0.452053248882294 0.450543463230133 0.461757272481918 0.454653114080429 0.475032180547714 0.479174643754959 0.449014961719513 0.456411212682724 0.480664759874344 0.477949559688568 0.457472026348114 0.466776788234711 0.475658655166626 0.473593235015869 0.469061523675919 0.479373276233673 0.480647295713425 0.463046580553055 0.469284862279892 0.455640554428101 -3.4e+38 -3.4e+38 -3.4e+38 -3.4e+38 -3.4e+38 -3.4e+38 -3.4e+38 -3.4e+38 -3.4e+38 -3.4e+38 -3.4e+38 -3.4e+38 -3.4e+38 -3.4e+38 -3.4e+38 -3.4e+38 -3.4e+38 -3.4e+38
0.513331830501556 0.507513046264648 0.496837586164474 0.482052654027939 0.487567216157913 0.477145284414291 0.467369854450226 0.474195003509521 0.475221514701843 0.459958553314209 0.446494072675705 0.443192988634109 0.434521645307541 0.437510877847672 0.45076921582222 0.47687441110611 0.48765566945076 0.477489471435547 0.480131477117538 0.494694888591766 0.489439189434052 0.468102097511292 0.470639288425446 0.463090628385544 0.464167475700378 0.472745656967163 0.471675425767899 0.485902100801468 0.489245444536209 0.487902104854584 0.451604843139648 0.428262025117874 0.454314291477203 0.477527797222137 -3.4e+38 -3.4e+38 -3.4e+38 -3.4e+38 -3.4e+38 -3.4e+38 -3.4e+38 -3.4e+38 -3.4e+38 -3.4e+38 -3.4e+38 -3.4e+38 -3.4e+38 -3.4e+38 -3.4e+38
0.52712869644165 0.527412891387939 0.514488160610199 0.489797383546829 0.477470695972443 0.461266189813614 0.454015403985977 0.47111502289772 0.478986203670502 0.472254067659378 0.459758400917053 0.457378417253494 0.436637550592422 0.437530487775803 0.452846229076385 0.467884004116058 0.474448412656784 0.476253777742386 0.478447556495667 0.485829532146454 0.475738674402237 0.458516806364059 0.462478458881378 0.46024015545845 0.471061259508133 0.48370349407196 0.472529262304306 0.477502048015594 0.490528136491776 0.488619476556778 0.475712895393372 0.437619239091873 0.437599837779999 0.463494420051575 0.458015948534012 0.468498319387436 0.490832597017288 0.478588283061981 0.483784437179565 0.493957012891769 0.496787935495377 0.505378007888794 0.495771497488022 0.483117401599884 0.484601438045502 0.487683564424515 0.486882388591766 0.480432540178299 0.476461231708527
0.541154801845551 0.54133141040802 0.526651620864868 0.5014808177948 0.47909477353096 0.465906769037247 0.458429545164108 0.46039018034935 0.461119383573532 0.461626768112183 0.466941714286804 0.463809669017792 0.445522308349609 0.456498801708221 0.473359733819962 0.468859761953354 0.466293811798096 0.463418036699295 0.457942992448807 0.455885112285614 0.462533712387085 0.463566333055496 0.462971955537796 0.460413783788681 0.475861310958862 0.484702974557877 0.471912294626236 0.462024450302124 0.474331051111221 0.485382795333862 0.483520120382309 0.454528778791428 0.447323799133301 0.469664603471756 0.45933586359024 0.457474648952484 0.475507766008377 0.481647223234177 0.484446793794632 0.481648027896881 0.475848883390427 0.477480262517929 0.48047599196434 0.481296926736832 0.48580676317215 0.494059950113297 0.493163913488388 0.483159691095352 0.472382992506027
0.548401832580566 0.548816442489624 0.53130704164505 0.506433188915253 0.487323880195618 0.472799301147461 0.478211522102356 0.467116475105286 0.446985751390457 0.440310209989548 0.450444906949997 0.452018320560455 0.442382365465164 0.467746883630753 0.479350566864014 0.468561053276062 0.463781356811523 0.450394153594971 0.437809199094772 0.440188825130463 0.458794236183167 0.46721413731575 0.452487975358963 0.446819663047791 0.468425124883652 0.481413394212723 0.474272131919861 0.463899314403534 0.467666178941727 0.462837755680084 0.454140454530716 0.457203298807144 0.468378037214279 0.473970234394073 0.462107062339783 0.449996620416641 0.470240205526352 0.486734360456467 0.470666527748108 0.466693222522736 0.468474000692368 0.476060390472412 0.484686285257339 0.478228151798248 0.47190648317337 0.477604061365128 0.480812102556229 0.47625657916069 0.46725332736969
0.544065117835999 0.546120584011078 0.527989089488983 0.498265326023102 0.486160814762115 0.487604945898056 0.493295580148697 0.473604410886765 0.437345057725906 0.422425329685211 0.436650037765503 0.439271867275238 0.440456360578537 0.467862904071808 0.470817506313324 0.465731978416443 0.459473222494125 0.441063761711121 0.432875841856003 0.432945638895035 0.438532650470734 0.44258439540863 0.426431745290756 0.426598221063614 0.456451177597046 0.465368151664734 0.469774097204208 0.470067769289017 0.470398128032684 0.460498481988907 0.446501135826111 0.450674504041672 0.462898552417755 0.460514068603516 0.454903990030289 0.458105713129044 0.471986770629883 0.466252446174622 0.446138232946396 0.453735023736954 0.473196178674698 0.4814493060112 0.475188821554184 0.458399385213852 0.439244300127029 0.445269912481308 0.459108084440231 0.462231755256653 0.446545362472534
0.530083417892456 0.539929032325745 0.536620318889618 0.51648873090744 0.50711977481842 0.49912503361702 0.484629601240158 0.4563148021698 0.429581493139267 0.430149286985397 0.444937407970428 0.440269738435745 0.450103849172592 0.469953507184982 0.46101376414299 0.453149020671844 0.450810819864273 0.447852104902267 0.448973387479782 0.439983129501343 0.427579462528229 0.426830440759659 0.42744717001915 0.442532777786255 0.464260190725327 0.456556230783463 0.461006492376328 0.469949424266815 0.470534116029739 0.466609865427017 0.445520877838135 0.437828600406647 0.448627322912216 0.443844318389893 0.44872972369194 0.462257564067841 0.473671108484268 0.458733797073364 0.43407279253006 0.436176776885986 0.458953440189362 0.458815455436707 0.45183390378952 0.457818776369095 0.461442977190018 0.454606026411057 0.4444620013237 0.43534916639328 0.426405191421509
0.521567463874817 0.52364981174469 0.52936726808548 0.532491445541382 0.519373595714569 0.505525827407837 0.485743343830109 0.460252434015274 0.44925656914711 0.465812146663666 0.476331204175949 0.461023449897766 0.473265945911407 0.482259035110474 0.465554893016815 0.448070883750916 0.449222713708878 0.458431631326675 0.454888463020325 0.459776520729065 0.447457253932953 0.440641909837723 0.447029322385788 0.462194740772247 0.467420518398285 0.454079121351242 0.450784921646118 0.465160369873047 0.475377231836319 0.473062723875046 0.455741167068481 0.444450169801712 0.450737059116364 0.441683024168015 0.449194133281708 0.469569653272629 0.484400063753128 0.47060427069664 0.455431193113327 0.458323329687119 0.471903145313263 0.453274220228195 0.443002700805664 0.468626022338867 0.489381939172745 0.488171339035034 0.460880368947983 0.441358864307404 0.438504576683044
0.497387617826462 0.48894476890564 0.493007034063339 0.508479118347168 0.499559134244919 0.501049399375916 0.492376625537872 0.473712056875229 0.475210160017014 0.483103156089783 0.489502400159836 0.473668843507767 0.486868381500244 0.495488673448563 0.476615905761719 0.44924733042717 0.454591155052185 0.460499286651611 0.454051077365875 0.472776263952255 0.462762653827667 0.444762796163559 0.447017073631287 0.46047031879425 0.468600898981094 0.462186753749847 0.459487468004227 0.476205289363861 0.480660498142242 0.468473732471466 0.470139145851135 0.475947976112366 0.47285932302475 0.463449060916901 0.46266570687294 0.474913686513901 0.487259417772293 0.479563385248184 0.477654576301575 0.481068640947342 0.48344823718071 0.474251538515091 0.467067718505859 0.482097983360291 0.496782064437866 0.503697156906128 0.487953871488571 0.469354569911957 0.46913731098175
0.476984441280365 0.476258099079132 0.47815865278244 0.490353226661682 0.49591076374054 0.493619203567505 0.485579550266266 0.481979608535767 0.496522009372711 0.482716232538223 0.479636460542679 0.486254245042801 0.487754702568054 0.495692908763885 0.483684867620468 0.454282820224762 0.47063285112381 0.467985242605209 0.454896628856659 0.471628218889236 0.472935110330582 0.451129347085953 0.439394146203995 0.453622728586197 0.466210156679153 0.478608667850494 0.486249148845673 0.491148293018341 0.46976226568222 0.457431018352509 0.476440787315369 0.493226498365402 0.494277805089951 0.480595231056213 0.471889227628708 0.467902034521103 0.47171151638031 0.470674753189087 0.477464884519577 0.466653078794479 0.466516077518463 0.487901866436005 0.486145973205566 0.484893560409546 0.500100672245026 0.511624574661255 0.515731632709503 0.510045647621155 0.50122332572937
0.470988422632217 0.461982578039169 0.461161524057388 0.465470790863037 0.471149951219559 0.475683242082596 0.472399741411209 0.473007708787918 0.479986786842346 0.465305238962173 0.470586210489273 0.495006263256073 0.494296103715897 0.491356641054153 0.489896953105927 0.479402154684067 0.478152960538864 0.476563513278961 0.463466465473175 0.463010549545288 0.475760608911514 0.475126415491104 0.466724514961243 0.4720698595047 0.46025624871254 0.463198810815811 0.473651975393295 0.472079157829285 0.444375902414322 0.44256004691124 0.46955943107605 0.482543349266052 0.488783806562424 0.480786174535751 0.469301134347916 0.461789816617966 0.459712117910385 0.464456349611282 0.472258895635605 0.450097888708115 0.450911998748779 0.481799244880676 0.486987054347992 0.489673852920532 0.496985167264938 0.504335761070251 0.508274912834167 0.509529888629913 0.495910495519638
0.473766088485718 0.453049182891846 0.44811162352562 0.45100924372673 0.453753054141998 0.461463749408722 0.462504595518112 0.470177888870239 0.468951404094696 0.455709367990494 0.461771845817566 0.47941654920578 0.487681448459625 0.486368387937546 0.494092136621475 0.490056067705154 0.472848325967789 0.478387713432312 0.472559928894043 0.452159643173218 0.452194422483444 0.4637091755867 0.475791841745377 0.476422935724258 0.461978942155838 0.452830195426941 0.454974234104156 0.452183395624161 0.435277491807938 0.436023980379105 0.451023817062378 0.457097202539444 0.466957867145538 0.470795065164566 0.46471381187439 0.461269319057465 0.456608504056931 0.467627912759781 0.476411104202271 0.457010120153427 0.448096990585327 0.466078042984009 0.48291489481926 0.494382470846176 0.500782072544098 0.499639093875885 0.49544358253479 0.492909401655197 0.482839286327362
0.483550161123276 0.466663718223572 0.467272400856018 0.46836906671524 0.458789855241776 0.45000022649765 0.451048880815506 0.472440838813782 0.476070165634155 0.464617282152176 0.469882935285568 0.467576712369919 0.462448924779892 0.460824429988861 0.467944622039795 0.467951148748398 0.461372971534729 0.46222797036171 0.46681547164917 0.448853224515915 0.436928480863571 0.448717504739761 0.457401722669601 0.457255035638809 0.457688689231873 0.458300828933716 0.464571475982666 0.462856411933899 0.447273313999176 0.445841878652573 0.441520541906357 0.447836607694626 0.458856701850891 0.467729419469833 0.466491937637329 0.460706621408463 0.447774589061737 0.462585031986237 0.474880814552307 0.461468577384949 0.450275182723999 0.45696946978569 0.476434022188187 0.490143179893494 0.494741529226303 0.496264696121216 0.499926507472992 0.498605936765671 0.495438545942307
0.47890767455101 0.476964086294174 0.47338604927063 0.459100306034088 0.452314585447311 0.44813671708107 0.451862037181854 0.472493857145309 0.476258158683777 0.478811651468277 0.488128840923309 0.467047065496445 0.454302549362183 0.455993354320526 0.459794551134109 0.458091974258423 0.455501943826675 0.455175250768661 0.455369353294373 0.454459071159363 0.449983149766922 0.455318242311478 0.459145814180374 0.44892755150795 0.44178831577301 0.451283633708954 0.469380378723145 0.460375040769577 0.445793241262436 0.461690962314606 0.441105544567108 0.434687465429306 0.457581549882889 0.471130013465881 0.460432678461075 0.446313112974167 0.439158797264099 0.446961581707001 0.454061836004257 0.443209588527679 0.437968254089355 0.450932234525681 0.472776979207993 0.484462410211563 0.484087556600571 0.489641696214676 0.507159233093262 0.518162250518799 0.511146783828735
0.458936512470245 0.460385859012604 0.451332628726959 0.435612559318542 0.442321628332138 0.458006292581558 0.465589791536331 0.46395280957222 0.465116113424301 0.482243329286575 0.489079236984253 0.468914031982422 0.463396400213242 0.469996899366379 0.475199550390244 0.474243700504303 0.475506216287613 0.472753584384918 0.465050548315048 0.468339651823044 0.473201960325241 0.46480205655098 0.457691997289658 0.464959442615509 0.460694998502731 0.459744453430176 0.475539594888687 0.457924365997314 0.444542557001114 0.468315422534943 0.450193136930466 0.437531262636185 0.452320337295532 0.459004729986191 0.443782925605774 0.447831809520721 0.45970556139946 0.450391292572021 0.442092746496201 0.441197872161865 0.441446840763092 0.441024988889694 0.459572434425354 0.474385052919388 0.473519384860992 0.467661291360855 0.479186683893204 0.498529493808746 0.500453591346741
0.446375280618668 0.440871298313141 0.419105291366577 0.407629162073135 0.429474264383316 0.463571846485138 0.473158746957779 0.462509214878082 0.466323494911194 0.472385287284851 0.471703976392746 0.462688475847244 0.461446166038513 0.470471978187561 0.480961620807648 0.485676556825638 0.488639622926712 0.482077449560165 0.469588845968246 0.452978163957596 0.466099441051483 0.482829034328461 0.480671495199203 0.48180827498436 0.472932130098343 0.464969903230667 0.47327932715416 0.468689382076263 0.470435082912445 0.47836822271347 0.473646193742752 0.463339447975159 0.4675253033638 0.472495317459106 0.460158228874207 0.46263787150383 0.472564518451691 0.461787343025208 0.455868184566498 0.461954832077026 0.468557178974152 0.45112469792366 0.44722193479538 0.458801418542862 0.464754790067673 0.45671945810318 0.454169809818268 0.47079211473465 0.484574377536774
0.438994139432907 0.421650141477585 0.397808879613876 0.395796537399292 0.426382064819336 0.448367387056351 0.468423217535019 0.473255038261414 0.46949103474617 0.458980798721313 0.449450314044952 0.440858751535416 0.435939967632294 0.446098476648331 0.462265640497208 0.472514241933823 0.472596704959869 0.456854313611984 0.45416995882988 0.46507516503334 0.464569300413132 0.47030970454216 0.475396513938904 0.465052366256714 0.448770403862 0.463229924440384 0.480115205049515 0.468143075704575 0.47069126367569 0.479771137237549 0.480296939611435 0.461429059505463 0.466420024633408 0.479136258363724 0.476108461618423 0.475036293268204 0.468255043029785 0.461307048797607 0.463096141815186 0.443378806114197 0.442286163568497 0.460526168346405 0.469580352306366 0.464553087949753 0.459953963756561 0.460999310016632 0.474324643611908 0.489924758672714 0.48585918545723
