data/1_raw/trimmed_ndre/W_ndre.725.2012_no_clouds.asc
NCOLS 130 
NROWS 71 
XLLCORNER 530645 
YLLCORNER 5158205 
CELLSIZE 5 
NODATA_value -3.4e+38 
[rows 21 to 41 of 71, columns 0 to 48 of 130]
0.499390780925751 0.510940313339233 0.49952220916748 0.485077828168869 0.495791643857956 0.511695027351379 0.49754872918129 0.487668097019196 0.473512381315231 0.455863416194916 0.447839677333832 0.47427162528038 0.500557422637939 0.494842737913132 0.486497759819031 0.489478588104248 0.505225896835327 0.512020409107208 0.50875598192215 0.505787134170532 0.506349980831146 0.503508150577545 0.499181300401688 0.493715226650238 0.489466279745102 0.492877066135406 0.501693189144135 0.500775396823883 0.462986052036285 0.464689970016479 0.50437980890274 0.526021599769592 0.521049737930298 0.509005427360535 0.513159155845642 0.52603018283844 0.51709508895874 0.511910557746887 0.517554342746735 0.524810969829559 0.525751411914825 0.523661494255066 0.519283533096313 0.490755945444107 0.453319877386093 0.440547287464142 0.452959418296814 0.464720755815506 0.481492340564728
0.514809846878052 0.524643421173096 0.510447919368744 0.497867614030838 0.503515541553497 0.510070860385895 0.497474819421768 0.49584686756134 0.488749772310257 0.470897972583771 0.47274649143219 0.488698899745941 0.503070533275604 0.500358641147614 0.48455810546875 0.483666211366653 0.495122462511063 0.501188099384308 0.501403570175171 0.501990616321564 0.499949157238007 0.49273955821991 0.489552825689316 0.48682764172554 0.484630167484283 0.480943769216537 0.493929177522659 0.491202563047409 0.453866213560104 0.458077728748322 0.505373299121857 0.528794407844543 0.509533941745758 0.492054015398026 0.499668419361115 0.514886856079102 0.49491149187088 0.492620438337326 0.514618813991547 0.530623555183411 0.538128256797791 0.543457090854645 0.537928879261017 0.510262966156006 0.479432046413422 0.450408816337585 0.440901875495911 0.444613456726074 0.465657860040665
-3.4e+38 0.517293572425842 0.515658617019653 0.519108474254608 0.524349272251129 0.51638001203537 0.502083361148834 0.503305852413177 0.491834372282028 0.476593792438507 0.477490901947021 0.482230871915817 0.495557129383087 0.497592896223068 0.481971710920334 0.484637200832367 0.489825814962387 0.490594208240509 0.490528643131256 0.493872374296188 0.491655439138412 0.487099200487137 0.490767061710358 0.490608364343643 0.48544716835022 0.477886140346527 0.497464627027512 0.506652891635895 0.493313193321228 0.502160489559174 0.5163534283638 0.510951042175293 0.487400352954865 0.47812095284462 0.497947573661804 0.505329847335815 0.475009381771088 0.480454534292221 0.50621372461319 0.522225677967072 0.527266800403595 0.540856599807739 0.537927448749542 0.511200368404388 0.491642624139786 0.467085629701614 0.451788336038589 0.449622988700867 0.472340434789658
-3.4e+38 -3.4e+38 0.520577132701874 0.534257709980011 0.534756302833557 0.52132785320282 0.50343269109726 0.502902984619141 0.494602203369141 0.48782342672348 0.48633086681366 0.480751037597656 0.494381368160248 0.495288014411926 0.482679188251495 0.490851491689682 0.493758350610733 0.490108549594879 0.488347291946411 0.490236520767212 0.485647648572922 0.48360413312912 0.488332390785217 0.478964775800705 0.465837240219116 0.467731267213821 0.488990694284439 0.509583950042725 0.5220006108284 0.522320687770844 0.511291980743408 0.485686898231506 0.471102029085159 0.478124558925629 0.504071533679962 0.504292905330658 0.470766574144363 0.479019641876221 0.493432372808456 0.498899966478348 0.498047709465027 0.510822832584381 0.510311961174011 0.495369255542755 0.490524590015411 0.494224578142166 0.4848752617836 0.476516872644424 0.486435174942017
-3.4e+38 -3.4e+38 -3.4e+38 0.512283682823181 0.519073665142059 0.523881793022156 0.511604726314545 0.499145805835724 0.494351416826248 0.487117081880569 0.486780792474747 0.487278938293457 0.498327732086182 0.505534052848816 0.490687519311905 0.48030087351799 0.479421764612198 0.487876147031784 0.491886138916016 0.490009963512421 0.479958772659302 0.47333762049675 0.468696147203445 0.451569825410843 0.439738690853119 0.449449211359024 0.469359427690506 0.486734390258789 0.502181649208069 0.500326931476593 0.485383272171021 0.469871878623962 0.473077684640884 0.484781622886658 0.489698499441147 0.476521998643875 0.460525810718536 0.474314123392105 0.486232221126556 0.485628396272659 0.483609586954117 0.491763085126877 0.489009380340576 0.485784620046616 0.494435012340546 0.511533975601196 0.508238315582275 0.498097389936447 0.504313230514526
-3.4e+38 -3.4e+38 -3.4e+38 0.510973215103149 0.512738704681396 0.518560469150543 0.51689475774765 0.509668946266174 0.497918754816055 0.482590317726135 0.483993887901306 0.49221658706665 0.495061069726944 0.509986639022827 0.493486225605011 0.45905989408493 0.453975915908813 0.460389018058777 0.483194321393967 0.491464793682098 0.476785778999329 0.460674047470093 0.448416024446487 0.43982982635498 0.431382089853287 0.437797635793686 0.452273786067963 0.456298321485519 0.472522884607315 0.477584511041641 0.46917399764061 0.461524099111557 0.463064193725586 0.47009801864624 0.471745401620865 0.456151515245438 0.453155726194382 0.467838823795319 0.473901838064194 0.467594027519226 0.468171715736389 0.481908440589905 0.478496849536896 0.48328298330307 0.496999979019165 0.510353863239288 0.520547151565552 0.527092456817627 0.527465164661407
-3.4e+38 -3.4e+38 -3.4e+38 0.51584380865097 0.503434658050537 0.509234368801117 0.512611925601959 0.516981065273285 0.506702840328217 0.490339010953903 0.485994219779968 0.48539662361145 0.485490411520004 0.490672260522842 0.483156889677048 0.464168936014175 0.458110988140106 0.452067583799362 0.476125180721283 0.491452932357788 0.466921597719193 0.461143583059311 0.45168074965477 0.442799687385559 0.44550433754921 0.455465704202652 0.461668103933334 0.458313465118408 0.471430093050003 0.484061032533646 0.48393389582634 0.481003254652023 0.47633096575737 0.483817636966705 0.486805200576782 0.466408729553223 0.467312037944794 0.470719635486603 0.461584508419037 0.452146232128143 0.464266419410706 0.480720728635788 0.4761703312397 0.47921496629715 0.488250583410263 0.498977959156036 0.504900932312012 0.525253474712372 0.536624431610107
-3.4e+38 -3.4e+38 -3.4e+38 -3.4e+38 0.499499678611755 0.50148731470108 0.511157989501953 0.516460418701172 0.510293483734131 0.49846276640892 0.495187550783157 0.483136057853699 0.478132754564285 0.478998750448227 0.486763566732407 0.484700202941895 0.472585052251816 0.464226871728897 0.475054562091827 0.479133307933807 0.45514303445816 0.45685800909996 0.445780575275421 0.450356930494308 0.475291967391968 0.484837472438812 0.484057247638702 0.478203654289246 0.482128918170929 0.49233290553093 0.500528514385223 0.499173194169998 0.497024774551392 0.511431813240051 0.513600587844849 0.491827636957169 0.500036239624023 0.496351301670074 0.478793859481812 0.471496194601059 0.48518493771553 0.495210975408554 0.484765112400055 0.484627842903137 0.487541139125824 0.493749767541885 0.497294038534164 0.509071886539459 0.531670987606049
-3.4e+38 -3.4e+38 -3.4e+38 -3.4e+38 -3.4e+38 0.493915855884552 0.497939378023148 0.499542474746704 0.498393833637238 0.503440201282501 0.505150079727173 0.48687806725502 0.475399881601334 0.479149639606476 0.490701377391815 0.494032770395279 0.481654912233353 0.471437156200409 0.469744294881821 0.458855926990509 0.444514334201813 0.445751905441284 0.447772949934006 0.469538182020187 0.492481470108032 0.479339152574539 0.476246774196625 0.488621681928635 0.495868891477585 0.494389951229095 0.499267101287842 0.501660823822021 0.498536586761475 0.515119194984436 0.528526723384857 0.519539833068848 0.517602205276489 0.512389600276947 0.500538349151611 0.493473768234253 0.50872528553009 0.508973717689514 0.493294328451157 0.493440210819244 0.504503726959229 0.511005759239197 0.508184969425201 0.503771245479584 0.523108899593353
-3.4e+38 -3.4e+38 -3.4e+38 -3.4e+38 -3.4e+38 -3.4e+38 -3.4e+38 -3.4e+38 0.484857648611069 0.49643686413765 0.502967059612274 0.492445796728134 0.482780277729034 0.468295961618423 0.45479142665863 0.454997837543488 0.4593825340271 0.458009660243988 0.446030825376511 0.444279789924622 0.442801207304001 0.446745097637177 0.45552584528923 0.466941773891449 0.474707901477814 0.46882951259613 0.47526016831398 0.49262923002243 0.503004968166351 0.500377595424652 0.499879091978073 0.504348635673523 0.506730377674103 0.514873325824738 0.528308272361755 0.533094227313995 0.529343545436859 0.514333426952362 0.506126761436462 0.509267508983612 0.520568907260895 0.525351107120514 0.514723598957062 0.50921767950058 0.517934799194336 0.517561852931976 0.505102396011353 0.502090692520142 0.522667825222015
-3.4e+38 -3.4e+38 -3.4e+38 -3.4e+38 -3.4e+38 -3.4e+38 -3.4e+38 -3.4e+38 -3.4e+38 -3.4e+38 0.4974564909935 0.480487465858459 0.466956824064255 0.463125079870224 0.458354145288467 0.447301238775253 0.446424603462219 0.438088744878769 0.428465962409973 0.4431132376194 0.453322976827621 0.463116705417633 0.474837750196457 0.472091466188431 0.468604356050491 0.475870996713638 0.488036394119263 0.49438488483429 0.494722962379456 0.495385825634003 0.50074964761734 0.509110808372498 0.511522054672241 0.513958275318146 0.520878612995148 0.52622252702713 0.525735557079315 0.51639199256897 0.527319252490997 0.525943279266357 0.511996448040009 0.519344925880432 0.528614819049835 0.525078892707825 0.518892586231232 0.516338527202606 0.512076020240784 0.511176466941833 0.519339978694916
-3.4e+38 -3.4e+38 -3.4e+38 -3.4e+38 -3.4e+38 -3.4e+38 -3.4e+38 -3.4e+38 -3.4e+38 -3.4e+38 -3.4e+38 0.464858263731003 0.453074008226395 0.455208569765091 0.459664791822433 0.451144307851791 0.452913492918015 0.445149153470993 0.437308192253113 0.446819752454758 0.441191285848618 0.45429340004921 0.478554338216782 0.482139229774475 0.47482243180275 0.474819749593735 0.489243268966675 0.49201962351799 0.486507415771484 0.492268025875092 0.50790011882782 0.513287603855133 0.512187838554382 0.517688691616058 0.524511337280273 0.522894203662872 0.520484030246735 0.51890641450882 0.533471584320068 0.526192307472229 0.50636488199234 0.508655488491058 0.518768429756165 0.519426763057709 0.511413395404816 0.51539933681488 0.520638227462769 0.518091320991516 0.512707531452179
-3.4e+38 -3.4e+38 -3.4e+38 -3.4e+38 -3.4e+38 -3.4e+38 -3.4e+38 -3.4e+38 -3.4e+38 -3.4e+38 -3.4e+38 -3.4e+38 -3.4e+38 -3.4e+38 -3.4e+38 -3.4e+38 -3.4e+38 -3.4e+38 -3.4e+38 -3.4e+38 -3.4e+38 -3.4e+38 -3.4e+38 -3.4e+38 -3.4e+38 -3.4e+38 -3.4e+38 -3.4e+38 -3.4e+38 -3.4e+38 -3.4e+38 0.516376852989197 0.515757262706757 0.516858100891113 0.518638551235199 0.517492294311523 0.511965990066528 0.511248290538788 0.522076189517975 0.512424767017365 0.493790060281754 0.491855353116989 0.49530228972435 0.484783500432968 0.479716449975967 0.487841129302979 0.486110359430313 0.484487533569336 0.488687515258789
-3.4e+38 -3.4e+38 -3.4e+38 -3.4e+38 -3.4e+38 -3.4e+38 -3.4e+38 -3.4e+38 -3.4e+38 -3.4e+38 -3.4e+38 -3.4e+38 -3.4e+38 -3.4e+38 -3.4e+38 -3.4e+38 -3.4e+38 -3.4e+38 -3.4e+38 -3.4e+38 -3.4e+38 -3.4e+38 -3.4e+38 -3.4e+38 -3.4e+38 -3.4e+38 -3.4e+38 -3.4e+38 -3.4e+38 -3.4e+38 -3.4e+38 -3.4e+38 -3.4e+38 0.518753349781036 0.515921831130981 0.51728081703186 0.505390882492065 0.500212430953979 0.509113490581512 0.506571650505066 0.496524810791016 0.489840656518936 0.486802726984024 0.472297340631485 0.467753320932388 0.481523990631104 0.485423415899277 0.473810404539108 0.469364881515503
-3.4e+38 -3.4e+38 -3.4e+38 -3.4e+38 -3.4e+38 -3.4e+38 -3.4e+38 -3.4e+38 -3.4e+38 -3.4e+38 -3.4e+38 -3.4e+38 -3.4e+38 -3.4e+38 -3.4e+38 -3.4e+38 -3.4e+38 -3.4e+38 -3.4e+38 -3.4e+38 -3.4e+38 -3.4e+38 -3.4e+38 -3.4e+38 -3.4e+38 -3.4e+38 -3.4e+38 -3.4e+38 -3.4e+38 -3.4e+38 -3.4e+38 -3.4e+38 -3.4e+38 -3.4e+38 0.520510315895081 0.522014856338501 0.505663633346558 0.489503294229507 0.489050596952438 0.493897557258606 0.492807954549789 0.495990037918091 0.496919333934784 0.489533364772797 0.48218235373497 0.48737621307373 0.499547362327576 0.488758772611618 0.47756552696228
-3.4e+38 -3.4e+38 -3.4e+38 -3.4e+38 -3.4e+38 -3.4e+38 -3.4e+38 -3.4e+38 -3.4e+38 -3.4e+38 -3.4e+38 -3.4e+38 -3.4e+38 -3.4e+38 -3.4e+38 -3.4e+38 -3.4e+38 -3.4e+38 -3.4e+38 -3.4e+38 -3.4e+38 -3.4e+38 -3.4e+38 -3.4e+38 -3.4e+38 -3.4e+38 -3.4e+38 -3.4e+38 -3.4e+38 -3.4e+38 -3.4e+38 -3.4e+38 -3.4e+38 -3.4e+38 0.524724245071411 0.511896133422852 0.499968379735947 0.482292085886002 0.478644073009491 0.485349148511887 0.481859445571899 0.489061146974564 0.48765167593956 0.481845557689667 0.484159767627716 0.484855026006699 0.484914004802704 0.482108384370804 0.485939741134644
-3.4e+38 -3.4e+38 -3.4e+38 -3.4e+38 -3.4e+38 -3.4e+38 -3.4e+38 -3.4e+38 -3.4e+38 -3.4e+38 -3.4e+38 -3.4e+38 -3.4e+38 -3.4e+38 -3.4e+38 -3.4e+38 -3.4e+38 -3.4e+38 -3.4e+38 -3.4e+38 -3.4e+38 -3.4e+38 -3.4e+38 -3.4e+38 -3.4e+38 -3.4e+38 -3.4e+38 -3.4e+38 -3.4e+38 -3.4e+38 -3.4e+38 -3.4e+38 -3.4e+38 -3.4e+38 0.519843995571136 0.501972019672394 0.500699043273926 0.485101282596588 0.489074170589447 0.486905634403229 0.473273783922195 0.479522705078125 0.473392754793167 0.47299063205719 0.485076755285263 0.487166255712509 0.478483229875565 0.478344291448593 0.492457866668701
-3.4e+38 -3.4e+38 -3.4e+38 -3.4e+38 -3.4e+38 -3.4e+38 -3.4e+38 -3.4e+38 -3.4e+38 -3.4e+38 -3.4e+38 -3.4e+38 -3.4e+38 -3.4e+38 -3.4e+38 -3.4e+38 -3.4e+38 -3.4e+38 -3.4e+38 -3.4e+38 -3.4e+38 -3.4e+38 -3.4e+38 -3.4e+38 -3.4e+38 -3.4e+38 -3.4e+38 -3.4e+38 -3.4e+38 -3.4e+38 -3.4e+38 -3.4e+38 -3.4e+38 -3.4e+38 -3.4e+38 0.510476469993591 0.501197993755341 0.484634727239609 0.502186119556427 0.495851248502731 0.470830500125885 0.470732569694519 0.471992403268814 0.479864835739136 0.491209357976913 0.496577739715576 0.475367039442062 0.466126412153244 0.483612626791
-3.4e+38 -3.4e+38 -3.4e+38 -3.4e+38 -3.4e+38 -3.4e+38 -3.4e+38 -3.4e+38 -3.4e+38 -3.4e+38 -3.4e+38 -3.4e+38 -3.4e+38 -3.4e+38 -3.4e+38 -3.4e+38 -3.4e+38 -3.4e+38 -3.4e+38 -3.4e+38 -3.4e+38 -3.4e+38 -3.4e+38 -3.4e+38 -3.4e+38 -3.4e+38 -3.4e+38 -3.4e+38 -3.4e+38 -3.4e+38 -3.4e+38 -3.4e+38 -3.4e+38 -3.4e+38 -3.4e+38 -3.4e+38 0.481264263391495 0.465370178222656 0.495042055845261 0.493801474571228 0.474590688943863 0.472452968358994 0.481456965208054 0.490073412656784 0.485425144433975 0.476732701063156 0.464807957410812 0.463756799697876 0.470212578773499
-3.4e+38 -3.4e+38 -3.4e+38 -3.4e+38 -3.4e+38 -3.4e+38 -3.4e+38 -3.4e+38 -3.4e+38 -3.4e+38 -3.4e+38 -3.4e+38 -3.4e+38 -3.4e+38 -3.4e+38 -3.4e+38 -3.4e+38 -3.4e+38 -3.4e+38 -3.4e+38 -3.4e+38 -3.4e+38 -3.4e+38 -3.4e+38 -3.4e+38 -3.4e+38 -3.4e+38 -3.4e+38 -3.4e+38 -3.4e+38 -3.4e+38 -3.4e+38 -3.4e+38 -3.4e+38 -3.4e+38 -3.4e+38 -3.4e+38 0.460572957992554 0.487872004508972 0.487370878458023 0.484399795532227 0.482413738965988 0.479495704174042 0.478248029947281 0.460140019655228 0.436216354370117 0.436536252498627 0.45510345697403 0.464378982782364
-3.4e+38 -3.4e+38 -3.4e+38 -3.4e+38 -3.4e+38 -3.4e+38 -3.4e+38 -3.4e+38 -3.4e+38 -3.4e+38 -3.4e+38 -3.4e+38 -3.4e+38 -3.4e+38 -3.4e+38 -3.4e+38 -3.4e+38 -3.4e+38 -3.4e+38 -3.4e+38 -3.4e+38 -3.4e+38 -3.4e+38 -3.4e+38 -3.4e+38 -3.4e+38 -3.4e+38 -3.4e+38 -3.4e+38 -3.4e+38 -3.4e+38 -3.4e+38 -3.4e+38 -3.4e+38 -3.4e+38 -3.4e+38 -3.4e+38 -3.4e+38 0.475952357053757 0.478625655174255 0.489227652549744 0.485438346862793 0.464339941740036 0.446887582540512 0.445556640625 0.445891112089157 0.444668561220169 0.451042622327805 0.455571174621582
