data/1_raw/trimmed_ndre/W_ndre.715.2011_no_clouds.asc
NCOLS 130 
NROWS 71 
XLLCORNER 530645 
YLLCORNER 5158205 
CELLSIZE 5 
NODATA_value -3.4e+38 
[rows 21 to 41 of 71, columns 0 to 48 of 130]
0.459160357713699 0.461792528629303 0.481674939393997 0.508378148078918 0.490755558013916 0.458767414093018 0.435457020998001 0.398261040449142 0.352572947740555 0.330972790718079 0.292950600385666 0.29605907201767 0.343562424182892 0.350228011608124 0.356006920337677 0.358973860740662 0.352319151163101 0.336507111787796 0.343149900436401 0.352426499128342 0.350272089242935 0.359392195940018 0.395424008369446 0.403815120458603 0.371143370866776 0.349070996046066 0.310231804847717 0.311273157596588 0.338566839694977 0.33156418800354 0.340463072061539 0.364447444677353 0.384924978017807 0.389616727828979 0.376658380031586 0.346435517072678 0.320862770080566 0.318330049514771 0.339619785547256 0.369625926017761 0.37824872136116 0.389527171850204 0.408381581306458 0.435519069433212 0.433836072683334 0.445574283599854 0.48380172252655 0.528790950775146 0.548372268676758
0.465038686990738 0.458928674459457 0.471837639808655 0.501871347427368 0.509145557880402 0.48074135184288 0.449983835220337 0.415500700473785 0.366437256336212 0.314566791057587 0.326340645551682 0.328753858804703 0.356318473815918 0.372281014919281 0.376752614974976 0.389057695865631 0.377807885408401 0.35074570775032 0.350941598415375 0.361664861440659 0.380482792854309 0.393893927335739 0.386873990297318 0.383663088083267 0.37609189748764 0.361623495817184 0.338780075311661 0.325581312179565 0.330093443393707 0.333106338977814 0.342887401580811 0.350317120552063 0.38007715344429 0.405168384313583 0.422531068325043 0.407768219709396 0.371612370014191 0.340720146894455 0.346124172210693 0.357467174530029 0.348361432552338 0.377364575862885 0.395435214042664 0.392021775245667 0.38137686252594 0.381085842847824 0.403964281082153 0.454089939594269 0.492238283157349
-3.4e+38 0.469026684761047 0.482790499925613 0.482854545116425 0.489318519830704 0.479766756296158 0.447211354970932 0.416432946920395 0.388454169034958 0.348793983459473 0.33937680721283 0.361123293638229 0.396121591329575 0.421647369861603 0.408516705036163 0.403255820274353 0.393442988395691 0.385256320238113 0.381514728069305 0.369144171476364 0.378258258104324 0.383854061365128 0.359952092170715 0.355187475681305 0.35709810256958 0.349777907133102 0.35718047618866 0.34246227145195 0.34468001127243 0.339193105697632 0.324328392744064 0.329726755619049 0.352574080228806 0.387528538703918 0.416936367750168 0.419252902269363 0.392724722623825 0.354568213224411 0.338703364133835 0.349279373884201 0.371952533721924 0.383008658885956 0.390884220600128 0.366733819246292 0.352241605520248 0.377229660749435 0.394694000482559 0.40019154548645 0.431747436523438
-3.4e+38 -3.4e+38 0.48263418674469 0.470264613628387 0.472998768091202 0.461435377597809 0.443614035844803 0.434849709272385 0.409849405288696 0.390798181295395 0.383031904697418 0.410908728837967 0.431533217430115 0.442935138940811 0.430998265743256 0.41552945971489 0.387734889984131 0.393261313438416 0.395487487316132 0.378117948770523 0.376568019390106 0.388640880584717 0.38441202044487 0.370497792959213 0.342776954174042 0.339144766330719 0.354763865470886 0.350268572568893 0.343489497900009 0.329828411340714 0.32534259557724 0.345584988594055 0.348100066184998 0.356654316186905 0.386994361877441 0.406520009040833 0.402107983827591 0.374238014221191 0.354415535926819 0.327890753746033 0.35168793797493 0.392195701599121 0.406747341156006 0.416803866624832 0.388391643762589 0.388223439455032 0.414569795131683 0.420885533094406 0.436257153749466
-3.4e+38 -3.4e+38 -3.4e+38 0.466480523347855 0.465404629707336 0.456617504358292 0.438096255064011 0.424033105373383 0.408724427223206 0.421105951070786 0.425011783838272 0.415574133396149 0.399450063705444 0.387009263038635 0.394231230020523 0.39876264333725 0.378658920526505 0.403098523616791 0.426440387964249 0.407961905002594 0.386987447738647 0.390397101640701 0.398104220628738 0.380320310592651 0.349184691905975 0.344905883073807 0.356192946434021 0.348619729280472 0.33956390619278 0.32081213593483 0.333990156650543 0.355924159288406 0.356282323598862 0.353654861450195 0.363156348466873 0.380889683961868 0.379252195358276 0.371141910552979 0.363937467336655 0.336158931255341 0.352478265762329 0.390440791845322 0.40103954076767 0.402681916952133 0.381609350442886 0.369043320417404 0.395836800336838 0.442944020032883 0.449072688817978
-3.4e+38 -3.4e+38 -3.4e+38 0.464315384626389 0.46248659491539 0.458866089582443 0.441895216703415 0.428108185529709 0.420643180608749 0.413279682397842 0.397445023059845 0.396147072315216 0.387441366910934 0.388720452785492 0.391332358121872 0.388940989971161 0.389871090650558 0.41251876950264 0.425486505031586 0.403610050678253 0.372956544160843 0.358410477638245 0.341130048036575 0.327397882938385 0.317679643630981 0.315993815660477 0.32249328494072 0.321706354618073 0.335413992404938 0.332330197095871 0.326851218938828 0.321130126714706 0.311992675065994 0.325850158929825 0.341585636138916 0.351923078298569 0.338562965393066 0.322278410196304 0.322616696357727 0.336962729692459 0.362564325332642 0.379577040672302 0.397437065839767 0.406511962413788 0.391873598098755 0.38340750336647 0.389552503824234 0.417608678340912 0.425068587064743
-3.4e+38 -3.4e+38 -3.4e+38 0.462870180606842 0.479179799556732 0.483759611845016 0.460438579320908 0.449243038892746 0.436879754066467 0.418732881546021 0.391820430755615 0.391795933246613 0.411792576313019 0.425677388906479 0.395748198032379 0.376094728708267 0.378421396017075 0.391149759292603 0.403313368558884 0.405318558216095 0.375198900699615 0.33354789018631 0.30943500995636 0.31150695681572 0.312927037477493 0.310223162174225 0.306736916303635 0.307711720466614 0.331175833940506 0.351042628288269 0.360225081443787 0.352923274040222 0.342540591955185 0.351624041795731 0.364341109991074 0.359881073236465 0.331190437078476 0.303592830896378 0.313069254159927 0.326918452978134 0.354818314313889 0.376055657863617 0.40466433763504 0.422509610652924 0.41267141699791 0.400984853506088 0.420421361923218 0.430804818868637 0.416528582572937
-3.4e+38 -3.4e+38 -3.4e+38 -3.4e+38 0.476781696081161 0.482947796583176 0.451791286468506 0.448373168706894 0.445165753364563 0.424626499414444 0.396322071552277 0.392384558916092 0.415067672729492 0.407677561044693 0.366184026002884 0.368055194616318 0.386709064245224 0.387502878904343 0.379142969846725 0.382467329502106 0.35645917057991 0.309487611055374 0.302150070667267 0.323077768087387 0.32381409406662 0.306944698095322 0.303796112537384 0.335227400064468 0.369637310504913 0.393538266420364 0.432524502277374 0.443471640348434 0.440826296806335 0.445729941129684 0.439599245786667 0.409221023321152 0.366856396198273 0.335787683725357 0.369192451238632 0.351065695285797 0.316226124763489 0.354277223348618 0.401736229658127 0.432094126939774 0.437932282686234 0.416633605957031 0.410771548748016 0.412454396486282 0.41026583313942
-3.4e+38 -3.4e+38 -3.4e+38 -3.4e+38 -3.4e+38 0.441402554512024 0.404636442661285 0.409656554460526 0.433985114097595 0.419925957918167 0.402173966169357 0.398564904928207 0.397942870855331 0.380716174840927 0.35993504524231 0.378857731819153 0.3841293156147 0.381924659013748 0.352904409170151 0.344620168209076 0.327191591262817 0.294617235660553 0.298025131225586 0.311914443969727 0.314631193876266 0.326688468456268 0.34942215681076 0.371527493000031 0.393783420324326 0.42195451259613 0.462675422430038 0.462152689695358 0.481323301792145 0.518080532550812 0.513290345668793 0.479338467121124 0.42644938826561 0.376060456037521 0.358692407608032 0.338073551654816 0.340351194143295 0.395846754312515 0.435192823410034 0.434094369411469 0.43347641825676 0.436526864767075 0.42981630563736 0.410185545682907 0.425203055143356
-3.4e+38 -3.4e+38 -3.4e+38 -3.4e+38 -3.4e+38 -3.4e+38 -3.4e+38 -3.4e+38 0.4036785364151 0.412154346704483 0.426481544971466 0.415796905755997 0.388541132211685 0.390687167644501 0.388624995946884 0.380688607692719 0.36016321182251 0.346659243106842 0.317481905221939 0.301284492015839 0.302715420722961 0.306604713201523 0.317024201154709 0.321774423122406 0.319313019514084 0.344715029001236 0.371731847524643 0.370036780834198 0.3982794880867 0.421473473310471 0.441587686538696 0.445921957492828 0.477492809295654 0.522635877132416 0.531650602817535 0.524484813213348 0.461236923933029 0.411949932575226 0.392591595649719 0.391830593347549 0.436012387275696 0.457162499427795 0.453256726264954 0.441800892353058 0.44710636138916 0.480601459741592 0.492729812860489 0.456530004739761 0.450950920581818
-3.4e+38 -3.4e+38 -3.4e+38 -3.4e+38 -3.4e+38 -3.4e+38 -3.4e+38 -3.4e+38 -3.4e+38 -3.4e+38 0.389335423707962 0.37372824549675 0.363563358783722 0.399607330560684 0.372917473316193 0.351556658744812 0.351497530937195 0.35094541311264 0.3318692445755 0.316884547472 0.319140702486038 0.336757361888885 0.34801921248436 0.34626105427742 0.339129209518433 0.350527614355087 0.363175839185715 0.378306120634079 0.40493232011795 0.403620272874832 0.417811542749405 0.454121589660645 0.46355214715004 0.484025925397873 0.512568056583405 0.512176215648651 0.471861958503723 0.450133502483368 0.460297554731369 0.472118109464645 0.530226528644562 0.534268796443939 0.506230771541595 0.508436322212219 0.517248272895813 0.514393746852875 0.493475675582886 0.473318576812744 0.477077037096024
-3.4e+38 -3.4e+38 -3.4e+38 -3.4e+38 -3.4e+38 -3.4e+38 -3.4e+38 -3.4e+38 -3.4e+38 -3.4e+38 -3.4e+38 0.338308393955231 0.343911707401276 0.379569619894028 0.354273408651352 0.319376856088638 0.320664048194885 0.353807538747787 0.361571490764618 0.347945243120193 0.339928328990936 0.336862623691559 0.338169246912003 0.355661511421204 0.370731055736542 0.384262412786484 0.380399942398071 0.387033581733704 0.410795927047729 0.41624191403389 0.436976581811905 0.471679896116257 0.479384034872055 0.504344820976257 0.524272561073303 0.515481352806091 0.509724378585815 0.485725581645966 0.482313543558121 0.512093484401703 0.536866307258606 0.554778575897217 0.549837648868561 0.530564367771149 0.513244330883026 0.506612837314606 0.491422116756439 0.49153944849968 0.50897341966629
-3.4e+38 -3.4e+38 -3.4e+38 -3.4e+38 -3.4e+38 -3.4e+38 -3.4e+38 -3.4e+38 -3.4e+38 -3.4e+38 -3.4e+38 -3.4e+38 -3.4e+38 -3.4e+38 -3.4e+38 -3.4e+38 -3.4e+38 -3.4e+38 -3.4e+38 -3.4e+38 -3.4e+38 -3.4e+38 -3.4e+38 -3.4e+38 -3.4e+38 -3.4e+38 -3.4e+38 -3.4e+38 -3.4e+38 -3.4e+38 -3.4e+38 0.467532366514206 0.496498107910156 0.528019368648529 0.531911373138428 0.50879955291748 0.511202454566956 0.519668221473694 0.514116704463959 0.498775690793991 0.492959678173065 0.525911509990692 0.547689974308014 0.530649125576019 0.50393944978714 0.514330625534058 0.490328699350357 0.485570639371872 0.506547808647156
-3.4e+38 -3.4e+38 -3.4e+38 -3.4e+38 -3.4e+38 -3.4e+38 -3.4e+38 -3.4e+38 -3.4e+38 -3.4e+38 -3.4e+38 -3.4e+38 -3.4e+38 -3.4e+38 -3.4e+38 -3.4e+38 -3.4e+38 -3.4e+38 -3.4e+38 -3.4e+38 -3.4e+38 -3.4e+38 -3.4e+38 -3.4e+38 -3.4e+38 -3.4e+38 -3.4e+38 -3.4e+38 -3.4e+38 -3.4e+38 -3.4e+38 -3.4e+38 -3.4e+38 0.504107475280762 0.501059234142303 0.474114030599594 0.464091598987579 0.46844744682312 0.459608972072601 0.449439525604248 0.448652416467667 0.475507020950317 0.484722524881363 0.486786305904388 0.472763061523438 0.471094489097595 0.450822174549103 0.444627970457077 0.466050297021866
-3.4e+38 -3.4e+38 -3.4e+38 -3.4e+38 -3.4e+38 -3.4e+38 -3.4e+38 -3.4e+38 -3.4e+38 -3.4e+38 -3.4e+38 -3.4e+38 -3.4e+38 -3.4e+38 -3.4e+38 -3.4e+38 -3.4e+38 -3.4e+38 -3.4e+38 -3.4e+38 -3.4e+38 -3.4e+38 -3.4e+38 -3.4e+38 -3.4e+38 -3.4e+38 -3.4e+38 -3.4e+38 -3.4e+38 -3.4e+38 -3.4e+38 -3.4e+38 -3.4e+38 -3.4e+38 0.474451839923859 0.454879134893417 0.426555693149567 0.410152316093445 0.39850264787674 0.395762413740158 0.407406866550446 0.417144626379013 0.422402262687683 0.434625297784805 0.407242208719254 0.384589582681656 0.406042098999023 0.42032590508461 0.432336121797562
-3.4e+38 -3.4e+38 -3.4e+38 -3.4e+38 -3.4e+38 -3.4e+38 -3.4e+38 -3.4e+38 -3.4e+38 -3.4e+38 -3.4e+38 -3.4e+38 -3.4e+38 -3.4e+38 -3.4e+38 -3.4e+38 -3.4e+38 -3.4e+38 -3.4e+38 -3.4e+38 -3.4e+38 -3.4e+38 -3.4e+38 -3.4e+38 -3.4e+38 -3.4e+38 -3.4e+38 -3.4e+38 -3.4e+38 -3.4e+38 -3.4e+38 -3.4e+38 -3.4e+38 -3.4e+38 0.488305419683456 0.4806127846241 0.41916036605835 0.413690030574799 0.405917853116989 0.371018439531326 0.36676824092865 0.375933796167374 0.389013648033142 0.396108210086823 0.370823889970779 0.359277009963989 0.393833816051483 0.409665018320084 0.41760641336441
-3.4e+38 -3.4e+38 -3.4e+38 -3.4e+38 -3.4e+38 -3.4e+38 -3.4e+38 -3.4e+38 -3.4e+38 -3.4e+38 -3.4e+38 -3.4e+38 -3.4e+38 -3.4e+38 -3.4e+38 -3.4e+38 -3.4e+38 -3.4e+38 -3.4e+38 -3.4e+38 -3.4e+38 -3.4e+38 -3.4e+38 -3.4e+38 -3.4e+38 -3.4e+38 -3.4e+38 -3.4e+38 -3.4e+38 -3.4e+38 -3.4e+38 -3.4e+38 -3.4e+38 -3.4e+38 0.490882843732834 0.478358328342438 0.413759410381317 0.401726186275482 0.389219105243683 0.350773572921753 0.340393453836441 0.361510306596756 0.365168213844299 0.358909964561462 0.365655720233917 0.350273817777634 0.348849803209305 0.36756631731987 0.403450012207031
-3.4e+38 -3.4e+38 -3.4e+38 -3.4e+38 -3.4e+38 -3.4e+38 -3.4e+38 -3.4e+38 -3.4e+38 -3.4e+38 -3.4e+38 -3.4e+38 -3.4e+38 -3.4e+38 -3.4e+38 -3.4e+38 -3.4e+38 -3.4e+38 -3.4e+38 -3.4e+38 -3.4e+38 -3.4e+38 -3.4e+38 -3.4e+38 -3.4e+38 -3.4e+38 -3.4e+38 -3.4e+38 -3.4e+38 -3.4e+38 -3.4e+38 -3.4e+38 -3.4e+38 -3.4e+38 -3.4e+38 0.47078412771225 0.424714744091034 0.387463361024857 0.384948909282684 0.35453936457634 0.326167225837708 0.345672816038132 0.352247595787048 0.36241489648819 0.380804747343063 0.347978949546814 0.318503797054291 0.342838168144226 0.386246591806412
-3.4e+38 -3.4e+38 -3.4e+38 -3.4e+38 -3.4e+38 -3.4e+38 -3.4e+38 -3.4e+38 -3.4e+38 -3.4e+38 -3.4e+38 -3.4e+38 -3.4e+38 -3.4e+38 -3.4e+38 -3.4e+38 -3.4e+38 -3.4e+38 -3.4e+38 -3.4e+38 -3.4e+38 -3.4e+38 -3.4e+38 -3.4e+38 -3.4e+38 -3.4e+38 -3.4e+38 -3.4e+38 -3.4e+38 -3.4e+38 -3.4e+38 -3.4e+38 -3.4e+38 -3.4e+38 -3.4e+38 -3.4e+38 0.452588617801666 0.405482739210129 0.397591441869736 0.380401939153671 0.344230622053146 0.344360023736954 0.344751298427582 0.34312179684639 0.363883405923843 0.35898894071579 0.32705220580101 0.337436497211456 0.361590057611465
-3.4e+38 -3.4e+38 -3.4e+38 -3.4e+38 -3.4e+38 -3.4e+38 -3.4e+38 -3.4e+38 -3.4e+38 -3.4e+38 -3.4e+38 -3.4e+38 -3.4e+38 -3.4e+38 -3.4e+38 -3.4e+38 -3.4e+38 -3.4e+38 -3.4e+38 -3.4e+38 -3.4e+38 -3.4e+38 -3.4e+38 -3.4e+38 -3.4e+38 -3.4e+38 -3.4e+38 -3.4e+38 -3.4e+38 -3.4e+38 -3.4e+38 -3.4e+38 -3.4e+38 -3.4e+38 -3.4e+38 -3.4e+38 -3.4e+38 0.417739510536194 0.370128750801086 0.375222504138947 0.368983417749405 0.353578865528107 0.351448118686676 0.326222598552704 0.327106058597565 0.336377143859863 0.326655447483063 0.330041706562042 0.333227813243866
-3.4e+38 -3.4e+38 -3.4e+38 -3.4e+38 -3.4e+38 -3.4e+38 -3.4e+38 -3.4e+38 -3.4e+38 -3.4e+38 -3.4e+38 -3.4e+38 -3.4e+38 -3.4e+38 -3.4e+38 -3.4e+38 -3.4e+38 -3.4e+38 -3.4e+38 -3.4e+38 -3.4e+38 -3.4e+38 -3.4e+38 -3.4e+38 -3.4e+38 -3.4e+38 -3.4e+38 -3.4e+38 -3.4e+38 -3.4e+38 -3.4e+38 -3.4e+38 -3.4e+38 -3.4e+38 -3.4e+38 -3.4e+38 -3.4e+38 -3.4e+38 0.404190599918365 0.387258917093277 0.366397321224213 0.347567230463028 0.349224537611008 0.351334273815155 0.339890450239182 0.348045229911804 0.355384469032288 0.345168888568878 0.339928925037384
