data/1_raw/trimmed_ndre/W_ndre.725.2012_no_clouds.asc
NCOLS 130 
NROWS 71 
XLLCORNER 530645 
YLLCORNER 5158205 
CELLSIZE 5 
NODATA_value -3.4e+38 
[rows 0 to 20 of 71, columns 0 to 48 of 130]
-339999999999999996123846586046231871488.000000000000000 -3.4e+38 -3.4e+38 -3.4e+38 -3.4e+38 -3.4e+38 -3.4e+38 -3.4e+38 -3.4e+38 -3.4e+38 -3.4e+38 0.465623408555984 0.462416529655457 0.449472516775131 0.417119711637497 0.409119784832001 0.436705440282822 -3.4e+38 -3.4e+38 -3.4e+38 -3.4e+38 -3.4e+38 -3.4e+38 -3.4e+38 -3.4e+38 -3.4e+38 -3.4e+38 -3.4e+38 -3.4e+38 -3.4e+38 -3.4e+38 -3.4e+38 -3.4e+38 -3.4e+38 -3.4e+38 -3.4e+38 -3.4e+38 -3.4e+38 -3.4e+38 -3.4e+38 -3.4e+38 -3.4e+38 -3.4e+38 -3.4e+38 -3.4e+38 -3.4e+38 -3.4e+38 -3.4e+38 -3.4e+38
-3.4e+38 -3.4e+38 -3.4e+38 -3.4e+38 -3.4e+38 -3.4e+38 -3.4e+38 -3.4e+38 -3.4e+38 -3.4e+38 0.456357449293137 0.464853227138519 0.473301857709885 0.46838915348053 0.437337338924408 0.410489439964294 0.42143589258194 0.43444499373436 -3.4e+38 -3.4e+38 -3.4e+38 -3.4e+38 -3.4e+38 -3.4e+38 -3.4e+38 -3.4e+38 -3.4e+38 -3.4e+38 -3.4e+38 -3.4e+38 -3.4e+38 -3.4e+38 -3.4e+38 -3.4e+38 -3.4e+38 -3.4e+38 -3.4e+38 -3.4e+38 -3.4e+38 -3.4e+38 -3.4e+38 -3.4e+38 -3.4e+38 -3.4e+38 -3.4e+38 -3.4e+38 -3.4e+38 -3.4e+38 -3.4e+38
-3.4e+38 -3.4e+38 -3.4e+38 -3.4e+38 -3.4e+38 -3.4e+38 -3.4e+38 -3.4e+38 0.460115998983383 0.468589693307877 0.456596463918686 0.461217224597931 0.474017888307571 0.474430978298187 0.442156732082367 0.402731478214264 0.396934568881989 0.407819837331772 0.420005142688751 -3.4e+38 -3.4e+38 -3.4e+38 -3.4e+38 -3.4e+38 -3.4e+38 -3.4e+38 -3.4e+38 -3.4e+38 -3.4e+38 -3.4e+38 -3.4e+38 -3.4e+38 -3.4e+38 -3.4e+38 -3.4e+38 -3.4e+38 -3.4e+38 -3.4e+38 -3.4e+38 -3.4e+38 -3.4e+38 -3.4e+38 -3.4e+38 -3.4e+38 -3.4e+38 -3.4e+38 -3.4e+38 -3.4e+38 -3.4e+38
-3.4e+38 -3.4e+38 -3.4e+38 -3.4e+38 -3.4e+38 -3.4e+38 -3.4e+38 -3.4e+38 -3.4e+38 0.460124433040619 0.451718091964722 0.448475420475006 0.467845052480698 0.470066577196121 0.43051278591156 0.39767000079155 0.382812023162842 0.388195157051086 0.40195831656456 0.414077192544937 0.415264159440994 -3.4e+38 -3.4e+38 -3.4e+38 -3.4e+38 -3.4e+38 -3.4e+38 -3.4e+38 -3.4e+38 -3.4e+38 -3.4e+38 -3.4e+38 0.476095944643021 0.481004536151886 -3.4e+38 -3.4e+38 -3.4e+38 -3.4e+38 -3.4e+38 -3.4e+38 -3.4e+38 -3.4e+38 -3.4e+38 -3.4e+38 -3.4e+38 -3.4e+38 -3.4e+38 -3.4e+38 -3.4e+38
-3.4e+38 -3.4e+38 -3.4e+38 -3.4e+38 -3.4e+38 -3.4e+38 -3.4e+38 -3.4e+38 -3.4e+38 0.44279932975769 0.441072911024094 0.448613554239273 0.461820304393768 0.457680970430374 0.425313472747803 0.40040710568428 0.381837576627731 0.376775920391083 0.392297178506851 0.424131065607071 0.43847531080246 0.432324796915054 0.436901390552521 0.442810237407684 0.448964178562164 0.457158416509628 0.47541931271553 0.479129672050476 -3.4e+38 -3.4e+38 -3.4e+38 0.477554321289062 0.480538040399551 0.479045510292053 0.494799494743347 0.505395114421844 0.497992873191833 -3.4e+38 -3.4e+38 -3.4e+38 -3.4e+38 -3.4e+38 -3.4e+38 -3.4e+38 -3.4e+38 -3.4e+38 -3.4e+38 -3.4e+38 -3.4e+38
-3.4e+38 -3.4e+38 -3.4e+38 -3.4e+38 -3.4e+38 -3.4e+38 -3.4e+38 -3.4e+38 -3.4e+38 0.466118961572647 0.463598936796188 0.468023478984833 0.444037944078445 0.442432135343552 0.436616182327271 0.413274049758911 0.400524616241455 0.390107274055481 0.396786361932755 0.430972158908844 0.447491079568863 0.443875521421432 0.443193286657333 0.438176095485687 0.445752292871475 0.462236493825912 0.475886613130569 0.480133473873138 0.464008450508118 0.451269298791885 0.45790821313858 0.476221024990082 0.481065511703491 0.480079144239426 0.497735589742661 0.509438812732697 0.499867737293243 0.500124037265778 0.48985567688942 0.482662260532379 -3.4e+38 -3.4e+38 -3.4e+38 -3.4e+38 -3.4e+38 -3.4e+38 -3.4e+38 -3.4e+38 -3.4e+38
-3.4e+38 -3.4e+38 -3.4e+38 -3.4e+38 -3.4e+38 -3.4e+38 -3.4e+38 -3.4e+38 -3.4e+38 0.493058532476425 0.474968105554581 0.461439341306686 0.443345457315445 0.444102019071579 0.445350855588913 0.426916927099228 0.420065343379974 0.399539887905121 0.398900508880615 0.442129254341125 0.457384616136551 0.447136491537094 0.448488503694534 0.456069946289062 0.459929198026657 0.463793396949768 0.466698259115219 0.4644455909729 0.458357512950897 0.454205274581909 0.455820888280869 0.465172827243805 0.469244480133057 0.466880232095718 0.469945937395096 0.476660162210464 0.482029050588608 0.484354734420776 0.475526362657547 0.477742850780487 0.487272024154663 0.477679759263992 -3.4e+38 -3.4e+38 -3.4e+38 -3.4e+38 -3.4e+38 -3.4e+38 -3.4e+38
-3.4e+38 -3.4e+38 -3.4e+38 -3.4e+38 -3.4e+38 -3.4e+38 -3.4e+38 -3.4e+38 -3.4e+38 0.484590530395508 0.457479000091553 0.437630027532578 0.433233559131622 0.432381600141525 0.438288658857346 0.437591195106506 0.432280093431473 0.428873121738434 0.428895771503448 0.444545418024063 0.443225175142288 0.435379713773727 0.448441445827484 0.468749403953552 0.469302654266357 0.469231426715851 0.46590468287468 0.448545813560486 0.445259362459183 0.457158207893372 0.461015969514847 0.458753943443298 0.460444271564484 0.460857808589935 0.458648592233658 0.463694244623184 0.465921759605408 0.463770478963852 0.458883285522461 0.460795015096664 0.470676451921463 0.474465489387512 0.4699447453022 -3.4e+38 -3.4e+38 -3.4e+38 -3.4e+38 -3.4e+38 -3.4e+38
-3.4e+38 -3.4e+38 -3.4e+38 -3.4e+38 -3.4e+38 -3.4e+38 -3.4e+38 -3.4e+38 0.494699120521545 0.481229782104492 0.469220191240311 0.451660692691803 0.437355399131775 0.423972278833389 0.42645063996315 0.439822643995285 0.441837638616562 0.438442230224609 0.438268601894379 0.441563189029694 0.441740989685059 0.441534101963043 0.459736913442612 0.476212203502655 0.471518993377686 0.480726361274719 0.481115341186523 0.465925693511963 0.434011489152908 0.440451472997665 0.466915100812912 0.459011077880859 0.451325625181198 0.454528748989105 0.46502497792244 0.478242695331573 0.477350383996964 0.46917787194252 0.470588356256485 0.464999109506607 0.465089410543442 0.473682522773743 0.484649449586868 0.486564725637436 0.479982167482376 0.479041278362274 0.477592825889587 -3.4e+38 -3.4e+38
-3.4e+38 -3.4e+38 -3.4e+38 -3.4e+38 -3.4e+38 -3.4e+38 -3.4e+38 0.466760784387589 0.470629394054413 0.476113349199295 0.48140674829483 0.474472194910049 0.454769670963287 0.436540961265564 0.438536494970322 0.453610360622406 0.457476079463959 0.449166923761368 0.443970888853073 0.446167141199112 0.452382057905197 0.456943482160568 0.473834067583084 0.479190468788147 0.469752103090286 0.481572806835175 0.493857264518738 0.484813451766968 0.458595752716064 0.455001622438431 0.468182355165482 0.463463544845581 0.460162997245789 0.45217689871788 0.455818861722946 0.46916276216507 0.476013004779816 0.478153735399246 0.480830907821655 0.478730142116547 0.469958394765854 0.473737061023712 0.489488631486893 0.491344600915909 0.478560507297516 0.463889271020889 0.46171897649765 0.469341546297073 -3.4e+38
-3.4e+38 -3.4e+38 -3.4e+38 -3.4e+38 -3.4e+38 -3.4e+38 0.470570594072342 0.462267875671387 0.47654116153717 0.480470895767212 0.469306290149689 0.473264217376709 0.453216999769211 0.43478137254715 0.4427110850811 0.455940246582031 0.465929478406906 0.467182904481888 0.466660559177399 0.460872888565063 0.462799936532974 0.470597714185715 0.482034146785736 0.477522283792496 0.468293905258179 0.477949112653732 0.488410145044327 0.495213627815247 0.48763644695282 0.479008823633194 0.473822236061096 0.472120344638824 0.473202675580978 0.466722249984741 0.46577525138855 0.474354714155197 0.477063179016113 0.472184866666794 0.47289514541626 0.476957023143768 0.467835485935211 0.472562283277512 0.486237585544586 0.473664909601212 0.468437522649765 0.460543870925903 0.456534266471863 0.467227965593338 0.461579442024231
-3.4e+38 -3.4e+38 -3.4e+38 -3.4e+38 -3.4e+38 0.483641058206558 0.475033342838287 0.47990357875824 0.488254934549332 0.482216209173203 0.460085332393646 0.466037452220917 0.460777223110199 0.459751546382904 0.467939615249634 0.468680530786514 0.463578522205353 0.467719703912735 0.472966343164444 0.463678508996964 0.465831577777863 0.47943702340126 0.488607466220856 0.485547989606857 0.473331689834595 0.472239285707474 0.477795600891113 0.499545186758041 0.500348925590515 0.489045679569244 0.498225599527359 0.49885505437851 0.488263368606567 0.481028407812119 0.486883074045181 0.50049090385437 0.496404767036438 0.474847227334976 0.462779730558395 0.467817723751068 0.464790403842926 0.471006125211716 0.474760442972183 0.46086785197258 0.473298013210297 0.483288913965225 0.474210411310196 0.463029652833939 0.451434135437012
-3.4e+38 -3.4e+38 -3.4e+38 -3.4e+38 -3.4e+38 0.505767405033112 0.485199719667435 0.471139878034592 0.479245513677597 0.473231315612793 0.45209664106369 0.445991069078445 0.466911822557449 0.478252530097961 0.486875802278519 0.485904157161713 0.463727980852127 0.45588430762291 0.456235200166702 0.444807887077332 0.448958098888397 0.467315912246704 0.487097531557083 0.496185272932053 0.482360780239105 0.468197882175446 0.477890193462372 0.506792366504669 0.500057578086853 0.47755041718483 0.495237469673157 0.499953806400299 0.48676261305809 0.479636043310165 0.481941103935242 0.492356956005096 0.488641947507858 0.471478193998337 0.45566201210022 0.455750674009323 0.467958837747574 0.472719043493271 0.468067765235901 0.462158918380737 0.469113558530807 0.476002991199493 0.479334086179733 0.472735226154327 0.46761491894722
-3.4e+38 -3.4e+38 -3.4e+38 -3.4e+38 0.503201067447662 0.516937077045441 0.495114415884018 0.472688108682632 0.487377882003784 0.482318013906479 0.463824927806854 0.458064943552017 0.471958369016647 0.471542000770569 0.483027398586273 0.481781274080276 0.443421542644501 0.435328394174576 0.429423183202744 0.417558819055557 0.420833677053452 0.447147786617279 0.483808487653732 0.502336502075195 0.494034051895142 0.466810137033463 0.468947857618332 0.505700290203094 0.495984196662903 0.460681408643723 0.459531158208847 0.460113674402237 0.459300637245178 0.458473205566406 0.465656578540802 0.470958590507507 0.470137298107147 0.464343100786209 0.450568526983261 0.454904198646545 0.468657553195953 0.463642567396164 0.464615166187286 0.46216756105423 0.461843132972717 0.462089717388153 0.480433911085129 0.487239211797714 0.473150253295898
-3.4e+38 -3.4e+38 -3.4e+38 -3.4e+38 0.470467895269394 0.491703242063522 0.507091164588928 0.496175438165665 0.481252253055573 0.480284422636032 0.471639394760132 0.459119617938995 0.464434623718262 0.458547592163086 0.483639985322952 0.489880174398422 0.450016349554062 0.446830809116364 0.446796655654907 0.438679486513138 0.440607249736786 0.45491823554039 0.489114701747894 0.509505450725555 0.500252783298492 0.469894826412201 0.466947495937347 0.49851056933403 0.500282347202301 0.46857762336731 0.442416965961456 0.441098988056183 0.445683598518372 0.451963126659393 0.457137584686279 0.462578743696213 0.465613901615143 0.464641839265823 0.456387639045715 0.46159839630127 0.460003793239594 0.451757580041885 0.46353617310524 0.465628772974014 0.454706609249115 0.451759576797485 0.476651638746262 0.485604912042618 0.46678027510643
-3.4e+38 -3.4e+38 -3.4e+38 -3.4e+38 0.465012967586517 0.484279870986938 0.513079047203064 0.504063069820404 0.470641106367111 0.458615064620972 0.461682885885239 0.440737187862396 0.449450463056564 0.473451375961304 0.479192703962326 0.483365267515182 0.465420126914978 0.459555417299271 0.472019493579865 0.489493429660797 0.486540168523788 0.485667169094086 0.499269068241119 0.506255090236664 0.493954300880432 0.467756330966949 0.471083670854568 0.499603658914566 0.508752822875977 0.494009226560593 0.468300193548203 0.460028350353241 0.460611194372177 0.461032301187515 0.462768316268921 0.464908272027969 0.467419415712357 0.469038486480713 0.465043038129807 0.465655922889709 0.45052844285965 0.444259315729141 0.463772743940353 0.474314093589783 0.465250432491302 0.460433542728424 0.479768484830856 0.485408872365952 0.4696124792099
-3.4e+38 -3.4e+38 -3.4e+38 0.49932649731636 0.49299031496048 0.501304686069489 0.520952165126801 0.505755841732025 0.475254595279694 0.445474237203598 0.431764304637909 0.400746285915375 0.433926463127136 0.487610578536987 0.475422948598862 0.477933794260025 0.473205357789993 0.463540315628052 0.468792319297791 0.495591759681702 0.506298959255219 0.499336779117584 0.503745496273041 0.492969959974289 0.473437339067459 0.460547745227814 0.476840376853943 0.506996333599091 0.51746940612793 0.521361291408539 0.50706422328949 0.491091161966324 0.484369903802872 0.47517454624176 0.469385385513306 0.471020817756653 0.47216409444809 0.473729372024536 0.474158316850662 0.47590047121048 0.459705919027328 0.451303750276566 0.469886749982834 0.483885377645493 0.478660106658936 0.478498727083206 0.492091864347458 0.486940026283264 0.475697696208954
-3.4e+38 -3.4e+38 0.48700225353241 0.492793470621109 0.503913223743439 0.509254574775696 0.515918254852295 0.50682532787323 0.487458050251007 0.439630061388016 0.387457817792892 0.346159070730209 0.387998849153519 0.450784087181091 0.466635912656784 0.476864814758301 0.480732917785645 0.475931644439697 0.475102841854095 0.491655290126801 0.510566234588623 0.514634907245636 0.515790820121765 0.48617485165596 0.460246443748474 0.460997879505157 0.479391306638718 0.495981156826019 0.505206763744354 0.514959514141083 0.513700067996979 0.513379335403442 0.514916300773621 0.511520326137543 0.496663063764572 0.485663771629333 0.48720970749855 0.485557228326797 0.483049690723419 0.48445588350296 0.480736643075943 0.469513565301895 0.472205817699432 0.480111569166183 0.474136710166931 0.482598483562469 0.491891205310822 0.48397371172905 0.487899303436279
-3.4e+38 0.4894018471241 0.483575731515884 0.493867486715317 0.513655662536621 0.503497838973999 0.500532388687134 0.502317309379578 0.484608560800552 0.421926975250244 0.344301640987396 0.326248168945312 0.375984072685242 0.439265996217728 0.467909872531891 0.475390732288361 0.480765849351883 0.477466702461243 0.477155327796936 0.486700177192688 0.502968609333038 0.519225478172302 0.516898512840271 0.491823583841324 0.476427733898163 0.484046936035156 0.489822149276733 0.479627102613449 0.479536116123199 0.501775324344635 0.511579275131226 0.522805690765381 0.532197773456573 0.532880544662476 0.519343316555023 0.505442440509796 0.505999267101288 0.501352608203888 0.486281514167786 0.489316344261169 0.497250109910965 0.4773108959198 0.470091104507446 0.47004771232605 0.466299027204514 0.473724752664566 0.482223570346832 0.484450161457062 0.492717891931534
-3.4e+38 0.499966859817505 0.496888071298599 0.499180912971497 0.508964717388153 0.498338580131531 0.496751040220261 0.497601747512817 0.470851927995682 0.407569795846939 0.352762281894684 0.382601380348206 0.431657075881958 0.460181713104248 0.477623283863068 0.482295572757721 0.489543318748474 0.488499611616135 0.483491033315659 0.49028092622757 0.499833196401596 0.514772713184357 0.514483213424683 0.501716673374176 0.493279218673706 0.501591682434082 0.508876740932465 0.494123786687851 0.488973379135132 0.503651261329651 0.506112635135651 0.507347702980042 0.516364097595215 0.531095683574677 0.528410911560059 0.519246399402618 0.515896201133728 0.514257848262787 0.50238561630249 0.504843354225159 0.506839156150818 0.476817965507507 0.467936873435974 0.465981662273407 0.464660614728928 0.468087762594223 0.472832143306732 0.482743114233017 0.490484327077866
0.489512026309967 0.504545450210571 0.500103771686554 0.493782073259354 0.498216956853867 0.500699043273926 0.495788663625717 0.487022340297699 0.462461620569229 0.422873914241791 0.408745944499969 0.450049072504044 0.484636962413788 0.482317805290222 0.483080387115479 0.488981366157532 0.502566158771515 0.507629036903381 0.501682877540588 0.498306214809418 0.504308700561523 0.511407971382141 0.511504590511322 0.501967549324036 0.493749499320984 0.500608623027802 0.511632084846497 0.512997627258301 0.493217885494232 0.487672060728073 0.50011944770813 0.503766775131226 0.509842932224274 0.522831082344055 0.52607536315918 0.524315059185028 0.520596444606781 0.521263599395752 0.525981426239014 0.525469422340393 0.518731713294983 0.497280359268188 0.491337567567825 0.475460380315781 0.458869516849518 0.456136345863342 0.464103609323502 0.478806704282761 0.490881472826004
