data/1_raw/trimmed_ndre/W_ndre.515.2010_no_clouds.asc
NCOLS 130 
NROWS 71 
XLLCORNER 530645 
YLLCORNER 5158205 
CELLSIZE 5 
NODATA_value -3.4e+38 
[rows 21 to 41 of 71, columns 49 to 97 of 130]
0.644429922103882 0.657761752605438 0.644042551517487 0.6314697265625 0.629982709884644 0.635767042636871 0.626222968101501 0.607365965843201 0.612600922584534 0.618909776210785 0.604576110839844 0.59203028678894 0.589336395263672 0.579076409339905 0.592061877250671 0.602435767650604 0.588354825973511 0.573671340942383 -3.4e+38 -3.4e+38 -3.4e+38 -3.4e+38 -3.4e+38 -3.4e+38 -3.4e+38 -3.4e+38 -3.4e+38 -3.4e+38 -3.4e+38 -3.4e+38 -3.4e+38 -3.4e+38 -3.4e+38 -3.4e+38 -3.4e+38 -3.4e+38 -3.4e+38 -3.4e+38 -3.4e+38 -3.4e+38 -3.4e+38 -3.4e+38 -3.4e+38 -3.4e+38 -3.4e+38 -3.4e+38 -3.4e+38 -3.4e+38 -3.4e+38
0.641222178936005 0.649914681911469 0.647248983383179 0.618944108486176 0.607008516788483 0.628037691116333 0.634412348270416 0.619268715381622 0.612196803092957 0.621004164218903 0.606813788414001 0.579680562019348 0.574621558189392 0.576770126819611 0.58112907409668 0.585946261882782 0.574252486228943 0.561318337917328 0.565989255905151 0.575009882450104 0.560032546520233 0.542837977409363 0.562142848968506 0.578767716884613 0.571915686130524 0.579687476158142 0.586747705936432 0.568663597106934 -3.4e+38 -3.4e+38 -3.4e+38 -3.4e+38 -3.4e+38 -3.4e+38 -3.4e+38 -3.4e+38 -3.4e+38 -3.4e+38 -3.4e+38 -3.4e+38 -3.4e+38 -3.4e+38 -3.4e+38 -3.4e+38 -3.4e+38 -3.4e+38 -3.4e+38 -3.4e+38 -3.4e+38
0.639693856239319 0.641544163227081 0.639186680316925 0.622089207172394 0.614009380340576 0.626486480236053 0.624239444732666 0.613380074501038 0.60011500120163 0.607966959476471 0.618572473526001 0.598094046115875 0.578712224960327 0.565816342830658 0.565995216369629 0.583465158939362 0.591603696346283 0.587268829345703 0.589640736579895 0.593045353889465 0.572282075881958 0.547251403331757 0.560879766941071 0.587744832038879 0.586519122123718 0.587050020694733 0.596939384937286 0.580360591411591 0.563553035259247 -3.4e+38 -3.4e+38 -3.4e+38 -3.4e+38 -3.4e+38 -3.4e+38 -3.4e+38 -3.4e+38 -3.4e+38 -3.4e+38 -3.4e+38 -3.4e+38 -3.4e+38 -3.4e+38 -3.4e+38 -3.4e+38 -3.4e+38 -3.4e+38 -3.4e+38 -3.4e+38
0.633776903152466 0.647579669952393 0.644913017749786 0.645189583301544 0.65644383430481 0.65972226858139 0.64066356420517 0.628151476383209 0.599041104316711 0.583239376544952 0.59986799955368 0.599882125854492 0.597284913063049 0.609056830406189 0.610917389392853 0.605782747268677 0.60232549905777 0.610394716262817 0.616868913173676 0.615782797336578 0.608900368213654 0.597156524658203 0.599166989326477 0.613519251346588 0.617865025997162 0.605319082736969 0.608936011791229 0.597094416618347 0.564165651798248 0.569370687007904 -3.4e+38 -3.4e+38 -3.4e+38 -3.4e+38 -3.4e+38 -3.4e+38 -3.4e+38 -3.4e+38 -3.4e+38 -3.4e+38 -3.4e+38 -3.4e+38 -3.4e+38 -3.4e+38 -3.4e+38 -3.4e+38 -3.4e+38 -3.4e+38 -3.4e+38
0.555240213871002 0.626985371112823 0.651755571365356 0.665692627429962 0.680259823799133 0.679646790027618 0.65666663646698 0.638616681098938 0.599662363529205 0.574360728263855 0.596599161624908 0.6127849817276 0.618029236793518 0.617022156715393 0.612075746059418 0.601085066795349 0.596500754356384 0.612954139709473 0.629508256912231 0.634675085544586 0.620643615722656 0.614426732063293 0.621431171894073 0.609524428844452 0.608919501304626 0.617331862449646 0.616304636001587 0.597276628017426 0.580335736274719 0.589247167110443 0.596468925476074 -3.4e+38 -3.4e+38 -3.4e+38 -3.4e+38 -3.4e+38 -3.4e+38 -3.4e+38 -3.4e+38 -3.4e+38 -3.4e+38 -3.4e+38 -3.4e+38 -3.4e+38 -3.4e+38 -3.4e+38 -3.4e+38 -3.4e+38 -3.4e+38
0.427716076374054 0.551587164402008 0.61777263879776 0.640041470527649 0.660446047782898 0.663831412792206 0.654332637786865 0.646382093429565 0.618719637393951 0.601097166538239 0.616500020027161 0.631641805171967 0.644341468811035 0.650365948677063 0.639141201972961 0.617892861366272 0.607640564441681 0.621856987476349 0.631851673126221 0.633516788482666 0.630233466625214 0.615468680858612 0.618728220462799 0.618865728378296 0.625277161598206 0.634437203407288 0.627096652984619 0.614365696907043 0.602536499500275 0.602565407752991 0.598910808563232 0.580876350402832 0.557006001472473 0.563845634460449 -3.4e+38 -3.4e+38 -3.4e+38 -3.4e+38 -3.4e+38 -3.4e+38 -3.4e+38 -3.4e+38 -3.4e+38 -3.4e+38 -3.4e+38 -3.4e+38 -3.4e+38 -3.4e+38 -3.4e+38
0.281187027692795 0.413874059915543 0.542406976222992 0.604509711265564 0.641271948814392 0.651804983615875 0.656482100486755 0.658415734767914 0.648109018802643 0.639793038368225 0.636783123016357 0.638239026069641 0.649035692214966 0.659018158912659 0.659751772880554 0.651605188846588 0.638705134391785 0.642249047756195 0.633349001407623 0.626967430114746 0.646616816520691 0.652940154075623 0.652841091156006 0.649731755256653 0.636972308158875 0.633670628070831 0.633552134037018 0.639085948467255 0.627991497516632 0.612896680831909 0.607641339302063 0.5978963971138 0.589903116226196 0.60175609588623 0.609165847301483 0.598845183849335 0.604030072689056 0.612587511539459 0.631739556789398 0.645234286785126 0.640218138694763 0.626118659973145 0.617500126361847 0.627551078796387 0.639905571937561 0.637851119041443 0.625546455383301 0.615372240543365 0.612173795700073
0.222616493701935 0.296133100986481 0.428414285182953 0.546330630779266 0.60952091217041 0.647333920001984 0.658080995082855 0.66429990530014 0.666448473930359 0.666073203086853 0.65040522813797 0.634186804294586 0.635724127292633 0.639657378196716 0.648243427276611 0.655022382736206 0.64938896894455 0.63849002122879 0.63274097442627 0.630269885063171 0.639787614345551 0.653627812862396 0.660364985466003 0.648606896400452 0.632795453071594 0.645585596561432 0.653942942619324 0.64600145816803 0.640565097332001 0.626310110092163 0.624097347259521 0.63264411687851 0.628738522529602 0.617949783802032 0.615828931331635 0.61981600522995 0.630739331245422 0.624973833560944 0.616279661655426 0.625324726104736 0.637395679950714 0.643769502639771 0.641640067100525 0.647957146167755 0.65477591753006 0.652376532554626 0.639782905578613 0.619184970855713 0.619452893733978
0.194875732064247 0.219931617379189 0.268209159374237 0.409817963838577 0.549505591392517 0.62120109796524 0.647924721240997 0.65057772397995 0.653306722640991 0.649594008922577 0.633008480072021 0.623691201210022 0.639687359333038 0.646033763885498 0.64555287361145 0.651215672492981 0.64674037694931 0.640773832798004 0.641243755817413 0.637992024421692 0.634788036346436 0.64136016368866 0.647944509983063 0.642822623252869 0.644127368927002 0.646790206432343 0.660011291503906 0.662629008293152 0.660005450248718 0.640262842178345 0.629747807979584 0.633781433105469 0.63682097196579 0.627536654472351 0.623244404792786 0.620145976543427 0.628186702728271 0.629933893680573 0.624215245246887 0.631134212017059 0.648544907569885 0.65919828414917 0.650383234024048 0.635674953460693 0.635401546955109 0.645977735519409 0.652731418609619 0.63164609670639 0.617977261543274
0.193863213062286 0.195832833647728 0.198048442602158 0.262530535459518 0.400081425905228 0.49842169880867 0.553751766681671 0.574450194835663 0.592337429523468 0.602505266666412 0.594878196716309 0.599235713481903 0.609436690807343 0.618853747844696 0.630943298339844 0.633557677268982 0.623155295848846 0.624417424201965 0.613804876804352 0.599407374858856 0.608949899673462 0.614464282989502 0.613319158554077 0.618182778358459 0.621132671833038 0.618854284286499 0.63504433631897 0.652173042297363 0.647922575473785 0.625840783119202 0.616553783416748 0.62178897857666 0.610120594501495 0.622532665729523 0.629208564758301 0.618200242519379 0.607817769050598 0.616800367832184 0.621830224990845 0.629543960094452 0.63876736164093 0.636551260948181 0.626865744590759 0.611239433288574 0.601214408874512 0.616673350334167 0.626526415348053 0.611831486225128 0.5970219373703
0.193918064236641 0.207334876060486 0.185433074831963 0.176713064312935 0.240905582904816 0.298243522644043 0.348286986351013 0.408080041408539 0.440354704856873 0.467713207006454 0.480730354785919 0.483738213777542 0.492390960454941 0.501738429069519 0.508396744728088 0.517148375511169 0.507362246513367 0.514821231365204 0.511415302753448 0.492969244718552 0.500019431114197 0.499599635601044 0.485973596572876 0.493951886892319 0.519626259803772 0.526269793510437 0.51537412405014 0.521354854106903 0.532458603382111 0.528358399868011 0.542206168174744 0.536798179149628 0.487481951713562 0.492107838392258 0.51585179567337 0.512696921825409 0.526198506355286 0.524362802505493 0.521058917045593 0.534495651721954 0.552845537662506 0.566274583339691 0.554196178913116 0.52767151594162 0.506912529468536 0.504442512989044 0.51735919713974 0.532789707183838 0.503836095333099
0.199142053723335 0.19364707171917 0.178607612848282 0.185642436146736 0.208007767796516 0.212291523814201 0.209533751010895 0.24940787255764 0.270503103733063 0.259357243776321 0.282935053110123 0.308935284614563 0.311610609292984 0.306626111268997 0.304511696100235 0.306544661521912 0.313267886638641 0.3386050760746 0.333106905221939 0.321069031953812 0.315257906913757 0.290610522031784 0.289566308259964 0.316225737333298 0.332328766584396 0.344790011644363 0.317165106534958 0.314716219902039 0.358113914728165 0.352023094892502 0.337859004735947 0.336271286010742 0.3020139336586 0.306787431240082 0.337145358324051 0.334730625152588 0.353958249092102 0.348229855298996 0.317394822835922 0.364568650722504 0.400331139564514 0.39238253235817 0.366396516561508 0.339253753423691 0.321125000715256 0.32404425740242 0.333497494459152 0.336889564990997 0.31138402223587
0.200256019830704 0.180369883775711 0.172915056347847 0.19321908056736 0.183482989668846 0.16841034591198 0.157763257622719 0.180959597229958 0.200930073857307 0.173951789736748 0.193990126252174 0.210380420088768 0.202586889266968 0.198692306876183 0.196110546588898 0.210516706109047 0.22107569873333 0.213898092508316 0.19995379447937 0.193986877799034 0.201159238815308 0.196217134594917 0.209693387150764 0.212438628077507 0.189157903194427 0.198286041617393 0.205235794186592 0.204225525259972 0.219425663352013 0.206790149211884 0.187086060643196 0.2028698772192 0.222471073269844 0.215489938855171 0.215574502944946 0.209767565131187 0.205206692218781 0.204909801483154 0.210499912500381 0.232469171285629 0.235184043645859 0.197720497846603 0.202533751726151 0.197769552469254 0.216888710856438 0.234416484832764 0.186779782176018 0.159391686320305 0.180537953972816
0.199038848280907 0.219286531209946 0.201503410935402 0.188389167189598 0.181594520807266 0.189690724015236 0.189110636711121 0.170727476477623 0.192771568894386 0.190228745341301 0.188176080584526 0.202523946762085 0.199833825230598 0.199114367365837 0.198605164885521 0.202044129371643 0.204490795731544 0.203589662909508 0.189745515584946 0.180722251534462 0.182814195752144 0.179772794246674 0.196433290839195 0.204789146780968 0.180103987455368 0.184318751096725 0.176022887229919 0.160968527197838 0.179881721735001 0.197599574923515 0.207352563738823 0.204401791095734 0.193603292107582 0.172205656766891 0.178464069962502 0.18675771355629 0.177606657147408 0.174013987183571 0.165116906166077 0.151421457529068 0.175412744283676 0.192273795604706 0.19700625538826 0.184210777282715 0.177120864391327 0.189832523465157 0.173253700137138 0.174634024500847 0.190498054027557
0.189497053623199 0.204180061817169 0.187258780002594 0.173096045851707 0.196988299489021 0.205835536122322 0.193903088569641 0.17105670273304 0.193458005785942 0.2109394967556 0.18642321228981 0.184877246618271 0.189655214548111 0.200959503650665 0.208294317126274 0.208090379834175 0.19737297296524 0.203674882650375 0.199597179889679 0.18510814011097 0.186312526464462 0.172052055597305 0.163678854703903 0.181317791342735 0.194465532898903 0.190577164292336 0.178079709410667 0.176502883434296 0.186520382761955 0.193962886929512 0.199968501925468 0.180380925536156 0.179160013794899 0.178351953625679 0.182231083512306 0.201635450124741 0.190790101885796 0.169383272528648 0.165483474731445 0.163143515586853 0.163192942738533 0.180724054574966 0.187423855066299 0.201759412884712 0.193153217434883 0.177813664078712 0.181779116392136 0.203938230872154 0.203706786036491
0.16845215857029 0.171438992023468 0.192833617329597 0.184712454676628 0.185640066862106 0.206121176481247 0.198489010334015 0.180888921022415 0.16531540453434 0.176098704338074 0.188025951385498 0.178179711103439 0.177386879920959 0.195475921034813 0.198417320847511 0.195273473858833 0.19329571723938 0.191417187452316 0.175176933407784 0.179520726203918 0.191581755876541 0.184335723519325 0.162296608090401 0.169039234519005 0.194273948669434 0.198477625846863 0.1949502825737 0.202022403478622 0.189586490392685 0.163082003593445 0.168884664773941 0.180173277854919 0.193862959742546 0.19682788848877 0.187857896089554 0.188856318593025 0.190772965550423 0.18134780228138 0.190597847104073 0.192573025822639 0.172521233558655 0.176000207662582 0.184913650155067 0.188221856951714 0.183971181511879 0.171410426497459 0.187165915966034 0.20745450258255 0.202045246958733
0.156827047467232 0.182643234729767 0.199793845415115 0.185144275426865 0.183221429586411 0.201287060976028 0.183039739727974 0.167849183082581 0.168890476226807 0.165465325117111 0.198503613471985 0.199830889701843 0.173128485679626 0.166020527482033 0.17953385412693 0.202426508069038 0.21860833466053 0.204453006386757 0.174335166811943 0.177587404847145 0.207427635788918 0.217268124222755 0.200995475053787 0.179136782884598 0.197724163532257 0.204970166087151 0.180790618062019 0.184982821345329 0.187074095010757 0.158990621566772 0.170801535248756 0.198392122983932 0.200166493654251 0.209457620978355 0.193678066134453 0.163504093885422 0.176113337278366 0.191798001527786 0.18471197783947 0.191033482551575 0.184926852583885 0.176377803087234 0.163398504257202 0.165056228637695 0.175094529986382 0.18015393614769 0.191829785704613 0.195051982998848 0.184786573052406
0.174156293272972 0.184150531888008 0.185029089450836 0.177775159478188 0.171655386686325 0.170108735561371 0.1676185131073 0.175525993108749 0.186953991651535 0.15991897881031 0.168551236391068 0.210599347949028 0.198947042226791 0.172605201601982 0.180170103907585 0.199525192379951 0.194559216499329 0.185705855488777 0.177335605025291 0.189576700329781 0.20074063539505 0.18623186647892 0.175483196973801 0.171601340174675 0.185807302594185 0.184195414185524 0.163780823349953 0.163287729024887 0.17373825609684 0.174913838505745 0.180952236056328 0.201756298542023 0.199095815420151 0.200333341956139 0.192684784531593 0.158833652734756 0.154098749160767 0.170840695500374 0.177422314882278 0.198596879839897 0.194062545895576 0.171403810381889 0.172365710139275 0.171465069055557 0.173022955656052 0.189163208007812 0.197136923670769 0.179727464914322 0.169099688529968
0.166831836104393 0.180052578449249 0.171135291457176 0.165785729885101 0.168677493929863 0.182429045438766 0.192132666707039 0.184357866644859 0.186657592654228 0.186597615480423 0.173163741827011 0.187342777848244 0.198988735675812 0.201078802347183 0.190933853387833 0.186242863535881 0.180013924837112 0.186488777399063 0.205204635858536 0.206928178668022 0.192838877439499 0.168490573763847 0.165619447827339 0.171697944402695 0.178411304950714 0.179591447114944 0.195494651794434 0.199793606996536 0.182073473930359 0.186086878180504 0.185813665390015 0.205131515860558 0.203295990824699 0.183398574590683 0.186200067400932 0.185427293181419 0.172802060842514 0.173043176531792 0.175296694040298 0.172690078616142 0.182315066456795 0.186475172638893 0.202496081590652 0.191608622670174 0.177782535552979 0.190824136137962 0.194181740283966 0.176105096936226 0.170915320515633
0.155049607157707 0.183333426713943 0.181556314229965 0.170825973153114 0.185588657855988 0.191984474658966 0.190991103649139 0.17663437128067 0.181476503610611 0.20278088748455 0.193590000271797 0.177611574530602 0.174813017249107 0.195683926343918 0.212220743298531 0.199405908584595 0.183203816413879 0.188627704977989 0.204649195075035 0.186249226331711 0.166469410061836 0.170837134122849 0.193515434861183 0.202766045928001 0.195984914898872 0.192303016781807 0.197184875607491 0.19612455368042 0.185752764344215 0.204067781567574 0.210664480924606 0.192960023880005 0.189591333270073 0.187326803803444 0.188849747180939 0.2120760679245 0.223526135087013 0.190911889076233 0.168033435940742 0.164555385708809 0.178992033004761 0.190793320536613 0.185744568705559 0.184808433055878 0.180326834321022 0.188229158520699 0.182333752512932 0.16507825255394 0.168871983885765
0.165587052702904 0.168817684054375 0.187846824526787 0.180610656738281 0.163800418376923 0.163036853075027 0.193702444434166 0.19890920817852 0.19159272313118 0.178628444671631 0.159279376268387 0.169330805540085 0.171836376190186 0.163191005587578 0.17428395152092 0.186200067400932 0.181795075535774 0.175943702459335 0.175762683153152 0.169584408402443 0.16315196454525 0.172655388712883 0.191271767020226 0.19036528468132 0.186926543712616 0.189429998397827 0.177435621619225 0.172573551535606 0.175388589501381 0.180298760533333 0.184447526931763 0.171573385596275 0.178150460124016 0.184457823634148 0.170804426074028 0.182571247220039 0.190262913703918 0.179511904716492 0.181258246302605 0.164920553565025 0.155284017324448 0.179673045873642 0.180853471159935 0.159396961331367 0.169366136193275 0.193066701292992 0.190860539674759 0.170577183365822 0.174348726868629
