data/1_raw/trimmed_ndre/W_ndre.522.2009_no_clouds.asc
NCOLS 130 
NROWS 71 
XLLCORNER 530645 
YLLCORNER 5158205 
CELLSIZE 5 
NODATA_value -3.4e+38 
[rows 0 to 20 of 71, columns 0 to 48 of 130]
-339999999999999996123846586046231871488.000000000000000 -3.4e+38 -3.4e+38 -3.4e+38 -3.4e+38 -3.4e+38 -3.4e+38 -3.4e+38 -3.4e+38 -3.4e+38 -3.4e+38 0.156686350703239 0.132375791668892 0.160014346241951 0.162348076701164 0.156832575798035 0.165351927280426 -3.4e+38 -3.4e+38 -3.4e+38 -3.4e+38 -3.4e+38 -3.4e+38 -3.4e+38 -3.4e+38 -3.4e+38 -3.4e+38 -3.4e+38 -3.4e+38 -3.4e+38 -3.4e+38 -3.4e+38 -3.4e+38 -3.4e+38 -3.4e+38 -3.4e+38 -3.4e+38 -3.4e+38 -3.4e+38 -3.4e+38 -3.4e+38 -3.4e+38 -3.4e+38 -3.4e+38 -3.4e+38 -3.4e+38 -3.4e+38 -3.4e+38 -3.4e+38
-3.4e+38 -3.4e+38 -3.4e+38 -3.4e+38 -3.4e+38 -3.4e+38 -3.4e+38 -3.4e+38 -3.4e+38 -3.4e+38 0.176421746611595 0.196080327033997 0.172695636749268 0.167763188481331 0.172114104032516 0.151412814855576 0.141708686947823 0.154170960187912 -3.4e+38 -3.4e+38 -3.4e+38 -3.4e+38 -3.4e+38 -3.4e+38 -3.4e+38 -3.4e+38 -3.4e+38 -3.4e+38 -3.4e+38 -3.4e+38 -3.4e+38 -3.4e+38 -3.4e+38 -3.4e+38 -3.4e+38 -3.4e+38 -3.4e+38 -3.4e+38 -3.4e+38 -3.4e+38 -3.4e+38 -3.4e+38 -3.4e+38 -3.4e+38 -3.4e+38 -3.4e+38 -3.4e+38 -3.4e+38 -3.4e+38
-3.4e+38 -3.4e+38 -3.4e+38 -3.4e+38 -3.4e+38 -3.4e+38 -3.4e+38 -3.4e+38 0.396655350923538 0.295550376176834 0.1933913230896 0.179876521229744 0.182748213410378 0.164264097809792 0.152573958039284 0.152820110321045 0.135986611247063 0.138192504644394 0.179228439927101 -3.4e+38 -3.4e+38 -3.4e+38 -3.4e+38 -3.4e+38 -3.4e+38 -3.4e+38 -3.4e+38 -3.4e+38 -3.4e+38 -3.4e+38 -3.4e+38 -3.4e+38 -3.4e+38 -3.4e+38 -3.4e+38 -3.4e+38 -3.4e+38 -3.4e+38 -3.4e+38 -3.4e+38 -3.4e+38 -3.4e+38 -3.4e+38 -3.4e+38 -3.4e+38 -3.4e+38 -3.4e+38 -3.4e+38 -3.4e+38
-3.4e+38 -3.4e+38 -3.4e+38 -3.4e+38 -3.4e+38 -3.4e+38 -3.4e+38 -3.4e+38 -3.4e+38 0.315456748008728 0.223052158951759 0.172538995742798 0.180362343788147 0.163493305444717 0.141130030155182 0.144781395792961 0.154687166213989 0.149381563067436 0.154542446136475 0.144632875919342 0.147291034460068 -3.4e+38 -3.4e+38 -3.4e+38 -3.4e+38 -3.4e+38 -3.4e+38 -3.4e+38 -3.4e+38 -3.4e+38 -3.4e+38 -3.4e+38 0.160905659198761 0.169611424207687 -3.4e+38 -3.4e+38 -3.4e+38 -3.4e+38 -3.4e+38 -3.4e+38 -3.4e+38 -3.4e+38 -3.4e+38 -3.4e+38 -3.4e+38 -3.4e+38 -3.4e+38 -3.4e+38 -3.4e+38
-3.4e+38 -3.4e+38 -3.4e+38 -3.4e+38 -3.4e+38 -3.4e+38 -3.4e+38 -3.4e+38 -3.4e+38 0.328110426664352 0.272244602441788 0.19965635240078 0.157392174005508 0.139309123158455 0.143957525491714 0.15250651538372 0.182275295257568 0.164972871541977 0.140690416097641 0.151215478777885 0.169907137751579 0.178642615675926 0.17000187933445 0.148174583911896 0.158785909414291 0.19146928191185 0.168997704982758 0.151693403720856 -3.4e+38 -3.4e+38 -3.4e+38 0.146411210298538 0.137255474925041 0.144611194729805 0.183993145823479 0.162899672985077 0.165993988513947 -3.4e+38 -3.4e+38 -3.4e+38 -3.4e+38 -3.4e+38 -3.4e+38 -3.4e+38 -3.4e+38 -3.4e+38 -3.4e+38 -3.4e+38 -3.4e+38
-3.4e+38 -3.4e+38 -3.4e+38 -3.4e+38 -3.4e+38 -3.4e+38 -3.4e+38 -3.4e+38 -3.4e+38 0.340289652347565 0.25747275352478 0.190119907259941 0.16001832485199 0.158166140317917 0.168044716119766 0.168744504451752 0.173259988427162 0.159583881497383 0.153850257396698 0.161817207932472 0.165761411190033 0.178647667169571 0.171335697174072 0.158617794513702 0.139080017805099 0.149415731430054 0.170603558421135 0.151772201061249 0.143690973520279 0.182626396417618 0.15520404279232 0.157675206661224 0.191032484173775 0.171362712979317 0.182501137256622 0.1849295347929 0.186555311083794 0.184026464819908 0.171278387308121 0.160484626889229 -3.4e+38 -3.4e+38 -3.4e+38 -3.4e+38 -3.4e+38 -3.4e+38 -3.4e+38 -3.4e+38 -3.4e+38
-3.4e+38 -3.4e+38 -3.4e+38 -3.4e+38 -3.4e+38 -3.4e+38 -3.4e+38 -3.4e+38 -3.4e+38 0.342076420783997 0.229310184717178 0.193493515253067 0.17738638818264 0.162360444664955 0.154138624668121 0.142342105507851 0.155674174427986 0.157665893435478 0.162478640675545 0.160766050219536 0.144186839461327 0.1540397554636 0.165140807628632 0.167434751987457 0.142642557621002 0.141978204250336 0.161396473646164 0.152106136083603 0.146208703517914 0.177777007222176 0.184353783726692 0.183078944683075 0.191025346517563 0.168099820613861 0.177656441926956 0.187627419829369 0.166866526007652 0.175499066710472 0.178439795970917 0.159212410449982 0.149615436792374 0.165837809443474 -3.4e+38 -3.4e+38 -3.4e+38 -3.4e+38 -3.4e+38 -3.4e+38 -3.4e+38
-3.4e+38 -3.4e+38 -3.4e+38 -3.4e+38 -3.4e+38 -3.4e+38 -3.4e+38 -3.4e+38 -3.4e+38 0.396427124738693 0.29355263710022 0.205009773373604 0.178399622440338 0.169600516557693 0.168694689869881 0.155467435717583 0.152798593044281 0.161083370447159 0.165590226650238 0.169195115566254 0.146323561668396 0.161624655127525 0.180090114474297 0.168169751763344 0.164562225341797 0.151758626103401 0.159107238054276 0.158230856060982 0.15706467628479 0.173859000205994 0.18069089949131 0.156619295477867 0.154691204428673 0.164609417319298 0.174955740571022 0.161840260028839 0.172086745500565 0.195226356387138 0.186527103185654 0.17263574898243 0.166519790887833 0.184174627065659 0.181718736886978 -3.4e+38 -3.4e+38 -3.4e+38 -3.4e+38 -3.4e+38 -3.4e+38
-3.4e+38 -3.4e+38 -3.4e+38 -3.4e+38 -3.4e+38 -3.4e+38 -3.4e+38 -3.4e+38 0.494617521762848 0.455920487642288 0.368671089410782 0.228057786822319 0.182596161961555 0.181900039315224 0.178314343094826 0.160163193941116 0.156104683876038 0.157693326473236 0.15715104341507 0.176462724804878 0.158490478992462 0.14680153131485 0.161055669188499 0.177116334438324 0.180660590529442 0.161826923489571 0.16314472258091 0.162764757871628 0.149864166975021 0.153268381953239 0.148985743522644 0.153009653091431 0.184117704629898 0.179520145058632 0.158755943179131 0.154241219162941 0.179819643497467 0.201633155345917 0.180093556642532 0.157507583498955 0.162170872092247 0.179051294922829 0.185192987322807 0.173332437872887 0.14815528690815 0.158201113343239 0.163076594471931 -3.4e+38 -3.4e+38
-3.4e+38 -3.4e+38 -3.4e+38 -3.4e+38 -3.4e+38 -3.4e+38 -3.4e+38 0.588986694812775 0.530697166919708 0.479177057743073 0.426305085420609 0.310162574052811 0.206942409276962 0.171511799097061 0.160010874271393 0.151239186525345 0.161764085292816 0.168301716446877 0.155928790569305 0.176362156867981 0.164927318692207 0.133958637714386 0.148261204361916 0.168816581368446 0.17527562379837 0.179456889629364 0.174304947257042 0.168285429477692 0.155639469623566 0.155417919158936 0.16499350965023 0.188428774476051 0.196863576769829 0.183373555541039 0.161363244056702 0.144505143165588 0.156218349933624 0.184689074754715 0.190696850419044 0.172628223896027 0.168000936508179 0.169570773839951 0.16656781733036 0.168864503502846 0.164838656783104 0.15149137377739 0.149817660450935 0.150384783744812 -3.4e+38
-3.4e+38 -3.4e+38 -3.4e+38 -3.4e+38 -3.4e+38 -3.4e+38 0.548987925052643 0.587249875068665 0.564626276493073 0.495926916599274 0.474843412637711 0.415300041437149 0.284910053014755 0.193892374634743 0.165137618780136 0.157137542963028 0.184993624687195 0.196852192282677 0.16876295208931 0.178370773792267 0.182633683085442 0.153946742415428 0.171935543417931 0.169082522392273 0.160730540752411 0.175574406981468 0.176919296383858 0.170270726084709 0.148701682686806 0.18116357922554 0.196660324931145 0.194155797362328 0.181477904319763 0.18878248333931 0.169319152832031 0.137829795479774 0.154469385743141 0.174450606107712 0.179082259535789 0.177305743098259 0.172291785478592 0.174917683005333 0.18066543340683 0.185614243149757 0.18332527577877 0.156797587871552 0.147278353571892 0.147954180836678 0.14360673725605
-3.4e+38 -3.4e+38 -3.4e+38 -3.4e+38 -3.4e+38 0.494299799203873 0.526427149772644 0.556366920471191 0.543841660022736 0.507502555847168 0.498693346977234 0.483509659767151 0.405691742897034 0.28721359372139 0.248055338859558 0.217887133359909 0.198072299361229 0.194269150495529 0.158994853496552 0.164479777216911 0.183257773518562 0.169050097465515 0.172867491841316 0.174925461411476 0.163474947214127 0.170724183320999 0.16217303276062 0.163325145840645 0.153287038207054 0.182037159800529 0.177606105804443 0.161490723490715 0.169482976198196 0.16838701069355 0.166518837213516 0.161002606153488 0.171445921063423 0.174227356910706 0.162461906671524 0.160642623901367 0.162704572081566 0.167514368891716 0.176810055971146 0.166748985648155 0.170087173581123 0.169154927134514 0.165993183851242 0.174571722745895 0.171276345849037
-3.4e+38 -3.4e+38 -3.4e+38 -3.4e+38 -3.4e+38 0.474800109863281 0.465852409601212 0.513829946517944 0.537910282611847 0.515194892883301 0.497241407632828 0.467127531766891 0.447369962930679 0.409051209688187 0.342877954244614 0.283345252275467 0.226264536380768 0.196339875459671 0.180646225810051 0.178712204098701 0.188493192195892 0.18314316868782 0.16550450026989 0.174714982509613 0.173753648996353 0.162024453282356 0.154255703091621 0.171726927161217 0.18648873269558 0.178194105625153 0.176134392619133 0.16600638628006 0.16329687833786 0.158928692340851 0.172223687171936 0.179768785834312 0.18173636496067 0.187583982944489 0.17345204949379 0.152050226926804 0.151173323392868 0.158719420433044 0.158586040139198 0.142954796552658 0.147820964455605 0.167428493499756 0.172939404845238 0.166459053754807 0.163542672991753
-3.4e+38 -3.4e+38 -3.4e+38 -3.4e+38 0.437776297330856 0.446424245834351 0.456147074699402 0.488940328359604 0.522361576557159 0.506309390068054 0.480993688106537 0.469101011753082 0.463823437690735 0.448737919330597 0.406786322593689 0.380670070648193 0.331658065319061 0.314614325761795 0.308462142944336 0.260170102119446 0.241566747426987 0.2322156727314 0.215685427188873 0.208303362131119 0.205844566226006 0.193427383899689 0.176400512456894 0.168503925204277 0.186773464083672 0.17314101755619 0.167184501886368 0.163054123520851 0.156850129365921 0.162163004279137 0.170095473527908 0.182179346680641 0.184916019439697 0.18895511329174 0.177287325263023 0.152890533208847 0.158431306481361 0.173525124788284 0.169879794120789 0.158813819289207 0.170980885624886 0.17944809794426 0.168964803218842 0.143616154789925 0.133914783596992
-3.4e+38 -3.4e+38 -3.4e+38 -3.4e+38 0.438032209873199 0.436780899763107 0.442346274852753 0.456040233373642 0.504995822906494 0.543789207935333 0.511766731739044 0.476632565259933 0.473661243915558 0.474944055080414 0.471418708562851 0.464721858501434 0.465080678462982 0.469613462686539 0.471761256456375 0.440281331539154 0.417225927114487 0.385082840919495 0.35707551240921 0.312366545200348 0.284787356853485 0.286857485771179 0.259770691394806 0.198419973254204 0.173053756356239 0.16962081193924 0.169246837496758 0.171146124601364 0.16637097299099 0.163427010178566 0.168469876050949 0.177730992436409 0.169405996799469 0.188921496272087 0.186102762818336 0.159816220402718 0.153070777654648 0.161492019891739 0.181087136268616 0.19372521340847 0.189966127276421 0.191661283373833 0.196060195565224 0.169174924492836 0.149708524346352
-3.4e+38 -3.4e+38 -3.4e+38 -3.4e+38 0.443037211894989 0.435128748416901 0.44869726896286 0.467006802558899 0.500823438167572 0.537702918052673 0.509657919406891 0.467233091592789 0.478434979915619 0.496555328369141 0.495337814092636 0.499306499958038 0.528965651988983 0.540532529354095 0.551926553249359 0.550610661506653 0.539078593254089 0.506159722805023 0.492582887411118 0.477759331464767 0.457116484642029 0.448733568191528 0.40111842751503 0.316279143095016 0.237042874097824 0.205196514725685 0.206991747021675 0.19385002553463 0.176907658576965 0.165940493345261 0.175937443971634 0.190057918429375 0.176849737763405 0.183070853352547 0.189634203910828 0.167470052838326 0.171502605080605 0.171269834041595 0.187088996171951 0.211150750517845 0.174503564834595 0.15595355629921 0.194912180304527 0.193653851747513 0.171794414520264
-3.4e+38 -3.4e+38 -3.4e+38 0.489480316638947 0.472755134105682 0.457329034805298 0.460356622934341 0.474757075309753 0.483272671699524 0.487668722867966 0.497669160366058 0.459578812122345 0.444013595581055 0.480285257101059 0.501009821891785 0.494900763034821 0.524411916732788 0.546290636062622 0.551415801048279 0.561571657657623 0.560919642448425 0.537923157215118 0.552327454090118 0.558385610580444 0.547090530395508 0.546026885509491 0.521568536758423 0.476299524307251 0.426930695772171 0.375140637159348 0.328369438648224 0.283787667751312 0.231809809803963 0.184986919164658 0.168115243315697 0.190348476171494 0.187312856316566 0.161287471652031 0.168121859431267 0.169007375836372 0.182954698801041 0.190823748707771 0.165756270289421 0.163669258356094 0.177037954330444 0.159142509102821 0.173468679189682 0.1811832934618 0.161220267415047
-3.4e+38 -3.4e+38 0.50618189573288 0.539392411708832 0.513205587863922 0.471262097358704 0.482485502958298 0.502559900283813 0.472780525684357 0.466791152954102 0.4836146235466 0.473926216363907 0.459660977125168 0.459674805402756 0.477367997169495 0.472781866788864 0.500046968460083 0.535117983818054 0.527441203594208 0.529456496238708 0.538665175437927 0.533455073833466 0.532551825046539 0.53147691488266 0.5485720038414 0.562927603721619 0.552916467189789 0.557277023792267 0.533303737640381 0.498688787221909 0.458281278610229 0.411351084709167 0.340300649404526 0.261145293712616 0.201956227421761 0.190722689032555 0.177857384085655 0.152642101049423 0.180697426199913 0.175220936536789 0.166402995586395 0.181793347001076 0.170884847640991 0.155468463897705 0.187598437070847 0.189944729208946 0.178575202822685 0.176065698266029 0.173745453357697
-3.4e+38 0.541656374931335 0.538059115409851 0.536098659038544 0.531105875968933 0.517083287239075 0.518028676509857 0.532531976699829 0.51377922296524 0.479254752397537 0.461716622114182 0.470352947711945 0.467032253742218 0.448129653930664 0.469037234783173 0.48252934217453 0.487431257963181 0.510180592536926 0.515367388725281 0.499840974807739 0.516643345355988 0.51033216714859 0.478431671857834 0.479496747255325 0.509021639823914 0.526930212974548 0.522266566753387 0.534788489341736 0.540550112724304 0.543502986431122 0.533241033554077 0.513572037220001 0.477896690368652 0.430499225854874 0.348600178956985 0.273348331451416 0.206736713647842 0.163133710622787 0.180700853466988 0.178144603967667 0.164786919951439 0.16699780523777 0.174657687544823 0.17658269405365 0.183852925896645 0.187089666724205 0.17067563533783 0.16734890639782 0.17353980243206
-3.4e+38 0.527849793434143 0.535650670528412 0.5495725274086 0.56553989648819 0.559383988380432 0.542665600776672 0.538663625717163 0.532485246658325 0.490823149681091 0.446839481592178 0.458706557750702 0.487954169511795 0.480100125074387 0.479344606399536 0.495339304208755 0.486261010169983 0.502757370471954 0.505173563957214 0.471988350152969 0.467392355203629 0.470202475786209 0.451775699853897 0.449836999177933 0.456216931343079 0.469574213027954 0.483829379081726 0.492807447910309 0.510971307754517 0.534580767154694 0.558345139026642 0.563178241252899 0.551350474357605 0.541764259338379 0.499377429485321 0.421411395072937 0.364939957857132 0.275751829147339 0.213375970721245 0.21473740041256 0.197013139724731 0.178401589393616 0.18367974460125 0.181086078286171 0.187999382615089 0.201012015342712 0.175191521644592 0.160357803106308 0.159157767891884
0.536659121513367 0.522774875164032 0.538287401199341 0.57213032245636 0.589977741241455 0.576397716999054 0.548910439014435 0.528525054454803 0.5271857380867 0.495713412761688 0.43927663564682 0.443441271781921 0.483353525400162 0.499067157506943 0.495785593986511 0.506116390228271 0.498980283737183 0.496766209602356 0.484004735946655 0.455381572246552 0.443849146366119 0.447404772043228 0.436039537191391 0.420745491981506 0.436021625995636 0.44430223107338 0.453167825937271 0.446187287569046 0.44661021232605 0.477918297052383 0.531200468540192 0.565769672393799 0.573444306850433 0.573887169361115 0.570721924304962 0.544085323810577 0.500899255275726 0.410948663949966 0.328727424144745 0.276395678520203 0.207151114940643 0.172838792204857 0.178516358137131 0.19622465968132 0.197044372558594 0.207321956753731 0.190772831439972 0.169080600142479 0.154985100030899
