data/1_raw/trimmed_ndre/W_ndre.68.2015_no_clouds.asc
NCOLS 130 
NROWS 71 
XLLCORNER 530645 
YLLCORNER 5158205 
CELLSIZE 5 
NODATA_value -3.4e+38 
[rows 21 to 41 of 71, columns 49 to 97 of 130]
0.244082346558571 0.237815216183662 0.22996686398983 0.220468327403069 0.236015185713768 0.214908510446548 0.21288101375103 0.218762993812561 0.224324554204941 0.221226096153259 0.212540507316589 0.206443414092064 0.203554168343544 0.211732730269432 0.216217592358589 0.211957916617393 0.214111477136612 0.226401910185814 -3.4e+38 -3.4e+38 -3.4e+38 -3.4e+38 -3.4e+38 -3.4e+38 -3.4e+38 -3.4e+38 -3.4e+38 -3.4e+38 -3.4e+38 -3.4e+38 -3.4e+38 -3.4e+38 -3.4e+38 -3.4e+38 -3.4e+38 -3.4e+38 -3.4e+38 -3.4e+38 -3.4e+38 -3.4e+38 -3.4e+38 -3.4e+38 -3.4e+38 -3.4e+38 -3.4e+38 -3.4e+38 -3.4e+38 -3.4e+38 -3.4e+38
0.240933462977409 0.211061432957649 0.209336310625076 0.217336103320122 0.228684157133102 0.207975342869759 0.21012319624424 0.218737229704857 0.215540826320648 0.21445320546627 0.205330669879913 0.200532823801041 0.202623277902603 0.208569303154945 0.211269095540047 0.207869201898575 0.204668268561363 0.220818445086479 0.217459887266159 0.201517075300217 0.204432770609856 0.209346860647202 0.214935794472694 0.219208344817162 0.219435006380081 0.211376920342445 0.212181344628334 0.222694113850594 -3.4e+38 -3.4e+38 -3.4e+38 -3.4e+38 -3.4e+38 -3.4e+38 -3.4e+38 -3.4e+38 -3.4e+38 -3.4e+38 -3.4e+38 -3.4e+38 -3.4e+38 -3.4e+38 -3.4e+38 -3.4e+38 -3.4e+38 -3.4e+38 -3.4e+38 -3.4e+38 -3.4e+38
0.221278145909309 0.204220190644264 0.222101539373398 0.219976857304573 0.221562594175339 0.226427435874939 0.224634140729904 0.218924358487129 0.212909877300262 0.210037812590599 0.201852038502693 0.205232083797455 0.211837604641914 0.208553001284599 0.209283709526062 0.205804586410522 0.201216965913773 0.209474042057991 0.211181566119194 0.199655026197433 0.192301213741302 0.205515429377556 0.213090002536774 0.220030561089516 0.225170746445656 0.22380918264389 0.223234847187996 0.225453749299049 0.224620625376701 -3.4e+38 -3.4e+38 -3.4e+38 -3.4e+38 -3.4e+38 -3.4e+38 -3.4e+38 -3.4e+38 -3.4e+38 -3.4e+38 -3.4e+38 -3.4e+38 -3.4e+38 -3.4e+38 -3.4e+38 -3.4e+38 -3.4e+38 -3.4e+38 -3.4e+38 -3.4e+38
0.218920767307281 0.217775627970695 0.237675085663795 0.218999594449997 0.216300487518311 0.224150627851486 0.228370621800423 0.225831136107445 0.217726603150368 0.21053147315979 0.2069311439991 0.210895448923111 0.208915576338768 0.202714920043945 0.203674733638763 0.206944853067398 0.204509302973747 0.202715158462524 0.209642291069031 0.195056289434433 0.194199100136757 0.212740302085876 0.212863862514496 0.213914677500725 0.220980048179626 0.22823391854763 0.21572607755661 0.217071190476418 0.221696063876152 0.224068686366081 -3.4e+38 -3.4e+38 -3.4e+38 -3.4e+38 -3.4e+38 -3.4e+38 -3.4e+38 -3.4e+38 -3.4e+38 -3.4e+38 -3.4e+38 -3.4e+38 -3.4e+38 -3.4e+38 -3.4e+38 -3.4e+38 -3.4e+38 -3.4e+38 -3.4e+38
0.225585669279099 0.231050610542297 0.235799387097359 0.212908953428268 0.212532073259354 0.222020864486694 0.231365352869034 0.23408442735672 0.224524945020676 0.2154710739851 0.211101368069649 0.212084755301476 0.207892388105392 0.201933354139328 0.201259911060333 0.211739361286163 0.212022468447685 0.207795172929764 0.206738233566284 0.192884936928749 0.204375743865967 0.221081838011742 0.215231284499168 0.207774937152863 0.219527170062065 0.22607846558094 0.203783586621284 0.212863236665726 0.224282324314117 0.231912404298782 0.232663527131081 -3.4e+38 -3.4e+38 -3.4e+38 -3.4e+38 -3.4e+38 -3.4e+38 -3.4e+38 -3.4e+38 -3.4e+38 -3.4e+38 -3.4e+38 -3.4e+38 -3.4e+38 -3.4e+38 -3.4e+38 -3.4e+38 -3.4e+38 -3.4e+38
0.233308807015419 0.230562329292297 0.225729763507843 0.214072972536087 0.208397522568703 0.223138332366943 0.232142791152 0.234256103634834 0.227141916751862 0.220773339271545 0.218566492199898 0.218887388706207 0.214815869927406 0.209308937191963 0.210207313299179 0.220180079340935 0.219339668750763 0.20696297287941 0.199259281158447 0.197312608361244 0.205033212900162 0.21337054669857 0.21299321949482 0.206134617328644 0.219853386282921 0.218060672283173 0.204083934426308 0.222323626279831 0.22481107711792 0.227137356996536 0.230136781930923 0.226679682731628 0.215817034244537 0.213408052921295 -3.4e+38 -3.4e+38 -3.4e+38 -3.4e+38 -3.4e+38 -3.4e+38 -3.4e+38 -3.4e+38 -3.4e+38 -3.4e+38 -3.4e+38 -3.4e+38 -3.4e+38 -3.4e+38 -3.4e+38
0.24143859744072 0.232154801487923 0.225723654031754 0.21472105383873 0.2051120698452 0.223172768950462 0.220571383833885 0.217969715595245 0.225696995854378 0.226388305425644 0.227924928069115 0.227726742625237 0.223624795675278 0.217185795307159 0.214069351553917 0.216035187244415 0.215378478169441 0.197983264923096 0.197408750653267 0.206251248717308 0.200690388679504 0.208162188529968 0.212468326091766 0.210424616932869 0.215857550501823 0.208323687314987 0.206597208976746 0.221615836024284 0.221425205469131 0.219819709658623 0.222193866968155 0.225094497203827 0.213926866650581 0.217934668064117 0.226323366165161 0.229337185621262 0.238902807235718 0.242273181676865 0.236788243055344 0.231244415044785 0.23506635427475 0.235360592603683 0.232549965381622 0.238438203930855 0.226357519626617 0.221031382679939 0.224844470620155 0.219040676951408 0.22063085436821
0.252334952354431 0.242598414421082 0.232861682772636 0.213497444987297 0.201040893793106 0.20336189866066 0.197976559400558 0.206004127860069 0.220960929989815 0.228664875030518 0.232717305421829 0.224613398313522 0.213292956352234 0.212092280387878 0.210959643125534 0.209506303071976 0.206500247120857 0.19595193862915 0.206343591213226 0.209738239645958 0.200173944234848 0.209649533033371 0.217974424362183 0.215980812907219 0.207793951034546 0.206138417124748 0.210946217179298 0.21808272600174 0.218009635806084 0.214981272816658 0.216390147805214 0.218712940812111 0.213591679930687 0.225280374288559 0.227975606918335 0.224136754870415 0.227045029401779 0.236861333250999 0.236783295869827 0.230420216917992 0.232574835419655 0.230914086103439 0.232136875391006 0.235521048307419 0.221424117684364 0.221925586462021 0.224979519844055 0.221430614590645 0.218506872653961
0.262910723686218 0.260237604379654 0.244087785482407 0.209836885333061 0.187441244721413 0.181385055184364 0.183437809348106 0.195600226521492 0.211253732442856 0.223489165306091 0.228732794523239 0.221777856349945 0.215227738022804 0.213976174592972 0.210353136062622 0.211190104484558 0.21200692653656 0.212351515889168 0.213534012436867 0.208467423915863 0.204211726784706 0.214341804385185 0.227658495306969 0.22121599316597 0.210877805948257 0.215131238102913 0.21450200676918 0.214037358760834 0.213642954826355 0.216473639011383 0.222990483045578 0.223215341567993 0.221417009830475 0.234019935131073 0.229680016636848 0.221164658665657 0.21794119477272 0.229068532586098 0.232059746980667 0.228980049490929 0.228262215852737 0.226906999945641 0.22940357029438 0.22790952026844 0.216555416584015 0.220016464591026 0.223197907209396 0.221287712454796 0.21316896378994
0.279400259256363 0.280234813690186 0.264565795660019 0.234088853001595 0.198952749371529 0.182188183069229 0.181505769491196 0.18510439991951 0.195133417844772 0.209084913134575 0.220968991518021 0.223065078258514 0.22514134645462 0.222020328044891 0.214714199304581 0.225632801651955 0.219068005681038 0.213585257530212 0.212853863835335 0.20738497376442 0.207638785243034 0.213223516941071 0.221652626991272 0.216225847601891 0.214190304279327 0.21973991394043 0.215209975838661 0.212717443704605 0.216661214828491 0.225546166300774 0.232883274555206 0.229125365614891 0.231611594557762 0.242821484804153 0.235410541296005 0.228421106934547 0.224637269973755 0.228619605302811 0.232260197401047 0.227176234126091 0.223754167556763 0.226863473653793 0.227976903319359 0.222799062728882 0.215026095509529 0.215454131364822 0.215286374092102 0.214559733867645 0.213679790496826
0.295825153589249 0.291385263204575 0.2774618268013 0.254421085119247 0.216675788164139 0.200949862599373 0.191735476255417 0.184279650449753 0.185524955391884 0.196229830384254 0.209475249052048 0.220582023262978 0.231769174337387 0.227090433239937 0.222613573074341 0.231691464781761 0.215378776192665 0.208703339099884 0.21086722612381 0.207047805190086 0.21271924674511 0.217131361365318 0.218490481376648 0.215374410152435 0.212962448596954 0.214506223797798 0.218557313084602 0.224402949213982 0.229671493172646 0.235624954104424 0.238267734646797 0.227400749921799 0.232357010245323 0.241423904895782 0.238465279340744 0.237637177109718 0.238024741411209 0.23924458026886 0.241766944527626 0.231150656938553 0.2313242405653 0.235813125967979 0.230833053588867 0.22523196041584 0.218979582190514 0.216002374887466 0.215979218482971 0.211028590798378 0.215487420558929
0.281382650136948 0.285341888666153 0.276505142450333 0.257164090871811 0.229345709085464 0.223941713571548 0.212451815605164 0.197643175721169 0.187487185001373 0.188593924045563 0.193380564451218 0.2032790184021 0.2189731746912 0.208484306931496 0.214330226182938 0.224231958389282 0.207546681165695 0.204861536622047 0.207426786422729 0.208778634667397 0.2113998234272 0.213255748152733 0.216272041201591 0.218748867511749 0.217098608613014 0.219504803419113 0.221215263009071 0.224712684750557 0.232602536678314 0.237937793135643 0.23482620716095 0.221136659383774 0.229296803474426 0.23538513481617 0.236718162894249 0.240763634443283 0.249375477433205 0.254080802202225 0.251910477876663 0.236886456608772 0.241732984781265 0.243717133998871 0.236983403563499 0.237170279026031 0.231465473771095 0.226942345499992 0.225008711218834 0.214248567819595 0.214199468493462
0.262933731079102 0.276411980390549 0.265798956155777 0.244679883122444 0.226037234067917 0.223269164562225 0.218706831336021 0.206605404615402 0.194261118769646 0.189213916659355 0.185146763920784 0.195418864488602 0.207641154527664 0.190020337700844 0.204172000288963 0.210312694311142 0.196936890482903 0.193669527769089 0.197879076004028 0.201831564307213 0.201902285218239 0.202771231532097 0.208084553480148 0.209380865097046 0.202418297529221 0.214268624782562 0.211096793413162 0.207870990037918 0.217947736382484 0.226071625947952 0.219755053520203 0.20836515724659 0.216891705989838 0.220273494720459 0.224606409668922 0.230991363525391 0.24401618540287 0.245915070176125 0.2424076795578 0.234932541847229 0.242814004421234 0.24000595510006 0.233022555708885 0.231203660368919 0.226192250847816 0.228574365377426 0.231893822550774 0.228676080703735 0.222130969166756
0.252893090248108 0.269882470369339 0.267713874578476 0.250554949045181 0.225917637348175 0.213815957307816 0.218200236558914 0.20690892636776 0.199034422636032 0.199070513248444 0.203079372644424 0.211795225739479 0.208373129367828 0.18902051448822 0.201931774616241 0.199985444545746 0.191300749778748 0.189108043909073 0.191825345158577 0.191810771822929 0.192963570356369 0.199443757534027 0.202725484967232 0.196734204888344 0.192487254738808 0.209823459386826 0.19428525865078 0.189102545380592 0.200586721301079 0.20889188349247 0.200376942753792 0.195470705628395 0.200152367353439 0.194654375314713 0.202315494418144 0.21090330183506 0.217570185661316 0.220676884055138 0.220105826854706 0.221284344792366 0.228174671530724 0.228371798992157 0.219382211565971 0.210843354463577 0.206320613622665 0.21321913599968 0.221253782510757 0.225494533777237 0.223622664809227
0.245627328753471 0.258724004030228 0.262637853622437 0.253392487764359 0.2270477861166 0.213271126151085 0.217008113861084 0.205514937639236 0.204182326793671 0.21180771291256 0.223601177334785 0.228461310267448 0.220470741391182 0.206374317407608 0.200675293803215 0.200571820139885 0.19859604537487 0.196195483207703 0.193732053041458 0.187430873513222 0.193466275930405 0.202950343489647 0.200673907995224 0.192049458622932 0.19626247882843 0.212131723761559 0.197957992553711 0.197057962417603 0.200575083494186 0.200099349021912 0.187342345714569 0.191847249865532 0.195295482873917 0.185852572321892 0.19444377720356 0.195838823914528 0.195674777030945 0.200572356581688 0.197357520461082 0.201427906751633 0.209921821951866 0.213862806558609 0.205321341753006 0.192298546433449 0.185038924217224 0.190166428685188 0.204270005226135 0.216123506426811 0.217381954193115
0.230294823646545 0.24742828309536 0.253943532705307 0.249041527509689 0.238370820879936 0.230601921677589 0.221075296401978 0.205312266945839 0.206393212080002 0.218438327312469 0.227716937661171 0.222480118274689 0.210464805364609 0.197810903191566 0.192423775792122 0.201118692755699 0.208164215087891 0.210513085126877 0.205418437719345 0.189081564545631 0.196430861949921 0.204326346516609 0.201820865273476 0.197491407394409 0.20441247522831 0.209314987063408 0.200136497616768 0.204490154981613 0.205770745873451 0.19885678589344 0.185844391584396 0.200068727135658 0.202011257410049 0.195527151226997 0.200058728456497 0.194770038127899 0.201260134577751 0.210818275809288 0.200755253434181 0.201150953769684 0.205268353223801 0.207477703690529 0.205424726009369 0.199627429246902 0.194436281919479 0.193946182727814 0.201000064611435 0.206042677164078 0.204426229000092
0.21278278529644 0.23770797252655 0.241517275571823 0.239232644438744 0.242002934217453 0.226052224636078 0.209469884634018 0.200571328401566 0.206337183713913 0.212254822254181 0.208434283733368 0.199252232909203 0.194235906004906 0.186087757349014 0.186387106776237 0.195153325796127 0.20275117456913 0.206608757376671 0.202668741345406 0.191382497549057 0.195869952440262 0.202561587095261 0.20271110534668 0.196128398180008 0.192777335643768 0.197710633277893 0.199897289276123 0.203851222991943 0.208297982811928 0.196860045194626 0.184193924069405 0.197654098272324 0.20195597410202 0.206830486655235 0.211454853415489 0.203345015645027 0.211439922451973 0.215794637799263 0.207494288682938 0.208943456411362 0.211594343185425 0.213739633560181 0.211310803890228 0.205958798527718 0.202589005231857 0.202173233032227 0.203365698456764 0.196530625224113 0.194332703948021
0.204147607088089 0.227623596787453 0.239073321223259 0.245817825198174 0.244905665516853 0.225300133228302 0.205299720168114 0.202205970883369 0.210658758878708 0.209693178534508 0.202664226293564 0.195000171661377 0.190081179141998 0.182841241359711 0.189999014139175 0.198892325162888 0.201860353350639 0.20228223502636 0.200785920023918 0.194905668497086 0.190784230828285 0.197470262646675 0.200637519359589 0.19484955072403 0.182530224323273 0.197466626763344 0.197074562311172 0.19337871670723 0.204253792762756 0.196503385901451 0.189495116472244 0.19369201362133 0.196414634585381 0.20667789876461 0.213918805122375 0.210938453674316 0.211518913507462 0.208547562360764 0.207100793719292 0.212349981069565 0.209148213267326 0.208186283707619 0.206299260258675 0.202518701553345 0.205269142985344 0.205936968326569 0.205855116248131 0.203536510467529 0.195499211549759
0.203724876046181 0.217156261205673 0.230423152446747 0.243372410535812 0.244484826922417 0.233391404151917 0.219844102859497 0.217556998133659 0.215941935777664 0.209550023078918 0.204392001032829 0.200893208384514 0.196911916136742 0.190680593252182 0.195972874760628 0.20167638361454 0.202622428536415 0.200115233659744 0.202488973736763 0.198861852288246 0.192988783121109 0.197636917233467 0.200737074017525 0.193245485424995 0.185209557414055 0.21211701631546 0.195468321442604 0.187176525592804 0.202667236328125 0.202252015471458 0.199278950691223 0.196382194757462 0.194209635257721 0.20052233338356 0.210619807243347 0.212611094117165 0.204152196645737 0.193017765879631 0.19417442381382 0.200086027383804 0.196930542588234 0.202370166778564 0.198904395103455 0.195964947342873 0.207265406847 0.210753753781319 0.211667865514755 0.209633752703667 0.200234174728394
0.203347831964493 0.21000874042511 0.222532212734222 0.235521450638771 0.242598667740822 0.238928601145744 0.230273008346558 0.221560463309288 0.214188396930695 0.210808053612709 0.209265276789665 0.199187770485878 0.197410151362419 0.194621309638023 0.191971138119698 0.199935257434845 0.202459618449211 0.200448676943779 0.201875016093254 0.206510275602341 0.204386055469513 0.200551956892014 0.199775874614716 0.195026576519012 0.193933308124542 0.206156522035599 0.191550076007843 0.194851487874985 0.206051424145699 0.20887391269207 0.20975686609745 0.20768478512764 0.20082500576973 0.193744271993637 0.201884716749191 0.206927105784416 0.200399845838547 0.188006103038788 0.192454978823662 0.196490734815598 0.195984601974487 0.203560590744019 0.195618689060211 0.198458328843117 0.212482482194901 0.206329822540283 0.206684365868568 0.210165247321129 0.210228383541107
0.198307424783707 0.2035201638937 0.215186476707458 0.227269873023033 0.244511052966118 0.237149447202682 0.224242195487022 0.215264901518822 0.207884207367897 0.214858457446098 0.21577487885952 0.190226927399635 0.193272948265076 0.193198204040527 0.18990570306778 0.198569521307945 0.20093697309494 0.201726347208023 0.20326079428196 0.207832247018814 0.205785527825356 0.199827328324318 0.195351123809814 0.199816852807999 0.192287534475327 0.19174388051033 0.197296544909477 0.206575706601143 0.208168253302574 0.204821169376373 0.204379692673683 0.209218993782997 0.203528136014938 0.191905677318573 0.192021116614342 0.19921250641346 0.201728269457817 0.197675675153732 0.203892827033997 0.203663095831871 0.204842686653137 0.208772763609886 0.200671270489693 0.207814902067184 0.213775023818016 0.203689366579056 0.200928092002869 0.210277363657951 0.218717664480209
