data/1_raw/trimmed_ndre/W_ndre.724.2013_no_clouds.asc
NCOLS 130 
NROWS 71 
XLLCORNER 530645 
YLLCORNER 5158205 
CELLSIZE 5 
NODATA_value -3.4e+38 
[rows 42 to 62 of 71, columns 49 to 97 of 130]
0.129954263567924 0.119755707681179 0.112439177930355 0.117062002420425 0.11311262100935 0.118095628917217 0.132178440690041 0.138307243585587 0.133599877357483 0.136440888047218 0.140294373035431 0.13310968875885 0.131284296512604 0.124844968318939 0.127456203103065 0.123705677688122 0.124421529471874 0.134768396615982 0.129310607910156 0.131919339299202 0.130614086985588 0.126179084181786 0.125738725066185 0.127426221966743 0.127610862255096 0.127848371863365 0.124418012797832 0.115134477615356 0.119371436536312 0.132711246609688 0.133374363183975 0.136035069823265 0.137547791004181 0.130952566862106 0.124959029257298 0.132804557681084 0.138625144958496 0.135006621479988 0.132461056113243 0.144837483763695 0.135695859789848 0.130542606115341 0.137202948331833 0.123389527201653 0.126229897141457 0.137132495641708 0.137071684002876 0.127376109361649 0.119193680584431
0.123238287866116 0.115368939936161 0.109502099454403 0.126489341259003 0.125696495175362 0.124883569777012 0.131337568163872 0.13687190413475 0.133433744311333 0.140393137931824 0.148086443543434 0.146509766578674 0.144537732005119 0.128205552697182 0.123430632054806 0.13263313472271 0.133975446224213 0.132540389895439 0.126076936721802 0.123260907828808 0.122676432132721 0.137128725647926 0.139869913458824 0.12821252644062 0.130792036652565 0.132974117994308 0.130023330450058 0.120974339544773 0.124728448688984 0.134688645601273 0.138707175850868 0.142241969704628 0.147610187530518 0.139901146292686 0.122207589447498 0.123437747359276 0.14274625480175 0.135956943035126 0.12176051735878 0.143932819366455 0.134313941001892 0.128104701638222 0.140112683176994 0.12571781873703 0.127274960279465 0.136295661330223 0.134434625506401 0.124751679599285 0.121877379715443
0.113900937139988 0.1159643009305 0.126072496175766 0.137773439288139 0.134102404117584 0.125504180788994 0.124719947576523 0.130310103297234 0.132254883646965 0.139834031462669 0.150369882583618 0.146502450108528 0.142173066735268 0.135741084814072 0.132871985435486 0.142492964863777 0.139367908239365 0.133295983076096 0.132323935627937 0.130627304315567 0.126221626996994 0.123978219926357 0.133861199021339 0.131806522607803 0.131615072488785 0.138846144080162 0.138043254613876 0.131064355373383 0.13650318980217 0.136032283306122 0.133066415786743 0.134098052978516 0.136367842555046 0.13039368391037 0.119222156703472 0.127682283520699 0.145519867539406 0.128866046667099 0.115098133683205 0.135049492120743 0.126653775572777 0.12108314037323 0.130312815308571 0.127227783203125 0.127756863832474 0.135177746415138 0.135813504457474 0.127836093306541 0.13103012740612
0.117747716605663 0.127094566822052 0.137967377901077 0.138284087181091 0.131986528635025 0.12507376074791 0.128511935472488 0.135580942034721 0.135689705610275 0.13423565030098 0.139098778367043 0.138338834047318 0.13562223315239 0.140109360218048 0.140513494610786 0.141269713640213 0.137962237000465 0.13925489783287 0.13800185918808 0.13171274960041 0.121067017316818 0.112207107245922 0.133716136217117 0.139196693897247 0.126632288098335 0.13448677957058 0.143136724829674 0.135778084397316 0.128555685281754 0.125954896211624 0.125185400247574 0.125437021255493 0.121514350175858 0.116073161363602 0.128670915961266 0.13836108148098 0.13402983546257 0.129558265209198 0.125638574361801 0.129844218492508 0.124390490353107 0.113976769149303 0.121573843061924 0.12616939842701 0.12647745013237 0.137411043047905 0.136791154742241 0.130506575107574 0.136991605162621
0.132331445813179 0.132968053221703 0.136931553483009 0.128494516015053 0.119945712387562 0.127126112580299 0.138434067368507 0.145487099885941 0.147132083773613 0.143673345446587 0.142461031675339 0.135576829314232 0.131406873464584 0.134577706456184 0.137515440583229 0.135347634553909 0.135846644639969 0.145055964589119 0.143364012241364 0.12817594408989 0.120425388216972 0.129842266440392 0.135144427418709 0.134765818715096 0.126303911209106 0.128932982683182 0.137714326381683 0.130722537636757 0.121531002223492 0.123214736580849 0.126115575432777 0.128585904836655 0.1246203109622 0.12456850707531 0.133893132209778 0.134571775794029 0.129327118396759 0.142343804240227 0.144137144088745 0.13697811961174 0.132506176829338 0.123320080339909 0.120608240365982 0.121733106672764 0.125989407300949 0.138327047228813 0.134994089603424 0.131044700741768 0.137530103325844
0.125195786356926 0.131096199154854 0.130205675959587 0.12082602083683 0.114913173019886 0.127356812357903 0.140638664364815 0.142046749591827 0.142031520605087 0.140616431832314 0.13841150701046 0.13866001367569 0.133199512958527 0.130331918597221 0.134140744805336 0.130666390061378 0.136172592639923 0.145514264702797 0.140148013830185 0.126442387700081 0.131374567747116 0.139123544096947 0.12571394443512 0.122251689434052 0.120146207511425 0.121056258678436 0.12580831348896 0.128405824303627 0.134254157543182 0.137420386075974 0.135676980018616 0.131308495998383 0.12425571680069 0.120388083159924 0.117433607578278 0.132830485701561 0.137966990470886 0.13197723031044 0.135368078947067 0.135915264487267 0.139418736100197 0.133240535855293 0.123723909258842 0.122179731726646 0.131348565220833 0.143248155713081 0.133362889289856 0.129511922597885 0.134695246815681
0.12216267734766 0.126641750335693 0.125323414802551 0.122544877231121 0.122887969017029 0.129096433520317 0.130622744560242 0.124955877661705 0.124813236296177 0.130152195692062 0.135173827409744 0.145424708724022 0.138945832848549 0.133145093917847 0.138858452439308 0.133796989917755 0.131350472569466 0.134780675172806 0.133061334490776 0.124773800373077 0.137975916266441 0.140151545405388 0.117519751191139 0.117618970572948 0.119056686758995 0.123685479164124 0.12583963572979 0.12865923345089 0.135830476880074 0.138123780488968 0.136131674051285 0.130749747157097 0.123406372964382 0.115573063492775 0.11547178030014 0.128279209136963 0.134996101260185 0.128104701638222 0.132535964250565 0.136072367429733 0.136887669563293 0.128433808684349 0.125122264027596 0.144159182906151 0.149485066533089 0.14181837439537 0.128004193305969 0.129771426320076 0.135443195700645
0.120271183550358 0.1227757781744 0.123383648693562 0.127125605940819 0.133494526147842 0.136721685528755 0.129140913486481 0.121564671397209 0.124351136386395 0.130423307418823 0.141877055168152 0.148392245173454 0.135513171553612 0.136953234672546 0.144133865833282 0.133249014616013 0.121781341731548 0.124737396836281 0.129042714834213 0.12867359817028 0.135969042778015 0.134471252560616 0.1228421702981 0.127138867974281 0.130088418722153 0.13684156537056 0.135847434401512 0.131957173347473 0.127313837409019 0.120914459228516 0.125536695122719 0.1276795566082 0.129790276288986 0.133407413959503 0.127349123358727 0.127431124448776 0.126625433564186 0.134188055992126 0.138722240924835 0.135212972760201 0.12831175327301 0.121065013110638 0.122927151620388 0.142726376652718 0.14772541821003 0.13659505546093 0.124267466366291 0.126991644501686 0.131034597754478
0.127876073122025 0.124710023403168 0.126195147633553 0.132207795977592 0.139526382088661 0.141462415456772 0.132630586624146 0.130811274051666 0.138061389327049 0.14802773296833 0.152084514498711 0.142461702227592 0.134303703904152 0.144367232918739 0.142719432711601 0.125825971364975 0.117477856576443 0.124618276953697 0.133841544389725 0.130357012152672 0.127899736166 0.133088484406471 0.137823760509491 0.139748826622963 0.139124885201454 0.144373074173927 0.140218332409859 0.129815176129341 0.120316542685032 0.110721729695797 0.121426187455654 0.127891212701797 0.11519318819046 0.115346789360046 0.123348876833916 0.12957626581192 0.128033727407455 0.1357262134552 0.135453954339027 0.126516535878181 0.123669892549515 0.141420856118202 0.136875927448273 0.122949592769146 0.136807844042778 0.138652265071869 0.133445486426353 0.137644425034523 0.140660434961319
0.134480103850365 0.125795587897301 0.135437190532684 0.137147396802902 0.128645703196526 0.126027658581734 0.1264878064394 0.128418996930122 0.130990475416183 0.13698647916317 0.139554619789124 0.140633642673492 0.145113229751587 0.147998139262199 0.135820299386978 0.121653907001019 0.12291943281889 0.132034450769424 0.137284055352211 0.129864066839218 0.125574052333832 0.133413001894951 0.14033479988575 0.139557048678398 0.134007409214973 0.131577521562576 0.128142073750496 0.12900897860527 0.126667499542236 0.117498628795147 0.122878938913345 0.129922464489937 0.125234559178352 0.116387613117695 0.122195690870285 0.135211080312729 0.141369342803955 0.153140932321548 0.14190648496151 0.1209736764431 0.122441187500954 0.148108214139938 0.152661040425301 0.127475962042809 0.12857061624527 0.139874786138535 0.153702393174171 0.156982913613319 0.147502794861794
0.140026867389679 0.130495488643646 0.141716554760933 0.139183476567268 0.118620790541172 0.111791737377644 0.128521025180817 0.145653530955315 0.140314161777496 0.130511581897736 0.135826602578163 0.143651306629181 0.149264872074127 0.146378368139267 0.12855376303196 0.122115910053253 0.132218286395073 0.138354003429413 0.133877977728844 0.127996265888214 0.125479266047478 0.126775935292244 0.127451375126839 0.12369229644537 0.11912377923727 0.114719472825527 0.116324700415134 0.13091242313385 0.137712866067886 0.134143218398094 0.125600725412369 0.129398033022881 0.135646849870682 0.127666056156158 0.129340574145317 0.129675060510635 0.128438115119934 0.13410447537899 0.130619436502457 0.121455676853657 0.12180133908987 0.131248384714127 0.142156422138214 0.142972931265831 0.133423283696175 0.136744067072868 0.155195087194443 0.152822002768517 0.130125299096107
0.134709730744362 0.130893304944038 0.139446154236794 0.143908724188805 0.132818385958672 0.127949625253677 0.14169704914093 0.153030544519424 0.141581535339355 0.135373264551163 0.141421288251877 0.135183036327362 0.134698286652565 0.131645694375038 0.121492646634579 0.125378087162971 0.13859598338604 0.14041705429554 0.128435879945755 0.122911773622036 0.124589890241623 0.124748751521111 0.112297110259533 0.112932093441486 0.120994687080383 0.11915747076273 0.11572177708149 0.128734230995178 0.137627840042114 0.134757936000824 0.124229438602924 0.126725643873215 0.124758332967758 0.125698655843735 0.142067044973373 0.142819061875343 0.1318079829216 0.126999363303185 0.128237396478653 0.131303653120995 0.138099074363708 0.145286038517952 0.14314104616642 0.138924077153206 0.129943341016769 0.122580163180828 0.131416484713554 0.140019282698631 0.129970416426659
0.130954265594482 0.129124462604523 0.13602876663208 0.139280781149864 0.139673694968224 0.138634666800499 0.142174676060677 0.14102691411972 0.134557723999023 0.134893670678139 0.132312953472137 0.124536611139774 0.127788379788399 0.128992736339569 0.123392157256603 0.126201704144478 0.13536524772644 0.138332337141037 0.130959957838058 0.130577936768532 0.140276446938515 0.132516175508499 0.115010902285576 0.124106198549271 0.144856914877892 0.142397671937943 0.124951682984829 0.116409629583359 0.114329367876053 0.120554529130459 0.124785669147968 0.136035174131393 0.132120966911316 0.130373567342758 0.139289975166321 0.136272877454758 0.13320118188858 0.135276928544044 0.140272364020348 0.140625581145287 0.136560633778572 0.134969726204872 0.130634814500809 0.121948778629303 0.120765186846256 0.127766013145447 0.134008690714836 0.129222854971886 0.12917286157608
0.135288506746292 0.132379457354546 0.135647386312485 0.139544293284416 0.146696731448174 0.144822984933853 0.138008713722229 0.13004857301712 0.124955788254738 0.13729527592659 0.137446254491806 0.126261964440346 0.13233657181263 0.134980380535126 0.131626263260841 0.13611327111721 0.13793857395649 0.132776096463203 0.125643372535706 0.133763879537582 0.13988932967186 0.134383022785187 0.128591775894165 0.128758445382118 0.132880806922913 0.134457424283028 0.124489411711693 0.10927864164114 0.1020772382617 0.115827210247517 0.129737883806229 0.134846866130829 0.135043516755104 0.134799972176552 0.131388187408447 0.119949743151665 0.118198998272419 0.120417773723602 0.129698932170868 0.133642256259918 0.133253365755081 0.12527459859848 0.127417236566544 0.138173162937164 0.130955874919891 0.127163246273994 0.131779432296753 0.128754004836082 0.129982233047485
0.136672854423523 0.134759455919266 0.134507209062576 0.140762805938721 0.148479133844376 0.148852273821831 0.140329763293266 0.129534035921097 0.130302459001541 0.142379835247993 0.14130774140358 0.131422474980354 0.136374577879906 0.134445518255234 0.13403195142746 0.136259034276009 0.134491056203842 0.12656532227993 0.123144499957561 0.129433199763298 0.124208010733128 0.120035633444786 0.119748160243034 0.120534539222717 0.125127539038658 0.128541514277458 0.13069586455822 0.12857873737812 0.128142237663269 0.128036051988602 0.135495200753212 0.134779050946236 0.135729163885117 0.134625360369682 0.134393602609634 0.1335139721632 0.137816116213799 0.129424482584 0.121519923210144 0.125178039073944 0.138044372200966 0.136248826980591 0.131722152233124 0.140957176685333 0.137305840849876 0.129051476716995 0.129734128713608 0.134806156158447 0.134670794010162
0.13678278028965 0.134806931018829 0.128377512097359 0.135216057300568 0.146202996373177 0.148043274879456 0.140795111656189 0.13727368414402 0.140192642807961 0.134214356541634 0.130553483963013 0.130565613508224 0.135896667838097 0.132336646318436 0.128948166966438 0.127915635704994 0.127189412713051 0.125102907419205 0.12923401594162 0.140574872493744 0.12449087947607 0.105230741202831 0.125747665762901 0.137151256203651 0.14325849711895 0.145852744579315 0.132116392254829 0.131559893488884 0.134807422757149 0.127748847007751 0.138109549880028 0.136111974716187 0.132593154907227 0.121222980320454 0.113994598388672 0.131830707192421 0.146709397435188 0.137142434716225 0.122049540281296 0.122542507946491 0.138688415288925 0.133327096700668 0.133863493800163 0.136619240045547 0.13089345395565 0.130753636360168 0.12535035610199 0.12397737801075 0.132030993700027
0.135272666811943 0.133088305592537 0.123069606721401 0.128225445747375 0.139100506901741 0.142305508255959 0.136093094944954 0.13884137570858 0.135533675551414 0.118873946368694 0.11899472028017 0.129156976938248 0.135240942239761 0.129475206136703 0.127523586153984 0.129351198673248 0.128651469945908 0.127275332808495 0.136124223470688 0.146679863333702 0.130543604493141 0.111635327339172 0.142504632472992 0.147973522543907 0.142584696412086 0.151491671800613 0.144217297434807 0.123646818101406 0.124311827123165 0.130091845989227 0.137724876403809 0.139494255185127 0.133604407310486 0.123409576714039 0.120279401540756 0.136271581053734 0.142352625727654 0.13717432320118 0.131808221340179 0.128271326422691 0.135235264897346 0.133019387722015 0.139749094843864 0.137440741062164 0.123158246278763 0.120970919728279 0.127373218536377 -3.4e+38 -3.4e+38
0.137106835842133 0.134249523282051 0.126803174614906 0.130735978484154 0.138917043805122 0.141152158379555 0.130274638533592 0.129187494516373 0.130006864666939 0.127282425761223 0.130363315343857 0.137241378426552 0.13409686088562 0.125966265797615 0.132510796189308 0.135886266827583 0.131836444139481 0.126225426793098 0.135999366641045 0.14482656121254 0.138748675584793 0.126877695322037 0.128522396087646 0.140475004911423 0.143732264637947 0.143551856279373 0.135231271386147 0.111257143318653 0.118475653231144 0.133022576570511 0.125738874077797 0.131090521812439 0.129925206303596 0.127697139978409 0.136444956064224 0.14292511343956 0.139934733510017 0.134828105568886 0.131410464644432 0.131450936198235 0.136396363377571 0.134138405323029 0.139946013689041 0.144641414284706 0.13453097641468 0.1192412301898 -3.4e+38 -3.4e+38 -3.4e+38
0.137463539838791 0.139372155070305 0.137958571314812 0.142976135015488 0.149786591529846 0.146655276417732 0.133077204227448 0.129247397184372 0.138401478528976 0.144378066062927 0.140080913901329 0.140144988894463 0.126721128821373 0.117327317595482 0.126835092902184 0.136757671833038 0.131098464131355 0.120133437216282 0.12963230907917 0.141713216900826 0.124481320381165 0.122437283396721 0.130821570754051 0.13200706243515 0.136662006378174 0.128589332103729 0.118899799883366 0.122447848320007 0.120836317539215 0.121631756424904 0.118161492049694 0.127921834588051 0.124430388212204 0.126119315624237 0.13537186384201 0.131815031170845 0.127344116568565 0.120487600564957 0.119867980480194 0.133050695061684 0.140681192278862 0.138551354408264 0.138683378696442 0.140625223517418 0.138437479734421 -3.4e+38 -3.4e+38 -3.4e+38 -3.4e+38
0.140165075659752 0.138785600662231 0.139310583472252 0.142463326454163 0.148723036050797 0.146182730793953 0.133779317140579 0.130807265639305 0.130574703216553 0.129835575819016 0.129734694957733 0.131686612963676 0.1223513931036 0.115206517279148 0.125209823250771 0.135094285011292 0.128834143280983 0.118778876960278 0.1196378916502 0.130069866776466 0.130902737379074 0.122386179864407 0.125388756394386 0.125897496938705 0.127541497349739 0.132100135087967 0.128012627363205 0.125376209616661 0.127733826637268 0.123529963195324 0.125434562563896 0.136282220482826 0.128284886479378 0.132335469126701 0.135341465473175 0.124550879001617 0.121460787951946 0.112483650445938 0.115138992667198 0.131150886416435 0.136582434177399 -3.4e+38 -3.4e+38 -3.4e+38 -3.4e+38 -3.4e+38 -3.4e+38 -3.4e+38 -3.4e+38
0.13354067504406 0.131185948848724 0.134769037365913 0.131225928664207 0.129198715090752 0.130185306072235 0.130453541874886 0.132075980305672 0.121450282633305 0.109455958008766 0.116186246275902 0.126048251986504 0.123368330299854 0.130578473210335 0.137002795934677 0.136124223470688 0.127658516168594 0.122130319476128 0.123549938201904 0.125878766179085 0.126359283924103 0.114895671606064 0.119986198842525 0.13316921889782 0.132809698581696 0.124239668250084 0.13746565580368 0.139678135514259 0.135458618402481 0.127049446105957 0.130661517381668 0.14157709479332 0.134487047791481 0.138795986771584 0.133985579013824 -3.4e+38 -3.4e+38 -3.4e+38 -3.4e+38 -3.4e+38 -3.4e+38 -3.4e+38 -3.4e+38 -3.4e+38 -3.4e+38 -3.4e+38 -3.4e+38 -3.4e+38 -3.4e+38
