data/1_raw/trimmed_ndre/W_ndre.515.2010_no_clouds.asc
NCOLS 130 
NROWS 71 
XLLCORNER 530645 
YLLCORNER 5158205 
CELLSIZE 5 
NODATA_value -3.4e+38 
[rows 21 to 41 of 71, columns 0 to 48 of 130]
0.190970182418823 0.196725726127625 0.213150516152382 0.201059341430664 0.179916203022003 0.174417153000832 0.163217395544052 0.180125266313553 0.199876576662064 0.197425410151482 0.195338055491447 0.191188156604767 0.171153858304024 0.166849136352539 0.192546099424362 0.173765644431114 0.161550849676132 0.18922483921051 0.199384436011314 0.18109005689621 0.154894426465034 0.172905534505844 0.184598296880722 0.189705044031143 0.198003247380257 0.199229896068573 0.197694808244705 0.192321538925171 0.194657325744629 0.203231856226921 0.212946891784668 0.235681921243668 0.221081510186195 0.198971897363663 0.202999576926231 0.209044799208641 0.217986837029457 0.201748996973038 0.183005020022392 0.196370258927345 0.248322516679764 0.343185305595398 0.427098661661148 0.51047021150589 0.580889940261841 0.611822128295898 0.626812696456909 0.627662241458893 0.627835929393768
0.179217234253883 0.200662389397621 0.211429595947266 0.186623007059097 0.178696036338806 0.191787585616112 0.185512617230415 0.172664493322372 0.17584016919136 0.18439108133316 0.207557782530785 0.198956698179245 0.167656660079956 0.147104278206825 0.17634691298008 0.186291694641113 0.166698932647705 0.182076305150986 0.213334932923317 0.20798859000206 0.179786533117294 0.189019218087196 0.194195419549942 0.189585462212563 0.185607254505157 0.180670082569122 0.181830674409866 0.184789746999741 0.191337317228317 0.199552416801453 0.198594227433205 0.207261443138123 0.205522686243057 0.188263744115829 0.182126685976982 0.196817666292191 0.210227087140083 0.204328164458275 0.182843714952469 0.193247407674789 0.214340925216675 0.222710728645325 0.269193202257156 0.382026106119156 0.480878293514252 0.549488008022308 0.6045982837677 0.633270978927612 0.639101684093475
-3.4e+38 0.172526493668556 0.162910476326942 0.172461748123169 0.199900165200233 0.189428359270096 0.174832284450531 0.168988823890686 0.17091378569603 0.185741528868675 0.19781918823719 0.194024220108986 0.173589989542961 0.15079790353775 0.172623157501221 0.202911913394928 0.177511274814606 0.165938481688499 0.18962673842907 0.190783336758614 0.190855488181114 0.197891101241112 0.179956167936325 0.169061630964279 0.176210045814514 0.195306450128555 0.202579170465469 0.188803166151047 0.1816536039114 0.191115185618401 0.197776213288307 0.198151409626007 0.197529971599579 0.180282056331635 0.182927221059799 0.21114507317543 0.21876335144043 0.199747383594513 0.180656090378761 0.195196136832237 0.21250407397747 0.188055366277695 0.183332994580269 0.240278303623199 0.315113812685013 0.411743819713593 0.517167747020721 0.586968660354614 0.627151250839233
-3.4e+38 -3.4e+38 0.161637753248215 0.18618868291378 0.194698423147202 0.176582977175713 0.164488583803177 0.168242990970612 0.1747817248106 0.175867304205894 0.167692214250565 0.155368536710739 0.165028095245361 0.174103736877441 0.186674818396568 0.200229734182358 0.180196404457092 0.17589296400547 0.196437299251556 0.197220385074615 0.18209134042263 0.189760908484459 0.189817905426025 0.173090741038322 0.170318186283112 0.190740004181862 0.199219435453415 0.184959426522255 0.176827535033226 0.166812136769295 0.176744878292084 0.195725247263908 0.203255206346512 0.180347576737404 0.173892974853516 0.199914738535881 0.207706168293953 0.201347768306732 0.189356327056885 0.186825916171074 0.200937315821648 0.187256425619125 0.182767882943153 0.205579355359077 0.221162125468254 0.255445450544357 0.364868521690369 0.485004514455795 0.574351370334625
-3.4e+38 -3.4e+38 -3.4e+38 0.199466392397881 0.198223859071732 0.183297917246819 0.178035110235214 0.176526740193367 0.17826421558857 0.170179590582848 0.15662182867527 0.149165481328964 0.16755311191082 0.189031183719635 0.194284409284592 0.190777033567429 0.187646239995956 0.195767030119896 0.198207408189774 0.176696300506592 0.151348531246185 0.174629613757133 0.193572953343391 0.170493945479393 0.163496136665344 0.173654913902283 0.169700562953949 0.169860377907753 0.174229100346565 0.168967843055725 0.174244523048401 0.192105516791344 0.206982672214508 0.205969095230103 0.194805815815926 0.195717662572861 0.202590316534042 0.210837572813034 0.193351626396179 0.179007813334465 0.196725502610207 0.193300768733025 0.189195424318314 0.196937680244446 0.179539233446121 0.177835613489151 0.230324536561966 0.336955100297928 0.447863012552261
-3.4e+38 -3.4e+38 -3.4e+38 0.189439445734024 0.18548583984375 0.184456273913383 0.201865538954735 0.197153255343437 0.181756347417831 0.155838653445244 0.147630408406258 0.153166726231575 0.167522221803665 0.182839184999466 0.197356536984444 0.188124686479568 0.173590168356895 0.177374884486198 0.168296977877617 0.151873797178268 0.157678723335266 0.166200712323189 0.172199502587318 0.166744500398636 0.165378972887993 0.182666167616844 0.185518503189087 0.183755666017532 0.182250693440437 0.175287917256355 0.181554913520813 0.18673574924469 0.19211682677269 0.184607043862343 0.176482737064362 0.17523355782032 0.175136834383011 0.191756054759026 0.208812311291695 0.220374286174774 0.222501173615456 0.204410821199417 0.201014742255211 0.197763204574585 0.176289469003677 0.173210024833679 0.206746593117714 0.249333888292313 0.327437102794647
-3.4e+38 -3.4e+38 -3.4e+38 0.182193323969841 0.185577362775803 0.186738893389702 0.189062416553497 0.177755370736122 0.16554719209671 0.156121656298637 0.160113304853439 0.168300583958626 0.170662075281143 0.174566119909286 0.171899184584618 0.167784780263901 0.161278143525124 0.15481336414814 0.152786552906036 0.16223718225956 0.177600011229515 0.165471583604813 0.164769604802132 0.176258385181427 0.175374045968056 0.188007205724716 0.186574921011925 0.178958967328072 0.176086068153381 0.163191646337509 0.170816645026207 0.191176757216454 0.199245870113373 0.179618820548058 0.162981227040291 0.17236901819706 0.185076385736465 0.199619680643082 0.216477602720261 0.226014629006386 0.212303385138512 0.19283863902092 0.194823876023293 0.190018117427826 0.182717218995094 0.199537724256516 0.209523633122444 0.201251566410065 0.205082952976227
-3.4e+38 -3.4e+38 -3.4e+38 -3.4e+38 0.181987822055817 0.182503074407578 0.178250879049301 0.16172531247139 0.163206651806831 0.169187769293785 0.171492323279381 0.185034707188606 0.182967230677605 0.166705057024956 0.144081771373749 0.164505556225777 0.184284210205078 0.162846803665161 0.167259484529495 0.191319331526756 0.195864289999008 0.184051215648651 0.177797183394432 0.165419697761536 0.160897418856621 0.188043057918549 0.184904798865318 0.16908685863018 0.185647919774055 0.188212484121323 0.187471196055412 0.200358048081398 0.197928160429001 0.190345525741577 0.189387574791908 0.191176757216454 0.194601520895958 0.19846548140049 0.205500021576881 0.200077623128891 0.178105935454369 0.173560082912445 0.185814470052719 0.185257405042648 0.185872822999954 0.200579971075058 0.204551741480827 0.1853197067976 0.18303020298481
-3.4e+38 -3.4e+38 -3.4e+38 -3.4e+38 -3.4e+38 0.189338624477386 0.186827585101128 0.179664835333824 0.175567790865898 0.174815714359283 0.180012911558151 0.183904767036438 0.179757133126259 0.18061001598835 0.169542461633682 0.170039683580399 0.181317985057831 0.170851945877075 0.180206105113029 0.192405104637146 0.184852689504623 0.188016533851624 0.188315495848656 0.173097744584084 0.177412882447243 0.203080147504807 0.200817823410034 0.180951550602913 0.180217370390892 0.179653227329254 0.18388943374157 0.193450465798378 0.180684223771095 0.182835876941681 0.199392035603523 0.206812173128128 0.192985564470291 0.187383845448494 0.201322704553604 0.191761806607246 0.175589576363564 0.184790343046188 0.191544383764267 0.187842294573784 0.192246407270432 0.195327237248421 0.210189655423164 0.214558318257332 0.20006750524044
-3.4e+38 -3.4e+38 -3.4e+38 -3.4e+38 -3.4e+38 -3.4e+38 -3.4e+38 -3.4e+38 0.17067015171051 0.17377182841301 0.182174175977707 0.173235654830933 0.168788135051727 0.188605204224586 0.183611586689949 0.15837274491787 0.163403570652008 0.176748126745224 0.180365115404129 0.170780822634697 0.155680313706398 0.161263674497604 0.172013461589813 0.170894846320152 0.184951156377792 0.197357580065727 0.200902491807938 0.184266477823257 0.168874025344849 0.175245180726051 0.184123635292053 0.19701412320137 0.196989491581917 0.196710631251335 0.199450761079788 0.203313916921616 0.186275064945221 0.17663985490799 0.206663802266121 0.198126792907715 0.178626105189323 0.190958485007286 0.197134613990784 0.196204423904419 0.198299422860146 0.195774704217911 0.207605794072151 0.221326872706413 0.205933034420013
-3.4e+38 -3.4e+38 -3.4e+38 -3.4e+38 -3.4e+38 -3.4e+38 -3.4e+38 -3.4e+38 -3.4e+38 -3.4e+38 0.179740428924561 0.17449551820755 0.166788473725319 0.182255133986473 0.18316762149334 0.173542052507401 0.180905416607857 0.184854716062546 0.177439644932747 0.171074077486992 0.157677590847015 0.154710203409195 0.16719825565815 0.15894603729248 0.160574078559875 0.180595219135284 0.193853408098221 0.181025788187981 0.170389547944069 0.18793797492981 0.193211898207664 0.198721066117287 0.210752964019775 0.201777517795563 0.188908845186234 0.187596648931503 0.190231934189796 0.183633014559746 0.199564963579178 0.186570808291435 0.181554913520813 0.191475585103035 0.176691517233849 0.182492017745972 0.200493574142456 0.193636134266853 0.174237534403801 0.182852506637573 0.184653058648109
-3.4e+38 -3.4e+38 -3.4e+38 -3.4e+38 -3.4e+38 -3.4e+38 -3.4e+38 -3.4e+38 -3.4e+38 -3.4e+38 -3.4e+38 0.184946671128273 0.1710155159235 0.182618573307991 0.193662047386169 0.189728304743767 0.196688339114189 0.191622450947762 0.184914276003838 0.190612852573395 0.183900639414787 0.179659426212311 0.180200204253197 0.162487342953682 0.162910148501396 0.184846773743629 0.192714184522629 0.193402633070946 0.188581436872482 0.196533665060997 0.187692642211914 0.183700069785118 0.198516696691513 0.1893669962883 0.177244395017624 0.192813515663147 0.204518675804138 0.198992863297462 0.191125750541687 0.183583572506905 0.202044695615768 0.222613394260406 0.197771966457367 0.195215910673141 0.201939254999161 0.190383806824684 0.173041686415672 0.179744705557823 0.19241127371788
-3.4e+38 -3.4e+38 -3.4e+38 -3.4e+38 -3.4e+38 -3.4e+38 -3.4e+38 -3.4e+38 -3.4e+38 -3.4e+38 -3.4e+38 -3.4e+38 -3.4e+38 -3.4e+38 -3.4e+38 -3.4e+38 -3.4e+38 -3.4e+38 -3.4e+38 -3.4e+38 -3.4e+38 -3.4e+38 -3.4e+38 -3.4e+38 -3.4e+38 -3.4e+38 -3.4e+38 -3.4e+38 -3.4e+38 -3.4e+38 -3.4e+38 0.175928726792336 0.186521425843239 0.186591386795044 0.185886397957802 0.205540418624878 0.206948414444923 0.19261446595192 0.190093263983727 0.178204715251923 0.182869344949722 0.202960655093193 0.201178625226021 0.189967513084412 0.175256013870239 0.17170624434948 0.173147171735764 0.182158201932907 0.201689541339874
-3.4e+38 -3.4e+38 -3.4e+38 -3.4e+38 -3.4e+38 -3.4e+38 -3.4e+38 -3.4e+38 -3.4e+38 -3.4e+38 -3.4e+38 -3.4e+38 -3.4e+38 -3.4e+38 -3.4e+38 -3.4e+38 -3.4e+38 -3.4e+38 -3.4e+38 -3.4e+38 -3.4e+38 -3.4e+38 -3.4e+38 -3.4e+38 -3.4e+38 -3.4e+38 -3.4e+38 -3.4e+38 -3.4e+38 -3.4e+38 -3.4e+38 -3.4e+38 -3.4e+38 0.199774295091629 0.200409352779388 0.199389234185219 0.192154496908188 0.172576487064362 0.157819360494614 0.156865507364273 0.160072579979897 0.16891160607338 0.17946645617485 0.178270936012268 0.175460979342461 0.182261452078819 0.186091884970665 0.174674063920975 0.181998535990715
-3.4e+38 -3.4e+38 -3.4e+38 -3.4e+38 -3.4e+38 -3.4e+38 -3.4e+38 -3.4e+38 -3.4e+38 -3.4e+38 -3.4e+38 -3.4e+38 -3.4e+38 -3.4e+38 -3.4e+38 -3.4e+38 -3.4e+38 -3.4e+38 -3.4e+38 -3.4e+38 -3.4e+38 -3.4e+38 -3.4e+38 -3.4e+38 -3.4e+38 -3.4e+38 -3.4e+38 -3.4e+38 -3.4e+38 -3.4e+38 -3.4e+38 -3.4e+38 -3.4e+38 -3.4e+38 0.185792416334152 0.17328143119812 0.18369947373867 0.18762294948101 0.17965067923069 0.183687210083008 0.192090302705765 0.197975382208824 0.181762084364891 0.158921733498573 0.154186517000198 0.176939055323601 0.187291979789734 0.174339175224304 0.170886874198914
-3.4e+38 -3.4e+38 -3.4e+38 -3.4e+38 -3.4e+38 -3.4e+38 -3.4e+38 -3.4e+38 -3.4e+38 -3.4e+38 -3.4e+38 -3.4e+38 -3.4e+38 -3.4e+38 -3.4e+38 -3.4e+38 -3.4e+38 -3.4e+38 -3.4e+38 -3.4e+38 -3.4e+38 -3.4e+38 -3.4e+38 -3.4e+38 -3.4e+38 -3.4e+38 -3.4e+38 -3.4e+38 -3.4e+38 -3.4e+38 -3.4e+38 -3.4e+38 -3.4e+38 -3.4e+38 0.184626221656799 0.20042310655117 0.199069306254387 0.184060156345367 0.18309773504734 0.177681446075439 0.171706974506378 0.178626596927643 0.173986509442329 0.161868244409561 0.169678747653961 0.190409302711487 0.203675955533981 0.19491995871067 0.183243274688721
-3.4e+38 -3.4e+38 -3.4e+38 -3.4e+38 -3.4e+38 -3.4e+38 -3.4e+38 -3.4e+38 -3.4e+38 -3.4e+38 -3.4e+38 -3.4e+38 -3.4e+38 -3.4e+38 -3.4e+38 -3.4e+38 -3.4e+38 -3.4e+38 -3.4e+38 -3.4e+38 -3.4e+38 -3.4e+38 -3.4e+38 -3.4e+38 -3.4e+38 -3.4e+38 -3.4e+38 -3.4e+38 -3.4e+38 -3.4e+38 -3.4e+38 -3.4e+38 -3.4e+38 -3.4e+38 0.182798445224762 0.195436269044876 0.197991937398911 0.166237965226173 0.160293698310852 0.173896223306656 0.168149814009666 0.163988694548607 0.165541216731071 0.181147143244743 0.195520430803299 0.19465771317482 0.185661494731903 0.182316020131111 0.170889303088188
-3.4e+38 -3.4e+38 -3.4e+38 -3.4e+38 -3.4e+38 -3.4e+38 -3.4e+38 -3.4e+38 -3.4e+38 -3.4e+38 -3.4e+38 -3.4e+38 -3.4e+38 -3.4e+38 -3.4e+38 -3.4e+38 -3.4e+38 -3.4e+38 -3.4e+38 -3.4e+38 -3.4e+38 -3.4e+38 -3.4e+38 -3.4e+38 -3.4e+38 -3.4e+38 -3.4e+38 -3.4e+38 -3.4e+38 -3.4e+38 -3.4e+38 -3.4e+38 -3.4e+38 -3.4e+38 -3.4e+38 0.18136502802372 0.192764356732368 0.180083453655243 0.175297603011131 0.18826051056385 0.177310883998871 0.160969436168671 0.149241521954536 0.162005186080933 0.189673960208893 0.191224634647369 0.17845256626606 0.186636313796043 0.181076288223267
-3.4e+38 -3.4e+38 -3.4e+38 -3.4e+38 -3.4e+38 -3.4e+38 -3.4e+38 -3.4e+38 -3.4e+38 -3.4e+38 -3.4e+38 -3.4e+38 -3.4e+38 -3.4e+38 -3.4e+38 -3.4e+38 -3.4e+38 -3.4e+38 -3.4e+38 -3.4e+38 -3.4e+38 -3.4e+38 -3.4e+38 -3.4e+38 -3.4e+38 -3.4e+38 -3.4e+38 -3.4e+38 -3.4e+38 -3.4e+38 -3.4e+38 -3.4e+38 -3.4e+38 -3.4e+38 -3.4e+38 -3.4e+38 0.188640668988228 0.177305638790131 0.189562544226646 0.187266185879707 0.17575865983963 0.178737953305244 0.171477764844894 0.165858089923859 0.169559195637703 0.173614427447319 0.172490656375885 0.188337907195091 0.179869458079338
-3.4e+38 -3.4e+38 -3.4e+38 -3.4e+38 -3.4e+38 -3.4e+38 -3.4e+38 -3.4e+38 -3.4e+38 -3.4e+38 -3.4e+38 -3.4e+38 -3.4e+38 -3.4e+38 -3.4e+38 -3.4e+38 -3.4e+38 -3.4e+38 -3.4e+38 -3.4e+38 -3.4e+38 -3.4e+38 -3.4e+38 -3.4e+38 -3.4e+38 -3.4e+38 -3.4e+38 -3.4e+38 -3.4e+38 -3.4e+38 -3.4e+38 -3.4e+38 -3.4e+38 -3.4e+38 -3.4e+38 -3.4e+38 -3.4e+38 0.175160154700279 0.196149483323097 0.187489867210388 0.167042836546898 0.178664609789848 0.17516878247261 0.159403905272484 0.149910435080528 0.162012025713921 0.190144047141075 0.18767437338829 0.167813345789909
-3.4e+38 -3.4e+38 -3.4e+38 -3.4e+38 -3.4e+38 -3.4e+38 -3.4e+38 -3.4e+38 -3.4e+38 -3.4e+38 -3.4e+38 -3.4e+38 -3.4e+38 -3.4e+38 -3.4e+38 -3.4e+38 -3.4e+38 -3.4e+38 -3.4e+38 -3.4e+38 -3.4e+38 -3.4e+38 -3.4e+38 -3.4e+38 -3.4e+38 -3.4e+38 -3.4e+38 -3.4e+38 -3.4e+38 -3.4e+38 -3.4e+38 -3.4e+38 -3.4e+38 -3.4e+38 -3.4e+38 -3.4e+38 -3.4e+38 -3.4e+38 0.190246567130089 0.193996846675873 0.163765773177147 0.153034925460815 0.173473566770554 0.193660631775856 0.192136630415916 0.169295743107796 0.184809416532516 0.205439373850822 0.188321605324745
