data/1_raw/trimmed_ndre/W_ndre.727.2011_no_clouds.asc
NCOLS 130 
NROWS 71 
XLLCORNER 530645 
YLLCORNER 5158205 
CELLSIZE 5 
NODATA_value -3.4e+38 
[rows 0 to 20 of 71, columns 0 to 48 of 130]
-339999999999999996123846586046231871488.000000000000000 -3.4e+38 -3.4e+38 -3.4e+38 -3.4e+38 -3.4e+38 -3.4e+38 -3.4e+38 -3.4e+38 -3.4e+38 -3.4e+38 0.492526352405548 0.457945108413696 0.399309873580933 0.379507958889008 0.417394608259201 0.450119078159332 -3.4e+38 -3.4e+38 -3.4e+38 -3.4e+38 -3.4e+38 -3.4e+38 -3.4e+38 -3.4e+38 -3.4e+38 -3.4e+38 -3.4e+38 -3.4e+38 -3.4e+38 -3.4e+38 -3.4e+38 -3.4e+38 -3.4e+38 -3.4e+38 -3.4e+38 -3.4e+38 -3.4e+38 -3.4e+38 -3.4e+38 -3.4e+38 -3.4e+38 -3.4e+38 -3.4e+38 -3.4e+38 -3.4e+38 -3.4e+38 -3.4e+38 -3.4e+38
-3.4e+38 -3.4e+38 -3.4e+38 -3.4e+38 -3.4e+38 -3.4e+38 -3.4e+38 -3.4e+38 -3.4e+38 -3.4e+38 0.48334664106369 0.485737234354019 0.453842580318451 0.405369311571121 0.383129924535751 0.409422099590302 0.458576440811157 0.505769491195679 -3.4e+38 -3.4e+38 -3.4e+38 -3.4e+38 -3.4e+38 -3.4e+38 -3.4e+38 -3.4e+38 -3.4e+38 -3.4e+38 -3.4e+38 -3.4e+38 -3.4e+38 -3.4e+38 -3.4e+38 -3.4e+38 -3.4e+38 -3.4e+38 -3.4e+38 -3.4e+38 -3.4e+38 -3.4e+38 -3.4e+38 -3.4e+38 -3.4e+38 -3.4e+38 -3.4e+38 -3.4e+38 -3.4e+38 -3.4e+38 -3.4e+38
-3.4e+38 -3.4e+38 -3.4e+38 -3.4e+38 -3.4e+38 -3.4e+38 -3.4e+38 -3.4e+38 0.478147208690643 0.485133588314056 0.49919468164444 0.490847587585449 0.468686372041702 0.435900837182999 0.424940884113312 0.429903239011765 0.464316189289093 0.501436352729797 0.538195073604584 -3.4e+38 -3.4e+38 -3.4e+38 -3.4e+38 -3.4e+38 -3.4e+38 -3.4e+38 -3.4e+38 -3.4e+38 -3.4e+38 -3.4e+38 -3.4e+38 -3.4e+38 -3.4e+38 -3.4e+38 -3.4e+38 -3.4e+38 -3.4e+38 -3.4e+38 -3.4e+38 -3.4e+38 -3.4e+38 -3.4e+38 -3.4e+38 -3.4e+38 -3.4e+38 -3.4e+38 -3.4e+38 -3.4e+38 -3.4e+38
-3.4e+38 -3.4e+38 -3.4e+38 -3.4e+38 -3.4e+38 -3.4e+38 -3.4e+38 -3.4e+38 -3.4e+38 0.493088752031326 0.523234903812408 0.50542014837265 0.4794682264328 0.459457129240036 0.459978073835373 0.449488550424576 0.459474802017212 0.479590684175491 0.491482555866241 0.533871233463287 0.56503826379776 -3.4e+38 -3.4e+38 -3.4e+38 -3.4e+38 -3.4e+38 -3.4e+38 -3.4e+38 -3.4e+38 -3.4e+38 -3.4e+38 -3.4e+38 0.532489717006683 0.514075875282288 -3.4e+38 -3.4e+38 -3.4e+38 -3.4e+38 -3.4e+38 -3.4e+38 -3.4e+38 -3.4e+38 -3.4e+38 -3.4e+38 -3.4e+38 -3.4e+38 -3.4e+38 -3.4e+38 -3.4e+38
-3.4e+38 -3.4e+38 -3.4e+38 -3.4e+38 -3.4e+38 -3.4e+38 -3.4e+38 -3.4e+38 -3.4e+38 0.5139040350914 0.540859699249268 0.508468210697174 0.468798726797104 0.449949353933334 0.467127293348312 0.468737095594406 0.4602971971035 0.466249376535416 0.479088425636292 0.531393051147461 0.570039689540863 0.557556986808777 0.547101557254791 0.564855873584747 0.567688524723053 0.576234042644501 0.602059721946716 0.588212788105011 -3.4e+38 -3.4e+38 -3.4e+38 0.543919861316681 0.530043244361877 0.510837852954865 0.525651693344116 0.532056748867035 0.521367490291595 -3.4e+38 -3.4e+38 -3.4e+38 -3.4e+38 -3.4e+38 -3.4e+38 -3.4e+38 -3.4e+38 -3.4e+38 -3.4e+38 -3.4e+38 -3.4e+38
-3.4e+38 -3.4e+38 -3.4e+38 -3.4e+38 -3.4e+38 -3.4e+38 -3.4e+38 -3.4e+38 -3.4e+38 0.514175474643707 0.554810345172882 0.531979739665985 0.506619989871979 0.473851650953293 0.45571357011795 0.469309955835342 0.460106879472733 0.464309453964233 0.469265520572662 0.494032621383667 0.531233191490173 0.54962944984436 0.558663308620453 0.574402451515198 0.58516937494278 0.576546967029572 0.576641798019409 0.573496520519257 0.584099590778351 0.575937867164612 0.543360114097595 0.551621794700623 0.546574115753174 0.533204257488251 0.536475419998169 0.523056149482727 0.508785486221313 0.495872616767883 0.483412355184555 0.491898983716965 -3.4e+38 -3.4e+38 -3.4e+38 -3.4e+38 -3.4e+38 -3.4e+38 -3.4e+38 -3.4e+38 -3.4e+38
-3.4e+38 -3.4e+38 -3.4e+38 -3.4e+38 -3.4e+38 -3.4e+38 -3.4e+38 -3.4e+38 -3.4e+38 0.479092001914978 0.530743777751923 0.53505551815033 0.518926620483398 0.494263052940369 0.473143011331558 0.467816293239594 0.446656346321106 0.463834553956985 0.467833012342453 0.468441128730774 0.505543410778046 0.546952903270721 0.565346479415894 0.575204789638519 0.575580894947052 0.540395796298981 0.521296262741089 0.547631502151489 0.560155689716339 0.575761497020721 0.576121270656586 0.56394499540329 0.540526568889618 0.547734677791595 0.536181151866913 0.521542310714722 0.508038759231567 0.494439572095871 0.499359339475632 0.502077221870422 0.491259574890137 0.489314407110214 -3.4e+38 -3.4e+38 -3.4e+38 -3.4e+38 -3.4e+38 -3.4e+38 -3.4e+38
-3.4e+38 -3.4e+38 -3.4e+38 -3.4e+38 -3.4e+38 -3.4e+38 -3.4e+38 -3.4e+38 -3.4e+38 0.467992156744003 0.51826399564743 0.52419775724411 0.497614443302155 0.480802059173584 0.498870581388474 0.476831585168839 0.44047424197197 0.463289111852646 0.483574151992798 0.494413375854492 0.516923189163208 0.554425299167633 0.558236420154572 0.545619130134583 0.540859878063202 0.527171611785889 0.493983268737793 0.506954371929169 0.559578895568848 0.578913688659668 0.572835206985474 0.551801085472107 0.52777761220932 0.558329582214355 0.554401874542236 0.51954585313797 0.52033793926239 0.497504502534866 0.4984350502491 0.511035263538361 0.511290907859802 0.506290316581726 0.504387617111206 -3.4e+38 -3.4e+38 -3.4e+38 -3.4e+38 -3.4e+38 -3.4e+38
-3.4e+38 -3.4e+38 -3.4e+38 -3.4e+38 -3.4e+38 -3.4e+38 -3.4e+38 -3.4e+38 0.400134980678558 0.461318641901016 0.508871912956238 0.514665901660919 0.478056341409683 0.455201715230942 0.489290297031403 0.489874482154846 0.471194535493851 0.485499739646912 0.511353671550751 0.530879378318787 0.537143468856812 0.555994272232056 0.555185616016388 0.545053780078888 0.549725294113159 0.551630675792694 0.537557005882263 0.517210364341736 0.538407504558563 0.560495913028717 0.544467926025391 0.550648629665375 0.557803750038147 0.542920053005219 0.553995430469513 0.552226424217224 0.542661070823669 0.519560575485229 0.509721040725708 0.518013656139374 0.519277632236481 0.519393861293793 0.511350095272064 0.502424240112305 0.494988262653351 0.488981336355209 0.493972420692444 -3.4e+38 -3.4e+38
-3.4e+38 -3.4e+38 -3.4e+38 -3.4e+38 -3.4e+38 -3.4e+38 -3.4e+38 0.295591711997986 0.385200291872025 0.459393382072449 0.492383122444153 0.486522883176804 0.450972020626068 0.426902294158936 0.457702338695526 0.486518293619156 0.497427344322205 0.495672106742859 0.505250155925751 0.515265822410583 0.524075329303741 0.547871172428131 0.566680073738098 0.569850742816925 0.583646833896637 0.579385757446289 0.549997925758362 0.534021079540253 0.538746297359467 0.559981465339661 0.547971069812775 0.545373022556305 0.560276329517365 0.563147008419037 0.565029263496399 0.560589790344238 0.562571108341217 0.573920130729675 0.562078893184662 0.538785576820374 0.526274025440216 0.52805769443512 0.522205650806427 0.503181338310242 0.484112709760666 0.48295384645462 0.497534662485123 0.509018003940582 -3.4e+38
-3.4e+38 -3.4e+38 -3.4e+38 -3.4e+38 -3.4e+38 -3.4e+38 0.277602672576904 0.308526575565338 0.380770027637482 0.467423170804977 0.500394403934479 0.461611062288284 0.428642481565475 0.413245767354965 0.421859562397003 0.450263291597366 0.495272248983383 0.502133309841156 0.479709178209305 0.49086919426918 0.501582980155945 0.534501373767853 0.571240186691284 0.564885020256042 0.560100376605988 0.54231196641922 0.527595162391663 0.559539616107941 0.564189314842224 0.555194556713104 0.553973913192749 0.56289941072464 0.565464913845062 0.569261968135834 0.54981791973114 0.529131412506104 0.547133147716522 0.572851955890656 0.562237024307251 0.539281189441681 0.530473232269287 0.542397797107697 0.552644073963165 0.551107704639435 0.527140080928802 0.498456239700317 0.491555988788605 0.489522069692612 0.500907182693481
-3.4e+38 -3.4e+38 -3.4e+38 -3.4e+38 -3.4e+38 0.25791072845459 0.288702398538589 0.328173160552979 0.357416778802872 0.441184967756271 0.490987658500671 0.491255193948746 0.47174197435379 0.443844109773636 0.407658398151398 0.400169104337692 0.443834394216537 0.483336001634598 0.486415833234787 0.495935708284378 0.498560845851898 0.51454097032547 0.539238154888153 0.542897343635559 0.541467308998108 0.532794296741486 0.534482896327972 0.55806565284729 0.562278509140015 0.568936884403229 0.573868691921234 0.572353422641754 0.554238975048065 0.549902081489563 0.546246707439423 0.520043432712555 0.523968815803528 0.543466746807098 0.547088146209717 0.541891157627106 0.53612208366394 0.539633870124817 0.548709869384766 0.554775416851044 0.536276400089264 0.504887282848358 0.489371627569199 0.486356407403946 0.504657208919525
-3.4e+38 -3.4e+38 -3.4e+38 -3.4e+38 -3.4e+38 0.247014671564102 0.278477042913437 0.322608977556229 0.318422853946686 0.384740710258484 0.4724460542202 0.510928392410278 0.513507068157196 0.487465083599091 0.425135910511017 0.382825523614883 0.393064886331558 0.44987228512764 0.503052234649658 0.495969027280807 0.48484593629837 0.496757507324219 0.536951065063477 0.568596482276917 0.573084652423859 0.57543271780014 0.57526022195816 0.564343571662903 0.542700707912445 0.561018705368042 0.5707728266716 0.556716859340668 0.557657837867737 0.560451328754425 0.547873556613922 0.533948481082916 0.543689906597137 0.54352730512619 0.556824147701263 0.568003535270691 0.558379828929901 0.543973386287689 0.548592269420624 0.54783821105957 0.527944207191467 0.518723011016846 0.513820469379425 0.503752946853638 0.519509732723236
-3.4e+38 -3.4e+38 -3.4e+38 -3.4e+38 0.259389609098434 0.26085376739502 0.289011478424072 0.299634039402008 0.296212702989578 0.321254879236221 0.410789400339127 0.463045746088028 0.486918836832047 0.509712696075439 0.482263118028641 0.443008989095688 0.420698553323746 0.445918500423431 0.512849926948547 0.540898442268372 0.529726803302765 0.545714557170868 0.590365350246429 0.616361916065216 0.593776702880859 0.570777475833893 0.573109030723572 0.569321274757385 0.550907135009766 0.55879533290863 0.571560561656952 0.558243274688721 0.544587552547455 0.549124479293823 0.538615703582764 0.551650702953339 0.581149876117706 0.568402767181396 0.553171634674072 0.558176159858704 0.558251023292542 0.542901992797852 0.550236821174622 0.556349992752075 0.546927988529205 0.546900629997253 0.535668015480042 0.525008976459503 0.530483543872833
-3.4e+38 -3.4e+38 -3.4e+38 -3.4e+38 0.234031617641449 0.233064472675323 0.271282255649567 0.292559564113617 0.287435829639435 0.277531206607819 0.322838962078094 0.40756744146347 0.458976298570633 0.493104428052902 0.504420280456543 0.505397498607635 0.483026534318924 0.465417802333832 0.502315104007721 0.545239210128784 0.568715453147888 0.583001732826233 0.600442230701447 0.602051496505737 0.59371292591095 0.585474789142609 0.594528317451477 0.592879951000214 0.583383917808533 0.580351293087006 0.578215301036835 0.556045055389404 0.542514801025391 0.563198924064636 0.557052135467529 0.564196944236755 0.586938440799713 0.58066600561142 0.552163422107697 0.525758683681488 0.527994334697723 0.528674781322479 0.549257338047028 0.556362748146057 0.544964075088501 0.559352815151215 0.552410840988159 0.543116807937622 0.540056586265564
-3.4e+38 -3.4e+38 -3.4e+38 -3.4e+38 0.233294352889061 0.23593208193779 0.270896941423416 0.298909038305283 0.316551923751831 0.306123018264771 0.298744857311249 0.329611361026764 0.374256461858749 0.403711020946503 0.429426103830338 0.447975695133209 0.444379478693008 0.439934939146042 0.457762032747269 0.479523152112961 0.507630705833435 0.542241871356964 0.571403384208679 0.577455103397369 0.567723095417023 0.578868746757507 0.599754512310028 0.584633588790894 0.559042453765869 0.564228355884552 0.579765617847443 0.581085681915283 0.569484829902649 0.578394949436188 0.587014079093933 0.56718498468399 0.567372858524323 0.583442986011505 0.57154381275177 0.528444707393646 0.51759946346283 0.523784816265106 0.529147624969482 0.532777845859528 0.537465393543243 0.557244002819061 0.558898270130157 0.558814108371735 0.552074372768402
-3.4e+38 -3.4e+38 -3.4e+38 0.251684874296188 0.24277563393116 0.259598940610886 0.270141512155533 0.270678162574768 0.285033673048019 0.281152963638306 0.265480875968933 0.263576716184616 0.261933088302612 0.286066502332687 0.32915386557579 0.365253508090973 0.364913731813431 0.356451123952866 0.365509271621704 0.383551895618439 0.38927373290062 0.403217732906342 0.434637367725372 0.464119136333466 0.476330369710922 0.494823038578033 0.534237623214722 0.553294837474823 0.545856833457947 0.544336318969727 0.561097979545593 0.577435791492462 0.547832906246185 0.519632995128632 0.549697279930115 0.5704425573349 0.579063236713409 0.58880603313446 0.587052762508392 0.561757981777191 0.543925166130066 0.539162456989288 0.539473056793213 0.536740303039551 0.539454996585846 0.550315618515015 0.552824437618256 0.574217319488525 0.578108370304108
-3.4e+38 -3.4e+38 0.27823331952095 0.253412663936615 0.22440005838871 0.228510692715645 0.231916695833206 0.236676916480064 0.252492398023605 0.25692680478096 0.25939530134201 0.276628196239471 0.287396281957626 0.274094462394714 0.270984053611755 0.283947825431824 0.285292357206345 0.266857743263245 0.264163941144943 0.299679130315781 0.318576842546463 0.30494424700737 0.285775393247604 0.306304484605789 0.358118861913681 0.391601383686066 0.429366111755371 0.47021409869194 0.498506188392639 0.49986457824707 0.498300611972809 0.509591519832611 0.498287618160248 0.481391817331314 0.510328471660614 0.557491719722748 0.586490035057068 0.573077619075775 0.558310806751251 0.570016205310822 0.57941073179245 0.559771418571472 0.555843114852905 0.553098142147064 0.549156069755554 0.550199329853058 0.556023180484772 0.574390470981598 0.576682925224304
-3.4e+38 0.275515645742416 0.282050997018814 0.274144262075424 0.2437943816185 0.225872710347176 0.223713785409927 0.243585526943207 0.268087029457092 0.26978874206543 0.268323719501495 0.269439876079559 0.265780448913574 0.240077197551727 0.225521460175514 0.229724764823914 0.240986928343773 0.241571754217148 0.240023136138916 0.257452577352524 0.273442715406418 0.279780894517899 0.247382089495659 0.244371771812439 0.303437381982803 0.314748167991638 0.303497821092606 0.329728484153748 0.384961366653442 0.422988265752792 0.445715755224228 0.462573260068893 0.465657353401184 0.460077106952667 0.488519549369812 0.528810262680054 0.575246572494507 0.598203778266907 0.559317648410797 0.550175070762634 0.578724443912506 0.565295159816742 0.548791587352753 0.557420432567596 0.56257563829422 0.557049453258514 0.55493438243866 0.553877472877502 0.558653831481934
-3.4e+38 0.27369824051857 0.268209636211395 0.271710008382797 0.249225571751595 0.23034992814064 0.24149988591671 0.249624162912369 0.260052889585495 0.263057619333267 0.278542786836624 0.269308775663376 0.244556844234467 0.235883817076683 0.238302439451218 0.250010669231415 0.258349478244781 0.250469416379929 0.260764867067337 0.275868058204651 0.260296314954758 0.245859086513519 0.273657768964767 0.274877220392227 0.268289804458618 0.265895307064056 0.255097150802612 0.250270754098892 0.28543084859848 0.329462379217148 0.379294663667679 0.399148106575012 0.410319119691849 0.429270595312119 0.480665951967239 0.511931180953979 0.531942009925842 0.577492296695709 0.567174732685089 0.538865447044373 0.562410116195679 0.586308360099792 0.56594580411911 0.564195334911346 0.585013747215271 0.568475008010864 0.556885063648224 0.549924433231354 0.554733693599701
0.274828523397446 0.259354889392853 0.249749928712845 0.277136027812958 0.259529709815979 0.242813214659691 0.256754457950592 0.254915624856949 0.24774906039238 0.242686003446579 0.268193691968918 0.259267389774323 0.246887385845184 0.253803670406342 0.254124253988266 0.249879002571106 0.255229592323303 0.256224513053894 0.265296518802643 0.281745970249176 0.282384842634201 0.271707236766815 0.271596699953079 0.253252476453781 0.235706686973572 0.25479319691658 0.289085745811462 0.290616244077682 0.267216205596924 0.258508294820786 0.286778330802917 0.314463108778 0.339287877082825 0.38551390171051 0.424791753292084 0.452625840902328 0.495938777923584 0.555795073509216 0.569037556648254 0.545007288455963 0.53480589389801 0.568515181541443 0.588265657424927 0.599302411079407 0.603567361831665 0.579715073108673 0.577038466930389 0.581239402294159 0.575591444969177
