data/1_raw/trimmed_ndre/W_ndre.68.2015_no_clouds.asc
NCOLS 130 
NROWS 71 
XLLCORNER 530645 
YLLCORNER 5158205 
CELLSIZE 5 
NODATA_value -3.4e+38 
[rows 21 to 41 of 71, columns 0 to 48 of 130]
0.231206133961678 0.240431174635887 0.243393793702126 0.232431262731552 0.23068456351757 0.233883082866669 0.23528952896595 0.237466409802437 0.228727474808693 0.223166882991791 0.223016738891602 0.221918359398842 0.221748024225235 0.218309417366982 0.212571457028389 0.202853664755821 0.209896937012672 0.218790426850319 0.220583155751228 0.220813050866127 0.208803847432137 0.20352241396904 0.214034140110016 0.209939196705818 0.214872226119041 0.216265335679054 0.203892558813095 0.203354403376579 0.203961730003357 0.204720884561539 0.204995214939117 0.220637083053589 0.22299399971962 0.211419865489006 0.205788195133209 0.214104652404785 0.210108578205109 0.194888964295387 0.190857529640198 0.204364344477654 0.212633267045021 0.210234329104424 0.217987909913063 0.224989205598831 0.23541297018528 0.250270456075668 0.256668120622635 0.250053077936172 0.243539661169052
0.232350826263428 0.241085156798363 0.241733148694038 0.235013365745544 0.229761064052582 0.232012644410133 0.239652007818222 0.246251955628395 0.239012211561203 0.230123102664948 0.223922476172447 0.221183925867081 0.227400243282318 0.224948346614838 0.213810488581657 0.199739396572113 0.207091704010963 0.213623031973839 0.217344999313354 0.217870190739632 0.201957836747169 0.206744581460953 0.214098572731018 0.203494653105736 0.208901986479759 0.20771786570549 0.201604336500168 0.202216699719429 0.205865442752838 0.204604372382164 0.202099651098251 0.20600950717926 0.209948524832726 0.214421972632408 0.217918112874031 0.219610825181007 0.209828674793243 0.195719659328461 0.192105576395988 0.205110669136047 0.206568479537964 0.20757083594799 0.216774553060532 0.218028098344803 0.218514129519463 0.229086026549339 0.255891382694244 0.243642225861549 0.242933318018913
-3.4e+38 0.238012164831161 0.23664328455925 0.238101705908775 0.243900746107101 0.246544629335403 0.240426316857338 0.236748084425926 0.233833059668541 0.229478061199188 0.221858650445938 0.224509686231613 0.236644625663757 0.220021620392799 0.20793591439724 0.200565546751022 0.204196393489838 0.204964220523834 0.206852942705154 0.205319091677666 0.193779975175858 0.205640748143196 0.206614598631859 0.195332676172256 0.200361847877502 0.199898079037666 0.200070023536682 0.20230507850647 0.205293536186218 0.197429329156876 0.193446323275566 0.197667509317398 0.204405069351196 0.216836735606194 0.221066147089005 0.213233172893524 0.21240596473217 0.205097913742065 0.199591264128685 0.203393802046776 0.200366213917732 0.202272146940231 0.209442093968391 0.212218955159187 0.224542811512947 0.232032015919685 0.241040706634521 0.225379124283791 0.227789238095284
-3.4e+38 -3.4e+38 0.23151496052742 0.236681148409843 0.245348945260048 0.248701617121696 0.232085794210434 0.222268581390381 0.222030088305473 0.228616267442703 0.224559500813484 0.225747466087341 0.228254392743111 0.213676914572716 0.209730565547943 0.207073643803596 0.206153571605682 0.20194785296917 0.200439676642418 0.199771344661713 0.194435715675354 0.195232421159744 0.200090050697327 0.200224623084068 0.199120566248894 0.195135816931725 0.198776453733444 0.204076275229454 0.20673181116581 0.197876155376434 0.198877245187759 0.202791169285774 0.206296876072884 0.217520013451576 0.218152076005936 0.21589620411396 0.22360897064209 0.215607404708862 0.204533368349075 0.19943080842495 0.200923845171928 0.204526618123055 0.208257555961609 0.211905747652054 0.223304077982903 0.221782475709915 0.22153215110302 0.222893536090851 0.226523026823997
-3.4e+38 -3.4e+38 -3.4e+38 0.226503968238831 0.237398862838745 0.239597946405411 0.223324775695801 0.216127216815948 0.220717877149582 0.226469203829765 0.21958264708519 0.220060616731644 0.220676854252815 0.218795821070671 0.222775310277939 0.215069368481636 0.203252598643303 0.194297432899475 0.194522351026535 0.204557985067368 0.20037904381752 0.186598554253578 0.200889736413956 0.207315266132355 0.20229360461235 0.193243682384491 0.198579415678978 0.204197466373444 0.207422822713852 0.204806864261627 0.207320988178253 0.209173664450645 0.211926966905594 0.220468923449516 0.227994844317436 0.228456795215607 0.226851090788841 0.217230543494225 0.20278899371624 0.195971965789795 0.199647784233093 0.207596763968468 0.211135059595108 0.211833581328392 0.211867287755013 0.206520423293114 0.221956878900528 0.235151067376137 0.231179803609848
-3.4e+38 -3.4e+38 -3.4e+38 0.229279920458794 0.232879444956779 0.229371204972267 0.22103214263916 0.220533087849617 0.22731326520443 0.224104657769203 0.214395567774773 0.216731235384941 0.222663164138794 0.220478713512421 0.211898744106293 0.20584711432457 0.199174374341965 0.191219583153725 0.190975308418274 0.204631105065346 0.195723026990891 0.183033242821693 0.192225947976112 0.208062797784805 0.20417408645153 0.196896910667419 0.205237254500389 0.208868354558945 0.212324991822243 0.212217554450035 0.208705395460129 0.209611043334007 0.215214535593987 0.226298213005066 0.238696545362473 0.236807152628899 0.223782166838646 0.209170430898666 0.199977219104767 0.200214132666588 0.205587074160576 0.211810186505318 0.210497364401817 0.208729043602943 0.212581977248192 0.225089654326439 0.238130748271942 0.244798511266708 0.240016847848892
-3.4e+38 -3.4e+38 -3.4e+38 0.234653934836388 0.233973696827888 0.228483945131302 0.225629776716232 0.227888867259026 0.230909883975983 0.218270659446716 0.211897253990173 0.216107502579689 0.215913638472557 0.213478714227676 0.205878973007202 0.199921041727066 0.202885463833809 0.197962462902069 0.192409545183182 0.193898543715477 0.184620544314384 0.178849309682846 0.183421701192856 0.202450633049011 0.201872140169144 0.204630091786385 0.212123870849609 0.213075265288353 0.216502547264099 0.212148427963257 0.202783852815628 0.211528658866882 0.220443710684776 0.224749952554703 0.231216937303543 0.240739956498146 0.22003735601902 0.203278124332428 0.204591602087021 0.209347262978554 0.214536890387535 0.21351645886898 0.202455654740334 0.199762493371964 0.210067674517632 0.22720730304718 0.237828344106674 0.250754356384277 0.250645905733109
-3.4e+38 -3.4e+38 -3.4e+38 -3.4e+38 0.230580717325211 0.230242416262627 0.228427439928055 0.229947686195374 0.22898431122303 0.209821000695229 0.209277853369713 0.212198495864868 0.206846326589584 0.214620724320412 0.207368940114975 0.201180264353752 0.206475004553795 0.198878571391106 0.194315433502197 0.191686600446701 0.184889197349548 0.183515056967735 0.191917464137077 0.204145506024361 0.205493554472923 0.212809026241302 0.217318192124367 0.215786814689636 0.214590981602669 0.210027784109116 0.209144100546837 0.217650443315506 0.220315724611282 0.212860837578773 0.214463457465172 0.240804076194763 0.219896495342255 0.210776165127754 0.213864669203758 0.216859072446823 0.221555531024933 0.213160157203674 0.20012791454792 0.202234998345375 0.219408646225929 0.227475002408028 0.231387630105019 0.254643946886063 0.258611410856247
-3.4e+38 -3.4e+38 -3.4e+38 -3.4e+38 -3.4e+38 0.227748706936836 0.222172111272812 0.22627991437912 0.226451337337494 0.213389188051224 0.214586272835732 0.2100650370121 0.206414446234703 0.220922410488129 0.207208856940269 0.19744311273098 0.197237819433212 0.193948164582253 0.198302090167999 0.200719133019447 0.199470236897469 0.194308698177338 0.199825406074524 0.206132605671883 0.208840146660805 0.216881573200226 0.21970123052597 0.218572646379471 0.217454522848129 0.216827496886253 0.219032272696495 0.220699563622475 0.21550065279007 0.216870322823524 0.225571393966675 0.236144945025444 0.220323026180267 0.222507923841476 0.221581220626831 0.217920795083046 0.219335362315178 0.210541367530823 0.209403574466705 0.218873023986816 0.233121201395988 0.230575174093246 0.231794863939285 0.250692665576935 0.256106317043304
-3.4e+38 -3.4e+38 -3.4e+38 -3.4e+38 -3.4e+38 -3.4e+38 -3.4e+38 -3.4e+38 0.223213076591492 0.216060936450958 0.220520853996277 0.211275264620781 0.210489451885223 0.214831918478012 0.199033945798874 0.200100675225258 0.200095698237419 0.197562023997307 0.204712510108948 0.207257255911827 0.203475967049599 0.198020800948143 0.205874115228653 0.209154963493347 0.210741370916367 0.215398132801056 0.219114378094673 0.219419211149216 0.220870241522789 0.225878924131393 0.226041927933693 0.220173686742783 0.217648863792419 0.233800381422043 0.235858917236328 0.234723225235939 0.228464275598526 0.233575105667114 0.225958123803139 0.218663945794106 0.219738245010376 0.22100841999054 0.230523601174355 0.236042156815529 0.230936929583549 0.229580372571945 0.235302105545998 0.250353187322617 0.263642370700836
-3.4e+38 -3.4e+38 -3.4e+38 -3.4e+38 -3.4e+38 -3.4e+38 -3.4e+38 -3.4e+38 -3.4e+38 -3.4e+38 0.222144275903702 0.209054797887802 0.206236839294434 0.203614264726639 0.196530282497406 0.212337672710419 0.213829055428505 0.210312366485596 0.208245754241943 0.209032982587814 0.207372203469276 0.205088570713997 0.210608214139938 0.214302748441696 0.215216636657715 0.21689373254776 0.220852181315422 0.21906116604805 0.224625214934349 0.232383474707603 0.229319825768471 0.221463277935982 0.224048033356667 0.239160105586052 0.236888542771339 0.240203902125359 0.241624802350998 0.240891084074974 0.234477952122688 0.22539047896862 0.224453642964363 0.234541416168213 0.246496349573135 0.234108850359917 0.220355227589607 0.232068181037903 0.239642098546028 0.260149449110031 0.282238721847534
-3.4e+38 -3.4e+38 -3.4e+38 -3.4e+38 -3.4e+38 -3.4e+38 -3.4e+38 -3.4e+38 -3.4e+38 -3.4e+38 -3.4e+38 0.210485503077507 0.212827980518341 0.201781809329987 0.200412511825562 0.222540333867073 0.220017820596695 0.211724638938904 0.210091382265091 0.218415394425392 0.216820389032364 0.213731095194817 0.213044330477715 0.220114007592201 0.223238900303841 0.226247489452362 0.227358043193817 0.218854114413261 0.227735325694084 0.232633292675018 0.22698487341404 0.221344172954559 0.224985122680664 0.234809756278992 0.237511619925499 0.244374394416809 0.239955767989159 0.234237894415855 0.233869671821594 0.227715194225311 0.226256787776947 0.233113795518875 0.243904963135719 0.236379146575928 0.226364254951477 0.231293797492981 0.24015711247921 0.271386831998825 0.285005927085876
-3.4e+38 -3.4e+38 -3.4e+38 -3.4e+38 -3.4e+38 -3.4e+38 -3.4e+38 -3.4e+38 -3.4e+38 -3.4e+38 -3.4e+38 -3.4e+38 -3.4e+38 -3.4e+38 -3.4e+38 -3.4e+38 -3.4e+38 -3.4e+38 -3.4e+38 -3.4e+38 -3.4e+38 -3.4e+38 -3.4e+38 -3.4e+38 -3.4e+38 -3.4e+38 -3.4e+38 -3.4e+38 -3.4e+38 -3.4e+38 -3.4e+38 0.221089884638786 0.222051441669464 0.238281935453415 0.252140372991562 0.247700020670891 0.234523937106133 0.225016087293625 0.224743247032166 0.224830284714699 0.220784947276115 0.223755210638046 0.235302537679672 0.245055332779884 0.230756491422653 0.222340077161789 0.228088036179543 0.254127651453018 0.259351044893265
-3.4e+38 -3.4e+38 -3.4e+38 -3.4e+38 -3.4e+38 -3.4e+38 -3.4e+38 -3.4e+38 -3.4e+38 -3.4e+38 -3.4e+38 -3.4e+38 -3.4e+38 -3.4e+38 -3.4e+38 -3.4e+38 -3.4e+38 -3.4e+38 -3.4e+38 -3.4e+38 -3.4e+38 -3.4e+38 -3.4e+38 -3.4e+38 -3.4e+38 -3.4e+38 -3.4e+38 -3.4e+38 -3.4e+38 -3.4e+38 -3.4e+38 -3.4e+38 -3.4e+38 0.240828275680542 0.248319536447525 0.241664379835129 0.229784816503525 0.216844037175179 0.216156452894211 0.226020902395248 0.224972605705261 0.217888563871384 0.225799486041069 0.24416808784008 0.226380228996277 0.219132676720619 0.223891898989677 0.23731492459774 0.239239424467087
-3.4e+38 -3.4e+38 -3.4e+38 -3.4e+38 -3.4e+38 -3.4e+38 -3.4e+38 -3.4e+38 -3.4e+38 -3.4e+38 -3.4e+38 -3.4e+38 -3.4e+38 -3.4e+38 -3.4e+38 -3.4e+38 -3.4e+38 -3.4e+38 -3.4e+38 -3.4e+38 -3.4e+38 -3.4e+38 -3.4e+38 -3.4e+38 -3.4e+38 -3.4e+38 -3.4e+38 -3.4e+38 -3.4e+38 -3.4e+38 -3.4e+38 -3.4e+38 -3.4e+38 -3.4e+38 0.240239396691322 0.234232008457184 0.228052094578743 0.221475571393967 0.216855272650719 0.215323105454445 0.212579384446144 0.20529517531395 0.210363626480103 0.221462115645409 0.222590863704681 0.222395792603493 0.223564654588699 0.227736294269562 0.232943058013916
-3.4e+38 -3.4e+38 -3.4e+38 -3.4e+38 -3.4e+38 -3.4e+38 -3.4e+38 -3.4e+38 -3.4e+38 -3.4e+38 -3.4e+38 -3.4e+38 -3.4e+38 -3.4e+38 -3.4e+38 -3.4e+38 -3.4e+38 -3.4e+38 -3.4e+38 -3.4e+38 -3.4e+38 -3.4e+38 -3.4e+38 -3.4e+38 -3.4e+38 -3.4e+38 -3.4e+38 -3.4e+38 -3.4e+38 -3.4e+38 -3.4e+38 -3.4e+38 -3.4e+38 -3.4e+38 0.235272526741028 0.232151851058006 0.231591582298279 0.227046102285385 0.214107900857925 0.199584826827049 0.191768035292625 0.194514274597168 0.20488928258419 0.212024569511414 0.217250972986221 0.223877295851707 0.22208796441555 0.224424377083778 0.228397607803345
-3.4e+38 -3.4e+38 -3.4e+38 -3.4e+38 -3.4e+38 -3.4e+38 -3.4e+38 -3.4e+38 -3.4e+38 -3.4e+38 -3.4e+38 -3.4e+38 -3.4e+38 -3.4e+38 -3.4e+38 -3.4e+38 -3.4e+38 -3.4e+38 -3.4e+38 -3.4e+38 -3.4e+38 -3.4e+38 -3.4e+38 -3.4e+38 -3.4e+38 -3.4e+38 -3.4e+38 -3.4e+38 -3.4e+38 -3.4e+38 -3.4e+38 -3.4e+38 -3.4e+38 -3.4e+38 0.235911086201668 0.230122432112694 0.231392830610275 0.228021025657654 0.210507959127426 0.194180950522423 0.198196843266487 0.211415573954582 0.211092531681061 0.208719819784164 0.21211439371109 0.219500198960304 0.211749255657196 0.210217475891113 0.210543736815453
-3.4e+38 -3.4e+38 -3.4e+38 -3.4e+38 -3.4e+38 -3.4e+38 -3.4e+38 -3.4e+38 -3.4e+38 -3.4e+38 -3.4e+38 -3.4e+38 -3.4e+38 -3.4e+38 -3.4e+38 -3.4e+38 -3.4e+38 -3.4e+38 -3.4e+38 -3.4e+38 -3.4e+38 -3.4e+38 -3.4e+38 -3.4e+38 -3.4e+38 -3.4e+38 -3.4e+38 -3.4e+38 -3.4e+38 -3.4e+38 -3.4e+38 -3.4e+38 -3.4e+38 -3.4e+38 -3.4e+38 0.22923931479454 0.231601640582085 0.225720331072807 0.211106434464455 0.202691182494164 0.210564181208611 0.218484744429588 0.214350774884224 0.207590684294701 0.206012457609177 0.207393139600754 0.205853715538979 0.199005782604218 0.196985885500908
-3.4e+38 -3.4e+38 -3.4e+38 -3.4e+38 -3.4e+38 -3.4e+38 -3.4e+38 -3.4e+38 -3.4e+38 -3.4e+38 -3.4e+38 -3.4e+38 -3.4e+38 -3.4e+38 -3.4e+38 -3.4e+38 -3.4e+38 -3.4e+38 -3.4e+38 -3.4e+38 -3.4e+38 -3.4e+38 -3.4e+38 -3.4e+38 -3.4e+38 -3.4e+38 -3.4e+38 -3.4e+38 -3.4e+38 -3.4e+38 -3.4e+38 -3.4e+38 -3.4e+38 -3.4e+38 -3.4e+38 -3.4e+38 0.234657377004623 0.223829075694084 0.213015228509903 0.209132805466652 0.209460079669952 0.213622987270355 0.211667641997337 0.204376384615898 0.202634572982788 0.202774256467819 0.201736941933632 0.194786354899406 0.19650773704052
-3.4e+38 -3.4e+38 -3.4e+38 -3.4e+38 -3.4e+38 -3.4e+38 -3.4e+38 -3.4e+38 -3.4e+38 -3.4e+38 -3.4e+38 -3.4e+38 -3.4e+38 -3.4e+38 -3.4e+38 -3.4e+38 -3.4e+38 -3.4e+38 -3.4e+38 -3.4e+38 -3.4e+38 -3.4e+38 -3.4e+38 -3.4e+38 -3.4e+38 -3.4e+38 -3.4e+38 -3.4e+38 -3.4e+38 -3.4e+38 -3.4e+38 -3.4e+38 -3.4e+38 -3.4e+38 -3.4e+38 -3.4e+38 -3.4e+38 0.224182114005089 0.215265169739723 0.209212437272072 0.200270861387253 0.20389886200428 0.20386803150177 0.202381536364555 0.206086814403534 0.198477789759636 0.19870088994503 0.200596407055855 0.20440362393856
-3.4e+38 -3.4e+38 -3.4e+38 -3.4e+38 -3.4e+38 -3.4e+38 -3.4e+38 -3.4e+38 -3.4e+38 -3.4e+38 -3.4e+38 -3.4e+38 -3.4e+38 -3.4e+38 -3.4e+38 -3.4e+38 -3.4e+38 -3.4e+38 -3.4e+38 -3.4e+38 -3.4e+38 -3.4e+38 -3.4e+38 -3.4e+38 -3.4e+38 -3.4e+38 -3.4e+38 -3.4e+38 -3.4e+38 -3.4e+38 -3.4e+38 -3.4e+38 -3.4e+38 -3.4e+38 -3.4e+38 -3.4e+38 -3.4e+38 -3.4e+38 0.21283495426178 0.207361370325089 0.201223224401474 0.201732724905014 0.203344449400902 0.207573562860489 0.210567876696587 0.194145023822784 0.198089003562927 0.203176155686378 0.202787443995476
