data/1_raw/trimmed_ndre/W_ndre.66.2013.asc
NCOLS 130 
NROWS 71 
XLLCORNER 530645 
YLLCORNER 5158205 
CELLSIZE 5 
NODATA_value -3.4e+38 
[rows 42 to 62 of 71, columns 49 to 97 of 130]
0.559474408626556 0.55096036195755 0.549742639064789 0.563583433628082 0.57825630903244 0.593935310840607 0.616163969039917 0.639436900615692 0.649216413497925 0.654379427433014 0.651680171489716 0.641310632228851 0.637707054615021 0.63360595703125 0.642273962497711 0.642342031002045 0.634176552295685 0.625542640686035 0.616462409496307 0.613710522651672 0.620370507240295 0.633724272251129 0.632177293300629 0.620468378067017 0.615889310836792 0.618395328521729 0.620471775531769 0.622596144676208 0.637970507144928 0.638517081737518 0.623202741146088 0.62832909822464 0.624495029449463 0.616547584533691 0.620546042919159 0.620383679866791 0.624929308891296 0.627465426921844 0.622805655002594 0.62502247095108 0.636408030986786 0.629542350769043 0.621838092803955 0.635315477848053 0.642614424228668 0.629896759986877 0.630324721336365 0.639398276805878 0.634134531021118
0.557181835174561 0.551847040653229 0.557881414890289 0.574843108654022 0.591850936412811 0.605801105499268 0.625054240226746 0.643681347370148 0.652953088283539 0.657823264598846 0.656592071056366 0.648890733718872 0.64652407169342 0.643181920051575 0.649557650089264 0.64630115032196 0.623052418231964 0.604402780532837 0.594820082187653 0.603168249130249 0.62149053812027 0.636691033840179 0.631148397922516 0.611165642738342 0.603405296802521 0.611127912998199 0.615663528442383 0.620361149311066 0.631205260753632 0.633663833141327 0.627969205379486 0.62939327955246 0.634945511817932 0.629400014877319 0.624669551849365 0.623838067054749 0.628023624420166 0.630852222442627 0.61923885345459 0.606563985347748 0.624280035495758 0.628435850143433 0.62002694606781 0.631454527378082 0.631450831890106 0.617468297481537 0.613385379314423 0.627907156944275 0.639080107212067
0.55301833152771 0.547299027442932 0.557330071926117 0.576971471309662 0.59622848033905 0.616233706474304 0.634899497032166 0.650090456008911 0.656737923622131 0.657144129276276 0.651928663253784 0.641571402549744 0.639027416706085 0.631772816181183 0.627163052558899 0.625660538673401 0.609365344047546 0.592710614204407 0.591586351394653 0.597009420394897 0.609611034393311 0.616452634334564 0.611209869384766 0.600659608840942 0.604954838752747 0.620110034942627 0.616503298282623 0.613213777542114 0.614973366260529 0.620512008666992 0.613878905773163 0.618346869945526 0.635638296604156 0.630608379840851 0.622870683670044 0.625396549701691 0.627501785755157 0.626558601856232 0.616705477237701 0.608971178531647 0.632155478000641 0.63090580701828 0.616482615470886 0.619650900363922 0.611637890338898 0.611677646636963 0.619745194911957 0.634310007095337 0.636889219284058
0.564230144023895 0.556844353675842 0.562291979789734 0.577817499637604 0.598026692867279 0.618909597396851 0.638563394546509 0.653147876262665 0.657218754291534 0.655770659446716 0.646775722503662 0.632220566272736 0.62695699930191 0.609748840332031 0.600669503211975 0.610106647014618 0.611479818820953 0.610810577869415 0.606889605522156 0.601170837879181 0.596947252750397 0.596790790557861 0.599848926067352 0.608433365821838 0.621297359466553 0.628342926502228 0.622059881687164 0.609321534633636 0.602391719818115 0.60687643289566 0.597732067108154 0.612687289714813 0.628308057785034 0.617388129234314 0.616412162780762 0.632206976413727 0.64465194940567 0.641167283058167 0.623751819133759 0.620669007301331 0.636800229549408 0.627555251121521 0.624262511730194 0.624197423458099 0.606261670589447 0.614037811756134 0.636045873165131 0.642860174179077 0.626663863658905
0.57560658454895 0.570239365100861 0.572338998317719 0.588237702846527 0.606588423252106 0.627186119556427 0.647450745105743 0.658744812011719 0.659738004207611 0.655923128128052 0.647966504096985 0.632468640804291 0.618630170822144 0.60792201757431 0.610846817493439 0.621255338191986 0.617655813694 0.618140876293182 0.614812791347504 0.604179620742798 0.596212208271027 0.596039175987244 0.608873307704926 0.626391530036926 0.630578875541687 0.624642670154572 0.618255794048309 0.607002556324005 0.601345896720886 0.599768459796906 0.58666318655014 0.610000550746918 0.619265675544739 0.605699717998505 0.612571239471436 0.632823824882507 0.648441970348358 0.637787222862244 0.620174825191498 0.619460344314575 0.624344527721405 0.612907767295837 0.616137981414795 0.615838825702667 0.605933666229248 0.61435866355896 0.628595054149628 0.638337135314941 0.628640651702881
0.585864782333374 0.577885329723358 0.579395890235901 0.590018808841705 0.605661571025848 0.622413277626038 0.639367461204529 0.653030037879944 0.656552135944366 0.650438964366913 0.639099657535553 0.628338754177094 0.623533427715302 0.627680003643036 0.634307742118835 0.63245689868927 0.617540299892426 0.602754712104797 0.595995128154755 0.597569048404694 0.600211799144745 0.599640607833862 0.611470222473145 0.628911018371582 0.620580852031708 0.608946621417999 0.60628217458725 0.606865584850311 0.604798972606659 0.597801268100739 0.592168152332306 0.615346431732178 0.614625990390778 0.605453252792358 0.615050554275513 0.612557291984558 0.615972638130188 0.614012598991394 0.611739456653595 0.618850409984589 0.619125783443451 0.615613460540771 0.619311332702637 0.615452647209167 0.615662157535553 0.623944044113159 0.625021874904633 0.627403497695923 0.628807127475739
0.596209645271301 0.592977702617645 0.594341397285461 0.595784068107605 0.602867066860199 0.610556602478027 0.61921215057373 0.627280592918396 0.630333542823792 0.626930594444275 0.620519757270813 0.620185554027557 0.629034578800201 0.623149633407593 0.608039855957031 0.602460563182831 0.602980852127075 0.596962094306946 0.585447609424591 0.590406239032745 0.606509029865265 0.607856929302216 0.608736574649811 0.611749649047852 0.604434072971344 0.598074793815613 0.60556572675705 0.613215804100037 0.609561562538147 0.605960309505463 0.608996748924255 0.617438435554504 0.607601165771484 0.595387399196625 0.599765539169312 0.597228229045868 0.596480071544647 0.605922996997833 0.618232011795044 0.630630195140839 0.634782373905182 0.641257584095001 0.635271728038788 0.61687445640564 0.620852768421173 0.625176906585693 0.617793321609497 0.616765558719635 0.621840715408325
0.605507075786591 0.609446585178375 0.611665487289429 0.609538435935974 0.612756490707397 0.616007268428802 0.613757848739624 0.61077207326889 0.609048783779144 0.610033571720123 0.613822996616364 0.618324637413025 0.633708119392395 0.636142492294312 0.609372138977051 0.595307350158691 0.602743327617645 0.610095858573914 0.600946545600891 0.590960144996643 0.593083798885345 0.596258699893951 0.602524936199188 0.610803008079529 0.603470683097839 0.596230506896973 0.61961555480957 0.621561110019684 0.60894900560379 0.617906749248505 0.618906915187836 0.61665004491806 0.604049146175385 0.587310612201691 0.593997180461884 0.608812689781189 0.605940818786621 0.613828063011169 0.631353795528412 0.638521432876587 0.646463692188263 0.646812379360199 0.636906981468201 0.624651312828064 0.622143924236298 0.617250442504883 0.609529137611389 0.60684722661972 0.602648437023163
0.626930296421051 0.626927614212036 0.620348036289215 0.620044589042664 0.624329209327698 0.622812628746033 0.614537119865417 0.609244406223297 0.608807027339935 0.611431241035461 0.621056795120239 0.626640021800995 0.619225084781647 0.619178950786591 0.612556755542755 0.604993999004364 0.602202713489532 0.600626289844513 0.595137476921082 0.589045166969299 0.58336740732193 0.586315453052521 0.602177023887634 0.619402408599854 0.607428908348083 0.594672381877899 0.611010372638702 0.617730319499969 0.61382520198822 0.624474227428436 0.621605217456818 0.619591176509857 0.615824639797211 0.606242001056671 0.609566271305084 0.623548090457916 0.620797574520111 0.626076996326447 0.630457758903503 0.633132636547089 0.642568051815033 0.637056589126587 0.630508422851562 0.625840902328491 0.614842116832733 0.607218086719513 0.606227695941925 0.603069722652435 0.593000650405884
0.641565799713135 0.633706629276276 0.623360872268677 0.628551363945007 0.63813841342926 0.635975062847137 0.622572064399719 0.613044679164886 0.613830864429474 0.614011704921722 0.624264657497406 0.624779760837555 0.603858947753906 0.6023890376091 0.607377946376801 0.602890431880951 0.598273873329163 0.589795768260956 0.589892685413361 0.597126662731171 0.600688934326172 0.606047034263611 0.615804195404053 0.612069487571716 0.596459984779358 0.583852231502533 0.588334083557129 0.618763566017151 0.643797099590302 0.636583626270294 0.618683576583862 0.616877853870392 0.626378238201141 0.621619343757629 0.607232868671417 0.608190894126892 0.618522346019745 0.629145801067352 0.626113891601562 0.628709316253662 0.63525116443634 0.623766362667084 0.619165062904358 0.616055130958557 0.602328062057495 0.591520428657532 0.592864990234375 0.593680143356323 0.59363067150116
0.644392728805542 0.634565532207489 0.630586504936218 0.642502069473267 0.654617369174957 0.650013089179993 0.63098132610321 0.618603587150574 0.619950175285339 0.618613004684448 0.612975537776947 0.617761373519897 0.613650143146515 0.608038663864136 0.608883380889893 0.610633313655853 0.606083452701569 0.595980882644653 0.595902860164642 0.600747525691986 0.597656965255737 0.601729810237885 0.60891592502594 0.601198375225067 0.597949206829071 0.594481766223907 0.593623220920563 0.617375433444977 0.639972150325775 0.630199193954468 0.613439977169037 0.611792087554932 0.621543526649475 0.623915493488312 0.612281322479248 0.607062578201294 0.616159319877625 0.630914688110352 0.629324436187744 0.637162744998932 0.639326095581055 0.621951878070831 0.616680800914764 0.61139714717865 0.594780743122101 0.577344059944153 0.573913633823395 0.582363307476044 0.589536190032959
0.647297561168671 0.635040462017059 0.634553849697113 0.650534927845001 0.662984848022461 0.658436000347137 0.640060007572174 0.631686985492706 0.631120324134827 0.621905744075775 0.605864524841309 0.617460906505585 0.62454617023468 0.610651969909668 0.60552442073822 0.607959151268005 0.607703268527985 0.601670861244202 0.602235794067383 0.602997422218323 0.598726570606232 0.595269381999969 0.597119510173798 0.602302253246307 0.611921608448029 0.614214420318604 0.606893956661224 0.612482607364655 0.620573222637177 0.625093340873718 0.626754283905029 0.632781565189362 0.64128440618515 0.639776349067688 0.632396996021271 0.625494301319122 0.62022340297699 0.627193808555603 0.631059527397156 0.635860443115234 0.637688815593719 0.626778900623322 0.620486795902252 0.604409635066986 0.589863419532776 0.578988552093506 0.57158088684082 0.576535403728485 0.588777244091034
0.658030450344086 0.635553359985352 0.632505714893341 0.651555001735687 0.661896467208862 0.65495103597641 0.642340898513794 0.637955546379089 0.637495219707489 0.628480076789856 0.61248242855072 0.61104142665863 0.606173515319824 0.595941543579102 0.591245293617249 0.595165550708771 0.593859910964966 0.587960004806519 0.591939687728882 0.594606161117554 0.597586035728455 0.597542762756348 0.596771895885468 0.607121288776398 0.626747190952301 0.63356214761734 0.620961904525757 0.611356019973755 0.615971982479095 0.626822650432587 0.640989542007446 0.651266634464264 0.651494383811951 0.647003173828125 0.642483115196228 0.635042905807495 0.628609120845795 0.631786704063416 0.631627976894379 0.623805105686188 0.625695168972015 0.62314760684967 0.616572976112366 0.605507552623749 0.589276492595673 0.577321290969849 0.568630754947662 0.57284939289093 0.589659452438354
0.662652969360352 0.648493230342865 0.641061365604401 0.654976308345795 0.660709023475647 0.641256630420685 0.631936013698578 0.634843051433563 0.637008011341095 0.629990339279175 0.609103143215179 0.597012102603912 0.592422842979431 0.590831458568573 0.590852797031403 0.595152318477631 0.595263719558716 0.585238039493561 0.582753002643585 0.586186408996582 0.595255792140961 0.598662078380585 0.594234228134155 0.604830980300903 0.624592006206512 0.636384904384613 0.632791340351105 0.626170516014099 0.630449712276459 0.6380894780159 0.64732164144516 0.64469039440155 0.638481974601746 0.641554296016693 0.644336640834808 0.638910949230194 0.632971942424774 0.635108649730682 0.626798272132874 0.618567585945129 0.616065561771393 0.609616756439209 0.609230220317841 0.608857214450836 0.586292266845703 0.571429073810577 0.576705574989319 0.591056048870087 0.595759987831116
0.657712161540985 0.664586842060089 0.64493453502655 0.63480132818222 0.630278706550598 0.62011331319809 0.619738638401031 0.627520203590393 0.626916468143463 0.610650241374969 0.598009645938873 0.598237991333008 0.600834965705872 0.602919101715088 0.610925614833832 0.614600658416748 0.61348682641983 0.606855988502502 0.593538582324982 0.591475903987885 0.593055903911591 0.592359006404877 0.589455604553223 0.595245361328125 0.609339594841003 0.628670036792755 0.636743009090424 0.63851124048233 0.648411929607391 0.648284018039703 0.642616510391235 0.631316423416138 0.624901533126831 0.633626341819763 0.636106014251709 0.631344795227051 0.627761125564575 0.629847168922424 0.62200140953064 0.615865707397461 0.611268818378448 0.604248344898224 0.606879115104675 0.603490114212036 0.591224312782288 0.583409368991852 0.590685546398163 0.602803409099579 0.594315409660339
0.644462943077087 0.649563789367676 0.638193428516388 0.630321621894836 0.621980011463165 0.61807781457901 0.615125119686127 0.625328481197357 0.62087869644165 0.593009829521179 0.589209854602814 0.609138786792755 0.603682518005371 0.60128915309906 0.603150606155396 0.599783957004547 0.610016763210297 0.623597025871277 0.613643825054169 0.605527341365814 0.597700178623199 0.588209092617035 0.589381217956543 0.592507123947144 0.596642315387726 0.606233417987823 0.627122938632965 0.637792110443115 0.646175563335419 0.646612703800201 0.641500055789948 0.630912184715271 0.624113261699677 0.628263533115387 0.624628067016602 0.620194554328918 0.621863186359406 0.62211400270462 0.615797698497772 0.614664852619171 0.618859648704529 0.6176518201828 0.619702160358429 0.610902845859528 0.595828711986542 0.588680505752563 0.592883706092834 0.597317099571228 0.591089010238647
0.645203053951263 0.640201151371002 0.641874849796295 0.647038042545319 0.640110671520233 0.628013014793396 0.617209374904633 0.622883975505829 0.613934397697449 0.587923049926758 0.582665979862213 0.607385635375977 0.600377142429352 0.581978499889374 0.580531001091003 0.574528515338898 0.588027536869049 0.613491654396057 0.620567500591278 0.613084018230438 0.595438599586487 0.580188512802124 0.588856399059296 0.593582332134247 0.589614927768707 0.594109833240509 0.615471124649048 0.627121031284332 0.625612914562225 0.626168310642242 0.631632447242737 0.631011664867401 0.621936976909637 0.621702253818512 0.617724716663361 0.612750053405762 0.61574125289917 0.616131126880646 0.611571192741394 0.615533769130707 0.620848596096039 0.620394706726074 0.621430277824402 0.61062628030777 0.594675779342651 0.589940011501312 0.597963690757751 -3.4e+38 -3.4e+38
0.648949265480042 0.643004357814789 0.645040094852448 0.64722615480423 0.634910881519318 0.620301425457001 0.614845991134644 0.618954539299011 0.610021948814392 0.595604240894318 0.59625506401062 0.612868845462799 0.593809306621552 0.571516752243042 0.579801678657532 0.589143872261047 0.597667515277863 0.606498658657074 0.61536055803299 0.60668671131134 0.591185212135315 0.58393120765686 0.596277892589569 0.608613669872284 0.608116984367371 0.607645988464355 0.608604371547699 0.610520005226135 0.607340157032013 0.607599556446075 0.619755208492279 0.619926512241364 0.611432135105133 0.618015468120575 0.615521848201752 0.610210418701172 0.61253696680069 0.612680792808533 0.611198723316193 0.61303174495697 0.610539436340332 0.605966925621033 0.605863392353058 0.604207098484039 0.59164035320282 0.58747124671936 -3.4e+38 -3.4e+38 -3.4e+38
0.648764967918396 0.648588418960571 0.644173681735992 0.639884293079376 0.628337919712067 0.615662634372711 0.616176307201385 0.620354115962982 0.61736798286438 0.60856169462204 0.60674923658371 0.614334046840668 0.593323111534119 0.578230321407318 0.58331835269928 0.594982862472534 0.601852774620056 0.600811243057251 0.604581117630005 0.595958530902863 0.60449892282486 0.618152976036072 0.609952688217163 0.616587340831757 0.622854173183441 0.616931736469269 0.610089778900146 0.606833100318909 0.607454001903534 0.606701791286469 0.609041094779968 0.60327535867691 0.603459239006042 0.616002142429352 0.615955352783203 0.616203010082245 0.613933444023132 0.606714725494385 0.609516382217407 0.61187869310379 0.606058299541473 0.593776404857635 0.597253382205963 0.609099566936493 0.593939900398254 -3.4e+38 -3.4e+38 -3.4e+38 -3.4e+38
0.644792079925537 0.647527158260345 0.644456565380096 0.639203190803528 0.632412195205688 0.627802133560181 0.625964105129242 0.630820333957672 0.630320012569427 0.618064939975739 0.611467778682709 0.612378478050232 0.599287092685699 0.594904959201813 0.602179765701294 0.60636293888092 0.605499923229218 0.60734611749649 0.608631610870361 0.607340216636658 0.627278625965118 0.632022321224213 0.611774861812592 0.616684138774872 0.620862782001495 0.61742490530014 0.6231489777565 0.61715567111969 0.614610731601715 0.614132761955261 0.60571151971817 0.598181366920471 0.606394946575165 0.622759819030762 0.627473592758179 0.624655485153198 0.614363193511963 0.600263833999634 0.603987872600555 0.612767100334167 0.609765827655792 -3.4e+38 -3.4e+38 -3.4e+38 -3.4e+38 -3.4e+38 -3.4e+38 -3.4e+38 -3.4e+38
0.644754827022552 0.643020987510681 0.634137392044067 0.634817004203796 0.642620503902435 0.650712072849274 0.64759361743927 0.643322110176086 0.636854946613312 0.624601423740387 0.617827951908112 0.617700755596161 0.617378890514374 0.624193012714386 0.626650035381317 0.619049251079559 0.61213231086731 0.613650798797607 0.617194473743439 0.62787538766861 0.639498293399811 0.631035566329956 0.625445306301117 0.635224878787994 0.629506707191467 0.627465963363647 0.633144557476044 0.618373394012451 0.621614694595337 0.627598464488983 0.618128001689911 0.60589337348938 0.609791576862335 0.625470757484436 0.63259881734848 -3.4e+38 -3.4e+38 -3.4e+38 -3.4e+38 -3.4e+38 -3.4e+38 -3.4e+38 -3.4e+38 -3.4e+38 -3.4e+38 -3.4e+38 -3.4e+38 -3.4e+38 -3.4e+38
