data/1_raw/trimmed_ndre/W_ndre.68.2015_no_clouds.asc
NCOLS 130 
NROWS 71 
XLLCORNER 530645 
YLLCORNER 5158205 
CELLSIZE 5 
NODATA_value -3.4e+38 
[rows 42 to 62 of 71, columns 49 to 97 of 130]
0.193947345018387 0.19510580599308 0.212489366531372 0.236642390489578 0.258733510971069 0.236807316541672 0.221521481871605 0.211315751075745 0.200936734676361 0.206513077020645 0.202247306704521 0.186704903841019 0.194290205836296 0.195562437176704 0.200111001729965 0.208392634987831 0.204854145646095 0.199073955416679 0.197647199034691 0.199700176715851 0.197445973753929 0.193413227796555 0.194469228386879 0.204777613282204 0.193885654211044 0.191515475511551 0.203356996178627 0.208530083298683 0.201784878969193 0.198526486754417 0.201363369822502 0.209359794855118 0.207694485783577 0.202229604125023 0.20084622502327 0.202499449253082 0.203108996152878 0.204768225550652 0.21162748336792 0.211690634489059 0.210124671459198 0.207610413432121 0.201477184891701 0.211980283260345 0.214432135224342 0.208747088909149 0.206015303730965 0.210416972637177 0.216651245951653
0.190606772899628 0.18620528280735 0.214297965168953 0.244590520858765 0.262598842382431 0.242170602083206 0.235540792346001 0.223436310887337 0.20454615354538 0.194216355681419 0.194411873817444 0.192362233996391 0.19788846373558 0.201417505741119 0.208424806594849 0.213125824928284 0.207822293043137 0.196232408285141 0.191172018647194 0.193645551800728 0.198455974459648 0.200026616454124 0.198993176221848 0.202781930565834 0.202902808785439 0.195740610361099 0.194922536611557 0.198355823755264 0.195849925279617 0.20017771422863 0.205871179699898 0.211534947156906 0.215413972735405 0.214692309498787 0.211703881621361 0.20866459608078 0.205726981163025 0.202113226056099 0.203188002109528 0.208951488137245 0.207320734858513 0.203195214271545 0.199855551123619 0.207881674170494 0.215852573513985 0.211037218570709 0.202488213777542 0.207022607326508 0.216894313693047
0.192792177200317 0.192094355821609 0.219348415732384 0.244532734155655 0.260145038366318 0.257020205259323 0.248704984784126 0.227747887372971 0.206579297780991 0.191916987299919 0.197877928614616 0.19634373486042 0.191639423370361 0.195683106780052 0.199759513139725 0.205600664019585 0.206117078661919 0.199072122573853 0.194703742861748 0.196437194943428 0.202886372804642 0.208608582615852 0.199153214693069 0.195941090583801 0.201189085841179 0.190959364175797 0.190569877624512 0.192512765526772 0.194043576717377 0.205874234437943 0.215213522315025 0.216429486870766 0.209448203444481 0.20515750348568 0.209146067500114 0.212079882621765 0.209331855177879 0.200539574027061 0.203348219394684 0.211528390645981 0.205036535859108 0.202141836285591 0.195372954010963 0.193849340081215 0.214194864034653 0.224090173840523 0.217812836170197 0.212880060076714 0.226172626018524
0.198917269706726 0.202704265713692 0.221426606178284 0.241844519972801 0.270037144422531 0.282691359519958 0.271472245454788 0.238972410559654 0.216303274035454 0.202222153544426 0.194739535450935 0.203604146838188 0.201316386461258 0.195417433977127 0.190765649080276 0.194060504436493 0.197752848267555 0.197191625833511 0.1932692527771 0.194177582859993 0.202806204557419 0.210820630192757 0.197087794542313 0.187791243195534 0.184183046221733 0.180266723036766 0.18672089278698 0.191359266638756 0.19341054558754 0.199430853128433 0.20409332215786 0.208033844828606 0.204348921775818 0.194874405860901 0.201321616768837 0.207671791315079 0.208422735333443 0.21157543361187 0.211776927113533 0.211357623338699 0.204923152923584 0.206721425056458 0.199889943003654 0.198758706450462 0.217063561081886 0.24414587020874 0.235739037394524 0.230060055851936 0.251106321811676
0.205699324607849 0.209830954670906 0.222783222794533 0.242649003863335 0.28004378080368 0.297947555780411 0.288611352443695 0.254675030708313 0.231078028678894 0.204499274492264 0.189927443861961 0.209778115153313 0.207880035042763 0.199596837162971 0.193226054310799 0.191486462950706 0.19086466729641 0.190794005990028 0.189688503742218 0.189470022916794 0.198769479990005 0.203252613544464 0.190282806754112 0.181724205613136 0.178705856204033 0.179676979780197 0.186916947364807 0.196974605321884 0.201015740633011 0.200195595622063 0.198061496019363 0.201061427593231 0.203615084290504 0.199391752481461 0.198848962783813 0.203066647052765 0.205833032727242 0.210773184895515 0.211729153990746 0.207443714141846 0.205148905515671 0.207896113395691 0.21181832253933 0.216643497347832 0.231253311038017 0.259048491716385 0.241999194025993 0.248389884829521 0.269924968481064
0.207713395357132 0.209583923220634 0.21943961083889 0.237242087721825 0.267348200082779 0.291422665119171 0.290122121572495 0.267351925373077 0.24721759557724 0.214340344071388 0.197535693645477 0.207921966910362 0.207832843065262 0.202834352850914 0.197033226490021 0.193862646818161 0.190862685441971 0.188576936721802 0.188443943858147 0.191128373146057 0.201119974255562 0.203354716300964 0.196014016866684 0.187914147973061 0.187607660889626 0.190751373767853 0.19514462351799 0.200775980949402 0.198040768504143 0.196343675255775 0.195802912116051 0.194938868284225 0.202193915843964 0.202902525663376 0.194387942552567 0.205285355448723 0.20149701833725 0.199893802404404 0.207842275500298 0.201633960008621 0.20652137696743 0.216358542442322 0.225509583950043 0.239381477236748 0.250438034534454 0.258852124214172 0.251614689826965 0.261034041643143 0.267873823642731
0.210707142949104 0.21635414659977 0.217328622937202 0.224954605102539 0.239179849624634 0.263132482767105 0.269741922616959 0.262564897537231 0.247826784849167 0.221649989485741 0.205588430166245 0.199691012501717 0.200236544013023 0.201144084334373 0.200449794530869 0.198280662298203 0.19493755698204 0.191213071346283 0.191790893673897 0.197146996855736 0.207205161452293 0.21024626493454 0.205362528562546 0.199110716581345 0.199031472206116 0.201367974281311 0.203326150774956 0.203201472759247 0.194229528307915 0.194596812129021 0.196939691901207 0.194498673081398 0.19519430398941 0.194472774863243 0.193476855754852 0.207465469837189 0.198535859584808 0.20192252099514 0.211401805281639 0.201588869094849 0.216410577297211 0.230126976966858 0.238830789923668 0.257439792156219 0.264494836330414 0.267716079950333 0.264903873205185 0.257540762424469 0.248397663235664
0.218561306595802 0.224425867199898 0.221113502979279 0.223176971077919 0.238636493682861 0.261447995901108 0.269184678792953 0.260951668024063 0.243179336190224 0.223455086350441 0.215413734316826 0.205342695116997 0.20095956325531 0.206510916352272 0.207549095153809 0.203942805528641 0.197844624519348 0.191411167383194 0.192678764462471 0.198892056941986 0.207495406270027 0.211679264903069 0.205731809139252 0.196639209985733 0.194789931178093 0.198807761073112 0.20515750348568 0.205070063471794 0.19713482260704 0.20148104429245 0.20625975728035 0.20472364127636 0.196338757872581 0.197039693593979 0.197047337889671 0.200172454118729 0.198640108108521 0.206183865666389 0.212317496538162 0.211658015847206 0.231771916151047 0.251218497753143 0.267505139112473 0.28007909655571 0.272333949804306 0.272839158773422 0.265762746334076 0.242719933390617 0.225117728114128
0.228625014424324 0.234636068344116 0.245677918195724 0.24661411345005 0.256809324026108 0.268382251262665 0.269000232219696 0.256424695253372 0.237933978438377 0.221455693244934 0.219819217920303 0.205845206975937 0.201417371630669 0.20976610481739 0.215548545122147 0.211472183465958 0.201504796743393 0.193365409970284 0.197419837117195 0.198206767439842 0.199847236275673 0.198440864682198 0.199070066213608 0.195750683546066 0.194506123661995 0.198805510997772 0.205141723155975 0.206704363226891 0.20472677052021 0.212210327386856 0.217782437801361 0.215976074337959 0.20812326669693 0.212563946843147 0.205656155943871 0.202233761548996 0.207109808921814 0.213399678468704 0.224015906453133 0.232708677649498 0.247314319014549 0.271796315908432 0.287895083427429 0.286236494779587 0.264625996351242 0.262726724147797 0.250615179538727 0.2312401086092 0.220360353589058
0.239977344870567 0.24355560541153 0.255197554826736 0.255984485149384 0.265403211116791 0.2663634121418 0.256214201450348 0.23809477686882 0.228114172816277 0.220250844955444 0.215907856822014 0.203041911125183 0.197222843766212 0.20180207490921 0.212402984499931 0.218185603618622 0.206724494695663 0.197210401296616 0.201650053262711 0.19636270403862 0.197438269853592 0.20241591334343 0.205153197050095 0.199041917920113 0.199959293007851 0.204698294401169 0.200861036777496 0.198229223489761 0.200668856501579 0.210717976093292 0.221545696258545 0.226823791861534 0.220801547169685 0.212747752666473 0.214264139533043 0.215649470686913 0.221155345439911 0.229112535715103 0.250897169113159 0.262282460927963 0.268480628728867 0.282778084278107 0.288712382316589 0.271107703447342 0.242617264389992 0.233834266662598 0.2246935069561 0.222482785582542 0.221906408667564
0.260832667350769 0.252715826034546 0.251803040504456 0.251577287912369 0.256346076726913 0.248836010694504 0.240069270133972 0.232195153832436 0.228515073657036 0.217870652675629 0.209714636206627 0.202826678752899 0.194701254367828 0.194183751940727 0.204151034355164 0.217700883746147 0.206175193190575 0.197233021259308 0.197968989610672 0.20291143655777 0.203456774353981 0.203503891825676 0.204945981502533 0.201947435736656 0.204882621765137 0.208476781845093 0.206981092691422 0.207443356513977 0.205623179674149 0.208366110920906 0.218914270401001 0.23654280602932 0.227604031562805 0.216256514191628 0.224402666091919 0.225790813565254 0.237319275736809 0.251588046550751 0.265157997608185 0.274190455675125 0.279820442199707 0.281902074813843 0.273651927709579 0.245396986603737 0.223027408123016 0.215981483459473 0.21069224178791 0.220372155308723 0.220232546329498
0.269354850053787 0.258131951093674 0.244806453585625 0.237799063324928 0.234775707125664 0.223391011357307 0.228578507900238 0.231415554881096 0.227769926190376 0.218990072607994 0.212168738245964 0.209682166576385 0.203908324241638 0.1969353556633 0.204121455550194 0.21331425011158 0.200493395328522 0.193099826574326 0.19692175090313 0.206325516104698 0.206995725631714 0.202257961034775 0.198641747236252 0.203568801283836 0.206443846225739 0.21868360042572 0.225107192993164 0.225660115480423 0.224741414189339 0.219496443867683 0.225407943129539 0.250931948423386 0.244195073843002 0.236196681857109 0.234828054904938 0.226026028394699 0.24093396961689 0.260130971670151 0.272697418928146 0.277661859989166 0.277886062860489 0.272681504487991 0.258867055177689 0.233996123075485 0.219442635774612 0.212791159749031 0.209879666566849 0.220320984721184 0.218898072838783
0.268815785646439 0.261909306049347 0.243302956223488 0.235580742359161 0.228163585066795 0.214229673147202 0.227563127875328 0.229322507977486 0.227712079882622 0.240920767188072 0.233698844909668 0.222173064947128 0.212212055921555 0.203888237476349 0.214347943663597 0.217935666441917 0.206499576568604 0.195970803499222 0.198810711503029 0.206566005945206 0.210681259632111 0.21551351249218 0.204096764326096 0.202044934034348 0.216680601239204 0.232138931751251 0.240863427519798 0.243404075503349 0.25429093837738 0.254797011613846 0.25240632891655 0.260898500680923 0.265523582696915 0.266083985567093 0.259206652641296 0.247928768396378 0.248535141348839 0.267114669084549 0.275238841772079 0.269016236066818 0.257853358983994 0.24249267578125 0.233324036002159 0.23073448240757 0.220546513795853 0.217366725206375 0.219095185399055 0.22532731294632 0.2209842056036
0.259490013122559 0.251124501228333 0.239286884665489 0.235631749033928 0.227883547544479 0.219522252678871 0.22980934381485 0.231311485171318 0.240791663527489 0.254946500062943 0.246086105704308 0.228756442666054 0.215496450662613 0.210658684372902 0.222685784101486 0.219228327274323 0.208603069186211 0.200047343969345 0.202280655503273 0.20749743282795 0.213915675878525 0.220013663172722 0.206655979156494 0.209102407097816 0.227139964699745 0.237495705485344 0.24950185418129 0.259223908185959 0.270019292831421 0.281779557466507 0.271424621343613 0.265526413917542 0.273183435201645 0.282180279493332 0.277838110923767 0.264141499996185 0.252238810062408 0.267315268516541 0.263222932815552 0.244104146957397 0.230383366346359 0.216049745678902 0.219127997756004 0.228744804859161 0.218428879976273 0.217864215373993 0.221205949783325 0.226664379239082 0.228281453251839
0.240467071533203 0.233064875006676 0.230956882238388 0.231619402766228 0.23052154481411 0.229128703474998 0.23138439655304 0.232509553432465 0.239605695009232 0.248035594820976 0.244460850954056 0.228196203708649 0.219928681850433 0.224393993616104 0.236994713544846 0.225139766931534 0.212485194206238 0.206491693854332 0.210651636123657 0.215153694152832 0.212890475988388 0.21293069422245 0.215035989880562 0.217750117182732 0.233479380607605 0.2503841817379 0.257601588964462 0.265430390834808 0.277359873056412 0.291591495275497 0.281257092952728 0.272902607917786 0.26883852481842 0.267302483320236 0.265150159597397 0.25862330198288 0.247884035110474 0.242898374795914 0.230947509407997 0.223508924245834 0.218555986881256 0.209623396396637 0.216835036873817 0.22363093495369 0.22000427544117 0.224751189351082 0.226859986782074 0.231597125530243 0.236989706754684
0.228271186351776 0.226686537265778 0.225008472800255 0.22410324215889 0.226076036691666 0.224183514714241 0.220762595534325 0.220225587487221 0.221518203616142 0.226826444268227 0.231189638376236 0.230825185775757 0.229413449764252 0.239572137594223 0.248067364096642 0.233771756291389 0.220979616045952 0.215305253863335 0.216427743434906 0.217934399843216 0.20589354634285 0.208562538027763 0.227221786975861 0.227178364992142 0.25389164686203 0.269251257181168 0.262368857860565 0.265604794025421 0.273814737796783 0.282446414232254 0.283074915409088 0.273751050233841 0.257833659648895 0.242633402347565 0.234497234225273 0.234499365091324 0.234499365091324 0.231804728507996 0.222073495388031 0.218584343791008 0.218686506152153 0.219095319509506 0.223896071314812 0.235329702496529 0.242809727787971 0.244641870260239 0.237965643405914 0.236406043171883 0.236096814274788
0.230277091264725 0.231372281908989 0.225505337119102 0.215955793857574 0.209386587142944 0.216927275061607 0.214161142706871 0.206758454442024 0.202405825257301 0.208551302552223 0.218975126743317 0.225955843925476 0.226599738001823 0.240696266293526 0.247814983129501 0.241415128111839 0.234609022736549 0.22895048558712 0.223815053701401 0.217698872089386 0.201795965433121 0.210336193442345 0.230534672737122 0.245314165949821 0.266136258840561 0.269791811704636 0.258803009986877 0.256655305624008 0.260424196720123 0.254309266805649 0.248214229941368 0.250004917383194 0.24043433368206 0.226445615291595 0.219278201460838 0.226056933403015 0.229013666510582 0.228627219796181 0.224042356014252 0.217754125595093 0.216686397790909 0.224104017019272 0.241926863789558 0.258482247591019 0.267161101102829 0.265520542860031 0.250834077596664 -3.4e+38 -3.4e+38
0.236850753426552 0.238158077001572 0.230103939771652 0.213828295469284 0.20332869887352 0.214426964521408 0.214410230517387 0.210133746266365 0.202260285615921 0.197931215167046 0.207403108477592 0.214476361870766 0.214400753378868 0.220185860991478 0.225802853703499 0.230561465024948 0.234895884990692 0.236479058861732 0.228860259056091 0.21712264418602 0.205780565738678 0.220753222703934 0.240679174661636 0.256035059690475 0.260465234518051 0.256199687719345 0.239895209670067 0.225201323628426 0.227962121367455 0.220667704939842 0.217792764306068 0.224323228001595 0.225252404808998 0.21985425055027 0.218034341931343 0.224356085062027 0.224729314446449 0.226958185434341 0.223830923438072 0.214779809117317 0.22860923409462 0.246781855821609 0.262853264808655 0.271272659301758 0.27642297744751 0.27567258477211 -3.4e+38 -3.4e+38 -3.4e+38
0.229022279381752 0.227866962552071 0.225487977266312 0.215341836214066 0.209989428520203 0.210925579071045 0.202834188938141 0.209310635924339 0.204500615596771 0.191704601049423 0.198183983564377 0.204959958791733 0.207478061318398 0.207316696643829 0.211676076054573 0.216206073760986 0.224454775452614 0.233890175819397 0.229763209819794 0.220664232969284 0.21878282725811 0.237879157066345 0.246079578995705 0.252019643783569 0.249454900622368 0.241024166345596 0.216263815760612 0.20247894525528 0.205639183521271 0.203778401017189 0.215410470962524 0.227640315890312 0.22664101421833 0.217818051576614 0.220674499869347 0.225360557436943 0.221589133143425 0.222633272409439 0.221573039889336 0.221834436058998 0.239365309476852 0.259393751621246 0.269194155931473 0.266949236392975 0.270184814929962 -3.4e+38 -3.4e+38 -3.4e+38 -3.4e+38
0.223219364881516 0.221258580684662 0.222508832812309 0.22218319773674 0.228777453303337 0.223281741142273 0.204881325364113 0.208130523562431 0.206992641091347 0.196790114045143 0.196079879999161 0.198746249079704 0.200276926159859 0.202101454138756 0.207366153597832 0.207667455077171 0.208805307745934 0.21615819633007 0.225726947188377 0.227537855505943 0.233655765652657 0.246272385120392 0.239121124148369 0.239262416958809 0.237910449504852 0.227260053157806 0.205580085515976 0.200552836060524 0.202276960015297 0.200036153197289 0.205808863043785 0.216172188520432 0.219229951500893 0.211564972996712 0.223061442375183 0.229814723134041 0.227451980113983 0.221290916204453 0.215458676218987 0.219221755862236 0.234496593475342 -3.4e+38 -3.4e+38 -3.4e+38 -3.4e+38 -3.4e+38 -3.4e+38 -3.4e+38 -3.4e+38
0.222604677081108 0.222659751772881 0.224382564425468 0.226493701338768 0.23671780526638 0.226534217596054 0.210352823138237 0.208631724119186 0.220161393284798 0.218653753399849 0.209347814321518 0.205839738249779 0.200555771589279 0.204624161124229 0.214621052145958 0.223366633057594 0.220570236444473 0.223050251603127 0.232827514410019 0.237508997321129 0.24126335978508 0.240902826189995 0.231813296675682 0.219170644879341 0.222012594342232 0.220157757401466 0.209306001663208 0.214680016040802 0.211179077625275 0.202259287238121 0.20039039850235 0.212531477212906 0.21306611597538 0.207126811146736 0.222083032131195 -3.4e+38 -3.4e+38 -3.4e+38 -3.4e+38 -3.4e+38 -3.4e+38 -3.4e+38 -3.4e+38 -3.4e+38 -3.4e+38 -3.4e+38 -3.4e+38 -3.4e+38 -3.4e+38
