data/1_raw/trimmed_ndre/W_ndre.715.2011_no_clouds.asc
NCOLS 130 
NROWS 71 
XLLCORNER 530645 
YLLCORNER 5158205 
CELLSIZE 5 
NODATA_value -3.4e+38 
[rows 21 to 41 of 71, columns 49 to 97 of 130]
0.566710352897644 0.577412664890289 0.573835611343384 0.564139902591705 0.550764501094818 0.55131608247757 0.535338461399078 0.550694286823273 0.55919873714447 0.544398188591003 0.546541035175323 0.533968925476074 0.52003425359726 0.533009767532349 0.524423539638519 0.53027480840683 0.552942454814911 0.552506387233734 -3.4e+38 -3.4e+38 -3.4e+38 -3.4e+38 -3.4e+38 -3.4e+38 -3.4e+38 -3.4e+38 -3.4e+38 -3.4e+38 -3.4e+38 -3.4e+38 -3.4e+38 -3.4e+38 -3.4e+38 -3.4e+38 -3.4e+38 -3.4e+38 -3.4e+38 -3.4e+38 -3.4e+38 -3.4e+38 -3.4e+38 -3.4e+38 -3.4e+38 -3.4e+38 -3.4e+38 -3.4e+38 -3.4e+38 -3.4e+38 -3.4e+38
0.519907534122467 0.557286143302917 0.565746605396271 0.556102573871613 0.572268426418304 0.559849500656128 0.519011080265045 0.546059012413025 0.544090270996094 0.508888483047485 0.511562645435333 0.530061066150665 0.515822172164917 0.515165328979492 0.519061267375946 0.497936427593231 0.487135946750641 0.513723969459534 0.546554565429688 0.512654185295105 0.513072788715363 0.528945505619049 0.533792018890381 0.558180451393127 0.566053032875061 0.558332979679108 0.554390013217926 0.554368376731873 -3.4e+38 -3.4e+38 -3.4e+38 -3.4e+38 -3.4e+38 -3.4e+38 -3.4e+38 -3.4e+38 -3.4e+38 -3.4e+38 -3.4e+38 -3.4e+38 -3.4e+38 -3.4e+38 -3.4e+38 -3.4e+38 -3.4e+38 -3.4e+38 -3.4e+38 -3.4e+38 -3.4e+38
0.470882773399353 0.526272833347321 0.581364989280701 0.563313484191895 0.55196225643158 0.554218292236328 0.532412528991699 0.526472330093384 0.519193828105927 0.498839437961578 0.493522763252258 0.493985891342163 0.503897547721863 0.509116172790527 0.517050206661224 0.505880117416382 0.495381057262421 0.520448863506317 0.53431761264801 0.488567143678665 0.497237950563431 0.537705421447754 0.529110848903656 0.557337760925293 0.568784356117249 0.557484328746796 0.549325406551361 0.555597901344299 0.550017833709717 -3.4e+38 -3.4e+38 -3.4e+38 -3.4e+38 -3.4e+38 -3.4e+38 -3.4e+38 -3.4e+38 -3.4e+38 -3.4e+38 -3.4e+38 -3.4e+38 -3.4e+38 -3.4e+38 -3.4e+38 -3.4e+38 -3.4e+38 -3.4e+38 -3.4e+38 -3.4e+38
0.476148426532745 0.495420426130295 0.52868241071701 0.552685260772705 0.555505990982056 0.568166613578796 0.547499299049377 0.508313417434692 0.512616395950317 0.507375299930573 0.497431188821793 0.48940110206604 0.510532081127167 0.512828707695007 0.503339350223541 0.510122954845428 0.523324847221375 0.52146452665329 0.530873537063599 0.555638790130615 0.532384097576141 0.509850203990936 0.512072801589966 0.545380890369415 0.563730001449585 0.563266694545746 0.559248268604279 0.571270942687988 0.563973367214203 0.562965154647827 -3.4e+38 -3.4e+38 -3.4e+38 -3.4e+38 -3.4e+38 -3.4e+38 -3.4e+38 -3.4e+38 -3.4e+38 -3.4e+38 -3.4e+38 -3.4e+38 -3.4e+38 -3.4e+38 -3.4e+38 -3.4e+38 -3.4e+38 -3.4e+38 -3.4e+38
0.456157803535461 0.47857591509819 0.500035464763641 0.535099446773529 0.549832284450531 0.551013290882111 0.526907205581665 0.499755442142487 0.505712985992432 0.496927171945572 0.513600051403046 0.532909154891968 0.52182799577713 0.507312476634979 0.504427075386047 0.522723972797394 0.535030007362366 0.535876035690308 0.531218528747559 0.534269511699677 0.517590761184692 0.517163157463074 0.525163769721985 0.537491679191589 0.554262042045593 0.568963944911957 0.575303554534912 0.575952172279358 0.562473952770233 0.562237620353699 0.550580441951752 -3.4e+38 -3.4e+38 -3.4e+38 -3.4e+38 -3.4e+38 -3.4e+38 -3.4e+38 -3.4e+38 -3.4e+38 -3.4e+38 -3.4e+38 -3.4e+38 -3.4e+38 -3.4e+38 -3.4e+38 -3.4e+38 -3.4e+38 -3.4e+38
0.459045261144638 0.494932919740677 0.487149029970169 0.489473879337311 0.499070107936859 0.516090750694275 0.518311738967896 0.511237919330597 0.510808825492859 0.506402194499969 0.521688044071198 0.542467713356018 0.528769075870514 0.506549596786499 0.524623334407806 0.539416611194611 0.543188154697418 0.534612834453583 0.510812401771545 0.519904553890228 0.537188172340393 0.550930082798004 0.550602376461029 0.543988943099976 0.552984714508057 0.571971356868744 0.5717733502388 0.562265336513519 0.55574756860733 0.550878942012787 0.542276442050934 0.527655720710754 0.527872979640961 0.541421294212341 -3.4e+38 -3.4e+38 -3.4e+38 -3.4e+38 -3.4e+38 -3.4e+38 -3.4e+38 -3.4e+38 -3.4e+38 -3.4e+38 -3.4e+38 -3.4e+38 -3.4e+38 -3.4e+38 -3.4e+38
0.43894499540329 0.46312889456749 0.459951609373093 0.451673090457916 0.450946450233459 0.490392953157425 0.525921702384949 0.526705145835876 0.516975522041321 0.524858772754669 0.539895117282867 0.542386174201965 0.539244830608368 0.53376704454422 0.551399946212769 0.550356805324554 0.546668887138367 0.533513009548187 0.514036893844604 0.540396869182587 0.568869411945343 0.566808700561523 0.55665922164917 0.564057350158691 0.580499947071075 0.587101519107819 0.576983988285065 0.570975780487061 0.572478532791138 0.560152530670166 0.55621874332428 0.546297669410706 0.544019937515259 0.55864006280899 0.571802198886871 0.565894663333893 0.558881759643555 0.564368486404419 0.574303388595581 0.579213678836823 0.571177303791046 0.562687873840332 0.550839483737946 0.539239168167114 0.518406510353088 0.541298270225525 0.559734702110291 0.540252804756165 0.517333209514618
0.403632551431656 0.404927104711533 0.427937239408493 0.429002165794373 0.405510574579239 0.422074824571609 0.472671866416931 0.499251455068588 0.504661500453949 0.523149907588959 0.551752090454102 0.561137735843658 0.563293218612671 0.569776654243469 0.584405362606049 0.57913213968277 0.562544286251068 0.543268263339996 0.536301851272583 0.560218811035156 0.579530298709869 0.579880654811859 0.579202890396118 0.582469642162323 0.592167735099792 0.591028571128845 0.593034565448761 0.581124365329742 0.571739137172699 0.56642484664917 0.569848775863647 0.564552128314972 0.557154774665833 0.563966751098633 0.57799106836319 0.574231088161469 0.563157796859741 0.566347360610962 0.571016907691956 0.568306088447571 0.567503690719604 0.572524309158325 0.57304847240448 0.577725887298584 0.581945776939392 0.577588081359863 0.56429785490036 0.556722939014435 0.553720414638519
0.440493017435074 0.43390953540802 0.426270663738251 0.403440743684769 0.371666550636292 0.360942304134369 0.395498782396317 0.456093817949295 0.490244477987289 0.511031448841095 0.543838918209076 0.562228620052338 0.560026824474335 0.56878525018692 0.584263026714325 0.583931565284729 0.576395034790039 0.550519049167633 0.542836248874664 0.568021714687347 0.589287400245667 0.581130564212799 0.569948792457581 0.564738154411316 0.572539329528809 0.571070790290833 0.568337857723236 0.569874405860901 0.567767679691315 0.570331692695618 0.564662575721741 0.559665739536285 0.565057516098022 0.571529686450958 0.57515561580658 0.564269661903381 0.563057243824005 0.575767457485199 0.584451138973236 0.570234835147858 0.564162194728851 0.573644459247589 0.577238321304321 0.568940401077271 0.567699790000916 0.575268387794495 0.572830498218536 0.572379052639008 0.565370082855225
0.464394479990005 0.439320772886276 0.405943632125854 0.379241347312927 0.352548569440842 0.339960753917694 0.346536874771118 0.378790944814682 0.415773570537567 0.459247052669525 0.500869810581207 0.521633863449097 0.532948851585388 0.552231431007385 0.558588325977325 0.557754874229431 0.561916649341583 0.550968647003174 0.547438621520996 0.564473211765289 0.571893632411957 0.562622964382172 0.542816877365112 0.551201224327087 0.570105493068695 0.558244824409485 0.555982172489166 0.572034239768982 0.566837072372437 0.558961391448975 0.553699254989624 0.558647692203522 0.570792317390442 0.571378529071808 0.561727404594421 0.547618925571442 0.551604509353638 0.570993661880493 0.581391930580139 0.576948046684265 0.567398428916931 0.560836434364319 0.558783411979675 0.572370767593384 0.580153226852417 0.583162307739258 0.580921590328217 0.569332122802734 0.55262017250061
0.476444572210312 0.441524624824524 0.406439632177353 0.394731938838959 0.361496359109879 0.332609057426453 0.331289678812027 0.322107672691345 0.331036418676376 0.367981284856796 0.41319727897644 0.453554630279541 0.480380773544312 0.499587804079056 0.499217838048935 0.496486127376556 0.496525764465332 0.489995062351227 0.494136899709702 0.504055500030518 0.503135442733765 0.519441843032837 0.508767366409302 0.484199464321136 0.494734585285187 0.505703449249268 0.515003263950348 0.539655089378357 0.546746730804443 0.542423248291016 0.542331516742706 0.541226387023926 0.538770794868469 0.534068465232849 0.535409927368164 0.530641257762909 0.541765689849854 0.554099917411804 0.553054213523865 0.556341409683228 0.546872556209564 0.547445297241211 0.553072988986969 0.563876211643219 0.570670008659363 0.569132149219513 0.560843110084534 0.547125279903412 0.53673642873764
0.503639161586761 0.481362491846085 0.461263984441757 0.462567806243896 0.42308709025383 0.377578854560852 0.363064616918564 0.33071705698967 0.332221955060959 0.346630305051804 0.355849176645279 0.372166574001312 0.384555578231812 0.405673891305923 0.411371499300003 0.408303052186966 0.386559396982193 0.363140046596527 0.371594846248627 0.398064225912094 0.403314292430878 0.405685156583786 0.420376241207123 0.400023251771927 0.390424281358719 0.413208723068237 0.422137141227722 0.441137075424194 0.444574564695358 0.43701171875 0.453157126903534 0.463159263134003 0.469617009162903 0.472715109586716 0.477583944797516 0.478461891412735 0.492353975772858 0.499414443969727 0.490174412727356 0.491143375635147 0.49573677778244 0.51751720905304 0.518481314182281 0.496193528175354 0.496037423610687 0.496552377939224 0.515554904937744 0.529194235801697 0.500953674316406
0.479965716600418 0.459011346101761 0.4537413418293 0.449916303157806 0.418005257844925 0.411179631948471 0.389052480459213 0.347290635108948 0.353179275989532 0.368121385574341 0.353902220726013 0.33197557926178 0.314228624105453 0.317523926496506 0.338948875665665 0.359797149896622 0.335416942834854 0.310423135757446 0.311218768358231 0.322134345769882 0.327573508024216 0.318248510360718 0.33050012588501 0.342674762010574 0.334916740655899 0.333761632442474 0.332557648420334 0.348276704549789 0.33454966545105 0.312343835830688 0.337586462497711 0.375006079673767 0.390225499868393 0.385887950658798 0.375495165586472 0.381826162338257 0.408550560474396 0.421242922544479 0.410089194774628 0.412280142307281 0.420785963535309 0.434220284223557 0.443174809217453 0.446170657873154 0.441779583692551 0.440410941839218 0.459118336439133 0.472790718078613 0.439260900020599
0.454937994480133 0.457996159791946 0.446802854537964 0.411694288253784 0.3920519053936 0.41970095038414 0.418567150831223 0.387203454971313 0.388545751571655 0.408872932195663 0.404143810272217 0.37122631072998 0.356551319360733 0.343348234891891 0.347180753946304 0.364665478467941 0.361243396997452 0.357708543539047 0.344685435295105 0.327139735221863 0.321150869131088 0.306437015533447 0.300381600856781 0.314320653676987 0.326288342475891 0.336087793111801 0.334611356258392 0.32444503903389 0.319036871194839 0.298979312181473 0.293174654245377 0.309429585933685 0.325800210237503 0.327841728925705 0.321146130561829 0.328359812498093 0.34827396273613 0.363840728998184 0.362896233797073 0.354681074619293 0.363596647977829 0.377328217029572 0.386743724346161 0.401375263929367 0.405561238527298 0.405793160200119 0.39930585026741 0.408797681331635 0.399401307106018
0.442088395357132 0.454521000385284 0.450279861688614 0.41240069270134 0.391624569892883 0.418287098407745 0.420503050088882 0.418008059263229 0.429001212120056 0.449238479137421 0.438646733760834 0.41098740696907 0.405901372432709 0.386593848466873 0.374484717845917 0.376551061868668 0.359410762786865 0.360015571117401 0.360005140304565 0.361129522323608 0.363455474376678 0.365204304456711 0.367319822311401 0.362585097551346 0.346693307161331 0.373324275016785 0.357144087553024 0.307625234127045 0.31226047873497 0.32110521197319 0.330647438764572 0.337593793869019 0.334394872188568 0.3325055539608 0.32896015048027 0.324366837739944 0.340388923883438 0.353014141321182 0.352758407592773 0.342542082071304 0.339389115571976 0.35375714302063 0.360796064138412 0.365520894527435 0.36115625500679 0.361953347921371 0.367225408554077 0.388484090566635 0.387612253427505
0.434550553560257 0.445748507976532 0.449185252189636 0.429415166378021 0.419543355703354 0.429543405771255 0.418028026819229 0.418770104646683 0.42353954911232 0.428937613964081 0.421644389629364 0.385916650295258 0.361637979745865 0.344865441322327 0.333237558603287 0.351586818695068 0.364496499300003 0.347298324108124 0.366072207689285 0.374654471874237 0.346561074256897 0.350044310092926 0.382308512926102 0.373565256595612 0.33735391497612 0.341740220785141 0.327270209789276 0.307729214429855 0.337259918451309 0.355368345975876 0.373169720172882 0.380801945924759 0.375259816646576 0.367802977561951 0.347892850637436 0.329893350601196 0.338132292032242 0.351870775222778 0.372080743312836 0.366652429103851 0.354445964097977 0.341263055801392 0.329038619995117 0.333109855651855 0.322727411985397 0.324142187833786 0.338539868593216 0.354493975639343 0.34750571846962
0.432184904813766 0.445056319236755 0.450099289417267 0.435669213533401 0.42665821313858 0.419441252946854 0.409596055746078 0.416457056999207 0.41707307100296 0.396899968385696 0.380886375904083 0.344638139009476 0.321227610111237 0.324033230543137 0.326847016811371 0.338979721069336 0.353805303573608 0.329915136098862 0.345974445343018 0.364072471857071 0.345627844333649 0.34165757894516 0.341224849224091 0.354133605957031 0.34717059135437 0.32742241024971 0.315923452377319 0.31532496213913 0.343488901853561 0.360119521617889 0.356779515743256 0.342412829399109 0.346772938966751 0.354746431112289 0.345721632242203 0.338665246963501 0.343245357275009 0.336532860994339 0.351134955883026 0.349207401275635 0.350391060113907 0.34021458029747 0.321756094694138 0.321491807699203 0.321384370326996 0.345375090837479 0.351130098104477 0.332412421703339 0.314734756946564
0.417869001626968 0.42882376909256 0.424791246652603 0.40580877661705 0.395228654146194 0.394577175378799 0.397903323173523 0.407530903816223 0.405137985944748 0.380866408348083 0.36400905251503 0.345685511827469 0.319561898708344 0.317181617021561 0.334776550531387 0.339039474725723 0.355090409517288 0.345694363117218 0.333841145038605 0.340096414089203 0.329900830984116 0.31452950835228 0.314009130001068 0.347742229700089 0.359471291303635 0.336863666772842 0.320848345756531 0.317970186471939 0.320661067962646 0.332829654216766 0.336188584566116 0.32250764966011 0.337014228105545 0.348332613706589 0.33958888053894 0.346322476863861 0.347056865692139 0.336392968893051 0.347174048423767 0.336762845516205 0.334881901741028 0.33455827832222 0.340934574604034 0.338104695081711 0.34149643778801 0.37853816151619 0.379379481077194 0.355472058057785 0.347577214241028
0.373844712972641 0.376454621553421 0.373933523893356 0.359230160713196 0.354260444641113 0.376274287700653 0.389512985944748 0.386311680078506 0.386436343193054 0.353845119476318 0.363115459680557 0.372436612844467 0.340718269348145 0.33136448264122 0.324916511774063 0.326113700866699 0.363148480653763 0.373231649398804 0.336798697710037 0.322144836187363 0.30200457572937 0.284257113933563 0.300110995769501 0.347717016935349 0.356180191040039 0.341337323188782 0.327476531267166 0.324779897928238 0.339962720870972 0.360752910375595 0.369174122810364 0.353876262903214 0.351757854223251 0.354268372058868 0.346325606107712 0.357760310173035 0.33637797832489 0.312018603086472 0.325533777475357 0.342823326587677 0.342127561569214 0.326279580593109 0.348418027162552 0.357566624879837 0.357277780771255 0.368703454732895 0.362030804157257 0.365414172410965 0.377435892820358
0.332325905561447 0.327015250921249 0.33637523651123 0.333107888698578 0.324651390314102 0.352917075157166 0.381643623113632 0.394868850708008 0.396665036678314 0.35546550154686 0.360332399606705 0.382229506969452 0.356950551271439 0.338788151741028 0.322393178939819 0.322492867708206 0.347834557294846 0.366018921136856 0.338773846626282 0.317974478006363 0.304374903440475 0.27862811088562 0.292287677526474 0.327794760465622 0.330131858587265 0.33516651391983 0.327062278985977 0.319505214691162 0.322443962097168 0.340169578790665 0.358668953180313 0.359342455863953 0.346403211355209 0.310802727937698 0.315151005983353 0.346562325954437 0.333540737628937 0.301556169986725 0.312909483909607 0.342790812253952 0.334755271673203 0.319611966609955 0.345147162675858 0.352939963340759 0.354741841554642 0.352733552455902 0.343150287866592 0.360275477170944 0.383578389883041
0.32359904050827 0.304106056690216 0.321612119674683 0.343273639678955 0.359321147203445 0.378107011318207 0.39790290594101 0.394950419664383 0.386082351207733 0.365482985973358 0.349447160959244 0.359314143657684 0.341573804616928 0.309901118278503 0.325170785188675 0.341073930263519 0.33747074007988 0.341672658920288 0.305164068937302 0.276295512914658 0.282859563827515 0.283214896917343 0.294118732213974 0.293250411748886 0.279061108827591 0.285903990268707 0.311520129442215 0.317519545555115 0.302204430103302 0.299266785383224 0.286682814359665 0.308242470026016 0.330365180969238 0.309382736682892 0.308850675821304 0.331014931201935 0.335567027330399 0.316599905490875 0.315888345241547 0.336139708757401 0.326227128505707 0.301347494125366 0.323354005813599 0.346851587295532 0.346622824668884 0.359796285629272 0.371543437242508 0.362717479467392 0.370715022087097
