data/1_raw/trimmed_ndre/W_ndre.727.2011_no_clouds.asc
NCOLS 130 
NROWS 71 
XLLCORNER 530645 
YLLCORNER 5158205 
CELLSIZE 5 
NODATA_value -3.4e+38 
[rows 42 to 62 of 71, columns 49 to 97 of 130]
0.22319532930851 0.226581484079361 0.222421556711197 0.205605283379555 0.196319729089737 0.229374945163727 0.256262809038162 0.234961897134781 0.239038243889809 0.268288642168045 0.275988012552261 0.258285403251648 0.265939116477966 0.267823219299316 0.249030143022537 0.23327973484993 0.237411081790924 0.243154525756836 0.234893769025803 0.194140136241913 0.21349610388279 0.255762040615082 0.251408517360687 0.236840933561325 0.227592274546623 0.238264590501785 0.258010745048523 0.245902374386787 0.24719712138176 0.258038640022278 0.264587074518204 0.231977790594101 0.218105956912041 0.238365918397903 0.265345543622971 0.283123701810837 0.276506006717682 0.251923799514771 0.260418981313705 0.252400040626526 0.248201325535774 0.257524073123932 0.258035331964493 0.26650008559227 0.266449749469757 0.246929824352264 0.246498465538025 0.241917133331299 0.238209784030914
0.230703487992287 0.210423097014427 0.195235833525658 0.193266913294792 0.202418714761734 0.232620269060135 0.248238891363144 0.231769859790802 0.236133545637131 0.276959300041199 0.284071207046509 0.267049938440323 0.284157246351242 0.268302410840988 0.242664247751236 0.236127227544785 0.248482301831245 0.258664786815643 0.251599669456482 0.219670906662941 0.209320351481438 0.215580195188522 0.221472725272179 0.233458384871483 0.23846498131752 0.24211497604847 0.251322954893112 0.247868433594704 0.23262095451355 0.236303254961967 0.256789833307266 0.242982372641563 0.238897025585175 0.248559027910233 0.237209931015968 0.241444811224937 0.259447336196899 0.271819025278091 0.256925463676453 0.2174913585186 0.216809391975403 0.268602788448334 0.281372547149658 0.254701852798462 0.255822449922562 0.258343279361725 0.250191032886505 0.237777903676033 0.235492587089539
0.237691536545753 0.206648200750351 0.195246413350105 0.207024961709976 0.220729827880859 0.219386845827103 0.233456566929817 0.254654586315155 0.271260350942612 0.291850626468658 0.303190588951111 0.283489763736725 0.271570116281509 0.24772684276104 0.226728603243828 0.233226522803307 0.253489822149277 0.263354003429413 0.266812592744827 0.246853604912758 0.22909078001976 0.205408424139023 0.215782567858696 0.25098043680191 0.257750540971756 0.248228043317795 0.241009518504143 0.237167716026306 0.227729484438896 0.227357491850853 0.255693644285202 0.274283409118652 0.247800603508949 0.224702998995781 0.21172408759594 0.217834234237671 0.247126564383507 0.26995187997818 0.256590157747269 0.224233284592628 0.227812454104424 0.245867073535919 0.256629943847656 0.243853822350502 0.257148385047913 0.268750011920929 0.264230608940125 0.259412348270416 0.252616316080093
0.219505295157433 0.194703668355942 0.19799530506134 0.217175632715225 0.229463115334511 0.217150002717972 0.227589905261993 0.25616791844368 0.272390902042389 0.279442459344864 0.304541647434235 0.291500777006149 0.249521836638451 0.236783713102341 0.241098523139954 0.256933629512787 0.254086822271347 0.243855878710747 0.238559707999229 0.217092260718346 0.217567339539528 0.225048214197159 0.234962165355682 0.261189013719559 0.257300645112991 0.242636576294899 0.23458693921566 0.246004730463028 0.259312659502029 0.245135605335236 0.23090572655201 0.236459404230118 0.247130826115608 0.238784819841385 0.218082323670387 0.23968505859375 0.26999494433403 0.271968454122543 0.268139839172363 0.230289682745934 0.227059543132782 0.233087405562401 0.250672101974487 0.262220233678818 0.264241218566895 0.259752690792084 0.248737126588821 0.248900502920151 0.245559126138687
0.206734836101532 0.191426262259483 0.193391621112823 0.219273820519447 0.242865651845932 0.230667501688004 0.224017754197121 0.246088564395905 0.267906308174133 0.266236364841461 0.263719260692596 0.261634409427643 0.260792255401611 0.267474293708801 0.259817749261856 0.265031754970551 0.266476631164551 0.254049926996231 0.219801053404808 0.198067858815193 0.216218173503876 0.240235805511475 0.236388117074966 0.243770405650139 0.234831407666206 0.217126697301865 0.216395020484924 0.238524556159973 0.265476852655411 0.251906424760818 0.231807321310043 0.244894772768021 0.262381374835968 0.263045847415924 0.251173049211502 0.250712960958481 0.253584563732147 0.238609373569489 0.272940844297409 0.267184913158417 0.238181784749031 0.250510841608047 0.256644874811172 0.264602690935135 0.271290838718414 0.261908233165741 0.250232875347137 0.255312114953995 0.249361574649811
0.222493097186089 0.21435059607029 0.201135531067848 0.211946815252304 0.239196926355362 0.237661466002464 0.226897120475769 0.248814210295677 0.289818465709686 0.285355269908905 0.268605202436447 0.266189366579056 0.269968539476395 0.263977855443954 0.235089614987373 0.21488593518734 0.235822036862373 0.25049039721489 0.213136285543442 0.219385713338852 0.223354831337929 0.225352555513382 0.225198358297348 0.224814921617508 0.222982808947563 0.218214005231857 0.216390445828438 0.221810564398766 0.244161069393158 0.250589698553085 0.235019445419312 0.247335687279701 0.261237978935242 0.261908441781998 0.258507162332535 0.250687122344971 0.21973417699337 0.215906903147697 0.261499851942062 0.274647355079651 0.246710643172264 0.236609473824501 0.225288063287735 0.22906768321991 0.248574331402779 0.257071048021317 0.269407778978348 0.291069537401199 0.287974923849106
0.212253764271736 0.199325039982796 0.192693904042244 0.209565848112106 0.229070782661438 0.240468755364418 0.235227271914482 0.235022306442261 0.285740345716476 0.290568619966507 0.286667943000793 0.283259123563766 0.264792174100876 0.261412560939789 0.2494897544384 0.234525188803673 0.225668534636497 0.232341468334198 0.230112418532372 0.236266657710075 0.215994402766228 0.21519461274147 0.229824066162109 0.22927089035511 0.228976055979729 0.22952201962471 0.226652413606644 0.220412313938141 0.231903985142708 0.251215130090714 0.242560923099518 0.231335058808327 0.225239276885986 0.222058832645416 0.232330977916718 0.24595732986927 0.220350623130798 0.21189221739769 0.221420407295227 0.226053193211555 0.221932396292686 0.214272007346153 0.216095775365829 0.228290215134621 0.247269228100777 0.254881799221039 0.270323514938354 0.294656485319138 0.295526713132858
0.189818486571312 0.183001607656479 0.206532374024391 0.227459266781807 0.225583583116531 0.241054832935333 0.246968433260918 0.246400639414787 0.260826379060745 0.257774889469147 0.261716306209564 0.260314673185349 0.243028074502945 0.246865496039391 0.24297870695591 0.231646701693535 0.233694404363632 0.245784446597099 0.25478258728981 0.241934731602669 0.213216677308083 0.222403883934021 0.240019083023071 0.231819495558739 0.219573423266411 0.212635546922684 0.208650916814804 0.208930507302284 0.219077736139297 0.230521276593208 0.230786994099617 0.221262514591217 0.211691364645958 0.223197594285011 0.239298552274704 0.240758165717125 0.221478283405304 0.222911357879639 0.233079135417938 0.232415914535522 0.223627775907516 0.216453641653061 0.234024062752724 0.255913227796555 0.281669020652771 0.2786485850811 0.270153045654297 0.286843329668045 0.294118285179138
0.194348856806755 0.210013419389725 0.236641645431519 0.244117006659508 0.229523584246635 0.239692971110344 0.235504493117332 0.246837958693504 0.259876430034637 0.254330396652222 0.240304842591286 0.241280719637871 0.245056435465813 0.24812738597393 0.233096793293953 0.21745166182518 0.243759974837303 0.268259227275848 0.257153153419495 0.235872313380241 0.218741446733475 0.230725258588791 0.236341804265976 0.219467207789421 0.201338663697243 0.19292688369751 0.197655692696571 0.20957587659359 0.215676739811897 0.20755597949028 0.222670719027519 0.239369362592697 0.230207800865173 0.244500383734703 0.247208014130592 0.22284272313118 0.204056292772293 0.236289784312248 0.261259287595749 0.237087026238441 0.230703726410866 0.233761623501778 0.239501357078552 0.250509649515152 0.272766143083572 0.268525004386902 0.256891816854477 0.267339617013931 0.278911560773849
0.224489465355873 0.248163297772408 0.247667163610458 0.219816535711288 0.214081481099129 0.239892974495888 0.250202715396881 0.274992644786835 0.291332751512527 0.265110462903976 0.234706327319145 0.240411296486855 0.26746478676796 0.258325308561325 0.234669923782349 0.222438097000122 0.235509112477303 0.260989964008331 0.253384113311768 0.234214976429939 0.224335342645645 0.230388507246971 0.233073756098747 0.229591220617294 0.220249652862549 0.212074682116508 0.217065766453743 0.226942971348763 0.227066203951836 0.214506879448891 0.21203026175499 0.21711790561676 0.212248712778091 0.238571166992188 0.249535828828812 0.222882226109505 0.199068665504456 0.217468574643135 0.244256183505058 0.237946107983589 0.224840521812439 0.227895706892014 0.222334966063499 0.221103146672249 0.241107299923897 0.242333307862282 0.247831493616104 0.25842222571373 0.256892710924149
0.21207831799984 0.250433415174484 0.249866425991058 0.206242993474007 0.215617030858994 0.267984807491302 0.284440040588379 0.261029779911041 0.245721161365509 0.245236575603485 0.252156674861908 0.261621564626694 0.261082410812378 0.241362050175667 0.219577923417091 0.228532135486603 0.236065044999123 0.23279957473278 0.237071573734283 0.234707325696945 0.236895844340324 0.241130635142326 0.237218663096428 0.245923027396202 0.250910729169846 0.243410855531693 0.248265326023102 0.242913261055946 0.239432096481323 0.232899308204651 0.216826543211937 0.215669706463814 0.208597108721733 0.233087033033371 0.245366767048836 0.248000472784042 0.225607588887215 0.204733595252037 0.213662683963776 0.223620533943176 0.212732523679733 0.22140246629715 0.231281593441963 0.239470884203911 0.24800069630146 0.244395047426224 0.252041816711426 0.25387117266655 0.243953511118889
0.199318706989288 0.233942106366158 0.263867199420929 0.23752835392952 0.235892772674561 0.257073968648911 0.249423056840897 0.241106018424034 0.266802370548248 0.270499348640442 0.254252344369888 0.246564388275146 0.233249023556709 0.232384636998177 0.243932217359543 0.255367040634155 0.241256415843964 0.204122021794319 0.200716182589531 0.214520305395126 0.225105315446854 0.226278647780418 0.223620355129242 0.240805760025978 0.240305066108704 0.228625148534775 0.23874306678772 0.239365071058273 0.241562619805336 0.249229967594147 0.250436246395111 0.267824351787567 0.262445867061615 0.247982695698738 0.235217019915581 0.258649796247482 0.253338932991028 0.21705749630928 0.205843895673752 0.213379934430122 0.22951751947403 0.241901785135269 0.24314546585083 0.25835520029068 0.261725902557373 0.250688821077347 0.245680913329124 0.238817125558853 0.238428145647049
0.227357983589172 0.237631276249886 0.268068820238113 0.259925007820129 0.241913586854935 0.250715672969818 0.24385292828083 0.241564482450485 0.277268946170807 0.289218604564667 0.261825948953629 0.233355939388275 0.218014657497406 0.235215425491333 0.263666987419128 0.267728954553604 0.25690171122551 0.22760733962059 0.221328467130661 0.234028667211533 0.230009183287621 0.215596035122871 0.212587580084801 0.229143336415291 0.228234425187111 0.220292001962662 0.235784247517586 0.2476666867733 0.241962462663651 0.2523393034935 0.257953345775604 0.247242331504822 0.246755912899971 0.238859474658966 0.222520470619202 0.24409131705761 0.259044200181961 0.245065897703171 0.227083534002304 0.24035157263279 0.252120941877365 0.243472769856453 0.22482493519783 0.232937052845955 0.235479950904846 0.23841917514801 0.242024943232536 0.235106855630875 0.236313045024872
0.26245966553688 0.245450466871262 0.244437888264656 0.238166153430939 0.232990980148315 0.262474775314331 0.261228293180466 0.236824616789818 0.237841323018074 0.267492532730103 0.276445984840393 0.249740302562714 0.236519828438759 0.251056283712387 0.254338681697845 0.23738831281662 0.229914322495461 0.212055534124374 0.219970345497131 0.242740988731384 0.243279561400414 0.23011714220047 0.226652711629868 0.233749806880951 0.223865330219269 0.223582476377487 0.244392842054367 0.260521322488785 0.254729390144348 0.250033766031265 0.241341084241867 0.22341325879097 0.226698532700539 0.237850174307823 0.236408576369286 0.233089953660965 0.231019616127014 0.242569729685783 0.251706093549728 0.253740310668945 0.237801089882851 0.217427805066109 0.218276694417 0.236631706357002 0.237481772899628 0.227186664938927 0.230442270636559 0.239242747426033 0.234257385134697
0.266295820474625 0.259097188711166 0.257385671138763 0.245607614517212 0.253456950187683 0.27996027469635 0.27094578742981 0.266819447278976 0.26400625705719 0.262374609708786 0.262821614742279 0.246556624770164 0.236065283417702 0.240772053599358 0.237407833337784 0.229839414358139 0.234669044613838 0.22978949546814 0.217322275042534 0.225454300642014 0.227384224534035 0.222836777567863 0.233916968107224 0.238662794232368 0.221701383590698 0.231170028448105 0.245268687605858 0.241103380918503 0.232784897089005 0.234249398112297 0.234068408608437 0.235521897673607 0.239752307534218 0.249004647135735 0.24948388338089 0.232710376381874 0.22551429271698 0.239929482340813 0.246238350868225 0.236976519227028 0.222026884555817 0.212184116244316 0.232125148177147 0.248590424656868 0.231948375701904 0.206269040703773 0.206776306033134 0.235573008656502 0.229477867484093
0.275722831487656 0.253906607627869 0.265666484832764 0.255509406328201 0.260295957326889 0.27777037024498 0.28578045964241 0.277083575725555 0.251743525266647 0.234086453914642 0.238092437386513 0.234844580292702 0.222446367144585 0.218468099832535 0.223504170775414 0.231816217303276 0.251764893531799 0.253452032804489 0.227010414004326 0.22105897963047 0.218112528324127 0.210906147956848 0.227285116910934 0.238716065883636 0.230888724327087 0.235448777675629 0.244703486561775 0.230340778827667 0.232948407530785 0.245898485183716 0.24472339451313 0.245505452156067 0.249728217720985 0.264279067516327 0.259895324707031 0.240565434098244 0.237487405538559 0.243939474225044 0.230616793036461 0.223523184657097 0.226847350597382 0.226418942213058 0.236883357167244 0.225632086396217 0.208793982863426 0.206976532936096 0.226009905338287 0.238882020115852 0.215461000800133
0.277799010276794 0.274678289890289 0.289802312850952 0.283592194318771 0.295132696628571 0.290938317775726 0.278172969818115 0.267844766378403 0.222895547747612 0.207990080118179 0.233591511845589 0.249848946928978 0.2407316416502 0.226909503340721 0.239765241742134 0.22894161939621 0.222593635320663 0.236370861530304 0.245173513889313 0.236957997083664 0.210956826806068 0.204315066337585 0.227520123124123 0.240928575396538 0.242193937301636 0.238516226410866 0.242103844881058 0.229017585515976 0.241060897707939 0.260270804166794 0.252630800008774 0.24395415186882 0.239817544817924 0.256567865610123 0.253400862216949 0.242274045944214 0.243701204657555 0.249022573232651 0.236607626080513 0.225564405322075 0.232378616929054 0.235376715660095 0.222198471426964 0.205633923411369 0.208647921681404 0.217340424656868 0.233860835433006 -3.4e+38 -3.4e+38
0.291339725255966 0.311710864305496 0.313405811786652 0.303703129291534 0.306707590818405 0.281067550182343 0.255885779857635 0.266677498817444 0.234081417322159 0.22409276664257 0.259455651044846 0.279910832643509 0.249204754829407 0.235017657279968 0.257531881332397 0.239455103874207 0.220713078975677 0.223720103502274 0.226089984178543 0.229370206594467 0.216108411550522 0.215862646698952 0.236918434500694 0.239055186510086 0.245990052819252 0.252014845609665 0.241133078932762 0.224369257688522 0.224993616342545 0.230109676718712 0.215615168213844 0.208660215139389 0.22734309732914 0.25164121389389 0.247640609741211 0.242205232381821 0.246813148260117 0.241059049963951 0.224332511425018 0.215230017900467 0.224831447005272 0.228105306625366 0.206968247890472 0.205635353922844 0.22472009062767 0.230473473668098 -3.4e+38 -3.4e+38 -3.4e+38
0.29192790389061 0.294055342674255 0.29537308216095 0.299540281295776 0.301369786262512 0.265562355518341 0.242423295974731 0.256169646978378 0.253489643335342 0.235029071569443 0.242610707879066 0.257430583238602 0.226543664932251 0.209661856293678 0.235531896352768 0.251061946153641 0.231400057673454 0.220099106431007 0.215244010090828 0.214340299367905 0.212691485881805 0.216040015220642 0.225612014532089 0.235299944877625 0.237050786614418 0.253281533718109 0.246878460049629 0.216880857944489 0.201679944992065 0.208237126469612 0.214190095663071 0.215735748410225 0.23347981274128 0.253454566001892 0.252069741487503 0.246306285262108 0.242965206503868 0.223380506038666 0.208952724933624 0.214710637927055 0.22283598780632 0.223411947488785 0.204972565174103 0.210002914071083 0.22048719227314 -3.4e+38 -3.4e+38 -3.4e+38 -3.4e+38
0.308177441358566 0.291807889938354 0.279259443283081 0.292702525854111 0.296395242214203 0.260580271482468 0.258586585521698 0.261134505271912 0.25329601764679 0.229381293058395 0.219289273023605 0.238056153059006 0.241249904036522 0.234297215938568 0.22624671459198 0.233527213335037 0.238871216773987 0.228306382894516 0.225783571600914 0.212668135762215 0.205469816923141 0.223636791110039 0.229269593954086 0.225231468677521 0.231388926506042 0.254291385412216 0.259955048561096 0.228647649288177 0.211389094591141 0.212679520249367 0.224996984004974 0.229251936078072 0.23380571603775 0.240409404039383 0.241515263915062 0.24548214673996 0.23310412466526 0.208635151386261 0.21242168545723 0.227581009268761 0.22970849275589 -3.4e+38 -3.4e+38 -3.4e+38 -3.4e+38 -3.4e+38 -3.4e+38 -3.4e+38 -3.4e+38
0.299726784229279 0.279148280620575 0.264681130647659 0.287772178649902 0.286945700645447 0.256320744752884 0.272146105766296 0.262788772583008 0.253139197826385 0.251138508319855 0.252334892749786 0.251833558082581 0.245103895664215 0.244349002838135 0.23786062002182 0.231767475605011 0.237206727266312 0.227914974093437 0.229530572891235 0.218994542956352 0.213221579790115 0.226319640874863 0.224922731518745 0.217518717050552 0.23947075009346 0.227027922868729 0.210857927799225 0.215484604239464 0.221741303801537 0.21843783557415 0.217226848006248 0.213442504405975 0.211547419428825 0.209079638123512 0.218990117311478 -3.4e+38 -3.4e+38 -3.4e+38 -3.4e+38 -3.4e+38 -3.4e+38 -3.4e+38 -3.4e+38 -3.4e+38 -3.4e+38 -3.4e+38 -3.4e+38 -3.4e+38 -3.4e+38
