data/1_raw/trimmed_ndre/W_ndre.77.2010_no_clouds.asc
NCOLS 130 
NROWS 71 
XLLCORNER 530645 
YLLCORNER 5158205 
CELLSIZE 5 
NODATA_value -3.4e+38 
[rows 21 to 41 of 71, columns 0 to 48 of 130]
0.621754765510559 0.613487482070923 0.619774043560028 0.631442010402679 0.630569517612457 0.628189504146576 0.620354235172272 0.620951771736145 0.622645378112793 0.607571661472321 0.601247370243073 0.604782998561859 0.600319445133209 0.606069386005402 0.608249962329865 0.59944349527359 0.602532684803009 0.598638653755188 0.591377139091492 0.589745104312897 0.581131398677826 0.576521217823029 0.575108349323273 0.570664525032043 0.573958575725555 0.580854892730713 0.580725133419037 0.574637353420258 0.56840592622757 0.553850889205933 0.54716819524765 0.552783906459808 0.551605999469757 0.550321042537689 0.559753000736237 0.573085308074951 0.561680614948273 0.530098855495453 0.511942028999329 0.5163694024086 0.491740822792053 0.472836822271347 0.496625751256943 0.507114470005035 0.505391001701355 0.510321140289307 0.527181267738342 0.546676516532898 0.557199001312256
0.625070750713348 0.621323883533478 0.626679718494415 0.634836852550507 0.630817174911499 0.622003257274628 0.627902507781982 0.632099211215973 0.633557975292206 0.621766805648804 0.605792462825775 0.608173251152039 0.614541530609131 0.606181740760803 0.615768909454346 0.607396066188812 0.597988188266754 0.603361487388611 0.596258759498596 0.586781144142151 0.581910848617554 0.587260723114014 0.582170128822327 0.573943257331848 0.575428068637848 0.576138913631439 0.57241952419281 0.572937607765198 0.582132875919342 0.571253895759583 0.557664811611176 0.560495793819427 0.562711238861084 0.566694498062134 0.574505507946014 0.581863284111023 0.576111555099487 0.548228561878204 0.52404510974884 0.523854911327362 0.4905044734478 0.467238754034042 0.480897426605225 0.482465714216232 0.482913702726364 0.492989718914032 0.514450550079346 0.532522141933441 0.548292398452759
-3.4e+38 0.615329444408417 0.621582329273224 0.627097845077515 0.619742512702942 0.611113548278809 0.622767865657806 0.625873863697052 0.623468101024628 0.621815383434296 0.6127849817276 0.615975439548492 0.614489197731018 0.599964082241058 0.617104351520538 0.605762124061584 0.587677836418152 0.602172613143921 0.598509192466736 0.585907638072968 0.584295511245728 0.5942662358284 0.583697199821472 0.578106343746185 0.582393050193787 0.579331517219543 0.573933482170105 0.577370822429657 0.585962295532227 0.579408705234528 0.566069066524506 0.562266230583191 0.567374289035797 0.572968363761902 0.58185601234436 0.58916574716568 0.589190483093262 0.574851095676422 0.548588037490845 0.531722664833069 0.516711473464966 0.489605605602264 0.477764129638672 0.476854473352432 0.479752123355865 0.489687204360962 0.508220255374908 0.517584204673767 0.532425582408905
-3.4e+38 -3.4e+38 0.618465423583984 0.622046172618866 0.619287252426147 0.60888010263443 0.60880434513092 0.618724882602692 0.616158425807953 0.61213481426239 0.612650811672211 0.616135954856873 0.614183783531189 0.601751983165741 0.595579266548157 0.595369875431061 0.59513521194458 0.600502133369446 0.594677269458771 0.582683742046356 0.580069124698639 0.583445608615875 0.566434860229492 0.571601152420044 0.582988977432251 0.579580426216125 0.577665448188782 0.574520707130432 0.575587272644043 0.572999536991119 0.562455892562866 0.556270480155945 0.559507966041565 0.562442600727081 0.572277128696442 0.586576104164124 0.595751404762268 0.598426878452301 0.574585020542145 0.548206031322479 0.542226731777191 0.524485170841217 0.497638732194901 0.488945215940475 0.495927780866623 0.499522775411606 0.503209590911865 0.509978592395782 0.515023529529572
-3.4e+38 -3.4e+38 -3.4e+38 0.623328328132629 0.629391610622406 0.621462523937225 0.619855523109436 0.630126297473907 0.621438443660736 0.615464687347412 0.614464342594147 0.612096667289734 0.613884925842285 0.604132056236267 0.59546023607254 0.603578984737396 0.60412210226059 0.59592604637146 0.587269008159637 0.576256394386292 0.575034320354462 0.578052580356598 0.57004189491272 0.566714107990265 0.572541952133179 0.577189743518829 0.579389989376068 0.575244307518005 0.56993967294693 0.566984713077545 0.562987327575684 0.558801054954529 0.558392345905304 0.559854567050934 0.565674543380737 0.578987598419189 0.596657574176788 0.604862749576569 0.587165653705597 0.562649011611938 0.557628989219666 0.555792689323425 0.536517441272736 0.515340805053711 0.512863755226135 0.518759548664093 0.51388293504715 0.505295038223267 0.506466746330261
-3.4e+38 -3.4e+38 -3.4e+38 0.622199594974518 0.629383146762848 0.626207113265991 0.622176170349121 0.62410295009613 0.621703684329987 0.620704114437103 0.617606818675995 0.611312627792358 0.612319827079773 0.600899934768677 0.595326244831085 0.603765547275543 0.600357830524445 0.596695959568024 0.587255537509918 0.578579545021057 0.576073408126831 0.579925000667572 0.575419247150421 0.560506045818329 0.564036011695862 0.575648844242096 0.580995678901672 0.576446831226349 0.569705724716187 0.570187628269196 0.572973787784576 0.566404044628143 0.564111709594727 0.572819888591766 0.580509901046753 0.589377403259277 0.599298119544983 0.598779857158661 0.583744049072266 0.569133341312408 0.565488457679749 0.57190728187561 0.568040490150452 0.542006254196167 0.525707304477692 0.52958220243454 0.522331416606903 0.515380144119263 0.514502823352814
-3.4e+38 -3.4e+38 -3.4e+38 0.619473457336426 0.620978891849518 0.616187512874603 0.61326390504837 0.613876700401306 0.613272070884705 0.605256021022797 0.609429836273193 0.609577536582947 0.605407297611237 0.594911813735962 0.592807292938232 0.591351211071014 0.583729684352875 0.591683089733124 0.585767030715942 0.575565099716187 0.576838910579681 0.575218439102173 0.56356817483902 0.555388689041138 0.568961322307587 0.584054946899414 0.585008144378662 0.575954496860504 0.575060248374939 0.570638298988342 0.578474640846252 0.58876359462738 0.580777049064636 0.586836159229279 0.602620542049408 0.606820106506348 0.609089374542236 0.607918798923492 0.597999393939972 0.582894623279572 0.571467041969299 0.57708078622818 0.580680191516876 0.56272965669632 0.548309862613678 0.545154094696045 0.540055871009827 0.538239598274231 0.525092303752899
-3.4e+38 -3.4e+38 -3.4e+38 -3.4e+38 0.614732980728149 0.615883827209473 0.615031957626343 0.622806072235107 0.613464772701263 0.597595274448395 0.609578728675842 0.605957806110382 0.594273209571838 0.591962993144989 0.593640804290771 0.589965522289276 0.581670761108398 0.585582911968231 0.576180040836334 0.568936705589294 0.573177218437195 0.569242119789124 0.560231328010559 0.558483183383942 0.573348045349121 0.58989816904068 0.585664570331573 0.579812109470367 0.590991079807281 0.580808639526367 0.586978375911713 0.604359447956085 0.594522356987 0.598666489124298 0.613556027412415 0.622026979923248 0.625765383243561 0.627107620239258 0.618578791618347 0.601718902587891 0.59050989151001 0.588917255401611 0.590239942073822 0.579358041286469 0.577837824821472 0.570560157299042 0.558158457279205 0.549707233905792 0.534090936183929
-3.4e+38 -3.4e+38 -3.4e+38 -3.4e+38 -3.4e+38 0.625493466854095 0.621531128883362 0.633545637130737 0.620863616466522 0.604626715183258 0.614570379257202 0.597499430179596 0.590431272983551 0.593605101108551 0.588837742805481 0.582200825214386 0.579016625881195 0.578730762004852 0.574096381664276 0.57068932056427 0.572675943374634 0.573277175426483 0.566320657730103 0.56519216299057 0.575323224067688 0.590792775154114 0.588414430618286 0.585656464099884 0.594108998775482 0.585648536682129 0.590131282806396 0.601249277591705 0.602629601955414 0.608741104602814 0.619515538215637 0.628631293773651 0.634822189807892 0.636549651622772 0.629742920398712 0.620319902896881 0.617350995540619 0.605074822902679 0.594298422336578 0.594906449317932 0.603314518928528 0.595248103141785 0.575668394565582 0.564808309078217 0.555125117301941
-3.4e+38 -3.4e+38 -3.4e+38 -3.4e+38 -3.4e+38 -3.4e+38 -3.4e+38 -3.4e+38 0.616635918617249 0.610355973243713 0.607597053050995 0.590283036231995 0.587198078632355 0.589516162872314 0.579380691051483 0.573002278804779 0.575587272644043 0.578444063663483 0.576022446155548 0.579674422740936 0.586228311061859 0.584929704666138 0.573799669742584 0.57751601934433 0.583397209644318 0.589450359344482 0.591917812824249 0.589067816734314 0.58778178691864 0.589520275592804 0.592364549636841 0.602672517299652 0.609865665435791 0.613956391811371 0.622261226177216 0.629624783992767 0.635939955711365 0.64163339138031 0.642211079597473 0.635627031326294 0.628955066204071 0.616906762123108 0.606720209121704 0.610413014888763 0.618795871734619 0.619033813476562 0.592938780784607 0.57700127363205 0.586896598339081
-3.4e+38 -3.4e+38 -3.4e+38 -3.4e+38 -3.4e+38 -3.4e+38 -3.4e+38 -3.4e+38 -3.4e+38 -3.4e+38 0.594815194606781 0.587515115737915 0.588764250278473 0.592382550239563 0.584610164165497 0.574641466140747 0.577997624874115 0.582933485507965 0.58492386341095 0.589532792568207 0.593776226043701 0.590031623840332 0.581926167011261 0.584030330181122 0.586075246334076 0.590502381324768 0.59688937664032 0.591870844364166 0.595400154590607 0.596251428127289 0.593583345413208 0.601944208145142 0.607515931129456 0.613882482051849 0.629954755306244 0.636743128299713 0.64085578918457 0.648147940635681 0.65479177236557 0.647200465202332 0.635716676712036 0.630931675434113 0.624497294425964 0.624616324901581 0.622370362281799 0.614606976509094 0.587106347084045 0.585636556148529 0.607594609260559
-3.4e+38 -3.4e+38 -3.4e+38 -3.4e+38 -3.4e+38 -3.4e+38 -3.4e+38 -3.4e+38 -3.4e+38 -3.4e+38 -3.4e+38 0.60284298658371 0.591471016407013 0.60285484790802 0.59735518693924 0.587500274181366 0.592396020889282 0.593291640281677 0.5938840508461 0.591441631317139 0.587497055530548 0.586724281311035 0.585366010665894 0.586407959461212 0.589640319347382 0.598533630371094 0.60162764787674 0.597840189933777 0.612171351909637 0.609472393989563 0.596611380577087 0.603973567485809 0.602022469043732 0.61234188079834 0.635682761669159 0.643669128417969 0.644501388072968 0.649046659469604 0.655447840690613 0.647727370262146 0.646993637084961 0.645488619804382 0.635908603668213 0.641107678413391 0.630314826965332 0.603740334510803 0.584368109703064 0.588994324207306 0.613354086875916
-3.4e+38 -3.4e+38 -3.4e+38 -3.4e+38 -3.4e+38 -3.4e+38 -3.4e+38 -3.4e+38 -3.4e+38 -3.4e+38 -3.4e+38 -3.4e+38 -3.4e+38 -3.4e+38 -3.4e+38 -3.4e+38 -3.4e+38 -3.4e+38 -3.4e+38 -3.4e+38 -3.4e+38 -3.4e+38 -3.4e+38 -3.4e+38 -3.4e+38 -3.4e+38 -3.4e+38 -3.4e+38 -3.4e+38 -3.4e+38 -3.4e+38 0.616359114646912 0.609781801700592 0.620967209339142 0.639386177062988 0.640350043773651 0.640533983707428 0.643712103366852 0.644877970218658 0.635194003582001 0.639544904232025 0.637359261512756 0.630445063114166 0.644484102725983 0.636635303497314 0.614166021347046 0.597474575042725 0.603032767772675 0.618496656417847
-3.4e+38 -3.4e+38 -3.4e+38 -3.4e+38 -3.4e+38 -3.4e+38 -3.4e+38 -3.4e+38 -3.4e+38 -3.4e+38 -3.4e+38 -3.4e+38 -3.4e+38 -3.4e+38 -3.4e+38 -3.4e+38 -3.4e+38 -3.4e+38 -3.4e+38 -3.4e+38 -3.4e+38 -3.4e+38 -3.4e+38 -3.4e+38 -3.4e+38 -3.4e+38 -3.4e+38 -3.4e+38 -3.4e+38 -3.4e+38 -3.4e+38 -3.4e+38 -3.4e+38 0.629294395446777 0.636071383953094 0.634527325630188 0.636471033096313 0.638020217418671 0.63294780254364 0.624026238918304 0.628545045852661 0.621509253978729 0.621589839458466 0.632400512695312 0.620985567569733 0.615127623081207 0.612931191921234 0.612325191497803 0.612043559551239
-3.4e+38 -3.4e+38 -3.4e+38 -3.4e+38 -3.4e+38 -3.4e+38 -3.4e+38 -3.4e+38 -3.4e+38 -3.4e+38 -3.4e+38 -3.4e+38 -3.4e+38 -3.4e+38 -3.4e+38 -3.4e+38 -3.4e+38 -3.4e+38 -3.4e+38 -3.4e+38 -3.4e+38 -3.4e+38 -3.4e+38 -3.4e+38 -3.4e+38 -3.4e+38 -3.4e+38 -3.4e+38 -3.4e+38 -3.4e+38 -3.4e+38 -3.4e+38 -3.4e+38 -3.4e+38 0.635999619960785 0.638384521007538 0.638721585273743 0.641083657741547 0.634091854095459 0.622974514961243 0.620918571949005 0.612401604652405 0.616361558437347 0.622533738613129 0.611851394176483 0.622546792030334 0.623814880847931 0.611642062664032 0.609444975852966
-3.4e+38 -3.4e+38 -3.4e+38 -3.4e+38 -3.4e+38 -3.4e+38 -3.4e+38 -3.4e+38 -3.4e+38 -3.4e+38 -3.4e+38 -3.4e+38 -3.4e+38 -3.4e+38 -3.4e+38 -3.4e+38 -3.4e+38 -3.4e+38 -3.4e+38 -3.4e+38 -3.4e+38 -3.4e+38 -3.4e+38 -3.4e+38 -3.4e+38 -3.4e+38 -3.4e+38 -3.4e+38 -3.4e+38 -3.4e+38 -3.4e+38 -3.4e+38 -3.4e+38 -3.4e+38 0.643688142299652 0.644178450107574 0.63801383972168 0.633742451667786 0.633554041385651 0.620769023895264 0.608250021934509 0.603935062885284 0.606712341308594 0.607826352119446 0.606215536594391 0.621037542819977 0.617525279521942 0.60820746421814 0.60898345708847
-3.4e+38 -3.4e+38 -3.4e+38 -3.4e+38 -3.4e+38 -3.4e+38 -3.4e+38 -3.4e+38 -3.4e+38 -3.4e+38 -3.4e+38 -3.4e+38 -3.4e+38 -3.4e+38 -3.4e+38 -3.4e+38 -3.4e+38 -3.4e+38 -3.4e+38 -3.4e+38 -3.4e+38 -3.4e+38 -3.4e+38 -3.4e+38 -3.4e+38 -3.4e+38 -3.4e+38 -3.4e+38 -3.4e+38 -3.4e+38 -3.4e+38 -3.4e+38 -3.4e+38 -3.4e+38 0.649015128612518 0.639518916606903 0.626676559448242 0.623884856700897 0.629291117191315 0.611789405345917 0.595670282840729 0.591068208217621 0.5872842669487 0.5874382853508 0.593790709972382 0.602694928646088 0.597256481647491 0.593009352684021 0.595824718475342
-3.4e+38 -3.4e+38 -3.4e+38 -3.4e+38 -3.4e+38 -3.4e+38 -3.4e+38 -3.4e+38 -3.4e+38 -3.4e+38 -3.4e+38 -3.4e+38 -3.4e+38 -3.4e+38 -3.4e+38 -3.4e+38 -3.4e+38 -3.4e+38 -3.4e+38 -3.4e+38 -3.4e+38 -3.4e+38 -3.4e+38 -3.4e+38 -3.4e+38 -3.4e+38 -3.4e+38 -3.4e+38 -3.4e+38 -3.4e+38 -3.4e+38 -3.4e+38 -3.4e+38 -3.4e+38 -3.4e+38 0.631475925445557 0.628490388393402 0.631957411766052 0.631895244121552 0.61190277338028 0.604255020618439 0.595237255096436 0.579454898834229 0.580206334590912 0.582476198673248 0.583946049213409 0.580428004264832 0.581514656543732 0.585308074951172
-3.4e+38 -3.4e+38 -3.4e+38 -3.4e+38 -3.4e+38 -3.4e+38 -3.4e+38 -3.4e+38 -3.4e+38 -3.4e+38 -3.4e+38 -3.4e+38 -3.4e+38 -3.4e+38 -3.4e+38 -3.4e+38 -3.4e+38 -3.4e+38 -3.4e+38 -3.4e+38 -3.4e+38 -3.4e+38 -3.4e+38 -3.4e+38 -3.4e+38 -3.4e+38 -3.4e+38 -3.4e+38 -3.4e+38 -3.4e+38 -3.4e+38 -3.4e+38 -3.4e+38 -3.4e+38 -3.4e+38 -3.4e+38 0.643745601177216 0.640777051448822 0.628320217132568 0.614377558231354 0.611378312110901 0.602382183074951 0.591273665428162 0.592536866664886 0.587701439857483 0.586010456085205 0.588533401489258 0.591690301895142 0.594271779060364
-3.4e+38 -3.4e+38 -3.4e+38 -3.4e+38 -3.4e+38 -3.4e+38 -3.4e+38 -3.4e+38 -3.4e+38 -3.4e+38 -3.4e+38 -3.4e+38 -3.4e+38 -3.4e+38 -3.4e+38 -3.4e+38 -3.4e+38 -3.4e+38 -3.4e+38 -3.4e+38 -3.4e+38 -3.4e+38 -3.4e+38 -3.4e+38 -3.4e+38 -3.4e+38 -3.4e+38 -3.4e+38 -3.4e+38 -3.4e+38 -3.4e+38 -3.4e+38 -3.4e+38 -3.4e+38 -3.4e+38 -3.4e+38 -3.4e+38 0.634427845478058 0.626372992992401 0.615051925182343 0.605369567871094 0.599852502346039 0.603205263614655 0.607511937618256 0.604237735271454 0.599734604358673 0.606308460235596 0.61063814163208 0.600393354892731
-3.4e+38 -3.4e+38 -3.4e+38 -3.4e+38 -3.4e+38 -3.4e+38 -3.4e+38 -3.4e+38 -3.4e+38 -3.4e+38 -3.4e+38 -3.4e+38 -3.4e+38 -3.4e+38 -3.4e+38 -3.4e+38 -3.4e+38 -3.4e+38 -3.4e+38 -3.4e+38 -3.4e+38 -3.4e+38 -3.4e+38 -3.4e+38 -3.4e+38 -3.4e+38 -3.4e+38 -3.4e+38 -3.4e+38 -3.4e+38 -3.4e+38 -3.4e+38 -3.4e+38 -3.4e+38 -3.4e+38 -3.4e+38 -3.4e+38 -3.4e+38 0.630009889602661 0.618843138217926 0.604828536510468 0.596750378608704 0.598546862602234 0.605721473693848 0.60783064365387 0.60247403383255 0.60823255777359 0.614659249782562 0.606383264064789
