data/1_raw/trimmed_ndre/W_ndre.77.2010_no_clouds.asc
NCOLS 130 
NROWS 71 
XLLCORNER 530645 
YLLCORNER 5158205 
CELLSIZE 5 
NODATA_value -3.4e+38 
[rows 0 to 20 of 71, columns 0 to 48 of 130]
-339999999999999996123846586046231871488.000000000000000 -3.4e+38 -3.4e+38 -3.4e+38 -3.4e+38 -3.4e+38 -3.4e+38 -3.4e+38 -3.4e+38 -3.4e+38 -3.4e+38 0.532202422618866 0.519190549850464 0.509481430053711 0.50020694732666 0.492400765419006 0.486923694610596 -3.4e+38 -3.4e+38 -3.4e+38 -3.4e+38 -3.4e+38 -3.4e+38 -3.4e+38 -3.4e+38 -3.4e+38 -3.4e+38 -3.4e+38 -3.4e+38 -3.4e+38 -3.4e+38 -3.4e+38 -3.4e+38 -3.4e+38 -3.4e+38 -3.4e+38 -3.4e+38 -3.4e+38 -3.4e+38 -3.4e+38 -3.4e+38 -3.4e+38 -3.4e+38 -3.4e+38 -3.4e+38 -3.4e+38 -3.4e+38 -3.4e+38 -3.4e+38
-3.4e+38 -3.4e+38 -3.4e+38 -3.4e+38 -3.4e+38 -3.4e+38 -3.4e+38 -3.4e+38 -3.4e+38 -3.4e+38 0.535301566123962 0.537672281265259 0.53116500377655 0.516656935214996 0.505138158798218 0.498571187257767 0.487168550491333 0.480145931243896 -3.4e+38 -3.4e+38 -3.4e+38 -3.4e+38 -3.4e+38 -3.4e+38 -3.4e+38 -3.4e+38 -3.4e+38 -3.4e+38 -3.4e+38 -3.4e+38 -3.4e+38 -3.4e+38 -3.4e+38 -3.4e+38 -3.4e+38 -3.4e+38 -3.4e+38 -3.4e+38 -3.4e+38 -3.4e+38 -3.4e+38 -3.4e+38 -3.4e+38 -3.4e+38 -3.4e+38 -3.4e+38 -3.4e+38 -3.4e+38 -3.4e+38
-3.4e+38 -3.4e+38 -3.4e+38 -3.4e+38 -3.4e+38 -3.4e+38 -3.4e+38 -3.4e+38 0.516889452934265 0.528694033622742 0.54104608297348 0.5512815117836 0.540157556533813 0.519545555114746 0.508787453174591 0.503809452056885 0.48855322599411 0.469143658876419 0.483940094709396 -3.4e+38 -3.4e+38 -3.4e+38 -3.4e+38 -3.4e+38 -3.4e+38 -3.4e+38 -3.4e+38 -3.4e+38 -3.4e+38 -3.4e+38 -3.4e+38 -3.4e+38 -3.4e+38 -3.4e+38 -3.4e+38 -3.4e+38 -3.4e+38 -3.4e+38 -3.4e+38 -3.4e+38 -3.4e+38 -3.4e+38 -3.4e+38 -3.4e+38 -3.4e+38 -3.4e+38 -3.4e+38 -3.4e+38 -3.4e+38
-3.4e+38 -3.4e+38 -3.4e+38 -3.4e+38 -3.4e+38 -3.4e+38 -3.4e+38 -3.4e+38 -3.4e+38 0.510622978210449 0.543011605739594 0.553782343864441 0.543964803218842 0.52032732963562 0.502785861492157 0.482115894556046 0.481859177350998 0.472779035568237 0.465810000896454 0.469519197940826 0.483514219522476 -3.4e+38 -3.4e+38 -3.4e+38 -3.4e+38 -3.4e+38 -3.4e+38 -3.4e+38 -3.4e+38 -3.4e+38 -3.4e+38 -3.4e+38 0.549622118473053 0.540296077728271 -3.4e+38 -3.4e+38 -3.4e+38 -3.4e+38 -3.4e+38 -3.4e+38 -3.4e+38 -3.4e+38 -3.4e+38 -3.4e+38 -3.4e+38 -3.4e+38 -3.4e+38 -3.4e+38 -3.4e+38
-3.4e+38 -3.4e+38 -3.4e+38 -3.4e+38 -3.4e+38 -3.4e+38 -3.4e+38 -3.4e+38 -3.4e+38 0.497592568397522 0.530911684036255 0.552366077899933 0.544507682323456 0.517951667308807 0.490832477807999 0.474977403879166 0.484197407960892 0.476764976978302 0.4622742831707 0.477818876504898 0.478286355733871 0.503983914852142 0.532581210136414 0.543808817863464 0.54712975025177 0.54750794172287 0.551031053066254 0.557737529277802 -3.4e+38 -3.4e+38 -3.4e+38 0.575405895709991 0.56681102514267 0.55638062953949 0.548610866069794 0.544918715953827 0.540635228157043 -3.4e+38 -3.4e+38 -3.4e+38 -3.4e+38 -3.4e+38 -3.4e+38 -3.4e+38 -3.4e+38 -3.4e+38 -3.4e+38 -3.4e+38 -3.4e+38
-3.4e+38 -3.4e+38 -3.4e+38 -3.4e+38 -3.4e+38 -3.4e+38 -3.4e+38 -3.4e+38 -3.4e+38 0.491535365581512 0.51837694644928 0.556113302707672 0.550724267959595 0.523242175579071 0.496947675943375 0.482586234807968 0.476470917463303 0.487436383962631 0.489018082618713 0.491983622312546 0.490704417228699 0.513665914535522 0.54434472322464 0.55548882484436 0.558408558368683 0.561053574085236 0.561987400054932 0.562298893928528 0.56833815574646 0.57053279876709 0.56967681646347 0.567363381385803 0.553035080432892 0.552830874919891 0.557430326938629 0.553649723529816 0.552904903888702 0.556160092353821 0.554522514343262 0.549704074859619 -3.4e+38 -3.4e+38 -3.4e+38 -3.4e+38 -3.4e+38 -3.4e+38 -3.4e+38 -3.4e+38 -3.4e+38
-3.4e+38 -3.4e+38 -3.4e+38 -3.4e+38 -3.4e+38 -3.4e+38 -3.4e+38 -3.4e+38 -3.4e+38 0.493996173143387 0.505712032318115 0.546257257461548 0.556851506233215 0.527352571487427 0.514676928520203 0.484877556562424 0.467807233333588 0.490458071231842 0.49449434876442 0.496645420789719 0.506767272949219 0.512459576129913 0.52782279253006 0.54792332649231 0.558569431304932 0.563115119934082 0.56518292427063 0.566549122333527 0.567342877388 0.56039834022522 0.563406944274902 0.569873809814453 0.564112067222595 0.564203202724457 0.567420423030853 0.554652094841003 0.543772518634796 0.552093267440796 0.566570937633514 0.565038740634918 0.544959545135498 0.526596188545227 -3.4e+38 -3.4e+38 -3.4e+38 -3.4e+38 -3.4e+38 -3.4e+38 -3.4e+38
-3.4e+38 -3.4e+38 -3.4e+38 -3.4e+38 -3.4e+38 -3.4e+38 -3.4e+38 -3.4e+38 -3.4e+38 0.51751720905304 0.511966109275818 0.543156266212463 0.552624464035034 0.525352656841278 0.522068023681641 0.48904350399971 0.477321565151215 0.502929270267487 0.493497163057327 0.498399168252945 0.50575453042984 0.503088235855103 0.509023725986481 0.530009090900421 0.552000164985657 0.558702647686005 0.558844983577728 0.560905456542969 0.564239263534546 0.559959173202515 0.561965465545654 0.565953016281128 0.566020846366882 0.559378266334534 0.564759612083435 0.558987617492676 0.538652658462524 0.53471052646637 0.547329306602478 0.557047605514526 0.549551248550415 0.538584470748901 0.529157638549805 -3.4e+38 -3.4e+38 -3.4e+38 -3.4e+38 -3.4e+38 -3.4e+38
-3.4e+38 -3.4e+38 -3.4e+38 -3.4e+38 -3.4e+38 -3.4e+38 -3.4e+38 -3.4e+38 0.568048119544983 0.538356721401215 0.517025947570801 0.53922039270401 0.536790132522583 0.524631202220917 0.530719995498657 0.519335448741913 0.516009390354156 0.52163553237915 0.507882118225098 0.507720172405243 0.504140257835388 0.500241577625275 0.508022248744965 0.528774797916412 0.550701856613159 0.554202973842621 0.551725924015045 0.549220860004425 0.55179888010025 0.555349946022034 0.557999968528748 0.549251973628998 0.540030062198639 0.542205691337585 0.556548833847046 0.561015963554382 0.543243229389191 0.52988988161087 0.529649436473846 0.543775022029877 0.551858365535736 0.550262987613678 0.54506653547287 0.533657729625702 0.51928722858429 0.507851362228394 0.503763258457184 -3.4e+38 -3.4e+38
-3.4e+38 -3.4e+38 -3.4e+38 -3.4e+38 -3.4e+38 -3.4e+38 -3.4e+38 0.588908076286316 0.582459270954132 0.540843427181244 0.509707510471344 0.525457262992859 0.53080552816391 0.533997178077698 0.542066752910614 0.546530187129974 0.540118396282196 0.535479068756104 0.532295942306519 0.53082811832428 0.513058423995972 0.517284691333771 0.540864586830139 0.550964415073395 0.559010148048401 0.5552858710289 0.545608103275299 0.541573286056519 0.5400071144104 0.548727989196777 0.554422795772552 0.547012865543365 0.538615107536316 0.541797816753387 0.551146745681763 0.560587108135223 0.553259313106537 0.539928615093231 0.535042226314545 0.532857894897461 0.54021418094635 0.548032343387604 0.554565787315369 0.549160480499268 0.533625543117523 0.524134635925293 0.523358106613159 0.519572377204895 -3.4e+38
-3.4e+38 -3.4e+38 -3.4e+38 -3.4e+38 -3.4e+38 -3.4e+38 0.613326132297516 0.601404547691345 0.585310459136963 0.553332388401031 0.514717578887939 0.509901463985443 0.514643132686615 0.52122038602829 0.530331790447235 0.536725401878357 0.536356627941132 0.548670887947083 0.553325772285461 0.547745406627655 0.537547588348389 0.546553254127502 0.560433745384216 0.553242802619934 0.545166552066803 0.541786313056946 0.544247329235077 0.54785680770874 0.54069596529007 0.54393208026886 0.555071473121643 0.553297936916351 0.548186242580414 0.544561207294464 0.545182168483734 0.548163115978241 0.541136801242828 0.537937581539154 0.542897462844849 0.536104798316956 0.533968925476074 0.545402705669403 0.557038545608521 0.564266383647919 0.549616992473602 0.531336307525635 0.527849614620209 0.519686937332153 0.516040980815887
-3.4e+38 -3.4e+38 -3.4e+38 -3.4e+38 -3.4e+38 0.618090629577637 0.616958677768707 0.612079918384552 0.60044926404953 0.584144234657288 0.536150991916656 0.490471839904785 0.483996778726578 0.493182569742203 0.508098483085632 0.519963145256042 0.525648176670074 0.542538583278656 0.548335790634155 0.546984136104584 0.553506672382355 0.554289877414703 0.55071234703064 0.539576411247253 0.531242609024048 0.531133949756622 0.545863032341003 0.556179523468018 0.558783054351807 0.557791888713837 0.560472369194031 0.559500992298126 0.544380068778992 0.540754795074463 0.542460083961487 0.541803419589996 0.532644987106323 0.540345907211304 0.554255962371826 0.55090206861496 0.544028759002686 0.544515907764435 0.556558132171631 0.569904327392578 0.5549196600914 0.53338760137558 0.530913174152374 0.525885343551636 0.525592803955078
-3.4e+38 -3.4e+38 -3.4e+38 -3.4e+38 -3.4e+38 0.608842194080353 0.608710944652557 0.617483139038086 0.609801769256592 0.586418330669403 0.553805589675903 0.504939019680023 0.47362893819809 0.48024395108223 0.49610036611557 0.513080358505249 0.520910382270813 0.524747967720032 0.528004467487335 0.529356360435486 0.535375475883484 0.533570408821106 0.52898508310318 0.526828050613403 0.527283310890198 0.524807453155518 0.539782226085663 0.553055226802826 0.552135169506073 0.552919089794159 0.553601503372192 0.546967804431915 0.529733657836914 0.542343616485596 0.550751745700836 0.544442653656006 0.53924697637558 0.542783677577972 0.55107581615448 0.553301155567169 0.554206252098083 0.54827219247818 0.552115142345428 0.562589406967163 0.552842438220978 0.543729841709137 0.546006500720978 0.54661625623703 0.549340069293976
-3.4e+38 -3.4e+38 -3.4e+38 -3.4e+38 0.603438377380371 0.5893474817276 0.585651695728302 0.598762929439545 0.598872423171997 0.587326228618622 0.571509718894958 0.53436154127121 0.49416172504425 0.492632120847702 0.513905107975006 0.519697964191437 0.526101231575012 0.5221266746521 0.515253126621246 0.510297179222107 0.510920405387878 0.516496777534485 0.517612397670746 0.518165111541748 0.519737958908081 0.521420836448669 0.526083767414093 0.530702650547028 0.530750870704651 0.533480882644653 0.533310055732727 0.533324480056763 0.534902930259705 0.549521088600159 0.554578244686127 0.551729321479797 0.549307286739349 0.544747829437256 0.536357402801514 0.540827691555023 0.552760064601898 0.549673080444336 0.552901089191437 0.559703052043915 0.558939218521118 0.56102442741394 0.564447343349457 0.566120147705078 0.566524505615234
-3.4e+38 -3.4e+38 -3.4e+38 -3.4e+38 0.60216748714447 0.58006477355957 0.572667837142944 0.583894491195679 0.587990403175354 0.596818268299103 0.580877065658569 0.544410109519958 0.523531198501587 0.523343026638031 0.538700640201569 0.537715315818787 0.543018519878387 0.534051835536957 0.517215311527252 0.539313733577728 0.531707763671875 0.519148349761963 0.517636835575104 0.514055192470551 0.508311331272125 0.508086800575256 0.506866693496704 0.518939018249512 0.525248169898987 0.523895084857941 0.526534616947174 0.5330930352211 0.538656294345856 0.543303370475769 0.547095775604248 0.550547778606415 0.553295850753784 0.550777792930603 0.54414039850235 0.542139947414398 0.548914968967438 0.548538863658905 0.562839150428772 0.565895676612854 0.561249971389771 0.563789963722229 0.563094437122345 0.562362015247345 0.564297378063202
-3.4e+38 -3.4e+38 -3.4e+38 -3.4e+38 0.599211931228638 0.588713526725769 0.586118996143341 0.588938415050507 0.586696863174438 0.597577214241028 0.583662986755371 0.553250730037689 0.545751571655273 0.541834354400635 0.552779495716095 0.563065946102142 0.561211168766022 0.548316836357117 0.541097402572632 0.56357330083847 0.550766050815582 0.529236972332001 0.534051299095154 0.545685648918152 0.533215999603271 0.52246218919754 0.522359430789948 0.528027355670929 0.530139148235321 0.522574305534363 0.517186880111694 0.520165205001831 0.527732729911804 0.530263900756836 0.534573793411255 0.538816869258881 0.550855457782745 0.563177287578583 0.565297603607178 0.552411317825317 0.546877205371857 0.552182972431183 0.569003820419312 0.563978672027588 0.550739347934723 0.552383005619049 0.553369045257568 0.554563164710999 0.55843186378479
-3.4e+38 -3.4e+38 -3.4e+38 0.608007192611694 0.605859637260437 0.602822184562683 0.604065597057343 0.597194135189056 0.590527653694153 0.598860442638397 0.590130746364594 0.557880520820618 0.539704322814941 0.546352028846741 0.56788432598114 0.581939280033112 0.571456491947174 0.564434826374054 0.553851008415222 0.547802746295929 0.548389792442322 0.54814475774765 0.555684804916382 0.565990626811981 0.554171681404114 0.551474094390869 0.550645112991333 0.541099071502686 0.537560522556305 0.530859470367432 0.525694489479065 0.525745034217834 0.51734447479248 0.520065248012543 0.524387776851654 0.529223203659058 0.549370884895325 0.567541003227234 0.566771566867828 0.554146945476532 0.552416384220123 0.561020374298096 0.568713247776031 0.554638803005219 0.544329643249512 0.552359223365784 0.562579989433289 0.565442860126495 0.561874389648438
-3.4e+38 -3.4e+38 0.619868874549866 0.621862947940826 0.615834653377533 0.608568251132965 0.610682666301727 0.599482595920563 0.600197017192841 0.612092852592468 0.602263212203979 0.550470948219299 0.530890285968781 0.561619699001312 0.571766495704651 0.579413115978241 0.5751993060112 0.566537499427795 0.560143053531647 0.553877115249634 0.555965662002563 0.564935505390167 0.572062373161316 0.570215284824371 0.560292720794678 0.5568807721138 0.564246535301208 0.563093543052673 0.554710865020752 0.542201638221741 0.548552811145782 0.542050182819366 0.500339686870575 0.48891693353653 0.510960936546326 0.530327141284943 0.53841757774353 0.540144801139832 0.546791076660156 0.554422378540039 0.566338717937469 0.563226401805878 0.554395020008087 0.550370633602142 0.551735162734985 0.564221143722534 0.577643156051636 0.579450070858002 0.569164872169495
-3.4e+38 0.626512289047241 0.627488851547241 0.631466329097748 0.617103576660156 0.607455611228943 0.612718403339386 0.609302699565887 0.618868708610535 0.623929560184479 0.601292610168457 0.545084893703461 0.533682703971863 0.570570111274719 0.566677570343018 0.576952993869781 0.580450296401978 0.572952032089233 0.577309131622314 0.568954586982727 0.565017521381378 0.575313091278076 0.58660900592804 0.582712709903717 0.577166616916656 0.583239793777466 0.590879201889038 0.58441299200058 0.560756266117096 0.540341317653656 0.550796449184418 0.545295715332031 0.506842911243439 0.5003741979599 0.516893565654755 0.529543101787567 0.517854332923889 0.505659997463226 0.521031439304352 0.547381639480591 0.552027761936188 0.546752154827118 0.541513919830322 0.549237430095673 0.55602639913559 0.562865674495697 0.571354150772095 0.575173377990723 0.571645319461823
-3.4e+38 0.620203137397766 0.621967852115631 0.62781834602356 0.614400684833527 0.607423067092896 0.616937637329102 0.625254571437836 0.628875136375427 0.618644833564758 0.590804576873779 0.558225572109222 0.55224734544754 0.576016187667847 0.58407199382782 0.592236876487732 0.588982403278351 0.579132199287415 0.581199049949646 0.580807685852051 0.573685109615326 0.578009009361267 0.590865135192871 0.585873365402222 0.589844346046448 0.604632914066315 0.603858530521393 0.59063732624054 0.556184053421021 0.532348573207855 0.543846428394318 0.549418568611145 0.534554660320282 0.527122557163239 0.52782791852951 0.530971705913544 0.518097996711731 0.499026268720627 0.50059586763382 0.517876982688904 0.521221816539764 0.526713907718658 0.537888288497925 0.544258654117584 0.547138810157776 0.548313498497009 0.553501904010773 0.563827157020569 0.569958448410034
0.619907140731812 0.607969701290131 0.612397134304047 0.624952733516693 0.618845045566559 0.617579579353333 0.621834218502045 0.624943017959595 0.615126132965088 0.601366221904755 0.591874837875366 0.586459040641785 0.5785071849823 0.591124951839447 0.601749122142792 0.597432553768158 0.596993625164032 0.586031556129456 0.581020951271057 0.589310348033905 0.581293642520905 0.575796663761139 0.581315994262695 0.576141059398651 0.58446991443634 0.597902119159698 0.595305025577545 0.585427701473236 0.557643175125122 0.534992814064026 0.53880101442337 0.552712619304657 0.548857867717743 0.538357973098755 0.545155107975006 0.552449107170105 0.536561965942383 0.510580122470856 0.496624231338501 0.501978874206543 0.50393283367157 0.501291394233704 0.518958151340485 0.529395043849945 0.528665602207184 0.530329823493958 0.542441725730896 0.557656288146973 0.564005792140961
