data/1_raw/trimmed_ndre/W_ndre.78.2012_no_clouds.asc
NCOLS 130 
NROWS 71 
XLLCORNER 530645 
YLLCORNER 5158205 
CELLSIZE 5 
NODATA_value -3.4e+38 
[rows 21 to 41 of 71, columns 49 to 97 of 130]
0.320773512125015 0.309112846851349 0.315664112567902 0.329236656427383 0.326083958148956 0.314976334571838 0.314810484647751 0.306342601776123 0.306382566690445 0.302609860897064 0.283580809831619 0.297984927892685 0.299706727266312 0.282483398914337 0.298428475856781 0.301516205072403 0.310393363237381 0.329344391822815 -3.4e+38 -3.4e+38 -3.4e+38 -3.4e+38 -3.4e+38 -3.4e+38 -3.4e+38 -3.4e+38 -3.4e+38 -3.4e+38 -3.4e+38 -3.4e+38 -3.4e+38 -3.4e+38 -3.4e+38 -3.4e+38 -3.4e+38 -3.4e+38 -3.4e+38 -3.4e+38 -3.4e+38 -3.4e+38 -3.4e+38 -3.4e+38 -3.4e+38 -3.4e+38 -3.4e+38 -3.4e+38 -3.4e+38 -3.4e+38 -3.4e+38
0.312878280878067 0.313697695732117 0.311724096536636 0.316472709178925 0.311575531959534 0.310021430253983 0.310014218091965 0.299685418605804 0.311937272548676 0.319724291563034 0.303404062986374 0.288610339164734 0.299406170845032 0.29130432009697 0.285776704549789 0.29244938492775 0.314392417669296 0.329598844051361 0.32597628235817 0.340296685695648 0.344774901866913 0.33526885509491 0.322870880365372 0.325122475624084 0.314417898654938 0.307317018508911 0.309891223907471 0.317623466253281 -3.4e+38 -3.4e+38 -3.4e+38 -3.4e+38 -3.4e+38 -3.4e+38 -3.4e+38 -3.4e+38 -3.4e+38 -3.4e+38 -3.4e+38 -3.4e+38 -3.4e+38 -3.4e+38 -3.4e+38 -3.4e+38 -3.4e+38 -3.4e+38 -3.4e+38 -3.4e+38 -3.4e+38
0.315549731254578 0.317692637443542 0.309950143098831 0.305411607027054 0.304322838783264 0.315521270036697 0.306779354810715 0.284382969141006 0.30350649356842 0.31706428527832 0.304105639457703 0.284583956003189 0.301354050636292 0.28973251581192 0.26563349366188 0.284030377864838 0.310110986232758 0.329085439443588 0.340030193328857 0.35352835059166 0.336031138896942 0.309333592653275 0.299563586711884 0.317562758922577 0.319008439779282 0.303821831941605 0.298487454652786 0.312912374734879 0.314145475625992 -3.4e+38 -3.4e+38 -3.4e+38 -3.4e+38 -3.4e+38 -3.4e+38 -3.4e+38 -3.4e+38 -3.4e+38 -3.4e+38 -3.4e+38 -3.4e+38 -3.4e+38 -3.4e+38 -3.4e+38 -3.4e+38 -3.4e+38 -3.4e+38 -3.4e+38 -3.4e+38
0.347038179636002 0.335235148668289 0.318902879953384 0.31366890668869 0.318260252475739 0.330115646123886 0.312808990478516 0.284998595714569 0.303883701562881 0.304568886756897 0.29944509267807 0.297375053167343 0.296430170536041 0.285351544618607 0.286916792392731 0.307593137025833 0.312437206506729 0.325294524431229 0.335185319185257 0.344621300697327 0.340965330600739 0.321650773286819 0.294268608093262 0.294949948787689 0.306563645601273 0.299453377723694 0.303500324487686 0.324746966362 0.314320743083954 0.312319040298462 -3.4e+38 -3.4e+38 -3.4e+38 -3.4e+38 -3.4e+38 -3.4e+38 -3.4e+38 -3.4e+38 -3.4e+38 -3.4e+38 -3.4e+38 -3.4e+38 -3.4e+38 -3.4e+38 -3.4e+38 -3.4e+38 -3.4e+38 -3.4e+38 -3.4e+38
0.381127119064331 0.362822443246841 0.341146498918533 0.321659326553345 0.316138595342636 0.323613703250885 0.30989146232605 0.295641988515854 0.303022772073746 0.294388324022293 0.297239929437637 0.296223521232605 0.288477927446365 0.287618607282639 0.301361382007599 0.321826636791229 0.329994887113571 0.34267583489418 0.329022258520126 0.337062060832977 0.352662265300751 0.336549937725067 0.310385912656784 0.298014432191849 0.305065721273422 0.306288957595825 0.323269695043564 0.338343977928162 0.325235188007355 0.312626034021378 0.309031784534454 -3.4e+38 -3.4e+38 -3.4e+38 -3.4e+38 -3.4e+38 -3.4e+38 -3.4e+38 -3.4e+38 -3.4e+38 -3.4e+38 -3.4e+38 -3.4e+38 -3.4e+38 -3.4e+38 -3.4e+38 -3.4e+38 -3.4e+38 -3.4e+38
0.377315282821655 0.37197157740593 0.361068725585938 0.329259812831879 0.300245732069016 0.297471314668655 0.297514319419861 0.299029767513275 0.301220029592514 0.292969912290573 0.300602048635483 0.298794627189636 0.288159728050232 0.292628318071365 0.295660078525543 0.327110022306442 0.354970842599869 0.361447006464005 0.35261482000351 0.354306280612946 0.351493000984192 0.324223339557648 0.298026263713837 0.294094055891037 0.306159526109695 0.315177440643311 0.329373389482498 0.338783890008926 0.330629706382751 0.306742906570435 0.31461101770401 0.317672610282898 0.306032776832581 0.307293802499771 -3.4e+38 -3.4e+38 -3.4e+38 -3.4e+38 -3.4e+38 -3.4e+38 -3.4e+38 -3.4e+38 -3.4e+38 -3.4e+38 -3.4e+38 -3.4e+38 -3.4e+38 -3.4e+38 -3.4e+38
0.366924226284027 0.380665123462677 0.377792745828629 0.344769507646561 0.306549608707428 0.289989680051804 0.296464651823044 0.295155346393585 0.29814887046814 0.301592111587524 0.306351602077484 0.310879617929459 0.293597400188446 0.277985572814941 0.279235452413559 0.312853753566742 0.343830317258835 0.368170499801636 0.385138779878616 0.369737863540649 0.34791225194931 0.318713992834091 0.294963091611862 0.293042689561844 0.304785549640656 0.313206285238266 0.321421414613724 0.329283028841019 0.323935478925705 0.31115260720253 0.32587543129921 0.331625133752823 0.315471947193146 0.304467976093292 0.294454306364059 0.319788128137589 0.334118515253067 0.311449736356735 0.327180355787277 0.338002324104309 0.326373964548111 0.334147870540619 0.325054138898849 0.318535506725311 0.329673379659653 0.335570216178894 0.314000099897385 0.307712525129318 0.323200702667236
0.359306782484055 0.384755611419678 0.396522760391235 0.371642231941223 0.340655416250229 0.310351550579071 0.295103520154953 0.287033081054688 0.290142595767975 0.301479786634445 0.305322468280792 0.319633007049561 0.299327611923218 0.279769867658615 0.282363504171371 0.291671425104141 0.307440578937531 0.338327258825302 0.36122864484787 0.344336062669754 0.332088053226471 0.321268767118454 0.307641625404358 0.296958059072495 0.295143842697144 0.303903043270111 0.311999022960663 0.313730210065842 0.306173920631409 0.306193292140961 0.322266280651093 0.322123438119888 0.307373702526093 0.289330869913101 0.278910666704178 0.305164456367493 0.324631661176682 0.306964635848999 0.312293112277985 0.329772889614105 0.333834856748581 0.327712267637253 0.338811874389648 0.329850554466248 0.337578684091568 0.34402871131897 0.322492510080338 0.327813565731049 0.336246132850647
0.355170845985413 0.377710402011871 0.409813642501831 0.394413977861404 0.344685226678848 0.333093822002411 0.314457058906555 0.287933081388474 0.282380789518356 0.290793508291245 0.305662453174591 0.320652961730957 0.308325499296188 0.300104439258575 0.304477363824844 0.303544729948044 0.307958453893661 0.308025598526001 0.315280109643936 0.314633339643478 0.31048709154129 0.316238105297089 0.316052615642548 0.304718285799026 0.296377092599869 0.301023304462433 0.309702396392822 0.304237872362137 0.293398350477219 0.297107547521591 0.313622713088989 0.316240280866623 0.307385712862015 0.291449338197708 0.285436868667603 0.303037345409393 0.313054800033569 0.315791577100754 0.323321729898453 0.33022341132164 0.329322308301926 0.331523329019547 0.346149951219559 0.329639345407486 0.325132608413696 0.332502573728561 0.320121169090271 0.313703417778015 0.319085121154785
0.359772473573685 0.38169863820076 0.409472763538361 0.387782871723175 0.339564919471741 0.355244547128677 0.348277866840363 0.311746835708618 0.283710330724716 0.28581303358078 0.2890664935112 0.308922499418259 0.318028330802917 0.304639279842377 0.318457663059235 0.335962355136871 0.331556379795074 0.313998371362686 0.30842199921608 0.308351218700409 0.298862636089325 0.303778976202011 0.317374587059021 0.316997170448303 0.308139622211456 0.308996498584747 0.316506117582321 0.312080562114716 0.306549459695816 0.307329058647156 0.318795621395111 0.324633985757828 0.318766325712204 0.312200039625168 0.3155497610569 0.325311988592148 0.318237721920013 0.312098205089569 0.316990077495575 0.318131297826767 0.324689865112305 0.335715085268021 0.337509542703629 0.32999649643898 0.320473611354828 0.313009977340698 0.310877233743668 0.312985479831696 0.321879208087921
0.360751450061798 0.383788377046585 0.400780856609344 0.386179506778717 0.366027921438217 0.370222270488739 0.359671473503113 0.32606565952301 0.300737470388412 0.305065035820007 0.293962001800537 0.307628273963928 0.321927517652512 0.304342418909073 0.330354541540146 0.358153998851776 0.352169752120972 0.337243348360062 0.319703966379166 0.311998158693314 0.308793127536774 0.308048099279404 0.314231216907501 0.320823580026627 0.320086389780045 0.32129368185997 0.3266581594944 0.331150233745575 0.333643466234207 0.330676108598709 0.33395928144455 0.334106504917145 0.327393263578415 0.329673677682877 0.337662011384964 0.344122558832169 0.337676554918289 0.333413243293762 0.327314794063568 0.321386933326721 0.331376373767853 0.33824834227562 0.340664833784103 0.344130963087082 0.338553637266159 0.331716269254684 0.336583882570267 0.348768711090088 0.343668609857559
0.347714781761169 0.364980846643448 0.386815428733826 0.378489077091217 0.384812027215958 0.384862273931503 0.352087289094925 0.315942615270615 0.30886173248291 0.331642508506775 0.320726007223129 0.32262521982193 0.320957660675049 0.305061101913452 0.32684725522995 0.346967846155167 0.345699399709702 0.332815945148468 0.317375332117081 0.304193675518036 0.309456706047058 0.315365374088287 0.310113221406937 0.317781567573547 0.323438853025436 0.326191931962967 0.331512540578842 0.341905981302261 0.344671845436096 0.332833617925644 0.334824711084366 0.32898810505867 0.318844467401505 0.324388295412064 0.333731591701508 0.336402952671051 0.33670249581337 0.339990705251694 0.340935289859772 0.336821794509888 0.340131729841232 0.337177246809006 0.329999923706055 0.335186868906021 0.336686134338379 0.343925386667252 0.348765224218369 0.348325788974762 0.340566992759705
0.326835602521896 0.33238822221756 0.34903559088707 0.342834442853928 0.361372530460358 0.365901052951813 0.33648893237114 0.308192551136017 0.309594869613647 0.317421734333038 0.303276747465134 0.306851625442505 0.31645342707634 0.317698538303375 0.324062466621399 0.329998701810837 0.327709853649139 0.315234214067459 0.301810711622238 0.289991766214371 0.295612037181854 0.310512125492096 0.308342546224594 0.323006838560104 0.32224103808403 0.316827088594437 0.319654524326324 0.331776261329651 0.331761687994003 0.319167882204056 0.321796268224716 0.314063966274261 0.306351363658905 0.310589283704758 0.311713010072708 0.307581305503845 0.313850551843643 0.320979684591293 0.332677692174911 0.332152932882309 0.330299228429794 0.330060452222824 0.313537955284119 0.319500774145126 0.335663765668869 0.342604339122772 0.34209617972374 0.337111443281174 0.326534301042557
0.318510293960571 0.315367728471756 0.312183916568756 0.315274506807327 0.331388086080551 0.337000399827957 0.323481351137161 0.309558898210526 0.322651594877243 0.317729562520981 0.298776239156723 0.303450524806976 0.308870226144791 0.314564794301987 0.312556147575378 0.314632803201675 0.315353572368622 0.300198614597321 0.289834558963776 0.300218403339386 0.301249861717224 0.299713730812073 0.300366252660751 0.315677404403687 0.313101947307587 0.303241461515427 0.299885094165802 0.318790823221207 0.314397782087326 0.303207218647003 0.309523820877075 0.29978346824646 0.305920511484146 0.305887579917908 0.287814497947693 0.282119184732437 0.288210332393646 0.296605944633484 0.309840202331543 0.310750007629395 0.316275537014008 0.322344839572906 0.297235190868378 0.302778363227844 0.327357411384583 0.341571122407913 0.345320045948029 0.34426474571228 0.333033055067062
0.306433409452438 0.29680734872818 0.286961555480957 0.286324381828308 0.298964411020279 0.30779156088829 0.302504301071167 0.301230043172836 0.325088232755661 0.323707431554794 0.304131597280502 0.301074296236038 0.305572390556335 0.30603751540184 0.303995966911316 0.302021473646164 0.304739087820053 0.291609823703766 0.288820832967758 0.307968378067017 0.30037385225296 0.293020665645599 0.294931292533875 0.298369646072388 0.279872864484787 0.290554106235504 0.304444819688797 0.305840700864792 0.288157135248184 0.289276659488678 0.29527622461319 0.289581477642059 0.313570767641068 0.29801270365715 0.269127607345581 0.2854143679142 0.29508301615715 0.296477973461151 0.302740305662155 0.297816753387451 0.306041479110718 0.302016258239746 0.279308825731277 0.290240824222565 0.3212710916996 0.332941085100174 0.332608342170715 0.340199828147888 0.342329978942871
0.317297875881195 0.299685180187225 0.292032599449158 0.287702023983002 0.287002831697464 0.290255606174469 0.28449010848999 0.288220286369324 0.303327083587646 0.294989913702011 0.288685649633408 0.290883660316467 0.295597046613693 0.297088295221329 0.296908169984818 0.301041424274445 0.303598999977112 0.290993362665176 0.294641196727753 0.304144889116287 0.292500793933868 0.288159877061844 0.288996338844299 0.284670680761337 0.267864465713501 0.299790740013123 0.317590534687042 0.288506418466568 0.253329575061798 0.276777893304825 0.288257300853729 0.278415888547897 0.307297348976135 0.294162333011627 0.268510460853577 0.283847779035568 0.293664336204529 0.295777708292007 0.289161771535873 0.28516161441803 0.285978645086288 0.277407020330429 0.267465770244598 0.286290138959885 0.309336245059967 0.322662651538849 0.312859207391739 0.30935338139534 0.315073549747467
0.334278792142868 0.316909998655319 0.305898696184158 0.291580945253372 0.286184519529343 0.298147231340408 0.289575397968292 0.299558818340302 0.307963967323303 0.290193259716034 0.288196414709091 0.277971148490906 0.272855281829834 0.288340747356415 0.292258828878403 0.297340303659439 0.297527343034744 0.284270226955414 0.291026175022125 0.300221234560013 0.289292335510254 0.284906566143036 0.290366739034653 0.283931195735931 0.279767662286758 0.304571896791458 0.31388321518898 0.280713766813278 0.252771496772766 0.291754752397537 0.298544704914093 0.272806257009506 0.284052193164825 0.307941317558289 0.301222622394562 0.281402587890625 0.277230888605118 0.273439019918442 0.267279803752899 0.269129812717438 0.267473578453064 0.272990763187408 0.283676505088806 0.287922471761703 0.289272159337997 0.328015506267548 0.351923674345016 0.334977269172668 0.327081203460693
0.326828181743622 0.314851731061935 0.296199977397919 0.281242519617081 0.283303797245026 0.28874009847641 0.279370337724686 0.297251254320145 0.305140316486359 0.303767472505569 0.3186354637146 0.304621279239655 0.289608627557755 0.293308526277542 0.289392799139023 0.295926302671432 0.292650490999222 0.277598112821579 0.284670174121857 0.289985358715057 0.282825589179993 0.282398909330368 0.292694658041 0.283616065979004 0.280369430780411 0.294377207756042 0.296656787395477 0.27506697177887 0.267466992139816 0.297606408596039 0.295810669660568 0.274600058794022 0.273861140012741 0.299813538789749 0.301563590764999 0.270301342010498 0.259023785591125 0.273535639047623 0.273331075906754 0.27412623167038 0.273349493741989 0.280739784240723 0.293301343917847 0.298001646995544 0.30513608455658 0.32783716917038 0.353143274784088 0.358733534812927 0.353621274232864
0.311299204826355 0.313098043203354 0.3079674243927 0.294063538312912 0.299952983856201 0.297261565923691 0.285729885101318 0.296642392873764 0.292167335748672 0.296644032001495 0.315377056598663 0.305414527654648 0.302801430225372 0.29810556769371 0.293662041425705 0.305506408214569 0.299483478069305 0.286725878715515 0.29083389043808 0.290137022733688 0.28787025809288 0.294823288917542 0.302614778280258 0.290028303861618 0.282182037830353 0.285571426153183 0.287676215171814 0.27746918797493 0.282837778329849 0.302297651767731 0.29135063290596 0.281401962041855 0.272793263196945 0.274199992418289 0.28157252073288 0.261797189712524 0.257453083992004 0.27898570895195 0.283200800418854 0.287800818681717 0.281521379947662 0.273652702569962 0.278173595666885 0.279464662075043 0.295126795768738 0.315706670284271 0.325254172086716 0.328347533941269 0.322143703699112
0.31337171792984 0.304048299789429 0.29148918390274 0.283649116754532 0.302126586437225 0.303746938705444 0.297502964735031 0.302402138710022 0.290871858596802 0.291316270828247 0.300497561693192 0.293368518352509 0.306042224168777 0.305722445249557 0.301923036575317 0.317567527294159 0.31350839138031 0.30860823392868 0.309118956327438 0.30322602391243 0.305363476276398 0.309963434934616 0.310306012630463 0.301757246255875 0.292379051446915 0.293199509382248 0.300023853778839 0.298694580793381 0.302750408649445 0.304713606834412 0.293690621852875 0.295310765504837 0.28046652674675 0.276850134134293 0.285475999116898 0.265945672988892 0.268762975931168 0.28533935546875 0.288681417703629 0.292299598455429 0.281722545623779 0.278277635574341 0.283270448446274 0.276354432106018 0.291021525859833 0.314302295446396 0.318704664707184 0.309980988502502 0.298585385084152
0.299778372049332 0.277214288711548 0.262792676687241 0.265519708395004 0.282558292150497 0.293365597724915 0.28925946354866 0.282754957675934 0.272299230098724 0.28767204284668 0.29877695441246 0.290837049484253 0.29460796713829 0.292857706546783 0.298668891191483 0.31380707025528 0.311742603778839 0.311973482370377 0.311479032039642 0.305050820112228 0.309401243925095 0.304551035165787 0.298435807228088 0.299082279205322 0.295830577611923 0.29746812582016 0.3067626953125 0.309395045042038 0.30478298664093 0.30222162604332 0.300076216459274 0.301213324069977 0.284561097621918 0.288281261920929 0.298332750797272 0.281223088502884 0.285236269235611 0.285742104053497 0.283469438552856 0.292399287223816 0.289641320705414 0.294407933950424 0.297138333320618 0.289022237062454 0.29594361782074 0.304723411798477 0.305703461170197 0.301785260438919 0.301953822374344
