data/1_raw/trimmed_ndre/W_ndre.68.2015_no_clouds.asc
NCOLS 130 
NROWS 71 
XLLCORNER 530645 
YLLCORNER 5158205 
CELLSIZE 5 
NODATA_value -3.4e+38 
[rows 0 to 20 of 71, columns 0 to 48 of 130]
-339999999999999996123846586046231871488.000000000000000 -3.4e+38 -3.4e+38 -3.4e+38 -3.4e+38 -3.4e+38 -3.4e+38 -3.4e+38 -3.4e+38 -3.4e+38 -3.4e+38 0.214280277490616 0.206722527742386 0.194939821958542 0.192354172468185 0.22887547314167 0.23151932656765 -3.4e+38 -3.4e+38 -3.4e+38 -3.4e+38 -3.4e+38 -3.4e+38 -3.4e+38 -3.4e+38 -3.4e+38 -3.4e+38 -3.4e+38 -3.4e+38 -3.4e+38 -3.4e+38 -3.4e+38 -3.4e+38 -3.4e+38 -3.4e+38 -3.4e+38 -3.4e+38 -3.4e+38 -3.4e+38 -3.4e+38 -3.4e+38 -3.4e+38 -3.4e+38 -3.4e+38 -3.4e+38 -3.4e+38 -3.4e+38 -3.4e+38 -3.4e+38
-3.4e+38 -3.4e+38 -3.4e+38 -3.4e+38 -3.4e+38 -3.4e+38 -3.4e+38 -3.4e+38 -3.4e+38 -3.4e+38 0.206681653857231 0.217162415385246 0.212520465254784 0.201718553900719 0.19843065738678 0.215868398547173 0.212824404239655 0.209441527724266 -3.4e+38 -3.4e+38 -3.4e+38 -3.4e+38 -3.4e+38 -3.4e+38 -3.4e+38 -3.4e+38 -3.4e+38 -3.4e+38 -3.4e+38 -3.4e+38 -3.4e+38 -3.4e+38 -3.4e+38 -3.4e+38 -3.4e+38 -3.4e+38 -3.4e+38 -3.4e+38 -3.4e+38 -3.4e+38 -3.4e+38 -3.4e+38 -3.4e+38 -3.4e+38 -3.4e+38 -3.4e+38 -3.4e+38 -3.4e+38 -3.4e+38
-3.4e+38 -3.4e+38 -3.4e+38 -3.4e+38 -3.4e+38 -3.4e+38 -3.4e+38 -3.4e+38 0.374237209558487 0.280518233776093 0.21650867164135 0.211779102683067 0.216215386986732 0.209408730268478 0.199241876602173 0.19685272872448 0.196796640753746 0.206430211663246 0.204825446009636 -3.4e+38 -3.4e+38 -3.4e+38 -3.4e+38 -3.4e+38 -3.4e+38 -3.4e+38 -3.4e+38 -3.4e+38 -3.4e+38 -3.4e+38 -3.4e+38 -3.4e+38 -3.4e+38 -3.4e+38 -3.4e+38 -3.4e+38 -3.4e+38 -3.4e+38 -3.4e+38 -3.4e+38 -3.4e+38 -3.4e+38 -3.4e+38 -3.4e+38 -3.4e+38 -3.4e+38 -3.4e+38 -3.4e+38 -3.4e+38
-3.4e+38 -3.4e+38 -3.4e+38 -3.4e+38 -3.4e+38 -3.4e+38 -3.4e+38 -3.4e+38 -3.4e+38 0.317295223474503 0.240320608019829 0.204269781708717 0.203938558697701 0.205953344702721 0.198442474007607 0.189595833420753 0.193056881427765 0.210893765091896 0.203473195433617 0.193897232413292 0.192433759570122 -3.4e+38 -3.4e+38 -3.4e+38 -3.4e+38 -3.4e+38 -3.4e+38 -3.4e+38 -3.4e+38 -3.4e+38 -3.4e+38 -3.4e+38 0.219120547175407 0.224001914262772 -3.4e+38 -3.4e+38 -3.4e+38 -3.4e+38 -3.4e+38 -3.4e+38 -3.4e+38 -3.4e+38 -3.4e+38 -3.4e+38 -3.4e+38 -3.4e+38 -3.4e+38 -3.4e+38 -3.4e+38
-3.4e+38 -3.4e+38 -3.4e+38 -3.4e+38 -3.4e+38 -3.4e+38 -3.4e+38 -3.4e+38 -3.4e+38 0.354443341493607 0.261858880519867 0.213577657938004 0.20263597369194 0.205315113067627 0.201341971755028 0.192809119820595 0.18829582631588 0.195641860365868 0.190541222691536 0.191264376044273 0.194295361638069 0.197771087288857 0.210175216197968 0.213557034730911 0.213025316596031 0.219176635146141 0.212476760149002 0.209978595376015 -3.4e+38 -3.4e+38 -3.4e+38 0.209249302744865 0.221610054373741 0.233121752738953 0.243533685803413 0.251949071884155 0.254520654678345 -3.4e+38 -3.4e+38 -3.4e+38 -3.4e+38 -3.4e+38 -3.4e+38 -3.4e+38 -3.4e+38 -3.4e+38 -3.4e+38 -3.4e+38 -3.4e+38
-3.4e+38 -3.4e+38 -3.4e+38 -3.4e+38 -3.4e+38 -3.4e+38 -3.4e+38 -3.4e+38 -3.4e+38 0.362370878458023 0.27077329158783 0.222971737384796 0.209461092948914 0.203312456607819 0.181724429130554 0.173255577683449 0.172514095902443 0.177671015262604 0.182072326540947 0.192525342106819 0.201999813318253 0.209316208958626 0.216929852962494 0.217780634760857 0.223963856697083 0.226587936282158 0.213559865951538 0.210780024528503 0.215569719672203 0.220516264438629 0.21050252020359 0.215316414833069 0.226089537143707 0.235484316945076 0.239687323570251 0.252219438552856 0.262269854545593 0.264352798461914 0.257880538702011 0.260704189538956 -3.4e+38 -3.4e+38 -3.4e+38 -3.4e+38 -3.4e+38 -3.4e+38 -3.4e+38 -3.4e+38 -3.4e+38
-3.4e+38 -3.4e+38 -3.4e+38 -3.4e+38 -3.4e+38 -3.4e+38 -3.4e+38 -3.4e+38 -3.4e+38 0.363149285316467 0.286568164825439 0.225692421197891 0.208739683032036 0.186973258852959 0.163696140050888 0.16716143488884 0.165644705295563 0.173062413930893 0.186131149530411 0.200535386800766 0.212824329733849 0.217661052942276 0.217679008841515 0.214496195316315 0.222936227917671 0.224237442016602 0.21592690050602 0.212810158729553 0.216064035892487 0.217096984386444 0.214245989918709 0.217722818255424 0.225924849510193 0.228988930583 0.228838637471199 0.247037813067436 0.263866931200027 0.272114396095276 0.267721712589264 0.266553580760956 0.243293553590775 0.215078666806221 -3.4e+38 -3.4e+38 -3.4e+38 -3.4e+38 -3.4e+38 -3.4e+38 -3.4e+38
-3.4e+38 -3.4e+38 -3.4e+38 -3.4e+38 -3.4e+38 -3.4e+38 -3.4e+38 -3.4e+38 -3.4e+38 0.374675631523132 0.306336313486099 0.220211356878281 0.191221415996552 0.179803892970085 0.172390922904015 0.176221132278442 0.17308284342289 0.18354195356369 0.194876432418823 0.205396413803101 0.2178755402565 0.219899505376816 0.214705109596252 0.208758875727654 0.214684933423996 0.213453188538551 0.210114136338234 0.210508391261101 0.217501983046532 0.218742176890373 0.218829214572906 0.222542256116867 0.229522183537483 0.224366441369057 0.222273483872414 0.239668369293213 0.253346264362335 0.265517473220825 0.271459013223648 0.27007731795311 0.254132747650146 0.23538427054882 0.225149184465408 -3.4e+38 -3.4e+38 -3.4e+38 -3.4e+38 -3.4e+38 -3.4e+38
-3.4e+38 -3.4e+38 -3.4e+38 -3.4e+38 -3.4e+38 -3.4e+38 -3.4e+38 -3.4e+38 0.338020473718643 0.400287926197052 0.335779547691345 0.244232788681984 0.191785857081413 0.188792243599892 0.191706895828247 0.190759271383286 0.18890206515789 0.201927334070206 0.204935401678085 0.206804826855659 0.214603677392006 0.221822589635849 0.222113966941833 0.221022218465805 0.221484363079071 0.213638827204704 0.206282496452332 0.207783594727516 0.219621479511261 0.225122645497322 0.224684312939644 0.224935948848724 0.22920224070549 0.223753213882446 0.223000735044479 0.229188725352287 0.235925987362862 0.247373580932617 0.261653214693069 0.273576021194458 0.282856673002243 0.269933551549911 0.255006372928619 0.242330238223076 0.225107565522194 0.208521202206612 0.199175596237183 -3.4e+38 -3.4e+38
-3.4e+38 -3.4e+38 -3.4e+38 -3.4e+38 -3.4e+38 -3.4e+38 -3.4e+38 0.245442032814026 0.301933526992798 0.385816514492035 0.345201969146729 0.270227432250977 0.211565211415291 0.196009382605553 0.200983867049217 0.207414180040359 0.209995120763779 0.214251220226288 0.212520852684975 0.205000147223473 0.205983936786652 0.221718654036522 0.220892682671547 0.222925752401352 0.225318595767021 0.220983415842056 0.212067097425461 0.212540745735168 0.222438156604767 0.231742486357689 0.226305112242699 0.221386015415192 0.220144674181938 0.218409821391106 0.221158713102341 0.223468407988548 0.224884673953056 0.229554295539856 0.242753863334656 0.264724642038345 0.285224378108978 0.280070453882217 0.272039145231247 0.262086153030396 0.247708573937416 0.225300267338753 0.211066231131554 0.206851214170456 -3.4e+38
-3.4e+38 -3.4e+38 -3.4e+38 -3.4e+38 -3.4e+38 -3.4e+38 0.246027857065201 0.226087346673012 0.267232179641724 0.334390640258789 0.340799659490585 0.293408572673798 0.250838130712509 0.225753024220467 0.216770723462105 0.216957032680511 0.216272354125977 0.215679466724396 0.219844251871109 0.214738294482231 0.215775147080421 0.220118939876556 0.211579754948616 0.214444980025291 0.220313593745232 0.222465202212334 0.219416201114655 0.220628082752228 0.227173864841461 0.234047144651413 0.224741876125336 0.214368715882301 0.209961995482445 0.212930083274841 0.220706269145012 0.225768506526947 0.227939382195473 0.228788390755653 0.229497149586678 0.25615331530571 0.279277741909027 0.277224540710449 0.27536353468895 0.265005528926849 0.251488775014877 0.238575026392937 0.224691733717918 0.216990858316422 0.214474245905876
-3.4e+38 -3.4e+38 -3.4e+38 -3.4e+38 -3.4e+38 0.256096929311752 0.24336065351963 0.231920629739761 0.240365460515022 0.280197739601135 0.315039902925491 0.310320317745209 0.303167462348938 0.274220794439316 0.243227496743202 0.227345034480095 0.212061583995819 0.211968243122101 0.220177620649338 0.215443804860115 0.220116913318634 0.216713562607765 0.204005166888237 0.206413060426712 0.220296651124954 0.22409388422966 0.218785375356674 0.225028932094574 0.22860749065876 0.232478708028793 0.231240555644035 0.222916513681412 0.215660333633423 0.216498538851738 0.22659906744957 0.238454684615135 0.251844108104706 0.252430230379105 0.238020241260529 0.260364681482315 0.272408872842789 0.271317273378372 0.276056200265884 0.267251491546631 0.256814956665039 0.246238484978676 0.229985222220421 0.21611376106739 0.208179414272308
-3.4e+38 -3.4e+38 -3.4e+38 -3.4e+38 -3.4e+38 0.253735840320587 0.246421217918396 0.23984856903553 0.230058327317238 0.248006165027618 0.272434771060944 0.294524908065796 0.322778850793839 0.301328629255295 0.273014515638351 0.252462416887283 0.225965768098831 0.223538115620613 0.223830655217171 0.21655660867691 0.2231065928936 0.220458745956421 0.215688273310661 0.217170745134354 0.227844774723053 0.223285719752312 0.217789083719254 0.226184010505676 0.224581345915794 0.232235744595528 0.235511019825935 0.22483192384243 0.220236644148827 0.22243644297123 0.236187607049942 0.257043749094009 0.281691998243332 0.263558566570282 0.236280366778374 0.258461564779282 0.268442034721375 0.278239816427231 0.289001405239105 0.28112268447876 0.268528282642365 0.250740140676498 0.22891554236412 0.214755743741989 0.210867404937744
-3.4e+38 -3.4e+38 -3.4e+38 -3.4e+38 0.238260447978973 0.245512172579765 0.240631595253944 0.230848863720894 0.224699333310127 0.221844285726547 0.222623020410538 0.246420383453369 0.287297904491425 0.285384029150009 0.284608364105225 0.271566540002823 0.240356504917145 0.228587120771408 0.221506923437119 0.219050973653793 0.228569895029068 0.229754373431206 0.235573396086693 0.239624813199043 0.239532306790352 0.225151315331459 0.221778467297554 0.224532946944237 0.220145598053932 0.22430308163166 0.223882645368576 0.217038825154305 0.218032896518707 0.212265491485596 0.218345239758492 0.241710543632507 0.276133269071579 0.245269313454628 0.219344794750214 0.235360771417618 0.252839356660843 0.272225558757782 0.28736874461174 0.28844228386879 0.277556777000427 0.256162941455841 0.235777512192726 0.227190583944321 0.223185956478119
-3.4e+38 -3.4e+38 -3.4e+38 -3.4e+38 0.223966926336288 0.227877005934715 0.24061681330204 0.235685214400291 0.228445410728455 0.219054266810417 0.199097365140915 0.193644255399704 0.206887453794479 0.224544689059258 0.245917245745659 0.248017385601997 0.233431994915009 0.218743517994881 0.211781248450279 0.213941216468811 0.22045125067234 0.221441805362701 0.246611043810844 0.257498502731323 0.251350373029709 0.228782147169113 0.218432724475861 0.219033136963844 0.218312054872513 0.212155804038048 0.209054723381996 0.209485948085785 0.216017827391624 0.21255712211132 0.215076357126236 0.22766138613224 0.245452836155891 0.220873087644577 0.217509180307388 0.230297893285751 0.246447339653969 0.263560026884079 0.276667237281799 0.281602501869202 0.273189038038254 0.252764642238617 0.24232591688633 0.240458235144615 0.234692007303238
-3.4e+38 -3.4e+38 -3.4e+38 -3.4e+38 0.214725628495216 0.22428822517395 0.251835346221924 0.245437428355217 0.240904182195663 0.233106881380081 0.215319991111755 0.200871005654335 0.201635733246803 0.210083320736885 0.215973347425461 0.217772245407104 0.213874012231827 0.208083048462868 0.207971483469009 0.216527715325356 0.219123259186745 0.219184935092926 0.250428766012192 0.258718609809875 0.260823369026184 0.254486918449402 0.225119426846504 0.215592265129089 0.212895825505257 0.207852840423584 0.220502480864525 0.223036453127861 0.22250260412693 0.219525590538979 0.217044904828072 0.223305016756058 0.22500516474247 0.212633967399597 0.22373566031456 0.230690330266953 0.23860028386116 0.252099305391312 0.263276547193527 0.269635826349258 0.270178377628326 0.262769013643265 0.256150007247925 0.250082969665527 0.239187389612198
-3.4e+38 -3.4e+38 -3.4e+38 0.225819602608681 0.226887613534927 0.233630463480949 0.245181575417519 0.242673069238663 0.24848347902298 0.237729400396347 0.222926631569862 0.216943860054016 0.209514319896698 0.207904428243637 0.206503257155418 0.21004094183445 0.211851865053177 0.213870078325272 0.217753574252129 0.228515103459358 0.229539945721626 0.234140336513519 0.254531234502792 0.265597879886627 0.273368060588837 0.263384163379669 0.227197855710983 0.209746614098549 0.199608340859413 0.201231867074966 0.219215095043182 0.220619156956673 0.222260400652885 0.219925343990326 0.208556294441223 0.2185398042202 0.220618456602097 0.219185456633568 0.234701991081238 0.230165079236031 0.225899070501328 0.232931062579155 0.255437791347504 0.273110687732697 0.278680473566055 0.276690244674683 0.269294142723083 0.252849936485291 0.235555574297905
-3.4e+38 -3.4e+38 0.2191212028265 0.221624702215195 0.225837022066116 0.233768284320831 0.230021595954895 0.227398425340652 0.244718506932259 0.228020340204239 0.214466989040375 0.216181412339211 0.216645777225494 0.214697048068047 0.223488733172417 0.236512318253517 0.232721284031868 0.227752447128296 0.229644864797592 0.240148216485977 0.244530364871025 0.248778030276299 0.255358815193176 0.260568916797638 0.263963937759399 0.246333479881287 0.222570925951004 0.217239424586296 0.216635569930077 0.213055327534676 0.212519526481628 0.207672670483589 0.209544807672501 0.211501553654671 0.213472306728363 0.225247845053673 0.22036212682724 0.225568920373917 0.239955231547356 0.232209697365761 0.224737957119942 0.230204746127129 0.253539353609085 0.280829250812531 0.284471571445465 0.279414713382721 0.275702685117722 0.254171788692474 0.231511548161507
-3.4e+38 0.215860992670059 0.215169787406921 0.214312121272087 0.219096750020981 0.23809726536274 0.234093442559242 0.233815491199493 0.238793060183525 0.213677704334259 0.199635088443756 0.208120167255402 0.232086762785912 0.234039112925529 0.244878843426704 0.252235174179077 0.243529930710793 0.235160157084465 0.23221543431282 0.235721662640572 0.240427300333977 0.241786926984787 0.241424813866615 0.24009658396244 0.235069394111633 0.215388432145119 0.210465550422668 0.218340471386909 0.220363944768906 0.213365361094475 0.204548537731171 0.197352066636086 0.194408506155014 0.194907680153847 0.207889765501022 0.223445504903793 0.213257491588593 0.221266001462936 0.2317004352808 0.230846762657166 0.22493939101696 0.227128624916077 0.246971026062965 0.278253436088562 0.277496933937073 0.274884700775146 0.271961569786072 0.254982352256775 0.232778996229172
-3.4e+38 0.209128633141518 0.216177985072136 0.211605280637741 0.222403794527054 0.246364548802376 0.239863336086273 0.238783940672874 0.230669483542442 0.20645047724247 0.19587579369545 0.203776076436043 0.219747215509415 0.227630719542503 0.237857818603516 0.240473210811615 0.235391274094582 0.234095975756645 0.230783045291901 0.229307949542999 0.228265672922134 0.222861394286156 0.220166116952896 0.217109248042107 0.216255590319633 0.212223246693611 0.217979460954666 0.217517957091331 0.209097430109978 0.204148858785629 0.201473236083984 0.204016551375389 0.207237914204597 0.198241695761681 0.2012028247118 0.208841055631638 0.201072216033936 0.210145995020866 0.217429578304291 0.220619440078735 0.220426425337791 0.216577053070068 0.230388715863228 0.255729764699936 0.264011174440384 0.271111071109772 0.267226874828339 0.255210995674133 0.244151830673218
0.223282054066658 0.217576816678047 0.226064428687096 0.223622307181358 0.233625084161758 0.243609398603439 0.238469615578651 0.23834502696991 0.226962804794312 0.213661804795265 0.213495492935181 0.216742515563965 0.218834787607193 0.218793153762817 0.21624293923378 0.21114706993103 0.215233981609344 0.22459402680397 0.224858060479164 0.223457738757133 0.215232223272324 0.20484833419323 0.212057933211327 0.212403893470764 0.214456006884575 0.218381896615028 0.219177097082138 0.209367364645004 0.19823269546032 0.200565785169601 0.202283665537834 0.216182425618172 0.223058551549911 0.210283786058426 0.19524222612381 0.199633210897446 0.20522977411747 0.201213926076889 0.201576590538025 0.208020523190498 0.212234422564507 0.207365423440933 0.219070583581924 0.236220061779022 0.250399619340897 0.264750480651855 0.260120272636414 0.246078535914421 0.236497029662132
