data/1_raw/trimmed_ndre/W_ndre.430.2015_no_clouds.asc
NCOLS 130 
NROWS 71 
XLLCORNER 530645 
YLLCORNER 5158205 
CELLSIZE 5 
NODATA_value -3.4e+38 
[rows 21 to 41 of 71, columns 0 to 48 of 130]
0.196663126349449 0.176376342773438 0.19523298740387 0.215103834867477 0.197801515460014 0.195482105016708 0.190341293811798 0.187158718705177 0.191911727190018 0.191215872764587 0.183347955346107 0.17192929983139 0.164585873484612 0.168733641505241 0.178284212946892 0.183989524841309 0.182015404105186 0.165119588375092 0.151382759213448 0.170972287654877 0.180037885904312 0.179841563105583 0.177058324217796 0.181452587246895 0.186531335115433 0.186885938048363 0.179485723376274 0.17291384935379 0.174077123403549 0.17745204269886 0.181257545948029 0.182566225528717 0.171540424227715 0.154619604349136 0.174299836158752 0.174935504794121 0.172843724489212 0.178756773471832 0.176009967923164 0.168444380164146 0.163418978452682 0.160888284444809 0.174937516450882 0.177344515919685 0.1742974370718 0.187299713492393 0.184269055724144 0.171805992722511 0.16917884349823
0.195474296808243 0.180837064981461 0.193050444126129 0.19222304224968 0.177742451429367 0.193596377968788 0.186187162995338 0.178013622760773 0.179034993052483 0.182513043284416 0.184080734848976 0.184224367141724 0.1851706802845 0.184821575880051 0.182108208537102 0.18735034763813 0.19900369644165 0.179409191012383 0.165932923555374 0.177530363202095 0.17922031879425 0.174736455082893 0.17280113697052 0.177945092320442 0.181437283754349 0.184311836957932 0.181298211216927 0.172964334487915 0.179286688566208 0.182594463229179 0.181873768568039 0.183159172534943 0.175794646143913 0.173679336905479 0.186375513672829 0.176851987838745 0.175287216901779 0.177371188998222 0.173143282532692 0.159225463867188 0.153966292738914 0.160999789834023 0.186847612261772 0.181492775678635 0.171509444713593 0.175620421767235 0.182052567601204 0.180027812719345 0.181129083037376
-3.4e+38 0.195718362927437 0.199518010020256 0.185068055987358 0.175797402858734 0.187379091978073 0.181746184825897 0.180950626730919 0.180356293916702 0.181886777281761 0.186945125460625 0.187853947281837 0.187766686081886 0.187680438160896 0.17035299539566 0.163547769188881 0.180310234427452 0.19048735499382 0.18556010723114 0.181615322828293 0.175079792737961 0.162599816918373 0.165909096598625 0.175978124141693 0.178603053092957 0.183232143521309 0.181365728378296 0.175616562366486 0.185047045350075 0.184698760509491 0.181294307112694 0.180709555745125 0.175962552428246 0.18066143989563 0.182644873857498 0.16617439687252 0.17033950984478 0.1762805134058 0.175483390688896 0.16348223388195 0.169635102152824 0.185087457299232 0.198872894048691 0.178832486271858 0.166462376713753 0.166807681322098 0.180385544896126 0.181013733148575 0.186734616756439
-3.4e+38 -3.4e+38 0.181190058588982 0.179139345884323 0.181007474660873 0.183240875601768 0.179953366518021 0.197843372821808 0.198971197009087 0.18775375187397 0.182167395949364 0.182646572589874 0.18080872297287 0.179987564682961 0.17654050886631 0.173812612891197 0.182755708694458 0.200260385870934 0.188458666205406 0.180474177002907 0.172429785132408 0.15914823114872 0.17357662320137 0.181317746639252 0.179117426276207 0.180591881275177 0.180644735693932 0.178302228450775 0.180604785680771 0.184318393468857 0.179936215281487 0.174979135394096 0.17065903544426 0.176772341132164 0.168056607246399 0.151322945952415 0.158382952213287 0.17340362071991 0.180310875177383 0.175689429044724 0.175505682826042 0.187695115804672 0.192642986774445 0.170259743928909 0.163219824433327 0.169220194220543 0.180399805307388 0.179004773497581 0.182964101433754
-3.4e+38 -3.4e+38 -3.4e+38 0.179966405034065 0.187259048223495 0.181713819503784 0.175641283392906 0.197117790579796 0.192761078476906 0.178629249334335 0.169787704944611 0.179175972938538 0.177147939801216 0.174647465348244 0.178408905863762 0.182600185275078 0.189949885010719 0.195702239871025 0.176480129361153 0.174955785274506 0.173074632883072 0.169062286615372 0.186363771557808 0.182429641485214 0.17493948340416 0.16955791413784 0.172752544283867 0.169838145375252 0.172475054860115 0.185801446437836 0.177823826670647 0.17150716483593 0.171153396368027 0.174971923232079 0.161580875515938 0.148964360356331 0.150834232568741 0.166694134473801 0.175424188375473 0.172484040260315 0.162859082221985 0.176043689250946 0.176711916923523 0.164206296205521 0.163348063826561 0.170689165592194 0.175970807671547 0.173526704311371 0.173870086669922
-3.4e+38 -3.4e+38 -3.4e+38 0.182566344738007 0.187883630394936 0.184158623218536 0.181850835680962 0.190069049596786 0.182080656290054 0.167380586266518 0.162752732634544 0.177753180265427 0.177258238196373 0.171669095754623 0.174081951379776 0.187757596373558 0.191468223929405 0.191835790872574 0.185231387615204 0.177067473530769 0.165125578641891 0.167579367756844 0.184188604354858 0.167846620082855 0.159012630581856 0.158554255962372 0.162398919463158 0.15809865295887 0.169728562235832 0.187469437718391 0.179278776049614 0.172951713204384 0.173468798398972 0.177741155028343 0.170144706964493 0.168744802474976 0.170676216483116 0.173555925488472 0.168408378958702 0.161405578255653 0.153573006391525 0.165115177631378 0.164940536022186 0.164051845669746 0.167790710926056 0.173244297504425 0.171826079487801 0.169198334217072 0.172970071434975
-3.4e+38 -3.4e+38 -3.4e+38 0.179577112197876 0.17670676112175 0.184335276484489 0.18170902132988 0.180797696113586 0.178714856505394 0.169853076338768 0.16696509718895 0.171304106712341 0.170776158571243 0.167422145605087 0.171708643436432 0.186263829469681 0.190276816487312 0.194682642817497 0.188790380954742 0.171090513467789 0.147424310445786 0.147499054670334 0.160946667194366 0.164217412471771 0.167187422513962 0.164392933249474 0.159658595919609 0.153673425316811 0.173996210098267 0.18375389277935 0.169086217880249 0.163118362426758 0.169581085443497 0.180214688181877 0.18466679751873 0.194436848163605 0.189176261425018 0.174932226538658 0.160228103399277 0.158951908349991 0.163268536329269 0.171744972467422 0.169227108359337 0.174430027604103 0.180053576827049 0.180396646261215 0.17143489420414 0.169681116938591 0.17901636660099
-3.4e+38 -3.4e+38 -3.4e+38 -3.4e+38 0.172007948160172 0.184992045164108 0.174489334225655 0.177373245358467 0.184599667787552 0.180201381444931 0.170939445495605 0.166360422968864 0.16590915620327 0.171517625451088 0.176793709397316 0.185330241918564 0.19100846350193 0.190190538764 0.181081101298332 0.161355093121529 0.138682723045349 0.142659455537796 0.156455561518669 0.168645784258842 0.175566017627716 0.174038022756577 0.166613265872002 0.158868134021759 0.172372624278069 0.175099864602089 0.16480253636837 0.156277224421501 0.159869953989983 0.170228257775307 0.180608034133911 0.187826320528984 0.182443663477898 0.171050325036049 0.161672681570053 0.168421372771263 0.175987154245377 0.176476985216141 0.168899074196815 0.181551337242126 0.19180728495121 0.189939320087433 0.168175727128983 0.16427618265152 0.179225072264671
-3.4e+38 -3.4e+38 -3.4e+38 -3.4e+38 -3.4e+38 0.181152239441872 0.167429432272911 0.179824113845825 0.190134152770042 0.187686607241631 0.173628434538841 0.166683912277222 0.169429183006287 0.178524047136307 0.174304634332657 0.181577250361443 0.18705689907074 0.178511187434196 0.171296790242195 0.161198124289513 0.151041224598885 0.154033496975899 0.161289349198341 0.171259164810181 0.174065455794334 0.169566586613655 0.168434768915176 0.168382674455643 0.174045771360397 0.178579106926918 0.175023376941681 0.1686802059412 0.165881276130676 0.1651970744133 0.168671026825905 0.171661660075188 0.171145394444466 0.173669144511223 0.176479235291481 0.178106918931007 0.18197663128376 0.173342972993851 0.163677245378494 0.175674363970757 0.183943718671799 0.179229348897934 0.162120014429092 0.158988922834396 0.174930170178413
-3.4e+38 -3.4e+38 -3.4e+38 -3.4e+38 -3.4e+38 -3.4e+38 -3.4e+38 -3.4e+38 0.191850543022156 0.18841777741909 0.176877170801163 0.170071616768837 0.169511064887047 0.168772757053375 0.158943682909012 0.171816855669022 0.177755832672119 0.172667488455772 0.16836604475975 0.16346900165081 0.16192701458931 0.165025860071182 0.164541661739349 0.176087737083435 0.182511985301971 0.173476114869118 0.178147032856941 0.178866073489189 0.18119215965271 0.192152664065361 0.191690906882286 0.188261106610298 0.183121651411057 0.168628975749016 0.166312023997307 0.170250207185745 0.177448362112045 0.176940903067589 0.171021744608879 0.168566942214966 0.175762951374054 0.1686150431633 0.160523697733879 0.162900313735008 0.166160672903061 0.170009911060333 0.165074169635773 0.160670146346092 0.177060604095459
-3.4e+38 -3.4e+38 -3.4e+38 -3.4e+38 -3.4e+38 -3.4e+38 -3.4e+38 -3.4e+38 -3.4e+38 -3.4e+38 0.175545394420624 0.169799104332924 0.169091105461121 0.157878026366234 0.145167961716652 0.157979637384415 0.165746763348579 0.168607786297798 0.168788343667984 0.165448039770126 0.168860256671906 0.170375093817711 0.166531831026077 0.17892724275589 0.180820673704147 0.17602564394474 0.185968786478043 0.18436424434185 0.185795366764069 0.194026276469231 0.197408407926559 0.200267225503922 0.196167200803757 0.180622786283493 0.184499636292458 0.190695270895958 0.193166494369507 0.186167061328888 0.16908822953701 0.161292195320129 0.167958587408066 0.177084475755692 0.177852466702461 0.170217722654343 0.160678654909134 0.170220285654068 0.175116077065468 0.171667948365211 0.169656559824944
-3.4e+38 -3.4e+38 -3.4e+38 -3.4e+38 -3.4e+38 -3.4e+38 -3.4e+38 -3.4e+38 -3.4e+38 -3.4e+38 -3.4e+38 0.169839233160019 0.171733498573303 0.156938523054123 0.145003885030746 0.150448530912399 0.161992773413658 0.168818533420563 0.16944420337677 0.165516093373299 0.174178496003151 0.173367395997047 0.167150244116783 0.171551063656807 0.173251777887344 0.176290675997734 0.184709563851357 0.180814236402512 0.184350043535233 0.192159935832024 0.199229434132576 0.205098107457161 0.201454117894173 0.19438673555851 0.198729664087296 0.201621815562248 0.198855504393578 0.190290793776512 0.177238985896111 0.17619252204895 0.179514244198799 0.182926014065742 0.184115812182426 0.176232561469078 0.164864957332611 0.166235774755478 0.173176497220993 0.174442321062088 0.170617327094078
-3.4e+38 -3.4e+38 -3.4e+38 -3.4e+38 -3.4e+38 -3.4e+38 -3.4e+38 -3.4e+38 -3.4e+38 -3.4e+38 -3.4e+38 -3.4e+38 -3.4e+38 -3.4e+38 -3.4e+38 -3.4e+38 -3.4e+38 -3.4e+38 -3.4e+38 -3.4e+38 -3.4e+38 -3.4e+38 -3.4e+38 -3.4e+38 -3.4e+38 -3.4e+38 -3.4e+38 -3.4e+38 -3.4e+38 -3.4e+38 -3.4e+38 0.206441923975945 0.201062574982643 0.195318639278412 0.196162462234497 0.19908232986927 0.194005325436592 0.182565242052078 0.172434464097023 0.175003886222839 0.176913395524025 0.1777323782444 0.178383231163025 0.175070554018021 0.168925598263741 0.164853230118752 0.173253118991852 0.175773486495018 0.1737190335989
-3.4e+38 -3.4e+38 -3.4e+38 -3.4e+38 -3.4e+38 -3.4e+38 -3.4e+38 -3.4e+38 -3.4e+38 -3.4e+38 -3.4e+38 -3.4e+38 -3.4e+38 -3.4e+38 -3.4e+38 -3.4e+38 -3.4e+38 -3.4e+38 -3.4e+38 -3.4e+38 -3.4e+38 -3.4e+38 -3.4e+38 -3.4e+38 -3.4e+38 -3.4e+38 -3.4e+38 -3.4e+38 -3.4e+38 -3.4e+38 -3.4e+38 -3.4e+38 -3.4e+38 0.191263750195503 0.189175233244896 0.190920174121857 0.192765399813652 0.18444712460041 0.175501435995102 0.176758751273155 0.174875855445862 0.171479612588882 0.168510422110558 0.16447639465332 0.170868471264839 0.175145089626312 0.178229093551636 0.176391795277596 0.170238643884659
-3.4e+38 -3.4e+38 -3.4e+38 -3.4e+38 -3.4e+38 -3.4e+38 -3.4e+38 -3.4e+38 -3.4e+38 -3.4e+38 -3.4e+38 -3.4e+38 -3.4e+38 -3.4e+38 -3.4e+38 -3.4e+38 -3.4e+38 -3.4e+38 -3.4e+38 -3.4e+38 -3.4e+38 -3.4e+38 -3.4e+38 -3.4e+38 -3.4e+38 -3.4e+38 -3.4e+38 -3.4e+38 -3.4e+38 -3.4e+38 -3.4e+38 -3.4e+38 -3.4e+38 -3.4e+38 0.188315942883492 0.188885405659676 0.195658281445503 0.187127947807312 0.180268362164497 0.17997120320797 0.179401755332947 0.175466194748878 0.170429661870003 0.168403819203377 0.183388262987137 0.189619794487953 0.185515448451042 0.175617635250092 0.1705442070961
-3.4e+38 -3.4e+38 -3.4e+38 -3.4e+38 -3.4e+38 -3.4e+38 -3.4e+38 -3.4e+38 -3.4e+38 -3.4e+38 -3.4e+38 -3.4e+38 -3.4e+38 -3.4e+38 -3.4e+38 -3.4e+38 -3.4e+38 -3.4e+38 -3.4e+38 -3.4e+38 -3.4e+38 -3.4e+38 -3.4e+38 -3.4e+38 -3.4e+38 -3.4e+38 -3.4e+38 -3.4e+38 -3.4e+38 -3.4e+38 -3.4e+38 -3.4e+38 -3.4e+38 -3.4e+38 0.197475224733353 0.18980373442173 0.187384635210037 0.183835551142693 0.180393517017365 0.179758384823799 0.180146306753159 0.175896123051643 0.170399233698845 0.173662856221199 0.192921742796898 0.199274495244026 0.188191339373589 0.173184245824814 0.176867872476578
-3.4e+38 -3.4e+38 -3.4e+38 -3.4e+38 -3.4e+38 -3.4e+38 -3.4e+38 -3.4e+38 -3.4e+38 -3.4e+38 -3.4e+38 -3.4e+38 -3.4e+38 -3.4e+38 -3.4e+38 -3.4e+38 -3.4e+38 -3.4e+38 -3.4e+38 -3.4e+38 -3.4e+38 -3.4e+38 -3.4e+38 -3.4e+38 -3.4e+38 -3.4e+38 -3.4e+38 -3.4e+38 -3.4e+38 -3.4e+38 -3.4e+38 -3.4e+38 -3.4e+38 -3.4e+38 0.199546217918396 0.186020761728287 0.177864015102386 0.176736146211624 0.171154946088791 0.170897141098976 0.173046886920929 0.172493904829025 0.166618064045906 0.172068506479263 0.185467168688774 0.18732026219368 0.175061255693436 0.169856950640678 0.179320216178894
-3.4e+38 -3.4e+38 -3.4e+38 -3.4e+38 -3.4e+38 -3.4e+38 -3.4e+38 -3.4e+38 -3.4e+38 -3.4e+38 -3.4e+38 -3.4e+38 -3.4e+38 -3.4e+38 -3.4e+38 -3.4e+38 -3.4e+38 -3.4e+38 -3.4e+38 -3.4e+38 -3.4e+38 -3.4e+38 -3.4e+38 -3.4e+38 -3.4e+38 -3.4e+38 -3.4e+38 -3.4e+38 -3.4e+38 -3.4e+38 -3.4e+38 -3.4e+38 -3.4e+38 -3.4e+38 -3.4e+38 0.184869483113289 0.180818393826485 0.178842201828957 0.170479238033295 0.172178834676743 0.174704059958458 0.173069074749947 0.163837224245071 0.16329587996006 0.168310970067978 0.172285661101341 0.172519892454147 0.169482290744781 0.173032104969025
-3.4e+38 -3.4e+38 -3.4e+38 -3.4e+38 -3.4e+38 -3.4e+38 -3.4e+38 -3.4e+38 -3.4e+38 -3.4e+38 -3.4e+38 -3.4e+38 -3.4e+38 -3.4e+38 -3.4e+38 -3.4e+38 -3.4e+38 -3.4e+38 -3.4e+38 -3.4e+38 -3.4e+38 -3.4e+38 -3.4e+38 -3.4e+38 -3.4e+38 -3.4e+38 -3.4e+38 -3.4e+38 -3.4e+38 -3.4e+38 -3.4e+38 -3.4e+38 -3.4e+38 -3.4e+38 -3.4e+38 -3.4e+38 0.185552954673767 0.175697162747383 0.168151646852493 0.175291866064072 0.18525604903698 0.186790600419044 0.177795931696892 0.170107021927834 0.167445629835129 0.171838775277138 0.183036252856255 0.16974301636219 0.16850246489048
-3.4e+38 -3.4e+38 -3.4e+38 -3.4e+38 -3.4e+38 -3.4e+38 -3.4e+38 -3.4e+38 -3.4e+38 -3.4e+38 -3.4e+38 -3.4e+38 -3.4e+38 -3.4e+38 -3.4e+38 -3.4e+38 -3.4e+38 -3.4e+38 -3.4e+38 -3.4e+38 -3.4e+38 -3.4e+38 -3.4e+38 -3.4e+38 -3.4e+38 -3.4e+38 -3.4e+38 -3.4e+38 -3.4e+38 -3.4e+38 -3.4e+38 -3.4e+38 -3.4e+38 -3.4e+38 -3.4e+38 -3.4e+38 -3.4e+38 0.166334673762321 0.163466170430183 0.170281067490578 0.182474061846733 0.183420315384865 0.177165672183037 0.17084963619709 0.170782208442688 0.177967235445976 0.18366627395153 0.17140057682991 0.172468364238739
-3.4e+38 -3.4e+38 -3.4e+38 -3.4e+38 -3.4e+38 -3.4e+38 -3.4e+38 -3.4e+38 -3.4e+38 -3.4e+38 -3.4e+38 -3.4e+38 -3.4e+38 -3.4e+38 -3.4e+38 -3.4e+38 -3.4e+38 -3.4e+38 -3.4e+38 -3.4e+38 -3.4e+38 -3.4e+38 -3.4e+38 -3.4e+38 -3.4e+38 -3.4e+38 -3.4e+38 -3.4e+38 -3.4e+38 -3.4e+38 -3.4e+38 -3.4e+38 -3.4e+38 -3.4e+38 -3.4e+38 -3.4e+38 -3.4e+38 -3.4e+38 0.164486706256866 0.174418434500694 0.183177143335342 0.174597635865211 0.167809024453163 0.162208676338196 0.158179387450218 0.159376084804535 0.167596131563187 0.173322424292564 0.178249165415764
