data/1_raw/trimmed_ndre/W_ndre.78.2012_no_clouds.asc
NCOLS 130 
NROWS 71 
XLLCORNER 530645 
YLLCORNER 5158205 
CELLSIZE 5 
NODATA_value -3.4e+38 
[rows 0 to 20 of 71, columns 0 to 48 of 130]
-339999999999999996123846586046231871488.000000000000000 -3.4e+38 -3.4e+38 -3.4e+38 -3.4e+38 -3.4e+38 -3.4e+38 -3.4e+38 -3.4e+38 -3.4e+38 -3.4e+38 0.284081608057022 0.307375311851501 0.305868297815323 0.274924516677856 0.2567158639431 0.268734395503998 -3.4e+38 -3.4e+38 -3.4e+38 -3.4e+38 -3.4e+38 -3.4e+38 -3.4e+38 -3.4e+38 -3.4e+38 -3.4e+38 -3.4e+38 -3.4e+38 -3.4e+38 -3.4e+38 -3.4e+38 -3.4e+38 -3.4e+38 -3.4e+38 -3.4e+38 -3.4e+38 -3.4e+38 -3.4e+38 -3.4e+38 -3.4e+38 -3.4e+38 -3.4e+38 -3.4e+38 -3.4e+38 -3.4e+38 -3.4e+38 -3.4e+38 -3.4e+38
-3.4e+38 -3.4e+38 -3.4e+38 -3.4e+38 -3.4e+38 -3.4e+38 -3.4e+38 -3.4e+38 -3.4e+38 -3.4e+38 0.310253351926804 0.292793303728104 0.303406357765198 0.298402518033981 0.280848473310471 0.276295095682144 0.257812440395355 0.294610172510147 -3.4e+38 -3.4e+38 -3.4e+38 -3.4e+38 -3.4e+38 -3.4e+38 -3.4e+38 -3.4e+38 -3.4e+38 -3.4e+38 -3.4e+38 -3.4e+38 -3.4e+38 -3.4e+38 -3.4e+38 -3.4e+38 -3.4e+38 -3.4e+38 -3.4e+38 -3.4e+38 -3.4e+38 -3.4e+38 -3.4e+38 -3.4e+38 -3.4e+38 -3.4e+38 -3.4e+38 -3.4e+38 -3.4e+38 -3.4e+38 -3.4e+38
-3.4e+38 -3.4e+38 -3.4e+38 -3.4e+38 -3.4e+38 -3.4e+38 -3.4e+38 -3.4e+38 0.44304433465004 0.413205176591873 0.333000183105469 0.291167110204697 0.295628070831299 0.291303068399429 0.286061376333237 0.2816202044487 0.246799662709236 0.262891322374344 0.292973697185516 -3.4e+38 -3.4e+38 -3.4e+38 -3.4e+38 -3.4e+38 -3.4e+38 -3.4e+38 -3.4e+38 -3.4e+38 -3.4e+38 -3.4e+38 -3.4e+38 -3.4e+38 -3.4e+38 -3.4e+38 -3.4e+38 -3.4e+38 -3.4e+38 -3.4e+38 -3.4e+38 -3.4e+38 -3.4e+38 -3.4e+38 -3.4e+38 -3.4e+38 -3.4e+38 -3.4e+38 -3.4e+38 -3.4e+38 -3.4e+38
-3.4e+38 -3.4e+38 -3.4e+38 -3.4e+38 -3.4e+38 -3.4e+38 -3.4e+38 -3.4e+38 -3.4e+38 0.432805448770523 0.34943675994873 0.290880292654037 0.300912916660309 0.307117730379105 0.296283096075058 0.274954169988632 0.242648437619209 0.237659335136414 0.258747488260269 0.262213468551636 0.244407624006271 -3.4e+38 -3.4e+38 -3.4e+38 -3.4e+38 -3.4e+38 -3.4e+38 -3.4e+38 -3.4e+38 -3.4e+38 -3.4e+38 -3.4e+38 0.32058709859848 0.332703739404678 -3.4e+38 -3.4e+38 -3.4e+38 -3.4e+38 -3.4e+38 -3.4e+38 -3.4e+38 -3.4e+38 -3.4e+38 -3.4e+38 -3.4e+38 -3.4e+38 -3.4e+38 -3.4e+38 -3.4e+38
-3.4e+38 -3.4e+38 -3.4e+38 -3.4e+38 -3.4e+38 -3.4e+38 -3.4e+38 -3.4e+38 -3.4e+38 0.441940784454346 0.347202926874161 0.297567784786224 0.308772176504135 0.315656274557114 0.296071320772171 0.275757700204849 0.252563744783401 0.231473281979561 0.24067659676075 0.252079367637634 0.259125649929047 0.280156999826431 0.284576654434204 0.286527544260025 0.29798212647438 0.299528807401657 0.304062902927399 0.303516358137131 -3.4e+38 -3.4e+38 -3.4e+38 0.314984649419785 0.327084809541702 0.321444720029831 0.34696888923645 0.366493701934814 0.3566053211689 -3.4e+38 -3.4e+38 -3.4e+38 -3.4e+38 -3.4e+38 -3.4e+38 -3.4e+38 -3.4e+38 -3.4e+38 -3.4e+38 -3.4e+38 -3.4e+38
-3.4e+38 -3.4e+38 -3.4e+38 -3.4e+38 -3.4e+38 -3.4e+38 -3.4e+38 -3.4e+38 -3.4e+38 0.434753984212875 0.347465753555298 0.308034420013428 0.301225304603577 0.300578057765961 0.278825044631958 0.267200976610184 0.256643086671829 0.240896657109261 0.252605825662613 0.255195945501328 0.270743131637573 0.28862202167511 0.287990659475327 0.28059646487236 0.275334566831589 0.282885819673538 0.297375172376633 0.299982577562332 0.290496170520782 0.292504787445068 0.298606067895889 0.32117885351181 0.336118578910828 0.327331364154816 0.349292695522308 0.367137014865875 0.356895834207535 0.335538446903229 0.330437928438187 0.326601147651672 -3.4e+38 -3.4e+38 -3.4e+38 -3.4e+38 -3.4e+38 -3.4e+38 -3.4e+38 -3.4e+38 -3.4e+38
-3.4e+38 -3.4e+38 -3.4e+38 -3.4e+38 -3.4e+38 -3.4e+38 -3.4e+38 -3.4e+38 -3.4e+38 0.424606531858444 0.372474908828735 0.320770591497421 0.294294089078903 0.286313146352768 0.271649301052094 0.260411083698273 0.25400248169899 0.253175735473633 0.268618702888489 0.275720328092575 0.292909324169159 0.305362015962601 0.302138268947601 0.293824881315231 0.283451765775681 0.291158735752106 0.306335836648941 0.302368700504303 0.29116153717041 0.288846373558044 0.295186728239059 0.316242933273315 0.339069902896881 0.342748582363129 0.346583187580109 0.348361700773239 0.336966276168823 0.320773243904114 0.326137363910675 0.332399696111679 0.336182028055191 0.339167654514313 -3.4e+38 -3.4e+38 -3.4e+38 -3.4e+38 -3.4e+38 -3.4e+38 -3.4e+38
-3.4e+38 -3.4e+38 -3.4e+38 -3.4e+38 -3.4e+38 -3.4e+38 -3.4e+38 -3.4e+38 -3.4e+38 0.41911706328392 0.406276881694794 0.344842910766602 0.298005670309067 0.286714851856232 0.284702509641647 0.272400319576263 0.269575476646423 0.27173325419426 0.285009771585464 0.294432789087296 0.30768296122551 0.319358795881271 0.317329436540604 0.308282524347305 0.311550289392471 0.315347701311111 0.310250103473663 0.298097550868988 0.283320933580399 0.27947524189949 0.283211469650269 0.290661156177521 0.303189814090729 0.314202040433884 0.319637835025787 0.314989358186722 0.317538142204285 0.316335082054138 0.321273684501648 0.321809768676758 0.325640469789505 0.33145672082901 0.332576870918274 -3.4e+38 -3.4e+38 -3.4e+38 -3.4e+38 -3.4e+38 -3.4e+38
-3.4e+38 -3.4e+38 -3.4e+38 -3.4e+38 -3.4e+38 -3.4e+38 -3.4e+38 -3.4e+38 0.348435640335083 0.409674853086472 0.434394389390945 0.376451253890991 0.310333460569382 0.294041156768799 0.299281895160675 0.299456655979156 0.295782625675201 0.291789680719376 0.298715025186539 0.302944272756577 0.307496309280396 0.316923052072525 0.314153909683228 0.305633753538132 0.319983869791031 0.328714311122894 0.319838523864746 0.306958168745041 0.294555187225342 0.287419617176056 0.292815864086151 0.300977170467377 0.303851425647736 0.309646338224411 0.318331629037857 0.325336664915085 0.336568713188171 0.332893878221512 0.326227754354477 0.311995148658752 0.302031219005585 0.313754022121429 0.331947147846222 0.332227140665054 0.324664324522018 0.325824767351151 0.329814076423645 -3.4e+38 -3.4e+38
-3.4e+38 -3.4e+38 -3.4e+38 -3.4e+38 -3.4e+38 -3.4e+38 -3.4e+38 0.326549530029297 0.340312868356705 0.380247920751572 0.434297412633896 0.406190484762192 0.332236438989639 0.301965266466141 0.302876710891724 0.309894472360611 0.307965129613876 0.310315877199173 0.311330884695053 0.305484384298325 0.302802294492722 0.311275690793991 0.316784739494324 0.321779042482376 0.335601806640625 0.337869614362717 0.347192078828812 0.34121572971344 0.321589916944504 0.296218723058701 0.290938049554825 0.30073407292366 0.29969123005867 0.309795051813126 0.319100737571716 0.328496128320694 0.338553786277771 0.339020252227783 0.333096921443939 0.33021867275238 0.331239432096481 0.323725610971451 0.333378553390503 0.338765233755112 0.333717256784439 0.334710568189621 0.329291671514511 0.331050157546997 -3.4e+38
-3.4e+38 -3.4e+38 -3.4e+38 -3.4e+38 -3.4e+38 -3.4e+38 0.299981534481049 0.319435328245163 0.333290904760361 0.350309520959854 0.393959492444992 0.405376791954041 0.364159405231476 0.326263815164566 0.317906379699707 0.3119036257267 0.311081081628799 0.319264501333237 0.315822929143906 0.310540229082108 0.311098873615265 0.319105178117752 0.316406577825546 0.323639899492264 0.331498056650162 0.307352900505066 0.321623831987381 0.346699714660645 0.334724813699722 0.301971316337585 0.287241160869598 0.292124271392822 0.300080537796021 0.317495197057724 0.330398410558701 0.331524044275284 0.336801558732986 0.354623466730118 0.340548634529114 0.322404801845551 0.33377406001091 0.336291193962097 0.328167796134949 0.326407194137573 0.331904292106628 0.33686688542366 0.321442812681198 0.312571078538895 0.315654665231705
-3.4e+38 -3.4e+38 -3.4e+38 -3.4e+38 -3.4e+38 0.309565603733063 0.310327619314194 0.316795587539673 0.327487051486969 0.335096478462219 0.363091826438904 0.397028267383575 0.402746111154556 0.382245540618896 0.368948191404343 0.336045533418655 0.32095143198967 0.327027469873428 0.319685250520706 0.318734586238861 0.318026781082153 0.323690295219421 0.321651220321655 0.325439065694809 0.326504975557327 0.306672006845474 0.312962979078293 0.342734336853027 0.354159474372864 0.340380102396011 0.336332648992538 0.34443324804306 0.337263524532318 0.32786425948143 0.341747552156448 0.360183894634247 0.371573686599731 0.358541548252106 0.315095573663712 0.296474069356918 0.313929527997971 0.334352791309357 0.334252625703812 0.316541314125061 0.317048788070679 0.328809261322021 0.316116839647293 0.306508898735046 0.311660557985306
-3.4e+38 -3.4e+38 -3.4e+38 -3.4e+38 -3.4e+38 0.335875481367111 0.325667917728424 0.313264727592468 0.328696668148041 0.333023577928543 0.328672230243683 0.337814718484879 0.374257117509842 0.396731913089752 0.404305160045624 0.373755663633347 0.347616970539093 0.337275892496109 0.329350918531418 0.330801099538803 0.316287577152252 0.312162190675735 0.321478456258774 0.331672072410583 0.345428168773651 0.339914679527283 0.330733239650726 0.340966641902924 0.346479088068008 0.335591048002243 0.333961308002472 0.35609370470047 0.353478193283081 0.329886138439178 0.326585680246353 0.333702802658081 0.378495186567307 0.384218901395798 0.339180052280426 0.319597005844116 0.317885756492615 0.313264489173889 0.314469367265701 0.32547590136528 0.323082268238068 0.314944267272949 0.307551622390747 0.323234766721725 0.335799932479858
-3.4e+38 -3.4e+38 -3.4e+38 -3.4e+38 0.343564748764038 0.337127864360809 0.329812347888947 0.320295512676239 0.332531124353409 0.320484697818756 0.30238065123558 0.296450346708298 0.327294677495956 0.356456398963928 0.364326566457748 0.354122459888458 0.346217811107635 0.325475990772247 0.308616191148758 0.304065823554993 0.288665860891342 0.283893465995789 0.305784344673157 0.330517500638962 0.349785685539246 0.336197316646576 0.321607977151871 0.337048560380936 0.345686256885529 0.321871131658554 0.299346894025803 0.314761608839035 0.328954875469208 0.32554030418396 0.318130731582642 0.310336738824844 0.336109757423401 0.36390545964241 0.33625727891922 0.318334966897964 0.311864227056503 0.316228061914444 0.311847746372223 0.313559889793396 0.313869655132294 0.293552070856094 0.290305644273758 0.317483156919479 0.334707528352737
-3.4e+38 -3.4e+38 -3.4e+38 -3.4e+38 0.329878121614456 0.329422324895859 0.342795550823212 0.338368445634842 0.331777602434158 0.327281594276428 0.310272037982941 0.294526159763336 0.295937299728394 0.315294742584229 0.321271985769272 0.31414920091629 0.303712129592896 0.305449306964874 0.301738023757935 0.286090433597565 0.27455085515976 0.275009214878082 0.295621961355209 0.333057135343552 0.350433558225632 0.330597460269928 0.313735157251358 0.333939671516418 0.353881865739822 0.352496862411499 0.316561073064804 0.294076442718506 0.300165116786957 0.304402559995651 0.308351546525955 0.315805435180664 0.303132772445679 0.305507898330688 0.325340539216995 0.330352574586868 0.307301551103592 0.308658599853516 0.307683408260345 0.283314406871796 0.299037724733353 0.31163227558136 0.297456979751587 0.305553764104843 0.310181170701981
-3.4e+38 -3.4e+38 -3.4e+38 -3.4e+38 0.320605844259262 0.332337409257889 0.353454142808914 0.347456246614456 0.327965885400772 0.320698291063309 0.302133530378342 0.270287871360779 0.279636055231094 0.299755096435547 0.300679624080658 0.297003090381622 0.298318862915039 0.307901799678802 0.318107903003693 0.305993407964706 0.290899127721786 0.300857424736023 0.304484605789185 0.325448453426361 0.34006741642952 0.332941472530365 0.327754706144333 0.340219616889954 0.357381761074066 0.364903271198273 0.334940046072006 0.302668929100037 0.307122081518173 0.312224179506302 0.316558241844177 0.31347867846489 0.301715016365051 0.304570287466049 0.319498240947723 0.317041009664536 0.290745586156845 0.290017157793045 0.315752625465393 0.315904289484024 0.30122846364975 0.317173033952713 0.317685276269913 0.306061446666718 0.300349235534668
-3.4e+38 -3.4e+38 -3.4e+38 0.325008720159531 0.335971146821976 0.354151576757431 0.366653233766556 0.361059755086899 0.337180078029633 0.309260874986649 0.293824672698975 0.251530140638351 0.259713679552078 0.304041236639023 0.31012812256813 0.312636345624924 0.313738793134689 0.305290520191193 0.300923347473145 0.307747960090637 0.318268626928329 0.324478685855865 0.317010015249252 0.325854539871216 0.333895772695541 0.33171883225441 0.32333305478096 0.328238904476166 0.351306647062302 0.360849171876907 0.355064660310745 0.347074896097183 0.350104808807373 0.358578741550446 0.35954886674881 0.338732182979584 0.311505436897278 0.323044925928116 0.321878731250763 0.308212488889694 0.305989354848862 0.31457182765007 0.32567223906517 0.322911024093628 0.303887993097305 0.31665250658989 0.329142332077026 0.321773946285248 0.321398705244064
-3.4e+38 -3.4e+38 0.335902899503708 0.331154197454453 0.338157534599304 0.35011625289917 0.353762418031693 0.354162305593491 0.344344198703766 0.308523565530777 0.270746201276779 0.240948915481567 0.239721223711967 0.280177026987076 0.307806253433228 0.317870438098907 0.315668046474457 0.305390149354935 0.303428381681442 0.317384243011475 0.328286737203598 0.32760939002037 0.326801985502243 0.325406014919281 0.321693301200867 0.318435221910477 0.315255641937256 0.314988434314728 0.330908596515656 0.349444538354874 0.368461787700653 0.370728641748428 0.375088721513748 0.394090443849564 0.384060025215149 0.358169555664062 0.33411493897438 0.335816502571106 0.3384810090065 0.321835875511169 0.305725455284119 0.313096225261688 0.321700870990753 0.323222756385803 0.32217863202095 0.315166056156158 0.322804868221283 0.336735367774963 0.336961150169373
-3.4e+38 0.321702122688293 0.329977363348007 0.331063270568848 0.334632456302643 0.332268953323364 0.334874182939529 0.344463467597961 0.345878958702087 0.305807679891586 0.24386927485466 0.224987477064133 0.226427480578423 0.245580583810806 0.2784483730793 0.308900415897369 0.311308741569519 0.293250322341919 0.296155571937561 0.318207710981369 0.320077925920486 0.326697140932083 0.337226450443268 0.326473325490952 0.312483847141266 0.310395061969757 0.308348596096039 0.307603061199188 0.307929247617722 0.320247828960419 0.348951160907745 0.366179943084717 0.392837166786194 0.409802436828613 0.382636249065399 0.3631711602211 0.349214524030685 0.341074168682098 0.343567073345184 0.341302961111069 0.318807274103165 0.300743162631989 0.308653920888901 0.322399109601974 0.323281526565552 0.316675633192062 0.32750928401947 0.344023048877716 0.343774735927582
-3.4e+38 0.312553882598877 0.327611297369003 0.335523962974548 0.332231163978577 0.325205832719803 0.333306759595871 0.346975415945053 0.34048980474472 0.2989641726017 0.23218697309494 0.22021147608757 0.249008283019066 0.269634425640106 0.285051047801971 0.300439983606339 0.301125168800354 0.291930913925171 0.303933173418045 0.329390555620193 0.321241497993469 0.328407913446426 0.346176028251648 0.343027144670486 0.326424449682236 0.315271317958832 0.314280718564987 0.314106732606888 0.303099244832993 0.310678392648697 0.335494518280029 0.352488279342651 0.369983404874802 0.391098588705063 0.392222821712494 0.382573217153549 0.381708264350891 0.381784617900848 0.379040956497192 0.375370413064957 0.365208715200424 0.33379864692688 0.310198545455933 0.313060402870178 0.313060283660889 0.309092223644257 0.3171506524086 0.331814855337143 0.329514145851135
0.312249720096588 0.311121016740799 0.32183513045311 0.333097457885742 0.335597813129425 0.328553825616837 0.325944155454636 0.327371567487717 0.316881418228149 0.287157088518143 0.23869214951992 0.22818511724472 0.261786907911301 0.287412732839584 0.301806718111038 0.31145516037941 0.319574475288391 0.328077077865601 0.337047219276428 0.337186694145203 0.319710910320282 0.320459067821503 0.347384989261627 0.358149498701096 0.331723928451538 0.318113476037979 0.327854305505753 0.33507713675499 0.324591159820557 0.33270001411438 0.345547139644623 0.336419314146042 0.31774640083313 0.340860277414322 0.379947572946548 0.386164009571075 0.393865317106247 0.399326682090759 0.396760761737823 0.39133432507515 0.387534141540527 0.373899310827255 0.345258980989456 0.320267915725708 0.304555624723434 0.289534062147141 0.293655812740326 0.315043538808823 0.3245729804039
