data/1_raw/trimmed_ndre/W_ndre.727.2011_no_clouds.asc
NCOLS 130 
NROWS 71 
XLLCORNER 530645 
YLLCORNER 5158205 
CELLSIZE 5 
NODATA_value -3.4e+38 
[rows 21 to 41 of 71, columns 49 to 97 of 130]
0.570525646209717 0.560036957263947 0.562438726425171 0.562266647815704 0.554436504840851 0.549552261829376 0.546902358531952 0.54634690284729 0.545160710811615 0.529646873474121 0.505527675151825 0.490945130586624 0.498979091644287 0.51957905292511 0.540568768978119 0.56148624420166 0.570548534393311 0.564227640628815 -3.4e+38 -3.4e+38 -3.4e+38 -3.4e+38 -3.4e+38 -3.4e+38 -3.4e+38 -3.4e+38 -3.4e+38 -3.4e+38 -3.4e+38 -3.4e+38 -3.4e+38 -3.4e+38 -3.4e+38 -3.4e+38 -3.4e+38 -3.4e+38 -3.4e+38 -3.4e+38 -3.4e+38 -3.4e+38 -3.4e+38 -3.4e+38 -3.4e+38 -3.4e+38 -3.4e+38 -3.4e+38 -3.4e+38 -3.4e+38 -3.4e+38
0.574413001537323 0.566124379634857 0.570829391479492 0.573823153972626 0.556468188762665 0.547858893871307 0.549100816249847 0.548978209495544 0.551306307315826 0.539849400520325 0.519116103649139 0.50046306848526 0.500714361667633 0.508366227149963 0.525208055973053 0.54340648651123 0.544808268547058 0.54531455039978 0.574740707874298 0.584165394306183 0.569631695747375 0.565767824649811 0.553923666477203 0.536711931228638 0.522625327110291 0.537134885787964 0.52925431728363 0.500832915306091 -3.4e+38 -3.4e+38 -3.4e+38 -3.4e+38 -3.4e+38 -3.4e+38 -3.4e+38 -3.4e+38 -3.4e+38 -3.4e+38 -3.4e+38 -3.4e+38 -3.4e+38 -3.4e+38 -3.4e+38 -3.4e+38 -3.4e+38 -3.4e+38 -3.4e+38 -3.4e+38 -3.4e+38
0.601790964603424 0.597230315208435 0.595057308673859 0.586892664432526 0.559332489967346 0.54508775472641 0.551040768623352 0.550701558589935 0.544946789741516 0.529895603656769 0.522592663764954 0.509985446929932 0.503534317016602 0.503892660140991 0.516739249229431 0.523730278015137 0.51115095615387 0.51242995262146 0.541126489639282 0.554900288581848 0.553605973720551 0.548342704772949 0.536222398281097 0.535440146923065 0.541619420051575 0.553182363510132 0.548024713993073 0.532052338123322 0.521735966205597 -3.4e+38 -3.4e+38 -3.4e+38 -3.4e+38 -3.4e+38 -3.4e+38 -3.4e+38 -3.4e+38 -3.4e+38 -3.4e+38 -3.4e+38 -3.4e+38 -3.4e+38 -3.4e+38 -3.4e+38 -3.4e+38 -3.4e+38 -3.4e+38 -3.4e+38 -3.4e+38
0.555358648300171 0.595028042793274 0.600659132003784 0.587462902069092 0.553665578365326 0.54667341709137 0.555559873580933 0.548414349555969 0.524164974689484 0.508784115314484 0.515366792678833 0.509473621845245 0.502080857753754 0.499377936124802 0.508663177490234 0.497133374214172 0.474265664815903 0.480349361896515 0.514636278152466 0.531171023845673 0.528648734092712 0.51519513130188 0.508507251739502 0.526504397392273 0.543249726295471 0.553413331508636 0.548614799976349 0.547762095928192 0.540103137493134 0.533136785030365 -3.4e+38 -3.4e+38 -3.4e+38 -3.4e+38 -3.4e+38 -3.4e+38 -3.4e+38 -3.4e+38 -3.4e+38 -3.4e+38 -3.4e+38 -3.4e+38 -3.4e+38 -3.4e+38 -3.4e+38 -3.4e+38 -3.4e+38 -3.4e+38 -3.4e+38
0.491713523864746 0.555854022502899 0.599214792251587 0.606316268444061 0.565555512905121 0.544389605522156 0.542570352554321 0.532577157020569 0.505697250366211 0.494130909442902 0.502644658088684 0.49298232793808 0.49126598238945 0.500555455684662 0.502674221992493 0.481517434120178 0.455500781536102 0.467106580734253 0.497915476560593 0.51568478345871 0.515029072761536 0.494885116815567 0.493561714887619 0.523427546024323 0.539071917533875 0.543748795986176 0.541715025901794 0.544046878814697 0.534013092517853 0.528102576732635 0.535920858383179 -3.4e+38 -3.4e+38 -3.4e+38 -3.4e+38 -3.4e+38 -3.4e+38 -3.4e+38 -3.4e+38 -3.4e+38 -3.4e+38 -3.4e+38 -3.4e+38 -3.4e+38 -3.4e+38 -3.4e+38 -3.4e+38 -3.4e+38 -3.4e+38
0.486631900072098 0.53149801492691 0.576916813850403 0.580139100551605 0.565438270568848 0.551317870616913 0.532317101955414 0.515752136707306 0.499784499406815 0.502742052078247 0.505812048912048 0.493450880050659 0.487907201051712 0.502515912055969 0.505578577518463 0.486601889133453 0.471801161766052 0.487359911203384 0.505814850330353 0.507867336273193 0.509455740451813 0.493999481201172 0.502836108207703 0.541428983211517 0.542889654636383 0.54207444190979 0.544843912124634 0.545435309410095 0.53164142370224 0.519152879714966 0.519377470016479 0.520235657691956 0.528872430324554 0.539702892303467 -3.4e+38 -3.4e+38 -3.4e+38 -3.4e+38 -3.4e+38 -3.4e+38 -3.4e+38 -3.4e+38 -3.4e+38 -3.4e+38 -3.4e+38 -3.4e+38 -3.4e+38 -3.4e+38 -3.4e+38
0.499378770589828 0.49224066734314 0.5192911028862 0.553454279899597 0.565293312072754 0.557510316371918 0.536905586719513 0.50503796339035 0.496143162250519 0.52199125289917 0.517911374568939 0.494177162647247 0.494439601898193 0.507793068885803 0.515611350536346 0.501795053482056 0.494806528091431 0.517855048179626 0.516953825950623 0.500728070735931 0.496370881795883 0.492029964923859 0.513431191444397 0.537588715553284 0.538036286830902 0.547639489173889 0.552878797054291 0.554362416267395 0.546992301940918 0.523669362068176 0.505870163440704 0.500189781188965 0.498521387577057 0.502949714660645 0.523030281066895 0.548220098018646 0.55334734916687 0.562628090381622 0.572253942489624 0.579884827136993 0.571511328220367 0.569801032543182 0.574306488037109 0.572827637195587 0.571539461612701 0.564930200576782 0.556380033493042 0.546681225299835 0.55575555562973
0.472060918807983 0.481288611888885 0.517092287540436 0.535083532333374 0.534678816795349 0.534552812576294 0.554657459259033 0.538378715515137 0.517421841621399 0.52891618013382 0.516850233078003 0.494571506977081 0.50499016046524 0.519683182239532 0.514796376228333 0.507479190826416 0.51995974779129 0.545478701591492 0.522851824760437 0.505311965942383 0.503932058811188 0.502493321895599 0.510121941566467 0.521787106990814 0.534512639045715 0.553269565105438 0.559124648571014 0.553910970687866 0.550016343593597 0.530879437923431 0.510240197181702 0.487364917993546 0.473645478487015 0.479214251041412 0.500701189041138 0.529576420783997 0.549462676048279 0.556526362895966 0.570510983467102 0.587171077728271 0.583257973194122 0.574640333652496 0.55422455072403 0.536142587661743 0.528069674968719 0.525199353694916 0.526311695575714 0.526296317577362 0.53856098651886
0.402892678976059 0.46745041012764 0.517479717731476 0.501883804798126 0.48927515745163 0.513154745101929 0.551401913166046 0.552291691303253 0.542779088020325 0.533774435520172 0.517879486083984 0.52747905254364 0.543304145336151 0.545545697212219 0.529365599155426 0.521188616752625 0.547726929187775 0.568715631961823 0.521963477134705 0.50989043712616 0.525922417640686 0.528334140777588 0.520393848419189 0.529844641685486 0.554572284221649 0.568809032440186 0.563539505004883 0.56298303604126 0.555811524391174 0.534326374530792 0.527311146259308 0.503073215484619 0.492550760507584 0.505353987216949 0.518535435199738 0.547950506210327 0.575015604496002 0.569147288799286 0.569845974445343 0.571136951446533 0.567329466342926 0.568177759647369 0.557047069072723 0.540395319461823 0.527902543544769 0.522409319877625 0.526755571365356 0.533440291881561 0.538202106952667
0.318885743618011 0.382826000452042 0.461563974618912 0.484453290700912 0.473414093255997 0.477659612894058 0.499523252248764 0.514180541038513 0.553721606731415 0.56748765707016 0.552897453308105 0.57111257314682 0.569654881954193 0.557685792446136 0.550324738025665 0.54710841178894 0.562320053577423 0.57397198677063 0.548837065696716 0.547944307327271 0.560343682765961 0.565691471099854 0.557421386241913 0.564393699169159 0.585597693920135 0.591521382331848 0.579035818576813 0.589130520820618 0.569567501544952 0.536127865314484 0.544456899166107 0.534181237220764 0.531360745429993 0.54642516374588 0.550047516822815 0.569861471652985 0.591820895671844 0.585694134235382 0.578716516494751 0.560566782951355 0.554548740386963 0.565722107887268 0.571820378303528 0.57850056886673 0.571911990642548 0.556616127490997 0.556383907794952 0.563702821731567 0.563092529773712
0.297229021787643 0.319293648004532 0.38163360953331 0.436692923307419 0.438988834619522 0.439968645572662 0.451445341110229 0.470992147922516 0.516441524028778 0.553553700447083 0.56764954328537 0.575176477432251 0.556503772735596 0.556826710700989 0.562401831150055 0.56298953294754 0.570855557918549 0.582090795040131 0.582471370697021 0.578488290309906 0.567218720912933 0.567068696022034 0.586493253707886 0.606860995292664 0.598237216472626 0.589166641235352 0.585806727409363 0.598130226135254 0.580586850643158 0.561497926712036 0.56994354724884 0.561915874481201 0.556255519390106 0.552882254123688 0.550079643726349 0.562517106533051 0.582438349723816 0.594367682933807 0.594016015529633 0.57918393611908 0.567483842372894 0.573535978794098 0.584981620311737 0.595128893852234 0.588480114936829 0.571469962596893 0.571317255496979 0.57622230052948 0.573337435722351
0.327999949455261 0.307835876941681 0.306642770767212 0.357669740915298 0.388195008039474 0.412144750356674 0.429644763469696 0.45012640953064 0.478391796350479 0.501067221164703 0.531145036220551 0.542649030685425 0.542279064655304 0.581536710262299 0.605241715908051 0.59186190366745 0.585362792015076 0.575899541378021 0.581703841686249 0.598899662494659 0.600814759731293 0.591720879077911 0.593560516834259 0.601964473724365 0.568291783332825 0.568956553936005 0.591718554496765 0.599220216274261 0.588817059993744 0.590212464332581 0.582870781421661 0.573468267917633 0.585752308368683 0.567550778388977 0.565749287605286 0.587378561496735 0.580883920192719 0.588065683841705 0.599143445491791 0.595104038715363 0.588085293769836 0.578392148017883 0.578191578388214 0.581281363964081 0.573590278625488 0.571519672870636 0.584277391433716 0.589005649089813 0.578354954719543
0.33525139093399 0.317590266466141 0.28541374206543 0.318009674549103 0.378771752119064 0.381630003452301 0.399730861186981 0.43070387840271 0.447775274515152 0.44903701543808 0.467793583869934 0.499846816062927 0.525568008422852 0.561259925365448 0.582814753055573 0.577289164066315 0.575528681278229 0.567466914653778 0.561953723430634 0.57257866859436 0.575509786605835 0.571635961532593 0.548463404178619 0.552627563476562 0.554957389831543 0.562046587467194 0.569878816604614 0.553803145885468 0.551023304462433 0.581915736198425 0.570624709129333 0.539162576198578 0.55252867937088 0.553342163562775 0.566334366798401 0.589488089084625 0.57507050037384 0.569650530815125 0.579502105712891 0.586066663265228 0.58216667175293 0.560887515544891 0.553357362747192 0.567760407924652 0.576055705547333 0.574953496456146 0.575107097625732 0.570526421070099 0.557270646095276
0.339741766452789 0.343551188707352 0.351991504430771 0.342002928256989 0.341624826192856 0.329019576311111 0.347610712051392 0.37088480591774 0.394212156534195 0.417280316352844 0.424785822629929 0.430656939744949 0.436889082193375 0.441478669643402 0.463337868452072 0.469783991575241 0.463725417852402 0.447903245687485 0.437282353639603 0.44742226600647 0.455704987049103 0.477786183357239 0.481306791305542 0.465317070484161 0.466363787651062 0.468376368284225 0.45779225230217 0.432577848434448 0.44561555981636 0.48106449842453 0.478438556194305 0.448550224304199 0.452584207057953 0.475768893957138 0.476261496543884 0.48308989405632 0.495348989963531 0.491605430841446 0.486983895301819 0.489528506994247 0.486498564481735 0.487436234951019 0.496041804552078 0.516799509525299 0.529370903968811 0.49558687210083 0.470349758863449 0.479828208684921 0.493330627679825
0.349316030740738 0.352128535509109 0.33794891834259 0.325940757989883 0.293812572956085 0.28258004784584 0.306648701429367 0.30009001493454 0.297626376152039 0.317039012908936 0.326270461082458 0.334749907255173 0.321491569280624 0.316016435623169 0.330629944801331 0.325814485549927 0.311497420072556 0.302984267473221 0.299618899822235 0.320275664329529 0.330649822950363 0.321807056665421 0.316295027732849 0.308275520801544 0.305701583623886 0.312323957681656 0.314984351396561 0.297181040048599 0.302373856306076 0.302493393421173 0.303040534257889 0.31246754527092 0.32420414686203 0.349731266498566 0.344165116548538 0.336841821670532 0.341945618391037 0.334823071956635 0.329658538103104 0.3329698741436 0.335994362831116 0.342410922050476 0.351858556270599 0.368575543165207 0.375973284244537 0.335957288742065 0.322390496730804 0.338725835084915 0.367264896631241
0.289141207933426 0.298996984958649 0.289700627326965 0.309118062257767 0.299973517656326 0.274735033512115 0.271384537220001 0.262794762849808 0.269467949867249 0.285303682088852 0.286726772785187 0.309415072202682 0.292002826929092 0.27170342206955 0.272951513528824 0.254869848489761 0.253910034894943 0.252613931894302 0.247157260775566 0.258286118507385 0.252833545207977 0.231096714735031 0.227265253663063 0.229329004883766 0.227643191814423 0.237918883562088 0.253031700849533 0.249265551567078 0.240850538015366 0.223322153091431 0.225277438759804 0.22980110347271 0.240250453352928 0.258632063865662 0.249539971351624 0.232972517609596 0.231571599841118 0.228160515427589 0.235852837562561 0.252794682979584 0.253556281328201 0.249500706791878 0.257254362106323 0.267861396074295 0.262408435344696 0.240739166736603 0.262125462293625 0.276744693517685 0.283253014087677
0.277574688196182 0.274030387401581 0.272135674953461 0.289443761110306 0.294463455677032 0.303034573793411 0.283535212278366 0.267259955406189 0.306119918823242 0.337854236364365 0.324695199728012 0.31106498837471 0.310021609067917 0.285537630319595 0.262568086385727 0.250933200120926 0.265154719352722 0.254531055688858 0.248974204063416 0.257723450660706 0.237124994397163 0.237406983971596 0.247674286365509 0.250504016876221 0.251931130886078 0.245833396911621 0.241908594965935 0.248278766870499 0.258658021688461 0.261383026838303 0.257627785205841 0.243553131818771 0.236214131116867 0.231029570102692 0.214835569262505 0.217570260167122 0.233070537447929 0.232248023152351 0.238843366503716 0.24807770550251 0.252297282218933 0.250216513872147 0.262544870376587 0.278879642486572 0.267126441001892 0.247988969087601 0.263780862092972 0.273166596889496 0.265225887298584
0.285258948802948 0.283695131540298 0.266625225543976 0.270224720239639 0.291434019804001 0.321587324142456 0.315188735723495 0.282650500535965 0.288971543312073 0.295011192560196 0.28711673617363 0.274532824754715 0.275055795907974 0.273542910814285 0.241017565131187 0.222969368100166 0.237815409898758 0.230597779154778 0.235327646136284 0.244706600904465 0.246320649981499 0.269595950841904 0.259550452232361 0.236303508281708 0.251531183719635 0.251350969076157 0.248247265815735 0.253858059644699 0.254142731428146 0.244692087173462 0.239351704716682 0.248559296131134 0.262563079595566 0.249644309282303 0.223950102925301 0.238600075244904 0.265037477016449 0.255754113197327 0.251913458108902 0.2619549036026 0.273581147193909 0.261865645647049 0.248817965388298 0.251000821590424 0.248577162623405 0.249553814530373 0.266832172870636 0.272794872522354 0.262102156877518
0.254972696304321 0.271517336368561 0.271190941333771 0.264531254768372 0.264848053455353 0.270463973283768 0.26997172832489 0.252848237752914 0.248410373926163 0.263858497142792 0.264510899782181 0.254372388124466 0.232031956315041 0.239876016974449 0.231020078063011 0.238987565040588 0.254939526319504 0.233057305216789 0.2464300096035 0.239966586232185 0.228477329015732 0.247800275683403 0.247780233621597 0.243447601795197 0.259457260370255 0.254556149244308 0.247343525290489 0.236067101359367 0.231286197900772 0.239849179983139 0.250347793102264 0.270380079746246 0.276162624359131 0.271967589855194 0.241661444306374 0.24699404835701 0.288963198661804 0.269975811243057 0.24456687271595 0.246058121323586 0.256222188472748 0.240162536501884 0.237392798066139 0.254370808601379 0.251242607831955 0.246567726135254 0.248348265886307 0.24642251431942 0.249495059251785
0.213941097259521 0.239548563957214 0.270200699567795 0.27495950460434 0.251819968223572 0.241768360137939 0.251487106084824 0.269102334976196 0.274977922439575 0.26885262131691 0.267607510089874 0.283271759748459 0.262625962495804 0.238017618656158 0.250287353992462 0.249397933483124 0.248543813824654 0.242640823125839 0.267789483070374 0.251558870077133 0.224029794335365 0.237031504511833 0.240880325436592 0.245190978050232 0.252746343612671 0.251369535923004 0.254145056009293 0.243549227714539 0.238324478268623 0.254826456308365 0.26430407166481 0.267051815986633 0.266593545675278 0.284460663795471 0.262333303689957 0.24894343316555 0.26387956738472 0.238482177257538 0.219371750950813 0.232530146837234 0.252746373414993 0.239481583237648 0.240380793809891 0.259989112615585 0.259306639432907 0.252740502357483 0.25073829293251 0.239741593599319 0.238938212394714
0.212725058197975 0.23777012526989 0.2597536444664 0.259312331676483 0.239261671900749 0.234643623232841 0.249900251626968 0.264009565114975 0.277703940868378 0.275875747203827 0.276580005884171 0.266166031360626 0.251586735248566 0.252564281225204 0.26309934258461 0.237124010920525 0.229732602834702 0.235126331448555 0.239994466304779 0.211268723011017 0.221709087491035 0.257314205169678 0.250314861536026 0.235400214791298 0.228575214743614 0.238955065608025 0.25720751285553 0.245813190937042 0.251762300729752 0.266153633594513 0.266020268201828 0.25887855887413 0.246579349040985 0.24765719473362 0.25933575630188 0.26267883181572 0.246957629919052 0.22719794511795 0.229330882430077 0.248621836304665 0.26382115483284 0.249571353197098 0.243125885725021 0.254748940467834 0.263895481824875 0.247922033071518 0.252550631761551 0.244569629430771 0.237694352865219
