data/1_raw/trimmed_ndre/W_ndre.66.2016.asc
NCOLS 130 
NROWS 71 
XLLCORNER 530645 
YLLCORNER 5158205 
CELLSIZE 5 
NODATA_value -3.4e+38 
[rows 21 to 41 of 71, columns 0 to 48 of 130]
0.645481884479523 0.647130727767944 0.648724317550659 0.632232666015625 0.637647151947021 0.648976802825928 0.652309894561768 0.652861773967743 0.652372896671295 0.639827787876129 0.607330679893494 0.571330785751343 0.567216634750366 0.579943656921387 0.581803917884827 0.577781438827515 0.593028604984283 0.604444026947021 0.585208594799042 0.577378809452057 0.57674640417099 0.574463129043579 0.566385626792908 0.558929145336151 0.556609511375427 0.56469064950943 0.571572840213776 0.553366184234619 0.52952766418457 0.513954758644104 0.516808092594147 0.535055994987488 0.55782425403595 0.578406453132629 0.583162128925323 0.579759955406189 0.576253414154053 0.570982933044434 0.535965621471405 0.522187232971191 0.526263535022736 0.533564448356628 0.539404392242432 0.534805655479431 0.530888736248016 0.536997139453888 0.542814671993256 0.553118169307709 0.567557454109192
0.647445440292358 0.657149136066437 0.658138990402222 0.641976714134216 0.648123860359192 0.660274982452393 0.66907274723053 0.665949881076813 0.664040982723236 0.650835275650024 0.625247001647949 0.593153953552246 0.58631420135498 0.587041854858398 0.583902716636658 0.575424075126648 0.595932602882385 0.610811591148376 0.60464471578598 0.592795073986053 0.581064224243164 0.576992213726044 0.572087347507477 0.560514807701111 0.553568542003632 0.557537138462067 0.567600250244141 0.547772526741028 0.518624484539032 0.498617947101593 0.500314235687256 0.527956426143646 0.55286693572998 0.569262444972992 0.575039923191071 0.581450879573822 0.581192791461945 0.570471882820129 0.534567594528198 0.516457140445709 0.512280404567719 0.516167461872101 0.522826194763184 0.520076870918274 0.530271410942078 0.551371872425079 0.564032435417175 0.583520293235779 0.595177531242371
-3.4e+38 0.661290109157562 0.668856501579285 0.666768491268158 0.674155533313751 0.671941101551056 0.671969473361969 0.66955703496933 0.664500713348389 0.648014724254608 0.62887704372406 0.613098084926605 0.604219734668732 0.604641139507294 0.596836686134338 0.583371758460999 0.596153080463409 0.612534284591675 0.61460542678833 0.600799798965454 0.584716796875 0.585627615451813 0.586341202259064 0.571927011013031 0.56354296207428 0.560717403888702 0.557102620601654 0.536556124687195 0.510199368000031 0.492793947458267 0.49616727232933 0.526742577552795 0.545166373252869 0.553713321685791 0.561627686023712 0.58194375038147 0.582125246524811 0.564331710338593 0.535803735256195 0.516561567783356 0.509572148323059 0.510830044746399 0.515087783336639 0.514190256595612 0.527195334434509 0.548737525939941 0.568870365619659 0.589151978492737 0.600136518478394
-3.4e+38 -3.4e+38 0.663434267044067 0.670651912689209 0.678813397884369 0.667841374874115 0.667924523353577 0.667972147464752 0.661022007465363 0.646015405654907 0.632965683937073 0.624905407428741 0.620305359363556 0.623641490936279 0.614748358726501 0.600146234035492 0.596256792545319 0.61054652929306 0.615704536437988 0.605729460716248 0.589122474193573 0.593343317508698 0.590824723243713 0.579448401927948 0.572009861469269 0.555676400661469 0.53679358959198 0.519138157367706 0.507856607437134 0.497383087873459 0.501286625862122 0.520843327045441 0.533736526966095 0.545150637626648 0.560513913631439 0.585225045681 0.589149653911591 0.569292902946472 0.539515852928162 0.514639675617218 0.505450427532196 0.510592699050903 0.522059798240662 0.532481849193573 0.537353992462158 0.550066709518433 0.566216349601746 0.580432534217834 0.589907944202423
-3.4e+38 -3.4e+38 -3.4e+38 0.668948113918304 0.674019277095795 0.662760138511658 0.66506040096283 0.668652057647705 0.667008936405182 0.656764388084412 0.641787886619568 0.633035123348236 0.629155695438385 0.624833643436432 0.612188577651978 0.596986830234528 0.58965677022934 0.604061484336853 0.611049592494965 0.604746401309967 0.591919183731079 0.595641374588013 0.591002941131592 0.581679344177246 0.570590078830719 0.546150684356689 0.51662665605545 0.507452011108398 0.523903906345367 0.525231897830963 0.519266724586487 0.514333248138428 0.5173060297966 0.548527121543884 0.572508454322815 0.586981475353241 0.588142216205597 0.573959946632385 0.540490865707397 0.506569981575012 0.491750836372375 0.501702070236206 0.523033857345581 0.54099315404892 0.545631468296051 0.560961782932281 0.57192987203598 0.58046156167984 0.589773118495941
-3.4e+38 -3.4e+38 -3.4e+38 0.66984099149704 0.673789799213409 0.670599043369293 0.668416202068329 0.670585334300995 0.669813334941864 0.662005960941315 0.644807636737823 0.633137762546539 0.620306074619293 0.606330633163452 0.595174372196198 0.590796172618866 0.588422298431396 0.594690144062042 0.599511325359344 0.592940390110016 0.589609324932098 0.596424698829651 0.589645326137543 0.578709125518799 0.564003884792328 0.544532597064972 0.522274672985077 0.519150674343109 0.52668160200119 0.526634573936462 0.524509906768799 0.508039593696594 0.499751329421997 0.534076631069183 0.560265958309174 0.586206674575806 0.597272038459778 0.585592865943909 0.541912436485291 0.495197474956512 0.469502925872803 0.480267554521561 0.50813502073288 0.532598316669464 0.551371097564697 0.585031390190125 0.598276019096375 0.601150870323181 0.599524140357971
-3.4e+38 -3.4e+38 -3.4e+38 0.677391409873962 0.683585643768311 0.677265048027039 0.664715588092804 0.662425637245178 0.660856246948242 0.652491509914398 0.635214686393738 0.624031901359558 0.609716296195984 0.595189094543457 0.586203396320343 0.593585073947906 0.590789139270782 0.58594536781311 0.585427820682526 0.577854692935944 0.581721782684326 0.588052093982697 0.580593526363373 0.570774495601654 0.558079481124878 0.539872348308563 0.518479764461517 0.522369980812073 0.523571610450745 0.518680930137634 0.524961590766907 0.527319133281708 0.535937130451202 0.556416034698486 0.570874094963074 0.595001518726349 0.611524939537048 0.602789103984833 0.561852037906647 0.516346216201782 0.486789286136627 0.486883223056793 0.500068545341492 0.518959641456604 0.554713428020477 0.606884717941284 0.618611514568329 0.611308693885803 0.606529355049133
-3.4e+38 -3.4e+38 -3.4e+38 -3.4e+38 0.684094548225403 0.675463914871216 0.660256624221802 0.650823652744293 0.643283426761627 0.632141649723053 0.621890783309937 0.618120670318604 0.610854625701904 0.597736597061157 0.590134859085083 0.599085092544556 0.592581689357758 0.585202574729919 0.579484164714813 0.569568276405334 0.573041379451752 0.572215020656586 0.561874806880951 0.550131857395172 0.544724762439728 0.534695088863373 0.522518873214722 0.529873132705688 0.532272696495056 0.532233774662018 0.536825001239777 0.546206116676331 0.563925862312317 0.584557056427002 0.598661661148071 0.609061717987061 0.619702458381653 0.612434506416321 0.573015630245209 0.540158271789551 0.52158796787262 0.514951467514038 0.510418474674225 0.516850113868713 0.531875729560852 0.563602089881897 0.594797730445862 0.60472708940506 0.615362823009491
-3.4e+38 -3.4e+38 -3.4e+38 -3.4e+38 -3.4e+38 0.66881400346756 0.658982813358307 0.652752578258514 0.647538661956787 0.632032454013824 0.619701862335205 0.615784049034119 0.616618812084198 0.606232166290283 0.597467958927155 0.595843374729156 0.595094263553619 0.59015303850174 0.580471813678741 0.568896234035492 0.568085014820099 0.560322463512421 0.54964143037796 0.540989518165588 0.54851621389389 0.546461999416351 0.540562748908997 0.546187937259674 0.555375993251801 0.551936686038971 0.547982335090637 0.555936336517334 0.57880824804306 0.609321534633636 0.634781002998352 0.648352384567261 0.656820714473724 0.641436636447906 0.605419278144836 0.575260579586029 0.559004604816437 0.550626516342163 0.543825209140778 0.537242472171783 0.539651095867157 0.548085272312164 0.570516705513 0.598572254180908 0.619495809078217
-3.4e+38 -3.4e+38 -3.4e+38 -3.4e+38 -3.4e+38 -3.4e+38 -3.4e+38 -3.4e+38 0.634426295757294 0.629363119602203 0.619215428829193 0.61103892326355 0.607056617736816 0.592864394187927 0.589691042900085 0.592735469341278 0.597303688526154 0.594622075557709 0.582647562026978 0.572434604167938 0.569199562072754 0.552002847194672 0.544372498989105 0.546141684055328 0.56160295009613 0.567653715610504 0.558892548084259 0.546181261539459 0.551842331886292 0.552394866943359 0.555986523628235 0.566058814525604 0.589143455028534 0.622399508953094 0.650639891624451 0.667699635028839 0.6774982213974 0.664355337619781 0.638977408409119 0.61300140619278 0.594890594482422 0.582122623920441 0.573698043823242 0.568182766437531 0.574353933334351 0.569060564041138 0.573172211647034 0.59451812505722 0.609517693519592
-3.4e+38 -3.4e+38 -3.4e+38 -3.4e+38 -3.4e+38 -3.4e+38 -3.4e+38 -3.4e+38 -3.4e+38 -3.4e+38 0.613851249217987 0.600183665752411 0.586814641952515 0.574896514415741 0.579498648643494 0.584542512893677 0.590428411960602 0.591155827045441 0.574362814426422 0.562726199626923 0.554409503936768 0.534428000450134 0.539518237113953 0.551067590713501 0.558068156242371 0.546899497509003 0.554695248603821 0.557214200496674 0.556583881378174 0.554199934005737 0.568635225296021 0.593698441982269 0.617994010448456 0.631857454776764 0.64632660150528 0.665142059326172 0.680324018001556 0.669455766677856 0.650414705276489 0.631057560443878 0.617988228797913 0.605936646461487 0.599332451820374 0.599323451519012 0.606797814369202 0.595834732055664 0.590799272060394 0.596448123455048 0.604185104370117
-3.4e+38 -3.4e+38 -3.4e+38 -3.4e+38 -3.4e+38 -3.4e+38 -3.4e+38 -3.4e+38 -3.4e+38 -3.4e+38 -3.4e+38 0.576098620891571 0.560263276100159 0.553302764892578 0.566786170005798 0.564635813236237 0.567620038986206 0.574744522571564 0.563702821731567 0.554093360900879 0.540666520595551 0.521830081939697 0.527297079563141 0.538554012775421 0.538596749305725 0.527943789958954 0.55001837015152 0.561641097068787 0.564973831176758 0.563650786876678 0.573238611221313 0.604604542255402 0.636445164680481 0.648629546165466 0.651671469211578 0.663468241691589 0.672658205032349 0.656938910484314 0.645379543304443 0.638808965682983 0.633403122425079 0.623365044593811 0.618932545185089 0.615556240081787 0.612042009830475 0.603696823120117 0.609172165393829 0.610116183757782 0.611508667469025
-3.4e+38 -3.4e+38 -3.4e+38 -3.4e+38 -3.4e+38 -3.4e+38 -3.4e+38 -3.4e+38 -3.4e+38 -3.4e+38 -3.4e+38 -3.4e+38 -3.4e+38 -3.4e+38 -3.4e+38 -3.4e+38 -3.4e+38 -3.4e+38 -3.4e+38 -3.4e+38 -3.4e+38 -3.4e+38 -3.4e+38 -3.4e+38 -3.4e+38 -3.4e+38 -3.4e+38 -3.4e+38 -3.4e+38 -3.4e+38 -3.4e+38 0.628464043140411 0.658163905143738 0.67480880022049 0.684757769107819 0.694335758686066 0.683191180229187 0.65619820356369 0.641198992729187 0.638644337654114 0.636725544929504 0.631250619888306 0.630788922309875 0.631034433841705 0.625359773635864 0.616942346096039 0.624631762504578 0.625377535820007 0.630433678627014
-3.4e+38 -3.4e+38 -3.4e+38 -3.4e+38 -3.4e+38 -3.4e+38 -3.4e+38 -3.4e+38 -3.4e+38 -3.4e+38 -3.4e+38 -3.4e+38 -3.4e+38 -3.4e+38 -3.4e+38 -3.4e+38 -3.4e+38 -3.4e+38 -3.4e+38 -3.4e+38 -3.4e+38 -3.4e+38 -3.4e+38 -3.4e+38 -3.4e+38 -3.4e+38 -3.4e+38 -3.4e+38 -3.4e+38 -3.4e+38 -3.4e+38 -3.4e+38 -3.4e+38 0.684833526611328 0.688002526760101 0.691218435764313 0.664849042892456 0.639775693416595 0.631466686725616 0.629018068313599 0.620319962501526 0.611880898475647 0.611920595169067 0.626824498176575 0.629809558391571 0.624337136745453 0.620472252368927 0.622373580932617 0.632646501064301
-3.4e+38 -3.4e+38 -3.4e+38 -3.4e+38 -3.4e+38 -3.4e+38 -3.4e+38 -3.4e+38 -3.4e+38 -3.4e+38 -3.4e+38 -3.4e+38 -3.4e+38 -3.4e+38 -3.4e+38 -3.4e+38 -3.4e+38 -3.4e+38 -3.4e+38 -3.4e+38 -3.4e+38 -3.4e+38 -3.4e+38 -3.4e+38 -3.4e+38 -3.4e+38 -3.4e+38 -3.4e+38 -3.4e+38 -3.4e+38 -3.4e+38 -3.4e+38 -3.4e+38 -3.4e+38 0.678558051586151 0.674302279949188 0.639997005462646 0.616765320301056 0.61555677652359 0.622779965400696 0.613602042198181 0.597039520740509 0.591025352478027 0.610972940921783 0.620049953460693 0.615073025226593 0.607936263084412 0.616626262664795 0.61596143245697
-3.4e+38 -3.4e+38 -3.4e+38 -3.4e+38 -3.4e+38 -3.4e+38 -3.4e+38 -3.4e+38 -3.4e+38 -3.4e+38 -3.4e+38 -3.4e+38 -3.4e+38 -3.4e+38 -3.4e+38 -3.4e+38 -3.4e+38 -3.4e+38 -3.4e+38 -3.4e+38 -3.4e+38 -3.4e+38 -3.4e+38 -3.4e+38 -3.4e+38 -3.4e+38 -3.4e+38 -3.4e+38 -3.4e+38 -3.4e+38 -3.4e+38 -3.4e+38 -3.4e+38 -3.4e+38 0.666585505008698 0.658823728561401 0.639699757099152 0.614421427249908 0.603033363819122 0.604424178600311 0.600496709346771 0.587877094745636 0.581474542617798 0.593231081962585 0.60969614982605 0.620280206203461 0.623430728912354 0.621379911899567 0.591346502304077
-3.4e+38 -3.4e+38 -3.4e+38 -3.4e+38 -3.4e+38 -3.4e+38 -3.4e+38 -3.4e+38 -3.4e+38 -3.4e+38 -3.4e+38 -3.4e+38 -3.4e+38 -3.4e+38 -3.4e+38 -3.4e+38 -3.4e+38 -3.4e+38 -3.4e+38 -3.4e+38 -3.4e+38 -3.4e+38 -3.4e+38 -3.4e+38 -3.4e+38 -3.4e+38 -3.4e+38 -3.4e+38 -3.4e+38 -3.4e+38 -3.4e+38 -3.4e+38 -3.4e+38 -3.4e+38 0.659582138061523 0.653212904930115 0.640992701053619 0.606174528598785 0.591798067092896 0.587416529655457 0.586083292961121 0.58971232175827 0.592626929283142 0.596782326698303 0.605008900165558 0.6153484582901 0.62325531244278 0.612800359725952 0.57233339548111
-3.4e+38 -3.4e+38 -3.4e+38 -3.4e+38 -3.4e+38 -3.4e+38 -3.4e+38 -3.4e+38 -3.4e+38 -3.4e+38 -3.4e+38 -3.4e+38 -3.4e+38 -3.4e+38 -3.4e+38 -3.4e+38 -3.4e+38 -3.4e+38 -3.4e+38 -3.4e+38 -3.4e+38 -3.4e+38 -3.4e+38 -3.4e+38 -3.4e+38 -3.4e+38 -3.4e+38 -3.4e+38 -3.4e+38 -3.4e+38 -3.4e+38 -3.4e+38 -3.4e+38 -3.4e+38 -3.4e+38 0.66241192817688 0.64428722858429 0.61132538318634 0.593292713165283 0.578945577144623 0.57411140203476 0.583086907863617 0.59716671705246 0.603243410587311 0.603236734867096 0.60021561384201 0.58873325586319 0.572020471096039 0.554880917072296
-3.4e+38 -3.4e+38 -3.4e+38 -3.4e+38 -3.4e+38 -3.4e+38 -3.4e+38 -3.4e+38 -3.4e+38 -3.4e+38 -3.4e+38 -3.4e+38 -3.4e+38 -3.4e+38 -3.4e+38 -3.4e+38 -3.4e+38 -3.4e+38 -3.4e+38 -3.4e+38 -3.4e+38 -3.4e+38 -3.4e+38 -3.4e+38 -3.4e+38 -3.4e+38 -3.4e+38 -3.4e+38 -3.4e+38 -3.4e+38 -3.4e+38 -3.4e+38 -3.4e+38 -3.4e+38 -3.4e+38 -3.4e+38 0.639459133148193 0.620949685573578 0.605363249778748 0.583302974700928 0.575045824050903 0.583828747272491 0.600307822227478 0.603295087814331 0.601395070552826 0.589029908180237 0.550205111503601 0.529232442378998 0.530787646770477
-3.4e+38 -3.4e+38 -3.4e+38 -3.4e+38 -3.4e+38 -3.4e+38 -3.4e+38 -3.4e+38 -3.4e+38 -3.4e+38 -3.4e+38 -3.4e+38 -3.4e+38 -3.4e+38 -3.4e+38 -3.4e+38 -3.4e+38 -3.4e+38 -3.4e+38 -3.4e+38 -3.4e+38 -3.4e+38 -3.4e+38 -3.4e+38 -3.4e+38 -3.4e+38 -3.4e+38 -3.4e+38 -3.4e+38 -3.4e+38 -3.4e+38 -3.4e+38 -3.4e+38 -3.4e+38 -3.4e+38 -3.4e+38 -3.4e+38 0.606208384037018 0.592360258102417 0.570748209953308 0.565061032772064 0.570817649364471 0.58305960893631 0.584683477878571 0.587300777435303 0.568019866943359 0.521382987499237 0.505842089653015 0.515850841999054
-3.4e+38 -3.4e+38 -3.4e+38 -3.4e+38 -3.4e+38 -3.4e+38 -3.4e+38 -3.4e+38 -3.4e+38 -3.4e+38 -3.4e+38 -3.4e+38 -3.4e+38 -3.4e+38 -3.4e+38 -3.4e+38 -3.4e+38 -3.4e+38 -3.4e+38 -3.4e+38 -3.4e+38 -3.4e+38 -3.4e+38 -3.4e+38 -3.4e+38 -3.4e+38 -3.4e+38 -3.4e+38 -3.4e+38 -3.4e+38 -3.4e+38 -3.4e+38 -3.4e+38 -3.4e+38 -3.4e+38 -3.4e+38 -3.4e+38 -3.4e+38 0.58354914188385 0.560449659824371 0.549725830554962 0.537699282169342 0.529199659824371 0.531413793563843 0.549629509449005 0.538210034370422 0.51031506061554 0.506385624408722 0.515267252922058
