data/1_raw/trimmed_ndre/W_ndre.515.2010_no_clouds.asc
NCOLS 130 
NROWS 71 
XLLCORNER 530645 
YLLCORNER 5158205 
CELLSIZE 5 
NODATA_value -3.4e+38 
[rows 42 to 62 of 71, columns 49 to 97 of 130]
0.151439696550369 0.157067567110062 0.172489836812019 0.171659246087074 0.166651055216789 0.175235316157341 0.201648682355881 0.200108513236046 0.167404353618622 0.155280694365501 0.157193705439568 0.178348883986473 0.190399557352066 0.169918343424797 0.164960920810699 0.198608607053757 0.212915062904358 0.195759698748589 0.156690210103989 0.153244465589523 0.181928783655167 0.19011016190052 0.183022409677505 0.172038868069649 0.169871613383293 0.185432359576225 0.183819189667702 0.185811594128609 0.189023464918137 0.178113177418709 0.171018108725548 0.157727763056755 0.163045078516006 0.171083316206932 0.174335137009621 0.185029283165932 0.176654607057571 0.166665345430374 0.187423557043076 0.190062686800957 0.177284270524979 0.180121004581451 0.190001547336578 0.179442226886749 0.178616508841515 0.197831094264984 0.200664207339287 0.186794295907021 0.182282865047455
0.172953769564629 0.181274086236954 0.182101219892502 0.189853146672249 0.198103323578835 0.194683760404587 0.191599443554878 0.188543051481247 0.173146605491638 0.181345760822296 0.201537907123566 0.208601355552673 0.198279604315758 0.191970705986023 0.178090795874596 0.175358533859253 0.176255345344543 0.16684128344059 0.153400406241417 0.156591460108757 0.185922637581825 0.189887493848801 0.178893223404884 0.17593352496624 0.164214760065079 0.160726875066757 0.1746646463871 0.191849261522293 0.198871478438377 0.192779064178467 0.190336376428604 0.177245587110519 0.168856024742126 0.168678790330887 0.178293362259865 0.197594299912453 0.193085014820099 0.19026555120945 0.198852464556694 0.199296832084656 0.177977427840233 0.165613144636154 0.185425862669945 0.192128375172615 0.19435803592205 0.189388453960419 0.178241342306137 0.178660243749619 0.187637716531754
0.188255533576012 0.181543812155724 0.186219736933708 0.187305375933647 0.168566092848778 0.182193771004677 0.192961603403091 0.190445885062218 0.197803840041161 0.202300652861595 0.18247127532959 0.181361213326454 0.183489471673965 0.177440106868744 0.166968435049057 0.159658715128899 0.156017363071442 0.159994274377823 0.182896763086319 0.185552537441254 0.183174923062325 0.180424988269806 0.183121994137764 0.178777053952217 0.164174720644951 0.160413891077042 0.169424653053284 0.183373495936394 0.197474613785744 0.186444252729416 0.172248229384422 0.1622354388237 0.15333203971386 0.152932316064835 0.162532150745392 0.176621213555336 0.179225295782089 0.19511379301548 0.207169368863106 0.191069766879082 0.171726956963539 0.17024952173233 0.179977461695671 0.171282321214676 0.17137898504734 0.174955353140831 0.173009619116783 0.188336864113808 0.20131079852581
0.171865805983543 0.15431073307991 0.181154772639275 0.198640108108521 0.166435196995735 0.164433732628822 0.192917451262474 0.197797730565071 0.19494366645813 0.190149366855621 0.162236824631691 0.145533680915833 0.174741983413696 0.192762732505798 0.176283746957779 0.17070484161377 0.180451557040215 0.186367765069008 0.192628502845764 0.191086515784264 0.187754705548286 0.188526779413223 0.195701405405998 0.189117476344109 0.173496320843697 0.17704926431179 0.168368965387344 0.159324333071709 0.183161363005638 0.182644337415695 0.170661732554436 0.175218805670738 0.173464715480804 0.172291800379753 0.178503945469856 0.185375437140465 0.180343344807625 0.182727366685867 0.184703424572945 0.168973311781883 0.159709095954895 0.152199685573578 0.155354589223862 0.169057980179787 0.171591773629189 0.167746245861053 0.169592723250389 0.175965741276741 0.184013828635216
0.171736434102058 0.158447712659836 0.183067202568054 0.198400154709816 0.182306945323944 0.184391841292381 0.192070990800858 0.182283520698547 0.166051223874092 0.17325496673584 0.182502225041389 0.180467575788498 0.195605725049973 0.184626057744026 0.173570066690445 0.171624854207039 0.179400220513344 0.184950992465019 0.178442284464836 0.170339435338974 0.179077133536339 0.18850402534008 0.198146536946297 0.196023091673851 0.178704351186752 0.184409186244011 0.176117867231369 0.162333309650421 0.18793135881424 0.20914451777935 0.198885217308998 0.190906524658203 0.188499078154564 0.184043005108833 0.175810873508453 0.167308285832405 0.176861077547073 0.175007954239845 0.155587017536163 0.156532242894173 0.169095873832703 0.167707115411758 0.155888944864273 0.178497165441513 0.197878628969193 0.193949595093727 0.188264921307564 0.178116247057915 0.18175220489502
0.19094754755497 0.174385607242584 0.17831264436245 0.191351816058159 0.184532076120377 0.17923104763031 0.18535390496254 0.169870406389236 0.157611891627312 0.19988277554512 0.221655771136284 0.199594080448151 0.165691792964935 0.149032726883888 0.176490053534508 0.187979653477669 0.173094496130943 0.187283709645271 0.179754003882408 0.157976716756821 0.162350416183472 0.171931311488152 0.188905373215675 0.201784074306488 0.194262877106667 0.174670770764351 0.154499366879463 0.148622304201126 0.183060392737389 0.203530013561249 0.195470154285431 0.165141075849533 0.168357163667679 0.198982462286949 0.195412591099739 0.173391968011856 0.176436826586723 0.188742965459824 0.181123986840248 0.190986663103104 0.208972424268723 0.205436617136002 0.179676249623299 0.16394005715847 0.177737966179848 0.196710616350174 0.197209984064102 0.171886220574379 0.166448637843132
0.199756935238838 0.184913635253906 0.174664422869682 0.180762380361557 0.174140885472298 0.16105742752552 0.183891445398331 0.185817286372185 0.178298935294151 0.197094157338142 0.176328882575035 0.139638140797615 0.151955634355545 0.152128502726555 0.163620069622993 0.188856765627861 0.197689116001129 0.203716143965721 0.193910673260689 0.175565242767334 0.166589200496674 0.157047793269157 0.178069353103638 0.199666455388069 0.184771865606308 0.173894986510277 0.160919830203056 0.158914491534233 0.174122616648674 0.186764776706696 0.189386934041977 0.164228960871696 0.156960234045982 0.190822646021843 0.190258726477623 0.170927196741104 0.173597618937492 0.176964670419693 0.166432127356529 0.169197663664818 0.187919750809669 0.184977769851685 0.175786837935448 0.156415283679962 0.159888043999672 0.187672853469849 0.191878587007523 0.171058401465416 0.167457476258278
0.192226856946945 0.184706270694733 0.173967316746712 0.174941524863243 0.183654025197029 0.182162806391716 0.183589234948158 0.174676597118378 0.167716413736343 0.17511935532093 0.161746263504028 0.159768223762512 0.203106343746185 0.207618787884712 0.185080945491791 0.192380338907242 0.191723674535751 0.169257283210754 0.156819850206375 0.163187682628632 0.1727594435215 0.174533173441887 0.200288027524948 0.205183923244476 0.16914738714695 0.17285743355751 0.184687361121178 0.173725605010986 0.175369784235954 0.175617456436157 0.17526513338089 0.161858081817627 0.166630804538727 0.194575801491737 0.172359824180603 0.152154162526131 0.165863573551178 0.176056787371635 0.163752377033234 0.159944742918015 0.175979927182198 0.198529943823814 0.206030413508415 0.187597796320915 0.182640627026558 0.199882537126541 0.192373663187027 0.178531885147095 0.182179793715477
0.197874024510384 0.191109046339989 0.185896202921867 0.188242837786674 0.195176154375076 0.174095675349236 0.150798514485359 0.178425669670105 0.200275033712387 0.195567727088928 0.204959705471992 0.195848375558853 0.190162464976311 0.19170518219471 0.187415823340416 0.182720422744751 0.16672046482563 0.158356264233589 0.150625243782997 0.156996726989746 0.169657498598099 0.185059353709221 0.205535784363747 0.200655028223991 0.176363185048103 0.18040706217289 0.185513764619827 0.17393796145916 0.183410987257957 0.18057356774807 0.162000939249992 0.160617545247078 0.181073486804962 0.203534707427025 0.17981681227684 0.160809502005577 0.164556860923767 0.177205443382263 0.166238218545914 0.163550764322281 0.168827444314957 0.200262293219566 0.212281227111816 0.186120495200157 0.184258371591568 0.201450899243355 0.187827944755554 0.179021596908569 0.191635444760323
0.213953197002411 0.193283870816231 0.17573007941246 0.180676355957985 0.19117583334446 0.189257875084877 0.169522315263748 0.189416944980621 0.20633527636528 0.187027826905251 0.181612625718117 0.165549784898758 0.155682876706123 0.167904272675514 0.180350095033646 0.183269023895264 0.166892245411873 0.174561932682991 0.18518491089344 0.181540474295616 0.176585853099823 0.18122361600399 0.186831325292587 0.184548243880272 0.190607994794846 0.19147202372551 0.17670564353466 0.157958313822746 0.170641094446182 0.196149200201035 0.200597926974297 0.197942823171616 0.190108567476273 0.17553037405014 0.166096433997154 0.183003798127174 0.195907816290855 0.186394274234772 0.168498173356056 0.169869959354401 0.182381302118301 0.193601697683334 0.182782545685768 0.14241835474968 0.156386241316795 0.175151333212852 0.180224150419235 0.189780682325363 0.195313006639481
0.194996476173401 0.189721912145615 0.17258095741272 0.182895436882973 0.201083913445473 0.206360623240471 0.185293465852737 0.17225393652916 0.177632823586464 0.172148376703262 0.166511669754982 0.159054413437843 0.171008333563805 0.179280772805214 0.165535256266594 0.172175884246826 0.173465043306351 0.176256597042084 0.183510676026344 0.183883979916573 0.182113856077194 0.179124265909195 0.176823601126671 0.183574333786964 0.190623193979263 0.172837823629379 0.166779592633247 0.163220793008804 0.162687346339226 0.189153984189034 0.205641642212868 0.198430776596069 0.188960552215576 0.16362439095974 0.149375557899475 0.177802309393883 0.19921837747097 0.193417504429817 0.177722170948982 0.175132244825363 0.191203996539116 0.197142526507378 0.179584100842476 0.161106154322624 0.187534660100937 0.183978885412216 0.174173846840858 0.186914026737213 0.187952116131783
0.171509847044945 0.191138222813606 0.178302004933357 0.182396396994591 0.189683988690376 0.18152542412281 0.180469512939453 0.194693952798843 0.194919094443321 0.17238375544548 0.164263635873795 0.172403886914253 0.187345385551453 0.197814717888832 0.186288744211197 0.169678509235382 0.164964556694031 0.165122255682945 0.174666106700897 0.183142453432083 0.187237218022346 0.176004827022552 0.183085903525352 0.202281832695007 0.189187064766884 0.16226814687252 0.172375470399857 0.190878823399544 0.182293742895126 0.158384263515472 0.146981716156006 0.155201554298401 0.157976865768433 0.166107267141342 0.169984325766563 0.172498553991318 0.168791249394417 0.178481742739677 0.181693226099014 0.182614654302597 0.179751753807068 0.190731674432755 0.183404073119164 0.180315613746643 0.202857077121735 0.205022469162941 0.1829534471035 0.187696546316147 0.189898192882538
0.174922674894333 0.17335245013237 0.180366024374962 0.179015189409256 0.170118898153305 0.159261554479599 0.17050875723362 0.204326376318932 0.203780069947243 0.16748683154583 0.171018347144127 0.187655299901962 0.185620903968811 0.177173376083374 0.179914057254791 0.170865923166275 0.155350863933563 0.165482848882675 0.178281277418137 0.187743782997131 0.184041723608971 0.17261266708374 0.191043123602867 0.207545816898346 0.184171840548515 0.165031060576439 0.171502664685249 0.191820055246353 0.20881861448288 0.181928679347038 0.137403875589371 0.150732398033142 0.161537185311317 0.170763865113258 0.183875873684883 0.165640562772751 0.145278051495552 0.176570907235146 0.207771211862564 0.207933083176613 0.190231546759605 0.172541722655296 0.175003543496132 0.172509863972664 0.182464823126793 0.19374418258667 0.19092720746994 0.198516964912415 0.1997060328722
0.18816451728344 0.173133909702301 0.175408974289894 0.172352105379105 0.173284977674484 0.170945480465889 0.187285512685776 0.200601667165756 0.188614085316658 0.16870504617691 0.167159736156464 0.178411230444908 0.183617323637009 0.166278392076492 0.170932054519653 0.193478032946587 0.177879750728607 0.171567529439926 0.183225333690643 0.190682619810104 0.178363025188446 0.170982465147972 0.187022045254707 0.185469329357147 0.168815463781357 0.172549664974213 0.176814123988152 0.187921360135078 0.194510281085968 0.185138151049614 0.164789617061615 0.1809371560812 0.192742526531219 0.178345412015915 0.176204949617386 0.172237858176231 0.166373729705811 0.182686895132065 0.199402928352356 0.186218291521072 0.197005525231361 0.183410286903381 0.173592746257782 0.188070937991142 0.201322019100189 0.196672767400742 0.183946684002876 0.185032993555069 0.194166645407677
0.19667674601078 0.177092671394348 0.165145218372345 0.171098783612251 0.191574111580849 0.18798990547657 0.19335213303566 0.188965007662773 0.181035697460175 0.178183794021606 0.154877156019211 0.168373256921768 0.200258925557137 0.188096165657043 0.173249959945679 0.174922034144402 0.176994681358337 0.173058286309242 0.172684103250504 0.178167954087257 0.173006564378738 0.171220541000366 0.176206544041634 0.17436920106411 0.179251074790955 0.192088410258293 0.189326882362366 0.175269275903702 0.150920674204826 0.16878654062748 0.18352273106575 0.166327357292175 0.166703835129738 0.156359195709229 0.158868685364723 0.183340713381767 0.185207903385162 0.165278315544128 0.164612546563148 0.168667435646057 0.190555796027184 0.185091152787209 0.154722601175308 0.1590356528759 0.195952713489532 0.214425384998322 0.197475180029869 0.170706033706665 0.179649099707603
0.178309142589569 0.179561123251915 0.176801949739456 0.191420882940292 0.205818951129913 0.188073083758354 0.186060965061188 0.189533323049545 0.170649275183678 0.181260287761688 0.171494096517563 0.179632246494293 0.191564351320267 0.182184815406799 0.18994365632534 0.185586705803871 0.176584288477898 0.168256923556328 0.163999482989311 0.169861048460007 0.178326204419136 0.177716299891472 0.16623143851757 0.160252839326859 0.181743115186691 0.197691962122917 0.188268423080444 0.169190004467964 0.151728004217148 0.168319910764694 0.177289173007011 0.14653904736042 0.158480793237686 0.1730837225914 0.168585270643234 0.162379667162895 0.157782390713692 0.158455073833466 0.177307724952698 0.189876139163971 0.193209663033485 0.194253325462341 0.175852760672569 0.165565311908722 0.184913083910942 0.209182634949684 0.204131975769997 0.18367363512516 0.176433578133583
0.174551576375961 0.184265807271004 0.196265012025833 0.20566925406456 0.196019306778908 0.183317825198174 0.185128256678581 0.175358533859253 0.15752500295639 0.181166589260101 0.189250379800797 0.186895996332169 0.195089280605316 0.187703534960747 0.195885136723518 0.195397913455963 0.173646032810211 0.168344631791115 0.18159407377243 0.188915893435478 0.184065267443657 0.179097771644592 0.161711856722832 0.150504156947136 0.172354072332382 0.186632424592972 0.178841292858124 0.184856772422791 0.173123002052307 0.151241987943649 0.169198587536812 0.170657530426979 0.166713520884514 0.182827576994896 0.19523648917675 0.176849454641342 0.182939291000366 0.18660095334053 0.179829016327858 0.178391352295876 0.187557354569435 0.198093563318253 0.196244567632675 0.17621773481369 0.171650126576424 0.178082928061485 0.185965731739998 -3.4e+38 -3.4e+38
0.174105152487755 0.176366433501244 0.191325485706329 0.198475807905197 0.183636277914047 0.174881234765053 0.170499220490456 0.163262531161308 0.164734646677971 0.157759234309196 0.14362245798111 0.156532242894173 0.177452713251114 0.182782635092735 0.182752698659897 0.18794196844101 0.173024386167526 0.169506043195724 0.201603040099144 0.19823269546032 0.164622575044632 0.165986776351929 0.169066652655602 0.155377805233002 0.160897105932236 0.175080135464668 0.177804261445999 0.178253978490829 0.179782122373581 0.166746571660042 0.178358942270279 0.195708259940147 0.170523166656494 0.163250297307968 0.212666600942612 0.22176955640316 0.188565284013748 0.190297171473503 0.183283627033234 0.183175414800644 0.176921412348747 0.179504066705704 0.179244101047516 0.175411850214005 0.178178176283836 0.17873777449131 -3.4e+38 -3.4e+38 -3.4e+38
0.165223374962807 0.177428767085075 0.17774723470211 0.194061756134033 0.188992574810982 0.175882652401924 0.169741556048393 0.16323758661747 0.181984916329384 0.182027503848076 0.170752644538879 0.170770585536957 0.173957332968712 0.18795557320118 0.208347842097282 0.199294075369835 0.174400046467781 0.172769814729691 0.200912401080132 0.178169667720795 0.158377557992935 0.195146679878235 0.20642814040184 0.171776115894318 0.158587545156479 0.168442949652672 0.173311799764633 0.171841815114021 0.185849159955978 0.182566091418266 0.161882117390633 0.189555153250694 0.194940149784088 0.162732273340225 0.192521423101425 0.222446396946907 0.176981776952744 0.168510437011719 0.182693421840668 0.184602737426758 0.174058109521866 0.159719005227089 0.163533896207809 0.176664754748344 0.197051778435707 -3.4e+38 -3.4e+38 -3.4e+38 -3.4e+38
0.165690064430237 0.17886720597744 0.164518535137177 0.162186592817307 0.177710026502609 0.175960376858711 0.173771172761917 0.148883864283562 0.168759822845459 0.197646453976631 0.186378911137581 0.174380138516426 0.174305886030197 0.176969215273857 0.175105676054955 0.171259954571724 0.166978403925896 0.171229004859924 0.190946340560913 0.166061505675316 0.153980493545532 0.192368537187576 0.194754764437675 0.175726741552353 0.17377495765686 0.175036132335663 0.174845144152641 0.183426961302757 0.186744913458824 0.185477495193481 0.174969136714935 0.17856153845787 0.196440294384956 0.188806787133217 0.171148017048836 0.19931398332119 0.218528732657433 0.196489453315735 0.16571344435215 0.1668631285429 0.189907684922218 -3.4e+38 -3.4e+38 -3.4e+38 -3.4e+38 -3.4e+38 -3.4e+38 -3.4e+38 -3.4e+38
0.18248924612999 0.184945821762085 0.190761119127274 0.185000956058502 0.19157075881958 0.185124129056931 0.179427117109299 0.163253992795944 0.176081076264381 0.171493381261826 0.150106355547905 0.174412980675697 0.194338977336884 0.174888446927071 0.151934415102005 0.156096518039703 0.171926736831665 0.175491824746132 0.190571025013924 0.196097567677498 0.175479918718338 0.176759243011475 0.17013493180275 0.163295328617096 0.178849473595619 0.176757976412773 0.172057002782822 0.188100352883339 0.189474686980247 0.182525306940079 0.179338485002518 0.169043242931366 0.19270370900631 0.209708198904991 0.18393349647522 -3.4e+38 -3.4e+38 -3.4e+38 -3.4e+38 -3.4e+38 -3.4e+38 -3.4e+38 -3.4e+38 -3.4e+38 -3.4e+38 -3.4e+38 -3.4e+38 -3.4e+38 -3.4e+38
