data/1_raw/trimmed_ndre/W_ndre.66.2016.asc
NCOLS 130 
NROWS 71 
XLLCORNER 530645 
YLLCORNER 5158205 
CELLSIZE 5 
NODATA_value -3.4e+38 
[rows 42 to 62 of 71, columns 49 to 97 of 130]
0.528554916381836 0.51804506778717 0.494669049978256 0.466674536466599 0.458701908588409 0.478165566921234 0.513207376003265 0.541511535644531 0.572700679302216 0.589640259742737 0.589409828186035 0.54891312122345 0.524081945419312 0.524249076843262 0.535317480564117 0.535327017307281 0.538930118083954 0.538761138916016 0.540190160274506 0.533421814441681 0.532511174678802 0.537572920322418 0.539466917514801 0.539635956287384 0.548302292823792 0.554621815681458 0.541462004184723 0.552066087722778 0.550894737243652 0.541721045970917 0.548423528671265 0.560444355010986 0.551633358001709 0.523056030273438 0.510228335857391 0.526363849639893 0.542220413684845 0.539111375808716 0.529596209526062 0.546752572059631 0.567409694194794 0.573328197002411 0.562684059143066 0.554406702518463 0.546725213527679 0.537248373031616 0.537670850753784 0.524384319782257 0.507380068302155
0.52347320318222 0.506356716156006 0.486872613430023 0.477826058864594 0.479573428630829 0.50335019826889 0.536969125270844 0.561623215675354 0.586520671844482 0.600813269615173 0.590824842453003 0.567263901233673 0.547328650951385 0.53976708650589 0.548470258712769 0.552373051643372 0.555884122848511 0.547400534152985 0.533366739749908 0.538188457489014 0.539868295192719 0.547783493995667 0.549876272678375 0.537672579288483 0.543156623840332 0.54964554309845 0.548484325408936 0.556867003440857 0.552170157432556 0.543341040611267 0.547404944896698 0.562741756439209 0.556493043899536 0.536406815052032 0.522327721118927 0.539802372455597 0.553043067455292 0.555349588394165 0.54744827747345 0.563664853572845 0.578173577785492 0.581358313560486 0.571658372879028 0.565385937690735 0.554551243782043 0.543110847473145 0.546603739261627 0.540298581123352 0.536378622055054
0.513652384281158 0.503023624420166 0.48793551325798 0.481581717729568 0.496454626321793 0.520330667495728 0.550208985805511 0.571409165859222 0.56950843334198 0.584708392620087 0.587190210819244 0.571302354335785 0.557849943637848 0.552040100097656 0.554777860641479 0.56777811050415 0.557885468006134 0.541258573532104 0.527701437473297 0.529049634933472 0.528505027294159 0.545155107975006 0.550615727901459 0.532902479171753 0.538356602191925 0.544212102890015 0.54447078704834 0.543160021305084 0.551859736442566 0.548958003520966 0.547650039196014 0.558158040046692 0.564573764801025 0.559321522712708 0.553974568843842 0.57072514295578 0.58068585395813 0.580309629440308 0.574100255966187 0.575923204421997 0.575724303722382 0.576721370220184 0.571862161159515 0.563814282417297 0.563766598701477 0.564191102981567 0.565361738204956 0.561881959438324 0.568286061286926
0.494471162557602 0.493350505828857 0.486313611268997 0.490538537502289 0.510086536407471 0.526174962520599 0.547301113605499 0.569770514965057 0.582691848278046 0.573540985584259 0.573908865451813 0.566726982593536 0.554631948471069 0.559756994247437 0.549888253211975 0.544490039348602 0.549052178859711 0.53618973493576 0.520411193370819 0.509504735469818 0.506640195846558 0.521336317062378 0.526751816272736 0.523488104343414 0.530661642551422 0.533246457576752 0.529609143733978 0.5264732837677 0.550270676612854 0.551501393318176 0.549309253692627 0.555007696151733 0.571444034576416 0.578600883483887 0.580872535705566 0.58326780796051 0.590835571289062 0.581397414207458 0.572441160678864 0.566871225833893 0.553008258342743 0.551022171974182 0.552396297454834 0.553012549877167 0.560761272907257 0.575836837291718 0.579140841960907 0.570948839187622 0.574158847332001
0.473092526197433 0.478851139545441 0.494732260704041 0.507659077644348 0.522118449211121 0.534914791584015 0.552656471729279 0.569960296154022 0.58035534620285 0.57126659154892 0.569557011127472 0.560069382190704 0.545619487762451 0.539608180522919 0.537728726863861 0.534576833248138 0.537218034267426 0.533347249031067 0.516764163970947 0.500142633914948 0.494260102510452 0.506948411464691 0.515037834644318 0.521035969257355 0.524855315685272 0.518883466720581 0.530853569507599 0.540960431098938 0.548926830291748 0.54616504907608 0.543531715869904 0.548978447914124 0.56264466047287 0.558448314666748 0.550267219543457 0.555236637592316 0.572212636470795 0.566448092460632 0.551764667034149 0.542933821678162 0.541614830493927 0.55173248052597 0.5474933385849 0.543765902519226 0.552485406398773 0.573388397693634 0.576339304447174 0.564352512359619 0.566914796829224
0.469123870134354 0.478396892547607 0.511133790016174 0.525767087936401 0.535986483097076 0.543771088123322 0.55237203836441 0.568421542644501 0.576740682125092 0.578097999095917 0.571150720119476 0.552480638027191 0.543617486953735 0.542547523975372 0.533669412136078 0.526645421981812 0.52826726436615 0.534262299537659 0.521588563919067 0.500236034393311 0.492072016000748 0.502835154533386 0.515318512916565 0.526035606861115 0.525508522987366 0.514360070228577 0.523680329322815 0.526593029499054 0.52537214756012 0.523356854915619 0.524453163146973 0.528717458248138 0.538249909877777 0.545718431472778 0.535290718078613 0.539952635765076 0.553359091281891 0.557858288288116 0.544202387332916 0.533003509044647 0.532435715198517 0.542947947978973 0.540676951408386 0.543592870235443 0.551026523113251 0.550227344036102 0.563769400119781 0.568141222000122 0.568280458450317
0.481610417366028 0.491213470697403 0.512581348419189 0.51613861322403 0.520829617977142 0.534700989723206 0.552268028259277 0.572081446647644 0.569721877574921 0.566351592540741 0.568328201770782 0.560219764709473 0.550971865653992 0.544707477092743 0.531169533729553 0.52367502450943 0.530670523643494 0.536528646945953 0.526068806648254 0.501467883586884 0.497284263372421 0.507655560970306 0.520744860172272 0.532073259353638 0.528252243995667 0.515332281589508 0.509217202663422 0.503796994686127 0.493378549814224 0.485216945409775 0.487268716096878 0.500820159912109 0.525607109069824 0.546567022800446 0.543852746486664 0.549619197845459 0.551722526550293 0.548314929008484 0.543870866298676 0.536260485649109 0.533187389373779 0.537164151668549 0.542596161365509 0.560930728912354 0.570468068122864 0.566041111946106 0.576847553253174 0.575267374515533 0.570466220378876
0.50187361240387 0.503125786781311 0.510274708271027 0.517016589641571 0.52004599571228 0.533332049846649 0.557142674922943 0.577169835567474 0.563899993896484 0.543561398983002 0.538718461990356 0.548844337463379 0.546433746814728 0.543849647045135 0.537748754024506 0.527442276477814 0.530437231063843 0.531199991703033 0.522702753543854 0.503792822360992 0.506598770618439 0.51797342300415 0.531863927841187 0.543218195438385 0.538508832454681 0.520788192749023 0.50253289937973 0.500622808933258 0.495974719524384 0.493889182806015 0.497112840414047 0.506571531295776 0.530802965164185 0.554484128952026 0.564175188541412 0.565380692481995 0.548752665519714 0.541495442390442 0.549820721149445 0.548337578773499 0.547084271907806 0.55238926410675 0.565995097160339 0.589256882667542 0.590378880500793 0.584733307361603 0.588629424571991 0.575178146362305 0.565733134746552
0.50746488571167 0.513352334499359 0.521792232990265 0.528161227703094 0.53111070394516 0.539361655712128 0.553704798221588 0.560262739658356 0.539151191711426 0.521070063114166 0.517480552196503 0.529048264026642 0.540615379810333 0.55850076675415 0.555443823337555 0.5379758477211 0.529838502407074 0.522226631641388 0.514228701591492 0.507346749305725 0.513257801532745 0.521853089332581 0.536424934864044 0.549733996391296 0.546951353549957 0.529693126678467 0.518012046813965 0.522271811962128 0.523200631141663 0.525633752346039 0.52893340587616 0.532783627510071 0.540662169456482 0.553292512893677 0.562346696853638 0.562384843826294 0.547964572906494 0.543496608734131 0.553403437137604 0.562266170978546 0.570281505584717 0.582815051078796 0.59827584028244 0.613581597805023 0.594349682331085 0.585941672325134 0.585316479206085 0.567385494709015 0.556860029697418
0.517074584960938 0.53119283914566 0.537885367870331 0.53065550327301 0.522272348403931 0.54143363237381 0.562219381332397 0.554377496242523 0.528283357620239 0.526162564754486 0.529907047748566 0.540841400623322 0.55373877286911 0.566328406333923 0.555904507637024 0.536469757556915 0.522089600563049 0.512551844120026 0.507074594497681 0.507115364074707 0.513465404510498 0.517234742641449 0.530390799045563 0.542869091033936 0.541855096817017 0.527189016342163 0.520940124988556 0.525417029857635 0.533607482910156 0.544917643070221 0.554328739643097 0.556762337684631 0.551928102970123 0.555039882659912 0.559335649013519 0.560295522212982 0.555513024330139 0.545616626739502 0.545851349830627 0.555060684680939 0.5689976811409 0.588026881217957 0.606364071369171 0.61324006319046 0.578737795352936 0.563259899616241 0.567955493927002 0.574021339416504 0.563971161842346
0.538181126117706 0.548585891723633 0.540022253990173 0.511603534221649 0.501751840114594 0.527802646160126 0.562497675418854 0.552766382694244 0.539836943149567 0.553806960582733 0.554575681686401 0.549146354198456 0.55002760887146 0.55587249994278 0.541118681430817 0.519217193126678 0.50170773267746 0.496360689401627 0.497860789299011 0.505168557167053 0.51111888885498 0.50892448425293 0.511455178260803 0.514937162399292 0.515518963336945 0.508450925350189 0.511850714683533 0.518752038478851 0.527285695075989 0.537564516067505 0.547739446163177 0.550014078617096 0.548449754714966 0.558172345161438 0.562156140804291 0.564657151699066 0.563166499137878 0.54527086019516 0.545874178409576 0.555535078048706 0.56738692522049 0.579035460948944 0.586450517177582 0.589872717857361 0.581214606761932 0.570078670978546 0.56878262758255 0.570706725120544 0.561890006065369
0.55814516544342 0.553641796112061 0.543251216411591 0.515206575393677 0.498107463121414 0.514834940433502 0.553996622562408 0.552264511585236 0.547692894935608 0.553193807601929 0.559307754039764 0.554069757461548 0.547619640827179 0.5422083735466 0.526127755641937 0.506986916065216 0.49912491440773 0.501557409763336 0.506629943847656 0.513734579086304 0.513761460781097 0.506796836853027 0.501666903495789 0.497576802968979 0.496588349342346 0.497693866491318 0.506999909877777 0.517077147960663 0.527716994285583 0.539094865322113 0.550133764743805 0.543126165866852 0.545385479927063 0.564591586589813 0.569792509078979 0.570993840694427 0.567492187023163 0.557588458061218 0.563256561756134 0.569466829299927 0.572026431560516 0.56844025850296 0.555380284786224 0.5582315325737 0.567175090312958 0.568031430244446 0.55645078420639 0.543399930000305 0.534031093120575
0.559700191020966 0.554553925991058 0.547719299793243 0.530598640441895 0.510980069637299 0.519687414169312 0.548996031284332 0.560074865818024 0.557334184646606 0.554896593093872 0.560324549674988 0.569367825984955 0.563012957572937 0.552122890949249 0.537081062793732 0.51534765958786 0.510676026344299 0.518484175205231 0.529116213321686 0.534173607826233 0.527972280979156 0.509590744972229 0.488003820180893 0.482057750225067 0.496224582195282 0.508592545986176 0.518592000007629 0.531282901763916 0.541546046733856 0.549329817295074 0.55472606420517 0.543544828891754 0.550887048244476 0.568812072277069 0.572231531143188 0.575196206569672 0.574791610240936 0.574235439300537 0.5830078125 0.586280524730682 0.582879364490509 0.565938651561737 0.532142698764801 0.526509404182434 0.534680306911469 0.541651546955109 0.524700343608856 0.500913321971893 0.498746633529663
0.572220265865326 0.563706517219543 0.556694030761719 0.549463272094727 0.545609831809998 0.567461609840393 0.580567598342896 0.57461017370224 0.560423195362091 0.554501593112946 0.565900683403015 0.592144787311554 0.587561130523682 0.567278683185577 0.544000029563904 0.52349853515625 0.518026292324066 0.532479643821716 0.545343637466431 0.541628658771515 0.530453562736511 0.508263289928436 0.483778327703476 0.478969156742096 0.519995272159576 0.542509615421295 0.548109352588654 0.555994212627411 0.558594822883606 0.560074985027313 0.561216950416565 0.560878694057465 0.568337917327881 0.574525952339172 0.575004160404205 0.57451730966568 0.579306185245514 0.583752512931824 0.585012555122375 0.573959231376648 0.565662324428558 0.545510411262512 0.513818085193634 0.504109978675842 0.492621183395386 0.494898766279221 0.50311017036438 0.486840665340424 0.487809509038925
0.589792966842651 0.578668773174286 0.572155356407166 0.569441199302673 0.568737864494324 0.583941161632538 0.590876579284668 0.57861065864563 0.554526090621948 0.549973905086517 0.565021574497223 0.582535982131958 0.580050826072693 0.556256711483002 0.538407444953918 0.522807717323303 0.509218156337738 0.522130489349365 0.535781443119049 0.538896203041077 0.531999588012695 0.515305757522583 0.495456904172897 0.492006748914719 0.530171155929565 0.545849084854126 0.556496381759644 0.567376255989075 0.570262670516968 0.569127380847931 0.572406589984894 0.581210553646088 0.588879466056824 0.587445795536041 0.578368604183197 0.569072842597961 0.576322615146637 0.581928014755249 0.573385417461395 0.550605893135071 0.546511232852936 0.525740921497345 0.506879806518555 0.506327629089355 0.484351605176926 0.492484271526337 0.50734543800354 0.4931880235672 0.490994423627853
0.603532314300537 0.597992122173309 0.59006530046463 0.579043030738831 0.573606014251709 0.579539775848389 0.583882927894592 0.56989860534668 0.54345577955246 0.527848720550537 0.555330038070679 0.567099452018738 0.556648313999176 0.530067920684814 0.528442800045013 0.52445375919342 0.515892088413239 0.523730278015137 0.531722068786621 0.534393191337585 0.533092498779297 0.531209111213684 0.51579874753952 0.510601282119751 0.530597388744354 0.549424946308136 0.561709642410278 0.571510314941406 0.579383432865143 0.584129393100739 0.58709317445755 0.59305077791214 0.599242329597473 0.591537237167358 0.575668215751648 0.561457633972168 0.56351363658905 0.569311559200287 0.556395709514618 0.537456452846527 0.539354860782623 0.518205285072327 0.507567286491394 0.510325133800507 0.500539481639862 0.495874732732773 0.502610862255096 0.503208339214325 0.503932297229767
0.604520618915558 0.595415234565735 0.599711060523987 0.593976676464081 0.581658720970154 0.574213624000549 0.568756639957428 0.54442822933197 0.523858070373535 0.519650995731354 0.549027323722839 0.54722398519516 0.530828773975372 0.515547215938568 0.529356181621552 0.530961215496063 0.529098749160767 0.53261262178421 0.531824231147766 0.524325489997864 0.5215203166008 0.53077757358551 0.526704430580139 0.531522572040558 0.544502437114716 0.563963174819946 0.573548018932343 0.580127894878387 0.585554182529449 0.590524733066559 0.591880857944489 0.592163503170013 0.590433061122894 0.5742267370224 0.56107497215271 0.555174946784973 0.555541515350342 0.553214192390442 0.544107377529144 0.539621353149414 0.545599758625031 0.536227226257324 0.522679269313812 0.51683783531189 0.512625932693481 0.493155628442764 0.49685075879097 -3.4e+38 -3.4e+38
0.602860391139984 0.599958121776581 0.609617650508881 0.614713430404663 0.601806640625 0.58562821149826 0.574892103672028 0.546549677848816 0.527925491333008 0.526244819164276 0.538530051708221 0.522621035575867 0.512402355670929 0.506347358226776 0.512915968894958 0.516027450561523 0.527995467185974 0.536304831504822 0.527762174606323 0.512734115123749 0.513566553592682 0.527128636837006 0.53587543964386 0.553601503372192 0.568510949611664 0.576659739017487 0.573672413825989 0.570361375808716 0.573030114173889 0.580602884292603 0.585323810577393 0.575634956359863 0.562893748283386 0.55325323343277 0.560050487518311 0.563832938671112 0.557321965694427 0.542354047298431 0.539617538452148 0.543677985668182 0.548022091388702 0.542517960071564 0.51677393913269 0.514249444007874 0.51599657535553 0.510138988494873 -3.4e+38 -3.4e+38 -3.4e+38
0.598936140537262 0.605237722396851 0.613738059997559 0.61432296037674 0.610300838947296 0.599502086639404 0.583836793899536 0.559204816818237 0.541244566440582 0.532574951648712 0.520978927612305 0.490268349647522 0.503752529621124 0.499050170183182 0.487810164690018 0.488668918609619 0.507666945457458 0.517411768436432 0.515363574028015 0.512242794036865 0.518240213394165 0.530504465103149 0.543922305107117 0.560549378395081 0.568150043487549 0.567224740982056 0.560724318027496 0.555362939834595 0.555200636386871 0.562133431434631 0.570152878761292 0.555061995983124 0.545041263103485 0.546085834503174 0.562586545944214 0.575231671333313 0.565341055393219 0.543462455272675 0.526976466178894 0.522305011749268 0.526898145675659 0.524921953678131 0.500492036342621 0.509784758090973 0.526045262813568 -3.4e+38 -3.4e+38 -3.4e+38 -3.4e+38
0.592614531517029 0.600799560546875 0.606543123722076 0.606480836868286 0.60483592748642 0.598951101303101 0.587753355503082 0.568229019641876 0.545587003231049 0.534801781177521 0.513382792472839 0.485132187604904 0.504169225692749 0.492080569267273 0.477752059698105 0.488970816135406 0.525668799877167 0.533836483955383 0.52887362241745 0.525927305221558 0.528099596500397 0.539913296699524 0.546806871891022 0.546778857707977 0.556157886981964 0.558661460876465 0.556482195854187 0.553786873817444 0.548400700092316 0.55159205198288 0.552869737148285 0.536533236503601 0.532016217708588 0.537965297698975 0.555198550224304 0.574474453926086 0.565455913543701 0.539892911911011 0.516207337379456 0.509515345096588 0.507481753826141 -3.4e+38 -3.4e+38 -3.4e+38 -3.4e+38 -3.4e+38 -3.4e+38 -3.4e+38 -3.4e+38
0.602175652980804 0.604036211967468 0.597661137580872 0.594112992286682 0.593744814395905 0.591405034065247 0.590676367282867 0.582593977451324 0.565395891666412 0.552622377872467 0.526451647281647 0.503739178180695 0.505506634712219 0.501517951488495 0.501523852348328 0.515451788902283 0.545725166797638 0.553718984127045 0.553215026855469 0.543528437614441 0.528910458087921 0.536526083946228 0.548600316047668 0.553232669830322 0.555938839912415 0.562749803066254 0.572749257087708 0.578607499599457 0.566672742366791 0.557265102863312 0.543990552425385 0.526783525943756 0.521440029144287 0.521415233612061 0.533678412437439 -3.4e+38 -3.4e+38 -3.4e+38 -3.4e+38 -3.4e+38 -3.4e+38 -3.4e+38 -3.4e+38 -3.4e+38 -3.4e+38 -3.4e+38 -3.4e+38 -3.4e+38 -3.4e+38
