data/1_raw/trimmed_ndre/W_ndre.77.2010_no_clouds.asc
NCOLS 130 
NROWS 71 
XLLCORNER 530645 
YLLCORNER 5158205 
CELLSIZE 5 
NODATA_value -3.4e+38 
[rows 42 to 62 of 71, columns 49 to 97 of 130]
0.604065775871277 0.593786239624023 0.584056437015533 0.58111035823822 0.581004023551941 0.585007727146149 0.5828777551651 0.569596171379089 0.541218459606171 0.544010937213898 0.558501124382019 0.547281086444855 0.534391582012177 0.495859414339066 0.469117701053619 0.480440139770508 0.478180199861526 0.483185619115829 0.506127953529358 0.526829481124878 0.526608407497406 0.508215606212616 0.498478531837463 0.479895383119583 0.45739009976387 0.45567712187767 0.468572586774826 0.492673546075821 0.508246719837189 0.497517615556717 0.495933651924133 0.496455818414688 0.496825039386749 0.495790094137192 0.489026248455048 0.480248957872391 0.468932718038559 0.459298968315125 0.452074199914932 0.457754969596863 0.448824644088745 0.423860192298889 0.412082254886627 0.418064147233963 0.437829077243805 0.461782366037369 0.481144398450851 0.482710778713226 0.479355961084366
0.604939460754395 0.598947465419769 0.589559078216553 0.587107181549072 0.586186647415161 0.586403369903564 0.595200061798096 0.583048224449158 0.555720686912537 0.566592395305634 0.578793823719025 0.558996438980103 0.532653033733368 0.495564073324203 0.472239971160889 0.482874870300293 0.477802306413651 0.486472696065903 0.507592082023621 0.521180748939514 0.533657431602478 0.527511298656464 0.513358533382416 0.500925779342651 0.479919791221619 0.461510568857193 0.466813594102859 0.485082864761353 0.512231647968292 0.515378475189209 0.500105381011963 0.498875379562378 0.518965363502502 0.527132987976074 0.515984117984772 0.518137097358704 0.516321003437042 0.508403837680817 0.498653590679169 0.495304971933365 0.474023789167404 0.438277035951614 0.42917475104332 0.428202927112579 0.448314428329468 0.469545215368271 0.478337794542313 0.474016100168228 0.469827145338058
0.60088586807251 0.60293173789978 0.602375984191895 0.604577839374542 0.604734420776367 0.598004877567291 0.609300911426544 0.593997538089752 0.566747009754181 0.583698153495789 0.592123568058014 0.557492256164551 0.511566579341888 0.500400364398956 0.495165288448334 0.504069864749908 0.50893896818161 0.514339506626129 0.526000618934631 0.538236856460571 0.553134024143219 0.556561231613159 0.544397354125977 0.525604426860809 0.503120183944702 0.477595388889313 0.478790372610092 0.498056590557098 0.518745183944702 0.525000870227814 0.512893378734589 0.510453283786774 0.523443937301636 0.535741329193115 0.535350441932678 0.541410863399506 0.545457422733307 0.553221583366394 0.55024915933609 0.530903577804565 0.512990236282349 0.493577569723129 0.484174519777298 0.476712197065353 0.479874819517136 0.496100723743439 0.504356265068054 0.502303957939148 0.50464141368866
0.598386287689209 0.606967031955719 0.60840892791748 0.607331156730652 0.60704642534256 0.606558680534363 0.615492939949036 0.590830147266388 0.567682802677155 0.578404664993286 0.574089348316193 0.528842628002167 0.485241442918777 0.48965060710907 0.498531401157379 0.515904545783997 0.533436715602875 0.536003768444061 0.54449874162674 0.549251556396484 0.553075730800629 0.556812405586243 0.552583932876587 0.52493542432785 0.494369715452194 0.47246053814888 0.47908890247345 0.498273730278015 0.504027605056763 0.516617953777313 0.520300447940826 0.520354032516479 0.522569894790649 0.527330875396729 0.520878791809082 0.515895485877991 0.524319648742676 0.547639608383179 0.560899913311005 0.551553308963776 0.548175632953644 0.537653923034668 0.524316608905792 0.517612159252167 0.51439243555069 0.532631397247314 0.550740361213684 0.551888227462769 0.559512197971344
0.597042679786682 0.600276947021484 0.59938907623291 0.598817229270935 0.601727783679962 0.603668212890625 0.598089039325714 0.571198165416718 0.561273157596588 0.572285830974579 0.566619753837585 0.518036484718323 0.476506948471069 0.480903387069702 0.49036231637001 0.511297583580017 0.534881293773651 0.546421706676483 0.554548442363739 0.551142752170563 0.543606817722321 0.546958327293396 0.554103791713715 0.542212307453156 0.506385445594788 0.480212539434433 0.477212399244308 0.493253499269485 0.501386821269989 0.514683127403259 0.524786293506622 0.525887548923492 0.521747529506683 0.516749620437622 0.490375965833664 0.476372092962265 0.495053321123123 0.525930821895599 0.554021298885345 0.5580233335495 0.551942825317383 0.54702228307724 0.545897305011749 0.546527087688446 0.53613805770874 0.552002668380737 0.576067864894867 0.583169043064117 0.591091990470886
0.586200177669525 0.581417441368103 0.573684871196747 0.570320308208466 0.574913442134857 0.578590571880341 0.569840371608734 0.552967071533203 0.554300904273987 0.551270246505737 0.526967763900757 0.490046083927155 0.473160952329636 0.480800449848175 0.493021637201309 0.50920832157135 0.528510808944702 0.545726835727692 0.556247293949127 0.554662108421326 0.552470088005066 0.549727439880371 0.541874825954437 0.535530924797058 0.519725143909454 0.502633094787598 0.497147709131241 0.519310534000397 0.531703352928162 0.521060526371002 0.525764524936676 0.527303278446198 0.522331535816193 0.514180660247803 0.488298833370209 0.4632208943367 0.477769434452057 0.507908940315247 0.544394493103027 0.558277130126953 0.551639676094055 0.554415166378021 0.557848930358887 0.55705201625824 0.551789581775665 0.559147417545319 0.580114960670471 0.599131286144257 0.612551212310791
0.568885147571564 0.55964732170105 0.544985830783844 0.537912428379059 0.542608320713043 0.551060259342194 0.5429807305336 0.527799427509308 0.534485101699829 0.511247396469116 0.472400099039078 0.451070696115494 0.450654834508896 0.456284165382385 0.474845230579376 0.500078797340393 0.515150487422943 0.538098394870758 0.545714914798737 0.533358573913574 0.524889290332794 0.52304345369339 0.522846519947052 0.525935471057892 0.521718680858612 0.519988000392914 0.51942104101181 0.522513151168823 0.533635556697845 0.532887399196625 0.532021582126617 0.523492634296417 0.515521585941315 0.506813704967499 0.48980176448822 0.468916296958923 0.477200835943222 0.513318598270416 0.545914649963379 0.56780880689621 0.573787450790405 0.577652990818024 0.575323224067688 0.575101256370544 0.575482368469238 0.576886236667633 0.586821496486664 0.606678307056427 0.621458351612091
0.55078250169754 0.544023096561432 0.534983992576599 0.532581269741058 0.536994576454163 0.541027069091797 0.530253946781158 0.516500771045685 0.511687219142914 0.486671984195709 0.45529317855835 0.436715185642242 0.434015572071075 0.448767304420471 0.477924376726151 0.50646847486496 0.518330097198486 0.535621166229248 0.530644059181213 0.506731152534485 0.498904228210449 0.508936941623688 0.528488516807556 0.533525943756104 0.513312637805939 0.514393329620361 0.532768368721008 0.537634968757629 0.543585062026978 0.543094635009766 0.533121645450592 0.522272408008575 0.514249086380005 0.505542755126953 0.497108191251755 0.495365023612976 0.49519470334053 0.524874687194824 0.555777668952942 0.561720907688141 0.575184881687164 0.590531468391418 0.59317147731781 0.595195591449738 0.592442154884338 0.592026650905609 0.595059514045715 0.610326051712036 0.621963083744049
0.544632732868195 0.541042804718018 0.538482367992401 0.53820788860321 0.542904675006866 0.544614672660828 0.532223880290985 0.517400860786438 0.505405902862549 0.491003155708313 0.471920639276505 0.463878840208054 0.468020647764206 0.479070603847504 0.496676951646805 0.518074572086334 0.534233748912811 0.534854233264923 0.520340740680695 0.505867063999176 0.509288787841797 0.520754992961884 0.536874949932098 0.536826491355896 0.521152198314667 0.525882542133331 0.553576111793518 0.568611085414886 0.561097502708435 0.538220822811127 0.522201657295227 0.519325017929077 0.510019659996033 0.50725644826889 0.514477431774139 0.527673065662384 0.528699636459351 0.552834272384644 0.580525815486908 0.579826891422272 0.585299968719482 0.594911277294159 0.594432234764099 0.591783404350281 0.585951805114746 0.590444087982178 0.602985620498657 0.612368941307068 0.619750797748566
0.549039959907532 0.546520113945007 0.548918545246124 0.553665816783905 0.561499059200287 0.557775378227234 0.540006339550018 0.523886799812317 0.502371191978455 0.49095207452774 0.494255900382996 0.499603599309921 0.499843925237656 0.494615107774734 0.50002110004425 0.515059769153595 0.525675475597382 0.519084692001343 0.503001391887665 0.502041935920715 0.516700088977814 0.526208341121674 0.537293553352356 0.546180129051208 0.548911094665527 0.553287982940674 0.567853987216949 0.576959609985352 0.566926717758179 0.547731578350067 0.52938836812973 0.526116967201233 0.520362794399261 0.527374684810638 0.535900473594666 0.545264720916748 0.55367773771286 0.575934112071991 0.601475656032562 0.613645255565643 0.611176371574402 0.61334615945816 0.610725820064545 0.601688265800476 0.591379702091217 0.59400349855423 0.60610955953598 0.606953144073486 0.612431883811951
0.555953204631805 0.5561603307724 0.565563380718231 0.569853544235229 0.577122747898102 0.57258927822113 0.55433577299118 0.540888905525208 0.509106159210205 0.492203384637833 0.501524388790131 0.496684193611145 0.493066996335983 0.482634454965591 0.474244207143784 0.477617710828781 0.490200489759445 0.48662006855011 0.466601610183716 0.467001408338547 0.495002627372742 0.527065515518188 0.547615468502045 0.565090656280518 0.571437299251556 0.570343792438507 0.569860458374023 0.567121922969818 0.55372017621994 0.54062557220459 0.526041865348816 0.528602540493011 0.537117600440979 0.537328541278839 0.547484278678894 0.559856832027435 0.573783874511719 0.588716626167297 0.605710685253143 0.612120449542999 0.611213326454163 0.615159571170807 0.619934260845184 0.617706179618835 0.612179636955261 0.602299988269806 0.595369040966034 0.592193126678467 0.59414404630661
0.568101227283478 0.568891584873199 0.576082706451416 0.58015650510788 0.585991382598877 0.588265240192413 0.577248215675354 0.56034392118454 0.532838404178619 0.507953822612762 0.49858084321022 0.485985606908798 0.492587268352509 0.485401779413223 0.466595053672791 0.465587109327316 0.469287246465683 0.464701801538467 0.449236422777176 0.455352038145065 0.484608441591263 0.528325736522675 0.556902348995209 0.57551783323288 0.58352392911911 0.578836739063263 0.570996463298798 0.565752267837524 0.548555552959442 0.529708504676819 0.52036726474762 0.523953676223755 0.537464141845703 0.54595535993576 0.554297685623169 0.566296279430389 0.580223977565765 0.595607280731201 0.615420281887054 0.617758572101593 0.613065958023071 0.615287721157074 0.616987645626068 0.620917856693268 0.619208991527557 0.613266110420227 0.609490871429443 0.608328104019165 0.608266174793243
0.575460493564606 0.575920820236206 0.579318881034851 0.587149620056152 0.59437894821167 0.5916508436203 0.586241662502289 0.574687898159027 0.559072971343994 0.536823868751526 0.519892930984497 0.509058594703674 0.511386096477509 0.505325019359589 0.495769411325455 0.492516458034515 0.477752178907394 0.470639616250992 0.472152024507523 0.480466485023499 0.488972991704941 0.516285717487335 0.547201216220856 0.562386751174927 0.576583802700043 0.583641350269318 0.573761165142059 0.556994199752808 0.544640839099884 0.538183689117432 0.543040096759796 0.554237484931946 0.570590138435364 0.578780949115753 0.576681435108185 0.57926470041275 0.583397269248962 0.598813354969025 0.628110826015472 0.625932157039642 0.617133617401123 0.620005786418915 0.612321972846985 0.621005594730377 0.623180747032166 0.616457641124725 0.627677619457245 0.632658958435059 0.629396378993988
0.57478940486908 0.569736897945404 0.567208588123322 0.574168086051941 0.580452978610992 0.575120031833649 0.577528417110443 0.5777547955513 0.567365527153015 0.559438705444336 0.54787141084671 0.533059895038605 0.521833956241608 0.512685835361481 0.509450852870941 0.500771164894104 0.481593549251556 0.478348612785339 0.491222709417343 0.497653186321259 0.489671409130096 0.495171546936035 0.526979386806488 0.554045855998993 0.565872371196747 0.574608564376831 0.558594167232513 0.524092614650726 0.5178062915802 0.527928173542023 0.55842524766922 0.586283266544342 0.601941883563995 0.605571210384369 0.603417098522186 0.606102585792542 0.610344171524048 0.615279316902161 0.626397311687469 0.62278139591217 0.620534300804138 0.620326280593872 0.613642334938049 0.623716592788696 0.619477391242981 0.613380908966064 0.629374802112579 0.625908851623535 0.62277352809906
0.576890528202057 0.568268358707428 0.557784974575043 0.553429841995239 0.561306953430176 0.566218256950378 0.570991694927216 0.579340398311615 0.569524705410004 0.555890381336212 0.561433672904968 0.546069025993347 0.518837094306946 0.499811768531799 0.495338290929794 0.495168089866638 0.488953977823257 0.489448517560959 0.500507950782776 0.507323980331421 0.501289427280426 0.496030181646347 0.509579241275787 0.535242855548859 0.54628449678421 0.541877627372742 0.534766435623169 0.51901775598526 0.51475989818573 0.52518355846405 0.57092696428299 0.60698014497757 0.611999094486237 0.61373245716095 0.61256331205368 0.616483688354492 0.625562131404877 0.62057888507843 0.612446963787079 0.615972816944122 0.618400096893311 0.622318685054779 0.623725235462189 0.627877116203308 0.617870330810547 0.616354048252106 0.628223061561584 0.625324845314026 0.62190181016922
0.562087655067444 0.54830139875412 0.535440564155579 0.535034775733948 0.552881836891174 0.575609028339386 0.581698477268219 0.586679756641388 0.568044364452362 0.554542362689972 0.574268996715546 0.558985352516174 0.537445783615112 0.527232050895691 0.521562814712524 0.529690027236938 0.530587553977966 0.520164251327515 0.522625267505646 0.530030250549316 0.532743632793427 0.528860509395599 0.5254967212677 0.530145287513733 0.533150970935822 0.526736199855804 0.54074615240097 0.53501307964325 0.526093006134033 0.545225620269775 0.580424189567566 0.614544689655304 0.624198853969574 0.625922501087189 0.618683278560638 0.617110431194305 0.622834444046021 0.623585939407349 0.627038359642029 0.629082679748535 0.627146542072296 0.631126940250397 0.633547186851501 0.630935072898865 0.625502169132233 0.626447737216949 0.63226717710495 0.629755139350891 0.625545859336853
0.532774925231934 0.515194058418274 0.507058143615723 0.512946903705597 0.517218172550201 0.541136264801025 0.55949205160141 0.563762187957764 0.563698470592499 0.57414311170578 0.58701354265213 0.571485877037048 0.565358817577362 0.564437210559845 0.563655018806458 0.572754502296448 0.569596886634827 0.557425200939178 0.555844962596893 0.554496228694916 0.557075917720795 0.558925271034241 0.557203412055969 0.551849603652954 0.539139628410339 0.530151844024658 0.540486931800842 0.535377979278564 0.542215824127197 0.57269161939621 0.584012925624847 0.60292512178421 0.620697140693665 0.629314184188843 0.619856059551239 0.620384454727173 0.626219987869263 0.623668730258942 0.632354438304901 0.635791301727295 0.631986916065216 0.635378003120422 0.63065892457962 0.627567410469055 0.627893030643463 0.624663829803467 0.622496664524078 -3.4e+38 -3.4e+38
0.518406867980957 0.496790736913681 0.49366694688797 0.4917131960392 0.473684012889862 0.49281707406044 0.519609391689301 0.533897995948792 0.551466584205627 0.570225119590759 0.584495186805725 0.58294266462326 0.581662654876709 0.576472282409668 0.568978786468506 0.567214548587799 0.563708007335663 0.55853009223938 0.553077399730682 0.547510087490082 0.545722007751465 0.548449873924255 0.549784243106842 0.546630859375 0.530791223049164 0.527318835258484 0.539261758327484 0.540750324726105 0.555702447891235 0.578649282455444 0.581426560878754 0.595394551753998 0.617107808589935 0.628135442733765 0.615880966186523 0.628739058971405 0.635059952735901 0.624667942523956 0.63030731678009 0.63537722826004 0.632685542106628 0.633059322834015 0.624267280101776 0.624923527240753 0.628255069255829 0.61882621049881 -3.4e+38 -3.4e+38 -3.4e+38
0.52458530664444 0.500000298023224 0.498968034982681 0.496143221855164 0.479970186948776 0.487940639257431 0.506763577461243 0.531758368015289 0.557214796543121 0.568672299385071 0.584072589874268 0.590074777603149 0.582455158233643 0.580153346061707 0.578147113323212 0.571673512458801 0.5617396235466 0.557371735572815 0.544440507888794 0.529090642929077 0.526710331439972 0.529533088207245 0.536477327346802 0.537639856338501 0.521201610565186 0.534596860408783 0.562840104103088 0.569390654563904 0.581234514713287 0.594236433506012 0.597456872463226 0.603638112545013 0.617993950843811 0.624054431915283 0.61902642250061 0.631625354290009 0.635118126869202 0.627958595752716 0.629869818687439 0.636703073978424 0.637595295906067 0.63163810968399 0.62953919172287 0.627335786819458 0.626592457294464 -3.4e+38 -3.4e+38 -3.4e+38 -3.4e+38
0.512310981750488 0.490891635417938 0.49321660399437 0.503869712352753 0.504447042942047 0.506624817848206 0.525778114795685 0.551690220832825 0.568008482456207 0.56588339805603 0.576174378395081 0.586714506149292 0.587573051452637 0.591393291950226 0.594200909137726 0.583627223968506 0.569542288780212 0.571363985538483 0.559604525566101 0.540416717529297 0.53176486492157 0.529117107391357 0.536504030227661 0.539707481861115 0.528346657752991 0.552129328250885 0.584000766277313 0.598476409912109 0.609308063983917 0.616963624954224 0.616214156150818 0.616617739200592 0.624784052371979 0.6253901720047 0.623278737068176 0.630545735359192 0.639885902404785 0.637557804584503 0.633685111999512 0.630430698394775 0.635376930236816 -3.4e+38 -3.4e+38 -3.4e+38 -3.4e+38 -3.4e+38 -3.4e+38 -3.4e+38 -3.4e+38
0.487722396850586 0.474933266639709 0.478522330522537 0.486110538244247 0.475969761610031 0.485235989093781 0.526863574981689 0.550342202186584 0.547985255718231 0.537107467651367 0.540593266487122 0.55718457698822 0.570907652378082 0.580841362476349 0.592498064041138 0.584374368190765 0.567929148674011 0.565737903118134 0.549141466617584 0.523800373077393 0.513854265213013 0.520461082458496 0.528382241725922 0.533434808254242 0.543095469474792 0.571862936019897 0.599648058414459 0.61653733253479 0.622880756855011 0.618232846260071 0.61283278465271 0.61839097738266 0.628531932830811 0.623121917247772 0.62302303314209 -3.4e+38 -3.4e+38 -3.4e+38 -3.4e+38 -3.4e+38 -3.4e+38 -3.4e+38 -3.4e+38 -3.4e+38 -3.4e+38 -3.4e+38 -3.4e+38 -3.4e+38 -3.4e+38
