data/1_raw/trimmed_ndre/W_ndre.430.2015_no_clouds.asc
NCOLS 130 
NROWS 71 
XLLCORNER 530645 
YLLCORNER 5158205 
CELLSIZE 5 
NODATA_value -3.4e+38 
[rows 42 to 62 of 71, columns 49 to 97 of 130]
0.18482181429863 0.179974913597107 0.178189486265182 0.179074719548225 0.17598032951355 0.17089581489563 0.174550577998161 0.212032496929169 0.233122706413269 0.240009322762489 0.236895456910133 0.224719643592834 0.222642034292221 0.227175563573837 0.229898691177368 0.210325732827187 0.2022874802351 0.210683822631836 0.217008724808693 0.224956259131432 0.227124586701393 0.217383354902267 0.204781055450439 0.198294818401337 0.199360147118568 0.211764007806778 0.225170016288757 0.219645470380783 0.202592626214027 0.207163065671921 0.215160936117172 0.204011276364326 0.178498834371567 0.190089032053947 0.1955406665802 0.194196745753288 0.196544721722603 0.187418088316917 0.181858867406845 0.18207785487175 0.180528983473778 0.200582161545753 0.21319155395031 0.205042093992233 0.187260940670967 0.183973386883736 0.189477205276489 0.187875226140022 0.179705023765564
0.18222650885582 0.177439287304878 0.174292057752609 0.179759502410889 0.188408330082893 0.194036796689034 0.200570479035378 0.220322445034981 0.239301353693008 0.246537119150162 0.241644963622093 0.225594997406006 0.220256745815277 0.222520783543587 0.224378660321236 0.206224590539932 0.200718805193901 0.207629323005676 0.217574298381805 0.228868633508682 0.232664331793785 0.227008670568466 0.215732723474503 0.21349923312664 0.212783992290497 0.21386444568634 0.219852343201637 0.211362898349762 0.194876328110695 0.187150657176971 0.202986165881157 0.198319166898727 0.179511874914169 0.181116625666618 0.187201574444771 0.192587465047836 0.194870427250862 0.173686474561691 0.162902250885963 0.163975566625595 0.172619342803955 0.201613113284111 0.217367693781853 0.212721034884453 0.192816615104675 0.187883868813515 0.187954872846603 0.192727833986282 0.205843597650528
0.173024788498878 0.178403541445732 0.17679201066494 0.18275511264801 0.197087004780769 0.203136175870895 0.202173426747322 0.208223834633827 0.227038890123367 0.235006883740425 0.233262553811073 0.225178942084312 0.217838704586029 0.216437593102455 0.21519161760807 0.208432152867317 0.19926729798317 0.198770731687546 0.206976532936096 0.221073314547539 0.230139255523682 0.232469439506531 0.229256525635719 0.228499934077263 0.222672060132027 0.211761832237244 0.202568933367729 0.199950516223907 0.19343638420105 0.191046893596649 0.204265773296356 0.202003940939903 0.185295298695564 0.171802788972855 0.181811898946762 0.18338343501091 0.182296320796013 0.17278790473938 0.168456986546516 0.176798164844513 0.194359213113785 0.211454525589943 0.214595720171928 0.207183092832565 0.194563984870911 0.193802639842033 0.192390844225883 0.18912473320961 0.187837988138199
0.167398989200592 0.183363914489746 0.180063784122467 0.184380009770393 0.194210365414619 0.197748586535454 0.186589166522026 0.187416568398476 0.205429494380951 0.224307656288147 0.224389001727104 0.220780968666077 0.217274248600006 0.21623033285141 0.210718631744385 0.202453643083572 0.193693146109581 0.204127386212349 0.206505164504051 0.210492745041847 0.21941602230072 0.225246489048004 0.2257209867239 0.223413035273552 0.219699680805206 0.201644033193588 0.185487240552902 0.194157123565674 0.196489363908768 0.2003193795681 0.207247227430344 0.205051645636559 0.189275816082954 0.179095596075058 0.189247906208038 0.176863446831703 0.178006872534752 0.185620009899139 0.194580614566803 0.204438418149948 0.214399591088295 0.217350482940674 0.207142055034637 0.192752152681351 0.185283616185188 0.186316847801208 0.18639275431633 0.187895879149437 0.182696372270584
0.169917866587639 0.184381484985352 0.182972952723503 0.186624974012375 0.188671827316284 0.186938166618347 0.177233979105949 0.177220746874809 0.193061202764511 0.214602634310722 0.211587116122246 0.213186547160149 0.218896016478539 0.22414742410183 0.216256082057953 0.201479241251945 0.191782683134079 0.211399108171463 0.211624756455421 0.20973764359951 0.219978794455528 0.224732607603073 0.215719029307365 0.207829222083092 0.208597347140312 0.196223467588425 0.189832672476768 0.195451244711876 0.200710520148277 0.208091616630554 0.206573873758316 0.195029780268669 0.19509944319725 0.197450444102287 0.197267353534698 0.177765116095543 0.182641386985779 0.194879740476608 0.199673399329185 0.189621314406395 0.20200027525425 0.207208245992661 0.194984599947929 0.175192251801491 0.1702601313591 0.176228925585747 0.184497743844986 0.194164976477623 0.187715634703636
0.168431639671326 0.177193328738213 0.180092766880989 0.186342254281044 0.184269279241562 0.182476416230202 0.180992618203163 0.176968425512314 0.186695367097855 0.200157821178436 0.197373583912849 0.199543952941895 0.205175593495369 0.210606813430786 0.205920934677124 0.197138234972954 0.187725648283958 0.186860322952271 0.190399035811424 0.197800397872925 0.209126070141792 0.217458873987198 0.203589484095573 0.19882932305336 0.204249411821365 0.191048055887222 0.183589413762093 0.191827267408371 0.206161946058273 0.213042184710503 0.202317744493484 0.192492410540581 0.206413790583611 0.207289010286331 0.201441630721092 0.187457785010338 0.183882564306259 0.186745762825012 0.185218691825867 0.174439504742622 0.187598153948784 0.190554574131966 0.182314395904541 0.171222805976868 0.1723662763834 0.174314320087433 0.180555164813995 0.194541662931442 0.192041486501694
0.169924393296242 0.171327024698257 0.173716738820076 0.178914114832878 0.173816710710526 0.17622983455658 0.180750355124474 0.179330319166183 0.179269850254059 0.184985116124153 0.189413338899612 0.190341472625732 0.191933646798134 0.191114753484726 0.187357217073441 0.191513210535049 0.1904476583004 0.186366856098175 0.184208944439888 0.185201585292816 0.194114848971367 0.204054787755013 0.203314185142517 0.211882367730141 0.214037373661995 0.199967488646507 0.184159502387047 0.194117933511734 0.215544566512108 0.220494031906128 0.205848127603531 0.194337517023087 0.199476033449173 0.198156639933586 0.200310528278351 0.193456083536148 0.181361317634583 0.18223637342453 0.183134883642197 0.178799152374268 0.182150155305862 0.180730253458023 0.174012839794159 0.168534636497498 0.175599634647369 0.173163637518883 0.169772833585739 0.171500131487846 0.174153998494148
0.174340143799782 0.172994837164879 0.174647644162178 0.175959229469299 0.170671880245209 0.172692537307739 0.179844707250595 0.182086765766144 0.173092186450958 0.181353256106377 0.187921136617661 0.185896649956703 0.182024866342545 0.174653604626656 0.173579305410385 0.188014447689056 0.193885385990143 0.190850928425789 0.183836489915848 0.177717044949532 0.18379370868206 0.191831156611443 0.196142926812172 0.207506194710732 0.211315423250198 0.207095175981522 0.199928164482117 0.201766178011894 0.200391620397568 0.197133719921112 0.198077633976936 0.188497290015221 0.177952095866203 0.174811124801636 0.186320036649704 0.187805816531181 0.183152481913567 0.185784190893173 0.196560814976692 0.197056591510773 0.18514820933342 0.175672933459282 0.167217433452606 0.166903048753738 0.175361290574074 0.173834338784218 0.168600127100945 0.166209563612938 0.171907305717468
0.176933899521828 0.176394253969193 0.173533722758293 0.174272075295448 0.173067778348923 0.170586600899696 0.181195959448814 0.181553542613983 0.16946043074131 0.18004547059536 0.184572845697403 0.182659283280373 0.177069813013077 0.168720170855522 0.172428846359253 0.186370998620987 0.19363622367382 0.192152991890907 0.185997113585472 0.18115097284317 0.182653546333313 0.184545949101448 0.187440142035484 0.193127006292343 0.19237944483757 0.191031605005264 0.190007463097572 0.188097089529037 0.181348398327827 0.177928671240807 0.186460062861443 0.188465461134911 0.188512668013573 0.184419453144073 0.182654485106468 0.183938324451447 0.188101902604103 0.191149055957794 0.187988176941872 0.188610956072807 0.183574423193932 0.174715965986252 0.166499644517899 0.166480183601379 0.171424090862274 0.174756065011024 0.178429201245308 0.17829629778862 0.181401118636131
0.173183485865593 0.174472704529762 0.170705497264862 0.175919383764267 0.176222145557404 0.170014172792435 0.180291131138802 0.174904704093933 0.167428836226463 0.177261516451836 0.178624093532562 0.179304167628288 0.178845852613449 0.173833385109901 0.176928088068962 0.183783903717995 0.187623411417007 0.186312049627304 0.180245876312256 0.177355796098709 0.181126654148102 0.181858524680138 0.18242472410202 0.18255116045475 0.17862494289875 0.176029533147812 0.17768107354641 0.179673433303833 0.178042769432068 0.176247671246529 0.176715180277824 0.177345529198647 0.184426128864288 0.18507981300354 0.181105136871338 0.183012142777443 0.190023586153984 0.190432652831078 0.183914706110954 0.19146640598774 0.189124122262001 0.180330157279968 0.172841846942902 0.17320305109024 0.172352865338326 0.176263481378555 0.191662415862083 0.192011803388596 0.190193295478821
0.172832027077675 0.174479126930237 0.171284586191177 0.178119823336601 0.178086146712303 0.172866821289062 0.173412173986435 0.168603837490082 0.168747827410698 0.175461739301682 0.176757112145424 0.177834615111351 0.176392078399658 0.173864662647247 0.17786768078804 0.179769411683083 0.179866775870323 0.177625820040703 0.168634295463562 0.169696271419525 0.177659764885902 0.182643055915833 0.184181466698647 0.181482270359993 0.174545407295227 0.169114604592323 0.17425212264061 0.183060020208359 0.188533306121826 0.184758692979813 0.1748386323452 0.168753266334534 0.177252233028412 0.182604372501373 0.18426650762558 0.187954023480415 0.194006949663162 0.188305273652077 0.183853477239609 0.195349365472794 0.196633696556091 0.184176072478294 0.168920874595642 0.168444365262985 0.165158867835999 0.175917953252792 0.195560336112976 0.188064604997635 0.183129146695137
0.179270356893539 0.179305046796799 0.178705185651779 0.187965005636215 0.194330513477325 0.178117632865906 0.163839474320412 0.169195964932442 0.175491273403168 0.181509777903557 0.182602539658546 0.178167045116425 0.170742437243462 0.168394505977631 0.175878062844276 0.177508652210236 0.179136723279953 0.176267683506012 0.163253948092461 0.163892835378647 0.171530336141586 0.179278895258904 0.18094564974308 0.179024428129196 0.174242332577705 0.169928655028343 0.177698642015457 0.184558629989624 0.187462672591209 0.183397263288498 0.16845828294754 0.163831174373627 0.174133971333504 0.18802085518837 0.191685572266579 0.189856514334679 0.188497096300125 0.17993950843811 0.178462773561478 0.183026686310768 0.181656301021576 0.173744261264801 0.169329538941383 0.171420097351074 0.16396227478981 0.174565270543098 0.18608820438385 0.176286235451698 0.173892423510551
0.185647130012512 0.186404913663864 0.18177655339241 0.182061463594437 0.191433504223824 0.172846153378487 0.160900115966797 0.172244414687157 0.176004767417908 0.183905526995659 0.186968863010406 0.180448278784752 0.167987406253815 0.170207560062408 0.179271563887596 0.178395077586174 0.184022009372711 0.180198103189468 0.167500510811806 0.164360746741295 0.167778521776199 0.171570897102356 0.172439485788345 0.178866311907768 0.177746146917343 0.174441367387772 0.175161734223366 0.169941127300262 0.171020284295082 0.173220351338387 0.161887615919113 0.164725974202156 0.17656797170639 0.188341066241264 0.192242607474327 0.186536580324173 0.177228152751923 0.166800707578659 0.164772883057594 0.162618547677994 0.160032793879509 0.163253948092461 0.176598593592644 0.186697080731392 0.183419972658157 0.178776115179062 0.176352366805077 0.17100028693676 0.168924748897552
0.180405005812645 0.183287858963013 0.173906177282333 0.165929406881332 0.165524035692215 0.167586892843246 0.17845730483532 0.185943767428398 0.181419596076012 0.192790418863297 0.193061172962189 0.187349125742912 0.177661657333374 0.188700392842293 0.187499776482582 0.176746025681496 0.190503254532814 0.184921368956566 0.175109446048737 0.17160527408123 0.17300009727478 0.169629037380219 0.168884485960007 0.183801501989365 0.184459343552589 0.181007474660873 0.17615632712841 0.159371092915535 0.158621042966843 0.16315296292305 0.162588015198708 0.166905716061592 0.172123894095421 0.17906080186367 0.185993626713753 0.179601743817329 0.17107330262661 0.165871679782867 0.168766364455223 0.161028504371643 0.153912857174873 0.16009022295475 0.182181239128113 0.190144345164299 0.18200558423996 0.169435620307922 0.169770419597626 0.171192720532417 0.169300615787506
0.175728499889374 0.176697835326195 0.167223662137985 0.159332484006882 0.160919263958931 0.171844601631165 0.183785006403923 0.187022536993027 0.18732151389122 0.208113357424736 0.201396256685257 0.193138554692268 0.189527437090874 0.19694384932518 0.186400607228279 0.175567865371704 0.193826138973236 0.184641391038895 0.178183615207672 0.178882449865341 0.183010414242744 0.175164446234703 0.175475046038628 0.185841277241707 0.188384458422661 0.183480858802795 0.174696132540703 0.160201206803322 0.161902189254761 0.168133646249771 0.173341572284698 0.174783617258072 0.169712468981743 0.16940538585186 0.175317823886871 0.174325242638588 0.177839294075966 0.181492567062378 0.184430107474327 0.173645034432411 0.164700239896774 0.162283450365067 0.168636605143547 0.166190415620804 0.16529244184494 0.16416272521019 0.168585300445557 0.1782186627388 0.179828107357025
0.175037994980812 0.176742747426033 0.172834426164627 0.168845787644386 0.170711606740952 0.177134439349174 0.1803909689188 0.178831219673157 0.183965906500816 0.195951759815216 0.185994505882263 0.192504346370697 0.195671826601028 0.189450323581696 0.186609715223312 0.181582361459732 0.182561114430428 0.181310743093491 0.178138077259064 0.183043405413628 0.19051131606102 0.180139005184174 0.179084241390228 0.186245709657669 0.191712334752083 0.179436087608337 0.173728078603745 0.170650511980057 0.174159571528435 0.175949186086655 0.179229512810707 0.179563269019127 0.170838803052902 0.165819630026817 0.168397083878517 0.176951035857201 0.189186975359917 0.193813160061836 0.193826138973236 0.185536816716194 0.179239317774773 0.172536760568619 0.165459245443344 0.151382133364677 0.15741066634655 0.168305352330208 0.173064693808556 0.186425894498825 0.184913486242294
0.185901492834091 0.188688695430756 0.178424373269081 0.172882065176964 0.175154581665993 0.17825174331665 0.178256466984749 0.175199300050735 0.181305378675461 0.184873536229134 0.176699861884117 0.194356188178062 0.194996491074562 0.184135213494301 0.181957423686981 0.174789264798164 0.175437539815903 0.181171089410782 0.176006183028221 0.177154660224915 0.181038215756416 0.179381623864174 0.184274554252625 0.18895548582077 0.18978177011013 0.173466593027115 0.184622377157211 0.191330015659332 0.186913207173347 0.175069525837898 0.175453513860703 0.176482960581779 0.171028107404709 0.167256817221642 0.171816095709801 0.182891234755516 0.194550663232803 0.187845885753632 0.180085554718971 0.177047044038773 0.181807264685631 0.182369872927666 0.173041597008705 0.156366065144539 0.160808205604553 0.169285252690315 0.175783738493919 -3.4e+38 -3.4e+38
0.191699326038361 0.186344012618065 0.176189050078392 0.171429201960564 0.173324301838875 0.174451753497124 0.177570343017578 0.181801751255989 0.190540656447411 0.186856001615524 0.181384459137917 0.196135610342026 0.193357586860657 0.18553614616394 0.180555790662766 0.173678174614906 0.176918536424637 0.183791786432266 0.183077037334442 0.177366763353348 0.179614216089249 0.185007691383362 0.192529022693634 0.187478095293045 0.181957423686981 0.176119655370712 0.18647800385952 0.190695956349373 0.184981927275658 0.168044596910477 0.164550572633743 0.169409736990929 0.174428954720497 0.174906939268112 0.180641382932663 0.187371015548706 0.189243733882904 0.170370131731033 0.163957953453064 0.16686062514782 0.177007406949997 0.187129035592079 0.184352606534958 0.171079024672508 0.162904351949692 0.166323408484459 -3.4e+38 -3.4e+38 -3.4e+38
0.183723822236061 0.178374737501144 0.174143105745316 0.172640025615692 0.175463736057281 0.172572299838066 0.176922962069511 0.186710715293884 0.198929369449615 0.196393355727196 0.18914906680584 0.187243595719337 0.18806628882885 0.188006639480591 0.184418112039566 0.180298864841461 0.180697813630104 0.190362676978111 0.195119515061378 0.184796929359436 0.18812458217144 0.192348569631577 0.19430410861969 0.176142796874046 0.167860433459282 0.16729325056076 0.172870114445686 0.172392353415489 0.175815179944038 0.175683781504631 0.169416129589081 0.167410045862198 0.173439875245094 0.180909186601639 0.188287645578384 0.18983456492424 0.186343297362328 0.174029752612114 0.172349736094475 0.168754234910011 0.16964103281498 0.177363723516464 0.181448355317116 0.176107913255692 0.166430085897446 -3.4e+38 -3.4e+38 -3.4e+38 -3.4e+38
0.176566928625107 0.175266921520233 0.181968510150909 0.184144258499146 0.18144066631794 0.172987878322601 0.175408735871315 0.182646736502647 0.19003738462925 0.187854364514351 0.180685147643089 0.176980450749397 0.181754350662231 0.192377999424934 0.189613685011864 0.182613626122475 0.179826334118843 0.194887667894363 0.198484480381012 0.191079527139664 0.197324454784393 0.181466266512871 0.168117374181747 0.162901446223259 0.16447651386261 0.160498216748238 0.156949654221535 0.155183628201485 0.17184342443943 0.180464133620262 0.175908535718918 0.167608723044395 0.169577151536942 0.17878594994545 0.187572225928307 0.18418861925602 0.178932294249535 0.177271366119385 0.185255885124207 0.179617062211037 0.17141492664814 -3.4e+38 -3.4e+38 -3.4e+38 -3.4e+38 -3.4e+38 -3.4e+38 -3.4e+38 -3.4e+38
0.17782786488533 0.176124006509781 0.189277872443199 0.18962924182415 0.182554244995117 0.173145070672035 0.172935634851456 0.17077462375164 0.174265429377556 0.180715963244438 0.179802402853966 0.176495745778084 0.180356994271278 0.195592433214188 0.185318782925606 0.176490008831024 0.176132380962372 0.190338656306267 0.189229175448418 0.187478482723236 0.193760454654694 0.171064272522926 0.15888686478138 0.162077635526657 0.173248574137688 0.166220918297768 0.152499720454216 0.144885614514351 0.161653354763985 0.175889521837234 0.179430648684502 0.173407793045044 0.169286578893661 0.168335095047951 0.174377873539925 -3.4e+38 -3.4e+38 -3.4e+38 -3.4e+38 -3.4e+38 -3.4e+38 -3.4e+38 -3.4e+38 -3.4e+38 -3.4e+38 -3.4e+38 -3.4e+38 -3.4e+38 -3.4e+38
